-1
-2
-3
0
-4
-12
-13
-13
-13
-9
-6
-5
-2
1
-1
-2
2
2
4
9
10
11
9
7
7
5
3
-1
-1
1
0
0
-1
-5
-9
-8
-4
-5
-5
-6
-7
-9
-5
1
3
3
2
1
-1
0
6
9
6
5
7
6
3
7
10
6
3
5
2
-3
-3
-3
-8
-10
-6
-5
-7
-4
-3
-9
-11
-8
-5
-3
4
7
3
-2
0
3
3
6
11
12
8
6
8
7
3
4
6
1
-2
2
1
-1
-1
1
-3
-6
-3
-1
1
2
2
-1
-2
-3
-1
-1
-1
-3
-4
-6
-9
-7
-6
-1
-1
-2
-1
-3
-4
-2
4
9
9
5
4
5
3
2
5
11
14
10
6
4
1
1
2
1
1
1
-3
-10
-13
-11
-9
-8
-8
-9
-11
-12
-14
-14
-9
-4
-1
1
1
0
0
3
8
12
15
18
17
15
13
13
13
15
16
15
11
6
-1
-4
-5
-5
-7
-8
-10
-10
-11
-12
-13
-12
-9
-4
0
1
-1
-2
-2
1
3
7
7
6
5
3
2
2
4
5
3
3
-1
-1
-1
0
0
-1
-1
-1
-1
-1
0
1
-1
0
-1
-1
-1
-1
-1
-1
-1
-1
-2
-2
-2
-2
-1
-3
-1
-1
-1
-1
0
0
1
1
2
1
2
2
3
3
3
2
3
4
3
3
3
4
2
2
1
0
0
0
-1
0
-1
-1
-2
-3
-3
-3
0
0
2
1
0
0
0
0
0
1
2
3
3
2
0
1
0
1
-1
0
0
-2
-3
-3
-2
-2
-1
0
-1
0
0
-1
0
0
0
1
1
1
1
0
1
2
2
3
3
3
2
2
1
0
0
1
0
2
1
-1
-2
-1
-1
0
-1
1
-1
-3
-1
0
-1
0
0
0
0
-1
0
1
1
1
2
1
1
1
2
2
2
3
0
0
0
-1
0
0
1
0
1
2
1
0
0
1
-1
0
0
0
-1
-1
0
0
-1
0
1
0
-1
0
1
1
1
1
1
0
0
-1
-1
-1
1
2
2
2
2
1
1
1
1
2
1
0
1
2
0
1
0
-1
-1
-2
-2
-2
-1
-1
-1
-1
-2
0
-1
0
0
1
2
1
1
0
-1
0
2
1
3
3
2
1
0
-1
-1
0
0
0
2
0
0
1
0
0
1
1
0
-1
-1
-2
-1
0
0
1
1
1
1
2
0
1
1
1
0
1
0
0
0
1
1
1
0
0
-1
-1
0
1
1
2
2
2
0
0
0
1
1
0
0
0
0
-1
0
1
0
-1
0
0
0
0
-1
0
0
0
0
0
-1
-1
0
0
0
0
1
0
0
0
0
-1
0
0
0
0
0
0
0
0
1
0
-1
0
0
-1
0
0
0
0
0
0
0
0
0
0
0
1
0
0
0
0
-1
-1
0
-1
0
0
0
-1
0
0
0
0
1
1
-1
0
0
-1
-1
0
0
-1
0
0
-1
0
0
-1
1
-1
0
0
-1
0
0
0
0
0
0
0
1
0
0
-1
1
1
0
0
0
0
0
0
0
0
0
1
0
0
0
0
0
0
-1
0
0
-1
0
0
1
0
0
1
0
0
0
1
0
0
0
0
0
0
1
-1
0
0
0
1
0
-1
0
0
0
0
0
-1
0
0
0
0
1
0
0
1
0
0
0
1
0
0
0
0
0
1
0
0
0
0
0
0
0
1
0
0
0
0
-1
0
0
-1
-1
0
-1
0
0
0
1
1
0
0
0
-1
1
0
0
0
0
1
0
1
0
0
1
1
0
0
0
0
0
-1
0
0
0
-1
0
0
1
0
0
0
0
1
0
1
0
0
0
0
-1
0
0
0
0
0
-1
0
0
0
1
1
0
0
-1
0
0
1
0
0
-1
1
0
0
0
0
-1
0
0
0
0
0
0
0
0
0
0
0
1
0
0
0
-1
0
1
0
0
1
-1
0
-1
-1
0
0
0
0
0
0
0
0
-1
0
-1
1
0
1
1
0
0
0
0
0
0
0
0
0
0
0
0
0
0
1
0
-1
0
0
0
0
0
0
-1
0
0
-1
0
0
0
0
0
0
0
1
1
0
0
0
0
0
0
0
-1
0
0
0
0
0
0
-1
-1
0
0
0
0
0
1
0
1
-1
0
0
-1
0
0
0
1
0
0
0
0
0
0
0
1
0
1
0
0
0
-1
-1
0
0
0
0
1
0
-1
0
0
0
0
1
0
-1
0
0
0
0
0
1
0
0
0
0
0
0
0
0
0
0
1
0
0
0
0
0
0
0
0
0
0
0
0
0
-1
-1
0
0
0
-1
-1
-1
-1
1
2
0
0
0
1
2
2
1
0
0
0
0
0
0
0
0
0
0
0
-1
0
0
1
0
0
-1
1
0
0
0
0
0
0
0
0
0
0
-1
1
0
0
-1
0
0
0
1
0
-1
0
0
0
0
0
0
0
0
-1
0
-1
0
-1
-1
0
0
0
1
-1
0
1
3
3
3
0
-2
-1
1
2
1
0
-2
-3
-4
-5
-4
-3
1
5
8
9
9
9
10
10
11
12
13
11
5
0
-8
-17
-23
-29
-32
-32
-32
-34
-35
-36
-34
-25
-11
8
29
47
59
60
58
51
45
40
37
34
27
15
-5
-26
-49
-67
-76
-78
-68
-57
-45
-32
-24
-18
-8
6
29
53
75
87
87
75
57
33
16
2
-5
-9
-15
-25
-38
-56
-71
-80
-76
-62
-39
-16
3
15
20
23
23
29
39
52
64
69
65
49
26
1
-19
-31
-36
-35
-32
-32
-35
-41
-48
-50
-45
-30
-10
13
30
41
44
40
33
28
25
26
29
28
24
13
-3
-19
-31
-36
-33
-25
-17
-9
-5
-5
-7
-7
-6
0
8
17
23
24
22
16
11
7
8
10
12
13
13
7
3
-4
-9
-11
-9
-5
3
7
10
8
6
3
1
3
5
10
14
13
9
3
-5
-12
-17
-16
-12
-7
-2
0
0
-4
-9
-17
-21
-20
-15
-8
-3
1
0
-3
-8
-10
-7
-2
8
17
21
16
4
-13
-26
-36
-36
-26
-16
-7
-8
-16
-30
-41
-44
-32
-8
22
48
60
55
35
12
-9
-16
-8
11
27
33
23
0
-29
-50
-56
-39
-10
22
42
45
30
6
-16
-25
-13
12
40
60
62
42
12
-20
-40
-38
-19
10
34
41
30
3
-27
-43
-39
-18
13
40
52
43
22
-5
-23
-26
-11
12
32
39
29
7
-17
-29
-25
-5
18
36
40
27
5
-16
-28
-26
-13
4
14
9
-8
-29
-45
-47
-34
-12
7
15
10
-8
-26
-34
-24
-1
30
49
49
27
-10
-43
-61
-57
-33
-5
12
7
-18
-56
-84
-88
-62
-13
39
74
74
48
6
-26
-33
-11
33
75
97
82
33
-32
-88
-110
-94
-43
17
59
66
37
-11
-52
-61
-31
31
98
142
145
102
33
-34
-71
-69
-30
21
58
58
20
-40
-94
-118
-98
-40
29
86
105
85
38
-11
-41
-33
3
52
86
92
61
6
-53
-91
-96
-66
-23
19
34
21
-13
-50
-71
-65
-36
9
49
70
62
32
-7
-34
-40
-24
4
30
39
28
-1
-35
-61
-66
-52
-22
7
26
26
11
-11
-30
-35
-27
-5
19
36
39
29
10
-6
-18
-18
-8
7
19
25
21
8
-6
-20
-29
-30
-24
-13
1
10
13
12
7
0
-6
-4
6
19
35
42
38
21
-1
-20
-30
-25
-10
11
29
35
25
2
-22
-38
-37
-20
10
35
48
44
22
-5
-26
-30
-15
14
43
59
52
27
-11
-42
-55
-46
-18
13
34
37
16
-15
-44
-56
-44
-16
19
43
48
31
0
-31
-49
-44
-21
12
36
42
26
-6
-39
-57
-55
-33
-2
27
39
29
4
-24
-42
-39
-19
13
37
49
40
13
-16
-37
-41
-24
2
26
38
29
6
-20
-39
-39
-21
6
31
41
34
13
-11
-27
-28
-13
12
35
42
37
16
-7
-25
-28
-16
5
25
37
32
13
-9
-27
-33
-23
-4
15
27
28
15
-3
-19
-25
-20
-2
17
27
27
15
-3
-16
-23
-18
-6
11
21
23
14
-1
-17
-24
-21
-10
5
16
20
16
5
-6
-14
-16
-10
-1
8
13
11
5
-1
-8
-9
-5
3
11
14
12
7
0
-7
-10
-11
-8
-5
-1
-1
-1
-4
-7
-10
-10
-8
-2
4
10
15
13
10
6
1
-3
-4
-4
-2
-3
-2
-3
-6
-10
-13
-10
-6
-1
4
7
7
5
4
2
-1
0
1
3
4
6
4
0
-3
-7
-6
-5
-3
0
2
3
2
0
-3
-4
-4
0
5
8
9
7
5
2
-1
-4
-2
-1
3
4
6
4
1
-1
-1
-1
0
1
1
0
1
-1
-2
-1
0
1
3
3
4
4
5
5
5
4
2
1
0
0
-1
0
-2
-3
-6
-8
-10
-10
-8
-6
-3
-1
0
0
-1
-2
-1
1
4
6
8
8
7
3
-1
-3
-7
-8
-7
-5
-3
-1
-1
0
-1
0
1
4
5
6
5
6
4
3
0
-2
-2
-2
-1
0
-2
-2
-1
-3
-4
-2
-1
2
4
4
4
2
0
1
0
1
3
4
4
2
0
0
0
0
1
3
3
2
2
1
0
1
1
1
1
2
2
1
0
0
-1
-2
-1
-1
1
0
2
2
2
2
1
-1
0
-1
0
0
-1
-1
-2
-2
-4
-2
-4
-2
-2
0
0
1
1
0
0
-2
-2
-2
-4
-4
-4
-4
-4
-4
-3
-3
-3
-2
-1
0
1
1
3
3
3
2
2
2
1
1
1
-1
-1
-2
-4
-4
-4
-3
-2
0
0
1
2
3
5
5
6
6
4
3
1
0
0
1
2
1
0
-1
-1
-2
-1
1
1
3
5
6
4
4
3
3
3
4
4
3
1
0
-2
-2
-2
-2
-1
0
0
-1
0
0
-1
-1
1
2
3
3
3
1
1
1
0
0
0
0
0
0
0
-2
0
-1
-1
0
2
1
2
1
0
-1
-2
-2
-1
0
-1
0
1
-1
-2
-2
0
0
1
1
1
-1
0
0
-1
0
2
1
1
0
-1
-2
-1
-1
0
0
1
1
1
1
1
1
1
1
1
1
1
-1
-1
0
-1
-1
1
1
2
0
1
-1
1
-1
1
1
2
2
3
3
0
0
0
-1
0
0
1
1
1
0
0
0
0
0
1
2
3
4
3
2
1
0
0
1
1
1
1
1
-1
-3
0
1
0
1
3
2
2
1
0
0
0
0
0
1
0
0
-1
-2
-3
-2
0
-1
1
1
2
1
0
0
0
0
0
0
1
1
0
-1
-1
-2
-2
-1
-1
-1
0
1
1
1
1
0
2
0
1
0
1
1
0
0
-2
-2
-2
-2
-1
0
0
1
1
1
1
0
0
0
1
1
2
3
2
2
1
0
-1
-1
0
-1
1
1
1
2
0
0
1
2
2
4
2
2
1
0
0
2
1
2
1
0
-1
-2
-1
-1
0
1
2
0
1
0
0
1
0
1
1
1
1
0
0
0
0
0
0
1
0
0
0
0
0
0
0
-1
0
0
0
0
0
0
-1
0
0
-1
0
0
0
-1
0
-1
0
1
1
2
3
1
1
0
-1
-1
0
1
1
2
1
0
0
0
0
0
2
2
3
2
0
0
1
0
0
0
0
0
0
0
-1
-1
0
0
0
1
0
-1
0
0
-1
0
0
0
-1
0
0
1
0
0
0
0
0
0
1
0
0
0
0
1
0
0
0
1
1
0
0
0
0
0
0
1
0
1
0
0
0
1
0
0
0
-1
1
1
0
-1
0
0
0
0
0
0
0
0
0
0
0
1
0
1
0
0
0
0
0
-1
0
1
0
0
-1
0
-1
0
0
-1
0
0
0
0
0
0
0
0
0
0
0
0
0
0
0
0
0
0
0
0
0
0
0
0
0
0
0
0
0
0
0
0
0
-1
0
0
0
0
0
0
0
-1
0
0
0
0
0
0
0
0
0
0
0
0
0
0
0
0
0
0
0
0
0
0
1
-1
0
0
0
0
0
0
0
1
0
0
0
0
0
-1
0
0
0
0
0
0
0
0
0
0
-1
-1
-1
-1
0
-1
0
0
0
0
0
0
-1
-1
0
-1
0
0
0
-1
0
0
0
0
0
0
0
1
0
0
0
0
0
0
0
0
0
0
1
1
0
0
0
0
0
0
0
0
0
0
0
1
0
0
0
0
0
1
1
0
0
0
0
0
-1
0
0
0
0
0
0
1
0
0
1
0
0
0
1
0
0
1
0
1
1
0
0
0
0
0
0
0
0
0
0
1
0
1
1
-1
0
0
0
0
0
0
0
0
0
0
0
1
0
0
1
0
0
0
1
0
0
0
-1
0
0
0
0
0
0
0
0
0
0
1
0
0
0
-1
-1
0
0
0
0
0
0
0
0
0
0
-1
0
1
0
0
0
0
0
0
0
-1
0
1
0
0
0
0
-1
0
-1
-1
0
0
0
0
1
0
0
0
0
0
0
0
0
1
1
0
1
-1
0
0
0
0
0
0
0
0
0
0
0
0
0
0
0
0
0
0
0
0
0
0
0
0
0
0
0
0
-1
1
0
1
0
0
1
0
0
0
0
0
1
-1
0
0
0
0
0
1
0
0
-1
0
0
0
0
1
0
0
1
-1
-1
0
0
0
0
0
0
0
0
0
0
0
-1
0
0
0
1
0
0
0
0
1
0
-1
-1
0
0
0
-1
0
0
0
0
0
-1
0
0
0
0
-1
0
0
0
0
0
0
0
0
0
0
0
0
0
0
-1
0
0
0
0
0
0
0
0
0
1
0
-1
0
0
0
0
0
0
0
0
0
0
0
0
0
0
0
0
0
0
0
-1
0
0
0
0
0
0
0
0
0
0
0
0
0
1
0
0
0
0
0
0
0
1
0
0
0
1
1
0
0
0
-1
1
1
0
0
0
0
0
0
0
1
0
0
0
1
0
0
0
0
0
-1
0
0
0
0
0
0
0
0
0
0
-1
-1
-1
0
0
0
0
-1
0
0
0
0
0
0
0
0
0
1
0
1
0
0
0
0
0
0
1
-1
0
1
-1
0
0
0
0
0
0
0
-1
0
0
0
-1
0
-1
0
0
0
0
0
-1
0
0
0
0
0
0
-1
0
0
0
0
0
0
0
0
-1
-1
0
0
0
0
0
1
0
0
0
0
0
-1
0
0
0
0
0
0
0
0
0
1
0
1
0
0
1
-1
1
0
0
0
-1
-1
0
0
0
-1
0
-1
0
0
0
-1
0
0
0
0
1
0
0
0
0
0
0
1
0
1
0
0
0
0
0
0
1
0
0
0
1
1
0
0
0
0
0
0
0
0
-1
1
0
0
0
0
0
0
0
1
0
0
-1
0
0
0
-1
-1
0
0
1
0
-1
0
0
0
0
0
0
-1
-1
0
0
-1
1
0
1
0
0
0
0
0
0
1
0
0
0
-1
0
0
0
0
0
1
-1
0
0
0
0
0
0
0
0
0
1
0
0
0
0
0
0
-1
0
0
-1
0
0
-1
0
0
0
0
0
0
0
0
1
0
0
-1
1
0
0
-1
-1
0
0
0
1
-1
0
0
0
-1
1
0
0
0
1
-1
0
0
0
0
0
0
0
0
0
0
0
-1
0
0
0
0
0
0
0
0
0
0
1
-1
0
0
-1
1
0
0
0
0
0
0
0
0
0
0
0
0
0
0
-1
0
0
0
0
0
0
0
-1
0
0
0
-1
0
0
-1
-1
0
0
0
0
0
1
1
-1
0
-1
0
0
0
0
0
0
0
0
1
0
0
0
0
-1
1
0
0
1
0
0
0
0
0
1
1
0
0
0
0
0
-1
0
-1
1
0
1
0
0
1
0
0
1
0
0
0
1
-1
-1
1
0
0
0
-1
0
0
1
0
0
0
0
0
0
-1
0
0
0
-1
0
0
1
1
-1
0
0
0
0
0
0
0
0
0
-1
1
0
0
1
0
0
0
0
1
-1
0
0
0
0
-1
1
0
0
-1
0
0
0
0
0
-1
0
-1
1
0
0
1
0
0
0
0
0
0
0
0
-1
0
0
0
1
0
1
0
0
0
0
-1
0
0
1
1
0
0
0
-1
-1
0
0
0
-1
0
0
1
0
1
0
0
1
0
0
1
0
0
0
0
0
0
0
0
0
0
0
-1
1
0
0
0
0
0
0
0
0
0
0
-1
0
-1
0
0
0
0
0
-1
0
0
0
1
0
0
0
0
0
0
0
0
0
-1
1
1
-1
0
0
0
0
0
0
0
0
0
0
0
0
0
-1
0
0
0
0
0
0
0
0
-1
0
0
0
0
-1
0
-1
0
0
0
0
0
-1
0
0
-1
0
0
0
1
0
0
0
0
0
0
1
0
0
0
0
0
1
0
0
0
1
1
0
0
0
0
0
0
0
0
1
1
1
0
0
-1
0
0
0
-1
-1
0
0
0
0
0
0
0
0
0
0
0
0
0
0
0
0
0
0
0
0
0
1
1
1
0
-1
0
0
0
0
0
0
1
-1
-1
0
0
0
0
0
1
0
-1
0
0
0
0
0
0
0
0
-1
0
0
0
0
1
0
0
0
0
0
-1
1
1
0
0
0
0
1
0
0
0
0
0
0
0
0
0
0
0
0
1
0
0
0
0
0
0
1
0
0
0
0
0
0
0
0
0
0
1
0
-1
0
0
0
0
-1
0
0
0
0
0
0
-1
0
0
-1
0
0
0
-1
1
0
0
0
0
0
0
0
0
0
0
0
0
0
-1
0
-1
0
0
0
0
0
0
0
0
0
1
0
0
0
0
0
0
0
0
0
0
0
1
0
0
0
0
0
0
0
0
0
-1
0
0
1
0
0
0
0
0
0
0
1
0
0
0
0
0
0
-1
0
1
0
0
0
0
0
0
0
0
-1
0
0
0
0
0
0
0
0
1
0
-1
0
1
0
0
-1
0
0
0
0
-1
0
0
0
0
1
0
0
0
0
0
0
0
0
-1
0
0
0
0
0
0
0
0
0
1
0
0
0
0
0
1
0
0
1
0
1
-1
0
0
0
0
0
0
0
0
-1
0
-1
-1
0
0
0
0
0
0
0
0
0
0
-1
0
-1
0
0
0
0
0
0
-1
0
0
0
0
0
0
0
0
0
0
0
0
0
0
0
0
0
1
1
0
-1
0
0
0
0
0
0
0
0
0
0
0
0
0
0
0
0
1
0
0
0
0
0
1
0
0
0
0
0
0
0
-1
-1
0
0
0
0
0
-1
-1
0
0
0
-1
1
0
0
-1
0
0
0
0
0
0
0
0
0
0
0
0
0
0
0
0
1
0
0
-1
0
0
0
0
0
0
1
0
0
-1
-1
0
0
0
0
-1
0
0
0
0
0
1
0
0
1
0
1
0
0
0
0
0
0
-1
0
0
0
0
0
0
1
0
0
0
0
0
0
-1
-1
0
-1
0
0
0
0
0
0
0
0
0
0
0
0
0
0
-1
0
0
0
0
1
0
0
0
0
0
0
0
0
0
0
-1
1
-1
0
0
0
0
0
0
0
0
1
0
1
0
0
0
1
-1
0
0
0
0
0
0
0
0
0
0
-1
0
0
0
0
1
1
0
1
0
0
0
0
0
0
0
0
0
0
-1
-1
-1
-1
0
0
0
0
0
-1
0
0
0
0
0
-1
0
-1
0
1
0
0
1
0
0
-1
0
-1
0
0
0
-1
0
1
-1
0
0
0
0
-1
0
1
0
-1
1
1
0
1
-1
0
0
1
0
0
-1
1
0
0
1
0
0
0
0
1
0
0
0
0
1
0
-1
0
-1
0
1
0
1
-1
0
1
0
0
0
0
0
-1
0
0
0
0
0
0
0
0
0
0
-1
0
1
0
1
0
-1
0
0
1
0
0
0
0
0
0
-1
0
-1
0
0
0
0
0
0
0
1
0
1
0
0
0
0
0
-1
0
0
0
0
0
-1
0
0
0
0
0
0
1
0
0
0
0
1
0
0
0
0
0
0
0
0
0
-1
0
1
0
0
0
0
0
0
0
0
0
0
0
0
0
0
0
-1
1
0
0
0
-1
0
0
0
1
0
0
0
-1
0
0
0
0
1
1
0
1
0
0
-1
0
-1
0
0
0
0
0
0
0
0
0
0
0
0
0
1
0
0
0
0
0
0
0
0
0
0
0
0
0
0
0
0
0
0
1
0
0
0
1
0
0
0
0
0
0
0
0
1
1
0
0
1
0
0
0
0
0
1
0
0
-1
1
0
-1
-1
0
0
0
0
0
1
0
1
0
0
0
1
0
-1
0
-1
0
0
-1
0
0
0
-1
0
0
0
0
0
0
0
0
1
-1
0
0
0
0
-1
0
0
0
0
0
1
0
0
0
0
0
0
0
0
1
1
0
0
0
0
0
0
0
0
0
1
0
-1
0
0
0
0
0
0
0
0
0
0
1
0
1
1
1
0
0
0
0
0
0
0
0
0
0
0
0
-1
0
0
0
-1
0
-1
0
0
0
0
0
0
0
-1
1
0
1
0
0
0
0
1
1
0
-1
0
1
-1
0
0
0
0
0
0
0
0
0
0
0
0
0
1
-1
0
0
0
0
0
0
0
-1
0
-1
0
0
0
0
0
-1
0
1
0
0
0
1
0
0
0
0
0
0
0
0
0
0
0
0
0
0
1
0
1
0
-1
-1
-1
0
0
0
0
0
0
0
-1
0
0
1
-1
0
1
0
0
0
0
0
0
0
-1
0
0
0
0
0
0
0
0
0
0
0
0
0
0
0
0
0
0
0
0
0
0
1
0
1
0
0
0
1
0
0
-1
1
0
-1
0
0
-1
0
0
0
0
-1
0
0
0
0
1
0
0
0
1
0
0
1
-1
0
0
0
0
0
0
-1
0
1
0
0
0
1
-1
0
0
0
-1
0
0
0
-1
0
1
0
-1
0
0
-1
-1
0
0
0
0
-1
-1
-1
0
0
0
0
0
0
0
0
0
1
0
-1
0
1
0
1
0
0
0
-1
0
0
0
0
0
0
-1
1
0
0
0
0
1
0
0
0
-1
0
1
0
0
0
0
0
0
0
0
0
0
-1
1
-1
0
1
0
0
0
0
0
0
0
0
0
0
0
0
0
0
0
1
0
0
0
0
-1
1
0
0
0
0
0
0
0
0
0
0
0
0
-1
0
0
0
-1
0
0
1
1
0
0
0
0
-1
0
1
0
-1
0
0
0
0
-1
0
0
0
0
0
-1
-1
0
0
0
0
1
0
0
0
0
-1
0
0
0
0
0
0
0
0
1
0
-1
0
0
-1
0
0
0
0
0
0
0
0
0
0
0
1
0
0
0
0
-1
-1
0
-1
0
0
0
-1
0
0
0
0
1
1
-1
0
0
-1
-1
0
0
-1
0
0
-1
0
0
-1
1
-1
0
0
-1
0
0
0
0
0
0
0
1
0
0
-1
1
1
0
0
0
0
0
0
0
0
0
1
0
0
0
0
0
0
-1
0
0
-1
0
0
1
0
0
1
0
0
0
1
0
0
0
0
0
0
1
-1
0
0
0
1
0
-1
0
0
0
0
0
-1
0
0
0
0
1
0
0
1
0
0
0
1
0
0
0
0
0
1
0
0
0
0
0
0
0
1
0
0
0
0
-1
0
0
-1
-1
0
-1
0
0
0
1
1
0
0
0
-1
1
0
0
0
0
1
0
1
0
0
1
1
0
0
0
0
0
-1
0
0
0
-1
0
0
1
0
0
0
0
1
0
1
0
0
0
0
-1
0
0
0
0
0
-1
0
0
0
1
1
0
0
-1
0
0
1
0
0
-1
1
0
0
0
0
-1
0
0
0
0
0
0
0
0
0
0
0
1
0
0
0
-1
0
1
0
0
1
-1
0
-1
-1
0
0
0
0
0
0
0
0
-1
0
-1
1
0
1
1
0
0
0
0
0
0
0
0
0
0
0
0
0
0
1
0
-1
0
0
0
0
0
0
-1
0
0
-1
0
0
0
0
0
0
0
1
1
0
0
0
0
0
0
0
-1
0
0
0
0
0
0
-1
-1
0
0
0
0
0
1
0
1
-1
0
0
-1
0
0
0
1
0
0
0
0
0
0
0
1
0
1
0
0
0
-1
-1
0
0
0
0
1
0
-1
0
0
0
0
1
0
-1
0
0
0
0
0
1
0
0
0
0
0
0
0
0
0
0
1
0
0
0
0
0
0
0
0
0
0
0
0
0
-1
-1
0
0
0
0
0
0
-1
0
0
-1
0
0
0
0
0
0
0
0
0
0
0
0
0
0
0
0
0
-1
0
0
1
0
0
-1
1
0
0
0
0
0
0
0
0
0
0
-1
1
0
0
-1
0
0
0
1
0
-1
0
0
0
0
0
0
0
1
-1
0
-1
0
-1
-1
0
0
0
1
0
0
0
0
0
1
0
-1
-1
0
0
0
0
0
0
0
-1
0
-1
0
1
0
0
0
0
1
0
0
0
0
0
-1
-1
0
0
0
0
-1
0
1
0
1
0
0
0
0
-1
0
0
0
-1
0
0
0
0
0
0
0
0
-1
0
0
0
1
0
1
0
-1
0
1
0
0
-1
0
0
0
0
0
0
1
0
1
0
0
0
0
0
1
0
1
0
0
0
1
0
0
0
0
0
-1
0
0
0
0
0
0
0
0
0
-1
0
0
0
0
0
0
0
0
0
0
1
0
1
0
0
1
0
0
1
0
0
1
0
0
1
0
0
0
0
0
0
0
0
0
0
0
1
0
0
-1
0
0
-1
0
-1
0
0
1
1
0
0
0
-1
0
0
0
0
0
0
1
0
0
-1
0
0
0
0
-1
0
1
0
0
0
0
0
-1
0
0
0
0
0
0
0
1
0
0
0
0
0
-1
0
0
0
0
0
1
0
0
0
0
0
0
0
1
0
-1
0
-1
1
0
0
0
0
-1
0
-1
0
0
0
0
-1
1
0
0
0
1
0
-1
0
1
1
0
-1
0
0
0
0
0
0
0
0
-1
0
0
0
0
1
-1
0
0
-1
0
0
0
0
0
1
1
0
0
0
-1
-1
0
0
0
1
0
0
0
0
0
0
1
0
0
-1
0
0
1
0
0
0
0
0
1
0
0
-1
0
0
0
0
0
0
0
0
1
0
0
0
0
0
0
0
0
1
0
0
0
0
0
0
-1
0
0
0
0
1
0
0
1
0
0
0
1
-1
0
-1
0
0
0
1
0
0
0
0
0
0
1
0
0
0
0
0
0
0
0
0
-1
0
0
0
1
0
0
0
1
0
0
0
0
0
0
0
0
0
0
1
0
1
0
-1
0
0
-1
0
0
0
-1
0
0
0
-1
0
-1
1
-1
1
0
0
0
0
0
1
0
1
0
0
0
0
0
0
0
0
0
0
0
1
0
0
-1
0
0
0
0
0
0
0
0
0
0
-1
0
0
1
0
0
-1
0
0
0
0
0
0
0
0
-1
0
1
0
0
0
0
1
0
0
0
0
0
-1
0
0
-1
0
0
0
0
0
0
0
0
0
0
0
1
1
1
1
0
0
-1
1
0
0
0
0
0
0
0
0
0
0
0
0
1
0
0
1
0
1
0
0
1
0
0
0
0
1
0
0
-1
0
0
1
1
0
0
-1
0
-1
-1
0
0
0
1
1
0
-1
0
1
0
0
0
0
1
0
1
-1
0
1
0
0
0
-1
0
0
0
1
0
-1
0
-1
-1
0
0
1
0
0
0
1
1
0
0
1
1
-1
0
-1
0
0
0
1
0
0
0
0
-1
0
0
-1
0
0
-1
-1
1
0
0
0
0
-1
0
1
0
0
0
-1
1
0
1
0
1
-1
0
0
0
-1
0
0
0
0
0
0
0
0
0
0
0
0
0
0
0
0
0
1
0
0
0
0
1
0
0
0
0
0
0
0
0
0
0
0
0
0
0
0
0
0
0
0
0
1
0
0
0
0
-1
0
0
1
0
0
0
0
0
-1
0
0
0
0
0
0
-1
0
0
-1
0
0
0
-1
0
0
0
0
-1
0
0
0
0
0
0
0
0
0
0
0
0
0
0
0
-1
0
0
0
-1
0
-1
0
-1
0
0
0
0
1
0
0
0
0
-1
1
0
0
0
0
0
1
0
0
0
0
0
0
1
0
0
0
0
-1
0
-1
0
0
0
0
0
0
0
0
0
0
0
0
0
0
0
0
0
1
0
1
1
0
1
0
0
0
0
0
1
0
1
0
0
0
1
0
0
-1
0
0
1
0
-1
0
0
0
0
-1
-1
1
0
0
1
0
0
1
0
0
0
-1
1
0
0
0
0
0
0
-1
0
0
0
0
0
0
0
0
0
0
0
0
0
0
0
0
0
0
0
0
-1
0
-1
0
-1
0
0
0
0
0
-1
0
-1
1
0
0
0
0
0
-1
0
-1
0
-1
0
0
0
0
-1
0
-1
0
1
0
0
0
0
0
0
1
0
0
0
0
0
0
-1
0
0
0
0
0
0
0
0
1
0
1
1
0
0
0
0
0
0
0
0
0
0
1
0
1
0
0
0
0
0
0
0
1
0
0
0
1
0
1
1
0
0
0
0
-1
0
0
1
0
0
0
0
0
0
0
0
0
0
0
0
0
-1
0
0
0
0
0
0
0
0
0
-1
0
1
0
0
0
0
0
0
0
-1
1
0
0
0
1
0
1
0
0
0
0
0
0
0
-1
0
1
0
0
0
1
0
0
0
0
-1
1
1
0
0
1
0
0
0
0
0
0
0
0
-1
0
0
0
0
1
0
0
0
0
0
0
-1
-1
1
0
0
1
0
0
-1
0
-1
1
0
1
0
0
0
0
1
-1
0
0
0
0
0
0
0
0
0
0
0
0
0
0
-1
0
0
0
0
1
0
0
0
0
0
0
0
0
-1
0
0
0
-1
0
0
1
0
-1
0
0
0
0
1
1
1
0
0
-1
0
0
-1
0
0
0
0
-1
0
0
0
0
0
0
1
0
0
0
0
0
1
0
0
0
0
0
0
0
-1
1
-1
0
-1
0
0
0
0
-1
0
0
0
0
0
0
0
0
0
1
0
0
0
0
0
0
0
0
0
0
0
0
0
0
-1
0
0
0
1
0
0
0
0
-1
0
-1
0
1
0
0
1
0
0
0
0
0
0
0
0
0
0
1
-1
0
-1
0
0
-1
0
0
0
0
-1
0
0
0
0
0
1
0
0
0
0
0
0
0
-1
0
0
0
0
0
0
-1
0
0
0
0
0
0
-1
0
-1
0
0
0
0
1
0
0
0
0
0
0
0
0
0
0
0
0
1
0
0
0
0
1
0
-1
0
1
0
0
0
0
0
0
0
-1
-1
0
0
0
1
0
-1
0
0
-1
0
0
0
-1
0
0
1
0
0
0
0
0
0
1
0
0
0
0
1
0
0
0
1
1
0
0
0
0
0
0
1
0
1
0
0
0
1
0
0
0
-1
1
1
0
-1
0
0
0
0
0
0
0
0
0
0
0
1
0
1
0
0
0
0
0
-1
0
1
0
0
-1
0
-1
0
0
-1
0
0
0
0
0
0
0
0
0
0
0
0
0
0
0
0
0
0
0
0
0
0
0
0
0
0
0
0
0
0
0
0
0
-1
0
0
0
0
0
0
0
-1
0
0
0
0
0
0
0
0
0
0
0
0
0
0
0
0
0
0
0
0
0
0
1
-1
0
0
0
0
0
0
0
1
0
0
0
0
0
-1
0
0
0
0
0
0
0
0
0
0
-1
-1
-1
-1
0
-1
0
0
0
0
0
0
-1
-1
0
-1
0
0
0
-1
0
0
0
0
0
0
0
1
0
0
0
0
0
0
0
0
0
0
1
1
0
0
0
0
0
0
0
0
0
0
0
1
0
0
0
0
0
1
1
0
0
0
0
0
-1
0
0
0
0
0
0
1
0
0
1
0
0
0
1
0
0
1
0
1
1
0
0
0
0
0
0
0
0
0
0
1
0
1
1
-1
0
0
0
0
0
0
0
0
0
0
0
1
0
0
1
0
0
0
1
0
0
0
-1
0
0
0
0
0
0
0
0
0
0
1
0
0
0
-1
-1
0
0
0
0
0
0
0
0
0
0
-1
0
1
0
0
0
0
0
0
0
-1
0
1
0
0
0
0
-1
0
-1
-1
0
0
0
0
1
0
0
0
0
0
0
0
0
1
1
0
1
-1
0
0
0
0
0
0
0
0
0
0
0
0
0
0
0
0
0
0
0
0
0
0
0
0
0
0
0
0
-1
1
0
1
0
0
1
0
0
0
0
0
1
-1
0
0
0
0
0
1
0
0
-1
0
0
0
0
1
0
0
1
-1
-1
0
0
0
0
0
0
0
0
0
0
0
-1
0
0
0
1
0
0
0
0
1
0
-1
-1
0
0
0
-1
0
0
0
0
0
-1
0
0
0
0
-1
0
0
0
0
0
0
0
0
0
0
0
0
0
0
-1
0
0
0
0
0
0
0
0
0
1
0
-1
0
0
0
0
0
0
0
0
0
0
0
0
0
0
0
0
0
0
0
-1
0
0
0
0
0
0
0
0
0
0
0
0
0
1
0
0
0
0
0
0
0
1
0
0
0
1
1
0
0
0
-1
1
1
0
0
0
0
0
0
0
1
0
0
0
1
0
0
0
0
0
-1
0
0
0
0
0
0
0
0
0
0
-1
-1
-1
0
0
0
0
-1
0
0
0
0
0
0
0
0
0
1
0
1
0
0
0
0
0
0
1
-1
0
1
-1
0
0
0
0
0
0
0
-1
0
0
0
-1
0
-1
0
0
0
0
0
-1
0
0
0
0
0
0
-1
0
0
0
0
0
0
0
0
-1
-1
0
0
0
0
0
1
0
0
0
0
0
-1
0
0
0
0
0
0
0
0
0
1
0
1
0
0
1
-1
1
0
0
0
-1
-1
0
0
0
-1
0
-1
0
0
0
-1
0
0
0
0
1
0
0
0
0
0
0
1
0
1
0
0
0
0
0
0
1
0
0
0
1
1
0
0
0
0
0
0
0
0
-1
1
0
0
0
0
0
0
0
1
0
0
-1
0
0
0
-1
-1
0
0
1
0
-1
0
0
0
0
0
0
-1
-1
0
0
-1
1
0
1
0
0
0
0
0
0
1
0
0
0
-1
0
0
0
0
0
1
-1
0
0
0
0
0
0
0
0
0
1
0
0
0
0
0
0
-1
0
0
-1
0
0
-1
0
0
0
0
0
0
0
0
1
0
0
-1
1
0
0
-1
-1
0
0
0
1
-1
0
0
0
-1
1
0
0
0
1
-1
0
0
0
0
0
0
0
0
0
0
0
-1
0
0
0
0
0
0
0
0
0
0
1
-1
0
0
-1
1
0
0
0
0
0
0
0
0
0
0
0
0
0
0
-1
0
0
0
0
0
0
0
-1
0
0
0
-1
0
0
-1
-1
0
0
0
0
0
1
1
-1
0
-1
0
0
0
0
0
0
0
0
1
0
0
0
0
-1
1
0
0
1
0
0
0
0
0
1
1
0
0
0
0
0
-1
0
-1
1
0
1
0
0
1
0
0
1
0
0
0
1
-1
-1
1
0
0
0
-1
0
0
1
0
0
0
0
0
0
-1
0
0
0
-1
0
0
1
1
-1
0
0
0
0
0
0
0
0
0
-1
1
0
0
1
0
0
0
0
1
-1
0
0
0
0
-1
1
0
0
-1
0
0
0
0
0
-1
0
-1
1
0
0
1
0
0
0
0
0
0
0
0
-1
0
0
0
1
0
1
0
0
0
0
-1
0
0
1
1
0
0
0
-1
-1
0
0
0
-1
0
0
1
0
1
0
0
1
0
0
1
0
0
0
0
0
0
0
0
0
0
0
-1
1
0
0
0
0
0
0
0
0
0
0
-1
0
-1
0
0
0
0
0
-1
0
0
0
1
0
0
0
0
0
0
0
0
0
-1
1
1
-1
0
0
0
0
0
0
0
0
0
0
0
0
0
-1
0
0
0
0
0
0
0
0
-1
0
0
0
0
-1
0
-1
0
0
0
0
0
-1
0
0
-1
0
0
0
1
0
0
0
0
0
0
1
0
0
0
0
0
1
0
0
0
1
1
0
0
0
0
0
0
0
0
1
1
1
0
0
-1
0
0
0
-1
-1
0
0
0
0
0
0
0
0
0
0
0
0
0
0
0
0
0
0
0
0
0
1
1
1
0
-1
0
0
0
0
0
0
1
-1
-1
0
0
0
0
0
1
0
-1
0
0
0
0
0
0
0
0
-1
0
0
0
0
1
0
0
0
0
0
-1
1
1
0
0
0
0
1
0
0
0
0
0
0
0
0
0
0
0
0
1
0
0
0
0
0
0
1
0
0
0
0
0
0
0
0
0
0
1
0
-1
0
0
0
0
-1
0
0
0
0
0
0
-1
0
0
-1
0
0
0
-1
1
0
0
0
0
0
0
0
0
0
0
0
0
0
-1
0
-1
0
0
0
0
0
0
0
0
0
1
0
0
0
0
0
0
0
0
0
0
0
1
0
0
0
0
0
0
0
0
0
-1
0
0
1
0
0
0
0
0
0
0
1
0
0
0
0
0
0
-1
0
1
0
0
0
0
0
0
0
0
-1
0
0
0
0
0
0
0
0
1
0
-1
0
1
0
0
-1
0
0
0
0
-1
0
0
0
0
1
0
0
0
0
0
0
0
0
-1
0
0
0
0
0
0
0
0
0
1
0
0
0
0
0
1
0
0
1
0
1
-1
0
0
0
0
0
0
0
0
-1
0
-1
-1
0
0
0
0
0
0
0
0
0
0
-1
0
-1
0
0
0
0
0
0
-1
0
0
0
0
0
0
0
0
0
0
0
0
0
0
0
0
0
1
1
0
-1
0
0
0
0
0
0
0
0
0
0
0
0
0
0
0
0
1
0
0
0
1
0
2
1
1
1
1
1
1
2
1
1
2
2
2
2
2
1
1
2
2
2
1
3
2
2
1
2
1
1
2
1
2
1
1
0
-1
-2
-2
-2
-2
-1
-2
-1
-3
-5
-7
-7
-9
-10
-13
-16
-19
-22
-25
-27
-29
-30
-30
-31
-32
-33
-33
-30
-27
-24
-23
-22
-21
-21
-19
-15
-11
-6
-3
1
3
6
8
11
14
19
21
22
22
22
22
24
24
26
27
28
28
29
28
30
33
33
37
38
40
40
40
41
42
44
46
46
46
46
48
52
57
63
67
70
70
68
61
54
45
37
27
18
8
-1
-9
-14
-18
-19
-25
-31
-40
-49
-59
-66
-72
-77
-82
-87
-96
-103
-111
-114
-114
-113
-116
-120
-127
-135
-140
-142
-143
-144
-147
-150
-153
-152
-145
-135
-121
-104
-85
-68
-53
-39
-26
-12
5
21
35
44
52
61
76
94
113
130
145
158
172
184
196
207
220
234
246
252
254
253
253
250
246
235
223
209
193
183
182
186
195
205
217
229
246
265
279
284
282
274
253
226
189
145
94
37
-25
-91
-164
-238
-303
-361
-420
-487
-564
-636
-701
-761
-821
-875
-924
-968
-1012
-1041
-1045
-1025
-972
-887
-774
-641
-495
-326
-139
58
253
432
587
709
789
835
851
836
796
726
632
512
374
238
119
20
-54
-103
-127
-134
-120
-79
-8
87
193
296
388
465
525
574
615
644
659
649
620
581
535
491
453
428
409
389
368
355
360
383
413
443
462
460
429
372
301
218
121
2
-139
-311
-518
-755
-1012
-1280
-1567
-1870
-2171
-2437
-2649
-2809
-2905
-2880
-2677
-2285
-1774
-1210
-592
94
793
1423
1952
2399
2770
3039
3178
3152
2947
2590
2145
1653
1129
568
-29
-632
-1196
-1684
-2069
-2325
-2423
-2358
-2159
-1856
-1468
-1008
-505
8
516
996
1401
1679
1826
1884
1877
1817
1706
1548
1330
1037
694
363
86
-142
-350
-548
-719
-856
-958
-1017
-1008
-922
-778
-606
-438
-280
-139
-3
133
281
424
523
553
514
436
344
246
141
22
-119
-281
-450
-601
-720
-797
-838
-845
-825
-789
-744
-685
-592
-454
-287
-122
26
163
293
419
536
651
763
848
885
872
832
780
713
621
505
365
199
12
-175
-346
-498
-629
-735
-810
-860
-882
-868
-807
-698
-550
-383
-206
-27
151
315
469
612
738
829
871
864
820
750
660
551
421
274
117
-38
-192
-334
-452
-538
-584
-598
-590
-563
-520
-454
-362
-243
-113
13
127
233
328
409
476
534
580
611
606
561
489
400
307
202
92
-18
-127
-234
-339
-428
-493
-531
-549
-557
-563
-566
-554
-522
-471
-407
-335
-256
-171
-89
-15
59
146
246
335
390
407
400
390
380
367
343
304
242
149
35
-68
-139
-173
-197
-226
-266
-307
-335
-325
-271
-200
-145
-107
-62
-2
54
90
115
155
211
267
302
306
279
251
246
269
298
308
282
225
156
102
65
39
4
-40
-80
-106
-127
-158
-197
-230
-241
-226
-197
-160
-133
-123
-122
-111
-87
-72
-87
-120
-132
-95
-30
15
5
-53
-111
-128
-86
-7
66
100
93
66
55
72
109
140
147
131
113
112
131
153
164
168
160
131
79
37
38
78
100
43
-92
-248
-365
-416
-410
-391
-405
-459
-522
-549
-498
-376
-249
-175
-143
-97
-23
53
114
165
213
256
305
374
443
482
475
458
443
410
342
249
147
43
-53
-126
-193
-270
-366
-462
-520
-517
-477
-449
-439
-404
-314
-193
-75
40
185
367
547
690
785
827
812
764
735
775
848
848
706
494
325
247
227
217
166
75
-27
-114
-175
-204
-204
-186
-144
-76
-30
-59
-114
-79
100
331
449
360
125
-109
-204
-132
3
35
-138
-432
-657
-687
-567
-447
-447
-584
-799
-1013
-1157
-1205
-1222
-1327
-1565
-1815
-1892
-1710
-1356
-991
-717
-538
-402
-243
-37
173
363
574
819
1015
1088
1087
1112
1192
1255
1226
1100
911
684
441
233
94
-14
-156
-340
-499
-549
-471
-326
-193
-134
-162
-213
-201
-109
55
276
517
701
779
772
751
776
877
993
1005
843
586
379
323
404
519
573
549
498
481
504
526
513
507
588
738
829
796
750
838
1056
1249
1272
1103
848
582
259
-190
-721
-1143
-1231
-948
-650
-840
-1615
-2572
-3277
-3559
-3502
-3440
-3814
-4906
-6610
-8069
-7734
-4727
-374
2529
2382
254
-1320
-437
2926
6895
9032
8258
5628
3249
2639
3838
5546
6202
5091
2629
-140
-2164
-2941
-2763
-2386
-2441
-3171
-4430
-5693
-6179
-5299
-3236
-991
265
11
-1306
-2531
-2469
-677
2068
4166
4382
2894
1197
827
2114
4053
5290
5154
3905
2318
1129
688
855
1147
1088
515
-417
-1439
-2318
-2843
-2840
-2357
-1806
-1717
-2290
-3139
-3566
-3111
-1896
-531
278
211
-447
-967
-719
323
1547
2220
2069
1390
734
486
705
1167
1506
1421
876
125
-480
-740
-712
-584
-535
-631
-856
-1115
-1259
-1131
-672
-26
507
671
474
194
146
432
878
1183
1126
725
216
-122
-156
11
125
14
-300
-641
-852
-911
-878
-811
-733
-666
-649
-695
-747
-682
-423
-37
266
326
172
0
-7
174
415
556
516
351
219
233
371
477
437
285
166
191
349
502
516
379
220
176
255
357
387
332
264
269
391
580
713
709
633
636
784
960
1012
941
868
865
837
670
398
169
48
-22
-101
-204
-350
-506
-587
-540
-460
-503
-653
-708
-538
-236
-27
-47
-277
-612
-784
-657
-474
-563
-1050
-1772
-2378
-2694
-2738
-2689
-2846
-3227
-3575
-3644
-3164
-2093
-829
119
524
588
740
1334
2435
3634
4277
4108
3492
3013
2963
3191
3325
3074
2410
1523
638
-50
-425
-559
-703
-1070
-1624
-2168
-2526
-2638
-2536
-2268
-1900
-1620
-1680
-2049
-2279
-1933
-1041
-3
763
1047
924
724
802
1322
2149
2863
3003
2484
1739
1294
1332
1677
2002
1957
1376
462
-307
-567
-349
-64
-162
-742
-1481
-1955
-1959
-1597
-1161
-891
-796
-752
-662
-489
-198
222
685
1024
1161
1192
1265
1455
1740
2051
2300
2378
2212
1878
1586
1482
1450
1191
567
-172
-604
-564
-320
-307
-714
-1370
-1978
-2421
-2797
-3225
-3797
-4720
-6118
-7557
-7976
-6574
-3847
-1408
-590
-1304
-2285
-2074
-32
3091
5650
6319
5194
3675
3184
4117
5715
6658
6180
4519
2471
963
445
521
440
-333
-1800
-3393
-4443
-4631
-4057
-3171
-2516
-2467
-3011
-3742
-4119
-3713
-2486
-885
358
642
82
-486
-208
1165
2957
4163
4291
3579
2906
2956
3558
4190
4313
3663
2608
1674
1168
1013
787
297
-401
-1210
-1891
-2419
-2815
-2871
-2683
-2583
-2684
-2891
-3004
-2899
-2569
-2004
-1338
-776
-469
-403
-252
286
1080
1750
2059
2041
1855
1688
1732
2061
2449
2467
1933
1198
774
815
1030
990
558
-16
-409
-502
-360
-148
-62
-157
-338
-510
-585
-470
-228
-20
128
240
242
172
222
475
801
978
845
438
3
-200
-85
202
335
67
-491
-989
-1223
-1253
-1259
-1385
-1673
-2082
-2523
-2912
-3271
-3645
-3836
-3557
-2904
-2310
-2042
-2017
-1959
-1530
-628
418
1164
1452
1449
1498
1901
2627
3279
3489
3232
2787
2483
2457
2567
2525
2113
1363
571
42
-200
-340
-498
-658
-817
-1031
-1326
-1622
-1820
-1876
-1767
-1491
-1219
-1149
-1193
-1051
-620
-40
527
948
1111
1111
1239
1659
2189
2545
2550
2204
1781
1685
2010
2385
2343
1773
1009
509
422
511
536
415
82
-470
-988
-1158
-933
-522
-212
-187
-368
-480
-339
19
408
621
477
-23
-538
-618
-129
572
976
846
297
-419
-1022
-1221
-977
-800
-1307
-2570
-4245
-6113
-7798
-8190
-6283
-2841
-341
-715
-3378
-5584
-4758
-775
3889
6247
5196
2250
228
1201
4834
8419
9209
6710
2975
777
1298
3522
5238
4501
1322
-2248
-4070
-3393
-1383
-151
-715
-2421
-4055
-4808
-4537
-3884
-3345
-3090
-3190
-3201
-3038
-2798
-2489
-1978
-710
862
1801
1898
1575
1819
2843
4109
4985
4898
4141
3393
3260
3882
4581
4494
3365
1870
955
868
1026
702
-319
-1657
-2683
-3046
-2825
-2508
-2633
-3296
-4019
-4131
-3427
-2359
-1603
-1493
-1812
-2005
-1616
-595
595
1282
1183
711
621
1225
2132
2708
2572
1957
1469
1388
1599
1821
1848
1664
1176
595
429
606
790
752
268
-368
-741
-752
-337
117
138
-139
-501
-682
-422
55
383
215
-539
-1201
-1196
-799
-435
-369
-773
-1394
-1819
-1889
-1624
-1365
-1482
-1916
-2519
-3163
-3467
-3258
-2689
-2043
-1829
-2115
-2331
-2121
-1396
-382
370
723
768
632
845
1598
2542
3296
3439
3024
2560
2300
2440
2956
3280
2975
2041
899
311
505
891
912
402
-435
-1066
-1243
-1150
-969
-986
-1362
-1720
-1754
-1532
-1158
-893
-762
-529
-339
-166
172
539
908
1196
1259
1425
1685
1778
1838
1781
1852
2129
2202
2064
1679
1336
1253
1284
1385
1152
583
-47
-483
-333
49
235
72
-405
-699
-672
-544
-633
-1011
-1293
-1248
-933
-672
-732
-1090
-1366
-1197
-765
-332
-372
-1109
-2027
-2760
-3167
-3712
-4639
-5162
-4978
-4365
-3728
-2934
-1735
-1236
-1737
-1795
-428
1688
3095
3539
3463
3138
3094
3799
4987
5680
5218
4049
3186
3035
3093
2703
1798
804
-27
-674
-1007
-952
-862
-1220
-1917
-2412
-2551
-2709
-3049
-3273
-3213
-3181
-3404
-3586
-3344
-2795
-2333
-2023
-1569
-877
-252
94
431
1103
1971
2615
2988
3401
3940
4336
4448
4469
4527
4476
4225
3945
3737
3381
2643
1687
915
488
200
-233
-854
-1573
-2321
-2925
-3142
-2938
-2700
-2896
-3439
-3737
-3465
-2773
-1994
-1455
-1143
-1114
-1077
-583
271
1234
1704
1670
1599
1662
2188
2944
3449
3615
3375
3026
2978
3198
3416
3033
2134
1372
708
304
107
-233
-887
-1774
-2408
-2825
-3212
-3505
-3737
-4334
-5261
-6084
-6832
-7587
-8437
-8428
-6558
-3626
-2071
-3313
-5144
-4947
-2510
1102
4443
5648
3899
1478
1626
4815
8439
9830
8473
5742
3581
3403
5207
7086
6687
3708
272
-1281
-536
911
1184
-139
-2079
-3544
-4075
-3787
-3340
-3527
-4367
-5002
-4788
-4042
-3534
-3492
-3410
-2791
-1766
-816
-150
377
916
1495
2142
2834
3384
3615
3710
4048
4643
5001
4720
4021
3456
3282
3257
3005
2396
1517
566
-175
-498
-558
-879
-1745
-2733
-3191
-3004
-2660
-2598
-2787
-3055
-3226
-3055
-2428
-1605
-1054
-889
-690
-222
424
1128
1742
2307
2761
2903
3023
3265
3395
3322
2959
2628
2667
2628
2331
1968
1503
1004
389
-303
-869
-1575
-2538
-3599
-4675
-5615
-6760
-8143
-8416
-6752
-4563
-4054
-5586
-7201
-7085
-5069
-1910
915
1548
-238
-1915
-798
2736
6021
7118
5990
3953
2795
3689
6201
8242
7673
4630
1662
1005
2456
4152
4393
2683
56
-1723
-1747
-709
-157
-1184
-3353
-4983
-4902
-3727
-2984
-3373
-4332
-4904
-4570
-3538
-2462
-1854
-1740
-1725
-1176
164
1538
1996
1832
2070
2904
3844
4552
4743
4320
3848
3923
4376
4612
4207
3211
2254
1961
2116
1958
1131
-92
-1146
-1587
-1460
-1298
-1646
-2548
-3458
-3662
-3023
-2215
-2022
-2509
-3020
-2892
-2069
-1044
-364
-214
-325
-220
402
1401
2303
2738
2796
2863
3123
3437
3566
3390
2965
2496
2177
2066
1965
1496
576
-344
-918
-1343
-1881
-2621
-3685
-5014
-6366
-7632
-8246
-7115
-4714
-3663
-5277
-7437
-7547
-5566
-2839
-241
1202
318
-1888
-2089
1141
5040
6431
5446
3936
2948
3194
5196
7680
8064
5550
2370
1316
2742
4527
4691
3224
1295
-174
-672
-103
606
-26
-2151
-3978
-3903
-2536
-1831
-2662
-4060
-4670
-4185
-3220
-2381
-1943
-2037
-2401
-2206
-945
608
1178
717
456
1208
2471
3366
3612
3365
2901
2703
3151
3847
3854
2880
1747
1397
1817
2174
1770
618
-712
-1551
-1529
-862
-362
-850
-2209
-3290
-3119
-2046
-1256
-1348
-1899
-2294
-2230
-1561
-439
401
312
-312
-373
541
1729
2409
2567
2509
2364
2310
2583
2996
3090
2772
2347
2055
1876
1627
1162
595
77
-455
-1064
-1709
-2484
-3473
-4512
-5526
-6585
-7119
-6239
-4508
-3878
-5079
-6578
-6709
-5251
-2801
-408
395
-930
-2547
-1962
999
4030
5007
3936
2335
1658
2605
4796
6620
6320
3905
1441
1004
2621
4426
4618
2983
784
-451
-126
1133
1883
1037
-1072
-2754
-2634
-1107
15
-548
-2182
-3484
-3408
-2242
-1033
-588
-1278
-2213
-2405
-1508
-128
505
212
-356
-305
571
1553
2022
1850
1515
1509
2013
2661
2837
2413
1756
1626
2023
2298
2012
1061
160
-253
-30
559
623
-164
-1473
-2263
-1878
-843
-213
-699
-1877
-2705
-2490
-1410
-351
-219
-1013
-1782
-1678
-651
600
1214
863
243
363
1353
2458
2957
2684
1938
1317
1326
1953
2508
2308
1481
742
453
337
164
-144
-743
-1596
-2328
-2830
-3449
-4578
-5992
-6460
-5410
-3882
-3578
-4834
-5932
-5825
-4555
-2492
-698
-287
-1475
-2474
-1375
1075
3056
3663
3001
1977
1589
2532
4393
5456
4868
3290
1999
2176
3401
4310
4119
2916
1791
1370
1619
2068
1793
747
-425
-964
-616
-178
-488
-1443
-2214
-2310
-1867
-1312
-1119
-1500
-2049
-2146
-1673
-969
-527
-613
-933
-858
-180
638
1046
946
663
664
1192
1926
2245
1927
1318
946
1180
1854
2216
1778
964
456
400
573
687
459
-118
-688
-905
-786
-701
-970
-1436
-1664
-1546
-1344
-1289
-1439
-1610
-1483
-1026
-589
-361
-207
-14
258
762
1475
1943
1774
1274
1163
1655
2245
2431
2197
1753
1291
1086
1252
1373
897
-95
-1020
-1555
-1870
-2371
-3394
-4620
-5033
-4306
-3626
-4008
-4795
-5014
-4827
-4476
-3461
-1964
-1367
-2116
-2657
-1698
-27
1086
1627
1886
1579
1055
1510
3017
4074
3705
2662
2191
2580
3238
3598
3543
3122
2555
2295
2468
2533
2096
1413
854
612
748
859
330
-638
-1175
-1034
-774
-786
-985
-1302
-1739
-1983
-1650
-1040
-914
-1348
-1597
-1270
-723
-317
-104
-95
-178
-48
411
923
1120
956
771
892
1269
1580
1531
1059
564
597
1074
1343
1103
589
43
-274
-74
381
356
-293
-884
-936
-727
-655
-746
-914
-1129
-1230
-1008
-561
-269
-326
-514
-483
-174
147
251
206
248
514
892
1114
1021
761
652
857
1191
1248
802
42
-649
-1066
-1346
-1825
-2480
-2815
-2604
-2458
-2983
-3671
-3679
-3111
-2593
-2269
-1958
-1813
-1958
-1723
-613
505
703
376
345
725
1254
1906
2471
2301
1399
826
1261
2124
2563
2440
1996
1413
1108
1500
2193
2245
1433
527
244
569
1060
1198
631
-321
-756
-279
406
429
-172
-737
-891
-685
-285
9
-162
-704
-994
-651
21
448
367
-88
-496
-406
183
735
758
359
32
29
253
534
707
583
203
-54
66
355
471
359
137
-97
-195
-55
151
134
-110
-319
-357
-305
-282
-340
-484
-631
-619
-393
-132
-94
-270
-349
-102
303
540
518
376
228
203
436
807
985
842
553
365
401
571
618
366
-118
-657
-1041
-1154
-1279
-1808
-2514
-2772
-2484
-2220
-2441
-2900
-3195
-3087
-2426
-1562
-1067
-1220
-1619
-1475
-675
277
848
807
424
189
518
1296
1882
1850
1375
1022
1191
1727
2153
2172
1854
1469
1384
1712
2081
2003
1450
938
879
1178
1442
1319
821
321
147
348
619
570
196
-157
-225
-111
21
64
-65
-365
-572
-445
-179
-38
-159
-438
-608
-549
-275
-63
-166
-471
-645
-485
-228
-175
-303
-468
-480
-186
196
291
33
-289
-311
-13
377
537
212
-327
-485
-126
346
470
119
-438
-733
-491
42
305
37
-529
-940
-875
-444
-74
-54
-328
-648
-721
-446
-92
51
26
-38
-119
-101
97
252
148
-60
-147
-138
-116
-45
44
-8
-206
-324
-265
-206
-256
-315
-353
-449
-510
-392
-218
-243
-471
-666
-663
-515
-380
-372
-493
-659
-738
-632
-393
-196
-130
-142
-152
-104
52
295
517
647
734
826
907
1005
1199
1433
1527
1440
1370
1447
1547
1527
1462
1456
1394
1189
1013
992
966
792
564
371
191
35
-61
-154
-337
-597
-794
-807
-702
-664
-779
-984
-1146
-1116
-872
-634
-614
-770
-907
-856
-546
-129
76
-54
-265
-252
20
357
572
558
335
98
93
314
468
361
123
-54
-146
-164
-92
-51
-228
-556
-710
-561
-419
-569
-846
-935
-834
-711
-614
-569
-636
-699
-567
-279
-72
-61
-157
-199
-100
124
377
507
409
180
73
216
487
673
648
441
222
158
252
369
381
243
-4
-230
-333
-346
-358
-400
-466
-583
-730
-797
-727
-593
-477
-366
-266
-234
-227
-92
211
518
634
576
554
714
968
1152
1229
1254
1228
1159
1169
1312
1424
1336
1111
929
857
850
846
776
586
324
111
11
-19
-79
-230
-438
-613
-722
-799
-845
-850
-841
-857
-866
-845
-832
-849
-828
-703
-487
-293
-232
-284
-287
-134
78
202
232
220
157
57
45
167
268
199
18
-148
-259
-289
-222
-176
-281
-465
-565
-572
-572
-583
-608
-679
-747
-709
-596
-540
-557
-567
-540
-486
-366
-170
-11
13
-47
-46
83
275
405
414
357
345
431
567
695
779
761
626
485
506
671
757
632
405
247
184
160
161
149
25
-212
-382
-338
-182
-123
-210
-331
-390
-370
-266
-115
-12
-26
-109
-146
-65
101
227
250
237
292
409
511
582
623
606
565
591
660
665
578
470
373
275
199
140
71
-12
-95
-191
-300
-368
-369
-367
-426
-504
-509
-441
-387
-390
-420
-426
-359
-217
-80
-37
-63
-72
-22
90
247
355
298
115
4
93
265
331
242
61
-137
-253
-204
-52
-8
-188
-462
-614
-587
-504
-487
-541
-617
-678
-678
-600
-509
-480
-481
-416
-273
-123
-16
62
123
169
224
316
421
485
486
446
402
382
407
448
449
392
316
257
221
206
188
148
91
30
-38
-96
-90
-35
-36
-128
-212
-206
-139
-72
-32
-33
-75
-97
-31
95
169
136
61
29
78
196
311
322
199
37
-17
95
287
381
274
49
-114
-109
28
182
224
80
-157
-265
-151
46
119
24
-137
-242
-218
-63
118
162
15
-145
-105
99
249
239
155
89
62
101
221
323
265
75
-56
-21
78
103
25
-102
-227
-304
-300
-248
-246
-352
-494
-547
-497
-445
-456
-499
-525
-521
-479
-402
-324
-279
-263
-237
-178
-103
-33
23
69
110
146
167
184
215
260
277
264
265
276
249
199
200
235
238
218
223
253
275
296
339
379
386
388
401
403
378
368
383
367
286
194
150
135
108
70
23
-55
-169
-251
-258
-259
-326
-421
-467
-477
-499
-518
-499
-465
-469
-499
-482
-388
-276
-219
-208
-192
-157
-100
-12
96
168
164
139
176
279
368
382
348
319
308
305
321
347
333
241
136
110
148
168
123
64
41
45
49
46
34
16
-4
-14
-28
-53
-84
-97
-87
-84
-126
-208
-266
-244
-183
-166
-207
-250
-262
-258
-233
-188
-162
-189
-212
-181
-126
-107
-121
-126
-111
-76
-23
34
56
37
13
13
39
77
100
75
-3
-80
-76
5
92
113
70
14
2
65
192
308
332
258
191
230
358
459
462
403
358
364
424
508
542
467
336
271
314
373
339
212
70
-42
-119
-149
-166
-246
-418
-569
-609
-586
-604
-679
-743
-758
-733
-697
-663
-631
-611
-579
-502
-389
-299
-262
-231
-157
-32
106
210
257
261
273
345
475
585
601
531
463
464
523
584
594
518
377
261
246
294
298
196
39
-92
-148
-138
-110
-136
-239
-374
-440
-398
-311
-294
-353
-399
-367
-289
-229
-207
-206
-205
-169
-92
-9
10
-40
-83
-34
73
141
121
59
8
5
52
107
99
9
-91
-120
-74
-23
-27
-78
-129
-145
-128
-97
-61
-27
-6
6
28
68
109
147
194
257
319
348
360
387
429
468
491
497
484
459
437
423
392
326
251
193
139
64
-23
-103
-173
-229
-266
-305
-369
-440
-474
-474
-463
-458
-454
-454
-458
-452
-414
-347
-279
-237
-216
-186
-131
-69
-2
63
109
115
101
124
196
265
277
241
209
193
183
183
204
213
177
106
49
36
42
36
21
7
-21
-67
-102
-97
-64
-46
-60
-79
-86
-81
-74
-48
-15
-3
-19
-39
-31
-7
6
9
12
20
15
-1
-12
-8
7
16
13
-3
-43
-90
-105
-73
-33
-40
-105
-184
-220
-181
-110
-72
-105
-176
-212
-161
-58
20
34
2
-22
10
98
192
236
228
216
235
285
332
367
388
388
373
361
356
343
319
303
289
246
157
54
-4
-13
-15
-59
-149
-259
-343
-367
-335
-303
-318
-393
-472
-497
-444
-352
-282
-262
-289
-318
-288
-179
-45
39
45
17
21
85
186
268
294
255
200
183
219
268
283
245
182
127
105
118
144
144
101
38
-4
-7
14
27
7
-38
-86
-104
-91
-70
-68
-91
-117
-124
-111
-87
-70
-69
-73
-65
-44
-23
-12
-11
-11
-9
1
10
16
11
0
-6
-6
-6
-10
-24
-47
-71
-76
-71
-70
-86
-114
-137
-142
-125
-97
-88
-105
-126
-119
-74
-19
13
16
7
15
59
133
202
233
222
208
233
295
359
390
374
332
305
315
344
346
296
213
135
86
62
32
-27
-117
-212
-282
-318
-335
-361
-403
-447
-469
-466
-449
-427
-405
-379
-349
-313
-269
-219
-166
-103
-38
21
65
99
142
199
250
283
294
294
292
295
301
298
279
249
218
190
164
132
101
72
45
15
-14
-41
-63
-82
-95
-103
-107
-111
-113
-112
-100
-82
-61
-42
-23
-4
17
42
70
89
91
85
89
103
108
96
71
44
26
19
14
-3
-40
-83
-106
-107
-104
-121
-155
-189
-204
-196
-175
-164
-172
-185
-180
-146
-99
-61
-41
-27
-6
36
90
139
172
189
203
228
257
281
294
289
277
265
252
236
211
178
138
96
49
1
-47
-93
-142
-189
-232
-271
-303
-328
-340
-350
-360
-366
-360
-337
-302
-270
-244
-220
-188
-142
-87
-37
1
28
55
94
143
188
210
213
216
230
252
266
263
242
219
202
193
186
168
138
102
70
52
43
32
14
-9
-33
-48
-49
-42
-37
-47
-64
-71
-63
-45
-33
-29
-32
-30
-16
5
19
17
10
9
24
40
39
21
1
-2
11
25
19
-11
-43
-51
-34
-15
-24
-59
-97
-109
-91
-69
-72
-108
-147
-159
-134
-100
-85
-96
-113
-107
-70
-16
26
43
47
63
103
153
196
218
224
227
238
257
272
273
257
234
207
182
155
126
90
46
-7
-63
-112
-149
-180
-213
-253
-297
-334
-350
-349
-339
-335
-338
-335
-317
-280
-231
-187
-153
-121
-78
-21
38
86
121
150
183
223
261
284
282
269
265
270
267
246
206
163
125
97
76
46
5
-44
-83
-103
-111
-121
-136
-153
-162
-158
-141
-118
-99
-86
-69
-47
-17
16
48
71
90
105
121
142
158
163
156
141
128
124
118
100
69
31
2
-17
-28
-48
-82
-125
-157
-166
-160
-155
-168
-190
-202
-186
-149
-112
-91
-84
-74
-44
6
62
105
126
134
149
177
216
243
249
236
218
208
205
203
183
144
94
49
15
-11
-41
-85
-137
-186
-221
-241
-256
-275
-300
-320
-324
-312
-294
-279
-264
-243
-211
-170
-125
-82
-43
-5
39
86
132
165
190
216
244
269
280
276
266
255
245
233
215
182
142
105
77
53
26
-7
-42
-69
-84
-93
-102
-114
-124
-127
-118
-100
-82
-69
-60
-45
-25
0
23
41
51
58
67
79
89
93
90
82
73
64
52
37
18
-1
-19
-35
-52
-71
-91
-106
-116
-123
-129
-135
-141
-142
-137
-121
-102
-86
-76
-66
-46
-13
21
48
63
71
84
106
135
157
165
158
147
150
161
168
159
134
109
92
83
73
54
26
-4
-31
-51
-67
-86
-108
-132
-151
-167
-181
-197
-209
-213
-214
-211
-209
-208
-201
-183
-159
-135
-116
-99
-76
-46
-9
26
55
75
96
119
147
175
195
202
203
204
208
212
213
206
189
165
143
127
116
98
74
44
15
-6
-19
-29
-42
-61
-79
-93
-94
-89
-82
-81
-81
-83
-74
-56
-37
-21
-13
-7
1
17
36
50
54
51
43
37
37
39
35
21
3
-18
-34
-44
-53
-65
-82
-100
-113
-119
-118
-116
-113
-114
-112
-103
-87
-66
-45
-27
-13
5
27
53
79
100
114
126
135
148
161
167
169
163
152
143
134
126
112
91
62
33
6
-14
-33
-58
-86
-116
-141
-156
-166
-174
-185
-197
-204
-197
-184
-171
-158
-152
-141
-122
-93
-64
-41
-27
-12
5
30
58
76
86
91
97
107
117
122
120
113
106
98
92
87
79
70
60
50
43
34
28
22
15
11
9
8
9
9
12
15
18
20
24
29
35
37
37
35
34
35
35
28
20
10
0
-6
-16
-28
-42
-54
-63
-71
-79
-89
-100
-106
-108
-104
-99
-97
-96
-93
-83
-68
-49
-34
-22
-12
3
23
44
62
73
82
90
102
115
124
125
120
113
111
110
107
95
77
57
42
32
23
10
-11
-33
-50
-61
-69
-78
-91
-106
-115
-119
-114
-109
-109
-110
-107
-99
-85
-70
-58
-49
-41
-31
-17
-1
11
17
21
23
31
37
43
44
41
38
34
33
32
28
23
17
10
7
4
3
1
2
3
4
7
10
15
20
28
34
41
47
53
60
66
70
72
72
73
74
72
67
58
50
39
30
20
6
-10
-26
-40
-52
-63
-74
-88
-101
-110
-114
-114
-114
-114
-113
-107
-98
-86
-72
-61
-50
-36
-19
-1
17
31
43
54
68
82
93
101
106
106
105
105
105
102
96
86
75
63
55
44
32
19
7
-4
-15
-25
-35
-44
-51
-54
-57
-60
-63
-63
-63
-60
-55
-52
-46
-39
-32
-23
-18
-14
-13
-8
-3
3
6
8
7
5
5
7
5
5
2
-1
-2
-4
-2
-4
-8
-13
-17
-18
-19
-18
-18
-18
-19
-18
-16
-11
-4
5
13
20
27
34
44
57
71
81
86
88
88
89
92
91
82
68
52
37
24
10
-5
-18
-29
-41
-50
-62
-76
-91
-103
-107
-103
-98
-95
-92
-87
-84
-80
-71
-61
-53
-40
-25
-14
-7
2
9
16
20
29
44
61
69
65
58
60
66
75
77
72
63
59
63
66
59
44
31
26
26
32
35
37
42
42
29
10
-8
-26
-41
-38
-18
-6
-11
-30
-60
-95
-106
-84
-50
-31
-35
-61
-91
-103
-81
-47
-23
-11
-11
-25
-38
-38
-30
-27
-22
-7
6
6
1
5
11
10
12
19
28
38
52
64
62
52
47
51
62
66
61
58
58
54
40
29
29
30
23
23
32
39
36
39
42
37
25
23
37
44
34
18
10
7
1
-8
-23
-40
-57
-79
-100
-107
-98
-84
-79
-85
-101
-119
-135
-148
-150
-130
-87
-35
1
7
-7
-10
14
57
81
68
40
35
68
125
156
124
24
-77
-110
-73
-13
24
22
-49
-185
-298
-327
-317
-324
-296
-133
91
233
234
69
-196
-378
-152
699
1641
1841
1208
227
-483
-513
82
1038
1689
1234
16
-922
-1273
-1181
-683
-58
216
-149
-845
-1186
-1081
-869
-489
-13
176
138
72
-86
-278
-319
-128
140
174
38
-49
-219
-367
-117
319
480
344
159
191
374
474
723
1238
1481
1274
987
749
484
182
59
291
368
-142
-792
-1241
-1655
-1908
-1663
-1093
-771
-863
-1068
-1280
-1484
-1320
-705
-126
183
373
388
172
101
424
788
882
932
1009
830
484
358
461
533
533
588
636
492
223
117
199
248
259
327
332
169
-14
-78
-59
3
76
119
164
181
92
21
111
280
404
465
537
586
537
519
595
579
443
280
40
-289
-594
-785
-956
-1256
-1660
-2140
-2686
-3067
-2998
-2578
-2148
-1838
-1529
-1201
-937
-580
92
923
1615
2216
2777
3056
2968
2819
2872
3010
2948
2669
2310
1743
927
149
-430
-906
-1348
-1711
-1955
-2186
-2485
-2665
-2606
-2438
-2236
-1988
-1730
-1437
-1099
-739
-307
182
632
1037
1388
1649
1851
2002
2105
2220
2296
2225
2057
1864
1628
1326
993
692
435
152
-196
-604
-1039
-1421
-1647
-1690
-1655
-1701
-1859
-1995
-1977
-1779
-1454
-1076
-743
-518
-357
-153
122
418
702
970
1201
1343
1365
1292
1174
1042
903
774
673
543
324
33
-276
-547
-756
-876
-900
-876
-855
-844
-806
-726
-623
-492
-308
-76
163
380
540
625
660
679
710
777
851
855
755
579
353
130
2
-37
-83
-194
-357
-553
-727
-804
-762
-664
-600
-592
-599
-550
-422
-230
-11
180
322
428
510
579
657
723
747
748
729
648
507
381
280
148
-1
-136
-283
-443
-563
-636
-703
-745
-713
-636
-569
-498
-419
-351
-268
-118
94
290
419
501
575
640
677
688
701
691
620
524
429
280
82
-82
-204
-321
-431
-531
-610
-676
-753
-813
-820
-782
-701
-594
-470
-330
-193
-66
63
175
278
406
550
670
734
725
647
567
555
566
516
399
251
79
-92
-210
-278
-354
-449
-518
-556
-586
-608
-586
-505
-382
-257
-143
-28
99
226
348
465
561
616
641
684
724
699
608
503
393
259
115
27
-7
-93
-264
-414
-516
-615
-668
-638
-603
-607
-614
-570
-478
-392
-339
-262
-143
-22
89
200
281
331
362
373
377
417
464
441
349
245
144
41
-28
-50
-76
-164
-282
-351
-357
-340
-311
-247
-185
-179
-196
-150
-36
98
211
283
316
318
328
361
385
393
398
375
307
238
152
25
-61
-70
-74
-115
-172
-233
-287
-321
-313
-246
-169
-140
-122
-79
-48
-25
41
131
187
208
216
207
187
161
115
60
8
-47
-109
-165
-217
-275
-331
-367
-384
-383
-377
-367
-311
-245
-214
-172
-85
17
109
178
253
336
396
457
536
575
558
518
470
419
378
335
251
118
-11
-118
-221
-321
-407
-488
-576
-629
-603
-550
-557
-596
-571
-466
-340
-224
-103
-1
64
135
258
407
522
577
603
626
629
628
643
629
548
415
265
152
75
1
-83
-204
-344
-449
-504
-515
-491
-466
-476
-493
-462
-378
-282
-193
-106
-24
52
129
207
263
288
311
352
381
375
351
315
247
164
112
89
57
8
-49
-123
-217
-292
-311
-297
-301
-331
-344
-328
-313
-296
-247
-168
-93
-32
29
78
104
136
197
255
272
251
217
188
172
168
156
129
87
36
-12
-39
-48
-46
-42
-34
-21
0
29
59
78
89
92
94
96
104
87
44
-2
-33
-57
-75
-77
-77
-98
-133
-170
-205
-223
-207
-155
-99
-61
-47
-42
-34
0
66
142
199
226
222
198
169
159
169
175
154
116
70
24
-21
-61
-100
-145
-194
-232
-257
-271
-286
-295
-301
-300
-275
-228
-176
-125
-70
-7
54
118
194
268
322
359
383
394
391
384
384
376
331
251
158
79
14
-47
-107
-168
-238
-309
-357
-374
-377
-380
-380
-364
-325
-269
-203
-138
-78
-23
40
118
201
274
318
336
338
331
316
292
256
209
146
76
14
-37
-84
-129
-175
-213
-245
-265
-275
-282
-281
-264
-232
-189
-147
-103
-59
-14
32
81
126
164
199
228
245
251
259
266
259
239
220
202
167
118
72
19
-44
-95
-119
-135
-164
-199
-222
-231
-233
-227
-199
-160
-128
-110
-90
-60
-25
5
36
62
75
81
88
97
104
104
96
84
75
66
53
36
19
0
-18
-29
-29
-26
-29
-40
-52
-54
-49
-37
-20
-4
4
1
-1
5
23
47
68
79
78
69
61
60
64
70
71
67
56
41
29
19
14
3
-19
-43
-61
-70
-76
-84
-93
-104
-117
-130
-140
-141
-132
-118
-110
-107
-108
-103
-86
-60
-31
-5
23
54
83
108
123
132
141
157
177
194
196
183
159
131
105
81
68
52
25
-11
-45
-72
-90
-104
-106
-103
-106
-115
-123
-122
-121
-115
-101
-83
-69
-62
-53
-42
-29
-12
17
53
80
91
94
100
113
134
158
170
166
148
130
118
106
86
62
32
-4
-40
-73
-100
-125
-151
-173
-189
-199
-204
-205
-205
-198
-180
-152
-119
-88
-66
-48
-29
-1
37
80
120
146
159
163
170
181
201
218
227
221
202
176
150
127
110
92
70
38
-1
-44
-85
-119
-144
-163
-176
-191
-206
-218
-224
-223
-213
-196
-175
-152
-130
-105
-75
-39
2
45
82
114
140
161
181
200
213
217
211
191
166
140
118
94
71
41
6
-33
-71
-100
-122
-133
-138
-140
-142
-147
-149
-144
-127
-99
-68
-40
-20
-9
0
13
32
57
80
96
102
99
96
95
98
100
102
97
87
72
57
42
28
16
4
-7
-22
-37
-55
-70
-77
-82
-86
-89
-94
-97
-96
-84
-68
-49
-33
-21
-13
-2
8
27
42
53
55
51
43
39
37
41
39
36
29
19
8
-1
-10
-17
-20
-19
-14
-7
-5
-5
-7
-3
4
18
30
39
41
37
33
29
28
26
25
20
13
1
-10
-22
-31
-38
-43
-44
-44
-43
-42
-43
-44
-41
-35
-29
-23
-19
-16
-13
-11
-6
-1
2
3
1
0
1
1
5
8
11
11
12
11
12
14
17
20
22
25
26
28
30
32
35
35
39
40
40
38
35
30
24
19
14
8
0
-11
-21
-29
-36
-41
-44
-49
-51
-52
-48
-41
-34
-26
-19
-12
-6
-1
6
13
20
22
24
23
22
22
21
21
17
12
7
1
-3
-4
-5
-7
-9
-10
-10
-10
-7
-3
1
4
6
10
12
17
22
23
25
26
25
26
24
22
20
16
11
8
2
-3
-8
-12
-16
-22
-27
-33
-38
-45
-52
-55
-57
-58
-58
-55
-53
-49
-43
-36
-25
-14
-1
9
20
28
40
50
57
65
69
69
68
67
61
53
44
35
24
16
9
-1
-10
-17
-23
-23
-25
-24
-26
-25
-26
-23
-20
-17
-14
-11
-9
-9
-8
-9
-10
-11
-11
-11
-11
-11
-11
-9
-6
-2
2
6
11
15
19
23
26
30
32
32
31
27
22
17
12
7
-1
-11
-23
-32
-39
-43
-47
-51
-53
-53
-51
-47
-40
-34
-26
-17
-6
4
15
26
36
46
56
65
72
78
79
80
78
74
69
63
55
44
33
19
3
-10
-23
-35
-47
-56
-66
-75
-83
-87
-86
-81
-76
-72
-66
-57
-46
-32
-19
-6
6
18
30
41
49
55
60
63
63
59
56
48
41
31
22
11
0
-11
-21
-32
-40
-47
-52
-55
-52
-51
-46
-41
-33
-23
-12
-2
10
21
32
41
49
56
60
63
64
62
56
50
40
31
20
9
-3
-14
-25
-34
-42
-48
-52
-53
-53
-51
-47
-41
-34
-26
-17
-9
0
9
15
23
26
30
32
33
33
32
28
26
20
15
10
6
1
-3
-6
-8
-9
-9
-11
-12
-12
-14
-16
-17
-19
-20
-19
-20
-20
-18
-18
-18
-18
-17
-15
-10
-7
-1
2
9
17
26
33
37
39
43
46
49
50
49
46
41
36
29
21
13
3
-5
-15
-24
-33
-41
-47
-53
-57
-61
-62
-63
-59
-56
-49
-41
-33
-24
-15
-6
5
15
28
39
50
58
65
70
71
72
70
68
63
58
50
40
30
18
6
-7
-18
-29
-41
-51
-61
-68
-72
-75
-75
-75
-73
-68
-60
-52
-41
-30
-17
-4
7
18
29
39
48
56
64
67
69
67
61
54
46
37
27
18
7
-3
-14
-23
-31
-39
-44
-48
-50
-49
-45
-40
-34
-25
-16
-7
3
13
23
31
39
44
48
49
49
46
42
36
29
22
13
3
-6
-15
-23
-30
-37
-41
-45
-46
-46
-44
-42
-39
-33
-28
-22
-16
-10
-4
2
7
11
13
17
20
20
22
23
24
24
24
24
23
25
25
25
25
26
25
25
22
20
17
14
10
6
3
-2
-5
-8
-12
-16
-20
-22
-25
-28
-31
-32
-35
-34
-34
-33
-31
-27
-25
-21
-17
-13
-9
-3
2
8
12
19
24
28
32
35
37
39
39
39
37
35
29
25
22
14
6
-1
-10
-18
-27
-33
-40
-43
-47
-48
-49
-48
-45
-39
-33
-27
-18
-9
1
11
21
30
38
45
50
54
56
55
53
50
43
37
29
20
9
0
-11
-21
-30
-38
-46
-52
-57
-60
-61
-58
-54
-48
-41
-32
-23
-12
-3
7
18
27
36
43
49
53
55
54
54
51
48
42
34
28
20
13
7
-1
-7
-12
-17
-22
-26
-28
-28
-30
-29
-28
-27
-24
-20
-19
-16
-12
-10
-7
-5
-3
-2
2
2
4
5
7
9
9
10
10
12
12
13
13
13
12
11
11
9
9
6
4
2
0
-2
-4
-6
-7
-9
-11
-13
-13
-14
-13
-13
-11
-10
-9
-7
-7
-6
-5
-4
-3
-1
-1
1
3
3
4
7
7
9
10
11
11
13
14
16
16
16
16
13
12
8
6
3
-1
-3
-6
-9
-13
-17
-18
-19
-20
-20
-20
-17
-17
-14
-11
-7
-4
0
3
5
9
12
14
16
18
19
19
19
18
15
13
10
7
3
2
-2
-2
-3
-4
-5
-5
-6
-6
-6
-6
-5
-4
-3
-3
-3
-2
-2
-2
-1
-2
-3
-3
-3
-2
-3
-3
-2
0
-1
0
1
2
3
4
5
5
6
7
8
8
9
8
7
7
6
3
3
1
-2
-5
-6
-8
-9
-11
-12
-12
-12
-11
-11
-9
-8
-7
-6
-4
-1
0
1
3
6
7
7
8
8
9
9
9
10
8
9
6
5
3
3
1
1
0
-1
0
-1
-4
-6
-5
-5
-6
-6
-5
-5
-4
-4
-3
-2
0
2
2
3
3
4
6
7
9
8
10
10
8
7
5
5
3
2
0
-3
-4
-5
-7
-8
-9
-10
-10
-10
-10
-9
-8
-7
-5
-3
-1
1
3
5
7
9
9
10
10
10
8
8
7
5
3
1
-1
-4
-6
-9
-8
-8
-9
-8
-7
-7
-6
-6
-4
-3
-1
1
2
4
5
5
6
6
6
5
4
3
2
0
0
-2
-3
-4
-6
-7
-7
-9
-7
-6
-5
-3
-2
-2
-1
2
2
3
5
7
8
8
10
10
10
11
11
10
9
7
5
4
1
0
-1
-2
-2
-5
-6
-7
-8
-8
-9
-9
-9
-9
-7
-7
-5
-4
-2
-1
1
3
4
5
7
8
9
11
10
10
9
9
9
8
7
5
4
2
1
-1
-3
-4
-5
-6
-7
-9
-9
-8
-8
-6
-5
-2
-2
-2
-2
-1
0
3
4
4
5
5
3
2
1
0
0
-1
-2
-3
-4
-3
-5
-5
-3
-4
-4
-3
-1
-2
-1
2
2
4
4
4
5
5
5
5
4
3
1
0
-2
-3
-4
-3
-3
-6
-6
-6
-6
-6
-5
-4
-1
1
2
4
4
6
6
6
9
8
8
8
8
6
5
4
2
1
0
-1
-3
-4
-5
-5
-6
-6
-6
-4
-5
-4
-2
-2
-1
2
2
2
3
4
5
6
7
7
7
4
4
4
2
2
2
2
1
1
-1
-2
-2
-1
-2
-2
-2
-2
-2
-1
-1
-1
-1
0
0
0
2
0
-1
0
2
3
3
2
0
1
1
1
1
0
1
1
1
-1
-4
-5
-4
-3
-2
-2
-2
-3
-3
-3
-2
-1
1
3
5
6
7
7
6
4
3
3
3
2
1
0
-2
-8
-16
-24
-29
-29
-27
-21
-15
-14
-12
-18
-17
-12
-1
19
39
57
63
59
50
39
31
26
25
27
28
23
13
-10
-36
-57
-72
-70
-60
-45
-31
-31
-29
-38
-39
-38
-32
-7
15
51
74
82
78
53
37
22
19
26
32
39
34
17
-7
-33
-56
-63
-61
-41
-21
-5
3
-5
-17
-29
-30
-17
4
29
51
62
59
44
21
-1
-16
-17
-8
5
11
8
-7
-28
-45
-54
-50
-35
-14
9
26
29
20
9
-2
-3
6
22
39
50
49
37
16
-7
-24
-30
-25
-13
-1
4
0
-13
-28
-38
-41
-34
-20
-2
13
21
18
6
-8
-17
-16
-5
12
25
31
28
18
4
-9
-16
-12
-3
11
22
26
21
8
-6
-16
-19
-11
0
9
12
8
-4
-17
-27
-31
-27
-19
-6
5
11
6
-3
-12
-14
-8
4
19
30
35
32
22
8
-2
-7
-3
4
9
10
4
-5
-16
-26
-30
-27
-14
1
12
13
7
0
-5
-6
-2
10
23
35
34
25
12
0
-10
-17
-14
-6
6
12
7
-2
-16
-29
-33
-28
-17
-4
4
11
11
4
-8
-15
-14
-4
9
20
24
21
13
3
-6
-10
-8
-1
8
13
16
13
7
0
-5
-7
-5
1
7
9
6
0
-4
-3
-5
-11
-19
-21
-19
-16
-15
-16
-13
-8
-2
2
3
3
5
10
19
25
27
27
25
22
17
6
3
4
9
11
6
-1
-10
-18
-27
-33
-30
-23
-10
-1
1
-6
-12
-16
-12
-2
10
21
33
39
33
15
-5
-13
-14
-7
-1
2
4
1
-10
-27
-42
-45
-35
-14
7
19
24
23
18
11
4
3
12
28
45
56
52
38
17
-5
-23
-31
-29
-18
-7
-1
-4
-14
-30
-47
-59
-61
-46
-19
12
31
33
21
3
-9
-12
-6
8
26
47
61
58
34
1
-32
-47
-40
-16
14
34
37
23
0
-28
-45
-46
-31
-3
26
44
43
23
-5
-32
-40
-29
-3
23
38
33
12
-18
-44
-55
-50
-26
5
31
40
28
0
-28
-44
-41
-14
18
42
50
36
10
-15
-27
-21
1
32
59
68
57
25
-10
-37
-43
-27
4
32
41
27
-6
-46
-74
-82
-66
-34
6
32
37
19
-12
-42
-49
-32
6
50
81
86
64
23
-19
-46
-47
-22
19
53
67
51
12
-33
-66
-73
-52
-13
28
50
48
21
-20
-54
-70
-53
-13
34
66
69
43
-2
-46
-71
-66
-36
7
46
62
51
15
-29
-62
-68
-43
2
47
75
72
44
1
-34
-48
-39
-8
29
56
60
39
-1
-43
-70
-71
-41
2
40
55
44
15
-21
-47
-55
-40
-8
27
50
52
29
-8
-39
-55
-47
-18
14
40
47
33
4
-26
-45
-46
-26
6
35
51
45
25
-2
-20
-25
-12
11
35
50
46
27
-1
-29
-45
-42
-24
-2
17
23
10
-13
-37
-51
-48
-31
-5
19
34
34
21
0
-16
-21
-9
13
37
49
46
28
4
-19
-31
-28
-14
4
19
24
16
-3
-25
-40
-40
-22
2
25
38
35
20
-1
-17
-23
-20
-5
9
16
14
1
-15
-31
-38
-32
-13
11
30
38
33
18
3
-6
-4
3
15
26
28
20
3
-17
-31
-32
-22
-5
8
14
10
-2
-15
-26
-26
-16
1
17
26
21
10
-5
-15
-18
-12
1
16
24
23
12
-3
-16
-23
-18
-8
4
9
9
0
-10
-17
-18
-11
4
17
28
29
24
14
4
-5
-7
-3
3
8
5
0
-12
-21
-24
-20
-12
-2
6
10
9
4
-3
-6
-6
0
8
13
15
12
5
-1
-5
-4
1
5
8
7
2
-6
-13
-17
-15
-10
-6
0
1
-1
-1
-1
1
5
9
15
20
21
16
6
-3
-11
-13
-13
-9
-7
-6
-6
-6
-5
-5
-4
-3
1
7
13
16
13
9
0
-4
-8
-10
-9
-7
-4
2
6
7
7
4
4
10
17
24
27
25
18
9
-1
-13
-21
-25
-23
-17
-9
-8
-9
-13
-14
-12
-6
5
16
24
28
24
15
4
-6
-11
-10
-5
1
4
2
-4
-11
-17
-17
-9
1
13
21
22
14
1
-11
-18
-17
-9
0
7
10
7
0
-8
-12
-9
-2
10
21
25
20
7
-7
-16
-19
-14
-6
2
5
6
-1
-8
-12
-14
-11
-4
4
12
12
7
-1
-10
-15
-13
-7
1
8
12
12
10
5
-1
-3
1
5
11
13
10
3
-7
-12
-16
-17
-14
-9
-4
0
-1
-4
-7
-8
-6
2
11
18
21
17
12
5
2
-2
-1
2
4
4
2
-3
-10
-15
-16
-13
-6
3
10
12
12
9
6
2
1
3
6
9
9
3
-3
-11
-17
-19
-14
-7
0
7
9
6
3
-2
-5
-5
0
4
7
6
2
-3
-6
-7
-5
-2
4
10
13
12
7
1
-4
-3
-2
0
0
-2
-3
-4
-5
-7
-6
-5
-1
4
8
10
10
8
5
1
-3
-5
-5
-6
-6
-7
-8
-9
-9
-9
-6
-2
2
7
10
11
9
6
3
1
0
1
1
2
1
0
-2
-4
-5
-5
-4
-1
3
4
4
3
1
-1
-3
-3
-2
-1
1
2
1
0
-1
-1
-2
0
2
2
2
3
3
0
-2
-4
-3
-2
0
2
1
2
1
0
-1
2
3
5
6
5
2
0
-1
-1
-1
1
1
1
0
-2
-2
-3
-2
0
2
3
3
3
0
-2
-3
-4
-3
0
0
2
-1
0
0
0
-1
0
1
2
3
2
1
-1
-1
-1
-1
0
1
2
3
2
1
1
0
-1
1
0
1
1
0
-1
-2
-4
-4
-2
0
1
2
2
1
1
0
0
0
1
2
2
2
0
-1
-2
-1
-1
-2
-2
0
1
1
1
0
0
0
0
0
1
2
1
1
0
-1
-1
-1
-2
-1
0
1
3
4
2
1
1
0
0
1
2
1
1
1
0
-1
0
0
0
0
1
1
0
-2
0
-2
-1
-2
0
1
2
2
2
2
1
1
1
2
3
3
3
2
1
0
0
-2
-2
-3
-2
-1
-2
-2
-3
-4
-3
-3
-1
0
2
4
4
3
2
0
1
1
2
3
2
1
-1
-2
-1
-2
0
0
0
0
0
0
0
0
1
1
1
1
1
1
1
0
0
0
0
0
0
-1
-1
0
-1
0
0
0
0
0
0
0
0
0
0
0
1
1
1
0
1
1
1
0
1
0
0
1
1
0
0
-1
0
0
1
1
4
2
2
0
-1
-2
-2
-1
-1
0
2
1
1
-1
-3
-3
0
1
4
4
3
2
2
1
1
1
1
2
2
3
1
0
-2
-1
-2
-2
1
0
1
1
-1
0
-1
-2
0
0
0
2
0
-1
0
-2
-2
-1
-1
1
2
3
3
1
0
-1
-2
0
0
1
2
0
-1
-1
-1
-1
-1
1
0
1
1
1
-1
1
2
0
1
1
1
1
-1
0
1
0
-1
1
1
0
1
-1
0
0
1
0
0
-1
1
0
0
1
0
0
0
0
1
0
0
0
0
1
0
-1
0
-1
0
1
0
1
-1
0
1
0
0
0
0
0
-1
0
0
0
0
0
0
0
0
0
0
-1
0
1
0
1
0
-1
0
0
1
0
0
0
0
0
0
-1
0
-1
0
0
0
0
0
0
0
1
0
1
0
0
0
1
1
-1
0
-1
-2
-1
-1
-1
1
2
1
0
0
-1
1
0
1
2
2
3
1
0
0
0
0
0
0
0
0
-1
0
1
0
0
0
0
0
0
0
0
0
0
0
0
0
0
0
-1
1
0
0
0
-1
0
0
0
1
0
0
0
-1
0
0
0
0
1
1
0
1
0
0
-1
0
-1
0
0
0
0
0
0
0
0
0
0
0
0
0
1
0
0
0
0
0
0
0
0
0
0
0
0
0
0
0
0
0
0
1
0
0
0
1
0
0
0
0
0
0
0
0
1
1
0
0
1
0
0
0
0
0
1
0
0
-1
1
0
-1
-1
0
0
0
0
0
1
0
1
0
0
0
1
0
-1
0
-1
0
0
-1
0
0
0
-1
0
0
0
0
0
0
0
0
1
-1
0
0
0
0
-1
0
0
0
0
0
1
0
0
0
0
0
0
0
0
1
1
0
0
0
0
0
0
0
0
0
1
0
-1
0
0
0
0
0
0
0
0
0
0
1
0
1
1
1
0
0
0
0
0
0
0
0
0
0
0
0
-1
0
0
0
-1
0
-1
0
0
0
0
0
0
0
-1
1
0
1
0
0
0
0
1
1
0
-1
0
1
-1
0
0
0
0
0
0
0
0
0
0
0
0
0
1
-1
0
0
0
0
0
0
0
-1
0
-1
0
0
0
0
0
-1
0
1
0
0
0
1
0
0
0
0
0
0
0
0
0
0
0
0
0
0
1
0
1
0
-1
-1
-1
0
0
0
0
0
0
0
-1
0
0
1
-1
0
1
0
0
0
0
0
0
0
-1
0
0
0
0
0
0
0
0
0
0
0
0
0
0
0
0
0
0
0
0
0
0
1
0
1
0
0
0
1
0
0
-1
1
0
-1
0
0
-1
0
0
0
0
-1
0
0
0
0
1
0
0
0
1
0
0
1
-1
0
0
0
0
0
0
-1
0
1
0
0
0
1
-1
0
0
0
-1
0
0
0
-1
0
1
0
-1
0
0
-1
-1
0
0
0
0
-1
-1
-1
0
0
0
0
0
0
0
0
0
1
0
-1
0
1
0
1
0
0
0
-1
0
0
0
0
0
0
-1
1
0
0
0
0
1
0
0
0
-1
0
1
0
0
0
0
0
0
0
0
0
0
-1
1
-1
0
1
0
0
0
0
0
0
0
0
0
0
0
0
0
0
0
1
0
0
0
0
-1
1
0
0
0
0
0
0
0
0
0
0
0
0
-1
0
0
0
-1
0
0
1
1
0
0
0
0
-1
0
1
0
-1
0
0
0
0
-1
0
0
0
0
0
-1
-1
0
0
0
0
1
0
0
0
0
-1
0
0
0
0
0
0
0
0
1
0
-1
0
0
-1
0
0
0
0
0
0
0
0
0
0
0
1
0
0
0
0
-1
-1
0
-1
0
0
0
-1
0
0
0
0
1
1
-1
0
0
-1
-1
0
0
-1
0
0
-1
0
0
-1
1
-1
0
0
-1
0
0
0
0
0
0
0
1
0
0
-1
1
1
0
0
0
0
0
0
0
0
0
1
0
0
0
0
0
0
-1
0
0
-1
0
0
1
0
0
1
0
0
0
1
0
0
0
0
0
0
1
-1
0
0
0
1
0
-1
0
0
0
0
0
-1
0
0
0
0
1
0
0
1
0
0
0
1
0
0
0
0
0
1
0
0
0
0
0
0
0
1
0
0
0
0
-1
0
0
-1
-1
0
-1
0
0
0
1
1
0
0
0
-1
1
0
0
0
0
1
0
1
0
0
1
1
0
0
0
0
0
-1
0
0
0
-1
0
0
1
0
0
0
0
1
0
1
0
0
0
0
-1
0
0
0
0
0
-1
0
0
0
1
1
0
0
-1
0
0
1
0
0
-1
1
0
0
0
0
-1
0
0
0
0
0
0
0
0
0
0
0
1
0
0
0
-1
0
1
0
0
1
-1
0
-1
-1
0
0
0
0
0
0
0
0
-1
0
-1
1
0
1
1
0
0
0
0
0
0
0
0
0
0
0
0
0
0
1
0
-1
0
0
0
0
0
0
-1
0
0
-1
0
0
0
0
0
0
0
1
1
0
0
0
0
0
0
0
-1
0
0
0
0
0
0
-1
-1
0
0
0
0
0
1
0
1
-1
0
0
-1
0
0
0
1
0
0
0
0
0
0
0
1
0
1
0
0
0
-1
-1
0
0
0
0
1
0
-1
0
0
0
0
1
0
-1
0
0
0
0
0
1
0
0
0
0
0
0
0
0
0
0
1
0
0
0
0
0
0
0
0
0
0
0
0
0
-1
-1
0
0
0
0
0
0
-1
0
0
-1
0
0
0
0
0
0
0
0
0
0
0
0
0
0
0
0
0
-1
0
0
1
0
0
-1
1
0
0
0
0
0
0
0
0
0
0
-1
1
0
0
-1
0
0
0
1
0
-1
0
0
0
0
0
0
0
1
-1
0
-1
0
-1
-1
0
0
0
1
0
0
0
0
0
1
0
-1
-1
0
0
0
0
0
0
0
-1
0
-1
0
1
0
0
0
0
1
0
0
0
0
0
-1
-1
0
0
0
0
-1
0
1
0
1
0
0
0
0
-1
0
0
0
-1
0
0
0
0
0
0
0
0
-1
0
0
0
1
0
1
0
-1
0
1
0
0
-1
0
0
0
0
0
0
1
0
1
0
0
0
0
0
1
0
1
0
0
0
1
0
0
0
0
0
-1
0
0
0
0
0
0
0
0
0
-1
0
0
0
0
0
0
0
0
0
0
1
0
1
0
0
1
0
0
1
0
0
1
0
0
1
0
0
0
0
0
0
0
0
0
0
0
1
0
0
-1
0
0
-1
0
-1
0
0
1
1
0
0
0
-1
0
0
0
0
0
0
1
0
0
-1
0
0
0
0
-1
0
1
0
0
0
0
0
-1
0
0
0
0
0
0
0
1
0
0
0
0
0
-1
0
0
0
0
0
1
0
0
0
0
0
0
0
1
0
-1
0
-1
1
0
0
0
0
-1
0
-1
0
0
0
0
-1
1
0
0
0
1
0
-1
0
1
1
0
-1
0
0
0
0
0
0
0
0
-1
0
0
0
0
1
-1
0
0
-1
0
0
0
0
0
1
1
0
0
0
-1
-1
0
0
0
1
0
0
0
0
0
0
1
0
0
-1
0
0
1
0
0
0
0
0
1
0
0
-1
0
0
0
0
0
0
0
0
1
0
0
0
0
0
0
0
0
1
0
0
0
0
0
0
-1
0
0
0
0
1
0
0
1
0
0
0
1
-1
0
-1
0
0
0
1
0
0
0
0
0
0
1
0
0
0
0
0
0
0
0
0
-1
0
0
0
1
0
0
0
1
0
0
0
0
0
0
0
0
0
0
1
0
1
0
-1
0
0
-1
0
0
0
-1
0
0
0
-1
0
-1
1
-1
1
0
0
0
0
0
1
0
1
0
0
0
0
0
0
0
0
0
0
0
1
0
0
-1
0
0
0
0
0
0
0
0
0
0
-1
0
0
1
0
0
-1
0
0
0
0
0
0
0
0
-1
0
1
0
0
0
0
1
0
0
0
0
0
-1
0
0
-1
0
0
0
0
0
0
0
0
0
0
0
1
1
1
1
0
0
-1
1
0
0
0
0
0
0
0
0
0
0
0
0
1
0
0
1
0
1
0
0
1
0
0
0
0
1
0
0
-1
0
0
1
1
0
0
-1
0
-1
-1
0
0
0
1
1
0
-1
0
1
0
0
0
0
1
0
1
-1
0
1
0
0
0
-1
0
0
0
1
0
-1
0
-1
-1
0
0
1
0
0
0
1
1
0
0
1
1
-1
0
-1
0
0
0
1
0
0
0
0
-1
0
0
-1
0
0
-1
-1
1
0
0
0
0
-1
0
1
0
0
0
-1
1
0
1
0
1
-1
0
0
0
-1
0
0
0
0
0
0
0
0
0
0
0
0
0
0
0
0
0
1
0
0
0
0
1
0
0
0
0
0
0
0
0
0
0
0
0
0
0
0
0
0
0
0
0
1
0
0
0
0
-1
0
0
1
0
0
0
0
0
-1
0
0
0
0
0
0
-1
0
0
-1
0
0
0
-1
0
0
0
0
-1
0
0
0
0
0
0
0
0
0
0
0
0
0
0
0
-1
0
0
0
-1
0
-1
0
-1
0
0
0
0
1
0
0
0
0
-1
1
0
0
0
0
0
1
0
0
0
0
0
0
1
0
0
0
0
-1
0
-1
0
0
0
0
0
0
0
0
0
0
0
0
0
0
0
0
0
1
0
1
1
0
1
0
0
0
0
0
1
0
1
0
0
0
1
0
0
-1
0
0
1
0
-1
0
0
0
0
-1
-1
1
0
0
1
0
0
1
0
0
0
-1
1
0
0
0
0
0
0
-1
0
0
0
0
0
0
0
0
0
0
0
0
0
0
0
0
0
0
0
0
-1
0
-1
0
-1
0
0
0
0
0
-1
0
-1
1
0
0
0
0
0
-1
0
-1
0
-1
0
0
0
0
-1
0
-1
0
1
0
0
0
0
0
0
1
0
0
0
0
0
0
-1
0
0
0
0
0
0
0
0
1
0
1
1
0
0
0
0
0
0
0
0
0
0
1
0
1
0
0
0
0
0
0
0
1
0
0
0
1
0
1
1
0
0
0
0
-1
0
0
1
0
0
0
0
0
0
0
0
0
0
0
0
0
-1
0
0
0
0
0
0
0
0
0
-1
0
1
0
0
0
0
0
0
0
-1
1
0
0
0
1
0
1
0
0
0
0
0
0
0
-1
0
1
0
0
0
1
0
0
0
0
-1
1
1
0
0
1
0
0
0
0
0
0
0
0
-1
0
0
0
0
1
0
0
0
0
0
0
-1
-1
1
0
0
1
0
0
-1
0
-1
1
0
1
0
0
0
0
1
-1
0
0
0
0
0
0
0
0
0
0
0
0
0
0
-1
0
0
0
0
1
0
0
0
0
0
0
0
0
-1
0
0
0
-1
0
0
1
0
-1
0
0
0
0
1
1
1
0
0
-1
0
0
-1
0
0
0
0
-1
0
0
0
0
0
0
1
0
0
0
0
0
1
0
0
0
0
0
0
0
-1
1
-1
0
-1
0
0
0
0
-1
0
0
0
0
0
0
0
0
0
1
0
0
0
0
0
0
0
0
0
0
0
0
0
0
-1
0
0
0
1
0
0
0
0
-1
0
-1
0
1
0
0
1
0
0
0
0
0
0
0
0
0
0
1
-1
0
-1
0
0
-1
0
0
0
0
-1
0
0
0
0
0
1
0
0
0
0
0
0
0
-1
0
0
0
0
0
0
-1
0
0
0
0
0
0
-1
0
-1
0
0
0
0
1
0
0
0
0
0
0
0
0
0
0
0
0
1
0
0
0
0
1
0
-1
0
1
0
0
0
0
0
0
0
-1
-1
0
0
0
1
0
-1
0
0
-1
0
0
0
-1
0
0
1
0
0
0
0
0
0
1
0
0
0
0
1
0
0
0
1
1
0
0
0
0
0
0
1
0
1
0
0
0
1
0
0
0
-1
1
1
0
-1
0
0
0
0
0
0
0
0
0
0
0
1
0
1
0
0
0
0
0
-1
0
1
0
0
-1
0
-1
0
0
-1
0
0
0
0
0
0
0
0
0
0
0
0
0
0
0
0
0
0
0
0
0
0
0
0
0
0
0
0
0
0
0
0
0
-1
0
0
0
0
0
0
0
-1
0
0
0
0
0
0
0
0
0
0
0
0
0
0
0
0
0
0
0
0
0
0
1
-1
0
0
0
0
0
0
0
1
0
0
0
0
0
-1
0
0
0
0
0
0
0
0
0
0
-1
-1
-1
-1
0
-1
0
0
0
0
0
0
-1
-1
0
-1
0
0
0
-1
0
0
0
0
0
0
0
1
0
0
0
0
0
0
0
0
0
0
1
1
0
0
0
0
0
0
0
0
0
0
0
1
0
0
0
0
0
1
1
0
0
0
0
0
-1
0
0
0
0
0
0
1
0
0
1
0
0
0
1
0
0
1
0
1
1
0
0
0
0
0
0
0
0
0
0
1
0
1
1
-1
0
0
0
0
0
0
0
0
0
0
0
1
0
0
1
0
0
0
1
0
0
0
-1
0
0
0
0
0
0
0
0
0
0
1
0
0
0
-1
-1
0
0
0
0
0
0
0
0
0
0
-1
0
1
0
0
0
0
0
0
0
-1
0
1
0
0
0
0
-1
0
-1
-1
0
0
0
0
1
0
0
0
0
0
0
0
0
1
1
0
1
-1
0
0
0
0
0
0
0
0
0
0
0
0
0
0
0
0
0
0
0
0
0
0
0
0
0
0
0
0
-1
1
0
1
0
0
1
0
0
0
0
0
1
-1
0
0
0
0
0
1
0
0
-1
0
0
0
0
1
0
0
1
-1
-1
0
0
0
0
0
0
0
0
0
0
0
-1
0
0
0
1
0
0
0
0
1
0
-1
-1
0
0
0
-1
0
0
0
0
0
-1
0
0
0
0
-1
0
0
0
0
0
0
0
0
0
0
0
0
0
0
-1
0
0
0
0
0
0
0
0
0
1
0
-1
0
0
0
0
0
0
0
0
0
0
0
0
0
0
0
0
0
0
0
-1
0
0
0
0
0
0
0
0
0
0
0
0
0
1
0
0
0
0
0
0
0
1
0
0
0
1
1
0
0
0
-1
1
1
0
0
0
0
0
0
0
1
0
0
0
1
0
0
0
0
0
-1
0
0
0
0
0
0
0
0