47
14
-25
-54
-65
-57
-41
-32
-37
-58
-86
-113
-131
-137
-135
-124
-113
-109
-111
-121
-134
-140
-133
-111
-83
-58
-47
-51
-65
-74
-72
-51
-19
10
26
23
11
-4
-4
13
41
67
78
69
45
21
7
8
20
33
35
25
5
-22
-42
-52
-48
-32
-13
2
7
-4
-23
-44
-52
-42
-14
18
40
38
14
-18
-41
-38
-11
30
68
86
79
57
32
20
29
58
92
116
122
106
76
47
28
28
40
61
76
73
55
28
5
-4
3
21
38
42
28
3
-27
-48
-55
-52
-42
-36
-38
-47
-63
-77
-87
-85
-70
-48
-26
-6
-1
-7
-23
-36
-37
-26
-4
18
29
25
10
-12
-29
-29
-12
16
49
72
71
49
16
-13
-25
-8
26
61
77
59
13
-39
-78
-80
-48
3
42
52
25
-24
-69
-84
-67
-25
15
33
17
-23
-67
-94
-92
-68
-34
-11
-6
-17
-35
-46
-40
-21
6
32
48
53
49
43
40
40
44
49
55
58
60
59
55
50
45
42
42
42
42
38
31
20
10
-3
-14
-25
-35
-45
-51
-56
-57
-58
-57
-56
-54
-50
-43
-29
-14
0
7
7
3
0
5
14
24
32
32
23
12
7
9
21
35
45
47
38
24
11
5
8
14
18
14
-1
-22
-40
-50
-48
-39
-29
-22
-24
-34
-45
-49
-44
-30
-15
-4
-4
-16
-35
-50
-57
-52
-36
-20
-13
-16
-32
-46
-48
-32
-3
29
47
47
32
14
6
16
43
70
87
84
65
40
28
34
59
86
102
100
82
61
49
52
65
78
77
59
29
-1
-21
-27
-22
-16
-20
-31
-49
-64
-71
-70
-62
-54
-47
-45
-44
-46
-45
-45
-41
-39
-34
-32
-29
-27
-22
-18
-11
-4
4
14
24
32
37
37
35
32
26
23
22
19
14
8
-3
-12
-20
-25
-23
-22
-21
-21
-22
-23
-21
-19
-14
-13
-16
-23
-30
-34
-33
-28
-25
-27
-35
-44
-48
-39
-20
2
17
19
10
-1
-5
6
25
46
53
47
29
13
7
15
31
49
58
59
50
43
43
51
63
70
72
64
52
37
28
19
11
1
-14
-26
-37
-39
-36
-34
-34
-38
-45
-51
-53
-47
-36
-22
-12
-13
-24
-42
-58
-58
-44
-15
15
33
32
15
-4
-6
17
65
113
138
130
93
48
21
21
43
66
72
52
12
-34
-63
-68
-51
-26
-10
-12
-32
-56
-73
-79
-71
-58
-47
-48
-59
-77
-95
-102
-95
-75
-50
-26
-13
-10
-17
-22
-15
5
34
63
77
70
46
16
-5
-6
13
40
63
67
51
23
-3
-13
0
29
60
75
68
40
0
-31
-41
-30
-5
18
25
10
-15
-44
-57
-47
-14
27
62
73
59
29
-2
-18
-12
10
35
51
46
19
-19
-51
-63
-50
-17
21
46
48
29
-1
-27
-32
-14
17
47
58
40
3
-38
-61
-56
-27
12
39
42
21
-10
-36
-41
-21
12
40
47
29
-6
-38
-58
-54
-33
-11
0
-8
-27
-50
-56
-45
-16
17
40
43
24
-5
-33
-38
-24
3
27
34
16
-19
-53
-67
-51
-12
33
61
58
25
-18
-47
-45
-11
37
72
74
38
-18
-68
-86
-65
-16
35
65
58
23
-20
-43
-33
10
60
96
101
70
20
-24
-43
-31
0
32
48
40
15
-17
-41
-43
-26
6
35
50
43
16
-19
-46
-57
-47
-25
-4
5
-3
-25
-52
-68
-66
-42
-5
29
46
38
13
-17
-31
-25
1
30
49
43
16
-20
-48
-52
-33
-2
27
40
34
15
-1
-6
5
22
38
41
26
3
-19
-31
-28
-17
-6
-2
-9
-18
-23
-19
-3
15
28
31
22
10
3
7
17
31
35
29
13
-9
-24
-24
-11
11
32
42
38
23
7
-1
4
21
40
48
43
20
-13
-45
-66
-63
-40
-6
23
32
19
-13
-47
-65
-57
-21
25
62
68
36
-23
-79
-107
-92
-38
23
61
56
9
-57
-107
-111
-67
6
76
108
87
24
-47
-94
-92
-47
16
63
71
34
-28
-84
-106
-83
-25
41
88
95
63
9
-39
-56
-38
8
59
87
78
34
-27
-72
-82
-52
5
64
95
85
39
-20
-61
-59
-14
50
101
112
71
0
-67
-99
-81
-20
49
93
88
43
-19
-61
-61
-16
52
106
118
82
18
-46
-77
-65
-21
30
59
54
17
-31
-65
-69
-38
11
53
66
45
2
-43
-64
-57
-25
12
35
29
0
-38
-66
-66
-43
-6
27
43
33
5
-22
-34
-25
2
30
42
30
-3
-41
-69
-71
-49
-11
21
30
13
-23
-55
-66
-51
-14
25
46
36
2
-40
-68
-67
-39
1
32
40
22
-10
-37
-43
-24
11
45
61
53
27
-4
-22
-22
-4
19
36
37
23
1
-17
-26
-21
-5
15
30
36
31
20
7
-1
-3
2
11
19
22
18
5
-7
-15
-13
0
20
39
49
47
35
21
12
14
25
38
43
37
22
6
-4
-4
2
10
13
5
-5
-15
-17
-11
2
10
8
-6
-27
-39
-38
-25
-7
2
-1
-19
-42
-58
-59
-42
-15
9
19
12
-8
-26
-32
-23
-4
12
21
16
0
-19
-29
-27
-13
7
25
31
27
13
-2
-13
-13
-4
9
21
23
12
-9
-31
-46
-47
-35
-16
0
5
-5
-26
-49
-59
-50
-23
9
31
31
8
-24
-50
-54
-34
1
33
48
39
10
-20
-34
-22
9
45
69
67
47
17
-7
-13
-1
22
43
50
42
22
1
-10
-10
1
19
31
36
32
25
13
3
-4
-9
-8
-3
5
13
15
9
-3
-15
-19
-14
2
22
37
36
24
6
-10
-11
1
20
34
34
18
-6
-25
-29
-16
8
29
34
20
-4
-28
-37
-28
-7
11
17
6
-18
-40
-50
-43
-24
-4
5
-1
-19
-38
-46
-38
-21
-1
11
6
-9
-25
-37
-35
-22
-4
8
10
2
-13
-25
-30
-22
-6
10
21
21
11
-5
-19
-23
-17
-1
15
20
13
-5
-23
-35
-28
-9
15
35
37
23
-2
-21
-29
-17
10
38
53
46
20
-12
-31
-29
-7
28
53
60
44
13
-16
-26
-12
20
54
73
65
35
-2
-30
-35
-15
18
48
59
45
13
-22
-42
-40
-16
17
43
49
33
0
-29
-46
-41
-16
15
38
39
20
-11
-39
-50
-40
-15
16
38
40
23
-6
-28
-38
-26
-2
25
37
30
6
-22
-44
-48
-33
-11
11
21
13
-9
-35
-50
-48
-30
-4
15
18
5
-19
-37
-46
-40
-23
-6
6
6
-3
-15
-26
-27
-16
3
21
30
28
19
5
-5
-7
-1
9
18
20
15
5
-6
-9
-7
2
11
19
21
17
12
6
4
4
6
7
5
0
-3
-5
-4
-2
1
2
1
0
2
7
13
19
23
21
15
7
3
2
5
8
8
5
-1
-6
-9
-7
0
8
15
16
12
5
1
-1
1
6
11
11
5
-4
-15
-21
-20
-12
-2
6
7
4
-1
-4
-4
-2
2
6
5
4
0
-4
-7
-10
-11
-11
-11
-8
-9
-10
-9
-8
-5
-1
3
6
9
8
4
-2
-9
-17
-19
-17
-10
-3
-1
-2
-6
-10
-10
-7
1
10
14
14
8
-1
-7
-10
-7
-3
0
0
-5
-9
-12
-12
-8
-3
3
7
8
8
8
6
6
4
4
3
3
3
3
4
1
0
-1
-5
-2
2
8
16
19
19
13
6
2
2
6
10
14
10
3
-7
-15
-16
-10
0
12
16
12
4
-6
-10
-8
3
14
20
18
7
-6
-15
-17
-12
-1
9
13
10
1
-8
-11
-8
1
13
20
19
10
-1
-10
-13
-10
-3
3
6
1
-6
-14
-20
-18
-10
1
11
12
8
-3
-12
-15
-11
-2
7
8
3
-8
-17
-23
-19
-10
2
8
10
4
-4
-10
-8
-2
7
15
15
8
-2
-11
-17
-12
-4
5
9
5
-4
-13
-15
-11
0
12
21
20
10
-3
-14
-15
-9
2
12
14
7
-2
-14
-18
-15
-5
9
19
20
14
3
-7
-11
-5
5
15
18
14
6
-7
-15
-18
-12
1
12
19
17
9
0
-8
-8
0
11
19
25
18
6
-9
-18
-19
-11
2
13
18
12
0
-11
-17
-12
0
15
24
24
14
-4
-16
-22
-18
-7
5
11
10
2
-9
-16
-18
-11
3
15
22
20
8
-4
-14
-17
-9
2
11
15
8
-4
-17
-25
-23
-10
5
20
23
16
-1
-14
-24
-20
-8
7
18
15
2
-17
-34
-36
-25
-4
15
26
20
3
-15
-24
-21
-4
16
28
28
14
-7
-25
-31
-23
-4
15
24
22
8
-9
-21
-18
-5
14
29
32
21
3
-18
-26
-23
-10
9
19
18
6
-9
-21
-21
-8
9
25
30
23
8
-9
-18
-16
-2
14
24
23
10
-9
-25
-31
-20
-1
19
29
27
13
-6
-20
-21
-10
8
23
27
18
-1
-22
-30
-27
-9
13
26
27
15
-4
-19
-22
-10
9
26
33
24
4
-16
-30
-29
-14
3
17
20
11
-6
-19
-24
-18
-3
14
25
23
10
-5
-18
-20
-14
0
11
16
13
0
-13
-21
-21
-10
6
20
22
17
7
-6
-12
-11
-3
9
15
14
3
-11
-21
-23
-15
-1
9
15
12
2
-10
-15
-13
-3
9
16
16
8
-5
-16
-20
-15
-5
6
12
9
4
-5
-9
-6
0
10
17
17
13
0
-9
-13
-12
-4
2
9
6
-1
-10
-14
-12
-5
4
11
11
9
2
-2
-6
-5
1
5
7
5
1
-6
-9
-8
-4
0
7
9
9
6
2
0
-1
2
4
5
4
2
-1
-3
-4
-4
-2
0
1
1
2
1
1
2
4
4
4
2
2
1
1
1
-2
-3
-4
-5
-4
-2
0
1
1
0
-1
-2
-1
1
3
7
5
1
-3
-7
-8
-7
-3
0
2
3
0
-1
-3
-1
3
7
10
9
5
1
-3
-3
0
1
4
4
2
-2
-6
-7
-6
0
4
8
7
3
1
-1
-1
0
1
2
2
0
-2
-3
-4
-3
-1
-1
0
0
1
0
1
3
3
2
0
0
-1
-1
0
-1
0
-2
-3
-6
-7
-7
-4
0
5
7
5
2
-2
-3
-1
1
5
6
5
1
-3
-6
-7
-5
0
4
7
7
3
0
-3
-2
1
5
8
9
4
-1
-7
-9
-7
-1
4
7
5
0
-6
-8
-7
-2
4
9
12
10
3
-5
-10
-9
-4
3
8
7
2
-4
-10
-11
-7
2
12
18
17
9
-2
-8
-9
-3
5
11
14
8
-2
-13
-19
-17
-6
5
15
17
10
-1
-11
-14
-9
0
9
15
12
1
-12
-22
-24
-15
0
12
18
14
2
-12
-17
-14
-1
15
25
26
13
-3
-18
-25
-19
-4
11
20
14
1
-14
-23
-19
-6
11
24
27
17
1
-15
-20
-16
-3
11
18
14
2
-11
-20
-18
-7
9
21
25
18
5
-8
-15
-9
2
15
22
17
3
-14
-26
-25
-13
4
18
23
18
2
-12
-20
-18
-4
13
24
22
12
-6
-20
-24
-18
-4
10
16
12
1
-12
-21
-18
-7
8
23
26
19
2
-15
-25
-24
-11
6
18
20
11
-6
-21
-25
-17
-1
16
27
28
17
1
-13
-18
-13
2
16
22
16
0
-18
-29
-27
-13
9
27
34
24
4
-18
-31
-29
-12
11
30
32
19
-6
-29
-41
-36
-15
12
33
35
21
-3
-25
-33
-21
4
29
42
36
13
-17
-39
-42
-26
2
28
40
30
5
-22
-38
-35
-13
17
40
45
28
0
-27
-38
-29
-5
21
36
29
6
-23
-42
-40
-19
12
39
47
35
7
-23
-39
-35
-12
16
36
37
20
-10
-34
-42
-30
-4
23
36
32
12
-15
-32
-34
-14
13
36
42
28
0
-28
-42
-36
-11
16
34
34
16
-9
-28
-30
-16
7
28
36
27
5
-16
-30
-26
-11
10
24
23
9
-13
-28
-31
-20
1
20
28
23
8
-9
-19
-18
-8
6
15
17
8
-5
-16
-21
-16
-4
11
17
14
4
-6
-8
-3
7
15
18
13
3
-9
-17
-17
-10
3
11
14
8
-2
-11
-11
-7
3
13
16
12
2
-10
-16
-14
-4
6
11
6
-6
-20
-27
-22
-9
8
19
23
14
0
-13
-16
-10
2
15
20
14
0
-15
-21
-16
-3
13
22
20
9
-7
-18
-19
-7
12
29
33
21
-1
-23
-34
-26
-8
13
25
22
5
-17
-32
-31
-13
15
37
43
29
3
-21
-35
-29
-5
21
39
36
13
-18
-43
-47
-28
3
37
52
43
17
-15
-36
-35
-15
15
37
40
21
-9
-37
-45
-31
-4
25
38
30
5
-23
-40
-34
-7
25
47
46
22
-14
-43
-53
-37
-4
28
44
36
7
-25
-44
-40
-14
21
48
52
32
-2
-34
-46
-38
-10
21
38
35
12
-19
-42
-47
-29
0
31
46
41
19
-10
-34
-36
-21
4
27
35
23
-1
-28
-43
-39
-20
8
28
34
23
4
-13
-21
-11
5
23
31
26
8
-13
-28
-30
-19
-1
14
22
19
7
-7
-16
-16
-5
10
21
24
14
-3
-19
-26
-22
-8
7
17
17
6
-9
-19
-21
-12
4
21
28
26
13
-3
-17
-18
-10
1
11
13
5
-8
-20
-22
-13
1
16
28
26
14
0
-14
-15
-8
5
14
15
7
-4
-17
-22
-16
-6
7
15
15
10
0
-5
-5
1
10
13
10
4
-7
-14
-15
-13
-5
1
5
3
-4
-10
-11
-4
6
14
16
10
0
-8
-11
-9
-2
4
6
4
-5
-13
-17
-15
-3
9
19
22
13
1
-12
-16
-10
3
15
19
12
-3
-19
-27
-24
-11
7
20
21
11
-4
-17
-16
-7
11
26
31
22
1
-18
-31
-28
-13
8
22
26
14
-5
-23
-29
-20
2
24
36
33
14
-9
-28
-31
-18
3
22
28
17
-5
-25
-36
-26
-2
23
40
39
21
-7
-29
-36
-25
-1
24
38
33
11
-17
-37
-41
-23
3
29
39
30
8
-18
-33
-29
-11
14
33
33
17
-9
-32
-41
-30
-5
20
36
31
11
-15
-31
-31
-12
15
36
41
28
2
-23
-36
-32
-14
10
27
28
15
-9
-27
-32
-19
4
27
38
31
9
-17
-35
-36
-20
5
27
33
21
-3
-26
-37
-29
-7
21
36
35
17
-8
-28
-33
-20
2
25
34
25
4
-18
-33
-31
-13
12
30
35
21
0
-21
-26
-20
-2
18
30
27
11
-10
-27
-28
-17
5
21
26
17
2
-14
-21
-15
-2
14
24
22
12
-6
-20
-24
-15
0
15
22
17
4
-11
-20
-17
-9
7
18
20
13
1
-9
-14
-11
-2
8
14
12
3
-7
-15
-16
-10
1
11
17
14
4
-5
-11
-12
-7
1
8
10
8
2
-8
-15
-14
-10
-2
6
11
10
4
-4
-9
-11
-5
-1
7
10
9
1
-6
-12
-13
-8
1
9
12
9
0
-10
-15
-15
-4
8
17
18
12
-1
-12
-17
-14
-3
8
15
14
6
-2
-11
-12
-8
1
12
18
17
7
-6
-17
-15
-5
5
15
17
11
0
-10
-16
-13
-3
10
18
18
9
-3
-11
-16
-9
2
13
18
15
5
-8
-18
-18
-11
2
13
18
13
2
-10
-15
-11
-3
9
16
16
7
-6
-16
-20
-15
-5
7
15
14
6
-5
-14
-16
-9
2
11
16
11
-1
-12
-19
-17
-8
4
14
16
10
-1
-13
-17
-14
-3
6
15
17
10
0
-10
-15
-13
-5
5
9
9
2
-7
-13
-12
-6
5
14
17
14
6
-5
-12
-12
-6
3
11
13
8
0
-9
-13
-9
-4
6
10
11
7
1
-6
-8
-7
0
4
5
4
-1
-7
-9
-9
-4
1
4
7
6
3
1
1
1
3
5
7
5
3
1
-2
-2
-2
-2
-1
0
1
1
2
3
3
2
1
2
-1
1
1
1
0
0
-2
-4
-5
-5
-2
-2
-1
0
0
0
-1
0
1
2
4
3
3
0
-1
-4
-4
-3
-1
2
3
2
0
-1
-3
-3
0
4
5
7
4
1
-2
-5
-4
-3
-1
1
1
0
-3
-3
-4
-2
2
6
10
8
4
0
-5
-4
-2
0
2
2
1
-2
-5
-5
-4
-1
3
4
6
2
0
-1
-2
0
1
2
1
0
-2
-4
-5
-4
-1
1
2
2
0
1
-1
1
3
5
5
5
2
-1
-3
-4
-3
-1
1
3
2
1
0
-2
-2
1
4
4
1
0
-3
-3
-2
1
3
3
2
-3
-5
-6
-7
-5
0
5
8
7
3
-1
-6
-6
-4
0
3
5
3
-2
-7
-11
-8
-3
4
8
9
5
0
-4
-6
-3
4
8
11
8
2
-7
-13
-12
-7
0
9
11
8
0
-7
-10
-7
0
8
14
14
9
-2
-12
-16
-13
-5
6
13
11
4
-8
-17
-19
-12
0
13
19
18
8
-5
-13
-14
-8
3
12
14
6
-3
-12
-16
-11
-1
9
18
15
9
-1
-11
-12
-9
0
9
15
13
6
-3
-10
-13
-10
-1
5
7
6
1
-3
-5
-2
2
8
10
11
6
0
-5
-7
-7
-3
-1
3
4
2
1
-1
-1
-2
0
2
3
4
3
3
0
-1
-1
-1
-1
0
1
-1
0
0
-1
-1
-1
-2
0
1
2
1
1
-1
-1
-1
-3
-3
-1
0
1
2
1
-1
-3
-3
-3
-1
2
6
8
8
3
-3
-7
-8
-4
0
4
6
5
1
-4
-6
-7
-2
3
6
7
5
0
-2
-3
-2
2
5
6
6
1
-6
-10
-12
-9
-1
7
12
10
6
-2
-7
-6
-1
5
11
11
6
-2
-11
-13
-11
-4
4
11
12
8
-1
-8
-10
-7
2
9
13
10
4
-4
-10
-12
-7
1
8
10
7
-2
-9
-13
-11
-2
9
16
19
13
5
-6
-13
-15
-9
-1
9
11
8
0
-7
-13
-11
-5
4
11
14
11
3
-5
-11
-12
-9
-3
2
5
5
0
-5
-8
-9
-4
3
8
13
10
4
-3
-9
-10
-6
1
9
14
13
7
-1
-10
-12
-12
-3
6
13
15
11
2
-8
-14
-14
-8
1
10
15
14
4
-9
-20
-24
-18
-1
15
25
23
12
-4
-19
-23
-16
-1
18
29
28
13
-8
-26
-32
-20
1
23
36
34
15
-10
-30
-37
-26
-1
24
38
34
12
-18
-42
-48
-33
-5
25
43
42
23
-8
-32
-44
-31
-3
26
46
44
21
-10
-38
-47
-33
-3
30
49
45
21
-15
-43
-54
-39
-8
25
47
47
23
-12
-43
-55
-43
-12
24
49
50
28
-6
-38
-52
-41
-13
23
48
52
34
-1
-35
-53
-48
-20
19
50
60
44
9
-27
-50
-49
-25
11
41
53
42
11
-24
-49
-53
-34
1
34
54
50
23
-12
-42
-51
-37
-8
27
48
47
26
-9
-41
-55
-44
-12
27
56
62
41
2
-38
-62
-59
-31
11
46
59
44
7
-35
-63
-63
-36
13
54
76
65
26
-23
-61
-70
-46
0
46
70
64
25
-25
-66
-75
-50
-2
49
77
71
34
-19
-63
-79
-59
-14
37
71
69
36
-15
-59
-79
-62
-18
32
68
74
46
-1
-44
-67
-57
-19
27
62
71
46
0
-46
-70
-63
-28
19
55
67
48
10
-33
-61
-62
-33
9
48
64
54
20
-21
-52
-62
-44
-7
31
55
52
25
-12
-44
-57
-42
-9
28
53
53
30
-6
-40
-57
-50
-19
19
48
56
40
5
-31
-53
-51
-23
15
47
60
44
11
-28
-56
-59
-36
-1
36
56
54
27
-10
-42
-53
-40
-5
30
55
54
30
-7
-40
-54
-43
-14
25
50
55
34
0
-36
-54
-48
-18
19
47
55
37
2
-34
-55
-53
-28
8
38
50
40
10
-24
-48
-50
-30
4
35
51
43
17
-19
-44
-51
-36
-4
28
48
49
26
-6
-33
-45
-35
-7
24
46
48
30
-3
-33
-50
-45
-21
12
38
48
33
5
-27
-45
-44
-25
7
34
47
37
12
-19
-43
-48
-32
-3
27
44
41
20
-10
-35
-43
-32
-5
25
47
46
26
-7
-36
-49
-40
-14
19
45
52
37
5
-26
-45
-44
-23
9
38
49
39
11
-21
-44
-47
-29
1
32
48
41
16
-16
-40
-47
-32
-2
29
47
45
22
-10
-39
-52
-40
-13
22
45
47
29
-3
-34
-47
-41
-14
18
42
47
29
1
-30
-47
-43
-20
11
36
46
36
9
-21
-42
-40
-21
8
33
44
35
10
-19
-40
-41
-25
3
29
43
36
16
-12
-34
-39
-27
-3
23
38
38
21
-6
-29
-39
-33
-11
15
34
37
25
1
-23
-35
-31
-12
11
32
35
24
0
-22
-35
-33
-17
6
26
34
27
9
-15
-30
-32
-19
2
22
32
27
11
-9
-25
-27
-19
-2
17
28
28
15
-2
-19
-24
-19
-4
15
28
29
18
-1
-18
-27
-23
-9
9
22
25
17
-1
-18
-27
-23
-12
7
20
26
18
3
-13
-24
-23
-13
3
18
24
20
6
-10
-21
-22
-11
4
19
25
21
7
-9
-20
-23
-13
-1
13
20
18
6
-9
-19
-21
-13
1
15
23
21
10
-4
-18
-22
-17
-6
8
16
14
8
-4
-14
-19
-13
-2
11
20
22
13
1
-13
-18
-16
-6
7
17
19
13
1
-9
-16
-12
-2
10
18
19
11
0
-12
-19
-18
-8
3
13
16
13
3
-8
-15
-14
-6
5
13
16
13
3
-7
-15
-16
-11
-1
9
16
14
7
-3
-10
-12
-8
0
9
16
15
7
-4
-14
-17
-13
-5
5
12
14
10
1
-6
-10
-9
0
8
14
15
10
1
-9
-16
-16
-10
1
11
16
14
8
-1
-7
-9
-5
0
7
11
9
3
-6
-13
-15
-12
-4
4
10
12
9
4
-1
-5
-5
-4
0
5
6
3
-1
-6
-8
-9
-6
-1
5
10
13
11
5
-1
-6
-6
-5
-1
3
5
4
2
-3
-7
-10
-6
1
7
10
10
6
0
-7
-9
-11
-6
2
5
8
6
1
-4
-8
-9
-4
1
7
13
11
7
0
-7
-9
-8
-2
4
9
10
5
0
-5
-7
-8
-1
7
13
15
11
4
-6
-12
-12
-6
2
9
12
7
0
-9
-16
-15
-6
3
13
18
14
3
-8
-14
-16
-9
1
8
14
10
4
-5
-10
-13
-6
2
10
13
13
6
-3
-10
-12
-7
1
9
13
11
4
-6
-13
-15
-11
-4
5
12
12
8
1
-6
-9
-9
-4
4
10
10
5
-2
-9
-12
-11
-5
2
9
12
10
5
-2
-7
-9
-5
3
8
11
9
3
-6
-11
-13
-10
-5
3
8
10
8
2
-2
-4
-3
1
5
8
7
5
-1
-8
-10
-11
-7
-1
8
13
13
8
0
-4
-7
-5
0
5
8
8
4
-4
-12
-17
-15
-6
5
15
19
17
8
-3
-13
-14
-9
1
9
13
9
1
-9
-15
-16
-9
3
17
24
25
13
-4
-18
-22
-17
-3
10
18
18
8
-7
-21
-25
-21
-7
11
24
26
18
0
-15
-25
-23
-10
7
20
24
16
-1
-18
-28
-25
-10
9
27
33
25
7
-16
-30
-31
-19
4
23
32
26
7
-15
-31
-34
-20
3
26
38
34
14
-11
-32
-36
-25
-2
21
35
34
16
-9
-29
-37
-27
-2
21
37
40
24
-2
-24
-38
-33
-12
13
34
38
25
1
-23
-36
-32
-13
16
38
43
30
3
-24
-40
-38
-20
7
30
40
31
8
-18
-36
-38
-21
5
29
39
32
8
-18
-39
-41
-26
1
27
40
34
13
-16
-35
-40
-27
-2
24
38
33
14
-13
-32
-38
-24
0
24
36
33
15
-12
-31
-36
-26
-3
22
36
34
18
-5
-28
-36
-29
-9
15
32
33
20
-2
-24
-34
-30
-12
10
27
33
22
3
-18
-30
-27
-11
10
26
31
21
2
-17
-28
-27
-14
5
20
27
23
9
-8
-20
-22
-11
5
21
29
26
11
-6
-21
-26
-19
-4
13
24
24
13
-3
-19
-26
-21
-6
11
23
26
16
-1
-18
-28
-27
-13
5
23
29
23
7
-12
-24
-25
-15
2
18
27
24
9
-10
-26
-29
-18
0
19
29
27
11
-10
-27
-29
-20
3
24
36
32
15
-10
-30
-37
-27
-4
21
35
33
17
-7
-28
-35
-24
-2
21
37
34
16
-11
-31
-40
-30
-7
18
35
35
18
-7
-30
-38
-30
-9
17
35
36
20
-6
-31
-42
-34
-10
19
42
43
26
0
-25
-37
-31
-9
16
38
40
26
-1
-26
-39
-34
-12
11
31
35
22
-2
-25
-36
-30
-9
16
34
37
24
1
-23
-37
-34
-17
7
26
34
23
3
-17
-29
-25
-10
12
29
33
25
5
-17
-32
-31
-18
3
19
25
21
6
-11
-23
-23
-12
6
23
32
27
12
-7
-23
-28
-22
-7
10
19
20
11
-3
-16
-21
-15
-2
12
23
25
17
2
-12
-21
-20
-10
4
14
17
12
-1
-12
-22
-20
-11
6
19
26
21
7
-9
-23
-27
-21
-7
8
19
20
12
-1
-15
-22
-17
-5
11
22
23
13
-3
-19
-27
-23
-9
9
22
25
14
-4
-19
-28
-22
-4
18
34
38
24
1
-22
-37
-35
-16
6
27
34
25
5
-18
-32
-30
-13
12
33
37
28
3
-23
-41
-43
-25
2
28
40
32
11
-16
-34
-34
-18
9
32
41
33
9
-20
-41
-45
-29
1
30
45
39
17
-13
-37
-42
-29
-1
28
45
43
20
-11
-40
-49
-37
-8
23
44
42
22
-9
-34
-43
-31
-3
30
51
49
26
-8
-38
-54
-46
-18
15
41
45
28
1
-26
-41
-34
-9
22
45
48
28
-6
-39
-56
-50
-24
11
39
49
38
9
-24
-43
-41
-19
12
40
50
39
8
-25
-49
-52
-34
-2
30
45
40
17
-13
-33
-38
-23
5
32
46
39
14
-17
-41
-49
-36
-8
19
38
37
20
-5
-26
-33
-23
0
23
40
36
15
-14
-37
-45
-35
-9
20
40
41
26
1
-23
-33
-27
-8
17
34
36
22
-1
-24
-37
-32
-13
9
27
30
21
2
-16
-26
-24
-8
12
27
30
19
-1
-22
-33
-31
-16
3
21
27
20
5
-11
-21
-19
-7
10
24
28
20
2
-16
-27
-26
-15
3
18
24
20
7
-9
-17
-17
-7
7
20
24
17
1
-14
-24
-24
-14
-1
11
15
11
1
-9
-15
-12
-3
9
19
21
14
1
-12
-21
-21
-13
1
10
15
11
0
-10
-15
-13
-3
11
19
21
15
3
-11
-21
-20
-12
1
12
17
13
3
-9
-16
-15
-7
6
17
22
18
5
-7
-17
-19
-12
0
11
14
9
0
-11
-15
-12
-2
9
21
24
19
6
-8
-18
-20
-12
-1
9
13
9
0
-9
-14
-12
-3
9
19
22
16
5
-8
-18
-19
-12
-1
8
13
10
4
-3
-8
-8
-2
6
14
18
13
3
-9
-18
-20
-15
-6
6
12
12
6
-2
-8
-7
-3
6
15
18
15
5
-7
-18
-22
-17
-8
4
12
12
7
-1
-8
-9
-5
5
15
19
16
7
-8
-18
-22
-20
-9
3
12
13
9
1
-6
-9
-6
3
11
18
16
9
-1
-12
-19
-18
-11
-1
8
12
7
0
-7
-10
-5
3
13
21
21
14
2
-10
-19
-19
-11
0
9
14
10
1
-9
-13
-12
-3
8
17
21
16
6
-5
-16
-17
-11
0
10
14
12
2
-7
-14
-14
-6
5
15
19
17
7
-5
-13
-16
-13
-4
7
13
12
6
-5
-14
-17
-13
-4
9
16
16
11
-1
-10
-15
-13
-6
5
12
15
10
1
-8
-13
-13
-6
3
11
14
10
3
-7
-13
-14
-8
1
10
15
13
7
-1
-9
-9
-7
2
7
10
10
2
-5
-11
-12
-8
0
5
11
11
8
3
-3
-5
-4
0
3
6
6
3
-2
-7
-11
-10
-5
0
6
9
8
5
0
-2
-3
-1
2
6
8
7
1
-5
-10
-12
-7
-1
6
10
10
7
1
-5
-7
-4
1
6
8
9
4
-4
-9
-11
-10
-4
2
5
5
1
-1
-4
-5
-4
1
6
9
9
6
1
-3
-5
-4
-2
-1
2
2
0
-2
-5
-6
-5
-2
3
7
8
6
4
0
-3
-3
-2
1
2
2
0
-2
-5
-5
-5
-2
2
6
7
5
2
-2
-1
0
2
4
5
4
2
-2
-6
-8
-6
-2
3
7
5
2
-3
-6
-6
-3
2
6
7
5
1
-2
-6
-7
-4
0
2
5
4
0
-1
-1
0
2
4
4
5
4
2
0
-1
-2
-1
2
3
3
1
-1
-3
-4
-4
-3
-1
2
4
5
3
0
-2
-4
-2
0
2
3
3
2
-1
-4
-6
-5
-2
1
4
4
4
1
0
-1
-1
0
3
5
5
5
0
-2
-4
-5
-3
0
2
3
2
1
-1
-3
-3
-1
1
3
5
4
3
0
-3
-5
-5
-4
0
2
3
3
2
-1
-4
-3
-1
2
5
7
7
4
0
-5
-6
-3
-1
2
3
4
3
-1
-4
-5
-4
0
3
7
7
4
0
-3
-5
-4
-2
2
5
4
3
-1
-5
-5
-6
0
4
7
6
3
0
-1
-2
-2
-1
2
2
4
3
0
-4
-4
-5
-3
0
3
4
5
3
1
-1
-3
-1
0
3
3
4
2
0
-3
-5
-3
-2
1
4
6
5
2
-1
-3
-3
-2
1
3
4
4
4
0
-3
-4
-4
-2
1
4
6
4
2
-2
-3
-3
-2
0
2
5
4
3
0
-4
-4
-5
-2
1
3
5
3
0
-3
-4
-5
0
3
7
7
5
1
-3
-6
-7
-3
1
5
6
3
0
-4
-6
-5
-2
3
5
7
6
2
-3
-5
-5
-3
0
4
6
4
1
-2
-5
-5
-4
-1
4
7
6
4
-1
-6
-6
-4
0
4
6
5
2
-2
-4
-6
-4
-1
5
8
9
6
0
-4
-5
-3
0
2
6
8
6
-2
-5
-9
-7
-3
3
5
7
6
2
-2
-5
-4
-2
3
6
6
4
-1
-4
-6
-6
-3
0
3
5
4
1
-3
-3
-5
-1
2
3
7
5
2
-2
-4
-5
-4
-1
1
2
3
2
-1
-4
-5
-6
-1
3
6
7
4
0
-3
-6
-5
-3
-1
1
4
3
0
-4
-5
-5
-2
3
7
9
7
2
-1
-4
-3
-1
2
4
3
1
-2
-5
-6
-6
-3
2
5
5
5
2
-1
-1
-2
0
1
4
4
4
2
-2
-5
-5
-3
-1
1
3
2
3
0
0
-2
-1
3
5
6
6
2
-1
-4
-3
-4
-3
2
3
4
2
-3
-4
-4
-1
2
7
8
6
2
-1
-5
-5
-4
-2
0
2
2
2
-2
-7
-7
-4
1
6
9
8
4
0
-3
-4
-1
0
1
3
2
0
-1
-3
-3
-4
0
3
5
5
1
1
-1
-1
-1
1
3
3
2
1
-3
-4
-6
-3
-2
1
4
4
4
3
0
-2
-2
0
2
3
5
3
0
-1
-4
-3
-2
1
3
3
0
-1
-3
-1
-1
0
2
4
3
1
1
-1
-2
-4
-3
-2
0
0
1
-1
-2
-1
-2
0
3
3
4
4
3
1
0
0
0
0
1
1
-2
-1
-3
-3
-3
-1
0
1
1
1
1
1
0
1
0
1
1
1
0
0
-2
-2
-2
-1
1
0
1
1
1
1
1
1
2
2
1
2
0
-3
-1
-2
-1
0
1
0
-1
-1
-1
-1
1
2
2
1
1
0
0
0
0
0
0
1
0
0
-2
-2
-2
-2
2
1
2
1
0
-1
0
-1
1
1
0
2
1
0
1
-1
-1
-1
-1
0
0
2
1
1
1
1
1
2
1
1
2
3
2
1
0
-1
-1
0
1
1
2
2
1
1
0
0
-1
1
2
2
1
0
1
0
0
0
0
0
0
0
0
-1
-1
-1
-1
0
1
2
2
2
1
1
0
1
1
1
1
0
1
1
0
0
0
0
1
-1
0
1
0
0
-1
-2
0
0
0
2
2
1
0
-2
-2
-2
0
1
2
2
1
0
-1
-1
0
1
1
1
0
0
0
-1
-1
0
1
2
1
1
0
-1
-1
-1
0
0
1
1
1
0
0
-2
-2
-1
0
2
2
3
1
0
0
0
0
1
1
1
0
0
0
-1
-2
0
1
1
2
1
2
1
0
0
0
0
0
2
1
0
0
-1
-1
-2
1
1
1
1
0
0
0
0
1
2
2
2
1
0
-2
-1
-2
-1
0
1
2
2
1
-1
-1
0
2
2
2
2
1
0
0
-1
-1
-1
-1
0
2
0
0
-1
-1
-1
-1
0
1
2
2
3
2
2
-1
-1
-1
-1
0
0
0
1
-1
-2
-2
-1
0
2
1
2
2
1
0
0
1
2
2
2
1
-1
-1
-1
-1
0
1
1
1
1
2
0
-1
0
2
1
2
1
1
0
-1
-1
-3
-1
0
1
2
3
1
0
0
0
1
2
2
2
0
0
-1
-1
-2
-1
0
0
1
1
2
0
-1
-1
0
1
3
3
3
3
0
0
-3
-1
1
3
2
2
0
-1
-2
-3
-1
-1
0
2
3
2
-1
-3
-2
-1
0
2
3
-1
-1
-2
-2
-5
-4
0
1
2
2
1
-2
-1
0
0
1
2
2
2
1
-1
-1
-2
-2
-1
1
2
4
4
2
0
0
-1
-1
1
2
3
3
2
1
-1
-2
-1
0
1
1
2
2
1
-1
-2
-1
0
3
4
4
3
0
-2
-2
-1
-1
0
1
1
0
-1
-1
-2
-2
0
0
1
1
3
2
1
-1
0
0
0
0
1
1
1
1
0
-1
-1
-1
0
1
3
3
3
1
0
-2
0
1
1
1
1
0
0
-1
-1
-1
0
2
1
1
0
-2
0
0
1
2
2
3
1
0
1
-1
1
0
0
0
1
1
1
0
1
1
1
1
1
1
1
0
0
0
0
0
0
-1
-1
0
-1
0
0
0
0
0
0
0
0
0
0
0
0
0
0
-1
0
0
0
0
1
0
0
0
0
0
0
0
0
0
0
-1
1
-1
0
0
0
-1
0
0
0
0
1
0
1
1
1
2
3
0
1
0
-1
-1
0
1
1
1
1
0
-1
-1
0
1
2
4
3
1
1
-1
-1
0
0
1
1
1
0
0
-1
-2
-2
-1
-1
0
1
0
1
1
0
1
1
1
1
1
-1
0
-1
0
1
0
0
0
0
0
-2
1
-1
-1
1
0
-1
2
1
-1
1
-1
-2
-1
-2
0
2
1
0
1
1
-1
1
0
2
2
3
1
0
-2
1
0
1
2
1
0
-1
-2
0
-1
0
1
1
2
1
0
0
-1
0
2
1
3
1
2
2
0
-1
-1
-1
0
0
1
1
1
0
-1
-1
-1
-1
0
1
0
1
1
0
0
-1
-2
0
1
2
1
1
0
-1
-1
-1
-1
1
0
1
0
-1
-1
-1
0
1
2
1
1
-1
-1
-1
0
1
1
1
0
0
-1
-1
-1
0
1
1
1
1
0
1
-1
-2
1
0
1
2
1
0
0
-2
-2
0
-1
0
1
1
2
0
-1
-1
-1
-1
0
0
0
0
0
0
0
0
1
1
1
3
1
1
0
-1
0
0
0
2
1
1
1
-1
0
0
0
0
1
1
0
1
0
0
-1
0
-1
0
0
0
0
0
0
0
0
0
0
0
0
0
1
0
0
0
0
0
0
0
0
0
0
0
0
0
-1
0
0
0
0
1
0
0
1
2
2
2
2
1
0
0
0
0
1
2
1
1
2
0
0
0
0
0
1
0
0
-1
1
0
-1
-1
0
0
0
0
0
1
0
1
0
0
0
1
0
-1
0
-1
0
0
-1
0
0
0
-1
0
0
0
0
0
0
0
0
1
-1
0
0
0
0
-1
0
0
0
0
0
1
0
0
0
0
0
0
0
0
1
1
0
0
0
0
0
0
0
0
0
1
0
-1
0
0
0
0
0
0
0
0
0
0
1
0
1
1
1
0
0
0
0
0
0
0
0
0
0
0
0
-1
0
0
0
-1
0
-1
0
0
0
0
0
0
0
-1
1
0
1
0
0
0
0
1
1
0
-1
0
1
-1
0
0
0
0
0
0
0
0
0
0
0
0
0
1
-1
0
0
0
0
0
0
0
-1
0
-1
0
0
0
0
0
-1
0
1
0
0
0
1
0
0
0
0
0
0
0
0
0
0
0
0
0
0
1
0
1
0
-1
-1
-1
0
0
0
0
0
0
0
-1
0
0
1
-1
0
1
0
0
0
0
0
0
0
-1
0
0
0
0
0
0
0
0
0
0
0
0
0
0
0
0
0
0
0
0
0
0
1
0
1
0
0
0
1
0
0
-1
1
0
-1
0
0
-1
0
0
0
0
-1
0
0
0
0
1
0
0
0
1
0
0
1
-1
0
0
0
0
0
0
-1
0
1
0
0
0
1
-1
0
0
0
-1
0
0
0
-1
0
1
0
-1
0
0
-1
-1
0
0
0
0
-1
-1
-1
0
0
0
0
0
0
0
0
0
1
0
-1
0
1
0
1
0
0
0
-1
0
0
0
0
0
0
-1
1
0
0
0
0
1
0
0
0
-1
0
1
0
0
0
0
0
0
0
0
0
0
-1
1
-1
0
1
0
0
0
0
0
0
0
0
0
0
0
0
0
0
0
1
0
0
0
0
-1
1
0
0
0
0
0
0
0
0
0
0
0
0
-1
0
0
0
-1
0
0
1
1
0
0
0
0
-1
0
1
0
-1
0
0
0
0
-1
0
0
0
0
0
-1
-1
0
0
0
0
1
0
0
0
0
-1
0
0
0
0
0
0
0
0
1
0
-1
0
0
-1
0
0
0
0
0
0
0
0
0
0
0
1
0
0
0
0
-1
-1
0
-1
0
0
0
-1
0
0
0
0
1
1
-1
0
0
-1
-1
0
0
-1
0
0
-1
0
0
-1
1
-1
0
0
-1
0
0
0
0
0
0
0
1
0
0
-1
1
1
0
0
0
0
0
0
0
0
0
1
0
0
0
0
0
0
-1
0
0
-1
0
0
1
0
0
1
0
0
0
1
0
0
0
0
0
0
1
-1
0
0
0
1
0
-1
0
0
0
0
0
-1
0
0
0
0
1
0
0
1
0
0
0
1
0
0
0
0
0
1
0
0
0
0
0
0
0
1
0
0
0
0
-1
0
0
-1
-1
0
-1
0
0
0
1
1
0
0
0
-1
1
0
0
0
0
1
0
1
0
0
1
1
0
0
0
0
0
-1
0
0
0
-1
0
0
1
0
0
0
0
1
0
1
0
0
0
0
-1
0
0
0
0
0
-1
0
0
0
1
1
0
0
-1
0
0
1
0
0
-1
1
0
0
0
0
-1
0
0
0
0
0
0
0
0
0
0
0
1
0
0
0
-1
0
1
0
0
1
-1
0
-1
-1
0
0
0
0
0
0
0
0
-1
0
-1
1
0
1
1
0
0
0
0
0
0
0
0
0
0
0
0
0
0
1
0
-1
0
0
0
0
0
0
-1
0
0
-1
0
1
1
1
0
-1
-1
-1
1
1
1
2
1
-1
0
-2
-2
1
0
2
2
-1
0
-2
-3
1
1
1
2
0
0
-1
-1
-1
1
1
0
1
0
0
0
-1
-1
0
0
0
1
1
1
1
2
1
1
1
0
0
0
0
0
0
1
0
-1
0
0
0
0
1
0
-1
0
0
0
0
0
1
0
-1
0
0
0
0
0
-1
0
0
1
0
0
0
2
3
3
1
0
-1
0
1
1
1
0
0
0
-1
-1
-1
0
1
1
2
0
-2
-2
-1
0
1
2
2
1
-1
-3
-2
-1
1
3
4
3
1
-1
-4
-3
-1
4
5
5
2
0
-5
-6
-4
0
3
4
4
0
-5
-10
-13
-9
-6
-1
-2
-5
-16
-28
-35
-37
-31
-20
-13
-12
-18
-28
-34
-31
-20
-8
6
12
14
8
3
0
1
5
13
18
20
15
6
-4
-10
-11
-8
-1
5
6
2
-4
-10
-12
-11
-6
2
7
11
11
7
1
-2
-2
4
12
19
21
19
13
5
1
1
3
9
14
15
13
3
-9
-18
-22
-17
-9
-1
3
4
-3
-12
-20
-20
-13
-1
12
19
16
4
-11
-22
-23
-14
1
14
17
11
-6
-23
-29
-23
-8
13
28
33
22
2
-15
-22
-11
12
33
43
35
13
-10
-24
-22
-5
15
31
29
12
-13
-33
-43
-34
-15
5
14
6
-13
-35
-51
-51
-36
-14
7
17
12
-4
-18
-25
-19
-2
21
42
53
53
41
25
15
14
26
42
56
60
49
29
10
-5
-7
7
26
45
56
51
35
14
1
-1
12
33
52
61
52
31
6
-13
-16
-2
23
43
48
35
6
-22
-37
-30
-4
29
55
60
39
3
-32
-47
-36
-1
37
61
53
18
-30
-68
-83
-65
-27
13
31
14
-36
-94
-130
-126
-84
-27
18
26
-6
-62
-117
-146
-136
-94
-46
-19
-32
-81
-145
-193
-201
-168
-110
-54
-27
-39
-86
-140
-173
-164
-117
-58
-17
-14
-53
-111
-159
-175
-149
-98
-40
-2
1
-25
-57
-74
-52
6
84
157
197
203
177
146
134
156
204
262
308
320
297
250
205
182
189
222
265
295
297
270
227
190
178
194
229
265
286
278
246
195
139
101
89
103
127
141
131
93
43
0
-18
-7
32
82
119
125
95
38
-20
-57
-65
-49
-30
-31
-73
-152
-250
-337
-390
-401
-384
-366
-379
-431
-512
-597
-658
-680
-668
-639
-624
-641
-696
-775
-851
-897
-903
-874
-835
-803
-792
-801
-812
-807
-766
-681
-559
-423
-292
-179
-85
2
96
205
331
462
587
691
764
801
815
823
840
874
920
966
995
1009
1004
994
988
995
1018
1049
1074
1082
1061
1016
957
897
843
798
758
711
650
574
487
399
316
245
189
147
114
88
62
33
0
-34
-64
-80
-79
-66
-47
-35
-37
-56
-89
-130
-163
-179
-174
-167
-183
-234
-320
-427
-536
-639
-728
-809
-897
-1016
-1173
-1363
-1559
-1735
-1870
-1971
-2051
-2131
-2205
-2262
-2282
-2246
-2135
-1946
-1689
-1395
-1089
-790
-497
-201
107
422
728
1010
1255
1453
1604
1711
1791
1851
1896
1921
1923
1898
1846
1764
1660
1540
1417
1296
1176
1050
916
783
654
531
405
282
165
64
-21
-101
-189
-292
-403
-512
-605
-683
-751
-809
-857
-893
-921
-943
-947
-925
-876
-811
-743
-674
-609
-549
-493
-440
-383
-318
-249
-180
-115
-55
10
90
190
306
429
556
684
807
915
1001
1073
1133
1186
1227
1247
1236
1192
1126
1052
982
919
859
798
729
643
541
430
312
204
109
30
-45
-139
-262
-407
-545
-640
-675
-652
-601
-549
-516
-497
-485
-471
-443
-395
-331
-275
-254
-289
-382
-513
-648
-760
-845
-918
-998
-1107
-1254
-1431
-1613
-1770
-1877
-1924
-1911
-1861
-1798
-1739
-1672
-1560
-1382
-1140
-848
-529
-207
90
338
533
688
828
985
1166
1346
1481
1531
1496
1423
1363
1327
1312
1317
1319
1280
1192
1070
914
738
570
445
369
314
255
175
63
-80
-206
-271
-260
-191
-101
-26
4
-12
-45
-47
-10
60
164
296
416
477
469
428
399
427
524
667
786
838
823
794
774
768
788
849
929
992
1010
967
857
714
616
604
652
701
705
649
561
488
456
446
431
390
336
259
128
-81
-353
-634
-873
-1055
-1214
-1414
-1701
-2049
-2398
-2715
-3017
-3328
-3644
-3933
-4153
-4287
-4361
-4405
-4377
-4169
-3718
-3075
-2361
-1684
-1080
-504
130
833
1501
1995
2294
2490
2689
2911
3089
3152
3104
3050
3094
3225
3311
3214
2928
2578
2308
2148
1994
1711
1253
724
286
16
-144
-313
-531
-741
-857
-860
-808
-805
-910
-1073
-1162
-1130
-1057
-1044
-1133
-1293
-1442
-1494
-1443
-1357
-1277
-1183
-1019
-771
-496
-278
-148
-59
86
333
615
823
910
904
863
853
927
1070
1250
1452
1672
1854
1938
1929
1904
1923
1986
2054
2068
1972
1747
1461
1199
983
802
670
585
516
417
266
68
-155
-363
-502
-552
-573
-658
-827
-1037
-1244
-1402
-1487
-1536
-1586
-1596
-1533
-1441
-1393
-1416
-1508
-1649
-1744
-1726
-1666
-1735
-2009
-2414
-2824
-3176
-3410
-3500
-3499
-3463
-3328
-2992
-2468
-1873
-1280
-687
-57
656
1441
2181
2684
2863
2827
2791
2884
3079
3222
3177
2965
2739
2617
2589
2545
2363
2006
1583
1272
1093
852
389
-220
-766
-1089
-1168
-1123
-1140
-1293
-1440
-1410
-1221
-1026
-921
-899
-905
-871
-755
-617
-595
-730
-881
-869
-678
-403
-137
54
185
346
600
882
1097
1230
1315
1371
1414
1443
1431
1343
1211
1117
1126
1224
1343
1434
1486
1541
1629
1741
1800
1755
1651
1559
1464
1287
1026
745
498
304
173
111
95
64
-15
-125
-194
-196
-187
-240
-378
-600
-889
-1198
-1472
-1701
-1911
-2101
-2255
-2397
-2565
-2753
-2945
-3178
-3483
-3804
-4061
-4303
-4639
-4978
-5122
-5099
-5031
-4755
-4006
-2900
-1807
-882
-16
886
1878
2984
4014
4564
4525
4354
4458
4622
4489
4113
3677
3232
2971
3073
3266
3094
2514
1859
1430
1303
1270
972
257
-632
-1308
-1629
-1791
-2032
-2339
-2551
-2530
-2211
-1737
-1416
-1365
-1385
-1255
-918
-449
-86
-79
-353
-577
-561
-398
-256
-181
-66
206
579
883
1035
1105
1228
1484
1799
2025
2053
1882
1623
1424
1348
1341
1329
1312
1365
1553
1812
1949
1886
1749
1673
1691
1764
1767
1541
1120
712
417
167
-47
-171
-239
-325
-366
-319
-317
-520
-849
-1082
-1132
-1130
-1261
-1589
-1983
-2263
-2374
-2398
-2421
-2493
-2614
-2702
-2678
-2676
-2973
-3548
-4040
-4331
-4701
-5162
-5401
-5434
-5551
-5544
-4858
-3513
-2055
-774
450
1684
2940
4322
5685
6439
6253
5672
5435
5501
5324
4731
3941
3115
2448
2271
2555
2706
2295
1580
1032
781
661
341
-488
-1707
-2733
-3173
-3234
-3335
-3568
-3743
-3659
-3235
-2539
-1750
-1081
-659
-412
-104
415
957
1150
876
455
292
439
648
702
636
647
866
1240
1625
1897
2042
2109
2145
2153
2079
1844
1436
994
748
763
854
815
698
740
1054
1479
1800
1955
2012
2044
2075
2066
1932
1627
1225
882
700
657
640
546
302
-15
-230
-266
-354
-736
-1319
-1825
-2134
-2348
-2629
-3027
-3395
-3575
-3576
-3464
-3285
-3169
-3182
-3203
-3225
-3481
-3984
-4427
-4801
-5433
-6179
-6446
-6195
-5969
-5725
-4731
-2800
-615
1291
3003
4617
6092
7567
8957
9519
8749
7363
6408
5870
5054
3852
2645
1503
455
-2
379
895
745
27
-648
-915
-831
-949
-1900
-3468
-4693
-5092
-4976
-4792
-4683
-4522
-4019
-3008
-1573
64
1520
2405
2770
3024
3419
3838
3844
3089
1914
1091
780
563
243
-58
-240
-214
91
544
941
1188
1251
1172
1100
1104
1034
745
364
205
448
891
1193
1311
1568
2148
2825
3331
3622
3670
3455
3137
2842
2431
1820
1204
706
237
-177
-421
-644
-1079
-1576
-1812
-1797
-1843
-2143
-2614
-3031
-3232
-3277
-3328
-3424
-3469
-3406
-3203
-2869
-2608
-2633
-2753
-2718
-2803
-3347
-4054
-4556
-5171
-6252
-7324
-7664
-7278
-6677
-5903
-4416
-1951
1037
3897
6272
8093
9608
11163
12418
12317
10545
8233
6432
4846
2927
1041
-363
-1552
-2616
-2908
-2147
-1164
-922
-1471
-2125
-2205
-1745
-1680
-2839
-4658
-5781
-5739
-5161
-4551
-3781
-2652
-1193
508
2467
4572
6294
6979
6622
5980
5637
5266
4092
1962
-318
-1806
-2398
-2658
-2967
-3143
-2924
-2394
-1811
-1229
-559
92
460
523
637
1062
1530
1616
1458
1715
2676
3803
4378
4404
4535
5030
5368
5110
4430
3634
2792
1957
1238
533
-283
-1107
-1839
-2400
-2678
-2698
-2699
-3014
-3422
-3397
-3045
-2798
-2854
-2961
-2556
-1792
-1215
-759
-453
-389
-415
-504
-515
-621
-1170
-1857
-2615
-3709
-4939
-6069
-7094
-8382
-10136
-11361
-11096
-9808
-8345
-6717
-4154
-197
4377
8351
11354
13494
14658
14946
14578
13133
10325
7128
4429
1827
-790
-2704
-3856
-4739
-5348
-5154
-3858
-2440
-2100
-2672
-3357
-3467
-3065
-3308
-4593
-5896
-6183
-5251
-3699
-1882
302
2508
4565
6681
8737
10426
11109
10070
7651
5156
3355
1644
-899
-3950
-6299
-7310
-7318
-6879
-6190
-5222
-3986
-2565
-1127
205
1404
2234
2487
2532
3036
4024
4786
4942
4949
5429
6352
6998
6831
6088
5318
4680
3737
2171
312
-1454
-2906
-3807
-4203
-4241
-4061
-3975
-3899
-3467
-2770
-2134
-1727
-1509
-1120
-342
550
1056
996
939
1479
2237
2515
2265
1686
845
-330
-1796
-3198
-4522
-5969
-7342
-8675
-10078
-11119
-11620
-12199
-13382
-14293
-13264
-10189
-6658
-3752
-715
3958
9775
14326
16337
16472
15959
15466
14522
12206
8433
4156
358
-2902
-5692
-7396
-7882
-8102
-8536
-8304
-6619
-4204
-2568
-2298
-2615
-2430
-1593
-1003
-1303
-1773
-1314
175
2091
4182
6562
8682
9697
9809
9712
9534
8582
5860
1654
-2508
-5522
-7413
-9154
-11065
-11873
-10849
-8729
-6374
-3993
-1277
1381
3155
4350
5531
6566
7015
6495
5568
5292
5713
6063
5785
5149
4807
4672
4044
2586
661
-1083
-2449
-3704
-4886
-5612
-5632
-5202
-4638
-3754
-2249
-425
1017
1742
2190
2840
3421
3312
2570
2027
2152
2443
2241
1547
983
876
659
-205
-1553
-2982
-4424
-6151
-7912
-9010
-9398
-9366
-9216
-9297
-9153
-8250
-7096
-6791
-7880
-8852
-7424
-3836
-269
2256
5171
9899
14691
17002
17059
16236
14851
12686
9548
5361
457
-4224
-7980
-10959
-12911
-12950
-11378
-9631
-8139
-5925
-2363
1336
3267
3417
3232
3456
3791
3503
2651
2281
2723
3611
4801
6228
7767
8505
7487
5330
3098
1018
-1593
-5485
-9704
-12415
-13011
-12254
-11316
-10000
-7266
-3496
294
3770
6859
9370
10660
10436
9505
8578
7534
5920
3731
1874
1195
1357
1252
341
-680
-1040
-1186
-1940
-3174
-4103
-4375
-4240
-3860
-3002
-1463
429
2025
3206
4429
5766
6477
5874
4334
2933
2133
1281
-177
-1660
-2276
-2089
-1914
-2196
-2594
-2556
-2340
-2851
-4121
-5212
-5790
-6379
-7103
-7290
-6556
-5383
-4468
-4114
-3866
-3223
-2868
-3884
-6246
-7923
-6418
-2723
166
2172
5525
10933
15498
16585
15752
14273
11659
8258
3573
-1990
-6535
-10035
-12681
-14103
-13488
-9857
-5552
-3067
-1088
1866
5651
8098
7042
4356
2579
1880
1647
926
162
853
2652
4404
5878
7224
7994
6891
3518
-711
-4223
-6922
-9858
-13012
-14673
-13628
-10499
-6865
-3576
-56
4089
7774
9848
10649
10809
9865
7413
4302
1861
662
125
-731
-1742
-1584
38
1561
1575
512
-288
-428
-719
-1714
-2680
-2557
-1389
19
1351
2881
4543
5630
5635
4978
4337
3506
1818
-475
-2186
-2592
-2203
-2060
-2320
-2152
-1236
-383
-284
-764
-1475
-2159
-2705
-3461
-4449
-4789
-4243
-3711
-3443
-2741
-1518
-736
-908
-1636
-2687
-4056
-5718
-7679
-10157
-13381
-15534
-13723
-8269
-2081
3006
8014
14136
18459
18691
17015
14301
10259
5827
842
-4112
-7806
-10409
-11483
-10905
-9148
-5656
-1484
917
1382
1726
2849
3458
2155
-343
-2116
-1838
89
2230
4140
6223
8272
9455
9294
8074
5991
2608
-2194
-7194
-10536
-11685
-11839
-11934
-11191
-8325
-3653
937
4018
5729
6780
7242
6860
5858
4740
3605
2322
1246
1065
1868
2739
2694
1785
944
716
493
-596
-2329
-3492
-3315
-2276
-1204
-213
1033
2396
3327
3677
3742
3503
2541
945
-300
-463
-44
-113
-759
-942
5
1350
1817
1151
194
-383
-871
-1820
-3021
-3685
-3496
-2963
-2625
-2341
-1832
-1480
-1746
-2377
-2692
-2618
-2883
-3739
-4693
-5452
-5969
-6315
-6947
-8731
-11440
-12140
-8472
-2144
3516
7489
11625
16088
17857
16855
14733
10731
5707
1211
-3175
-6944
-9706
-11571
-11721
-10215
-7114
-2603
974
1904
1280
1278
2468
2892
1493
-37
39
1881
4553
6842
8106
8452
8110
6891
4785
2160
-1204
-5660
-10251
-13080
-13108
-11184
-9004
-7100
-4556
-784
3174
5703
6338
5904
5289
4721
4196
3945
4013
3891
3233
2561
2604
2993
2439
411
-1942
-3109
-3013
-2826
-3158
-3168
-1845
501
2598
3697
4063
4105
3749
2897
1888
1065
327
-466
-930
-516
704
1809
2002
1438
883
673
316
-775
-2357
-3380
-3219
-2418
-1775
-1351
-955
-695
-654
-846
-1314
-2090
-3029
-3939
-4513
-4225
-3349
-2978
-3205
-3334
-3346
-3913
-5222
-6709
-9026
-12537
-13947
-10232
-2895
4297
9365
13652
17408
18422
16950
13788
8507
2738
-2248
-6697
-9976
-11664
-11695
-10244
-7896
-4261
255
3388
3721
2083
899
1498
2341
1742
440
639
3284
6751
8963
9487
8819
6979
3695
-369
-4010
-7077
-10218
-12965
-13470
-10763
-6351
-2646
-416
1371
3545
5523
6205
5415
3988
2841
2349
2538
3270
4058
4180
3376
2197
1262
356
-1219
-3454
-5228
-5333
-3733
-1559
170
1521
3129
4874
5673
4810
2886
1025
-330
-1289
-1650
-1097
-3
856
1410
2251
3286
3445
2034
-130
-1706
-2318
-2551
-2785
-2649
-1714
-244
945
1327
1010
312
-683
-2024
-3373
-4021
-3790
-3371
-3070
-2273
-881
146
163
-532
-1469
-2689
-4438
-6512
-8281
-9627
-11457
-13431
-12280
-5721
3522
10505
13783
15661
17027
16473
13525
8359
1864
-3771
-7648
-9972
-10588
-9870
-8080
-5416
-2446
898
3858
4444
2296
-506
-1341
338
2445
3332
3778
5438
8375
10591
10261
7397
3226
-1099
-5033
-8260
-10428
-11448
-11448
-10273
-7448
-3131
1133
3413
3381
2691
2952
3887
4107
3263
2506
2906
4239
5480
5849
5052
3105
450
-2046
-3741
-4767
-5526
-5744
-4535
-1579
2067
4727
5581
5184
4485
3712
2479
732
-858
-1492
-938
420
1958
3082
3358
2767
1756
760
-286
-1648
-3067
-3711
-3007
-1334
337
1398
1827
1805
1469
671
-708
-2318
-3410
-3461
-2801
-1976
-1162
-512
-130
-163
-634
-1211
-2176
-3689
-5104
-6046
-6213
-6113
-6390
-6300
-6959
-9775
-11402
-8040
-618
6471
10202
12565
15464
16802
15148
10843
4619
-1515
-6113
-8975
-9865
-9478
-8491
-6421
-3398
191
3603
4789
3394
1063
-527
376
2846
4179
4686
5623
7147
9011
9507
7265
2597
-3103
-7290
-9080
-9997
-10718
-10593
-8858
-5418
-1317
2094
3886
3888
2783
1732
1825
3003
3925
3895
3798
4746
6416
7063
5377
1880
-1738
-4280
-5689
-6301
-6171
-5068
-2806
469
4035
6649
7284
6048
4118
2546
1402
267
-801
-1155
-293
1480
3182
3807
3049
1418
-284
-1566
-2388
-2867
-3007
-2659
-1638
-32
1514
2140
1647
677
-118
-756
-1646
-2739
-3273
-2602
-1119
120
586
469
-29
-1018
-2436
-3775
-4599
-5006
-5245
-5122
-4399
-3639
-3780
-4674
-5668
-7754
-11872
-14666
-11101
-1994
6642
11665
14676
16903
17276
14728
9537
2968
-3408
-8196
-10326
-9638
-7442
-5201
-3008
-281
2894
5415
5430
2083
-2347
-4031
-1996
1244
3631
5554
7684
9350
9745
8628
5538
135
-6241
-10762
-11662
-9986
-8129
-6837
-4794
-1217
2593
4570
3855
1466
-613
-1111
-192
1484
3345
4727
5436
6054
6685
6114
3239
-1199
-5008
-6643
-6435
-5391
-3714
-1170
1940
4976
7192
7628
5934
3156
789
-530
-902
-613
-62
571
1656
3236
4232
3455
1117
-1443
-3128
-3662
-3301
-2373
-1073
327
1488
2301
2631
1949
116
-1856
-2795
-2671
-2220
-1787
-1185
-359
285
277
-384
-1363
-2518
-3779
-4599
-4389
-3566
-3114
-3126
-3094
-3355
-4510
-6042
-7622
-10479
-14470
-15396
-9330
1344
10171
14241
15792
16827
16084
11956
5437
-1152
-6391
-9586
-9919
-7340
-3531
-676
604
1483
2925
3869
2234
-1882
-5130
-4346
-162
4199
6980
8783
9970
9678
7614
4565
665
-4528
-9770
-12180
-10418
-6371
-3048
-1642
-1040
172
1630
1613
-530
-3198
-4126
-2474
1058
5164
8415
9624
8687
6746
4707
2114
-1651
-5597
-7723
-7121
-4616
-1634
914
2708
3808
4497
4830
4284
2524
445
-461
248
1796
3169
3678
3204
2306
1520
668
-612
-2115
-3177
-3188
-1952
16
1684
2233
1653
513
-554
-1317
-2003
-2738
-2988
-1986
78
1904
2469
1976
1039
-279
-1965
-3392
-3921
-3760
-3554
-3294
-2516
-1670
-1975
-3370
-4366
-4768
-6060
-8158
-9250
-9813
-12091
-14091
-9967
897
11214
15241
15200
15265
14776
10955
4310
-1909
-5715
-7261
-6862
-4487
-1159
1110
1262
88
-749
-565
-762
-2875
-5175
-3780
1906
8025
11290
11926
11068
8607
4691
708
-2427
-5310
-8255
-9798
-8255
-4195
-444
492
-1211
-3191
-3803
-3760
-4275
-4726
-3463
-46
4455
8700
11434
11462
8527
4141
546
-1401
-2619
-3943
-4718
-3846
-1477
1024
2397
2370
1531
782
731
1330
1980
2254
2465
3269
4546
5209
4255
1953
-303
-1385
-1369
-922
-430
-20
218
392
680
762
30
-1473
-2842
-3268
-2573
-1094
348
1104
1515
1992
1853
513
-1321
-2866
-4059
-4704
-4304
-2798
-936
-44
-730
-1940
-2807
-4038
-5787
-6902
-7410
-8135
-8315
-7748
-9079
-12937
-13818
-6676
4892
12721
14517
14521
15133
13866
8933
2643
-2045
-4755
-6126
-5703
-3144
-34
1206
-36
-1821
-1961
-912
-1151
-3028
-3306
386
5947
9787
11100
11077
9728
6125
1078
-2829
-4381
-5047
-6239
-6836
-5132
-2022
-387
-1670
-4514
-6746
-7530
-7079
-5399
-2420
1191
4538
7534
10266
11677
10159
5856
1222
-1345
-1695
-1275
-1093
-1067
-831
-395
-5
84
-330
-1137
-1559
-591
1813
4329
5568
5490
4979
4357
3226
1634
280
-465
-730
-384
768
2045
2250
1162
-284
-1438
-2476
-3418
-3700
-3124
-2122
-856
722
1924
1917
1024
169
-452
-1041
-1447
-1508
-1542
-1790
-1780
-945
33
-410
-2417
-4281
-5087
-5791
-6716
-6719
-5889
-5917
-6830
-7319
-8545
-12435
-15669
-11725
-532
10049
14327
14683
15086
14420
9875
2885
-2425
-4440
-4512
-3617
-1551
1032
2223
993
-1463
-3072
-3195
-3113
-3675
-3202
503
6266
10277
10862
9749
8354
5860
1681
-2551
-4665
-4502
-3708
-3405
-3096
-2269
-1908
-3154
-5346
-6929
-7589
-7750
-6628
-3010
2269
6560
8381
8645
8534
7652
5177
1838
-552
-984
135
1662
2357
1489
-580
-2716
-3904
-3799
-2680
-1045
991
3557
6049
7059
6025
4048
2368
1094
112
-180
448
1535
2404
2698
2354
1285
-480
-2342
-3493
-3833
-3628
-2787
-1475
-335
444
1073
1270
761
-29
-592
-920
-1182
-1274
-866
-175
-131
-780
-1015
-982
-2184
-4338
-5480
-5230
-4930
-5144
-5355
-5445
-5866
-6699
-7791
-9986
-13640
-15081
-9188
2428
11648
14278
13858
13747
12213
7248
895
-3253
-4019
-2629
-446
1705
2752
1752
-858
-3411
-4530
-4343
-4049
-3736
-1498
3664
9190
11477
10051
7274
4867
2537
-352
-3065
-4048
-2910
-1008
63
-364
-2264
-5158
-7833
-8876
-8082
-6679
-5517
-3696
-157
3973
6312
6236
5285
4767
4515
3988
3374
3098
2953
2612
2300
1891
413
-2191
-4287
-4566
-3311
-1361
674
2504
4257
5761
6011
4623
2880
1980
1643
1451
1899
3032
3632
2889
1654
815
-320
-2451
-4415
-4711
-3723
-2747
-1946
-890
-31
-55
-556
-615
-121
441
939
1401
1534
1306
1035
457
-908
-2421
-2717
-1776
-1229
-1998
-3247
-4009
-4540
-5584
-6567
-6401
-5823
-6106
-6853
-6959
-7524
-11033
-14640
-11055
-96
10093
13901
13327
12699
11587
7216
1443
-1853
-2097
-537
1678
3216
2797
309
-2854
-5133
-5700
-4555
-2750
-1214
805
4629
9257
11311
9199
5305
2525
1150
291
-210
-310
-310
-196
85
-260
-2342
-6081
-9623
-10655
-8649
-5411
-3014
-1761
-563
1232
3045
3968
3937
3649
3705
4218
4969
5567
5566
4746
3237
1276
-979
-3263
-4928
-5088
-3262
32
3375
5356
5493
4425
3147
2156
1376
748
655
1553
3184
4407
4188
2633
689
-960
-2236
-3166
-3618
-3551
-2939
-1647
69
1133
668
-618
-1187
-649
86
395
408
269
131
405
937
654
-858
-2354
-2616
-2171
-2329
-3381
-4435
-4691
-4481
-4621
-4839
-4502
-4531
-5679
-6406
-6254
-8228
-12838
-14178
-7430
3529
11062
13149
13142
12412
9012
3401
-559
-1188
-176
1607
4131
5325
3092
-1283
-4821
-6067
-5261
-3445
-1761
-232
2297
6079
9256
9571
6764
2761
-41
-518
648
1870
2187
1784
1123
121
-1702
-4585
-7966
-10396
-10317
-7476
-3479
-576
290
-39
-236
233
1151
2261
3498
4819
6046
6895
6958
5891
3767
1198
-998
-2310
-2823
-2896
-2499
-1134
1296
3767
4669
3392
1271
210
625
1569
2287
2744
3224
3854
4117
3347
1786
65
-1738
-3247
-3508
-2635
-1844
-1361
-454
632
678
-603
-1941
-2076
-1115
163
1388
2108
1719
709
156
-227
-1345
-2642
-2925
-2316
-1819
-1953
-2536
-3120
-3545
-4009
-4290
-3816
-3109
-3572
-5068
-5991
-6670
-9494
-13721
-13983
-7090
2921
9915
12439
12199
9659
5026
501
-1644
-1146
1378
5048
7705
7060
3425
-691
-3628
-5222
-5100
-3111
-798
513
2070
5092
7597
6922
3552
109
-1497
-721
1687
3803
4162
3139
1869
469
-1783
-4930
-7827
-9133
-8257
-5564
-2401
-525
-630
-1710
-2317
-1932
-859
597
2431
4656
6798
7876
7205
5067
2401
86
-1252
-1475
-1228
-1159
-809
634
2677
3801
3189
1308
-586
-1250
-297
1492
3051
3972
4318
4047
3150
1952
810
-256
-1225
-1678
-1359
-818
-732
-904
-758
-445
-628
-1388
-2068
-2040
-1199
135
1317
1633
996
150
-298
-587
-1071
-1455
-1388
-1123
-1025
-1054
-1145
-1501
-2090
-2384
-2121
-1946
-2555
-3603
-4419
-5045
-5759
-6813
-8920
-11928
-13109
-9627
-2523
4292
8351
9699
8735
5716
2020
-290
-184
2204
6168
9570
9395
5417
987
-1464
-2616
-3179
-2666
-1583
-1008
-218
1939
4261
4476
2409
-40
-1182
-607
1074
2687
3443
3703
3901
3168
557
-3095
-5978
-7029
-5981
-3337
-812
-67
-864
-1877
-2684
-3514
-4052
-3697
-2247
217
3221
5537
5960
4612
2742
1369
620
164
-98
238
1512
3332
4683
4608
2947
775
-541
-781
-490
236
1414
2515
3074
2993
2117
508
-1196
-2327
-2600
-2053
-1011
116
1126
1796
1834
1243
248
-975
-1965
-1945
-726
677
1038
317
-484
-819
-1140
-1791
-2342
-2385
-2050
-1484
-664
166
604
707
839
980
854
373
-313
-805
-815
-728
-1170
-2050
-2637
-2875
-3694
-5224
-6351
-6555
-6008
-4393
-1708
899
2076
1358
-399
-1601
-1363
54
1771
2733
2450
1495
960
1349
1986
1838
789
-350
-731
-119
977
1856
2327
2623
2699
2181
1136
138
-432
-471
152
1201
1866
1667
1253
1531
2332
2618
1828
406
-931
-1693
-1505
-442
711
1308
1428
1129
216
-987
-1788
-2064
-2053
-1589
-535
496
723
261
-119
-119
-54
43
458
1061
1491
1760
1912
1692
1050
273
-482
-1154
-1492
-1347
-888
-335
218
740
1098
1124
965
1031
1338
1467
1326
1294
1693
2442
3031
2815
1787
687
107
-23
-24
-96
-188
-146
-103
-359
-723
-756
-564
-597
-886
-1191
-1499
-1802
-1825
-1393
-843
-757
-1426
-2552
-3468
-3851
-4105
-4658
-5245
-5489
-5647
-5851
-5291
-3369
-1124
-180
-736
-1675
-2139
-1889
-810
756
1739
1555
1039
1265
2055
2567
2585
2405
2310
2749
4005
5251
5204
3921
2708
2204
1882
1305
731
520
765
1502
2543
3199
2875
1837
834
137
-445
-932
-1147
-983
-299
858
1794
1642
479
-791
-1645
-2255
-2734
-2907
-2704
-2124
-1168
-148
334
-8
-845
-1524
-1575
-933
108
1038
1373
1116
700
272
-455
-1355
-1738
-1324
-543
223
936
1559
1938
2067
2080
2034
1883
1715
1756
2098
2548
2818
2753
2324
1625
972
671
571
340
130
262
505
417
46
-289
-511
-672
-745
-734
-755
-922
-1190
-1391
-1512
-1688
-1882
-1992
-2079
-2214
-2460
-2973
-3629
-3911
-3749
-3758
-4155
-4502
-4752
-5264
-5497
-4281
-1731
431
851
-229
-1729
-2610
-2110
-354
1418
2166
2196
2366
2922
3588
3992
3779
2995
2254
2109
2399
2479
2108
1857
2241
2748
2566
1840
1217
834
701
1081
1810
2126
1714
1210
1268
1611
1481
705
-220
-859
-1104
-1074
-1132
-1471
-1778
-1840
-1933
-2146
-2216
-2192
-2213
-1893
-956
10
228
-233
-677
-723
-565
-440
-290
-182
-387
-804
-916
-544
-80
164
330
646
1083
1510
1957
2462
2833
2889
2721
2479
2270
2283
2526
2580
2170
1641
1371
1239
1080
1022
1094
996
595
221
218
450
572
471
206
-253
-873
-1390
-1551
-1405
-1183
-1058
-1129
-1411
-1826
-2338
-2920
-3304
-3213
-2917
-2887
-2990
-2874
-2871
-3435
-4115
-4277
-4325
-4860
-5138
-3946
-1786
-519
-842
-1677
-1922
-1326
93
1965
3253
3240
2518
2176
2439
2697
2528
2090
1741
1803
2454
3261
3265
2309
1492
1550
1829
1572
989
602
646
1337
2650
3825
3976
3110
1948
1052
469
-55
-784
-1542
-1700
-991
-131
-32
-765
-1754
-2561
-3018
-3021
-2615
-1966
-1084
18
907
879
-256
-1827
-2863
-2878
-2032
-815
195
641
686
702
713
529
177
-115
-73
570
1689
2644
2925
2696
2329
1827
1098
450
356
864
1585
2211
2608
2535
1886
1168
1038
1357
1397
959
572
563
687
701
603
332
-210
-824
-1153
-1138
-1077
-1203
-1420
-1605
-1864
-2226
-2409
-2205
-1807
-1424
-1013
-673
-815
-1548
-2325
-2690
-2958
-3555
-4205
-4596
-5092
-5722
-5386
-3350
-770
539
216
-729
-1431
-1532
-714
935
2339
2470
1807
1630
2131
2400
1956
1188
636
641
1312
2229
2626
2307
1939
2073
2419
2435
2112
1817
1813
2238
2992
3473
3040
1857
713
73
-223
-452
-638
-629
-360
1
122
-243
-1020
-1753
-1973
-1678
-1349
-1407
-1832
-2270
-2400
-2184
-1807
-1480
-1328
-1300
-1113
-571
86
413
276
-59
-184
87
519
758
866
1143
1468
1438
1090
839
808
858
1077
1594
2160
2396
2275
2057
1941
1918
1866
1765
1720
1706
1537
1217
1005
1012
1052
896
546
124
-337
-834
-1218
-1336
-1280
-1251
-1222
-1048
-780
-627
-671
-856
-1059
-1126
-1124
-1316
-1629
-1676
-1589
-1894
-2435
-2616
-2620
-3082
-3874
-4396
-4656
-4942
-4803
-3510
-1525
-331
-614
-1544
-2051
-1787
-804
554
1446
1297
693
700
1453
2136
2137
1614
1134
1165
1832
2820
3588
3862
3808
3701
3472
2802
1713
809
707
1395
2325
2846
2585
1720
893
611
716
664
260
-165
-316
-333
-478
-797
-1275
-1824
-2128
-2074
-1982
-2112
-2298
-2257
-1850
-1231
-885
-1156
-1750
-2079
-1842
-1149
-441
-113
-92
-21
155
279
337
350
267
228
558
1293
1978
2198
2084
1979
1843
1482
1101
1094
1467
1949
2410
2760
2757
2263
1559
1129
1155
1359
1397
1256
1116
974
676
216
-208
-464
-572
-566
-458
-306
-190
-214
-485
-952
-1329
-1455
-1514
-1666
-1712
-1478
-1229
-1231
-1318
-1345
-1610
-2239
-2781
-2951
-3086
-3417
-3756
-4115
-4652
-4880
-4087
-2584
-1597
-1747
-2431
-2761
-2376
-1296
160
1234
1352
1038
1339
2407
3410
3704
3383
2864
2527
2610
3019
3260
2968
2451
2298
2482
2432
1946
1428
1253
1431
1722
1789
1437
881
494
337
200
-96
-562
-1009
-1111
-780
-405
-481
-1007
-1516
-1681
-1600
-1532
-1604
-1772
-1880
-1739
-1340
-961
-956
-1350
-1767
-1803
-1423
-873
-312
245
735
1015
991
690
296
83
179
508
952
1412
1739
1873
1936
1996
1913
1583
1212
1178
1592
2107
2330
2201
1868
1476
1167
1038
1047
1117
1285
1473
1424
1060
619
215
-263
-732
-888
-774
-697
-685
-518
-277
-321
-721
-1094
-1122
-952
-912
-1047
-1229
-1476
-1786
-1909
-1681
-1440
-1690
-2352
-2856
-3064
-3457
-4158
-4725
-5083
-5491
-5473
-4207
-2090
-513
-104
-317
-554
-614
-299
473
1224
1390
1178
1286
1877
2493
2770
2717
2471
2245
2299
2619
2866
2832
2703
2700
2681
2331
1609
842
433
568
1093
1557
1543
1099
655
499
486
302
-168
-783
-1231
-1237
-851
-485
-516
-902
-1318
-1554
-1614
-1567
-1481
-1384
-1201
-900
-671
-731
-967
-1086
-1016
-875
-703
-530
-499
-561
-415
-3
323
341
245
278
435
668
1005
1373
1583
1571
1479
1426
1364
1325
1525
2019
2474
2528
2234
1883
1590
1343
1218
1225
1181
968
721
663
818
962
900
714
591
495
285
35
-70
-102
-313
-723
-1078
-1253
-1399
-1597
-1720
-1739
-1870
-2181
-2426
-2429
-2313
-2218
-2160
-2178
-2270
-2271
-2150
-2203
-2617
-3184
-3728
-4212
-4293
-3492
-2019
-802
-489
-906
-1457
-1573
-945
186
1095
1285
1053
1159
1894
2747
3071
2827
2404
2058
1928
2160
2601
2822
2730
2644
2630
2364
1743
1126
857
945
1195
1362
1196
703
234
63
47
-106
-404
-643
-684
-486
-131
122
-16
-534
-1101
-1413
-1484
-1500
-1526
-1471
-1305
-1116
-1016
-1100
-1378
-1640
-1531
-950
-262
70
-16
-209
-267
-213
-136
-18
184
475
865
1334
1745
1935
1881
1720
1563
1414
1287
1276
1447
1753
2101
2344
2311
2011
1694
1542
1497
1455
1422
1424
1419
1327
1112
816
506
165
-267
-758
-1165
-1411
-1492
-1425
-1301
-1280
-1412
-1575
-1647
-1594
-1460
-1352
-1342
-1358
-1328
-1321
-1349
-1306
-1275
-1511
-1993
-2394
-2657
-3043
-3555
-3896
-4083
-4352
-4364
-3453
-1818
-559
-311
-647
-928
-899
-444
401
1144
1295
1113
1298
2032
2822
3187
3052
2655
2312
2245
2383
2450
2268
1995
1907
1984
1909
1522
1027
766
901
1287
1581
1559
1242
824
492
300
96
-273
-685
-851
-685
-412
-328
-534
-900
-1220
-1357
-1311
-1250
-1377
-1624
-1721
-1589
-1445
-1470
-1610
-1667
-1445
-905
-283
121
257
261
193
89
74
199
353
501
794
1278
1767
2064
2121
2023
1870
1718
1627
1704
1977
2294
2429
2330
2103
1860
1653
1513
1408
1229
904
567
431
519
618
527
230
-209
-707
-1117
-1245
-1055
-718
-488
-509
-751
-1075
-1381
-1611
-1702
-1666
-1671
-1837
-2013
-2013
-1877
-1741
-1626
-1557
-1668
-2001
-2355
-2563
-2712
-2953
-3294
-3731
-4185
-4243
-3441
-2011
-809
-377
-517
-777
-821
-379
549
1434
1728
1575
1566
1946
2438
2739
2772
2613
2427
2407
2568
2698
2653
2557
2519
2402
2011
1402
829
563
751
1231
1560
1404
849
250
-110
-200
-159
-155
-283
-505
-712
-843
-963
-1179
-1453
-1607
-1553
-1414
-1366
-1396
-1345
-1139
-911
-847
-967
-1122
-1165
-1026
-675
-174
284
531
559
465
360
329
399
591
912
1232
1361
1334
1349
1449
1501
1470
1435
1421
1420
1509
1748
2011
2082
1935
1751
1619
1423
1099
787
650
676
774
857
788
443
-73
-503
-737
-877
-1022
-1161
-1246
-1253
-1217
-1214
-1267
-1306
-1294
-1249
-1156
-1052
-1085
-1262
-1376
-1367
-1409
-1526
-1560
-1564
-1708
-1902
-1977
-2109
-2577
-3237
-3736
-4055
-4262
-3996
-2890
-1360
-290
-22
-238
-526
-538
8
980
1736
1883
1785
2006
2515
2841
2727
2314
1843
1563
1688
2138
2512
2551
2422
2319
2094
1584
966
559
509
811
1264
1455
1104
414
-154
-344
-275
-220
-316
-479
-571
-541
-450
-459
-676
-993
-1201
-1235
-1169
-1064
-948
-811
-636
-460
-380
-503
-822
-1062
-890
-383
58
240
241
73
-192
-299
-144
99
298
554
968
1435
1721
1773
1729
1639
1456
1281
1306
1531
1826
2115
2316
2314
2045
1582
1130
880
807
725
575
460
403
314
154
-42
-291
-607
-878
-966
-914
-878
-948
-1083
-1204
-1315
-1480
-1673
-1782
-1783
-1765
-1725
-1587
-1420
-1413
-1529
-1523
-1393
-1467
-1865
-2248
-2383
-2469
-2646
-2746
-2805
-3113
-3515
-3323
-2287
-1073
-432
-391
-512
-514
-260
388
1216
1635
1482
1353
1759
2485
2996
3061
2832
2582
2474
2498
2512
2355
2044
1786
1662
1487
1134
690
333
262
614
1089
1121
610
38
-201
-143
15
118
67
-101
-222
-214
-210
-364
-645
-902
-1045
-1081
-1107
-1264
-1513
-1609
-1461
-1280
-1235
-1248
-1206
-1054
-706
-161
345
544
437
263
227
326
475
653
887
1145
1378
1559
1665
1681
1645
1613
1599
1544
1423
1327
1383
1574
1715
1665
1500
1366
1265
1111
905
735
595
427
268
189
111
-113
-445
-695
-817
-936
-1157
-1416
-1609
-1726
-1786
-1748
-1636
-1605
-1715
-1799
-1689
-1438
-1235
-1178
-1198
-1171
-1142
-1299
-1641
-1933
-2102
-2333
-2655
-2909
-3164
-3586
-3836
-3305
-2093
-1025
-626
-662
-709
-536
17
929
1733
1911
1588
1413
1733
2267
2599
2625
2467
2270
2162
2194
2267
2246
2133
2008
1847
1524
1032
572
404
654
1177
1584
1527
1046
520
260
247
265
140
-135
-409
-526
-508
-537
-752
-1111
-1420
-1530
-1458
-1355
-1309
-1252
-1072
-834
-739
-867
-1070
-1138
-969
-546
51
595
849
847
827
840
741
548
478
609
816
1029
1265
1481
1615
1689
1756
1760
1634
1464
1439
1602
1800
1848
1693
1428
1177
1020
930
819
616
328
34
-169
-291
-441
-670
-909
-1084
-1198
-1279
-1316
-1287
-1233
-1199
-1194
-1235
-1357
-1523
-1633
-1640
-1565
-1467
-1450
-1542
-1609
-1575
-1628
-1912
-2278
-2541
-2720
-2863
-2932
-2988
-3193
-3397
-3110
-2145
-1021
-415
-414
-601
-588
-184
619
1499
1922
1743
1453
1554
1992
2393
2558
2532
2442
2415
2475
2515
2447
2330
2245
2148
1922
1541
1136
880
904
1183
1435
1285
695
16
-412
-536
-473
-372
-364
-449
-504
-478
-481
-629
-879
-1069
-1100
-1018
-939
-922
-916
-801
-570
-398
-448
-669
-857
-844
-573
-139
244
432
484
511
521
504
492
512
580
746
1000
1187
1216
1176
1155
1124
1099
1159
1295
1414
1492
1548
1522
1343
1069
810
623
527
549
623
607
432
166
-102
-346
-541
-649
-721
-855
-1044
-1168
-1177
-1145
-1180
-1349
-1614
-1818
-1836
-1695
-1476
-1273
-1221
-1363
-1535
-1582
-1597
-1754
-2017
-2202
-2267
-2346
-2542
-2836
-3173
-3439
-3369
-2764
-1833
-1066
-727
-648
-531
-232
251
823
1297
1535
1651
1903
2347
2757
2914
2838
2683
2550
2464
2421
2394
2356
2305
2233
2066
1705
1192
733
550
698
1008
1211
1116
746
292
-59
-259
-385
-500
-592
-612
-557
-480
-439
-460
-542
-669
-816
-943
-1006
-960
-800
-554
-317
-233
-323
-432
-377
-130
186
432
534
505
411
326
298
325
324
269
271
429
663
850
999
1146
1213
1146
1041
1012
1056
1125
1203
1267
1261
1146
954
782
694
655
589
485
383
257
50
-218
-452
-611
-743
-892
-1038
-1158
-1260
-1329
-1327
-1293
-1326
-1467
-1659
-1837
-1975
-2050
-2078
-2147
-2330
-2585
-2816
-2959
-3010
-2993
-2988
-3050
-3103
-2966
-2554
-1974
-1418
-1006
-715
-426
-17
522
1057
1432
1610
1700
1832
2039
2248
2376
2405
2375
2351
2360
2389
2406
2388
2336
2237
2072
1851
1634
1493
1459
1481
1442
1273
1025
798
625
461
264
27
-244
-494
-625
-617
-599
-708
-908
-1073
-1125
-1079
-955
-803
-693
-649
-607
-491
-317
-178
-116
-84
-39
11
45
94
178
257
309
355
401
389
312
270
361
543
718
842
926
978
1012
1075
1180
1266
1249
1114
948
859
850
823
713
561
422
317
249
198
101
-66
-222
-272
-252
-289
-458
-721
-971
-1119
-1165
-1204
-1369
-1697
-2073
-2350
-2492
-2582
-2715
-2933
-3194
-3413
-3513
-3517
-3516
-3527
-3437
-3118
-2611
-2085
-1636
-1246
-861
-423
110
648
1007
1133
1205
1407
1726
2006
2166
2228
2258
2312
2404
2487
2506
2471
2444
2459
2461
2365
2167
1969
1882
1900
1894
1755
1486
1193
984
887
831
702
453
142
-140
-348
-498
-623
-746
-845
-884
-879
-888
-923
-932
-884
-798
-701
-611
-547
-504
-449
-377
-318
-294
-277
-219
-96
69
224
319
366
402
446
494
539
598
683
804
944
1039
1053
1021
993
963
908
843
787
725
659
639
646
581
400
186
7
-151
-286
-338
-294
-264
-341
-500
-673
-835
-974
-1065
-1126
-1262
-1541
-1865
-2083
-2196
-2330
-2531
-2728
-2884
-3027
-3135
-3163
-3154
-3170
-3135
-2920
-2529
-2112
-1768
-1474
-1141
-728
-249
240
660
937
1069
1179
1397
1706
1959
2077
2131
2190
2250
2298
2358
2432
2469
2427
2341
2246
2129
1981
1871
1868
1914
1864
1664
1398
1165
977
832
740
668
534
298
26
-194
-354
-499
-620
-684
-711
-751
-803
-821
-794
-753
-715
-674
-641
-645
-668
-637
-500
-286
-81
52
102
119
184
323
499
647
730
750
738
744
801
890
966
1015
1041
1039
990
903
822
744
650
535
421
318
210
78
-76
-230
-354
-460
-566
-671
-749
-810
-877
-962
-1048
-1148
-1288
-1466
-1629
-1767
-1926
-2136
-2350
-2505
-2621
-2739
-2836
-2875
-2902
-2950
-2935
-2750
-2428
-2110
-1867
-1655
-1407
-1085
-662
-157
300
576
696
827
1063
1354
1612
1808
1939
2021
2085
2158
2239
2302
2331
2330
2303
2239
2122
1993
1934
1975
2036
2014
1870
1633
1376
1170
1038
938
788
559
299
82
-52
-121
-169
-250
-384
-531
-619
-609
-521
-414
-347
-349
-411
-484
-518
-490
-423
-340
-261
-196
-138
-74
3
88
159
213
270
360
477
595
686
747
788
818
842
867
888
875
821
746
676
587
440
238
35
-130
-243
-296
-308
-338
-451
-636
-827
-988
-1136
-1286
-1421
-1542
-1669
-1814
-1968
-2150
-2376
-2620
-2802
-2895
-2940
-2980
-3003
-2957
-2815
-2599
-2345
-2099
-1875
-1655
-1387
-1050
-649
-230
162
518
844
1100
1262
1384
1555
1790
2015
2144
2141
2047
1970
1994
2101
2179
2148
2035
1940
1931
1985
2027
1995
1885
1750
1635
1537
1404
1225
1054
908
747
524
259
5
-184
-279
-291
-296
-368
-496
-599
-636
-644
-667
-694
-689
-630
-523
-385
-240
-111
-3
85
144
166
162
179
261
385
490
544
578
630
698
771
842
890
894
866
831
802
764
708
625
497
313
98
-82
-189
-251
-338
-489
-695
-919
-1109
-1234
-1315
-1422
-1605
-1821
-2001
-2107
-2143
-2144
-2159
-2217
-2303
-2374
-2392
-2356
-2292
-2220
-2140
-2036
-1913
-1774
-1626
-1458
-1259
-1025
-755
-470
-200
47
282
539
825
1112
1351
1529
1678
1822
1973
2141
2303
2404
2404
2336
2256
2188
2115
2025
1926
1818
1682
1526
1365
1199
1022
859
729
618
494
340
189
78
8
-66
-187
-355
-537
-682
-740
-721
-683
-691
-743
-767
-713
-609
-516
-463
-414
-321
-156
65
286
440
514
574
673
800
897
946
977
1023
1079
1119
1111
1049
942
833
747
657
521
348
204
132
94
25
-111
-293
-477
-618
-697
-749
-844
-1001
-1183
-1334
-1458
-1592
-1750
-1904
-2026
-2098
-2133
-2149
-2168
-2194
-2194
-2136
-2038
-1945
-1873
-1799
-1679
-1500
-1287
-1087
-911
-754
-594
-410
-199
24
228
404
573
745
905
1034
1144
1260
1382
1493
1589
1675
1742
1794
1844
1899
1924
1898
1837
1769
1703
1638
1567
1473
1349
1212
1076
954
837
721
604
489
376
263
142
12
-121
-247
-348
-431
-515
-602
-670
-689
-663
-622
-594
-578
-559
-511
-416
-299
-201
-142
-93
-13
118
282
438
561
656
734
793
833
855
854
825
767
691
610
533
460
395
337
255
131
-8
-123
-201
-271
-358
-475
-616
-768
-914
-1039
-1146
-1253
-1366
-1471
-1558
-1627
-1674
-1697
-1698
-1697
-1704
-1711
-1694
-1641
-1566
-1483
-1396
-1298
-1185
-1048
-895
-737
-587
-438
-287
-142
-9
112
226
340
459
582
696
797
890
984
1072
1140
1186
1228
1283
1347
1401
1421
1401
1351
1295
1251
1212
1160
1084
995
916
853
792
712
604
476
351
247
173
122
83
41
-6
-48
-78
-95
-102
-107
-108
-112
-114
-110
-102
-97
-98
-108
-110
-95
-63
-16
40
99
148
176
182
175
163
159
175
214
256
280
279
265
255
242
215
167
98
19
-50
-101
-146
-213
-310
-419
-530
-639
-743
-835
-904
-945
-967
-988
-1031
-1098
-1164
-1198
-1189
-1160
-1141
-1141
-1140
-1115
-1057
-982
-911
-858
-810
-747
-660
-553
-442
-326
-202
-74
49
152
239
325
420
521
611
671
705
731
769
825
888
936
962
966
958
948
942
940
936
921
885
836
788
749
718
683
639
581
517
455
404
361
317
268
216
166
120
76
40
18
9
10
12
18
24
29
36
50
67
82
96
111
131
145
148
139
122
100
76
50
25
-2
-29
-54
-72
-88
-104
-128
-160
-196
-226
-244
-260
-292
-351
-425
-498
-550
-584
-608
-637
-678
-718
-745
-756
-762
-776
-800
-827
-848
-854
-844
-824
-796
-765
-734
-707
-686
-663
-622
-561
-487
-414
-348
-287
-228
-158
-74
16
95
162
226
298
376
457
538
606
652
677
691
711
734
757
773
773
757
728
696
667
639
601
559
512
467
428
392
357
320
280
242
205
167
133
104
81
64
48
27
6
-17
-31
-33
-25
-11
6
21
38
60
88
121
156
193
227
257
279
293
296
290
272
245
213
177
144
119
97
70
33
-15
-74
-133
-187
-232
-269
-305
-341
-383
-425
-465
-495
-514
-527
-536
-546
-549
-547
-542
-544
-556
-575
-591
-597
-592
-580
-569
-557
-544
-526
-505
-478
-446
-401
-349
-292
-237
-184
-135
-86
-34
23
81
140
198
254
308
357
396
425
451
476
503
530
546
554
559
565
571
572
556
527
491
459
433
406
375
338
298
259
220
182
145
110
78
46
15
-15
-44
-68
-84
-102
-121
-145
-164
-173
-168
-152
-135
-123
-116
-105
-82
-49
-15
11
29
46
66
90
114
132
144
150
155
156
158
162
166
166
160
143
123
103
87
73
53
19
-28
-80
-126
-161
-187
-212
-244
-281
-318
-345
-365
-388
-415
-447
-475
-492
-497
-490
-475
-455
-430
-406
-384
-359
-328
-290
-247
-206
-169
-134
-99
-62
-25
6
31
49
62
78
94
111
123
129
130
134
140
150
159
166
173
182
193
203
215
224
233
235
232
221
210
200
193
186
176
164
156
151
150
144
134
113
94
76
64
57
57
61
65
68
71
72
75
76
78
76
73
66
64
63
61
59
55
53
53
54
52
47
39
33
26
24
28
36
44
47
45
33
19
7
-3
-10
-18
-28
-38
-48
-59
-73
-91
-112
-132
-149
-165
-175
-183
-187
-189
-188
-188
-190
-194
-200
-206
-209
-209
-203
-192
-177
-157
-134
-113
-94
-78
-58
-40
-19
-1
15
31
50
72
87
100
104
104
101
98
96
89
76
61
50
37
25
15
1
-10
-22
-28
-34
-36
-36
-31
-26
-17
-7
1
9
17
26
36
39
40
39
39
42
42
41
38
31
28
25
19
14
7
5
10
19
32
43
51
53
52
53
54
56
60
65
71
77
77
71
58
44
33
27
23
26
32
40
52
60
66
65
65
67
70
71
66
55
44
31
23
13
-2
-23
-47
-69
-89
-105
-122
-135
-143
-142
-135
-125
-117
-113
-108
-104
-95
-83
-67
-48
-26
-5
12
25
33
39
47
53
59
59
55
50
46
47
51
54
54
52
50
47
39
25
9
-7
-21
-31
-38
-48
-60
-76
-92
-107
-119
-128
-133
-136
-137
-136
-134
-133
-125
-118
-107
-95
-84
-73
-65
-57
-46
-36
-24
-12
-3
8
19
32
43
53
60
67
78
92
111
126
140
147
154
159
161
159
155
153
152
150
147
142
134
122
108
95
84
75
62
46
31
24
23
24
23
20
13
5
-4
-12
-20
-28
-36
-44
-54
-65
-72
-76
-80
-90
-100
-111
-120
-127
-127
-122
-111
-97
-83
-72
-61
-50
-41
-35
-32
-28
-15
6
25
42
53
65
73
77
77
76
74
76
81
83
78
65
54
45
38
28
17
-2
-23
-39
-52
-61
-74
-87
-93
-93
-96
-105
-111
-114
-114
-111
-106
-97
-87
-76
-66
-63
-64
-68
-68
-60
-48
-34
-22
-16
-11
-3
13
28
37
35
31
33
44
57
68
78
90
99
106
105
97
88
81
76
73
72
77
82
83
82
75
64
48
33
25
26
32
34
30
23
17
21
27
27
14
-2
-11
-10
-9
-8
1
12
17
12
1
-13
-21
-12
-6
-17
-35
-42
-42
-39
-37
-40
-52
-60
-62
-67
-76
-72
-65
-60
-60
-50
-39
-35
-28
-15
-7
-8
-5
3
10
19
30
43
50
52
56
60
56
43
30
20
9
2
0
-6
-16
-30
-42
-52
-57
-54
-46
-42
-47
-61
-70
-69
-61
-58
-70
-93
-109
-108
-102
-98
-106
-112
-120
-121
-111
-75
-33
-17
-10
-1
17
22
42
67
87
126
147
131
77
119
258
357
354
230
128
76
122
210
196
133
71
63
28
-47
-68
-50
-16
-1
-16
-46
-78
-59
-18
-32
-69
-103
-119
-115
-100
-54
-25
-32
-53
-75
-63
-48
-31
1
10
11
27
63
78
62
63
64
50
46
61
78
64
50
38
8
-21
-21
-17
-37
-63
-59
-44
-55
-72
-76
-82
-97
-106
-99
-90
-82
-64
-48
-55
-73
-73
-57
-39
-26
-16
-18
-28
-16
10
25
24
20
10
-1
13
43
58
50
40
35
27
29
43
63
72
61
43
37
37
41
54
58
34
11
7
11
18
38
45
27
2
-10
-10
-5
4
4
-3
-9
-10
-7
-7
-15
-19
-11
-1
4
11
19
19
15
13
14
5
-11
-20
-23
-26
-26
-24
-28
-35
-29
-21
-13
-9
0
13
19
15
6
2
8
14
9
-1
-12
-18
-13
-9
-18
-41
-61
-69
-69
-57
-40
-26
-22
-21
-18
-21
-20
-4
13
14
10
17
24
23
23
24
15
4
1
-2
-11
-12
3
12
7
-8
-14
-14
-12
-6
0
4
13
31
47
47
45
53
67
69
65
65
68
69
74
71
53
40
42
46
40
38
41
42
43
45
43
38
34
28
19
8
3
-6
-24
-50
-67
-72
-71
-74
-83
-90
-93
-90
-88
-85
-83
-79
-78
-75
-63
-41
-19
-8
-9
-10
-8
-2
1
-1
-2
2
4
-1
-10
-12
-3
10
15
9
2
5
15
21
25
26
26
20
9
-1
-5
0
3
-3
-17
-30
-38
-38
-33
-28
-27
-32
-31
-28
-21
-11
-4
-3
-4
1
12
21
28
32
33
36
30
25
21
22
28
30
26
18
12
10
12
16
18
24
25
27
22
18
16
16
18
23
29
33
31
28
27
25
22
18
15
16
20
23
26
25
23
24
24
28
32
39
42
37
29
23
22
20
15
7
0
-3
-8
-16
-29
-33
-33
-33
-35
-40
-42
-39
-37
-38
-39
-36
-34
-31
-30
-28
-27
-27
-33
-39
-39
-34
-27
-25
-25
-26
-22
-16
-11
-12
-11
-9
-3
0
-2
-5
-6
-4
-1
-4
-9
-17
-21
-24
-24
-30
-39
-41
-35
-29
-25
-26
-28
-28
-27
-25
-23
-22
-20
-12
-4
0
2
5
11
16
18
14
12
13
16
20
25
28
30
31
30
31
34
37
39
39
39
42
44
44
42
39
39
38
37
32
28
28
30
31
30
27
23
20
19
19
22
24
24
22
20
20
21
19
16
13
13
11
8
4
3
-1
-4
-8
-8
-9
-8
-9
-13
-17
-18
-19
-19
-20
-21
-21
-24
-30
-36
-36
-33
-34
-38
-42
-43
-41
-40
-43
-43
-43
-41
-37
-35
-34
-33
-30
-27
-26
-25
-24
-18
-15
-11
-13
-13
-14
-13
-8
-4
-1
1
2
4
5
7
11
13
14
14
13
14
14
15
18
17
14
13
14
16
14
12
11
10
11
11
14
22
28
28
23
20
21
23
26
27
26
24
21
19
18
20
22
22
18
13
9
5
5
7
8
11
13
15
18
17
17
11
8
4
1
2
1
0
-3
-8
-12
-16
-17
-17
-16
-14
-12
-11
-10
-10
-10
-8
-7
-4
-1
1
2
2
3
1
-2
-3
-4
-5
-6
-6
-10
-13
-13
-13
-12
-11
-11
-11
-12
-13
-13
-13
-13
-15
-15
-15
-15
-16
-16
-19
-20
-21
-22
-23
-22
-20
-17
-13
-8
-4
-1
2
5
8
10
10
9
10
13
16
17
18
16
14
16
16
16
15
12
10
8
7
7
8
9
12
12
12
11
9
7
5
3
1
0
-3
-5
-7
-6
-7
-7
-7
-6
-6
-5
-4
-2
-1
2
3
8
9
11
12
15
16
16
16
13
11
10
9
9
10
11
11
11
11
8
9
8
10
9
10
10
10
9
10
9
8
7
6
3
2
-3
-7
-10
-11
-12
-13
-14
-14
-15
-14
-14
-12
-12
-9
-7
-6
-7
-7
-8
-8
-10
-9
-8
-9
-10
-14
-14
-14
-12
-11
-9
-9
-7
-4
-3
-1
0
0
2
4
4
4
2
1
0
1
1
1
0
0
0
1
1
-1
-1
-1
-1
0
-1
0
0
-1
0
0
-1
0
0
1
1
0
-1
-2
-4
-6
-9
-9
-8
-6
-4
-3
-2
1
1
4
4
5
4
5
4
5
5
5
5
4
6
6
6
5
4
4
5
6
6
4
4
4
4
6
6
7
7
8
8
7
8
6
6
4
3
3
2
1
2
2
2
3
2
3
3
2
3
3
4
4
4
5
5
5
5
5
6
5
3
1
1
0
-1
-1
-1
0
0
1
0
-1
-1
-1
-3
-2
-1
0
-1
-2
-3
-2
-4
-3
-4
-5
-6
-7
-7
-6
-5
-3
-4
-4
-4
-5
-5
-6
-4
-5
-5
-5
-6
-7
-7
-6
-8
-9
-9
-9
-9
-10
-9
-8
-7
-7
-6
-4
-4
-3
-2
-1
0
1
1
3
2
1
3
2
3
3
2
2
2
1
3
3
5
5
6
7
6
8
8
8
9
10
9
8
8
9
9
9
9
9
8
6
5
4
4
4
4
4
6
7
7
7
7
5
7
8
7
7
5
4
3
3
3
3
1
0
0
-1
-1
0
-1
0
1
-1
-1
-1
-1
-1
-2
-1
-2
-2
-4
-3
-3
-2
-4
-5
-6
-7
-7
-7
-8
-8
-8
-6
-6
-5
-5
-5
-5
-6
-5
-3
-3
-3
-2
-2
-2
-3
-3
-4
-4
-6
-6
-6
-6
-4
-4
-4
-2
-2
-1
-1
1
0
1
2
1
0
1
1
-1
1
0
1
0
0
1
0
1
2
3
4
4
6
5
4
4
4
4
5
5
5
5
4
5
5
6
7
6
6
6
7
6
7
7
7
7
8
8
8
8
9
9
8
9
7
6
7
6
5
5
4
3
1
1
1
1
-1
1
0
2
-1
1
-1
-2
-3
-3
-3
-2
-3
-2
-3
-4
-4
-6
-6
-8
-8
-9
-9
-8
-8
-6
-6
-6
-7
-6
-5
-5
-5
-4
-4
-5
-5
-6
-6
-7
-5
-4
-3
-4
-4
-5
-4
-4
-4
-4
-3
-2
-2
-2
-2
-1
0
-1
-1
-1
-1
0
-1
-1
-1
-1
-1
-2
-1
-1
-1
0
1
1
2
2
3
4
4
4
5
5
6
6
6
6
5
5
4
6
5
5
5
4
5
5
6
7
8
8
8
8
9
7
7
8
7
8
7
6
6
5
4
4
3
4
3
2
0
1
0
2
2
0
0
-1
0
-1
-1
-1
-1
-1
-1
-2
-3
-4
-4
-3
-4
-5
-5
-5
-3
-5
-4
-5
-4
-3
-4
-3
-3
-4
-3
-3
-3
-2
-4
-6
-5
-6
-5
-3
-3
-2
-2
-3
-3
-1
-1
-1
-1
0
-1
-3
-2
-2
0
0
1
2
1
-1
-1
-1
-3
-2
-1
-2
-1
-1
-2
-2
1
0
1
1
1
0
1
2
1
1
1
1
3
2
2
2
2
1
2
2
2
1
2
3
2
2
2
3
4
5
4
3
2
3
4
4
3
2
1
2
2
2
2
1
2
2
2
1
2
2
2
1
1
1
1
0
0
0
0
0
0
0
0
0
0
1
0
0
0
0
-1
0
0
1
0
0
0
0
0
-1
0
0
0
0
0
-1
-2
-1
-1
-2
-1
-1
-1
-2
0
0
0
0
-1
0
0
0
0
0
-1
-1
-1
-1
-1
-1
-1
-1
-1
-1
-2
-1
-1
-1
-2
-1
-2
-1
-1
0
0
0
0
1
1
1
1
1
0
2
1
1
1
1
1
2
1
1
1
1
1
1
2
1
1
1
1
0
1
0
1
1
1
1
1
1
2
2
2
1
0
0
0
0
1
2
2
3
2
2
1
0
1
0
0
0
0
0
1
0
1
0
0
0
1
0
0
-1
0
0
1
0
-1
0
0
0
1
0
-1
1
-1
-2
-1
-1
0
1
1
1
1
0
2
1
1
2
1
1
0
-1
-1
0
0
1
1
1
1
0
0
0
0
0
0
0
0
0
0
0
0
0
-1
0
-1
0
-1
0
0
0
0
0
-1
0
-1
1
0
0
0
0
0
-1
0
-1
0
-1
0
0
0
0
-1
0
-1
0
1
0
0
0
0
0
0
1
0
0
0
0
0
0
-1
0
0
0
0
0
0
0
0
1
0
1
1
0
0
0
0
0
0
0
0
0
0
1
0
1
0
0
0
0
0
0
0
1
0
0
0
1
0
1
1
0
0
0
0
-1
0
0
1
0
0
0
0
0
0
0
0
0
0
0
0
0
-1
0
0
0
0
0
0
0
0
0
-1
0
1
0
0
0
0
0
0
0
-1
1
0
0
0
1
0
1
0
0
0
0
0
0
0
-1
0
1
0
0
0
1
0
0
0
0
-1
1
1
0
0
1
0
0
0
0
0
0
0
0
-1
0
0
0
0
1
0
0
0
0
0
0
-1
-1
1
0
0
1
0
0
-1
0
-1
1
0
1
0
0
0
0
1
-1
0
0
0
0
0
0
0
0
0
0
0
0
0
0
-1
0
0
0
0
1
0
0
0
0
0
0
0
0
-1
0
0
0
-1
0
0
1
0
-1
0
0
0
0
1
1
1
0
0
-1
0
0
-1
0
0
0
0
-1
0
0
0
0
0
0
1
0
0
0
0
0
1
0
0
0
0
0
0
0
-1
1
-1
0
-1
0
0
0
0
-1
0
0
0
0
0
0
0
0
0
1
0
0
0
0
0
0
0
0
0
0
0
0
0
0
-1
0
0
0
1
0
0
0
0
-1
0
-1
0
1
0
0
1
0
0
0
0
0
0
0
0
0
0
1
-1
0
-1
0
0
-1
0
0
0
0
-1
0
0
0
0
0
1
0
0
0
0
0
0
0
-1
0
0
0
0
0
0
-1
0
0
0
0
0
0
-1
0
-1
0
0
0
0
1
0
0
0
0
0
0
0
0
0
0
0
0
1
0
0
0
0
1
0
-1
0
1
0
0
0
0
0
0
0
-1
-1
0
0
0
1
0
-1
0
0
-1
0
0
0
-1
0
0
1
0
0
0
0
0
0
1
0
0
0
0
1
0
0
0
1
1
0
0
0
0
0
0
1
0
1
0
0
0
1
0
0
0
-1
1
1
0
-1
0
0
0
0
0
0
0
0
0
0
0
1
0
1
0
0
0
0
0
-1
0
1
0
0
-1
0
-1
0
0
-1
0
0
0
0
0
0
0
0
0
0
0
0
0
0
0
0
0
0
0
0
0
0
0
0
0
0
0
0
0
0
0
0
0
-1
0
0
0
0
0
0
0
-1
0
0
0
0
0
0
0
0
0
0
0
0
0
0
0
0
0
0
0
0
0
0
1
-1
0
0
0
0
0
0
0
1
0
0
0
0
0
-1
0
0
0
0
0
0
0
0
0
0
-1
-1
-1
-1
0
-1
0
0
0
0
0
0
-1
-1
0
-1
0
0
0
-1
0
0
0
0
0
0
0
1
0
0
0
0
0
0
0
0
0
0
1
1
0
0
0
0
0
0
0
0
0
0
0
1
0
0
0
0
0
1
1
0
0
0
0
0
-1
0
0
0
0
0
0
1
0
0
1
0
0
0
1
0
0
1
0
1
1
0
0
0
0
0
0
0
0
0
0
1
0
1
1
-1
0
0
0
0
0
0
0
0
0
0
0
1
0
0
1
0
0
0
1
0
0
0
-1
0
0
0
0
0
0
0
0
0
0
1
0
0
0
-1
-1
0
0
0
0
0
0
0
0
0
0
-1
0
1
0
0
0
0
0
0
0
-1
0
1
0
0
0
0
-1
0
-1
-1
0
0
0
0
1
0
0
0
0
0
0
0
0
1
1
0
1
-1
0
0
0
0
0
0
0
0
0
0
0
0
0
0
0
0
0
0
0
0
0
0
0
0
0
0
0
0
-1
1
0
1
0
0
1
0
0
0
0
0
1
-1
0
0
0
0
0
1
0
0
-1
0
0
0
0
1
0
0
1
-1
-1
0
0
0
0
0
0
0
0
0
0
0
-1
0
0
0
1
0
0
0
0
1
0
-1
-1
0
0
0
-1
0
0
0
0
0
-1
0
0
0
0
-1
0
0
0
0
0
0
0
0
0
0
0
0
0
0
-1
0
0
0
0
0
0
0
0
0
1
0
-1
0
0
0
0
0
0
0
0
0
0
0
0
0
0
0
0
0
0
0
-1
0
0
0
0
0
0
0
0
0
0
0
0
0
1
0
0
0
0
0
0
0
1
0
0
0
1
1
0
0
0
-1
1
1
0
0
0
0
0
0
0
1
0
0
0
1
0
0
0
0
0
-1
0
0
0
0
0
0
0
0
0
0
-1
-1
-1
0
0
0
0
-1
0
0
0
0
0
0
0
0
0
1
0
1
0
0
0
0
0
0
1
-1
0
1
-1
0
0
0
0
0
0
0
-1
0
0
0
-1
0
-1
0
0
0
0
0
-1
0
0
0
0
0
0
-1
0
0
0
0
0
0
0
0
-1
-1
0
0
0
0
0
1
0
0
0
0
0
-1
0
0
0
0
0
0
0
0
0
1
0
1
0
0
1
-1
1
0
0
0
-1
-1
0
0
0
-1
0
-1
0
0
0
-1
0
0
0
0
1
0
0
0
0
0
0
1
0
1
0
0
0
0
0
0
1
0
0
0
1
1
0
0
0
0
0
0
0
0
-1
1
0
0
0
0
0
0
0
1
0
0
-1
0
0
0
-1
-1
0
0
1
0
-1
0
0
0
0
0
0
-1
-1
0
0
-1
1
0
1
0
0
0
0
0
0
1
0
0
0
-1
0
0
0
0
0
1
-1
0
0
0
0
0
0
0
0
0
1
0
0
0
0
0
0
-1
0
0
-1
0
0
-1
0
0
0
0
0
0
0
0
1
0
0
-1
1
0
0
-1
-1
0
0
0
1
-1
0
0
0
-1
1
0
0
0
1
-1
0
0
0
0
0
0
0
0
0
0
0
-1
0
0
0
0
0
0
0
0
0
0
1
-1
0
0
-1
1
0
0
0
0
0
0
0
0
0
0
0
0
0
0
-1
0
0
0
0
0
0
0
-1
0
0
0
-1
0
0
-1
-1
0
0
0
0
0
1
1
-1
0
-1
0
0
0
0
0
0
0
0
1
0
0
0
0
-1
1
0
0
1
0
0
0
0
0
1
1
0
0
0
0
0
-1
0
-1
1
0
1
0
0
1
0
0
1
0
0
0
1
-1
-1
1
0
0
0
-1
0
0
1
0
0
0
0
0
0
-1
0
0
0
-1
0
0
1
1
-1
0
0
0
0
0
0
0
0
0
-1
1
0
0
1
0
0
0
0
1
-1
0
0
0
0
-1
1
0
0
-1
0
0
0
0
0
-1
0
-1
1
0
0
1
0
0
0
0
0
0
0
0
-1
0
0
0
1
0
1
0
0
0
0
-1
0
0
1
1
0
0
0
-1
-1
0
0
0
-1
0
0
1
0
1
0
0
1
0
0
1
0
0
0
0
0
0
0
0
0
0
0
-1
1
0
0
0
-1
-1
0
0
2
2
2
0
1
0
1
1
0
-1
0
-1
0
-2
-2
0
0
2
2
2
1
0
0
1
1
0
2
2
0
1
0
0
0
0
0
0
0
0
0
0
0
0
-1
0
0
0
0
1
1
1
1
0
2
2
1
2
1
1
0
1
0
0
0
-1
-2
-1
-1
-2
-1
-1
0
2
1
1
1
1
1
1
2
2
2
1
1
0
1
-1
0
0
2
2
1
0
0
0
0
0
-1
0
1
2
2
0
-1
-2
1
3
3
1
0
0
1
1
0
0
0
0
0
-2
-2
-2
0
2
2
2
1
0
0
1
1
1
2
2
2
1
-1
-1
-1
0
0
1
1
2
-1
-1
-1
-1
-1
0
0
2
1
-1
-1
-1
-1
-1
0
1
1
2
1
1
1
0
-1
1
0
0
0
0
-1
-3
-2
-1
0
2
3
4
4
1
-1
-1
0
0
2
2
2
0
-2
-3
-4
-1
1
3
4
2
0
-2
0
-1
0
1
1
1
1
-1
-2
-3
-1
4
6
5
4
0
-3
-3
-2
1
2
1
0
-2
-3
-4
-3
-3
-2
1
2
3
2
3
1
1
1
1
1
2
2
1
-2
-3
-4
-2
0
1
3
1
0
-2
-3
-2
-1
2
3
3
2
1
-1
-1
0
2
4
5
4
2
-1
-3
-3
-1
0
1
0
-1
-2
-3
-3
-3
-1
0
4
5
6
3
1
0
0
0
1
0
2
1
0
-2
-5
-5
-4
-1
3
5
2
0
-2
-2
-1
2
4
5
2
1
-1
-2
-1
2
3
4
2
2
0
-2
-1
1
1
0
-1
-1
-1
-1
-1
-1
0
0
1
3
6
5
4
2
0
-2
-2
-2
0
-1
-1
-2
-4
-6
-5
-3
0
4
5
5
3
1
-1
0
1
4
4
4
2
-1
-2
-4
-1
1
2
2
2
1
0
-1
-3
-1
-2
0
1
2
1
1
0
0
0
2
3
5
5
4
0
-2
-4
-4
-2
0
1
-2
-2
-5
-5
-3
1
5
8
8
5
2
-2
-3
0
3
6
4
1
-2
-5
-6
-4
0
2
3
1
0
0
0
0
1
1
1
0
0
0
1
1
1
-2
-2
-1
2
5
7
4
-1
-5
-8
-7
-2
3
5
3
-2
-7
-10
-5
5
15
20
16
4
-8
-14
-8
1
8
8
2
-8
-16
-16
-9
0
7
9
5
1
-1
0
3
5
4
1
-1
-2
0
1
2
-2
-6
-7
-4
3
9
10
6
-2
-10
-11
-7
-1
6
7
5
-1
-7
-8
-5
3
10
14
13
5
-2
-8
-8
-5
0
3
2
-3
-6
-8
-6
-2
2
6
9
7
5
4
4
3
2
-2
-4
-4
-2
2
2
0
-5
-8
-8
-4
4
10
10
6
-2
-8
-8
-5
3
8
8
4
-2
-8
-8
-4
3
8
9
6
1
-5
-7
-8
-3
0
3
3
0
-4
-5
-4
0
4
8
7
6
2
0
0
2
0
-1
-3
-5
-6
-4
-1
1
1
-2
-4
-5
0
5
9
10
6
0
-6
-6
-2
4
8
6
0
-6
-8
-6
0
6
8
6
-1
-7
-9
-7
-1
3
5
1
-3
-6
-4
1
7
8
7
1
-3
-1
1
5
6
1
-5
-12
-12
-8
0
5
5
-1
-5
-7
-5
5
14
16
10
-1
-8
-8
-4
3
9
8
1
-5
-10
-8
-2
5
8
7
1
-2
-7
-6
-1
3
5
3
-2
-5
-5
0
7
10
10
4
-3
-4
-3
2
6
4
0
-9
-13
-13
-10
-2
6
10
7
-2
-8
-8
0
11
18
16
5
-7
-14
-11
-4
5
9
5
-1
-8
-11
-7
1
8
10
6
-1
-6
-6
-3
2
6
4
0
-3
-4
-2
4
9
10
7
-2
-6
-7
-2
4
6
1
-10
-16
-16
-9
2
10
10
6
-2
-6
-2
7
15
18
11
1
-9
-12
-8
-1
3
2
-2
-7
-8
-5
1
6
6
5
2
-1
-2
1
3
4
3
1
-2
-2
0
4
6
6
3
-1
-5
-3
-2
1
2
-1
-4
-8
-8
-4
1
6
8
4
0
-2
0
5
10
11
6
0
-7
-10
-9
-4
-1
1
0
-4
-6
-7
-3
2
7
9
7
4
1
-1
0
1
2
3
3
1
-2
-5
-5
-3
1
4
4
2
-1
-4
-5
-5
-3
0
1
3
2
3
1
0
0
2
5
6
7
5
3
-1
-5
-7
-4
-3
-1
0
-1
-3
-3
-5
-2
2
11
14
12
6
0
-5
-5
-2
3
6
3
-1
-7
-9
-8
-3
2
4
5
2
1
0
-1
0
0
-1
-2
0
2
3
2
1
-2
-3
-2
4
6
8
6
-1
-9
-13
-11
-4
3
7
6
1
-6
-8
-3
5
12
15
13
5
0
-5
-6
-3
0
2
0
-3
-4
-5
-3
1
0
0
1