31
108
105
0
-160
-354
-353
-158
79
270
272
152
35
-107
-199
-160
-28
107
154
161
104
-34
-196
-273
-152
41
142
97
-51
-198
-288
-302
-261
-171
-20
148
176
22
-146
-272
-324
-169
78
173
141
81
15
10
53
71
73
110
192
241
182
92
10
-55
13
153
256
343
285
96
18
19
-2
18
38
87
214
206
13
-164
-257
-221
-65
43
39
-66
-168
-139
-149
-259
-256
-109
99
191
66
-89
-183
-215
-103
66
196
226
124
72
74
-36
-137
-88
101
342
372
120
-101
-140
-141
-143
-76
40
88
-3
-139
-194
-206
-238
-227
-95
97
150
6
-153
-187
-153
-134
-85
44
166
167
92
43
23
-8
-1
113
258
302
233
136
55
-12
-56
-39
59
183
236
148
-31
-170
-187
-98
11
34
-40
-90
-58
-42
-140
-243
-196
-30
108
114
30
-31
-103
-197
-161
-6
114
153
113
36
-10
-30
-38
-18
41
119
123
36
-43
-67
-69
-90
-95
3
132
129
22
-65
-110
-145
-154
-74
67
121
52
-38
-103
-97
-17
36
38
53
75
65
1
-80
-90
-38
15
83
130
103
31
-53
-103
-60
31
92
109
99
69
26
-21
-55
-49
44
185
236
139
-4
-58
-14
25
32
60
122
147
58
-63
-96
-85
-81
-37
36
51
-19
-116
-156
-127
-105
-116
-82
17
73
20
-87
-154
-130
-79
-51
-3
73
90
28
-34
-56
-31
23
63
65
56
70
78
38
-13
-26
-35
-45
-29
2
40
50
-18
-100
-121
-110
-88
-49
-16
15
20
-41
-115
-141
-109
-34
39
80
83
47
7
-3
9
33
68
106
154
194
187
135
83
46
28
57
111
122
85
32
-12
-21
-18
-35
-38
-12
1
-18
-51
-90
-131
-156
-137
-68
-17
-32
-63
-51
-20
-9
-14
-14
17
63
79
62
41
28
28
51
92
126
120
81
31
-8
-28
-27
-13
13
34
27
-2
-30
-58
-96
-111
-82
-45
-41
-58
-78
-95
-108
-112
-89
-44
5
44
39
-16
-72
-76
-25
31
60
103
135
92
16
-8
10
40
66
92
137
155
88
7
-19
-12
2
3
-15
-6
30
23
-37
-97
-120
-101
-59
-24
-6
1
-30
-93
-118
-101
-62
-26
0
38
39
17
1
-11
-2
-1
13
53
90
132
107
27
-23
-21
31
88
104
68
20
1
0
-1
-17
-39
-50
-40
-14
3
-9
-38
-58
-60
-48
-41
-47
-55
-48
-31
-18
0
4
-11
-7
12
15
17
40
73
76
30
4
36
66
59
49
64
95
92
44
15
12
0
-2
16
32
36
14
-21
-48
-60
-48
-15
14
9
-11
-28
-45
-58
-52
-33
-23
-13
12
32
25
-5
-34
-40
-15
28
57
41
10
-22
-48
-46
-28
-18
-4
13
31
26
-21
-75
-84
-42
4
8
-11
-18
-16
-20
-36
-45
-28
-10
-4
5
4
-12
-39
-67
-64
-21
28
49
35
-2
-36
-47
-24
14
45
58
50
30
23
23
8
-9
10
63
100
94
58
18
-3
1
9
20
42
59
49
14
-19
-40
-53
-40
3
46
50
10
-37
-57
-54
-46
-33
-1
36
45
22
-12
-31
-34
-19
19
70
93
69
18
-17
-24
-13
11
48
77
68
26
-12
-34
-43
-44
-30
-4
11
4
-25
-57
-76
-76
-58
-33
-12
-9
-23
-42
-58
-58
-47
-20
8
30
38
31
10
-6
-1
20
39
50
58
65
60
37
9
0
15
38
48
37
14
-10
-30
-34
-29
-23
-28
-40
-41
-35
-38
-54
-67
-62
-47
-34
-27
-22
-19
-20
-22
-19
-11
2
19
36
45
46
37
24
15
19
33
50
56
47
29
11
-3
-2
12
24
23
9
-4
-10
-14
-22
-28
-24
-16
-6
-4
-10
-19
-26
-25
-14
-3
4
2
1
5
7
3
2
11
28
37
36
29
22
13
8
11
25
36
37
29
22
12
3
-1
5
16
20
15
0
-16
-24
-22
-14
-8
-5
-3
-8
-18
-31
-34
-27
-13
-1
2
-5
-18
-29
-29
-18
1
11
11
7
-1
-8
-16
-15
2
24
29
17
2
-5
-7
-8
-5
5
13
13
4
-8
-17
-19
-11
-1
5
2
-5
-13
-19
-20
-18
-13
-8
-1
4
1
-11
-24
-25
-11
5
11
8
3
-1
-5
-9
-7
1
9
13
13
12
8
3
-3
-4
6
19
26
25
17
9
0
-4
-1
9
18
22
18
7
-1
-5
-5
-1
4
11
13
6
-4
-12
-14
-16
-13
-6
3
9
5
-6
-14
-18
-18
-11
0
16
23
17
5
-4
-6
0
10
28
42
39
24
7
3
2
8
20
36
40
25
3
-14
-21
-16
-4
11
13
2
-17
-32
-39
-39
-33
-20
-4
2
-7
-27
-43
-46
-32
-13
2
11
11
4
-7
-15
-11
1
17
32
36
28
13
-1
-6
2
17
25
25
18
5
-6
-15
-17
-16
-8
-1
2
-6
-20
-35
-37
-27
-13
-6
-6
-11
-12
-12
-13
-14
-11
1
14
21
18
9
4
4
14
23
26
21
17
15
14
12
6
4
7
10
9
2
-6
-11
-13
-10
-6
-5
-9
-12
-13
-15
-14
-11
-6
-6
-4
-3
-1
-3
-5
-2
5
11
13
11
8
7
7
6
8
11
13
14
14
10
4
0
-1
3
7
8
9
6
3
0
-3
-6
-4
1
7
10
8
1
-6
-11
-9
-1
5
9
6
0
-5
-10
-12
-9
-4
2
4
2
-6
-14
-17
-13
-7
0
-1
0
-2
-5
-7
-10
-9
-4
1
6
3
-1
-5
-6
-3
0
2
4
5
5
2
0
-2
1
4
7
5
2
0
1
2
2
0
-2
-1
-1
0
-2
-3
-4
-2
-1
1
0
-1
-2
-1
0
1
2
2
3
4
2
2
3
4
6
5
5
6
7
5
2
1
1
2
5
5
3
0
-1
-1
0
0
0
0
0
1
-2
-5
-7
-7
-3
0
2
-1
-3
-4
-4
-2
0
2
3
3
2
1
-1
0
0
3
6
6
6
4
1
1
1
3
4
5
5
2
0
-2
-2
0
3
4
3
1
-1
-2
-2
-1
1
2
1
1
0
-1
-2
0
2
2
1
0
-1
0
-1
1
0
2
2
0
-1
-1
-2
0
1
2
2
0
-2
-1
-2
-1
1
2
2
0
-1
-1
0
1
0
1
2
2
-1
0
-1
0
0
0
1
0
0
0
0
-1
0
0
-1
0
0
-1
-1
1
0
1
1
1
1
2
3
2
3
2
1
3
1
2
1
2
-1
0
0
0
-1
0
0
1
1
1
0
0
-1
-1
0
0
1
1
1
1
0
0
1
0
1
1
0
0
-1
0
0
1
1
1
1
1
0
-1
-2
-2
0
2
1
-1
-2
-2
-1
-2
-2
-1
1
1
0
-2
-1
-1
0
1
1
0
-1
-1
-1
0
1
1
2
3
3
0
0
0
-1
2
2
1
-1
0
0
1
1
-1
0
0
0
0
0
0
0
0
0
0
0
0
0
1
1
0
1
1
1
0
1
0
1
0
1
1
1
1
1
0
0
0
0
-1
1
0
0
0
0
0
1
0
0
0
0
1
1
1
0
-1
-2
-1
-2
0
0
1
1
0
0
-1
0
1
2
2
2
1
0
-1
-1
0
0
1
2
1
1
1
0
1
0
0
0
0
0
1
0
1
0
0
0
1
0
0
-1
1
1
2
0
-2
-1
-1
-1
0
0
0
2
1
0
1
0
0
1
0
0
-1
-2
0
-1
0
1
1
1
1
-1
0
0
0
0
0
0
0
0
0
0
0
0
0
0
0
0
0
0
0
0
-1
0
-1
0
-1
0
0
0
0
0
-1
0
-1
1
0
0
0
0
0
-1
0
-1
0
-1
0
0
0
0
-1
0
-1
0
1
0
0
0
0
0
0
1
0
0
0
0
0
0
-1
0
0
0
0
0
0
0
0
1
0
1
1
0
0
0
0
0
0
0
0
0
0
1
0
1
0
0
0
0
0
0
0
1
0
0
0
1
0
1
1
0
0
0
0
-1
0
0
1
0
0
0
0
0
0
0
0
0
0
0
0
0
-1
0
0
0
0
0
0
0
0
0
-1
0
1
0
0
0
0
0
0
0
-1
1
0
0
0
1
0
1
0
0
0
0
0
0
0
-1
0
1
0
0
0
1
0
0
0
0
-1
1
1
0
0
1
0
0
0
0
0
0
0
0
-1
0
0
0
0
1
0
0
0
0
0
0
-1
-1
1
0
0
1
0
0
-1
0
-1
1
0
1
0
0
0
0
1
-1
0
0
0
0
0
0
0
0
0
0
0
0
0
0
-1
0
0
0
0
1
0
0
0
0
0
0
0
0
-1
0
0
0
-1
0
0
1
0
-1
0
0
0
0
1
1
1
0
0
-1
0
0
-1
0
0
0
0
-1
0
0
0
0
0
0
1
0
0
0
0
0
1
0
0
0
0
0
0
0
-1
1
-1
0
-1
0
0
0
0
-1
0
0
0
0
0
0
0
0
0
1
0
0
0
0
0
0
0
0
0
0
0
0
0
0
-1
0
0
0
1
0
0
0
0
-1
0
-1
0
1
0
0
1
0
0
0
0
0
0
0
0
0
0
1
-1
0
-1
0
0
-1
0
0
0
0
-1
0
0
0
0
0
1
0
0
0
0
0
0
0
-1
0
0
0
0
0
0
-1
0
0
0
0
0
0
-1
0
-1
0
0
0
0
1
0
0
0
0
0
0
0
0
0
0
0
0
1
0
0
0
0
1
0
-1
0
1
0
0
0
0
0
0
0
-1
-1
0
0
0
1
0
-1
0
0
-1
0
0
0
-1
0
0
1
0
0
0
0
0
0
1
0
0
0
0
1
0
0
0
1
1
0
0
0
0
0
0
1
0
1
0
0
0
1
0
0
0
-1
1
1
0
-1
0
0
0
0
0
0
0
0
0
0
0
1
0
1
0
0
0
0
0
-1
0
1
0
0
-1
0
-1
0
0
-1
0
0
0
0
0
0
0
0
0
0
0
0
0
0
0
0
0
0
0
0
0
0
0
0
0
0
0
0
0
0
0
0
0
-1
0
0
0
0
0
0
0
-1
0
0
0
0
0
0
0
0
0
0
0
0
0
0
0
0
0
0
0
0
0
0
1
-1
0
0
0
0
0
0
0
1
0
0
0
0
0
-1
0
0
0
0
0
0
0
0
0
0
-1
-1
-1
-1
0
-1
0
0
0
0
0
0
-1
-1
0
-1
0
0
0
-1
0
0
0
0
0
0
0
1
0
0
0
0
0
0
0
0
0
0
1
1
0
0
0
0
0
0
0
0
0
0
0
1
0
0
0
0
0
1
1
0
0
0
0
0
-1
0
0
0
0
0
0
1
0
0
1
0
0
0
1
0
0
1
0
1
1
0
0
0
0
0
0
0
0
0
0
1
0
1
1
-1
0
0
0
0
0
0
0
0
0
0
0
1
0
0
1
0
0
0
1
0
0
0
-1
0
0
0
0
0
0
0
0
0
0
1
0
0
0
-1
-1
0
0
0
0
0
0
0
0
0
0
-1
0
1
0
0
0
0
0
0
0
-1
0
1
0
0
0
0
-1
0
-1
-1
0
0
0
0
1
0
0
0
0
0
0
0
0
1
1
0
1
-1
0
0
0
0
0
0
0
0
0
0
0
0
0
0
0
0
0
0
0
0
0
0
0
0
0
0
0
0
-1
1
0
1
0
0
1
0
0
0
0
0
1
-1
0
0
0
0
0
1
0
0
-1
0
0
0
0
1
0
0
1
-1
-1
0
0
0
0
0
0
0
0
0
0
0
-1
0
0
0
1
0
0
0
0
1
0
-1
-1
0
0
0
-1
0
0
0
0
0
-1
0
0
0
0
-1
0
0
0
0
0
0
0
0
0
0
0
0
0
0
-1
0
0
0
0
0
0
0
0
0
1
0
-1
0
0
0
0
0
0
0
0
0
0
0
0
0
0
0
0
0
0
0
-1
0
0
0
0
0
0
0
0
0
0
0
0
0
1
0
0
0
0
0
0
0
1
0
0
0
1
1
0
0
0
-1
1
1
0
0
0
0
0
0
0
1
0
0
0
1
0
0
0
0
0
-1
0
0
0
0
0
0
0
0
0
0
-1
-1
-1
0
0
0
0
-1
0
0
0
0
0
0
0
0
0
1
0
1
0
0
0
0
0
0
1
-1
0
1
-1
0
0
0
0
0
0
0
-1
0
0
0
-1
0
-1
0
0
0
0
0
-1
0
0
0
0
0
0
-1
0
0
0
0
0
0
0
0
-1
-1
0
0
0
0
0
1
0
0
0
0
0
-1
0
0
0
0
0
0
0
0
0
1
0
1
0
0
1
-1
1
0
0
0
-1
-1
0
0
0
-1
0
-1
0
0
0
-1
0
0
0
0
1
0
0
0
0
0
0
1
0
1
0
0
0
0
0
0
1
0
0
0
1
1
0
0
0
0
0
0
0
0
-1
1
0
0
0
0
0
0
0
1
0
0
-1
0
0
0
-1
-1
0
0
1
0
-1
0
0
0
0
0
0
-1
-1
0
0
-1
1
0
1
0
0
0
0
0
0
1
0
0
0
-1
0
0
0
0
0
1
-1
0
0
0
0
0
0
0
0
0
1
0
0
0
0
0
0
-1
0
0
-1
0
0
-1
0
0
0
0
0
0
0
0
1
0
0
-1
1
0
0
-1
-1
0
0
0
1
-1
0
0
0
-1
1
0
0
0
1
-1
0
0
0
0
0
0
0
0
0
0
0
-1
0
0
0
0
0
0
0
0
0
0
1
-1
0
0
-1
1
0
0
0
0
0
0
0
0
0
0
0
0
0
0
-1
0
0
0
0
0
0
0
-1
0
0
0
-1
0
0
-1
-1
0
0
0
0
0
1
1
-1
0
-1
0
0
0
0
0
0
0
0
1
0
0
0
0
-1
1
0
0
1
0
0
0
0
0
1
1
0
0
0
0
0
-1
0
-1
1
0
1
0
0
1
0
0
1
0
0
0
1
-1
-1
1
0
0
0
-1
0
0
1
0
0
0
0
0
0
-1
0
0
0
-1
0
0
1
1
-1
0
0
0
0
0
0
0
0
0
-1
1
0
0
1
0
0
0
0
1
-1
0
0
0
0
-1
1
0
0
-1
0
0
0
0
0
-1
0
-1
1
0
0
1
0
0
0
0
0
0
0
0
-1
0
0
0
1
0
1
0
0
0
0
-1
0
0
1
1
0
0
0
-1
-1
0
0
0
-1
0
0
1
0
1
0
0
1
0
0
1
0
0
0
0
0
0
0
0
0
0
0
-1
1
0
0
0
0
0
0
0
0
0
0
-1
0
-1
0
0
0
0
0
-1
0
0
0
1
0
0
0
0
0
0
0
0
0
-1
1
1
-1
0
0
0
0
0
0
0
0
0
0
0
0
0
-1
0
0
0
0
0
0
0
0
-1
0
0
0
0
-1
0
-1
0
0
0
0
0
-1
0
0
-1
0
0
0
1
0
0
0
0
0
0
1
0
0
0
0
0
1
0
0
0
1
1
0
0
0
0
0
0
0
0
1
1
1
0
0
-1
0
0
0
-1
-1
0
0
0
0
0
0
0
0
0
0
0
0
0
0
0
0
0
0
0
0
0
1
1
1
0
-1
0
0
0
0
0
0
1
-1
-1
0
0
0
0
0
1
0
-1
0
0
0
0
0
0
0
0
-1
0
0
0
0
1
0
0
0
0
0
-1
1
1
0
0
0
0
1
0
0
0
0
0
0
0
0
0
0
0
0
1
0
0
0
0
0
0
1
0
0
0
0
0
0
0
0
0
0
1
0
-1
0
0
0
0
-1
0
0
0
0
0
0
-1
0
0
-1
0
0
0
-1
1
0
0
0
0
0
0
0
0
0
0
0
0
0
-1
0
-1
0
0
0
0
0
0
0
0
0
1
0
0
0
0
0
0
0
0
0
0
0
1
0
0
0
0
0
0
0
0
0
-1
0
0
1
0
0
0
0
0
0
0
1
0
0
0
0
0
0
-1
0
1
0
0
0
0
0
0
0
0
-1
0
0
0
0
0
0
0
0
1
0
-1
0
1
0
0
-1
0
0
0
0
-1
0
0
0
0
1
0
0
0
0
0
0
0
0
-1
0
0
0
0
0
0
0
0
0
1
0
0
0
0
0
1
0
0
1
0
1
-1
0
0
0
0
0
0
0
0
-1
0
-1
-1
0
0
0
0
0
0
0
0
0
0
-1
0
-1
0
0
0
0
0
0
-1
0
0
0
0
0
0
0
0
0
0
0
0
0
0
0
0
0
1
1
0
-1
0
0
0
0
0
0
0
0
0
0
0
0
0
0
0
0
1
0
0
0
0
0
1
0
0
0
0
0
0
0
-1
-1
0
0
0
0
0
-1
-1
0
0
0
-1
1
0
0
-1
0
0
0
0
0
0
0
0
0
0
0
0
0
0
0
0
1
0
0
-1
0
0
0
0
0
0
1
0
0
-1
-1
0
0
0
0
-1
0
0
0
0
0
1
0
0
1
0
1
0
0
0
0
0
0
-1
0
0
0
0
0
0
1
0
0
0
0
0
0
-1
-1
0
-1
0
0
0
0
0
0
0
0
0
0
0
0
0
0
-1
0
0
0
0
1
0
0
0
0
0
0
0
0
0
0
-1
1
-1
0
0
0
0
0
0
0
0
1
0
1
0
0
0
1
-1
0
0
0
0
0
0
0
0
0
0
-1
0
0
0
0
1
1
0
1
0
0
0
0
0
0
0
0
0
0
-1
-1
-1
-1
0
0
0
0
0
-1
0
0
0
0
0
-1
0
-1
0
1
0
0
1
0
0
-1
0
-1
0
0
0
-1
0
1
-1
0
0
0
0
-1
0
1
0
-1
1
1
0
1
-1
0
0
1
0
0
-1
1
0
0
1
0
0
0
0
1
0
0
0
0
1
0
-1
0
-1
0
1
0
1
-1
0
1
0
0
0
0
0
-1
0
0
0
0
0
0
0
0
0
0
-1
0
1
0
1
0
-1
0
0
1
0
0
0
0
0
0
-1
0
-1
0
0
0
0
0
0
0
1
0
1
0
0
0
0
0
-1
0
0
0
0
0
-1
0
0
0
0
0
0
1
0
0
0
0
1
0
0
0
0
0
0
0
0
0
-1
0
1
0
0
0
0
0
0
0
0
0
0
0
0
0
0
0
-1
1
0
0
0
-1
0
0
0
1
0
0
0
-1
0
0
0
0
1
1
0
1
0
0
-1
0
-1
0
0
0
0
0
0
0
0
0
0
0
0
0
1
0
0
0
0
0
0
0
0
0
0
0
0
0
0
0
0
0
0
1
0
0
0
1
0
0
0
0
0
0
0
0
1
1
0
0
1
0
0
0
0
0
1
0
0
-1
1
0
-1
-1
0
0
0
0
0
1
0
1
0
0
0
1
0
-1
0
-1
0
0
-1
0
0
0
-1
0
0
0
0
0
0
0
0
1
-1
0
0
0
0
-1
0
0
0
0
0
1
0
0
0
0
0
0
0
0
1
1
0
0
0
0
0
0
0
0
0
1
0
-1
0
0
0
0
0
0
0
0
0
0
1
0
1
1
1
0
0
0
0
0
0
0
0
0
0
0
0
-1
0
0
0
-1
0
-1
0
0
0
0
0
0
0
-1
1
0
1
0
0
0
0
1
1
0
-1
0
1
-1
0
0
0
0
0
0
0
0
0
0
0
0
0
1
-1
0
0
0
0
0
0
0
-1
0
-1
0
0
0
0
0
-1
0
1
0
0
0
1
0
0
0
0
0
0
0
0
0
0
0
0
0
0
1
0
1
0
-1
-1
-1
0
0
0
0
0
0
0
-1
0
0
1
-1
0
1
0
0
0
0
0
0
0
-1
0
0
0
0
0
0
0
0
0
0
0
0
0
0
0
0
0
0
0
0
0
0
1
0
1
0
0
0
1
0
0
-1
1
0
-1
0
0
-1
0
0
0
0
-1
0
0
0
0
1
0
0
0
1
0
0
1
-1
0
0
0
0
0
0
-1
0
1
0
0
0
1
-1
0
0
0
-1
0
0
0
-1
0
1
0
-1
0
0
-1
-1
0
0
0
0
-1
-1
-1
0
0
0
0
0
0
0
0
0
1
0
-1
0
1
0
1
0
0
0
-1
0
0
0
0
0
0
-1
1
0
0
0
0
1
0
0
0
-1
0
1
0
0
0
0
0
0
0
0
0
0
-1
1
-1
0
1
0
0
0
0
0
0
0
0
0
0
0
0
0
0
0
1
0
0
0
0
-1
1
0
0
0
0
0
0
0
0
0
0
0
0
-1
0
0
0
-1
0
0
1
1
0
0
0
0
-1
0
1
0
-1
0
0
0
0
-1
0
0
0
0
0
-1
-1
0
0
0
0
1
0
0
0
0
-1
0
0
0
0
0
0
0
0
1
0
-1
0
0
-1
0
0
0
0
0
0
0
0
0
0
0
1
0
0
0
0
-1
-1
0
-1
0
0
0
-1
0
0
0
0
1
1
-1
0
0
-1
-1
0
0
-1
0
0
-1
0
0
-1
1
-1
0
0
-1
0
0
0
0
0
0
0
1
0
0
-1
1
1
0
0
0
0
0
0
0
0
0
1
0
0
0
0
0
0
-1
0
0
-1
0
0
1
0
0
1
0
0
0
1
0
0
0
0
0
0
1
-1
0
0
0
1
0
-1
0
0
0
0
0
-1
0
0
0
0
1
0
0
1
0
0
0
1
0
0
0
0
0
1
0
0
0
0
0
0
0
1
0
0
0
0
-1
0
0
-1
-1
0
-1
0
0
0
1
1
0
0
0
-1
1
0
0
0
0
1
0
1
0
0
1
1
0
0
0
0
0
-1
0
0
0
-1
0
0
1
0
0
0
0
1
0
1
0
0
0
0
-1
0
0
0
0
0
-1
0
0
0
1
1
0
0
-1
0
0
1
0
0
-1
1
0
0
0
0
-1
0
0
0
0
0
0
0
0
0
0
0
1
0
0
0
-1
0
1
0
0
1
-1
0
-1
-1
0
0
0
0
0
0
0
0
-1
0
-1
1
0
1
1
0
0
0
0
0
0
0
0
0
0
0
0
0
0
1
0
-1
0
0
0
0
0
0
-1
0
0
-1
0
0
0
0
0
0
0
1
1
0
0
0
0
0
0
0
-1
0
0
0
0
0
0
-1
-1
0
0
0
0
0
1
0
1
-1
0
0
-1
0
0
0
1
0
0
0
0
0
0
0
1
0
1
0
0
0
-1
-1
0
0
0
0
1
0
-1
0
0
0
0
1
0
-1
0
0
0
0
0
1
0
0
0
0
0
0
0
0
0
0
1
0
0
0
0
0
0
0
0
0
0
0
0
0
-1
-1
0
0
0
0
0
0
-1
0
0
-1
0
0
0
0
0
0
0
0
0
0
0
0
0
0
0
0
0
-1
0
0
1
0
0
-1
1
0
0
0
0
0
0
0
0
0
0
-1
1
0
0
-1
0
0
0
1
0
-1
0
0
0
0
0
0
0
1
-1
0
-1
0
-1
-1
0
0
0
1
0
0
0
0
0
1
0
-1
-1
0
0
0
0
0
0
0
-1
0
-1
0
1
0
0
0
0
1
0
0
0
0
0
-1
-1
0
0
0
0
-1
0
1
0
1
0
0
0
0
-1
0
0
0
-1
0
0
0
0
0
0
0
0
-1
0
0
0
1
0
1
0
-1
0
1
0
0
-1
0
0
0
0
0
0
1
0
1
0
0
0
0
0
1
0
1
0
0
0
1
0
0
0
0
0
-1
0
0
0
0
0
0
0
0
0
-1
0
0
0
0
0
0
0
0
0
0
1
0
1
0
0
1
0
0
1
0
0
1
0
0
1
0
0
0
0
0
0
0
0
0
0
0
1
0
0
-1
0
0
-1
0
-1
0
0
1
1
0
0
0
-1
0
0
0
0
0
0
1
0
0
-1
0
0
0
0
-1
0
1
0
0
0
0
0
-1
0
0
0
0
0
0
0
1
0
0
0
0
0
-1
0
0
0
0
0
1
0
0
0
0
0
0
0
1
0
-1
0
-1
1
0
0
0
0
-1
0
-1
0
0
0
0
-1
1
0
0
0
1
0
-1
0
1
1
0
-1
0
0
0
0
0
0
0
0
-1
0
0
0
0
1
-1
0
0
-1
0
0
0
0
0
1
1
0
0
0
-1
-1
0
0
0
1
0
0
0
0
0
0
1
0
0
-1
0
0
1
0
0
0
0
0
1
0
0
-1
0
0
0
0
0
0
0
0
1
0
0
0
0
0
0
0
0
1
0
0
0
0
0
0
-1
0
0
0
0
1
0
0
1
0
0
0
1
-1
0
-1
0
0
0
1
0
0
0
0
0
0
1
0
0
0
0
0
0
0
0
0
-1
0
0
0
1
0
0
0
1
0
0
0
0
0
0
0
0
0
0
1
0
1
0
-1
0
0
-1
0
0
0
-1
0
0
0
-1
0
-1
1
-1
1
0
0
0
0
0
1
0
1
0
0
0
0
0
0
0
0
0
0
0
1
0
0
-1
0
0
0
0
0
0
0
0
0
0
-1
0
0
1
0
0
-1
0
0
0
0
0
0
0
0
-1
0
1
0
0
0
0
1
0
0
0
0
0
-1
0
0
-1
0
0
0
0
0
0
0
0
0
0
0
1
1
1
1
0
0
-1
1
0
0
0
0
0
0
0
0
0
0
0
0
1
0
0
1
0
1
0
0
1
0
0
0
0
1
0
0
-1
0
0
1
1
0
0
-1
0
-1
-1
0
0
0
1
1
0
-1
0
1
0
0
0
0
1
0
1
-1
0
1
0
0
0
-1
0
0
0
1
0
-1
0
-1
-1
0
0
1
0
0
0
1
1
0
0
1
1
-1
0
-1
0
0
0
1
0
0
0
0
-1
0
0
-1
0
0
-1
-1
1
0
0
0
0
-1
0
1
0
0
0
-1
1
0
1
0
1
-1
0
0
0
-1
0
0
0
0
0
0
0
0
0
0
0
0
0
0
0
0
0
1
0
0
0
0
1
0
0
0
0
0
0
0
0
0
0
0
0
0
0
0
0
0
0
0
0
1
0
0
0
0
-1
0
0
1
0
0
0
0
0
-1
0
0
0
0
0
0
-1
0
0
-1
0
0
0
-1
0
0
0
0
-1
0
0
0
0
0
0
0
0
0
0
0
0
0
0
0
-1
0
0
0
-1
0
-1
0
-1
0
0
0
0
1
0
0
0
0
-1
1
0
0
0
0
0
1
0
0
0
0
0
0
1
0
0
0
0
-1
0
-1
0
0
0
0
0
0
0
0
0
0
0
0
0
0
0
0
0
1
0
1
1
0
1
0
0
0
0
0
1
0
1
0
0
0
1
0
0
-1
0
0
1
0
-1
0
0
0
0
-1
-1
1
0
0
1
0
0
1
0
0
0
-1
1
0
0
0
0
0
0
-1
0
0
0
0
0
0
0
0
0
0
0
0
0
0
0
0
0
0
0
0
-1
0
-1
0
-1
0
0
0
0
0
-1
0
-1
1
0
0
0
0
0
-1
0
-1
0
-1
0
0
0
0
-1
0
-1
0
1
0
0
0
0
0
0
1
0
0
0
0
0
0
-1
0
0
0
0
0
0
0
0
1
0
1
1
0
0
0
0
0
0
0
0
0
0
1
0
1
0
0
0
0
0
0
0
1
0
0
0
1
0
1
1
0
0
0
0
-1
0
0
1
0
0
0
0
0
0
0
0
0
0
0
0
0
-1
0
0
0
0
0
0
0
0
0
-1
0
1
0
0
0
0
0
0
0
-1
1
0
0
0
1
0
1
0
0
0
0
0
0
0
-1
0
1
0
0
0
1
0
0
0
0
-1
1
1
0
0
1
0
0
0
0
0
0
0
0
-1
0
0
0
0
1
0
0
0
0
0
1
-2
0
1
-2
3
1
-4
3
-1
-2
2
-2
1
5
-4
1
3
-1
0
-1
-1
0
1
-3
1
2
-5
-2
-1
-3
-2
-2
0
3
3
1
3
5
0
0
3
-1
4
4
1
5
3
1
-1
0
-1
-2
-1
2
-4
-5
3
-6
-2
-2
2
2
-1
-2
11
-4
-41
40
-1
-39
27
22
23
23
24
37
15
-2
8
16
-9
-21
15
-3
-44
-19
-27
-53
-10
-11
-7
10
21
8
0
1
-10
-12
-4
-2
-6
-2
-2
5
-4
26
23
31
42
40
36
16
22
-8
-24
-19
-35
-29
-28
-13
-13
-8
4
1
2
2
2
-3
-4
-5
-8
-8
-9
-4
2
7
7
6
15
15
0
2
11
-3
-2
8
1
0
7
6
5
0
0
2
-5
-7
-5
-7
-8
-6
-4
1
3
4
9
9
8
5
0
-3
-8
-10
-11
-10
-5
-3
2
6
6
8
9
7
3
3
2
-3
-3
0
-4
-4
1
-2
0
1
-3
-1
-3
-5
-3
-3
-4
-1
-1
1
0
0
0
-1
-2
-3
-4
-4
-2
-1
3
6
9
13
17
16
16
14
9
6
0
0
0
-5
-6
-4
-6
-8
-7
-4
-2
-2
0
-2
-5
-7
-13
-11
-7
-12
-7
-4
-4
1
-2
3
16
6
10
22
12
8
13
8
4
3
1
1
-1
-5
-3
-3
-6
-4
-2
-7
-8
-3
-6
-7
0
1
0
1
3
4
2
4
8
5
2
9
5
0
1
1
1
2
1
2
2
-2
-1
1
-5
1
-3
-4
0
-8
-2
-5
3
2
0
7
5
3
-4
3
-1
-9
3
-4
-4
-1
-3
0
3
0
1
4
-4
-3
-1
-7
-2
-1
-4
2
0
-1
5
2
5
7
8
5
2
6
-2
-4
3
-3
-3
1
0
-1
-3
0
3
-1
-1
3
0
-2
-4
-3
-3
-4
-5
0
0
-2
4
2
4
4
0
5
1
-2
2
4
1
2
4
1
-3
-1
-2
-2
-4
1
6
-3
-3
4
-4
-6
2
0
-2
2
-2
-3
-1
-4
0
3
2
4
4
5
1
1
5
-2
0
2
-3
-1
-3
-2
1
-1
-1
2
1
-1
-1
-1
0
-6
2
-2
-6
0
-1
-2
0
1
2
4
2
1
2
4
2
0
-2
2
1
-4
0
1
1
0
2
3
-1
0
1
0
1
3
3
1
2
-1
-2
-1
1
2
-2
3
-2
-1
-2
-2
-1
0
1
1
1
0
1
-1
0
1
1
1
1
3
1
3
2
5
2
4
2
1
1
1
1
1
0
0
-4
-2
-3
-4
1
0
-1
2
0
0
0
-1
1
0
1
1
0
2
0
-1
2
3
0
3
3
0
1
-1
1
-2
-1
2
-1
0
0
1
-1
1
0
1
0
1
-1
0
-1
-1
0
0
0
0
0
0
1
1
0
0
-2
-1
0
0
1
1
2
1
0
-1
-2
-1
1
0
1
1
1
-1
0
-1
-1
1
0
0
-1
0
-2
-1
0
0
1
1
1
1
1
1
0
1
0
1
1
1
1
1
1
1
1
1
1
1
1
1
1
1
0
0
0
0
0
0
-1
-1
-1
-1
-1
-1
-1
-2
0
-1
1
0
0
1
1
1
2
2
1
2
-1
0
-1
0
0
1
2
1
1
-1
0
0
0
0
1
0
0
1
-1
-1
0
0
0
0
0
0
0
0
0
0
0
-1
0
0
-1
1
0
0
1
0
0
1
-2
-2
2
1
2
2
1
1
1
0
0
-1
0
0
0
0
-1
0
0
0
0
0
0
-1
0
0
-1
0
-1
0
1
-2
2
0
2
3
1
2
-1
0
-1
0
1
-1
1
1
1
0
0
0
0
1
0
0
-1
-1
-1
-1
0
1
1
1
1
-1
0
0
0
0
0
0
0
0
0
0
0
0
0
1
0
0
0
0
0
0
0
1
0
0
0
1
1
0
0
0
-1
1
1
0
0
0
0
0
0
0
1
0
0
0
1
0
0
0
0
0
-1
0
0
0
0
0
0
0
0
0
0
-1
-1
-1
0
0
0
0
-1
0
0
0
0
0
0
0
0
0
1
0
1
0
0
0
0
0
0
1
-1
0
1
-1
0
0
0
0
0
0
0
-1
0
0
0
-1
0
-1
0
0
0
0
0
-1
0
0
0
0
0
0
-1
0
0
0
0
0
0
0
0
-1
-1
0
0
0
0
0
1
0
0
0
0
0
-1
0
0
0
0
0
0
0
0
0
1
0
1
0
0
1
-1
1
0
0
0
-1
-1
0
0
0
-1
0
-1
0
0
0
-1
0
0
0
0
1
0
0
0
0
0
0
1
0
1
0
0
0
0
0
0
1
0
0
0
1
1
0
0
0
0
0
0
0
0
-1
1
0
0
0
0
0
0
0
1
0
0
-1
0
0
0
-1
-1
0
0
1
0
-1
0
0
0
0
0
0
-1
-1
0
0
-1
1
0
1
0
0
0
0
0
0
1
0
0
0
-1
0
0
0
0
0
1
-1
0
0
0
0
0
0
0
0
0
1
0
0
0
0
0
0
-1
0
0
-1
0
0
-1
0
0
0
0
0
0
0
0
1
0
0
-1
1
0
0
-1
-1
0
0
0
1
-1
0
0
0
-1
1
0
0
0
1
-1
0
0
0
0
0
0
0
0
0
0
0
-1
0
0
0
0
0
0
0
0
0
0
1
-1
0
0
-1
1
0
0
0
0
0
0
0
0
0
0
0
0
0
0
-1
0
0
0
0
0
0
0
-1
0
0
0
-1
0
0
-1
-1
0
0
0
0
0
1
1
-1
0
-1
0
0
0
0
0
0
0
0
1
0
0
0
0
-1
1
0
0
1
0
0
0
0
0
1
1
0
0
0
0
0
-1
0
-1
1
0
1
0
0
1
0
0
1
0
0
0
1
-1
-1
1
0
0
0
-1
0
0
1
0
0
0
0
0
0
-1
0
0
0
-1
0
0
1
1
-1
0
0
0
0
0
0
0
0
0
-1
1
0
0
1
0
0
0
0
1
-1
0
0
0
0
-1
1
0
0
-1
0
0
0
0
0
-1
0
-1
1
0
0
1
0
0
0
0
0
0
0
0
-1
0
0
0
1
0
1
0
0
0
0
-1
0
0
1
1
0
0
0
-1
-1
0
0
0
-1
0
0
1
0
1
0
0
1
0
0
1
0
0
0
0
0
0
0
0
0
0
0
-1
1
0
0
0
0
0
0
0
0
0
0
-1
0
-1
0
0
0
0
0
-1
0
0
0
1
0
0
0
0
0
0
0
0
0
-1
1
1
-1
0
0
0
0
0
0
0
0
0
0
0
0
0
-1
0
0
0
0
0
0
0
0
-1
0
0
0
0
-1
0
-1
0
0
0
0
0
-1
0
0
-1
0
0
0
1
0
0
0
0
0
0
1
0
0
0
0
0
1
0
0
0
1
1
0
0
0
0
0
0
0
0
1
1
1
0
0
-1
0
0
0
-1
-1
0
0
0
0
0
0
0
0
0
0
0
0
0
0
0
0
0
0
0
0
0
1
1
1
0
-1
0
0
0
0
0
0
1
-1
-1
0
0
0
0
0
1
0
-1
0
0
0
0
0
0
0
0
-1
0
0
0
0
1
0
0
0
0
0
-1
1
1
0
0
0
0
1
0
0
0
0
0
0
0
0
0
0
0
0
1
0
0
0
0
0
0
1
0
0
0
0
0
0
0
0
0
0
1
0
-1
0
0
0
0
-1
0
0
0
0
0
0
-1
0
0
-1
0
0
0
-1
1
0
0
0
0
0
0
0
0
0
0
0
0
0
-1
0
-1
0
0
0
0
0
0
0
0
0
1
0
0
0
0
0
0
0
0
0
0
0
1
0
0
0
0
0
0
0
0
0
-1
0
0
1
0
0
0
0
0
0
0
1
0
0
0
0
0
0
-1
0
1
0
0
0
0
0
0
0
0
-1
0
0
0
0
0
0
0
0
1
0
-1
0
1
0
0
-1
0
0
0
0
-1
0
0
0
0
1
0
0
0
0
0
0
0
0
-1
0
0
0
0
0
0
0
0
0
1
0
0
0
0
0
1
0
0
1
0
1
-1
0
0
0
0
0
0
0
0
-1
0
-1
-1
0
0
0
0
0
0
0
0
0
0
-1
0
-1
0
0
0
0
0
0
-1
0
0
0
0
0
0
0
0
0
0
0
0
0
0
0
0
0
1
1
0
-1
0
0
0
0
0
0
0
0
0
0
0
0
0
0
0
0
1
0
0
0
0
0
1
0
0
0
0
0
0
0
-1
-1
0
0
0
0
0
-1
-1
0
0
0
-1
1
0
0
-1
0
0
0
0
0
0
0
0
0
0
0
0
0
0
0
0
1
0
0
-1
0
0
0
0
0
0
1
0
0
-1
-1
0
0
0
0
-1
0
0
0
0
0
1
0
0
1
0
1
0
0
0
0
0
0
-1
0
0
0
0
0
0
1
0
0
0
0
0
0
-1
-1
0
-1
0
0
0
0
0
0
0
0
0
0
0
0
0
0
-1
0
0
0
0
1
0
0
0
0
0
0
0
0
0
0
-1
1
-1
0
0
0
0
0
0
0
0
1
0
1
0
0
0
1
-1
0
0
0
0
0
0
0
0
0
0
-1
0
0
0
0
1
1
0
1
0
0
0
0
0
0
0
0
0
0
-1
-1
-1
-1
0
0
0
0
0
-1
0
0
0
0
0
-1
0
-1
0
1
0
0
1
0
0
-1
0
-1
0
0
0
-1
0
1
-1
0
0
0
0
-1
0
1
0
-1
1
1
0
1
-1
0
0
1
0
0
-1
1
0
0
1
0
0
0
0
1
0
0
0
0
1
0
-1
0
-1
0
1
0
1
-1
0
1
0
0
0
0
0
-1
0
0
0
0
0
0
0
0
0
0
-1
0
1
0
1
0
-1
0
0
1
0
0
0
0
0
0
-1
0
-1
0
0
0
0
0
0
0
1
0
1
0
0
0
0
0
-1
0
0
0
0
0
-1
0
0
0
0
0
0
1
0
0
0
0
1
0
0
0
0
0
0
0
0
0
-1
0
1
0
0
0
0
0
0
0
0
0
0
0
0
0
0
0
-1
1
0
0
0
-1
0
0
0
1
0
0
0
-1
0
0
0
0
1
1
0
1
0
0
-1
0
-1
0
0
0
0
0
0
0
0
0
0
0
0
0
1
0
0
0
0
0
0
0
0
0
0
0
0
0
0
0
0
0
0
1
0
0
0
1
0
0
0
0
0
0
0
0
1
1
0
0
1
0
0
0
0
0
1
0
0
-1
1
0
-1
-1
0
0
0
0
0
1
0
1
0
0
0
1
0
-1
0
-1
0
0
-1
0
0
0
-1
0
0
0
0
0
0
0
0
1
-1
0
0
0
0
-1
0
0
0
0
0
1
0
0
0
0
0
0
0
0
1
1
0
0
0
0
0
0
0
0
0
1
0
-1
0
0
0
0
0
0
0
0
0
0
1
0
1
1
1
0
0
0
0
0
0
0
0
0
0
0
0
-1
0
0
0
-1
0
-1
0
0
0
0
0
0
0
-1
1
0
1
0
0
0
0
1
1
0
-1
0
1
-1
0
0
0
0
0
0
0
0
0
0
0
0
0
1
-1
0
0
0
0
0
0
0
-1
0
-1
0
0
0
0
0
-1
0
1
0
0
0
1
0
0
0
0
0
0
0
0
0
0
0
0
0
0
1
0
1
0
-1
-1
-1
0
0
0
0
0
0
0
-1
0
0
1
-1
0
1
0
0
0
0
0
0
0
-1
0
0
0
0
0
0
0
0
0
0
0
0
0
0
0
0
0
0
0
0
0
-1
1
-1
0
0
1
1
2
1
1
0
1
0
-1
-1
-1
0
3
5
5
4
1
0
0
3
5
5
2
3
5
5
1
0
3
-1
-3
-2
2
-1
-6
-3
2
5
4
6
14
19
19
14
11
5
1
1
0
-9
-22
-18
0
6
-6
-9
5
15
12
9
12
8
-1
-2
8
17
14
6
0
-1
-3
-5
-2
6
11
7
3
0
-4
-8
0
15
23
14
-2
-24
-42
-43
-31
-19
-12
-3
9
14
13
-7
-40
-65
-58
-27
-12
-24
-46
-64
-72
-69
-53
-31
-23
-18
-7
-2
-17
-37
-39
-24
-11
-5
5
30
38
20
12
22
19
-2
-9
5
8
-5
-2
25
45
48
47
40
16
-2
12
36
34
12
9
30
56
66
54
35
31
42
47
46
55
54
23
-3
12
19
-12
-36
-14
19
28
28
25
4
-30
-46
-43
-37
-26
-5
8
2
-13
-30
-50
-60
-46
-26
-14
-4
-1
-19
-42
-39
-13
7
11
9
-2
-24
-53
-69
-57
-23
-3
-18
-48
-69
-84
-88
-54
-2
9
-22
-33
-9
-3
-39
-76
-62
5
58
43
-6
4
76
111
88
97
152
189
177
142
124
112
89
85
96
65
23
20
22
-1
-4
29
56
45
30
45
47
18
17
55
59
14
-3
33
48
17
6
44
63
8
-57
-74
-58
-56
-82
-113
-129
-145
-155
-133
-124
-168
-194
-177
-180
-215
-232
-227
-220
-213
-213
-227
-235
-228
-238
-246
-165
-38
-63
-199
-242
-345
-662
-658
120
956
824
-56
-570
-324
103
295
416
472
91
-668
-1123
-890
-380
-49
148
310
167
-452
-1025
-799
204
1093
1203
833
565
445
335
574
1439
2283
2165
1212
430
246
224
189
533
1192
1346
562
-500
-953
-691
-152
397
884
1080
754
174
-1
491
1191
1542
1470
1128
515
-214
-489
54
962
1293
599
-650
-1624
-1982
-1991
-2020
-2196
-2649
-3667
-5220
-6718
-7967
-9266
-9181
-4680
3409
8199
4858
-1923
-3858
322
5657
9242
11150
9824
4034
-1975
-2513
1090
2619
731
-354
369
-1200
-6099
-9432
-7952
-4234
-1461
253
1060
-19
-2548
-3645
-570
5903
11274
11796
8418
4520
1692
-1
39
2013
4008
3221
-864
-5563
-8003
-8056
-7027
-5160
-2536
-793
-1420
-3408
-4486
-3677
-1225
2376
5932
7590
6508
3781
1676
1881
3950
5810
5962
4194
909
-2664
-4770
-4820
-3693
-2532
-2234
-2995
-3999
-4545
-4583
-3651
-1268
1567
3168
3102
2209
1515
1661
2654
3928
4768
4565
3114
1118
-244
-708
-982
-1302
-1346
-1455
-2199
-3130
-3434
-2978
-1991
-762
280
1033
1681
2114
2307
2695
3333
3660
3538
3327
2973
2193
1211
416
-214
-773
-1215
-1660
-2218
-2792
-3379
-3930
-4143
-4171
-4544
-5299
-6425
-7796
-7598
-3906
1251
3374
1574
-743
-854
1124
4048
6703
7561
5906
3036
1213
1352
2111
1663
287
-276
-154
-1256
-3553
-4931
-4648
-3712
-2770
-1901
-1333
-1406
-2159
-2431
-450
3262
5833
6087
5401
4544
3108
1717
1829
3454
4688
3693
677
-2372
-3885
-3932
-3221
-2196
-1534
-1929
-2853
-3150
-2738
-1969
-549
1258
2388
2696
2702
2410
2087
2320
2843
3301
3859
3901
2557
456
-1195
-1894
-1450
-362
-45
-1038
-2430
-3302
-3159
-1823
-43
1009
1104
873
884
1361
2100
2557
2475
2084
1524
833
365
387
374
-408
-1839
-3286
-4564
-5761
-6941
-8586
-10852
-11726
-8292
-1234
4256
3946
-540
-3675
-1812
3941
9793
12531
10787
5554
537
-476
2241
4899
4959
2995
342
-2489
-5106
-6660
-6413
-4684
-2937
-2438
-3001
-3840
-4806
-5296
-3364
1646
6933
8986
7157
3484
663
419
2480
5191
6702
5305
884
-3776
-5689
-4830
-2848
-1057
-576
-1711
-3431
-4658
-4666
-2882
-6
2227
3126
3104
2508
1981
2328
3375
4335
4776
4387
2932
903
-735
-1274
-683
214
193
-1112
-2785
-3806
-3935
-3226
-1899
-778
-629
-1159
-1561
-1364
-390
1042
2121
2519
2605
2504
2135
1807
1850
2214
2640
2714
2232
1565
1016
467
74
281
860
1022
351
-894
-2006
-2299
-1690
-820
-520
-1153
-2284
-3146
-3593
-4148
-5008
-6074
-7786
-10045
-10339
-5980
1040
4930
3033
-1162
-2773
-278
4813
9967
12397
10312
5047
802
573
3047
4792
4315
2473
223
-2292
-4864
-6521
-6258
-4609
-3448
-3659
-4490
-5420
-6409
-6177
-2964
2466
6662
7068
4587
2017
1075
1831
3951
6604
7747
5607
1071
-2745
-3439
-1408
983
1729
577
-1474
-3387
-4433
-3975
-2015
233
1248
786
-59
-341
52
952
2244
3546
4110
3472
2007
502
-345
-214
569
1323
1213
-218
-2222
-3588
-3686
-2494
-856
22
-319
-1489
-2559
-2562
-1295
537
1901
2254
1874
1350
1206
1734
2688
3454
3698
3445
2853
2129
1493
1117
819
413
162
76
-345
-1381
-2746
-3670
-3838
-3875
-4280
-5380
-7665
-10640
-12357
-10604
-5187
891
3596
1304
-3136
-4521
-556
6401
11813
12427
8702
3782
1127
2523
6259
8833
8184
4729
614
-2528
-4215
-4161
-3077
-2446
-3132
-5081
-7278
-8704
-8859
-7157
-3693
202
2612
2225
43
-1434
-694
2111
5440
7304
6662
3785
429
-900
723
3498
4821
3882
1726
-290
-1347
-1290
-534
295
633
273
-472
-1201
-1743
-1823
-1065
290
1294
1196
173
-965
-1420
-904
220
1177
1301
595
-257
-520
-83
644
1142
1079
586
68
-82
282
939
1295
1048
500
83
43
371
900
1134
1163
1150
735
370
561
1159
1483
1402
1122
424
-128
-152
-18
-41
-311
-1021
-2136
-3098
-3692
-4250
-5014
-6194
-8448
-10882
-10912
-7112
-1485
1655
311
-3685
-5750
-2802
3393
8813
10618
8431
4105
1477
3052
7135
9879
9378
6548
3070
576
-737
-1145
-760
-580
-1544
-3561
-5561
-7214
-8422
-7920
-5074
-1590
-82
-1334
-3914
-5431
-4252
-994
2216
3937
3762
1728
-547
-568
1983
5083
6707
5926
3694
2551
3372
4285
4057
3398
2686
1715
830
293
-139
-472
-673
-973
-1367
-1713
-2260
-3042
-3371
-2854
-2123
-1910
-2153
-2324
-1950
-1027
-247
-31
176
676
923
1052
1814
2782
2926
2334
1664
1131
949
1418
2281
2828
2499
1396
451
537
1263
1489
966
455
391
474
243
-528
-1358
-1230
-232
108
-911
-2396
-3582
-4212
-4051
-3822
-4950
-7639
-10542
-11625
-8891
-2796
2275
1996
-2621
-6365
-5310
284
7065
10984
9895
5225
978
700
4772
9753
11311
8703
4712
1487
-501
-679
779
1931
1182
-1328
-4514
-6758
-6958
-5782
-4331
-2865
-2073
-2987
-4922
-5945
-5173
-3108
-757
803
971
-34
-1392
-1792
25
3595
6281
5992
3567
1533
1675
4090
6982
7772
5883
3212
1489
1178
2235
3698
3720
1655
-1159
-3128
-3647
-3034
-2232
-2097
-2761
-3932
-5182
-5647
-4568
-2575
-1131
-776
-1089
-1636
-1776
-760
1171
2977
3842
3397
2089
1371
2129
3537
4410
4330
3356
2040
1353
1490
1643
1405
1122
835
315
-194
-421
-609
-865
-884
-686
-638
-833
-1140
-1402
-1533
-1833
-2619
-3510
-4072
-4691
-5983
-8085
-10340
-10549
-6463
-36
2693
-1058
-6482
-7148
-2277
4296
8934
9604
6119
1382
22
3829
9488
11876
9358
4809
1629
700
1456
3093
3936
2191
-1786
-5477
-6748
-5776
-4384
-3855
-3825
-3625
-3762
-4780
-5577
-4688
-2627
-1056
-446
-280
-448
-882
-849
465
2828
4685
4460
2600
1311
2052
4391
6723
7272
5510
2917
1409
1672
3295
5072
5110
2548
-1030
-3054
-2471
-588
248
-1055
-3444
-5212
-5592
-4694
-3097
-1864
-2005
-3390
-4588
-4110
-1924
479
1598
1250
364
-11
653
2181
3838
4728
4292
2879
1716
1789
2843
3767
3737
2861
1812
935
226
70
775
1530
1304
213
-1067
-2029
-2150
-1482
-918
-1014
-1747
-3072
-4345
-4615
-4299
-4594
-5694
-7488
-9824
-10294
-5967
667
2623
-2053
-6987
-6109
-500
5270
8528
8362
4765
360
-164
4866
10956
12079
7743
2700
617
1298
3117
4662
4430
1573
-2687
-5539
-5155
-2869
-1799
-2926
-4120
-3853
-3427
-4031
-4495
-3807
-2881
-2448
-2028
-1502
-1296
-1424
-1522
-898
1026
3166
3426
1855
922
2291
5044
7077
7149
5758
4207
3254
3231
4387
5879
5664
2807
-816
-2294
-985
798
623
-1485
-3744
-4864
-4755
-3796
-2554
-1981
-2845
-4540
-5250
-3876
-1454
28
-122
-839
-911
-197
821
1856
2628
2696
2042
1412
1568
2441
3226
3357
3010
2551
2053
1650
1633
2049
2604
2682
1748
302
-450
-293
-40
-58
-258
-856
-1875
-2935
-3775
-4169
-4097
-4461
-6098
-8263
-9886
-10762
-9468
-4223
1487
771
-5777
-9295
-5377
1468
6484
8552
6894
2129
-1231
1075
7722
12881
12120
6764
1875
540
2119
4761
6553
5447
1112
-3711
-5514
-3660
-915
-241
-1662
-3071
-3537
-3962
-4444
-3798
-2410
-2234
-3263
-3520
-2643
-2090
-2362
-2492
-1490
430
1609
837
-489
20
2481
4849
5540
4574
3086
2440
3271
5089
6706
6777
4673
1651
264
1472
3291
3277
1194
-1496
-3380
-3716
-2621
-1182
-808
-2153
-4397
-5675
-4824
-2702
-1197
-1203
-2150
-2918
-2692
-1381
225
1103
954
407
381
1329
2679
3343
3018
2498
2494
3017
3663
3864
3416
2888
2786
2705
2224
1548
784
-83
-578
-479
-567
-1435
-2590
-3510
-4125
-4273
-4310
-5317
-7281
-8907
-9759
-9645
-6857
-1630
851
-3062
-8558
-8295
-2395
3522
6459
6438
3265
-1245
-1919
3620
10496
12217
8212
3102
795
1750
4491
7148
7635
4626
-472
-3675
-2287
1542
2963
420
-2840
-3818
-3308
-3076
-2740
-1825
-1986
-4234
-6226
-5367
-2808
-1589
-2413
-3398
-2994
-1727
-1027
-906
-4
1863
3232
3339
2927
2771
3131
4049
5285
6399
6751
5588
3288
1842
2555
4247
4816
3447
829
-1622
-2620
-1844
-265
456
-780
-3457
-5609
-5567
-3665
-1767
-1309
-2319
-3752
-4304
-3452
-1796
-182
733
354
-774
-855
674
2273
2864
2887
2784
2640
2766
3185
3545
3774
3788
3260
2408
1915
1743
1342
820
499
-15
-1024
-1966
-2469
-2899
-3387
-3840
-4729
-6291
-7894
-9045
-9285
-7202
-2770
-57
-2933
-8340
-9219
-4161
1590
4343
4526
2289
-1747
-2991
2043
9194
11502
7993
3242
1215
2422
5164
7573
8201
5847
1159
-2217
-1196
2485
4211
2104
-1235
-2638
-2243
-2005
-1984
-1433
-1751
-4073
-6052
-5041
-2385
-1398
-2876
-4576
-4317
-2541
-1318
-1203
-960
-212
155
190
1093
2881
3885
3240
2338
2902
4600
5550
4965
3780
3028
3067
3590
3842
3335
1953
189
-734
-298
515
344
-1246
-3195
-4034
-3459
-2287
-1570
-1937
-3220
-4468
-4475
-2899
-910
-121
-978
-2372
-2712
-1470
370
1547
1765
1409
1024
1294
2401
3514
3871
3623
3121
2661
2662
2997
3008
2509
1832
1275
874
517
87
-573
-1446
-2325
-3174
-3935
-4653
-5594
-6554
-7382
-7798
-6432
-3232
-1565
-4182
-8057
-7726
-3315
689
2546
2890
1269
-1847
-2691
1585
7398
8893
5806
2259
1058
2140
4523
7263
8061
5072
484
-1616
333
3974
5326
3205
-56
-1879
-1742
-840
44
485
-789
-3619
-5204
-3764
-1231
-878
-2921
-4548
-4221
-3053
-2269
-1908
-1703
-1578
-1198
-195
1043
1586
1079
506
1294
3368
4907
4562
3003
1949
2359
3774
4932
4766
3132
1027
16
870
2474
2690
708
-1977
-3203
-2361
-726
6
-826
-2592
-4041
-4135
-2791
-1075
-414
-1301
-2746
-3195
-2044
-150
1155
1301
688
135
303
1334
2697
3522
3281
2320
1633
1849
2488
2602
1975
1225
880
910
928
385
-924
-2279
-2870
-3106
-3886
-5314
-7056
-8258
-6998
-3020
-443
-3108
-8072
-9007
-4936
-260
2186
2561
538
-3382
-4788
-88
6824
8806
5076
930
-247
953
3732
7312
8819
5759
269
-2447
-106
4203
5937
3917
620
-1214
-1035
89
1179
1582
398
-2260
-3907
-2330
553
794
-1792
-3657
-3005
-1521
-868
-912
-1348
-2166
-2627
-1897
-478
274
-246
-1283
-1348
332
2618
3450
2391
1104
1111
2270
3586
4277
3848
2407
1073
1117
2409
3342
2550
420
-1341
-1504
-427
562
476
-717
-2271
-3229
-3048
-2034
-1147
-1170
-1955
-2636
-2584
-1857
-857
-6
326
15
-481
-404
468
1524
2059
2002
1740
1632
1896
2536
3218
3442
2934
1892
907
638
1200
1762
1406
364
-559
-1329
-2213
-2871
-3282
-4125
-5549
-6930
-7332
-5607
-2366
-1424
-5007
-8823
-7443
-2429
842
1319
1009
-528
-3545
-3791
1694
7722
7314
2011
-1161
166
3116
5748
7549
6665
2232
-2246
-2103
2488
6461
5813
1712
-1672
-1838
414
2722
3291
1810
-682
-2537
-2383
-193
1960
1372
-1839
-4189
-3249
-894
-263
-1404
-2329
-2492
-2600
-2465
-1576
-616
-419
-567
-303
322
845
984
917
1341
2470
3254
2809
1823
1447
1839
2466
2803
2539
1657
558
105
907
2103
1995
388
-1245
-1856
-1500
-673
-147
-510
-1469
-2272
-2405
-1689
-555
10
-466
-1400
-1829
-1226
59
1014
974
292
-153
239
1362
2392
2621
2249
1873
1679
1634
1772
1917
1823
1618
1441
937
-208
-1496
-2197
-2431
-2881
-3923
-5521
-6957
-6453
-3277
-498
-2123
-6740
-8445
-5131
-823
1196
1524
302
-3035
-5099
-1556
4804
6733
3056
-661
-966
699
2902
5450
6307
3252
-1237
-1987
1576
4799
4589
2388
591
137
1253
3256
4105
2577
74
-1133
-378
1380
2557
1670
-1185
-3515
-2938
-401
918
-316
-2486
-3639
-3362
-2279
-1231
-1066
-2057
-3204
-2900
-827
1334
1608
-15
-1584
-1334
669
2854
3528
2195
133
-595
759
2876
3875
3035
1109
-306
13
1635
2718
1994
112
-1168
-837
438
1098
406
-900
-1680
-1504
-605
343
335
-970
-2290
-2027
-409
860
742
-322
-1209
-1007
327
1794
2241
1530
562
293
919
1889
2470
2250
1418
703
735
1281
1430
690
-449
-1226
-1660
-2372
-3569
-4932
-6032
-5845
-3403
-562
-1295
-5774
-8642
-6111
-1050
1717
1151
-1292
-4295
-5605
-2668
3017
5977
3472
-1042
-2849
-1094
2357
5629
6664
3843
-923
-2620
880
5643
6725
4082
1217
312
1194
3111
4866
4652
2103
-443
-504
1504
2988
2245
-71
-1997
-2110
-680
515
-233
-2510
-4017
-3500
-2287
-2044
-2662
-3228
-3371
-2935
-1827
-676
-530
-1487
-2228
-1474
369
1658
1526
615
22
415
1769
3141
3291
2162
1160
1426
2477
3091
2837
2101
1278
677
696
1247
1495
831
-261
-884
-848
-608
-555
-821
-1363
-1911
-2084
-1833
-1529
-1397
-1249
-968
-703
-443
11
527
796
975
1468
2091
2146
1549
1235
1868
2705
2750
2290
1925
1259
159
-297
226
161
-1654
-4131
-5492
-5279
-4050
-2450
-1586
-2903
-6052
-8008
-6271
-2116
857
526
-2280
-4846
-4681
-1606
1966
3301
1797
-717
-1820
-617
1881
3983
4376
2788
626
44
1627
3855
4981
4542
3267
2287
2298
3168
4084
4010
2660
1204
1061
1908
2118
1075
-213
-766
-684
-543
-714
-1437
-2643
-3542
-3304
-2341
-2031
-2877
-3899
-4028
-3164
-1839
-758
-654
-1615
-2543
-2168
-544
1119
1785
1318
375
-39
657
2036
3054
3067
2381
1811
1831
2261
2706
2930
2707
1856
716
75
255
730
857
481
-303
-1324
-2076
-2041
-1436
-1063
-1308
-1816
-2099
-1986
-1537
-949
-505
-313
-208
0
284
598
1050
1604
1912
1787
1613
1829
2261
2454
2424
2444
2415
2141
1854
1762
1529
843
-78
-908
-1648
-2417
-3191
-3800
-3991
-3728
-3420
-3569
-4229
-4970
-5206
-4660
-3603
-2670
-2361
-2674
-3048
-2790
-1731
-406
537
876
757
463
430
1009
1980
2733
2979
2942
2864
2824
2940
3301
3723
3912
3815
3577
3243
2781
2336
2182
2323
2349
1862
950
131
-213
-235
-317
-626
-1147
-1789
-2253
-2247
-2006
-2105
-2631
-3068
-3039
-2622
-2035
-1492
-1288
-1477
-1629
-1312
-576
154
499
360
-25
-159
361
1386
2166
2027
1193
552
622
1154
1655
1759
1280
438
-88
122
639
718
227
-360
-696
-787
-700
-525
-518
-804
-1124
-1142
-886
-663
-628
-595
-351
-23
143
230
490
880
1192
1427
1630
1684
1560
1485
1655
1975
2164
2060
1695
1232
941
1046
1378
1430
976
382
51
-39
-75
-119
-298
-782
-1420
-1862
-2093
-2387
-2717
-2844
-2875
-3109
-3437
-3482
-3249
-3085
-3031
-2811
-2423
-2133
-1892
-1402
-707
-172
122
349
497
486
559
989
1573
1897
1863
1642
1407
1343
1593
1960
1988
1511
893
643
880
1280
1431
1216
818
461
254
269
487
677
577
237
-28
-55
28
53
-34
-235
-461
-476
-170
174
186
-73
-203
-36
263
553
770
753
427
102
197
609
808
583
288
201
169
36
-108
-219
-392
-583
-613
-495
-443
-600
-853
-976
-853
-594
-424
-456
-535
-481
-390
-405
-338
-39
172
77
44
326
535
373
180
288
497
505
388
381
519
646
641
575
575
597
513
379
392
530
529
266
-98
-321
-354
-403
-659
-1005
-1168
-1138
-1142
-1238
-1302
-1388
-1691
-2100
-2196
-1801
-1281
-1085
-1178
-1171
-910
-589
-340
-113
3
-125
-265
-1
626
1122
1188
1003
857
852
992
1238
1401
1266
936
796
981
1207
1207
1053
919
814
704
663
715
739
645
505
382
244
93
0
-43
-81
-74
-30
-74
-220
-269
-121
12
-117
-419
-581
-480
-274
-104
-2
-33
-225
-367
-246
41
198
114
-53
-136
-132
-107
-87
-86
-139
-218
-237
-176
-108
-126
-272
-467
-509
-268
51
133
-9
-92
-28
73
217
451
605
508
259
104
138
247
268
182
100
21
-162
-395
-451
-294
-187
-318
-571
-773
-886
-883
-722
-563
-654
-923
-1019
-820
-577
-510
-511
-412
-253
-184
-216
-215
-135
-32
62
187
322
370
272
108
86
307
552
520
248
120
334
697
954
1029
940
732
567
625
870
1056
998
740
483
397
505
712
864
809
475
55
-88
142
409
408
197
-51
-288
-435
-357
-125
-32
-198
-415
-472
-411
-385
-425
-512
-661
-821
-826
-628
-414
-378
-534
-778
-954
-877
-520
-171
-148
-423
-701
-765
-579
-267
-82
-172
-364
-341
-47
275
384
246
12
-111
11
325
607
624
333
3
-26
271
540
491
231
68
137
384
667
795
650
364
245
447
797
987
861
546
331
403
634
710
509
212
35
-26
-45
0
62
-31
-305
-516
-485
-348
-327
-460
-664
-868
-984
-955
-836
-751
-791
-913
-964
-857
-687
-556
-445
-341
-287
-309
-360
-344
-154
177
434
458
329
225
258
454
732
911
837
554
306
299
494
629
539
370
310
295
216
194
322
383
185
-68
-71
151
335
359
276
116
-116
-287
-231
-22
67
-104
-391
-576
-592
-488
-343
-255
-303
-411
-404
-232
-56
-36
-143
-250
-269
-190
-79
-50
-153
-286
-303
-192
-61
-5
-51
-182
-311
-326
-249
-239
-332
-360
-232
-75
0
45
113
157
192
310
473
528
500
581
778
853
728
626
680
755
767
811
914
922
728
433
213
149
159
83
-125
-306
-293
-152
-88
-206
-457
-736
-930
-948
-810
-677
-724
-943
-1115
-1020
-716
-519
-616
-818
-802
-491
-90
177
225
88
-86
-75
228
640
844
744
534
433
514
697
812
734
522
362
357
461
533
453
218
-12
-47
121
303
287
19
-350
-566
-494
-251
-69
-91
-284
-490
-551
-460
-363
-359
-393
-419
-458
-446
-247
65
230
171
56
32
74
148
262
374
369
212
46
30
152
265
239
21
-285
-443
-341
-183
-215
-432
-654
-759
-723
-585
-460
-438
-450
-349
-129
88
210
269
347
477
630
789
943
1003
888
712
690
883
1113
1158
983
756
637
616
610
587
500
286
19
-138
-144
-135
-244
-476
-772
-1075
-1269
-1221
-999
-906
-1084
-1291
-1238
-967
-738
-697
-778
-857
-866
-752
-475
-129
73
39
-64
-5
244
548
786
901
855
681
547
609
805
925
870
729
617
555
512
495
505
477
343
169
95
112
79
-39
-135
-191
-293
-437
-499
-453
-403
-410
-424
-370
-222
-69
-56
-218
-366
-298
-30
246
380
356
241
141
146
247
331
306
213
180
253
343
320
129
-126
-281
-239
-89
-45
-238
-568
-820
-885
-813
-741
-783
-937
-1032
-887
-567
-320
-276
-367
-465
-447
-206
212
560
629
506
412
441
566
763
973
1063
1007
931
909
871
755
594
449
354
319
307
246
86
-146
-353
-453
-453
-426
-439
-491
-537
-549
-549
-594
-682
-722
-623
-415
-243
-216
-298
-360
-306
-147
25
106
88
81
200
425
617
661
578
491
501
622
770
818
701
480
291
228
283
360
331
149
-74
-201
-233
-255
-288
-300
-329
-415
-477
-412
-284
-228
-247
-240
-192
-169
-166
-118
-24
44
73
94
87
43
25
82
169
218
202
111
-21
-86
-44
15
-24
-165
-337
-460
-468
-344
-194
-177
-337
-546
-670
-683
-609
-484
-391
-400
-459
-439
-313
-168
-57
41
134
205
261
330
401
472
542
620
708
770
760
688
608
573
588
613
589
489
341
201
115
96
97
38
-104
-276
-393
-399
-318
-270
-339
-467
-538
-508
-425
-343
-281
-243
-229
-217
-179
-123
-77
-34
25
86
113
115
141
213
304
380
428
439
411
380
378
381
341
262
177
131
134
161
150
71
-41
-142
-222
-269
-281
-275
-288
-311
-302
-252
-210
-208
-232
-222
-171
-119
-78
-5
110
203
225
206
185
148
96
91
177
285
298
186
28
-71
-69
-3
50
21
-79
-177
-231
-258
-283
-315
-371
-439
-461
-413
-350
-344
-382
-391
-332
-235
-156
-123
-128
-130
-86
14
138
221
240
236
265
349
477
581
568
412
233
180
273
384
383
252
79
-21
-22
26
40
-41
-189
-301
-303
-239
-203
-235
-305
-358
-361
-307
-236
-189
-177
-172
-144
-86
-38
-33
-48
-24
67
190
290
338
330
306
306
346
402
434
415
345
275
269
320
359
340
264
168
75
17
35
98
114
28
-104
-181
-179
-137
-108
-119
-173
-240
-269
-233
-172
-137
-138
-162
-199
-233
-241
-210
-162
-134
-127
-123
-112
-104
-90
-57
-17
3
4
-6
-21
-39
-45
-29
-2
24
34
23
-2
-23
-43
-62
-78
-89
-90
-86
-80
-79
-77
-67
-53
-45
-46
-42
-17
22
59
83
90
75
52
46
73
127
173
185
174
171
183
183
158
113
58
13
9
50
98
111
80
38
15
7
-3
-21
-51
-87
-105
-87
-44
-10
-8
-32
-57
-71
-65
-44
-23
-15
-26
-44
-42
-12
37
70
71
56
45
41
41
42
43
39
35
30
23
11
2
0
6
3
-18
-41
-57
-68
-75
-75
-63
-43
-25
-9
5
8
-9
-33
-47
-42
-22
-1
16
25
28
22
3
-21
-36
-37
-32
-35
-38
-39
-38
-42
-39
-29
-22
-25
-28
-23
-11
4
13
14
13
22
36
49
57
61
69
86
105
114
108
95
75
54
45
62
83
87
74
63
66
75
69
40
-3
-43
-61
-65
-66
-72
-75
-67
-56
-53
-70
-100
-133
-142
-114
-79
-80
-120
-150
-135
-78
-18
10
-3
-37
-55
-30
27
84
102
83
54
47
74
115
137
125
94
74
76
89
95
86
70
54
44
29
3
-35
-63
-55
-20
3
-19
-84
-145
-160
-118
-56
-29
-58
-109
-134
-106
-45
6
17
-7
-30
-19
31
86
107
95
80
87
114
137
140
123
97
70
54
49
50
41
17
-10
-29
-40
-61
-93
-116
-107
-76
-46
-42
-66
-95
-106
-82
-34
6
11
-21
-49
-38
13
68
92
78
45
25
44
93
129
111
60
22
33
75
103
84
26
-39
-69
-47
3
29
-4
-80
-154
-176
-147
-98
-68
-70
-94
-118
-128
-123
-115
-103
-87
-62
-33
-12
-5
-2
8
27
49
61
66
74
96
121
130
114
87
72
87
126
158
153
110
54
20
25
52
72
55
8
-39
-56
-40
-16
-10
-27
-55
-77
-80
-65
-45
-39
-51
-71
-76
-61
-33
-6
8
4
-13
-31
-37
-28
-9
2
-5
-24
-38
-32
-9
14
21
3
-36
-77
-88
-57
-5
28
24
-1
-20
-17
7
39
57
49
30
19
38
76
110
116
92
52
31
41
79
109
104
65
26
15
35
61
61
27
-23
-54
-45
-8
18
7
-39
-86
-107
-93
-69
-66
-86
-115
-127
-112
-79
-57
-67
-100
-125
-116
-72
-23
0
-10
-29
-38
-27
1
35
56
57
46
41
47
53
49
40
37
49
69
76
53
9
-35
-57
-42
-3
29
24
-15
-51
-54
-29
-5
1
-4
-9
-8
7
39
69
74
59
48
58
76
82
81
81
87
89
79
66
58
58
50
31
8
-6
-2
2
-7
-33
-64
-88
-99
-91
-63
-36
-33
-58
-87
-90
-57
-8
28
35
26
19
37
70
91
88
72
65
79
101
110
102
89
83
80
70
47
19
-3
-11
-15
-26
-58
-104
-142
-150
-143
-140
-162
-200
-228
-237
-229
-214
-194
-179
-178
-185
-190
-177
-142
-88
-38
-11
-11
-16
-5
28
73
107
119
112
116
143
175
186
168
135
115
114
121
124
116
107
109
117
109
80
47
30
29
26
15
2
-4
-9
-12
-5
19
45
62
56
29
-3
-14
1
27
34
16
-9
-13
16
59
78
60
28
12
7
0
-7
-16
-37
-56
-44
-9
18
11
-37
-101
-133
-105
-45
4
12
-17
-58
-79
-70
-47
-34
-33
-29
-9
23
42
34
8
-13
-14
11
44
51
27
-2
-13
0
29
39
11
-41
-70
-49
-4
28
29
5
-28
-49
-43
-25
-16
-28
-40
-36
-12
8
-1
-42
-81
-81
-34
17
18
-41
-112
-131
-82
-12
20
-2
-43
-53
-23
18
44
45
43
47
56
58
54
55
65
75
71
59
50
49
49
44
38
31
33
25
2
-24
-30
-11
17
18
-20
-61
-54
11
89
109
34
-79
-126
-85
0
63
25
-94
-148
-59
64
128
128
42
-89
-85
136
428
589
446
-129
-836
-834
311
1717
1959
715
-923
-1656
-1081
140
897
599
-283
-828
-740
-517
-563
-667
-540
-331
-306
-440
-560
-542
-386
-249
-259
-258
-37
334
576
404
-58
-58
876
1892
1773
739
83
399
1247
1930
1810
800
-84
199
1002
885
-13
-326
121
250
-317
-1035
-1621
-1991
-1749
-1037
-816
-1347
-1689
-1471
-1498
-1955
-1839
-873
-101
-100
-345
-479
-580
-341
524
1370
1416
1022
1076
1498
1556
1274
1238
1371
1297
1236
1313
976
195
-152
184
369
0
-407
-542
-679
-894
-919
-810
-897
-1062
-918
-676
-754
-850
-552
-207
-164
-81
228
402
351
423
659
795
835
963
1121
1110
943
814
781
760
741
718
539
211
-22
-68
-100
-216
-356
-502
-668
-831
-960
-1024
-1029
-1035
-1060
-1090
-1137
-1145
-1021
-848
-790
-807
-767
-669
-477
-117
244
329
225
265
497
725
891
1019
1045
991
991
1016
929
801
780
813
748
542
276
46
-140
-266
-296
-286
-334
-436
-523
-579
-597
-537
-413
-332
-327
-312
-231
-120
-24
48
113
175
256
351
425
461
448
371
263
191
237
366
402
227
-75
-306
-318
-169
-58
-130
-337
-496
-495
-396
-340
-403
-513
-522
-379
-201
-131
-178
-255
-265
-164
22
207
316
322
242
156
167
300
480
578
523
364
229
204
264
298
226
78
-26
-13
45
30
-90
-237
-271
-164
-63
-67
-136
-189
-186
-162
-161
-145
-66
51
111
24
-131
-163
-20
171
263
194
30
-83
-66
35
119
127
84
23
-51
-115
-145
-149
-132
-94
-69
-114
-227
-322
-345
-313
-270
-230
-184
-115
-67
-107
-213
-254
-156
5
130
189
199
190
188
208
237
287
353
394
374
323
290
270
232
172
124
119
136
122
51
-42
-99
-111
-101
-106
-128
-167
-210
-234
-211
-155
-120
-132
-150
-140
-98
-42
-2
4
14
66
133
165
161
153
152
154
170
210
252
239
159
64
15
26
58
65
14
-98
-215
-271
-272
-275
-298
-309
-302
-295
-295
-314
-362
-387
-317
-165
-24
34
32
21
34
94
210
335
406
406
372
340
334
352
377
380
351
304
256
203
115
8
-50
-32
10
-9
-113
-259
-364
-368
-291
-224
-213
-243
-285
-325
-329
-255
-128
-46
-61
-123
-135
-71
21
79
89
85
106
135
140
112
84
83
105
116
97
68
50
34
-11
-75
-125
-139
-105
-25
33
-1
-97
-147
-119
-64
-27
-21
-26
-6
48
74
18
-70
-100
-39
54
117
118
64
2
-17
19
82
135
163
172
168
157
153
154
150
140
138
148
153
134
94
46
7
-14
-19
-26
-46
-82
-117
-135
-139
-132
-122
-114
-106
-85
-50
-26
-28
-33
-17
18
46
56
59
69
81
85
65
31
-4
-23
-29
-38
-60
-98
-141
-170
-179
-173
-164
-169
-185
-200
-192
-163
-132
-113
-99
-77
-38
23
92
133
128
112
126
165
208
247
267
250
210
182
176
175
164
146
117
80
45
26
9
-28
-71
-101
-112
-116
-120
-132
-156
-179
-174
-141
-110
-103
-119
-126
-109
-62
-8
28
29
11
2
13
39
62
72
66
45
24
14
18
26
28
17
-2
-17
-26
-30
-34
-36
-38
-31
-25
-24
-29
-43
-49
-38
-16
-2
-2
-5
-6
-5
-1
9
14
20
37
61
70
70
77
92
99
93
92
96
98
96
98
91
71
62
70
57
10
-27
-28
-14
-2
0
-8
-27
-41
-50
-67
-93
-107
-99
-76
-62
-64
-83
-104
-109
-89
-55
-28
-17
-18
-18
-17
-14
-4
17
32
32
21
16
24
37
41
28
7
-9
-12
-16
-26
-41
-45
-46
-42
-39
-35
-28
-15
1
16
32
55
79
93
87
75
67
72
88
99
90
62
37
23
16
11
6
0
-19
-50
-82
-99
-105
-101
-93
-87
-90
-87
-68
-49
-44
-39
-17
9
29
37
28
17
23
47
71
74
64
50
41
34
25
13
4
-1
-4
-22
-40
-53
-54
-46
-35
-26
-27
-34
-32
-25
-7
26
67
95
108
111
111
119
143
171
182
173
158
138
108
64
20
-16
-44
-66
-80
-96
-122
-160
-215
-280
-324
-309
-238
-158
-107
-79
-68
-65
-52
-14
44
114
186
235
244
210
150
92
55
44
52
64
56
5
-72
-135
-173
-190
-180
-141
-90
-46
-14
-3
-10
-16
-6
27
85
155
208
217
179
119
64
25
3
-9
-9
-4
1
-15
-60
-118
-164
-172
-140
-79
-17
24
34
25
14
17
36
61
95
126
145
146
122
81
36
4
-5
1
8
-7
-43
-99
-163
-214
-223
-196
-161
-124
-97
-89
-99
-105
-100
-80
-35
36
115
172
186
158
121
100
104
138
186
219
217
197
162
106
45
11
7
14
16
7
-20
-68
-118
-149
-156
-136
-104
-83
-79
-94
-108
-103
-81
-67
-58
-35
0
25
34
33
17
3
1
15
32
42
44
35
16
-9
-25
-32
-36
-40
-39
-26
-8
-1
-8
-18
-30
-32
-15
15
33
33
26
14
0
-2
0
2
-3
-3
4
14
12
-4
-25
-31
-19
1
17
27
34
43
53
59
59
55
54
55
58
62
67
62
42
13
-8
-14
-10
-7
-11
-20
-29
-43
-59
-69
-76
-79
-74
-65
-60
-59
-54
-45
-36
-29
-20
-9
0
6
18
34
49
58
63
63
59
55
59
64
65
65
59
45
24
8
-3
-16
-32
-41
-38
-30
-27
-32
-39
-42
-41
-36
-31
-22
-13
-5
0
4
8
9
8
11
15
15
11
5
2
7
17
23
18
7
-4
-13
-19
-24
-22
-15
-11
-15
-21
-23
-21
-19
-20
-18
-9
2
12
16
12
5
6
8
9
9
11
17
26
30
27
20
10
1
-3
-2
-2
-2
-4
-8
-16
-23
-27
-26
-22
-17
-10
-5
-3
-6
-10
-12
-9
-2
8
17
20
18
14
13
16
17
21
22
22
20
14
9
7
7
6
2
-9
-18
-21
-17
-10
-4
-6
-9
-11
-7
-2
4
9
14
21
25
23
17
10
7
7
6
6
6
3
0
-2
-6
-8
-10
-12
-11
-13
-13
-14
-15
-14
-11
-6
0
2
0
-2
-3
-4
-3
1
5
3
-2
-7
-5
-4
-6
-9
-9
-7
-4
-1
0
0
0
7
11
12
5
0
0
4
8
13
17
21
18
18
15
8
0
-4
0
1
1
-1
-1
-4
-11
-16
-18
-14
-11
-6
-3
-5
-8
-9
-6
-1
1
2
2
5
9
9
6
1
-4
-2
0
2
1
0
0
0
-1
-4
-10
-13
-14
-14
-12
-9
-6
-4
-3
-3
-5
-5
-2
4
8
12
12
11
9
7
7
7
9
12
13
13
11
9
4
2
2
2
3
3
3
2
2
2
2
-1
-2
-3
-2
0
1
0
-2
-1
2
3
5
9
10
9
5
4
7
7
3
-2
-3
-3
-4
-4
-4
-6
-7
-8
-9
-11
-13
-14
-15
-12
-12
-10
-6
0
4
7
7
6
4
2
1
2
3
2
3
2
-3
-5
-7
-4
-2
1
3
3
1
1
1
1
2
3
3
4
5
3
1
-1
0
3
6
7
4
-1
-4
-5
-6
-5
-4
-2
0
2
3
4
7
6
5
5
3
3
3
5
5
6
5
6
5
3
0
-2
0
1
5
5
2
-1
-1
-1
0
0
-1
-3
-5
-7
-10
-12
-12
-8
-4
-1
-1
-2
-6
-8
-7
-3
1
4
5
4
2
0
-1
1
1
1
-1
-1
-1
-5
-8
-8
-3
-1
-2
-7
-8
-8
-7
-7
-5
-3
-2
0
2
6
9
10
12
13
12
11
10
9
9
8
8
9
10
10
9
6
4
2
2
2
0
-1
-4
-4
-7
-5
-4
0
3
4
4
2
1
0
0
-1
-2
-3
-4
-5
-6
-6
-8
-7
-6
-5
-4
-3
-4
-5
-7
-7
-8
-7
-5
-2
-1
1
1
0
1
1
3
4
5
3
3
1
1
2
1
1
2
1
2
3
3
2
1
0
-2
-1
0
3
3
6
5
5
3
0
-1
0
1
3
4
8
9
8
7
5
3
0
-1
0
1
0
-2
-3
-5
-3
-2
0
0
0
-1
-4
-4
-4
-3
-2
0
1
0
0
-2
-3
-4
-3
-1
2
1
2
1
0
0
1
2
3
3
1
-1
-4
-5
-7
-6
-4
-3
0
-1
-2
-2
-2
-4
-4
-3
-3
-2
-1
0
0
1
2
2
3
4
4
3
4
3
1
1
-1
-3
-5
-4
-3
-1
0
1
2
2
3
4
5
5
6
6
5
4
1
0
0
2
3
2
2
1
1
0
0
1
0
1
1
0
0
1
0
0
0
-1
1
2
1
0
1
1
1
0
0
-1
-1
-2
-2
-2
-3
-1
-2
-1
-1
-1
0
1
1
0
1
1
1
1
-1
1
0
1
1
-1
1
1
1
2
3
3
2
1
0
-2
-3
-3
-3
-2
-1
-1
0
0
0
0
0
-1
-1
-1
-1
-1
0
0
1
2
2
2
2
0
1
1
1
1
1
1
0
-1
0
0
0
0
-1
-1
-2
-2
-1
0
1
1
1
1
0
0
0
0
0
0
0
-1
0
-2
0
0
1
2
2
2
2
2
1
1
1
1
1
0
1
0
0
0
0
0
0
0
1
1
0
0
0
-1
1
1
2
1
0
-1
0
1
0
-1
0
-1
1
1
2
0
0
-1
-2
-2
-2
-1
0
2
0
-1
-1
-2
-1
0
1
2
2
2
3
2
1
1
2
1
1
0
0
-1
0
0
1
2
1
1
0
0
-1
0
0
0
0
0
1
1
0
1
1
1
1
1
1
2
0
0
1
0
0
0
1
0
0
1
0
1
1
0
0
0
0
1
1
1
1
0
1
2
1
3
3
0
1
0
0
0
1
2
3
3
2
2
0
1
0
0
2
1
1
1
1
-1
-1
-1
-2
-1
-1
-1
-1
-1
0
0
0
0
0
1
0
0
0
-1
-1
0
0
0
0
-1
0
0
0
0
0
-1
1
2
1
1
1
1
1
1
1
-1
0
1
0
0
0
0
-1
0
-1
0
1
1
1
1
2
1
1
2
2
2
1
0
0
1
1
1
3
1
2
2
1
0
0
1
1
0
0
0
-1
-1
0
1
2
2
1
0
-1
-1
-1
-1
-1
0
0
0
-1
-2
-4
-1
0
3
2
1
1
0
0
1
1
1
1
-2
-2
-2
-2
-2
-1
1
0
0
-1
0
0
1
1
2
1
0
1
-2
-1
0
1
2
2
2
2
1
1
1
1
1
0
0
0
0
1
0
0
0
0
1
0
-1
-1
2
2
3
2
2
2
1
1
2
1
1
1
0
0
-1
0
1
2
2
1
0
-1
-1
-1
-1
0
1
1
1
0
0
0
1
1
1
1
1
1
1
1
1
0
1
0
0
-1
-1
0
0
1
1
1
1
0
-1
-1
-2
-2
-1
-1
-1
-1
0
0
1
1
1
1
1
1
1
0
0
0
0
1
0
0
0
0
0
0
0
1
0
0
0
1
1
0
0
0
-1
1
1
0
0
0
0
0
0
0
1
0
1
1
2
1
1
1
1
1
0
1
1
1
1
1
1
0
0
0
0
-1
-1
-1
0
0
1
1
0
0
0
-1
-1
-1
0
1
1
1
2
0
1
0
0
0
0
0
0
1
-1
0
1
-1
0
0
0
0
0
0
1
0
0
0
-1
-2
-2
-2
0
0
1
1
1
0
1
0
1
1
1
1
0
1
1
0
0
0
0
0
0
-1
-1
0
0
1
1
0
0
-1
-1
0
0
1
1
2
2
2
1
1
1
1
1
1
2
1
2
0
0
1
-1
1
0
0
0
-1
-1
0
0
0
-1
0
-1
0
0
0
-1
0
0
0
0
1
1
1
0
0
-1
-1
0
0
2
1
1
1
0
-1
-2
0
-1
0
1
2
2
1
1
0
1
1
1
1
1
0
2
0
0
0
0
0
0
0
1
0
0
-1
0
0
0
-1
-1
0
0
1
0
-1
0
0
0
0
0
0
-1
-1
0
-1
-1
1
0
1
0
0
-1
-1
-1
0
2
2
3
2
0
0
-1
-1
0
0
2
0
1
0
0
0
0
0
0
0
0
1
0
0
0
0
0
0
-1
0
0
-1
0
0
-1
0
0
0
0
0
0
0
0
1
0
0
-1
1
0
0
-1
-1
0
0
0
1
-1
0
0
0
-1
1
0
0
0
1
-1
0
0
0
0
0
0
0
0
0
0
0
-1
0
0
0
0
0
0
0
0
0
0
1
-1
0
0
-1
1
0
0
0
0
0
0
0
0
0
0
0
0
0
0
-1
0
0
0
0
0
0
0
-1
0
0
0
-1
0
0
-1
-1
0
0
0
0
0
1
1
-1
0
-1
0
0
0
0
0
0
0
0
2
1
1
1
1
0
2
1
2
2
1
1
1
0
0
1
1
0
0
0
0
1
0
1
1
3
2
2
0
0
1
0
0
2
1
1
1
1
-1
-1
1
0
0
0
-1
0
0
1
0
0
0
0
0
0
-1
0
0
0
-1
0
0
1
1
-1
0
0
0
0
0
0
0
0
1
0
1
0
0
0
-1
-1
-1
-2
0
-2
-1
0
0
1
2
4
1
1
0
-1
-3
0
1
0
2
3
-1
1
-2
-1
2
-1
2
2
-1
1
-1
-3
1
-1
-1
2
2
1
-1
1
0
-3
0
1
0
2
1
0
-1
-3
-3
0
0
1
5
1
1
-2
-6
-2
0
0
3
3
5
0
-2
0
-3
-2
-2
1
6
1
2
2
-3
-4
-6
2
0
3
7
4
-1
-4
-4
-8
-2
-1
1
10
1
3
3
-6
-6
0
-5
-3
5
4
1
3
3
-3
-6
-2
0
-3
2
8
2
3
1
-2
-3
-8
-2
0
0
7
5
-1
-1
-4
-6
1
7
-1
21
-4
-17
10
-23
-9
15
6
2
18
15
-47
-14
71
-72
-43
190
-153
-18
171
-273
138
20
-251
306
-80
-183
270
-64
-161
118
15
-109
14
86
-34
-2
38
14
43
-94
65
90
-151
100
70
-115
49
-13
11
-72
20
63
-85
30
38
-33
-27
-1
5
-35
-43
50
-22
-44
37
12
-50
4
58
-37
15
73
-15
16
27
9
-6
0
57
-12
-12
117
-60
-35
126
-133
7
72
-153
52
81
-121
-31
183
-84
-169
167
-59
-193
54
40
-37
13
105
49
-51
22
-21
-60
18
-19
10
83
2
-7
40
2
-41
-19
81
-64
-3
62
-40
7
16
-15
28
-40
-18
13
-20
-11
24
34
-24
-43
67
-12
-109
127
63
-165
96
75
-211
23
116
-119
26
168
-83
-37
88
-77
-69
33
62
-57
65
58
-56
-29
-5
-17
-50
54
39
11
32
16
-28
-69
19
-7
-67
91
6
-37
30
-38
-28
-23
-18
39
-18
0
40
-8
-24
-27
52
-27
-25
101
-40
-4
31
-5
-8
-10
47
-11
2
37
14
-35
35
0
-46
14
21
-42
16
11
-46
18
16
-55
39
0
-27
26
11
-31
7
39
-47
0
30
-10
-51
51
4
-50
33
36
-32
2
43
-18
-5
-6
21
-31
-35
33
-10
-20
28
23
-23
8
10
-8
-2
-4
21
0
-23
20
6
-26
20
28
-29
2
31
-45
-1
35
-37
7
38
-26
11
34
-23
-1
0
2
-26
-17
13
-9
14
3
10
4
-36
15
-27
-16
28
-15
4
25
-13
-17
1
-11
1
-14
15
18
-22
16
2
-3
-8
14
3
-25
14
7
-31
15
47
-21
-10
47
-8
-34
13
14
-19
-2
36
4
-32
17
-1
-13
-7
8
12
3
5
-17
25
-27
-31
41
-17
-8
50
-3
-25
27
-1
-37
30
8
-18
17
1
-10
-30
3
-1
-26
29
8
-1
4
-6
-13
-3
-1
-12
27
-3
-13
21
7
-31
20
5
-9
-11
19
12
-42
24
16
-41
1
38
-30
-1
34
-13
3
10
-15
5
-12
-27
21
-5
6
7
23
-5
-8
18
-8
0
3
11
-15
-3
-3
-17
4
3
1
13
1
-7
2
8
-20
6
11
-24
10
2
-18
-2
10
-5
-5
22
-2
-6
12
9
-10
1
23
-12
3
21
-10
11
-1
5
17
-14
17
20
-11
-6
23
-17
-14
8
8
-26
18
14
-14
3
5
-21
-5
-3
-16
11
-3
-7
13
-19
-2
-9
-17
6
-20
-7
8
-25
-7
3
-19
-5
8
-9
4
13
-4
9
12
-1
12
11
-1
3
6
0
-4
14
13
0
14
13
-7
-2
5
-6
-4
2
6
-3
-4
7
-7
-8
4
1
-3
7
9
1
9
3
9
-1
3
16
-11
9
12
-14
5
7
-9
1
5
-5
2
-6
-6
-1
-8
-12
0
3
-18
3
8
-17
8
7
-8
8
-2
-6
3
-7
-8
11
3
-7
12
3
-9
-8
4
-3
-12
13
0
-4
6
-12
7
-1
-20
12
1
-23
1
13
-14
-8
20
6
-12
10
13
-9
-3
9
0
-6
-1
12
-8
-2
12
-4
4
5
1
1
7
-2
-8
4
4
-22
5
21
-22
6
32
-20
3
30
-21
13
8
-5
14
-3
0
2
6
-7
4
13
-7
-8
16
-12
-9
11
-4
-5
8
4
-2
6
0
2
1
-2
-3
-1
-14
-8
-1
-14
-2
3
-3
2
5
1
2
1
-2
-4
-3
-6
-6
-2
-4
-3
1
8
0
3
16
-3
2
16
-3
-5
16
-9
-7
12
-9
-5
1
1
-6
2
4
-3
-5
-5
-1
-13
-4
4
1
-8
14
0
-10
3
-2
-6
2
5
3
3
7
5
9
4
5
13
3
0
13
-3
-2
7
-2
3
4
6
8
2
6
3
-4
-1
0
-8
-1
0
-9
-1
-1
-4
3
5
3
7
6
-3
1
-2
-12
-4
0
-10
-3
1
-8
-8
1
-2
-7
3
3
-8
3
1
-8
7
1
-6
9
3
-3
2
2
-6
-5
-2
-2
-4
-1
3
-2
-2
3
-2
-1
1
1
0
-4
1
-6
-8
0
-3
3
6
5
8
5
-1
6
2
-3
4
-3
2
0
0
7
-1
9
3
0
7
1
-4
2
4
-3
2
6
1
0
1
0
-2
-1
1
3
0
3
8
1
0
4
2
-1
4
1
3
4
-4
3
-2
-4
2
-2
-1
2
-5
1
0
-5
2
-1
-1
1
-4
-3
-3
-4
-3
-2
1
1
-1
4
-1
0
2
-2
-1
1
-5
1
-1
-5
3
-1
-1
4
-1
1
2
-1
1
1
0
1
1
2
1
1
0
-3
0
1
2
8
4
1
3
-1
1
4
1
3
0
-4
-2
-2
0
2
-1
0
0
0
5
3
4
3
-1
0
-1
-4
-1
-1
0
3
2
3
2
0
0
-3
-1
-3
-3
1
-1
0
4
-1
1
3
-2
-1
2
-3
1
-1
-1
2
1
2
3
-1
-1
-3
-1
-3
-2
1
0
2
2
2
1
0
2
-2
0
1
-2
0
-3
-5
-4
-4
-3
0
2
4
3
3
1
-3
-2
-2
-2
1
2
2
5
3
1
1
1
0
0
0
0
0
1
1
1
1
1
0
0
-1
-2
-1
-1
0
0
0
1
2
2
3
2
-1
2
0
-2
0
-2
-4
1
-3
-3
5
3
3
8
4
0
1
-1
-4
1
1
2
3
-3
-1
-2
-4
-1
2
5
1
8
5
-1
5
-2
-2
-1
-4
-4
-4
-2
-4
1
1
1
2
3
0
0
-1
0
1
1
2
4
3
2
0
-1
-3
-4
0
1
3
6
5
-1
1
-1
-5
1
4
-1
0
11
-3
-7
14
-4
-9
16
0
-9
17
4
-13
20
-1
-12
18
-12
-8
11
-16
2
2
-10
7
1
-3
5
-2
-5
4
-6
-6
4
-15
-9
-1
-14
-5
5
0
3
10
1
-2
1
2
4
9
11
4
4
-1
-4
1
-2
1
1
-8
-3
0
-9
1
8
0
12
13
-2
-5
-10
-10
-8
-7
7
5
-3
12
9
-9
5
11
-8
5
11
-12
-7
-2
-14
-9
5
7
0
10
4
-16
-10
-8
-8
4
11
13
10
6
3
-3
-1
-2
2
11
-1
4
12
-4
5
11
-5
-8
2
-5
-8
4
-1
-7
-2
1
-3
-1
4
0
-1
2
0
0
2
1
5
0
-8
-1
-3
-8
2
1
-7
-4
-1
-2
0
3
2
2
2
2
3
1
2
-3
-6
-6
-14
-6
-4
7
12
13
26
-7
-10
3
-42
-14
10
-22
3
19
-5
-3
16
1
-6
17
-2
-2
11
-3
7
5
-2
2
-3
2
9
9
7
6
-3
-11
-12
-12
-8
-3
3
10
7
6
-6
-19
-19
-23
-10
1
-4
-1
-7
-8
-5
-3
14
22
18
23
-2
-55
-61
-42
-31
43
118
112
80
50
-20
-90
-70
-16
2
58
120
74
4
-15
-79
-139
-86
-11
9
56
98
23
-55
-53
-86
-100
-1
67
69
104
98
-4
-74
-75
-91
-64
45
99
75
70
23
-71
-90
-62
-51
-9
60
63
29
21
-17
-75
-61
-18
-5
38
73
43
10
-6
-37
-51
-27
1
19
44
54
26
-10
-30
-50
-51
-15
22
35
42
39
2
-24
-21
-26
-16
16
22
16
13
-7
-27
-28
-18
0
20
35
34
20
2
-18
-28
-24
-14
4
20
23
16
3
-16
-32
-40
-31
-14
4
27
28
13
-1
-19
-33
-24
-6
8
32
42
31
18
3
-15
-12
0
8
21
27
14
-3
-12
-22
-25
-17
-5
5
14
14
5
-3
-11
-11
0
13
17
16
7
-9
-23
-25
-15
-4
8
20
20
10
2
-10
-20
-15
-11
-6
2
7
3
1
1
-4
-9
-3
0
1
9
9
-1
-5
-11
-18
-14
-4
4
8
16
13
1
-5
-9
-19
-15
-2
3
12
22
15
0
-4
-11
-16
-4
8
12
13
15
8
-4
-5
-5
-5
2
14
14
12
11
-1
-8
-1
2
5
18
20
7
1
-3
-15
-17
-5
0
5
16
13
4
-1
-11
-21
-15
-5
-3
3
9
3
-1
1
-3
-3
0
0
1
4
2
0
-2
-6
-7
-8
-5
0
-2
-1
3
0
0
1
-3
-4
-3
-4
-5
-1
-3
-13
-10
-12
-14
-3
7
7
10
9
3
0
1
4
5
6
8
3
-1
-1
-2
0
8
12
13
12
8
4
0
1
3
2
5
5
3
2
-4
-7
-9
-11
-6
0
3
7
7
4
1
-1
-4
-6
-4
-3
-3
-2
-2
-5
-6
-4
0
3
4
6
4
3
3
2
0
0
-3
-5
-4
-1
0
0
4
2
0
2
-1
-4
-2
-2
-4
0
-2
-7
-5
-3
-4
-3
1
1
-2
0
1
-4
-4
-1
-1
0
5
3
7
10
6
1
4
4
3
5
9
5
-1
0
1
-3
1
1
0
1
1
-2
-1
-1
-2
0
1
0
2
3
5
4
5
5
2
0
-1
-3
-6
-3
-3
-6
-5
-3
-5
-6
-3
-1
-4
-1
2
0
-2
-1
-2
-1
-1
1
1
2
2
2
1
2
1
2
3
0
0
0
1
1
-2
-5
-6
-6
-4
-4
-2
1
3
5
5
4
5
5
5
6
5
4
2
0
-2
-3
-4
-3
-4
-2
-2
-2
-1
0
2
4
5
4
3
0
-2
-3
-3
0
2
3
5
5
3
1
-2
-2
-2
-2
-2
-2
-1
1
1
4
4
5
5
5
3
3
0
-1
-3
-5
-5
-4
-4
-3
-2
0
1
1
2
1
1
2
2
2
0
-1
-3
-4
-2
-2
-1
-1
-3
-4
-3
-1
0
1
3
1
2
0
0
0
-1
-1
1
0
1
2
1
2
3
2
2
3
2
1
1
1
0
1
1
3
5
4
4
2
1
0
-2
-2
-3
-1
-1
0
1
0
1
2
1
2
2
1
0
0
-1
1
0
1
0
2
2
1
1
-1
-1
-1
-2
-3
-3
-2
-3
-3
-3
-2
-2
-1
-1
0
1
3
3
2
2
1
0
-1
0
0
1
1
1
1
0
0
0
0
0
1
0
1
-1
-2
-1
-2
1
1
2
3
4
2
3
1
2
1
0
-1
-3
-1
-2
-2
-2
0
-1
-1
0
1
2
1
1
2
2
1
1
1
0
0
0
0
1
2
2
3
4
3
4
3
1
1
-1
-2
-3
-3
-1
-1
-1
0
1
0
1
2
2
2
2
0
0
0
0
0
0
2
1
1
0
1
1
2
1
1
1
1
0
1
0
-1
-2
-1
-1
-1
0
0
0
0
0
1
0
0
-1
-1
-1
-2
-2
-1
0
-1
0
0
1
2
2
1
1
0
-1
-1
0
0
0
2
1
1
1
2
0
2
1
2
1
1
1
-1
-1
0
0
1
1
3
2
1
0
0
-1
-1
-1
-1
-1
-1
0
0
0
1
0
0
0
2
1
1
1
1
1
1
0
1
1
1
2
0
1
-1
-3
-1
0
0
1
2
1
-1
0
-1
0
-1
1
1
3
1
2
0
0
1
1
0
1
0
0
-2
-1
-1
0
0
1
2
2
2
1
1
1
0
0
-1
0
1
1
1
1
0
0
0
0
0
-1
0
0
1
0
0
-1
0
1
1
1
1
1
1
1
0
1
2
1
1
0
-1
0
-1
-1
0
1
1
0
1
0
-1
0
0
0
0
0
-1
-1
-1
0
1
3
4
3
2
1
-1
-1
-1
1
1
1
1
0
0
0
0
1
1
0
0
-1
0
-1
0
2
1
2
1
0
1
0
0
0
0
1
-1
-1
-2
0
0
2
3
2
2
1
1
0
0
1
1
1
2
2
1
-1
1
2
1
0
0
-1
0
0
2
0
1
2
1
-1
-1
-2
-2
-2
-1
0
-1
-1
0
0
1
2
2
2
0
-1
-1
0
1
0
1
2
1
-1
0
-1
1
1
2
2
0
0
0
0
0
2
2
1
2
2
0
0
2
1
1
1
1
0
0
1
1
1
-1
-1
2
-1
0
1
2
-1
1
1
0
-3
-1
0
0
1
1
1
0
0
0
0
0
0
0
0
-1
-1
-1
1
1
3
3
2
2
0
-1
-1
0
0
1
1
0
0
0
0
0
0
1
0
0
0
-1
0
1
3
2
2
2
1
-1
0
0
1
0
0
0
0
0
-1
0
0
0
0
0
0
-2
0
0
-1
0
0
0
-1
1
1
2
2
1
1
0
0
0
0
0
1
1
1
1
0
0
0
0
0
-1
0
0
0
-1
0
-1
0
-1
0
0
0
0
1
0
0
0
0
-1
1
0
0
0
0
0
1
0
0
0
0
0
0
1
0
0
0
0
-1
0
-1
0
0
0
0
0
0
0
0
0
0
0
0
0
0
0
0
0
1
0
1
1
0
1
0
0
0
0
0
1
0
1
0
0
0
1
0
0
-1
0
0
1
0
-1
0
0
0
0
-1
-1
1
0
0
1
0
0
1
0
0
0
-1
1
0
0
0
0
0
0
-1
0
0
0
0
0
0
0
0
0
0
0
0
0
0
0
0
0
0
0
0
-1
0
-1
0
-1
0
0
0
0
0
-1
0
-1
1
0
0
0
0
0
-1
0
-1
0
-1
0
0
0
0
-1
0
-1
0
1
0
0
0
0
0
0
1
0
0
0
0
0
0
-1
0
0
0
0
0
0
0
0
1
0
1
1
0
0
0
0
0
0
0
0
0
0
1
0
1
0
0
0
0
0
0
0
1
0
0
0
1
0
1
1
0
0
0
0
-1
0
0
1
0
0
0
0
0
0
0
0
0
0
0
0
0
-1
0
0
0
0
0
0
0
0
0
-1
0
1
0
0
0
0
0
0
0
-1
1
0
0
0
1
0
1
0
0
0
0
0
0
0
-1
0
1
0
0
0
1
0
0
0
0
-1
1
1
0
0
1
0
0
0
0
0
0
0
0
-1
0
0
0
0
1
0
0
0
0
0
0
-1
-1
1
0
0
1
0
0
-1
0
0
2
0
1
-1
-1
-1
-1
1
0
1
1
1
0
0
0
0
0
0
0
0
0
0
0
-1
0
0
0
0
1
0
0
0
0
0
0
0
-1
-1
0
0
0
-1
0
-1
0
-1
-1
1
3
3
2
2
1
0
-1
0
-1
1
1
0
0
0
0
0
0
1
0
0
-1
-1
-1
1
1
1
1
1
0
1
0
0
0
0
0
0
0
-1
1
-1
0
-1
0
0
0
0
-1
0
0
0
0
0
0
0
0
0
1
0
0
0
0
0
0
0
0
0
0
0
0
0
0
-1
0
0
0
1
0
0
0
0
-1
0
-1
0
1
0
0
1
0
0
0
0
0
0
0
0
0
0
1
-1
0
-1
0
0
-1
0
0
0
0
-1
0
0
0
0
0
1
0
0
0
0
0
0
0
-1
0
0
0
0
0
0
-1
0
0
0
0
0
0
-1
0
-1
0
0
0
0
1
0
0
0
0
0
0
0
0
0
0
0
0
1
0
0
0
0
1
0
-1
0
1
0
0
0
0
0
0
0
-1
-1
0
0
0
1
0
-1
0
0
-1
0
0
0
-1
0
0
1
0
0
0
0
0
0
1
0
0
0
0
1
0
0
0
1
1
0
0
0
0
0
0
1
0
1
0
0
0
1
0
0
0
-1
1
1
0
-1
0
0
0
0
0
0
0
0
0
0
0
1
0
1
0
0
0
0
0
-1
0
1
0
0
-1
0
-1
0
0
-1
0
0
0
0
0
0
0
0
0
0
0
0
0
0
0
0
0
0
0
0
0
0
0
0
0
0
0
0
0
0
0
0
0
-1
0
0
0
0
0
0
0
-1
0
0
0
0
0
0
0
0
0
0
0
0
0
0
0
0
0
0
0
0
0
0
1
-1
0
0
0
0
0
0
0
1
0
0
0
0
0
-1
0
0
0
0
0
0
0
0
0
0
-1
-1
-1
-1
0
-1
0
0
0
0
0
0
-1
-1
1
0
1
1
1
0
1
1
1
1
0
0
0
1
0
0
0
0
0
0
0
0
0
0
1
1
0
0
0
0
0
0
0
0
0
0
0
1
0
0
0
0
0
1
1
0
0
0
0
0
-1
0
0
0
0
0
0
1
0
0
1
0
0
0
1
0
0
1
0
1
1
0
0
0
0
0
0
0
0
0
0
1
0
1
1
-1
0
0
0
0
0
0
0
0
0
0
0
1
0
0
1
0
0
0
1
0
0
0
-1
0
0
0
0
0
0
0
0
0
0
1
0
0
0
-1
-1
0
0
0
0
0
0
0
0
0
0
-1
0
1
0
0
0
0
0
0
0
-1
0
1
0
0
0
0
-1
0
-1
-1
0
0
0
0
1
0
0
0
0
0
0
0
0
1
1
0
1
-1
0
0
0
0
0
0
0
0
0
0
0
0
0
0
0
0
0
0
0
0
0
0
0
0
0
0
0
0
-1
1
0
1
0
0
1
0
0
0
0
0
1
-1
0
0
0
0
0
1
0
0
-1
0
0
0
0
1
0
0
1
-1
-1
0
0
0
0
0
0
0
0
0
0
0
-1
0
0
0
1
0
0
0
0
1
0
-1
-1
0
0
0
-1
0
0
0
0
0
-1
0
0
0
0
-1
0
0
0
0
0
0
0
0
0
0
0
0
0
0
-1
0
0
0
0
0
0
0
0
0
1
0
-1
0
0
0
0
0
0
0
0
0
0
0
0
0
0
0
0
0
0
0
-1
0
0
0
0
0
0
0
0
0
0
0
0
0
1
0
0
0
0
0
0
0
1
0
0
0
1
1
0
0
0
-1
1
1
0
0
0
0
0
0
0
1
0
0
0
1
0
0
0
0
0
-1
0
0
0
0
0
0
0
0
0
0
-1
-1
-1
0
0
0
0
-1
0
0
0
0
0
0
0
0
0
1
0
1
0
0
0
0
0
0
1
-1
0
1
-1
0
0
0
0
0
0
0
-1
0
0
0
-1
0
-1
0
0
0
0
0
-1
0
0
0
0
0
0
-1
0
0
0
0
0
0
0
0
-1
-1
0
0
0
0
0
1
0
0
0
0
0
-1
0
0
0
0
0
0
0
0
0
1
0
1
0
0
1
-1
1
0
0
0
-1
-1
0
0
0
-1
0
-1
0
0
0
-1
0
0
0
0
1
0
0
0
0
0
0
1
0
1
0
0
0
0
0
0
1
0
0
0
1
1
0
0
0
0
0
0
0
0
-1
1
0
0
0
0
0
0
0
1
0
0
-1
0
0
0
-1
-1
0
0
1
0
-1
0
0
0
0
0
0
-1
-1
0
0
-1
1
0
1
0
0
0
0
0
0
1
0
0
0
-1
0
0
0
0
0
1
-1
0
0
0
0
0
0
0
0
0
1
0
0
0
0
0
0
-1
0
0
-1
0
0
-1
0
0
0
0
0
0
0
0
1
0
0
-1
1
0
0
-1
-1
0
0
0
1
-1
0
0
0
-1
1
0
0
0
1
-1
0
0
0
0
0
0
0
0
0
0
0
-1
0
0
0
0
0
0
0
0
0
0
1
-1
0
0
-1
1
0
0
0
0
0
0
0
0
0
0
0
0
0
0
-1
0
0
0
0
0
0
0
-1
0
0
0
-1
0
0
-1
-1
0
0
0
0
0
1
1
-1
0
-1
0
0
0
0
0
0
0
0
1
0
0
0
0
-1
1
0
0
1
0
0
0
0
0
1
1
0
0
0
0
0
-1
0
-1
1
0
1
0