0
0
0
0
0
0
-1
1
0
0
-1
0
0
0
1
0
-1
0
0
0
0
0
0
0
1
-1
0
-1
0
-1
-1
0
0
0
1
0
0
0
0
0
1
0
-1
-1
0
0
0
0
0
0
0
-1
0
-1
0
1
0
0
0
0
1
0
0
0
0
0
-1
-1
0
0
0
0
-1
0
1
0
1
0
0
0
0
-1
0
0
0
-1
0
0
0
0
0
0
0
0
-1
0
0
0
1
0
1
0
-1
0
1
0
0
-1
0
0
0
0
0
0
1
0
1
0
0
0
0
0
1
0
1
0
0
0
1
0
0
0
0
0
-1
0
0
0
0
0
0
0
0
0
-1
0
0
0
0
0
0
0
0
0
0
1
0
1
0
0
1
0
0
1
0
0
1
0
0
1
0
0
0
0
0
0
0
0
0
0
0
1
0
0
-1
0
0
-1
0
-1
0
0
1
1
0
0
0
-1
0
0
0
0
0
0
1
0
0
-1
0
0
0
0
-1
0
1
0
0
0
0
0
-1
0
0
0
0
0
0
0
1
0
0
0
0
0
-1
0
0
0
0
0
1
0
0
0
0
0
0
0
1
0
-1
0
-1
1
0
0
0
0
-1
0
-1
0
0
0
0
-1
1
0
0
0
1
0
-1
0
1
1
0
-1
0
0
0
0
0
0
0
0
-1
0
0
0
0
1
-1
0
0
-1
0
0
0
0
0
1
1
0
0
0
-1
-1
0
0
0
1
0
0
0
0
0
0
1
0
0
-1
0
0
1
0
0
0
0
0
1
0
0
-1
0
0
0
0
0
0
0
0
1
0
0
0
0
0
0
0
0
1
0
0
0
0
0
0
-1
0
0
0
0
1
0
0
1
0
0
0
1
-1
0
-1
0
0
0
1
0
0
0
0
0
0
1
0
0
0
0
0
0
0
0
0
-1
0
0
0
1
0
0
0
1
0
0
0
0
0
0
0
0
0
0
1
0
1
0
-1
0
0
-1
0
0
0
-1
0
0
0
-1
0
-1
1
-1
1
0
0
0
0
0
1
0
1
0
0
0
0
0
0
0
0
0
0
0
1
0
0
-1
0
0
0
0
0
0
0
0
0
0
-1
0
0
1
0
0
-1
0
0
0
0
0
0
0
0
-1
0
1
0
0
0
0
1
0
0
0
0
0
-1
0
0
-1
0
0
0
0
0
0
0
0
0
0
0
1
1
1
1
0
0
-1
1
0
0
0
0
0
0
0
0
0
0
0
0
1
0
0
1
0
1
0
0
1
0
0
0
0
1
0
0
-1
0
0
1
1
0
0
-1
0
-1
-1
0
0
0
1
1
0
-1
0
1
0
0
0
0
1
0
1
-1
0
1
0
0
0
-1
0
0
0
1
0
-1
0
-1
-1
0
0
1
0
0
0
1
1
0
0
1
1
-1
0
-1
0
0
0
1
0
0
0
0
-1
0
0
-1
0
0
-1
-1
1
0
0
0
0
-1
0
1
0
0
0
-1
1
0
1
0
1
-1
0
0
0
-1
0
0
0
0
0
0
0
0
0
0
0
0
0
0
0
0
0
1
0
0
0
0
1
0
0
0
0
0
0
0
0
0
0
0
0
0
0
0
0
0
0
0
0
1
0
0
0
0
-1
0
0
1
0
0
0
0
0
-1
0
0
0
0
0
0
-1
0
0
-1
0
0
0
-1
0
0
0
0
-1
0
0
0
0
0
0
0
0
0
0
0
0
0
0
0
-1
0
0
0
-1
0
-1
0
-1
0
0
0
0
1
0
0
0
0
-1
1
0
0
0
0
0
1
0
0
0
0
0
0
1
0
0
0
0
-1
0
-1
0
0
0
0
0
0
0
0
0
0
0
0
0
0
0
0
0
1
0
1
1
0
1
0
0
0
0
0
1
0
1
0
0
0
1
0
0
-1
0
0
1
0
-1
0
0
0
0
-1
-1
1
0
0
1
0
0
1
0
0
0
-1
1
0
0
0
0
0
0
-1
0
0
0
0
0
0
0
0
0
0
0
0
0
0
0
0
0
0
0
0
-1
0
-1
0
-1
0
0
0
0
0
-1
0
-1
1
0
0
0
0
0
-1
0
-1
0
-1
0
0
0
0
-1
0
-1
0
1
0
0
0
0
0
0
1
0
0
0
0
0
0
-1
0
0
0
0
0
0
0
0
1
0
1
1
0
0
0
0
0
0
0
0
0
0
1
0
1
0
0
0
0
0
0
0
1
0
0
0
1
0
1
1
0
0
0
0
-1
0
0
1
0
0
0
0
0
0
0
0
0
0
0
0
0
-1
0
0
0
0
0
0
0
0
0
-1
0
1
0
0
0
0
0
0
0
-1
1
0
0
0
1
0
1
0
0
0
0
0
0
0
-1
0
1
0
0
0
1
0
0
0
0
-1
1
1
0
0
1
0
0
0
0
0
0
0
0
-1
0
0
0
0
1
0
0
0
0
0
0
-1
-1
1
0
0
1
0
0
-1
0
-1
1
0
1
0
0
0
0
1
-1
0
0
0
0
0
0
0
0
0
0
0
0
0
0
-1
0
0
0
0
1
0
0
0
0
0
0
0
0
-1
0
0
0
-1
0
0
1
0
-1
0
0
0
0
1
1
1
0
0
-1
0
0
-1
0
0
0
0
-1
0
0
0
0
0
0
1
0
0
0
0
0
1
0
0
0
0
0
0
0
-1
1
-1
0
-1
0
0
0
0
-1
0
0
0
0
0
0
0
0
0
1
0
0
0
0
0
0
0
0
0
0
0
0
0
0
-1
0
0
0
1
0
0
0
0
-1
0
-1
0
1
0
0
1
0
0
0
0
0
0
0
0
0
0
1
-1
0
-1
0
0
-1
0
0
0
0
-1
0
0
0
0
0
1
0
0
0
0
0
0
0
-1
0
0
0
0
0
0
-1
0
0
0
0
0
0
-1
0
-1
0
0
0
0
1
0
0
0
0
0
0
0
0
0
0
0
0
1
0
0
0
0
1
0
-1
0
1
0
0
0
0
0
0
0
-1
-1
0
0
0
1
0
-1
0
0
-1
0
0
0
-1
0
0
1
0
0
0
0
0
0
1
0
0
0
0
1
0
0
0
1
1
0
0
0
0
0
0
1
0
1
0
0
0
1
0
0
0
-1
1
1
0
-1
0
0
0
0
0
0
0
0
0
0
0
1
0
1
0
0
0
0
0
-1
0
1
0
0
-1
0
-1
0
0
-1
0
0
0
0
0
0
0
0
0
0
0
0
0
0
0
0
0
0
0
0
0
0
0
0
0
0
0
0
0
0
0
0
0
-1
0
0
0
0
0
0
0
-1
0
0
0
0
0
0
0
0
0
0
0
0
0
0
0
0
0
0
0
0
0
0
1
-1
0
0
0
0
0
0
0
1
0
0
0
0
0
-1
0
0
0
0
0
0
0
0
0
0
-1
-1
-1
-1
0
-1
0
0
0
0
0
0
-1
-1
0
-1
0
0
0
-1
0
0
0
0
0
0
0
1
0
0
0
0
0
0
0
0
0
0
1
1
0
0
0
0
0
0
0
0
0
0
0
1
0
0
0
0
0
1
1
0
0
0
0
0
-1
0
0
0
0
0
0
1
0
0
1
0
0
0
1
0
0
1
0
1
1
0
0
0
0
0
0
0
0
0
0
1
0
1
1
-1
0
0
0
0
0
0
0
0
0
0
0
1
0
0
1
0
0
0
1
0
0
0
-1
0
0
0
0
0
0
0
0
0
0
1
0
0
0
-1
-1
0
0
0
0
0
0
0
0
0
0
-1
0
1
0
0
0
0
0
0
0
-1
0
1
0
0
0
0
-1
0
-1
-1
0
0
0
0
1
0
0
0
0
0
0
0
0
1
1
0
1
-1
0
0
0
0
0
0
0
0
0
0
0
0
0
0
0
0
0
0
0
0
0
0
0
0
0
0
0
0
-1
1
0
1
0
0
1
0
0
0
0
0
1
-1
0
0
0
0
0
1
0
0
-1
0
0
0
0
1
0
0
1
-1
-1
0
0
0
0
0
0
0
0
0
0
0
-1
0
0
0
1
0
0
0
0
1
0
-1
-1
0
0
0
-1
0
0
0
0
0
-1
0
0
0
0
-1
0
0
0
0
0
0
0
0
0
0
0
0
0
0
-1
0
0
0
0
0
0
0
0
0
1
0
-1
0
0
0
0
0
0
0
0
0
0
0
0
0
0
0
0
0
0
0
-1
0
0
0
0
0
0
0
0
0
0
0
0
0
1
0
0
0
0
0
0
0
1
0
0
0
1
1
0
0
0
-1
1
1
0
0
0
0
0
0
0
1
0
0
0
1
0
0
0
0
0
-1
0
0
0
0
0
0
0
0
0
0
-1
-1
-1
0
0
0
0
-1
0
0
0
0
0
0
0
0
0
1
0
1
0
0
0
0
0
0
1
-1
0
1
-1
0
0
0
0
0
0
0
-1
0
0
0
-1
0
-1
0
0
0
0
0
-1
0
0
0
0
0
0
-1
0
0
0
0
0
0
0
0
-1
-1
0
0
0
0
0
1
0
0
0
0
0
-1
0
0
0
0
0
0
0
0
0
1
0
1
0
0
1
-1
1
0
0
0
-1
-1
0
0
0
-1
0
-1
0
0
0
-1
0
0
0
0
1
0
0
0
0
0
0
1
0
1
0
0
0
0
0
0
1
0
0
0
1
1
0
0
0
0
0
0
0
0
-1
1
0
0
0
0
0
0
0
1
0
0
-1
0
0
0
-1
-1
0
0
1
0
-1
0
0
0
0
0
0
-1
-1
0
0
-1
1
0
1
0
0
0
0
0
0
1
0
0
0
-1
0
0
0
0
0
1
-1
0
0
0
0
0
0
0
0
0
1
0
0
0
0
0
0
-1
0
0
-1
0
0
-1
0
0
1
1
1
1
1
1
2
1
1
0
1
0
0
-1
-1
0
0
0
1
0
1
1
0
-2
0
-1
0
1
2
1
1
0
-1
-1
-1
0
0
1
1
1
0
-1
0
0
0
0
0
0
0
0
0
0
1
-1
0
0
-1
1
0
0
0
0
0
0
0
0
0
1
1
1
1
0
-1
-1
-1
-1
-1
1
3
5
4
3
0
-4
-8
-8
-6
-4
-1
2
3
2
1
-1
0
1
1
3
3
3
2
0
-2
-3
-1
2
4
7
4
0
-7
-14
-17
-11
-3
8
18
22
19
9
-1
-11
-14
-12
-6
3
9
12
10
3
-3
-10
-11
-11
-4
1
8
12
11
7
2
-6
-9
-11
-9
-9
-6
-1
0
2
4
5
7
7
6
1
-5
-11
-16
-15
-9
4
22
35
39
28
7
-18
-35
-39
-30
-8
15
31
35
25
4
-20
-38
-41
-30
-7
13
26
29
21
11
2
-2
2
7
16
18
12
-1
-18
-27
-29
-19
-1
20
32
31
16
-7
-31
-44
-45
-28
-3
23
41
41
26
-1
-28
-44
-42
-22
8
35
53
54
40
17
-7
-22
-30
-28
-20
-12
-6
-2
0
1
3
4
5
5
-2
-11
-20
-25
-19
-5
16
32
37
26
9
-12
-26
-27
-18
0
21
37
43
36
18
-6
-24
-31
-25
-11
3
8
3
-5
-18
-24
-22
-13
-1
12
20
19
9
-7
-21
-22
-13
7
26
37
37
29
14
2
-7
-11
-9
-7
-5
-6
-9
-10
-8
-1
8
14
11
1
-16
-35
-43
-39
-22
5
32
51
54
37
9
-18
-32
-29
-14
3
13
11
2
-9
-15
-12
1
19
35
45
40
18
-14
-46
-59
-51
-22
14
41
48
33
3
-28
-50
-56
-39
-8
29
57
64
49
17
-17
-39
-42
-27
-9
6
12
12
10
9
7
6
4
2
-2
-9
-18
-29
-34
-24
4
40
69
73
42
-11
-66
-97
-94
-55
4
64
102
106
71
12
-49
-90
-99
-72
-19
38
78
86
67
34
3
-17
-29
-36
-42
-44
-38
-19
11
44
64
65
42
3
-42
-82
-106
-104
-75
-23
40
95
131
132
95
31
-42
-102
-133
-129
-86
-10
76
145
171
144
75
-9
-85
-135
-145
-118
-61
5
61
90
92
70
30
-18
-59
-72
-61
-36
-10
11
28
41
41
31
15
3
-5
-9
-16
-19
-12
9
35
55
61
48
19
-22
-61
-82
-70
-32
12
44
52
35
0
-39
-70
-78
-59
-19
27
62
80
80
56
14
-27
-53
-49
-24
11
42
58
49
16
-23
-52
-58
-35
5
43
62
56
24
-17
-53
-73
-72
-51
-18
17
42
49
33
-2
-39
-60
-54
-29
5
37
65
77
65
30
-15
-53
-76
-72
-36
28
96
138
135
80
-14
-114
-179
-181
-117
-11
96
163
159
84
-30
-134
-187
-168
-86
26
128
183
175
111
19
-65
-110
-102
-49
16
61
66
42
3
-32
-47
-39
-19
-2
4
-1
-10
-18
-15
3
27
40
35
16
-12
-48
-78
-75
-38
17
64
88
79
35
-19
-51
-47
-16
30
73
95
77
22
-43
-94
-116
-105
-61
5
70
106
105
72
17
-44
-92
-111
-96
-52
4
47
63
56
35
12
-8
-19
-18
-4
13
33
53
63
55
33
1
-31
-58
-72
-64
-45
-27
-18
-16
-15
-12
3
37
69
72
41
-4
-36
-47
-39
-11
27
56
66
51
13
-38
-87
-111
-101
-69
-18
43
98
120
91
25
-42
-72
-59
-12
48
98
113
76
-6
-104
-172
-175
-113
-14
74
119
117
80
30
-18
-46
-45
-19
8
23
24
14
1
-10
-8
17
58
89
86
40
-37
-118
-172
-170
-112
-14
84
149
161
125
50
-28
-82
-99
-85
-50
-10
23
44
57
67
63
29
-30
-90
-119
-111
-77
-31
13
46
56
46
22
5
8
36
76
101
97
66
19
-34
-83
-114
-114
-83
-35
11
41
59
66
60
30
-19
-68
-83
-54
2
54
78
61
22
-18
-39
-37
-25
-6
19
41
55
54
37
3
-48
-97
-117
-86
-12
77
150
168
118
21
-83
-159
-194
-188
-136
-57
29
101
142
137
94
37
2
-10
-17
-27
-25
-7
14
12
-18
-54
-73
-55
2
71
109
89
15
-82
-156
-165
-99
13
117
168
154
83
-18
-115
-163
-139
-49
67
154
175
130
49
-28
-67
-53
4
85
143
155
108
21
-64
-117
-130
-113
-86
-55
-28
-4
6
7
6
9
8
2
-20
-49
-62
-49
-19
9
33
60
85
83
36
-47
-118
-134
-91
-27
16
29
32
47
63
52
6
-54
-98
-108
-82
-28
35
87
103
75
9
-64
-105
-83
-5
94
177
221
216
159
51
-84
-195
-241
-199
-87
44
144
177
136
50
-44
-111
-140
-117
-44
56
135
157
114
30
-49
-103
-127
-125
-101
-49
18
71
89
74
43
18
2
-18
-32
-33
-14
11
23
10
-12
-31
-32
-26
-32
-52
-77
-91
-81
-40
27
99
145
147
106
49
9
-3
9
17
3
-26
-62
-89
-103
-92
-46
17
62
66
30
-22
-66
-80
-55
-2
56
95
99
65
7
-39
-43
-11
22
37
33
25
21
18
16
14
14
25
50
80
94
74
23
-52
-128
-181
-184
-135
-59
9
49
63
51
27
-11
-47
-66
-52
-8
48
90
100
83
51
14
-22
-47
-52
-33
1
29
28
0
-35
-48
-35
-6
23
43
54
46
17
-27
-70
-95
-91
-59
-16
27
52
53
35
4
-30
-47
-28
23
73
86
58
14
-13
-13
6
26
40
51
54
50
24
-26
-80
-111
-100
-58
-16
11
24
32
40
43
31
1
-36
-65
-71
-44
0
47
78
84
61
26
-5
-18
-16
-8
1
13
24
23
9
-13
-33
-47
-49
-38
-15
5
14
13
5
-8
-17
-14
-3
4
0
-11
-18
-17
-10
-2
0
1
9
28
42
35
9
-12
-18
-20
-23
-23
-12
5
25
42
52
49
28
-6
-40
-60
-56
-29
6
25
27
17
10
3
-3
-2
8
21
28
25
14
5
-3
-5
-4
4
13
18
11
-2
-10
-10
1
18
26
19
-3
-28
-42
-38
-20
0
10
5
-4
-8
-5
-4
-12
-18
-18
-14
-15
-24
-31
-29
-18
-7
-2
2
12
30
43
38
13
-20
-37
-28
1
32
53
63
60
44
18
-8
-30
-46
-50
-40
-22
-1
16
21
16
2
-11
-16
-4
17
34
36
24
6
-6
-9
-3
7
15
19
17
15
12
2
-17
-39
-50
-41
-16
9
22
15
-7
-30
-39
-29
0
30
43
35
13
-6
-18
-30
-39
-44
-31
-7
18
32
33
32
32
31
24
8
-13
-33
-37
-29
-14
1
13
19
16
3
-12
-22
-20
-10
0
4
0
-5
-8
-9
-12
-16
-14
3
31
58
64
51
24
0
-12
-12
-13
-17
-22
-22
-13
-3
2
0
0
2
6
9
5
-7
-18
-14
4
21
25
17
9
5
1
-1
-8
-14
-14
-10
-1
10
22
29
23
3
-16
-21
-10
-1
5
2
5
3
-11
-34
-55
-59
-44
-22
-6
1
10
23
36
34
17
-1
-10
-7
1
13
22
24
18
8
-3
-15
-28
-35
-29
-7
18
36
37
20
2
-8
-10
-11
-13
-15
-8
3
14
16
10
4
0
3
13
23
23
10
-7
-16
-16
-12
-11
-13
-8
14
42
56
39
3
-27
-45
-49
-50
-44
-22
12
40
47
41
30
13
-11
-38
-52
-45
-18
8
16
5
-7
-8
2
12
14
6
-6
-9
3
18
23
14
-7
-24
-25
-12
0
2
-4
-6
-1
11
19
16
6
-2
-3
2
6
2
-4
-6
-7
-13
-16
-13
0
16
21
18
13
11
7
-1
-9
-4
17
33
32
16
-1
-5
2
9
10
1
-5
-8
-8
-9
-14
-18
-19
-16
-9
0
9
11
-1
-18
-34
-31
-15
-1
7
11
14
13
8
3
3
7
8
1
-10
-15
-12
-4
-1
-7
-14
-15
-9
-3
3
4
4
2
-1
-5
-6
-4
8
25
39
41
28
10
-3
-13
-18
-17
-9
2
13
18
15
8
2
-1
1
7
12
14
8
-4
-20
-27
-22
-11
0
6
7
4
1
1
4
7
6
0
-7
-11
-12
-6
1
4
5
8
10
3
-9
-17
-15
-8
-2
-1
-4
-6
-3
0
2
5
7
8
6
0
-7
-10
-6
3
8
9
6
3
3
4
4
-2
-7
-9
-7
2
9
12
7
3
0
-3
-6
-11
-15
-14
-3
9
13
9
1
-6
-9
-6
-2
1
9
16
20
21
10
-1
-11
-15
-9
-2
3
5
3
1
-2
-4
-8
-9
-6
3
10
8
0
-11
-17
-13
-4
4
8
10
9
5
-2
-9
-13
-9
0
7
10
9
4
4
5
5
2
0
1
1
1
1
1
1
3
4
0
-7
-12
-10
-6
3
8
7
1
-9
-17
-15
-8
3
12
14
10
6
5
6
8
7
0
-7
-11
-13
-10
-4
3
8
11
8
1
-9
-15
-17
-12
-6
-1
2
2
2
3
3
6
10
11
10
7
3
-2
-4
-3
-4
-2
1
5
10
12
10
7
4
0
-1
-5
-5
-5
-2
1
2
2
0
-2
-3
-6
-9
-9
-5
-1
0
-2
-3
0
6
13
17
15
8
0
-4
-5
-5
-3
-4
-2
-2
0
0
0
-1
-1
0
2
3
3
-1
-5
-9
-10
-5
0
3
4
1
1
1
2
-2
-4
-5
0
5
9
11
9
5
4
3
2
2
1
0
-2
-5
-5
-3
2
7
7
3
-1
-5
-5
-3
-4
-4
-2
-2
1
1
-1
-2
-4
-3
0
2
2
1
-1
-4
-3
-3
1
1
4
5
5
6
4
2
0
-2
-3
-4
-5
-4
-2
-1
0
0
1
1
0
1
-1
-3
-4
-3
0
2
5
4
1
1
2
4
7
7
4
0
-4
-5
-4
0
3
4
1
-2
-4
-5
-1
0
1
0
0
1
1
2
2
0
-2
-2
0
5
5
3
-4
-5
-5
-6
-2
4
8
7
0
-4
-1
4
6
4
1
0
-2
-3
-5
-5
-2
-1
0
0
-1
-1
0
1
0
-2
-3
-4
-3
1
7
10
13
14
11
6
-1
-9
-13
-15
-10
0
10
15
15
8
1
-5
-6
-3
0
2
2
0
-1
-3
-2
1
4
4
1
-5
-9
-11
-7
-2
2
4
6
8
8
5
2
-2
-4
-1
3
4
2
-1
-5
-5
-3
1
4
6
6
6
4
2
-1
-5
-8
-8
-4
1
5
5
1
0
-2
-1
2
3
2
0
-2
-3
-3
-2
-1
5
7
8
4
1
-3
-5
-3
-3
-2
0
1
2
1
-1
-2
-1
2
1
0
-4
-6
-5
0
8
11
8
1
-6
-8
-4
0
2
2
0
-1
2
4
2
-1
-2
-2
-1
-1
-3
-2
-3
2
6
6
5
3
0
-2
-6
-7
-7
-5
-2
0
3
7
8
8
7
4
0
-3
-4
1
3
3
1
0
-1
1
1
1
-2
-3
-4
-2
1
1
-1
-2
-2
0
2
2
0
0
-1
1
2
3
3
1
-4
-6
-7
-3
2
6
7
5
3
2
0
0
-3
-4
-3
-1
-1
-2
-4
0
4
6
4
1
0
2
3
0
1
1
1
-1
-3
-1
1
1
1
1
2
1
1
-1
-4
-5
-2
1
2
1
2
5
5
2
1
1
1
-1
-7
-9
-5
-2
0
2
1
1
2
0
0
-1
-1
-1
-2
-2
-1
2
5
7
7
4
3
1
0
-1
-3
-2
-1
1
2
4
4
2
3
2
0
0
0
0
-1
-3
-4
-2
0
0
-5
-6
-4
0
2
-1
0
3
4
3
2
2
2
0
-1
-2
-2
-2
-2
-2
0
1
0
-1
-1
-2
0
0
2
0
-2
-2
1
6
7
6
3
1
0
0
-1
-1
-3
-3
0
2
5
3
1
0
-1
-2
1
2
4
4
3
-1
-5
-5
-5
-2
1
3
2
-2
-3
-2
-1
2
3
5
3
0
0
1
1
1
0
-4
-4
-3
-2
-1
0
-2
0
2
1
1
1
-1
-2
1
8
11
8
3
0
-2
-4
-9
-10
-5
2
5
6
6
4
1
0
-1
-5
-5
-3
2
2
1
-2
1
2
0
-3
-3
-2
0
2
5
4
2
-2
-2
0
3
5
8
8
6
3
-2
-6
-9
-8
-4
2
4
3
0
-2
-1
2
3
3
1
0
0
3
1
-2
-4
-3
1
5
6
3
2
-1
-1
0
-1
-2
-4
0
4
7
5
1
-1
-3
-4
-4
-2
1
2
2
1
1
0
2
4
4
2
-4
-7
-8
-3
1
6
7
7
3
0
-3
-5
-3
3
10
13
10
-2
-15
-21
-19
-13
-1
10
15
13
8
2
-1
-5
-6
-9
-7
-4
7
12
10
5
3
5
5
-3
-10
-13
-8
0
2
-4
-9
-5
9
22
21
9
-1
-3
0
0
-2
-5
-4
0
5
6
4
0
-1
-2
-6
-11
-15
-12
-8
-2
-1
-1
-3
-2
2
5
9
13
20
20
9
-12
-28
-27
-13
4
16
18
14
6
-1
-5
-9
-7
-5
-3
4
12
16
11
-1
-9
-5
5
7
-1
-8
-5
4
9
6
-3
-6
-4
3
6
8
6
2
-2
-4
-8
-13
-13
-3
10
14
7
-3
-6
-2
2
7
3
-9
-22
-27
-22
-13
-5
5
12
20
22
24
13
-13
-38
-32
1
29
41
30
11
-18
-30
-24
1
29
38
33
-19
-33
-16
-2
31
18
41
-21
12
-1
-8
1
-17
-22
-35
20
-79
143
-70
72
17
-68
65
-82
43
-12
-11
14
3
-23
-6
-20
-44
0
-10
51
28
18
16
-18
-15
-15
-36
2
-29
3
18
10
16
4
2
7
14
16
8
-21
-17
3
7
34
30
-5
5
13
-7
4
-14
-17
8
-9
-4
-4
-19
-10
24
12
19
16
-26
-3
-28
-32
-1
-14
20
20
15
19
5
-1
-10
-17
-21
-8
-2
1
6
3
13
17
8
1
-11
-9
-2
-1
13
11
8
2
-24
-23
-19
-8
21
19
24
18
-7
-6
-16
-19
1
3
6
26
21
17
28
-3
-18
-12
-29
-7
1
-5
14
7
6
8
-6
2
7
9
16
1
-11
-19
-26
-15
-11
-8
-5
-18
-8
-2
1
26
20
12
8
-16
-13
7
7
19
18
-6
4
-1
-11
-3
-18
-7
10
10
8
1
-2
7
10
9
4
-3
-5
-5
-2
1
-3
-5
-10
-12
-9
-2
4
6
3
1
4
6
6
3
3
4
9
13
14
8
0
-9
-12
-12
-9
-5
-2
-1
-2
-2
1
5
9
8
4
-2
-4
-3
0
2
0
1
2
2
3
0
-3
-3
0
2
3
-3
-9
-15
-15
-9
2
11
17
15
10
2
-3
-4
-3
1
1
2
3
4
4
2
-6
-12
-12
-9
-3
2
4
7
10
12
16
13
8
1
-7
-14
-17
-16
-9
-2
6
11
11
6
-1
-9
-13
-13
-9
-4
1
5
7
7
7
9
9
7
2
-5
-11
-11
-7
-1
2
1
-1
-2
-3
0
-1
-1
-3
-2
0
2
2
-1
-2
-4
-3
-4
-2
-2
-2
-1
2
9
13
14
8
-3
-9
-6
5
17
22
17
7
0
-2
-2
-3
-6
-7
-3
0
1
-3
-6
-6
-2
4
9
6
1
-7
-14
-17
-16
-13
-8
-2
7
14
18
18
14
6
2
0
0
1
0
-2
-4
-4
0
2
5
4
0
-8
-10
-8
-3
3
5
5
4
5
4
0
-9
-13
-11
-3
4
6
3
-1
-5
-6
-8
-7
-2
5
14
17
12
4
-1
-3
-1
0
0
1
4
5
2
-4
-8
-9
-5
1
7
8
11
8
6
2
1
0
1
2
5
6
4
-2
-7
-9
-8
-5
-3
0
9
16
16
7
-2
-6
-5
-4
0
-1
-4
-4
0
2
1
-2
-3
-4
-6
-9
-9
-6
-1
1
3
6
8
4
0
-3
-3
-1
4
6
6
4
-3
-6
-5
-3
1
2
2
0
3
4
7
6
4
2
-1
-1
-3
-2
-5
-6
-2
6
10
7
4
2
2
1
0
0
2
2
3
2
0
0
0
-2
-2
-2
0
1
0
-2
-4
-6
-4
-1
0
-1
0
0
1
0
-1
-1
-4
-6
-4
1
6
9
8
5
1
-1
-1
-1
0
1
0
-1
-2
-1
-2
-5
-6
-7
-4
1
5
10
13
9
2
-6
-11
-9
-3
4
7
8
9
9
9
-1
-13
-24
-22
-7
14
31
35
29
15
0
-11
-14
-10
-1
11
18
20
11
-3
-17
-27
-27
-18
-6
6
12
12
7
1
-5
-10
-14
-12
-7
2
10
9
3
-4
-9
-8
-2
1
2
1
-2
-4
-5
-8
-9
-6
-1
5
7
3
-5
-12
-12
-3
8
20
23
19
7
-7
-16
-22
-22
-16
-6
6
15
17
14
8
0
-8
-12
-8
2
14
25
29
25
17
7
-2
-8
-11
-12
-10
-3
3
8
6
-1
-11
-16
-12
-6
1
3
-1
-4
-2
-2
0
0
1
6
14
20
18
10
-1
-11
-15
-11
-4
6
14
16
13
5
-3
-7
-9
-13
-13
-10
-5
1
3
0
-7
-10
-8
-6
-7
-8
-9
-6
0
3
3
4
5
7
6
5
5
10
16
21
16
4
-10
-18
-16
-11
-4
1
6
8
5
0
-7
-12
-13
-8
2
12
18
16
9
-1
-12
-16
-15
-6
8
23
30
28
17
0
-9
-10
-3
7
17
18
12
1
-9
-16
-17
-17
-12
-5
0
5
5
3
-2
-6
-11
-15
-17
-17
-11
-4
-1
2
2
6
9
12
7
-3
-10
-12
-9
-3
5
13
19
20
13
0
-10
-14
-12
-8
-1
9
18
19
9
-5
-13
-13
-10
-5
0
5
7
3
-5
-7
-4
1
5
7
12
16
16
12
9
10
14
16
11
-2
-14
-21
-21
-16
-7
5
17
20
13
1
-11
-18
-23
-23
-17
-3
10
15
9
-2
-10
-17
-17
-16
-13
-5
6
14
14
10
7
8
9
7
3
0
-2
-8
-19
-23
-16
1
15
23
23
17
4
-11
-22
-23
-17
-9
0
9
18
26
28
18
-4
-28
-40
-39
-22
1
26
44
48
34
9
-13
-27
-30
-26
-13
0
12
18
14
5
-5
-12
-15
-13
-7
4
13
16
14
7
-1
-5
-6
-4
-2
1
4
6
4
-5
-12
-13
-5
8
19
19
11
2
-2
-3
-3
-6
-10
-14
-15
-12
-7
-3
0
-3
-5
-2
7
20
26
21
4
-14
-19
-13
2
16
21
21
18
15
13
10
9
10
10
9
4
-5
-11
-14
-15
-10
-5
0
4
4
-1
-11
-21
-27
-28
-22
-12
-4
3
6
3
-4
-11
-13
-13
-6
3
8
10
8
3
2
4
5
3
0
0
3
9
10
7
4
3
6
8
2
-8
-15
-13
-4
7
15
18
17
14
14
12
7
2
1
3
5
5
2
-2
-3
-3
-5
-5
-3
0
1
1
-5
-9
-8
-1
9
15
14
6
-2
-8
-12
-20
-31
-35
-28
-15
-7
-6
-5
-4
2
5
10
15
17
15
8
-2
-11
-15
-10
1
9
9
5
2
0
-3
-6
-7
-3
7
16
20
13
-2
-17
-23
-21
-7
9
25
32
30
20
7
1
1
5
9
15
18
20
14
4
-7
-17
-20
-15
2
21
34
34
22
5
-10
-22
-27
-20
-11
3
12
10
-1
-14
-23
-28
-32
-37
-39
-32
-18
-4
7
14
15
11
1
-7
-10
-10
-10
-9
-7
-2
5
10
13
10
4
-4
-10
-12
-10
-6
3
12
17
17
11
7
4
7
13
19
23
23
22
19
16
14
12
12
10
3
-6
-16
-20
-17
-8
3
13
19
21
18
8
-5
-14
-18
-14
-5
5
12
11
4
-8
-19
-27
-31
-30
-26
-20
-15
-12
-9
-8
-6
-1
4
8
10
9
8
5
2
1
1
3
6
5
0
-10
-17
-18
-12
-3
5
10
11
4
-3
-10
-11
-7
1
11
17
19
22
21
18
15
10
7
5
1
-6
-13
-20
-16
-4
10
18
21
21
20
19
15
8
-1
-6
-4
4
13
18
16
8
-2
-14
-24
-30
-32
-31
-26
-18
-11
-5
-5
-10
-16
-17
-14
-7
2
8
12
12
12
8
3
-6
-17
-26
-31
-30
-25
-12
4
17
28
32
28
18
5
-2
-3
0
6
8
5
0
1
4
13
23
29
30
25
12
-3
-20
-31
-32
-19
2
24
40
43
35
20
4
-9
-18
-23
-22
-16
-3
10
18
18
9
-5
-21
-31
-34
-30
-24
-18
-10
-1
10
22
27
26
15
0
-15
-24
-27
-20
-10
1
11
13
14
7
0
-6
-7
-2
6
8
4
-6
-16
-25
-26
-24
-17
-6
9
21
28
28
24
17
14
11
7
-1
-11
-17
-21
-15
-3
13
27
35
32
21
9
-2
-5
-4
1
2
2
2
1
-1
-5
-8
-9
-8
-7
-5
-9
-14
-19
-20
-15
-6
4
15
17
15
7
-2
-10
-14
-12
-5
4
11
13
11
7
3
-5
-13
-18
-17
-10
0
9
15
14
10
10
9
11
8
4
-3
-8
-10
-8
-4
-4
-6
-9
-12
-9
-4
3
10
11
9
1
-3
-3
-1
1
0
-2
-2
2
9
15
12
4
-4
-9
-6
1
6
8
3
-5
-9
-8
-3
4
9
12
13
13
10
6
2
0
-2
-3
-4
0
1
3
2
-3
-9
-12
-12
-7
-4
0
-1
-1
-2
2
1
1
-1
-2
-5
-4
-3
1
5
5
3
0
-4
-9
-11
-8
-1
6
11
19
25
24
13
-2
-12
-15
-15
-12
-10
-6
-5
-6
-3
0
5
9
10
9
8
6
2
-2
-4
-4
-2
-1
0
0
2
1
0
-2
-3
-2
1
5
8
7
6
3
3
5
6
5
5
1
-2
-4
-6
-7
-7
-7
-2
2
6
4
0
-6
-10
-11
-8
-5
-1
1
1
1
0
0
2
1
-1
-2
-3
-1
1
2
1
0
0
3
8
11
12
11
8
6
3
2
-2
-2
-2
-1
2
2
2
3
2
1
0
1
-1
-1
1
1
1
1
0
1
0
0
-2
-3
-4
-5
-5
-5
-7
-5
-6
-5
-4
-2
0
2
3
2
2
1
-1
-3
-3
-3
0
3
8
11
14
11
6
3
-2
-3
-3
-2
0
0
3
5
7
8
5
5
2
0
-1
0
0
-1
-1
-2
-4
-4
-6
-3
-2
1
5
4
2
-1
-4
-6
-7
-8
-7
-5
-1
2
3
3
-1
-2
-5
-6
-4
-1
2
5
6
6
4
-1
-3
-4
-4
-2
1
2
2
1
1
1
3
4
7
7
7
6
3
-1
-2
-5
-5
-2
0
3
4
5
3
0
-2
-3
-4
-1
0
1
1
2
2
2
0
-2
-4
-5
-5
-2
-1
2
2
1
1
2
2
2
-1
-3
-2
0
3
6
6
5
3
3
2
1
0
1
2
1
2
2
2
0
0
-1
-2
-2
-1
-1
-1
0
0
-1
0
0
0
-1
-3
-3
-4
-4
-4
-2
-2
-1
0
-1
-1
-3
-3
-3
-2
1
3
2
3
2
1
3
3
3
3
1
-1
-1
-1
-2
-1
2
5
9
13
14
10
4
-4
-8
-8
-3
3
10
14
13
9
4
0
-1
-1
0
0
0
1
4
3
2
-2
-6
-9
-8
-4
-2
-1
0
-1
-2
-4
-7
-10
-10
-9
-6
-2
1
1
-1
-5
-6
-4
2
5
8
5
3
0
-1
-1
-1
-2
-2
-1
1
3
1
-1
-1
0
3
5
6
5
1
-3
-1
0
1
3
3
4
5
6
4
4
1
-2
-3
-1
-1
-1
0
1
3
4
8
8
5
2
-1
-3
-2
-1
1
4
6
8
8
6
4
1
-2
-3
-5
-5
-5
-4
-3
-2
-2
-1
0
-2
-2
-2
-4
-5
-4
-4
-2
-1
-2
-1
0
-1
1
-1
-2
-2
-1
2
3
2
-1
-5
-5
-3
2
7
8
8
5
3
0
1
0
1
2
4
6
7
8
9
8
6
4
1
0
-2
-1
-2
0
2
4
6
6
4
1
-2
-2
-1
-4
-7
-10
-11
-9
-5
-2
0
0
0
1
2
1
1
1
1
2
2
1
-2
-4
-6
-3
0
3
1
-1
-2
-1
1
2
3
4
4
5
5
5
4
1
-3
-5
-5
-4
-1
1
2
2
1
1
0
-2
-3
-4
-2
3
7
7
5
-1
-4
-6
-7
-3
2
4
7
8
8
4
-2
-7
-10
-7
-3
1
4
6
5
5
3
-1
-5
-8
-7
-3
3
10
11
9
5
1
-2
-1
0
2
3
1
-1
-3
-3
-1
1
1
2
2
0
0
-3
-3
-2
-2
-1
0
-1
-1
-1
-2
0
-1
0
1
0
0
-1
0
1
2
3
5
5
4
4
1
1
0
-3
-5
-7
-7
-6
-2
0
1
2
2
2
2
1
0
-1
-1
-1
0
0
0
0
0
1
1
-1
-3
-3
-3
-1
2
4
4
4
3
2
0
-2
-3
-1
3
5
5
2
-3
-5
-4
-1
3
6
6
5
2
-1
-3
-5
-5
-4
-2
1
3
2
2
1
-2
-2
-2
-2
0
0
2
0
-1
-1
2
4
5
2
0
-2
-3
-3
-3
-4
-5
-5
0
3
3
6
4
-1
1
-2
-2
2
0
-1
1
-2
-1
1
-1
-1
-1
-1
-1
0
2
2
2
1
0
0
2
5
4
3
1
-1
1
1
1
0
-2
-2
-1
1
3
1
1
1
-2
-1
0
-2
1
1
0
2
0
-2
1
2
0
1
-1
-1
-1
-7
-2
0
-2
3
-3
-5
0
-4
0
3
3
3
2
-1
-2
-2
-5
-4
1
3
3
2
2
4
5
-1
3
4
5
3
0
0
-4
3
-5
-4
2
-7
7
0
-2
2
4
-6
-1
5
-21
20
2
-12
24
0
-25
75
-68
-38
104
-157
128
-34
-68
146
-138
36
9
-38
36
-1
-8
13
35
-81
44
-17
-12
29
-28
32
6
4
-16
16
14
-7
14
1
9
18
-16
8
6
-7
-15
0
-14
6
5
-12
14
-9
-16
5
-18
3
2
1
14
6
6
-7
2
-18
-18
4
-29
17
0
-10
36
-17
15
9
-18
15
-5
4
10
-1
-2
0
-9
-2
10
-7
14
3
-5
11
-10
3
9
-4
12
-1
-10
0
-10
3
11
-9
8
9
-12
8
-9
-7
18
-23
-1
18
-12
22
-4
-15
15
-25
-6
14
-13
4
0
-10
17
-2
-10
17
-6
4
11
-5
15
-3
-16
-3
-5
0
9
4
6
7
-2
-1
-4
-9
-6
-6
2
8
11
15
10
6
-3
-10
-6
-5
-3
-2
-3
-1
1
0
-1
2
-2
-2
1
1
5
1
2
2
1
4
-2
6
-1
-6
-2
-11
-2
-2
-5
6
6
10
15
8
3
0
-6
-2
2
4
7
5
0
-3
-4
-8
-4
-3
-5
4
1
-2
3
-7
-6
-2
-5
1
6
4
6
7
3
3
3
-4
-6
-7
-8
-5
2
7
11
11
7
1
-3
-7
-7
-6
-4
-3
-3
-3
-1
4
7
7
5
1
-3
-6
-7
-6
-5
-2
2
6
10
12
10
6
3
1
2
1
0
-2
-2
-3
-2
0
0
-1
-2
-2
-2
0
2
3
3
3
1
-1
-2
-1
1
3
1
0
-2
0
2
5
8
10
9
6
3
0
0
0
3
4
6
7
10
10
8
8
4
3
2
3
7
10
11
8
3
-2
-4
-4
0
4
7
7
5
0
-2
-3
-3
-4
-5
-5
-4
-1
0
-1
-5
-12
-16
-16
-12
-9
-8
-10
-12
-11
-7
-3
0
2
2
1
-1
-4
-9
-13
-15
-16
-13
-7
-3
0
1
3
4
4
2
-2
-5
-3
-1
4
8
9
9
10
10
13
14
11
11
10
9
11
12
10
10
11
12
16
17
16
11
7
3
1
3
4
4
3
0
1
1
1
-1
-2
-2
-2
-2
-6
-12
-14
-11
-7
-8
-7
-8
-10
-12
-15
-19
-20
-20
-17
-14
-14
-15
-15
-12
-11
-9
-9
-10
-10
-9
-8
-7
-9
-9
-11
-8
-5
-3
-2
-2
-4
-5
-4
-3
-1
1
3
6
10
11
11
14
16
15
12
16
28
40
47
46
42
36
28
27
31
40
49
53
53
47
40
33
27
23
21
19
20
20
17
10
3
-3
-10
-14
-17
-19
-20
-20
-22
-25
-28
-33
-39
-45
-52
-56
-58
-56
-53
-49
-45
-42
-40
-40
-39
-42
-45
-48
-48
-47
-44
-40
-38
-38
-36
-36
-33
-29
-24
-21
-16
-13
-7
-4
-1
6
15
24
33
38
38
35
31
33
38
45
53
61
65
70
73
76
77
77
77
74
73
69
65
60
56
54
51
49
47
40
33
26
21
13
8
2
-4
-10
-13
-16
-17
-19
-21
-25
-33
-40
-42
-42
-41
-41
-43
-48
-52
-55
-58
-62
-69
-75
-79
-79
-79
-82
-90
-103
-116
-124
-126
-128
-131
-132
-132
-130
-122
-118
-115
-117
-120
-116
-107
-96
-88
-79
-68
-50
-23
4
25
37
45
58
79
103
122
133
139
144
150
164
181
195
204
209
214
213
210
209
207
211
211
210
212
206
199
195
189
182
177
169
163
154
137
127
118
105
93
76
61
47
35
32
32
25
10
-16
-39
-56
-66
-71
-81
-94
-111
-130
-143
-159
-183
-212
-245
-269
-286
-312
-337
-365
-399
-423
-447
-461
-458
-462
-469
-474
-487
-501
-502
-486
-451
-412
-387
-367
-339
-302
-250
-191
-138
-97
-58
-11
48
113
171
221
264
310
361
416
465
505
533
556
577
592
601
602
599
599
596
588
572
548
522
502
483
462
431
388
345
314
296
283
264
232
191
146
112
95
90
81
65
46
26
10
-2
-7
-10
-11
-13
-15
-20
-35
-63
-95
-119
-139
-160
-182
-212
-258
-313
-364
-413
-469
-531
-593
-648
-695
-741
-783
-833
-892
-942
-964
-953
-931
-914
-903
-889
-861
-811
-735
-647
-560
-481
-397
-301
-201
-105
-9
88
188
291
398
503
594
671
736
793
842
888
933
980
1014
1021
1007
983
960
932
892
835
764
691
623
564
505
432
335
227
137
77
40
4
-33
-82
-137
-184
-214
-225
-228
-229
-220
-200
-179
-162
-138
-105
-68
-31
6
41
78
116
154
189
210
213
200
184
166
140
106
62
8
-56
-131
-214
-303
-398
-498
-596
-689
-779
-872
-963
-1041
-1097
-1143
-1183
-1216
-1235
-1235
-1202
-1139
-1061
-983
-908
-820
-705
-572
-434
-297
-170
-44
87
226
365
488
597
697
797
894
980
1055
1124
1183
1228
1256
1263
1250
1220
1185
1141
1082
1005
919
830
744
657
564
461
345
227
117
20
-73
-166
-255
-330
-396
-450
-491
-520
-540
-545
-537
-521
-503
-484
-454
-413
-369
-316
-252
-175
-99
-32
22
72
113
160
211
260
292
310
324
343
365
388
412
431
432
417
395
373
348
310
265
221
182
154
129
92
31
-53
-150
-239
-326
-410
-497
-593
-699
-801
-883
-939
-983
-1031
-1091
-1147
-1190
-1205
-1204
-1192
-1177
-1153
-1105
-1031
-943
-853
-766
-673
-560
-429
-290
-159
-41
64
165
279
408
540
657
747
820
882
934
979
1021
1064
1095
1116
1128
1121
1092
1054
1021
987
938
874
806
735
651
547
435
320
205
103
24
-34
-93
-158
-221
-276
-325
-365
-383
-378
-371
-366
-356
-339
-316
-291
-251
-198
-136
-75
-11
59
125
187
247
301
343
377
413
454
492
517
526
512
483
442
404
369
323
253
158
49
-56
-156
-259
-373
-501
-642
-790
-927
-1037
-1125
-1211
-1299
-1374
-1433
-1477
-1502
-1498
-1457
-1388
-1293
-1179
-1058
-942
-820
-678
-518
-359
-206
-46
122
292
460
624
772
891
987
1077
1160
1221
1259
1290
1319
1334
1333
1318
1285
1226
1145
1063
985
900
806
711
617
514
395
263
126
-12
-145
-262
-363
-459
-551
-634
-702
-763
-817
-859
-887
-897
-890
-862
-822
-776
-730
-674
-607
-529
-447
-360
-271
-186
-105
-23
62
148
228
299
361
426
485
540
583
619
647
667
680
683
676
663
648
631
608
575
531
484
439
391
350
306
259
195
126
66
23
-5
-26
-49
-80
-118
-160
-195
-220
-241
-257
-262
-262
-267
-281
-301
-326
-357
-396
-440
-485
-534
-580
-623
-664
-705
-751
-797
-842
-884
-915
-931
-933
-930
-927
-919
-901
-877
-843
-797
-734
-650
-552
-449
-345
-252
-167
-83
13
124
249
374
486
580
663
742
820
897
964
1017
1056
1088
1115
1140
1153
1151
1134
1099
1060
1020
979
930
865
780
686
582
483
388
299
214
134
68
17
-26
-59
-93
-131
-178
-227
-258
-259
-238
-200
-163
-132
-108
-78
-32
25
73
108
137
168
202
229
249
259
256
241
221
191
141
75
6
-66
-145
-241
-360
-491
-619
-735
-842
-948
-1062
-1196
-1329
-1431
-1499
-1557
-1616
-1665
-1692
-1680
-1606
-1465
-1300
-1150
-1021
-893
-751
-602
-443
-262
-67
121
301
489
683
862
1011
1131
1225
1288
1343
1419
1523
1626
1690
1712
1688
1619
1518
1419
1336
1252
1162
1071
969
839
678
489
283
70
-142
-333
-495
-628
-749
-856
-934
-995
-1063
-1146
-1227
-1283
-1304
-1285
-1217
-1109
-982
-857
-730
-605
-495
-401
-316
-234
-157
-71
41
187
347
497
619
702
742
757
771
799
836
880
919
940
932
903
867
827
770
695
620
553
500
452
417
393
369
328
264
176
84
1
-54
-79
-82
-72
-72
-85
-115
-154
-196
-232
-261
-285
-304
-311
-305
-299
-313
-354
-412
-477
-543
-606
-662
-708
-741
-777
-826
-890
-956
-1010
-1038
-1060
-1089
-1117
-1128
-1115
-1082
-1033
-966
-890
-818
-754
-686
-596
-474
-325
-168
-17
118
230
318
382
428
477
549
647
746
829
888
936
974
1001
1010
1007
997
979
946
893
819
733
644
567
512
492
502
523
525
483
398
297
203
134
87
66
72
96
114
111
86
42
-7
-48
-65
-53
-26
1
23
35
45
62
91
124
151
169
182
193
197
191
181
185
198
217
236
255
274
285
283
267
252
246
244
239
214
158
72
-14
-73
-105
-122
-138
-180
-273
-408
-555
-681
-774
-851
-922
-1005
-1112
-1232
-1333
-1409
-1482
-1569
-1666
-1746
-1768
-1695
-1525
-1300
-1088
-939
-854
-785
-685
-545
-369
-169
29
210
381
555
717
840
920
975
1012
1034
1055
1115
1210
1306
1369
1387
1352
1259
1134
1030
972
954
953
947
917
845
733
601
448
264
60
-127
-271
-363
-408
-415
-423
-473
-581
-721
-847
-922
-924
-853
-742
-632
-535
-448
-364
-297
-246
-201
-146
-78
0
93
200
319
442
559
648
697
708
691
672
668
675
685
694
699
678
628
571
517
460
393
327
265
203
153
123
93
42
-25
-100
-171
-217
-212
-163
-100
-62
-70
-119
-178
-227
-245
-243
-226
-212
-210
-228
-261
-300
-340
-382
-434
-509
-606
-713
-813
-900
-977
-1050
-1121
-1208
-1319
-1436
-1516
-1507
-1396
-1207
-990
-805
-677
-600
-540
-477
-399
-301
-178
-40
96
232
369
497
592
639
648
640
637
672
770
917
1066
1165
1195
1161
1086
1013
974
973
981
981
965
927
865
772
652
503
332
162
26
-62
-114
-145
-168
-188
-217
-267
-336
-419
-492
-531
-515
-447
-352
-250
-156
-83
-40
-24
-26
-25
-11
23
86
174
284
394
481
531
539
509
458
414
397
415
460
520
569
584
548
470
378
303
258
240
251
274
290
292
266
212
124
20
-75
-140
-179
-203
-225
-256
-307
-375
-446
-521
-611
-727
-864
-1006
-1137
-1252
-1355
-1458
-1577
-1715
-1873
-2043
-2194
-2269
-2194
-1946
-1589
-1238
-997
-885
-847
-800
-691
-513
-286
-38
217
468
705
898
1013
1043
1008
953
928
970
1091
1266
1451
1593
1661
1636
1527
1377
1247
1172
1151
1155
1164
1174
1180
1160
1076
900
632
307
-23
-300
-475
-530
-478
-381
-311
-320
-416
-564
-707
-794
-805
-731
-587
-401
-203
-30
95
160
163
123
72
50
88
191
338
493
621
693
688
612
500
395
334
320
336
349
348
331
311
279
221
132
23
-87
-168
-208
-203
-166
-122
-104
-120
-157
-192
-210
-211
-206
-193
-167
-128
-96
-90
-116
-165
-219
-273
-324
-374
-427
-491
-573
-690
-848
-1030
-1209
-1348
-1448
-1551
-1695
-1853
-1946
-1893
-1646
-1251
-861
-632
-601
-677
-729
-668
-499
-266
-13
225
443
652
843
968
991
928
832
747
713
772
939
1172
1393
1527
1533
1412
1212
1021
922
919
956
984
1002
1026
1041
1003
879
670
398
109
-138
-313
-416
-446
-415
-358
-330
-386
-524
-693
-824
-875
-839
-729
-569
-397
-239
-114
-34
-1
7
12
18
26
58
150
311
508
687
802
824
763
670
600
570
560
554
569
603
632
612
526
391
242
110
25
-5
23
84
146
163
116
25
-64
-109
-108
-80
-48
-18
1
-4
-47
-131
-235
-342
-439
-524
-591
-630
-655
-697
-797
-983
-1226
-1471
-1674
-1859
-2085
-2370
-2644
-2778
-2627
-2138
-1445
-869
-672
-843
-1137
-1305
-1234
-960
-593
-219
135
474
812
1119
1281
1218
1012
827
737
746
910
1275
1772
2220
2475
2466
2175
1673
1167
890
885
955
966
1020
1207
1353
1259
977
669
344
-62
-492
-835
-1044
-1092
-927
-585
-258
-158
-323
-634
-913
-1004
-850
-557
-276
-10
323
660
800
704
543
451
409
395
453
610
848
1133
1388
1467
1288
961
700
616
657
690
653
562
402
159
-75
-161
-124
-104
-176
-302
-445
-587
-708
-753
-659
-472
-322
-256
-229
-288
-516
-854
-1151
-1345
-1440
-1383
-1164
-997
-1116
-1398
-1532
-1487
-1478
-1530
-1527
-1549
-1758
-2124
-2645
-3478
-4347
-4223
-2283
869
3621
5024
5269
4570
2718
175
-1565
-1436
23
1520
2386
2574
1949
497
-1108
-1935
-1759
-1024
-10
1300
2552
3032
2503
1489
550
-131
-417
-93
729
1534
1838
1422
247
-1537
-3392
-4511
-4307
-2849
-888
578
946
323
-751
-1764
-2349
-2173
-1056
688
2310
3208
3272
2673
1676
699
155
132
456
1019
1784
2499
2634
1893
680
-228
-468
-181
527
1618
2653
2967
2394
1351
247
-723
-1259
-1052
-310
295
338
-97
-801
-1651
-2370
-2560
-2140
-1457
-823
-286
104
143
-234
-738
-957
-771
-351
145
743
1388
1783
1662
1078
320
-254
-374
-60
400
705
670
212
-488
-1104
-1516
-1839
-2038
-1953
-1753
-1858
-2393
-3258
-4559
-6014
-6183
-3728
415
3647
4634
4163
3093
1178
-1555
-3654
-3502
-1309
1027
1990
1589
386
-1379
-3069
-3361
-1754
593
2427
3678
4491
4376
3162
1686
891
925
1458
2273
3207
3747
3167
1305
-1084
-3035
-4144
-4330
-3316
-1094
1349
2507
1684
-444
-2542
-3649
-3485
-2107
139
2336
3341
2834
1452
-114
-1444
-1974
-1230
352
1597
1864
1550
1202
764
58
-521
-348
661
1938
2889
3317
3210
2440
1126
-40
-463
-306
105
787
1471
1410
368
-1016
-2031
-2414
-2132
-1270
-196
517
483
-90
-626
-832
-907
-1018
-968
-561
-33
228
227
273
440
476
321
193
197
248
239
152
-61
-460
-934
-1147
-910
-470
-454
-1142
-1777
-1947
-2084
-2555
-3193
-3789
-4890
-5769
-4462
-825
3115
5063
4885
3768
2124
251
-1304
-1761
-830
414
943
394
-922
-2320
-3377
-3239
-1657
549
2389
3214
3319
2899
2271
1909
1804
1968
2242
2554
2796
2777
2252
885
-983
-2529
-3379
-3638
-3107
-1529
515
1770
1450
-112
-1942
-3080
-2989
-1686
293
1994
2495
1669
294
-784
-1252
-1053
-198
895
1494
1294
677
151
-110
-109
212
820
1459
1900
2169
2292
2119
1623
1106
800
562
308
278
537
716
493
-51
-694
-1253
-1533
-1364
-731
62
481
260
-311
-775
-943
-801
-424
-51
95
121
236
369
334
221
257
429
595
714
781
702
383
-97
-475
-585
-539
-423
-211
-28
-325
-1328
-2447
-2986
-2886
-2624
-2476
-2603
-3567
-5629
-7113
-5746
-1754
2651
5247
5686
4463
1784
-1099
-3195
-3621
-2083
161
1977
2211
908
-953
-2756
-3138
-1753
501
2715
4012
4531
4230
3261
2406
1530
958
987
1699
3050
3793
3494
2077
-304
-2568
-4199
-4578
-3446
-1320
1244
2776
2290
480
-1984
-3994
-4668
-3920
-1683
747
2233
2223
794
-796
-2062
-2504
-1614
174
1949
2854
2796
2122
1221
432
66
290
999
1790
2338
2655
2568
1844
735
-110
-251
220
969
1667
1958
1530
450
-743
-1493
-1679
-1495
-1064
-449
78
91
-538
-1369
-1822
-1780
-1472
-985
-276
470
881
767
377
54
-43
181
731
1364
1488
895
113
-333
-486
-439
-284
-137
51
-143
-764
-1626
-2250
-2108
-1968
-2005
-2218
-2900
-4068
-5847
-6468
-4267
-95
3871
5452
4860
3206
821
-1581
-3438
-3672
-1944
285
1760
1594
141
-1670
-3163
-3099
-1498
801
2926
3953
4293
4082
3316
2387
1298
844
1234
2141
3211
3471
2676
962
-1089
-2626
-3384
-3251
-2212
-448
1400
2341
1698
-254
-2513
-4002
-4060
-2736
-621
1294
2106
1609
285
-1118
-1983
-1962
-973
672
2130
2567
2029
1221
479
-184
-362
332
1529
2500
2847
2535
1787
941
206
-244
-167
453
1267
1833
1831
1181
166
-741
-1284
-1448
-1210
-644
-82
98
-207
-818
-1413
-1673
-1484
-952
-214
534
969
979
739
355
-93
-220
316
1150
1478
1030
184
-585
-1070
-1113
-628
107
513
214
-651
-1557
-2001
-2085
-1984
-1962
-2222
-2712
-3875
-5690
-6824
-5346
-1340
2940
5206
4786
3058
769
-1335
-2607
-2837
-1394
479
1572
1447
-77
-1775
-2940
-2908
-1274
966
2958
3923
3968
3780
3207
2532
1823
1313
1543
2119
2957
3467
2993
1579
-559
-2319
-3111
-2991
-2033
-606
859
1712
1309
-432
-2577
-3849
-3773
-2735
-1228
235
943
671
-198
-1144
-1738
-1664
-848
424
1594
2084
1755
1036
459
203
278
787
1687
2533
2803
2473
1923
1335
621
-34
-175
321
1071
1655
1846
1494
610
-388
-954
-974
-768
-522
-174
102
-100
-758
-1337
-1445
-1135
-703
-365
-95
207
388
348
331
411
470
608
949
1174
990
488
-116
-660
-972
-895
-649
-186
239
141
-483
-1472
-2147
-2287
-2065
-1844
-2047
-2618
-3918
-6006
-7485
-6225
-2084
2477
4768
4276
2427
251
-1530
-2505
-2394
-954
884
2019
1668
-156
-2261
-3587
-3249
-1198
1537
3819
4677
4223
3270
2451
1991
1792
1884
2415
3208
3797
3735
2694
947
-1007
-2386
-2642
-2041
-966
-11
735
1067
515
-843
-2576
-3658
-3437
-2110
-556
314
346
-188
-871
-1284
-1226
-776
36
1128
1961
1931
1159
391
23
-7
347
1157
2039
2389
2058
1426
912
552
142
-205
14
937
1925
2224
1705
777
-95
-646
-811
-660
-348
-58
27
-227
-828
-1519
-1833
-1510
-757
-38
307
319
263
322
429
472
494
624
893
1170
1221
913
423
-196
-717
-766
-432
28
255
172
-284
-885
-1450
-2002
-2194
-2318
-2303
-2243
-2684
-3659
-5491
-6840
-5493
-1599
2632
4407
3174
974
-972
-1990
-1886
-1182
405
1888
2062
910
-1322
-3027
-3402
-2375
135
2688
4403
4723
3400
1703
711
1067
2187
3043
3806
4180
4002
3205
1658
40
-1458
-2128
-1591
-669
78
188
-41
-349
-961
-1874
-2763
-2963
-2225
-1203
-611
-510
-811
-1263
-1641
-1535
-824
19
931
1597
1731
1169
245
-235
-135
461
1174
1662
1825
1595
1100
627
512
710
902
970
1106
1357
1491
1340
934
438
-1
-223
-147
75
129
-76
-377
-682
-1019
-1342
-1411
-1071
-501
-57
113
99
157
429
766
1130
1339
1387
1356
1145
954
670
306
87
-73
-80
-136
-236
-216
-450
-867
-1239
-1313
-1099
-1164
-1528
-1906
-2191
-2544
-3169
-4062
-5308
-6398
-5781
-2751
1044
3137
2456
324
-1366
-1808
-1236
-493
471
1553
1867
992
-702
-2011
-2209
-1373
456
2620
4085
4268
3027
1307
421
918
2430
3618
4019
3930
3323
2348
1173
157
-447
-517
-37
424
339
-190
-776
-1195
-1440
-1653
-1872
-1943
-1852
-1753
-1707
-1571
-1356
-1241
-1249
-1141
-679
75
784
1133
1052
706
376
279
395
637
963
1257
1307
1053
648
361
403
704
922
951
1081
1418
1632
1491
1144
724
283
69
228
406
233
-180
-587
-923
-1144
-1223
-1167
-894
-446
-79
121
255
274
220
381
780
1148
1374
1387
1061
574
269
165
64
-70
-69
190
458
248
-463
-1050
-1071
-789
-727
-1091
-1627
-1984
-2212
-2582
-3048
-3497
-4260
-5375
-5677
-3887
-616
1854
1955
270
-1442
-1971
-1322
-148
1005
1821
1875
903
-618
-1707
-1772
-890
626
2379
3720
3932
2790
1007
-63
522
2329
3966
4436
3806
2667
1572
916
809
1046
1231
1094
553
-241
-953
-1363
-1536
-1451
-1148
-1092
-1492
-2237
-2855
-2959
-2568
-1641
-814
-495
-500
-689
-614
-159
494
1056
1065
743
520
351
322
389
596
976
1025
786
509
459
736
863
885
1104
1542
1872
1741
1300
783
374
303
568
761
553
53
-466
-866
-1117
-1124
-851
-423
-59
39
-64
-120
-18
202
554
1071
1511
1601
1378
983
468
68
-32
111
400
485
334
2
-436
-765
-1037
-966
-757
-879
-1138
-1535
-1967
-2348
-2740
-2959
-3100
-3395
-3983
-4838
-4832
-3106
-576
1162
935
-583
-1827
-1888
-676
828
1828
2061
1423
206
-926
-1252
-661
440
1699
2787
3212
2733
1686
776
790
1977
3586
4440
4047
2810
1438
756
1213
2187
2538
1848
658
-418
-1103
-1350
-1166
-767
-548
-826
-1682
-2646
-3323
-3310
-2545
-1628
-1009
-1048
-1346
-1434
-1178
-513
192
770
1009
836
482
159
50
108
277
547
859
975
744
367
234
535
1034
1417
1572
1561
1444
1258
1075
965
936
926
866
685
344
-96
-462
-602
-506
-292
-111
-26
-23
-43
-20
87
280
510
669
689
678
797
923
757
275
-82
134
683
939
696
247
-220
-696
-1062
-1045
-665
-370
-425
-1041
-1859
-2436
-2847
-2846
-2562
-2250
-2034
-2228
-2960
-4341
-5422
-4498
-1720
934
1697
219
-1652
-2201
-1369
307
1646
2284
2150
866
-530
-1124
-667
680
1815
2456
2708
2383
1856
1225
987
1887
3162
3924
3677
2374
1253
882
1301
2267
2595
2138
973
-417
-1138
-1283
-874
-377
-384
-990
-2060
-2954
-3182
-2769
-2101
-1587
-1438
-1580
-1804
-1829
-1387
-585
172
478
316
31
-112
-85
52
290
573
763
763
621
459
378
474
791
1216
1515
1564
1453
1381
1455
1594
1600
1333
887
540
457
507
474
353
306
363
362
196
-30
-136
-88
17
99
151
185
209
249
333
452
517
434
220
45
119
471
806
716
54
-814
-1255
-995
-381
-83
-462
-1233
-1897
-2178
-2143
-2070
-2006
-1945
-2060
-2315
-2709
-3308
-4016
-4544
-3920
-1759
528
1335
198
-1830
-2655
-1530
619
2481
2840
1877
282
-1107
-986
356
1875
2671
2375
1901
1626
1451
1471
1511
1910
2712
3122
2893
2111
1250
1023
1369
2146
2705
2122
754
-618
-1287
-919
-267
15
-294
-1186
-2124
-2721
-2772
-2348
-1935
-1671
-1553
-1614
-1687
-1722
-1409
-793
-337
-40
-45
-209
-352
-498
-336
113
573
702
473
309
373
647
1074
1432
1478
1271
1047
986
1125
1359
1553
1572
1395
1110
855
738
770
897
1042
1067
854
451
43
-174
-115
133
350
327
76
-167
-205
-76
88
290
561
741
618
261
-7
29
260
395
285
-23
-466
-933
-1175
-1046
-737
-619
-913
-1489
-1933
-1999
-1891
-1859
-1891
-1992
-2275
-2672
-3107
-3667
-4039
-3381
-1531
220
397
-928
-2233
-2106
-474
1497
2501
2083
701
-734
-1217
-246
1525
2730
2669
1807
996
733
1049
1676
2290
2721
2866
2579
1894
1252
1186
1793
2663
3168
2793
1512
-9
-898
-817
-163
398
358
-365
-1409
-2279
-2644
-2404
-1803
-1393
-1473
-1802
-2094
-2324
-2344
-1841
-914
-171
-116
-675
-1307
-1402
-747
273
1011
1043
438
-277
-427
196
1101
1668
1707
1374
958
780
966
1323
1631
1833
1879
1677
1259
841
652
755
992
1118
1004
672
243
-91
-132
96
266
103
-218
-306
-104
111
177
166
140
107
103
151
222
283
279
183
77
1
-176
-547
-928
-1016
-728
-361
-331
-726
-1249
-1574
-1619
-1487
-1317
-1242
-1396
-1821
-2289
-2529
-2694
-3063
-3216
-2397
-852
114
-339
-1550
-2105
-1283
330
1572
1796
1154
162
-555
-364
798
2014
2192
1293
336
264
1079
1990
2295
2033
1723
1622
1671
1866
2228
2531
2548
2330
1976
1418
693
100
-69
148
369
134
-684
-1662
-2209
-2112
-1608
-1172
-1233
-1820
-2460
-2642
-2349
-1955
-1724
-1611
-1441
-1187
-966
-858
-800
-661
-377
-1
366
616
689
667
740
983
1262
1418
1437
1412
1461
1666
1951
2080
1911
1573
1289
1153
1169
1301
1414
1355
1143
914
697
411
57
-212
-228
-17
168
80
-217
-461
-531
-494
-342
-31
251
216
-64
-209
-60
129
99
-54
-85
-53
-148
-393
-633
-759
-775
-698
-663
-776
-946
-1041
-1090
-1157
-1367
-1729
-1952
-2027
-1945
-1925
-2277
-2933
-3540
-3030
-1363
5
-5
-1313
-2344
-1804
-93
1653
2260
1567
389
-560
-461
840
2198
2486
1523
493
679
1645
2414
2405
1818
1588
1807
2148
2300
2119
1922
1733
1730
1965
1925
1274
291
-304
-200
188
206
-354
-1126
-1663
-1875
-1873
-1751
-1772
-2077
-2383
-2380
-2167
-2018
-1945
-1820
-1602
-1299
-907
-575
-527
-721
-771
-370
310
802
838
567
362
457
808
1237
1547
1544
1247
1034
1224
1655
1922
1897
1718
1504
1288
1158
1186
1270
1236
1065
883
700
419
104
-41
7
60
3
-95
-175
-230
-192
-44
50
-34
-162
-108
105
252
222
100
-36
-196
-312
-236
-62
-115
-496
-892
-971
-748
-526
-558
-803
-1017
-1083
-1142
-1331
-1576
-1726
-1777
-1886
-2150
-2555
-3019
-3171
-2454
-1039
-146
-691
-1984
-2427
-1257
736
2020
1792
590
-474
-673
132
1489
2404
2098
956
219
618
1703
2502
2528
2063
1661
1594
1734
1846
1840
1804
1853
1963
1861
1274
385
-193
-95
347
455
-72
-912
-1517
-1644
-1500
-1414
-1544
-1887
-2310
-2525
-2333
-1914
-1655
-1704
-1854
-1811
-1457
-958
-650
-659
-689
-413
74
453
609
643
665
740
888
1086
1298
1459
1505
1493
1577
1781
1951
1948
1762
1532
1440
1502
1577
1583
1512
1281
841
386
186
265
424
482
369
38
-452
-871
-936
-585
-58
241
92
-342
-699
-770
-561
-168
197
255
-55
-430
-513
-251
56
32
-380
-800
-823
-482
-148
-121
-420
-834
-1102
-1133
-1059
-1078
-1282
-1621
-1943
-2111
-2169
-2364
-2744
-2811
-2058
-913
-503
-1202
-2022
-1783
-462
892
1350
913
182
-299
-169
720
1853
2204
1432
495
511
1423
2269
2411
2034
1686
1640
1751
1825
1893
1946
1792
1451
1239
1241
1144
788
378
112
-65
-319
-707
-1046
-1084
-938
-1052
-1590
-2189
-2455
-2356
-2069
-1807
-1729
-1788
-1799
-1723
-1599
-1355
-964
-608
-412
-293
-134
79
338
646
942
1138
1152
1003
925
1205
1751
2060
1847
1450
1376
1673
1981
1985
1673
1274
1032
999
1098
1221
1160
722
118
-147
70
380
421
182
-181
-482
-569
-440
-273
-256
-399
-557
-629
-624
-555
-416
-274
-189
-142
-118
-98
1
195
321
204
-166
-584
-714
-408
26
89
-344
-910
-1155
-1021
-858
-969
-1241
-1443
-1580
-1724
-1822
-1945
-2306
-2701
-2457
-1427
-530
-758
-1778
-2187
-1150
588
1567
1203
211
-381
-148
728
1729
2162
1693
853
544
1032
1813
2263
2111
1594
1266
1398
1678
1734
1589
1439
1342
1271
1168
954
626
299
55
-115
-296
-552
-857
-1075
-1167
-1332
-1627
-1877
-1934
-1918
-1965
-1960
-1924
-1915
-1824
-1532
-1158
-999
-977
-801
-384
75
279
201
170
539
1167
1538
1434
1171
1110
1318
1653
1890
1864
1647
1489
1506
1570
1542
1386
1147
979
1003
1117
1069
821
542
350
270
307
352
232
-21
-293
-478
-541
-461
-300
-319
-527
-764
-832
-663
-430
-268
-230
-193
-120
-113
-93
90
343
398
182
-178
-503
-599
-434
-251
-252
-386
-578
-810
-971
-986
-978
-1098
-1319
-1538
-1676
-1756
-1973
-2432
-2711
-2204
-1127
-597
-1216
-2129
-2049
-809
579
1136
765
73
-295
-72
607
1351
1689
1411
871
696
1125
1751
2036
1873
1544
1355
1405
1590
1718
1717
1681
1667
1572
1231
685
260
242
443
389
-63
-598
-909
-988
-1036
-1208
-1448
-1603
-1664
-1734
-1836
-1918
-1918
-1757
-1457
-1197
-1126
-1198
-1200
-897
-290
256
379
200
178
540
1053
1337
1277
1098
1084
1284
1491
1551
1480
1371
1341
1452
1579
1489
1172
882
808
886
911
778
560
416
387
371
271
63
-202
-388
-403
-318
-282
-353
-482
-617
-717
-703
-525
-277
-141
-179
-273
-305
-209
21
293
423
306
28
-189
-194
-64
-7
-88
-197
-283
-386
-475
-502
-540
-680
-881
-1011
-1041
-1101
-1308
-1576
-1787
-1964
-2109
-1998
-1488
-941
-927
-1445
-1805
-1428
-511
254
447
225
-39
-120
40
443
949
1306
1338
1142
981
1043
1271
1475
1580
1609
1523
1304
1114
1112
1246
1353
1331
1173
918
626
376
257
261
244
82
-175
-401
-564
-723
-913
-1041
-1000
-880
-907
-1115
-1302
-1305
-1143
-927
-746
-639
-610
-622
-578
-432
-271
-156
13
287
514
556
454
348
394
669
1017
1122
859
478
368
624
952
1018
821
597
484
434
391
377
412
475
497
422
266
122
59
76
137
207
210
86
-69
-89
23
122
143
128
83
24
22
124
298
466
513
420
307
306
401
489
498
392
193
-17
-158
-184
-138
-157
-340
-574
-698
-740
-853
-1047
-1191
-1220
-1219
-1308
-1531
-1808
-1974
-1965
-1907
-1940
-2019
-1988
-1780
-1475
-1196
-1016
-918
-815
-597
-230
147
341
318
275
444
840
1236
1372
1213
972
910
1102
1367
1475
1381
1271
1307
1453
1528
1399
1153
1013
1049
1115
1047
811
505
309
340
494
520
331
43
-165
-207
-182
-254
-469
-673
-684
-567
-512
-570
-715
-812
-764
-654
-559
-499
-510
-551
-547
-422
-209
-98
-130
-209
-252
-163
19
133
108
50
53
136
222
245
300
346
374
454
508
606
632
544
566
564
544
455
260
274
392
502
561
481
461
490
487
492
459
432
383
299
289
351
414
395
289
173
93
14
-57
-86
-73
-79
-201
-420
-604
-643
-565
-516
-615
-838
-1065
-1188
-1210
-1211
-1265
-1390
-1553
-1702
-1821
-1932
-2015
-1971
-1749
-1427
-1170
-1074
-1100
-1082
-866
-440
-8
185
113
36
208
602
969
1129
1087
967
915
1006
1164
1241
1200
1163
1240
1379
1451
1402
1301
1251
1278
1298
1224
1064
895
795
782
789
706
479
194
-2
-38
22
24
-118
-341
-500
-566
-590
-619
-670
-757
-844
-864
-808
-752
-747
-758
-701
-565
-438
-384
-386
-402
-396
-325
-184
-48
12
18
45
128
231
302
331
325
297
288
350
474
583
620
607
588
585
586
582
580
590
604
610
605
582
536
496
497
530
539
505
474
470
447
364
273
245
250
203
90
-20
-65
-91
-164
-277
-360
-391
-412
-455
-541
-692
-855
-932
-916
-929
-1095
-1396
-1666
-1760
-1701
-1673
-1821
-2099
-2278
-2150
-1766
-1390
-1221
-1230
-1243
-1107
-778
-369
-89
-24
-39
81
394
755
968
980
938
1002
1162
1296
1331
1300
1287
1377
1552
1688
1676
1533
1371
1310
1375
1453
1407
1210
966
793
734
728
657
469
228
25
-110
-197
-268
-358
-478
-596
-693
-798
-938
-1052
-1063
-964
-842
-797
-859
-966
-995
-887
-698
-517
-390
-316
-273
-245
-228
-190
-79
109
303
413
386
256
150
170
308
473
594
641
642
660
731
802
808
747
658
581
553
600
684
724
684
594
517
470
464
511
602
662
621
510
408
336
276
219
152
57
-39
-93
-126
-190
-310
-431
-498
-500
-489
-543
-687
-873
-1035
-1141
-1231
-1363
-1556
-1761
-1922
-2026
-2098
-2163
-2215
-2196
-2044
-1778
-1523
-1380
-1311
-1183
-928
-571
-235
-59
-56
-58
125
500
887
1100
1100
1029
1074
1272
1487
1566
1499
1420
1461
1617
1755
1758
1636
1490
1407
1406
1425
1367
1203
1026
918
848
734
554
353
165
-15
-193
-350
-468
-558
-658
-781
-896
-959
-974
-996
-1048
-1091
-1073
-1005
-943
-906
-859
-778
-668
-574
-523
-494
-428
-282
-83
79
156
173
190
234
309
421
530
553
490
446
514
640
726
758
788
829
841
800
732
682
663
674
699
702
646
547
464
439
456
473
446
377
314
305
331
337
287
185
65
-27
-81
-128
-214
-337
-458
-548
-593
-595
-579
-593
-687
-857
-1039
-1178
-1273
-1353
-1438
-1529
-1628
-1749
-1904
-2065
-2145
-2054
-1779
-1430
-1162
-1048
-1028
-964
-758
-412
-54
148
163
127
221
483
798
1016
1089
1098
1156
1275
1378
1408
1402
1438
1540
1646
1679
1615
1492
1372
1299
1266
1215
1096
912
729
606
532
455
341
183
2
-200
-414
-610
-742
-793
-804
-844
-955
-1098
-1196
-1199
-1117
-1003
-911
-877
-876
-841
-718
-526
-355
-281
-297
-314
-249
-85
121
295
393
423
427
438
467
505
559
641
743
820
821
745
665
651
721
820
867
819
690
555
490
522
604
657
630
537
435
374
365
380
368
316
248
197
173
159
120
33
-72
-160
-214
-252
-301
-385
-491
-587
-639
-649
-681
-793
-963
-1114
-1202
-1266
-1344
-1440
-1545
-1658
-1775
-1887
-1988
-2035
-1960
-1726
-1410
-1166
-1072
-1051
-967
-745
-422
-104
91
146
164
295
575
893
1100
1168
1192
1254
1343
1410
1435
1444
1468
1520
1569
1576
1543
1512
1495
1455
1338
1153
965
842
790
739
618
415
175
-38
-186
-285
-386
-526
-698
-857
-961
-1009
-1031
-1045
-1047
-1034
-1021
-1026
-1030
-975
-839
-668
-544
-485
-450
-381
-275
-165
-73
9
112
247
395
517
589
618
632
652
675
697
716
729
734
734
730
710
675
641
631
634
611
558
495
446
409
385
369
346
302
247
206
182
149
90
28
-11
-18
-30
-77
-156
-236
-283
-293
-308
-366
-464
-558
-617
-647
-686
-755
-839
-903
-949
-996
-1079
-1197
-1324
-1425
-1478
-1496
-1518
-1550
-1554
-1465
-1285
-1084
-934
-838
-737
-573
-343
-104
71
162
222
332
509
707
866
974
1054
1127
1193
1236
1245
1240
1264
1332
1400
1403
1338
1262
1226
1211
1160
1030
846
678
582
539
481
353
170
-6
-148
-280
-430
-583
-697
-746
-761
-788
-853
-933
-974
-948
-871
-794
-747
-712
-661
-586
-508
-437
-353
-226
-63
87
176
212
254
343
470
588
665
707
725
729
719
711
709
713
719
733
748
740
689
611
553
539
542
511
438
360
305
275
246
213
181
155
129
94
37
-32
-95
-123
-128
-144
-203
-289
-369
-422
-462
-519
-595
-676
-742
-790
-826
-862
-911
-983
-1065
-1126
-1154
-1176
-1232
-1332
-1446
-1521
-1519
-1453
-1357
-1266
-1162
-1023
-842
-643
-455
-290
-146
-19
108
257
427
597
742
848
932
1014
1104
1199
1277
1319
1315
1291
1281
1310
1353
1361
1305
1207
1117
1055
1004
923
795
640
496
382
274
132
-51
-236
-381
-473
-527
-580
-649
-731
-800
-832
-812
-763
-722
-717
-738
-748
-715
-634
-536
-443
-340
-215
-72
45
109
136
190
306
467
611
687
697
687
710
774
838
854
819
775
758
761
751
715
674
644
611
556
475
382
296
225
170
123
66
-7
-84
-144
-181
-214
-265
-329
-389
-441
-493
-542
-572
-571
-562
-581
-641
-723
-795
-844
-876
-907
-946
-993
-1043
-1086
-1116
-1147
-1184
-1225
-1256
-1283
-1314
-1329
-1289
-1178
-1040
-927
-847
-751
-594
-379
-159
16
137
239
355
505
667
812
910
977
1047
1137
1229
1285
1297
1299
1325
1370
1398
1376
1308
1235
1183
1135
1050
912
745
585
454
350
260
175
98
27
-44
-140
-261
-377
-447
-472
-498
-561
-639
-677
-639
-551
-468
-431
-417
-372
-271
-148
-61
-27
1
72
180
276
315
316
326
379
452
504
516
515
527
559
585
583
564
555
557
539
478
389
322
307
317
294
216
118
58
50
52
13
-68
-157
-212
-233
-258
-316
-401
-477
-525
-559
-611
-681
-752
-800
-831
-859
-896
-938
-982
-1025
-1069
-1119
-1184
-1254
-1312
-1344
-1349
-1336
-1306
-1248
-1153
-1036
-926
-839
-758
-640
-466
-268
-94
34
139
266
426
596
741
850
941
1039
1142
1230
1282
1319
1373
1453
1523
1528
1457
1356
1286
1268
1264
1221
1131
1027
947
888
819
716
589
456
329
205
86
-29
-131
-217
-283
-343
-409
-477
-522
-539
-535
-528
-519
-505
-489
-470
-447
-408
-357
-289
-222
-163
-122
-97
-80
-60
-31
7
59
124
186
234
260
272
285
310
338
358
366
364
353
332
293
234
167
110
75
55
27
-27
-99
-172
-223
-254
-277
-317
-385
-473
-561
-636
-698
-757
-816
-868
-907
-941
-978
-1021
-1055
-1071
-1068
-1059
-1058
-1074
-1092
-1087
-1041
-963
-873
-791
-717
-650
-580
-504
-416
-314
-203
-88
29
149
262
372
481
599
722
838
937
1017
1081
1140
1200
1259
1304
1323
1316
1306
1314
1331
1334
1305
1251
1190
1134
1081
1024
954
869
770
662
559
468
390
320
245
156
53
-44
-130
-193
-240
-282
-326
-368
-403
-422
-425
-420
-416
-418
-431
-456
-487
-510
-509
-476
-421
-365
-327
-301
-273
-227
-165
-105
-73
-71
-76
-66
-45
-33
-47
-74
-86
-70
-45
-40
-69
-114
-151
-168
-181
-211
-262
-313
-351
-382
-421
-471
-516
-537
-540
-554
-595
-653
-699
-709
-694
-686
-709
-745
-768
-750
-699
-636
-582
-548
-519
-484
-432
-377
-326
-283
-237
-182
-118
-50
18
86
159
237
314
382
437
494
557
623
680
716
733
745
761
778
788
790
796
821
856
881
875
846
817
814
825
828
802
750
694
646
608
572
535
498
463
426
383
336
298
276
262
249
223
192
169
151
130
96
51
7
-26
-52
-83
-126
-173
-212
-241
-262
-284
-311
-335
-352
-364
-380
-409
-453
-506
-550
-584
-601
-612
-624
-639
-655
-664
-663
-651
-632
-609
-585
-561
-542
-529
-528
-530
-522
-498
-463
-432
-417
-416
-415
-397
-358
-304
-253
-218
-200
-192
-182
-168
-147
-124
-102
-80
-65
-57
-56
-57
-52
-38
-22
-10
-4
2
19
46
71
87
96
106
124
148
174
200
228
260
294
316
330
342
368
407
449
481
498
509
529
556
585
605
620
640
664
683
682
664
640
624
617
610
597
580
568
560
545
517
479
445
426
419
406
377
334
291
256
224
190
142
90
41
6
-17
-39
-68
-107
-152
-201
-252
-300
-345
-384
-421
-461
-507
-557
-603
-637
-656
-669
-688
-716
-750
-780
-799
-814
-830
-845
-857
-857
-842
-817
-793
-775
-761
-745
-723
-692
-643
-577
-496
-413
-344
-289
-235
-173
-99
-25
34
69
91
123
178
248
313
364
397
426
454
489
523
545
552
542
521
488
449
406
368
336
309
281
246
202
156
117
94
77
68
57
41
16
-12
-34
-46
-47
-45
-39
-31
-20
-6
16
48
91
140
189
233
266
290
311
336
360
384
402
415
420
422
424
432
452
475
494
502
494
478
462
453
441
416
376
325
276
235
198
158
112
63
15
-33
-79
-123
-159
-186
-212
-244
-285
-330
-371
-403
-428
-457
-498
-542
-576
-599
-616
-635
-660
-682
-698
-703
-699
-691
-679
-670
-658
-643
-624
-600
-570
-537
-502
-463
-419
-369
-322
-280
-239
-189
-127
-60
5
59
103
148
200
253
297
323
340
360
389
424
457
474
479
478
481
487
487
472
441
403
364
331
302
272
239
202
164
122
75
22
-26
-60
-75
-80
-90
-113
-145
-169
-177
-168
-153
-141
-126
-108
-82
-49
-19
7
29
53
80
111
144
178
213
252
298
342
375
395
406
418
435
454
463
456
434
405
379
360
347
332
311
280
239
191
138
85
34
-13
-56
-99
-145
-193
-240
-280
-310
-336
-365
-395
-421
-440
-453
-463
-477
-493
-506
-516
-519
-518
-515
-505
-495
-484
-471
-453
-427
-394
-366
-345
-330
-317
-296
-266
-231
-198
-165
-131
-100
-72
-54
-43
-30
-6
30
73
113
143
163
176
189
205
225
249
273
297
321
341
354
361
367
374
385
394
398
391
376
355
328
300
272
245
223
203
180
148
111
70
31
2
-21
-37
-48
-62
-81
-106
-128
-142
-144
-138
-135
-134
-131
-119
-97
-75
-61
-55
-47
-29
-3
26
49
63
74
82
91
99
108
122
142
167
189
200
195
178
158
144
133
126
116
102
88
78
64
45
21
-6
-28
-47
-65
-90
-115
-139
-157
-171
-185
-201
-216
-225
-229
-231
-233
-242
-251
-261
-265
-265
-263
-265
-268
-271
-268
-260
-249
-236
-223
-209
-195
-181
-171
-160
-147
-128
-106
-85
-66
-48
-25
2
33
61
85
106
125
147
172
199
224
243
259
272
283
292
299
304
312
321
328
328
321
310
294
276
252
226
198
175
156
136
106
72
37
3
-27
-57
-88
-118
-140
-157
-173
-193
-215
-234
-246
-251
-253
-252
-251
-247
-235
-221
-204
-187
-170
-150
-128
-102
-73
-45
-23
-4
16
43
72
101
128
151
169
187
200
209
216
221
230
238
243
241
231
216
199
185
172
155
134
109
84
60
38
17
-5
-28
-49
-65
-80
-97
-120
-147
-171
-190
-202
-210
-221
-230
-232
-228
-224
-226
-235
-245
-248
-240
-229
-220
-215
-211
-205
-194
-182
-168
-154
-134
-112
-88
-65
-41
-15
16
50
86
118
144
165
184
208
231
254
272
285
292
296
298
299
297
293
287
280
269
253
237
218
198
179
155
130
105
80
54
27
1
-22
-43
-63
-81
-99
-115
-133
-148
-162
-174
-186
-197
-204
-208
-210
-211
-211
-214
-214
-211
-205
-198
-194
-186
-173
-156
-135
-117
-101
-87
-68
-48
-28
-11
3
18
34
50
67
83
96
111
125
139
150
155
154
153
155
157
160
158
147
139
132
126
118
104
87
70
56
47
35
22
9
-1
-11
-19
-29
-38
-45
-48
-52
-56
-64
-71
-74
-76
-75
-75
-74
-74
-74
-75
-74
-74
-72
-69
-64
-58
-49
-40
-33
-26
-21
-16
-13
-7
2
10
20
30
44
58
72
85
95
103
110
115
121
125
123
119
111
102
95
86
82
74
65
55
42
28
16
4
-5
-14
-22
-34
-48
-67
-83
-99
-109
-118
-127
-137
-147
-159
-170
-178
-186
-191
-195
-196
-195
-190
-184
-176
-171
-168
-165
-163
-156
-146
-131
-109
-85
-60
-37
-15
5
25
49
73
98
124
146
169
184
197
207
217
226
237
248
258
263
264
258
251
241
229
214
199
184
167
150
127
102
76
48
23
-1
-22
-42
-62
-81
-99
-116
-133
-144
-156
-162
-166
-167
-165
-162
-157
-150
-140
-130
-118
-104
-91
-76
-62
-48
-33
-20
-5
8
23
39
53
65
77
84
87
88
88
89
89
92
95
96
97
96
92
88
80
72
68
65
62
61
55
45
32
19
8
-1
-10
-19
-31
-43
-55
-62
-71
-79
-86
-92
-96
-102
-110
-117
-129
-139
-148
-156
-162
-164
-166
-166
-167
-167
-170
-171
-172
-170
-165
-156
-145
-133
-120
-108
-96
-85
-72
-55
-37
-16
5
27
50
70
92
113
133
154
170
187
202
215
230
240
249
256
260
260
257
251
245
237
228
218
206
192
175
155
135
112
88
64
41
18
-4
-25
-43
-61
-78
-95
-108
-121
-133
-140
-145
-146
-146
-143
-138
-131
-124
-117
-106
-97
-85
-73
-61
-48
-36
-23
-11
0
11
18
23
26
28
27
28
28
28
30
29
26
22
18
12
7
-1
-9
-13
-16
-18
-21
-26
-30
-35
-35
-39
-42
-49
-55
-59
-63
-64
-65
-66
-67
-68
-68
-71
-74
-74
-75
-74
-72
-70
-65
-61
-57
-57
-56
-55
-54
-52
-49
-45
-38
-31
-24
-18
-12
-6
1
8
13
23
32
40
48
56
63
72
83
94
105
117
125
133
142
148
155
161
165
169
167
166
162
157
152
146
141
131
120
107
95
83
70
58
46
33
20
4
-9
-26
-42
-56
-68
-78
-87
-95
-101
-108
-113
-118
-122
-123
-121
-119
-114
-112
-108
-108
-106
-103
-99
-94
-85
-77
-68
-60
-55
-48
-44
-42
-39
-35
-32
-28
-24
-19
-14
-8
-6
-2
-2
-1
1
0
1
3
6
11
16
21
25
27
28
28
28
29
32
35
41
43
45
44
42
40
37
34
33
31
28
25
23
18
16
12
7
2
-3
-10
-14
-19
-24
-27
-33
-36
-40
-43
-46
-48
-49
-48
-45
-42
-35
-29
-25
-19
-15
-11
-7
-2
5
14
24
35
46
57
66
73
79
86
91
97
103
108
112
113
111
106
101
94
88
82
75
70
62
56
49
41
33
25
15
6
-4
-15
-23
-32
-39
-44
-51
-56
-61
-66
-70
-75
-78
-82
-84
-85
-85
-85
-83
-85
-84
-85
-85
-85
-87
-86
-84
-80
-75
-68
-62
-57
-51
-49
-46
-45
-41
-38
-31
-25
-19
-15
-10
-6
-2
0
4
7
11
16
21
25
30
34
37
40
43
45
48
50
51
52
53
53
54
53
53
51
49
48
45
41
36
31
27
25
21
19
19
16
11
5
0
-3
-6
-7
-5
-4
-3
-3
-3
-3
-2
1
5
11
17
22
26
31
32
34
35
37
39
40
44
46
46
46
46
44
41
37
34
32
30
26
20
12
4
-4
-11
-18
-23
-27
-33
-36
-40
-44
-48
-52
-54
-58
-59
-60
-61
-61
-62
-62
-62
-61
-59
-56
-54
-52
-47
-42
-37
-32
-28
-22
-18
-14
-10
-7
-4
-3
0
1
2
4
6
10
12
19
21
23
23
21
19
17
17
18
19
20
20
19
17
15
14
13
14
14
15
16
17
17
17
18
17
20
19
19
20
20
21
22
22
23
23
23
23
22
19
16
13
10
7
5
4
3
2
-2
-2
-5
-7
-11
-13
-14
-14
-13
-14
-15
-18
-22
-25
-27
-26
-24
-21
-20
-18
-17
-20
-20
-21
-20
-19
-16
-15
-13
-14
-14
-15
-17
-17
-16
-14
-11
-8
-5
-4
-3
-2
-1
-1
0
1
5
8
11
13
14
16
17
18
19
22
23
25
27
29
30
31
31
32
31
32
32
31
31
31
31
32
32
31
31
28
26
23
20
18
17
14
12
11
7
4
-1
-2
-5
-7
-10
-13
-17
-20
-21
-24
-23
-25
-25
-24
-25
-26
-27
-26
-24
-21
-18
-15
-13
-12
-10
-11
-10
-10
-9
-8
-5
-2
-1
2
3
4
4
3
3
2
1
0
-2
-4
-7
-10
-13
-15
-18
-20
-21
-23
-28
-32
-34
-37
-38
-38
-37
-36
-36
-37
-39
-41
-41
-40
-36
-30
-24
-18
-12
-9
-6
-5
-2
1
6
12
19
25
31
35
37
38
37
37
39
42
45
48
51
52
52
52
50
48
44
44
42
41
40
40
39
39
37
36
34
31
29
26
24
23
22
22
21
21
19
18
13
9
4
1
-1
-2
-3
-4
-5
-6
-11
-16
-21
-25
-29
-31
-33
-34
-35
-36
-38
-41
-44
-47
-49
-52
-52
-50
-49
-45
-44
-42
-40
-39
-37
-34
-33
-27
-24
-19
-14
-9
-6
-2
1
4
8
11
14
17
19
21
23
23
25
25
24
23
23
21
20
17
14
10
6
2
-1
-3
-6
-8
-12
-18
-24
-29
-33
-34
-33
-31
-29
-28
-29
-31
-32
-33
-33
-28
-24
-17
-10
-4
1
5
7
9
12
16
20
26
32
37
43
47
48
51
52
53
54
55
57
59
59
60
59
56
55
53
49
46
42
37
31
28
25
22
21
19
16
10
4
-3
-9
-13
-17
-18
-19
-20
-20
-23
-26
-30
-33
-36
-36
-35
-33
-31
-28
-28
-26
-28
-29
-30
-32
-33
-32
-32
-30
-30
-28
-29
-29
-30
-32
-33
-31
-28
-28
-24
-21
-18
-17
-17
-15
-15
-15
-14
-9
-6
-3
1
2
5
7
9
9
11
11
15
16
17
20
20
20
21
22
22
20
18
16
14
13
11
10
12
13
14
15
12
10
4
2
2
0
1
2
2
1
0
0
-1
-1
-1
1
2
4
6
8
10
11
14
18
20
24
26
28
31
32
35
35
37
38
40
40
40
38
36
32
31
28
25
21
17
13
8
3
-4
-10
-17
-23
-28
-33
-37
-43
-47
-51
-56
-58
-60
-62
-62
-63
-63
-63
-62
-59
-54
-51
-46
-42
-38
-35
-34
-31
-26
-20
-13
-6
0
5
10
14
19
24
27
31
34
37
40
42
43
45
44
43
41
38
35
32
29
25
24
20
17
13
9
6
3
0
-1
-4
-6
-9
-11
-11
-12
-11
-11
-10
-10
-11
-9
-9
-7
-6
-2
-2
0
1
2
2
3
3
4
5
4
4
5
5
4
6
5
6
5
5
5
5
6
8
8
9
10
10
9
9
9
9
9
10
11
9
10
9
10
9
9
9
8
8
7
7
7
7
6
4
2
1
-1
-3
-4
-5
-5
-5
-7
-9
-11
-10
-12
-15
-16
-16
-18
-20
-22
-23
-23
-24
-24
-26
-27
-28
-27
-28
-27
-24
-22
-17
-15
-15
-12
-11
-9
-8
-5
-3
-2
-1
0
0
0
0
2
0
1
0
0
-1
-1
0
0
0
-1
-2
-3
-5
-6
-6
-7
-6
-4
-3
-1
1
3
3
4
6
8
10
12
15
17
19
21
21
20
20
21
21
21
22
23
24
24
25
25
26
26
26
26
27
25
25
24
24
23
23
22
20
17
15
12
10
8
8
7
6
4
2
-1
-3
-5
-6
-8
-8
-10
-12
-15
-15
-19
-20
-23
-24
-24
-24
-23
-22
-23
-24
-21
-19
-21
-19
-18
-17
-16
-15
-14
-14
-14
-14
-13
-14
-13
-13
-10
-11
-8
-5
-3
0
1
3
3
3
5
4
5
6
6
6
6
4
4
4
2
2
2
3
2
3
2
1
0
-1
-2
-2
-3
-5
-6
-8
-10
-12
-11
-13
-11
-11
-11
-10
-10
-8
-7
-5
-4
-4
-3
-2
-2
-1
-1
1
-1
0
1
0
1
3
5
8
10
13
14
15
16
16
16
17
18
18
18
17
16
16
15
14
14
13
12
11
10
9
9
8
8
8
5
3
0
-3
-6
-6
-8
-9
-11
-10
-11
-12
-10
-9
-8
-5
-4
-2
-1
-1
1
2
2
2
3
1
0
2
3
5
7
10
9
11
11
12
12
12
12
11
10
10
7
5
3
3
-1
-1
-2
-4
-6
-5
-6
-6
-7
-7
-6
-9
-11
-11
-13
-17
-19
-20
-22
-24
-26
-27
-27
-26
-24
-23
-21
-19
-17
-14
-12
-9
-7
-5
-5
-6
-5
-3
-3
0
1
3
5
5
9
10
12
14
16
16
16
18
17
17
17
17
18
16
16
15
13
13
14
13
14
14
14
14
13
12
11
9
8
5
5
1
1
1
-1
-3
-4
-5
-6
-7
-8
-8
-8
-8
-9
-10
-12
-13
-14
-14
-15
-15
-14
-14
-14
-11
-11
-10
-8
-7
-5
-4
-3
-3
-2
-1
1
3
3
6
7
7
6
8
8
10
11
11
13
14
15
16
18
20
19
17
17
16
14
13
10
10
9
9
9
8
7
6
5
4
3
1
0
-2
-3
-4
-5
-6
-6
-8
-10
-12
-13
-13
-13
-13
-12
-13
-14
-13
-13
-15
-14
-13
-13
-13
-13
-13
-13
-13
-12
-11
-9
-6
-5
-4
-2
0
-1
1
2
1
2
1
1
0
1
2
4
6
8
9
8
9
8
6
5
5
5
3
5
5
5
6
6
4
5
1
2
1
1
2
4
5
7
8
9
8
8
6
5
3
3
1
0
0
-1
-1
-2
-2
-1
-1
0
0
-2
-2
-2
-1
-2
-4
-6
-7
-7
-8
-6
-7
-6
-8
-7
-5
-5
-3
-1
0
0
0
-1
-1
0
-1
1
-2
-2
-3
-4
-4
-5
-5
-3
-2
0
0
0
-1
-1
-1
-1
-1
0
-1
-1
0
0
0
1
2
1
1
2
2
4
6
7
7
8
8
8
7
7
8
7
8
9
10
10
11
11
11
10
12
11
12
11
10
10
8
6
4
3
0
2
0
0
0
-1
0
-3
-4
-6
-8
-8
-10
-12
-12
-14
-16
-17
-18
-17
-17
-15
-16
-14
-14
-12
-13
-12
-11
-9
-7
-7
-6
-6
-5
-4
-2
-1
2
4
5
7
8
8
10
12
12
14
14
13
13
12
12
12
12
10
10
8
9
7
6
5
4
2
2
1
0
-1
-2
-3
-4
-6
-8
-9
-10
-9
-10
-10
-10
-11
-10
-9
-11
-10
-9
-11
-9
-10
-10
-9
-8
-8
-7
-7
-7
-7
-8
-8
-7
-7
-4
-3
-1
0
1
2
2
3
4
5
7
7
7
7
8
9
10
11
13
13
12
15
16
18
20
22
22
20
20
18
15
15
14
14
13
12
11
10
9
8
6
4
3
1
-1
-3
-5
-7
-8
-9
-11
-13
-14
-16
-18
-19
-18
-17
-17
-15
-14
-13
-13
-12
-13
-12
-11
-11
-8
-7
-6
-3
-3
-2
0
1
3
4
6
9
9
11
11
11
11
9
10
10
10
9
9
9
8
6
7
7
6
5
5
3
0
0
-1
-2
-3
-5
-5
-7
-9
-10
-11
-11
-11
-11
-10
-10
-10
-9
-10
-10
-9
-8
-8
-7
-7
-6
-5
-4
-3
-2
-1
-1
-1
1
2
4
5
7
9
8
10
10
9
10
11
11
11
10
9
8
8
8
7
8
8
8
7
7
6
5
4
5
4
4
2
0
-2
0
-2
-3
-4
-4
-5
-5
-6
-6
-5
-5
-6
-4
-5
-5
-7
-6
-7
-7
-6
-8
-9
-8
-7
-6
-4
-3
-2
-1
0
-2
-1
-1
1
0
1
2
2
3
4
3
4
4
5
5
7
6
6
6
8
8
8
8
8
7
7
6
7
5
6
6
4
3
3
4
4
4
5
4
3
2
0
-1
0
-1
-2
-3
-6
-5
-6
-7
-6
-6
-6
-6
-6
-7
-6
-5
-5
-6
-4
-4
-3
-3
-3
-3
-2
-2
-2
-1
-1
0
1
1
3
2
1
2
2
1
1
0
1
3
3
2
2
1
1
-1
0
-1
-1
-2
-2
-2
-1
-2
-1
-2
-2
-2
-1
-2
-2
-2
-2
-2
-3
-2
-2
-1
-1
-1
0
0
1
1
-1
1
1
1
2
3
4
5
5
4
4
4
3
3
1
1
2
2
2
4
3
3
4
2
1
1
0
0
0
1
1
0
-1
-2
-2
-3
-2
-2
-2
-2
-3
-1
-1
-2
0
-1
0
0
1
2
0
1
1
1
2
2
1
2
2
3
5
4
6
4
5
4
3
2
1
2
2
1
0
0
1
1
0
0
0
1
1
1
1
0
2
3
4
4
2
0
-2
-1
-1
0
1
1
2
0
0
-1
-1
-2
-3
-4
-4
-6
-7
-5
-5
-3
-4
-5
-7
-8
-10
-9
-8
-6
-6
-6
-6
-9
-8
-10
-10
-10
-8
-7
-6
-3
-1
0
-1
-1
0
-1
0
1
3
5
7
9
9
10
9
8
9
11
10
14
16
16
17
17
15
13
10
9
8
7
7
7
5
5
5
3
1
2
0
0
0
0
0
-1
-1
-4
-7
-9
-10
-9
-8
-8
-6
-5
-4
-3
-1
-1
0
0
1
1
1
2
2
3
3
4
6
5
4
4
3
3
3
3
2
2
0
0
-1
-2
-1
-1
-2
-1
-1
-2
-2
-1
-2
-2
0
-1
-1
0
1
-1
1
0
1
1
1
3
2
1
1
1
0
0
1
-1
-1
-2
-2
-3
-3
-3
-3
-3
-3
-2
-2
-2
-1
-2
-3
-3
-2
-4
-3
-4
-3
-3
-2
-2
-1
0
1
3
2
3
3
2
3
4
4
4
4
4
2
2
2
2
1
3
3
4
2
4
3
2
3
3
3
3
0
1
-1
-1
-1
0
0
0
-1
-2
-3
-3
-3
-1
-1
-1
-2
-2
-3
-3
-3
-2
-2
-2
-1
-1
-1
-1
1
2
3
3
3
3
4
5
5
5
5
4
3
2
1
2
3
2
2
1
1
1
0
-1
-1
-2
-2
-2
-1
-2
-2
-1
-1
-1
-1
-1
-1
-1
-1
-1
-1
-1
1
1
0
1
0
0
-1
1
0
1
2
2
1
0
0
0
2
2
1
1
1
0
1
2
1
2
1
1
2
1
2
2
2
2
1
0
-1
0
0
2
2
1
1
0
0
-1
-1
0
0
0
1
1
0
-1
0
1
0
0
0
0
1
0
1
-1
0
1
0
0
0
-1
0
0
0
1
0
-1
0
-1
-2
-1
-1
0
-1
-2
-2
0
-1
-2
-1
0
0
-2
-1
-1
0
0
1
2
1
1
1
1
1
2
1
0
0
-1
-2
-1
1
1
1
1
1
-1
0
1
0
1
0
-1
0
-1
0
-1
1
-1
1
1
0
-1
0
0
0
0
0
1
1
1
1
1
1
3
3
2
1
1
2
4
2
2
3
4
4
1
1
1
1
0
0
0
0
0
0
0
0
0
0
0
0
0
0
0
1
2
1
0
0
-1
-2
0
0
2
1
1
1
0
0
-2
-1
-1
-1
-1
-1
-2
-3
-1
-2
-3
-1
-1
-1
-1
0
0
1
1
0
1
1
1
1
0
0
0
0
0
0
0
0
0
0
0
-1
0
0
0
-1
0
-1
0
-1
0
0
0
0
1
0
0
0
0
-1
1
0
0
0
0
0
1
0
-1
-1
0
0
0
0
-1
-2
-2
-2
-2
-1
-1
1
1
1
1
1
0
1
1
1
1
1
1
1
0
0
0
0
1
0
1
1
0
1
0
0
0
0
0
1
0
1
0
0
0
1
0
0
-1
0
0
1
0
-1
0
0
0
0
-1
-1
1
0
0
1
0
0
1
0
0
0
-1
1
0
0
0
0
0
0
-1
0
0
0
0
0
0
0
0
0
0
1
1
1
1
1
1
1
1
1
1
0
1
0
1
0
0
0
0
0
0
-1
0
-1
1
0
0
0
0
0
-1
0
-1
0
-1
0
0
0
0
-1
0
-1
0
1
0
0
0
0
0
0
1
0
0
0
0
0
0
-1
0
0
0
0
0
0
0
0
1
0
1
1
0
0
0
0
0
0
0
0
0
0
1
0
1
0
0
0
0
0
0
0
1
0
0
0
1
0
1
1
0
0
0
0
-1
0
0
2
1
1
1
1
1
1
1
1
1
1
1
1
0
-1
0
0
0
0
0
-1
0
0
0
0
1
2
1
1
1
0
1
2
2
2
4
3
2
2
2
1
2
1
1
1
1
1
1
1
0
1
1
0
-1
-1
1
0
1
1
1
0
1
1
-1
-1
0
-1
-1
-1
-1
-1
-1
-1
-1
-2
-1
-1
-1
-1
1
0
0
0
0
0
0
-1
-1
1
0
0
1
0
-1
-2
-1
-2
0
-1
0
-1
-1
-1
0
2
0
0
0
-1
-1
-2
-1
0
0
1
1
1
1
1
0
0
1
1
1
1
2
1
0
0
0
0
0
0
0
-1
0
0
1
0
0
-1
0
-1
-1
0
1
2
2
3
2
2
0
1
0
1
1
0
1
1
1
1
0
1
1
1
1
1
1
2
1
1
1
1
1
2
0
0
0
0
0
0
0
-1
1
-1
0
-1
0
0
0
0
-1
0
0
0
0
0
0
0
0
0
1
0
0
0
0
0
0
0
0
0
0
0
0
0
0
-1
0
0
0
1
0
0
0
0
-1
0
-1
0
1
0
0
1
0
0
0
0
0
0
0
0
0
0
1
-1
0
-1
0
0
-1
0
0
0
0
-1
0
0
0
0
0
1
0
0
0
0
0
0
0
-1
0
0
0
0
0
0
-1
0
0
0
0
0
0
-1
0
-1
0
0
0
0
1
0
0
0
0
0
0
0
0
0
0
0
0
1
0
0
0
0
1
0
-1
0
1
0
0
0
0
0
0
0
-1
-1
0
0
0
1
0
-1
0
0
-1
0
0
0
-1
0
0
1
0
0
0
0
0
0
1
0
0
0
0
1
0
0
0
1
1
0
0
0
0
0
0
1
0
1
0
0
0
1
0
0
0
-1
1
1
0
-1
0
0
0
0
0
0
0
0
0
0
0
1
0
1
0
0
0
0
0
-1
0
1
0
0
-1
0
-1
0
0
-1
0
0
0
0
0
0
0
0
0
0
0
0
0
0
0
0
0
0
0
0
0
0
0
0
0
0
0
0
0
0
0
0
0
-1
0
0
0
0
0
0
0
-1
0
0
0
0
0
0
0
0
0
0
0
0
0
0
0
0
0
0
0
0
0
0
1
-1
0
0
0
0
0
0
0
1
0
0
0
0
0
-1
0
0
0
0
0
0
0
0
1
1
0
0
0
0
1
0
1
1
0
0
0
0
-1
-1
0
-1
0
0
0
-1
0
0
0
0
0
0
0
1
0
0
0
0
0
0
0
0
0
0
1
1
0
0
0
0
0
0
0
0
0
0
0
1
0
0
0
0
0
1
1
0
0
0
0
0
-1
0
0
0
0
0
0
1
0
0
1
0
0
0
1
0
0
1
0
1
1
0
0
0
0
1
1
0
0
-1
-1
0
-1
1
2
0
1
1
0
0
0
0
0
0
0
0
0
1
0
0
1
0
0
0
1
0
0
0
-1
0
0
0
0
0
0
0
0
0
0
1
0
0
0
-1
-1
0
0
0
0
0
0
0
0
0
0
-1
0
1
0
0
0
0
0
0
0
-1
0
1
0
0
0
0
-1
0
-1
-1
0
0
0
0
1
0
0
0
0
0
0
0
0
1
1
0
1
-1
0
0
0
0
0
0
0
0
0
0
0
0
0
0
0
0
0
0
0
0
0
0
0
0
0
0
0
0
-1
1
0
1
0
0
1
0
0
0
0
0
1
-1
0
0
0
0
0
1
0
0
-1
0
0
0
0
1
0
0
1
-1
-1
0
0
0
0
0
0
0
0
0
0
0
-1
0
0
0
1
0
0
0
0
1
0
-1
-1
0
0
0
-1
0
0
0
0
0
-1
0
0
0
0
-1
0
0
0
0
0
0
0
0
0
0
0
0
0
0
-1
0
0
0
0
0
0
0
0
0
1
0
-1
0
0
0
0
0
0
0
0
0
0
0
0
0
0
0
0
0
0
0
-1
0
0
0
0
0
0
0
0
0
0
0
0
0
1
0
0
0
0
0
0
0
1
0
0
0
1
1
0
0
0
-1
1
1
0
0
0
0
0
0
0
1
0
0
0
1
0
0
0
0
0
-1
0
0
0
0
0
0
0
0
0
0
-1
-1
-1
0
0
0
0
-1
0
0
0
0
0
0
0
0
0
1
0
1
0
0
0
0
0
0
1
-1
0
1
-1
0
0
0
0
0
0
0
-1
0
0
0
-1
0
-1
0
0
0
0
0
-1
0
0
0
0
0
0
-1
0
0
0
0
0
0
0
0
-1
-1
0
0
0
0
0
1
0
0
0
0
0
-1
0
0
0
0
0
0
0
0
0
1
0
1
0
0
1
-1
1
0
0
0
-1
-1
0
0
0
-1
0
-1
0
0
0
-1
0
0
0
0
1
0
0
0
0
0
0
1
0
1
0
0
0
0
0
0
1
0
0
0
1
1
0
0
0
0
0
0
0
0
-1
1
0
0
0
0
0
0
0
1
0
0
-1
0
0
0
-1
-1
0
0
1
0
-1
0
0
0
0
0
0
-1
-1
0
0
-1
1
0
1
0
0
0
0
0
0
1
0
0
0
-1
0
0
0
0
0
1
-1
0
0
0
0
0
0
0
0
0
1
0
0
0
0
0
0
-1
0
0
-1
0
0
-1
0
0
0
0
0
0
0
0
1
0
0
-1
1
0
0
-1
-1
0
0
0
1
-1
0
0
0
-1
1
0
0
0
1
-1
0
0
0
0
0
0
0
0
0
0
0
-1
0
0
0
0
0
0
0
0
0
0
1
-1
0
0
-1
1
0
0
0
0
0
0
0
0
0
0
0
0
0
0
-1
0
0
0
0
0
0
0
-1
0
0
0
-1
0
0
-1
-1
0
0
0
0
0
1
1
-1
0
-1
0
0
0
0
0
0
0
0
1
0
0
0
0
-1
1
0
0
1
0
0
0
0
0
1
1
0
0
0
0
0
-1
0
-1
1
0
1
0
0
1
0
0
1
0
0
0
1
-1
-1
1
0
0
0
-1
0
0
1
0
0
0
0
0
0
-1
0
0
0
-1
0
0
1
1
-1
0
0
0
0
0
0
0
0
0
-1
1
0
0
1
0
0
0
0
1
-1
0
0
0
0
-1
1
0
0
-1
0
0
0
0
0
-1
0
-1
1
0
0
1
0
0
0
0
0
0
0
0
-1
0
0
0
1
0
1
0
0
0
0
-1
0
0
1
1
0
0
0
-1
-1
0
0
0
-1
0
0
1
0
1
0
0
1
0
0
1
0
0
0
0
0
0
0
0
0
0
0
-1
1
0
0
0
0
0
0
0
0
0
0
-1
0
-1
0
0
0
0
0
-1
0
0
0
1
0
0
0
0
0
0
0
0
0
-1
1
1
-1
0
0
0
0
0
0
0
0
0
0
0
0
0
-1
0
0
0
0
0
0
0
0
-1
0
0
0
0
-1
0
-1
0
0
0
0
0
-1
0
0
-1
0
0
0
1
0
0
0
0
0
0
1
0
0
0
0
0
1
0
0
0
1
1
0
0
0
0
0
0
0
0
1
1
1
0
0
-1
0
0
0
-1
-1
0
0
0
0
0
0
0
0
0
0
0
0
0
0
0
0
0
0
0
0
0
1
1
1
0
-1
1
1
1
1
1
1
2
0
1
2
2
1
0
0
1
0
-1
1
1
1
1
0
0
0
0
-1
0
0
0
0
1
0
0
0
0
0
-1
1
1
0
0
0
0
1
0
0
0
0
0
0
0
0
0
0
0
0
1
0
0
0
-1
-1
-1
1
0
1
2
2
2
2
1
1
1
1
2
1
0
1
1
0
0
-1
0
0
0
0
0
0
-1
0
0
-1
0
0
0
-2
0
-1
-1
-1
-1
-1
-1
-1
-1
-1
0
0
0
1
0
1
0
1
1
1
1
1
1
0
0
0
1
0
0
0
0
0
0
0
0
0
0
0
1
0
0
0
0
0
0
0
0
0
-1
0
0
1
0
0
0
0
0
0
0
1
0
0
0
0
0
0
-1
0
1
0
0
0
0
0
0
0
0
-1
0
0
0
0
0
0
0
0
1
0
-1
0
1
0
0
-1
0
0
0
0
-1
0
0
0
0
1
0
0
0
0
0
0
0
0
-1
0
0
0
0
0
0
0
0
0
1
0
0
0
0
0
1
0
0
1
0
1
-1
0
0
0
0
0
0
0
0
-1
0
-1
-1
0
0
0
0
0
0
0
0
0
0
-1
0
-1
0
0
0
0
0
0
-1
0
0
0
0
0
0
0
0
0
0
0
0
0
0
0
0
0
1
1
0
-1
0
0
0
0
0
0
0
0
0
0
0
0
0
0
0
0
1
0
0
0
0
0
1
0
0
0
0
0
0
0
-1
-1
0
0
0
0
0
-1
-1
0
0
0
-1
1
0
0
-1
0