2
3
0
0
-1
0
1
2
0
0
2
4
1
-1
0
4
6
2
-1
-1
1
5
5
4
0
-5
3
9
-1
-11
-2
13
7
-14
-19
3
16
9
-2
-9
-10
7
31
22
-53
-87
50
195
54
-230
-207
116
242
-23
-276
-113
253
235
-178
-323
38
302
80
-194
-99
119
102
-61
-88
33
79
-12
-53
31
65
-24
-62
36
87
-5
-58
17
48
-30
-58
28
70
-11
-70
7
78
4
-106
-71
58
83
-17
-71
-9
45
0
-54
-29
27
30
-6
-29
-8
23
15
-24
-23
31
50
-3
-41
-5
36
26
-3
-12
-4
19
39
9
-43
-35
30
48
-5
-44
-15
28
17
-40
-59
-5
52
32
-28
-33
11
25
-5
-24
-17
5
25
17
-18
-30
-1
21
5
-20
-11
17
18
-4
-10
9
15
-4
-8
30
30
-32
-53
7
58
19
-42
-26
27
23
-17
-23
7
27
14
-10
-15
-5
10
11
3
-2
-5
-8
-1
4
2
-2
3
18
19
-8
-30
-14
22
19
-20
-33
5
41
19
-38
-39
16
37
3
-30
-16
23
29
-11
-26
13
30
-23
-57
7
69
17
-55
-42
9
33
27
7
-13
-23
-19
19
68
-2
-149
-70
224
232
-157
-363
-67
311
255
-173
-365
42
454
136
-456
-345
277
428
-26
-335
-112
228
186
-147
-226
87
246
-15
-203
-11
150
18
-109
-25
78
65
-7
-72
-57
41
67
-12
-48
1
36
28
-3
-69
-96
10
125
66
-58
-53
17
12
-33
-28
14
39
25
-25
-43
5
27
-30
-47
28
72
10
-57
-42
22
64
39
-30
-53
3
39
0
-30
-14
-2
13
43
19
-55
-56
25
52
2
-28
0
31
26
-8
-35
-24
8
24
12
-4
-14
-12
8
23
2
-26
-11
28
24
-14
-25
-6
14
26
21
-19
-49
-8
54
38
-29
-36
25
50
4
-44
-33
18
39
4
-26
2
30
3
-30
-21
-1
12
17
1
-15
3
25
3
-33
-27
11
38
27
-24
-56
-3
66
40
-37
-60
-14
41
41
-31
-67
4
83
34
-65
-59
26
50
-13
-47
12
68
15
-58
-35
38
40
-22
-41
6
46
21
-34
-21
33
18
-28
-9
28
7
-28
-7
35
30
-16
-44
-16
33
29
-15
-19
10
18
0
-12
-13
-8
13
20
-10
-27
-2
17
2
-12
-2
17
8
-22
-25
13
35
12
-19
-16
13
16
-24
-38
14
50
1
-53
-23
41
37
-30
-57
4
57
24
-38
-31
21
34
-1
-27
-15
11
15
-4
-11
8
10
-9
-10
7
4
-2
6
2
-11
0
20
11
-9
-11
-7
4
22
17
-20
-20
18
29
0
-24
-15
17
36
7
-28
-14
19
17
-9
-14
-2
8
7
-5
-6
8
11
-11
-24
0
29
12
-20
-14
22
25
-14
-35
-5
27
16
-14
-16
-2
0
-2
3
0
-8
-6
2
6
1
-4
-8
-3
10
13
-6
-26
-13
23
30
-4
-32
-11
26
22
-11
-21
2
14
8
1
-4
-8
-6
4
9
-1
-11
1
19
13
-13
-16
5
16
3
-9
-2
8
7
-2
-7
2
16
9
-15
-14
12
23
10
2
1
-6
-7
3
9
6
5
5
1
-6
-12
-11
-2
7
6
1
-4
-9
-17
-9
11
14
-4
-15
-9
2
2
0
0
-3
-2
4
-2
-15
-13
6
18
6
-5
-6
-5
-5
3
7
5
6
2
-6
-3
8
-2
-12
-1
11
9
3
0
-1
6
7
-5
-7
-1
0
2
12
6
-9
-11
-5
-8
-4
15
22
4
-13
-10
-1
5
7
5
1
2
4
0
-10
-13
-4
16
22
1
-22
-20
-4
4
8
15
7
-14
-15
6
13
-12
-25
-1
28
22
-13
-32
-15
9
13
5
3
-1
-2
4
5
-6
-16
-5
17
21
3
-13
-12
-1
4
1
0
1
3
6
6
-4
-16
-10
3
8
1
-4
2
2
-6
-7
2
6
-1
-2
9
12
-3
-12
-1
13
12
3
1
-1
-4
-4
5
3
-6
-2
17
18
-9
-27
-9
15
16
0
-9
1
11
4
-13
-16
-2
9
10
4
-1
-2
-2
-6
-10
-3
6
5
-3
-2
1
-1
-6
-7
-3
5
12
9
-5
-13
-4
8
6
-1
0
3
3
1
-4
-8
-3
10
9
0
-6
-6
0
3
-1
-2
4
11
6
-6
-9
-1
5
4
0
0
2
5
3
-5
-7
2
12
7
-3
-6
0
4
1
-3
-3
3
4
-1
-7
-5
0
6
9
4
-7
-10
2
8
-2
-9
-1
9
7
-2
-10
-9
2
8
4
0
-4
0
3
1
-4
-7
-1
8
8
1
-8
-6
0
8
5
-2
-8
-3
7
5
-9
-12
5
19
8
-14
-12
4
8
-4
-9
4
14
5
-11
-13
-2
7
4
0
-2
1
7
5
-8
-12
3
15
6
-11
-12
1
9
5
-7
-5
4
6
1
-5
-5
2
7
4
-3
-5
-4
-2
-2
2
5
3
-1
0
3
-2
-8
-4
7
9
1
-6
-4
1
2
0
0
1
2
1
-1
-2
-1
0
3
3
0
-4
-2
0
-2
-4
-2
0
2
0
-3
-2
1
1
1
2
2
3
0
1
2
0
-1
0
6
5
-1
-4
-2
2
3
0
-2
0
0
1
-1
-1
-2
-2
0
3
2
-1
-2
2
6
2
-3
-3
4
5
0
-4
1
5
4
0
-3
-3
1
2
2
1
1
0
2
-2
-4
-2
4
4
2
-2
0
0
0
-1
0
-1
0
0
1
0
-3
-3
1
2
1
0
0
1
1
1
1
0
1
3
3
0
-2
-4
1
1
1
1
1
-1
-2
-1
0
1
1
-2
1
2
1
-4
-2
2
2
1
1
0
-1
0
0
-1
-2
0
2
1
0
1
3
2
-1
-1
2
1
0
-1
0
0
0
-1
-1
0
1
0
0
0
-1
0
1
1
0
1
1
0
-2
-2
0
0
0
2
4
3
-1
-2
-1
0
1
2
3
4
2
1
-1
0
-2
0
2
0
0
0
1
1
-1
-1
0
1
0
-1
0
1
1
1
0
0
0
-1
-1
0
0
0
0
1
-1
-2
0
1
1
1
3
2
1
2
0
-2
-2
0
3
2
1
1
0
-1
-2
-2
-1
0
1
5
4
1
-3
-3
0
0
-1
-1
2
3
1
-2
-1
-1
-1
0
0
0
0
0
1
0
0
-1
-1
0
0
1
1
2
3
3
1
-1
-3
-2
0
1
1
2
2
0
-3
-2
0
2
1
0
0
2
1
-1
-2
-1
0
1
0
0
0
0
0
2
0
-2
-2
0
1
1
2
1
0
0
-1
-2
-2
0
2
2
2
-1
0
-2
-1
-1
-1
0
0
1
2
0
-2
-2
1
2
2
-1
-2
0
1
0
0
0
0
0
-1
-3
-1
0
2
3
0
-2
-2
-1
1
1
2
1
0
0
-2
-2
0
1
2
2
1
2
2
1
2
1
1
1
1
0
1
0
0
0
1
0
-1
0
1
1
0
-1
-1
1
0
-1
0
0
1
-1
-1
0
1
0
0
-1
1
1
1
1
1
1
2
1
2
1
1
1
1
2
3
1
2
2
2
1
1
0
2
1
0
-1
-1
0
-3
-4
-3
-1
0
1
1
0
-3
-2
-2
-1
0
3
4
3
0
-2
-1
0
-1
2
4
4
3
0
0
2
1
1
2
2
2
2
-1
-2
-2
1
3
2
0
-1
0
1
0
2
2
3
1
1
0
-2
-1
-1
2
2
2
0
0
-1
-3
-3
1
3
3
2
1
-1
-1
-1
1
1
2
2
2
0
-4
-3
0
1
2
2
1
1
-1
0
1
1
0
0
1
0
-1
-2
1
2
2
0
-1
0
0
1
2
2
2
1
0
0
0
1
1
0
0
-1
0
1
-1
0
0
1
0
-1
-2
0
-1
-1
0
0
0
0
2
1
1
1
2
1
0
1
2
1
0
-1
0
0
0
0
0
0
0
0
-1
0
0
0
0
1
-1
0
0
-1
0
0
-1
0
0
1
1
0
0
0
0
0
2
2
2
2
0
0
0
0
0
1
2
1
1
-1
0
0
1
0
0
0
0
0
1
0
0
-1
0
0
0
0
0
0
0
0
1
0
0
0
0
0
0
0
0
1
0
0
0
0
0
0
-1
0
0
0
0
1
0
0
1
0
0
0
1
-1
0
-1
0
0
0
1
0
0
0
0
0
0
1
0
0
0
0
0
0
0
0
0
-1
0
0
0
1
0
0
0
1
0
0
0
0
0
0
0
0
0
0
1
0
1
0
-1
0
0
-1
0
0
0
-1
0
0
0
-1
0
-1
1
-1
1
0
0
0
0
0
1
0
1
0
0
0
0
0
0
0
0
0
0
0
1
0
0
-1
0
0
0
0
0
0
0
0
0
0
-1
0
0
1
0
0
-1
0
0
0
0
0
0
0
0
-1
0
1
0
0
0
0
1
0
0
0
0
0
-1
0
0
-1
0
0
0
0
0
0
0
0
0
0
0
1
1
1
1
0
0
-1
1
0
0
0
0
0
0
0
0
0
0
0
0
1
0
0
1
0
1
0
0
1
0
0
0
0
1
0
0
-1
0
0
1
1
0
0
-1
0
-1
-1
0
0
0
1
1
0
-1
0
1
0
0
0
0
1
0
1
-1
0
1
0
0
0
-1
0
0
0
1
0
-1
0
-1
-1
0
0
1
0
0
0
1
1
0
0
1
1
-1
0
-1
0
0
0
1
0
0
0
0
-1
0
0
-1
0
0
-1
-1
1
0
0
0
-1
-2
-1
1
1
2
2
1
3
1
1
0
1
-1
0
0
0
-1
0
0
0
0
0
0
0
0
0
0
0
0
0
0
0
0
0
1
0
0
0
0
0
-1
-1
0
1
2
2
2
2
1
0
0
0
0
0
0
0
0
0
0
0
1
0
0
0
0
-1
0
0
1
0
0
0
0
0
-1
0
0
0
0
0
0
-1
0
0
-1
0
0
0
-1
0
0
0
0
-1
0
0
0
0
0
0
0
0
0
0
0
0
0
0
0
-1
0
0
0
-1
0
-1
0
-1
0
0
0
0
1
0
0
0
0
-1
1
0
0
0
0
0
1
0
0
0
0
0
0
1
0
0
0
0
-1
0
-1
0
0
0
0
0
0
0
0
0
0
0
0
0
0
0
0
0
1
0
1
1
0
1
0
0
0
0
0
1
0
1
0
0
0
1
0
0
-1
0
0
1
0
-1
0
0
0
0
-1
-1
1
0
0
1
0
0
1
0
0
0
-1
1
0
0
0
0
0
0
-1
0
0
0
0
0
0
0
0
0
0
0
0
0
0
0
0
0
0
0
0
-1
0
-1
0
-1
0
0
0
0
0
-1
0
-1
1
0
0
0
0
0
-1
0
-1
0
-1
0
0
0
0
-1
0
-1
0
1
0
0
0
0
0
0
1
0
0
0
0
0
0
-1
0
0
0
0
0
0
0
0
1
0
1
1
0
0
0
0
0
0
0
0
0
0
1
0
1
0
0
0
0
0
0
0
1
0
0
0
1
0
1
1
0
0
0
0
-1
0
0
1
0
0
0
0
0
0
0
0
0
0
0
0
0
-1
0
0
0
0
0
0
0
0
0
-1
0
1
0
0
0
0
0
0
0
-1
1
0
0
0
1
0
1
0
0
0
0
0
0
0
-1
0
1
0
0
0
1
0
0
0
0
-1
1
1
0
0
1
0
0
0
0
0
0
0
0
-1
0
0
0
0
1
0
0
0
0
0
0
-2
-1
1
0
0
1
0
0
0
1
1
3
1
2
0
-1
-1
-1
1
-1
1
1
1
1
1
0
1
1
1
1
1
1
1
0
-1
-1
0
0
1
2
1
1
0
0
-1
-1
-1
0
-1
0
0
0
-1
0
0
1
0
-1
0
1
0
0
1
0
1
0
0
0
1
1
0
0
-1
-2
-3
-4
-2
-1
1
1
2
1
1
-1
-1
-1
0
1
3
3
2
1
1
0
-1
1
0
1
1
3
2
3
0
-1
1
-1
-2
-1
1
2
1
1
0
0
0
0
0
2
2
3
3
1
-1
-2
-2
-2
0
1
3
3
1
0
-1
-2
-1
-2
-1
1
2
1
2
0
0
0
-1
-1
1
0
1
1
1
0
0
0
0
0
0
1
-1
0
-2
0
0
-1
0
0
0
0
-1
1
2
2
1
1
1
-1
-1
0
1
2
2
1
-1
-1
-1
-1
0
0
1
0
1
0
0
0
0
0
-1
0
-1
0
0
0
0
1
0
0
0
0
0
0
1
1
0
0
-1
-1
0
0
1
1
1
2
1
-1
-1
0
0
1
1
1
1
0
-1
-2
-3
-2
-2
-1
1
1
-1
0
0
0
2
2
1
-1
0
0
2
2
1
0
-2
-2
-2
0
1
2
3
3
3
1
-1
0
1
2
2
2
2
1
0
0
1
0
2
1
2
3
4
2
2
2
-1
1
1
-1
-1
0
1
0
0
-1
-2
-2
-3
1
1
4
4
4
1
0
-3
-1
-1
0
-1
1
2
0
-2
-4
-3
-3
0
2
2
2
1
0
-1
0
1
1
1
0
0
0
0
1
0
0
0
0
1
1
1
0
-1
0
1
0
-2
-2
-2
0
2
2
1
1
-1
0
1
0
0
1
2
2
-1
-1
-1
-1
1
1
1
0
0
0
1
2
1
1
1
1
1
0
0
0
0
0
0
1
-1
0
0
0
0
0
0
0
1
0
0
0
0
0
-1
0
0
0
0
0
0
0
0
0
0
-1
-1
-1
-1
0
-1
0
0
0
0
0
0
-1
-1
0
-1
0
0
0
-1
0
0
0
0
0
0
0
1
0
0
0
0
0
0
0
0
0
0
1
1
0
0
0
0
0
0
0
0
0
0
0
1
0
0
0
0
0
1
1
0
0
0
0
0
-1
0
0
0
0
0
0
1
0
0
1
0
0
0
1
0
0
1
0
1
1
0
0
0
0
0
0
0
0
0
0
1
0
1
1
-1
0
0
0
0
0
0
0
0
0
0
0
1
0
0
1
0
0
0
1
0
0
0
-1
0
0
0
0
0
0
0
0
0
0
1
0
0
0
-1
-1
0
0
0
0
0
0
0
0
0
0
-1
0
1
0
0
0
0
0
0
0
-1
0
1
0
0
0
0
-1
0
-1
-1
0
0
0
0
1
0
0
0
0
0
0
0
0
1
1
0
1
-1
0
0
0
0
0
0
0
0
0
0
0
0
0
0
0
0
0
0
0
0
0
0
0
0
0
0
0
0
-1
1
0
1
0
0
1
0
0
0
0
0
1
-1
0
0
0
0
0
1
0
0
-1
0
0
0
0
1
0
0
1
-1
-1
0
0
0
0
0
0
0
0
0
0
0
-1
0
0
0
1
0
0
0
0
1
0
-1
-1
0
0
0
-1
0
0
0
0
0
-1
0
0
0
0
-1
0
0
0
0
0
0
0
0
0
0
0
0
0
0
-1
0
0
0
0
0
0
0
0
0
1
0
-1
0
0
0
0
0
0
0
0
0
0
0
0
0
0
0
0
0
0
0
-1
0
0
0
0
0
0
0
0
0
0
0
0
0
1
0
0
0
0
0
0
0
1
0
0
0
1
1
0
0
0
-1
1
1
0
0
0
0
0
0
0
1
0
0
0
1
0
0
0
0
0
-1
0
0
0
0
0
0
0
0
0
0
-1
-1
-1
0
0
0
0
-1
0
0
0
0
0
0
0
0
0
1
0
1
0
0
0
0
0
0
1
-1
0
1
-1
0
0
0
0
0
0
0
-1
0
0
0
-1
0
-1
0
0
0
0
0
-1
0
0
0
0
0
0
-1
0
0
0
0
0
0
0
0
-1
-1
0
0
0
0
0
1
0
0
0
0
0
-1
0
0
0
0
0
0
0
0
0
1
0
1
0
0
1
-1
1
0
0
0
-1
-1
0
0
0
-1
0
-1
0
0
0
-1
0
0
0
0
1
0
0
0
0
0
0
1
0
1
0
0
0
0
0
0
1
0
0
0
1
1
0
0
0
0
0
0
0
0
-1
1
0
0
0
0
0
0
0
1
0
0
-1
0
0
0
-1
-1
0
0
1
0
-1
0
0
0
0
0
0
-1
-1
0
0
-1
1
0
1
0
0
0
0
0
0
1
0
0
0
-1
0
0
0
0
0
1
-1
0
0
0
0
0
0
0
0
0
1
0
0
0
0
0
0
-1
0
0
-1
0
0
-1
0
0
0
0
0
0
0
0
1
0
0
-1
1
0
0
-1
-1
0
0
0
1
-1
0
0
0
-1
1
0
0
0
1
-1
0
0
0
0
0
0
0
0
0
0
0
-1
0
0
0
0
0
0
0
0
0
0
1
-1
0
0
-1
1
0
0
0
0
0
0
0
0
0
0
0
0
0
0
-1
0
0
0
0
0
0
0
-1
0
0
0
-1
0
0
-1
-1
0
0
0
0
0
1
1
-1
0
-1
0
0
0
0
0
0
0
0
1
0
0
0
0
-1
1
0
0
1
0
0
0
0
0
1
1
0
0
0
0
0
-1
0
-1
1
0
1
0
0
1
0
0
1
0
0
0
1
-1
-1
1
0
0
0
-1
0
0
1
0
0
0
0
0
0
-1
0
0
0
-1
0
0
1
1
-1
0
0
0
0
0
0
0
0
0
-1
1
0
0
1
0
0
0
0
1
-1
0
0
0
0
-1
1
0
0
-1
0
0
0
0
0
-1
0
-1
1
0
0
1
0
0
0
0
0
0
0
0
-1
0
0
0
1
0
1
0
0
0
0
-1
0
0
1
1
0
0
0
-1
-1
0
0
0
-1
0
0
1
0
1
0
0
1
0
0
1
0
0
0
0
0
0
0
0
0
0
0
-1
1
0
0
0
0
0
0
0
0
0
0
-1
0
-1
0
0
0
0
0
-1
0
0
0
1
0
0
0
0
0
0
0
0
0
-1
1
1
-1
0
0
0
0
0
0
0
0
0
0
0
0
0
-1
0
0
0
0
0
0
0
0
-1
0
0
0
0
-1
0
-1
0
0
0
0
0
-1
0
0
-1
0
0
0
1
0
0
0
0
0
0
1
0
0
0
0
0
1
0
0
0
1
1
0
0
0
0
0
0
0
0
1
1
1
0
0
-1
0
0
0
-1
-1
0
0
0
0
0
0
0
0
0
0
0
0
0
0
0
0
0
0
0
0
0
1
1
1
0
-1
0
0
0
0
0
0
1
-1
-1
0
0
0
0
0
1
0
-1
0
0
0
0
0
0
0
0
-1
0
0
0
0
1
0
0
0
0
0
-1
1
1
0
0
0
0
1
0
0
0
0
0
0
0
0
0
0
0
0
1
0
0
0
0
0
0
1
0
0
0
0
0
0
0
0
0
0
1
0
-1
0
0
0
0
-1
0
0
0
0
0
0
-1
0
0
-1
0
0
0
-1
1
0
0
0
0
0
0
0
0
0
0
0
0
0
-1
0
-1
0
0
0
0
0
0
0
0
0
1
0
0
0
0
0
0
0
0
0
0
0
1
0
0
0
0
0
0
0
0
0
-1
0
0
1
0
0
0
0
0
0
0
1
0
0
0
0
0
0
-1
0
1
0
0
0
0
0
0
0
0
-1
0
0
0
0
0
0
0
0
1
0
-1
0
1
0
0
-1
0
0
0
0
-1
0
0
0
0
1
0
0
0
0
0
0
0
0
-1
0
0
0
0
0
0
0
0
0
1
0
0
0
0
0
1
0
0
1
0
1
-1
0
0
0
0
0
0
0
0
-1
0
-1
-1
0
0
0
0
0
0
0
0
0
0
-1
0
-1
0
0
0
0
0
0
-1
0
0
0
0
0
0
0
0
0
0
0
0
0
0
0
0
0
1
1
0
-1
0
0
0
0
0
0
0
0
0
0
0
0
0
0
0
0
1
0
0
0
0
0
1
0
0
0
0
0
0
0
-1
-1
0
0
0
0
0
-1
-1
0
0
0
-1
1
0
0
-1
0
0
0
0
0
0
0
0
0
0
0
0
0
0
0
0
1
0
0
-1
0
0
0
0
0
0
1
0
0
-1
-1
0
0
0
0
-1
0
0
0
0
0
1
0
0
1
0
1
0
0
0
0
0
0
-1
0
0
0
0
0
0
1
0
0
0
0
0
0
-1
-1
0
-1
0
0
0
0
0
0
0
0
0
0
0
0
0
0
-1
0
0
0
0
1
0
0
0
0
0
0
0
0
0
0
-1
1
-1
0
0
0
0
0
0
0
0
1
0
1
0
0
0
1
-1
0
0
0
0
0
0
0
0
0
0
-1
0
0
0
0
1
1
0
1
0
0
0
0
0
0
0
0
0
0
-1
-1
-1
-1
0
0
0
0
0
-1
0
0
0
0
0
-1
0
-1
0
1
0
0
1
0
0
-1
0
-1
0
0
0
-1
0
1
-1
0
0
0
0
-1
0
1
0
-1
1
1
0
1
-1
0
0
1
0
0
-1
1
0
0
1
0
0
0
0
1
0
0
0
0
1
0
-1
0
-1
0
1
0
1
-1
0
1
0
0
0
0
0
-1
0
0
0
0
0
0
0
0
0
0
-1
0
1
0
1
0
-1
0
0
1
0
0
0
0
0
0
-1
0
-1
0
0
0
0
0
0
0
1
0
1
0
0
0
0
0
-1
0
0
0
0
0
-1
0
0
0
0
0
0
1
0
0
0
0
1
0
0
0
0
0
0
0
0
0
-1
0
1
0
0
0
0
0
0
0
0
0
0
0
0
0
0
0
-1
1
0
0
0
-1
0
0
0
1
0
0
0
-1
0
0
0
0
1
1
0
1
0
0
-1
0
-1
0
0
0
0
0
0
0
0
0
0
0
0
0
1
0
0
0
0
0
0
0
0
0
0
0
0
0
0
0
0
0
0
1
0
0
0
1
0
0
0
0
0
0
0
0
1
1
0
0
1
0
0
0
0
0
1
0
0
-1
1
0
-1
-1
0
0
0
0
0
1
0
1
0
0
0
1
0
-1
0
-1
0
0
-1
0
0
0
-1
0
0
0
0
0
0
0
0
1
-1
0
0
0
0
-1
0
0
0
0
0
1
0
0
0
0
0
0
0
0
1
1
0
0
0
0
0
0
0
0
0
1
0
-1
0
0
0
0
0
0
0
0
0
0
1
0
1
1
1
0
0
0
0
0
0
0
0
0
0
0
0
-1
0
0
0
-1
0
-1
0
0
0
0
0
0
0
-1
1
0
1
0
0
0
0
1
1
0
-1
0
1
-1
0
0
0
0
0
0
0
0
0
0
0
0
0
1
-1
0
0
0
0
0
0
0
-1
0
-1
0
0
0
0
0
-1
0
1
0
0
0
1
0
0
0
0
0
0
0
0
0
0
0
0
0
0
1
0
1
0
-1
-1
-1
0
0
0
0
0
0
0
-1
0
0
1
-1
0
1
0
0
0
0
0
0
0
-1
0
0
0
0
0
0
0
0
0
0
0
0
0
0
0
0
0
0
0
0
0
0
1
0
1
0
0
0
1
0
0
-1
1
0
-1
0
0
-1
0
0
0
0
-1
0
0
0
0
1
0
0
0
1
0
0
1
-1
0
0
0
0
0
0
-1
0
1
0
0
0
1
-1
0
0
0
-1
0
0
0
-1
0
1
0
-1
0
0
-1
-1
0
0
0
0
-1
-1
-1
0
0
0
0
0
0
0
0
0
1
0
-1
0
1
0
1
0
0
0
-1
0
0
0
0
0
0
-1
1
0
0
0
0
1
0
0
0
-1
0
1
0
0
0
0
0
0
0
0
0
0
-1
1
-1
0
1
0
0
0
0
0
0
0
0
0
0
0
0
0
0
0
1
0
0
0
0
-1
1
0
0
0
0
0
0
0
0
0
0
0
0
-1
0
0
0
-1
0
0
1
1
0
0
0
0
-1
0
1
0
-1
0
0
0
0
-1
0
0
0
0
0
-1
-1
0
0
0
0
1
0
0
0
0
-1
0
0
0
0
0
0
0
0
1
0
-1
0
0
-1
0
0
0
0
0
0
0
0
0
0
0
1
0
0
0
0
-1
-1
0
-1
0
0
0
-1
0
0
0
0
1
1
-1
0
0
-1
-1
0
0
-1
0
0
-1
0
0
-1
1
-1
0
0
-1
0
0
0
0
0
0
0
1
0
0
-1
1
1
0
0
0
0
0
0
0
0
0
1
0
0
0
0
0
0
-1
0
0
-1
0
0
1
0
0
1
0
0
0
1
0
0
0
0
0
0
1
-1
0
0
0
1
0
-1
0
0
0
0
0
-1
0
0
0
0
1
0
0
1
0
0
0
1
0
0
0
0
0
1
0
0
0
0
0
0
0
1
0
0
0
0
-1
0
0
-1
-1
0
-1
0
0
0
1
1
0
0
0
-1
1
0
0
0
0
1
0
1
0
0
1
1
0
0
0
0
0
-1
0
0
0
-1
0
0
1
0
0
0
0
1
0
1
0
0
0
0
-1
0
0
0
0
0
-1
0
0
0
1
1
0
0
-1
0
0
1
0
0
-1
1
0
0
0
0
-1
0
0
0
0
0
0
0
0
0
0
0
1
0
0
0
-1
0
1
0
0
1
-1
0
-1
-1
0
0
0
0
0
0
0
0
-1
0
-1
1
0
1
1
0
0
0
0
0
0
0
0
0
0
0
0
0
0
1
0
-1
0
0
0
0
0
0
-1
0
0
-1
0
0
0
0
0
0
0
1
1
0
0
0
0
0
0
0
-1
0
0
0
0
0
0
-1
-1
0
0
0
0
0
1
0
1
-1
0
0
-1
0
0
0
1
0
0
0
0
0
0
0
1
0
1
0
0
0
-1
-1
0
0
0
0
1
0
-1
0
0
0
0
1
0
-1
0
0
0
0
0
1
0
0
0
0
0
0
0
0
0
0
1
0
0
0
0
0
0
0
0
0
0
0
0
0
-1
-1
0
0
0
0
0
0
-1
0
0
-1
0
0
0
0
0
0
0
0
0
0
0
0
0
0
0
0
0
-1
0
0
1
0
0
-1
1
0
0
0
0
0
0
0
0
0
0
-1
1
0
0
-1
0
0
0
1
0
-1
0
0
0
0
0
0
0
1
-1
0
-1
0
-1
-1
0
0
0
1
0
0
0
0
0
1
0
-1
-1
0
0
0
0
0
0
0
-1
0
-1
0
1
0
0
0
0
1
0
0
0
0
0
-1
-1
0
0
0
0
-1
0
1
0
1
0
0
0
0
-1
0
0
0
-1
0
0
0
0
0
0
0
0
-1
0
0
0
1
0
1
0
-1
0
1
0
0
-1
0
0
0
0
0
0
1
0
1
0
0
0
0
0
1
0
1
0
0
0
1
0
0
0
0
0
-1
0
0
0
0
0
0
0
0
0
-1
0
0
0
0
0
0
0
0
0
0
1
0
1
0
0
1
0
0
1
0
0
1
0
0
1
0
0
0
0
0
0
0
0
0
0
0
1
0
0
-1
0
0
-1
0
-1
0
0
1
1
0
0
0
-1
0
0
0
0
0
0
1
0
0
-1
0
0
0
0
-1
0
1
0
0
0
0
0
-1
0
0
0
0
0
0
0
1
0
0
0
0
0
-1
0
0
0
0
0
1
0
0
0
0
0
0
0
1
0
-1
0
-1
1
0
0
0
0
-1
0
-1
0
0
0
0
-1
1
0
0
0
1
0
-1
0
1
1
0
-1
0
0
0
0
0
0
0
0
-1
0
0
0
0
1
-1
0
0
-1
0
0
0
0
0
1
1
0
0
0
-1
-1
0
0
0
1
0
0
0
0
0
0
1
0
0
-1
0
0
1
0
0
0
0
0
1
0
0
-1
0
0
0
0
0
0
0
0
1
0
0
0
0
0
0
0
0
1
0
0
0
0
0
0
-1
0
0
0
0
1
0
0
1
0
0
0
1
-1
0
-1
0
0
0
1
0
0
0
0
0
0
1
0
0
0
0
0
0
0
0
0
-1
0
0
0
1
0
0
0
1
0
0
0
0
0
0
0
0
0
0
1
0
1
0
-1
0
0
-1
0
0
0
-1
0
0
0
-1
0
-1
1
-1
1
0
0
0
0
0
1
0
1
0
0
0
0
0
0
0
0
0
0
0
1
0
0
-1
0
0
0
0
0
0
0
0
0
0
-1
0
0
1
0
0
-1
0
0
0
0
0
0
0
0
-1
0
1
0
0
0
0
1
0
0
0
0
0
-1
0
0
-1
0
0
0
0
0
0
0
0
0
0
0
1
1
1
1
0
0
-1
1
0
0
0
0
0
0
0
0
0
0
0
0
1
0
0
1
0
1
0
0
1
0
0
0
0
1
0
0
-1
0
0
1
1
0
0
-1
0
-1
-1
0
0
0
1
1
0
-1
0
1
0
0
0
0
1
0
1
-1
0
1
0
0
0
-1
0
0
0
1
0
-1
0
-1
-1
0
0
1
0
0
0
1
1
0
0
1
1
-1
0
-1
0
0
0
1
0
0
0
0
-1
0
0
-1
0
0
-1
-1
1
0
0
0
0
-1
0
1
0
0
0
-1
1
0
1
0
1
-1
0
0
0
-2
-1
-1
-1
0
0
0
0
0
1
2
3
3
1
-1
-2
-2
0
3
3
2
1
0
1
0
0
-1
-1
0
1
3
3
3
1
0
0
1
2
2
0
-3
-5
-6
-2
5
9
10
6
0
-7
-7
-5
-1
0
1
0
-2
-3
-4
-1
2
4
3
0
-2
-5
-4
-2
2
6
4
0
-1
1
1
-2
-2
1
4
2
0
0
1
0
1
1
0
-3
-5
-6
-5
-2
2
4
5
3
0
-3
-2
-2
4
4
2
-3
-4
-1
1
0
1
3
3
-1
-2
-2
1
3
3
2
2
-1
-3
-3
-4
-2
0
2
2
-1
0
0
3
1
2
-3
-7
-8
-10
3
-1
5
-4
-1
-10
0
-4
8
3
-1
9
1
-1
2
-3
2
0
4
7
0
-3
-6
-11
-10
-1
7
11
25
5
10
-11
-11
-14
3
2
3
5
-16
-5
1
1
26
3
3
-4
-5
-12
3
-15
4
-3
-12
16
0
36
2
10
-4
-7
-19
-12
-4
7
14
9
20
-6
-7
11
9
13
4
-19
-22
-36
-40
1
-10
12
0
11
10
3
1
13
21
17
24
-16
-4
-38
-15
7
1
17
-8
-12
-45
-12
-17
51
16
34
41
9
5
-56
-38
-21
1
24
51
29
-21
-41
-53
-8
18
39
45
33
-3
-25
-44
-34
7
31
37
24
-35
-53
-53
-40
7
43
76
33
26
-17
-9
-19
-15
29
-1
35
-41
16
-26
4
-5
13
9
30
-9
-16
-56
-76
-29
3
11
87
58
63
8
-52
-21
-51
-24
15
42
25
-26
-38
-56
-25
-2
51
74
46
-1
-5
-14
-68
-47
-45
0
18
45
96
28
-8
-62
-44
-33
7
62
93
30
-66
-23
-79
-4
-1
120
62
18
-63
-80
-33
-69
34
59
58
-4
3
-18
13
-12
14
14
-27
-44
-23
13
20
22
39
31
11
-12
-20
-18
6
19
38
29
-1
-22
-42
-53
-20
17
-4
10
10
16
24
-46
-32
-28
-60
-78
-27
23
-6
50
105
155
105
-3
-14
-56
-104
-99
-44
-24
-23
6
108
125
17
3
-71
-132
-111
-44
60
84
77
38
37
-61
-55
-45
-19
37
18
108
86
119
-39
16
-8
-36
-48
-67
41
-25
-61
-74
21
-43
-101
-34
3
50
-43
11
61
45
9
119
133
101
32
-71
-17
-76
5
-10
77
20
14
-32
-84
-22
-75
-45
-68
-64
-67
-71
2
78
143
44
95
-6
2
-18
-75
-25
-115
-16
1
158
140
232
128
-14
-58
-186
-142
-128
-45
22
42
-9
12
-56
-101
-22
-49
23
163
120
131
31
3
-8
8
-48
-50
67
-21
3
17
-20
-5
-13
-10
16
3
-142
-103
-95
-100
16
29
88
141
35
18
107
-3
10
-2
-62
43
-53
22
144
97
95
11
-51
-86
-167
-187
-72
-59
-46
52
122
122
10
-5
-12
-4
-38
-63
-6
-88
-119
1
126
125
142
91
40
12
-161
-76
-36
-69
50
84
148
101
-43
-71
-108
-227
-188
-47
46
85
83
130
144
60
54
44
19
-57
-95
-27
-134
-103
-186
-1
113
164
199
123
46
-74
-121
-171
-74
-63
16
68
81
100
-1
6
-41
-114
-22
-39
127
96
110
104
-95
-108
-210
-71
-45
17
231
204
148
-55
-171
-227
-189
-109
106
230
111
175
6
-122
-88
-182
-126
-34
-78
-1
35
-56
181
229
125
170
44
10
-38
-102
-53
-116
-198
-151
-31
59
56
12
48
72
74
137
150
46
-103
-167
-115
-35
10
61
21
-68
-15
68
106
36
-89
-155
-101
-51
34
245
182
84
50
-79
-113
-117
-12
92
26
-42
14
-76
-198
-73
42
143
117
62
107
-63
-257
-162
93
199
143
103
24
-120
-175
-211
-73
97
-15
77
135
12
52
37
58
41
-26
-49
-107
-72
-102
-6
149
44
66
109
22
-161
-316
-132
12
136
231
324
167
-82
-136
-78
34
-109
41
27
148
-37
-45
-155
-230
-176
-132
131
199
271
64
-38
-246
-311
-158
6
140
351
231
105
85
-182
-177
35
31
151
95
-76
-136
-329
-268
45
126
112
82
-24
-53
0
-84
-23
202
191
126
3
-225
-215
-126
-66
199
406
214
-4
-139
-294
-237
-109
59
217
323
331
18
-148
-306
-327
-291
-181
64
19
-4
-12
271
291
241
47
126
-12
27
86
194
110
-209
-248
-471
-320
-225
297
369
298
99
-24
-346
-327
-289
-31
255
270
469
330
67
-193
-93
-173
-121
38
44
58
7
-94
-88
-109
-156
-18
106
97
186
174
48
-76
-193
-265
-228
-100
29
78
174
369
390
166
-62
-211
-253
-179
-41
152
191
14
-137
-218
-140
4
-1
155
308
81
-146
-344
-420
-89
134
219
385
267
-2
-149
-212
-139
-30
99
206
246
392
198
-186
-338
-577
-588
-231
83
230
325
127
37
194
34
100
175
159
63
-253
-283
-319
-192
115
244
245
130
-69
-105
17
-83
61
166
25
118
-159
-336
-237
-288
104
330
268
279
74
-153
-248
-221
-158
77
112
87
136
-5
32
-97
38
119
181
236
-23
-102
-256
-118
-80
83
-36
-22
-153
-142
-80
7
160
75
132
125
269
75
-112
-219
-213
-117
-134
48
137
-16
13
-43
124
90
182
336
218
112
-266
-447
-517
-239
65
288
445
133
71
-230
-417
-309
-26
240
247
257
-67
-89
-160
-88
311
285
240
74
-153
-294
-352
-396
-243
112
233
226
199
150
-4
-68
23
148
109
-59
-132
-127
-112
-151
-80
300
202
100
97
-199
-3
-219
-193
-26
8
29
140
25
161
152
104
229
221
-85
-252
-323
-391
-332
-215
-90
143
293
365
366
214
69
20
-39
-127
-151
-59
-7
-39
-104
-60
-25
-89
-129
-52
118
134
121
25
-133
-83
-2
172
351
302
182
25
-241
-330
-313
-343
-208
-83
76
148
71
136
193
156
66
-8
15
94
-27
-146
-30
3
49
53
37
103
-67
-217
-142
-44
-6
-9
39
60
71
1
-4
186
208
66
-103
-119
-170
-195
-53
-54
22
-23
-26
190
185
119
114
114
13
-28
4
-99
-145
-230
-293
-206
-134
11
181
241
201
191
243
233
148
-67
-240
-276
-231
-73
45
146
89
-90
-75
-51
-88
-249
-233
18
78
198
139
11
56
40
114
176
114
-33
3
-2
-32
103
5
-90
-116
-5
48
31
-84
-230
-69
-88
-156
-177
-33
89
88
27
289
309
137
40
28
-28
-180
-90
-13
167
-16
-155
-152
-160
-47
94
181
114
79
-68
-248
-219
-68
63
60
39
44
148
-63
-174
149
257
142
13
-21
-22
-25
-48
58
91
-182
-226
-87
98
45
44
65
-97
-178
-275
-153
15
203
153
286
192
18
-36
-132
-37
-29
-45
6
64
152
55
131
-83
-24
-85
-245
-16
-78
98
69
-57
-74
-85
2
35
163
68
-10
-139
-115
-154
-44
199
82
151
1
-44
-85
-76
240
274
55
-178
-194
-340
-117
13
101
339
-46
-21
49
-51
43
97
87
14
-3
-60
27
-17
-95
-145
-100
34
25
120
84
84
-81
-255
-174
-157
31
155
213
278
230
93
-50
-162
-252
-148
-16
187
220
-37
-173
-231
-147
-6
47
144
140
123
178
83
-34
-115
-149
-158
-222
-60
80
31
-44
-45
136
157
93
31
55
36
-127
-30
3
-54
-73
-60
69
125
87
-25
4
89
50
-18
-100
-100
-95
-132
-84
37
60
58
121
96
75
97
2
-34
27
-32
-117
-143
-175
-103
-71
-110
85
188
156
183
191
205
75
-63
-180
-279
-294
-204
35
89
35
35
18
23
98
205
222
76
-66
-6
-9
-129
-179
-117
-41
-10
132
157
68
-43
-140
-43
-57
-123
-1
45
19
3
-32
9
66
43
44
45
-36
-4
68
63
67
-19
-105
-142
-143
-8
134
152
59
12
63
54
19
20
-1
-76
-165
-123
-49
-43
-1
55
122
80
-51
-50
-18
20
62
50
-4
-92
-118
-98
-56
-13
26
123
139
91
65
6
-18
-42
-79
-77
-46
78
155
119
69
-7
-8
26
-19
-53
-70
-61
-77
-129
-127
-130
-99
15
104
81
-7
0
48
72
93
73
117
94
-42
-53
-53
-68
-56
-50
16
26
7
53
174
258
131
11
-17
-166
-228
-136
-121
-76
-84
-103
60
96
35
68
33
-17
51
90
117
82
-94
-114
-57
3
92
86
28
-44
-22
50
44
36
-12
-65
-56
-73
-25
48
-10
-75
53
27
78
45
-44
-2
-6
-41
5
17
-126
-82
-44
43
77
32
3
-41
-19
67
175
73
-18
-22
-130
-108
-22
19
29
-21
-73
-24
52
44
94
158
130
68
-25
-124
-146
-66
7
49
67
11
-56
-84
-34
15
19
13
-37
-16
-41
-101
-66
-52
4
57
75
118
135
62
-16
-3
6
-14
-30
-19
7
14
4
-16
-18
18
31
34
54
2
-72
-69
-82
-103
-68
-40
0
50
59
45
38
18
-11
23
40
6
12
-27
-72
-33
18
42
36
31
30
-10
-19
1
-18
-37
-46
-30
13
0
-3
28
10
-16
-18
19
32
8
18
14
26
43
-12
-54
-41
-32
-11
17
6
-24
-59
-59
16
53
20
-1
-27
-47
-23
28
92
100
46
52
53
-8
-5
-4
-32
-25
-37
-17
14
-8
-3
-5
-21
-19
-28
-16
-25
-53
-36
-33
-21
6
26
57
70
69
15
-39
-45
-31
8
34
61
55
10
-27
-44
-29
-2
36
50
18
-23
-46
-51
-46
-16
14
14
6
21
19
-23
-51
-19
29
38
28
11
-25
-43
-20
15
38
38
4
-25
-38
-7
27
19
11
-2
-7
-11
-6
-16
-48
-30
21
67
67
42
-2
-26
-5
8
24
10
2
8
-12
-21
-39
-58
-50
-28
5
37
49
52
12
-29
-25
-23
13
42
37
10
-11
-8
-12
-1
-18
-20
-18
-8
36
33
22
13
17
20
43
49
15
13
3
12
8
6
27
13
-21
-45
-42
-45
-39
-10
22
42
34
17
-1
-1
-6
-6
11
0
2
2
-19
-10
15
39
58
59
44
23
-1
-23
-23
-21
-3
37
38
3
-20
-43
-82
-75
-53
-42
-3
21
27
8
-54
-98
-93
-48
13
61
74
52
17
1
17
47
72
77
71
58
40
16
-12
-28
-28
-14
14
39
43
32
5
-9
2
33
60
38
12
11
19
50
69
36
15
-9
-37
6
3
-55
-82
-77
3
99
147
139
113
33
-80
-100
-117
-125
-104
-129
-89
-32
-22
11
43
68
56
25
-16
-68
-97
-96
-77
-80
-86
-100
-127
-151
-149
-147
-194
-206
-186
-140
-126
-95
-21
-51
-134
-235
-259
-211
-161
-61
-2
2
-4
-31
-22
1
-7
-9
-15
4
6
-90
-136
-138
-162
-156
-149
-118
-66
-20
27
57
52
48
133
221
255
304
272
191
134
125
176
214
242
277
337
385
414
460
532
565
521
457
343
249
194
146
175
210
209
220
240
255
271
294
301
325
323
269
240
265
342
399
379
284
161
103
79
77
96
74
97
128
127
167
151
79
21
-88
-255
-396
-475
-557
-659
-738
-717
-712
-788
-830
-843
-848
-871
-866
-922
-1037
-1108
-1151
-1170
-1234
-1266
-1280
-1307
-1316
-1332
-1326
-1342
-1344
-1313
-1249
-1110
-943
-720
-418
-96
223
548
904
1309
1655
1928
2212
2385
2377
2290
2149
1952
1676
1324
976
668
387
142
-53
-181
-270
-341
-337
-239
-104
-13
-11
-32
-1
54
79
110
193
282
366
479
608
714
816
935
1062
1172
1242
1273
1258
1234
1183
1033
837
653
439
225
41
-143
-296
-391
-426
-438
-452
-447
-414
-394
-351
-230
-103
-83
-158
-241
-312
-380
-439
-482
-534
-617
-723
-896
-1110
-1346
-1586
-1772
-1974
-2231
-2589
-2977
-3268
-3517
-3769
-4059
-4229
-4082
-3641
-3016
-2353
-1600
-636
522
1807
3029
4102
4954
5536
5897
6030
5892
5428
4692
3801
2869
1915
982
150
-564
-1134
-1578
-1787
-1750
-1627
-1492
-1406
-1362
-1377
-1469
-1649
-1933
-2220
-2439
-2593
-2654
-2544
-2263
-1850
-1297
-575
282
1167
1974
2656
3214
3636
3874
3889
3639
3140
2496
1840
1235
661
107
-375
-698
-822
-784
-644
-454
-233
16
276
450
462
352
202
20
-215
-472
-706
-907
-1051
-1072
-945
-708
-427
-124
194
506
795
1050
1235
1276
1161
970
770
525
218
-65
-243
-327
-360
-351
-308
-259
-219
-148
-7
166
263
208
34
-206
-542
-944
-1407
-1858
-2323
-2830
-3367
-3872
-4309
-4710
-4997
-5056
-4706
-4226
-3587
-2856
-1799
-467
939
2349
3618
4723
5504
5980
6184
6155
5780
5112
4237
3326
2435
1527
617
-186
-764
-1131
-1347
-1424
-1392
-1345
-1375
-1459
-1525
-1603
-1804
-2159
-2548
-2841
-3032
-3163
-3210
-3088
-2725
-2133
-1351
-406
617
1569
2367
3063
3694
4170
4378
4296
3974
3496
2911
2254
1561
872
227
-328
-690
-778
-677
-530
-376
-164
131
394
510
470
291
35
-224
-518
-841
-1133
-1385
-1543
-1528
-1323
-961
-527
-81
374
841
1263
1563
1714
1745
1676
1507
1244
931
623
335
47
-206
-353
-368
-313
-269
-223
-146
-55
-28
-90
-215
-407
-704
-1068
-1479
-1996
-2593
-3273
-3906
-4469
-5003
-5417
-5628
-5387
-4806
-4119
-3304
-2263
-864
668
2126
3441
4544
5362
5831
6059
6111
5875
5244
4345
3400
2533
1731
945
199
-432
-897
-1195
-1322
-1301
-1260
-1326
-1477
-1598
-1676
-1837
-2159
-2564
-2890
-3092
-3216
-3244
-3101
-2765
-2266
-1585
-672
382
1363
2162
2844
3499
4053
4349
4325
4043
3602
3050
2421
1780
1158
544
1
-379
-523
-443
-293
-166
-6
196
395
535
543
416
173
-165
-531
-861
-1152
-1404
-1583
-1619
-1471
-1164
-759
-304
187
701
1196
1620
1922
2063
2026
1826
1508
1108
660
209
-177
-459
-626
-712
-732
-679
-544
-368
-218
-107
-72
-120
-262
-489
-772
-1091
-1460
-1946
-2476
-2997
-3478
-3855
-4248
-4647
-4948
-5001
-4656
-4049
-3319
-2524
-1583
-382
967
2343
3575
4554
5273
5731
5996
6031
5755
5128
4278
3403
2622
1857
995
123
-641
-1143
-1424
-1568
-1619
-1693
-1779
-1851
-1840
-1791
-1874
-2139
-2482
-2725
-2801
-2763
-2667
-2500
-2209
-1746
-1072
-218
720
1580
2293
2919
3500
4005
4248
4142
3780
3294
2801
2237
1588
900
238
-296
-681
-864
-886
-854
-807
-707
-475
-178
13
13
-116
-262
-394
-534
-698
-864
-1021
-1115
-1074
-862
-504
-135
235
648
1127
1631
1985
2182
2219
2107
1878
1528
1156
748
291
-155
-493
-673
-757
-791
-767
-646
-470
-283
-136
-44
-32
-121
-278
-486
-738
-1109
-1525
-1937
-2267
-2612
-3078
-3488
-3883
-4202
-4576
-4770
-4636
-4170
-3640
-3082
-2360
-1280
44
1299
2519
3621
4619
5268
5656
5866
5829
5401
4646
3811
3032
2241
1334
389
-406
-970
-1350
-1612
-1701
-1653
-1595
-1590
-1563
-1473
-1439
-1595
-1891
-2138
-2254
-2328
-2417
-2415
-2202
-1804
-1309
-692
107
1000
1802
2466
3089
3662
4015
4038
3821
3497
3056
2441
1705
981
342
-205
-654
-957
-1084
-1056
-909
-670
-366
-56
161
245
223
155
23
-225
-578
-923
-1152
-1252
-1225
-1092
-806
-399
58
585
1129
1664
2042
2197
2189
2016
1715
1269
742
217
-269
-669
-948
-1073
-1051
-911
-698
-450
-202
20
189
281
267
154
-58
-363
-725
-1117
-1481
-1824
-2207
-2616
-3036
-3370
-3675
-4062
-4452
-4631
-4410
-3956
-3534
-3061
-2350
-1237
43
1305
2513
3572
4479
5088
5552
5787
5734
5259
4557
3799
3100
2309
1395
496
-232
-771
-1164
-1413
-1453
-1442
-1513
-1642
-1672
-1546
-1494
-1655
-1941
-2162
-2254
-2318
-2380
-2345
-2149
-1810
-1340
-697
138
963
1645
2234
2850
3471
3812
3796
3523
3155
2739
2184
1562
924
308
-250
-681
-878
-891
-840
-777
-630
-352
-37
158
197
158
78
-85
-364
-691
-982
-1230
-1438
-1530
-1403
-1060
-599
-103
441
1044
1640
2130
2452
2602
2561
2303
1863
1336
764
148
-481
-1014
-1343
-1470
-1433
-1258
-957
-575
-174
196
510
754
875
884
692
360
-56
-498
-900
-1367
-1792
-2251
-2690
-3068
-3423
-3714
-4124
-4536
-4801
-4714
-4289
-3836
-3373
-2776
-1807
-540
792
2059
3168
4088
4778
5308
5701
5823
5493
4797
4038
3375
2717
1898
958
95
-531
-927
-1150
-1236
-1269
-1360
-1495
-1543
-1471
-1416
-1547
-1855
-2151
-2298
-2339
-2355
-2331
-2220
-1987
-1576
-942
-150
649
1343
1937
2516
3078
3497
3647
3545
3250
2810
2296
1750
1220
659
93
-356
-604
-614
-546
-484
-427
-333
-151
22
94
14
-190
-454
-716
-966
-1185
-1354
-1490
-1509
-1385
-1091
-690
-287
153
617
1094
1494
1767
1925
1942
1813
1554
1222
854
447
22
-355
-649
-848
-922
-852
-645
-369
-63
305
662
949
1110
1148
1131
987
726
358
-78
-490
-931
-1379
-1807
-2239
-2675
-3143
-3629
-4061
-4501
-4926
-5177
-5177
-4820
-4337
-3734
-2950
-1919
-581
833
2275
3491
4503
5211
5735
6017
6020
5641
4956
4165
3380
2643
1833
1049
329
-203
-597
-806
-870
-839
-865
-989
-1112
-1216
-1343
-1641
-2071
-2473
-2773
-2940
-3076
-3138
-3048
-2748
-2205
-1454
-541
400
1251
2003
2711
3351
3787
3902
3722
3364
2913
2400
1834
1232
634
113
-240
-388
-374
-285
-168
-4
234
494
654
625
430
173
-80
-347
-667
-1003
-1268
-1397
-1400
-1301
-1106
-805
-420
-1
398
735
980
1106
1115
1038
898
685
396
89
-163
-326
-402
-395
-289
-109
99
321
570
819
971
956
790
577
350
57
-385
-955
-1579
-2245
-2871
-3481
-4043
-4622
-5196
-5541
-5551
-5127
-4555
-3935
-3138
-2034
-546
978
2395
3545
4438
5138
5608
5901
5845
5399
4652
3841
3134
2446
1699
913
231
-244
-505
-607
-621
-636
-740
-894
-999
-1043
-1191
-1580
-2146
-2682
-3035
-3196
-3250
-3235
-3105
-2752
-2109
-1224
-255
631
1371
2035
2685
3264
3607
3620
3362
2970
2550
2126
1675
1169
635
171
-113
-194
-161
-118
-88
-33
78
214
282
207
-22
-341
-671
-970
-1260
-1566
-1875
-2103
-2171
-2041
-1751
-1386
-965
-507
25
577
1053
1417
1607
1728
1754
1707
1566
1292
999
678
457
280
172
114
93
173
315
552
753
966
1086
1257
1366
1450
1399
1203
946
621
304
-99
-551
-1068
-1528
-1974
-2323
-2663
-2988
-3364
-3748
-4065
-4347
-4648
-5031
-5297
-5312
-4909
-4366
-3701
-2925
-1828
-413
1104
2648
3978
5107
5885
6431
6763
6822
6466
5722
4795
3904
3022
2104
1170
328
-350
-828
-1068
-1108
-1099
-1188
-1409
-1634
-1775
-1908
-2209
-2700
-3222
-3603
-3796
-3833
-3738
-3495
-3081
-2455
-1575
-468
703
1737
2578
3302
3940
4384
4496
4270
3802
3195
2513
1804
1134
532
1
-411
-593
-514
-296
-102
23
148
305
375
301
54
-318
-789
-1336
-1832
-2222
-2509
-2683
-2701
-2482
-1954
-1329
-556
162
969
1727
2356
2801
2952
2915
2630
2233
1700
1129
512
-37
-411
-540
-436
-192
153
560
1007
1454
1808
1999
1955
1696
1259
672
-23
-793
-1557
-2283
-2930
-3472
-3888
-4156
-4353
-4470
-4619
-4716
-4813
-4839
-4691
-4414
-3877
-3355
-2676
-1895
-804
493
1795
3065
4162
5153
5888
6401
6658
6608
6206
5515
4716
3882
3010
2028
1099
253
-399
-928
-1287
-1511
-1654
-1821
-2037
-2253
-2450
-2677
-2993
-3364
-3660
-3868
-3957
-3914
-3680
-3205
-2569
-1748
-753
353
1456
2399
3200
3847
4315
4565
4544
4275
3781
3138
2454
1801
1196
655
215
-69
-178
-154
-70
6
41
39
-7
-130
-383
-778
-1281
-1815
-2317
-2751
-3073
-3278
-3296
-3096
-2681
-2037
-1270
-408
451
1264
2024
2641
3096
3323
3299
3037
2590
2083
1587
1113
673
331
166
229
454
747
1082
1432
1746
1927
1984
1895
1619
1110
474
-165
-801
-1473
-2209
-2817
-3235
-3410
-3541
-3600
-3668
-3683
-3765
-3813
-3886
-4018
-4309
-4639
-4728
-4468
-3906
-3307
-2535
-1495
-23
1616
3266
4745
5952
6840
7403
7755
7723
7213
6165
4907
3688
2604
1500
337
-716
-1480
-1916
-2102
-2105
-2037
-2033
-2142
-2288
-2374
-2488
-2790
-3306
-3834
-4145
-4202
-4090
-3834
-3380
-2701
-1800
-667
665
1998
3084
3859
4462
4967
5234
5104
4595
3878
3111
2353
1638
993
439
-9
-312
-422
-356
-222
-151
-182
-271
-382
-561
-879
-1346
-1864
-2348
-2753
-3043
-3174
-3085
-2830
-2422
-1864
-1142
-277
550
1295
1910
2444
2866
3066
3071
2891
2644
2332
1966
1605
1279
1046
861
746
713
748
808
830
830
841
846
752
539
262
-10
-316
-704
-1102
-1426
-1652
-1890
-2118
-2290
-2335
-2335
-2362
-2404
-2528
-2695
-2998
-3270
-3556
-3825
-4214
-4529
-4566
-4169
-3464
-2705
-1808
-731
704
2240
3689
4894
5766
6353
6548
6498
6154
5569
4608
3450
2345
1512
863
219
-396
-843
-1074
-1196
-1287
-1352
-1491
-1822
-2322
-2765
-3051
-3293
-3638
-3979
-4084
-3840
-3326
-2654
-1853
-911
136
1205
2250
3182
3907
4302
4362
4206
3920
3478
2837
2045
1290
673
200
-134
-366
-387
-393
-310
-249
-67
76
41
-182
-531
-824
-1176
-1540
-1924
-2138
-2190
-2062
-1782
-1328
-734
-116
471
1032
1583
2033
2245
2213
2042
1845
1604
1282
909
594
400
316
319
396
524
646
740
841
977
1073
1024
818
554
304
48
-269
-619
-936
-1200
-1443
-1664
-1821
-1916
-2010
-2187
-2383
-2574
-2773
-3074
-3491
-3906
-4255
-4508
-4626
-4511
-4047
-3302
-2360
-1258
28
1525
2978
4286
5226
5926
6237
6231
5862
5240
4423
3424
2414
1534
881
377
-58
-378
-559
-620
-691
-834
-1076
-1425
-1916
-2520
-3125
-3622
-3973
-4196
-4249
-4036
-3495
-2662
-1652
-565
522
1560
2511
3332
3935
4218
4145
3809
3343
2841
2300
1699
1076
535
191
75
104
166
186
182
188
193
117
-118
-514
-987
-1430
-1781
-2038
-2224
-2349
-2350
-2135
-1676
-1066
-429
184
785
1362
1843
2157
2288
2251
2065
1782
1474
1198
940
672
433
329
400
559
688
753
805
861
877
811
679
504
301
106
-45
-148
-263
-453
-671
-842
-932
-1012
-1149
-1361
-1601
-1819
-1993
-2094
-2206
-2346
-2606
-2911
-3136
-3298
-3410
-3682
-3956
-4038
-3738
-3072
-2319
-1476
-575
556
1854
3164
4328
5111
5534
5597
5502
5242
4742
3925
2870
1886
1100
583
140
-264
-637
-950
-1123
-1222
-1262
-1427
-1780
-2247
-2636
-2803
-2844
-2876
-2919
-2807
-2401
-1729
-919
-118
620
1281
1892
2470
2969
3265
3251
2972
2608
2295
1997
1614
1137
684
364
185
78
-37
-202
-417
-643
-824
-951
-1082
-1296
-1578
-1808
-1879
-1788
-1616
-1421
-1200
-918
-565
-160
254
611
862
1022
1168
1351
1520
1585
1535
1456
1428
1440
1435
1370
1238
1056
875
718
586
430
229
21
-121
-160
-122
-52
-1
55
102
168
246
295
276
135
-43
-238
-411
-602
-813
-989
-1145
-1248
-1352
-1400
-1439
-1506
-1612
-1814
-2007
-2300
-2588
-2930
-3240
-3522
-3808
-3936
-3852
-3350
-2639
-1723
-783
317
1505
2694
3745
4487
4915
4952
4751
4364
3859
3171
2329
1500
869
506
302
125
-35
-198
-301
-423
-565
-794
-1176
-1674
-2190
-2519
-2643
-2649
-2591
-2419
-2006
-1357
-571
222
921
1470
1875
2163
2380
2469
2360
2024
1569
1171
906
730
553
339
164
66
70
127
81
-60
-409
-705
-966
-1077
-1185
-1312
-1379
-1289
-945
-489
31
449
862
1177
1466
1664
1731
1678
1456
1195
963
815
738
653
585
562
621
714
781
773
694
562
391
204
1
-205
-415
-601
-734
-783
-765
-706
-631
-561
-512
-510
-543
-595
-664
-775
-929
-1089
-1226
-1326
-1421
-1503
-1599
-1695
-1827
-2023
-2251
-2527
-2778
-3024
-3220
-3281
-3116
-2623
-1884
-961
39
1096
2163
3148
3959
4452
4605
4385
3926
3338
2687
2015
1320
746
376
257
294
358
395
355
226
-21
-363
-785
-1298
-1878
-2415
-2744
-2793
-2598
-2236
-1738
-1115
-395
373
1113
1719
2085
2201
2156
2053
1905
1667
1324
954
672
528
486
461
372
197
-23
-231
-414
-640
-973
-1359
-1664
-1800
-1779
-1660
-1482
-1247
-963
-626
-251
111
384
536
610
685
782
876
948
1018
1108
1209
1315
1439
1563
1607
1499
1277
1048
856
651
391
122
-72
-169
-209
-216
-194
-151
-133
-144
-149
-121
-124
-210
-335
-399
-381
-337
-289
-205
-86
-13
-46
-133
-220
-299
-468
-723
-1012
-1245
-1416
-1580
-1708
-1867
-2013
-2242
-2407
-2554
-2657
-2865
-3100
-3176
-2963
-2439
-1790
-1022
-202
737
1697
2634
3404
3901
4047
3890
3578
3213
2799
2278
1677
1141
798
674
648
581
386
78
-259
-552
-814
-1124
-1504
-1868
-2081
-2054
-1820
-1461
-1078
-706
-327
71
468
775
941
934
814
672
592
605
628
617
526
477
509
645
709
614
353
45
-204
-401
-563
-754
-923
-1029
-941
-660
-238
162
472
711
942
1186
1356
1422
1331
1175
985
888
887
962
992
935
872
885
979
984
825
499
157
-126
-326
-489
-646
-802
-930
-966
-883
-739
-646
-650
-683
-655
-553
-448
-381
-329
-267
-200
-128
-36
58
84
-16
-218
-432
-628
-833
-1111
-1464
-1848
-2232
-2554
-2799
-2956
-3093
-3219
-3231
-2997
-2442
-1697
-891
-110
666
1461
2209
2838
3235
3367
3234
2957
2657
2388
2120
1786
1463
1236
1167
1166
1100
908
553
103
-378
-799
-1135
-1428
-1704
-1915
-1940
-1713
-1304
-850
-450
-108
215
533
806
980
1006
894
741
653
691
767
762
636
457
342
276
189
-24
-345
-665
-893
-964
-949
-902
-876
-819
-636
-310
91
402
581
667
781
943
1088
1155
1118
1049
981
989
1053
1117
1119
1022
902
801
734
632
459
225
-23
-223
-365
-428
-474
-534
-615
-668
-620
-523
-447
-456
-502
-499
-412
-253
-87
43
131
203
282
362
372
267
57
-169
-357
-532
-748
-1024
-1301
-1537
-1743
-1955
-2214
-2520
-2837
-3126
-3293
-3366
-3265
-3013
-2497
-1764
-856
114
1064
1938
2636
3147
3381
3421
3225
2915
2527
2161
1859
1606
1443
1325
1294
1217
1086
786
376
-137
-695
-1208
-1655
-1960
-2144
-2124
-1902
-1492
-1011
-556
-153
195
500
689
778
738
668
578
543
570
654
733
756
724
675
595
434
156
-205
-573
-875
-1070
-1137
-1107
-1021
-892
-682
-377
-34
244
400
470
532
620
716
794
859
937
1043
1167
1291
1391
1419
1341
1164
950
748
557
350
120
-93
-243
-314
-332
-331
-348
-393
-448
-476
-468
-444
-434
-421
-352
-191
38
282
499
667
777
818
790
710
593
430
209
-45
-283
-473
-622
-786
-984
-1219
-1455
-1669
-1848
-2020
-2247
-2541
-2867
-3121
-3284
-3362
-3422
-3428
-3315
-2965
-2358
-1521
-560
414
1330
2174
2950
3588
3994
4077
3887
3535
3164
2817
2500
2159
1798
1435
1133
896
664
337
-138
-686
-1195
-1545
-1746
-1823
-1837
-1763
-1589
-1289
-914
-550
-296
-184
-156
-122
-48
42
126
213
331
510
745
1003
1200
1256
1148
932
687
447
197
-74
-346
-556
-640
-568
-381
-168
6
140
287
466
630
708
690
644
644
713
828
941
1019
1031
990
923
851
758
596
357
104
-76
-148
-151
-158
-204
-269
-318
-337
-350
-401
-513
-648
-728
-680
-510
-292
-84
83
248
410
541
578
487
291
40
-220
-456
-676
-896
-1116
-1340
-1504
-1674
-1816
-2063
-2317
-2637
-2892
-3134
-3300
-3342
-3244
-2883
-2390
-1639
-830
124
1017
1846
2512
2979
3286
3343
3284
3021
2746
2418
2174
1964
1784
1596
1360
1133
832
496
25
-467
-965
-1346
-1601
-1722
-1712
-1619
-1410
-1166
-839
-552
-266
-82
57
162
279
443
614
793
954
1107
1255
1349
1359
1240
1006
686
332
-20
-327
-573
-752
-857
-881
-817
-684
-513
-347
-215
-118
-36
53
153
248
324
390
474
591
721
828
896
936
962
958
904
807
690
560
411
257
130
51
8
-16
-27
-30
-29
-15
15
47
51
28
9
27
72
107
118
119
128
134
116
67
-2
-83
-184
-299
-427
-574
-752
-970
-1200
-1422
-1612
-1784
-1933
-2067
-2168
-2240
-2297
-2349
-2433
-2524
-2619
-2600
-2452
-2129
-1700
-1150
-496
280
1109
1900
2545
2977
3195
3231
3144
2944
2648
2273
1906
1622
1414
1255
1040
802
497
182
-196
-576
-937
-1239
-1449
-1572
-1525
-1367
-1093
-806
-511
-250
-44
119
202
262
260
276
317
417
559
699
854
971
1073
1063
962
755
526
300
101
-83
-243
-346
-376
-335
-266
-188
-119
-54
6
49
94
136
216
323
478
637
812
955
1054
1065
990
858
701
550
392
249
131
75
67
86
89
44
-52
-179
-309
-445
-598
-748
-828
-776
-596
-359
-145
19
142
224
245
173
18
-186
-382
-522
-605
-664
-742
-832
-903
-948
-1011
-1140
-1342
-1582
-1820
-2021
-2158
-2215
-2205
-2156
-2068
-1899
-1612
-1234
-838
-475
-125
265
714
1185
1591
1873
2021
2101
2181
2256
2262
2137
1892
1604
1341
1107
869
596
311
65
-99
-182
-232
-285
-349
-393
-385
-326
-244
-178
-140
-97
-20
90
208
299
357
396
440
488
517
506
458
407
376
353
296
184
29
-136
-292
-441
-575
-672
-698
-634
-495
-314
-122
64
232
365
438
446
404
344
296
283
302
341
384
434
499
563
587
533
413
272
152
51
-47
-144
-223
-266
-279
-283
-306
-360
-431
-474
-463
-406
-336
-273
-202
-103
11
102
140
125
83
42
10
-23
-79
-172
-284
-379
-434
-473
-536
-643
-765
-862
-915
-933
-931
-919
-902
-883
-867
-850
-835
-829
-831
-821
-772
-661
-498
-314
-139
15
160
308
457
578
648
671
680
709
762
810
826
809
790
789
794
772
703
604
518
472
472
487
490
476
456
445
446
442
419
374
325
298
307
343
380
400
397
379
361
342
309
230
102
-48
-178
-270
-342
-416
-493
-554
-589
-604
-619
-640
-654
-644
-606
-550
-490
-432
-370
-297
-218
-144
-81
-20
50
127
195
248
286
323
353
365
349
310
262
213
175
142
111
83
57
34
18
0
-35
-98
-188
-280
-350
-382
-384
-371
-349
-301
-213
-101
-3
49
52
29
-2
-34
-75
-132
-194
-239
-244
-217
-183
-164
-161
-168
-179
-197
-220
-241
-251
-248
-231
-196
-149
-101
-65
-36
-6
31
79
132
192
256
322
388
443
479
489
475
442
402
357
307
254
209
180
159
141
107
61
9
-42
-83
-109
-120
-114
-93
-52
2
63
113
150
175
191
197
193
180
163
139
110
73
31
-14
-61
-113
-175
-234
-285
-318
-337
-348
-354
-356
-354
-349
-340
-330
-321
-310
-293
-264
-227
-184
-129
-62
11
87
161
237
303
359
401
426
441
451
459
460
440
401
350
302
262
224
182
134
83
36
6
-13
-33
-62
-104
-150
-184
-201
-209
-224
-248
-269
-272
-256
-233
-230
-243
-262
-265
-248
-217
-182
-149
-115
-81
-52
-37
-44
-62
-84
-101
-107
-104
-89
-67
-28
20
70
115
148
171
189
202
211
217
219
219
220
217
206
181
145
109
81
61
45
25
7
6
24
54
78
84
77
74
82
99
108
106
98
99
110
133
151
153
143
129
113
90
46
-14
-88
-162
-226
-270
-308
-345
-384
-414
-431
-430
-415
-389
-357
-327
-303
-282
-261
-232
-195
-151
-102
-51
2
60
123
189
253
308
345
364
368
368
363
360
356
352
350
342
327
307
286
262
230
184
122
47
-28
-90
-134
-164
-192
-223
-252
-281
-306
-325
-336
-334
-315
-279
-226
-167
-109
-64
-33
-15
4
36
76
106
114
99
72
48
30
15
-3
-37
-79
-123
-157
-174
-176
-161
-133
-92
-44
2
35
53
74
129
242
392
530
599
573
477
363
276
227
202
175
128
54
-47
-154
-234
-264
-248
-217
-198
-211
-240
-263
-256
-217
-160
-96
-43
-12
1
2
10
26
50
65
52
10
-57
-130
-186
-219
-232
-239
-246
-257
-265
-269
-267
-260
-243
-217
-180
-140
-99
-66
-35
2
46
100
151
195
232
263
288
306
320
334
350
365
361
339
309
282
272
274
273
264
248
236
223
196
147
84
34
0
-17
-29
-38
-50
-71
-110
-171
-243
-303
-337
-338
-316
-278
-232
-187
-148
-122
-112
-111
-114
-118
-116
-98
-54
8
62
82
55
-3
-66
-110
-135
-148
-157
-150
-121
-70
-15
20
26
14
4
21
69
140
217
284
330
350
351
336
312
270
213
151
100
75
72
71
59
33
-1
-39
-82
-131
-171
-185
-171
-140
-109
-83
-70
-67
-75
-96
-130
-168
-197
-201
-183
-157
-145
-151
-173
-190
-197
-199
-209
-229
-247
-239
-203
-152
-102
-68
-49
-43
-46
-51
-41
-5
53
114
165
211
260
314
370
402
402
376
341
312
294
284
281
280
272
249
216
182
153
116
62
-1
-47
-54
-28
3
7
-17
-52
-73
-82
-97
-124
-161
-186
-190
-173
-141
-108
-89
-86
-96
-102
-95
-86
-85
-87
-83
-62
-37
-38
-72
-121
-150
-153
-147
-151
-159
-145
-98
-42
-7
0
-1
9
30
46
53
63
90
127
152
156
149
146
155
163
163
157
157
165
166
145
101
52
15
-2
-5
-3
-3
-11
-29
-53
-78
-95
-100
-94
-80
-62
-52
-59
-86
-121
-149
-163
-167
-168
-166
-157
-142
-129
-128
-135
-146
-155
-162
-163
-156
-134
-107
-87
-79
-73
-61
-41
-22
-4
26
65
108
136
147
154
176
214
252
284
306
323
331
325
304
276
250
224
197
168
149
130
106
68
21
-15
-26
-20
-18
-38
-76
-112
-132
-135
-128
-119
-110
-93
-65
-28
-1
6
-9
-37
-59
-66
-58
-47
-38
-37
-40
-53
-80
-124
-175
-213
-225
-209
-180
-150
-124
-108
-101
-98
-86
-55
-12
25
45
54
71
101
134
144
129
113
117
142
164
170
154
134
116
97
75
52
32
13
-6
-27
-51
-72
-89
-99
-101
-98
-92
-92
-95
-94
-77
-43
-8
13
15
9
2
0
-1
-9
-26
-49
-63
-66
-65
-72
-94
-120
-140
-141
-128
-110
-94
-79
-62
-41
-21
-4
13
30
52
74
97
123
152
181
204
215
217
219
232
249
258
249
228
205
187
165
126
75
25
-6
-20
-32
-55
-83
-103
-109
-112
-122
-134
-135
-119
-100
-93
-101
-114
-114
-95
-69
-51
-39
-30
-20
-19
-26
-37
-47
-53
-59
-64
-65
-65
-68
-74
-85
-98
-108
-111
-100
-71
-28
18
51
66
74
90
114
131
134
129
136
158
182
188
170
141
119
107
98
80
53
32
17
8
-9
-36
-69
-101
-122
-129
-129
-131
-130
-126
-117
-106
-98
-87
-71
-54
-37
-23
-12
-6
-2
-1
-1
-12
-29
-49
-67
-81
-95
-109
-119
-116
-99
-70
-41
-21
-9
4
26
53
79
103
125
143
154
158
162
171
181
186
181
175
179
188
190
174
144
115
93
72
39
-8
-58
-97
-115
-120
-125
-136
-150
-157
-147
-128
-109
-94
-83
-74
-59
-41
-27
-21
-20
-19
-19
-20
-24
-25
-21
-17
-19
-25
-29
-28
-29
-36
-52
-69
-85
-88
-85
-77
-64
-44
-15
13
31
42
53
77
110
136
145
138
132
139
147
140
111
77
57
55
51
35
7
-23
-46
-64
-90
-118
-142
-152
-150
-143
-133
-115
-93
-66
-46
-29
-11
10
31
44
52
61
68
75
72
61
49
39
27
8
-19
-44
-64
-77
-89
-104
-122
-137
-145
-136
-112
-82
-56
-35
-15
10
40
72
104
129
148
162
179
202
231
260
276
278
267
254
243
228
205
173
134
91
48
5
-40
-84
-122
-149
-166
-180
-194
-205
-206
-194
-177
-158
-148
-139
-129
-119
-117
-126
-134
-132
-118
-106
-106
-106
-94
-66
-34
-15
-16
-20
-21
-16
-15
-22
-32
-36
-30
-20
-7
8
32
57
78
95
112
129
142
149
146
142
145
152
150
134
107
85
73
63
43
19
0
-6
-5
-9
-21
-35
-42
-40
-36
-34
-31
-19
-3
6
7
8
22
40
45
32
11
-6
-5
1
-2
-24
-54
-81
-103
-126
-149
-167
-180
-188
-198
-206
-201
-181
-150
-122
-99
-73
-34
14
62
104
136
173
213
250
273
283
283
278
266
253
236
214
186
157
131
109
85
55
16
-29
-69
-102
-132
-159
-182
-185
-171
-157
-148
-141
-121
-92
-67
-49
-40
-29
-16
-10
-15
-31
-47
-53
-54
-60
-72
-83
-89
-89
-88
-84
-79
-80
-83
-87
-83
-69
-54
-41
-32
-21
-5
15
33
47
58
72
85
99
104
103
96
89
88
94
101
98
86
70
63
66
70
66
53
41
34
36
38
34
28
28
31
30
18
-1
-17
-21
-18
-15
-21
-33
-40
-40
-39
-44
-57
-70
-77
-79
-85
-98
-116
-129
-132
-129
-123
-117
-109
-95
-75
-52
-28
-7
14
35
55
76
99
123
143
158
161
164
170
179
190
194
194
191
180
162
132
97
66
37
11
-18
-43
-65
-83
-97
-114
-126
-133
-130
-124
-113
-100
-83
-65
-52
-49
-52
-54
-49
-38
-28
-27
-33
-40
-47
-53
-59
-67
-73
-76
-78
-81
-84
-85
-80
-71
-62
-56
-50
-41
-27
-9
10
25
41
56
69
74
76
77
82
91
101
106
105
100
93
84
73
61
47
36
31
30
33
37
37
34
28
23
15
6
1
0
2
5
7
5
1
-6
-9
-13
-15
-18
-20
-26
-32
-38
-48
-59
-72
-85
-95
-102
-106
-106
-102
-97
-93
-86
-75
-60
-43
-25
-5
15
39
61
79
91
98
108
122
136
150
160
165
166
162
153
140
123
107
92
78
62
42
20
-1
-21
-39
-55
-67
-76
-81
-83
-81
-80
-80
-80
-82
-84
-80
-72
-60
-49
-44
-43
-44
-44
-45
-46
-50
-54
-58
-58
-58
-57
-58
-56
-53
-48
-41
-33
-23
-13
-6
2
6
11
16
24
29
34
38
43
49
55
54
49
41
38
34
35
34
32
30
27
25
23
21
19
20
23
24
27
27
26
25
24
26
26
24
21
17
15
12
6
0
-8
-12
-14
-19
-27
-37
-47
-54
-62
-71
-82
-89
-92
-92
-92
-92
-91
-84
-76
-70
-67
-63
-53
-39
-21
-3
12
28
46
64
82
96
109
121
135
148
157
162
162
162
157
146
133
122
114
102
86
71
58
45
28
9
-7
-21
-33
-45
-55
-65
-75
-78
-79
-81
-86
-89
-88
-89
-91
-92
-91
-89
-88
-87
-83
-78
-73
-69
-64
-60
-55
-48
-42
-36
-30
-24
-16
-8
-4
-2
0
1
7
12
19
27
38
47
52
50
49
45
41
36
29
27
32
37
38
40
41
43
39
32
25
19
13
9
7
8
8
8
9
6
3
0
-3
-4
-6
-9
-12
-13
-13
-18
-23
-28
-28
-31
-35
-44
-52
-57
-57
-59
-62
-64
-59
-52
-49
-48
-44
-38
-33
-29
-24
-18
-11
0
11
23
35
46
54
64
74
82
89
96
106
116
122
120
116
117
118
113
105
94
85
74
60
47
35
25
17
10
1
-13
-25
-37
-47
-59
-72
-79
-84
-88
-92
-95
-93
-90
-90
-92
-91
-87
-80
-72
-63
-53
-44
-37
-32
-28
-29
-26
-21
-15
-9
-3
3
11
16
16
12
9
9
11
15
19
23
26
28
28
28
27
24
21
22
22
23
26
28
29
28
26
22
17
12
8
5
2
1
-1
-4
-7
-8
-11
-13
-17
-22
-25
-28
-29
-29
-27
-24
-24
-26
-27
-32
-37
-41
-45
-43
-40
-37
-32
-28
-24
-18
-11
-5
-2
3
11
18
26
34
42
51
60
65
68
73
78
83
88
94
99
100
98
96
91
83
77
71
66
58
49
38
27
16
6
-5
-16
-25
-35
-43
-50
-57
-66
-72
-78
-85
-90
-95
-96
-97
-93
-89
-85
-81
-76
-70
-64
-56
-48
-40
-31
-21
-13
-8
-1
5
9
15
19
21
25
24
25
24
23
24
23
22
21
18
14
10
7
3
1
-1
1
1
1
3
4
4
5
6
7
8
10
13
14
16
16
16
14
12
9
9
8
8
10
11
11
8
6
4
0
-4
-8
-12
-16
-19
-20
-22
-25
-29
-31
-36
-38
-40
-41
-38
-36
-33
-27
-22
-16
-11
-4
3
13
23
33
44
55
63
71
80
87
93
98
103
104
105
104
101
98
94
86
77
66
54
42
29
17
6
-5
-16
-26
-36
-46
-54
-63
-71
-79
-84
-91
-94
-97
-97
-94
-91
-88
-84
-80
-77
-69
-64
-55
-47
-37
-26
-18
-9
-3
3
9
14
18
22
25
28
31
32
33
31
28
25
24
23
20
14
8
3
-1
-3
-9
-14
-21
-24
-25
-24
-24
-22
-22
-22
-21
-21
-20
-18
-14
-11
-6
-2
1
6
9
15
18
22
23
24
23
26
26
27
27
27
24
23
20
16
12
9
5
1
-2
-6
-8
-10
-8
-8
-6
-4
-2
1
5
7
11
16
20
28
33
39
46
51
55
58
61
63
64
64
63
63
60
59
53
48
40
31
22
13
5
-3
-10
-17
-25
-33
-39
-46
-53
-58
-63
-67
-72
-76
-77
-78
-77
-75
-71
-67
-63
-58
-54
-49
-42
-35
-28
-21
-15
-8
-2
5
10
15
19
24
27
31
33
35
35
37
36
35
33
30
26
21
17
13
9
4
-1
-5
-9
-14
-17
-22
-24
-26
-29
-30
-30
-30
-28
-28
-27
-25
-23
-20
-18
-14
-10
-7
-2
1
5
8
11
15
18
20
21
21
21
18
15
14
12
10
9
8
6
3
3
2
2
3
4
7
8
10
12
16
19
24
27
31
35
40
44
46
49
51
52
52
52
51
49
47
44
40
36
30
25
19
15
8
3
-3
-9
-15
-22
-26
-30
-36
-39
-42
-45
-48
-51
-53
-55
-56
-55
-55
-53
-52
-49
-47
-44
-42
-39
-36
-31
-26
-19
-15
-9
-5
2
5
9
12
15
18
21
23
25
26
26
25
25
22
21
18
17
14
12
11
6
2
-1
-5
-8
-11
-14
-16
-17
-17
-20
-19
-20
-19
-20
-20
-17
-16
-13
-9
-7
-5
-2
0
1
3
3
3
5
7
7
8
7
6
4
3
0
0
-2
-2
-2
-3
-3
-3
-2
0
1
2
5
8
11
13
17
22
27
30
34
36
40
43
44
47
47
46
45
42
38
35
31
27
22
19
15
11
7
4
1
-3
-6
-10
-12
-16
-19
-21
-24
-24
-27
-29
-30
-31
-35
-37
-39
-39
-40
-39
-39
-39
-37
-35
-34
-30
-28
-26
-23
-20
-18
-14
-11
-6
-2
1
5
9
11
12
15
17
18
18
20
20
20
19
18
17
15
14
12
9
7
5
4
2
0
-2
-4
-5
-6
-7
-6
-8
-7
-7
-7
-6
-5
-5
-3
-2
-1
0
0
1
2
2
2
3
2
2
2
2
1
1
0
0
2
0
0
-1
0
1
2
4
4
7
9
12
13
14
17
20
21
24
26
27
27
26
26
26
25
24
22
22
21
19
17
14
12
10
7
4
2
0
-1
-4
-4
-6
-7
-10
-12
-14
-16
-16
-18
-20
-20
-21
-22
-24
-24
-24
-25
-25
-25
-25
-25
-25
-25
-24
-22
-21
-20
-17
-16
-16
-12
-9
-5
-2
0
2
3
3
5
6
7
8
8
8
6
8
7
6
6
6
4
1
1
1
0
0
-2
-1
-1
-2
-3
-4
-4
-4
-4
-5
-3
-3
-2
-1
1
-1
1
1
1
2
2
2
2
3
4
4
3
3
3
2
3
5
7
8
11
11
12
13
14
14
14
16
14
14
13
14
14
15
14
13
13
11
9
9
7
5
3
3
2
1
0
0
-1
-2
-1
0
-2
-2
-2
-2
-2
-2
-2
-2
-2
-3
-3
-4
-4
-4
-5
-8
-7
-8
-10
-10
-10
-11
-10
-9
-10
-10
-11
-10
-12
-11
-11
-10
-9
-9
-7
-7
-6
-5
-5
-4
-3
-2
-2
-1
-1
0
0
0
0
0
0
-1
0
0
0
1
0
0
0
1
0
-1
-1
-1
-1
-1
-2
-2
-1
-2
-1
-2
0
-1
-1
-1
0
-1
1
1
1
0
1
1
2
1
2
1
4
2
4
4
4
5
6
7
8
8
9
8
9
10
10
11
11
12
12
12
12
12
12
11
10
8
9
7
7
6
5
4
3
1
0
0
-2
-1
-1
1
0
-1
-2
-2
-2
-2
-3
-2
-2
-3
-3
-3
-3
-2
-3
-4
-4
-4
-3
-5
-5
-5
-5
-5
-6
-5
-5
-6
-5
-5
-4
-4
-3
-3
-3
-2
-2
-1
-1
0
1
1
1
0
0
-1
1
0
0
0
-1
0
-1
-1
-2
-2
-2
-2
-2
-1
-2
-3
-2
-3
-2
-3
-3
-2
-3
-3
-3
-3
-2
-2
-2
-3
-2
-2
-1
0
-1
-1
-2
-1
-1
-1
1
1
2
3
4
4
3
5
6
6
6
7
7
8
7
8
7
8
9
8
9
8
7
8
8
8
8
6
5
5
3
3
4
3
3
2
1
1
1
1
0
-1
0
0
-2
-1
-2
-2
-2
-2
-2
-3
-3
-3
-4
-5
-4
-4
-5
-4
-4
-5
-5
-2
-3
-3
-2
-2
-3
-2
0
-1
-1
-1
-1
0
0
1
0
2
0
1
1
1
0
1
1
1
1
1
0
-1
-1
-1
-1
0
0
1
0
0
-1
-1
-1
-2
-2
-2
-2
-1
-2
-2
-2
-2
-2
-1
-1
-1
-1
-1
0
0
0
0
0
0
1
0
0
0
2
1
1
2
2
2
3
3
5
5
5
5
5
6
4
5
5
5
5
5
5
3
4
4
2
3
3
2
1
1
1
1
1
0
1
1
1
1
1
1
1
0
0
1
0
0
0
0
0
-1
-1
-1
-1
-2
-1
-2
-2
-3
-2
-2
-2
-2
-1
-2
-2
-2
-2
-3
-1
-2
-2
-2
-2
-1
0
-1
-1
-1
-1
0
0
1
0
0
0
0
-1
0
-1
0
0
0
0
0
0
0
0
0
0
0
0
0
0
0
0
0
1
0
1
1
0
1
0
0
0
0
0
1
0
2
0
1
1
2
1
1
0
1
2
3
2
1
2
2
2
2
1
1
3
2
2
3
2
2
3
1
1
1
0
2
0
0
0
0
0
0
-1
0
0
0
0
0
0
0
0
0
0
0
0
0
0
0
0
0
1
1
1
0
0
-2
-1
-2
-2
-1
0
0
0
-1
-1
-2
0
-2
-1
-1
-1
-1
-2
-1
-2
-1
-2
-1
-1
-2
-2
-3
-1
-2
0
2
1
1
1
0
0
1
2
1
1
1
1
1
0
-1
0
0
0
0
0
0
0
0
1
0
1
1
0
0
0
0
0
0
0
0
0
0
1
0
1
0
0
0
0
0
0
1
2
1
1
0
2
1
2
3
2
2
1
0
-1
0
0
2
2
2
2
2
1
0
0
0
0
0
0
0
0
-1
0
0
0
0
0
0
0
0
0
-1
0
1
0
0
0
0
0
0
0
-1
1
0
0
0
1
0
1
0
0
0
0
0
0
0
-1
0
1
0
0
0
1
0
0
0
0
-1
1
1
0
0
1
0
0
0
0
0
0
0
0
-1
0
0
0
0
1
0
0
0
0
0
0
-1
-1
1
0
0
1
0
0
-1
0
-1
1
0
1
0
0
0
0
1
-1
0
0
0
0
0
0
0
0
0
0
0
0
0
0
-1
0
0
0
0
1
0
0
0
0
0
0
0
0
-1
0
0
0
-1
0
0
1
0
-1
0
0
0
0
1
1
1
0
0
-1
0
0
-1
0
0
0
0
-1
0
0
0
0
0
0
1
0
0
0
0
0
1
0
0
0
0
0
0
0
-1
1
-1
0
-1
0
0
0
0
-1
0
0
0
0
0
0
0
0
0
1
0
0
0
0
0
0
0
0
0
0
0
0
0
0
-1
0
0
0
1
0
0
0
0
-1
0
-1
0
1
0
0
1
0
0
0
0
0
0
0
0
0
0
1
-1
0
-1
0
0
-1
0
0
0
0
-1
0
0
0
0
0
1
0
0
0
0
0
0
0
-1
0
0
0
0
0
0
-1
0
0
0
0
0
0
-1
0
-1
0
0
0
0
1
0
0
0
0
0
0
0
0
0
0
0
0
1
0
0
0
0
1
0
-1
0
1
0
0
0
0
0
0
0
-1
-1
0
0
0
1
0
-1
0
0
-1
0
0
0
-1
0
0
1
0
0
0
0
0
0
1
0
0
0
0
1
0
0
0
1
1
0
0
0
0
0
0
1
0
1
0
0
0
1
0
0
0
-1
1
1
0
-1
0
0
0
0
0
0
0
0
0
0
0
1
0
1
0
0
0
0
0
-1
0
1
0
0
-1
0
-1
0
0
-1
0
0
0
0
0
0
0
0
0
0
0
0
0
0
0
0
0
0
0
0
0
0
0
0
0
0
0
0
0
0
0
0
0
-1
0
0
0
0
0
0
0
-1
0
0
0
0
0
0
0
0
0
0
0
0
0
0
0
0
0
0
0
0
0
0
1
-1
0
0
0
0
0
0
0
1
0
0
0
0
0
-1
0
0
0
0
0
0
0
0
0
0
-1
-1
-1
-1
0
-1
0
0
0
0
0
0
-1
-1
0
-1
0
0
0
-1
0
0
0
0
0
0
0
1
0
0
0
0
0
0
0
0
0
0
1
1
0
0
0
0
0
0
0
0
0
0
0
1
0
0
0
0
0
1
1
0
0
0
0
0
-1
0
0
0
0
0
0
1
0
0
1
0
0
0
1
0
0
1
0
1
1
0
0
0
0
0
0
0
0
0
0
1
0
1
1
-1
0
0
0
0
0
0
0
0
0
0
0
1
0
0
1
0
0
0
1
0
0
0
-1
0
0
0
0
0
0
0
0
0
0
1
0
0
0
-1
-1
0
0
0
0
0
0
0
0
0
0
-1
0
1
0
0
0
0
0
0
0
-1
0
1
0
0
0
0
-1
0
-1
-1
0
0
0
0
1
0
0
0
0
0
0
0
0
1
1
0
1
-1
0
0
0
0
0
0
0
0
0
0
0
0
0
0
0
0
0
0
0
0
0
0
0
0
0
0
0
0
-1
1
0
1
0
0
1
0
0
0
0
0
1
-1
0
0
0
0
0
1
0
0
-1
0
0
0
0
1
0
0
1
-1
-1
0
0
0
0
0
0
0
0
0
0
0
-1
0
0
0
1
0
0
0
0
1
0
-1
-1
0
0
0
-1
0
0
0
0
0
-1
0
0
0
0
-1
0
0
0
0
0
0
0
0
0
0
0
0
0
0
-1
0
0
0
0
0
0
0
0
0
1
0
-1
0
0
0
0
0
0
0
0
0
0
0
0
0
0
0
0
0
0
0
-1
0
0
0
0
0
0
0
0
0
0
0
0
0
1
0
0
0
0
0
0
0
1
0
0
0
1
1
0
0
0
-1
1
1
0
0
0
0
0
0
0
1
0
0
0
1
0
0
0
0
0
-1
0
0
0
0
0
0
0
0
0
0
-1
-1
-1
0
0
0
0
-1
0
0
0
0
0
0
0
0
0
1
0
1
0
0
0
0
0
0
1
-1
0
1
-1
0
0
0
0
0
0
0
-1
0
0
0
-1
0
-1
0
0
0
0
0
-1
0
0
0
0
0
0
-1
0
0
0
0
0
0
0
0
-1
-1
0
0
0
0
0
1
0
0
0
0
0
-1
0
0
0
0
0
0
0
0
0
1
0
1
0
0
1
-1
1
0
0
0
-1
-1
0
0
0
-1
0
-1
0
0
0
-1
0
0
0
0
1
0
0
0
0
0
0
1
0
1
0
0
0
0
0
0
1
0
0
0
1
1
0
0
0
0
0
0
0
0
-1
1
0
0
0
0
0
0
0
1
0
0
-1
0
0
0
-1
-1
0
0
1
0
-1
0
0
0
0
0
0
-1
-1
0
0
-1
1
0
1
0
0
0
0
0
0
1
0
0
0
-1
0
0
0
0
0
1
-1
0
0
0
0
0
0
0
0
0
1
0
0
0
0
0
0
-1
0
0
-1
0
0
-1
0
0
0
0
0
0
0
0
1
0
0
-1
1
0
0
-1
-1
0
0
0
1
-1
0
0
0
-1
1
0
0
0
1
-1
0
0
0
0
0
0
0
0
0
0
0
-1
0
0
0
0
0
0
0
0
0
0
1
-1
0
0
-1
1
0
0
0
0
0
0
0
0
0
0
0
0
0
0
-1
0
0
0
0
0
0
0
-1
0
0
0
-1
0
0
-1
-1
0
0
0
0
0
1
1
-1
0
-1
0
0
0
0
0
0
0
0
1
0
0
0
0
-1
1
0
0
1
0
0
0
0
0
1
1
0
0
0
0
0
-1
0
-1
1
0
1
0
0
1
0
0
1
0
0
0
1
-1
-1
1
0
0
0
-1
0
0
1
0
0
0
0
0
0
-1
0
0
0
-1
0
0
1
1
-1
0
0
0
0
0
0
0
0
0
-1
1
0
0
1
0
0
0
0
1
-1
0
0
0
0
-1
1
0
0
-1
0
0
0
0
0
-1
0
-1
1
0
0
1
0
0
0
0
0
0
0
0
-1
0
0
0
1
0
1
0
0
0
0
-1
0
0
1
1
0
0
0
-1
-1
0
0
0
-1
0
0
1
0
1
0
0
1
0
0
1
0
0
0
0
0
0
0
0
0
0
0
-1
1
0
0
0
0
0
0
0
0
0
0
-1
0
-1
0
0
0
0
0
-1
0
0
0
1
0
0
0
0
0
0
0
0
0
-1
1
1
-1
0
0
0
0
0
0
0
0
0
0
0
0
0
-1
0
0
0
0
0
0
0
0
-1
0
0
0
0
-1
0
-1
0
0
0
0
0
-1
0
0
-1
0
0
0
1
0
0
0
0
0
0
1
0
0
0
0
0
1
0
0
0
1
1
0
0
0
0
0
0
0
0
1
1
1
0
0
-1
0
0
0
-1
-1
0
0
0
0
0
0
0
0
0
0
0
0
0
0
0
0
0
0
0
0
0
1
1
1
0
-1
0
0
0
0
0
0
1
-1
-1
0
0
0
0
0
1
0
-1
0
0
0
0
0
0
0
0
-1
0
0
0
0
1
0
0
0
0
0
-1
1
1
0
0
0
0
1
0
0
0
0
0
0
0
0
0
0
0
0
1
0
0
0
0
0
0
1
0
0
0
0
0
0
0
0
0
0
1
0
-1
0
0
0
0
-1
0
0
0
0
0
0
-1
0
0
-1
0
0
0
-1
1
0
0
0
0
0
0
0
0
0
0
0
0
0
-1
0
-1
0
0
0
0
0
0
0
0
0
1
0
0
0
0
0
0
0
0
0
0
0
1
0
0
0
0
0
0
0
0
0
-1
0
0
1
0
0
0
0
0
0
0
1
0
0
0
0
0
0
-1
0
1
0
0
0
0
0
0
0
0
-1
0
0
0
0
0
0
0
0
1
0
-1
0
1
0
0
-1
0
0
0
0
-1
0
0
0
0
1
0
0
0
0
0
0
0
0
-1
0
0
0
0
0
0
0
0
0
1
0
0
0
0
0
1
0
0
1
0
1
-1
0
0
0
0
0
0
0
0
-1
0
-1
-1
0
0
0
0
0
0
0
0
0
0
-1
0
-1
0
0
0
0
0
0
-1
0
0
0
0
0
0
0
0
0
0
0
0
0
0
0
0
0
1
1
0
-1
0
0
0
0
0
0
0
0
0
0
0
0
0
0
0
0
1
0
0
0
0
0
1
0
0
0
0
0
0
0
-1
-1
0
0
0
0
0
-1
-1
0
0
0
-1
1
0
0
-1
0
0
0
0
0
0
0
0
0
0
0
0
0
0
0
0
1
0
0
-1
0
0
0
0
0
0
1
0
0
-1
-1
0
0
0
0
-1
0
0
0
0
0
1
0
0
1
0
1
0
0
0
0
0
0
-1
0
0
0
0
0
0
1
0
0
0
0
0
0
-1
-1
0
-1
0
0
0
0
0
0
0
0
0
0
0
0
0
0
-1
0
0
0
0
1
0
0
0
0
0
0
0
0
0
0
-1
1
-1
0
0
0
0
0
0
0
0
1
0
1
0
0
0
1
-1
0
0
0
0
0
0
0
0
0
0
-1
0
0
0
0
1
1
0
1
0
0
0
0
0
0
0
0
0
0
-1
-1
-1
-1
0
0
0
0
0
-1
0
0
0
0
0
-1
0
-1
0
1
0
0
1
0
0
-1
0
-1
0
0
0
-1
0
1
-1
0
0
0
0
-1
0
1
0
-1
1
1
0
1
-1
0
0
1
0
0
-1
1
0
0
1
0
0
0
0
1
0
0
0
0
1
0
-1
0
-1
0
1
0
1
-1
0
1
0
0
0
0
0
-1
0
0
0
0
0
0
0
0
0
0
-1
0
1
0
1
0
-1
0
0
1
0
0
0
0
0
0
-1
0
-1
0
0
0
0
0
0
0
1
0
1
0
0
0
0
0
-1
0
0
0
0
0
-1
0
0
0
0
0
0
1
0
0
0
0
1
0
0
0
0
0
0
0
0
0
-1
0
1
0
0
0
0
0
0
0
0
0
0
0
0
0
0
0
-1
1
0
0
0
-1
0
0
0
1
0
0
0
-1
0
0
0
0
1
1
0
1
0
0
-1
0
-1
0
0
0
0
0
0
0
0
0
0
0
0
0
1
0
0
0
0
0
0
0
0
0
0
0
0
0
0
0
0
0
0
1
0
0
0
1
0
0
0
0
0
0
0
0
1
1
0
0
1
0
0
0
0
0
1
0
0
-1
1
0
-1
-1
0
0
0
0
0
1
0
1
0
0
0
1
0
-1
0
-1
0
0
-1
0
0
0
-1
0
0
0
0
0
0
0
0
1
-1
0
0
0
0
-1
0
0
0
0
0
1
0
0
0
0
0
0
0
0
1
1
0
0
0
0
0
0
0
0
0
1
0
-1
0
0
0
0
0
0
0
0
0
0
1
0
1
1
1
0
0
0
0
0
0
0
0
0
0
0
0
-1
0
0
0
-1
0
-1
0
0
0
0
0
0
0
-1
1
0
1
0
0
0
0
1
1
0
-1
0
1
-1
0
0
0
0
0
0
0
0
0
0
0
0
0
1
-1
0
0
0
0
0
0
0
-1
0
-1
0
0
0
0
0
-1
0
1
0
0
0
1
0
0
0
0
0
0
0
0
0
0
0
0
0
0
1
0
1
0
-1
-1
-1
0
0
0
0
0
0
0
-1
0
0
1
-1
0
1
0
0
0
0
0
0
0
-1
0
0
0
0
0
0
0
0
0
0
0
0
0
0
0
0
0
0
0
0
0
0
1
0
1
0
0
0
1
0
0
-1
1
0
-1
0
0
-1
0
0
0
0
-1
0
0
0
0
1
-1
0
1
2
1
1
2
0
1
1
1
0
0
1
2
3
3
1
0
0
1
-1
0
0
0
-1
0
0
0
-1
0
1
0
-1
0
0
-1
-1
0
0
0
0
-1
-1
0
0
-1
0
1
1
-1
-1
1
1
1
-1
-1
1
1
0
1
0
0
0
-1
0
0
0
0
0
0
-1
1
0
0
0
0
1
0
0
0
-1
0
0
-1
0
0
0
0
0
2
2
-1
0
1
3
-1
0
3
0
0
-1
-5
3
8
-3
-5
3
2
1
0
-1
2
3
2
-2
1
1
-6
2
5
-10
6
8
-4
5
2
3
9
-12
-7
11
5
-1
-3
8
-5
-10
5
-6
6
19
-5
3
17
-14
-22
-12
-26
68
28
-68
-6
23
-45
44
-11
0
29
-198
109
567
-747
-400
1082
-664
315
196
-874
862
-67
-346
189
-235
115
212
30
-237
-145
312
35
-274
182
45
-150
63
67
-85
12
-49
24
42
-20
-35
14
28
-130
-17
178
-94
-10
8
-65
180
-80
-126
55
24
76
-76
19
53
-82
34
24
11
6
-43
74
9
-134
82
52
-138
70
83
-76
-18
12
-3
26
24
-5
-24
-12
6
7
23
-1
-34
-3
16
8
11
3
-4
7
8
2
6
3
0
4
3
-1
-5
3
4
-9
12
-2
-26
38
4
-45
32
5
-22
33
-8
-19
20
5
-13
12
-8
-14
11
18
-29
-27
35
10
-22
-5
-5
5
5
-10
13
1
-32
14
14
-14
-1
-19
13
28
-25
-16
5
6
14
-12
-2
8
-15
18
11
-34
8
16
-7
8
-15
-5
4
-1
7
-9
-5
15
2
-29
21
20
-28
11
-3
-2
34
-25
-45
44
25
-35
-8
14
-6
13
-3
-14
2
5
10
-7
-2
6
-5
-8
18
6
-12
-3
15
-15
11
18
-34
15
17
-28
31
-7
-24
28
-7
4
5
-22
22
0
-16
12
3
-6
-6
15
3
-15
11
0
0
0
-8
28
-12
-24
22
6
-12
0
0
19
-8
-19
8
3
10
-1
-12
-15
37
7
-47
11
27
-10
-6
-2
-2
14
-10
-3
3
5
0
-8
10
-1
-8
-5
23
-16
-7
26
-17
-9
17
1
-14
-2
11
4
-7
-10
2
17
-3
-16
7
7
-5
2
-5
-1
7
5
-4
-7
-1
9
3
-16
9
0
2
3
-4
-7
5
8
-9
5
-8
5
13
-18
-4
14
-2
-9
4
6
-2
-9
2
4
0
7
-10
3
7
-6
5
-5
-3
10
-3
-4
1
0
-4
3
3
-7
2
6
0
-9
-1
1
10
0
-15
10
5
-15
16
2
-25
9
15
-3
1
-22
9
26
-26
1
12
-12
13
-5
-7
7
-3
7
-7
-2
10
-11
3
1
-8
13
-3
-6
9
-8
-3
9
-9
6
11
-18
1
12
-7
-2
4
-2
2
2
-6
5
0
-10
6
5
0
0
-4
-3
6
3
-6
-1
3
2
-4
0
4
-7
0
9
-4
-7
2
7
-4
-8
8
0
-1
2
-12
6
10
-9
-2
1
5
2
-6
-2
4
6
-13
2
14
-12
2
0
-6
10
-6
0
11
-12
0
9
-5
-2
5
-1
-2
1
2
0
-2
-4
2
5
2
-3
-1
-1
-3
1
5
-2
-3
0
2
2
-4
-4
5
5
-4
-1
-1
-1
-3
-3
6
3
-6
1
3
-2
0
-1
-1
7
-2
-8
5
3
-5
0
1
0
3
-3
-4
3
-1
-2
3
-2
-1
2
1
0
0
1
-1
2
4
-5
-4
4
2
-2
-2
-2
4
3
-6
1
6
-1
-6
2
6
-5
-6
8
2
-9
1
8
-3
-7
5
4
-5
-3
5
1
-5
2
6
-3
-4
7
0
-6
4
1
-3
3
-4
0
6
-4
-2
4
0
2
-1
-3
4
1
-3
1
2
1
-1
-2
1
4
-3
-3
5
1
-4
-1
2
1
1
-3
-2
6
1
-8
4
4
-6
1
3
-5
3
2
-4
4
0
-4
7
0
-5
4
1
-3
3
-2
-1
5
-3
-2
5
-3
-2
5
-1
-4
2
1
0
0
-4
1
5
-2
-4
2
3
-1
-1
-1
0
2
-1
-1
-1
3
3
-4
0
5
-5
-2
5
-1
-3
2
2
1
-2
0
3
-1
-3
2
2
-3
0
2
0
1
-2
-1
3
-2
-4
3
2
-4
0
2
0
1
0
-1
1
2
-2
-2
2
0
-1
1
0
1
1
-1
0
1
-2
2
1
-2
0
0
0
0
0
-2
2
0
-2
-2
0
0
-1
0
1
0
-1
2
1
1
1
2
1
0
1
2
1
0
0
1
0
-2
-2
0
0
0
0
1
2
0
-1
-2
0
-1
0
1
0
1
1
0
0
0
0
2
0
-1
1
-2
-2
1
-1
0
2
0
0
1
0
1
1
2
1
1
0
1
0
1
0
0
0
0
0
1
0
0
-1
0
0
0
0
0
0
0
0
1
0
0
0
0
0
0
0
0
1
0
0
0
0
0
0
-1
0
0
0
0
1
0
0
1
0
0
0
1
-1
0
-1
0
0
0
1
0
0
0
0
0
0
1
0
0
0
0
0
0
0
0
0
-1
0
0
0
1
0
0
0
1
0
0
0
0
0
0
0
0
0
0
1
0
1
0
-1
0
0
-1
0
0
0
-1
0
0
0
-1
0
-1
1
-1
1
0
0
0
0
0
1
0
1
0
0
0
0
0
0
0
0
0
0
0
1
0
0
-1
0
0
0
0
0
0
0
0
0
0
-1
0
0
1
0
0
-1
0
0
0
0
0
0
0
0
-1
0
1
0
0
0
0
1
0
0
0
0
0
-1
0
0
-1
0
0
0
0
0
0
0
0
0
0
0
1
1
1
1
0
0
-1
1
0
0
0
0
0
0
0
0
0
0
0
0
1
0
0
1
0
1
0
0
1
0
0
0
0
1
0
0
-1
0
0
1
1
0
0
-1
0
-1
-1
0
0
0
1
1
0
-1
0
1
0
0
0
0
1
0
1
-1
0
1
0
0
0
-1
0
0
0
1
0
-1
0
-1
-1
0
0
1
0
0
0
1
1
0
0
1
1
-1
0
-1
0
0
0
1
0
0
0
0
-1
0
0
-1
0
0
-1
-1
1
0
0
0
0
-1
0
1
0
0
0
-1
1
0
1
0
1
-1
0
0
0
-1
0
0
0
0
0
0
0
0
0
0
0
0
0
0
0
0
0
1
0
0
0
0
1
0
0
0
0
0
0
0
0
0
0
0
0
0
0
0
0
0
0
0
0
1
0
0
0
0
-1
0
0
1
0
0
0
0
0
-1
0
0
0
0
0
0
-1
0
0
-1
0
0
0
-1
0
0
0
0
-1
0
0
0
0
0
0
0
0
0
0
0
0
0
0
0
-1
0
0
0
-1
0
-1
0
-1
0
0
0
0
1
0
0
0
0
-1
1
0
0
0
0
0
1
0
0
0
0
0
0
1
0
0
0
0
-1
0
-1
0
0
0
0
0
0
0
0
0
0
0
0
0
0
0
0
0
1
0
1
1
0
1
0
0
0
0
0
1
0
1
0
0
0
1
0
0
-1
0
0
1
0
-1
0
0
0
0
-1
-1
1
0
0
1
0
0
1
0
0
0
-1
1
0
0
0
0
0
0
-1
0
0
0
0
0
0
0
0
0
0
0
0
0
0
0
0
0
0
0
0
-1
0
-1
0
-1
0
0
0
0
0
-1
0
-1
1
0
0
0
0
0
-1
0
-1
0
-1
0
0
0
0
-1
0
-1
0
1
0
0
0
0
0
0
1
0
0
0
0
0
0
-1
0
0
0
0
0
0
0
0
1
0
1
1
0
0
0
0
0
0
0
0
0
0
1
0
1
0
0
0
0
0
0
0
1
0
0
0
1
0
1
1
0
0
0
0
-1
0
0
1
0
0
0
0
0
0
0
0
0
0
0
0
0
-1
0
0
0
0
0
0
0
0
0
-1
0
1
0
0
0
0
0
0
0
-1
1
0
0
0
1
0
1
0
0
0
0
0
0
0
-1
0
1
0
0
0
1
0
0
0
0
-1
1
1
0
0
1
0
0
0
0
0
0
0
0
-1
0
0
0
0
1
0
0
0
0
0
0
-1
-1
1
0
0
1
0
0
-1
0
-1
1
0
1
0
0
0
0
1
-1
0
0
0
0
0
0
0
0
0
0
0
0
0
0
-1
0
0
0
0
1
0
0
0
0
0
0
0
0
-1
0
0
0
-1
0
0
1
0
-1
0
0
0
0
1
1
1
0
0
-1
0
0
-1
0
0
0
0
-1
0
0
0
0
0
0
1
0
0
0
0
0
1
0
0
0
0
0
0
0
-1
1
-1
0
-1
0
0
0
0
-1
0
0
0
0
0
0
0
0
0
1
0
0
0
0
0
0
0
0
0
0
0
0
0
0
-1
0
0
0
1
0
0
0
0
-1
0
-1
0
1
0
0
1
0
0
0
0
0
0
0
0
0
0
1
-1
0
-1
0
0
-1
0
0
0
0
-1
0
0
0
0
0
1
0
0
0
0
0
0
0
-1
0
0
0
0
0
0
-1
0
0
0
0
0
0
-1
0
-1
0
0
0
0
1
0
0
0
0
0
0
0
0
0
0
0
0
1
0
0
0
0
1
0
-1
0
1
0
0
0
0
0
0
0
-1
-1
0
0
0
1
0
-1
0
0
-1
0
0
0
-1
0
0
1
0
0
0
0
0
0
1
0
0
0
0
1
0
0
0
1
1
0
0
0
0
0
0
1
0
1
0
0
0
1
0
0
0
-1
1
1
0
-1
0
0
0
0
0
0
0
0
0
0
0
1
0
1
0
0
0
0
0
-1
0
1
0
0
-1
0
-1
0
0
-1
0
0
0
0
0
0
0
0
0
0
0
0
0
0
0
0
0
0
0
0
0
0
0
0
0
0
0
0
0
0
0
0
0
-1
0
0
0
0
0
0
0
-1
0
0
0
0
0
0
0
0
0
0
0
0
0
0
0
0
0
0
0
0
0
0
1
-1
0
0
0
0
0
0
0
1
0
0
0
0
0
-1
0
0
0
0
0
0
0
0
0
0
-1
-1
-1
-1
0
-1
0
0
0
0
0
0
-1
-1
0
-1
0
0
0
-1
0
0
0
0
0
0
0
1
0
0
0
0
0
0
0
0
0
0
1
1
0
0
0
0
0
0
0
0
0
0
0
1
0
0
0
0
0
1
1
0
0
0
0
0
-1
0
0
0
0
0
0
1
0
0
1
0
0
0
1
0
0
1
0
1
1
0
0
0
0
0
0
0
0
0
0
1
0
1
1