50
67
80
86
83
78
74
76
81
85
85
77
67
56
53
52
54
49
37
19
3
-6
-7
-3
-2
-9
-21
-36
-44
-39
-28
-14
-5
-5
-12
-21
-29
-31
-29
-25
-22
-22
-27
-35
-43
-47
-43
-34
-23
-17
-13
-14
-16
-19
-20
-20
-19
-18
-20
-24
-28
-29
-27
-24
-19
-14
-12
-10
-7
-5
-4
-5
-12
-21
-35
-45
-52
-51
-43
-33
-26
-25
-28
-28
-20
-3
17
28
28
16
1
-9
-4
14
30
36
27
10
2
11
38
66
84
80
58
35
28
43
71
96
101
81
53
31
29
45
63
71
58
32
7
-8
-11
-14
-25
-46
-73
-94
-104
-105
-107
-117
-133
-144
-138
-115
-91
-88
-118
-166
-202
-191
-121
-25
44
42
-33
-124
-143
-33
191
432
576
550
377
164
34
59
208
376
437
331
90
-176
-346
-351
-212
-19
118
131
27
-129
-251
-279
-215
-105
-17
9
-36
-113
-180
-205
-187
-143
-101
-73
-56
-33
-4
34
58
62
46
27
25
51
96
139
162
151
116
84
72
84
106
115
97
51
-4
-47
-66
-65
-63
-77
-107
-145
-161
-146
-102
-51
-19
-20
-45
-71
-69
-33
28
86
117
113
84
54
40
46
59
70
72
66
57
48
36
16
-11
-37
-53
-50
-33
-16
-12
-28
-57
-80
-85
-67
-33
-5
6
-6
-34
-59
-67
-55
-29
-5
5
-2
-20
-32
-32
-14
13
45
69
78
77
68
57
50
51
60
70
77
72
55
31
11
1
1
6
9
8
2
-6
-12
-16
-19
-24
-32
-41
-47
-49
-45
-38
-34
-39
-52
-70
-85
-91
-83
-71
-55
-51
-58
-79
-101
-109
-97
-65
-23
11
30
34
30
31
45
71
102
128
137
131
115
98
86
86
93
98
100
95
84
74
69
67
64
58
46
28
14
6
4
1
-5
-19
-36
-54
-64
-71
-77
-85
-89
-87
-80
-72
-69
-77
-92
-101
-93
-65
-24
15
35
31
12
-7
-9
6
33
54
58
41
13
-11
-19
-10
8
26
31
20
2
-16
-22
-15
1
18
24
14
-8
-34
-51
-54
-39
-20
-6
-5
-17
-35
-51
-54
-43
-24
-6
2
-5
-20
-33
-39
-33
-21
-8
2
8
11
12
17
19
25
33
39
44
45
41
32
22
15
13
16
22
26
25
24
23
27
37
44
48
44
34
22
20
24
35
48
55
52
41
26
17
17
25
37
42
36
22
1
-18
-31
-31
-25
-13
-4
0
-3
-12
-25
-36
-38
-32
-23
-14
-10
-17
-30
-44
-52
-49
-40
-27
-19
-17
-23
-29
-30
-27
-19
-11
-4
-3
-4
-7
-8
-8
-3
-1
1
-2
-8
-17
-25
-31
-31
-32
-32
-32
-34
-37
-36
-32
-26
-17
-8
0
4
6
6
4
2
1
0
1
2
4
4
7
11
12
15
16
20
25
33
42
46
47
46
44
42
47
52
57
60
61
58
50
45
38
31
26
20
11
7
-1
-3
-5
-6
-7
-9
-13
-18
-23
-25
-26
-22
-21
-20
-23
-27
-33
-34
-28
-16
-2
10
15
11
3
-6
-10
-9
0
11
18
18
11
-2
-10
-13
-9
3
11
16
10
-3
-16
-28
-34
-31
-25
-19
-17
-18
-23
-30
-34
-34
-34
-28
-23
-21
-21
-25
-30
-30
-28
-21
-10
0
7
12
11
8
4
3
3
6
8
8
7
3
0
-4
-4
-2
2
5
8
8
8
9
12
18
24
29
33
33
34
37
42
45
48
47
44
40
37
32
29
25
22
19
16
13
11
10
11
13
12
11
8
4
1
-6
-11
-19
-26
-30
-33
-34
-34
-34
-36
-37
-38
-34
-27
-19
-12
-4
-1
1
1
2
5
10
15
16
16
11
6
2
1
0
3
3
2
-1
-5
-8
-5
-2
0
3
2
-3
-5
-9
-9
-10
-11
-14
-17
-22
-23
-26
-26
-24
-22
-22
-22
-22
-21
-19
-16
-13
-13
-13
-14
-15
-14
-11
-10
-8
-5
-4
-1
0
-1
-1
1
3
8
9
12
14
16
18
20
23
25
27
29
27
27
24
26
26
28
28
26
23
21
20
21
24
25
24
21
15
9
5
4
4
5
2
-3
-7
-10
-10
-7
-3
1
0
-1
-6
-11
-12
-11
-7
-2
1
1
-1
-3
-6
-7
-4
1
5
6
4
-1
-7
-8
-8
-5
-2
0
2
3
2
2
-1
-3
-4
-4
-2
-4
-6
-12
-17
-21
-26
-26
-25
-23
-21
-20
-20
-17
-14
-11
-8
-9
-11
-15
-14
-12
-9
-7
-9
-12
-14
-16
-14
-9
-3
2
7
13
16
17
18
19
20
22
26
27
27
24
20
15
8
3
1
1
3
6
6
5
2
0
1
1
5
9
11
10
7
3
-2
-4
-5
-3
-2
0
-1
-1
0
-1
0
1
2
4
6
11
14
13
13
11
10
9
9
9
9
9
7
4
0
-3
-5
-6
-4
-3
-1
-1
1
2
4
5
5
4
4
1
0
-1
-3
-5
-8
-11
-12
-13
-12
-12
-9
-10
-10
-11
-10
-10
-9
-7
-7
-9
-11
-14
-17
-17
-14
-10
-6
-3
-5
-4
-5
-2
-1
2
5
7
7
7
5
5
5
6
7
7
5
3
1
1
-1
-5
-8
-10
-12
-10
-9
-4
-3
-2
-1
-3
-2
0
3
6
6
4
1
0
0
0
1
3
3
2
1
0
4
9
12
15
15
14
14
15
15
17
17
14
10
9
7
6
6
5
5
4
4
3
4
5
6
6
5
5
3
2
3
3
2
1
-1
-2
-3
-5
-6
-7
-8
-9
-10
-11
-13
-14
-15
-14
-14
-12
-11
-8
-8
-7
-6
-5
-6
-5
-4
-3
-2
-3
-2
-3
-3
-2
0
3
5
6
6
4
4
3
4
5
6
6
5
3
0
-3
-4
-6
-4
-5
-4
-2
-3
-3
-2
-4
-3
-3
-4
-4
-3
-4
-4
-3
-4
-4
-3
-3
-3
-2
0
0
2
2
3
2
4
5
5
7
7
8
7
7
7
5
6
7
6
7
7
7
7
7
6
9
8
8
7
7
6
5
4
2
2
3
1
0
-1
-1
-2
-4
-2
-3
-3
-3
-3
-3
-3
-1
-2
-2
-2
-2
-2
-2
-1
-1
-1
-1
-1
-1
-3
-3
-3
-3
-2
-1
0
2
1
0
1
0
1
0
0
0
0
-1
0
-1
0
-1
-1
-1
-2
0
-1
-1
-1
0
-1
-1
0
1
1
0
-2
-1
-1
-2
-2
-2
-3
-3
-4
-4
-3
-3
-3
-2
0
-2
-1
0
-1
0
0
0
0
1
1
2
0
0
1
-1
0
1
1
1
2
1
0
0
1
2
2
4
3
2
1
1
1
2
1
1
1
1
1
1
0
1
1
4
3
2
2
4
3
1
1
3
3
2
0
0
1
1
0
0
1
0
1
1
1
2
2
0
1
1
0
0
2
0
0
1
-1
-2
-3
-2
-3
-1
-1
1
0
0
0
-1
-1
0
1
2
1
1
-1
-2
-2
-2
-1
0
0
0
-1
-2
-1
-1
0
1
0
0
0
1
0
0
0
0
0
0
-1
-1
-1
-1
0
-1
0
-1
-2
-1
0
-1
2
2
2
1
1
0
0
-1
0
-1
1
-1
1
0
0
0
0
0
1
0
1
0
0
0
0
0
0
0
0
0
0
0
1
0
0
-1
0
0
0
0
0
0
0
0
0
0
-1
0
0
1
0
0
-1
0
0
0
0
0
0
-1
-1
-2
0
1
1
2
2
2
3
1
1
1
1
1
0
1
1
0
0
0
0
0
0
0
0
0
0
0
0
1
1
1
1
0
0
-1
1
0
0
0
0
0
0
0
0
0
0
0
0
1
0
0
1
0
1
0
0
1
0
1
1
1
1
-1
-1
-2
-1
0
2
2
1
1
-1
0
-1
-1
1
0
0
0
-1
-1
-2
0
2
2
1
0
0
0
0
1
0
2
3
2
1
0
-1
0
0
0
1
0
-1
0
-1
-1
0
0
1
0
1
1
2
2
1
1
2
2
0
1
-1
0
0
0
1
0
0
0
0
-1
0
0
-1
0
0
-1
-1
1
0
0
0
0
-1
0
1
0
0
0
-1
1
0
1
0
1
-1
0
0
0
-1
0
0
0
0
0
0
0
0
0
0
0
0
0
0
0
0
0
1
0
0
0
0
1
0
0
0
0
0
0
0
0
0
0
0
0
0
0
0
0
0
0
0
0
1
0
0
0
0
-1
0
0
1
0
0
0
0
0
-1
0
0
0
0
0
0
-1
0
0
-1
0
0
0
-1
0
0
0
0
-1
0
0
0
0
0
0
0
0
0
0
0
0
0
0
0
-1
0
0
0
-1
0
-1
0
-1
0
0
0
0
1
0
0
0
0
-1
1
0
0
0
0
0
1
0
0
0
0
0
0
1
0
0
0
0
-1
0
-1
0
0
0
0
0
0
0
0
0
0
0
0
0
0
0
0
0
1
0
1
1
0
1
0
0
0
0
0
1
0
1
0
0
0
1
0
0
-1
0
0
1
0
-1
0
0
0
0
-1
-1
1
0
0
1
0
0
1
0
0
0
-1
1
0
0
0
0
0
0
-1
0
0
0
0
0
0
0
0
0
0
0
0
0
0
0
0
0
0
0
0
-1
0
-1
0
-1
0
0
0
0
0
-1
0
-1
1
0
0
0
0
0
-1
0
-1
0
-1
0
0
0
0
-1
0
-1
0
1
0
0
0
0
0
0
1
0
0
0
0
0
0
-1
0
0
0
0
0
0
0
0
1
0
1
1
0
0
0
0
0
0
0
0
0
0
1
0
1
0
0
0
0
0
0
0
1
0
0
0
1
0
1
1
0
0
0
0
-1
0
0
1
0
0
0
0
0
0
0
0
0
0
0
0
0
-1
0
0
0
0
0
0
0
0
0
-1
0
1
0
0
0
0
0
0
0
-1
1
0
0
0
1
0
1
0
0
0
0
0
0
0
-1
0
1
0
0
0
1
0
0
0
0
-1
1
1
0
0
1
0
0
0
0
0
0
0
0
-1
0
0
0
0
1
0
0
0
0
0
0
-1
-1
1
0
0
1
0
0
-1
0
-1
1
0
1
0
0
0
0
1
-1
0
0
0
0
0
0
0
0
0
0
0
0
0
0
-1
0
0
0
0
1
0
0
0
0
0
0
0
0
-1
0
0
0
-1
0
0
1
0
-1
0
0
0
0
1
1
1
0
0
-1
0
0
-1
0
0
0
0
-1
0
0
0
0
0
0
1
0
0
0
0
0
1
0
0
0
0
0
0
0
-1
1
-1
0
-1
0
0
0
0
-1
0
0
0
0
0
0
0
0
0
1
0
0
0
0
0
0
0
0
0
0
0
0
0
0
-1
0
0
0
1
0
0
0
0
-1
0
-1
0
1
0
0
1
0
0
0
0
0
0
0
0
0
0
1
-1
0
-1
0
0
-1
0
0
0
0
-1
0
0
0
0
0
1
0
0
0
0
0
0
0
-1
0
0
0
0
0
0
-1
0
0
0
0
0
0
-1
0
-1
0
0
0
0
1
0
0
0
0
0
0
0
0
0
0
0
0
1
0
0
0
0
1
0
-1
0
1
0
0
0
0
0
0
0
-1
-1
0
0
0
1
0
-1
0
0
-1
0
0
0
-1
0
0
1
0
0
0
0
0
0
1
0
0
0
0
1
0
0
0
1
1
0
0
0
0
0
0
1
0
1
0
0
0
1
0
0
0
-1
1
1
0
-1
0
0
0
0
0
0
0
0
0
0
0
1
0
1
0
0
0
0
0
-1
0
1
0
0
-1
0
-1
0
0
-1
0
0
0
0
0
0
0
0
0
0
0
0
0
0
0
0
0
0
0
0
0
0
0
0
0
0
0
0
0
0
0
0
0
-1
0
0
0
0
0
0
0
-1
0
0
0
0
0
0
0
0
0
0
0
0
0
0
0
0
0
0
0
0
0
0
1
-1
0
0
0
0
0
0
0
1
0
0
0
0
0
-1
0
0
0
0
0
0
0
0
0
0
-1
-1
-1
-1
0
-1
0
0
0
0
0
0
-1
-1
0
-1
0
0
0
-1
0
0
0
0
0
0
0
1
0
0
0
0
0
0
0
0
0
0
1
1
0
0
0
0
0
0
0
0
0
0
0
1
0
0
0
0
0
1
1
0
0
0
0
0
-1
0
0
0
0
0
0
1
0
0
1
0
0
0
1
0
0
1
0
1
1
0
0
0
0
0
0
0
0
0
0
1
0
1
1
-1
0
0
0
0
0
0
0
0
0
0
0
1
0
0
1
0
0
0
1
0
0
0
-1
0
0
0
0
0
0
0
0
0
0
1
0
0
0
-1
-1
0
0
0
0
0
0
0
0
0
0
-1
0
1
0
0
0
0
0
0
0
-1
0
1
0
0
0
0
-1
0
-1
-1
0
0
0
0
1
0
0
0
0
0
0
0
0
1
1
0
1
-1
0
0
0
0
0
0
0
0
0
0
0
0
0
0
0
0
0
0
0
0
0
0
0
0
0
0
0
0
-1
1
0
1
0
0
1
0
0
0
0
0
1
-1
0
0
0
0
0
1
0
0
-1
0
0
0
0
1
0
0
1
-1
-1
0
0
0
0
0
0
0
0
0
0
0
-1
0
0
0
1
0
0
0
0
1
0
-1
-1
0
0
0
-1
0
0
0
0
0
-1
0
0
0
0
-1
0
0
0
0
0
0
0
0
0
0
0
0
0
0
-1
0
0
0
0
0
0
0
0
0
1
0
-1
0
0
0
0
0
0
0
0
0
0
0
0
0
0
0
0
0
0
0
-1
0
0
0
0
0
0
0
0
0
0
0
0
0
1
0
0
0
0
0
0
0
1
0
0
0
1
1
0
0
0
-1
1
1
0
0
0
0
0
0
0
1
0
0
0
1
0
0
0
0
0
-1
0
0
0
0
0
0
0
0
0
0
-1
-1
-1
0
0
0
0
-1
0
0
0
0
0
0
0
0
0
1
0
1
0
0
0
0
0
0
1
-1
0
1
-1
0
0
0
0
0
0
0
-1
0
0
0
-1
0
-1
0
0
0
0
0
-1
0
0
0
0
0
0
-1
0
0
0
0
0
0
0
0
-1
-1
0
0
0
0
0
1
0
0
0
0
0
-1
0
0
0
0
0
0
0
0
0
1
0
1
0
0
1
-1
1
0
0
0
-1
-1
0
0
0
-1
0
-1
0
0
0
-1
0
0
0
0
1
0
0
0
0
0
0
1
0
1
0
0
0
0
0
0
1
0
0
0
1
1
0
0
0
0
0
0
0
0
-1
1
0
0
0
0
0
0
0
1
0
0
-1
0
0
0
-1
-1
0
0
1
0
-1
0
0
0
0
0
0
-1
-1
0
0
-1
1
0
1
0
0
0
0
0
0
1
0
0
0
-1
0
0
0
0
0
1
-1
0
0
0
0
0
0
0
0
0
1
0
0
0
0
0
0
-1
0
0
-1
0
0
-1
0
0
0
0
0
0
0
0
1
0
0
-1
1
0
0
-1
-1
0
0
0
1
-1
0
0
0
-1
1
0
0
0
1
-1
0
0
0
0
0
0
0
0
0
0
0
-1
0
0
0
0
0
0
0
0
0
0
1
-1
0
0
-1
1
0
0
0
0
0
0
0
0
0
0
0
0
0
0
-1
0
0
0
0
0
0
0
-1
0
0
0
-1
0
0
-1
-1
0
0
0
0
0
1
1
-1
0
-1
0
0
0
0
0
0
0
0
1
0
0
0
0
-1
1
0
0
1
0
0
0
0
0
1
1
0
0
0
0
0
-1
0
-1
1
0
1
0
0
1
0
0
1
0
0
0
1
-1
-1
1
0
0
0
-1
0
0
1
0
0
0
0
0
0
-1
0
0
0
-1
0
0
1
1
-1
0
0
0
0
0
0
0
0
0
-1
1
0
0
1
0
0
0
0
1
-1
0
0
0
0
-1
1
0
0
-1
0
0
0
0
0
-1
0
-1
1
0
0
1
0
0
0
0
0
0
0
0
-1
0
0
0
1
0
1
0
0
0
0
-1
0
0
1
1
0
0
0
-1
-1
0
0
0
-1
0
0
1
0
1
0
0
1
0
0
1
0
0
0
0
0
0
0
0
0
0
0
-1
1
0
0
0
0
0
0
0
0
0
0
-1
0
-1
0
0
0
0
0
-1
0
0
0
1
0
0
0
0
0
0
0
0
0
-1
1
1
-1
0
0
0
0
0
0
0
0
0
0
0
0
0
-1
0
0
0
0
0
0
0
0
-1
0
0
0
0
-1
0
-1
0
0
0
0
0
-1
0
0
-1
0
0
0
1
0
0
0
0
0
0
1
0
0
0
0
0
1
0
0
0
1
1
0
0
0
0
0
0
0
0
1
1
1
0
0
-1
0
0
0
-1
-1
0
0
0
0
0
0
0
0
0
0
0
0
0
0
0
0
0
0
0
0
0
1
1
1
0
-1
0
0
0
0
0
0
1
-1
-1
0
0
0
0
0
1
0
-1
0
0
0
0
0
0
0
0
-1
0
0
0
0
1
0
0
0
0
0
-1
1
1
0
0
0
0
1
0
0
0
0
0
0
0
0
0
0
0
0
1
0
0
0
0
0
0
1
0
0
0
0
0
0
0
0
0
0
1
0
-1
0
0
0
0
-1
0
0
0
0
0
0
-1
0
0
-1
0
0
0
-1
1
0
0
0
0
0
0
0
0
0
0
0
0
0
-1
0
-1
0
0
0
0
0
0
0
0
0
1
0
0
0
0
0
0
0
0
0
0
0
1
0
0
0
0
0
0
0
0
0
-1
0
0
1
0
0
0
0
0
0
0
1
0
0
0
0
0
0
-1
0
1
0
0
0
0
0
0
0
0
-1
0
0
0
0
0
0
0
0
1
0
-1
0
1
0
0
-1
0
0
0
0
-1
0
0
0
0
1
0
0
0
0
0
0
0
0
-1
0
0
0
0
0
0
0
0
0
1
0
0
0
0
0
1
0
0
1
0
1
-1
0
0
0
0
0
0
0
0
-1
0
-1
-1
0
0
0
0
0
0
0
0
0
0
-1
0
-1
0
0
0
0
0
0
-1
0
0
0
0
0
0
0
0
0
0
0
0
0
0
0
0
0
1
1
0
-1
0
0
0
0
0
0
0
0
0
0
0
0
0
0
0
0
1
0
0
0
0
0
1
0
0
0
0
0
0
0
-1
-1
0
0
0
0
0
-1
-1
0
0
0
-1
1
0
0
-1
0
0
0
0
0
0
0
0
0
0
0
0
0
0
0
0
1
0
0
-1
0
0
0
0
0
0
1
0
0
-1
-1
0
0
0
0
-1
0
0
0
0
0
1
0
0
1
0
1
0
0
0
0
0
0
-1
0
0
0
0
0
0
1
0
0
0
0
0
0
-1
-1
0
-1
0
0
0
0
0
0
0
0
0
0
0
0
0
0
-1
0
0
0
0
1
0
0
0
0
0
0
0
0
0
0
-1
1
-1
0
0
0
0
0
0
0
0
1
0
1
0
0
0
1
-1
0
0
0
0
0
0
0
0
0
0
-1
0
0
0
0
1
1
0
1
0
0
0
0
0
0
0
0
0
0
-1
-1
-1
-1
0
0
0
0
0
-1
0
0
0
0
0
-1
0
-1
0
1
0
0
1
0
0
-1
0
-1
0
0
0
-1
0
1
-1
0
0
0
0
-1
0
1
0
-1
1
1
0
1
-1
0
0
1
0
0
-1
1
0
0
1
0
0
0
0
1
0
0
0
0
1
0
-1
0
-1
0
1
0
1
-1
0
1
0
0
0
0
0
-1
0
0
0
0
0
0
0
0
0
0
-1
0
1
0
1
0
-1
0
0
1
0
0
0
0
0
0
-1
0
-1
0
0
0
0
0
0
0
1
0
1
0
0
0
0
0
-1
0
0
0
0
0
-1
0
0
0
0
0
0
1
0
0
0
0
1
0
0
0
0
0
0
0
0
0
-1
0
1
0
0
0
0
0
0
0
0
0
0
0
0
0
0
0
-1
1
0
0
0
-1
0
0
0
1
0
0
0
-1
0
0
0
0
1
1
0
1
0
0
-1
0
-1
0
0
0
0
0
0
0
0
0
0
0
0
0
1
0
0
0
0
0
0
0
0
0
0
0
0
0
0
0
0
0
0
1
0
0
0
1
0
0
0
0
0
0
0
0
1
1
0
0
1
0
0
0
0
0
1
0
0
-1
1
0
-1
-1
0
0
0
0
0
1
0
1
0
0
0
1
0
-1
0
-1
0
0
-1
0
0
0
-1
0
0
0
0
0
0
0
0
1
-1
0
0
0
0
-1
0
0
0
0
0
1
0
0
0
0
0
0
0
0
1
1
0
0
0
0
0
0
0
0
0
1
0
-1
0
0
0
0
0
0
0
0
0
0
1
0
1
1
1
0
0
0
0
0
0
0
0
0
0
0
0
-1
0
0
0
-1
0
-1
0
0
0
0
0
0
0
-1
1
0
1
0
0
0
0
1
1
0
-1
0
1
-1
0
0
0
0
0
0
0
0
0
0
0
0
0
1
-1
0
0
0
0
0
0
0
-1
0
-1
0
0
0
0
0
-1
0
1
0
0
0
1
0
0
0
0
0
0
0
0
0
0
0
0
0
0
1
0
1
0
-1
-1
-1
0
0
0
0
0
0
0
-1
0
0
1
-1
0
1
0
0
0
0
0
0
0
-1
0
0
0
0
0
0
0
0
0
0
0
0
0
0
0
0
0
0
0
0
0
0
1
0
1
0
0
0
1
0
0
-1
1
0
-1
0
0
-1
0
0
0
0
-1
0
0
0
0
1
0
0
0
1
0
0
1
-1
0
0
0
0
0
0
-1
0
1
0
0
0
1
-1
0
0
0
-1
0
0
0
-1
0
1
0
-1
0
0
-1
-1
0
0
0
0
-1
-1
-1
0
0
0
0
0
0
0
0
0
1
0
-1
0
1
0
1
0
0
0
-1
0
0
0
0
0
0
-1
1
0
0
0
0
1
0
0
0
-1
0
1
0
0
0
0
0
0
0
0
0
0
-1
1
-1
0
1
0
0
0
0
0
0
0
0
0
0
0
0
0
0
0
1
0
0
0
0
-1
1
0
0
0
0
0
0
0
0
0
0
0
0
-1
0
0
0
-1
0
0
1
1
0
0
0
0
-1
0
1
0
-1
0
0
0
0
-1
0
0
0
0
0
-1
-1
0
0
0
0
1
0
0
0
0
-1
0
0
0
0
0
0
0
0
1
0
-1
0
0
-1
0
0
0
0
0
0
0
0
0
0
0
1
0
0
0
0
-1
-1
0
-1
0
0
0
-1
0
0
0
0
1
1
-1
0
0
-1
-1
0
0
-1
0
0
-1
0
0
-1
1
-1
0
0
-1
0
0
0
0
0
0
0
1
0
0
-1
1
1
0
0
0
0
0
0
0
0
0
1
0
0
0
0
0
0
-1
0
0
-1
0
0
1
0
0
1
0
0
0
1
0
0
0
0
0
0
1
-1
0
0
0
1
0
-1
0
0
0
0
0
-1
0
0
0
0
1
0
0
1
0
0
0
1
0
0
0
0
0
1
0
0
0
0
0
0
0
1
0
0
0
0
-1
0
0
-1
-1
0
-1
0
0
0
1
1
0
0
0
-1
1
0
0
0
0
1
0
1
0
0
1
1
0
0
0
0
0
-1
0
0
0
-1
0
0
1
0
0
0
0
1
0
1
0
0
0
0
-1
0
0
0
0
0
-1
0
0
0
1
1
0
0
-1
0
0
1
0
0
-1
1
0
0
0
0
-1
0
0
0
0
0
0
0
0
0
0
0
1
0
0
0
-1
0
1
0
0
1
-1
0
-1
-1
0
0
0
0
0
0
0
0
-1
0
-1
1
0
1
1
0
0
0
0
0
0
0
0
0
0
0
0
0
0
1
0
-1
0
0
0
0
0
0
-1
0
0
-1
0
0
0
0
0
0
0
1
1
0
0
0
0
0
0
0
-1
0
0
0
0
0
0
-1
-1
0
0
0
0
0
1
0
1
-1
0
0
-1
0
0
0
1
0
0
0
0
0
0
0
1
0
1
0
0
0
-1
-1
0
0
0
0
1
0
-1
0
0
0
0
1
0
-1
0
0
0
0
0
1
0
0
0
0
0
0
0
0
0
0
1
0
0
0
0
0
0
0
0
0
0
0
0
0
-1
-1
0
0
0
0
0
0
-1
0
0
-1
0
0
0
0
0
0
0
0
0
0
0
0
0
0
0
0
0
-1
0
0
1
0
0
-1
1
0
0
0
0
0
0
0
0
0
0
-1
1
0
0
-1
0
0
0
1
0
-1
0
0
0
0
0
0
0
1
-1
0
-1
0
-1
-1
0
0
0
1
0
0
0
0
0
1
0
-1
-1
0
0
0
0
0
0
0
-1
0
-1
0
1
0
0
0
0
1
0
0
0
0
0
-1
-1
0
0
0
0
-1
0
1
0
1
0
0
0
0
-1
0
0
0
-1
0
0
0
0
0
0
0
0
-1
0
0
0
1
0
1
0
-1
0
1
0
0
-1
0
0
0
0
0
0
1
0
1
0
0
0
0
0
1
0
1
0
0
0
1
0
0
0
0
0
-1
0
0
0
0
0
0
0
0
0
-1
0
0
0
0
0
0
0
0
0
0
1
0
1
0
0
1
0
0
1
0
0
1
0
0
1
0
0
0
0
0
0
0
0
0
0
0
1
0
0
-1
0
0
-1
0
-1
0
0
1
1
0
0
0
-1
0
0
0
0
0
0
1
0
0
-1
0
0
0
0
-1
0
1
0
0
0
0
0
-1
0
0
0
0
0
0
0
1
0
0
0
0
0
-1
0
0
0
0
0
1
0
0
0
0
0
0
0
1
0
-1
0
-1
1
0
0
0
0
-1
0
-1
0
0
0
0
-1
1
0
0
0
1
0
-1
0
1
1
0
-1
0
0
0
0
0
0
0
0
-1
0
0
0
0
1
-1
0
0
-1
0
0
0
0
0
1
1
0
0
0
-1
-1
0
0
0
1
0
0
0
0
0
0
1
0
0
-1
0
0
1
0
0
0
0
0
1
0
0
-1
0
0
0
0
0
0
0
0
1
0
0
0
0
0
0
0
0
1
0
0
0
0
0
0
-1
0
0
0
0
1
0
0
1
0
0
0
1
-1
0
-1
0
0
0
1
0
0
0
0
0
0
1
0
0
0
0
0
0
0
0
0
-1
0
0
0
1
0
0
0
1
0
0
0
0
0
0
0
0
0
0
1
0
1
0
-1
0
0
-1
0
0
0
-1
0
0
0
-1
0
-1
1
-1
1
0
0
0
0
0
1
0
1
0
0
0
0
0
0
0
0
0
0
0
1
0
0
-1
0
0
0
0
0
0
0
0
0
0
-1
0
0
1
0
0
-1
0
0
0
0
0
0
0
0
-1
0
1
0
0
0
0
1
0
0
0
0
0
-1
0
0
-1
0
0
0
0
0
0
0
0
0
0
0
1
1
1
1
0
0
-1
1
0
0
0
0
0
0
0
0
0
0
0
0
1
0
0
1
0
1
0
0
1
0
0
0
0
1
0
0
-1
0
0
1
1
0
0
-1
0
-1
-1
0
0
0
1
1
0
-1
0
1
0
0
0
0
1
0
1
-1
0
1
0
0
0
-1
0
0
0
1
0
-1
0
-1
-1
0
0
1
0
0
0
1
1
0
0
1
1
-1
0
-1
0
0
0
1
0
0
0
0
-1
0
0
-1
0
0
-1
-1
1
0
0
0
0
-1
0
1
0
0
0
-1
1
0
1
0
1
-1
0
0
0
-1
0
0
0
0
0
0
0
0
0
0
0
0
0
0
0
0
0
1
0
0
0
0
1
0
0
0
0
0
0
0
0
0
0
0
0
0
0
0
0
0
0
0
0
1
0
0
0
0
-1
0
0
1
0
0
0
0
0
-1
0
0
0
0
0
0
-1
0
0
-1
0
0
0
-1
0
0
0
0
-1
0
0
0
0
0
0
0
0
0
0
0
0
0
0
0
-1
0
0
0
-1
0
-1
0
-1
0
0
0
0
1
0
0
0
0
-1
1
0
0
0
0
0
1
0
0
0
0
0
0
1
0
0
0
0
-1
0
-1
0
0
0
0
0
0
0
0
0
0
0
0
0
0
0
0
0
1
0
1
1
0
1
0
0
0
0
0
1
0
1
0
0
0
1
0
0
-1
0
0
1
0
-1
0
0
0
0
-1
-1
1
0
0
1
0
0
1
0
0
0
-1
1
0
0
0
0
0
0
-1
0
0
0
0
0
0
0
0
0
0
0
0
0
0
0
0
0
0
0
0
-1
0
-1
0
-1
0
0
0
0
0
-1
0
-1
1
0
0
0
0
0
-1
0
-1
0
-1
0
0
0
0
-1
0
-1
0
1
0
0
0
0
0
0
1
0
0
0
0
0
0
-1
0
0
0
0
0
0
0
0
1
0
1
1
0
0
0
0
0
0
0
0
0
0
1
0
1
0
0
0
0
0
0
0
1
0
0
0
1
0
1
1
0
0
0
0
-1
0
0
1
0
0
0
0
0
0
0
0
0
0
0
0
0
-1
0
0
0
0
0
0
0
0
0
-1
0
1
0
0
0
0
0
0
0
-1
1
0
0
0
1
0
1
0
0
0
0
0
0
0
-1
0
1
0
0
0
1
0
0
0
0
-1
1
1
0
0
1
0
0
0
0
0
0
0
0
-1
0
0
0
0
1
0
0
0
0
0
0
-1
-1
1
0
0
1
0
0
-1
0
-1
1
0
1
0
0
0
0
1
-1
0
0
0
0
0
0
0
0
0
0
0
0
0
0
-1
0
0
0
0
1
0
0
0
0
0
0
0
0
-1
0
0
0
-1
0
0
1
0
-1
0
0
0
0
1
1
1
0
0
-1
0
0
-1
0
0
0
0
-1
0
0
0
0
0
0
1
0
0
0
0
0
1
0
0
0
0
0
0
0
-1
1
-1
0
-1
0
0
0
0
-1
0
0
0
0
0
0
0
0
0
1
0
0
0
0
0
0
0
0
0
0
0
0
0
0
-1
0
0
0
1
0
0
0
0
-1
0
-1
0
1
0
0
1
0
0
0
0
0
0
0
0
0
0
1
-1
0
-1
0
0
-1
0
0
0
0
-1
0
0
0
0
0
1
0
0
0
0
0
0
0
-1
0
0
0
0
0
0
-1
0
0
0
0
0
0
-1
0
-1
0
0
0
0
1
0
0
0
0
0
0
0
0
0
0
0
0
1
0
0
0
0
1
0
-1
0
1
0
0
0
0
0
0
0
-1
-1
0
0
0
1
0
-1
0
0
-1
0
0
0
-1
0
0
1
0
0
0
0
0
0
1
0
0
0
0
1
0
0
0
1
1
0
0
0
0
0
0
1
0
1
0
0
0
1
0
0
0
-1
1
1
0
-1
0
0
0
0
0
0
0
0
0
0
0
1
0
1
0
0
0
0
0
-1
0
1
0
0
-1
0
-1
0
0
-1
0
0
0
0
0
0
0
0
0
0
0
0
0
0
0
0
0
0
0
0
0
0
0
0
0
0
0
0
0
0
0
0
0
-1
0
0
0
0
0
0
0
-1
0
0
0
0
0
0
0
0
0
0
0
0
0
0
0
0
0
0
0
0
0
0
1
-1
0
0
0
0
0
0
0
1
0
0
0
0
0
-1
0
0
0
0
0
0
0
0
0
0
-1
-1
-1
-1
0
-1
0
0
0
0
0
0
-1
-1
0
-1
0
0
0
-1
0
0
0
0
0
0
0
1
0
0
0
0
0
0
0
0
0
0
1
1
0
0
0
0
0
0
0
0
0
0
0
1
0
0
0
0
0
1
1
0
0
0
0
0
-1
0
0
0
0
0
0
1
0
0
1
0
0
0
1
0
0
1
0
1
1
0
0
0
0
0
0
0
0
0
0
1
0
1
1
-1
0
0
0
0
0
0
0
0
0
0
0
1
0
0
1
0
0
0
1
0
0
0
-1
0
0
0
0
0
0
0
0
0
0
1
0
0
0
-1
-1
0
0
0
0
0
0
0
0
0
0
-1
0
1
0
0
0
0
0
0
0
-1
0
1
0
0
0
0
-1
0
-1
-1
0
0
0
0
1
0
0
0
0
0
0
0
0
1
1
0
1
-1
0
0
0
0
0
0
0
0
0
0
0
0
0
0
0
0
0
0
0
0
0
0
0
0
0
0
0
0
-1
1
0
1
0
0
1
0
0
0
0
0
1
-1
0
0
0
0
0
1
0
0
-1
0
0
0
0
1
0
0
1
-1
-1
0
0
0
0
0
0
0
0
0
0
0
-1
0
0
0
1
0
0
0
0
1
0
-1
-1
0
0
0
-1
0
0
0
0
0
-1
0
0
0
0
-1
0
0
0
0
0
0
0
0
0
0
0
0
0
0
-1
0
0
0
0
0
0
0
0
0
1
0
-1
0
0
0
0
0
0
0
0
0
0
0
0
0
0
0
0
0
0
0
-1
0
0
0
0
0
0
0
0
0
0
0
0
0
1
0
0
0
0
0
0
0
1
0
0
0
1
1
0
0
0
-1
1
1
0
0
0
0
0
0
0
1
0
0
0
1
0
0
0
0
0
-1
0
0
0
0
0
0
0
0
0
0
-1
-1
-1
0
0
0
0
-1
0
0
0
0
0
0
0
0
0
1
0
1
0
0
0
0
0
0
1
-1
0
1
-1
0
0
0
0
0
0
0
-1
0
0
0
-1
0
-1
0
0
0
0
0
-1
0
0
0
0
0
0
-1
0
0
0
0
0
0
0
0
-1
-1
0
0
0
0
0
1
0
0
0
0
0
-1
0
0
0
0
0
0
0
0
0
1
0
1
0
0
1
-1
1
0
0
0
-1
-1
0
0
0
-1
0
-1
0
0
0
-1
0
0
0
0
1
0
0
0
0
0
0
1
0
1
0
0
0
0
0
0
1
0
0
0
1
1
0
0
0
0
0
0
0
0
-1
1
0
0
0
0
0
0
0
1
0
0
-1
0
0
0
-1
-1
0
0
1
0
-1
0
0
0
0
0
0
-1
-1
0
0
-1
1
0
1
0
0
0
0
0
0
1
0
0
0
-1
0
0
0
0
0
1
-1
0
0
0
0
0
0
0
0
0
1
0
0
0
0
0
0
-1
0
0
-1
0
0
-1
0
0
0
0
0
0
0
0
1
0
0
-1
1
0
0
-1
-1
0
0
0
1
-1
0
0
0
-1
1
0
0
0
1
-1
0
0
0
0
0
0
0
0
0
0
0
-1
0
0
0
0
0
0
0
0
0
0
1
-1
0
0
-1
1
0
0
0
0
0
0
0
0
0
0
0
0
0
0
-1
0
0
0
0
0
0
0
-1
0
1
0
0
1
1
-1
-1
0
0
0
-1
-1
-1
-1
-4
-3
-5
-4
-5
-5
-5
-5
-5
-4
-4
-3
-4
-3
-3
-2
-3
-1
-1
-1
1
1
1
0
0
0
0
0
-2
-2
-3
-3
-5
-7
-8
-12
-13
-17
-19
-21
-22
-20
-18
-15
-11
-9
-7
-6
-3
-3
-1
3
4
5
6
6
8
9
11
12
13
14
13
12
11
9
9
8
9
9
10
10
12
14
15
19
23
28
35
43
48
49
49
49
49
51
47
43
38
32
28
25
20
15
7
2
-5
-12
-20
-28
-33
-41
-48
-54
-57
-59
-59
-59
-57
-55
-51
-48
-42
-38
-33
-26
-21
-17
-14
-13
-14
-16
-21
-27
-36
-43
-51
-58
-65
-76
-83
-91
-93
-91
-87
-82
-75
-68
-59
-49
-38
-27
-16
-8
-2
5
12
22
34
49
62
75
86
99
110
123
134
141
146
149
148
145
139
132
124
116
109
104
100
99
101
105
113
120
128
136
144
153
159
163
164
164
162
157
150
138
127
117
110
104
97
86
75
63
51
38
22
6
-10
-26
-41
-57
-74
-91
-110
-131
-150
-170
-193
-211
-230
-248
-265
-282
-299
-317
-336
-357
-377
-399
-421
-442
-463
-478
-490
-498
-500
-499
-494
-486
-476
-465
-449
-432
-412
-388
-362
-330
-295
-254
-212
-167
-121
-71
-18
41
99
156
213
267
320
374
423
467
504
533
556
574
591
601
609
613
615
614
612
607
603
598
594
586
575
562
545
525
503
479
451
421
390
358
328
300
276
257
243
233
226
221
219
218
217
215
213
205
194
178
159
139
114
83
47
7
-36
-85
-141
-206
-279
-361
-446
-536
-631
-735
-842
-954
-1067
-1177
-1286
-1391
-1491
-1584
-1665
-1733
-1786
-1813
-1813
-1785
-1725
-1634
-1511
-1356
-1177
-975
-757
-532
-306
-83
134
341
533
708
862
1001
1122
1226
1311
1377
1424
1454
1468
1463
1437
1388
1323
1241
1146
1039
923
799
676
555
444
346
260
187
129
86
57
38
23
9
-5
-19
-35
-50
-66
-82
-95
-102
-97
-80
-52
-17
23
68
117
167
212
248
272
286
294
299
303
304
308
323
349
392
446
509
579
654
731
802
865
911
935
938
916
870
796
695
562
407
229
34
-176
-398
-627
-857
-1083
-1304
-1522
-1737
-1949
-2157
-2354
-2543
-2714
-2865
-2988
-3071
-3104
-3079
-2990
-2829
-2598
-2298
-1940
-1537
-1110
-674
-242
175
563
904
1192
1429
1625
1789
1920
2020
2092
2142
2179
2207
2220
2213
2178
2115
2032
1925
1793
1629
1440
1234
1022
811
611
422
248
88
-45
-153
-237
-312
-383
-456
-529
-604
-684
-769
-860
-953
-1041
-1117
-1175
-1212
-1228
-1217
-1179
-1110
-1015
-901
-776
-647
-517
-389
-267
-150
-41
61
158
260
371
496
631
779
938
1102
1269
1427
1566
1677
1756
1799
1806
1774
1708
1612
1494
1363
1228
1094
968
849
737
631
527
424
318
200
72
-67
-218
-378
-547
-714
-869
-1007
-1132
-1245
-1342
-1422
-1480
-1521
-1547
-1578
-1629
-1697
-1768
-1844
-1936
-2051
-2178
-2294
-2387
-2434
-2425
-2365
-2257
-2087
-1834
-1499
-1115
-716
-322
63
434
788
1099
1346
1516
1631
1723
1808
1869
1891
1884
1865
1856
1853
1839
1788
1687
1550
1400
1243
1067
854
610
364
145
-32
-177
-311
-437
-543
-607
-630
-640
-660
-694
-728
-748
-754
-760
-781
-816
-845
-849
-820
-769
-713
-649
-562
-441
-288
-123
34
177
315
452
585
697
779
834
885
944
1016
1089
1156
1222
1303
1403
1511
1604
1666
1697
1703
1691
1652
1578
1455
1301
1134
975
824
675
525
383
258
161
85
14
-72
-176
-292
-413
-543
-691
-866
-1063
-1263
-1439
-1589
-1720
-1843
-1964
-2078
-2172
-2244
-2322
-2438
-2585
-2733
-2863
-2965
-3033
-3067
-3065
-2993
-2801
-2477
-2054
-1580
-1083
-571
-42
497
1011
1442
1764
1993
2182
2352
2481
2537
2523
2473
2428
2405
2395
2347
2230
2070
1919
1778
1621
1418
1159
862
573
330
118
-103
-333
-535
-683
-772
-822
-866
-923
-978
-1004
-1001
-994
-1008
-1048
-1104
-1143
-1147
-1126
-1098
-1063
-1008
-916
-776
-596
-402
-209
-4
211
413
591
741
854
926
978
1021
1049
1061
1085
1138
1212
1305
1416
1538
1661
1771
1862
1913
1905
1839
1734
1601
1444
1259
1063
874
708
573
463
352
232
118
17
-75
-176
-302
-451
-612
-765
-897
-1013
-1140
-1281
-1414
-1509
-1566
-1597
-1613
-1639
-1697
-1765
-1806
-1854
-1980
-2192
-2442
-2706
-2964
-3167
-3294
-3388
-3453
-3401
-3128
-2653
-2085
-1501
-916
-337
260
901
1506
1920
2102
2187
2312
2463
2557
2539
2430
2295
2235
2294
2376
2332
2144
1942
1811
1716
1575
1323
957
561
258
85
-54
-266
-532
-749
-853
-838
-792
-810
-901
-978
-971
-893
-821
-820
-893
-974
-984
-918
-840
-808
-815
-794
-690
-508
-296
-102
62
225
416
635
830
946
979
967
967
984
999
995
987
1014
1107
1261
1445
1609
1741
1855
1962
2042
2060
1994
1852
1667
1459
1234
995
762
551
356
198
92
9
-65
-119
-144
-180
-248
-330
-428
-558
-687
-811
-979
-1193
-1376
-1493
-1580
-1638
-1646
-1655
-1729
-1812
-1835
-1863
-2024
-2317
-2653
-2999
-3347
-3626
-3794
-3935
-4096
-4098
-3745
-3126
-2472
-1837
-1165
-483
215
1003
1778
2252
2387
2477
2701
2937
3025
2959
2786
2582
2514
2655
2807
2721
2439
2215
2156
2137
2001
1703
1273
818
508
370
205
-137
-535
-791
-868
-841
-813
-885
-1037
-1145
-1122
-1029
-995
-1088
-1245
-1335
-1304
-1216
-1159
-1172
-1191
-1112
-909
-649
-412
-222
-48
184
493
781
965
1055
1088
1094
1120
1149
1107
993
912
937
1037
1170
1315
1457
1600
1774
1962
2084
2085
2005
1885
1717
1509
1292
1044
752
498
337
227
133
73
44
42
74
97
59
-18
-120
-239
-338
-447
-670
-965
-1185
-1318
-1454
-1606
-1746
-1887
-2036
-2168
-2255
-2361
-2609
-2992
-3352
-3645
-3952
-4239
-4406
-4535
-4685
-4640
-4176
-3458
-2754
-2065
-1286
-468
378
1336
2260
2787
2886
2972
3286
3608
3666
3483
3185
2865
2698
2804
2957
2794
2371
2070
2037
2080
1988
1676
1156
614
301
223
96
-283
-777
-1090
-1148
-1092
-1071
-1155
-1335
-1470
-1404
-1206
-1086
-1129
-1259
-1349
-1295
-1117
-984
-1009
-1083
-1036
-816
-514
-256
-90
70
325
678
1047
1327
1471
1510
1523
1554
1581
1554
1454
1329
1262
1306
1441
1600
1732
1847
1984
2138
2252
2272
2183
2009
1775
1495
1180
839
501
209
-15
-200
-356
-435
-404
-327
-298
-308
-296
-269
-290
-357
-426
-530
-735
-980
-1137
-1229
-1393
-1622
-1784
-1896
-2088
-2289
-2352
-2415
-2749
-3238
-3595
-3871
-4259
-4615
-4768
-4908
-5142
-5096
-4491
-3613
-2839
-2109
-1235
-287
676
1766
2824
3371
3391
3493
3956
4334
4277
3973
3631
3273
3067
3166
3269
2960
2387
2062
2119
2204
2046
1667
1163
645
322
239
75
-462
-1148
-1526
-1550
-1526
-1601
-1735
-1887
-1946
-1766
-1443
-1248
-1283
-1411
-1437
-1267
-1002
-861
-908
-974
-872
-578
-207
102
309
486
748
1123
1488
1661
1638
1583
1578
1568
1536
1492
1375
1188
1150
1371
1626
1704
1708
1793
1922
2028
2113
2102
1917
1651
1428
1215
947
661
387
100
-159
-281
-259
-202
-202
-255
-296
-266
-199
-182
-243
-357
-518
-726
-944
-1125
-1259
-1420
-1648
-1872
-2058
-2272
-2457
-2530
-2695
-3195
-3776
-4085
-4314
-4749
-5137
-5226
-5316
-5576
-5488
-4692
-3643
-2805
-1999
-1009
13
1082
2389
3597
4061
3935
4067
4663
5048
4856
4452
4055
3544
3140
3182
3315
2907
2135
1720
1791
1888
1736
1353
744
108
-160
-86
-232
-882
-1616
-1961
-1963
-1923
-1985
-2134
-2284
-2267
-1965
-1517
-1202
-1125
-1159
-1105
-856
-492
-279
-360
-507
-387
-10
340
527
660
854
1141
1508
1853
2022
1996
1912
1856
1793
1731
1669
1528
1313
1217
1369
1619
1765
1819
1891
2005
2087
2076
1946
1745
1531
1274
929
563
302
135
-74
-332
-460
-397
-298
-298
-309
-206
-75
-100
-267
-411
-528
-784
-1125
-1344
-1476
-1721
-2016
-2201
-2395
-2674
-2801
-2782
-3093
-3831
-4407
-4578
-4889
-5566
-6049
-6082
-6166
-6403
-6113
-5022
-3734
-2654
-1547
-298
919
2259
3848
5038
5202
4937
5235
5891
5989
5472
4929
4421
3743
3266
3314
3331
2711
1845
1454
1516
1582
1435
965
129
-645
-823
-655
-922
-1723
-2390
-2555
-2481
-2417
-2354
-2338
-2381
-2256
-1811
-1267
-890
-696
-595
-487
-209
225
451
249
-37
63
496
845
935
935
1044
1323
1694
1971
2023
1915
1787
1702
1684
1717
1691
1518
1295
1221
1403
1717
1891
1846
1805
1924
2063
2062
1941
1796
1665
1465
1108
731
523
367
45
-289
-410
-447
-609
-770
-783
-779
-906
-1092
-1272
-1487
-1668
-1722
-1773
-2011
-2330
-2450
-2393
-2500
-2829
-2988
-2906
-3156
-3928
-4529
-4604
-4835
-5689
-6500
-6664
-6616
-6742
-6471
-5299
-3679
-2169
-696
809
2193
3702
5593
7069
7153
6455
6410
6984
6923
5970
4961
4128
3146
2367
2276
2351
1817
912
357
313
500
602
212
-804
-1765
-1917
-1596
-1791
-2642
-3325
-3346
-3044
-2815
-2613
-2310
-1960
-1557
-951
-155
585
1043
1197
1258
1497
1894
2022
1617
1039
817
992
1165
1030
747
721
1082
1509
1683
1655
1601
1492
1244
994
953
1043
946
630
471
746
1255
1636
1797
1927
2177
2472
2606
2486
2226
1997
1807
1474
928
410
140
-39
-342
-650
-763
-749
-803
-1043
-1412
-1701
-1859
-2128
-2571
-2823
-2749
-2797
-3180
-3453
-3385
-3316
-3318
-3142
-3071
-3537
-4141
-4351
-4616
-5484
-6478
-6841
-6818
-7011
-6979
-5842
-3748
-1606
258
2140
3932
5551
7525
9398
9861
8970
8062
7871
7600
6350
4745
3361
1845
451
-212
-252
-478
-1314
-1929
-1790
-1413
-1045
-1037
-1825
-2849
-3222
-2812
-2445
-2839
-3398
-3326
-2836
-2332
-1724
-838
48
619
1196
2102
3054
3610
3646
3336
3023
2908
2705
1936
794
-30
-394
-716
-1111
-1388
-1476
-1248
-618
54
473
898
1392
1550
1427
1527
1823
1853
1604
1506
1834
2420
2898
3147
3361
3666
3911
3907
3618
3133
2579
1992
1294
472
-284
-824
-1240
-1640
-1977
-2198
-2348
-2449
-2549
-2724
-2883
-2917
-2978
-3192
-3297
-3150
-3076
-3220
-3212
-2934
-2745
-2687
-2522
-2553
-3192
-3961
-4282
-4702
-5934
-7409
-8043
-7926
-7837
-7578
-6279
-3774
-741
2147
4707
6850
8686
10736
12589
12852
11241
9221
8148
7246
5180
2660
603
-1393
-3126
-3794
-3464
-3094
-3324
-3534
-3142
-2330
-1304
-766
-1397
-2491
-2931
-2509
-2120
-2545
-3102
-2840
-1922
-873
195
1400
2576
3502
4359
5232
5802
5802
5152
3972
2767
1941
1128
-247
-1903
-3031
-3358
-3284
-3233
-3167
-2710
-1746
-628
328
1166
1979
2633
2994
3190
3465
3805
3933
3801
3759
4053
4432
4472
4130
3742
3504
3192
2499
1494
523
-260
-988
-1808
-2618
-3153
-3314
-3277
-3140
-2814
-2368
-2040
-1823
-1555
-1244
-991
-898
-1056
-1304
-1316
-1199
-1346
-1716
-1967
-2135
-2433
-2751
-3075
-3809
-5050
-6166
-6768
-7615
-9355
-10999
-11265
-10486
-9606
-8319
-5656
-1601
2987
7213
10505
12985
14887
15867
15663
14128
11284
8399
6341
3969
827
-1902
-3952
-5829
-7103
-7102
-6072
-5001
-4505
-4102
-3234
-1955
-655
-175
-995
-2027
-1988
-1186
-773
-889
-602
488
1884
3271
4674
5937
6750
6954
6630
5992
5125
3695
1443
-1111
-3078
-4309
-5428
-6725
-7558
-7166
-5738
-4223
-3108
-1940
-182
1946
3823
5196
6189
6816
6929
6615
6287
6186
5982
5201
4089
3361
3096
2631
1590
346
-588
-1150
-1691
-2544
-3520
-4005
-3773
-3280
-2992
-2762
-2277
-1592
-894
-107
765
1344
1426
1357
1519
1820
1984
1766
1054
149
-556
-1225
-2194
-3367
-4399
-5320
-6252
-6972
-7714
-8891
-9984
-10432
-10839
-12131
-13502
-13052
-10870
-8238
-5461
-2063
3092
9364
13976
16162
16625
16165
15956
15130
12464
8558
4237
675
-2151
-5340
-7888
-9219
-10217
-10454
-9376
-7266
-4796
-2889
-1565
-262
1285
2901
3601
2780
1451
1056
1734
2375
2455
2698
3548
4530
5216
5691
5921
5406
3924
1914
-208
-2396
-4662
-6879
-8691
-9570
-9214
-8047
-6729
-5160
-2709
552
3614
5731
7108
8272
9234
9555
9094
8228
7216
5846
4075
2452
1409
600
-568
-2018
-3033
-3258
-3200
-3498
-4006
-4014
-3280
-2304
-1568
-910
85
1388
2519
3209
3621
3950
4089
3779
3133
2490
1846
952
-242
-1336
-1858
-2069
-2545
-3512
-4609
-5217
-5532
-6068
-6846
-7630
-7662
-7184
-7411
-7881
-7766
-7207
-6904
-7903
-8759
-7163
-3937
-767
1591
4364
9535
14681
16623
16308
15131
13914
12597
9503
4521
-932
-5537
-8596
-10991
-12807
-12727
-11232
-9648
-7569
-4087
373
4047
5596
5763
6148
7037
7332
5853
2948
810
761
1529
1594
1281
1745
2872
3385
2794
1774
606
-1349
-4328
-7284
-9130
-10122
-10994
-11402
-10142
-6799
-2386
1667
4834
7684
10675
13005
13440
11982
9692
7293
4763
1975
-712
-2523
-3247
-3643
-4000
-3500
-2046
-1011
-1138
-1456
-1022
-234
62
-139
-41
919
2371
3452
3861
4165
4864
5501
5187
3918
2485
1156
-499
-2419
-3875
-4476
-4512
-4382
-4105
-3374
-2254
-1453
-1363
-1566
-1524
-1472
-2039
-3158
-4180
-4537
-4333
-4133
-3805
-3084
-2471
-2373
-2805
-3478
-4728
-7517
-10354
-10725
-8700
-5780
-3304
-268
5579
12182
15946
16564
15274
13767
12212
8836
3536
-2502
-7755
-10694
-11975
-12380
-11078
-8186
-5009
-2106
1167
5094
8052
8340
6452
4378
3417
2790
1050
-1504
-2884
-1720
1002
3161
4112
4702
5233
4825
2912
150
-2831
-6222
-9885
-12624
-13209
-11822
-9667
-7174
-3566
1704
7415
11285
12689
12890
12728
11512
8168
3590
-198
-2733
-4297
-5089
-5204
-3872
-1476
414
1891
3301
4155
4187
3069
1380
391
-11
-559
-1111
-890
494
2184
3070
3134
3108
3287
3025
1702
-188
-1713
-2591
-3126
-3318
-2758
-1475
-235
385
651
1033
1224
391
-1416
-3083
-4004
-4511
-5016
-5561
-5616
-4689
-3377
-2649
-2500
-2303
-2572
-4021
-5595
-7280
-10538
-13963
-14441
-10971
-5334
-540
3872
10504
16792
18736
17538
14953
11156
7369
3471
-1583
-6877
-11277
-13617
-12881
-10353
-7216
-3285
466
3107
5180
6974
7711
6454
3491
588
-519
126
675
198
184
2032
4920
6842
6660
4765
2037
-1133
-4636
-8065
-10809
-12531
-13061
-11982
-8947
-4426
214
3820
6523
9100
11329
11842
9889
6582
3731
1851
79
-2101
-3861
-4143
-3012
-1452
-148
898
1692
1959
1676
1360
1318
1097
302
-434
-90
1215
2247
2302
2037
2316
2898
2815
1704
199
-864
-1210
-1181
-1297
-1581
-1542
-955
-226
234
414
296
-219
-1015
-1567
-1379
-1023
-1534
-2341
-1978
-656
-134
-983
-1948
-2325
-2359
-2514
-3384
-4315
-4500
-4643
-5354
-6451
-6946
-7185
-9543
-12254
-10928
-5492
848
4740
7583
13055
17721
17973
15650
11290
6358
2756
-1309
-6266
-10624
-13056
-12371
-9813
-6704
-2929
720
3363
4535
4706
5340
5882
4468
1498
-387
731
3471
4891
4299
3515
4044
4908
3915
509
-3751
-7107
-9189
-10549
-11174
-10456
-8368
-5589
-2480
1192
5026
7473
7572
6456
5891
5830
4804
2569
746
555
1214
1248
334
-775
-1423
-1501
-1278
-1183
-1434
-1620
-1098
229
1803
3067
3780
3881
3556
3237
2992
2211
556
-1098
-1542
-831
-89
150
442
1220
2064
2288
1705
572
-712
-1649
-1836
-1554
-1485
-1747
-1771
-1111
-75
640
528
-154
-815
-1325
-1814
-2288
-2832
-3375
-3277
-2469
-1590
-1382
-1548
-1834
-2433
-2859
-3859
-5656
-7456
-9159
-11507
-13166
-10966
-5134
1910
6849
10623
15378
17487
16169
12913
7501
1727
-2642
-6571
-10011
-11680
-11804
-9572
-4871
274
4520
6604
6240
5208
4343
3240
1792
-43
-1162
-309
2092
4768
6416
6528
5446
3568
1117
-1965
-5706
-9473
-12142
-12559
-10427
-6901
-3568
-876
1933
5152
7511
7660
6046
4354
3439
2708
1675
961
1222
2024
2357
1903
1016
-153
-1792
-3627
-4719
-4428
-3155
-1672
24
2438
5310
7378
7642
6307
4243
2051
18
-1560
-2380
-2338
-1506
-160
1165
1978
2186
1943
1216
-53
-1537
-2741
-3414
-3398
-2381
-457
1416
2292
2315
2197
1982
1071
-688
-2466
-3565
-3940
-3631
-2718
-1276
162
922
1044
846
52
-1554
-3860
-5787
-6426
-6979
-7481
-7711
-7869
-8419
-10725
-11087
-6590
-147
5273
7885
10721
15400
16972
14445
9881
4278
-488
-4133
-7280
-9028
-9099
-7902
-4947
-1298
2191
5061
4993
2757
1197
945
1383
1460
1108
1610
3569
6132
7683
7110
4690
1229
-2394
-5634
-8432
-10369
-10949
-10018
-7542
-3762
303
3061
3819
3576
3574
3645
2864
1457
726
1262
2472
3804
5107
5714
4670
2060
-770
-2856
-4544
-6240
-7125
-5943
-2766
964
3956
6022
7447
8015
7168
4938
2215
-79
-1615
-2255
-1755
-245
1464
2428
2424
1930
1206
-152
-2219
-4120
-4877
-4216
-2482
-399
1479
3195
4511
4432
2867
1174
-37
-1540
-3337
-3997
-2945
-1333
-94
910
2019
2825
2574
981
-1526
-3974
-5578
-6252
-6193
-5490
-4624
-3552
-2870
-3631
-5138
-6890
-9839
-14102
-15853
-11839
-3270
5117
10166
14446
17554
17506
14905
9687
3179
-2635
-6687
-9142
-9859
-8611
-5940
-2132
1735
4349
4955
3762
1450
-1101
-2370
-1788
-422
1224
3822
7017
9325
9497
7353
3737
-366
-4471
-8213
-10626
-10763
-8692
-5351
-1836
1048
2867
3417
2784
1368
-366
-2003
-2950
-2512
-511
2393
5121
6918
7521
6943
5198
2354
-1229
-4754
-7134
-7564
-5954
-2942
529
3633
5809
6778
6530
5265
3298
1085
-779
-1758
-1670
-715
686
2035
2800
2675
1740
224
-1699
-3608
-4659
-4256
-2632
-420
2008
4341
5731
5287
3262
893
-1093
-2823
-4141
-4390
-3341
-1446
590
2106
2755
2599
1686
45
-1918
-3638
-4890
-5432
-5011
-4064
-3197
-2403
-1794
-2072
-3534
-5422
-7475
-10793
-14547
-14445
-7874
1439
7935
11705
15320
17305
15505
10466
3676
-2395
-5933
-7404
-7241
-5681
-3443
-792
1947
3854
3769
1511
-1465
-3737
-4393
-2764
280
3185
5702
8135
9901
9720
6797
1863
-3081
-6357
-7868
-8285
-7649
-5674
-2711
214
2099
2452
1227
-1136
-3468
-4509
-3976
-2503
-531
2061
5026
7240
7614
6231
4119
2019
-109
-2338
-4087
-4596
-3728
-2023
-74
1763
3166
3803
3659
3072
2327
1528
969
1099
1896
2668
2745
2208
1615
1147
346
-1018
-2385
-3054
-2844
-2020
-936
200
1370
2288
2368
1733
1233
1094
668
-154
-638
-379
149
345
306
438
455
-197
-1105
-1550
-1834
-2391
-2727
-2478
-2095
-1927
-1825
-1721
-1880
-2500
-3208
-3667
-4519
-6086
-7223
-7941
-10193
-12999
-11431
-3926
4517
9393
11864
14479
16090
13828
7741
962
-3746
-5790
-5797
-4749
-3621
-2433
-439
2069
3324
2151
-622
-3109
-3843
-2410
477
3469
5684
7265
8391
8302
6162
2439
-1417
-4280
-5742
-5865
-5147
-4130
-2850
-1217
149
214
-1339
-3577
-4980
-4715
-3198
-1320
665
3003
5500
7129
6848
4734
2000
-127
-1340
-1975
-2281
-2188
-1595
-553
726
1862
2449
2482
2476
2768
2943
2437
1547
1181
1589
1961
1606
904
648
891
981
562
4
-230
-211
-321
-617
-715
-370
137
390
501
912
1526
1577
806
54
11
166
-177
-592
-266
538
723
29
-620
-691
-802
-1418
-2103
-2367
-2207
-1935
-1974
-2283
-2360
-2490
-3409
-4608
-5289
-6178
-7734
-8722
-9290
-11527
-14060
-11415
-2373
6790
11008
12469
14541
15542
12165
5113
-1584
-4846
-4596
-2582
-577
396
511
774
1206
365
-2204
-4883
-6078
-5252
-2205
2269
5952
7564
8134
8523
7634
4494
320
-2707
-3578
-2746
-1417
-703
-785
-1119
-1612
-2918
-5325
-7976
-9431
-8735
-6009
-2148
1669
4393
5611
5771
5484
4704
3192
1492
759
1428
2561
2835
1950
755
106
-31
-334
-1167
-2012
-1943
-648
1155
2425
2816
2814
2947
3117
2838
2009
1182
970
1281
1371
681
-524
-1438
-1504
-896
-243
73
290
800
1454
1614
978
77
-381
-437
-635
-991
-851
121
1357
1926
1577
642
-450
-1489
-2163
-2207
-2028
-1956
-1937
-1697
-1510
-1492
-1604
-2039
-2936
-3901
-4156
-5180
-7016
-8332
-9140
-11218
-14165
-11748
-3248
5645
10111
11781
14224
14450
10466
3728
-1641
-3794
-3768
-1518
1086
2173
959
-890
-1611
-2117
-3457
-5264
-5753
-3906
-2
4470
7679
8805
8421
7449
6005
4040
1640
-595
-1573
-965
98
94
-1514
-4114
-6354
-7338
-7457
-7468
-7141
-5684
-2820
780
3465
3914
2942
2550
3007
3041
2591
2820
3786
4427
4266
3304
1323
-1287
-3226
-3704
-3065
-1928
-698
454
1622
2778
3475
3404
2805
2150
1817
1947
2326
2545
2395
1936
1258
304
-908
-1894
-1942
-957
302
1029
1113
996
918
590
-195
-1013
-1304
-1092
-658
15
975
1924
2390
2132
1295
191
-962
-1856
-2025
-1520
-1042
-936
-856
-689
-814
-1302
-1773
-2159
-2792
-3561
-3872
-3966
-4927
-6546
-7277
-7587
-9965
-13471
-12723
-5397
3611
8861
10788
12059
11903
8270
2461
-2239
-4118
-2832
1204
5325
6027
3187
-261
-2726
-4696
-6043
-5937
-4485
-2070
1651
6354
9993
10601
8424
5429
3098
1395
-221
-1442
-1325
222
1872
1999
-19
-3508
-6999
-9109
-9310
-7889
-5370
-2392
296
2166
3058
2769
1157
-896
-1507
266
3008
4625
4907
4999
4932
3507
589
-2301
-3846
-3963
-2841
-520
2219
3973
4224
3673
2919
1861
680
262
1085
2509
3565
3857
3415
2355
935
-457
-1565
-2201
-2071
-1070
335
1459
2001
2006
1386
36
-1609
-2669
-2680
-1836
-432
1245
2610
3003
2214
583
-1230
-2584
-3134
-2793
-1702
-395
511
871
788
53
-1356
-2790
-3772
-4530
-5097
-5110
-4962
-5496
-6391
-7016
-8379
-11146
-12520
-8973
-1551
5375
9766
12407
13013
10279
5108
100
-3170
-3722
-573
4551
7107
5039
949
-2407
-4887
-6468
-6209
-4336
-2007
820
4572
7971
9160
7968
5554
3007
1180
521
574
759
1321
2548
3451
2382
-1109
-5607
-9021
-10082
-8867
-6360
-3670
-1438
134
833
489
-680
-2008
-2510
-1197
1802
4822
6320
6315
5542
4179
2135
-258
-2263
-3028
-1963
604
3254
4493
3976
2479
845
-551
-1454
-1504
-587
981
2746
4170
4522
3482
1789
442
-388
-889
-814
-3
1103
1997
2434
2194
1212
-141
-1392
-2280
-2654
-2440
-1737
-764
197
862
992
441
-685
-1832
-2277
-1807
-858
114
986
1551
1408
538
-576
-1530
-2182
-2450
-2451
-2513
-2760
-3246
-4261
-5630
-6432
-6580
-7365
-8974
-9230
-6455
-1781
2725
6167
8017
7502
4859
1428
-1713
-3575
-2667
1154
5159
6297
4556
2162
552
-335
-786
-874
-625
181
1675
3088
3414
2913
2677
2887
2810
2201
1410
578
-149
-235
418
934
492
-753
-2195
-3412
-4068
-3980
-3298
-2248
-989
171
796
673
19
-591
-722
-476
-169
44
96
81
242
406
125
-426
-554
14
981
1821
2014
1598
1171
1003
851
660
682
977
1324
1441
1189
700
273
191
565
1056
1144
930
1042
1565
1963
1975
1764
1409
939
532
222
-206
-700
-848
-460
166
582
546
150
-291
-635
-966
-1174
-978
-407
247
765
967
730
261
-48
-88
-106
-372
-814
-1134
-1277
-1397
-1460
-1493
-1924
-2836
-3472
-3367
-3104
-3162
-3191
-3203
-3919
-5081
-5133
-3616
-2153
-2096
-2858
-3258
-3000
-2156
-742
675
1271
1217
1491
2305
2834
2608
2074
1713
1585
1844
2675
3702
4323
4598
4887
4846
3788
1896
130
-863
-1081
-756
-190
348
879
1483
1834
1553
815
78
-427
-545
-211
257
421
329
332
416
167
-631
-1665
-2449
-2731
-2438
-1611
-589
153
418
312
-89
-672
-1097
-1061
-595
79
708
1038
958
647
297
-50
-279
-240
5
413
1139
2023
2496
2318
1817
1358
1075
1020
1183
1458
1719
1889
1951
1915
1784
1571
1317
964
414
-235
-657
-586
-79
506
867
991
956
732
363
11
-305
-751
-1399
-2062
-2469
-2532
-2532
-2801
-3184
-3231
-2960
-2845
-2991
-2960
-2612
-2466
-2910
-3723
-4671
-5736
-6370
-5605
-3481
-1424
-636
-904
-1347
-1389
-815
178
867
791
522
931
1949
2855
3346
3578
3663
3742
4115
4703
4936
4532
3845
3135
2153
793
-409
-885
-627
32
837
1563
1969
2039
1983
1787
1148
19
-1036
-1370
-926
-237
138
24
-359
-725
-1021
-1370
-1758
-1991
-1952
-1693
-1286
-825
-544
-629
-964
-1311
-1616
-1865
-1851
-1359
-402
745
1609
1794
1346
749
445
509
782
1126
1517
1944
2268
2327
2174
1990
1829
1630
1406
1194
923
633
611
968
1338
1359
1142
1008
984
898
811
926
1173
1277
1185
1034
797
368
-148
-552
-775
-869
-980
-1279
-1793
-2352
-2805
-3145
-3429
-3665
-3730
-3442
-2917
-2573
-2479
-2194
-1743
-1832
-2633
-3444
-3975
-4515
-4746
-3914
-2275
-1065
-1004
-1716
-2449
-2613
-1851
-345
1055
1676
1853
2334
3173
3822
3928
3500
2827
2441
2653
3105
3255
3117
3038
2961
2535
1755
1016
588
473
698
1259
1807
1857
1368
760
289
-164
-680
-1005
-870
-374
119
308
92
-411
-917
-1210
-1357
-1507
-1620
-1553
-1325
-1146
-1171
-1359
-1533
-1565
-1426
-1066
-443
272
784
984
983
845
578
339
349
645
1092
1542
1886
2063
2123
2103
1929
1557
1112
792
647
570
451
369
529
952
1382
1590
1610
1568
1428
1164
958
982
1088
995
742
655
793
792
393
-172
-589
-898
-1315
-1902
-2545
-3045
-3272
-3234
-3021
-2664
-2222
-1823
-1472
-1079
-853
-1167
-1900
-2488
-2715
-2865
-3178
-3704
-4392
-4826
-4355
-2961
-1502
-839
-1058
-1654
-1992
-1586
-407
867
1387
1178
1059
1419
1879
2199
2560
2951
3133
3188
3367
3513
3308
2915
2724
2655
2276
1595
1149
1224
1526
1664
1527
1158
653
202
-69
-255
-520
-806
-926
-816
-580
-366
-304
-420
-554
-552
-545
-776
-1119
-1178
-859
-476
-328
-457
-749
-1053
-1224
-1165
-951
-805
-781
-660
-253
301
730
937
1012
1102
1250
1306
1143
946
1026
1352
1593
1556
1337
1081
891
873
1044
1284
1476
1615
1718
1710
1470
988
516
407
739
1199
1439
1424
1344
1283
1117
690
28
-666
-1208
-1532
-1657
-1668
-1692
-1793
-1906
-1958
-1930
-1822
-1700
-1654
-1658
-1705
-1968
-2487
-2978
-3245
-3435
-3670
-3870
-4104
-4514
-4767
-4180
-2705
-1268
-810
-1338
-2102
-2327
-1644
-291
979
1545
1562
1628
1975
2335
2472
2462
2461
2543
2731
2973
3139
3199
3311
3525
3576
3169
2388
1639
1278
1337
1506
1438
1115
794
638
533
285
-124
-492
-608
-466
-263
-190
-284
-442
-568
-693
-904
-1246
-1676
-2067
-2218
-2028
-1662
-1391
-1291
-1281
-1302
-1253
-953
-402
150
545
833
988
954
853
827
846
871
978
1180
1358
1445
1466
1408
1185
777
392
290
503
896
1387
1891
2170
1996
1489
1017
777
701
762
1052
1530
1881
1799
1317
723
184
-277
-573
-644
-626
-653
-681
-679
-765
-1020
-1419
-1874
-2204
-2258
-2126
-2043
-2078
-2084
-2019
-2132
-2595
-3107
-3301
-3306
-3435
-3665
-3881
-4207
-4507
-4126
-2785
-1260
-562
-801
-1319
-1501
-1013
151
1422
1962
1701
1419
1623
2033
2283
2386
2400
2312
2314
2615
3035
3258
3316
3371
3247
2679
1821
1145
927
1086
1401
1645
1614
1297
926
687
452
20
-511
-842
-796
-434
-72
-108
-662
-1422
-1978
-2220
-2317
-2405
-2334
-1879
-1176
-668
-580
-723
-848
-903
-907
-819
-577
-147
456
1114
1550
1503
1050
574
355
405
598
796
915
970
1024
1086
1104
1047
985
1098
1465
1839
1908
1719
1548
1458
1295
1019
822
889
1184
1537
1780
1734
1289
633
133
-113
-297
-536
-737
-761
-580
-378
-385
-629
-991
-1383
-1750
-2052
-2285
-2389
-2317
-2147
-1958
-1812
-1921
-2362
-2771
-2880
-2965
-3260
-3583
-3843
-4167
-4343
-3867
-2749
-1682
-1265
-1425
-1709
-1676
-1017
185
1266
1612
1432
1389
1632
1820
1843
1900
2115
2471
2966
3462
3630
3369
3002
2792
2545
2024
1414
1084
1106
1311
1585
1817
1829
1572
1217
862
429
-54
-362
-371
-223
-170
-392
-871
-1392
-1697
-1668
-1387
-1070
-885
-800
-706
-599
-534
-550
-648
-723
-628
-377
-105
140
365
496
464
323
160
-10
-149
-145
54
277
344
366
569
887
1058
1033
981
1035
1188
1357
1479
1565
1620
1597
1499
1420
1404
1390
1342
1286
1198
986
613
181
-138
-270
-242
-119
-25
-69
-189
-271
-382
-654
-1031
-1368
-1651
-1895
-1985
-1844
-1600
-1426
-1374
-1490
-1901
-2525
-3027
-3253
-3417
-3683
-3975
-4307
-4708
-4775
-3959
-2442
-1131
-659
-844
-1135
-1077
-472
470
1190
1332
1136
1056
1240
1573
1972
2376
2674
2834
2950
3012
2891
2633
2457
2386
2191
1791
1416
1306
1485
1800
2022
1949
1562
1072
705
506
377
171
-123
-357
-445
-512
-709
-1005
-1264
-1392
-1329
-1127
-960
-921
-911
-838
-784
-843
-922
-846
-594
-287
-14
182
213
43
-195
-302
-277
-259
-224
-44
228
418
489
526
571
635
745
925
1161
1385
1516
1578
1670
1779
1799
1721
1639
1573
1445
1249
1103
1079
1085
973
712
386
113
-34
-36
28
25
-80
-189
-267
-406
-664
-990
-1328
-1578
-1588
-1384
-1276
-1447
-1714
-1929
-2297
-2934
-3546
-3835
-3860
-3830
-3861
-4033
-4344
-4521
-4089
-2939
-1644
-936
-951
-1271
-1423
-1054
-123
856
1276
1191
1136
1348
1669
1995
2345
2654
2811
2836
2803
2724
2623
2582
2621
2612
2407
2020
1660
1539
1713
2054
2270
2074
1527
1011
739
579
392
191
-44
-356
-675
-899
-1032
-1154
-1255
-1252
-1142
-1045
-1025
-992
-878
-740
-667
-681
-746
-801
-759
-585
-365
-233
-210
-203
-157
-103
-65
11
166
374
556
661
693
717
812
987
1156
1236
1273
1394
1642
1898
1990
1857
1585
1331
1211
1201
1170
1045
871
737
646
512
314
123
9
-27
-54
-139
-310
-501
-580
-510
-435
-556
-920
-1365
-1671
-1754
-1720
-1744
-1930
-2287
-2768
-3240
-3542
-3666
-3736
-3839
-3998
-4225
-4393
-4182
-3415
-2336
-1409
-967
-1031
-1280
-1226
-600
366
1169
1544
1646
1748
1899
2004
2046
2097
2169
2253
2367
2484
2495
2369
2242
2219
2238
2192
2103
2045
2046
2076
2072
1936
1661
1363
1114
853
557
272
33
-152
-289
-421
-604
-819
-998
-1087
-1098
-1115
-1189
-1242
-1168
-986
-789
-648
-575
-529
-483
-453
-411
-298
-154
-51
20
63
25
-74
-97
44
281
463
534
590
747
968
1137
1257
1391
1516
1554
1521
1495
1466
1359
1218
1182
1260
1291
1167
975
820
702
579
463
326
102
-186
-423
-566
-638
-636
-591
-647
-899
-1227
-1460
-1596
-1729
-1885
-2061
-2324
-2675
-2972
-3159
-3394
-3782
-4227
-4626
-4894
-4792
-4099
-2999
-2033
-1614
-1685
-1832
-1629
-930
50
917
1413
1613
1735
1881
2037
2164
2202
2152
2157
2320
2552
2723
2808
2785
2568
2146
1667
1341
1309
1581
2028
2414
2519
2283
1840
1350
901
553
382
403
518
580
486
176
-322
-828
-1160
-1289
-1312
-1291
-1215
-1070
-904
-825
-869
-974
-1047
-1049
-952
-713
-338
77
400
537
460
212
-94
-291
-237
62
463
819
1047
1152
1151
1061
953
902
914
961
1093
1346
1577
1629
1530
1399
1239
1015
809
752
858
1009
1057
890
447
-186
-764
-1084
-1178
-1228
-1349
-1507
-1629
-1659
-1612
-1624
-1848
-2279
-2728
-3026
-3170
-3257
-3367
-3572
-3906
-4280
-4462
-4242
-3599
-2781
-2149
-1898
-1873
-1737
-1265
-506
282
845
1143
1357
1648
1981
2234
2351
2359
2316
2304
2374
2480
2519
2473
2390
2247
1994
1704
1525
1517
1608
1722
1796
1763
1606
1410
1274
1182
1052
858
666
521
409
300
150
-71
-348
-610
-780
-829
-802
-784
-843
-961
-1054
-1062
-972
-774
-484
-206
-31
54
111
145
136
118
143
205
271
319
359
422
531
696
893
1056
1149
1202
1268
1387
1539
1624
1541
1326
1134
1056
1070
1124
1165
1107
884
509
79
-276
-479
-580
-702
-964
-1394
-1888
-2227
-2263
-2118
-2094
-2350
-2805
-3304
-3737
-4035
-4208
-4376
-4588
-4688
-4453
-3863
-3099
-2374
-1832
-1513
-1299
-974
-435
188
687
965
1077
1133
1223
1398
1660
1968
2267
2542
2788
2955
2989
2908
2772
2599
2380
2133
1912
1784
1789
1875
1900
1764
1488
1155
832
544
319
215
246
338
399
356
191
-63
-308
-455
-501
-508
-502
-504
-557
-664
-783
-889
-970
-976
-885
-731
-551
-337
-95
114
237
273
280
321
441
636
854
999
994
859
701
624
667
832
1101
1378
1526
1496
1373
1240
1134
1080
1095
1125
1091
969
776
515
202
-94
-335
-588
-947
-1406
-1819
-2027
-2030
-2027
-2220
-2613
-3093
-3573
-3984
-4275
-4519
-4841
-5157
-5179
-4765
-4073
-3337
-2698
-2241
-1975
-1742
-1360
-808
-200
414
1027
1543
1859
2000
2080
2190
2376
2629
2874
3039
3094
3077
3038
2968
2817
2570
2300
2122
2096
2169
2219
2141
1950
1728
1530
1346
1153
934
707
504
373
309
227
16
-326
-675
-909
-979
-906
-763
-660
-672
-781
-903
-967
-942
-850
-733
-605
-448
-273
-105
43
176
254
226
123
69
156
403
761
1135
1398
1476
1413
1314
1272
1339
1498
1664
1743
1721
1646
1558
1444
1253
945
560
226
61
52
66
-47
-388
-930
-1512
-1938
-2162
-2306
-2503
-2782
-3125
-3524
-3965
-4415
-4849
-5199
-5315
-5084
-4583
-4020
-3551
-3188
-2851
-2451
-1971
-1496
-1109
-771
-352
201
784
1251
1530
1643
1711
1878
2174
2492
2745
2958
3159
3290
3274
3119
2905
2724
2644
2674
2739
2724
2596
2437
2270
2005
1613
1222
989
953
1021
1039
870
518
120
-182
-373
-531
-701
-834
-865
-815
-772
-802
-901
-1038
-1167
-1252
-1265
-1194
-1030
-791
-560
-409
-334
-291
-229
-123
2
116
226
400
664
935
1130
1247
1323
1382
1437
1502
1566
1647
1761
1870
1831
1527
1020
540
288
266
296
185
-158
-640
-1041
-1238
-1351
-1597
-2060
-2639
-3165
-3542
-3794
-4028
-4308
-4559
-4640
-4488
-4192
-3896
-3669
-3463
-3175
-2739
-2190
-1666
-1281
-1012
-726
-326
162
653
1085
1440
1708
1923
2152
2425
2726
3015
3244
3346
3276
3087
2909
2835
2841
2843
2788
2689
2571
2452
2336
2208
2047
1840
1603
1352
1104
885
726
624
526
362
111
-190
-466
-657
-763
-833
-903
-973
-1007
-1010
-1006
-1005
-997
-996
-1014
-1032
-998
-883
-686
-448
-248
-148
-132
-130
-72
62
244
444
632
803
950
1066
1158
1256
1382
1495
1490
1293
963
690
623
744
880
829
516
56
-346
-560
-653
-798
-1111
-1551
-2006
-2406
-2762
-3109
-3468
-3837
-4153
-4332
-4305
-4077
-3743
-3452
-3299
-3260
-3202
-2992
-2572
-2007
-1448
-1023
-701
-355
82
550
945
1212
1390
1560
1794
2083
2365
2573
2688
2710
2666
2607
2595
2653
2756
2868
2958
2978
2894
2742
2569
2375
2149
1942
1795
1671
1489
1226
912
581
269
9
-171
-285
-380
-482
-583
-695
-817
-920
-990
-1059
-1153
-1239
-1240
-1112
-886
-653
-511
-492
-526
-535
-475
-354
-181
46
312
561
738
826
857
887
946
1002
971
823
645
581
683
863
963
858
545
161
-120
-211
-173
-151
-281
-620
-1113
-1635
-2079
-2383
-2570
-2729
-2926
-3152
-3330
-3381
-3285
-3117
-2991
-2951
-2939
-2867
-2691
-2415
-2071
-1698
-1322
-960
-626
-341
-106
124
414
778
1168
1515
1780
1971
2117
2248
2373
2492
2587
2663
2737
2806
2854
2869
2840
2765
2632
2458
2271
2096
1941
1809
1687
1570
1426
1247
1041
815
581
363
181
34
-90
-196
-293
-392
-493
-590
-676
-757
-828
-881
-914
-932
-946
-966
-991
-1018
-1019
-959
-814
-606
-385
-197
-61
46
160
302
447
552
579
543
489
473
516
584
601
508
308
78
-89
-148
-140
-171
-330
-636
-1017
-1365
-1618
-1795
-1979
-2242
-2575
-2888
-3053
-2996
-2779
-2562
-2501
-2621
-2781
-2786
-2533
-2095
-1650
-1340
-1186
-1091
-943
-699
-392
-68
260
607
962
1293
1571
1804
2015
2213
2378
2495
2558
2584
2594
2596
2573
2500
2381
2243
2096
1943
1784
1644
1544
1481
1412
1300
1129
917
702
509
327
141
-44
-199
-300
-352
-384
-431
-496
-572
-625
-644
-614
-543
-453
-372
-321
-315
-344
-390
-418
-395
-310
-176
-21
121
223
261
236
168
76
-16
-77
-73
7
128
231
255
184
59
-52
-92
-60
-7
7
-55
-185
-351
-524
-687
-836
-963
-1056
-1109
-1141
-1181
-1254
-1357
-1453
-1517
-1544
-1556
-1567
-1573
-1543
-1464
-1350
-1235
-1145
-1084
-1023
-932
-802
-635
-437
-218
2
197
341
440
521
608
721
855
1001
1156
1309
1443
1527
1539
1500
1462
1472
1531
1600
1642
1646
1622
1589
1536
1441
1287
1092
901
758
664
596
516
405
264
111
-30
-133
-188
-204
-201
-195
-185
-167
-140
-119
-120
-142
-164
-157
-110
-42
15
35
20
-14
-54
-105
-170
-248
-327
-386
-405
-381
-322
-258
-221
-233
-296
-369
-409
-395
-339
-278
-256
-284
-353
-442
-522
-581
-614
-629
-639
-661
-706
-769
-832
-880
-917
-959
-1008
-1053
-1066
-1041
-992
-950
-937
-930
-900
-826
-726
-631
-555
-484
-399
-289
-171
-68
5
60
122
209
317
434
533
608
653
681
710
759
835
920
984
1019
1036
1066
1120
1180
1211
1189
1126
1059
1020
1009
997
957
879
787
703
639
590
543
496
450
409
375
348
328
308
291
276
262
250
242
242
248
250
240
213
160
86
-13
-128
-251
-365
-453
-493
-479
-420
-355
-329
-364
-448
-530
-570
-543
-473
-403
-377
-404
-465
-542
-611
-655
-660
-629
-586
-557
-560
-591
-632
-662
-676
-688
-707
-730
-731
-690
-613
-539
-497
-507
-550
-584
-581
-536
-470
-414
-381
-365
-344
-304
-248
-191
-147
-110
-63
14
123
244
352
428
469
493
519
561
617
687
757
820
864
885
881
865
847
831
817
803
783
759
727
686
633
574
519
475
445
427
411
396
373
346
316
288
269
262
266
272
278
275
268
253
232
197
145
72
-11
-96
-169
-227
-264
-289
-303
-314
-330
-354
-386
-420
-451
-468
-479
-496
-533
-591
-657
-715
-745
-748
-734
-717
-711
-710
-710
-698
-676
-645
-608
-565
-520
-483
-458
-442
-419
-379
-321
-260
-218
-196
-184
-168
-142
-108
-77
-56
-44
-38
-29
-10
24
75
137
200
256
296
327
358
395
441
491
536
571
598
628
659
688
701
695
669
639
607
586
567
545
514
473
425
377
332
299
274
261
252
240
219
191
161
139
127
122
119
113
107
110
120
136
148
147
134
108
73
37
2
-29
-60
-97
-136
-178
-211
-233
-244
-256
-276
-305
-336
-360
-377
-394
-416
-446
-481
-505
-509
-494
-463
-433
-415
-409
-405
-386
-345
-289
-238
-208
-203
-216
-226
-217
-190
-154
-128
-118
-121
-128
-128
-120
-111
-103
-96
-85
-62
-28
7
31
39
37
32
36
52
78
105
132
157
184
213
243
268
284
295
301
307
310
307
300
289
281
273
254
224
185
154
142
145
155
158
153
143
138
136
133
126
114
108
108
120
142
164
180
186
181
171
163
162
162
157
146
126
103
80
55
26
-12
-54
-95
-132
-158
-175
-192
-213
-246
-287
-326
-355
-367
-364
-359
-356
-355
-352
-341
-324
-305
-289
-274
-255
-225
-183
-136
-96
-72
-59
-59
-60
-57
-44
-18
13
47
75
94
101
103
100
96
100
108
118
128
133
126
109
89
68
51
42
37
32
27
20
12
9
8
11
13
17
17
22
32
48
62
74
72
60
42
28
24
32
49
68
85
98
107
115
123
133
145
157
171
183
193
202
206
207
201
195
189
183
178
169
157
142
126
112
98
82
63
42
19
-8
-39
-74
-111
-145
-175
-207
-239
-274
-309
-338
-357
-368
-369
-368
-364
-361
-362
-366
-368
-358
-335
-299
-255
-208
-166
-131
-98
-67
-36
1
36
70
100
128
152
173
193
211
227
235
235
228
220
216
214
208
194
170
139
109
85
69
60
56
55
51
44
30
13
-9
-26
-38
-37
-29
-16
-6
-6
-20
-41
-62
-75
-78
-69
-60
-51
-46
-42
-37
-28
-20
-11
-1
11
26
43
58
63
59
48
36
28
31
38
50
60
67
67
65
63
62
63
64
65
66
67
69
69
63
49
30
8
-15
-34
-52
-68
-82
-99
-118
-140
-160
-177
-185
-190
-190
-191
-193
-192
-186
-179
-167
-154
-137
-121
-105
-90
-70
-40
-4
34
67
90
109
127
143
163
184
198
206
212
213
214
214
207
198
178
155
131
112
98
89
77
61
36
5
-27
-52
-66
-73
-77
-83
-93
-104
-114
-122
-128
-131
-132
-129
-121
-111
-97
-84
-69
-61
-57
-57
-54
-45
-28
-8
10
18
21
17
15
14
21
33
49
64
74
78
75
71
64
61
59
57
54
49
46
43
40
37
29
20
11
5
4
6
7
2
-8
-22
-35
-43
-43
-39
-31
-24
-20
-19
-20
-23
-28
-31
-31
-33
-32
-32
-34
-34
-35
-35
-35
-35
-32
-28
-19
-6
11
27
42
49
52
51
52
57
64
69
71
68
64
58
51
39
27
13
-2
-14
-25
-36
-47
-60
-81
-106
-136
-161
-175
-176
-168
-155
-142
-132
-124
-116
-106
-93
-75
-56
-36
-20
-6
7
20
31
39
46
54
68
86
106
118
125
128
131
135
138
138
136
135
128
121
115
115
117
120
114
102
82
58
39
33
38
41
37
22
-2
-30
-57
-77
-83
-79
-80
-95
-122
-141
-143
-132
-119
-111
-110
-103
-90
-80
-79
-79
-75
-61
-41
-22
-9
-1
5
14
24
41
62
88
112
129
130
120
112
107
109
108
96
79
63
54
42
26
-1
-28
-48
-56
-59
-68
-82
-98
-106
-108
-109
-112
-117
-121
-119
-105
-81
-54
-38
-39
-48
-52
-42
-13
20
48
65
70
64
56
49
46
44
44
46
53
65
80
88
92
96
110
129
146
144
119
79
37
9
0
-1
-14
-41
-67
-70
-45
-9
5
-12
-41
-58
-52
-35
-30
-39
-52
-56
-58
-76
-112
-138
-133
-102
-80
-88
-112
-118
-102
-89
-108
-161
-212
-204
-134
-70
-69
-112
-110
-46
8
-44
-163
-142
196
741
1112
1017
559
145
106
399
658
593
276
7
-53
-33
-144
-409
-627
-591
-321
-50
8
-148
-350
-430
-373
-299
-299
-340
-319
-197
-58
-8
-64
-137
-136
-55
33
73
79
107
181
255
270
224
173
168
206
247
264
277
317
377
413
376
276
160
85
61
56
42
8
-30
-76
-155
-273
-394
-460
-451
-393
-321
-253
-195
-164
-168
-188
-187
-139
-49
52
121
144
137
126
114
88
54
37
64
121
165
163
118
68
37
32
33
35
47
72
89
75
24
-39
-74
-65
-31
0
7
-3
-9
-7
-8
-30
-60
-72
-52
-19
-14
-54
-113
-151
-151
-126
-107
-104
-104
-90
-69
-61
-63
-63
-46
-19
5
14
12
8
3
3
15
38
66
87
95
93
97
111
131
141
141
140
147
150
135
109
89
91
107
113
97
73
63
71
74
53
14
-18
-28
-25
-35
-71
-115
-149
-162
-157
-144
-128
-104
-77
-64
-68
-83
-79
-44
8
41
37
8
-20
-33
-35
-40
-48
-42
-15
19
28
3
-43
-75
-77
-52
-22
0
14
17
8
-14
-42
-57
-46
0
60
108
125
103
60
19
-1
1
17
35
47
43
23
-8
-36
-49
-42
-17
12
32
33
22
10
4
1
-2
-4
0
6
5
-8
-29
-41
-33
-8
10
11
-6
-17
-12
5
20
31
43
61
72
64
39
12
2
14
37
53
55
44
28
12
-2
-9
-4
11
25
27
10
-19
-46
-56
-52
-35
-17
-5
-4
-18
-43
-63
-65
-47
-15
13
24
12
-15
-39
-53
-56
-47
-32
-13
0
-3
-25
-55
-72
-59
-18
31
65
70
55
28
6
-7
-6
6
22
35
39
27
8
-13
-25
-24
-9
11
26
26
12
-5
-15
-15
-11
-5
-2
0
-3
-11
-23
-32
-33
-26
-11
0
0
-9
-21
-26
-18
0
21
35
38
32
25
19
13
14
27
50
68
69
49
21
1
-6
0
10
19
28
31
24
4
-20
-33
-27
-7
15
33
36
24
-3
-35
-65
-73
-57
-26
2
8
-10
-36
-54
-59
-51
-29
2
35
55
55
38
14
2
11
33
58
70
67
52
32
14
3
0
5
13
20
18
1
-22
-37
-34
-15
2
4
-12
-34
-46
-45
-32
-16
-1
9
9
-11
-44
-70
-69
-41
-4
16
12
-15
-47
-68
-70
-53
-25
6
26
29
15
-9
-30
-40
-33
-9
17
29
23
3
-19
-34
-35
-22
-1
22
39
44
37
16
-7
-17
-4
24
54
73
73
58
41
32
31
40
58
77
87
74
40
6
-12
-10
1
10
7
0
-10
-18
-27
-38
-47
-44
-31
-18
-16
-23
-30
-28
-17
-7
-4
-5
-4
0
3
2
0
0
4
8
5
-8
-24
-35
-29
-14
4
11
12
12
11
9
5
5
15
34
46
45
24
-7
-31
-38
-28
-18
-13
-13
-9
-4
-2
-9
-15
-16
-1
23
36
34
19
0
-13
-22
-32
-39
-38
-26
-12
-7
-16
-33
-40
-34
-18
-3
4
8
8
3
-5
-12
-11
-2
9
20
26
25
20
16
17
22
26
27
29
32
34
32
23
15
11
11
16
20
20
16
11
5
-4
-12
-14
-9
-1
4
4
-4
-13
-19
-22
-20
-15
-9
-2
2
-2
-11
-17
-17
-8
6
21
28
27
18
7
0
-3
-2
-1
0
-1
-7
-18
-29
-36
-36
-25
-11
-1
4
1
-3
-6
-3
2
8
14
16
12
5
-7
-15
-16
-11
-2
4
5
2
-4
-6
-4
3
8
10
11
10
5
1
-5
-9
-7
0
7
11
7
0
-7
-12
-12
-8
1
9
14
13
4
-8
-18
-18
-13
-2
8
15
15
10
3
0
1
2
7
14
18
15
7
0
-4
-5
-10
-12
-10
-6
-4
-4
-4
-4
-2
-3
-1
-1
3
8
16
25
28
26
16
7
1
-3
0
3
5
5
2
-4
-11
-18
-20
-16
-8
-2
3
3
0
-5
-10
-15
-17
-17
-9
-1
4
3
-2
-8
-12
-11
-6
3
11
14
13
7
-2
-12
-15
-10
-1
6
8
5
2
-3
-5
-3
4
14
20
23
18
9
1
-2
-1
4
8
9
7
3
1
-2
-3
-1
0
7
9
9
3
-5
-9
-9
-8
-7
-8
-6
-5
-3
-5
-11
-17
-19
-17
-13
-10
-7
-8
-8
-12
-16
-21
-21
-13
-3
7
10
10
7
6
7
11
18
22
27
29
28
24
16
9
6
7
12
16
15
10
5
4
3
3
2
1
2
4
6
5
1
-1
-4
-3
-3
-5
-8
-7
-6
-6
-5
-10
-15
-18
-20
-21
-19
-17
-14
-12
-11
-9
-9
-10
-7
-5
0
3
5
4
2
1
1
3
4
6
9
10
13
13
12
12
12
14
14
15
14
12
11
9
8
5
1
-4
-7
-9
-10
-9
-9
-8
-9
-10
-9
-9
-7
-3
1
2
2
-2
-5
-6
-4
-1
2
4
5
4
2
-1
0
0
3
7
9
10
5
-2
-5
-8
-5
-3
-2
-3
-3
-4
-4
-5
-4
-4
0
3
5
3
0
-2
-2
0
1
0
1
1
4
5
4
3
3
4
6
7
7
6
5
1
1
0
-3
-1
-3
-4
-5
-6
-6
-7
-6
-5
-3
-2
0
1
1
1
-1
0
0
1
2
4
4
5
4
5
4
3
2
2
2
2
2
3
2
1
0
-1
-1
-1
-2
0
-1
-1
-1
-2
-3
-3
-2
-2
0
2
2
2
1
0
-2
0
0
1
3
2
2
1
1
0
2
4
4
5
5
4
3
-1
-1
-2
0
1
2
0
-2
-3
-4
-3
0
1
1
1
1
-2
-1
2
2
2
1
-1
-1
-1
1
0
1
2
1
0
-1
-2
0
0
0
-1
1
2
2
1
-3
-2
-1
1
2
1
1
1
-1
-3
-4
1
2
3
2
0
0
-1
-1
1
0
2
2
2
2
-1
2
0
0
1
1
3
1
1
0
-3
0
-2
1
0
0
1
-2
-2
-2
-2
-2
0
1
3
2
4
3
1
1
0
1
1
2
2
2
0
1
0
2
3
3
3
2
0
-1
-1
-1
-1
-2
0
-1
-1
-3
-2
-3
-2
0
0
0
1
0
0
-1
-1
-1
0
1
2
2
2
0
-1
2
2
3
3
3
2
2
2
2
0
0
-1
0
-1
0
0
-1
-1
-1
-2
-1
0
0
1
0
0
0
0
0
0
0
0
0
-1
1
1
0
1
1
1
1
1
1
1
1
1
0
0
0
0
-1
0
0
0
0
0
0
0
0
-1
0
0
0
0
-1
0
-1
0
0
0
0
0
-1
0
0
-1
0
0
0
1
0
0
0
0
0
0
1
0
0
0
0
0
2
1
1
1
2
2
1
1
1
1
0
0
0
0
1
1
1
0
0
-1
0
0
0
-1
-1
0
0
1
1
0
0
-1
-2
-1
-1
0
1
1
1
0
0
0
0
0
1
2
3
3
3
0
-2
-1
1
3
3
2
1
1
-1
-1
0
0
0
0
0
1
0
-1
0
0
0
0
0
0
0
0
-1
0
0
0
0
1
0
0
0
0
0
-1
1
1
0
0
0
0
1
0
0
0
0
0
0
0
0
0
0
0
0
1
0
0
0
0
0
0
1
0
0
0
0
0
0
0
0
0
0
1
0
-1
0
0
0
0
-1
0
0
0
0
0
0
-1
0
0
-1
0
0
0
-1
1
0
0
0
0
0
0
0
0
0
0
0
0
0
-1
0
-1
0
0
0
0
0
0
0
0
0
1
0
0
0
0
0
0
0
0
0
0
0
1
0
0
0
0
0
0
0
0
0
-1
0
0
1
0
0
0
0
0
0
0
1
0
0
0
0
0
0
-1
0
1
0
0
0
0
0
0
0
0
-1
0
0
0
0
0
0
0
0
1
0
-1
0
1
0
0
-1
0
0
0
0
-1
0
0
0
0
1
0
0
0
0
0
0
0
0
-1
0
0
0
0
0
0
0
0
0
1
0
0
0
0
0
1
0
0
1
0
1
-1
0
0
0
0
0
0
0
0
-1
0
-1
-1
0
0
0
0
0
0
0
0
0
0
-1
0
-1
0
0
0
0
0
0
-1
0
0
0
0
0
0
0
0
0
0
0
0
0
0
0
0
0
1
1
0
-1
0
0
0
0
0
0
0
0
0
0
0
0
0
0
0
0
1
0
0
0
0
0
1
0
0
0
0
0
0
0
-1
-1
0
0
0
0
0
-1
-1
0
0
0
-1
1
0
0
-1
0
0
0
0
0
0
0
0
0
0
0
0
0
0
0
0
1
0
0
-1
0
0
0
0
0
0
1
0
0
-1
-1
0
0
0
0
-1
0
0
0
0
0
1
0
0
1
0
1
0
0
0
0
0
0
-1
0
0
0
0
0
0
1
0
0
0
0
0
0
-1
-1
0
-1
0
0
0
0
0
0
0
0
0
0
0
0
0
0
-1
0
0
0
0
1
0
0
0
0
0
0
0
0
0
0
-1
1
-1
0
0
0
0
0
0
0
0
1
0
1
0
0
0
1
-1
0
0
0
0
0
0
0
0
0
0
-1
0
0
0
0
1
1
0
1
0
0
0
0
0
0
0
0
0
0
-1
-1
-1
-1
0
0
0
0
0
-1
0
0
0
0
0
-1
0
-1
0
1
0
0
1
0
0
-1
0
-1
0
0
0
-1
0
1
-1
0
0
0
0
-1
0
1
0
-1
1
1
0
1
-1
0
0
1
0
0
-1
1
0
0
1
0
0
0
0
1
0
0
0
0
1
0
-1
0
-1
0
1
0
1
-1
0
1
0
0
0
0
0
-1
0
0
0
0
0
0
0
0
0
0
-1
0
1
0
1
0
-1
0
0
1
0
0
0
0
0
0
-1
0
-1
0
0
0
0
0
0
0
1
0
1
0
0
0
0
0
-1
0
0
0
0
0
-1
0
0
0
0
0
0
1
0
0
0
0
1
0
0
0
0
0
0
0
0
0
-1
0
1
0
0
0
0
0
0
0
0
0
0
0
0
0
0
0
-1
1
0
0
0
-1
0
0
0
1
0
0
0
-1
0
0
0
0
1
1
0
1
0
0
-1
0
-1
0
0
0
0
0
0
0
0
0
0
0
0
0
1
0
0
0
0
0
0
0
0
0
0
0
0
0
0
0
0
0
0
1
0
0
0
1
0
0
0
0
0
0
0
0
1
1
0
0
1
0
0
0
0
0
1
0
0
-1
1
0
-1
-1
0
0
0
0
0
1
0
1
0
0
0
1
0
-1
0
-1
0
0
-1
0
0
0
-1
0
0
0
0
0
0
0
0
1
-1
0
0
0
0
-1
0
0
0
0
0
1
0
0
0
0
0
0
0
0
1
1
0
0
0
0
0
0
0
0
0
1
0
-1
0
0
0
0
0
0
0
0
0
0
1
0
1
1
1
0
0
0
0
0
0
0
0
0
0
0
0
-1
0
0
0
-1
0
-1
0
0
0
0
0
0
0
-1
1
0
1
0
0
0
0
1
1
0
-1
0
1
-1
0
0
0
0
0
0
0
0
0
0
0
0
0
1
-1
0
0
0
0
0
0
0
-1
0
-1
0
0
0
0
0
-1
0
1
0
0
0
1
0
0
0
0
0
0
0
0
0
0
0
0
0
0
1
0
1
0
-1
-1
-1
0
0
0
0
0
0
0
-1
0
0
1
-1
0
1
0
0
0
0
0
0
0
-1
0
0
0
0
0
0
0
0
0
0
0
0
0
0
0
0
0
0
0
0
0
0
1
0
1
0
0
0
1
0
0
-1
1
0
-1
0
0
-1
0
0
0
0
-1
0
0
0
0
1
0
0
0
1
0
0
1
-1
0
0
0
0
0
0
-1
0
1
0
0
0
1
-1
0
0
0
-1
0
0
0
-1
0
1
0
-1
0
0
-1
-1
0
0
0
0
-1
-1
-1
0
0
0
0
0
0
0
0
0
1
0
-1
0
1
0
1
0
0
0
-1
0
0
0
0
0
0
-1
1
0
0
0
0
1
0
0
0
-1
0
1
0
0
0
0
0
0
0
0
0
0
-1
1
-1
0
1
0
0
0
0
0
0
0
0
0
0
0
0
0
0
0
1
0
0
0
0
-1
1
0
0
0
0
0
0
0
0
0
0
0
0
-1
0
0
0
-1
0
0
1
1
0
0
0
0
-1
0
1
0
-1
0
0
0
0
-1
0
0
0
0
0
-1
-1
0
0
0
0
1
0
0
0
0
-1
0
0
0
0
0
0
0
0
1
0
-1
0
0
-1
0
0
0
0
0
0
0
0
0
0
0
1
0
0
0
0
-1
-1
0
-1
0
0
0
-1
0
0
0
0
1
1
-1
0
0
-1
-1
0
0
-1
0
0
-1
0
0
-1
1
-1
0
0
-1
0
0
0
0
0
0
0
1
0
0
-1
1
1
0
0
0
0
0
0
0
0
0
1
0
0
0
0
0
0
-1
0
0
-1
0
0
1
0
0
1
0
0
0
1
0
0
0
0
0
0
1
-1
0
0
0
1
0
-1
0
0
0
0
0
-1
0
0
0
0
1
0
0
1
0
0
0
1
0
0
0
0
0
1
0
0
0
0
0
0
0
1
0
0
0
0
-1
0
0
-1
-1
0
-1
0
0
0
1
1
0
0
0
-1
1
0
0
0
0
1
0
1
0
0
1
1
0
0
0
0
0
-1
0
0
0
-1
0
0
1
0
0
0
0
1
0
1
0
0
0
0
-1
0
0
0
0
0
-1
0
0
0
1
1
0
0
-1
0
0
1
0
0
-1
1
0
0
0
0
-1
0
0
0
0
0
0
0
0
0
0
0
1
0
0
0
-1
0
1
0
0
1
-1
0
-1
-1
0
0
0
0
0
0
0
0
-1
0
-1
1
0
1
1
0
0
0
0
0
0
0
0
0
0
0
0
0
0
1
0
-1
0
0
0
0
0
0
-1
0
0
-1
0
0
0
0
0
0
0
1
1
0
0
0
0
0
0
0
-1
0
0
0
0
0
0
-1
-1
0
0
0
0
0
1
0
1
-1
0
0
-1
0
0
0
1
0
0
0
0
0
0
0
1
0
1
0
0
0
-1
-1
0
0
0
0
1
0
-1
0
0
0
0
1
0
-1
0
0
0
0
0
1
0
0
0
0
0
0
0
0
0
0
1
0
0
0
0
0
0
0
0
0
0
0
0
0
-1
-1
0
0
0
0
0
0
-1
0
0
-1
0
0
0
0
0
0
0
0
0
0
0
0
0
0
0
0
0
-1
0
0
1
0
0
-1
1
0
0
0
0
0
0
0
0
0
0
-1
1
0
0
-1
0
0
0
1
0
-1
0
0
0
0
0
0
0
1
-1
0
-1
0
-1
-1
0
0
0
1
0
0
0
0
0
1
0
-1
-1
0
0
0
0
0
0
0
-1
0
-1
0
1
0
0
0
0
1
0
0
0
0
0
-1
-1
0
0
0
0
-1
0
1
0
1
0
0
0
0
-1
0
0
0
-1
0
0
0
0
0
0
0
0
-1
0
0
0
1
0
1
0
-1
0
1
0
0
-1
0
0
0
0
0
0
1
0
1
0
0
0
0
0
1
0
1
0
0
0
1
0
0
0
0
0
-1
0
0
0
0
0
0
0
0
0
-1
0
0
0
0
0
0
0
0
0
0
1
0
1
0
0
1
0
0
1
0
0
1
0
0
1
0
0
0
0
0
0
0
0
0
0
0
1
0
0
-1
0
0
-1
0
-1
0
0
1
1
0
0
0
-1
0
0
0
0
0
0
1
0
0
-1
0
0
0
0
-1
0
1
0
0
0
0
0
-1
0
0
0
0
0
0
0
1
0
0
0
0
0
-1
0
0
0
0
0
1
0
0
0
0
0
0
0
1
0
-1
0
-1
1
0
0
0
0
-1
0
-1
0
0
0
0
-1
1
0
0
0
1
0
-1
0
1
1
0
-1
0
0
0
0
0
0
0
0
-1
0
0
0
0
1
-1
0
0
-1
0
0
0
0
0
1
1
0
0
0
-1
-1
0
0
0
1
0
0
0
0
0
0
1
0
0
-1
0
0
1
0
0
0
0
0
1
0
0
-1
0
0
0
0
0
0
0
0
1
0
0
0
0
0
0
0
0
1
0
0
0
0
0
0
-1
0
0
0
0
1
0
0
1
0
0
0
1
-1
0
-1
0
0
0
1
0
0
0
0
0
0
1
0
0
0
0
0
0
0
0
0
-1
0
0
0
1
0
0
0
1
0
0
0
0
0
0
0
0
0
0
1
0
1
0
-1
0
0
-1
0
0
0
-1
0
0
0
-1
0
-1
1
-1
1
0
0
0
0
0
1
0
1
0
0
0
0
0
0
0
0
0
0
0
1
0
0
-1
0
0
0
0
0
0
0
0
0
0
-1
0
0
1
0
0
-1
0
0
0
0
0
0
0
0
-1
0
1
0
0
0
0
1
0
0
0
0
0
-1
0
0
-1
0
0
0
0
0
0
0
0
0
0
0
1
1
1
1
0
0
-1
1
0
0
0
0
0
0
0
0
0
0
0
0
1
0
0
1
0
1
0
0
1
0
0
0
0
1
0
0
-1
0
0
1
1
0
0
-1
0
-1
-1
0
0
0
1
1
0
-1
0
1
0
0
0
0
1
0
1
-1
0
1
0
0
0
-1
0
0
0
1
0
-1
0
-1
-1
0
0
1
0
0
0
1
1
0
0
1
1
-1
0
-1
0
0
0
1
0
0
0
0
-1
0
0
-1
0
0
-1
-1
1
0
0
0
0
-1
0
1
0
0
0
-1
1
0
1
0
1
-1
0
0
0
-1
0
0
0
0
0
0
0
0
0
0
0
0
0
0
0
0
0
1
0
0
0
0
1
0
0
0
0
0
0
0
0
0
0
0
0
0
0
0
0
0
0
0
0
1
0
0
0
0
-1
0
0
1
0
0
0
0
0
-1
0
0
0
0
0
0
-1
0
0
-1
0
0
0
-1
0
0
0
0
-1
0
0
0
0
0
0
0
0
0
0
0
0
0
0
0
-1
0
0
0
-1
0
-1
0
-1
0
0
0
0
1
0
0
0
0
-1
1
0
0
0
0
0
1
0
0
0
0
0
0
1
0
0
0
0
-1
0
-1
0
0
-1
-1
-1
0
0
1
1
0
-1
-1
0
1
2
3
3
2
0
-1
-1
-2
1
3
4
3
0
-3
-3
-4
-1
2
5
7
8
4
-1
-7
-7
-5
1
5
7
7
2
-4
-8
-10
-7
1
6
9
9
4
-1
-4
-7
-6
-2
0
5
4
2
-1
-3
-3
-2
0
4
6
5
1
-2
-5
-5
-2
3
6
5
2
-4
-8
-9
-4
4
13
18
15
5
-7
-18
-20
-14
0
12
18
14
4
-10
-17
-18
-9
4
17
26
25
14
-4
-19
-27
-21
-6
12
22
20
8
-10
-20
-23
-13
4
17
25
21
8
-9
-22
-23
-15
0
13
17
11
0
-11
-13
-9
0
9
16
16
8
-3
-12
-17
-11
0
9
13
9
0
-9
-15
-13
-5
7
18
23
15
1
-17
-27
-25
-10
10
26
28
18
-1
-18
-25
-21
-9
11
28
34
26
3
-23
-41
-37
-17
10
29
35
26
8
-12
-26
-27
-17
1
19
27
23
9
-8
-20
-23
-16
-4
10
18
18
11
2
-5
-6
-2
1
3
2
-3
-8
-9
-5
3
14
16
10
-4
-17
-24
-18
-2
18
31
32
18
-5
-26
-40
-36
-16
8
30
40
34
12
-13
-33
-39
-30
-4
23
41
43
29
0
-30
-46
-44
-23
7
33
44
36
15
-10
-29
-35
-24
-6
13
25
26
16
1
-13
-20
-17
-13
-7
1
4
10
13
16
14
11
1
-8
-17
-20
-17
-6
11
23
28
20
2
-19
-33
-34
-21
2
27
44
45
26
-6
-38
-57
-48
-19
19
50
60
44
10
-27
-51
-54
-34
0
34
53
53
31
-1
-33
-48
-45
-24
3
27
41
36
18
-5
-24
-31
-25
-9
10
22
25
16
1
-9
-14
-13
-8
-5
-1
1
3
7
11
13
12
2
-10
-23
-28
-22
-3
17
32
35
24
1
-23
-40
-43
-27
-1
31
49
48
24
-12
-45
-61
-50
-18
21
51
60
44
12
-23
-47
-48
-32
-2
26
43
41
23
-2
-24
-35
-29
-12
9
24
27
15
-2
-17
-23
-17
-6
5
10
10
5
3
1
5
9
10
7
-1
-14
-23
-22
-11
7
26
34
29
10
-17
-38
-45
-29
1
33
52
46
20
-16
-48
-61
-51
-18
24
60
76
62
24
-27
-66
-76
-54
-10
33
57
49
21
-16
-41
-45
-28
4
34
52
48
25
-8
-37
-50
-43
-20
5
25
30
23
10
-1
-8
-6
1
10
13
6
-11
-28
-33
-21
5
31
43
29
-2
-34
-52
-43
-11
35
74
85
57
4
-52
-88
-88
-56
-7
38
61
60
34
-6
-40
-58
-46
-6
42
75
76
37
-22
-76
-95
-74
-25
27
63
70
50
14
-20
-34
-25
1
28
38
25
-7
-41
-62
-59
-34
3
39
55
46
15
-22
-40
-30
10
58
88
79
28
-48
-113
-139
-114
-42
45
116
142
115
42
-42
-98
-101
-55
13
67
87
65
13
-51
-105
-120
-87
-10
74
128
126
72
-3
-63
-85
-62
-15
34
52
38
-4
-49
-69
-58
-22
21
51
60
49
25
1
-14
-13
0
17
22
5
-33
-77
-100
-81
-20
61
121
129
80
-1
-75
-105
-80
-15
59
105
101
48
-34
-109
-146
-127
-58
34
112
145
122
58
-20
-74
-86
-54
1
48
60
28
-35
-95
-121
-94
-24
57
119
135
106
49
-13
-56
-67
-49
-20
6
12
-3
-27
-43
-40
-17
17
44
56
50
34
16
2
-6
-11
-12
-13
-16
-28
-45
-56
-47
-15
29
67
82
70
42
6
-21
-34
-25
-5
8
0
-28
-65
-92
-88
-37
36
98
128
120
79
20
-39
-83
-100
-87
-41
25
76
80
42
-13
-67
-96
-78
-25
37
93
128
122
70
-4
-75
-122
-130
-95
-40
13
58
88
87
48
-9
-59
-71
-37
25
78
103
92
44
-27
-96
-149
-169
-142
-55
57
143
181
171
111
19
-66
-118
-132
-104
-31
58
113
111
60
-16
-100
-153
-145
-84
9
113
193
208
149
42
-79
-174
-207
-163
-72
29
112
144
113
38
-46
-103
-108
-55
33
118
168
163
91
-26
-146
-226
-234
-163
-39
86
177
210
170
81
-19
-99
-137
-107
-17
76
131
134
74
-37
-143
-191
-178
-113
-2
120
199
209
159
68
-43
-139
-175
-140
-60
28
96
108
47
-46
-106
-108
-63
15
109
172
174
129
50
-56
-163
-214
-190
-116
-20
83
149
140
77
5
-56
-94
-81
-21
45
88
106
95
42
-37
-111
-161
-172
-124
-17
98
175
199
159
56
-65
-148
-171
-135
-39
86
166
158
79
-43
-172
-243
-203
-69
101
254
342
305
139
-81
-268
-368
-339
-172
55
241
316
270
110
-101
-256
-285
-191
-14
181
297
287
175
18
-142
-248
-258
-192
-79
61
186
228
173
60
-67
-162
-170
-88
13
87
124
113
51
-27
-86
-123
-133
-97
-23
53
103
129
138
115
57
-21
-101
-167
-189
-133
-23
76
143
174
143
45
-66
-149
-190
-164
-43
116
214
219
154
27
-124
-214
-206
-139
-36
107
219
219
122
-5
-136
-221
-180
-33
108
183
193
118
-32
-175
-235
-207
-105
55
206
251
175
41
-88
-169
-170
-90
19
102
141
137
63
-72
-187
-208
-136
-7
139
221
169
39
-62
-113
-125
-76
24
100
123
111
53
-59
-161
-181
-129
-45
48
117
129
102
78
54
6
-45
-73
-89
-102
-95
-68
-35
20
106
171
160
82
-25
-122
-155
-96
12
94
129
123
61
-59
-174
-221
-192
-85
88
248
293
216
78
-72
-193
-232
-168
-55
64
163
196
117
-33
-165
-219
-177
-48
109
210
223
164
61
-54
-139
-168
-151
-96
-17
45
64
61
53
40
36
44
36
-2
-33
-42
-46