7
294
412
328
76
-159
-227
-219
-215
-69
292
709
1015
1177
1222
1178
1025
701
221
-292
-739
-1054
-1194
-1193
-1115
-936
-606
-181
208
459
578
600
530
391
309
407
657
899
1046
1179
1423
1741
1963
1968
1760
1365
835
303
-144
-535
-921
-1263
-1457
-1439
-1313
-1276
-1358
-1458
-1592
-1806
-1957
-1917
-1812
-1812
-1932
-2143
-2422
-2693
-2934
-3239
-3546
-3537
-3044
-2285
-1470
-488
805
2258
3573
4590
5291
5688
5711
5269
4448
3561
2820
2099
1269
512
48
-216
-509
-868
-1186
-1453
-1807
-2344
-2983
-3560
-3964
-4159
-4135
-3872
-3351
-2593
-1675
-646
450
1469
2185
2526
2630
2623
2508
2318
2163
2073
2004
1932
1871
1834
1841
1847
1687
1264
686
120
-398
-908
-1396
-1801
-2056
-2112
-2004
-1796
-1473
-995
-463
-93
75
199
370
481
452
410
499
681
832
958
1127
1272
1287
1195
1070
889
588
206
-160
-492
-808
-1035
-1078
-973
-841
-699
-477
-164
155
385
498
574
719
913
1030
1033
1020
1042
1051
981
856
782
816
878
832
631
346
53
-263
-665
-1163
-1656
-2021
-2247
-2388
-2394
-2199
-1927
-1795
-1806
-1809
-1829
-2031
-2444
-2966
-3489
-3779
-3571
-2978
-2390
-1815
-842
671
2334
3717
4710
5383
5764
5798
5440
4720
3748
2651
1558
640
56
-218
-392
-645
-964
-1255
-1488
-1705
-2023
-2534
-3123
-3566
-3783
-3780
-3491
-2931
-2253
-1479
-510
570
1520
2204
2621
2845
2940
2883
2654
2369
2152
1985
1814
1665
1582
1551
1483
1294
986
598
105
-513
-1226
-1939
-2489
-2750
-2783
-2693
-2417
-1913
-1298
-644
22
571
901
1064
1127
1108
1067
1044
1017
982
969
987
1036
1123
1224
1269
1175
900
503
95
-271
-627
-989
-1294
-1442
-1393
-1204
-955
-665
-302
141
593
951
1172
1290
1333
1278
1137
1003
950
911
799
663
658
793
899
825
584
267
-89
-474
-861
-1247
-1642
-1975
-2166
-2271
-2371
-2381
-2227
-2020
-1873
-1760
-1713
-1831
-2082
-2361
-2621
-2790
-2748
-2529
-2261
-1870
-1115
42
1332
2473
3379
4118
4716
5053
4963
4470
3792
3040
2167
1209
365
-247
-695
-1063
-1330
-1440
-1434
-1425
-1484
-1588
-1697
-1852
-2117
-2390
-2440
-2196
-1817
-1409
-874
-163
584
1236
1799
2262
2515
2498
2320
2159
2070
1960
1758
1520
1309
1129
937
696
417
127
-209
-674
-1221
-1653
-1895
-2071
-2250
-2289
-2068
-1670
-1218
-725
-193
302
718
1069
1329
1435
1418
1354
1259
1139
1044
987
909
808
747
723
656
490
281
116
-8
-172
-422
-707
-953
-1116
-1149
-1010
-755
-490
-233
69
396
682
929
1128
1165
1032
942
1005
1058
961
773
558
333
184
164
174
60
-199
-499
-754
-996
-1300
-1596
-1736
-1770
-1916
-2154
-2192
-1893
-1504
-1309
-1310
-1346
-1334
-1368
-1577
-1901
-2080
-2007
-1906
-1942
-1837
-1208
-148
876
1658
2427
3328
4061
4237
3884
3364
2891
2317
1462
489
-289
-817
-1257
-1612
-1735
-1624
-1450
-1335
-1213
-948
-585
-362
-405
-517
-428
-152
105
296
552
938
1336
1624
1835
2087
2356
2428
2153
1682
1304
1048
674
75
-551
-996
-1292
-1557
-1763
-1828
-1811
-1831
-1860
-1752
-1484
-1173
-896
-611
-262
157
610
1001
1260
1453
1694
1961
2114
2057
1811
1476
1147
850
560
269
-4
-237
-420
-540
-604
-641
-652
-631
-607
-618
-629
-573
-434
-276
-179
-119
29
293
521
599
631
762
932
985
912
825
763
654
466
246
56
-97
-236
-375
-506
-603
-650
-680
-756
-903
-1051
-1091
-1018
-937
-938
-1002
-1029
-948
-775
-602
-507
-475
-452
-461
-588
-838
-1136
-1414
-1651
-1822
-1903
-1879
-1721
-1388
-877
-246
417
1033
1581
2047
2356
2427
2283
2006
1631
1198
777
408
78
-197
-392
-517
-574
-566
-507
-423
-305
-163
-39
48
149
323
542
722
806
842
918
1049
1172
1234
1236
1161
1014
854
730
609
417
149
-147
-427
-670
-872
-1053
-1234
-1395
-1477
-1450
-1331
-1154
-918
-628
-308
13
340
695
1054
1310
1399
1371
1333
1293
1178
985
798
683
624
577
512
399
230
39
-149
-340
-518
-624
-648
-650
-684
-729
-715
-618
-497
-400
-290
-101
133
315
418
483
517
502
478
498
529
498
412
325
257
190
104
1
-126
-262
-382
-456
-475
-488
-568
-698
-778
-759
-730
-775
-871
-922
-897
-831
-752
-649
-535
-465
-508
-643
-771
-831
-894
-1065
-1301
-1444
-1405
-1248
-1035
-754
-396
-24
286
534
763
973
1093
1069
949
838
765
657
472
266
106
-16
-126
-189
-143
0
169
323
480
661
830
973
1131
1311
1435
1425
1330
1240
1187
1122
989
759
470
218
72
-15
-146
-355
-579
-767
-915
-1021
-1082
-1129
-1170
-1151
-1022
-809
-574
-337
-113
67
206
350
527
700
822
885
929
986
1038
1042
977
867
726
536
303
74
-97
-221
-344
-485
-592
-610
-575
-579
-633
-660
-608
-491
-361
-261
-190
-96
52
209
308
336
333
341
379
438
507
567
557
427
216
33
-55
-82
-135
-254
-408
-509
-492
-360
-208
-147
-205
-322
-423
-506
-599
-667
-673
-637
-613
-599
-533
-355
-127
-1
-57
-198
-301
-371
-492
-660
-793
-868
-947
-1055
-1101
-987
-754
-540
-435
-385
-277
-77
135
250
260
266
343
443
475
450
430
429
411
372
377
470
609
720
784
866
1005
1139
1183
1165
1175
1213
1195
1078
921
783
661
508
322
159
49
-44
-147
-248
-324
-379
-419
-456
-499
-547
-572
-543
-477
-425
-382
-288
-129
34
166
267
357
436
488
492
442
361
264
155
61
18
37
78
90
53
-16
-101
-188
-285
-386
-469
-527
-563
-559
-479
-330
-182
-91
-38
29
125
224
307
356
363
325
293
324
414
461
371
194
55
3
-31
-127
-259
-355
-380
-360
-327
-281
-237
-237
-300
-395
-452
-449
-429
-447
-489
-475
-359
-193
-67
-17
3
35
70
73
34
-30
-102
-166
-237
-320
-414
-498
-572
-656
-762
-855
-895
-880
-847
-794
-686
-513
-306
-113
66
252
436
586
676
716
706
625
488
361
326
367
402
381
355
395
503
622
709
760
799
836
872
892
879
835
754
632
489
370
309
276
222
145
80
48
36
23
11
-8
-42
-87
-115
-112
-89
-68
-63
-84
-148
-251
-361
-439
-467
-463
-451
-432
-395
-330
-244
-154
-87
-66
-97
-143
-171
-187
-210
-242
-266
-267
-253
-216
-138
-27
71
124
151
199
297
421
522
551
516
454
398
337
248
137
28
-74
-179
-281
-346
-372
-390
-445
-517
-551
-520
-461
-423
-414
-398
-355
-307
-279
-258
-218
-165
-135
-135
-118
-45
49
101
96
93
138
199
226
207
171
145
114
58
-23
-104
-169
-216
-255
-294
-321
-323
-295
-248
-208
-179
-146
-112
-112
-165
-235
-248
-187
-110
-76
-69
-16
100
222
281
283
290
337
391
411
396
373
361
357
353
364
408
489
579
643
670
685
718
743
708
599
463
355
286
222
152
109
111
122
84
-11
-117
-200
-280
-380
-480
-536
-527
-478
-419
-357
-284
-222
-196
-215
-256
-295
-324
-339
-348
-357
-358
-324
-239
-137
-64
-25
16
80
150
201
236
269
304
344
401
477
544
557
505
412
315
226
134
28
-93
-220
-336
-423
-478
-510
-537
-563
-575
-571
-557
-534
-497
-453
-415
-389
-354
-284
-191
-103
-30
40
109
153
155
139
140
156
152
128
115
135
172
200
226
256
271
244
170
81
12
-37
-82
-135
-182
-202
-184
-134
-70
-10
30
36
16
-4
-14
-21
-47
-85
-101
-63
25
129
220
282
309
301
263
212
157
105
56
27
39
100
185
252
279
268
231
180
119
64
27
18
36
87
174
282
380
442
451
407
311
184
38
-107
-246
-373
-467
-503
-471
-388
-289
-205
-145
-103
-70
-45
-21
-3
7
-3
-17
-8
35
80
89
67
52
68
94
109
120
149
192
209
179
122
70
22
-47
-142
-229
-273
-280
-276
-270
-245
-192
-139
-122
-146
-175
-186
-185
-207
-255
-305
-328
-327
-321
-319
-303
-263
-204
-139
-68
23
134
241
320
362
382
396
395
369
318
255
185
97
-8
-110
-191
-258
-337
-431
-505
-518
-467
-385
-302
-206
-74
78
206
288
325
331
298
223
123
29
-38
-78
-88
-61
8
101
193
261
309
355
401
423
394
324
255
213
193
167
124
81
65
76
94
96
74
48
34
32
35
45
65
96
123
131
125
103
65
-7
-109
-222
-317
-376
-407
-418
-405
-344
-241
-125
-27
51
133
216
267
262
217
171
138
100
42
-20
-60
-64
-48
-29
-6
26
56
64
48
19
-4
-23
-53
-100
-148
-177
-187
-188
-194
-205
-209
-201
-185
-175
-181
-196
-216
-233
-247
-248
-234
-202
-161
-120
-76
-25
29
70
90
98
106
118
127
134
139
147
150
147
140
132
118
95
61
29
6
-14
-40
-78
-121
-158
-176
-173
-156
-131
-107
-83
-62
-41
-22
-11
-12
-22
-32
-34
-13
28
76
114
146
185
234
273
282
255
215
181
154
126
94
66
51
53
75
113
165
208
229
226
219
214
199
159
102
46
22
29
53
74
76
58
30
1
-25
-56
-98
-148
-196
-225
-229
-212
-182
-153
-125
-95
-56
-12
20
32
24
5
-14
-32
-46
-57
-61
-50
-18
29
82
124
150
154
135
94
42
-9
-56
-93
-124
-143
-149
-146
-145
-150
-156
-162
-169
-176
-181
-177
-161
-136
-106
-87
-85
-95
-104
-111
-119
-132
-145
-148
-138
-117
-87
-47
2
51
97
127
155
178
194
195
177
149
121
96
66
27
-14
-55
-90
-121
-146
-168
-181
-186
-181
-168
-153
-135
-108
-71
-29
11
49
89
125
153
169
179
190
200
201
184
165
158
166
179
176
158
140
135
142
145
142
136
135
139
141
143
150
159
159
152
147
156
174
180
159
124
87
59
30
-11
-61
-107
-148
-181
-208
-230
-249
-264
-281
-294
-289
-255
-203
-152
-110
-75
-37
3
33
45
41
35
34
34
24
14
16
19
16
-1
-14
-14
-4
0
-6
-15
-15
-10
-18
-40
-67
-86
-100
-116
-128
-127
-110
-87
-72
-64
-55
-47
-40
-41
-44
-38
-27
-16
-11
-11
-7
-2
1
1
-2
-4
-9
-13
-10
-1
4
3
-1
2
7
9
6
0
-7
-8
-13
-22
-35
-47
-53
-60
-68
-79
-87
-88
-90
-93
-91
-81
-60
-39
-21
0
34
76
113
138
154
177
203
225
233
232
233
235
236
229
215
197
174
144
114
93
82
77
74
75
91
120
156
182
191
188
177
160
132
90
40
-11
-58
-100
-134
-158
-174
-187
-203
-216
-222
-219
-214
-209
-204
-190
-166
-132
-95
-56
-15
24
56
79
97
103
94
66
26
-14
-54
-91
-122
-146
-158
-159
-154
-142
-128
-114
-103
-97
-94
-92
-86
-80
-74
-65
-50
-33
-16
0
17
35
50
62
69
72
73
70
60
44
22
2
-15
-25
-30
-31
-27
-17
-4
11
27
41
50
52
51
51
52
50
42
26
8
-11
-26
-39
-52
-68
-76
-74
-62
-45
-26
-8
5
17
27
35
39
36
25
12
4
4
13
31
52
78
107
142
171
194
207
208
197
178
155
129
105
81
63
48
39
34
36
39
43
47
48
47
43
36
30
21
9
-4
-15
-26
-37
-49
-61
-75
-91
-105
-116
-128
-133
-134
-129
-119
-104
-81
-58
-39
-24
-17
-15
-19
-24
-30
-37
-41
-41
-36
-28
-18
-13
-15
-21
-32
-48
-67
-86
-104
-117
-122
-120
-113
-103
-92
-81
-69
-53
-34
-13
6
22
34
44
52
55
57
55
50
44
41
39
38
37
35
32
29
27
25
20
16
11
10
11
13
12
12
8
7
5
5
6
5
4
0
-5
-7
-9
-5
0
8
16
25
34
43
46
43
37
28
16
9
4
1
-1
-2
2
7
15
24
33
42
51
59
68
73
80
82
81
76
70
65
62
56
51
44
42
42
44
46
45
42
41
41
38
33
25
14
-1
-15
-29
-41
-53
-64
-71
-74
-72
-68
-63
-61
-60
-58
-55
-51
-46
-43
-40
-36
-29
-20
-11
-4
0
1
0
-1
-4
-7
-15
-24
-38
-49
-57
-66
-73
-78
-83
-85
-83
-78
-72
-63
-54
-45
-36
-26
-16
-7
-1
4
8
13
17
23
28
33
36
37
39
40
43
44
44
44
42
42
38
35
29
23
13
4
-6
-12
-19
-23
-21
-16
-10
-1
9
19
28
35
42
45
46
44
40
34
27
23
21
20
22
23
21
19
14
7
-1
-11
-22
-34
-42
-45
-45
-41
-33
-22
-14
-3
7
16
25
32
36
38
40
44
51
56
61
67
71
71
72
71
67
56
42
24
8
-4
-12
-19
-24
-28
-30
-29
-26
-23
-19
-16
-17
-20
-22
-26
-33
-37
-43
-44
-43
-40
-34
-26
-17
-9
-4
-2
-3
-4
-10
-16
-22
-27
-30
-35
-38
-41
-41
-39
-36
-34
-31
-30
-29
-30
-32
-33
-33
-32
-29
-25
-17
-11
-2
6
12
17
20
20
17
13
9
6
5
5
6
7
10
13
15
16
12
7
1
-7
-14
-18
-21
-21
-18
-12
-4
4
12
19
24
29
32
33
31
30
27
23
18
15
12
12
12
13
15
19
22
24
27
27
24
18
13
5
-3
-10
-17
-20
-22
-22
-20
-16
-13
-6
2
9
15
21
25
27
31
34
38
42
48
52
54
54
51
46
37
28
18
6
-5
-13
-18
-21
-18
-14
-9
-3
2
5
6
5
2
-2
-7
-11
-18
-22
-25
-27
-28
-28
-26
-28
-28
-31
-34
-37
-39
-42
-43
-44
-44
-43
-44
-40
-34
-30
-24
-16
-11
-7
-3
-1
0
1
1
0
1
-1
2
4
6
10
14
16
18
17
16
12
10
5
1
-2
-1
-2
-2
0
1
3
2
2
-1
-4
-8
-11
-15
-17
-17
-15
-12
-5
1
11
22
30
40
46
51
50
48
45
39
34
28
24
18
14
10
7
4
2
1
-2
-2
-3
-4
-3
-4
-5
-3
-3
-3
-2
0
2
7
11
15
18
20
18
17
16
15
16
18
21
20
21
20
19
17
15
10
6
0
-5
-10
-14
-17
-18
-21
-21
-22
-22
-24
-24
-25
-26
-27
-26
-27
-26
-26
-25
-24
-23
-23
-22
-20
-18
-13
-13
-14
-15
-16
-17
-22
-25
-25
-21
-17
-16
-14
-7
-3
-2
-1
1
7
10
12
14
17
17
18
17
16
16
16
17
15
15
12
11
9
7
4
2
0
-3
-5
-6
-8
-7
-6
-5
-3
-3
-4
-3
-3
-2
-1
1
2
4
6
12
16
20
24
26
26
26
25
25
24
24
25
26
26
26
24
22
19
14
10
5
-1
-4
-8
-13
-16
-16
-19
-18
-17
-14
-9
-6
-3
0
2
3
4
5
5
8
10
14
15
17
17
14
11
7
3
-2
-6
-12
-16
-21
-25
-29
-30
-30
-27
-24
-21
-18
-14
-12
-11
-10
-10
-11
-12
-11
-11
-13
-14
-15
-17
-19
-21
-22
-22
-21
-19
-19
-17
-14
-11
-7
-3
2
5
10
14
15
16
16
14
12
11
11
10
10
10
10
11
11
13
12
15
16
15
15
14
14
14
12
12
11
9
7
5
4
4
3
4
4
4
5
4
4
5
5
5
4
3
0
-4
-6
-7
-8
-7
-5
-5
-4
-1
1
3
4
6
8
9
10
11
12
12
12
12
11
9
7
7
4
2
1
0
-2
-2
-3
-3
-3
-3
-2
-2
-3
-5
-5
-5
-5
-5
-6
-5
-5
-6
-4
-4
-4
-3
-2
-2
-2
-3
-4
-6
-7
-9
-12
-14
-15
-16
-16
-15
-15
-15
-15
-12
-9
-6
-6
-5
-5
-1
-1
0
0
1
3
3
3
2
1
1
1
4
2
2
-1
0
1
3
6
6
4
4
4
5
5
6
6
5
4
1
1
1
2
3
4
6
7
7
9
8
9
9
9
7
7
4
2
0
0
-1
-1
-1
-1
0
1
0
2
1
2
3
1
0
0
-1
0
-2
-2
-2
-2
-2
-3
-3
-1
-1
0
0
0
1
2
2
3
2
2
2
2
0
1
1
0
-1
0
-1
-2
-3
-2
-2
-1
0
-1
0
0
0
0
-1
1
0
-1
1
1
0
0
-1
1
1
2
1
1
0
0
-2
-2
-4
-5
-6
-7
-7
-6
-7
-4
-4
-3
-2
0
-1
0
2
3
3
3
3
2
2
1
1
1
2
2
2
1
1
0
0
0
0
0
0
0
-1
-1
0
-1
1
0
0
2
1
1
3
2
3
4
3
3
4
3
2
2
2
1
1
0
0
-1
-1
-1
0
-1
-1
-1
1
1
1
2
2
2
2
2
2
0
0
0
-1
-1
-1
-2
-2
-2
0
1
1
2
1
2
2
1
1
0
1
2
1
1
1
0
0
-1
0
0
0
0
0
0
0
2
1
1
0
0
-1
-2
0
0
1
1
1
2
0
0
-1
-1
-1
-1
-1
0
-2
-2
-1
-2
0
0
-1
-2
-2
-3
-1
-1
1
2
2
1
0
2
1
1
2
2
1
-1
0
1
1
0
0
1
1
1
0
0
-1
-1
-1
-2
-1
-1
-2
-2
0
-3
-1
-1
-2
-1
-1
-1
0
0
1
2
1
1
1
0
0
2
2
1
2
0
0
-1
0
0
1
2
1
1
0
0
0
1
0
0
0
0
0
1
0
0
-1
0
0
0
1
1
1
1
1
2
1
1
1
0
0
0
0
0
1
0
0
0
0
1
1
0
1
1
2
2
2
2
2
2
1
1
0
1
-1
-1
-2
-1
-1
-1
0
-1
-1
0
0
0
0
1
1
1
1
1
1
1
1
1
0
-1
0
0
0
1
0
0
0
1
1
2
2
2
1
0
0
0
1
1
3
2
2
0
-2
-2
-2
-2
-1
0
0
-1
-1
-1
-1
-2
-1
-1
1
-1
2
0
0
1
1
1
2
1
2
1
0
0
0
0
0
0
0
0
0
0
1
0
0
-1
0
0
0
0
0
0
0
0
0
0
-1
0
0
1
0
0
-1
0
0
0
0
0
0
0
0
-1
0
1
0
0
0
0
1
0
0
0
0
0
-1
0
0
-1
0
0
0
0
0
0
0
0
0
0
0
1
1
1
1
0
0
-1
1
0
0
0
0
0
0
0
0
0
0
0
0
1
0
0
1
0
1
0
0
1
0
1
1
0
1
-1
-1
-2
0
1
2
2
1
0
-2
-2
-2
-2
0
1
1
2
2
0
-1
0
1
1
1
1
1
2
1
2
0
1
2
1
1
1
-1
0
0
0
1
0
-1
0
-1
-1
0
0
1
0
0
0
1
1
0
0
1
1
-1
0
-1
0
0
0
1
0
0
0
0
-1
0
0
-1
0
0
-1
-1
2
1
0
0
0
-2
-1
1
0
1
1
0
2
0
1
-1
0
-2
-1
-1
-1
-3
-2
-1
-2
-2
-1
-1
-1
0
0
0
1
1
1
1
1
1
1
1
0
0
0
0
1
0
0
0
0
0
0
0
0
0
0
0
0
0
0
0
0
0
0
0
0
1
0
0
0
0
-1
0
0
1
0
0
0
0
0
-1
0
0
0
0
-1
-1
-2
0
1
1
2
2
2
0
0
0
0
0
-1
0
0
0
0
0
0
0
0
0
0
0
0
0
0
0
-1
0
-1
-1
-2
0
0
2
2
2
1
0
-1
0
0
0
1
1
0
1
0
0
0
0
0
1
0
0
0
0
0
0
1
0
0
0
0
-1
0
-1
0
0
0
0
0
0
0
0
0
0
0
0
0
0
0
0
0
1
0
1
1
0
1
0
0
0
0
0
1
0
1
0
0
0
1
0
0
-1
0
0
1
0
-1
0
0
0
0
-1
-1
1
0
0
1
0
0
1
0
0
0
-1
1
0
0
0
0
0
0
-1
0
0
0
0
0
0
0
0
0
0
0
0
0
0
0
0
0
0
0
0
-1
0
-1
0
-1
0
0
0
0
0
-1
0
-1
1
0
0
0
0
0
-1
0
-1
0
-1
0
0
0
0
-1
0
-1
0
1
0
0
0
0
0
0
1
0
0
0
0
0
0
-1
0
0
0
0
0
0
0
0
1
0
1
1
0
0
0
0
0
0
0
0
0
0
1
0
1
0
0
0
0
0
0
0
1
0
0
0
1
0
1
1
0
0
0
0
-1
0
0
1
0
0
0
0
0
0
0
0
0
0
0
0
0
-1
0
0
0
0
0
0
0
0
0
-1
0
1
0
0
0
0
0
0
0
-1
1
0
0
0
1
0
1
0
0
0
0
0
0
0
-1
0
1
0
0
0
1
0
0
0
0
-1
1
1
0
0
1
0
0
0
0
0
0
0
0
-1
0
0
0
0
1
0
0
0
0
0
0
-1
-1
1
0
0
1
0
0
-1
0
-1
1
0
1
0
0
0
0
1
-1
0
0
0
0
0
0
0
0
0
0
0
0
0
0
-1
0
0
0
0
1
0
0
0
0
0
0
0
0
-1
0
0
0
-1
0
0
1
0
-1
0
0
0
0
1
1
1
0
0
-1
0
0
-1
0
0
0
0
-1
0
0
0
0
0
0
1
0
0
0
0
0
1
0
0
0
0
0
0
0
-1
1
-1
0
-1
0
0
0
0
-1
0
0
0
0
0
0
0
0
0
1
0
0
0
0
0
0
0
0
0
0
0
0
0
0
-1
0
0
0
1
0
0
0
0
-1
0
-1
0
1
0
0
1
0
0
0
0
0
0
0
0
0
0
1
-1
0
-1
0
0
-1
0
0
0
0
-1
0
0
0
0
0
1
0
0
0
0
0
0
0
-1
0
0
0
0
0
0
-1
0
0
0
0
0
0
-1
0
-1
0
0
0
0
1
0
0
0
0
0
0
0
0
0
0
0
0
1
0
0
0
0
1
0
-1
0
1
0
0
0
0
0
0
0
-1
-1
0
0
0
1
0
-1
0
0
-1
0
0
0
-1
0
0
1
0
0
0
0
0
0
1
0
0
0
0
1
0
0
0
1
1
0
0
0
0
0
0
1
0
1
0
0
0
1
0
0
0
-1
1
1
0
-1
0
0
0
0
0
0
0
0
0
0
0
1
0
1
0
0
0
0
0
-1
0
1
0
0
-1
0
-1
0
0
-1
0
0
0
0
0
0
0
0
0
0
0
0
0
0
0
0
0
0
0
0
0
0
0
0
0
0
0
0
0
0
0
0
0
-1
0
0
0
0
0
0
0
-1
0
0
0
0
0
0
0
0
0
0
0
0
0
0
0
0
0
0
0
0
0
0
1
-1
0
0
0
0
0
0
0
1
0
0
0
0
0
-1
0
0
0
0
0
0
0
0
0
0
-1
-1
-1
-1
0
-1
0
0
0
0
0
0
-1
-1
0
-1
0
0
0
-1
0
0
0
0
0
0
0
1
0
0
0
0
0
0
0
0
0
0
1
1
0
0
0
0
0
0
0
0
0
0
0
1
0
0
0
0
0
1
1
0
0
0
0
0
-1
0
0
0
0
0
0
1
0
0
1
0
0
0
1
0
0
1
0
1
1
0
0
0
0
0
0
0
0
0
0
1
0
1
1
-1
0
0
0
0
0
0
0
0
0
0
0
1
0
0
1
0
0
0
1
0
0
0
-1
0
0
0
0
0
0
0
0
0
0
1
0
0
0
-1
-1
0
0
0
0
0
0
0
0
0
0
-1
0
1
0
0
0
0
0
0
0
-1
0
1
0
0
0
0
-1
0
-1
-1
0
0
0
0
1
0
0
0
0
0
0
0
0
1
1
0
1
-1
0
0
0
0
0
0
0
0
0
0
0
0
0
0
0
0
0
0
0
0
0
0
0
0
0
0
0
0
-1
1
0
1
0
0
1
0
0
0
0
0
1
-1
0
0
0
0
0
1
0
0
-1
0
0
0
0
1
0
0
1
-1
-1
0
0
0
0
0
0
0
0
0
0
0
-1
0
0
0
1
0
0
0
0
1
0
-1
-1
0
0
0
-1
0
0
0
0
0
-1
0
0
0
0
-1
0
0
0
0
0
0
0
0
0
0
0
0
0
0
-1
0
0
0
0
0
0
0
0
0
1
0
-1
0
0
0
0
0
0
0
0
0
0
0
0
0
0
0
0
0
0
0
-1
0
0
0
0
0
0
0
0
0
0
0
0
0
1
0
0
0
0
0
0
0
1
0
0
0
1
1
0
0
0
-1
1
1
0
0
0
0
0
0
0
1
0
0
0
1
0
0
0
0
0
-1
0
0
0
0
0
0
0
0
0
0
-1
-1
-1
0
0
0
0
-1
0
0
0
0
0
0
0
0
0
1
0
1
0
0
0
0
0
0
1
-1
0
1
-1
0
0
0
0
0
0
0
-1
0
0
0
-1
0
-1
0
0
0
0
0
-1
0
0
0
0
0
0
-1
0
0
0
0
0
0
0
0
-1
-1
0
0
0
0
0
1
0
0
0
0
0
-1
0
0
0
0
0
0
0
0
0
1
0
1
0
0
1
-1
1
0
0
0
-1
-1
0
0
0
-1
0
-1
0
0
0
-1
0
0
0
0
1
0
0
0
0
0
0
1
0
1
0
0
0
0
0
0
1
0
0
0
1
1
0
0
0
0
0
0
0
0
-1
1
0
0
0
0
0
0
0
1
0
0
-1
0
0
0
-1
-1
0
0
1
0
-1
0
0
0
0
0
0
-1
-1
0
0
-1
1
0
1
0
0
0
0
0
0
1
0
0
0
-1
0
0
0
0
0
1
-1
0
0
0
0
0
0
0
0
0
1
0
0
0
0
0
0
-1
0
0
-1
0
0
-1
0
0
0
0
0
0
0
0
1
0
0
-1
1
0
0
-1
-1
0
0
0
1
-1
0
0
0
-1
1
0
0
0
1
-1
0
0
0
0
0
0
0
0
0
0
0
-1
0
0
0
0
0
0
0
0
0
0
1
-1
0
0
-1
1
0
0
0
0
0
0
0
0
0
0
0
0
0
0
-1
0
0
0
0
0
0
0
-1
0
0
0
-1
0
0
-1
-1
0
0
0
0
0
1
1
-1
0
-1
0
0
0
0
0
0
0
0
1
0
0
0
0
-1
1
0
0
1
0
0
0
0
0
1
1
0
0
0
0
0
-1
0
-1
1
0
1
0
0
1
0
0
1
0
0
0
1
-1
-1
1
0
0
0
-1
0
0
1
0
0
0
0
0
0
-1
0
0
0
-1
0
0
1
1
-1
0
0
0
0
0
0
0
0
0
-1
1
0
0
1
0
0
0
0
1
-1
0
0
0
0
-1
1
0
0
-1
0
0
0
0
0
-1
0
-1
1
0
0
1
0
0
0
0
0
0
0
0
-1
0
0
0
1
0
1
0
0
0
0
-1
0
0
1
1
0
0
0
-1
-1
0
0
0
-1
0
0
1
0
1
0
0
1
0
0
1
0
0
0
0
0
0
0
0
0
0
0
-1
1
0
0
0
0
0
0
0
0
0
0
-1
0
-1
0
0
0
0
0
-1
0
0
0
1
0
0
0
0
0
0
0
0
0
-1
1
1
-1
0
0
0
0
0
0
0
0
0
0
0
0
0
-1
0
0
0
0
0
0
0
0
-1
0
0
0
0
-1
0
-1
0
0
0
0
0
-1
0
0
-1
0
0
0
1
0
0
0
0
0
0
1
0
0
0
0
0
1
0
0
0
1
1
0
0
0
0
0
0
0
0
1
1
1
0
0
-1
0
0
0
-1
-1
0
0
0
0
0
0
0
0
0
0
0
0
0
0
0
0
0
0
0
0
0
1
1
1
0
-1
0
0
0
0
0
0
1
-1
-1
0
0
0
0
0
1
0
-1
0
0
0
0
0
0
0
0
-1
0
0
0
0
1
0
0
0
0
0
-1
1
1
0
0
0
0
1
0
0
0
0
0
0
0
0
0
0
0
0
1
0
0
0
0
0
0
1
0
0
0
0
0
0
0
0
0
0
1
0
-1
0
0
0
0
-1
0
0
0
0
0
0
-1
0
0
-1
0
0
0
-1
1
0
0
0
0
0
0
0
0
0
0
0
0
0
-1
0
-1
0
0
0
0
0
0
0
0
0
1
0
0
0
0
0
0
0
0
0
0
0
1
0
0
0
0
0
0
0
0
0
-1
0
0
1
0
0
0
0
0
0
0
1
0
0
0
0
0
0
-1
0
1
0
0
0
0
0
0
0
0
-1
0
0
0
0
0
0
0
0
1
0
-1
0
1
0
0
-1
0
0
0
0
-1
0
0
0
0
1
0
0
0
0
0
0
0
0
-1
0
0
0
0
0
0
0
0
0
1
0
0
0
0
0
1
0
0
1
0
1
-1
0
0
0
0
0
0
0
0
-1
0
-1
-1
0
0
0
0
0
0
0
0
0
0
-1
0
-1
0
0
0
0
0
0
-1
0
0
0
0
0
0
0
0
0
0
0
0
0
0
0
0
0
1
1
0
-1
0
0
0
0
0
0
0
0
0
0
0
0
0
0
0
0
1
0
0
0
0
0
1
0
0
0
0
0
0
0
-1
-1
0
0
0
0
0
-1
-1
0
0
0
-1
1
0
0
-1
0
0
0
0
0
0
0
0
0
0
0
0
0
0
0
0
1
0
0
-1
0
0
0
0
0
0
1
0
0
-1
-1
0
0
0
0
-1
0
0
0
0
0
1
0
0
1
0
1
0
0
0
0
0
0
-1
0
0
0
0
0
0
1
0
0
0
0
0
0
-1
-1
0
-1
0
0
0
0
0
0
0
0
0
0
0
0
0
0
-1
0
0
0
0
1
0
0
0
0
0
0
0
0
0
0
-1
1
-1
0
0
0
0
0
0
0
0
1
0
1
0
0
0
1
-1
0
0
0
0
0
0
0
0
0
0
-1
0
0
0
0
1
1
0
1
0
0
0
0
0
0
0
0
0
0
-1
-1
-1
-1
0
0
0
0
0
-1
0
0
0
0
0
-1
0
-1
0
1
0
0
1
0
0
-1
0
-1
0
0
0
-1
0
1
-1
0
0
0
0
-1
0
1
0
-1
1
1
0
1
-1
0
0
1
0
0
-1
1
0
0
1
0
0
0
0
1
0
0
0
0
1
0
-1
0
-1
0
1
0
1
-1
0
1
0
0
0
0
0
-1
0
0
0
0
0
0
0
0
0
0
-1
0
1
0
1
0
-1
0
0
1
0
0
0
0
0
0
-1
0
-1
0
0
0
0
0
0
0
1
0
1
0
0
0
0
0
-1
0
0
0
0
0
-1
0
0
0
0
0
0
1
0
0
0
0
1
0
0
0
0
0
0
0
0
0
-1
0
1
0
0
0
0
0
0
0
0
0
0
0
0
0
0
0
-1
1
0
0
0
-1
0
0
0
1
0
0
0
-1
0
0
0
0
1
1
0
1
0
0
-1
0
-1
0
0
0
0
0
0
0
0
0
0
0
0
0
1
0
0
0
0
0
0
0
0
0
0
0
0
0
0
0
0
0
0
1
0
0
0
1
0
0
0
0
0
0
0
0
1
1
0
0
1
0
0
0
0
0
1
0
0
-1
1
0
-1
-1
0
0
0
0
0
1
0
1
0
0
0
1
0
-1
0
-1
0
0
-1
0
0
0
-1
0
0
0
0
0
0
0
0
1
-1
0
0
0
0
-1
0
0
0
0
0
1
0
0
0
0
0
0
0
0
1
1
0
0
0
0
0
0
0
0
0
1
0
-1
0
0
0
0
0
0
0
0
0
0
1
0
1
1
1
0
0
0
0
0
0
0
0
0
0
0
0
-1
0
0
0
-1
0
-1
0
0
0
0
0
0
0
-1
1
0
1
0
0
0
0
1
1
0
-1
0
1
-1
0
0
0
0
0
0
0
0
0
0
0
0
0
1
-1
0
0
0
0
0
0
0
-1
0
-1
0
0
0
0
0
-1
0
1
0
0
0
1
0
0
0
0
0
0
0
0
0
0
0
0
0
0
1
0
1
0
-1
-1
-1
0
0
0
0
0
0
0
-1
0
0
1
-1
0
1
0
0
0
0
0
0
0
-1
0
0
0
0
0
0
0
0
0
0
0
0
0
0
0
0
0
0
0
0
0
0
1
0
1
0
0
0
1
0
0
-1
1
0
-1
0
0
-1
0
0
0
0
-1
0
0
0
0
1
0
0
0
1
0
0
1
-1
0
0
0
0
0
0
-1
0
1
0
0
0
1
-1
0
0
0
-1
0
0
0
-1
0
1
0
-1
0
0
-1
-1
0
0
0
0
-1
-1
-1
0
0
0
0
0
0
0
0
0
1
0
-1
0
1
0
1
0
0
0
-1
0
0
0
0
0
0
-1
1
0
0
0
0
1
0
0
0
-1
0
1
0
0
0
0
0
0
0
0
0
0
-1
1
-1
0
1
0
0
0
0
0
0
0
0
0
0
0
0
0
0
0
1
0
0
0
0
-1
1
0
0
0
0
0
0
0
0
0
0
0
0
-1
0
0
0
-1
0
0
1
1
0
0
0
0
-1
0
1
0
-1
0
0
0
0
-1
0
0
0
0
0
-1
-1
0
0
0
0
1
0
0
0
0
-1
0
0
0
0
0
0
0
0
1
0
-1
0
0
-1
0
0
0
0
0
0
0
0
0
0
0
1
0
0
0
0
-1
-1
0
-1
0
0
0
-1
0
0
0
0
1
1
-1
0
0
-1
-1
0
0
-1
0
0
-1
0
0
-1
1
-1
0
0
-1
0
0
0
0
0
0
0
1
0
0
-1
1
1
0
0
0
0
0
0
0
0
0
1
0
0
0
0
0
0
-1
0
0
-1
0
0
1
0
0
1
0
0
0
1
0
0
0
0
0
0
1
-1
0
0
0
1
0
-1
0
0
0
0
0
-1
0
0
0
0
1
0
0
1
0
0
0
1
0
0
0
0
0
1
0
0
0
0
0
0
0
1
0
0
0
0
-1
0
0
-1
-1
0
-1
0
0
0
1
1
0
0
0
-1
1
0
0
0
0
1
0
1
0
0
1
1
0
0
0
0
0
-1
0
0
0
-1
0
0
1
0
0
0
0
1
0
1
0
0
0
0
-1
0
0
0
0
0
-1
0
0
0
1
1
0
0
-1
0
0
1
0
0
-1
1
0
0
0
0
-1
0
0
0
0
0
0
0
0
0
0
0
1
0
0
0
-1
0
1
0
0
1
-1
0
-1
-1
0
0
0
0
0
0
0
0
-1
0
-1
1
0
1
1
0
0
0
0
0
0
0
0
0
0
0
0
0
0
1
0
-1
0
0
0
0
0
0
-1
0
0
-1
0
0
0
0
0
0
0
1
1
0
0
0
0
0
0
0
-1
0
0
0
0
0
0
-1
-1
0
0
0
0
0
1
0
1
-1
0
0
-1
0
0
0
1
0
0
0
0
0
0
0
1
0
1
0
0
0
-1
-1
0
0
0
0
1
0
-1
0
0
0
0
1
0
-1
0
0
0
0
0
1
0
0
0
0
0
0
0
0
0
0
1
0
0
0
0
0
0
0
0
0
0
0
0
0
-1
-1
0
0
0
0
0
0
-1
0
0
-1
0
0
0
0
0
0
0
0
0
0
0
0
0
0
0
0
0
-1
0
0
1
0
0
-1
1
0
0
0
0
0
0
0
0
0
0
-1
1
0
0
-1
0
0
0
1
0
-1
0
0
0
0
0
0
0
1
-1
0
-1
0
-1
-1
0
0
0
1
0
0
0
0
0
1
0
-1
-1
0
0
0
0
0
0
0
-1
0
-1
0
1
0
0
0
0
1
0
0
0
0
0
-1
-1
0
0
0
0
-1
0
1
0
1
0
0
0
0
-1
0
0
0
-1
0
0
0
0
0
0
0
0
-1
0
0
0
1
0
1
0
-1
0
1
0
0
-1
0
0
0
0
0
0
1
0
1
0
0
0
0
0
1
0
1
0
0
0
1
0
0
0
0
0
-1
0
0
0
0
0
0
0
0
0
-1
0
0
0
0
0
0
0
0
0
0
1
0
1
0
0
1
0
0
1
0
0
1
0
0
1
0
0
0
0
0
0
0
0
0
0
0
1
0
0
-1
0
0
-1
0
-1
0
0
1
1
0
0
0
-1
0
0
0
0
0
0
1
0
0
-1
0
0
0
0
-1
0
1
0
0
0
0
0
-1
0
0
0
0
0
0
0
1
0
0
0
0
0
-1
0
0
0
0
0
1
0
0
0
0
0
0
0
1
0
-1
0
-1
1
0
0
0
0
-1
0
-1
0
0
0
0
-1
1
0
0
0
1
0
-1
0
1
1
0
-1
0
0
0
0
0
0
0
0
-1
0
0
0
0
1
-1
0
0
-1
0
0
0
0
0
1
1
0
0
0
-1
-1
0
0
0
1
0
0
0
0
0
0
1
0
0
-1
0
0
1
0
0
0
0
0
1
0
0
-1
0
0
0
0
0
0
0
0
1
0
0
0
0
0
0
0
0
1
0
0
0
0
0
0
-1
0
0
0
0
1
0
0
1
0
0
0
1
-1
0
-1
0
0
0
1
0
0
0
0
0
0
1
0
0
0
0
0
0
0
0
0
-1
0
0
0
1
0
0
0
1
0
0
0
0
0
0
0
0
0
0
1
0
1
0
-1
0
0
-1
0
0
0
-1
0
0
0
-1
0
-1
1
-1
1
0
0
0
0
0
1
0
1
0
0
0
0
0
0
0
0
0
0
0
1
0
0
-1
0
0
0
0
0
0
0
0
0
0
-1
0
0
1
0
0
-1
0
0
0
0
0
0
0
0
-1
0
1
0
0
0
0
1
0
0
0
0
0
-1
0
0
-1
0
0
0
0
0
0
0
0
0
0
0
1
1
1
1
0
0
-1
1
0
0
0
0
0
0
0
0
0
0
0
0
1
0
0
1
0
1
0
0
1
0
0
0
0
1
0
0
-1
0
0
1
1
0
0
-1
0
-1
-1
0
0
0
1
1
0
-1
0
1
0
0
0
0
1
0
1
-1
0
1
0
0
0
-1
0
0
0
1
0
-1
0
-1
-1
0
0
1
0
0
0
1
1
0
0
1
1
-1
0
-1
0
0
0
1
0
0
0
0
-1
0
0
-1
0
0
-1
-1
1
0
0
0
0
-1
0
1
0
0
0
-1
1
0
1
0
1
-1
0
0
0
-1
0
0
0
0
0
0
0
0
0
0
0
0
0
0
0
0
0
1
0
0
0
0
1
0
0
0
0
0
0
0
0
0
0
0
0
0
0
0
0
0
0
0
0
1
0
0
0
0
-1
0
0
1
0
0
0
0
0
-1
0
0
0
0
0
0
-1
0
0
-1
0
0
0
-1
0
0
0
0
-1
0
0
0
0
0
0
0
0
0
0
0
0
0
0
0
-1
0
0
0
-1
0
-1
0
-1
0
0
0
0
1
0
0
0
0
-1
1
0
0
0
0
0
1
0
0
0
0
0
0
1
0
0
0
0
-1
0
-1
0
0
0
0
0
0
0
0
0
0
0
0
0
0
0
0
0
1
0
1
1
0
1
0
0
0
0
0
1
0
1
0
0
0
1
0
0
-1
0
0
1
0
-1
0
0
0
0
-1
-1
1
0
0
1
0
0
1
0
0
0
-1
1
0
0
0
0
0
0
-1
0
0
0
0
0
0
0
0
0
0
0
0
0
0
0
0
0
0
0
0
-1
0
-1
0
-1
0
0
0
0
0
-1
0
-1
1
0
0
0
0
0
-1
0
-1
0
-1
0
0
0
0
-1
0
-1
0
1
0
0
0
0
0
0
1
0
0
0
0
0
0
-1
0
0
0
0
0
0
0
0
1
0
1
1
0
0
0
0
0
0
0
0
0
0
1
0
1
0
0
0
0
0
0
0
1
0
0
0
1
0
1
1
0
0
0
0
-1
0
0
1
0
0
0
0
0
0
0
0
0
0
0
0
0
-1
0
0
0
0
0
0
0
0
0
-1
0
1
0
0
0
0
0
0
0
-1
1
0
0
0
1
0
1
0
0
0
0
0
0
0
-1
0
1
0
0
0
1
0
0
0
0
-1
1
1
0
0
1
0
0
0
0
0
0
0
0
-1
0
0
0
0
1
0
0
0
0
0
0
-1
-1
1
0
0
1
0
0
-1
0
-1
1
0
1
0
0
0
0
1
-1
0
0
0
0
0
0
0
0
0
0
0
0
0
0
-1
0
0
0
0
1
0
0
0
0
0
0
0
0
-1
0
0
0
-1
0
0
1
0
-1
0
0
0
0
1
1
1
0
0
-1
0
0
-1
0
0
0
0
-1
0
0
0
0
0
0
1
0
0
0
0
0
1
0
0
0
0
0
0
0
-1
1
-1
0
-1
0
0
0
0
-1
0
0
0
0
0
0
0
0
0
1
0
0
0
0
0
0
0
0
0
0
0
0
0
0
-1
0
0
0
1
0
0
0
0
-1
0
-1
0
1
0
0
1
0
0
0
0
0
0
0
0
0
0
1
-1
0
-1
0
0
-1
0
0
0
0
-1
0
0
0
0
0
1
0
0
0
0
0
0
0
-1
0
0
0
0
0
0
-1
0
0
0
0
0
0
-1
0
-1
0
0
0
0
1
0
0
0
0
0
0
0
0
0
0
0
0
1
0
0
0
0
1
0
-1
0
1
0
0
0
0
0
0
0
-1
-1
0
0
0
1
0
-1
0
0
-1
0
0
0
-1
0
0
1
0
0
0
0
0
0
1
0
0
0
0
1
0
0
0
1
1
0
0
0
0
0
0
1
0
1
0
0
0
1
0
0
0
-1
1
1
0
-1
0
0
0
0
0
0
0
0
0
0
0
1
0
1
0
0
0
0
0
-1
0
1
0
0
-1
0
-1
0
0
-1
0
0
0
0
0
0
0
0
0
0
0
0
0
0
0
0
0
0
0
0
0
0
0
0
0
0
0
0
0
0
0
0
0
-1
0
0
0
0
0
0
0
-1
0
0
0
0
0
0
0
0
0
0
0
0
0
0
0
0
0
0
0
0
0
0
1
-1
0
0
0
0
0
0
0
1
0
0
0
0
0
-1
0
0
0
0
0
0
0
0
0
0
-1
-1
-1
-1
0
-1
0
0
0
0
0
0
-1
-1
0
-1
0
0
0
-1
0
0
0
0
0
0
0
1
0
0
0
0
0
0
0
0
0
0
1
1
0
0
0
0
0
0
0
0
0
0
0
1
0
0
0
0
0
1
1
0
0
0
0
0
-1
0
0
0
0
0
0
1
0
0
1
0
0
0
1
0
0
1
0
1
1
0
0
0
0
0
0
0
0
0
0
1
0
1
1
-1
0
0
0
0
0
0
0
0
0
0
0
1
0
0
1
0
0
0
1
0
0
0
-1
0
0
0
0
0
0
0
0
0
0
1
0
0
0
-1
-1
0
0
0
0
0
0
0
0
0
0
-1
0
1
0
0
0
0
0
0
0
-1
0
1
0
0
0
0
-1
0
-1
-1
0
0
0
0
1
0
0
0
0
0
0
0
0
1
1
0
1
-1
0
0
0
0
0
0
0
0
0
0
0
0
0
0
0
0
0
0
0
0
0
0
0
0
0
0
0
0
-1
1
0
1
0
0
1
0
0
0
0
0
1
-1
0
0
0
0
0
1
0
0
-1
0
0
0
0
1
0
0
1
-1
-1
0
0
0
0
0
0
0
0
0
0
0
-1
0
0
0
1
0
0
0
0
1
0
-1
-1
0
0
0
-1
0
0
0
0
0
-1
0
0
0
0
-1
0
0
0
0
0
0
0
0
0
0
0
0
0
0
-1
0
0
0
0
0
0
0
0
0
1
0
-1
0
0
0
0
0
0
0
0
0
0
0
0
0
0
0
0
0
0
0
-1
0
0
0
0
0
0
0
0
0
0
0
0
0
1
0
0
0
0
0
0
0
1
0
0
0
1
1
0
0
0
-1
1
1
0
0
0
0
0
0
0
1
0
0
0
1
0
0
0
0
0
-1
0
0
0
0
0
0
0
0
0
0
-1
-1
-1
0
0
0
0
-1
0
0
0
0
0
0
0
0
0
1
0
1
0
0
0
0
0
0
1
-1
0
1
-1
0
0
0
0
0
0
0
-1
0
0
0
-1
0
-1
0
0
0
0
0
-1
0
0
0
0
0
0
-1
0
0
0
0
0
0
0
0
-1
-1
0
0
0
0
0
1
0
0
0
0
0
-1
0
0
0
0
0
0
0
0
0
1
0
1
0
0
1
-1
1
0
0
0
-1
-1
0
0
0
-1
0
-1
0
0
0
-1
0
0
0
0
1
0
0
0
0
0
0
1
0
1
0
0
0
0
0
0
1
0
0
0
1
1
0
0
0
0
0
0
0
0
-1
1
0
0
0
0
0
0
0
1
0
0
-1
0
0
0
-1
-1
0
0
1
0
-1
0
0
0
0
0
0
-1
-1
0
0
-1
1
0
1
0
0
0
0
0
0
1
0
0
0
-1
0
0
0
0
0
1
-1
0
0
0
0
0
0
0
0
0
1
0
0
0
0
0
0
-1
0
0
-1
0
0
-1
0
0
0
0
0
0
0
0
1
0
0
-1
1
0
0
-1
-1
0
0
0
1
-1
0
0
0
-1
1
0
0
0
1
-1
0
0
0
0
0
0
0
0
0
0
0
-1
0
0
0
0
0
0
0
0
0
0
1
-1
0
0
-1
1
0
0
0
0
0
0
0
0
0
0
0
0
0
0
-1
0
0
0
0
0
0
0
-1
0
0
0
-1
0
0
-1
-1
0
0
0
0
0
1
1
-1
0
-1
0
0
0
0
0
0
0
0
1
0
0
0
0
-1
1
0
0
1
0
0
0
0
0
1
1
0
0
0
0
0
-1
0
-1
1
0
1
0
0
1
0
0
1
0
0
0
1
-1
-1
1
0
0
0
-1
0
0
1
0
0
0
0
0
0
-1
0
0
0
-1
0
0
1
1
-1
0
0
0
0
0
0
0
0
0
-1
1
0
0
1
0
0
0
0
1
-1
0
0
0
0
-1
1
0
0
-1
0
0
0
0
0
-1
0
-1
1
0
0
1
0
0
0
0
0
0
0
0
-1
0
0
0
1
0
1
0
0
0
0
-1
0
0
1
1
0
0
0
-1
-1
0
0
0
-1
0
0
1
0
1
0
0
1
0
0
1
0
0
0
0
0
0
0
0
0
0
0
-1
1
0
0
0
0
0
0
0
0
0
0
-1
0
-1
0
0
0
0
0
-1
0
0
0
1
0
0
0
0
0
0
0
0
0
-1
1
1
-1
0
0
0
0
0
0
0
0
0
0
0
0
0
-1
0
0
0
0
0
0
0
0
-2
-1
-1
0
1
1
2
1
2
1
0
0
0
0
0
0
-1
-1
-1
0
1
1
1
1
1
-1
-1
0
-1
-1
-1
-1
-2
-1
-2
0
1
3
4
3
2
1
0
0
1
2
3
4
4
3
2
2
0
0
-2
-5
-7
-6
-5
-3
-3
-3
-2
-1
1
3
3
0
-3
-4
-3
2
9
13
15
13
8
4
1
0
-3
-5
-8
-8
-5
-3
-2
-3
-8
-13
-14
-15
-11
-5
-1
4
9
14
19
21
18
15
9
3
-1
-2
-1
-1
-3
-8
-12
-15
-14
-11
-4
4
17
31
43
50
48
37
15
-11
-31
-43
-44
-37
-29
-21
-14
-9
-4
-1
0
-2
-8
-14
-16
-10
6
24
41
49
44
27
5
-15
-30
-34
-29
-21
-15
-13
-16
-19
-22
-22
-20
-18
-15
-6
11
36
63
83
89
75
42
0
-37
-60
-61
-41
-13
13
26
23
6
-18
-32
-35
-19
10
44
70
82
76
49
8
-42
-89
-118
-117
-83
-22
41
89
106
91
55
12
-27
-54
-71
-77
-72
-59
-35
-9
14
28
28
16
-2
-19
-26
-18
9
47
88
118
124
100
51
-10
-64
-97
-103
-83
-50
-15
11
26
28
18
-2
-28
-53
-63
-48
0
72
144
186
180
122
34
-55
-121
-149
-142
-118
-90
-68
-51
-36
-21
-5
7
16
27
44
69
95
112
107
74
21
-37
-85
-112
-111
-89
-53
-13
21
48
63
69
62
45
19
-6
-24
-25
-5
30
64
82
71
31
-26
-78
-108
-104
-68
-10
55
110
139
137
103
40
-36
-106
-153
-164
-137
-84
-21
35
67
75
53
16
-30
-70
-87
-73
-29
28
79
103
93
51
-6
-57
-86
-82
-48
6
63
107
128
120
87
33
-27
-86
-128
-142
-125
-79
-15
49
97
120
111
78
31
-17
-56
-79
-82
-67
-35
4
40
64
72
62
42
15
-9
-31
-49
-59
-60
-54
-41
-25
-7
11
29
42
44
30
3
-30
-56
-64
-52
-25
4
22
28
23
14
6
6
8
14
20
27
34
42
47
46
36
18
-6
-31
-51
-60
-54
-32
1
33
57
68
69
59
45
25
0
-33
-67
-93
-101
-88
-56
-17
16
34
36
27
15
7
3
4
7
9
13
21
32
40
42
34
18
-1
-20
-35
-46
-51
-52
-48
-37
-21
-2
18
34
42
41
33
22
10
-2
-13
-21
-27
-28
-29
-27
-26
-23
-16
-4
13
33
48
57
57
53
46
39
29
15
-5
-31
-57
-76
-85
-81
-66
-48
-28
-10
5
17
28
37
43
44
40
31
21
10
1
-7
-14
-16
-17
-12
-3
12
25
36
42
39
26
7
-15
-35
-49
-52
-47
-29
-8
18
38
51
50
38
16
-10
-33
-48
-56
-51
-40
-21
3
31
54
75
85
83
66
39
6
-30
-61
-82
-90
-80
-53
-15
26
60
82
86
74
50
15
-20
-51
-74
-87
-90
-84
-72
-53
-35
-17
-2
13
27
43
57
66
68
60
43
22
0
-17
-25
-22
-10
9
26
37
37
24
4
-18
-41
-57
-67
-67
-60
-44
-25
-2
23
54
83
101
108
97
69
34
-4
-35
-57
-72
-80
-76
-65
-46
-17
11
38
52
50
35
17
-1
-7
-11
-12
-11
-14
-16
-15
-14
-10
-10
-13
-18
-26
-30
-29
-19
0
18
35
46
49
47
35
20
3
-18
-34
-42
-40
-26
-5
21
45
60
65
59
46
29
11
-8
-24
-40
-50
-53
-52
-42
-31
-17
-2
12
25
34
39
39
32
21
6
-12
-28
-38
-38
-28
-9
14
36
49
48
35
12
-11
-26
-30
-23
-14
-8
-10
-16
-23
-24
-17
-1
17
34
39
32
12
-13
-37
-51
-54
-44
-25
-2
21
39
53
59
57
46
28
4
-20
-41
-55
-55
-46
-32
-17
-5
2
5
5
7
9
11
10
6
-3
-15
-25
-29
-26
-11
7
27
43
49
48
37
21
7
-5
-11
-11
-9
-4
0
4
7
13
15
15
14
8
2
-3
-4
-3
2
8
12
14
13
10
6
-1
-8
-16
-22
-24
-20
-12
-6
-4
-6
-12
-18
-19
-16
-11
-5
-1
1
2
5
11
19
27
33
33
28
15
-1
-19
-36
-50
-58
-58
-50
-35
-17
1
18
34
46
53
53
46
29
8
-13
-28
-35
-29
-16
4
23
42
50
49
42
27
6
-16
-34
-45
-45
-37
-21
-5
10
20
22
14
2
-8
-16
-18
-16
-10
-2
6
12
12
9
1
-8
-15
-19
-16
-11
-4
2
1
2
0
-3
-3
-2
3
10
15
18
18
17
13
6
-2
-11
-19
-23
-22
-19
-16
-14
-13
-8
1
14
26
35
37
32
22
11
1
-5
-5
-5
-7
-9
-11
-10
-7
-3
1
5
10
11
13
12
10
7
6
4
1
-3
-6
-8
-8
-6
-3
0
1
-1
-2
-5
-5
-2
4
7
8
5
-1
-6
-7
-7
-4
-2
4
8
13
13
8
-1
-14
-23
-29
-28
-23
-13
-3
1
4
4
2
0
0
1
4
7
9
9
5
0
-8
-15
-21
-19
-14
-8
-2
3
7
13
18
24
25
23
17
9
-1
-9
-16
-18
-17
-13
-6
5
17
27
34
35
30
21
9
-1
-7
-10
-10
-10
-11
-13
-15
-13
-10
-1
8
17
22
21
15
4
-7
-15
-21
-24
-23
-18
-7
4
14
16
14
7
-2
-10
-15
-16
-16
-13
-9
-5
0
4
5
2
-4
-11
-15
-14
-8
-1
5
6
3
0
0
2
8
12
14
13
12
10
11
11
11
6
0
-7
-11
-13
-10
-7
1
5
5
5
3
0
-1
-2
0
2
5
9
10
8
4
0
-4
-6
-5
1
6
12
17
15
12
6
-1
-7
-12
-16
-19
-17
-11
-7
-2
1
4
3
3
1
-2
-5
-4
-3
-2
-2
-2
-3
-7
-10
-9
-8
-5
0
6
10
12
11
8
5
3
2
1
0
0
1
4
6
7
6
5
0
-3
-4
-5
-8
-8
-9
-6
-2
2
6
9
10
9
8
7
6
8
6
4
-1
-6
-10
-12
-8
-2
1
4
3
0
-1
-1
-1
-2
-1
-1
0
0
0
-2
0
-1
0
1
-3
-6
-8
-9
-7
-3
1
4
6
6
4
1
-1
-3
-4
-3
-3
-3
-2
0
3
9
10
9
6
2
0
0
1
2
1
-1
-2
-2
-2
2
4
6
5
4
1
1
1
2
4
5
5
2
0
-1
-1
-1
1
2
0
-3
-6
-7
-7
-5
-2
0
-1
-1
-2
-2
0
2
3
1
0
-1
-1
-2
-1
-3
-4
-6
-6
-6
-5
-2
2
3
3
5
5
4
4
3
2
1
1
2
2
-1
-2
-4
-3
0
0
0
-2
-5
-6
-4
0
2
3
2
0
-2
0
3
5
5
6
4
-1
-2
-4
-6
-4
-2
0
0
3
5
6
9
7
4
3
-1
-1
0
0
2
1
0
-3
-5
-5
-3
0
2
3
2
3
2
-1
-2
-4
-4
-4
-3
-2
-2
-2
-1
-2
-1
0
0
0
-1
-2
-1
0
-1
0
0
0
-3
-3
-3
-2
-1
1
4
3
4
3
3
3
1
1
-2
-1
-1
-1
-1
-1
0
5
10
14
14
12
8
5
3
1
2
3
1
-1
-3
-5
-3
-1
1
-1
-4
-6
-5
-1
5
8
8
5
2
-1
-4
-6
-7
-9
-8
-6
-3
-3
0
0
-1
-1
-1
-2
-1
-1
0
2
1
-1
-2
-2
-2
-1
-3
-3
-2
2
7
7
7
3
1
2
1
0
1
2
4
5
4
5
5
5
4
5
4
5
5
5
4
2
0
-3
-1
-1
1
3
5
5
5
3
0
-3
-4
-5
-3
-3
-2
-1
-2
-3
-3
-3
-1
1
2
0
-2
-5
-3
-4
-4
-3
-3
-4
-5
-6
-6
-4
-2
1
1
1
0
-1
-2
0
1
2
3
0
0
-1
-3
-2
1
3
6
6
6
5
2
0
-1
-1
0
1
3
3
4
3
3
1
2
1
1
2
3
3
3
2
1
1
1
2
4
5
5
6
6
3
1
1
0
0
0
1
2
2
3
3
1
1
0
-1
-2
-3
-3
-3
-3
-3
-6
-7
-7
-5
-2
1
1
-1
-2
-2
-1
-1
-2
-5
-9
-10
-9
-7
-4
-1
1
2
-1
1
0
5
7
7
5
2
1
2
3
3
4
4
4
3
4
5
4
6
5
4
2
-1
-2
-1
0
0
1
2
0
-1
0
0
2
3
5
3
2
1
1
2
2
2
2
-1
-3
-5
-5
-3
-1
1
1
0
-2
-4
-6
-6
-4
-2
-1
0
-1
-1
-2
-1
0
2
2
1
-1
-1
-3
-3
-2
-1
0
0
2
2
1
3
4
4
5
4
3
2
1
0
0
0
1
1
1
1
0
0
-2
-1
0
3
5
6
5
6
3
1
0
0
2
4
4
5
4
3
1
2
0
0
0
0
0
-1
0
-1
-2
0
0
0
0
0
-2
-4
-5
-9
-10
-12
-11
-13
-13
-11
-9
-6
-3
-2
-1
-1
-2
-3
-1
-1
0
2
3
2
0
0
1
2
4
4
5
4
4
6
5
4
3
1
1
0
2
5
8
9
7
4
3
4
6
9
10
10
8
2
-1
-4
-3
0
3
4
4
3
2
2
4
5
5
4
3
1
-1
-3
-5
-5
-5
-5
-4
-5
-4
-4
-4
-2
-1
-3
-5
-7
-7
-6
-4
-3
-1
-2
-3
-7
-8
-11
-10
-7
-4
-2
0
-1
0
-1
-1
-1
1
2
4
5
6
6
4
4
2
0
-1
0
0
2
3
5
5
6
7
7
8
8
8
6
5
3
3
5
5
6
4
3
4
3
5
6
5
4
3
1
0
1
-1
-2
-4
-6
-6
-4
-2
-1
-1
-1
0
2
1
-1
-7
-11
-14
-15
-12
-10
-6
-4
-1
1
1
1
1
0
0
-1
-2
-4
-6
-6
-3
-3
0
2
6
7
6
5
2
0
-1
-2
-2
0
1
3
4
5
5
4
3
2
0
-2
-2
-3
0
2
5
7
7
7
5
3
1
0
2
2
4
5
5
5
5
5
6
4
4
4
2
2
-1
-4
-4
-4
-5
-3
-5
-5
-5
-4
-2
-2
2
0
-2
-6
-8
-11
-13
-11
-9
-9
-10
-11
-9
-5
0
4
4
1
-3
-8
-12
-12
-11
-7
0
7
9
11
10
8
8
7
5
4
4
5
7
8
9
9
8
6
7
6
6
8
8
9
8
6
3
1
1
0
2
3
7
8
10
7
5
2
0
-2
-3
-4
-5
-6
-4
-4
-2
-2
-1
-1
-1
-2
-2
-6
-7
-9
-9
-8
-7
-5
-4
-3
-4
-6
-7
-7
-7
-6
-5
-3
-2
-3
-3
-3
-5
-6
-5
-6
-5
-4
-1
-1
1
1
2
2
2
4
2
3
4
4
4
4
4
4
6
6
6
5
5
5
5
4
3
5
7
13
19
21
20
16
11
3
-1
-3
-3
-2
-1
0
1
2
4
7
8
8
4
-3
-8
-12
-12
-7
-4
-1
-2
-2
-2
0
-1
0
-3
-5
-10
-11
-12
-13
-10
-6
-2
2
2
3
2
0
-2
-5
-6
-8
-8
-8
-6
-4
-2
2
1
2
1
3
5
6
7
7
8
7
6
2
-3
-9
-10
-7
-2
1
4
6
9
12
15
14
12
8
4
0
-3
-3
-2
-2
0
1
2
4
3
4
5
4
4
1
1
0
-2
-1
0
1
2
2
1
0
-2
-4
-6
-7
-6
-3
0
2
0
-3
-6
-5
-6
-6
-6
-7
-8
-8
-5
-2
1
1
-1
-4
-4
-4
-2
1
-1
-1
-3
-3
-1
-1
2
5
9
14
14
14
8
5
1
2
5
7
9
9
9
7
5
6
6
6
7
5
2
-1
-1
1
1
2
2
1
-1
-2
2
4
9
11
8
4
0
-5
-7
-10
-12
-11
-11
-10
-7
-5
-3
0
1
1
-1
-3
-5
-6
-8
-11
-10
-6
-2
-1
0
-3
-3
-3
-1
0
-2
-3
-2
0
1
3
4
2
3
2
1
0
2
1
0
0
-1
-2
0
3
4
7
8
7
8
6
5
3
2
-1
0
2
4
4
3
1
0
1
3
2
0
-2
-3
-1
1
2
2
0
-2
-3
-3
-1
0
1
2
1
1
-2
-3
-4
-3
-1
0
2
3
3
2
1
0
0
-1
-2
-3
-4
-4
-4
-2
0
0
1
0
1
0
3
2
2
-2
-4
-5
-5
-3
-1
3
5
6
6
5
4
2
3
2
0
-1
-1
-1
-1
0
1
1
2
1
2
1
0
-1
0
0
-2
-3
-3
-2
1
3
3
4
3
2
1
-1
-3
-5
-5
-6
-5
-5
-4
-3
-2
0
3
3
4
4
2
-1
-1
-3
-4
-2
-1
0
2
1
0
-1
-2
-2
-1
0
0
1
1
2
3
5
4
5
4
2
1
0
1
2
3
3
4
3
3
3
3
4
4
4
5
3
3
2
1
3
2
2
2
1
0
1
-1
0
-1
-1
-1
0
-2
-1
-3
-1
-2
-1
-2
-3
-3
-3
-3
-3
-4
-4
-2
-3
-4
-2
-2
-1
0
0
0
0
-1
1
0
0
-1
-1
-1
-2
-2
-1
0
2
3
4
5
4
3
2
1
1
0
0
-1
-1
0
1
3
5
5
5
5
3
2
0
1
1
2
3
4
3
4
2
2
0
0
-1
-2
-2
-3
-1
-1
1
0
1
0
0
-2
-4
-3
-5
-4
-3
-4
-4
-3
-2
-1
0
2
1
1
1
1
1
1
1
3
3
2
2
0
-1
-1
-2
-1
-1
0
0
0
1
2
3
4
4
3
2
1
1
2
1
3
2
2
2
1
0
0
1
2
3
3
4
4
3
4
3
2
1
1
0
-1
0
0
2
1
1
0
-1
-2
-2
-3
-3
-3
-3
-2
-2
-2
-2
0
1
1
1
1
0
-1
-2
-4
-6
-6
-6
-7
-6
-6
-5
-4
-2
-1
-2
1
1
1
2
4
4
6
5
5
3
2
1
0
-1
-2
0
2
2
4
6
7
8
7
6
5
1
1
1
0
1
3
3
4
4
3
2
2
2
2
0
1
0
-1
-1
1
0
2
2
2
2
1
-1
-3
-2
-3
-4
-3
-4
-4
-4
-3
-3
0
0
1
1
1
0
-1
0
-3
-2
-1
-1
0
1
1
2
1
1
1
1
0
0
-1
-2
-1
-1
0
1
3
3
3
3
2
1
1
1
0
-1
0
-1
-1
-2
-1
-1
1
0
-1
1
1
1
1
1
1
1
0
0
-1
0
0
-1
0
-1
0
1
0
3
3
4
4
4
3
3
2
1
1
0
0
1
0
-1
-1
-1
-1
-1
-2
-3
-2
-5
-4
-6
-5
-5
-4
-3
-3
-2
0
1
2
3
3
3
2
2
1
-1
-2
-3
-3
-2
-1
1
2
3
3
3
3
2
1
0
1
2
2
4
4
3
3
2
-1
-1
-2
-1
0
0
1
4
4
4
4
4
2
1
-1
-3
-4
-5
-4
-5
-3
-2
2
3
2
3
1
-2
-3
-5
-4
-3
-1
1
1
2
1
1
0
0
0
0
-1
-4
-3
-4
-3
-2
0
1
0
1
1
1
1
1
1
-1
0
0
0
-2
-3
-4
-3
-3
-1
0
1
1
1
2
4
4
4
2
0
0
0
1
1
1
1
0
-2
-1
1
1
2
4
4
3
2
2
1
2
3
4
4
5
3
2
2
1
-1
-1
-2
-3
-4
-2
-1
1
0
1
0
-2
-3
-3
-2
-2
-1
-1
0
1
0
-1
-3
-3
-2
-2
0
0
-1
-2
-2
-1
0
3
3
3
3
3
0
0
1
1
4
4
2
-1
0
0
1
2
1
0
-2
-2
-1
0
1
3
2
4
3
2
3
2
3
2
2
2
0
-1
-2
-1
-1
1
0
-1
0
-1
-1
0
0
0
1
1
1
1
1
1
1
0
-1
-3
-4
-5
-5
-5
-4
-3
-3
-3
-3
-2
-1
0
0
0
1
1
1
0
0
0
1
2
2
2
0
-4
-3
-2
0
1
2
1
0
0
1
2
3
3
3
3
3
3
3
3
3
3
2
1
1
-1
0
1
2
2
1
0
-1
0
0
1
2
3
2
1
1
1
1
2
3
3
2
1
0
-2
-3
-3
-3
-2
-1
-2
-1
-1
-1
-1
0
0
-1
-1
0
-1
0
0
0
-1
0
-1
-1
-1
-1
-1
-1
0
-1
-2
-2
-2
-1
0
1
2
2
2
3
2
1
1
1
1
0
0
0
1
0
0
0
1
0
1
1
1
0
1
2
2
4
5
4
2
-1
0
0
1
1
0
1
2
1
2
3
2
2
2
2
1
0
1
0
1
1
0
0
0
0
0
-1
-2
-2
-2
-2
0
0
2
3
1
2
1
1
0
0
-1
-1
-1
0
0
0
1
1
2
3
2
1
0
1
0
0
0
0
1
2
3
3
2
0
0
1
2
2
2
0
0
0
0
-1
0
0
0
1
0
0
0
2
3
3
1
0
0
-1
0
1
1
1
1
0
-2
-1
-1
-1
-1
0
0
-1
0
-1
-1
0
0
0
0
0
-1
-1
-1
-1
-1
-1
-1
-1
0
1
0
1
-1
0
-1
-1
-1
0
0
2
2
2
2
1
0
0
0
0
0
0
0
0
0
0
0
0
0
0
0
0
0
-1
2
1
2
1
0
2
1
2
2
2
1
2
0
0
0
-1
0
1
3
4
4
1
0
-1
-2
-1
2
1
1
1
-1
-1
1
1
1
0
0
-1
-1
-2
-2
-2
-2
-3
-2
-2
-2
0
-1
-1
0
0
1
0
-1
-1
1
1
1
0
0
0
0
0
0
0
2
2
1
1
0
1
1
2
2
2
1
1
1
1
1
2
2
2
2
0
0
-1
-2
-3
-4
-4
-4
-4
-4
-2
-2
-2
1
1
2
3
3
3
3
3
2
1
1
1
0
1
0
-1
-1
-1
-1
-1
0
1
2
2
2
1
0
0
0
0
1
1
1
3
3
3
1
1
0
0
1
2
1
-1
-3
-2
-1
-1
1
1
-1
0
0
-1
0
1
0
0
-1
-2
-1
-1
-1
0
2
1
1
0
0
0
0
1
1
1
1
1
0
0
0
2
2
1
1
1
1
0
-1
-3
-4
-2
-1
1
1
0
0
1
2
2
2
0
1
0
0
0
0
0
0
1
-1
0
2
0
1
1
1
1
1
1
1
0
1
0
-1
-3
-2
-2
0
1
2
3
3
2
2
2
1
0
0
0
-1
0
0
0
0
0
0
0
1
0
0
1
1
0
-1
-1
0
-2
-1
0
0
1
0
1
1
0
0
0
0
0
0
0
0
-1
0
-1
0
2
0
3
3
3
2
1
0
0
0
0
-1
0
0
1
1
1
0
1
1
1
1
1
0
0
0
0
0
0
1
-1
-1
-3
-4
-3
-2
0
0
1
0
1
2
3
2
0
-1
-1
0
1
1
2
2
2
3
2
1
1
0
0
0
0
2
1
1
0
1
0
0
-1
-1
0
0
1
0
-1
0
-1
-1
0
-1
-1
-2
-2
-2
-2
-3
0
0
2
2
2
2
2
1
0
2
1
1
1
0
1
1
0
0
1
1
-1
0
0
0
0
0
0
0
0
1
2
1
2
2
2
1
0
-2
-2
-3
-5
-4
-4
-4
-2
-1
-1
0
0
0
0
0
1
0
0
-1
2
1
2
1
0
1
0
0
0
-3
-3
-3
-2
-2
1
1
3
4
6
3
3
2
1
1
1
1
1
1
1
1
0
-1
0
0
0
0
0
0
0
0
0
0
1
-1
-1
-2
-3
-1
-2
-1
-1
0
0
0
-1
-1
-1
-1
-2
-1
0
0
0
0
0
0
0
2
2
1
-1
0
0
2
1
3
3
1
1
1
0
1
1
1
2
2
1
2
1
3
3
2
2
0
0
-1
-1
0
-1
0
0
0
-1
1
0
0
0
-2
-2
-2
-2
-2
0
1
1
1
1
1
0
-1
0
-1
1
0
1
-1
-1
0
-1
0
2
1
1
1
1
-1
-1
1
0
0
0
-2
-1
-2
0
0
0
1
1
1
1
-1
0
0
0
0
1
1
2
2
0
1
1
1
1
1
1
1
0
1
0
2
1
2
3
2
2
2
3
3
1
2
2
1
1
0
2
0
0
0
0
1
1
0
0
-1
0
-2
0
-2
-2
-2
-4
-3
-3
-3
-2
-2
-2
-2
-4
-3
-3
-3
-1
-2
0
-1
-1
0
0
-2
0
0
1
2
0
1
0
-1
0
1
1
2
1
1
1
1
0
1
0
0
2
1
2
3
3
2
0
0
0
1
2
2
1
0
-1
-1
3
4
4
3
1
0
0
1
2
3
2
1
1
-1
-1
-3
-3
-3
-3
-3
-1
0
1
2
0
0
-1
-1
-1
-1
0
1
1
0
1
1
-2
-1
-1
-1
-1
-1
-1
-2
-2
-1
0
1
2
3
1
1
0
-1
-1
-1
0
1
2
1
2
2
2
1
0
1
-1
-1
-1
0
0
1
1
2
2
1
2
1
1
3
2
2
1
0
0
0
1
0
-1
0
1
3
4
2
1
0
1
1
0
-1
-2
-2
-1
-1
0
0
0
-1
-2
-3
-3
-4
-3
-3
-2
-3
-3
-1
0
1
1
1
1
0
-1
-1
-1
0
1
1
2
2
1
1
1
1
2
2
4
5
5
4
3
4
3
2
1
0
0
1
-1
-1
0
1
1
2
2
3
3
1
2
1
0
-1
-1
-1
-1
0
0
0
0
0
-1
-1
-1
-2
-2
-1
-1
-2
1
1
1
1
2
1
2
0
0
0
0
1
0
0
-2
-4
-5
-6
-6
-3
-2
0
2
3
2
2
3
1
0
0
0
0
0
0
1
2
3
4
2
0
0
-1
0
1
0
1
1
0
-1
-2
-1
-2
0
1
0
1
1
0
-1
2
1
2
1
0
0
-1
0
0
2
2
2
2
2
0
1
1
2
2
1
0
0
0
0
0
1
2
1
1
0
0
0
0
0
0
0
0
0
1
0
1
1
1
1
1
1
1
1
1
2
2
2
0
-1
-1
-1
0
0
1
2
1
1
1
2
2
3
2
2
2
0
-1
0
1
1
2
1
1
-1
0
1
2
3
3
2
1
0
-1
-2
-3
-2
0
-1
-1
-2
-1
-1
-1
-1
-1
0
1
1
1
2
0
0
-1
-1
-2
-2
-1
0
0
1
2
1
0
0
-1
-1
0
1
3
2
2
1
1
0
2
1
1
2
1
2
-1
0
1
1
1
1
1
2
2
2
3
2
2
2
1
0
-1
-1
0
0
1
1
1
1
2
1
2
3
3
2
1
0
-1
0
0
1
1
0
-1
-2
-3
-3
-2
-1
0
0
0
0
0
0
2
2
1
0
1
0
0
0
0
1
1
1
1
0
-1
-1
-1
0
-1
-1
-1
-2
-2
-1
0
0
2
1
1
0
0
0
1
1
0
0
0
0
0
0
1
2
2
2
1
0
-2
0
0
0
0
1
1
1
0
0
0
0
0
0
0
0
-1
0
0
0
0
1
0
1
0
1
2
2
1
1
1
1
0
-1
-2
-2
-1
-1
-1
-1
-1
0
1
1
2
1
1
0
0
1
0
2
2
2
2
2
1
1
0
1
1
1
1
1
0
1
0
0
0
1
2
2
2
2
3
2
2
1
0
0
0
0
1
1
1
1
1
1
1
1
0
1
1
0
-1
0
-1
-2
-1
0
0
0
0
-1
-1
0
-2
1
-1
-1
-2
-3
-3
-3
-2
-1
0
1
0
1
0
0
1
2
0
1
0
-1
-1
-1
-1
0
1
1
1
0
1
1
1
2
3
3
2
3
1
1
1
1
1
1
1
1
1
1
1
1
1
0
0
0
0
0
1
1
2
2
2
2
1
0
1
0
1
2
1
1
2
0
0
-1
0
-1
0
0
0
-1
0
2
-1
0
0
0
0
-1
-1
0
-1
-2
0
0
-1
0
-2
0
-1
0
-1
-2
-3
0
0
0
2
1
1
0
0
1
-1
-1
-1
-1
0
-1
-2
-1
-1
0
2
1
2
0
2
4
4
5
5
6
6
4
4
3
2
2
2
2
2
3
2
2
0
0
1
0
1
1
0
1
1
2
1
0
0
0
0
-1
-2
-1
-3
-2
-3
-3
-2
-2
-1
-2
-1
-2
-1
-3
-3
-2
-1
0
0
1
0
0
0
0
-1
0
1
1
1
1
1
2
1
1
1
1
2
1
1
0
1
1
1
1
1
2
0
2
3
2
2
2
2
2
2
2
2
2
2
1
1
0
0
0
0
2
1
1
1
-1
0
-1
-1
0
-1
-1
0
-2
-1
0
-1
0
1
0
-1
0
-1
-1
-2
-1
-2
-2
-3
-4
-4
-3
-3
-2
-1
-1
-1
-1
-1
-1
1
0
0
0
-1
-2
-2
-2
-1
0
0
0
0
0
0
1
1
2
2
3
1
1
1
3
2
3
5
5
5
5
4
4
4
4
2
2
3
2
2
3
4
5
6
4
3
0
1
0
-1
0
1
0
0
-1
-1
-1
-2
-1
-2
-1
-1
0
-1
-2
-1
-2
-1
-1
-2
-2
-2
-2
-3
-2
-2
-2
-2
-2
-2
-1
-1
0
-2
-1
-2
-2
-2
-2
-1
0
1
0
0
1
0
0
1
1
1
1
0
0
1
1
1
2
3
3
3
2
2
2
2
4
3
2
3
3
2
2
1
2
2
2
3
4
4
4
4
4
3
1
0
-1
-1
-1
-1
0
0
0
1
1
1
-1
0
-1
-1
-3
-2
-4
-2
-2
-1
-1
0
0
1
-1
1
0
1
-1
-2
-2
-3
-3
-2
-3
-3
-1
1
-1
0
0
0
1
1
2
2
2
1
1
0
1
2
3
2
3
2
2
1
1
1
1
0
1
0
1
1
1
2
2
1
1
2
0
0
0
1
1
1
1
1
1
0
0
0
0
0
0
0
0
0
1
0
1
0
-2
-3
-3
-2
-2
-1
0
0
0
0
-2
-2
-2
-1
-3
-1
0
-1
0
0
0
2
2
2
0
0
-1
-1
-1
0
0
1
1
0
0
0
0
1
1
2
1
0
0
0
0
0
1
3
2
2
1
1
1
2
2
2
0
1
0
-1
0
1
1
2
2
2
2
0
1
1
1
1
2
1
0
0
1
0
0
1
-2
-1
-2
-2
-1
0
0
0
1
2
1
1
1
2
0
1
0
-1
-3
-2
-3
-2
-3
-1
1
1
0
1
1
0
0
0
0
-1
-1
-2
-1
-1
1
1
1
0
0
0
0
1
1
2
1
-1
0
1
0
2
2
3
2
0
0
0
0
1
3
3
1
3
0
-1
0
0
2
1
1
1
-1
-1
0
-1
0
0
-1
-1
-2
-2
-1
-1
0
0
2
0
1
2
0
1
1
1
1
1
1
0
0
0
0
0
0
0
0
1
0
1
1
1
-1
0
-1
-1
0
0
1
2
2
2
2
1
1
1
0
1
1
1
-1
0
0
1
1
0
0
0
1
0
1
3
2
1
1
0
0
0
-1
0
1
1
1
1
-1
-1
0
0
0
0
1
0
0
0
0
0
1
1
0
-1
-1
-2
-1
0
1
1
0
1
1
-1
0
1
1
1
1
0
0
0
0
1
1
2
0
-1
-1
-1
-1
-1
1
1
2
2
2
0
1
1
1
1
2
2
0
1
0
-1
-1
0
0
-1
0
0
-1
0
0
-1
1
-1
0
0
-1
0
0
0
0
0
0
0
1
0
0
-1
1
1
0
0
0
0
0
0
0
0
0
1
0
0
0
0
0
0
-1
0
0
-1
0
0
1
0
0
1
0
0
0
1
0
0
0
0
0
0
1
-1
0
0
0
1
0
-1
0
0
0
0
0
-1
0
0
0
0
1
0
0
1
0
0
0
1
0
0
0
0
0
1
0
0
0
0
0
0
0
1
0
0
0
0
-1
0
0
-1
-1
0
-1
0
0
0
1
1
0
0
0
-1
1
0
0
0
0
1
0
1
0
0
1
1
0
0
0
-1
-1
-2
0
0
1
1
2
2
3
1
1
1
1
2
1
2
1
1
0
0
-1
0
0
0
0
0
-1
0
0
0
1
1
0
0
-1
1
1
1
0
-1
-2
-1
-1
0
0
1
0
1
1
1
0
1
1
1
1
1
1
1
1
0
0
0
-1
0
1
0
0
1
-1
0
-1
-1
0
0
0
0
0
0
0
0
-1
0
-1
1
0
1
1
0
0
0
0
0
0
0
0
0
0
0
0
0
0
1
0
-1
0
0
0
0
0
0
-1
0
0
-1
0
0
0
0
0
0
0
1
1
0
0
0
0
0
0
0
-1
0
0
0
0
0
0
-1
-1
0
0
0
0
-1
0
-1
1
-1
1
2
1
1
1
1
2
1
1
1
1
0
0
0
2
2
4
3
2
1
-1
-2
0
0
1
2
2
1
-1
0
0
0
1
3
1
0
-1
-1
-2
-2
-3
-1
-2
-1
-1
-1
-1
0
0
0
0
0
0
-1
-1
-2
-2
-1
-1
-1
-1
-1
0
1
1
1
0
0
1
1
1
1
1
1
0
1
1
0
1
2
1
1
1
1
0
0
0
1
1
0
0
-1
-1
-1
0
0
2
3
3
1
1
-1
1
0
1
2
2
2
2
1
1
1
0
-1
0
-1
-1
-2
0
1
1
2
1
0
0
0
0
-1
0
0
-1
-1
-4
-3
-3
-1
-2
-1
0
0
0
0
-1
-1
-1
0
0
1
0
-2
-1
0
0
0
0
0
0
0
-1
1
0
1
2
1
1
1
1
3
2
2
1
0
0
-1
-1
0
1
1
2
2
3
3
2
2
0
0
0
0
0
1
2
3
2
2
1
1
0
0
0
1
1
0
1
1
0
1
0
1
0
-1
-1
-1
-2
-2
-3
-1
0
0
0
0
-1
0
-1
-1
-2
-1
-1
-1
-1
0
-1
0
-1
0
0
1
0
0
0
1
1
0
1
1
1
1
1
1
1
1
1
0
1
0
0
0
0
0
0
0
0
0
1
1
2
1
1
2
1
1
2
1
1
2
1
1
2
1
0
0
0
0
0
0
0
1
0
1
2
0
0
-1
-1
-1
-2
-1
-2
-1
-1
0
1
0
1
1
0
1
1
1
0
0
0
1
0
-1
-2
-2
-2
-2
-1
-1
0
2
1
1
1
0
0
0
1
1
1
0
0
-1
0
1
2
2
2
1
1
0
1
1
2
1
1
1
0
0
0
1
2
3
2
3
2
0
1
0
2
1
1
1
0
0
1
-1
1
0
-1
-2
-4
-2
-2
-1
0
1
0
-1
0
1
1
0
0
1
0
-1
-2
-2
-2
-1
0
-1
0
-1
-2
-2
-1
-2
0
1
0
0
0
0
0
1
2
2
1
0
0
-1
-1
1
2
3
3
1
0
-1
-1
0
1
3
2
2
1
1
2
3
2
2
2
2
1
2
1
1
0
1
0
0
-1
-1
0
1
1
2
1
1
0
0
-1
-1
-1
-1
0
-1
-1
-1
0
0
0
-1
-1
-2
-2
-2
-1
-1
-2
0
0
1
1
0
-2
-2
-2
0
1
0
0
-1
0
0
1
1
0
0
-1
-1
0
1
2
3
2
1
0
-2
0
0
1
3
2
1
1
2
1
1
2
2
1
1
0
0
0
1
3
2
3
2
0
0
0
-1
0
0
0
-1
0
0
0
-1
0
-1
1
-1
1
0
0
0
0
0
1
0
1
0
0
0
0
0
0
0
-1
-1
-1
-2
-1
-1
-1
-2
0
0
0
1
1
1
1
1
1
0
-1
0
0
1
0
0
-1
0
0
1
1
1
1
1
1
0
1
3
2
2
1
0
1
0
0
0
1
1
0
1
0
-1
0
0
0
0
0
0
0
0
0
0
0
1
1
1
1
0
0
0
2
1
0
0
-1
-1
0
0
1
1
1
1
0
1
-1
-1
0
-1
0
-1
-2
-1
-1
-2
-2
-1
0
-1
0
-1
0
1
2
2
1
1
0
1
-1
0
1
1
1
1
2
1
0
2
3
2
1
0
0
1
0
2
1
2
3
2
2
1
0
2
2
2
2
0
-1
-1
-1
-1
1
1
2
1
0
0
1
1
1
1
1
1
-2
-1
-1
0
1
1
2
1
0
0
0
-2
0
0
-2
-2
-2
-3
-3
0
-1
0
0
0
-2
-1
0
-1
-1
0
-1
1
0
1
0
2
0
1
1
1
-1
0
0
0
0
0
0
0
0
0
0
1
1
1
1
1
1
1
2
1
1
1
1
2
1
1
0
0
0
0
0
0
0
0
0
0
0
0
0
0
0
0
0
0
1
0
0
0
0
-1
0
1
2
0
0
-1
-1
-1
-2
0
1
1
1
1
0
-1
-1
-1
-2
0
0
0
0
1
1
1
1
0
1
1
1
1
0
0
0
0
0
0
0
0
0
0
0
-1
0
0
0
-1
0
-1
0
-1
0
-1
-1
-1
1
0
1
2
2
1
3
1
1
1
1
1
2
1
1
1
0
0
0
1
0
0
0
0
-1
0
-1
0
0
0
0
0
0
0
0
0
0
0
0
0
0
1
1
0
1
-1
0
0
-1
1
1
1
1
1
0
1
0
1
0
0
0
1
0
0
-1
0
0
1
0
-1
0
0
0
0
-1
-1
1
0
0
0
0
0
1
0
0
0
-1
1
1
2
2
2
1
0
-1
0
0
0
1
2
2
2
2
1
1
2
2
2
1
1
0
0
0
1
1
1
2
1
1
0
1
1
1
0
0
-1
-1
-3
-1
-3
-4
-4
-6
-7
-9
-8
-10
-9
-10
-9
-10
-10
-10
-10
-8
-7
-4
-2
-2
-1
-1
0
1
3
4
4
5
6
6
7
8
7
9
11
11
10
10
9
8
8
9
8
8
8
6
5
5
4
3
3
2
0
0
-1
-1
-2
-1
-3
-3
-3
-3
-3
-3
-2
-2
-2
-3
-4
-3
-4
-3
-2
-2
-2
-2
-2
-3
-2
-2
-1
-1
-1
-1
-1
0
0
0
1
1
1
1
0
0
-1
0
1
2
2
2
2
1
0
0
-1
0
1
0
0
0
0
0
1
1
0
1
-1
-1
-1
1
0
2
2
2
2
2
1
1
2
1
1
2
0
-1
-1
0
0
1
1
1
0
2
1
0
1
2
1
1
1
1
1
1
1
1
0
1
1
1
1
1
0
0
0
0
0
0
-1
-1
1
0
0
1
0
0
-1
0
-1
1
0
1
0
0
0
0
1
-1
0
0
0
0
0
0
0
0
0
0
0
-1
-1
-1
-2
-2
-1
-1
-1
1
0
0
1
1
1
1
1
1
0
0
0
0
-1
0
0
1
0
-1
0
0
0
0
1
1
1
0
0
-1
0
0
-1
0
0
0
0
-1
0
0
0
0
0
0
1
0
0
0
0
0
1
0
0
0
0
0
0
0
-1
1
-1
0
-1
0
0
0
0
-1
0
0
0
0
0
0
0
0
0
1
0
0
0
0
0
0
0
0
0
0
0
0
0
0
-1
0
0
0
1
0
0
0
0
-1
0
-1
0
1
0
0
1
0
0
0
0
0
0
0
0
0
0
1
-1
0
-1
0
0
-1
0
0
0
0
-1
0
0
0
0
0
1
0
0
0
0
0
0
0
-1
0
0
0
0
0
0
-1
0
0
0
0
0
0
-1
0
-1
0
0
0
0
1
0
0
0
0
0
0
0
0
0
0
0
0
1
0
0
0
0
1
0
-1
0
1
0
0
0
0
0
0
0
-1
-1
0
0
0
1
0
-1
0
0
-1
0
0
0
-1
0
0
1
0
0
0
0
0
0
1
0
0
0
0
1
0
0
0
1
1
0
0
0
0
0
0
1
0
1
0
0
0
1
0
0
0
-1
1
1
0
-1
0
0
0
0
0
0
0
0
0
0
0
1
0
1
0
0
0
0
0
-1
0
0
-1
-1
-1
1
1
2
2
1
1
0
0
0
0
0
0
0
0
0
0
0
0
0
0
0
0
0
0
0
0
0
0
0
0
0
0
0
0
0
0
0
0
-1
0
0
0
0
0
0
0
-1
0
0
0
0
0
0
0
0
0
0
0
0
0
0
0
0
0
0
0
0
0
0
1
-1
0
0
0
0
0
0
0
1
0
0
0
0
0
-1
0
0
0
0
0
0
0
0
0
0
-1
-1
-1
-1
0
-1
0
0
0
0
0
0
-1
-1
0
-1
0
0
0
-1
0
0
0
0
0
0
0
1
0
0
0
0
0
0
0
0
0
0
1
1
0
0
0
0
0
0
0
0
0
0
0
1
0
0
0
0
0
1
1
0
0
0
0
0
-1
0
0
0
0
-1
0
1
0
0
1
0
0
0
1
-1
0
2
1
4
3
1
2
0
-1
1
-1
-1
1
0
0
2
0
1
1
-1
0
0
1
1
0
1
0
0
0
0
-1
0
-1
-1
0
-1
-1
-1
1
0
0
1
0
1
1
1
1
1
0
0
0
0
0
1
0
0
0
-1
-1
0
0
0
0
0
0
0
0
0
0
-1
1
2
1
1
1
1
1
1
1
0
0
1
0
0
0
0
-1
0
-1
-1
0
0
0
0
1
0
0
0
0
0
0
0
0
1
1
0
1
-1
0
0
0
0
0
0
0
0
0
0
0
0
0
0
0
0
0
0
0
0
0
1
1
1
1
1
1
1
0
2
1
2
1
1
2
1
1
1
1
1
2
0
1
1
0
0
0
1
0
0
-1
0
0
0
0
1
0
0
1
-1
-1
0
0
0
0
0
0
0
0
0
0
0
-1
0
0
0
1
0
0
0
0
1
0
-1
-1
0
0
0
-1
0
0
0
0
0
-1
0
0
0
0
-1
0
0
0
0
0
0
0
0
0
0
0
0
0
0
-1
0
0
0
0
0
0
0
0
0
1
0
-1
0
0
0
0
0
0
0
0
0
0
0
0
0
0
0
0
0
0
0
-1
0
0
0
0
0
0
0
0
0
0
0
0
0
1
0
0
0
0
0
0
0
1
0
0
0
1
1
0
0
0
-1
1
1
0
0
0
0
0
0
0
1
0
0
0
1
0
0
0
0
0
-1
0
0
0
0
0
0
0
0
0
0
-1
-1
-1
0
0
0
0
-1
0
0
-1
-1
-1
-1
-1
-1
-1
0
-1
0
0
0
0
0
0
0
1
-1
0
1
-1
0
0
0
0
-1
0
0
-1
0
0
0
-1
0
0
2
1
1
1
0
-1
-1
-1
0
1
2
2
1
2
1
1
1
2
2
2
2
1
1
2
2
2
2
1
2
1
1
1
1
1
0
1
0
0
0
0
0
0
0
0
0
-2
-2
-5
-7
-7
-11
-12
-15
-16
-17
-18
-17
-14
-13
-13
-14
-13
-13
-12
-10
-9
-8
-5
-3
-2
-1
2
2
3
5
6
6
8
9
9
11
11
12
13
13
14
14
16
16
17
18
18
17
15
14
13
12
11
10
8
7
5
6
4
3
3
1
-1
-3
-4
-4
-5
-5
-6
-5
-6
-7
-10
-13
-15
-16
-14
-13
-13
-10
-9
-8
-6
-4
-4
-4
-4
-3
-2
-3
0
1
2
2
2
1
0
-1
-1
1
1
2
2
2
2
2
2
2
2
2
0
1
1
1
2
3
4
4
4
3
2
0
0
0
0
1
1
0
1
1
-1
0
-1
-2
-2
-2
-2
-2
-1
0
1
1
2
1
1
-1
1
0
0
0
0
1
1
1
2
1
2
2
1
-1
0
-1
0
0
1
0
1
1
1
0
0
0
1
1
1
1
1
1
2
2
1
1
1
1
1
-1
-2
-1
1
1
2
1
-1
0
0
1
1
1
1
1
1
1
1
2
2
2
1
1
-1
-1
0
0
1
1
1
1
-1
0
0
0
-1
0
0
-1
-1
0
0
0
1
1
1
0
-2
-1
-1
0
1
2
2
2
2
1
1
2
1
1
1
1
-1
1
0
-1
0
-1
-1
-1
-1
-1
1
1
0
0
0
0
0
-1
0
-1
1
0
1
0
0
1
0
0
1
0
0
0
1
-1
-1
1
0
0
0
-1
0
0
1
0
0
0
0
0
0
-1
0
1
1
0
1
1
2
2
0
1
1
1
1
1
1
0
0
0
-1
1
0
0
1
0
0
1
1
2
-1
0
0
1
1
0
3
2
3
3
5
6
6
6
7
6
5
3
4
2
1
2
0
1
1
1
1
0
-1
-2
-3
-3
-3
-3
-1
-3
-2
-3
-3
-3
-3
-3
-2
-1
0
0
-2
-4
-5
-8
-9
-9
-8
-7
-6
-4
-3
-2
-3
-2
-3
-3
-2
-3
-2
0
-1
0
0
1
2
4
5
5
3
2
1
0
4
5
5
5
4
3
2
3
2
2
1
0
1
0
2
2
2
3
3
3
3
2
1
2
1
3
4
4
4
4
4
7
10
11
14
13
10
12
14
17
17
15
12
10
9
10
10
9
6
4
1
-2
-8
-18
-30
-38
-42
-44
-48
-55
-59
-60
-57
-52
-48
-43
-40
-34
-26
-18
-12
-9
-5
5
17
29
38
39
38
41
48
56
57
51
47
45
43
35
26
25
30
34
34
28
24
24
24
24
24
25
23
18
14
10
6
-1
-6
-7
-5
-10
-19
-26
-23
-23
-36
-57
-70
-69
-63
-60
-60
-57
-55
-52
-48
-43
-39
-35
-30
-22
-14
-8
-3
1
5
7
11
14
16
16
19
22
20
14
8
10
19
22
10
-8
-19
-11
4
9
0
-13
-17
-12
-10
-16
-22
-18
-1
15
14
-3
-20
-19
-3
20
30
23
9
15
55
109
115
44
-44
-40
98
256
284
156
-4
-57
23
130
157
76
-37
-69
25
160
196
68
-134
-255
-212
-64
47
33
-76
-162
-143
-41
38
9
-105
-203
-192
-76
53
90
20
-83
-121
-64
20
43
-22
-119
-155
-90
23
93
61
-43
-135
-142
-72
5
23
-17
-56
-38
27
85
77
0
-95
-119
-45
75
139
104
14
-45
-28
30
60
22
-50
-81
-26
70
122
82
-11
-73
-60
3
58
65
32
6
16
58
93
93
61
27
25
61
112
135
111
67
43
60
89
91
53
7
-9
16
53
64
38
-5
-34
-33
-8
19
30
20
1
-3
20
54
69
43
1
-7
41
104
125
86
33
16
37
59
47
-1
-52
-68
-48
-31
-55
-112
-159
-175
-178
-196
-226
-246
-245
-233
-233
-249
-265
-251
-206
-161
-147
-154
-137
-74
2
28
2
-5
63
162
203
166
120
132
186
219
199
149
117
130
172
193
159
87
26
2
8
18
12
-3
-18
-24
-29
-39
-53
-56
-45
-36
-37
-43
-19
38
61
-19
-137
-136
12
111
2
-171
-162
13
105
23
-59
-23
38
40
35
77
124
139
139
145
170
252
349
346
231
155
233
363
374
250
131
115
167
189
114
-29
-140
-151
-127
-194
-354
-471
-474
-447
-484
-557
-586
-549
-500
-513
-569
-536
-356
-175
-170
-283
-270
-36
226
286
169
105
227
445
582
544
394
305
373
502
527
430
305
225
184
181
203
174
41
-128
-205
-169
-110
-116
-203
-313
-362
-316
-238
-208
-238
-292
-331
-323
-241
-133
-90
-141
-204
-191
-106
-15
27
10
-27
-3
111
219
213
136
118
192
265
277
267
267
269
271
292
314
297
240
195
184
187
182
176
156
96
15
-21
13
65
40
-78
-194
-187
-76
-42
-189
-371
-353
-157
-78
-261
-458
-373
-118
-68
-284
-412
-231
7
-29
-240
-265
-18
180
84
-122
-86
186
328
163
-32
43
273
332
162
27
90
215
212
102
36
56
65
-1
-79
-104
-121
-185
-249
-259
-264
-322
-385
-379
-333
-331
-376
-376
-304
-249
-278
-313
-231
-65
24
-27
-59
66
268
359
296
248
349
487
489
413
438
532
536
435
360
368
394
343
221
131
135
166
123
-5
-120
-130
-68
-49
-111
-145
-78
-3
-48
-163
-160
-14
76
-14
-107
-8
158
166
68
44
65
60
128
263
225
6
-35
214
354
129
-145
-81
176
209
-29
-179
-36
167
114
-135
-237
-32
214
144
-148
-184
166
403
136
-237
-113
347
447
42
-290
-150
167
183
-150
-491
-546
-381
-371
-695
-1010
-930
-689
-819
-1279
-1439
-1029
-609
-719
-1113
-1167
-731
-188
28
-159
-371
-147
427
767
657
536
718
936
908
846
992
1111
903
548
454
656
809
662
294
-20
-45
134
178
-57
-310
-303
-170
-149
-170
-107
-88
-246
-387
-238
65
177
35
-153
-151
48
171
89
6
55
97
-4
-29
227
396
105
-252
-115
273
325
134
153
326
324
180
226
495
557
240
14
242
590
589
283
94
153
208
157
168
164
-55
-205
-5
110
-199
-411
-150
39
-251
-477
-197
73
-114
-322
-183
-17
-56
-44
106
104
-31
43
243
220
74
63
25
-164
-210
-71
-191
-619
-836
-727
-758
-1075
-1337
-1436
-1519
-1523
-1354
-1227
-1286
-1303
-1095
-825
-693
-615
-437
-172
90
335
560
722
851
1001
1080
1057
1100
1244
1262
1099
984
984
901
671
448
327
243
172
145
114
29
-40
-37
-50
-177
-275
-138
52
-37
-274
-189
182
213
-166
-319
-65
245
227
-121
-196
175
356
130
-100
-18
255
283
35
-32
207
423
327
94
144
435
555
363
133
214
601
726
298
-79
191
719
610
-32
-158
370
537
89
-236
-69
123
-167
-302
-57
-141
-377
-314
-89
-239
-524
-365
-124
-44
-233
-491
-129
298
40
-224
-88
190
278
28
-20
283
426
200
-59
56
177
-8
-122
-207
-392
-496
-629
-730
-978
-1415
-1505
-1470
-1500
-1533
-1637
-1565
-1405
-1245
-1119
-1041
-811
-530
-387
-266
63
541
833
806
778
1035
1390
1456
1194
1088
1288
1329
1037
823
898
858
527
283
202
211
350
310
8
-180
-82
142
-27
-517
-380
92
-167
-563
-195
318
220
-226
-250
178
258
17
40
28
-6
377
506
78
-52
394
556
-47
-349
288
809
415
-91
72
478
504
245
166
103
221
636
482
145
247
290
281
179
-42
97
263
140
-93
-390
-301
-21
-203
-441
-418
-239
-59
-194
-315
-226
-287
-298
-203
-135
-20
-122
-133
113
27
-84
33
57
202
205
29
279
500
316
-53
-251
192
392
-334
-888
-565
-322
-945
-1601
-1476
-1249
-1740
-2202
-1885
-1443
-1551
-1856
-1546
-961
-890
-921
-686
-345
80
299
282
557
1059
1160
890
898
1333
1532
1209
964
1065
1182
1041
801
618
609
670
455
225
190
455
496
49
-249
-27
646
204
-807
-297
686
541
-358
-493
359
788
-53
-804
-65
737
327
-355
-232
382
577
165
-181
-50
303
455
11
-328
261
676
-38
-485
68
478
325
30
97
351
505
548
285
85
296
637
217
-417
288
873
43
-841
-348
1056
456
-1480
-1038
578
371
-901
-992
57
456
-293
-808
-290
373
329
-536
-920
173
911
134
-641
-407
533
986
-22
-737
221
1195
578
-623
-451
642
688
-467
-884
-287
73
-387
-1310
-1402
-1206
-1487
-1899
-2165
-1817
-1463
-1626
-1953
-1671
-860
-730
-1120
-884
-116
231
218
377
707
1051
1160
994
1036
1519
1746
1269
931
1354
1552
1012
701
799
737
496
415
545
322
91
450
287
-285
-82
199
95
-170
-418
-7
321
-41
-52
153
79
-5
-81
-12
44
-20
50
74
95
183
62
138
191
-181
22
449
336
75
-108
-80
201
451
-136
-351
646
658
87
317
399
513
590
55
91
407
282
240
-28
-119
201
84
-248
59
117
-591
-416
130
-17
-205
-510
-345
305
-195
-954
-262
495
-3
-808
-414
719
425
-862
-958
186
1007
180
-1088
-285
1239
779
-521
-832
-16
1134
599
-1241
-1217
398
655
-1013
-2258
-1081
170
-1002
-2304
-1974
-1021
-749
-1931
-2559
-1189
-369
-943
-1190
-814
-76
323
-218
-260
748
1257
1025
874
1100
1510
1358
962
1135
1179
996
1090
937
772
872
557
208
442
547
106
-54
223
84
-220
-114
-140
-17
14
-190
153
393
182
102
10
121
273
-200
172
477
248
-247
89
677
336
-421
-338
683
570
-251
-730
405
1105
-68
-836
-62
890
731
-318
-465
693
1028
263
-720
70
1125
635
-303
-326
507
899
-68
-1015
214
737
-146
-549
-82
356
32
-428
-492
550
10
-652
-97
100
18
-378
-144
134
-458
-142
272
-75
-54
328
336
-79
-134
299
657
55
-872
89
1080
-325
-1309
-49
968
190
-1273
-1181
406
176
-1793
-2210
-1148
-681
-1411
-2494
-2219
-832
-729
-1962
-2411
-1389
-150
-292
-1303
-931
686
1163
79
-361
1007
1986
1077
396
1220
2098
1752
650
525
1346
1242
485
445
803
866
648
431
237
86
252
325
-192
-598
-96
592
75
-858
-335
702
422
-460
-268
653
395
-546
-159
591
346
-96
-63
480
415
-309
171
784
-103
-688
162
871
263
-658
-3
859
0
-292
345
467
262
197
310
216
426
392
272
147
-167
810
1102
-422
-849
139
680
187
-925
-485
911
114
-954
-532
240
352
-578
-1141
-168
653
-169
-618
-539
-313
410
-92
-513
407
757
113
-345
-110
425
363
-236
-197
163
338
284
-257
-436
-97
-196
-107
-78
-903
-717
-228
-926
-1568
-1692
-1210
-1160
-2018
-2268
-1587
-1057
-1181
-1604
-1841
-1180
-298
-308
-664
-297
707
940
330
420
1435
1828
1094
831
1673
2097
1432
949
1136
1143
852
851
950
651
267
237
307
89
-245
-373
-316
-268
-336
-402
-383
-292
-188
-193
-288
-336
-192
135
212
-124
-114
281
443
345
216
293
427
279
33
518
808
220
230
358
402
528
-49
-89
450
318
343
662
245
140
697
425
121
278
243
692
681
-203
-180
332
381
17
-301
18
119
-287
-561
-280
-152
-867
-756
-35
-132
-541
-895
-314
725
-317
-1431
133
1099
-30
-750
197
1188
378
-587
-166
791
677
-124
107
522
132
-48
329
88
-443
-173
135
-446
-1295
-1004
-249
-819
-1995
-2059
-1439
-1676
-2576
-2706
-2033
-1613
-1855
-2331
-1897
-630
-317
-905
-733
336
1114
819
509
1580
2560
1780
936
1546
2392
2229
1407
1253
1910
1761
839
576
649
423
119