-27
-58
-89
-110
-124
-126
-123
-118
-119
-128
-141
-151
-152
-141
-122
-99
-80
-64
-52
-41
-32
-24
-18
-10
-2
14
36
67
95
115
121
115
103
93
88
93
101
112
120
120
115
105
91
76
60
48
42
45
57
70
81
85
78
70
59
54
52
54
56
58
58
58
57
52
44
31
17
4
-8
-14
-17
-21
-26
-36
-50
-62
-70
-77
-81
-86
-91
-93
-88
-81
-72
-66
-67
-72
-78
-80
-76
-66
-53
-37
-25
-17
-9
0
7
13
16
16
16
17
21
26
24
17
1
-15
-34
-48
-62
-77
-95
-110
-121
-122
-116
-105
-99
-97
-103
-109
-110
-102
-92
-77
-64
-51
-37
-20
1
22
40
53
62
72
90
112
136
153
159
150
132
118
109
109
112
113
111
107
103
96
87
71
51
30
15
9
14
25
35
38
31
18
8
3
5
9
12
10
10
10
15
19
19
15
8
0
-5
-4
3
8
11
7
0
-10
-14
-14
-15
-14
-17
-21
-23
-24
-23
-23
-31
-41
-50
-57
-58
-51
-42
-30
-23
-20
-22
-24
-26
-25
-29
-36
-43
-50
-50
-45
-40
-37
-41
-47
-53
-58
-59
-60
-62
-63
-66
-67
-68
-69
-68
-68
-63
-57
-50
-41
-30
-20
-14
-10
-6
-2
5
14
26
37
47
54
56
54
47
41
34
28
28
29
32
39
44
48
46
42
36
30
25
24
23
27
30
35
38
39
41
42
45
51
61
69
80
85
88
87
82
75
68
65
65
69
75
81
83
83
77
66
53
41
32
28
27
29
30
29
23
10
-5
-22
-37
-48
-55
-58
-58
-58
-63
-69
-81
-95
-107
-115
-117
-116
-112
-106
-101
-95
-91
-91
-94
-97
-95
-87
-76
-60
-50
-41
-37
-37
-37
-37
-38
-36
-33
-25
-15
-7
-1
2
1
-4
-9
-14
-20
-21
-22
-20
-19
-19
-23
-26
-31
-34
-34
-31
-24
-14
-4
5
11
15
16
18
22
27
36
47
59
71
83
92
98
101
103
105
106
110
114
119
122
123
120
114
104
94
85
80
75
73
70
66
60
52
42
32
24
15
8
3
1
-3
-5
-8
-11
-15
-20
-26
-30
-33
-31
-29
-27
-25
-23
-25
-29
-34
-40
-43
-46
-45
-46
-44
-43
-43
-45
-48
-50
-52
-51
-49
-47
-41
-36
-33
-31
-28
-29
-30
-30
-31
-29
-28
-25
-22
-23
-23
-27
-32
-40
-48
-55
-60
-63
-63
-63
-61
-62
-64
-69
-74
-78
-81
-81
-77
-69
-60
-52
-44
-39
-36
-34
-29
-20
-7
7
24
38
51
61
66
66
68
71
80
92
103
112
117
121
120
118
111
105
98
95
96
97
99
98
94
86
74
61
48
37
29
26
25
22
18
14
5
-2
-10
-15
-17
-17
-16
-14
-13
-12
-15
-18
-23
-25
-26
-24
-19
-13
-7
-3
2
4
1
1
1
3
8
15
22
27
31
31
29
26
22
18
17
13
13
10
6
1
-7
-16
-26
-38
-46
-56
-63
-70
-77
-85
-94
-105
-115
-125
-134
-141
-145
-146
-146
-145
-143
-140
-136
-129
-122
-112
-101
-88
-75
-62
-48
-33
-17
-4
10
20
29
37
46
56
65
74
84
91
96
98
97
97
94
92
88
88
88
86
84
81
76
70
64
57
50
46
43
42
42
41
39
35
30
25
19
15
14
16
18
21
22
21
18
13
9
6
4
7
10
15
19
21
21
19
14
9
5
6
7
11
17
22
24
25
22
17
13
8
8
10
12
15
17
15
11
5
-1
-9
-14
-17
-20
-20
-21
-24
-29
-36
-45
-55
-63
-68
-71
-71
-69
-65
-65
-64
-66
-68
-72
-73
-72
-68
-62
-52
-43
-36
-30
-24
-21
-19
-16
-12
-7
-1
4
9
13
15
16
15
13
11
11
12
14
16
16
16
12
6
2
-2
-6
-6
-6
-5
-3
-4
-3
-4
-5
-6
-7
-6
-5
-1
1
5
8
11
14
14
15
16
17
21
26
30
35
37
38
38
37
35
35
35
37
38
42
40
42
41
37
34
30
27
24
22
21
21
21
21
19
17
15
12
8
6
3
2
2
0
-2
-2
-5
-6
-8
-8
-9
-8
-8
-8
-9
-9
-10
-10
-12
-11
-11
-11
-11
-8
-4
0
3
5
6
6
5
3
3
2
1
-1
0
0
0
0
-2
-3
-6
-10
-14
-17
-22
-25
-26
-28
-30
-34
-37
-42
-45
-47
-46
-44
-40
-37
-34
-33
-33
-32
-29
-26
-20
-15
-9
0
6
11
17
20
21
21
19
17
16
17
19
22
23
23
19
13
7
2
-3
-5
-5
-6
-7
-9
-11
-12
-11
-10
-7
-5
-1
1
0
1
0
-2
-3
-1
-1
-1
3
6
11
19
27
31
36
33
33
32
31
33
35
37
40
41
39
34
27
17
10
4
4
3
-1
-6
-12
-17
-19
-17
-10
-3
4
9
9
11
14
16
19
20
22
24
26
27
28
26
25
21
19
17
11
3
-6
-14
-20
-19
-15
-9
-7
-9
-14
-21
-21
-19
-15
-12
-13
-16
-18
-22
-26
-31
-34
-38
-36
-33
-31
-31
-32
-35
-32
-24
-15
-6
-5
-6
-12
-14
-9
0
10
16
10
-6
-29
-51
-64
-64
-56
-44
-40
-43
-52
-64
-73
-69
-53
-27
4
27
34
32
31
46
80
121
155
168
152
112
66
28
13
19
30
29
0
-47
-99
-131
-130
-102
-56
-10
21
27
7
-28
-59
-70
-48
-1
55
95
102
76
34
0
-8
12
44
69
71
54
28
11
11
31
58
79
87
84
75
72
73
76
79
77
66
49
20
-13
-47
-71
-80
-74
-63
-57
-68
-90
-113
-125
-122
-102
-76
-51
-33
-22
-14
-5
5
17
26
30
29
22
13
5
-1
-2
1
1
-1
-6
-19
-29
-36
-35
-23
-8
6
13
9
-1
-11
-16
-15
-5
4
14
15
12
2
-11
-22
-31
-36
-36
-33
-27
-20
-15
-10
-6
-3
-2
-1
1
3
8
17
27
38
48
54
55
48
39
28
19
14
11
8
5
2
-1
-5
-9
-11
-12
-7
2
13
23
29
31
29
28
25
21
16
11
10
13
20
27
30
26
16
3
-8
-17
-18
-17
-9
-2
2
5
4
1
0
-2
-1
3
6
8
7
4
1
-3
-5
-8
-10
-14
-18
-21
-21
-19
-17
-15
-15
-20
-25
-28
-28
-24
-18
-10
-5
-2
-1
-3
-6
-11
-14
-14
-16
-15
-14
-12
-10
-8
-8
-8
-9
-11
-12
-13
-13
-8
-3
1
4
4
2
1
2
4
6
9
10
12
14
13
12
9
8
7
5
7
8
9
11
12
11
10
8
7
5
6
6
7
9
10
11
9
7
4
0
-4
-6
-7
-5
-5
-3
-3
0
-1
0
0
2
5
7
11
13
16
17
16
18
16
15
13
14
15
14
15
13
10
8
5
3
1
-1
-2
-2
-1
-3
-2
-4
-5
-9
-11
-12
-14
-15
-13
-14
-12
-11
-11
-12
-12
-14
-16
-16
-12
-10
-8
-6
-5
-5
-5
-6
-5
-6
-4
-2
-3
-2
0
0
1
-1
-3
-4
-5
-6
-7
-6
-4
-3
-2
-1
-3
-2
-2
-3
-1
-1
2
4
6
6
7
5
3
0
0
1
2
4
5
5
4
2
-1
-2
-3
-4
-2
-2
0
1
0
1
1
0
0
-2
0
1
3
6
8
9
11
9
9
7
7
8
9
11
15
16
17
16
14
11
9
7
7
7
8
9
8
7
4
0
-2
-4
-4
-3
-2
-1
-1
0
0
-1
-3
-4
-5
-5
-5
-4
-2
1
1
3
2
-1
-2
-6
-7
-6
-5
-2
1
1
1
2
-2
-4
-5
-6
-5
-4
-3
-1
-2
-3
-5
-6
-8
-8
-8
-5
-3
-2
0
0
0
-1
-1
-3
-4
-4
-3
-3
1
2
3
3
2
1
-1
-4
-5
-5
-3
-1
0
1
0
0
0
-2
-2
-2
-2
-1
-1
0
1
0
0
0
-1
-2
0
-1
1
2
4
5
3
4
2
1
0
1
3
5
8
9
10
9
7
5
3
0
-2
0
0
4
4
3
2
-1
-3
-5
-6
-5
-4
-2
0
1
4
3
2
0
1
-1
-2
0
3
5
6
5
6
3
0
-3
-4
-3
-2
0
1
2
1
-1
-3
-4
-6
-5
-3
-3
-1
0
1
1
1
1
0
-2
-3
-3
-3
-1
2
4
3
3
0
-2
-4
-3
-2
0
3
3
3
1
0
-1
-2
-4
-3
-2
-1
0
1
0
0
-2
-2
-3
-3
-3
-2
0
3
3
5
4
2
1
0
0
0
2
3
6
6
5
4
2
1
-1
-2
-1
0
1
2
3
2
1
1
-1
-1
-1
0
-1
1
1
1
1
0
0
-1
-1
-1
-1
0
1
3
2
1
1
0
-1
-1
0
1
2
1
3
2
2
2
0
0
0
1
1
2
2
2
1
0
-1
-1
-2
-2
0
0
1
1
-1
0
-1
-2
-2
-2
-2
-3
-1
0
0
0
1
0
1
-2
0
-2
-1
0
0
1
2
0
1
0
0
0
0
1
1
1
1
1
1
1
2
1
1
0
1
1
0
0
0
0
0
0
0
0
-1
0
0
1
0
0
-1
0
0
0
0
0
0
0
0
-1
0
2
1
0
0
-1
0
-2
-1
0
0
1
0
1
1
-1
0
0
1
1
1
1
1
1
1
2
2
3
2
1
1
0
0
0
3
2
1
0
-1
-1
-1
0
0
1
1
1
0
1
0
0
1
0
1
0
-1
1
0
0
0
1
1
-1
-1
-2
0
1
3
4
2
1
-1
-1
-2
-1
0
1
1
2
1
0
-1
0
1
0
0
0
0
1
0
1
-1
1
1
0
-1
-1
-1
1
2
2
3
2
0
0
-1
-1
0
0
1
0
0
0
1
1
0
0
1
1
-1
0
-1
0
0
0
1
-1
-1
-1
0
0
2
2
1
2
1
-1
-1
1
0
0
0
0
-1
0
1
0
0
0
-1
1
0
1
0
1
-1
0
0
0
-1
0
0
0
0
0
0
0
0
0
0
0
0
0
0
0
0
0
1
0
0
0
0
1
0
0
0
0
0
0
0
0
0
0
0
0
0
0
0
0
0
0
0
0
1
0
0
0
0
-1
0
0
1
0
0
0
0
0
-1
0
0
0
0
0
0
-1
0
0
-1
0
0
0
-1
0
0
0
0
-1
0
0
0
0
0
0
0
0
0
0
0
0
0
0
0
-1
0
0
0
-1
0
-1
0
-1
0
0
0
0
1
0
0
0
0
-1
1
0
0
0
0
0
1
0
0
0
0
0
0
1
0
0
0
0
-1
0
-1
0
0
0
0
0
0
0
0
0
0
0
0
0
0
0
0
0
1
0
1
1
0
1
0
0
0
0
0
1
0
1
0
0
0
1
0
0
-1
0
0
1
0
-1
0
0
0
0
-1
-1
1
0
0
1
0
0
1
0
0
0
-1
1
0
0
0
0
0
0
-1
0
0
0
0
0
0
0
0
0
0
0
0
0
0
0
0
0
0
0
0
-1
0
-1
0
-1
0
0
0
0
0
-1
0
-1
1
0
0
0
0
0
-1
0
-1
0
-1
0
0
0
0
-1
0
-1
0
1
0
0
0
0
0
0
1
0
0
0
0
0
0
-1
0
0
0
0
0
0
0
0
1
0
1
1
0
0
0
0
0
0
0
0
0
0
1
0
1
0
0
0
0
0
0
0
1
0
0
0
1
0
1
1
0
0
0
0
-1
0
0
1
0
0
0
0
0
0
0
0
0
0
0
0
0
-1
0
0
0
0
0
0
0
0
0
-1
0
1
0
0
0
0
0
0
0
-1
1
0
0
0
1
0
1
0
0
0
0
0
0
0
-1
0
1
0
0
0
1
0
0
0
0
-1
1
1
0
0
1
0
0
0
0
0
0
0
0
-1
0
0
0
0
1
0
0
0
0
0
0
-1
-1
1
0
0
1
0
0
-1
0
-1
1
0
1
0
0
0
0
1
-1
0
0
0
0
0
0
0
0
0
0
0
0
0
0
-1
0
0
0
0
1
0
0
0
0
0
0
0
0
-1
0
0
0
-1
0
0
1
0
-1
0
0
0
0
1
1
1
0
0
-1
0
0
-1
0
0
0
0
-1
0
0
0
0
0
0
1
0
0
0
0
0
1
0
0
0
0
0
0
0
-1
1
-1
0
-1
0
0
0
0
-1
0
0
0
0
0
0
0
0
0
1
0
0
0
0
0
0
0
0
0
0
0
0
0
0
-1
0
0
0
1
0
0
0
0
-1
0
-1
0
1
0
0
1
0
0
0
0
0
0
0
0
0
0
1
-1
0
-1
0
0
-1
0
0
0
0
-1
0
0
0
0
0
1
0
0
0
0
0
0
0
-1
0
0
0
0
0
0
-1
0
0
0
0
0
0
-1
0
-1
0
0
0
0
1
0
0
0
0
0
0
0
0
0
0
0
0
1
0
0
0
0
1
0
-1
0
1
0
0
0
0
0
0
0
-1
-1
0
0
0
1
0
-1
0
0
-1
0
0
0
-1
0
0
1
0
0
0
0
0
0
1
0
0
0
0
1
0
0
0
1
1
0
0
0
0
0
0
1
0
1
0
0
0
1
0
0
0
-1
1
1
0
-1
0
0
0
0
0
0
0
0
0
0
0
1
0
1
0
0
0
0
0
-1
0
1
0
0
-1
0
-1
0
0
-1
0
0
0
0
0
0
0
0
0
0
0
0
0
0
0
0
0
0
0
0
0
0
0
0
0
0
0
0
0
0
0
0
0
-1
0
0
0
0
0
0
0
-1
0
0
0
0
0
0
0
0
0
0
0
0
0
0
0
0
0
0
0
0
0
0
1
-1
0
0
0
0
0
0
0
1
0
0
0
0
0
-1
0
0
0
0
0
0
0
0
0
0
-1
-1
-1
-1
0
-1
0
0
0
0
0
0
-1
-1
0
-1
0
0
0
-1
0
0
0
0
0
0
0
1
0
0
0
0
0
0
0
0
0
0
1
1
0
0
0
0
0
0
0
0
0
0
0
1
0
0
0
0
0
1
1
0
0
0
0
0
-1
0
0
0
0
0
0
1
0
0
1
0
0
0
1
0
0
1
0
1
1
0
0
0
0
0
0
0
0
0
0
1
0
1
1
-1
0
0
0
0
0
0
0
0
0
0
0
1
0
0
1
0
0
0
1
0
0
0
-1
0
0
0
0
0
0
0
0
0
0
1
0
0
0
-1
-1
0
0
0
0
0
0
0
0
0
0
-1
0
1
0
0
0
0
0
0
0
-1
0
1
0
0
0
0
-1
0
-1
-1
0
0
0
0
1
0
0
0
0
0
0
0
0
1
1
0
1
-1
0
0
0
0
0
0
0
0
0
0
0
0
0
0
0
0
0
0
0
0
0
0
0
0
0
0
0
0
-1
1
0
1
0
0
1
0
0
0
0
0
1
-1
0
0
0
0
0
1
0
0
-1
0
0
0
0
1
0
0
1
-1
-1
0
0
0
0
0
0
0
0
0
0
0
-1
0
0
0
1
0
0
0
0
1
0
-1
-1
0
0
0
-1
0
0
0
0
0
-1
0
0
0
0
-1
0
0
0
0
0
0
0
0
0
0
0
0
0
0
-1
0
0
0
0
0
0
0
0
0
1
0
-1
0
0
0
0
0
0
0
0
0
0
0
0
0
0
0
0
0
0
0
-1
0
0
0
0
0
0
0
0
0
0
0
0
0
1
0
0
0
0
0
0
0
1
0
0
0
1
1
0
0
0
-1
1
1
0
0
0
0
0
0
0
1
0
0
0
1
0
0
0
0
0
-1
0
0
0
0
0
0
0
0
0
0
-1
-1
-1
0
0
0
0
-1
0
0
0
0
0
0
0
0
0
1
0
1
0
0
0
0
0
0
1
-1
0
1
-1
0
0
0
0
0
0
0
-1
0
0
0
-1
0
-1
0
0
0
0
0
-1
0
0
0
0
0
0
-1
0
0
0
0
0
0
0
0
-1
-1
0
0
0
0
0
1
0
0
0
0
0
-1
0
0
0
0
0
0
0
0
0
1
0
1
0
0
1
-1
1
0
0
0
-1
-1
0
0
0
-1
0
-1
0
0
0
-1
0
0
0
0
1
0
0
0
0
0
0
1
0
1
0
0
0
0
0
0
1
0
0
0
1
1
0
0
0
0
0
0
0
0
-1
1
0
0
0
0
0
0
0
1
0
0
-1
0
0
0
-1
-1
0
0
1
0
-1
0
0
0
0
0
0
-1
-1
0
0
-1
1
0
1
0
0
0
0
0
0
1
0
0
0
-1
0
0
0
0
0
1
-1
0
0
0
0
0
0
0
0
0
1
0
0
0
0
0
0
-1
0
0
-1
0
0
-1
0
0
0
0
0
0
0
0
1
0
0
-1
1
0
0
-1
-1
0
0
0
1
-1
0
0
0
-1
1
0
0
0
1
-1
0
0
0
0
0
0
0
0
0
0
0
-1
0
0
0
0
0
0
0
0
0
0
1
-1
0
0
-1
1
0
0
0
0
0
0
0
0
0
0
0
0
0
0
-1
0
0
0
0
0
0
0
-1
0
0
0
-1
0
0
-1
-1
0
0
0
0
0
1
1
-1
0
-1
0
0
0
0
0
0
0
0
1
0
0
0
0
-1
1
0
0
1
0
0
0
0
0
1
1
0
0
0
0
0
-1
0
-1
1
0
1
0
0
1
0
0
1
0
0
0
1
-1
-1
1
0
0
0
-1
0
0
1
0
0
0
0
0
0
-1
0
0
0
-1
0
0
1
1
-1
0
0
0
0
0
0
0
0
0
-1
1
0
0
1
0
0
0
0
1
-1
0
0
0
0
-1
1
0
0
-1
0
0
0
0
0
-1
0
-1
1
0
0
1
0
0
0
0
0
0
0
0
-1
0
0
0
1
0
1
0
0
0
0
-1
0
0
1
1
0
0
0
-1
-1
0
0
0
-1
0
0
1
0
1
0
0
1
0
0
1
0
0
0
0
0
0
0
0
0
0
0
-1
1
0
0
0
0
0
0
0
0
0
0
-1
0
-1
0
0
0
0
0
-1
0
0
0
1
0
0
0
0
0
0
0
0
0
-1
1
1
-1
0
0
0
0
0
0
0
0
0
0
0
0
0
-1
0
0
0
0
0
0
0
0
-1
0
0
0
0
-1
0
-1
0
0
0
0
0
-1
0
0
-1
0
0
0
1
0
0
0
0
0
0
1
0
0
0
0
0
1
0
0
0
1
1
0
0
0
0
0
0
0
0
1
1
1
0
0
-1
0
0
0
-1
-1
0
0
0
0
0
0
0
0
0
0
0
0
0
0
0
0
0
0
0
0
0
1
1
1
0
-1
0
0
0
0
0
0
1
-1
-1
0
0
0
0
0
1
0
-1
0
0
0
0
0
0
0
0
-1
0
0
0
0
1
0
0
0
0
0
-1
1
1
0
0
0
0
1
0
0
0
0
0
0
0
0
0
0
0
0
1
0
0
0
0
0
0
1
0
0
0
0
0
0
0
0
0
0
1
0
-1
0
0
0
0
-1
0
0
0
0
0
0
-1
0
0
-1
0
0
0
-1
1
0
0
0
0
0
0
0
0
0
0
0
0
0
-1
0
-1
0
0
0
0
0
0
0
0
0
1
0
0
0
0
0
0
0
0
0
0
0
1
0
0
0
0
0
0
0
0
0
-1
0
0
1
0
0
0
0
0
0
0
1
0
0
0
0
0
0
-1
0
1
0
0
0
0
0
0
0
0
-1
0
0
0
0
0
0
0
0
1
0
-1
0
1
0
0
-1
0
0
0
0
-1
0
0
0
0
1
0
0
0
0
0
0
0
0
-1
0
0
0
0
0
0
0
0
0
1
0
0
0
0
0
1
0
0
1
0
1
-1
0
0
0
0
0
0
0
0
-1
0
-1
-1
0
0
0
0
0
0
0
0
0
0
-1
0
-1
0
0
0
0
0
0
-1
0
0
0
0
0
0
0
0
0
0
0
0
0
0
0
0
0
1
1
0
-1
0
0
0
0
0
0
0
0
0
0
0
0
0
0
0
0
1
0
0
0
0
0
1
0
0
0
0
0
0
0
-1
-1
0
0
0
0
0
-1
-1
0
0
0
-1
1
0
0
-1
0
0
0
0
0
0
0
0
0
0
0
0
0
0
0
0
1
0
0
-1
0
0
0
0
0
0
1
0
0
-1
-1
0
0
0
0
-1
0
0
0
0
0
1
0
0
1
0
1
0
0
0
0
0
0
-1
0
0
0
0
0
0
1
0
0
0
0
0
0
-1
-1
0
-1
0
0
0
0
0
0
0
0
0
0
0
0
0
0
-1
0
0
0
0
1
0
0
0
0
0
0
0
0
0
0
-1
1
-1
0
0
0
0
0
0
0
0
1
0
1
0
0
0
1
-1
0
0
0
0
0
0
0
0
0
0
-1
0
0
0
0
1
1
0
1
0
0
0
0
0
0
0
0
0
0
-1
-1
-1
-1
0
0
0
0
0
-1
0
0
0
0
0
-1
0
-1
0
1
0
0
1
0
0
-1
0
-1
0
0
0
-1
0
1
-1
0
0
0
0
-1
0
1
0
-1
1
1
0
1
-1
0
0
1
0
0
-1
1
0
0
1
0
0
0
0
1
0
0
0
0
1
0
-1
0
-1
0
1
0
1
-1
0
1
0
0
0
0
0
-1
0
0
0
0
0
0
0
0
0
0
-1
0
1
0
1
0
-1
0
0
1
0
0
0
0
0
0
-1
0
-1
0
0
0
0
0
0
0
1
0
1
0
0
0
0
0
-1
0
0
0
0
0
-1
0
0
0
0
0
0
1
0
0
0
0
1
0
0
0
0
0
0
0
0
0
-1
0
1
0
0
0
0
0
0
0
0
0
0
0
0
0
0
0
-1
1
0
0
0
-1
0
0
0
1
0
0
0
-1
0
0
0
0
1
1
0
1
0
0
-1
0
-1
0
0
0
0
0
0
0
0
0
0
0
0
0
1
0
0
0
0
0
0
0
0
0
0
0
0
0
0
0
0
0
0
1
0
0
0
1
0
0
0
0
0
0
0
0
1
1
0
0
1
0
0
0
0
0
1
0
0
-1
1
0
-1
-1
0
0
0
0
0
1
0
1
0
0
0
1
0
-1
0
-1
0
0
-1
0
0
0
-1
0
0
0
0
0
0
0
0
1
-1
0
0
0
0
-1
0
0
0
0
0
1
0
0
0
0
0
0
0
0
1
1
0
0
0
0
0
0
0
0
0
1
0
-1
0
0
0
0
0
0
0
0
0
0
1
0
1
1
1
0
0
0
0
0
0
0
0
0
0
0
0
-1
0
0
0
-1
0
-1
0
0
0
0
0
0
0
-1
1
0
1
0
0
0
0
1
1
0
-1
0
1
-1
0
0
0
0
0
0
0
0
0
0
0
0
0
1
-1
0
0
0
0
0
0
0
-1
0
-1
0
0
0
0
0
-1
0
1
0
0
0
1
0
0
0
0
0
0
0
0
0
0
0
0
0
0
1
0
1
0
-1
-1
-1
0
0
0
0
0
0
0
-1
0
0
1
-1
0
1
0
0
0
0
0
0
0
-1
0
0
0
0
0
0
0
0
0
0
0
0
0
0
0
0
0
0
0
0
0
0
1
0
1
0
0
0
1
0
0
-1
1
0
-1
0
0
-1
0
0
0
0
-1
0
0
0
0
1
0
0
0
1
0
0
1
-1
0
0
0
0
0
0
-1
0
1
0
0
0
1
-1
0
0
0
-1
0
0
0
-1
0
1
0
-1
0
0
-1
-1
0
0
0
0
-1
-1
-1
0
0
0
0
0
0
0
0
0
1
0
-1
0
1
0
1
0
0
0
-1
0
0
0
0
0
0
-1
1
0
0
0
0
1
0
0
0
-1
0
1
0
0
0
0
0
0
0
0
0
0
-1
1
-1
0
1
0
0
0
0
0
0
0
0
0
0
0
0
0
0
0
1
0
0
0
0
-1
1
0
0
0
0
0
0
0
0
0
0
0
0
-1
0
0
0
-1
0
0
1
1
0
0
0
0
-1
0
1
0
-1
0
0
0
0
-1
0
0
0
0
0
-1
-1
0
0
0
0
1
0
0
0
0
-1
0
0
0
0
0
0
0
0
1
0
-1
0
0
-1
0
0
0
0
0
0
0
0
0
0
0
1
0
0
0
0
-1
-1
0
-1
0
0
0
-1
0
0
0
0
1
1
-1
0
0
-1
-1
0
0
-1
0
0
-1
0
0
-1
1
-1
0
0
-1
0
0
0
0
0
0
0
1
0
0
-1
1
1
0
0
0
0
0
0
0
0
0
1
0
0
0
0
0
0
-1
0
0
-1
0
0
1
0
0
1
0
0
0
1
0
0
0
0
0
0
1
-1
0
0
0
1
0
-1
0
0
0
0
0
-1
0
0
0
0
1
0
0
1
0
0
0
1
0
0
0
0
0
1
0
0
0
0
0
0
0
1
0
0
0
0
-1
0
0
-1
-1
0
-1
0
0
0
1
1
0
0
0
-1
1
0
0
0
0
1
0
1
0
0
1
1
0
0
0
0
0
-1
0
0
0
-1
0
0
1
0
0
0
0
1
0
1
0
0
0
0
-1
0
0
0
0
0
-1
0
0
0
1
1
0
0
-1
0
0
1
0
0
-1
1
0
0
0
0
-1
0
0
0
0
0
0
0
0
0
0
0
1
0
0
0
-1
0
1
0
0
1
-1
0
-1
-1
0
0
0
0
0
0
0
0
-1
0
-1
1
0
1
1
0
0
0
0
0
0
0
0
0
0
0
0
0
0
1
0
-1
0
0
0
0
0
0
-1
0
0
-1
0
0
0
0
0
0
0
1
1
0
0
0
0
0
0
0
-1
0
0
0
0
0
0
-1
-1
0
0
0
0
0
1
0
1
-1
0
0
-1
0
0
0
1
0
0
0
0
0
0
0
1
0
1
0
0
0
-1
-1
0
0
0
0
1
0
-1
0
0
0
0
1
0
-1
0
0
0
0
0
1
0
0
0
0
0
0
0
0
0
0
1
0
0
0
0
0
0
0
0
0
0
0
0
0
-1
-1
0
0
0
0
0
0
-1
0
0
-1
0
0
0
0
0
0
0
0
0
0
0
0
0
0
0
0
0
-1
0
0
1
0
0
-1
1
0
0
0
0
0
0
0
0
0
0
-1
1
0
0
-1
0
0
0
1
0
-1
0
0
0
0
0
0
0
1
-1
0
-1
0
-1
-1
0
0
0
1
0
0
0
0
0
1
0
-1
-1
0
0
0
0
0
0
0
-1
0
-1
0
1
0
0
0
0
1
0
0
0
0
0
-1
-1
0
0
0
0
-1
0
1
0
1
0
0
0
0
-1
0
0
0
-1
0
0
0
0
0
0
0
0
-1
0
0
0
1
0
1
0
-1
0
1
0
0
-1
0
0
0
0
0
0
1
0
1
0
0
0
0
0
1
0
1
0
0
0
1
0
0
0
0
0
-1
0
0
0
0
0
0
0
0
0
-1
0
0
0
0
0
0
0
0
0
0
1
0
1
0
0
1
0
0
1
0
0
1
0
0
1
0
0
0
0
0
0
0
0
0
0
0
1
0
0
-1
0
0
-1
0
-1
0
0
1
1
0
0
0
-1
0
0
0
0
0
0
1
0
0
-1
0
0
0
0
-1
0
1
0
0
0
0
0
-1
0
0
0
0
0
0
0
1
0
0
0
0
0
-1
0
0
0
0
0
1
0
0
0
0
0
0
0
1
0
-1
0
-1
1
0
0
0
0
-1
0
-1
0
0
0
0
-1
1
0
0
0
1
0
-1
0
1
1
0
-1
0
0
0
0
0
0
0
0
-1
0
0
0
0
1
-1
0
0
-1
0
0
0
0
0
1
1
0
0
0
-1
-1
0
0
0
1
0
0
0
0
0
0
1
0
0
-1
0
0
1
0
0
0
0
0
1
0
0
-1
0
0
0
0
0
0
0
0
1
0
0
0
0
0
0
0
0
1
0
0
0
0
0
0
-1
0
0
0
0
1
0
0
1
0
0
0
1
-1
0
-1
0
0
0
1
0
0
0
0
0
0
1
0
0
0
0
0
0
0
0
0
-1
0
0
0
1
0
0
0
1
0
0
0
0
0
0
0
0
0
0
1
0
1
0
-1
0
0
-1
0
0
0
-1
0
0
0
-1
0
-1
1
-1
1
0
0
0
0
0
1
0
1
0
0
0
0
0
0
0
0
0
0
0
1
0
0
-1
0
0
0
0
0
0
0
0
0
0
-1
0
0
1
0
0
-1
0
0
0
0
0
0
0
0
-1
0
1
0
0
0
0
1
0
0
0
0
0
-1
0
0
-1
0
0
0
0
0
0
0
0
0
0
0
1
1
1
1
0
0
-1
1
0
0
0
0
0
0
0
0
0
0
0
0
1
0
0
1
0
1
0
0
1
0
0
0
0
1
0
0
-1
0
0
1
1
0
0
-1
0
-1
-1
0
0
0
1
1
0
-1
0
1
0
0
0
0
1
0
1
-1
0
1
0
0
0
-1
0
0
0
1
0
-1
0
-1
-1
0
0
1
0
0
0
1
1
0
0
1
1
-1
0
-1
0
0
0
1
0
0
0
0
-1
0
0
-1
0
0
-1
-1
1
0
0
0
0
-1
0
1
0
0
0
-1
1
0
1
0
1
-1
0
0
0
-1
0
0
0
0
0
0
0
0
0
0
0
0
0
0
0
0
0
1
0
0
0
0
1
0
0
0
0
0
0
0
0
0
0
0
0
0
0
0
0
0
0
0
0
1
0
0
0
0
-1
0
0
1
0
0
0
0
0
-1
0
0
0
0
0
0
-1
0
0
-1
0
0
0
-1
0
0
0
0
-1
0
0
0
0
0
0
0
0
0
0
0
0
0
0
0
-1
0
0
0
-1
0
-1
0
-1
0
0
0
0
1
0
0
0
0
-1
1
0
0
0
0
0
1
0
0
0
0
0
0
1
0
0
0
0
-1
0
-1
0
0
0
0
0
0
0
0
0
0
0
0
0
0
0
0
0
1
0
1
1
0
1
0
0
0
0
0
1
0
1
0
0
0
1
0
0
-1
0
0
1
0
-1
0
0
0
0
-1
-1
1
0
0
1
0
0
1
0
0
0
-1
1
0
0
0
0
0
0
-1
0
0
0
0
0
0
0
0
0
0
0
0
0
0
0
0
0
0
0
0
-1
0
-1
0
-1
0
0
0
0
0
-1
0
-1
1
0
0
0
0
0
-1
0
-1
0
-1
0
0
0
0
-1
0
-1
0
1
0
0
0
0
0
0
1
0
0
0
0
0
0
-1
0
0
0
0
0
0
0
0
1
0
1
1
0
0
0
0
0
0
0
0
0
0
1
0
1
0
0
0
0
0
0
0
1
0
0
0
1
0
1
1
0
0
0
0
-1
0
0
1
0
0
0
0
0
0
0
0
0
0
0
0
0
-1
0
0
0
0
0
0
0
0
0
-1
0
1
0
0
0
0
0
0
0
-1
1
0
0
0
1
0
1
0
0
0
0
0
0
0
-1
0
1
0
0
0
1
0
0
0
0
-1
1
1
0
0
1
0
0
0
0
0
0
0
0
-1
0
0
0
0
1
0
0
0
0
0
0
-1
-1
1
0
0
1
0
0
-1
0
-1
1
0
1
0
0
0
0
1
-1
0
0
0
0
0
0
0
0
0
0
0
0
0
0
-1
0
0
0
0
1
0
0
0
0
0
0
0
0
-1
0
0
0
-1
0
0
1
0
-1
0
0
0
0
1
1
1
0
0
-1
0
0
-1
0
0
0
0
-1
0
0
0
0
0
0
1
0
0
0
0
0
1
0
0
0
0
0
0
0
-1
1
-1
0
-1
0
0
0
0
-1
0
0
0
0
0
0
0
0
0
1
0
0
0
0
0
0
0
0
0
0
0
0
0
0
-1
0
0
0
1
0
0
0
0
-1
0
-1
0
1
0
0
1
0
0
0
0
0
0
0
0
0
0
1
-1
0
-1
0
0
-1
0
0
0
0
-1
0
0
0
0
0
1
0
0
0
0
0
0
0
-1
0
0
0
0
0
0
-1
0
0
0
0
0
0
-1
0
-1
0
0
0
0
1
0
0
0
0
0
0
0
0
0
0
0
0
1
0
0
0
0
1
0
-1
0
1
0
0
0
0
0
0
0
-1
-1
0
0
0
1
0
-1
0
0
-1
0
0
0
-1
0
0
1
0
0
0
0
0
0
1
0
0
0
0
1
0
0
0
1
1
0
0
0
0
0
0
1
0
1
0
0
0
1
0
0
0
-1
1
1
0
-1
0
0
0
0
0
0
0
0
0
0
0
1
0
1
0
0
0
0
0
-1
0
1
0
0
-1
0
-1
0
0
-1
0
0
0
0
0
0
0
0
0
0
0
0
0
0
0
0
0
0
0
0
0
0
0
0
0
0
0
0
0
0
0
0
0
-1
0
0
0
0
0
0
0
-1
0
0
0
0
0
0
0
0
0
0
0
0
0
0
0
0
0
0
0
0
0
0
1
-1
0
0
0
0
0
0
0
1
0
0
0
0
0
-1
0
0
0
0
0
0
0
0
0
0
-1
-1
-1
-1
0
-1
0
0
0
0
0
0
-1
-1
0
-1
0
0
0
-1
0
0
0
0
0
0
0
1
0
0
0
0
0
0
0
0
0
0
1
1
0
0
0
0
0
0
0
0
0
0
0
1
0
0
0
0
0
1
1
0
0
0
0
0
-1
0
0
0
0
0
0
1
0
0
1
0
0
0
1
0
0
1
0
1
1
0
0
0
0
0
0
0
0
0
0
1
0
1
1
-1
0
0
0
0
0
0
0
0
0
0
0
1
0
0
1
0
0
0
1
0
0
0
-1
0
0
0
0
0
0
0
0
0
0
1
0
0
0
-1
-1
0
0
0
0
0
0
0
0
0
0
-1
0
1
0
0
0
0
0
0
0
-1
0
1
0
0
0
0
-1
0
-1
-1
0
0
0
0
1
0
0
0
0
0
0
0
0
1
1
0
1
-1
0
0
0
0
0
0
0
0
0
0
0
0
0
0
0
0
0
0
0
0
0
0
0
0
0
0
0
0
-1
1
0
1
0
0
1
0
0
0
0
0
1
-1
0
0
0
0
0
1
0
0
-1
0
0
0
0
1
0
0
1
-1
-1
0
0
0
0
0
0
0
0
0
0
0
-1
0
0
0
1
0
0
0
0
1
0
-1
-1
0
0
0
-1
0
0
0
0
0
-1
0
0
0
0
-1
0
0
0
0
0
0
0
0
0
0
0
0
0
0
-1
0
0
0
0
0
0
0
0
0
1
0
-1
0
0
0
0
0
0
0
0
0
0
0
0
0
0
0
0
0
0
0
-1
0
0
0
0
0
0
0
0
0
0
0
0
0
1
0
0
0
0
0
0
0
1
0
0
0
1
1
0
0
0
-1
1
1
0
0
0
0
0
0
0
1
0
0
0
1
0
0
0
0
0
-1
0
0
0
0
0
0
0
0
0
0
-1
-1
-1
0
0
0
0
-1
0
0
0
0
0
0
0
0
0
1
0
1
0
0
0
0
0
0
1
-1
0
1
-1
0
0
0
0
0
0
0
-1
0
0
0
-1
0
-1
0
0
0
0
0
-1
0
0
0
0
0
0
-1
0
0
0
0
0
0
0
0
-1
-1
0
0
0
0
0
1
0
0
0
0
0
-1
0
0
0
0
0
0
0
0
0
1
0
1
0
0
1
-1
1
0
0
0
-1
-1
0
0
0
-1
0
-1
0
0
0
-1
0
0
0
0
1
0
0
0
0
0
0
1
0
1
0
0
0
0
0
0
1
0
0
0
1
1
0
0
0
0
0
0
0
0
-1
1
0
0
0
0
0
0
0
1
0
0
-1
0
0
0
-1
-1
0
0
1
0
-1
0
0
0
0
0
0
-1
-1
0
0
-1
1
0
1
0
0
0
0
0
0
1
0
0
0
-1
0
0
0
0
0
1
-1
0
0
0
0
0
0
0
0
0
1
0
0
0
0
0
0
-1
0
0
-1
0
0
-1
0
0
0
0
0
0
0
0
1
0
0
-1
1
0
0
-1
-1
0
0
0
1
-1
0
0
0
-1
1
0
0
0
1
-1
0
0
0
0
0
0
0
0
0
0
0
-1
0
0
0
0
0
0
0
0
0
0
1
-1
0
0
-1
1
0
0
0
0
0
0
0
0
0
0
0
0
0
0
-1
0
0
0
0
0
0
0
-1
0
0
1
0
1
1
0
0
1
1
1
1
1
2
2
0
1
0
1
1
1
1
1
1
1
0
1
0
0
0
0
-1
1
0
0
1
0
0
0
0
0
1
1
0
0
0
0
0
-1
0
-1
1
0
1
0
0
1
0
0
1
0
0
0
1
-1
-1
1
0
0
0
-1
0
0
1
0
0
0
0
0
0
-1
0
0
0
-1
0
0
1
1
-1
0
0
0
0
0
0
0
0
0
-1
1
0
0
1
0
0
0
0
1
-1
0
0
0
0
-1
1
-1
-1
-2
-2
-1
-1
-1
-1
-2
-2
-4
-2
-2
-2
0
-1
0
-1
-1
-2
-2
-3
-3
-4
-2
-2
-2
0
0
1
1
1
2
2
1
2
3
5
7
9
11
14
15
19
24
29
33
33
35
34
34
33
34
33
31
31
28
25
25
22
21
18
15
13
10
7
5
2
-1
-4
-7
-6
-8
-10
-12
-16
-19
-21
-22
-22
-23
-25
-30
-33
-36
-36
-36
-35
-34
-35
-38
-39
-39
-39
-38
-38
-37
-36
-35
-35
-35
-36
-37
-35
-33
-28
-25
-27
-27
-29
-29
-26
-21
-17
-14
-12
-10
-8
-4
0
3
6
11
17
24
30
34
37
40
45
52
64
73
80
85
87
89
91
95
99
102
102
101
99
100
100
97
94
89
85
83
80
76
71
63
54
46
41
36
32
26
16
6
-2
-10
-17
-23
-30
-39
-46
-51
-56
-61
-67
-74
-81
-87
-92
-97
-105
-113
-122
-130
-135
-138
-138
-138
-138
-138
-139
-139
-135
-130
-124
-118
-114
-111
-107
-103
-98
-92
-84
-76
-67
-55
-44
-31
-19
-6
7
21
36
53
71
91
108
120
129
137
144
152
157
161
164
164
164
163
162
161
159
159
163
166
168
166
159
151
143
138
134
131
125
113
98
83
68
56
46
37
28
18
11
3
-6
-16
-27
-38
-48
-59
-69
-81
-96
-114
-132
-150
-167
-184
-202
-222
-244
-265
-285
-302
-314
-324
-333
-342
-349
-354
-357
-358
-357
-354
-347
-335
-318
-298
-279
-258
-239
-214
-179
-139
-94
-51
-12
26
62
100
140
178
215
247
279
308
335
362
384
402
417
434
451
470
486
498
503
505
506
508
510
509
500
481
455
425
398
371
347
324
300
277
258
242
229
218
207
196
183
172
163
151
135
114
91
70
51
36
23
8
-12
-38
-68
-103
-146
-196
-255
-322
-395
-476
-559
-649
-743
-843
-945
-1043
-1137
-1221
-1297
-1362
-1415
-1455
-1474
-1470
-1441
-1385
-1305
-1203
-1075
-927
-762
-583
-394
-200
-5
186
369
540
693
829
944
1041
1120
1183
1229
1255
1261
1251
1224
1185
1137
1079
1009
930
844
758
669
578
488
398
316
242
179
131
93
60
30
1
-26
-50
-68
-83
-95
-109
-123
-139
-154
-167
-177
-184
-189
-185
-173
-153
-127
-94
-57
-16
33
92
157
225
292
351
409
462
519
574
627
671
705
729
742
743
728
695
638
558
457
333
187
17
-177
-393
-620
-850
-1076
-1297
-1512
-1719
-1917
-2093
-2242
-2360
-2443
-2491
-2500
-2463
-2370
-2220
-2015
-1763
-1475
-1158
-820
-470
-121
216
529
812
1064
1283
1468
1618
1733
1818
1872
1898
1899
1879
1838
1780
1704
1608
1491
1350
1188
1013
837
666
503
347
203
72
-42
-140
-227
-305
-372
-431
-478
-512
-542
-566
-585
-602
-618
-631
-643
-652
-655
-650
-641
-624
-598
-556
-503
-440
-372
-304
-233
-160
-82
-2
79
156
237
319
407
499
594
692
794
898
1007
1115
1215
1297
1352
1377
1370
1333
1270
1180
1072
952
830
707
589
473
359
245
133
19
-95
-218
-352
-499
-657
-821
-981
-1136
-1279
-1412
-1530
-1628
-1706
-1763
-1810
-1849
-1883
-1915
-1940
-1959
-1967
-1962
-1937
-1883
-1789
-1647
-1457
-1229
-968
-683
-376
-52
283
612
923
1201
1439
1631
1778
1877
1930
1940
1914
1863
1795
1714
1622
1521
1412
1294
1166
1024
864
689
504
317
135
-47
-221
-389
-543
-673
-774
-849
-902
-940
-958
-954
-929
-891
-855
-828
-806
-777
-732
-681
-619
-554
-477
-382
-267
-134
3
136
260
375
484
586
684
774
849
903
947
988
1035
1091
1148
1200
1244
1284
1328
1373
1406
1414
1385
1324
1251
1180
1114
1040
953
851
746
649
569
486
373
223
51
-135
-328
-523
-719
-932
-1158
-1386
-1605
-1818
-2021
-2219
-2440
-2693
-2970
-3240
-3481
-3685
-3842
-3933
-3948
-3846
-3582
-3131
-2524
-1831
-1111
-382
346
1065
1733
2277
2632
2823
2926
2997
3024
2987
2902
2789
2681
2606
2563
2520
2427
2263
2058
1835
1579
1267
901
497
106
-245
-543
-803
-1026
-1183
-1246
-1236
-1192
-1144
-1087
-1007
-918
-842
-798
-798
-845
-914
-968
-1007
-1064
-1137
-1194
-1210
-1169
-1062
-913
-750
-585
-390
-167
56
245
380
451
477
489
497
489
474
480
521
595
705
854
1034
1223
1399
1548
1649
1690
1673
1597
1466
1291
1080
850
627
440
297
184
85
-12
-100
-162
-207
-262
-356
-485
-623
-750
-852
-928
-984
-1029
-1043
-1009
-915
-774
-602
-417
-235
-54
128
308
467
595
693
767
808
820
816
796
752
684
592
487
375
270
173
61
-76
-229
-388
-551
-732
-939
-1171
-1423
-1681
-1923
-2128
-2290
-2404
-2461
-2440
-2343
-2190
-1991
-1752
-1489
-1228
-981
-759
-572
-409
-250
-82
89
248
401
559
739
940
1131
1287
1399
1472
1526
1570
1593
1568
1482
1364
1257
1178
1107
1031
946
860
793
756
748
737
711
673
643
629
625
618
607
593
576
556
532
502
465
427
383
327
252
175
121
101
105
126
148
168
189
224
278
337
376
406
468
550
613
686
821
965
1025
1009
990
964
877
731
549
320
53
-209
-467
-774
-1127
-1470
-1851
-2382
-3025
-3623
-4158
-4717
-5262
-5647
-5843
-5872
-5642
-5031
-4125
-3120
-2103
-1044
26
1038
1966
2706
3057
3014
2916
3000
3093
2940
2610
2345
2247
2313
2513
2718
2739
2564
2392
2330
2259
2005
1524
900
278
-172
-398
-571
-875
-1222
-1309
-1066
-753
-586
-494
-354
-204
-106
-25
11
-123
-421
-680
-814
-960
-1181
-1383
-1527
-1609
-1522
-1246
-997
-905
-799
-508
-157
33
32
-34
-78
-110
-150
-212
-326
-447
-456
-308
-50
300
690
1008
1260
1593
2018
2337
2416
2308
2144
2002
1859
1630
1315
1023
825
667
527
449
409
332
221
109
-29
-197
-346
-515
-768
-1030
-1173
-1239
-1318
-1328
-1156
-866
-589
-316
29
418
776
1066
1257
1349
1415
1458
1382
1208
1061
936
741
494
252
-33
-358
-661
-1005
-1509
-2132
-2759
-3401
-4090
-4691
-5070
-5326
-5562
-5579
-5099
-4198
-3156
-2101
-1056
-65
945
2066
3097
3637
3645
3501
3480
3477
3305
2969
2555
2131
1845
1844
2002
1997
1724
1417
1262
1167
974
611
34
-685
-1245
-1474
-1611
-1904
-2219
-2272
-2022
-1647
-1276
-930
-595
-297
-29
246
454
477
353
198
37
-113
-221
-355
-576
-733
-666
-432
-220
-85
75
330
613
802
857
820
742
670
617
544
435
372
454
663
927
1238
1604
1949
2187
2358
2541
2674
2624
2411
2200
2055
1868
1581
1287
1067
888
729
617
551
482
366
212
58
-78
-244
-504
-825
-1132
-1418
-1684
-1901
-2087
-2280
-2433
-2490
-2524
-2614
-2687
-2730
-2970
-3506
-4078
-4510
-4994
-5636
-6133
-6239
-6111
-5813
-5034
-3624
-1952
-388
1082
2499
3794
5029
6172
6715
6297
5480
5057
4925
4412
3448
2563
2024
1700
1582
1722
1849
1622
1148
819
733
624
219
-553
-1547
-2377
-2676
-2595
-2679
-3054
-3176
-2625
-1744
-1077
-638
-141
418
836
1096
1271
1250
895
346
-121
-429
-704
-1047
-1452
-1765
-1772
-1418
-979
-766
-665
-298
361
916
1114
1114
1095
1034
920
903
1038
1123
1035
982
1218
1722
2296
2727
2872
2865
3008
3243
3181
2725
2176
1738
1335
877
419
69
-141
-328
-552
-704
-684
-591
-582
-689
-796
-791
-737
-769
-840
-813
-689
-599
-655
-780
-740
-528
-484
-702
-884
-948
-1111
-1361
-1667
-2270
-3195
-4050
-4754
-5633
-6636
-7238
-7256
-7044
-6670
-5613
-3687
-1505
426
2224
3906
5271
6506
7703
8135
7287
5964
5217
4876
4089
2756
1583
952
574
330
460
751
615
94
-236
-278
-428
-937
-1794
-2824
-3631
-3845
-3609
-3444
-3513
-3268
-2238
-870
97
740
1520
2311
2700
2736
2650
2357
1684
778
18
-475
-988
-1713
-2378
-2635
-2430
-1928
-1420
-1157
-981
-537
106
574
774
884
990
1095
1293
1656
2070
2328
2429
2660
3225
3900
4239
4092
3726
3516
3530
3419
2835
1882
1051
633
393
-61
-707
-1202
-1431
-1556
-1630
-1557
-1402
-1343
-1364
-1224
-820
-337
-54
-16
-7
181
419
420
229
67
-37
-182
-457
-989
-1757
-2346
-2650
-3385
-4837
-6150
-6788
-7498
-8949
-10250
-10286
-9541
-8733
-7474
-5137
-1798
1640
4476
6717
8392
9942
11619
12204
10814
8450
6675
5844
4762
2769
929
28
-449
-1025
-1235
-691
-295
-766
-1522
-1876
-1774
-1879
-2893
-4450
-5528
-5454
-4419
-3493
-3217
-2691
-951
1442
3114
3863
4596
5395
5536
4949
4136
3206
1873
124
-1637
-2956
-3673
-4057
-4562
-5077
-4864
-3584
-2069
-1397
-1443
-1111
-78
702
623
334
575
1140
1627
2300
3325
4350
5124
5557
5791
6164
6427
6066
5103
3925
2869
1855
620
-634
-1623
-2254
-2449
-2467
-2535
-2265
-1488
-875
-801
-737
-301
147
383
571
827
1197
1559
1663
1654
1910
2245
2113
1393
459
-305
-956
-1922
-3333
-4691
-5461
-5869
-6641
-7935
-9074
-9472
-9789
-11069
-12472
-12232
-10412
-8347
-6367
-3488
903
5885
10125
12943
14150
14485
14996
14994
12856
8904
5479
3662
1927
-936
-3699
-4916
-5232
-5846
-6171
-5083
-3386
-2832
-3421
-3581
-2651
-1637
-1642
-2597
-3421
-2969
-1180
707
1642
2311
4062
6594
8207
8295
7896
7505
6219
3674
1004
-1028
-3177
-6033
-8671
-9888
-9626
-8770
-8090
-7535
-6211
-3579
-684
884
1167
1689
3115
4530
5164
5394
5852
6507
7069
7543
8044
8275
7664
6212
4718
3706
2617
578
-2221
-4484
-5310
-5240
-5390
-5853
-5642
-4214
-2269
-758
297
1464
2729
3521
3668
3712
3973
4020
3480
2868
2908
3360
3252
2208
987
408
167
-771
-2757
-4886
-6134
-6733
-7524
-8540
-9001
-8565
-8104
-8373
-8732
-8465
-8262
-9300
-10809
-10507
-8030
-5000
-2499
159
4932
11284
15554
16378
15391
14367
14266
13447
9546
3668
-1140
-3786
-5816
-8419
-10213
-10003
-8785
-7514
-5775
-2899
392
2214
1979
1326
1862
3071
3139
1494
-252
-27
2196
4360
5051
5140
5993
7291
7472
5901
3595
1281
-1759
-5748
-9137
-10792
-11639
-12682
-13179
-11826
-8462
-4304
-962
1114
3137
6073
8763
9311
7823
6195
5459
4942
3989
3088
2922
3298
3630
3942
4569
4970
3885
1131
-1660
-2995
-3486
-4821
-7060
-8204
-6767
-3695
-994
809
2789
5496
7943
8974
8698
7941
6818
4878
2363
342
-693
-1474
-2594
-3327
-2691
-1200
-473
-1288
-2650
-3100
-2736
-3191
-5181
-7209
-7534
-6349
-5151
-4605
-3903
-2298
-722
-591
-1428
-1849
-2594
-5665
-10250
-12601
-10852
-7533
-5609
-3796
1227
8964
14999
16557
15153
13797
13485
12161
7328
44
-5757
-8373
-9683
-11018
-11157
-8936
-5443
-2580
-310
2966
6914
8472
6166
2700
1293
1533
727
-1957
-4262
-3482
249
3913
5265
5463
6627
7966
6943
3442
-302
-3540
-7510
-11932
-14235
-13181
-10714
-9025
-7514
-4097
1423
6656
9207
9067
8164
7906
7500
5104
904
-2286
-2670
-1696
-932
393
2832
4954
5759
5970
6046
5119
2463
-1252
-4323
-5534
-5298
-4871
-4552
-3284
-179
3946
7062
8084
7903
7730
7240
5380
2321
-523
-2345
-3486
-4208
-4040
-2735
-1097
-166
143
810
1662
1166
-997
-3229
-4241
-4341
-4712
-5741
-6231
-4901
-2519
-1073
-534
348
784
-410
-2714
-5178
-7959
-11947
-15777
-16616
-14059
-9140
-3873
357
6132
13752
18536
18644
15708
11986
9400
6731
1848
-4441
-9330
-10824
-10038
-8876
-6885
-3622
-267
1895
2766
3697
5195
5171
2005
-2071
-3478
-2139
-728
-480
-181
1911
5891
9351
9706
7436
5055
3022
-397
-5200
-9094
-11156
-12534
-13305
-11799
-7549
-2541
1122
3382
5473
7732
9033
8220
5501
2395
489
-9
-268
-927
-950
690
3154
4725
4976
4640
3836
1991
-550
-2432
-3177
-3792
-4837
-5087
-3100
578
3797
5295
5840
6609
7329
6693
4340
1527
-374
-1300
-2029
-2748
-2921
-2199
-942
180
797
935
663
-96
-1205
-2319
-3174
-3665
-4077
-4529
-4143
-2338
-359
187
-244
-90
481
352
-691
-2492
-4599
-6345
-7329
-8112
-10478
-13748
-14321
-10972
-5432
-308
3558
8539
14219
17165
17193
14881
10602
6859
4207
699
-4194
-8596
-9922
-8405
-6490
-4663
-2097
556
1605
960
804
2064
2535
414
-2418
-2470
668
3973
5113
4795
5123
6656
7582
5942
1978
-2257
-5299
-7529
-9626
-10771
-9982
-8163
-6555
-4341
-478
3566
5511
5257
4484
4434
4796
4215
2193
302
405
2067
3105
2465
1364
1319
1916
1531
-182
-1897
-2618
-2617
-2254
-1246
504
2228
3161
3551
4157
4899
4828
3505
1784
840
822
885
444
-58
127
950
1548
1216
28
-1332
-2216
-2564
-2795
-3149
-3296
-2750
-1431
23
819
890
446
-452
-1288
-1523
-1625
-2341
-3225
-3289
-2824
-2456
-2169
-2381
-3430
-4873
-6102
-7624
-11234
-15715
-16524
-12165
-5181
956
5410
10832
16420
18227
16548
13001
8153
3776
210
-3633
-7617
-10444
-10459
-7888
-4613
-1293
1948
3998
3843
2264
1402
1699
1267
-851
-2765
-1868
1713
5287
6904
6794
6146
5551
4280
1070
-3796
-8111
-10307
-10859
-10280
-8150
-4863
-1833
462
2734
5182
6745
6243
3971
1770
1111
1570
1778
1375
1316
2391
3938
4308
2637
-241
-2762
-4048
-4242
-3938
-3466
-2655
-1037
1552
4485
6510
6696
5322
3656
2654
2092
1150
-276
-1174
-591
1123
2640
3019
2312
1066
-215
-1331
-2411
-3726
-5020
-5267
-3689
-1004
1120
1994
2276
2541
2589
2015
602
-1488
-3378
-4098
-3426
-2108
-979
-284
116
579
676
-351
-2351
-4492
-6692
-8738
-9890
-10525
-12143
-14922
-14134
-7219
1868
8185
10741
13491
16461
17058
14585
8740
2135
-2114
-3848
-5268
-6875
-7468
-6582
-4262
-1228
1766
3216
1976
-879
-2934
-2463
-238
1335
1473
2042
4622
8237
10076
8529
4792
1027
-1837
-4219
-6736
-9368
-11030
-10314
-7190
-3060
597
2679
2843
2361
2885
3805
3054
751
-612
278
2322
4156
5284
5398
4387
2732
958
-924
-3204
-5750
-7311
-6282
-2839
845
3143
4397
5513
6521
6805
5762
3247
103
-1929
-1665
150
1684
2219
2519
3059
3243
2472
805
-1415
-3636
-4890
-4530
-3123
-1836
-895
490
2458
3754
3242
1263
-984
-2491
-2884
-2665
-2387
-1911
-1099
-91
1090
2132
1906
-165
-2784
-4704
-5908
-6443
-6599
-6663
-6443
-5877
-4882
-5090
-8667
-12922
-12347
-5499
2742
6852
9031
13464
17234
16958
13096
6997
1518
-1827
-4513
-6692
-7323
-6623
-5346
-3501
-498
2917
4338
2248
-1662
-3321
-1126
1741
2349
2217
4151
7518
9417
8620
5745
1629
-2652
-5947
-7755
-8330
-8432
-8485
-7543
-4449
-193
2763
3259
2106
868
642
1093
932
272
1001
3712
6400
7322
6780
5142
1988
-1982
-4922
-6203
-6694
-6635
-5041
-1386
3124
6395
7411
6877
5897
4745
3136
1091
-765
-1600
-1020
664
2690
4141
4392
3533
2203
789
-854
-2771
-4442
-4986
-3872
-1483
1071
2704
3150
2955
2527
1289
-1134
-3611
-4511
-3579
-1790
56
1409
2073
2031
1418
280
-1092
-2565
-4242
-5090
-5016
-4655
-4542
-4258
-3312
-2873
-3182
-4233
-5837
-9358
-14750
-16692
-12063
-2284
6421
10164
13482
16984
17416
13791
6681
-7
-3601
-5089
-6347
-6502
-4200
-1509
239
1290
2346
3106
1621
-2684
-6638
-5804
-905
3551
5798
7651
9887
10677
8611
4431
-234
-4800
-9017
-11398
-10282
-6499
-3052
-1457
-320
1628
3079
2109
-966
-3834
-4460
-2811
-296
2291
5243
8143
9389
8277
5901
3263
2
-4097
-7438
-7990
-5884
-3084
-641
1958
4647
6107
5654
4156
2644
1239
24
-288
695
2245
3444
4146
4479
4189
2979
913
-1578
-3665
-4466
-3869
-2502
-900
759
2212
2909
2450
1159
-126
-1196
-2510
-3694
-3468
-1656
266
1120
1256
1362
1154
-19
-1683
-2628
-2728
-2830
-3049
-2816
-2352
-2506
-3333
-3817
-3421
-3356
-4814
-6600
-7604
-9709
-13487
-14130
-7773
1836
8518
11454
13498
15278
14514
9684
2600
-2861
-4505
-3635
-2642
-1912
-395
1494
1824
234
-1252
-1586
-2456
-4783
-5734
-2224
4054
8551
9847
9909
9436
6973
2394
-2104
-4909
-6675
-8231
-8421
-5869
-1889
683
791
-500
-1878
-2836
-3783
-4897
-4916
-2724
752
4191
7430
9807
9681
6721
2762
-14
-1185
-2415
-4762
-6327
-4916
-1808
167
733
1507
2837
3683
3781
4013
4580
4515
3668
3234
3559
3554
2629
1278
58
-660
-836
-1046
-1537
-1551
-674
366
851
805
578
445
468
577
902
1408
1500
465
-1297
-2274
-1738
-611
-193
-342
-141
168
-138
-830
-1399
-1854
-2600
-3641
-3985
-3908
-4118
-4449
-4741
-4148
-3419
-4333
-6786
-9292
-12656
-17062
-18435
-13203
-1745
8550
12917
14870
16410
16322
12076
4417
-2231
-5315
-5174
-3864
-2788
-1394
845
2232
1293
-587
-1334
-1790
-3759
-5075
-2249
3659
8189
9453
9322
8807
6364
1476
-3342
-5714
-6153
-6236
-5820
-4003
-1400
310
296
-1019
-2787
-4320
-5098
-4713
-2925
68
3445
6206
7917
8672
8083
5363
1069
-2365
-3041
-1796
-804
-720
-588
-83
-3
-580
-958
-698
-283
193
1502
3796
5818
6331
5542
4439
3360
1983
264
-1230
-1877
-1608
-959
-528
-371
-169
11
-364
-1283
-1802
-1169
116
1091
1628
2081
2138
1188
-395
-1453
-1497
-1032
-502
230
1071
1204
197
-1109
-1856
-2427
-3330
-4046
-4064
-3706
-3223
-2468
-1739
-1614
-2288
-3874
-6296
-8518
-9807
-11655
-15064
-16225
-9947
2055
11718
14685
14383
14638
13653
8304
367
-5186
-5951
-3565
-751
1240
2671
3393
1993
-1580
-4380
-4509
-4154
-4864
-3551
2286
9145
11846
10199
7610
5548
2719
-1546
-5522
-6933
-5451
-2831
-883
-158
-660
-2256
-4042
-4875
-4905
-5131
-5388
-4187
-821
3281
5821
6020
5126
4457
3806
2412
691
-161
151
767
925
616
-26
-1282
-3121
-4226
-3113
-345
2176
3978
5792
7115
6708
4867
2850
1097
-356
-977
-544
367
1180
1522
967
-296
-1399
-2110
-2808
-3065
-2047
-102
1617
2581
3037
3126
2482
818
-1259
-2514
-2447
-1604
-573
609
1834
2249
969
-1443
-3126
-3317
-3026
-3067
-2772
-1722
-971
-1041
-1484
-2278
-3804
-5414
-6667
-7932
-8893
-9080
-10014
-13768
-15658
-9552
2274
11222
12752
12376
13541
13133
8134
490
-3930
-3534
-604
1820
2507
2497
1631
-1073
-4524
-5607
-4140
-3269
-3528
-1209
5090
10881
11633
8122
4354
1961
-305
-2730
-3842
-3197
-1882
-474
835
964
-1099
-4613
-7398
-7691
-5855
-3957
-3099
-2236
-240
2441
4482
4953
3939
2514
1824
2070
2691
3095
2881
1931
764
119
-220
-1197
-2679
-2995
-1003
2118
4044
4148
3961
4338
4137
2769
1410
845
798
1334
2399
3044
2640
1388
-375
-1903
-2344
-2049
-1822
-1297
126
1782
2472
1850
644
-263
-716
-1165
-1629
-1703
-1171
-156
985
1695
1480
339
-1426
-2827
-3040
-1915
-715
-407
-359
-699
-1600
-3261
-4918
-6096
-6462
-5965
-5773
-5992
-6783
-7239
-10499
-16429
-16615
-8400
3625
11358
13266
14294
14949
11943
4443
-2365
-4240
-2034
993
3046
3960
3509
1426
-2546
-5645
-5465
-3961
-3544
-3218
437
7274
11605
10133
6023
2572
-37
-2144
-3212
-2822
-1521
96
1745
2750
1808
-1832
-6517
-9076
-8220
-5428
-2790
-1364
-846
-109
1460
2912
2851
1622
1149
2400
4179
4970
4709
3926
2586
799
-759
-1952
-3254
-4150
-3139
-85
2925
4000
3530
2857
2277
1634
1529
2224
2751
2534
2331
2697
3080
2703
1335
-451
-1596
-1787
-1765
-1822
-1255
180
1557
1839
913
-332
-957
-944
-930
-1012
-583
541
1572
1689
1054
400
-145
-942
-1504
-895
522
1327
709
-812
-2395
-3869
-5102
-5714
-5576
-4949
-4280
-3622
-3499
-4901
-6883
-8847
-12590
-16807
-15976
-7403
4461
12232
14356
14671
13638
8848
1631
-3696
-4710
-2143
2162
6006
6816
4065
-174
-3926
-6179
-6494
-5487
-3978
-1342
3271
8399
11046
9529
4692
-581
-3391
-3233
-1671
-10
1553
3040
4054
3761
1330
-3085
-7721
-10094
-9091
-6130
-3559
-2077
-725
899
1840
1417
396
164
1278
3251
5213
6306
5899
4032
1502
-818
-2619
-3904
-4311
-3099
12
4002
6781
6774
4316
1244
-759
-1253
-671
623
2419
4060
4662
3969
2376
498
-878
-1187
-670
-24
292
159
-11
442
1091
647
-772
-1576
-1277
-1033
-1071
-362
943
1471
871
107
-201
-509
-1124
-1589
-1295
53
1288
986
-478
-2231
-3957
-5076
-5247
-4810
-4282
-4144
-3795
-3644
-5079
-7049
-8521
-11544
-15843
-15572
-8409
2136
10438
13785
14584
12672
7776
2123
-2311
-4058
-2162
3604
8908
8873
4059
-1130
-3870
-5024
-5315
-4670
-3179
-858
2489
6262
8545
7512
3214
-1652
-3839
-2558
98
1999
3184
4492
5309
3981
123
-4711
-8296
-9164
-7457
-4879
-3251
-2850
-2601
-1689
-414
421
366
-52
507
2701
5267
6274
5429
4030
2973
2074
1046
-177
-1514
-2077
-567
2474
4393
3598
1425
-67
-473
-400
30
1024
2298
3265
3714
3700
2994
1491
-11
-428
119
387
-218
-884
-685
151
613
107
-994
-1797
-1780
-1199
-586
-129
295
731
874
431
-250
-516
-388
-310
-115
455
668
-223
-1547
-2206
-2374
-2779
-3225
-3192
-2865
-2633
-2616
-3246
-4866
-6591
-7580
-9074
-12510
-15456
-13179
-4938
4606
10780
12821
11791
8443
3791
-726
-3457
-2597
2956
9765
11859
7347
902
-2811
-4244
-4861
-4813
-3227
-1318
867
3028
4721
4795
3257
819
-1646
-2237
-535
2340
4276
5633
6827
6783
3689
-1740
-6556
-8326
-6790
-3964
-2405
-2714
-3284
-3046
-2750
-2692
-2229
-1239
-149
1155
2514
3160
3041
2876
2833
2600
2255
1917
1312
596
749
2176
3558
3336
1707
33
-891
-897
-85
846
1186
1249
1629
2025
1969
1821
1917
1879
1439
846
220
-288
-126
757
1372
907
-359
-1629
-2185
-1752
-881
-346
-121
117
22
-781
-1725
-1991
-1599
-1126
-827
-566
-293
-150
-131
-38
77
-171
-787
-1123
-863
-540
-499
-482
-665
-1665
-3165
-4073
-4328
-4940
-6083
-6625
-5897
-4544
-3161
-1285
1391
3725
4055
2034
-1087
-3442
-3366
-430
3447
5165
3882
1945
1351
1252
304
-837
-1111
-866
-553
213
1189
1410
1243
2094
3730
4249
2919
952
-284
-202
1101
2587
2923
2065
1139
752
406
-510
-1732
-2305
-1756
-664
223
629
406
-345
-1035
-1301
-1447
-1687
-1689
-1046
252
1630
2169
1500
239
-701
-951
-724
-440
-304
-154
270
894
1274
1019
273
-388
-518
-122
558
1336
2048
2491
2471
1905
957
119
-17
665
1575
2010
1927
1829
2013
2221
2086
1600
1012
464
-12
-304
-320
-88
259
483
331
-204
-860
-1353
-1456
-1058
-428
-110
-328
-854
-1347
-1548
-1419
-1285
-1442
-1653
-1651
-1769
-2304
-2772
-2738
-2761
-3437
-4364
-5173
-6282
-7374
-6765
-3894
-807
265
-674
-2267
-3405
-3257
-1439
1026
2216
1475
207
-17
686
1222
1294
1598
2587
3946
5073
5408
4716
3720
3625
4363
4479
3243
1562
562
680
1926
3642
4389
3307
1269
-148
-544
-875
-1755
-2464
-2080
-867
65
51
-655
-1382
-1622
-1299
-704
-251
-178
-429
-773
-1091
-1457
-1902
-2210
-2078
-1500
-871
-602
-667
-667
-334
233
746
1009
1050
1067
1250
1658
2134
2291
1930
1383
1114
1192
1467
1865
2279
2579
2674
2451
1954
1496
1307
1384
1712
1989
1612
668
134
447
895
860
589
334
-119
-742
-1052
-1023
-1228
-1674
-1637
-1144
-1162
-1885
-2330
-2027
-1659
-1730
-1867
-1847
-2194
-3178
-4003
-3898
-3460
-3790
-4721
-5297
-5649
-6463
-6839
-5089
-1729
678
777
-581
-2145
-3004
-2295
-151
1715
1902
1120
1003
1953
3064
3628
3753
3803
3913
3964
3667
2932
2277
2503
3695
4907
5037
3904
2363
1446
1478
2004
2312
1944
958
-104
-714
-867
-946
-1119
-1199
-1103
-1067
-1282
-1630
-1861
-1816
-1401
-708
-214
-457
-1353
-2102
-2146
-1782
-1536
-1436
-1319
-1269
-1321
-1219
-804
-268
141
433
739
991
1010
1013
1444
2162
2430
1940
1229
940
1208
1845
2543
2912
2738
2285
1958
1750
1406
1067
1176
1691
1981
1655
1033
648
672
945
1175
1010
327
-542
-1093
-1185
-1070
-1020
-1133
-1362
-1553
-1518
-1285
-1120
-1217
-1436
-1498
-1480
-1839
-2606
-3055
-2851
-2659
-2843
-2914
-2883
-3477
-4636
-5555
-6106
-6508
-6134
-4131
-1130
902
764
-729
-1961
-2135
-1206
502
2003
2386
2093
2241
2870
3135
2750
2109
1622
1653
2364
3210
3466
3450
4064
5169
5537
4470
2502
650
-298
42
1330
2494
2577
1694
713
98
-455
-1277
-2167
-2616
-2320
-1497
-724
-380
-373
-465
-593
-882
-1480
-2303
-2862
-2640
-1700
-694
-200
-254
-463
-544
-538
-559
-562
-427
-99
413
1011
1564
1876
1747
1257
823
687
730
894
1291
1858
2414
2752
2546
1766
1018
894
1251
1569
1642
1679
1914
2190
2064
1419
656
152
-65
-105
-34
-2
-136
-345
-450
-502
-691
-1016
-1202
-1070
-801
-732
-952
-1295
-1613
-1790
-1732
-1604
-1713
-1990
-2169
-2321
-2683
-3223
-3857
-4553
-5065
-5159
-5072
-5083
-4798
-3539
-1482
177
308
-1056
-2692
-3142
-1867
328
1980
2261
1724
1557
2086
2546
2355
1830
1587
1982
3046
4218
4615
4123
3658
3792
3912
3221
1893
759
409
963
2101
2954
2626
1273
45
-386
-557
-1081
-1629
-1556
-840
52
658
527
-519
-1912
-2780
-2926
-2826
-2732
-2398
-1628
-633
156
413
168
-243
-543
-682
-636
-409
-114
276
928
1607
1711
1118
385
-45
-193
-83
377
1014
1500
1833
2180
2324
1954
1372
1216
1583
2011
2146
2012
1813
1703
1605
1263
619
15
-135
230
691
742
330
-171
-456
-519
-502
-579
-774
-805
-434
33
63
-443
-1083
-1463
-1509
-1423
-1506
-1858
-2214
-2342
-2457
-2895
-3510
-3876
-3919
-3877
-3879
-4061
-4668
-5411
-5271
-3701
-1615
-488
-790
-1794
-2495
-2182
-678
1280
2374
2155
1597
1669
2134
2298
2066
1830
1988
2704
3641
4111
3865
3435
3447
3807
3803
2965
1630
583
371
962
1817
2246
1981
1421
1077
915
539
-120
-663
-795
-684
-700
-1035
-1632
-2234
-2499
-2289
-1886
-1726
-1842
-1832
-1419
-803
-351
-236
-384
-573
-628
-597
-550
-401
-63
426
899
1071
782
300
76
202
486
853
1268
1591
1794
2064
2453
2640
2332
1791
1574
1782
2028
2030
1838
1560
1288
1112
1002
831
590
455
517
603
453
68
-271
-375
-360
-379
-386
-295
-167
-109
-196
-543
-1174
-1791
-2033
-1893
-1695
-1809
-2254
-2602
-2614
-2626
-2857
-3021
-3111
-3490
-4026
-4358
-4792
-5689
-6277
-5309
-2812
-428
262
-695
-1985
-2376
-1375
574
2173
2404
1749
1487
2034
2792
3172
3090
2809
2773
3201
3701
3712
3298
2988
2974
2913
2382
1365
389
180
989
2286
3164
2995
1919
758
175
-11
-367
-946
-1260
-1032
-568
-360
-594
-1144
-1768
-2182
-2189
-1910
-1669
-1567
-1367
-907
-442
-423
-956
-1597
-1751
-1255
-474
94
256
235
342
594
753
632
321
205
613
1345
1884
2075
2135
2142
2064
2029
2057
1919
1615
1500
1671
1794
1675
1465
1267
1079
946
828
624
413
333
383
493
537
377
80
-194
-488
-832
-1029
-967
-791
-649
-650
-907
-1362
-1782
-1967
-1870
-1705
-1797
-2105
-2226
-2092
-2118
-2474
-2851
-3117
-3532
-4097
-4482
-4672
-4903
-4865
-3899
-2128
-639
-370
-1273
-2451
-2692
-1371
805
2329
2509
2066
1937
2216
2506
2542
2269
1930
2058
2850
3719
3869
3222
2491
2304
2441
2234
1573
1011
983
1471
2225
2794
2645
1646
327
-545
-693
-538
-553
-619
-429
-130
-143
-627
-1371
-1960
-2063
-1735
-1335
-1135
-1174
-1320
-1337
-1102
-834
-893
-1278
-1526
-1233
-554
60
455
743
903
874
742
556
341
331
729
1326
1772
1999
2082
2035
1920
1842
1733
1485
1209
1103
1179
1315
1382
1279
1063
964
1051
1094
972
856
866
865
728
483
148
-286
-657
-745
-599
-486
-493
-532
-623
-894
-1318
-1737
-2011
-2044
-1838
-1568
-1484
-1663
-1872
-1852
-1784
-2064
-2607
-2979
-3104
-3166
-3208
-3391
-3989
-4724
-4754
-3675
-2054
-924
-828
-1314
-1448
-763
456
1522
1843
1426
973
1114
1674
2036
1995
1871
2033
2567
3238
3564
3231
2589
2331
2594
2815
2539
1975
1578
1522
1712
1934
1876
1387
760
437
414
340
88
-179
-367
-512
-720
-1096
-1600
-1934
-1834
-1413
-1038
-983
-1253
-1584
-1618
-1330
-1074
-1047
-1067
-992
-852
-576
-94
373
567
570
575
571
524
538
666
864
1109
1334
1400
1318
1273
1327
1381
1405
1437
1437
1359
1280
1299
1388
1425
1382
1300
1139
867
620
557
655
771
834
786
568
233
-56
-241
-360
-444
-531
-672
-817
-905
-1043
-1316
-1589
-1731
-1768
-1686
-1506
-1472
-1690
-1802
-1579
-1469
-1914
-2604
-3014
-3201
-3464
-3812
-4177
-4584
-4740
-4033
-2386
-750
-222
-822
-1654
-1955
-1517
-485
628
1210
1278
1457
1985
2405
2360
2077
1957
2173
2667
3174
3346
3147
2926
2935
2980
2691
2003
1293
1028
1318
1847
2193
2069
1443
638
111
-48
-212
-610
-961
-911
-591
-443
-653
-1008
-1248
-1344
-1401
-1494
-1654
-1803
-1724
-1300
-808
-604
-717
-944
-1092
-949
-441
160
533
666
707
679
531
305
178
316
687
1082
1305
1298
1199
1262
1513
1677
1567
1315
1152
1172
1393
1736
1980
1904
1487
953
620
626
839
1080
1315
1517
1470
995
293
-227
-472
-660
-875
-1014
-1084
-1126
-1035
-831
-800
-1059
-1424
-1729
-1915
-1892
-1725
-1686
-1828
-1856
-1732
-1848
-2338
-2763
-2843
-2861
-3060
-3334
-3741
-4462
-5003
-4464
-2895
-1474
-1038
-1298
-1567
-1419
-628
663
1715
1900
1528
1389
1727
2176
2381
2341
2327
2644
3282
3797
3748
3253
2813
2650
2541
2247
1808
1407
1210
1308
1600
1770
1520
892
309
154
260
145
-227
-468
-460
-474
-676
-1007
-1406
-1764
-1861
-1628
-1333
-1275
-1398
-1402
-1194
-996
-1013
-1175
-1246
-1044
-582
-80
247
410
551
696
743
649
521
459
485
617
867
1101
1136
1032
1012
1110
1154
1097
1054
1141
1353
1599
1763
1791
1688
1492
1293
1190
1148
1057
955
966
1009
837
432
44
-175
-304
-423
-523
-630
-767
-870
-932
-1074
-1324
-1554
-1669
-1671
-1548
-1371
-1342
-1526
-1671
-1619
-1613
-1957
-2540
-3013
-3239
-3321
-3377
-3543
-3962
-4431
-4343
-3351
-1965
-1069
-966
-1212
-1247
-772
181
1194
1695
1594
1420
1647
2143
2470
2454
2309
2350
2715
3248
3551
3342
2784
2311
2093
1988
1828
1529
1151
972
1195
1590
1748
1537
1115
686
311
-72
-477
-749
-760
-609
-521
-669
-1080
-1589
-1899
-1832
-1534
-1312
-1298
-1340
-1243
-1021
-847
-834
-909
-895
-649
-148
428
804
859
695
456
252
197
297
414
475
578
757
898
966
1043
1120
1166
1260
1428
1568
1683
1868
2022
1950
1692
1410
1128
872
809
972
1150
1172
1071
852
465
36
-194
-242
-344
-563
-740
-797
-791
-747
-720
-891
-1307
-1692
-1811
-1761
-1680
-1547
-1419
-1458
-1651
-1927
-2327
-2817
-3157
-3214
-3119
-3069
-3196
-3586
-4131
-4427
-3995
-2821
-1495
-698
-571
-723
-672
-184
621
1332
1611
1541
1529
1798
2150
2316
2332
2392
2508
2583
2608
2579
2454
2308
2257
2293
2283
2126
1860
1689
1755
1881
1754
1341
869
569
503
500
295
-114
-490
-727
-931
-1152
-1337
-1495
-1632
-1640
-1444
-1184
-1032
-959
-843
-700
-635
-675
-742
-701
-443
-60
190
187
30
-152
-247
-133
123
260
212
217
429
711
887
932
915
924
1030
1214
1379
1469
1540
1586
1518
1354
1194
1043
881
844
1006
1158
1107
939
779
590
366
241
245
250
178
47
-146
-393
-598
-713
-858
-1149
-1510
-1758
-1793
-1668
-1554
-1610
-1850
-2171
-2487
-2777
-2970
-3004
-2963
-3024
-3223
-3485
-3749
-3935
-3803
-3166
-2178
-1268
-778
-712
-724
-444
164
798
1182
1309
1323
1376
1562
1835
2008
2026
2085
2340
2648
2776
2702
2547
2430
2427
2512
2491
2196
1786
1597
1683
1771
1648
1350
979
638
408
217
-132
-632
-1009
-1089
-994
-920
-956
-1112
-1299
-1309
-1058
-765
-699
-800
-829
-739
-647
-594
-569
-592
-610
-493
-248
-38
48
71
92
108
126
239
497
807
1000
1027
1012
1083
1204
1282
1298
1295
1303
1328
1372
1378
1272
1084
936
894
916
959
994
946
785
604
506
445
348
238
128
-35
-241
-428
-577
-686
-718
-740
-928
-1305
-1648
-1785
-1784
-1813
-1949
-2215
-2556
-2822
-2946
-3041
-3203
-3361
-3461
-3597
-3785
-3818
-3507
-2867
-2067
-1332
-875
-741
-722
-530
-62
566
1141
1518
1670
1693
1679
1663
1648
1651
1724
1922
2238
2568
2773
2805
2715
2572
2406
2258
2166
2125
2068
1948
1777
1592
1392
1120
750
326
-76
-388
-542
-543
-495
-513
-654
-881
-1070
-1114
-1057
-997
-935
-838
-742
-674
-619
-591
-615
-621
-529
-402
-354
-376
-363
-243
-41
149
237
255
325
478
629
737
844
955
1027
1057
1063
1031
963
918
936
960
945
923
927
938
959
1009
1042
966
770
550
391
303
247
169
38
-153
-373
-579
-720
-828
-1001
-1251
-1434
-1467
-1438
-1457
-1560
-1787
-2115
-2367
-2443
-2508
-2758
-3142
-3494
-3761
-3910
-3840
-3486
-2916
-2300
-1818
-1505
-1258
-969
-608
-175
331
831
1239
1566
1821
1932
1890
1841
1899
2048
2230
2432
2596
2621
2508
2358
2219
2065
1901
1797
1790
1825
1818
1733
1574
1365
1135
875
578
318
210
244
262
132
-162
-534
-827
-894
-744
-560
-492
-538
-607
-654
-682
-721
-784
-838
-826
-730
-608
-499
-405
-323
-238
-130
-15
54
90
223
519
855
1071
1132
1069
919
781
785
925
1092
1230
1311
1280
1132
946
792
698
689
736
746
677
584
509
399
194
-82
-355
-552
-652
-729
-903
-1215
-1569
-1828
-1929
-1936
-2000
-2192
-2417
-2567
-2648
-2722
-2812
-2938
-3124
-3332
-3429
-3294
-2954
-2547
-2186
-1865
-1547
-1244
-933
-567
-175
179
520
885
1208
1407
1523
1642
1781
1936
2090
2208
2278
2353
2430
2418
2284
2118
1983
1881
1826
1829
1835
1773
1647
1480
1271
1057
899
788
674
542
407
271
143
40
-58
-209
-426
-648
-789
-808
-716
-586
-511
-527
-579
-611
-616
-618
-608
-565
-472
-349
-262
-247
-253
-219
-142
-32
136
344
526
700
923
1142
1235
1191
1090
1006
1011
1142
1316
1410
1388
1277
1120
980
890
764
515
208
-70
-310
-490
-532
-487
-556
-848
-1275
-1685
-1968
-2058
-2017
-2016
-2151
-2386
-2688
-3045
-3359
-3537
-3616
-3637
-3514
-3194
-2785
-2424
-2156
-1978
-1841
-1587
-1089
-455
56
342
536
791
1096
1359
1531
1660
1828
2059
2301
2495
2608
2606
2529
2486
2482
2392
2180
1972
1873
1841
1785
1659
1493
1346
1223
1046
806
618
553
530
468
371
227
2
-232
-351
-355
-375
-485
-614
-638
-582
-601
-746
-903
-965
-948
-885
-769
-624
-500
-394
-227
24
248
320
271
245
325
462
588
703
834
938
938
875
880
978
1094
1200
1309
1375
1333
1202
1036
871
702
502
268
47
-98
-180
-289
-480
-743
-1053
-1402
-1740
-1983
-2112
-2189
-2245
-2270
-2347
-2613
-3055
-3439
-3591
-3598
-3596
-3538
-3300
-2935
-2662
-2572
-2490
-2242
-1871
-1462
-957
-352
166
489
766
1107
1397
1518
1560
1681
1944
2308
2655
2894
3034
3070
2934
2694
2554
2529
2441
2287
2230
2241
2117
1824
1537
1360
1200
973
743
619
547
372
81
-147
-265
-444
-742
-956
-963
-923
-955
-947
-836
-789
-922
-1073
-1064
-938
-815
-689
-506
-308
-176
-118
-75
13
151
296
449
657
899
1048
1057
1040
1124
1232
1246
1230
1322
1494
1595
1588
1555
1475
1235
877
588
440
319
160
40
-6
-138
-478
-902
-1191
-1323
-1453
-1655
-1867
-2063
-2325
-2671
-2966
-3108
-3186
-3355
-3599
-3731
-3650
-3425
-3140
-2803
-2456
-2225
-2132
-1990
-1635
-1175
-837
-640
-384
26
432
702
908
1151
1398
1618
1890
2275
2645
2835
2866
2884
2911
2829
2648
2571
2705
2859
2813
2617
2443
2277
1982
1613
1363
1254
1131
950
823
751
564
189
-219
-478
-606
-734
-879
-933
-889
-910
-1098
-1319
-1409
-1394
-1373
-1312
-1139
-937
-866
-877
-784
-562
-367
-256
-116
114
313
412
543
817
1112
1226
1176
1151
1213
1259
1264
1329
1430
1370
1087
791
689
725
712
568
326
14
-348
-671
-809
-784
-820
-1091
-1517
-1902
-2198
-2476
-2699
-2762
-2735
-2839
-3137
-3414
-3452
-3297
-3092
-2875
-2637
-2445
-2346
-2228
-1937
-1517
-1180
-995
-778
-411
-31
200
398
760
1214
1546
1714
1861
2059
2255
2423
2602
2777
2851
2788
2731
2802
2891
2809
2575
2378
2283
2176
1998
1819
1685
1527
1281
1011
800
644
494
346
232
117
-85
-362
-590
-683
-724
-832
-973
-1019
-968
-974
-1065
-1085
-955
-824
-816
-831
-750
-629
-527
-365
-92
141
185
126
180
389
606
734
845
1007
1136
1127
1024
952
886
747
615
660
827
869
680
429
255
103
-97
-284
-395
-516
-742
-1029
-1268
-1456
-1668
-1920
-2123
-2231
-2342
-2539
-2720
-2732
-2640
-2642
-2730
-2687
-2453
-2208
-2062
-1927
-1734
-1526
-1317
-1034
-678
-353
-141
6
190
426
644
830
1076
1414
1709
1836
1879
1990
2161
2260
2279
2336
2450
2500
2439
2371
2341
2247
2041
1852
1771
1693
1512
1302
1186
1112
926
604
292
99
-23
-153
-262
-322
-404
-592
-814
-944
-984
-1031
-1078
-1026
-871
-749
-733
-743
-696
-623
-577
-532
-426
-255
-91
18
115
254
374
402
419
532
682
730
679
653
681
675
616
585
589
534
375
189
74
29
0
-48
-108
-219
-448
-781
-1078
-1214
-1253
-1349
-1516
-1654
-1753
-1896
-2060
-2150
-2182
-2249
-2347
-2369
-2271
-2128
-2009
-1868
-1641
-1363
-1124
-937
-727
-470
-223
-14
225
519
773
900
970
1103
1291
1454
1608
1813
2009
2093
2087
2117
2211
2263
2219
2138
2061
1967
1844
1737
1662
1566
1393
1164
936
758
610
462
301
151
4
-166
-332
-428
-464
-512
-609
-708
-772
-820
-871
-912
-917
-881
-832
-805
-800
-775
-697
-567
-404
-217
-48
55
110
192
334
480
577
652
733
772
730
644
590
579
588
624
695
743
698
571
430
311
201
88
-13
-88
-176
-327
-534
-746
-926
-1074
-1186
-1234
-1239
-1261
-1329
-1417
-1489
-1540
-1562
-1532
-1460
-1393
-1368
-1368
-1327
-1218
-1078
-956
-858
-763
-660
-537
-379
-197
-34
94
209
337
465
572
654
722
784
829
856
879
910
944
979
1024
1074
1100
1091
1069
1046
1019
981
941
911
888
858
791
672
528
403
340
344
366
333
231
107
7
-59
-100
-125
-156
-209
-281
-346
-387
-409
-406
-364
-295
-235
-200
-176
-147
-112
-64
-1
71
154
234
299
336
351
356
346
331
347
406
487
559
596
580
502
387
294
254
244
222
169
91
-21
-169
-339
-492
-603
-671
-706
-728
-760
-820
-900
-978
-1040
-1084
-1104
-1098
-1091
-1096
-1101
-1098
-1099
-1092
-1044
-967
-898
-843
-760
-635
-495
-373
-253
-123
-9
70
141
232
321
385
447
529
626
702
752
783
815
834
843
855
888
920
921
889
850
818
775
706
631
567
504
437
389
375
357
286
176
79
14
-25
-42
-30
-12
-29
-85
-141
-173
-192
-200
-182
-143
-116
-120
-142
-154
-137
-91
-30
21
49
58
68
99
154
212
254
270
273
274
272
263
273
317
364
369
349
337
317
272
218
171
107
12
-74
-122
-156
-221
-311
-394
-467
-536
-596
-626
-624
-608
-605
-630
-680
-748
-816
-848
-829
-784
-761
-765
-763
-736
-698
-660
-605
-527
-460
-408
-337
-240
-148
-74
4
73
109
124
166
243
317
368
413
453
476
489
522
568
600
614
631
644
639
636
651
662
641
586
510
416
324
265
243
229
187
124
62
7
-55
-110
-146
-166
-188
-199
-181
-155
-166
-220
-273
-291
-274
-235
-181
-119
-71
-48
-41
-26
6
30
33
49
100
169
220
254
282
293
266
230
231
281
338
367
370
365
336
282
228
206
195
165
120
83
62
29
-32
-95
-138
-179
-229
-271
-290
-302
-336
-394
-445
-481
-515
-550
-574
-571
-560
-567
-578
-570
-544
-520
-504
-472
-415
-355
-315
-288
-250
-203
-163
-125
-70
-5
41
68
106
164
218
247
265
297
341
372
391
409
433
443
434
416
401
389
379
366
354
328
284
231
197
194
189
152
88
41
20
8
-14
-34
-53
-85
-123
-146
-141
-135
-149
-159
-148
-133
-135
-136
-108
-68
-46
-42
-31
0
39
71
104
133
149
148
146
158
178
195
202
199
197
189
171
153
147
150
146
126
96
67
44
29
18
3
-17
-47
-80
-104
-119
-135
-159
-188
-213
-240
-266
-286
-291
-291
-296
-318
-346
-354
-336
-314
-304
-293
-284
-290
-303
-291
-255
-218
-190
-161
-128
-101
-89
-81
-51
-4
41
77
113
145
163
169
175
187
202
216
233
253
267
261
238
222
218
210
190
171
164
163
153
128
102
74
36
2
-5
1
0
-18
-34
-42
-55
-72
-76
-59
-42
-42
-47
-45
-35
-24
-4
21
40
38
29
27
40
62
80
90
99
102
94
83
79
84
87
87
94
102
100
88
78
72
61
42
27
23
21
15
10
8
0
-16
-34
-51
-68
-85
-97
-103
-101
-108
-125
-148
-161
-165
-166
-166
-165
-159
-157
-159
-159
-153
-145
-137
-129
-119
-111
-100
-81
-51
-20
1
13
22
35
55
76
94
109
120
126
130
133
135
133
125
114
101
89
77
69
61
51
31
5
-15
-24
-28
-35
-46
-56
-65
-75
-85
-92
-92
-96
-103
-102
-94
-85
-79
-71
-59
-49
-41
-33
-17
1
20
33
45
52
58
66
80
92
101
107
111
113
114
113
117
129
136
141
136
131
123
116
112
109
107
97
82
67
54
40
22
5
-11
-25
-42
-60
-75
-85
-94
-105
-115
-127
-138
-148
-153
-150
-146
-147
-149
-145
-138
-132
-126
-116
-97
-77
-59
-46
-29
-14
3
22
40
57
69
80
93
109
121
128
132
132
128
121
112
106
96
85
67
46
25
6
-10
-28
-48
-68
-87
-100
-109
-115
-122
-134
-147
-158
-162
-161
-156
-145
-135
-131
-130
-122
-108
-92
-77
-58
-36
-18
-3
9
24
40
53
66
80
94
101
105
109
117
126
131
132
136
139
137
135
137
142
144
140
138
138
135
131
125
120
113
100
87
76
71
63
50
30
13
-5
-24
-40
-50
-61
-75
-89
-98
-107
-121
-135
-144
-148
-149
-151
-147
-134
-126
-126
-127
-120
-109
-95
-80
-58
-38
-22
-10
2
14
20
27
38
56
74
84
88
90
90
85
78
75
75
73
66
59
54
44
33
18
4
-8
-21
-35
-43
-48
-54
-61
-70
-78
-85
-88
-88
-83
-76
-72
-72
-69
-63
-55
-47
-37
-26
-22
-18
-15
-6
4
14
27
36
41
37
30
26
23
23
24
30
35
34
29
23
17
14
17
24
33
42
50
57
59
57
52
49
50
58
68
76
81
81
75
66
57
49
48
49
50
48
42
31
17
3
-9
-21
-30
-37
-39
-36
-37
-43
-51
-59
-63
-63
-59
-54
-50
-48
-46
-43
-41
-38
-35
-31
-27
-26
-28
-26
-20
-11
-5
-2
-1
-3
-9
-19
-22
-20
-16
-11
-7
-7
-13
-23
-34
-35
-28
-22
-19
-18
-11
-7
-8
-11
-9
-7
-8
-8
-2
10
14
13
13
13
10
2
4
14
23
22
16
11
6
-1
-6
-9
-5
-5
-7
-8
-4
-3
-9
-14
-13
-10
-14
-17
-13
0
9
10
9
13
16
17
25
39
52
54
50
51
57
62
62
62
64
63
60
59
66
72
67
55
46
43
41
41
44
47
41
26
12
7
5
2
-3
-5
-8
-17
-28
-34
-37
-37
-40
-44
-44
-43
-45
-50
-49
-46
-48
-52
-53
-52
-51
-53
-54
-51
-49
-51
-55
-53
-48
-45
-48
-47
-43
-41
-40
-41
-38
-34
-36
-38
-37
-31
-30
-31
-28
-22
-23
-27
-26
-19
-13
-11
-9
-5
1
2
1
6
14
20
23
26
33
40
43
46
50
56
56
59
66
74
76
75
74
75
76
73
72
74
75
70
62
57
56
51
42
37
35
30
20
12
9
6
1
-6
-9
-9
-13
-19
-21
-15
-16
-21
-20
-14
-12
-16
-17
-14
-11
-14
-15
-12
-9
-10
-14
-12
-9
-10
-11
-13
-8
-5
-6
-9
-9
-9
-11
-15
-17
-15
-13
-14
-15
-15
-15
-18
-23
-25
-26
-29
-33
-36
-36
-37
-43
-47
-47
-47
-52
-54
-56
-52
-53
-55
-54
-52
-52
-55
-54
-46
-36
-34
-31
-27
-21
-15
-9
0
6
10
14
21
30
38
45
51
56
61
65
66
70
76
80
81
81
82
81
78
75
72
70
66
60
55
48
41
34
25
18
9
1
-5
-13
-19
-24
-26
-30
-33
-37
-39
-41
-42
-41
-39
-38
-35
-34
-33
-31
-31
-27
-22
-17
-13
-8
-4
0
2
5
7
10
13
16
19
21
24
25
24
25
25
25
26
26
25
24
22
18
16
12
8
4
3
-1
-4
-9
-15
-20
-24
-27
-30
-35
-38
-42
-45
-47
-49
-51
-50
-51
-50
-49
-47
-46
-44
-42
-38
-34
-29
-25
-19
-14
-10
-6
-1
4
9
14
18
24
28
31
35
39
42
44
46
48
48
51
51
50
50
48
46
44
41
37
35
30
27
22
19
13
9
4
0
-3
-8
-10
-12
-15
-18
-22
-24
-27
-28
-29
-29
-30
-29
-28
-26
-24
-23
-20
-20
-16
-14
-12
-9
-7
-5
-2
1
3
7
8
11
12
14
15
16
17
18
19
17
18
18
15
15
13
11
8
6
4
2
-1
-2
-5
-8
-13
-14
-18
-19
-22
-23
-25
-26
-28
-29
-28
-28
-28
-28
-27
-27
-25
-23
-22
-18
-15
-12
-9
-6
-5
-2
2
5
8
11
14
18
20
22
24
27
29
29
32
33
34
34
34
35
34
34
33
33
30
30
27
24
23
19
18
15
12
9
6
2
1
-2
-4
-7
-8
-11
-13
-14
-16
-18
-18
-18
-20
-20
-19
-20
-20
-19
-19
-18
-17
-16
-16
-14
-14
-13
-13
-12
-11
-11
-10
-10
-9
-9
-7
-7
-8
-8
-7
-7
-7
-7
-7
-8
-9
-7
-8
-8
-8
-8
-8
-9
-8
-7
-7
-6
-5
-2
-1
0
0
0
2
4
7
8
8
11
13
15
16
18
19
20
20
22
22
21
24
24
26
25
25
24
23
22
21
21
19
18
17
15
14
12
11
9
8
7
3
3
1
-1
-2
-4
-5
-6
-7
-8
-8
-9
-10
-10
-11
-11
-11
-13
-11
-11
-12
-10
-10
-11
-9
-9
-8
-8
-7
-7
-6
-6
-5
-6
-6
-8
-6
-7
-7
-9
-9
-8
-8
-8
-7
-10
-8
-9
-10
-12
-10
-12
-13
-13
-12
-15
-13
-13
-12
-12
-11
-10
-9
-9
-8
-7
-6
-6
-4
-4
-2
-1
1
3
4
6
8
10
12
11
14
16
16
19
19
20
21
21
22
22
22
22
21
21
20
19
18
17
15
15
14
13
11
9
8
6
2
2
0
0
-2
-2
-2
-4
-6
-6
-6
-7
-7
-7
-7
-7
-9
-7
-8
-7
-6
-6
-5
-4
-3
-2
-1
1
1
1
1
1
1
3
2
2
4
2
2
1
0
0
1
2
1
1
0
-1
-3
-5
-5
-7
-5
-8
-7
-9
-10
-10
-12
-12
-12
-13
-14
-14
-13
-15
-16
-13
-13
-13
-13
-13
-11
-10
-9
-8
-7
-6
-5
-4
-4
-3
-1
0
1
1
4
5
7
9
8
11
12
12
13
14
14
15
15
15
14
16
15
15
16
14
14
14
12
13
11
12
10
10
9
8
9
7
6
4
4
4
3
2
1
-1
0
0
1
-1
-1
0
-1
0
0
-2
-3
-3
-3
-1
-1
0
0
1
1
0
1
-1
-1
0
0
-2
-1
-1
-1
-1
-2
-2
-3
-4
-4
-4
-4
-5
-6
-6
-6
-6
-8
-7
-9
-9
-8
-10
-10
-9
-10
-10
-10
-10
-10
-9
-9
-9
-8
-8
-7
-8
-5
-6
-5
-5
-4
-3
-2
-1
0
1
1
0
1
1
3
4
6
6
7
6
8
8
8
10
9
9
9
9
9
9
10
10
11
10
12
12
9
9
9
9
8
8
8
8
7
7
7
7
6
6
4
5
4
4
3
3
3
2
2
1
2
1
1
1
-1
0
-1
0
0
-1
-1
-1
-3
-2
-2
-3
-3
-3
-3
-2
-4
-4
-4
-4
-5
-5
-4
-5
-5
-6
-6
-6
-5
-6
-6
-6
-5
-5
-6
-6
-6
-6
-6
-6
-6
-6
-5
-4
-4
-5
-5
-6
-4
-4
-4
-4
-5
-3
-2
-3
-3
-2
-2
-2
-1
-1
-1
0
0
0
0
0
0
1
1
1
2
2
3
4
4
4
3
4
4
4
4
4
4
5
3
3
4
5
5
5
6
7
6
5
6
6
6
6
6
6
5
6
4
5
5
5
4
5
4
3
4
3
3
2
3
3
2
1
1
1
2
1
0
0
0
0
0
0
0
-1
-1
-1
-1
0
-2
-2
-2
-2
-2
-1
-1
-1
-2
-2
-2
-2
-2
-2
-2
-3
-3
-2
-3
-4
-3
-3
-3
-3
-4
-3
-3
-3
-3
-3
-3
-3
-3
-3
-3
-2
-2
-1
-2
-1
-1
-2
-1
-1
-2
-2
-1
-2
-2
-1
-1
-1
-1
-2
0
0
0
1
1
0
0
0
0
0
0
1
0
1
1
1
1
2
2
2
3
3
3
4
3
4
3
4
4
4
4
4
5
4
4
4
5
4
4
4
4
3
3
3
3
2
2
1
1
1
1
0
1
2
1
1
1
1
1
0
0
0
-1
0
0
-1
-1
-1
-1
-1
-1
0
-1
-2
-1
0
-1
-1
-2
-1
-1
-1
-1
-2
-1
-1
-1
-1
0
-1
-1
-1
-1
-1
-1
-1
-1
-2
-1
-1
-1
-1
-1
-1
-1
-1
-1
0
-1
-1
-1
-1
-1
0
-1
-1
0
-1
0
-2
-1
-1
-1
-1
-1
-1
-1
-1
-2
-1
-2
-1
0
0
0
0
0
1
1
1
1
0
-1
0
-1
0
0
0
1
1
1
1
2
3
3
3
3
3
3
2
2
2
2
2
2
2
2
2
3
3
4
3
1
2
2
2
2
2
2
1
1
1
1
1
1
0
0
0
0
1
0
0
0
0
0
1
0
0
0
0
0
0
0
-1
-1
0
0
0
0
0
-1
-1
0
0
0
-1
1
0
0
-1
0
0
0
0
0
0
0
0
-1
-2
-2
-2
-2
-1
0
0
1
0
-1
-2
-1
-2
-1
-1
-1
-1
-1
-1
-1
-2
-2
-1
-1
-2
-2
-3
-1
-1
0
1
1
2
1
0
1
0
1
1
1
0
1
1
0
0
1
1
1
1
2
1
3
2
2
2
2
1
2
1
1
2
1
2
1
0
0
0
0
1
2
2
2
2
2
1
1
0
1
1
1
1
2
1
0
0
0
0
0
0
0
0
0
-1
1
-1
0
0
0
0
0
0
0
0
1
0
1
0
0
0
1
-1
0
0
0
0
0
0
0
0
0
0
-1
0
0
1
1
1
1
-1
0
-1
-1
0
1
1
1
1
0
0
-1
-2
-2
-1
-1
0
1
1
1
1
0
1
1
1
1
1
-1
0
-1
0
1
0
0
1
0
0
-1
0
-1
0
0
0
-1
0
1
-1
0
0
0
0
-1
1
2
1
0
2
2
1
2
0
1
1
2
1
1
0
1
0
0
1
0
0
0
0
1
0
0
0
0
1
0
-1
0
-1
0
1
0
1
-1
0
1
0
0
0
0
0
-1
0
0
0
0
0
0
0
0
0
0
-1
0
1
0
1
0
-1
0
0
1
0
0
0
0
0
0
-1
0
-1
0
0
0
0
0
0
0
1
0
1
0
0
0
0
0
-1
0
0
0
0
0
-1
0
0
0
0
0
0
1
0
0
0
0
1
0
0
0
0
0
0
0
0
0
-1
0
1
0
0
0
0
0
0
0
0
0
0
0
0
0
0
0
-1
1
0
0
0
-1
0
0
0
1
0
0
0
-1
0
0
0
0
1
1
0
1
0
0
-1
0
-1
0
0
0
0
0
0
0
0
0
0
0
0
0
1
0
0
0
0
0
0
0
0
0
0
0
0
0
0
0
0
0
0
1
0
0
0
1
0
0
0
0
0
0
0
0
1
1
0
0
1
0
0
0
0
0
1
0
0
-1
1
0
-1
-1
0
0
0
0
0
1
0
1
0
0
0
1
0
-1
0
-1
0
0
-1
0
0
0
-1
0
0
0
0
0
0
0
0
1
-1
0
0
0
0
-1
0
0
0
0
0
1
0
0
0
0
0
0
0
0
1
1
0
0
0
0
0
0
0
0
0
1
0
-1
0
0
0
0
0
0
0
0
0
0
1
0
1
1
1
0
0
0
0
0
0
0
0
0
0
0
0
-1
0
0
0
-1
0
-1
0
0
0
0
0
0
0
-1
1
0
1
0
0
0
0
1
1
0
-1
0
1
-1
0
0
0
0
0
0
0
0
0
0
0
0
0
1
-1
0
0
0
0
0
0
0
-1
0
-1
0
0
0
0
0
-1
0
1
0
0
0
1
0
0
0
0
0
0
0
0
0
0
0
0
0
0
1
0
1
0
-1
-1
-1
0
0
0
0
0
0
0
-1
0
0
1
-1
0
1
0
0
0
0
0
0
0
-1
0
0
0
0
0
0
0
0
0
0
0
0
0
0
0
0
0
0
0
0
0
0
1
0
1
0
0
0
1
0
0
-1
1
0
-1
0
0
-1
0
0
0
0
-1
0
0
0
0
1
0
0
0
1
0
0
1
-1
0
0
0
0
0
0
-1
0
1
0
0
0
1
-1
0
0
0
-1
0
0
0
-1
0
1
0
-1
0
0
-1
-1
0
0
0
0
-1
-1
-1
0
0
0
0
0
0
0
0
0
1
0
-1
0
1
0
1
0
0
0
-1
0
0
0
0
0
0
-1
1
0
0
0
0
1
0
0
0
-1
0
1
0
0
0
0
0
0
0
0
0
0
-1
1
-1
0
1
0
0
0
0
0
0
0
0
0
0
0
0
0
0
0
1
0
0
0
0
-1
1
0
0
0
0
0
0
0
0
0
0
0
0
-1
0
0
0
-1
0
0
1
1
0
0
0
0
-1
0
1
0
-1
0
0
0
0
-1
0
0
0
0
0
-1
-1
0
0
0
0
1
0
0
0
0
-1
0
0
0
0
0
0
0
0
1
0
-1
0
0
-1
0
0
0
0
0
0
0
0
0
0
0
1
0
0
0
0
-1
-1
0
-1
0
0
0
-1
0
0
0
0
1
1
-1
0
0
-1
-1
0
0
-1
0
0
-1
0
0
-1
1
-1
0
0
-1
0
0
0
0
0
0
0
1
0
0
-1
1
1
0
0
0
0
0
0
0
0
0
1
0
0
0
0
0
0
-1
0
0
-1
0
0
1
0
0
1
0
0
0
1
0
0
0
0
0
0
1
-1
0
0
0
1
0
-1
0
0
0
0
0
-1
0
0
0
0
1
0
0
1
0
0
0
1
0
0
0
0
0
1
0
0
0
0
0
0
0
1
0
0
0
0
-1
0
0
-1
-1
0
-1
0
0
0
1
1
0
0
0
-1
1
0
0
0
0
1
0
1
0
0
1
1
0
0
0
0
0
-1
0
0
0
-1
0
0
1
0
0
0
0
1
0
1
0
0
0
0
-1
0
0
0
0
0
-1
0
0
0
1
1
0
0
-1
0
0
1
0
0
-1
1
0
0
0
0
-1
0
0
0
0
0
0
0
0
0
0
0
1
0
0
0
-1
0
1
0
0
1
-1
0
-1
-1
0
0
0
0
0
0
0
0
-1
0
-1
1
0
1
1
0
0
0
0
0
0
0
0
0
0
0
0
0
0
1
0
-1
0
0
0
0
0
0
-1
0
0
-1
0
0
0
0
0
0
0
1
1
0
0
0
0
0
0
0
-1
0
0
0
0
0
0
-1
-1
0
0
0
0
0
1
0
1
-1
0
0
-1
0
0
0
1
0
0
0
0
0
0
0
1
0
1
0
0
0
-1
-1
0
0
0
0
1
0
-1
0
0
0
0
1
0
-1
0
0
0
0
0
1
0
0
0
0
0
0
0
0
0
0
1
0
0
0
0
0
0
0
0
0
0
0
0
0
-1
-1
0
0
0
0
0
0
-1
0
0
-1
0
0
0
0
0
0
0
0
0
0
0
0
0
0
0
0
0
-1
0
0
1
0
0
-1
1
0
0
0
0
0
0
0
0
0
0
-1
1
0
0
-1
0
0
0
1
0
-1
0
0
0
0
0
0
0
1
-1
0
-1
0
-1
-1
0
0
0
1
0
0
0
0
0
1
0
-1
-1
0
0
0
0
0
0
0
-1
0
-1
0
1
0
0
0
0
1
0
0
0
0
0
-1
-1
0
0
0
0
-1
0
1
0
1
0
0
0
0
-1
0
0
0
-1
0
0
0
0
0
0
0
0
-1
0
0
0
1
0
1
0
-1
0
1
0
0
-1
0
0
0
0
0
0
1
0
1
0
0
0
0
0
1
0
1
0
0
0
1
0
0
0
0
0
-1
0
0
0
0
0
0
0
0
0
-1
0
0
0
0
0
0
0
0
0
0
1
0
1
0
0
1
0
0
1
0
0
1
0
0
1
0
0
0
0
0
0
0
0
0
0
0
1
0
0
-1
0
0
-1
0
-1
0
0
1
1
0
0
0
-1
0
0
0
0
0
0
1
0
0
-1
0
0
0
0
-1
0
1
0
0
0
0
0
-1
0
0
0
0
0
0
0
1
0
0
0
0
0
-1
0
0
0
0
0
1
0
0
0
0
0
0
0
1
0
-1
0
-1
1
0
0
0
0
-1
0
-1
0
0
0
0
-1
1
0
0
0
1
0
-1
0
1
1
0
-1
0
0
0
0
0
0
0
0
-1
0
0
0
0
1
-1
0
0
-1
0
0
0
0
0
1
1
0
0
0
-1
-1
0
0
0
1
0
0
0
0
0
0
1
0
0
-1
0
0
1
0
0
0
0
0
1
0
0
-1
0
0
0
0
0
0
0
0
1
0
0
0
0
0
0
0
0
1
0
0
0
0
0
0
-1
0
0
0
0
1
0
0
1
0
0
0
1
-1
0
-1
0
0
0
1
0
0
0
0
0
0
1
0
0
0
0
0
0
0
0
0
-1
0
0
0
1
0
0
0
1
0
0
0
0
0
0
0
0
0
0
1
0
1
0
-1
0
0
-1
0
0
0
-1
0
0
0
-1
0
-1
1
-1
1
0
0
0
0
0
1
0
1
0
0
0
0
0
0
0
0
0
0
0
1
0
0
-1
0
0
0
0
0
0
0
0
0
0
-1
0
0
1
0
0
-1
0
0
0
0
0
0
0
0
-1
0
1
0
0
0
0
1
0
0
0
0
0
-1
0
0
-1
0
0
0
0
0
0
0
0
0
0
0
1
1
1
1
0
0
-1
1
0
0
0
0
0
0
0
0
0
0
0
0
1
0
0
1
0
1
0
0
1
0
0
0
0
1
0
0
-1
0
0
1
1
0
0
-1
0
-1
-1
0
0
0
1
1
0
-1
0
1
0
0
0
0
1
0
1
-1
0
1
0
0
0
-1
0
0
0
1
0
-1
0
-1
-1
0
0
1
0
0
0
1
1
0
0
1
1
-1
0
-1
0
0
0
1
0
0
0
0
-1
0
0
-1
0
0
-1
-1
1
0
0
0
0
-1
0
1
0
0
0
-1
1
0
1
0
1
-1
0
0
0
-1
0
0
0
0
0
0
0
0
0
0
0
0
0
0
0
0
0
1
0
0
0
0
1
0
0
0
0
0
0
0
0
0
0
0
0
0
0
0
0
0
0
0
0
1
0
0
0
0
-1
0
0
1
0
0
0
0
0
-1
0
0
0
0
0
0
-1
0
0
-1
0
0
0
-1
0
0
0
0
-1
0
0
0
0
0
0
0
0
0
0
0
0
0
0
0
-1
0
0
0
-1
0
-1
0
-1
0
0
0
0
1
0
0
0
0
-1
1
0
0
0
0
0
1
0
0
0
0
0
0
1
0
0
0
0
-1
0
-1
0
0
0
0
0
0
0
0
0
0
0
0
0
0
0
0
0
1
0
1
1
0
1
0
0
0
0
0
1
0
1
0
0
0
1
0
0
-1
0
0
1
0
-1
0
0
0
0
-1
-1
1
0
0
1
0
0
1
0
0
0
-1
1
0
0
0
0
0
0
-1
0
0
0
0
0
0
0
0
0
0
0
0
0
0
0
0
0
0
0
0
-1
0
-1
0
-1
0
0
0
0
0
-1
0
-1
1
0
0
0
0
0
-1
0
-1
0
-1
0
0
0
0
-1
0
-1
0
1
0
0
0
0
0
0
1
0
0
0
0
0
0
-1
0
0
0
0
0
0
0
0
1
0
1
1
0
0
0
0
0
0
0
0
0
0
1
0
1
0
0
0
0
0
0
0
1
0
0
0
1
0
1
1
0
0
0
0
-1
0
0
1
0
0
0
0
0
0
0
0
0
0
0
0
0
-1
0
0
0
0
0
0
0
0
0
-1
0
1
0
0
0
0
0
0
0
-1
1
0
0
0
1
0
1
0
0
0
0
0
0
0
-1
0
1
0
0
0
1
0
0
0
0
-1
1
1
0
0
1
0
0
0
0
0
0
0
0
-1
0
0
0
0
1
0
0
0
0
0
0
-1
-1
1
0
0
1
0
0
-1
0
-1
1
0
1
0
0
0
0
1
-1
0
0
0
0
0
0
0
0
0
0
0
0
0
0
-1
0
0
0
0
1
0
0
0
0
0
0
0
0
-1
0
0
0
-1
0
0
1
0
-1
0
0
0
0
1
1
1
0
0
-1
0
0
-1
0
0
0
0
-1
0
0
0
0
0
0
1
0
0
0
0
0
1
0
0
0
0
0
0
0
-1
1
-1
0
-1
0
0
0
0
-1
0
0
0
0
0
0
0
0
0
1
0
0
0
0
0
0
0
0
0
0
0
0
0
0
-1
0
0
0
1
0
0
0
0
-1
0
-1
0
1
0
0
1
0
0
0
0
0
0
0
0
0
0
1
-1
0
-1
0
0
-1
0
0
0
0
-1
0
0
0
0
0
1
0
0
0
0
0
0
0
-1
0
0
0
0
0
0
-1
0
0
0
0
0
0
-1
0
-1
0
0
0
0
1
0
0
0
0
0
0
0
0
0
0
0
0
1
0
0
0
0
1
0
-1
0
1
0
0
0
0
0
0
0
-1
-1
0
0
0
1
0
-1
0
0
-1
0
0
0
-1
0
0
1
0
0
0
0
0
0
1
0
0
0
0
1
0
0
0
1
1
0
0
0
0
0
0
1
0
1
0
0
0
1
0
0
0
-1
1
1
0
-1
0
0
0
0
0
0
0
0
0
0
0
1
0
1
0
0
0
0
0
-1
0
1
0
0
-1
0
-1
0
0
-1
0
0
0
0
0
0
0
0
0
0
0
0
0
0
0
0
0
0
0
0
0
0
0
0
0
0
0
0
0
0
0
0
0
-1
0
0
0
0
0
0
0
-1
0
0
0
0
0
0
0
0
0
0
0
0
0
0
0
0
0
0
0
0
0
0
1
-1
0
0
0
0
0
0
0
1
0
0
0
0
0
-1
0
0
0
0
0
0
0
0
0
0
-1
-1
-1
-1
0
-1
0
0
0
0
0
0
-1
-1
0
-1
0
0
0
-1
0
0
0
0
0
0
0
1
0
0
0
0
0
0
0
0
0
0
1
1
0
0
0
0
0
0
0
0
0
0
0
1
0
0
0
0
0
1
1
0
0
0
0
0
-1
0
0
0
0
0
0
1
0
0
1
0
0
0
1
0
0
1
0
1
1
0
0
0
0
0
0