0
0
0
0
-1
0
0
0
0
0
1
0
0
0
0
0
0
0
-1
0
0
0
0
0
0
-1
0
0
0
0
0
0
-1
0
-1
0
0
0
0
1
0
0
0
0
0
0
0
0
0
0
0
0
1
0
0
0
0
1
0
-1
0
1
0
0
0
0
0
0
0
-1
-1
0
0
0
1
0
-1
0
0
-1
0
0
0
-1
0
0
1
0
0
0
0
0
0
1
0
0
0
0
1
0
0
0
1
1
0
0
0
0
0
0
1
0
1
0
0
0
1
0
0
0
-1
1
1
0
-1
0
0
0
0
0
0
0
0
0
0
0
1
0
1
0
0
0
0
0
-1
0
1
0
0
-1
0
-1
0
0
-1
0
0
0
0
0
0
0
0
0
0
0
0
0
0
0
0
0
0
0
0
0
0
0
0
0
0
0
0
0
0
0
0
0
-1
0
0
0
0
0
0
0
-1
0
0
0
0
0
0
0
0
0
0
0
0
0
0
0
0
0
0
0
0
0
0
1
-1
0
0
0
0
0
0
0
1
0
0
0
0
0
-1
0
0
0
0
0
0
0
0
0
0
-1
-1
-1
-1
0
-1
1
1
1
1
1
1
0
0
1
0
0
0
0
-1
0
0
0
0
0
0
0
1
0
0
1
1
1
1
1
1
1
1
2
1
0
0
0
0
0
0
1
1
1
1
0
1
1
2
2
1
0
1
1
1
1
0
-2
-2
-2
0
1
1
1
1
1
2
0
1
2
1
1
0
1
1
1
1
0
1
1
1
0
0
-1
-1
1
3
3
2
1
1
0
2
2
0
0
-1
-2
-2
-1
0
0
1
1
1
1
2
1
1
2
1
1
0
1
0
0
-1
-1
0
-1
-1
-1
-1
0
1
2
2
2
3
1
0
0
-2
-2
-1
-1
-2
-2
-2
-1
-1
0
1
1
0
2
2
1
1
1
1
1
0
-1
-2
-1
-1
-2
-1
-1
0
0
1
1
1
3
2
2
1
2
0
0
0
0
-1
-1
-2
-2
-1
0
0
2
1
2
2
2
1
1
1
1
1
1
0
0
-1
-1
-1
-1
-2
-1
1
0
0
2
3
1
2
3
1
0
1
0
0
-1
1
-1
-2
-1
-2
-1
0
1
2
3
1
2
2
2
2
1
2
1
0
-2
-2
-3
-3
-2
1
1
1
2
-1
0
2
3
2
2
1
1
0
0
-1
-1
-1
-2
-1
-1
-1
1
2
1
3
3
5
3
1
0
0
1
1
0
-1
-3
-3
-3
-2
-2
0
0
1
1
0
2
2
3
3
2
0
-1
-1
-1
-1
0
0
0
0
-1
-1
0
0
1
3
3
3
3
2
2
0
-1
-1
-1
-1
-1
-1
-1
0
0
0
0
1
2
2
2
2
3
2
2
1
-1
0
0
-1
-1
-1
-1
-1
-1
-1
0
2
2
3
4
3
2
1
1
1
1
0
1
-1
-2
-2
0
1
0
1
1
0
2
2
1
2
2
2
1
-1
-2
-1
-2
-1
0
1
0
0
-1
-1
0
1
3
4
3
2
0
0
0
1
1
2
0
-1
-2
-2
-1
-1
0
0
1
2
2
1
1
1
1
1
1
2
0
1
0
-2
-2
-2
-1
0
2
-1
0
1
-1
2
2
1
0
0
0
1
0
1
0
-1
-3
-2
-2
0
0
1
1
1
0
1
0
1
1
1
1
0
0
0
0
0
0
0
0
0
-1
0
1
2
2
2
1
1
0
0
0
0
1
0
1
1
0
0
0
0
0
0
0
1
0
1
0
0
1
-1
1
0
-1
0
-1
-1
0
0
0
-2
-1
-2
0
1
2
2
2
1
0
-1
1
0
1
1
1
0
-1
0
-1
1
0
1
1
1
0
0
1
0
0
0
1
1
0
0
0
0
0
0
0
0
-1
1
0
1
1
0
0
-1
-1
0
-1
-1
0
2
1
0
-1
0
0
-1
-1
0
0
0
0
0
1
1
0
0
0
2
2
1
2
0
0
-1
-1
-1
-1
0
0
1
0
0
0
-1
1
1
1
1
1
2
0
0
0
0
0
1
1
1
0
-1
0
-1
0
1
2
2
2
1
1
0
-1
1
1
-1
0
-1
-2
-2
-1
0
1
1
2
1
1
-1
2
2
3
3
2
1
0
-1
-1
-1
0
0
0
-1
-1
-3
0
1
2
1
4
2
1
1
1
1
2
3
2
1
-1
-3
-2
-2
-3
-2
-1
-1
-1
0
1
2
4
3
3
2
-1
0
-2
-3
-4
-3
-2
-1
0
1
1
1
0
0
1
2
3
4
4
2
0
-1
-3
-3
-4
-2
-1
0
-1
1
0
0
-1
0
0
1
2
2
3
3
0
1
-1
0
-1
-2
-3
-4
-4
-4
-2
1
3
5
6
7
6
7
5
3
3
0
-2
-3
-5
-5
-4
-4
-4
-2
1
3
4
2
3
1
3
2
4
4
4
3
-2
-6
-9
-11
-9
-3
4
6
7
5
-1
-4
-4
-2
4
9
11
7
3
-1
-4
-4
-3
-1
2
1
-1
-6
-8
-9
-6
0
5
12
15
14
9
3
-1
-3
-2
-1
-1
-1
-5
-8
-9
-9
-4
2
8
12
9
5
0
-4
-4
-1
6
9
7
0
-9
-18
-21
-15
-1
15
26
25
16
-3
-18
-23
-19
-4
13
24
23
12
-3
-14
-17
-8
5
16
21
15
1
-17
-30
-33
-23
-6
14
27
29
21
6
-8
-15
-14
-5
7
13
12
1
-10
-19
-19
-14
-3
5
8
6
-1
-7
-5
2
14
23
23
13
-2
-16
-21
-16
-2
13
20
17
1
-20
-35
-36
-21
4
27
38
33
15
-5
-17
-15
1
22
37
38
21
-9
-38
-56
-56
-38
-12
13
28
30
19
4
-5
-4
8
23
37
38
24
3
-22
-43
-53
-48
-34
-16
1
11
14
15
18
23
28
32
29
21
8
-4
-13
-19
-21
-21
-20
-19
-18
-16
-13
-6
-1
5
8
11
12
14
17
22
25
23
18
8
-6
-18
-32
-40
-43
-39
-29
-13
5
18
29
35
36
33
31
25
19
14
9
0
-11
-24
-38
-48
-52
-47
-34
-13
9
28
40
43
40
33
28
24
19
11
-1
-16
-34
-49
-54
-49
-33
-12
7
19
21
16
8
3
4
13
26
37
41
33
15
-10
-32
-47
-47
-36
-20
-4
2
-1
-7
-10
-2
18
40
60
66
51
21
-13
-39
-46
-36
-17
2
6
-4
-24
-42
-47
-33
-4
28
54
61
50
29
8
-4
-5
2
5
-1
-18
-36
-50
-52
-37
-13
12
30
34
28
17
8
6
12
22
29
29
19
2
-17
-31
-39
-36
-28
-16
-8
-3
0
-1
2
9
20
32
40
41
29
10
-14
-32
-41
-39
-25
-10
2
5
-1
-10
-18
-19
-11
6
25
39
43
35
16
-1
-14
-16
-10
1
5
2
-10
-25
-35
-34
-22
-2
16
28
29
21
13
6
7
11
15
14
6
-7
-20
-28
-29
-26
-18
-10
-7
-4
-1
4
11
20
28
30
26
16
5
-3
-10
-12
-11
-10
-9
-9
-10
-10
-8
-5
3
9
15
16
16
12
7
1
-4
-6
-3
0
4
7
4
-2
-10
-19
-22
-20
-14
-5
2
7
8
7
8
11
14
19
18
13
4
-6
-14
-18
-18
-14
-12
-11
-9
-5
0
8
15
20
20
15
9
2
1
0
1
1
-1
-8
-15
-20
-18
-10
2
14
20
18
12
1
-9
-14
-14
-9
-1
6
9
10
5
2
0
0
1
1
-4
-9
-13
-17
-15
-12
-2
6
13
16
16
14
10
6
3
1
-4
-7
-9
-10
-10
-8
-4
1
5
8
8
5
0
-1
-1
3
7
9
8
2
-5
-14
-15
-12
-4
4
10
11
6
-3
-10
-14
-12
-5
1
6
6
4
1
1
4
8
12
15
11
3
-7
-16
-19
-18
-12
-5
-1
2
3
3
4
7
9
11
8
5
-1
-5
-6
-4
-2
1
1
-1
-5
-9
-10
-9
-3
6
12
14
12
6
0
-3
-3
0
5
7
9
3
-3
-10
-11
-10
-5
-1
2
3
1
-1
-3
-2
1
6
10
12
10
5
2
-3
-7
-9
-10
-11
-9
-7
-5
-3
1
3
5
4
2
2
1
2
4
5
5
2
-3
-8
-12
-10
-8
-3
3
6
7
4
2
1
3
7
10
10
9
5
-1
-6
-8
-9
-5
-3
0
2
2
0
-1
-2
-1
2
3
5
5
5
4
1
0
-2
-2
-3
-3
-4
-5
-5
-5
-4
-3
-2
-1
-1
1
2
4
6
7
7
4
0
-3
-5
-6
-6
-2
-2
0
1
1
1
1
2
4
5
8
6
6
4
1
-3
-3
-6
-3
-1
0
1
1
0
0
0
0
1
1
4
6
6
3
0
-4
-7
-6
-5
-2
1
3
2
0
-2
-4
-3
-1
1
3
3
2
1
0
-1
0
0
-1
0
-1
-1
-1
-2
-2
-1
-1
2
4
3
3
3
0
-1
-3
-3
-5
-4
-3
-2
-2
1
3
2
3
3
3
2
1
2
3
3
3
5
4
2
1
-4
-5
-5
-3
-2
-1
-1
2
0
-1
0
1
2
4
4
4
1
0
-2
-4
-4
-4
-2
1
2
2
1
-1
0
0
2
4
5
6
5
4
1
-4
-5
-5
-5
-3
-2
-1
-1
0
1
3
4
6
8
7
6
3
0
0
0
2
1
0
-1
-1
-2
-3
-5
-5
-5
-2
0
1
1
-1
-2
0
3
5
7
4
0
-4
-6
-5
-4
-1
0
0
0
0
-1
-1
-1
1
3
5
6
6
2
0
-2
-2
0
0
1
0
-1
-2
-3
-1
2
4
5
6
6
3
1
0
0
0
1
2
2
2
1
0
-2
-2
-2
-3
-3
-2
-2
-2
-2
-2
0
1
3
4
4
3
1
-2
-2
-3
-2
-1
0
2
1
2
1
0
-1
0
-1
0
1
1
1
1
1
1
1
1
1
1
1
0
0
-1
-2
-1
0
1
3
3
3
2
1
1
1
1
2
2
1
1
0
0
-2
-3
-3
-2
-2
-2
-1
0
1
1
2
2
3
3
1
0
-1
-2
-3
-2
-1
0
2
1
0
-1
0
-1
-1
-1
1
1
1
1
1
3
3
5
4
3
1
0
-2
-4
-3
-3
-1
0
0
2
3
3
2
3
2
1
0
-1
-1
-2
-3
-1
-3
-1
0
0
0
0
1
0
0
0
0
2
1
1
1
1
0
0
0
-1
0
1
0
-1
-1
-1
-2
-2
-2
-1
-1
1
1
1
2
3
3
3
3
3
2
1
0
-1
0
-1
1
2
3
3
3
4
3
3
1
0
-1
-2
-2
-3
-2
-2
0
0
1
-1
0
-1
0
0
1
1
1
1
1
-1
1
0
1
0
0
-1
-2
-2
-2
-2
-3
-1
1
-1
0
0
0
-1
0
0
1
1
0
1
1
1
1
2
0
1
2
2
1
0
-1
1
1
3
2
1
0
0
0
-1
-3
-2
-2
-2
-1
0
1
1
2
2
3
3
2
0
0
1
1
2
1
-1
-1
0
-1
0
-1
-2
-2
-1
0
0
1
1
1
1
1
-1
0
0
1
-1
0
1
0
0
0
1
2
2
2
0
1
0
0
0
1
1
1
1
0
-1
-1
-1
-2
-1
-1
-1
-1
-1
0
1
3
3
5
3
3
0
-1
-1
0
0
0
-1
0
-1
-2
-1
0
-1
1
0
0
-1
-2
1
2
2
2
2
-1
-3
-4
-3
-2
-1
1
0
1
1
0
1
1
2
1
2
2
0
-1
0
2
0
2
1
0
-2
-1
-1
0
0
2
3
2
1
1
1
1
1
1
1
0
-1
-2
-1
0
1
2
1
1
0
0
0
1
2
3
2
1
1
1
0
0
0
-1
-1
-2
-2
-2
-1
0
0
1
0
2
1
1
0
1
2
1
1
0
-1
0
1
0
0
1
0
0
0
0
0
0
1
1
3
2
2
2
-1
-2
-3
-3
-2
-1
0
1
1
0
0
0
0
1
2
4
3
2
1
0
-1
1
-1
0
1
0
1
-1
-1
-1
-3
-1
-2
1
1
0
2
-1
-2
-1
-1
1
1
1
1
0
-1
-2
0
2
2
2
2
1
0
-1
-1
1
2
2
1
0
-3
-3
-2
-1
0
1
1
0
-1
-1
-1
-1
1
2
2
2
1
0
0
0
1
0
-1
0
0
-1
0
0
1
0
0
0
0
0
-1
-1
-1
0
-1
-1
-1
-1
-2
-2
0
-1
0
0
1
0
1
1
1
1
2
2
-1
0
0
-1
-1
-1
-1
-3
-2
-2
-2
0
0
0
2
0
1
1
-1
1
1
1
1
1
0
0
1
0
0
-1
1
1
1
1
1
1
1
1
1
1
1
1
0
0
0
0
0
0
-1
0
0
0
1
1
2
1
1
2
1
2
2
3
1
0
-1
-1
0
1
2
1
1
0
0
1
0
0
2
3
2
1
0
-2
0
0
0
1
2
1
1
1
-1
-1
1
4
3
2
1
0
0
2
1
1
0
-1
-1
-2
-1
1
0
1
1
1
0
1
1
0
-1
0
0
2
2
0
0
1
0
0
1
1
0
-2
0
1
-1
1
1
1
-1
0
1
1
0
0
0
0
0
-2
0
0
-1
-1
0
0
2
1
1
1
1
2
1
2
0
0
0
0
-1
0
0
0
0
1
0
2
2
2
2
1
0
0
-1
0
1
2
1
1
-1
1
0
0
0
0
-1
-1
0
0
0
1
1
1
2
3
2
0
0
-1
-1
0
0
0
1
-1
0
1
0
0
-1
-1
0
0
0
0
0
0
0
0
-1
0
-1
1
0
1
1
0
0
0
0
0
0
0
0
0
0
0
0
0
0
1
0
-1
0
0
0
0
0
0
-1
0
0
-1
0
1
1
0
0
-1
-1
0
0
0
1
1
1
1
0
0
-1
0
0
0
0
0
0
-1
-1
0
0
0
0
0
1
0
1
-1
0
0
-1
0
0
0
1
0
0
0
0
0
0
0
1
0
1
0
0
0
-1
-1
0
0
0
0
1
0
-1
0
0
0
0
1
0
-1
0
0
0
0
0
1
0
0
0
0
0
0
0
0
0
0
1
0
0
0
0
0
0
0
0
0
0
0
0
0
-1
-1
0
0
0
0
0
0
-1
0
0
-1
0
0
0
0
0
0
0
0
0
0
0
0
0
0
0
0
0
-1
0
0
1
0
0
-1
1
0
0
0
0
0
0
0
0
0
0
-1
1
0
0
-1
0
0
0
1
0
-1
0
0
0
0
0
0
0
1
-1
0
-1
0
-1
-1
0
0
0
1
0
0
0
0
0
1
0
-1
-1
0
0
0
0
0
0
0
-1
0
-1
0
1
0
0
0
0
1
0
0
0
0
0
-1
-1
0
0
0
0
-1
0
1
0
1
0
0
0
0
-1
0
0
0
-1
0
0
0
0
0
0
0
0
-1
0
0
0
1
0
1
0
-1
0
1
0
0
-1
0
0
0
0
0
0
1
0
2
1
0
0
-1
-1
-1
-1
1
0
1
1
2
1
1
0
1
1
0
1
1
1
1
0
0
0
0
0
-1
0
0
0
0
0
0
0
0
0
0
1
0
1
0
0
1
0
0
1
0
0
1
0
0
1
0
0
0
0
0
0
0
0
0
0
0
1
0
0
-1
-1
-1
-2
-2
-3
-1
-1
0
1
0
0
1
0
1
1
1
1
0
0
1
0
0
-1
0
0
0
0
0
1
2
1
1
1
1
1
0
1
1
1
1
1
1
0
1
0
0
0
0
0
-1
0
0
0
0
0
1
0
0
0
0
0
0
-1
-1
-3
-4
-2
-3
0
0
0
0
0
-1
0
-1
1
1
1
1
0
1
0
0
0
1
0
-1
0
1
1
0
-1
0
0
0
0
0
0
0
0
-1
0
0
0
0
1
-1
0
0
-1
0
0
0
0
0
1
1
0
0
0
-1
-1
1
1
0
1
-1
-1
-2
-1
0
0
2
1
1
0
1
0
2
1
1
1
1
1
2
0
0
-1
0
0
0
0
0
0
0
0
1
0
0
0
0
0
0
0
0
1
0
0
0
0
0
0
-1
0
0
0
0
1
0
0
1
0
0
0
1
-1
0
-1
0
0
0
1
0
0
0
0
0
0
1
0
0
0
0
0
0
0
0
0
-1
0
0
0
1
0
0
0
1
0
0
0
0
0
0
0
0
0
0
1
0
1
0
-1
0
0
-1
0
0
0
-1
0
0
0
-1
0
-1
1
-1
1
0
0
0
0
0
1
0
1
0
0
0
0
0
0
0
0
0
0
0
1
0
0
-1
0
0
0
0
0
0
0
0
0
0
-1
0
0
1
0
0
-1
0
0
0
0
0
0
0
0
-1
0
1
0
0
0
0
1
0
0
0
0
0
-1
0
0
-1
0
0
0
0
0
0
0
0
0
0
0
1
1
1
1
0
0
-1
1
0
0
0
0
0
0
0
0
0
0
0
0
1
0
0
1
0
1
0
0
1
0
0
0
0
1
0
0
-1
0
0
1
1
0
0
-1
0
-1
-1
0
0
0
1
1
0
-1
0
1
0
0
0
0
1
0
1
-1
0
1
0
0
0
-1
0
0
0
1
0
-1
0
-1
-1
0
0
1
0
0
0
1
1
0
0
1
1
-1
0
-1
0
0
0
1
0
0
0
0
-1
0
0
-1
0
0
-1
-1
1
0
0
0
0
-1
0
1
0
0
0
-1
1
0
1
0
1
-1
0
0
0
-1
0
0
0
0
0
0
0
0
0
0
0
0
0
0
0
0
0
1
0
0
0
0
1
0
0
0
0
0
0
0
0
0
0
0
0
0
0
0
0
0
0
0
0
1
0
0
0
0
-1
0
0
1
0
0
0
0
0
-1
0
0
0
0
0
0
-1
0
0
-1
0
0
0
-1
0
0
0
0
-1
0
0
0
0
0
0
0
0
0
0
0
0
0
0
0
-1
0
0
0
-1
0
-1
0
-1
0
0
0
0
1
0
0
0
0
-1
1
0
0
0
0
0
1
0
0
0
0
0
0
1
0
0
0
0
-1
0
-1
0
0
0
0
0
0
0
0
0
0
0
0
0
0
0
0
0
1
0
1
1
0
1
0
0
0
0
0
1
0
1
0
0
0
1
0
0
-1
0
0
1
0
-1
0
0
0
0
-1
-1
1
0
0
1
0
0
1
0
0
0
-1
1
0
0
0
0
0
0
-1
0
0
0
0
0
0
0
0
0
0
0
0
0
0
0
0
0
0
0
0
-1
0
-1
0
-1
0
0
0
0
0
-1
0
-1
1
0
0
0
0
0
-1
0
-1
0
-1
0
0
0
0
-1
0
-1
0
1
0
0
0
0
0
0
1
0
0
0
0
0
0
-1
0
0
0
0
0
0
0
0
1
0
1
1
0
0
0
0
0
0
0
0
0
0
1
0
1
0
0
0
0
0
0
0
1
0
0
0
1
0
1
1
0
0
0
0
-1
0
0
1
0
0
0
0
0
0
0
0
0
0
0
0
0
-1
0
0
0
0
0
0
0
0
0
-1
0
1
0
0
0
0
0
0
0
-1
1
0
0
0
1
0
1
0
0
0
0
0
0
0
-1
0
1
0
0
0
1
0
0
0
0
-1
1
1
0
0
1
0
0
0
0
0
0
0
0
-1
0
0
0
0
1
0
0
0
0
0
0
-1
-1
1
0
0
1
0
0
-1
0
-1
1
0
1
0
0
0
0
1
-1
0
0
0
0
0
0
0
0
0
0
0
0
0
0
-1
0
0
0
0
1
0
0
0
0
0
0
0
0
-1
0
0
0
-1
0
0
1
0
-1
0
0
0
0
1
1
1
0
0
-1
0
0
-1
0
0
0
0
-1
0
0
0
0
0
0
1
0
0
0
0
0
1
0
0
0
0
0
0
0
-1
1
-1
0
-1
0
0
0
0
-1
0
0
0
0
0
0
0
0
0
1
0
0
0
0
0
0
0
0
0
0
0
0
0
0
-1
0
0
0
1
0
0
0
0
-1
0
-1
0
1
0
0
1
0
0
0
0
0
0
0
0
0
0
1
-1
0
-1
0
0
-1
0
0
0
0
-1
0
0
0
0
0
1
0
0
0
0
0
0
0
-1
0
0
0
0
0
0
-1
0
0
0
0
0
0
-1
0
-1
0
0
0
0
1
0
0
0
0
0
0
0
0
0
0
0
0
1
0
0
0
0
1
0
-1
0
1
0
0
0
0
0
0
0
-1
-1
0
0
0
1
0
-1
0
0
-1
0
0
0
-1
0
0
1
0
0
0
0
0
0
1
0
0
0
0
1
0
0
0
1
1
0
0
0
0
0
0
1
0
1
0
0
0
1
0
0
0
-1
1
1
0
-1
0
0
0
0
0
0
0
0
0
0
0
1
0
1
0
0
0
0
0
-1
0
1
0
0
-1
0
-1
0
0
-1
0
0
0
0
0
0
0
0
0
0
0
0
0
0
0
0
0
0
0
0
0
0
0
0
0
0
0
0
0
0
0
0
0
-1
0
0
0
0
0
0
0
-1
0
0
0
0
0
0
0
0
0
0
0
0
0
0
0
0
0
0
0
0
0
0
1
-1
0
0
0
0
0
0
0
1
0
0
0
0
0
-1
0
0
0
0
0
0
0
0
0
0
-1
-1
-1
-1
0
-1
0
0
0
0
0
0
-1
-1
0
-1
0
0
0
-1
0
0
0
0
0
0
0
1
0
0
0
0
0
0
0
0
0
0
1
1
0
0
0
0
0
0
0
0
0
0
0
1
0
0
0
0
0
1
1
0
0
0
0
0
-1
0
0
0
0
0
0
1
0
0
1
0
0
0
1
0
0
1
0
1
1
0
0
0
0
0
0
0
0
0
0
1
0
1
1
-1
0
0
0
0
0
0
0
0
0
0
0
1
0
0
1
0
0
0
1
0
0
0
-1
0
0
0
0
0
0
0
0
0
0
1
0
0
0
-1
-1
0
0
0
0
0
0
0
0
0
0
-1
0
1
0
0
0
0
0
0
0
-1
0
1
0
0
0
0
-1
0
-1
-1
0
0
0
0
1
0
0
0
0
0
0
0
0
1
1
0
1
-1
0
0
0
0
0
0
0
0
0
0
0
0
0
0
0
0
0
0
0
0
0
0
0
0
0
0
0
0
-1
1
0
1
0
0
1
0
0
0
0
0
1
-1
0
0
0
0
0
1
0
0
-1
0
0
0
0
1
0
0
1
-1
-1
0
0
0
0
0
0
0
0
0
0
0
-1
0
0
0
1
0
0
0
0
1
0
-1
-1
0
0
0
-1
0
0
0
0
0
-1
0
0
0
0
-1
0
0
0
0
0
0
0
0
0
0
0
0
0
0
-1
0
0
0
0
0
0
0
0
0
1
0
-1
0
0
0
0
0
0
0
0
0
0
0
0
0
0
0
0
0
0
0
-1
0
0
0
0
0
0
0
0
0
0
0
0
0
1
0
0
0
0
0
0
0
1
0
0
0
1
1
0
0
0
-1
1
1
0
0
0
0
0
0
0
1
0
0
0
1
0
0
0
0
0
-1
0
0
0
0
0
0
0
0
0
0
-1
-1
-1
0
0
0
0
-1
0
0
0
0
0
0
0
0
0
1
0
1
0
0
0
0
0
0
1
-1
0
1
-1
0
0
0
0
0
0
0
-1
0
0
0
-1
0
-1
0
0
0
0
0
-1
0
0
0
0
0
0
-1
0
0
0
0
0
0
0
0
-1
-1
0
0
0
0
0
1
0
0
0
0
0
-1
0
0
0
0
0
0
0
0
0
1
0
1
0
0
1
-1
1
0
0
0
-1
-1
0
0
0
-1
0
-1
0
0
0
-1
0
0
0
0
1
0
0
0
0
0
0
1
0
1
0
0
0
0
0
0
1
0
0
0
1
1
0
0
0
0
0
0
0
0
-1
1
0
0
0
0
0
0
0
1
0
0
-1
0
0
0
-1
-1
0
0
1
0
-1
0
0
0
0
0
0
-1
-1
0
0
-1
1
0
1
0
0
0
0
0
0
1
0
0
0
-1
0
0
0
0
0
1
-1
0
0
0
0
0
0
0
0
0
1
0
0
0
0
0
0
-1
0
0
-1
0
0
-1
0
0
0
0
0
0
0
0
1
0
0
-1
1
0
0
-1
-1
0
0
0
1
-1
0
0
0
-1
1
0
0
0
1
-1
0
0
0
0
0
0
0
0
0
0
0
-1
0
0
0
0
0
0
0
0
0
0
1
-1
0
0
-1
1
0
0
0
0
0
0
0
0
0
0
0
0
0
0
-1
0
0
0
0
0
0
0
-1
0
0
0
-1
0
0
-1
-1
0
0
0
0
0
1
1
-1
0
-1
0
0
0
0
0
0
0
0
1
0
0
0
0
-1
1
0
0
1
0
0
0
0
0
1
1
0
0
0
0
0
-1
0
-1
1
0
1
0
0
1
0
0
1
0
0
0
1
-1
-1
1
0
0
0
-1
0
0
1
0
0
0
0
0
0
-1
0
0
0
-1
0
0
1
1
-1
0
0
0
0
0
0
0
0
0
-1
1
0
0
1
0
0
0
0
1
-1
0
0
0
0
-1
1
0
0
-1
0
0
0
0
0
-1
0
-1
1
0
0
1
0
0
0
0
0
0
0
0
-1
0
0
0
1
0
1
0
0
0
0
-1
0
0
1
1
0
0
0
-1
-1
0
0
0
-1
0
0
1
0
1
0
0
1
0
0
1
0
0
0
0
0
0
0
0
0
0
0
-1
1
0
0
0
0
0
0
0
0
0
0
-1
0
-1
0
0
0
0
0
-1
0
0
0
1
0
0
0
0
0
0
0
0
0
-1
1
1
-1
0
0
0
0
0
0
0
0
0
0
0
0
0
-1
0
0
0
0
0
0
0
0
-1
0
0
0
0
-1
0
-1
0
0
0
0
0
-1
0
0
-1
0
0
0
1
0
0
0
0
0
0
1
0
0
0
0
0
1
0
0
0
1
1
0
0
0
0
0
0
0
0
1
1
1
0
0
-1
0
0
0
-1
-1
0
0
0
0
0
0
0
0
0
0
0
0
0
0
0
0
0
0
0
0
0
1
1
1
0
-1
0
0
0
0
0
0
1
-1
-1
0
0
0
0
0
1
0
-1
0
0
0
0
0
0
0
0
-1
0
0
0
0
1
0
0
0
0
0
-1
1
1
0
0
0
0
1
0
0
0
0
0
0
0
0
0
0
0
0
1
0
0
0
0
0
0
1
0
0
0
0
0
0
0
0
0
0
1
0
-1
0
0
0
0
-1
0
0
0
0
0
0
-1
0
0
-1
0
0
0
-1
1
0
0
0
0
0
0
0
0
0
0
0
0
0
-1
0
-1
0
0
0
0
0
0
0
0
0
1
0
0
0
0
0
0
0
0
0
0
0
1
0
0
0
0
0
0
0
0
0
-1
0
0
1
0
0
0
0
0
0
0
1
0
0
0
0
0
0
-1
0
1
0
0
0
0
0
0
0
0
-1
0
0
0
0
0
0
0
0
1
0
-1
0
1
0
0
-1
0
0
0
0
-1
0
0
0
0
1
0
0
0
0
0
0
0
0
-1
0
0
0
0
0
0
0
0
0
1
0
0
0
0
0
1
0
0
1
0
1
-1
0
0
0
0
0
0
0
0
-1
0
-1
-1
0
0
0
0
0
0
0
0
0
0
-1
0
-1
0
0
0
0
0
0
-1
0
0
0
0
0
0
0
0
0
0
0
0
0
0
0
0
0
1
1
0
-1
0
0
0
0
0
0
0
0
0
0
0
0
0
0
0
0
1
0
0
0
0
0
1
0
0
0
0
0
0
0
-1
-1
0
0
0
0
0
-1
-1
0
0
0
-1
1
0
0
-1
0
0
0
0
0
0
0
0
0
0
0
0
0
0
0
0
1
0
0
-1
0
0
0
0
0
0
1
0
0
-1
-1
0
0
0
0
-1
0
0
0
0
0
1
0
0
1
0
1
0
0
0
0
0
0
-1
0
0
0
0
0
0
1
0
0
0
0
0
0
-1
-1
0
-1
0
0
0
0
0
0
0
0
0
0
0
0
0
0
-1
0
0
0
0
1
0
0
0
0
0
0
0
0
0
0
-1
1
-1
0
0
0
0
0
0
0
0
1
0
1
0
0
0
1
-1
0
0
0
0
0
0
0
0
0
0
-1
0
0
0
0
1
1
0
1
0
0
0
0
0
0
0
0
0
0
-1
-1
-1
-1
0
0
0
0
0
-1
0
0
0
0
0
-1
0
-1
0
1
0
0
1
0
0
-1
0
-1
0
0
0
-1
0
1
-1
0
0
0
0
-1
0
1
0
-1
1
1
0
1
-1
0
0
1
0
0
-1
1
0
0
1
0
0
0
0
1
0
0
0
0
1
0
-1
0
-1
0
1
0
1
-1
0
1
0
0
0
0
0
-1
0
0
0
0
0
0
0
0
0
0
-1
0
1
0
1
0
-1
0
0
1
0
0
0
0
0
0
-1
0
-1
0
0
0
0
0
0
0
1
0
1
0
0
0
0
0
-1
0
0
0
0
0
-1
0
0
0
0
0
0
1
0
0
0
0
1
0
0
0
0
0
0
0
0
0
-1
0
1
0
0
0
0
0
0
0
0
0
0
0
0
0
0
0
-1
1
0
0
0
-1
0
0
0
1
0
0
0
-1
0
0
0
0
1
1
0
1
0
0
-1
0
-1
0
0
0
0
0
0
0
0
0
0
0
0
0
1
0
0
0
0
0
0
0
0
0
0
0
0
0
0
0
0
0
0
1
0
0
0
1
0
0
0
0
0
0
0
0
1
1
0
0
1
0
0
0
0
0
1
0
0
-1
1
0
-1
-1
0
0
0
0
0
1
0
1
0
0
0
1
0
-1
0
-1
0
0
-1
0
0
0
-1
0
0
0
0
0
0
0
0
1
-1
0
0
0
0
-1
0
0
0
0
0
1
0
0
0
0
0
0
0
0
1
1
0
0
0
0
0
0
0
0
0
1
0
-1
0
0
0
0
0
0
0
0
0
0
1
0
1
1
1
0
0
0
0
0
0
0
0
0
0
0
0
-1
0
0
0
-1
0
-1
0
0
0
0
0
0
0
-1
1
0
1
0
0
0
0
1
1
0
-1
0
1
-1
0
0
0
0
0
0
0
0
0
0
0
0
0
1
-1
0
0
0
0
0
0
0
-1
0
-1
0
0
0
0
0
-1
0
1
0
0
0
1
0
0
0
0
0
0
0
0
0
0
0
0
0
0
1
0
1
0
-1
-1
-1
0
0
0
0
0
0
0
-1
0
0
1
-1
0
1
0
0
0
0
0
0
0
-1
0
0
0
0
0
0
0
0
0
0
0
0
0
0
0
0
0
0
0
0
0
0
1
0
1
0
0
0
1
0
0
-1
1
0
-1
0
0
-1
0
0
0
0
-1
0
0
0
0
1
0
0
0
1
0
0
1
-1
0
0
0
0
0
0
-1
0
1
0
0
0
1
-1
0
0
0
-1
0
0
0
-1
0
1
0
-1
0
0
-1
-1
0
0
0
0
-1
-1
-1
0
0
0
0
0
0
0
0
0
1
0
-1
0
1
0
1
0
0
0
-1
0
0
0
0
0
0
-1
1
0
0
0
0
1
0
0
0
-1
0
1
0
0
0
0
0
0
0
0
0
0
-1
1
-1
0
1
0
0
0
0
0
0
0
0
0
0
0
0
0
0
0
1
0
0
0
0
-1
1
0
0
0
0
0
0
0
0
0
0
0
0
-1
0
0
0
-1
0
0
1
1
0
0
0
0
-1
0
1
0
-1
0
0
0
0
-1
0
0
0
0
0
-1
-1
0
0
0
0
1
0
0
0
0
-1
0
0
0
0
0
0
0
0
1
0
-1
0
0
-1
0
0
0
0
0
0
0
0
0
0
0
1
0
0
0
0
-1
-1
0
-1
0
0
0
-1
0
0
0
0
1
1
-1
0
0
-1
-1
0
0
-1
0
0
-1
0
0
-1
1
-1
0
0
-1
0
0
0
0
0
0
0
1
0
0
-1
1
1
0
0
0
0
0
0
0
0
0
1
0
0
0
0
0
0
-1
0
0
-1
0
0
1
0
0
1
0
0
0
1
0
0
0
0
0
0
1
-1
0
0
0
1
0
-1
0
0
0
0
0
-1
0
0
0
0
1
0
0
1
0
0
0
1
0
0
0
0
0
1
0
0
0
0
0
0
0
1
0
0
0
0
-1
0
0
-1
-1
0
-1
0
0
0
1
1
0
0
0
-1
1
0
0
0
0
1
0
1
0
0
1
1
0
0
0
0
0
-1
0
0
0
-1
0
0
1
0
0
0
0
1
0
1
0
0
0
0
-1
0
0
0
0
0
-1
0
0
0
1
1
0
0
-1
0
0
1
0
0
-1
1
0
0
0
0
-1
0
0
0
0
0
0
0
0
0
0
0
1
0
0
0
-1
0
1
0
0
1
-1
0
-1
-1
0
0
0
0
0
0
0
0
-1
0
-1
1
0
1
1
0
0
0
0
0
0
0
0
0
0
0
0
0
0
1
0
-1
0
0
0
0
0
0
-1
0
0
-1
0
0
0
0
0
0
0
1
1
0
0
0
0
0
0
0
-1
0
0
0
0
0
0
-1
-1
0
0
0
0
0
1
0
1
-1
0
0
-1
0
0
0
1
0
0
0
0
0
0
0
1
0
1
0
0
0
-1
-1
0
0
0
0
1
0
-1
0
0
0
0
1
0
-1
0
0
0
0
0
1
0
0
0
0
0
0
0
0
0
0
1
0
0
0
0
0
0
0
0
0
0
0
0
0
-1
-1
0
0
0
0
0
0
-1
0
0
-1
0
0
0
0
0
0
0
0
0
0
0
0
0
0
0
0
0
-1
0
0
1
0
0
-1
1
0
0
0
0
0
0
0
0
0
0
-1
1
0
0
-1
0
0
0
1
0
-1
0
0
0
0
0
0
0
1
-1
0
-1
0
-1
-1
0
0
0
1
0
0
0
0
0
1
0
-1
-1
0
0
0
0
0
0
0
-1
0
-1
0
1
0
0
0
0
1
0
0
0
0
0
-1
-1
0
0
0
0
-1
0
1
0
1
0
0
0
0
-1
0
0
0
-1
0
0
0
0
0
0
0
0
-1
0
0
0
1
0
1
0
-1
0
1
0
0
-1
0
0
0
0
0
0
1
0
1
0
0
0
0
0
1
0
1
0
0
0
1
0
0
0
0
0
-1
0
0
0
0
0
0
0
0
0
-1
0
0
0
0
0
0
0
0
0
0
1
0
1
0
0
1
0
0
1
0
0
1
0
0
1
0
0
0
0
0
0
0
0
0
0
0
1
0
0
-1
0
0
-1
0
-1
0
0
1
1
0
0
0
-1
0
0
0
0
0
0
1
0
0
-1
0
0
0
0
-1
0
1
0
0
0
0
0
-1
0
0
0
0
0
0
0
1
0
0
0
0
0
-1
0
0
0
0
0
1
0
0
0
0
0
0
0
1
0
-1
0
-1
1
0
0
0
0
-1
0
-1
0
0
0
0
-1
1
0
0
0
1
0
-1
0
1
1
0
-1
0
0
0
0
0
0
0
0
-1
0
0
0
0
1
-1
0
0
-1
0
0
0
0
0
1
1
0
0
0
-1
-1
0
0
0
1
0
0
0
0
0
0
1
0
0
-1
0
0
1
0
0
0
0
0
1
0
0
-1
0
0
0
0
0
0
0
0
1
0
0
0
0
0
0
0
0
1
0
0
0
0
0
0
-1
0
0
0
0
1
0
0
1
0
0
0
1
-1
0
-1
0
0
0
1
0
0
0
0
0
0
1
0
0
0
0
0
0
0
0
0
-1
0
0
0
1
0
0
0
1
0
0
0
0
0
0
0
0
0
0
1
0
1
0
-1
0
0
-1
0
0
0
-1
0
0
0
-1
0
-1
1
-1
1
0
0
0
0
0
1
0
1
0
0
0
0
0
0
0
0
0
0
0
1
0
0
-1
0
0
0
0
0
0
0
0
0
0
-1
0
0
1
0
0
-1
0
0
0
0
0
0
0
0
-1
0
1
0
0
0
0
1
0
0
0
0
0
-1
0
0
-1
0
0
0
0
0
0
0
0
0
0
0
1
1
1
1
0
0
-1
1
0
0
0
0
0
0
0
0
0
0
0
0
1
0
0
1
0
1
0
0
1
0
0
0
0
1
0
0
-1
0
0
1
1
0
0
-1
0
-1
-1
0
0
0
1
1
0
-1
0
1
0
0
0
0
1
0
1
-1
0
1
0
0
0
-1
0
0
0
1
0
-1
0
-1
-1
0
0
1
0
0
0
1
1
0
0
1
1
-1
0
-1
0
0
0
1
0
0
0
0
-1
0
0
-1
0
0
-1
-1
1
0
0
0
0
-1
0
1
0
0
0
-1
1
0
1
0
1
-1
0
0
0
-1
0
0
0
0
0
0
0
0
0
0
0
0
0
0
0
0
0
1
0
0
0
0
1
0
0
0
0
0
0
0
0
0
0
0
0
0
0
0
0
0
0
0
0
1
0
0
0
0
-1
0
0
1
0
0
0
0
0
-1
0
0
0
0
0
0
-1
0
0
-1
0
0
0
-1
0
0
0
0
-1
0
0
0
0
0
0
0
0
0
0
0
0
0
0
0
-1
0
0
0
-1
0
-1
0
-1
0
0
0
0
1
0
0
0
0
-1
1
0
0
0
0
0
1
0
0
0
0
0
0
1
0
0
0
0
-1
0
-1
0
0
0
0
0
0
0
0
0
0
0
0
0
0
0
0
0
1
0
1
1
0
1
0
0
0
0
0
1
0
1
0
0
0
1
0
0
-1
0
0
1
0
-1
0
0
0
0
-1
-1
1
0
0
1
0
0
1
0
0
0
-1
1
0
0
0
0
0
0
-1
0
0
0
0
0
0
0
0
0
0
0
0
0
0
0
0
0
0
0
0
-1
0
-1
0
-1
0
0
0
0
0
-1
0
-1
1
0
0
0
0
0
-1
0
-1
0
-1
0
0
0
0
-1
0
-1
0
1
0
0
0
0
0
0
1
0
0
0
0
0
0
-1
0
0
0
0
0
0
0
0
1
0
1
1
0
0
0
0
0
0
0
0
0
0
1
0
1
0
0
0
0
0
0
0
1
0
0
0
1
0
1
1
0
0
0
0
-1
0
0
1
0
0
0
0
0
0
0
0
0
0
0
0
0
-1
0
0
0
0
0
0
0
0
0
-1
0
1
0
0
0
0
0
0
0
-1
1
0
0
0
1
0
1
0
0
0
0
0
0
0
-1
0
1
0
0
0
1
0
0
0
0
-1
1
1
0
0
1
0
0
0
0
0
0
0
0
-1
0
0
0
0
1
0
0
0
0
0
0
-1
-1
1
0
0
1
0
0
-1
0
-1
1
0
1
0
0
0
0
1
-1
0
0
0
0
0
0
0
0
0
0
0
0
0
0
-1
0
0
0
0
1
0
0
0
0
0
0
0
0
-1
0
0
0
-1
0
0
1
0
-1
0
0
0
0
1
1
1
0
0
-1
0
0
-1
0
0
0
0
-1
0
0
0
0
0
0
1
0
0
0
0
0
1
0
0
0
0
0
0
0
-1
1
-1
0
-1
0
0
0
0
-1
0
0
0
0
0
0
0
0
0
1
0
0
0
0
0
0
0
0
0
0
0
0
0
0
-1
0
0
0
1
0
0
0
0
-1
0
-1
0
1
0
0
1
0
0
0
0
0
0
0
0
0
0
1
-1
0
-1
0
0
-1
0
0
0
0
-1
0
0
0
0
0
1
0
0
0
0
0
0
0
-1
0
0
0
0
0
0
-1
0
0
0
0
0
0
-1
0
-1
0
0
0
0
1
0
0
0
0
0
0
0
0
0
0
0
0
1
0
0
0
0
1
0
-1
0
1
0
0
0
0
0
0
0
-1
-1
0
0
0
1
0
-1
0
0
-1
0
0
0
-1
0
0
1
0
0
0
0
0
0
1
0
0
0
0
1
0
0
0
1
1
0
0
0
0
0
0
1
0
1
0
0
0
1
0
0
0
-1
1
1
0
-1
0
0
0
0
0
0
0
0
0
0
0
1
0
1
0
0
0
0
0
-1
0
1
0
0
-1
0
-1
0
0
-1
0
0
0
0
0
0
0
0
0
0
0
0
0
0
0
0
0
0
0
0
0
0
0
0
0
0
0
0
0
0
0
0
0
-1
0
0
0
0
0
0
0
-1
0
0
0
0
0
0
0
0
0
0
0
0
0
0
0
0
0
0
0
0
0
0
1
-1
0
0
0
0
0
0
0
1
0
0
0
0
0
-1
0
0
0
0
0
0
0
0
0
0
-1
-1
-1
-1
0
-1
0
0
0
0
0
0
-1
-1
0
-1
0
0
0
-1
0
0
0
0
0
0
0
1
0
0
0
0
0
0
0
0
0
0
1
1
0
0
0
0
0
0
0
0
0
0
0
1
0
0
0
0
0
1
1
0
0
0
0
0
-1
0
0
0
0
0
0
1
0
0
1
0
0
0
1
0
0
1
0
1
1
0
0
0
0
0
0
0
0
0
0
1
0
1
1
-1
0
0
0
0
0
0
0
0
0
0
0
1
0
0
1
0
0
0
1
0
0
0
-1
0
0
0
0
0
0
0
0
0
0
1
0
0
0
-1
-1
0
0
0
0
0
0
0
0
0
0
-1
0
1
0
0
0
0
0
0
0
-1
0
1
0
0
0
0
-1
0
-1
-1
0
0
0
0
1
0
0
0
0
0
0
0
0
1
1
0
1
-1
0
0
0
0
0
0
0
0
0
0
0
0
0
0
0
0
0
0
0
0
0
0
0
0
0
0
0
0
-1
1
0
1
0
0
1
0
0
0
0
0
1
-1
0
0
0
0
0
1
0
0
-1
0
0
0
0
1
0
0
1
-1
-1
0
0
0
0
0
0
0
0
0
0
0
-1
0
0
0
1
0
0
0
0
1
0
-1
-1
0
0
0
-1
0
0
0
0
0
-1
0
0
0
0
-1
0
0
0
0
0
0
0
0
0
0
0
0
0
0
-1
0
0
0
0
0
0
0
0
0
1
0
-1
0
0
0
0
0
0
0
0
0
0
0
0
0
0
0
0
0
0
0
-1
0
0
0
0
0
0
0
0
0
0
0
0
0
1
0
0
0
0
0
0
0
1
0
0
0
1
1
0
0
0
-1
1
1
0
0
0
0
0
0
0
1
0
0
0
1
0
0
0
0
0
-1
0
0
0
0
0
0
0
0
0
0
-1
-1
-1
0
0
0
0
-1
0
0
0
0
0
0
0
0
0
1
0
1
0
0
0
0
0
0
1
-1
0
1
-1
0
0
0
0
0
0
0
-1
0
0
0
-1
0
-1
0
0
0
0
0
-1
0
0
0
0
0
0
-1
0
0
0
0
0
0
0
0
-1
-1
0
0
0
0
0
1
0
0
0
0
0
-1
0
0
0
0
0
0
0
0
0
1
0
1
0
0
1
-1
1
0
0
0
-1
-1
0
0
0
-1
0
-1
0
0
0
-1
0
0
0
0
1
0
0
0
0
0
0
1
0
1
0
0
0
0
0
0
1
0
0
0
1
1
0
0
0
0
0
0
0
0
-1
1
0
0
0
0
0
0
0
1
0
0
-1
0
0
0
-1
-1
0
0
1
0
-1
0
0
0
0
0
0
-1
-1
0
0
-1
1
0
1
0
0
0
0
0
0
2
1
0
0
-2
-1
-1
0
0
0
1
0
2
1
0
-1
-2
-1
0
1
0
1
0
0
1
2
1
1
0
1
1
-1
0
0
-1
0
0
0
0
0
0
0
0
1
0
0
-1
1
0
0
-1
-1
0
0
0
1
-1
0
0
0
-1
1
0
0
0
1
-1
0
-1
-1
-1
0
1
2
2
2
2
1
-1
0
0
0
0
0
-1
0
-1
-1
0
1
0
1
1
1
4
3
4
4
4
3
3
2
1
1
0
1
1
1
2
0
1
0
-1
-2
-2
-2
-1
-1
1
0
0
-2
-2
-2
-3
-3
-1
0
-1
-1
-1
0
-1
-3
-2
-2
0
2
3
2
1
1
1
2
4
3
3
1
1
1
3
1
1
2
1
-1
-3
-2
0
1
-2
-4
-7
-13
-23
-27
-23
-13
-10
-10
-15
-15
-12
-6
1
0
-4
-6
-8
-6
-4
-2
-7
-16
-22
-24
-15
-1
8
11
6
0
-6
-5
0
4
8
11
14
19
21
16
6
-4
-8
1
16
25
25
16
9
9
11
8
-2
-10
-9
2
16
22
21
17
7
-3
-11
-11
-4
0
2
0
-5
-18
-40
-57
-56
-31
-4
1
-21
-43
-37
-5
24
22
-11
-48
-73
-83
-83
-75
-54
-24
4
20
20
0
-32
-63
-73
-57
-25
1
-4
-36
-68
-73
-49
-13
20
38
25
-30
-117
-196
-225
-193
-127
-59
-9
17
15
-30
-103
-154
-130
-32
90
186
248
264
181
-13
-192
-83
531
1538
2482
2838
2315
957
-837
-2313
-2618
-1416
585
1979
1785
275
-1410
-2308
-2286
-1799
-1193
-383
708
1596
1515
368
-911
-1183
-249
1018
1609
1310
711
414
413
311
-54
-388
-318
113
465
403
96
-21
192
397
164
-548
-1352
-1764
-1558
-869
-62
475
529
167
-335
-692
-797
-737
-609
-368
35
445
568
280
-188
-454
-380
-184
-115
-170
-235
-291
-386
-506
-580
-518
-280
34
233
201
29
-94
-114
-134
-207
-246
-173
-22
125
203
170
51
-52
-89
-94
-104
-91
-19
90
176
207
208
229
296
374
389
318
253
274
342
379
380
399
480
625
757
772
651
485
397
437
575
750
907
985
936
777
602
489
444
430
420
429
465
475
398
248
109
56
90
133
125
90
95
173
296
375
323
155
-57
-325
-635
-799
-668
-370
-138
-56
-116
-306
-562
-833
-1166
-1552
-1836
-1943
-2029
-2239
-2513
-2738
-2910
-3051
-3188
-3399
-3678
-3835
-3715
-3413
-3052
-2516
-1667
-664
238
1040
1813
2430
2768
2933
3035
3040
3026
3211
3595
3890
3938
3836
3638
3274
2737
2090
1356
595
-26
-418
-682
-926
-1129
-1245
-1287
-1246
-1111
-990
-1028
-1156
-1151
-907
-485
45
602
1079
1470
1856
2185
2275
2131
1996
2044
2256
2527
2735
2749
2613
2473
2320
2023
1561
1051
635
364
151
-92
-326
-501
-631
-719
-853
-1155
-1522
-1748
-1796
-1702
-1508
-1437
-1644
-1882
-1893
-1816
-1849
-2002
-2389
-3203
-4229
-5008
-5543
-6324
-7498
-8637
-9391
-9502
-8318
-5635
-2846
-1550
-1198
-42
1959
3373
3989
4809
5644
5308
4210
4314
6237
8366
9102
8540
7611
6747
5852
4899
3964
2892
1407
-480
-2226
-3037
-2689
-2049
-2156
-2932
-3569
-3784
-3921
-4209
-4598
-5005
-5350
-5404
-4782
-3332
-1590
-372
174
648
1487
2428
2955
2991
2937
3139
3642
4430
5453
6359
6734
6494
5875
5211
4704
4141
3137
1755
512
-325
-841
-974
-659
-330
-497
-1007
-1399
-1638
-1966
-2448
-2960
-3320
-3366
-3084
-2575
-1928
-1303
-843
-489
-112
274
540
468
10
-397
-310
0
41
-118
-330
-921
-2026
-3089
-3721
-4408
-5764
-7596
-9201
-9943
-9188
-6746
-3893
-2338
-1754
-324
2061
3659
4009
4380
4897
4141
2270
1683
3532
5805
6409
5963
5931
6094
5673
5050
4694
3997
2307
17
-1916
-2761
-2399
-1523
-1123
-1376
-1495
-1001
-501
-690
-1387
-2186
-3176
-4218
-4539
-3808
-2750
-2142
-1912
-1511
-651
399
1128
1347
1295
1209
1171
1348
1934
2836
3655
4107
4346
4740
5328
5700
5421
4480
3240
2111
1343
976
843
704
494
357
412
500
298
-312
-1116
-1860
-2461
-2896
-3109
-3161
-3187
-3186
-3047
-2683
-2112
-1565
-1278
-1136
-911
-706
-692
-716
-604
-438
-318
-352
-844
-1862
-2917
-3683
-4517
-5638
-6696
-7605
-8494
-8522
-6619
-3815
-2313
-1935
-425
2356
4075
4179
4651
5838
5604
3596
2477
3636
5144
5205
4695
5004
5746
5852
5384
5021
4668
3539
1429
-757
-1920
-1978
-1839
-2233
-2921
-3124
-2529
-1701
-1296
-1243
-1318
-1915
-3169
-4067
-3776
-3037
-2969
-3422
-3501
-2865
-1797
-613
433
1111
1434
1757
2363
3125
3775
4233
4491
4534
4549
4851
5341
5501
5176
4715
4278
3778
3351
3084
2629
1756
762
-29
-598
-986
-1270
-1631
-2134
-2613
-2881
-2864
-2685
-2695
-3057
-3439
-3480
-3288
-3051
-2654
-2074
-1559
-1172
-740
-172
509
1134
1333
1082
828
535
-442
-2024
-3209
-3717
-4327
-5309
-6132
-6783
-7490
-7369
-5617
-3530
-2804
-2486
-586
2110
3254
3143
3899
5153
4589
2574
2031
3545
4489
3664
2993
3773
4714
4754
4630
4787
4380
2971
1337
321
-85
-532
-1454
-2542
-3174
-3043
-2240
-1273
-830
-1005
-1330
-1657
-2040
-2093
-1681
-1584
-2334
-3247
-3470
-3061
-2465
-1821
-1197
-725
-223
661
1850
2872
3449
3646
3648
3636
3731
3912
4021
3906
3642
3462
3504
3711
3921
3924
3533
2814
2146
1779
1477
844
-86
-929
-1473
-1820
-2120
-2304
-2281
-2257
-2498
-2757
-2586
-2149
-2014
-2259
-2463
-2300
-1839
-1481
-1436
-1330
-864
-369
-157
28
369
407
-503
-2129
-3240
-3374
-3751
-5106
-6373
-6975
-7608
-7846
-6479
-4379
-3345
-2740
-750
2012
3402
3498
4273
5696
5555
3763
3021
4090
4626
3665
3036
3686
4295
4023
3748
4180
4597
4032
2769
1817
1405
867
-245
-1681
-2815
-3143
-2842
-2566
-2476
-2180
-1676
-1451
-1525
-1321
-729
-487
-1153
-2186
-2648
-2540
-2631
-3092
-3243
-2756
-2054
-1259
24
1640
2800
3231
3432
3776
4165
4356
4225
3884
3566
3276
2973
2902
3220
3580
3594
3375
3255
3267
3102
2525
1657
750
-154
-1084
-1886
-2344
-2525
-2719
-3059
-3272
-3013
-2457
-2106
-2046
-1929
-1521
-998
-738
-825
-872
-718
-737
-942
-809
-382
-305
-633
-937
-1226
-1696
-2225
-2826
-3682
-4560
-5190
-5899
-6797
-7067
-6296
-5404
-4929
-3751
-1133
1463
2525
3035
4651
6514
6464
4837
4053
4564
4422
3042
2166
2616
2998
2367
1810
2467
3569
3692
2883
2277
2100
1517
200
-1203
-2111
-2600
-2959
-3214
-3152
-2683
-2092
-1743
-1544
-1095
-454
-239
-715
-1328
-1557
-1653
-2017
-2451
-2562
-2403
-2143
-1649
-768
328
1322
2075
2739
3504
4256
4739
4880
4781
4537
4223
3853
3443
3108
2868
2576
2290
2270
2428
2390
2097
1747
1331
738
46
-650
-1407
-2258
-3052
-3547
-3613
-3390
-3202
-3081
-2684
-1982
-1435
-1217
-999
-646
-408
-440
-583
-611
-556
-705
-1036
-1110
-941
-1141
-1811
-2350
-2618
-3034
-3615
-4106
-4719
-5597
-6029
-5445
-4569
-4179
-3507
-1632
475
1438
1993
3516
5166
5201
4202
4101
4779
4476
3110
2418
2867
2986
2142
1590
2130
2725
2332
1520
1364
1751
1685
841
-29
-360
-552
-1089
-1703
-1960
-1934
-1973
-2225
-2372
-1968
-1267
-1052
-1330
-1364
-1098
-1182
-1678
-2025
-2043
-2054
-2154
-2002
-1362
-526
113
631
1370
2349
3319
4097
4609
4863
4964
4995
4935
4724
4348
3908
3530
3205
2903
2683
2483
2132
1676
1263
857
379
-160
-833
-1636
-2285
-2666
-3055
-3564
-3928
-3974
-3814
-3557
-3250
-2961
-2670
-2275
-1807
-1405
-1081
-756
-443
-246
-225
-208
45
272
-154
-1106
-1739
-1957
-2470
-3232
-3576
-3736
-4353
-4891
-4499
-3683
-3219
-2505
-914
546
928
1237
2577
3906
3788
2900
2759
3170
2983
2315
2116
2249
1838
1047
911
1571
2088
1980
1759
1859
2014
1880
1527
1157
787
311
-217
-562
-672
-819
-1184
-1628
-1910
-1884
-1598
-1390
-1471
-1565
-1472
-1507
-1866
-2178
-2186
-2158
-2271
-2200
-1692
-1027
-550
-80
710
1660
2401
2974
3638
4291
4636
4752
4924
5089
4992
4675
4352
4064
3718
3259
2699
2133
1611
1032
365
-204
-575
-910
-1348
-1822
-2186
-2411
-2617
-2875
-3070
-3128
-3167
-3232
-3192
-3009
-2821
-2633
-2312
-1851
-1354
-815
-266
134
367
554
518
-61
-964
-1634
-2110
-2843
-3668
-4054
-4185
-4600
-4993
-4689
-3976
-3451
-2629
-938
710
1271
1543
2753
4210
4469
3827
3637
3929
3643
2764
2301
2357
1988
1082
710
1300
1935
1894
1636
1753
2021
1976
1664
1306
854
231
-392
-844
-1162
-1448
-1757
-2091
-2342
-2333
-2090
-1881
-1823
-1747
-1617
-1608
-1654
-1496
-1259
-1295
-1474
-1322
-807
-360
-137
141
671
1293
1838
2432
3262
4161
4767
5019
5191
5382
5327
4877
4280
3778
3268
2539
1689
1062
760
436
-137
-656
-828
-891
-1175
-1556
-1785
-1931
-2180
-2495
-2737
-2844
-2862
-2862
-2830
-2707
-2540
-2392
-2134
-1611
-1005
-618
-430
-165
256
617
624
115
-704
-1393
-1863
-2435
-3125
-3627
-4084
-4845
-5466
-5280
-4660
-4269
-3614
-2032
-312
505
1074
2538
4251
4687
4018
3736
4114
4046
3220
2550
2380
1970
1062
511
851
1410
1429
1152
1232
1673
1994
1985
1765
1393
848
220
-338
-790
-1248
-1839
-2533
-3092
-3259
-3045
-2704
-2443
-2236
-1975
-1637
-1296
-1027
-860
-779
-732
-633
-435
-153
171
517
891
1317
1845
2494
3182
3786
4260
4620
4897
5105
5175
4997
4616
4241
3884
3281
2387
1561
999
460
-216
-836
-1257
-1607
-1985
-2284
-2419
-2483
-2554
-2574
-2472
-2331
-2289
-2315
-2268
-2154
-2107
-2116
-1993
-1711
-1468
-1308
-976
-388
151
429
557
562
280
-213
-664
-1103
-1765
-2616
-3438
-4154
-4699
-4901
-4840
-4802
-4579
-3553
-1880
-578
99
1089
2737
3954
4020
3807
4188
4538
3971
2950
2414
2162
1424
427
86
434
663
530
613
1172
1745
1955
1974
2022
1974
1639
1068
462
-97
-730
-1549
-2389
-2918
-3032
-2978
-2984
-2967
-2713
-2217
-1689
-1220
-740
-295
-29
94
285
560
743
762
752
888
1239
1739
2249
2691
3083
3469
3878
4330
4748
4920
4744
4404
4090
3732
3177
2447
1632
743
-182
-960
-1479
-1876
-2349
-2850
-3164
-3208
-3082
-2861
-2562
-2258
-2047
-1925
-1804
-1659
-1565
-1553
-1528
-1418
-1294
-1199
-1015
-676
-338
-148
-26
78
7
-286
-602
-894
-1323
-1880
-2381
-2898
-3589
-4245
-4549
-4625
-4684
-4391
-3352
-2015
-1138
-499
702
2328
3366
3554
3729
4334
4731
4372
3676
3199
2721
1860
957
582
611
523
247
190
551
1075
1390
1434
1427
1491
1456
1187
799
371
-247
-1146
-2043
-2580
-2775
-2934
-3173
-3283
-3056
-2572
-2042
-1547
-1039
-534
-100
279
686
1091
1325
1323
1269
1356
1581
1808
2001
2252
2613
3010
3436
3926
4319
4380
4198
4043
3913
3616
3124
2498
1745
923
147
-531
-1158
-1815
-2502
-3036
-3257
-3235
-3128
-2963
-2694
-2333
-1942
-1558
-1179
-851
-687
-726
-819
-819
-772
-795
-872
-867
-696
-456
-274
-122
-19
-171
-532
-786
-931
-1254
-1755
-2272
-2850
-3460
-3887
-4145
-4376
-4356
-3756
-2787
-1981
-1354
-379
1030
2208
2776
3216
3899
4396
4323
3966
3656
3212
2381
1419
840
702
562
190
-64
121
544
882
1142
1422
1623
1619
1457
1210
858
317
-479
-1400
-2128
-2554
-2935
-3356
-3529
-3326
-3008
-2722
-2288
-1625
-994
-607
-272
283
940
1336
1445
1589
1898
2158
2246
2330
2526
2707
2805
2945
3208
3458
3542
3505
3524
3647
3684
3419
2899
2310
1690
954
132
-664
-1439
-2257
-2995
-3429
-3509
-3404
-3261
-3049
-2653
-2090
-1489
-943
-490
-227
-218
-338
-389
-381
-492
-703
-801
-728
-635
-533
-291
-37
-116
-498
-761
-825
-1104
-1746
-2378
-2813
-3322
-3978
-4455
-4617
-4606
-4327
-3571
-2595
-1829
-1129
-50
1293
2344
2945
3431
3941
4233
4176
3928
3567
2949
2089
1371
1082
1013
798
451
297
474
777
979
1057
1106
1142
1085
909
690
443
38
-609
-1309
-1797
-2076
-2373
-2750
-3011
-2998
-2791
-2511
-2146
-1681
-1184
-668
-82
506
983
1371
1736
2022
2166
2267
2409
2502
2475
2462
2626
2894
3064
3116
3194
3351
3483
3458
3243
2908
2506
1963
1261
553
-79
-791
-1645
-2395
-2826
-3023
-3156
-3203
-3029
-2656
-2253
-1844
-1299
-716
-381
-282
-161
-13
-35
-201
-344
-453
-559
-579
-474
-368
-322
-293
-335
-530
-789
-1028
-1331
-1764
-2216
-2647
-3171
-3742
-4111
-4222
-4250
-4129
-3534
-2544
-1696
-1135
-363
824
1887
2374
2615
3090
3617
3690
3360
3104
2962
2531
1820
1315
1148
936
525
263
373
611
677
627
678
850
987
994
922
803
537
27
-604
-1092
-1380
-1722
-2257
-2730
-2834
-2634
-2406
-2209
-1889
-1427
-962
-496
126
849
1380
1632
1854
2162
2411
2485
2470
2493
2556
2574
2587
2735
2948
2975
2829
2805
2948
2970
2734
2368
1974
1509
889
136
-610
-1225
-1778
-2370
-2841
-2935
-2750
-2610
-2522
-2213
-1681
-1218
-955
-721
-430
-231
-245
-382
-478
-503
-538
-601
-598
-488
-368
-319
-294
-288
-426
-755
-1113
-1378
-1642
-1972
-2293
-2605
-3001
-3418
-3676
-3738
-3665
-3396
-2857
-2200
-1636
-1066
-223
789
1538
1934
2328
2870
3285
3366
3227
3017
2701
2210
1651
1222
941
651
342
180
242
440
644
782
885
1044
1236
1312
1215
997
668
216
-309
-821
-1285
-1725
-2162
-2532
-2691
-2580
-2317
-2042
-1733
-1289
-709
-83
491
956
1342
1682
1902
1975
2031
2107
2101
2040
2079
2220
2366
2486
2575
2630
2687
2749
2722
2575
2338
2012
1580
1081
578
81
-475
-1098
-1643
-1971
-2135
-2274
-2374
-2313
-2065
-1734
-1419
-1113
-787
-521
-414
-389
-293
-177
-221
-412
-527
-463
-353
-314
-294
-214
-128
-146
-305
-517
-716
-961
-1340
-1795
-2179
-2473
-2787
-3176
-3543
-3781
-3910
-3918
-3634
-3011
-2338
-1830
-1241
-283
783
1497
1908
2398
2960
3263
3245
3115
2898
2457
1886
1453
1229
1030
759
542
543
736
962
1130
1260
1350
1373
1365
1356
1226
840
251
-357
-883
-1324
-1693
-2020
-2347
-2610
-2653
-2412
-2016
-1633
-1290
-890
-387
131
573
946
1294
1587
1761
1864
2023
2229
2313
2225
2183
2343
2530
2537
2472
2514
2574
2483
2289
2133
1976
1699
1295
859
443
13
-470
-989
-1444
-1753
-1929
-2012
-2005
-1890
-1691
-1472
-1265
-1048
-806
-601
-486
-415
-339
-320
-395
-499
-567
-602
-620
-611
-563
-474
-383
-363
-473
-685
-924
-1179
-1491
-1850
-2194
-2531
-2919
-3331
-3648
-3832
-3892
-3731
-3250
-2595
-1986
-1381
-555
433
1246
1756
2197
2710
3109
3215
3145
3015
2738
2231
1672
1289
1070
847
617
525
619
798
975
1126
1242
1346
1441
1442
1285
1023
707
274
-282
-816
-1187
-1464
-1787
-2102
-2206
-2071
-1870
-1671
-1410
-1112
-848
-532
-97
321
560
700
909
1166
1319
1372
1476
1656
1799
1888
2039
2281
2509
2635
2682
2711
2739
2732
2648
2451
2135
1729
1286
826
343
-133
-604
-1087
-1493
-1696
-1743
-1778
-1792
-1672
-1440
-1212
-1015
-799
-576
-448
-473
-580
-676
-777
-934
-1090
-1131
-1069
-968
-814
-570
-311
-137
-49
-40
-152
-406
-768
-1211
-1723
-2270
-2818
-3350
-3815
-4113
-4207
-4151
-3950
-3482
-2720
-1881
-1141
-395
474
1330
1958
2370
2719
3022
3130
2977
2685
2377
2027
1591
1202
1001
929
848
774
815
955
1092
1188
1265
1321
1342
1312
1219
1028
707
298
-98
-437
-777
-1136
-1425
-1596
-1701
-1771
-1768
-1640
-1420
-1198
-986
-717
-395
-110
86
240
417
621
808
939
1069
1270
1500
1711
1963
2268
2509
2625
2698
2809
2900
2865
2684
2439
2201
1915
1497
985
485
20
-453
-901
-1229
-1406
-1499
-1565
-1582
-1496
-1338
-1201
-1124
-1058
-978
-922
-901
-897
-912
-944
-974
-982
-956
-853
-661
-424
-207
-23
129
231
236
96
-207
-613
-1042
-1481
-1971
-2498
-2995
-3418
-3742
-3936
-3996
-3923
-3661
-3158
-2497
-1827
-1147
-352
512
1232
1726
2147
2579
2887
2966
2901
2790
2584
2217
1791
1484
1322
1168
964
823
833
951
1090
1194
1235
1248
1262
1240
1140
970
721
358
-92
-509
-844
-1145
-1448
-1687
-1793
-1801
-1758
-1649
-1459
-1240
-1026
-781
-487
-181
92
326
559
800
999
1129
1271
1480
1694
1845
1969
2126
2292
2413
2473
2504
2523
2494
2388
2222
2019
1747
1382
955
522
92
-362
-818
-1201
-1480
-1702
-1871
-1947
-1914
-1816
-1658
-1437
-1182
-934
-707
-533
-431
-381
-344
-336
-395
-506
-584
-582
-528
-460
-375
-254
-113
-13
-5
-104
-314
-623
-1020
-1492
-2016
-2542
-3034
-3495
-3904
-4166
-4217
-4067
-3732
-3188
-2468
-1682
-879
-16
890
1694
2283
2705
3060
3342
3463
3383
3136
2764
2323
1878
1478
1147
886
685
532
470
559
770
973
1082
1130
1187
1239
1212
1059
787
409
-55
-529
-924
-1240
-1540
-1826
-2012
-2032
-1911
-1715
-1476
-1204
-901
-560
-208
123
424
669
820
893
974
1099
1205
1234
1258
1360
1518
1666
1812
1987
2164
2275
2326
2357
2365
2287
2072
1747
1380
995
567
83
-413
-875
-1281
-1612
-1850
-1983
-2012
-1941
-1776
-1533
-1255
-983
-740
-517
-333
-220
-195
-232
-302
-401
-533
-659
-721
-692
-605
-499
-371
-219
-76
-10
-60
-228
-480
-798
-1194
-1667
-2168
-2640
-3085
-3483
-3756
-3849
-3771
-3522
-3044
-2352
-1572
-786
46
932
1731
2317
2734
3065
3276
3299
3162
2930
2596
2150
1679
1289
985
717
483
350
351
449
581
731
908
1072
1158
1181
1184
1127
910
544
142
-231
-623
-1032
-1365
-1571
-1692
-1746
-1681
-1472
-1183
-882
-593
-302
-6
272
476
576
614
639
640
603
578
610
681
762
891
1114
1394
1646
1852
2062
2273
2397
2389
2302
2168
1943
1600
1184
744
297
-155
-604
-1015
-1343
-1582
-1759
-1872
-1866
-1737
-1559
-1397
-1225
-985
-708
-500
-389
-323
-265
-257
-311
-386
-441
-497
-571
-620
-583
-471
-345
-241
-156
-82
-38
-79
-262
-571
-935
-1335
-1785
-2267
-2718
-3097
-3387
-3569
-3597
-3430
-3067
-2539
-1882
-1129
-322
495
1269
1933
2441
2796
3011
3074
2993
2791
2485
2089
1651
1234
890
630
467
407
438
539
695
895
1097
1246
1311
1324
1308
1221
1031
758
440
75
-299
-628
-902
-1140
-1314
-1379
-1364
-1309
-1220
-1081
-920
-760
-598
-432
-286
-167
-60
53
159
242
328
453
609
770
945
1142
1339
1528
1723
1916
2082
2205
2267
2246
2140
1962
1719
1391
972
510
68
-354
-783
-1202
-1558
-1828
-2014
-2089
-2029
-1858
-1645
-1422
-1166
-871
-593
-394
-271
-179
-110
-87
-105
-146
-212
-306
-389
-393
-306
-173
-44
86
219
325
342
252
71
-204
-586
-1031
-1470
-1883
-2308
-2741
-3102
-3304
-3328
-3205
-2926
-2481
-1892
-1226
-519
216
945
1580
2049
2377
2626
2785
2788
2610
2314
1970
1603
1224
882
622
444
327
287
361
541
758
953
1117
1267
1396
1463
1428
1292
1064
749
369
-31
-416
-801
-1180
-1484
-1649
-1702
-1687
-1604
-1436
-1214
-989
-763
-509
-261
-77
43
147
250
326
373
422
505
618
764
945
1166
1401
1621
1816
1985
2116
2172
2130
2012
1839
1587
1234
809
375
-57
-499
-935
-1306
-1578
-1772
-1908
-1958
-1898
-1761
-1585
-1365
-1077
-755
-464
-225
-19
151
256
276
236
166
85
-9
-95
-143
-133
-75
9
117
257
393
474
473
383
186
-127
-539
-1021
-1545
-2082
-2592
-3038
-3367
-3541
-3547
-3391
-3067
-2564
-1912
-1185
-439
310
1026
1637
2086
2384
2560
2603
2493
2256
1956
1637
1307
985
725
558
471
462
540
690
885
1092
1281
1425
1508
1521
1458
1315
1085
768
393
4
-372
-721
-1031
-1275
-1428
-1492
-1473
-1378
-1214
-1011
-802
-601
-405
-223
-85
-14
10
18
25
25
32
74
161
276
420
608
835
1070
1273
1447
1603
1727
1770
1717
1594
1418
1178
861
500
143
-200
-544
-870
-1134
-1312
-1426
-1484
-1464
-1345
-1151
-929
-694
-443
-195
10
153
252
311
314
260
186
118
41
-48
-113
-117
-65
12
107
231
364
456
478
435
320
104
-212
-589
-989
-1404
-1828
-2227
-2566
-2823
-2981
-3014
-2909
-2674
-2326
-1869
-1316
-710
-113
444
954
1408
1765
2003
2130
2159
2088
1921
1685
1425
1158
891
650
478
394
381
425
530
684
859
1024
1165
1280
1345
1331
1231
1067
853
576
242
-103
-417
-694
-933
-1118
-1221
-1245
-1218
-1162
-1073
-947
-808
-674
-557
-455
-369
-305
-259
-229
-202
-164
-112
-42
60
203
371
543
713
886
1049
1186
1299
1383
1428
1415
1354
1261
1131
949
718
468
217
-32
-270
-479
-641
-757
-833
-858
-813
-707
-570
-420
-254
-86
48
129
165
162
113
18
-93
-195
-283
-357
-401
-394
-328
-219
-90
55
211
348
428
429
354
201
-38
-355
-728
-1121
-1519
-1907
-2252
-2515
-2678
-2739
-2692
-2525
-2233
-1838
-1378
-880
-372
129
591
977
1276
1488
1609
1626
1543
1390
1210
1007
786
580
444
392
403
476
621
829
1062
1287
1498
1679
1795
1814
1739
1588
1358
1045
662
258
-132
-497
-823
-1086
-1258
-1348
-1378
-1352
-1263
-1131
-1003
-895
-796
-707
-653
-640
-654
-675
-697
-714
-701
-641
-530
-370
-161
102
402
720
1041
1350
1628
1860
2033
2138
2169
2118
1986
1785
1527
1221
887
542
204
-107
-383
-612
-785
-896
-948
-944
-892
-799
-677
-545
-422
-315
-234
-191
-190
-223
-276
-342
-407
-458
-474
-444
-368
-247
-81
127
349
559
736
862
917
875
726
477
144
-264
-731
-1220
-1696
-2128
-2497
-2775
-2933
-2954
-2845
-2619
-2282
-1853
-1366
-861
-365
101
508
832
1062
1204
1267
1253
1172
1052
925
812
724
678
693
771
898
1063
1259
1467
1660
1811
1909
1945
1905
1778
1565
1281
932
540
133
-261
-615
-919
-1160
-1330
-1425
-1455
-1429
-1365
-1274
-1168
-1064
-972
-906
-866
-856
-870
-898
-916
-909
-865
-776
-630
-418
-152
159
503
868
1235
1579
1882
2132
2312
2401
2393
2293
2114
1859
1544
1191
827
471
133
-169
-420
-610
-739
-813
-831
-797
-724
-629
-528
-428
-340
-275
-241
-234
-250
-283
-327
-372
-404
-411
-391
-336
-241
-104
66
255
450
641
803
911
945
898
763
531
205
-198
-649
-1130
-1618
-2079
-2477
-2787
-2991
-3077
-3031
-2852
-2558
-2172
-1713
-1209
-693
-200
241
617
915
1123
1237
1273
1249
1182
1088
990
911
866
858
894
974
1091
1234
1381
1517
1629
1693
1693
1621
1482
1276
1004
682
338
-8
-342
-649
-903
-1091
-1214
-1278
-1284
-1239
-1159
-1069
-978
-896
-833
-800
-797
-813
-840
-867
-877
-858
-793
-673
-497
-267
13
330
670
1013
1337
1629
1868
2042
2138
2154
2089
1952
1752
1505
1231
943
661
398
163
-35
-193
-307
-381
-417
-422
-402
-367
-324
-284
-251
-230
-224
-230
-249
-275
-303
-327
-342
-338
-313
-261
-179
-70
66
216
373
521
648
740
785
771
689
538
317
27
-315
-701
-1111
-1525
-1922
-2282
-2585
-2818
-2964
-3020
-2980
-2848
-2628
-2333
-1974
-1571
-1143
-710
-289
105
463
773
1034
1246
1413
1541
1634
1699
1739
1761
1771
1773
1768
1754
1727
1684
1626
1547
1442
1310
1150
965
760
538
308
73
-161
-383
-589
-771
-927
-1055
-1154
-1222
-1260
-1269
-1257
-1228
-1183
-1125
-1053
-966
-862
-745
-618
-472
-316
-146
35
225
421
619
810
989
1147
1280
1381
1447
1476
1467
1420
1343
1236
1106
958
800
636
473
316
170
36
-82
-182
-267
-331
-380
-411
-424
-419
-398
-360
-305
-240
-163
-80
9
97
179
252
314
361
395
413
416
404
377
344
305
267
226
181
126
57
-30
-139
-279
-453
-665
-911
-1190
-1492
-1806
-2118
-2411
-2666
-2863
-2988
-3028
-2969
-2809
-2550
-2198
-1767
-1276
-747
-202
334
835
1276
1643
1920
2107
2203
2220
2168
2064
1923
1762
1602
1450
1317
1204
1110
1035
973
917
855
778
680
550
395
214
17
-189
-398
-598
-777
-928
-1041
-1112
-1142
-1128
-1073
-986
-873
-745
-610
-473
-346
-232
-131
-50
15
70
113
151
187
228
280
348
430
524
623
724
821
910
980
1025
1041
1027
983
910
813
698
568
436
307
191
93
22
-28
-52
-51
-29
4
49
97
144
185
218
237
243
235
215
184
143
94
41
-17
-72
-122
-163
-192
-205
-205
-191
-169
-144
-131
-132
-159
-222
-323
-471
-662
-896
-1164
-1456
-1757
-2049
-2313
-2530
-2683
-2758
-2745
-2639
-2439
-2153
-1788
-1363
-896
-411
69
522
930
1275
1554
1756
1885
1945
1945
1896
1810
1703
1589
1473
1363
1263
1174
1099
1032
968
906
836
757
665
559
438
304
162
19
-123
-259
-384
-491
-578
-645
-694
-725
-743
-745
-732
-715
-692
-668
-640
-608
-569
-523
-470
-405
-328
-236
-133
-22
99
225
356
482
601
705
794
870
927
971
1001
1016
1018
1005
977
933
878
816
738
648
543
425
301
177
56
-58
-160
-245
-311
-355
-379
-385
-369
-338
-292
-239
-181
-126
-74
-28
13
48
73
90
99
101
96
80
54
14
-47
-130
-243
-387
-561
-768
-1000
-1253
-1519
-1781
-2033
-2253
-2433
-2557
-2614
-2593
-2485
-2296
-2027
-1691
-1296
-862
-404
58
504
910
1263
1547
1762
1901
1969
1975
1923
1827
1700
1556
1407
1263
1134
1021
929
861
809
771
739
706
670
622
563
491
402
293
169
33
-109
-254
-397
-530
-650
-757
-844
-906
-944
-949
-927
-877
-804
-710
-603
-480
-351
-215
-82
42
157
262
357
443
520
590
652
708
761
810
855
894
926
949
961
955
931
886
820
735
634
515
384
245
108
-24
-145
-251
-335
-395
-433
-450
-444
-421
-380
-331
-274
-214
-155
-100
-50
-9
24
47
59
58
41
6
-46
-122
-223
-346
-494
-664
-855
-1062
-1281
-1502
-1715
-1912
-2081
-2209
-2285
-2302
-2258
-2144
-1958
-1707
-1401
-1053
-670
-268
134
514
864
1172
1425
1617
1742
1808
1816
1776
1696
1590
1466
1334
1206
1092
994
913
854
810
780
760
744
729
703
662
602
523
426
308
175
31
-122
-277
-428
-569
-691
-788
-853
-887
-889
-859
-800
-716
-612
-490
-360
-227
-96
27
139
237
322
393
452
499
538
570
599
628
655
682
705
721
727
721
702
670
621
556
471
371
260
144
25
-93
-206
-309
-397
-467
-518
-551
-565
-560
-538
-499
-449
-389
-322
-251
-178
-106
-44
11
51
74
75
50
-3
-86
-200
-342
-506
-690
-886
-1089
-1290
-1477
-1641
-1771
-1860
-1896
-1879
-1806
-1677
-1497
-1272
-1009
-719
-416
-111
181
452
687
881
1033
1140
1204
1228
1215
1176
1118
1047
974
905
847
803
775
760
759
769
787
807
826
834
825
793
738
666
572
464
343
216
89
-36
-151
-253
-332
-389
-424
-441
-440
-420
-387
-340
-285
-227
-168
-110
-55
0
55
111
168
232
296
360
427
492
552
603
649
680
696
697
680
646
596
532
453
364
265
159
48
-64
-177
-286
-394
-494
-587
-668
-736
-791
-830
-849
-847
-822
-773
-705
-620
-526
-428
-325
-225
-138
-70
-28
-13
-28
-73
-147
-243
-360
-490
-628
-763
-889
-998
-1084
-1144
-1168
-1157
-1107
-1024
-907
-765
-604
-429
-248
-69
99
247
372
472
548
599
628
633
620
590
550
507
467
433
408
392
388
396
417
451
495
545
599
652
700
741
771
789
792
781
755
715
657
588
508
425
338
255
176
104
43
-7
-47
-75
-91
-98
-93
-79
-56
-24
15
59
109
162
217
269
318
362
401
434
458
474
479
472
451
418
371
308
226
129
13
-113
-247
-390
-534
-679
-813
-931
-1028
-1100
-1147
-1168
-1161
-1127
-1069
-990
-900
-802
-703
-609
-525
-456
-404
-371
-357
-359
-373
-396
-424
-446
-464
-470
-462
-439
-398
-338
-261
-169
-63
49
161
266
357
430
480
508
511
490
449
394
329
259
187
116
54
6
-28
-47
-51
-42
-21
10
50
96
143
189
234
277
316
353
387
423
458
495
532
573
614
657
700
740
772
797
809
808
794
762
715
655
585
506
424
345
268
200
143
100
69
55
58
72
96
126
162
194
221
235
237
221
186
133
62
-27
-129
-237
-346
-453
-553
-642
-715
-767
-798
-810
-807
-795
-777
-756
-735
-724
-724
-736
-761
-794
-835
-882
-932
-980
-1018
-1044
-1054
-1047
-1021
-980
-918
-837
-740
-628
-507
-378
-247
-111
28
161
292
411
521
618
701
769
820
852
871
873
860
833
795
748
694
632
567
499
430
362
294
227
164
103
44
-11
-64
-114
-157
-194
-222
-241
-250
-247
-229
-200
-161
-112
-54
15
94
177
260
341
419
492
560
621
672
715
752
780
800
811
814
813
811
799
782
756
722
682
635
580
517
444
363
272
174
68
-41
-153
-262
-369
-464
-548
-617
-669
-703
-719
-718
-706
-685
-658
-631
-606
-588
-581
-585
-600
-627
-662
-700
-740
-777
-806
-826
-836
-833
-819
-792
-755
-709
-655
-596
-534
-471
-407
-346
-289
-235
-183
-137
-92
-53
-14
23
62
103
148
193
243
297
351
407
462
510
551
582
606
617
618
605
578
541
498
451
401
354
308
263
224
190
167
152
138
127
118
107
95
83
66
49
26
4
-20
-38
-51
-50
-37
-10
35
93
165
248
339
435
528
617
696
760
808
832
834
813
768
702
617
516
406
288
172
62
-42
-132
-211
-275
-325
-361
-381
-391
-393
-392
-391
-390
-392
-399
-412
-430
-454
-478
-503
-529
-551
-572
-587
-595
-597
-594
-589
-578
-563
-546
-526
-504
-480
-452
-423
-390
-355
-319
-282
-246
-211
-179
-149
-125
-102
-85
-70
-60
-54
-51
-54
-58
-65
-72
-77
-79
-79
-71
-56
-33
-2
34
74
120
168
222
276
325
369
403
431
453
465
470
465
455
441
423
403
384
367
348
331
315
299
287
277
268
257
244
230
216
203
187
170
154
141
137
134
135
139
145
158
175
193
212
226
237
242
237
227
205
176
140
96
47
-7
-58
-106
-149
-186
-214
-236
-248
-251
-246
-237
-225
-214
-202
-192
-185
-183
-187
-198
-215
-233
-252
-270
-288
-304
-317
-323
-322
-314
-301
-283
-261
-235
-208
-182
-158
-139
-125
-114
-106
-104
-107
-112
-119
-126
-129
-127
-121
-113
-104
-95
-85
-73
-63
-56
-52
-52
-56
-61
-67
-73
-77
-78
-78
-72
-60
-37
-11
21
59
100
139
178
213
244
270
290
304
309
308
301
292
279
265
254
242
232
221
211
202
194
186
175
163
149
133
117
102
86
72
59
50
44
45
50
55
61
67
77
86
93
96
94
88
78
66
52
36
18
2
-12
-21
-25
-27
-25
-20
-14
-11
-10
-14
-23
-36
-53
-72
-95
-119
-140
-161
-178
-191
-201
-205
-204
-197
-187
-172
-155
-138
-120
-105
-92
-83
-77
-75
-78
-84
-95
-109
-124
-140
-155
-167
-176
-182
-182
-181
-177
-174
-168
-164
-157
-151
-144
-138
-132
-126
-120
-113
-99
-85
-65
-42
-15
16
50
85
119
153
184
216
242
260
275
285
291
291
285
274
260
245
230
216
203
192
183
177
170
167
163
159
154
148
139
127
111
93
71
50
25
1
-21
-42
-61
-76
-88
-96
-98
-97
-91
-85
-75
-63
-50
-35
-22
-10
0
8
14
18
20
22
22
23
20
19
14
9
4
-2
-8
-16
-25
-35
-46
-58
-70
-82
-92
-100
-104
-109
-109
-106
-104
-100
-95
-90
-85
-81
-79
-78
-76
-76
-76
-75
-75
-74
-72
-70
-67
-63
-57
-50
-43
-36
-30
-26
-24
-23
-23
-25
-27
-30
-32
-35
-36
-37
-34
-29
-19
-11
0
11
26
38
49
64
76
86
96
102
107
109
110
112
113
112
110
108
102
96
90
84
76
69
64
56
50
44
38
32
26
21
15
12
8
4
0
-3
-4
-7
-7
-7
-7
-7
-5
-4
-1
1
4
8
10
11
15
17
18
20
20
20
19
18
15
13
11
9
6
3
0
-3
-7
-12
-17
-23
-29
-39
-48
-56
-64
-73
-79
-87
-94
-99
-105
-106
-109
-109
-107
-104
-98
-92
-81
-72
-61
-49
-37
-24
-13
-3
6
12
19
24
27
29
30
30
30
30
30
32
33
35
35
38
37
40
43
43
45
45
44
41
36
30
24
18
15
12
12
13
15
19
25
30
36
44
49
54
60
61
61
57
51
43
33
21
10
-1
-10
-17
-22
-26
-24
-23
-19
-15
-8
-1
7
12
16
17
16
14
10
6
3
-3
-9
-12
-15
-17
-15
-13
-6
1
9
16
23
27
31
36
37
36
33
28
19
10
0
-8
-18
-26
-33
-41
-47
-53
-58
-60
-62
-62
-64
-66
-66
-67
-69
-68
-68
-67
-65
-63
-60
-56
-50
-43
-35
-27
-18
-10
-2
5
13
18
24
31
33
37
38
38
36
36
34
32
29
28
26
21
21
20
18
17
19
19
19
21
22
23
27
29
29
32
30
31
29
28
28
27
25
24
23
22
21
22
21
21
19
20
18
14
12
8
4
0
-4
-8
-12
-15
-18
-21
-22
-22
-20
-19
-17
-15
-12
-10
-8
-6
-4
-2
-2
-3
-3
-5
-7
-8
-9
-11
-12
-13
-13
-12
-11
-9
-10
-9
-8
-7
-6
-7
-8
-7
-8
-9
-10
-12
-15
-16
-18
-20
-22
-23
-25
-26
-25
-25
-24
-21
-17
-15
-12
-9
-6
-3
3
5
8
11
13
16
17
18
20
19
19
19
18
16
16
15
12
11
11
8
9
8
7
8
7
6
6
5
4
6
5
6
6
7
9
9
12
12
14
16
17
17
17
18
17
17
16
17
17
17
15
15
15
15
14
13
13
13
13
11
9
7
4
2
-1
-4
-7
-10
-13
-16
-19
-22
-21
-21
-21
-19
-18
-17
-15
-13
-10
-8
-6
-7
-7
-9
-9
-11
-13
-14
-15
-17
-15
-15
-14
-12
-10
-8
-6
-5
-4
-2
-1
0
0
0
0
-2
-2
-2
-5
-6
-6
-8
-8
-9
-9
-7
-6
-5
-3
-1
0
0
0
-1
0
-1
1
1
2
2
1
1
2
2
4
5
6
8
8
9
8
9
9
9
9
7
5
5
4
3
3
3
3
3
5
6
6
10
12
15
17
18
19
19
20
20
19
19
20
20
19
19
18
16
16
14
13
11
9
6
3
1
0
-3
-6
-9
-12
-14
-17
-17
-20
-21
-21
-22
-21
-22
-22
-21
-21
-20
-18
-18
-17
-16
-15
-13
-12
-10
-10
-8
-7
-7
-6
-3
-1
1
2
4
4
3
4
5
5
6
7
6
5
6
6
7
7
8
8
7
5
4
3
1
1
0
-1
-2
-3
-2
-3
-3
-2
-2
-2
-2
-2
-2
-1
0
1
2
4
3
3
4
3
3
3
3
3
3
4
4
4
5
6
6
7
7
7
7
8
8
9
9
9
8
8
7
7
7
6
8
8
9
7
6
5
7
5
4
3
2
0
-2
-3
-4
-5
-5
-7
-6
-7
-9
-11
-11
-12
-12
-12
-14
-15
-15
-15
-16
-16
-16
-15
-14
-13
-13
-11
-10
-7
-8
-7
-5
-3
-3
-1
-1
-1
0
1
1
3
2
3
3
5
6
7
7
9
9
10
9
10
9
10
10
9
8
6
5
5
4
3
2
2
1
0
0
0
0
0
0
-1
0
1
0
1
0
0
0
-1
-1
-1
-1
0
-1
0
1
1
2
2
3
4
3
3
4
4
4
4
3
4
3
2
2
3
2
2
0
1
1
1
1
1
1
2
1
1
0
0
0
0
-1
0
-1
-1
-2
-2
-3
-2
-3
-3
-4
-4
-4
-5
-4
-4
-4
-4
-4
-4
-4
-4
-4
-4
-4
-3
-3
-3
-3
-2
-2
-2
-1
-1
1
0
1
1
1
3
2
2
4
3
3
5
4
4
4
3
3
3
3
3
3
3
3
3
3
3
4
3
2
1
2
2
1
3
2
2
1
2
1
0
0
1
0
1
1
1
0
0
-1
0
-1
-1
-2
-1
-1
-1
0
-1
0
1
0
0
0
0
0
0
1
1
1
1
1
2
1
3
2
1
1
1
0
0
0
-1
0
-1
-1
0
-1
-1
-1
-1
-1
-1
-1
1
-1
-2
0
-2
0
-1
-1
-2
-2
-3
-2
-2
-2
-2
-2
-3
-4
-2
-2
-1
0
2
1
0
1
1
1
0
-1
1
1
0
1
1
0
1
1
0
1
1
1
1
2
0
2
2
1
2
3
2
3
2
4
3
2
2
2
0
0
1
1
1
1
0
-1
-1
0
0
1
2
1
1
0
0
0
1
0
0
0
0
0
1
0
0
-1
0
0
0
0
0
0
0
0
1
0
0
0
0
0
0
0
0
1
0
0
0
0
0
0
-1
0
0
0
0
1
0
0
1
0
0
0
1
-1
0
-1
0
0
0
1
0
0
0
0
0
0
1
0
-1
0
0
0
0
0
0
0
-1
1
2
2
2
1
0
0
1
0
1
2
2
2
2
1
0
0
1
2
1
2
1
0
1
1
1
2
2
1
0
0
0
0
-1
1
0
2
0
1
0
0
0
0
0
1
0
1
0
0
0
0
0
0
0
0
0
0
0
1
0
0
-1
0
0
0
0
0
0
0
0
0
0
-1
0
0
1
0
0
-1
0
0
0
0
0
0
0
0
-1
0
1
0
0
0
0
1
0
0
0
0
0
-1
0
0
-1
0
0
0
0
0
0
0
0
0
0
0
1
1
1
1
0
0
-1
1
0
0
0
0
0
0
0
0
0
0
0
0
1
0
0
1
0
1
0
0
1
0
0
0
0
1
0
0
-1
0
0
1
1
0
0
-1
0
-1
-1
0
0
0
1
1
0
-1
0
1
0
0
0
0
1
0
1
-1
0
1
0
0
0
-1
0
0
0
1
0
-1
0
-1
-1
0
0
1
0
0
0
1
1
0
0
1
1
-1
0
-1
0
0
0
1
0
0
0
0
-1
0
0
-1
0
0
-1
-1
1
0
0
0
0
-1
0
1
0
0
0
-1
1
0
1
0
1
-1
0
0
0
-1
0
0
0
0
0
0
0
0
0
0
0
0
0
0
0
0
0
1
0
0
0
0
1
0
0
0
0
0
0
0
0
0
0
0
0
0
0
0
0
0
0
0
0
1
0
0
0
0
-1
0
0
1
0
0
0
0
0
-1
0
0
0
0
0
0
-1
0
0
-1
0
0
0
-1
0
0
0
0
-1
0
0
0
0
0
0
0
0
0
0
0
0
0
0
0
-1
0
0
0
-1
0
-1
0
-1
0
0
0
0
1
0
0
0
0
-1
1
0
0
0
0
0
1
0
0
0
0
0
0
1
0
0
0
0
-1
0
-1
0
0
0
0
0
0
0
0
0
0
0
0
0
0
0
0
0
1
0
1
1
0
1
0
0
0
0
0
1
0
1
0
0
0
1
0
0
-1
0
0
1
0
-1
0
0
0
0
-1
-1
1
0
0
1
0
0
1
0
0
0
-1
1
0
0
0
0
0
0
-1
0
0
0
0
0
0
0
0
0
0
0
0
0
0
0
0
0
0
0
0
-1
0
-1
0
-1
0
0
0
0
0
-1
0
-1
1
0
0
0
0
0
-1
0
-1
0
-1
0
0
0
0
-1
0
-1
0
1
0
0
0
0
0
0
1
0
0
0
0
0
0
-1
0
0
0
0
0
0
0
0
1
0
1
1
0
0
0
0
0
0
0
0
0
0
1
0
1
0
0
0
0
0
0
0
1
0
0
0
1
0
1
1
0
0
0
0
-1
0
0
1
0
0
0
0
0
0
0
0
0
0
0
0
0
-1
0
0
0
0
0
0
0
0
0
-1
0
1
0
0
0
0
0
0
0
-1
1
0
0
0
1
0
1
0
0
0
0
0
0
0
-1
0
1
0
0
0
1
0
0
0
0
-1
1
1
0
0
1
0
0
0
0
0
0
0
0
-1
0
0
0
0
1
0
0
0
0
0
0
-1
-1
1
0
0
1
0
0
-1
0
-1
1
0
1
0
0
0
0
1
-1
0
0
0
0
0
0
0
0
0
0
0
0
0
0
-1
0
0
0
0
1
0
0
0
0
0
0
0
0
-1
0
0
0
-1
0
0
1
0
-1
0
0
0
0
1
1
1
0
0
-1
0
0
-1
0
0
0
0
-1
0
0
0
0
0
0
1
0
0
0
0
0
1
0
0
0
0
0
0
0
-1
1
-1
0
-1
0
0
0
0
-1
0
0
0
0
0
0
0
0
0
1
0
0
0
0
0
0
0
0
0
0
0
0
0
0
-1
0
0
0
1
0
0
0
0
-1
0
-1
0
1
0
0
1
0
0
0
0
0
0
0
0
0
0
1
-1
0
-1
0
0
-1
0
0
0
0
-1
0
0
0
0
0
1
0
0
0
0
0
0
0
-1
0
0
0
0
0
0
-1
0
0
0
0
0
0
-1
0
-1
0
0
0
0
1
0
0
0
0
0
0
0
0
0
0
0
0
1
0
0
0
0
1
0
-1
0
1
0
0
0
0
0
0
0
-1
-1
0
0
0
1
0
-1
0
0
-1
0
0
0
-1
0
0
1
0
0
0
0
0
0
1
0
0
0
0
1
0
0
0
1
1
0
0
0
0
0
0
1
0
1
0
0
0
1
0
0
0
-1
1
1
0
-1
0
0
0
0
0
0
0
0
0
0
0
1
0
1
0
0
0
0
0
-1
0
1
0
0
-1
0
-1
0
0
-1
0
0
0
0
0
0
0
0
0
0
0
0
0
0
0
0
0
0
0
0
0
0
0
0
0
0
0
0
0
0
0
0
0
-1
0
0
0
0
0
0
0
-1
0
1
1
1
1
1
1
1
1
2
2
2
1
0
0
0
0
0
1
1
1
1
1
-1
0
0
0
0
0
0
0
1
0
1
1
1
0
-1
-1
-1
0
0
1
1
1
1
0
-1
-2
-3
-2
-2
-1
-2
-1
-1
-1
0
-1
0
-1
-1
0
-1
0
0
0
-1
0
0
0
0
1
1
2
3
2
3
3
4
4
6
7
8
8
8
9
8
7
7
6
6
5
4
4
3
2
1
0
0
-3
-4
-5
-6
-7
-6
-7
-8
-9
-10
-10
-9
-10
-7
-6
-5
-4
-3
-3
-1
-1
0
2
1
2
2
4
3
3
4
4
4
4
3
2
2
2
1
1
1
0
-1
-1
0
-2
-1
-1
-4
-3
-4
-5
-6
-6
-6
-6
-7
-7
-8
-8
-7
-8
-7
-5
-6
-5
-3
-1
-1
1
2
2
5
7
10
13
19
24
30
36
40
43
45
45
45
44
42
41
40
37
33
28
22
18
13
8
5
1
-5
-8
-11
-16
-20
-24
-26
-29
-30
-31
-32
-31
-30
-30
-30
-29
-28
-27
-24
-23
-20
-17
-14
-13
-12
-10
-10
-10
-9
-8
-7
-7
-7
-7
-5
-4
-5
-2
-3
-1
0
0
1
1
1
1
2
2
3
4
6
7
9
11
12
14
14
15
15
15
16
17
17
18
18
18
19
18
19
17
18
15
14
13
10
8
5
2
0
-2
-7
-9
-12
-14
-17
-19
-19
-21
-22
-24
-22
-21
-21
-19
-17
-16
-13
-10
-10
-6
-3
0
3
6
9
12
14
15
17
17
17
16
15
14
13
12
9
7
6
4
3
1
-1
-2
-2
-2
-2
-3
-3
-2
-2
-2
0
-1
1
2
3
3
3
4
5
5
5
4
4
3
3
2
1
-1
-1
-3
-4
-5
-5
-6
-6
-6
-7
-7
-7
-7
-6
-4
-4
-5
-3
-2
-1
-1
0
0
1
2
1
2
2
1
1
1
0
0
0
-1
-2
-3
-2
-3
-3
-3
-4
-4
-4
-4
-4
-4
-3
-4
-3
-2
-2
-2
-2
-1
0
0
1
1
0
0
0
2
4
4
5
6
5
8
8
7
8
9
10
10
10
10
12
10
10
10
11
9
9
8
7
6
4
4
3
2
1
0
-1
-3
-4
-4
-5
-6
-7
-7
-7
-7
-7
-7
-8
-7
-7
-7
-7
-7
-7
-6
-5
-5
-3
-3
-2
-2
-1
-1
0
0
0
2
-1
0
1
-1
0
0
0
0
0
0
1
0
1
1
1
0
1
0
1
2
2
2
2
1
2
2
2
2
2
2
1
3
2
2
2
2
1
1
1
0
0
0
0
0
-1
-1
1
-1
-1
0
-1
-1
-2
-1
-1
-1
-1
-1
-1
-1
-1
-1
0
-1
0
0
-1
0
-1
0
-1
0
-1
-2
-1
0
0
0
0
1
1
2
3
3
2
4
4
4
4
5
4
4
4
4
4
4
5
4
4
3
3
3
3
2
2
3
1
2
1
2
1
0
0
0
-1
-1
-1
-1
-2
-3
-1
-2
-3
-3
-3
-3
-3
-3
-1
-3
-2
-3
-2
-2
-2
-4
-3
-2
-2
-1
-2
-3
-2
-1
-1
0
1
1
0
0
0
0
-1
1
1
3
2
2
2
1
0
0
1
0
0
0
-1
0
0
0
0
0
1
-1
0
0
0
0
1
0
1
1
1
3
1
2
2
2
2
2
1
2
2
0
2
2
0
1
1
1
0
0
0
0
0
1
0
1
0
2
2
2
0
0
2
1
1
2
-1
0
0
-1
-2
0
-1
-1
-2
-2
-4
-3
-4
-4
-4
-4
-4
-5
-4
-4
-3
-2
-3
0
0
1
2
1
1
1
1
2
3
5
4
5
5
3
4
3
3
3
2
2
2
1
1
1
0
0
0
0
0
-2
-1
0
-1
-1
-1
-1
-1
-2
-1
-1
-1
-2
-1
-1
-2
-2
-1
0
0
0
0
1
1
-1
0
-1
0
0
0
0
0
0
0
0
1
0
0
0
0
-1
1
0
0
1
0
0
0
-1
-1
0
0
-2
-1
-1
-1
-1
-2
0
-1
1
1
2
1
1
2
1
1
3
2
2
2
3
1
1
3
2
2
2
1
2
2
3
2
2
1
1
1
1
0
0
0
0
-1
0
1
2
2
0
1
1
1
0
0
-1
-1
-1
-1
-3
-1
-2
-2
-1
-2
-2
-2
-2
0
-2
-1
-1
-1
0
-1
1
1
1
0
1
1
1
1
1
0
1
0
1
0
1
1
0
0
-1
-2
-3
-3
-2
-1
-2
0
0
0
1
-1
0
0
0
1
1
0
2
1
2
3
2
1
1
0
-1
0
0
-1
-2
-1
-1
0
-1
0
0
0
1
0
0
1
1
1
1
1
1
1
1
1
1
1
1
0
2
0
0
0
-1
-1
-1
-1
-1
-1
-1
-3
-1
-2
0
1
1
1
1
-1
0
0
1
3
3
4
4
4
4
4
4
4
5
3
4
3
0
0
-1
-1
-1
-1
-1
-1
-2
-2
-2
-2
-2
-1
-2
-1
0
-1
0
0
0
1
1
0
1
1
1
2
1
1
0
1
0
0
0
-1
-1
-1
-1
-2
-1
-1
-1
0
-1
-1
-1
0
-1
-1
1
-1
-1
-1
-1
-1
-1
-1
-2
-2
-1
-1
-2
-2
-3
-2
-2
-2
-2
-2
-1
0
0
-1
0
-1
1
1
1
1
1
2
3
3
3
3
3
4
3
4
4
4
4
4
4
4
4
4
4
4
4
4
5
5
4
3
1
2
2
1
1
1
1
1
-1
-2
-2
-2
-3
-3
-4
-4
-5
-6
-6
-6
-5
-5
-4
-4
-3
-2
-2
0
1
2
3
4
4
4
4
4
4
3
4
4
2
1
-1
-2
-3
-5
-7
-8
-8
-8
-7
-7
-6
-6
-5
-4
-3
0
2
4
6
8
9
11
13
15
16
16
16
15
13
10
8
5
3
1
-2
-5
-7
-9
-11
-12
-13
-12
-13
-12
-12
-10
-9
-8
-6
-4
-3
0
1
3
2
5
4
4
4
4
3
2
1
-1
-2
-3
-4
-5
-6
-7
-7
-8
-6
-6
-6
-5
-3
-2
0
2
3
6
7
9
10
11
12
13
15
17
18
17
15
15
12
11
10
9
7
5
4
3
1
-1
0
-1
0
-1
-1
-1
-1
-1
-1
-1
-1
-2
-3
-4
-5
-6
-7
-9
-8
-8
-10
-10
-10
-9
-9
-8
-7
-5
-4
-1
1
3
6
8
10
12
13
15
15
14
15
15
13
11
8
5
2
0
-4
-9
-12
-16
-21
-25
-28
-33
-35
-37
-37
-36
-34
-32
-28
-26
-21
-17
-12
-7
-2
3
7
12
15
19
20
22
23
24
23
24
22
20
19
15
14
10
9
7
6
5
4
3
4
4
4
6
7
9
10
11
12
13
15
16
18
18
17
16
14
13
9
8
6
3
0
-3
-6
-9
-11
-13
-14
-15
-16
-16
-16
-15
-14
-14
-12
-12
-10
-9
-8
-7
-6
-4
-3
-3
-4
-3
-3
-3
-2
-1
-1
0
0
0
0
-1
-1
-1
0
1
2
3
3
4
5
5
6
7
6
6
5
5
4
4
3
1
0
1
0
-1
-2
-3
-5
-6
-7
-8
-9
-11
-10
-11
-11
-12
-11
-11
-12
-12
-11
-11
-10
-9
-8
-7
-5
-3
-1
1
3
5
7
8
9
9
12
14
15
16
16
16
16
14
12
10
8
8
6
4
2
-1
-2
-3
-5
-6
-7
-7
-9
-8
-7
-8
-5
-4
-2
1
3
5
8
9
12
15
16
16
18
18
19
18
17
15
14
11
9
6
5
5
4
4
3
2
1
1
1
1
2
2
2
3
3
3
4
4
5
4
3
1
1
-1
-2
-5
-8
-11
-13
-17
-22
-29
-36
-41
-40
-42
-42
-43
-44
-44
-41
-37
-33
-28
-22
-17
-10
-4
2
8
14
17
23
26
28
31
33
35
35
33
31
26
19
13
6
-3
-11
-19
-27
-37
-42
-49
-52
-53
-52
-49
-46
-40
-33
-26
-16
-7
5
18
31
45
58
69
79
86
91
94
94
92
87
80
70
60
47
35
23
9
-3
-14
-25
-34
-42
-47
-50
-50
-47
-42
-36
-26
-16
-8
2
11
18
24
28
34
38
38
36
35
30
23
16
6
-2
-11
-18
-28
-35
-44
-49
-57
-62
-64
-67
-67
-65
-62
-58
-54
-48
-42
-36
-28
-22
-15
-6
1
10
18
25
33
37
44
49
50
51
52
50
47
42
38
32
25
17
8
-3
-15
-27
-39
-51
-62
-71
-77
-83
-84
-85
-84
-77
-70
-60
-50
-38
-25
-10
6
23
41
59
74
88
100
109
116
120
123
122
121
115
108
97
85
72
58
45
29
16
3
-9
-20
-30
-40
-46
-51
-54
-56
-55
-52
-47
-42
-36
-30
-25
-19
-16
-13
-10
-8
-7
-5
-5
-6
-8
-12
-14
-17
-22
-26
-30
-33
-35
-36
-36
-35
-34
-32
-28
-24
-18
-12
-6
0
9
14
20
25
29
34
38
42
45
44
44
42
37
33
28
22
16
9
1
-8
-16
-24
-31
-38
-43
-47
-49
-50
-50
-48
-46
-41
-36
-29
-22
-14
-7
2
11
20
26
32
37
41
45
47
49
51
51
51
50
48
44
41
37
33
30
26
22
17
13
9
5
0
-4
-8
-13
-17
-21
-25
-28
-30
-33
-36
-38
-38
-40
-40
-39
-38
-36
-33
-32
-28
-26
-20
-17
-13
-8
-2
2
7
12
15
20
23
26
27
28
29
29
28
26
25
22
21
19
15
13
10
9
5
4
2
0
-3
-4
-5
-6
-6
-5
-6
-6
-7
-7
-8
-10
-9
-9
-9
-9
-9
-8
-10
-9
-9
-9
-9
-9
-10
-10
-8
-8
-7
-6
-4
-3
-2
-2
-1
-1
0
2
2
1
2
3
2
2
2
2
1
1
0
-1
0
-1
0
-1
-1
-3
-3
-3
-3
-4
-3
-2
-2
-1
-1
0
2
2
5
6
7
7
10
9
12
14
16
18
19
20
21
20
22
21
22
21
21
20
20
19
18
17
15
14
13
9
7
4
2
0
-2
-3
-5
-8
-11
-13
-16
-18
-20
-21
-25
-25
-27
-28
-29
-29
-29
-28
-29
-26
-25
-22
-20
-17
-15
-12
-11
-8
-5
-5
-4
-3
-3
-4
-5
-6
-7
-9
-11
-12
-14
-15
-16
-15
-15
-13
-11
-7
-4
2
7
12
19
27
36
44
52
59
66
73
78
82
85
87
88
84
81
77
69
62
53
42
31
20
8
-5
-16
-27
-37
-46
-54
-60
-65
-68
-69
-69
-67
-63
-57
-51
-43
-36
-29
-21
-12
-4
4
11
18
20
23
21
19
15
11
5
-2
-10
-15
-24
-32
-39
-46
-54
-59
-64
-68
-72
-74
-75
-75
-74
-72
-69
-66
-60
-54
-46
-39
-30
-20
-12
0
12
25
39
52
67
79
92
104
112
118
123
127
125
124
118
110
99
88
75
61
44
29
12
-7
-25
-40
-55
-69
-80
-87
-93
-96
-95
-92
-83
-71
-55
-39
-22
-5
14
32
51
69
86
102
113
122
129
132
130
127
117
106
90
72
52
30
8
-15
-37
-58
-79
-95
-112
-124
-133
-140
-142
-143
-139
-133
-125
-112
-98
-84
-69
-52
-36
-19
-4
10
24
36
46
54
63
65
70
71
69
66
62
56
49
41
32
22
12
1
-10
-22
-31
-40
-49
-56
-64
-69
-73
-75
-76
-71
-68
-62
-53
-43
-32
-19
-6
9
24
39
53
66
77
87
96
101
104
107
105
104
98
88
78
65
52
36
24
11
-3
-16
-27
-38
-49
-58
-67
-71
-75
-76
-76
-74
-71
-66
-60
-54
-47
-40
-32
-27
-20
-15
-10
-7
-3
-1
1
2
3
5
7
10
15
19
25
34
43
53
64
77
88
98
108
116
124
130
136
139
141
140
135
127
116
102
84
66
47
25
4
-18
-40
-64
-84
-104
-123
-139
-152
-165
-176
-183
-188
-192
-193
-191
-188
-184
-177
-168
-159
-146
-133
-119
-101
-86
-68
-49
-31
-11
9
28
47
65
82
97
111
121
130
135
140
141
137
132
124
114
100
83
66
46
27
10
-9
-25
-40
-54
-67
-77
-85
-89
-90
-88
-81
-71
-57
-43
-26
-6
14
35
57
80
99
117
134
148
158
165
170
167
164
156
145
132
114
95
76
56
36
15
-4
-22
-36
-49
-60
-68
-74
-79
-81
-78
-75
-70
-62
-54
-48
-42
-37
-32
-29
-24
-23
-22
-23
-25
-29
-33
-38
-43
-49
-55
-60
-65
-70
-73
-76
-78
-79
-77
-76
-72
-68
-63
-56
-48
-41
-33
-24
-16
-5
4
13
21
29
38
44
51
55
59
62
63
61
59
55
50
44
36
30
21
13
4
-3
-11
-16
-24
-29
-33
-35
-36
-36
-33
-31
-26
-20
-14
-8
1
9
17
26
36
45
56
66
74
81
85
87
88
86
86
82
78
71
63
52
43
31
19
7
-5
-18
-29
-39
-49
-57
-64
-70
-73
-75
-75
-74
-72
-67
-63
-56
-50
-43
-34
-24
-16
-7
3
9
19
25
33
39
45
50
53
56
58
58
57
55
53
49
46
40
35
28
20
13
5
-3
-11
-18
-25
-32
-38
-44
-50
-54
-57
-59
-59
-60
-60
-58
-55
-52
-49
-45
-41
-37
-31
-26
-22
-17
-12
-8
-2
2
6
9
13
16
16
17
19
19
19
18
17
15
15
13
12
10
8
7
5
4
4
3
3
2
2
4
3
4
3
4
5
5
6
6
7
9
8
9
9
8
8
7
8
9
9
12
12
13
14
14
15
18
19
21
23
25
25
25
27
28
28
28