-3
23
38
33
12
-18
-44
-55
-50
-26
5
31
40
28
0
-28
-44
-41
-14
18
42
50
36
10
-15
-27
-21
1
32
59
68
57
25
-10
-37
-43
-27
4
32
41
27
-6
-46
-74
-82
-66
-34
6
32
37
19
-12
-42
-49
-32
6
50
81
86
64
23
-19
-46
-47
-22
19
53
67
51
12
-33
-66
-73
-52
-13
28
50
48
21
-20
-54
-70
-53
-13
34
66
69
43
-2
-46
-71
-66
-36
7
46
62
51
15
-29
-62
-68
-43
2
47
75
72
44
1
-34
-48
-39
-8
29
56
60
39
-1
-43
-70
-71
-41
2
40
55
44
15
-21
-47
-55
-40
-8
27
50
52
29
-8
-39
-55
-47
-18
14
40
47
33
4
-26
-45
-46
-26
6
35
51
45
25
-2
-20
-25
-12
11
35
50
46
27
-1
-29
-45
-42
-24
-2
17
23
10
-13
-37
-51
-48
-31
-5
19
34
34
21
0
-16
-21
-9
13
37
49
46
28
4
-19
-31
-28
-14
4
19
24
16
-3
-25
-40
-40
-22
2
25
38
35
20
-1
-17
-23
-20
-5
9
16
14
1
-15
-31
-38
-32
-13
11
30
38
33
18
3
-6
-4
3
15
26
28
20
3
-17
-31
-32
-22
-5
8
14
10
-2
-15
-26
-26
-16
1
17
26
21
10
-5
-15
-18
-12
1
16
24
23
12
-3
-16
-23
-18
-8
4
9
9
0
-10
-17
-18
-11
4
17
28
29
24
14
4
-5
-7
-3
3
8
5
0
-12
-21
-24
-20
-12
-2
6
10
9
4
-3
-6
-6
0
8
13
15
12
5
-1
-5
-4
1
5
8
7
2
-6
-13
-17
-15
-10
-6
0
1
-1
-1
-1
1
5
9
15
20
21
16
6
-3
-11
-13
-13
-9
-7
-6
-6
-6
-5
-5
-4
-3
1
7
13
16
13
9
0
-4
-8
-10
-9
-7
-4
2
6
7
7
4
4
10
17
24
27
25
18
9
-1
-13
-21
-25
-23
-17
-9
-8
-9
-13
-14
-12
-6
5
16
24
28
24
15
4
-6
-11
-10
-5
1
4
2
-4
-11
-17
-17
-9
1
13
21
22
14
1
-11
-18
-17
-9
0
7
10
7
0
-8
-12
-9
-2
10
21
25
20
7
-7
-16
-19
-14
-6
2
5
6
-1
-8
-12
-14
-11
-4
4
12
12
7
-1
-10
-15
-13
-7
1
8
12
12
10
5
-1
-3
1
5
11
13
10
3
-7
-12
-16
-17
-14
-9
-4
0
-1
-4
-7
-8
-6
2
11
18
21
17
12
5
2
-2
-1
2
4
4
2
-3
-10
-15
-16
-13
-6
3
10
12
12
9
6
2
1
3
6
9
9
3
-3
-11
-17
-19
-14
-7
0
7
9
6
3
-2
-5
-5
0
4
7
6
2
-3
-6
-7
-5
-2
4
10
13
12
7
1
-4
-3
-2
0
0
-2
-3
-4
-5
-7
-6
-5
-1
4
8
10
10
8
5
1
-3
-5
-5
-6
-6
-7
-8
-9
-9
-9
-6
-2
2
7
10
11
9
6
3
1
0
1
1
2
1
0
-2
-4
-5
-5
-4
-1
3
4
4
3
1
-1
-3
-3
-2
-1
1
2
1
0
-1
-1
-2
0
2
2
2
3
3
0
-2
-4
-3
-2
0
2
1
2
1
0
-1
2
3
5
6
5
2
0
-1
-1
-1
1
1
1
0
-2
-2
-3
-2
0
2
3
3
3
0
-2
-3
-4
-3
0
0
2
-1
0
0
0
-1
0
1
2
3
2
1
-1
-1
-1
-1
0
1
2
3
2
1
1
0
-1
1
0
1
1
0
-1
-2
-4
-4
-2
0
1
2
2
1
1
0
0
0
1
2
2
2
0
-1
-2
-1
-1
-2
-2
0
1
1
1
0
0
0
0
0
1
2
1
1
0
-1
-1
-1
-2
-1
0
1
3
4
2
1
1
0
0
1
2
1
1
1
0
-1
0
0
0
0
1
1
0
-2
0
-2
-1
-2
0
1
2
2
2
2
1
1
1
2
3
3
3
2
1
0
0
-2
-2
-3
-2
-1
-2
-2
-3
-4
-3
-3
-1
0
2
4
4
3
2
0
1
1
2
3
2
1
-1
-2
-1
-2
0
0
0
0
0
0
0
0
1
1
1
1
1
1
1
0
0
0
0
0
0
-1
-1
0
-1
0
0
0
0
0
0
0
0
0
0
0
1
1
1
0
1
1
1
0
1
0
0
1
1
0
0
-1
0
0
1
1
4
2
2
0
-1
-2
-2
-1
-1
0
2
1
1
-1
-3
-3
0
1
4
4
3
2
2
1
1
1
1
2
2
3
1
0
-2
-1
-2
-2
1
0
1
1
-1
0
-1
-2
0
0
0
2
0
-1
0
-2
-2
-1
-1
1
2
3
3
1
0
-1
-2
0
0
1
2
0
-1
-1
-1
-1
-1
1
0
1
1
1
-1
1
2
0
1
1
1
1
-1
0
1
0
-1
1
1
0
1
-1
0
0
1
0
0
-1
1
0
0
1
0
0
0
0
1
0
0
0
0
1
0
-1
0
-1
0
1
0
1
-1
0
1
0
0
0
0
0
-1
0
0
0
0
0
0
0
0
0
0
-1
0
1
0
1
0
-1
0
0
1
0
0
0
0
0
0
-1
0
-1
0
0
0
0
0
0
0
1
0
1
0
0
0
1
1
-1
0
-1
-2
-1
-1
-1
1
2
1
0
0
-1
1
0
1
2
2
3
1
0
0
0
0
0
0
0
0
-1
0
1
0
0
0
0
0
0
0
0
0
0
0
0
0
0
0
-1
1
0
0
0
-1
0
0
0
1
0
0
0
-1
0
0
0
0
1
1
0
1
0
0
-1
0
-1
0
0
0
0
0
0
0
0
0
0
0
0
0
1
0
0
0
0
0
0
0
0
0
0
0
0
0
0
0
0
0
0
1
0
0
0
1
0
0
0
0
0
0
0
0
1
1
0
0
1
0
0
0
0
0
1
0
0
-1
1
0
-1
-1
0
0
0
0
0
1
0
1
0
0
0
1
0
-1
0
-1
0
0
-1
0
0
0
-1
0
0
0
0
0
0
0
0
1
-1
0
0
0
0
-1
0
0
0
0
0
1
0
0
0
0
0
0
0
0
1
1
0
0
0
0
0
0
0
0
0
1
0
-1
0
0
0
0
0
0
0
0
0
0
1
0
1
1
1
0
0
0
0
0
0
0
0
0
0
0
0
-1
0
0
0
-1
0
-1
0
0
0
0
0
0
0
-1
1
0
1
0
0
0
0
1
1
0
-1
0
1
-1
0
0
0
0
0
0
0
0
0
0
0
0
0
1
-1
0
0
0
0
0
0
0
-1
0
-1
0
0
0
0
0
-1
0
1
0
0
0
1
0
0
0
0
0
0
0
0
0
0
0
0
0
0
1
0
1
0
-1
-1
-1
0
0
0
0
0
0
0
-1
0
0
1
-1
0
1
0
0
0
0
0
0
0
-1
0
0
0
0
0
0
0
0
0
0
0
0
0
0
0
0
0
0
0
0
0
0
1
0
1
0
0
0
1
0
0
-1
1
0
-1
0
0
-1
0
0
0
0
-1
0
0
0
0
1
0
0
0
1
0
0
1
-1
0
0
0
0
0
0
-1
0
1
0
0
0
1
-1
0
0
0
-1
0
0
0
-1
0
1
0
-1
0
0
-1
-1
0
0
0
0
-1
-1
-1
0
0
0
0
0
0
0
0
0
1
0
-1
0
1
0
1
0
0
0
-1
0
0
0
0
0
0
-1
1
0
0
0
0
1
0
0
0
-1
0
1
0
0
0
0
0
0
0
0
0
0
-1
1
-1
0
1
0
0
0
0
0
0
0
0
0
0
0
0
0
0
0
1
0
0
0
0
-1
1
0
0
0
0
0
0
0
0
0
0
0
0
-1
0
0
0
-1
0
0
1
1
0
0
0
0
-1
0
1
0
-1
0
0
0
0
-1
0
0
0
0
0
-1
-1
0
0
0
0
1
0
0
0
0
-1
0
0
0
0
0
0
0
0
1
0
-1
0
0
-1
0
0
0
0
0
0
0
0
0
0
0
1
0
0
0
0
-1
-1
0
-1
0
0
0
-1
0
0
0
0
1
1
-1
0
0
-1
-1
0
0
-1
0
0
-1
0
0
-1
1
-1
0
0
-1
0
0
0
0
0
0
0
1
0
0
-1
1
1
0
0
0
0
0
0
0
0
0
1
0
0
0
0
0
0
-1
0
0
-1
0
0
1
0
0
1
0
0
0
1
0
0
0
0
0
0
1
-1
0
0
0
1
0
-1
0
0
0
0
0
-1
0
0
0
0
1
0
0
1
0
0
0
1
0
0
0
0
0
1
0
0
0
0
0
0
0
1
0
0
0
0
-1
0
0
-1
-1
0
-1
0
0
0
1
1
0
0
0
-1
1
0
0
0
0
1
0
1
0
0
1
1
0
0
0
0
0
-1
0
0
0
-1
0
0
1
0
0
0
0
1
0
1
0
0
0
0
-1
0
0
0
0
0
-1
0
0
0
1
1
0
0
-1
0
0
1
0
0
-1
1
0
0
0
0
-1
0
0
0
0
0
0
0
0
0
0
0
1
0
0
0
-1
0
1
0
0
1
-1
0
-1
-1
0
0
0
0
0
0
0
0
-1
0
-1
1
0
1
1
0
0
0
0
0
0
0
0
0
0
0
0
0
0
1
0
-1
0
0
0
0
0
0
-1
0
0
-1
0
0
0
0
0
0
0
1
1
0
0
0
0
0
0
0
-1
0
0
0
0
0
0
-1
-1
0
0
0
0
0
1
0
1
-1
0
0
-1
0
0
0
1
0
0
0
0
0
0
0
1
0
1
0
0
0
-1
-1
0
0
0
0
1
0
-1
0
0
0
0
1
0
-1
0
0
0
0
0
1
0
0
0
0
0
0
0
0
0
0
1
0
0
0
0
0
0
0
0
0
0
0
0
0
-1
-1
0
0
0
0
0
0
-1
0
0
-1
0
0
0
0
0
0
0
0
0
0
0
0
0
0
0
0
0
-1
0
0
1
0
0
-1
1
0
0
0
0
0
0
0
0
0
0
-1
1
0
0
-1
0
0
0
1
0
-1
0
0
0
0
0
0
0
1
-1
0
-1
0
-1
-1
0
0
0
1
0
0
0
0
0
1
0
-1
-1
0
0
0
0
0
0
0
-1
0
-1
0
1
0
0
0
0
1
0
0
0
0
0
-1
-1
0
0
0
0
-1
0
1
0
1
0
0
0
0
-1
0
0
0
-1
0
0
0
0
0
0
0
0
-1
0
0
0
1
0
1
0
-1
0
1
0
0
-1
0
0
0
0
0
0
1
0
1
0
0
0
0
0
1
0
1
0
0
0
1
0
0
0
0
0
-1
0
0
0
0
0
0
0
0
0
-1
0
0
0
0
0
0
0
0
0
0
1
0
1
0
0
1
0
0
1
0
0
1
0
0
1
0
0
0
0
0
0
0
0
0
0
0
1
0
0
-1
0
0
-1
0
-1
0
0
1
1
0
0
0
-1
0
0
0
0
0
0
1
0
0
-1
0
0
0
0
-1
0
1
0
0
0
0
0
-1
0
0
0
0
0
0
0
1
0
0
0
0
0
-1
0
0
0
0
0
1
0
0
0
0
0
0
0
1
0
-1
0
-1
1
0
0
0
0
-1
0
-1
0
0
0
0
-1
1
0
0
0
1
0
-1
0
1
1
0
-1
0
0
0
0
0
0
0
0
-1
0
0
0
0
1
-1
0
0
-1
0
0
0
0
0
1
1
0
0
0
-1
-1
0
0
0
1
0
0
0
0
0
0
1
0
0
-1
0
0
1
0
0
0
0
0
1
0
0
-1
0
0
0
0
0
0
0
0
1
0
0
0
0
0
0
0
0
1
0
0
0
0
0
0
-1
0
0
0
0
1
0
0
1
0
0
0
1
-1
0
-1
0
0
0
1
0
0
0
0
0
0
1
0
0
0
0
0
0
0
0
0
-1
0
0
0
1
0
0
0
1
0
0
0
0
0
0
0
0
0
0
1
0
1
0
-1
0
0
-1
0
0
0
-1
0
0
0
-1
0
-1
1
-1
1
0
0
0
0
0
1
0
1
0
0
0
0
0
0
0
0
0
0
0
1
0
0
-1
0
0
0
0
0
0
0
0
0
0
-1
0
0
1
0
0
-1
0
0
0
0
0
0
0
0
-1
0
1
0
0
0
0
1
0
0
0
0
0
-1
0
0
-1
0
0
0
0
0
0
0
0
0
0
0
1
1
1
1
0
0
-1
1
0
0
0
0
0
0
0
0
0
0
0
0
1
0
0
1
0
1
0
0
1
0
0
0
0
1
0
0
-1
0
0
1
1
0
0
-1
0
-1
-1
0
0
0
1
1
0
-1
0
1
0
0
0
0
1
0
1
-1
0
1
0
0
0
-1
0
0
0
1
0
-1
0
-1
-1
0
0
1
0
0
0
1
1
0
0
1
1
-1
0
-1
0
0
0
1
0
0
0
0
-1
0
0
-1
0
0
-1
-1
1
0
0
0
0
-1
0
1
0
0
0
-1
1
0
1
0
1
-1
0
0
0
-1
0
0
0
0
0
0
0
0
0
0
0
0
0
0
0
0
0
1
0
0
0
0
1
0
0
0
0
0
0
0
0
0
0
0
0
0
0
0
0
0
0
0
0
1
0
0
0
0
-1
0
0
1
0
0
0
0
0
-1
0
0
0
0
0
0
-1
0
0
-1
0
0
0
-1
0
0
0
0
-1
0
0
0
0
0
0
0
0
0
0
0
0
0
0
0
-1
0
0
0
-1
0
-1
0
-1
0
0
0
0
1
0
0
0
0
-1
1
0
0
0
0
0
1
0
0
0
0
0
0
1
0
0
0
0
-1
0
-1
0
0
0
0
0
0
0
0
0
0
0
0
0
0
0
0
0
1
0
1
1
0
1
0
0
0
0
0
1
0
1
0
0
0
1
0
0
-1
0
0
1
0
-1
0
0
0
0
-1
-1
1
0
0
1
0
0
1
0
0
0
-1
1
0
0
0
0
0
0
-1
0
0
0
0
0
0
0
0
0
0
0
0
0
0
0
0
0
0
0
0
-1
0
-1
0
-1
0
0
0
0
0
-1
0
-1
1
0
0
0
0
0
-1
0
-1
0
-1
0
0
0
0
-1
0
-1
0
1
0
0
0
0
0
0
1
0
0
0
0
0
0
-1
0
0
0
0
0
0
0
0
1
0
1
1
0
0
0
0
0
0
0
0
0
0
1
0
1
0
0
0
0
0
0
0
1
0
0
0
1
0
1
1
0
0
0
0
-1
0
0
1
0
0
0
0
0
0
0
0
0
0
0
0
0
-1
0
0
0
0
0
0
0
0
0
-1
0
1
0
0
0
0
0
0
0
-1
1
0
0
0
1
0
1
0
0
0
0
0
0
0
-1
0
1
0
0
0
1
0
0
0
0
-1
1
1
0
0
1
0
0
0
0
0
0
0
0
-1
0
0
0
0
1
0
0
0
0
0
0
-1
-1
1
0
0
1
0
0
-1
0
-1
1
0
1
0
0
0
0
1
-1
0
0
0
0
0
0
0
0
0
0
0
0
0
0
-1
0
0
0
0
1
0
0
0
0
0
0
0
0
-1
0
0
0
-1
0
0
1
0
-1
0
0
0
0
1
1
1
0
0
-1
0
0
-1
0
0
0
0
-1
0
0
0
0
0
0
1
0
0
0
0
0
1
0
0
0
0
0
0
0
-1
1
-1
0
-1
0
0
0
0
-1
0
0
0
0
0
0
0
0
0
1
0
0
0
0
0
0
0
0
0
0
0
0
0
0
-1
0
0
0
1
0
0
0
0
-1
0
-1
0
1
0
0
1
0
0
0
0
0
0
0
0
0
0
1
-1
0
-1
0
0
-1
0
0
0
0
-1
0
0
0
0
0
1
0
0
0
0
0
0
0
-1
0
0
0
0
0
0
-1
0
0
0
0
0
0
-1
0
-1
0
0
0
0
1
0
0
0
0
0
0
0
0
0
0
0
0
1
0
0
0
0
1
0
-1
0
1
0
0
0
0
0
0
0
-1
-1
0
0
0
1
0
-1
0
0
-1
0
0
0
-1
0
0
1
0
0
0
0
0
0
1
0
0
0
0
1
0
0
0
1
1
0
0
0
0
0
0
1
0
1
0
0
0
1
0
0
0
-1
1
1
0
-1
0
0
0
0
0
0
0
0
0
0
0
1
0
1
0
0
0
0
0
-1
0
1
0
0
-1
0
-1
0
0
-1
0
0
0
0
0
0
0
0
0
0
0
0
0
0
0
0
0
0
0
0
0
0
0
0
0
0
0
0
0
0
0
0
0
-1
0
0
0
0
0
0
0
-1
0
0
0
0
0
0
0
0
0
0
0
0
0
0
0
0
0
0
0
0
0
0
1
-1
0
0
0
0
0
0
0
1
0
0
0
0
0
-1
0
0
0
0
0
0
0
0
0
0
-1
-1
-1
-1
0
-1
0
0
0
0
0
0
-1
-1
0
-1
0
0
0
-1
0
0
0
0
0
0
0
1
0
0
0
0
0
0
0
0
0
0
1
1
0
0
0
0
0
0
0
0
0
0
0
1
0
0
0
0
0
1
1
0
0
0
0
0
-1
0
0
0
0
0
0
1
0
0
1
0
0
0
1
0
0
1
0
1
1
0
0
0
0
0
0
0
0
0
0
1
0
1
1
-1
0
0
0
0
0
0
0
0
0
0
0
1
0
0
1
0
0
0
1
0
0
0
-1
0
0
0
0
0
0
0
0
0
0
1
0
0
0
-1
-1
0
0
0
0
0
0
0
0
0
0
-1
0
1
0
0
0
0
0
0
0
-1
0
1
0
0
0
0
-1
0
-1
-1
0
0
0
0
1
0
0
0
0
0
0
0
0
1
1
0
1
-1
0
0
0
0
0
0
0
0
0
0
0
0
0
0
0
0
0
0
0
0
0
0
0
0
0
0
0
0
-1
1
0
1
0
0
1
0
0
0
0
0
1
-1
0
0
0
0
0
1
0
0
-1
0
0
0
0
1
0
0
1
-1
-1
0
0
0
0
0
0
0
0
0
0
0
-1
0
0
0
1
0
0
0
0
1
0
-1
-1
0
0
0
-1
0
0
0
0
0
-1
0
0
0
0
-1
0
0
0
0
0
0
0
0
0
0
0
0
0
0
-1
0
0
0
0
0
0
0
0
0
1
0
-1
0
0
0
0
0
0
0
0
0
0
0
0
0
0
0
0
0
0
0
-1
0
0
0
0
0
0
0
0
0
0
0
0
0
1
0
0
0
0
0
0
0
1
0
0
0
1
1
0
0
0
-1
1
1
0
0
0
0
0
0
0
1
0
0
0
1
0
0
0
0
0
-1
0
0
0
0
0
0
0
0
0
0
-1
-1
-1
0
0
0
0
-1
0
0
0
0
0
0
0
0
0
1
0
1
0
0
0
0
0
0
1
-1
0
1
-1
0
0
0
0
0
0
0
-1
0
0
0
-1
0
-1
0
0
0
0
0
-1
0
0
0
0
0
0
-1
0
0
0
0
0
0
0
0
-1
-1
0
0
0
0
0
1
0
0
0
0
0
-1
0
0
0
0
0
0
0
0
0
1
0
1
0
0
1
-1
1
0
0
0
-1
-1
0
0
0
-1
0
-1
0
0
0
-1
0
0
0
0
1
0
0
0
0
0
0
1
0
1
0
0
0
0
0
0
1
0
0
0
1
1
0
0
0
0
0
0
0
0
-1
1
0
0
0
0
0
0
0
1
0
0
-1
0
0
0
-1
-1
0
0
1
0
-1
0
0
0
0
0
0
-1
-1
0
0
-1
1
0
1
0
0
0
0
0
0
1
0
0
0
-1
0
0
0
0
0
1
-1
0
0
0
0
0
0
0
0
0
1
0
0
0
0
0
0
-1
0
0
-1
0
0
-1
0
0
0
0
0
0
0
0
1
0
0
-1
1
0
0
-1
-1
0
0
0
1
-1
0
0
0
-1
1
0
0
0
1
-1
0
0
0
0
0
0
0
0
0
0
0
-1
0
0
0
0
0
0
0
0
0
0
1
-1
0
0
-1
1
0
0
0
0
0
0
0
0
0
0
0
0
0
0
-1
0
0
0
0
0
0
0
-1
0
0
0
-1
0
0
-1
-1
0
0
0
0
0
1
1
-1
0
-1
0
0
0
0
0
0
0
0
1
0
0
0
0
-1
1
0
0
1
0
0
0
0
0
1
1
0
0
0
0
0
-1
0
-1
1
0
1
0
0
1
0
0
1
0
0
0
1
-1
-1
1
0
0
0
-1
0
0
1
0
0
0
0
0
0
-1
0
0
0
-1
0
0
1
1
-1
0
0
0
0
0
0
0
0
0
-1
1
0
0
1
0
0
0
0
1
-1
0
0
0
0
-1
1
0
0
-1
0
0
0
0
0
-1
0
-1
1
0
0
1
0
0
0
0
0
0
0
0
-1
0
0
0
1
0
1
0
0
0
0
-1
0
0
1
1
0
0
0
-1
-1
0
0
0
-1
0
0
1
0
1
0
0
1
0
0
1
0
0
0
0
0
0
0
0
0
0
0
-1
1
0
0
0
0
0
0
0
0
0
0
-1
0
-1
0
0
0
0
0
-1
0
0
0
1
0
0
0
0
0
0
0
0
0
-1
1
1
-1
0
0
0
0
0
0
0
0
0
0
0
0
0
-1
0
0
0
0
0
0
0
0
-1
0
0
0
0
-1
0
-1
0
0
0
0
0
-1
0
0
-1
0
0
0
1
0
0
0
0
0
0
1
0
0
0
0
0
1
0
0
0
1
1
0
0
0
0
0
0
0
0
1
1
1
0
0
-1
0
0
0
-1
-1
0
0
0
0
0
0
0
0
0
0
0
0
0
0
0
0
0
0
0
0
0
1
1
1
0
-1
0
0
0
0
0
0
1
-1
-1
0
0
0
0
0
1
0
-1
0
0
0
0
0
0
0
0
-1
0
0
0
0
1
0
0
0
0
0
-1
1
1
0
0
0
0
1
0
0
0
0
0
0
0
0
0
0
0
0
1
0
0
0
0
0
0
1
0
0
0
0
0
0
0
0
0
0
1
0
-1
0
0
0
0
-1
0
0
0
0
0
0
-1
0
0
-1
0
0
0
-1
1
0
0
0
0
0
0
0
0
0
0
0
0
0
-1
0
-1
0
0
0
0
0
0
0
0
0
1
0
0
0
0
0
0
0
0
0
0
0
1
0
0
0
0
0
0
0
0
0
-1
0
0
1
0
0
0
0
0
0
0
1
0
0
0
0
0
0
-1
0
1
0
0
0
0
0
0
0
0
-1
0
0
0
0
0
0
0
0
1
0
-1
0
1
0
0
-1
0
0
0
0
-1
0
0
0
0
1
0
0
0
0
0
0
0
0
-1
0
0
0
0
0
0
0
0
0
1
0
0
0
0
0
1
0
0
1
0
1
-1
0
0
0
0
0
0
0
0
-1
0
-1
-1
0
0
0
0
0
0
0
0
0
0
-1
0
-1
0
0
0
0
0
0
-1
0
0
0
0
0
0
0
0
0
0
0
0
0
0
0
0
0
1
1
0
-1
0
0
0
0
0
0
0
0
0
0
0
0
0
0
0
0
1
0
0
0
0
0
1
0
0
0
0
0
0
0
-1
-1
0
0
0
0
0
-1
-1
0
0
0
-1
1
0
0
-1
0
0
0
0
0
0
0
0
0
0
0
0
0
0
0
0
1
0
0
-1
0
0
0
0
0
0
1
0
0
-1
-1
0
0
0
0
-1
0
0
0
0
0
1
0
0
1
0
1
0
0
0
0
0
0
-1
0
0
0
0
0
0
1
0
0
0
0
0
0
-1
-1
0
-1
0
0
0
0
0
0
0
0
0
0
0
0
0
0
-1
0
0
0
0
1
0
0
0
0
0
0
0
0
0
0
-1
1
-1
0
0
0
0
0
0
0
0
1
0
1
0
0
0
1
-1
0
0
0
0
0
0
0
0
0
0
-1
0
0
0
0
1
1
0
1
0
0
0
0
0
0
0
0
0
0
-1
-1
-1
-1
0
0
0
0
0
-1
0
0
0
0
0
-1
0
-1
0
1
0
0
1
0
0
-1
0
-1
0
0
0
-1
0
1
-1
0
0
0
0
-1
0
1
0
-1
1
1
0
1
-1
0
0
1
0
0
-1
1
0
0
1
0
0
0
0
1
0
0
0
0
1
0
-1
0
-1
0
1
0
1
-1
0
1
0
0
0
0
0
-1
0
0
0
0
0
0
0
0
0
0
-1
0
1
0
1
0
-1
0
0
1
0
0
0
0
0
0
-1
0
-1
0
0
0
0
0
0
0
1
0
1
0
0
0
0
0
-1
0
0
0
0
0
-1
0
0
0
0
0
0
1
0
0
0
0
1
0
0
0
0
0
0
0
0
0
-1
0
1
0
0
0
0
0
0
0
0
0
0
0
0
0
0
0
-1
1
0
0
0
-1
0
0
0
1
0
0
0
-1
0
0
0
0
1
1
0
1
0
0
-1
0
-1
0
0
0
0
0
0
0
0
0
0
0
0
0
1
0
0
0
0
0
0
0
0
0
0
0
0
0
0
0
0
0
0
1
0
0
0
1
0
0
0
0
0
0
0
0
1
1
0
0
1
0
0
0
0
0
1
0
0
-1
1
0
-1
-1
0
0
0
0
0
1
0
1
0
0
0
1
0
-1
0
-1
0
0
-1
0
0
0
-1
0
0
0
0
0
0
0
0
1
-1
0
0
0
0
-1
0
0
0
0
0
1
0
0
0
0
0
0
0
0
1
1
0
0
0
0
0
0
0
0
0
1
0
-1
0
0
0
0
0
0
0
0
0
0
1
0
1
1
1
0
0
0
0
0
0
0
0
0
0
0
0
-1
0
0
0
-1
0
-1
0
0
0
0
0
0
0
-1
1
0
1
0
0
0
0
1
1
0
-1
0
1
-1
0
0
0
0
0
0
0
0
0
0
0
0
0
1
-1
0
0
0
0
0
0
0
-1
0
-1
0
0
0
0
0
-1
0
1
0
0
0
1
0
0
0
0
0
0
0
0
0
0
0
0
0
0
1
0
1
0
-1
-1
-1
0
0
0
0
0
0
0
-1
0
0
1
-1
0
1
0
0
0
0
0
0
0
-1
0
0
0
0
0
0
0
0
0
0
0
0
0
0
0
0
0
0
0
0
0
0
1
0
1
0
0
0
1
0
0
-1
1
0
-1
0
0
-1
0
0
0
0
-1
0
0
0
0
1
0
0
0
1
0
0
1
-1
0
0
0
0
0
0
-1
0
1
0
0
0
1
-1
0
0
0
-1
0
0
0
-1
0
1
0
-1
0
0
-1
-1
0
0
0
0
-1
-1
-1
0
0
0
0
0
0
0
0
0
1
0
-1
0
1
0
1
0
0
0
-1
0
0
0
0
0
0
-1
1
0
0
0
0
1
0
0
0
-1
0
1
0
0
0
0
0
0
0
0
0
0
-1
1
-1
0
1
0
0
0
0
0
0
0
0
0
0
0
0
0
0
0
1
0
0
0
0
-1
1
0
0
0
0
0
0
0
0
0
0
0
0
-1
0
0
0
-1
0
0
1
1
0
0
0
0
-1
0
1
0
-1
0
0
0
0
-1
0
0
0
0
0
-1
-1
0
0
0
0
1
0
0
0
0
-1
0
0
0
0
0
0
0
0
1
0
-1
0
0
-1
0
0
0
0
0
0
0
0
0
0
0
1
0
0
0
0
-1
-1
0
-1
0
0
0
-1
0
0
0
0
1
1
-1
0
0
-1
-1
0
0
-1
0
0
-1
0
0
-1
1
-1
0
0
-1
0
0
0
0
0
0
0
1
0
0
-1
1
1
0
0
0
0
0
0
0
0
0
1
0
0
0
0
0
0
-1
0
0
-1
0
0
1
0
0
1
0
0
0
1
0
0
0
0
0
0
1
-1
0
0
0
1
0
-1
0
0
0
0
0
-1
0
0
0
0
1
0
0
1
0
0
0
1
0
0
0
0
0
1
0
0
0
0
0
0
0
1
0
0
0
0
-1
0
0
-1
-1
0
-1
0
0
0
1
1
0
0
0
-1
1
0
0
0
0
1
0
1
0
0
1
1
0
0
0
0
0
-1
0
0
0
-1
0
0
1
0
0
0
0
1
0
1
0
0
0
0
-1
0
0
0
0
0
-1
0
0
0
1
1
0
0
-1
0
0
1
0
0
-1
1
0
0
0
0
-1
0
0
0
0
0
0
0
0
0
0
0
1
0
0
0
-1
0
1
0
0
1
-1
0
-1
-1
0
0
0
0
0
0
0
0
-1
0
-1
1
0
1
1
0
0
0
0
0
0
0
0
0
0
0
0
0
0
1
0
-1
0
0
0
0
0
0
-1
0
0
-1
0
0
0
0
0
0
0
1
1
0
0
0
0
0
0
0
-1
0
0
0
0
0
0
-1
-1
0
0
0
0
0
1
0
1
-1
0
0
-1
0
0
0
1
0
0
0
0
0
0
0
1
0
1
0
0
0
-1
-1
0
0
0
0
1
0
-1
0
0
0
0
1
0
-1
0
0
0
0
0
1
0
0
0
0
0
0
0
0
0
0
1
0
0
0
0
0
0
0
0
0
0
0
0
0
-1
-1
0
0
0
0
0
0
-1
0
0
-1
0
0
0
0
0
0
0
0
0
0
0
0
0
0
0
0
0
-1
0
0
1
0
0
-1
1
0
0
0
0
0
0
0
0
0
0
-1
1
0
0
-1
0
0
0
1
0
-1
0
0
0
0
0
0
0
1
-1
0
-1
0
-1
-1
0
0
0
1
0
0
0
0
0
1
0
-1
-1
0
0
0
0
0
0
0
-1
0
-1
0
1
0
0
0
0
1
0
0
0
0
0
-1
-1
0
0
0
0
-1
0
1
0
1
0
0
0
0
-1
0
0
0
-1
0
0
0
0
0
0
0
0
-1
0
0
0
1
0
1
0
-1
0
1
0
0
-1
0
0
0
0
0
0
1
0
1
0
0
0
0
0
1
0
1
0
0
0
1
0
0
0
0
0
-1
0
0
0
0
0
0
0
0
0
-1
0
0
0
0
0
0
0
0
0
0
1
0
1
0
0
1
0
0
1
0
0
1
0
0
1
0
0
0
0
0
0
0
0
0
0
0
1
0
0
-1
0
0
-1
0
-1
0
0
1
1
0
0
0
-1
0
0
0
0
0
0
1
0
0
-1
0
0
0
0
-1
0
1
0
0
0
0
0
-1
0
0
0
0
0
0
0
1
0
0
0
0
0
-1
0
0
0
0
0
1
0
0
0
0
0
0
0
1
0
-1
0
-1
1
0
0
0
0
-1
0
-1
0
0
0
0
-1
1
0
0
0
1
0
-1
0
1
1
0
-1
0
0
0
0
0
0
0
0
-1
0
0
0
0
1
-1
0
0
-1
0
0
0
0
0
1
1
0
0
0
-1
-1
0
0
0
1
0
0
0
0
0
0
1
0
0
-1
0
0
1
0
0
0
0
0
1
0
0
-1
0
0
0
0
0
0
0
0
1
0
0
0
0
0
0
0
0
1
0
0
0
0
0
0
-1
0
0
0
0
1
0
0
1
0
0
0
1
-1
0
-1
0
0
0
1
0
0
0
0
0
0
1
0
0
0
0
0
0
0
0
0
-1
0
0
0
1
0
0
0
1
0
0
0
0
0
0
0
0
0
0
1
0
1
0
-1
0
0
-1
0
0
0
-1
0
0
0
-1
0
-1
1
-1
1
0
0
0
0
0
1
0
1
0
0
0
0
0
0
0
0
0
0
0
1
0
0
-1
0
0
0
0
0
0
0
0
0
0
-1
0
0
1
0
0
-1
0
0
0
0
0
0
0
0
-1
0
1
0
0
0
0
1
0
0
0
0
0
-1
0
0
-1
0
0
0
0
0
0
0
0
0
0
0
1
1
1
1
0
0
-1
1
0
0
0
0
0
0
0
0
0
0
0
0
1
0
0
1
0
1
0
0
1
0
0
0
0
1
0
0
-1
0
0
1
1
0
0
-1
0
-1
-1
0
0
0
1
1
0
-1
0
1
0
0
0
0
1
0
1
-1
0
1
0
0
0
-1
0
0
0
1
0
-1
0
-1
-1
0
0
1
0
0
0
1
1
0
0
1
1
-1
0
-1
0
0
0
1
0
0
0
0
-1
0
0
-1
0
0
-1
-1
1
0
0
0
0
-1
0
1
0
0
0
-1
1
0
1
0
1
-1
0
0
0
-1
0
0
0
0
0
0
0
0
0
0
0
0
0
0
0
0
0
1
0
0
0
0
1
0
0
0
0
0
0
0
0
0
0
0
0
0
0
0
0
0
0
0
0
1
0
0
0
0
-1
0
0
1
0
0
0
0
0
-1
0
0
0
0
0
0
-1
0
0
-1
0
0
0
-1
0
0
0
0
-1
0
0
0
0
0
0
0
0
0
0
0
0
0
0
0
-1
0
0
0
-1
0
-1
0
-1
0
0
0
0
1
0
0
0
0
-1
1
0
0
0
0
0
1
0
0
0
0
0
0
1
0
0
0
0
-1
0
-1
0
0
0
0
0
0
0
0
0
0
0
0
0
0
0
0
0
1
0
1
1
0
1
0
0
0
0
0
1
0
1
0
0
0
1
0
0
-1
0
0
1
0
-1
0
0
0
0
-1
-1
1
0
0
1
0
0
1
0
0
0
-1
1
0
0
0
0
0
0
-1
0
0
0
0
0
0
0
0
0
0
0
0
0
0
0
0
0
0
0
0
-1
0
-1
0
-1
0
0
0
0
0
-1
0
-1
1
0
0
0
0
0
-1
0
-1
0
-1
0
0
0
0
-1
0
-1
0
1
0
0
0
0
0
0
1
0
0
0
0
0
0
-1
0
0
0
0
0
0
0
0
1
0
1
1
0
0
0
0
0
0
0
0
0
0
1
0
1
0
0
0
0
0
0
0
1
0
0
0
1
0
1
1
0
0
0
0
-1
0
0
1
0
0
0
0
0
0
0
0
0
0
0
0
0
-1
0
0
0
0
0
0
0
0
0
-1
0
1
0
0
0
0
0
0
0
-1
1
0
0
0
1
0
1
0
0
0
0
0
0
0
-1
0
1
0
0
0
1
0
0
0
0
-1
1
1
0
0
1
0
0
0
0
0
0
0
0
-1
0
0
0
0
1
0
0
0
0
0
0
-1
-1
1
0
0
1
0
0
-1
0
-1
1
0
1
0
0
0
0
1
-1
0
0
0
0
0
0
0
0
0
0
0
0
0
0
-1
0
0
0
0
1
0
0
0
0
0
0
0
0
-1
0
0
0
-1
0
0
1
0
-1
0
0
0
0
1
1
1
0
0
-1
0
0
-1
0
0
0
0
-1
0
0
0
0
0
0
1
0
0
0
0
0
1
0
0
0
0
0
0
0
-1
1
-1
0
-1
0
0
0
0
-1
0
0
0
0
0
0
0
0
0
1
0
0
0
0
0
0
0
0
0
0
0
0
0
0
-1
0
0
0
1
0
0
0
0
-1
0
-1
0
1
0
0
1
0
0
0
0
0
0
0
0
0
0
1
-1
0
-1
0
0
-1
0
0
0
0
-1
0
0
0
0
0
1
0
0
0
0
0
0
0
-1
0
0
0
0
0
0
-1
0
0
0
0
0
0
-1
0
-1
0
0
0
0
1
0
0
0
0
0
0
0
0
0
0
0
0
1
0
0
0
0
1
0
-1
0
1
0
0
0
0
0
0
0
-1
-1
0
0
0
1
0
-1
0
0
-1
0
0
0
-1
0
0
1
0
0
0
0
0
0
1
0
0
0
0
1
0
0
0
1
1
0
0
0
0
0
0
1
0
1
0
0
0
1
0
0
0
-1
1
1
0
-1
0
0
0
0
0
0
0
0
0
0
0
1
0
1
0
0
0
0
0
-1
0
1
0
0
-1
0
-1
0
0
-1
0
0
0
0
0
0
0
0
0
0
0
0
0
0
0
0
0
0
0
0
0
0
0
0
0
0
0
0
0
0
0
0
0
-1
0
0
0
0
0
0
0
-1
0
0
0
0
0
0
0
0
0
0
0
0
0
0
0
0
0
0
0
0
0
0
1
-1
0
0
0
0
0
0
0
1
0
0
0
0
0
-1
0
0
0
0
0
0
0
0
0
0
-1
-1
-1
-1
0
-1
0
0
0
0
0
0
-1
-1
0
-1
0
0
0
-1
0
0
0
0
0
0
0
1
0
0
0
0
0
0
0
0
0
0
1
1
0
0
0
0
0
0
0
0
0
0
0
1
0
0
0
0
0
1
1
0
0
0
0
0
-1
0
0
0
0
0
0
1
0
0
1
0
0
0
1
0
0
1
0
1
1
0
0
0
0
0
0
0
0
0
0
1
0
1
1
-1
0
0
0
0
0
0
0
0
0
0
0
1
0
0
1
0
0
0
1
0
0
0
-1
0
0
0
0
0
0
0
0
0
0
1
0
0
0
-1
-1
0
0
0
0
0
0
0
0
0
0
-1
0
1
0
0
0
0
0
0
0
-1
0
1
0
0
0
0
-1
0
-1
-1
0
0
0
0
1
0
0
0
0
0
0
0
0
1
1
0
1
-1
0
0
0
0
0
0
0
0
0
0
0
0
0
0
0
0
0
0
0
0
0
0
0
0
0
0
0
0
-1
1
0
1
0
0
1
0
0
0
0
0
1
-1
0
0
0
0
0
1
0
0
-1
0
0
0
0
1
0
0
1
-1
-1
0
0
0
0
0
0
0
0
0
0
0
-1
0
0
0
1
0
0
0
0
1
0
-1
-1
0
0
0
-1
0
0
0
0
0
-1
0
0
0
0
-1
0
0
0
0
0
0
0
0
0
0
0
0
0
0
-1
0
0
0
0
0
0
0
0
0
1
0
-1
0
0
0
0
0
0
0
0
0
0
0
0
0
0
0
0
0
0
0
-1
0
0
0
0
0
0
0
0
-1
0
0
0
0
1
0
0
1
1
1
1
1
1
0
-1
-1
0
1
1
1
0
-1
1
2
2
4
6
7
7
6
4
4
1
1
0
0
-2
-4
-5
-5
-5
-7
-7
-7
-7
-6
-4
-3
-2
-3
-3
-2
-1
1
2
2
1
-1
-2
-3
0
0
0
-1
-2
-3
-3
-3
-3
-3
-5
-5
-7
-8
-9
-8
-5
-2
1
0
0
0
-1
4
9
13
18
21
21
19
16
16
17
18
16
13
6
3
1
1
1
0
-4
-5
-7
-6
-3
1
5
8
10
10
10
10
9
7
2
-4
-10
-13
-12
-12
-12
-11
-10
-8
-6
-4
-2
-1
0
-1
-1
-1
-1
1
4
6
4
1
-3
-2
-1
4
5
4
0
-8
-9
-11
-8
-7
-9
-13
-17
-19
-17
-13
-6
-3
1
3
7
12
20
28
36
46
51
50
45
40
39
40
40
35
22
8
-5
-10
-12
-14
-18
-26
-36
-48
-53
-54
-48
-43
-40
-38
-37
-36
-31
-23
-13
-5
-1
2
0
1
5
9
13
13
12
13
13
14
14
13
10
6
0
-6
-13
-20
-27
-36
-42
-39
-31
-19
-9
-4
-3
-1
10
29
48
58
61
56
52
52
59
67
73
70
60
45
32
29
35
48
61
62
53
37
23
21
24
27
15
-15
-53
-88
-111
-127
-143
-165
-190
-221
-249
-271
-280
-266
-230
-182
-135
-101
-76
-41
12
86
169
239
279
287
278
266
257
251
245
228
197
149
89
22
-31
-65
-74
-67
-60
-59
-60
-57
-34
14
84
161
235
288
321
337
345
351
364
368
344
275
162
22
-129
-277
-414
-531
-628
-718
-820
-951
-1079
-1142
-1075
-877
-618
-402
-287
-242
-167
20
331
679
945
1061
1036
951
884
872
892
887
800
603
316
-9
-295
-482
-555
-558
-574
-655
-793
-910
-902
-725
-427
-123
81
155
160
194
325
544
765
893
879
744
553
382
267
208
170
100
-42
-249
-481
-657
-723
-669
-548
-437
-391
-400
-407
-343
-189
29
245
398
461
458
430
420
443
477
486
432
301
111
-86
-241
-328
-361
-380
-425
-508
-607
-674
-671
-583
-441
-288
-169
-97
-50
5
101
243
402
536
606
607
556
502
477
479
483
451
359
223
71
-54
-135
-175
-200
-235
-290
-352
-399
-411
-384
-320
-237
-155
-93
-54
-29
7
72
158
238
284
285
251
206
168
143
122
95
45
-23
-104
-184
-241
-271
-276
-271
-278
-293
-313
-315
-282
-214
-125
-50
1
28
58
103
165
231
281
305
306
287
264
239
221
210
191
155
97
33
-21
-55
-76
-99
-127
-150
-159
-146
-118
-92
-69
-49
-23
11
46
74
97
112
125
137
144
138
115
78
41
16
6
3
-8
-36
-85
-139
-178
-190
-183
-172
-167
-171
-175
-171
-160
-140
-113
-79
-39
-1
28
46
56
64
72
79
87
89
87
80
69
58
43
27
11
2
4
12
20
15
0
-14
-16
-2
16
26
28
21
17
21
31
44
57
64
61
46
21
1
-2
12
31
29
-1
-39
-66
-64
-40
-21
-21
-36
-49
-51
-45
-39
-35
-30
-18
0
18
32
39
47
61
79
92
93
88
81
81
84
78
57
23
-2
-5
9
14
-9
-54
-92
-102
-84
-57
-49
-66
-88
-97
-87
-73
-66
-61
-47
-24
-3
7
7
9
25
59
94
117
120
110
96
87
85
83
75
57
27
-16
-63
-97
-106
-89
-69
-71
-104
-144
-162
-140
-95
-53
-36
-39
-41
-30
-10
6
14
17
25
40
57
59
36
-2
-30
-29
-10
-8
-40
-90
-113
-86
-35
-9
-41
-110
-165
-169
-125
-76
-62
-89
-126
-138
-111
-75
-72
-97
-94
-16
115
197
157
32
-48
28
240
435
458
296
98
47
202
440
575
513
322
158
143
265
405
455
409
346
329
356
382
386
384
397
402
358
243
91
-32
-88
-111
-170
-318
-552
-827
-1062
-1173
-1130
-1003
-969
-1177
-1583
-1922
-1884
-1394
-706
-231
-190
-437
-581
-331
273
917
1289
1308
1128
975
969
1077
1198
1244
1167
960
637
254
-88
-283
-300
-228
-229
-424
-775
-1085
-1132
-832
-320
124
266
100
-160
-226
41
535
988
1164
1026
741
533
523
658
792
810
685
465
207
-31
-198
-255
-220
-170
-198
-341
-546
-697
-690
-514
-274
-116
-127
-270
-416
-442
-304
-70
132
196
114
-38
-154
-173
-100
4
61
14
-136
-322
-456
-476
-397
-294
-255
-305
-395
-445
-413
-307
-171
-46
38
62
39
22
69
197
350
453
473
425
359
310
296
313
343
354
317
211
53
-99
-169
-132
-52
-39
-139
-293
-382
-337
-203
-81
-39
-76
-126
-128
-59
44
119
143
139
145
160
162
142
121
103
87
71
48
-3
-84
-135
-100
-16
14
-54
-150
-177
-119
-40
-8
-30
-68
-73
-24
61
147
217
282
362
464
546
556
487
418
485
741
1038
1129
905
534
345
511
877
1098
918
470
36
-183
-133
-46
-104
-336
-654
-911
-1137
-1306
-1398
-1428
-1341
-1302
-1479
-1922
-2501
-2795
-2479
-1592
-646
-238
-494
-1034
-1216
-617
568
1641
1967
1494
825
705
1378
2355
2849
2502
1642
896
626
716
787
561
57
-494
-899
-1182
-1388
-1508
-1404
-1054
-679
-480
-585
-850
-993
-772
-135
582
1009
978
683
543
788
1285
1664
1655
1281
808
522
515
657
719
539
152
-221
-420
-481
-516
-572
-631
-652
-637
-664
-769
-880
-870
-694
-405
-164
-114
-232
-345
-271
36
401
542
378
115
5
118
332
444
358
142
-84
-216
-204
-101
-56
-125
-216
-269
-321
-371
-351
-231
-88
2
27
28
47
120
260
424
522
514
435
364
344
368
412
426
345
168
-22
-124
-132
-108
-124
-225
-392
-533
-581
-555
-505
-463
-461
-484
-456
-336
-197
-106
-56
-19
2
2
-4
4
37
84
133
159
135
64
-25
-86
-73
3
59
22
-94
-210
-248
-165
-18
72
49
-15
-33
3
47
78
99
131
200
288
353
390
418
424
433
491
521
450
352
297
234
144
62
-56
-219
-301
-240
-129
-100
-185
-295
-272
-80
182
437
667
811
817
760
804
1013
1284
1461
1439
1228
959
800
797
820
680
329
-76
-385
-625
-850
-1051
-1289
-1633
-1996
-2298
-2662
-3245
-3987
-4496
-4272
-3332
-2390
-2055
-2196
-2302
-2036
-1353
-306
1146
2848
3982
3782
2812
2504
3328
4517
5336
5450
4528
2730
1139
691
994
1012
335
-805
-2149
-3404
-4091
-3913
-3132
-2406
-2220
-2576
-3097
-3240
-2629
-1387
17
1188
1774
1535
905
814
1600
2702
3548
3896
3558
2542
1445
1045
1476
2133
2209
1449
245
-784
-1189
-1096
-859
-735
-862
-1324
-2037
-2478
-2300
-1763
-1278
-993
-858
-885
-1033
-1055
-714
-65
570
891
838
570
356
428
754
1096
1248
1107
679
187
-53
9
142
137
-56
-406
-797
-1046
-1049
-861
-664
-613
-692
-779
-751
-541
-183
178
408
506
553
594
658
791
981
1084
964
680
429
289
179
40
-95
-220
-400
-649
-887
-975
-961
-980
-1021
-935
-630
-388
-397
-497
-414
-79
280
526
597
492
353
321
453
659
751
605
348
212
195
158
96
61
-3
-139
-323
-511
-613
-569
-456
-370
-311
-281
-311
-337
-239
-17
194
283
255
214
268
407
539
637
717
682
507
403
508
664
684
562
388
279
331
478
558
504
342
153
90
263
565
747
693
509
439
581
787
850
714
463
231
71
-19
-42
-59
-153
-399
-826
-1284
-1595
-1772
-2020
-2570
-3230
-3486
-3172
-2584
-2170
-2207
-2489
-2483
-1831
-747
205
689
726
603
761
1407
2413
3408
3802
3346
2563
2207
2390
2654
2728
2495
1706
538
-375
-750
-809
-817
-893
-1127
-1582
-2124
-2515
-2596
-2306
-1772
-1306
-1154
-1298
-1484
-1389
-853
40
931
1334
1135
781
753
1101
1593
2046
2260
1947
1202
635
661
1046
1279
1100
663
212
-174
-434
-481
-323
-143
-214
-578
-962
-1107
-950
-621
-322
-232
-480
-777
-800
-550
-198
7
92
41
-148
-204
-89
108
261
277
287
302
264
203
116
128
233
246
232
231
184
86
-38
36
290
400
263
-57
-271
-219
-75
35
-39
-245
-415
-500
-429
-384
-479
-616
-647
-439
-165
46
87
-96
-232
-70
411
810
849
674
517
493
592
775
907
841
603
372
296
413
538
512
389
189
-77
-345
-390
-236
-99
-184
-442
-536
-618
-684
-659
-648
-565
-579
-682
-797
-859
-759
-791
-867
-632
-286
-119
-231
-426
-407
-210
51
257
334
306
95
-160
-142
65
168
52
-197
-359
-412
-475
-554
-724
-883
-1008
-1110
-1102
-1191
-1343
-1410
-1398
-1239
-811
-188
171
94
-57
261
1338
2711
3359
2812
1880
1561
2023
2921
3594
3252
1972
888
766
1278
1718
1635
977
135
-418
-513
-232
170
327
108
-254
-426
-291
29
338
537
607
520
348
257
292
380
456
423
219
-26
-233
-561
-976
-1237
-1398
-1708
-2166
-2794
-3907
-5596
-7213
-7764
-6750
-4410
-1616
-205
-1985
-5484
-5980
-1621
3664
5896
5316
3358
954
522
3920
8413
9520
6850
3527
1656
1433
2623
4205
4209
1941
-1009
-2927
-3491
-2964
-1843
-1214
-1725
-2652
-3254
-3842
-4361
-3776
-2065
-843
-974
-1596
-1979
-2141
-1530
404
2506
3000
1920
782
699
1962
4027
5247
4370
2438
1410
1596
2230
3008
3382
2336
155
-1376
-1316
-503
-134
-681
-2028
-3547
-4325
-4067
-3415
-3019
-2984
-3369
-4175
-4691
-4010
-2440
-1288
-1066
-1063
-806
-538
-129
890
2091
2575
2383
2217
2340
2655
3016
3226
3184
2913
2314
1468
1033
1392
2064
2245
1642
606
-131
-123
398
949
927
297
-577
-1056
-640
111
583
274
-520
-1017
-984
-429
152
433
331
-42
-249
-23
551
1050
1188
1079
1039
1164
1270
1244
1125
995
824
638
464
52
-714
-1488
-1952
-2267
-2737
-3755
-5511
-7242
-7749
-6615
-5175
-4601
-4239
-3744
-3734
-4193
-3193
235
3162
3416
2729
3007
3785
4417
5945
8091
8238
6213
4649
4584
5015
5139
4868
3700
1362
-713
-1619
-1859
-1635
-1449
-2109
-3794
-5172
-5066
-4639
-4700
-4647
-4319
-4303
-4747
-4530
-3240
-2228
-1845
-811
772
1193
428
781
2809
4344
4720
4825
4460
3611
3510
4673
5647
5113
3827
2674
1643
1132
1152
953
287
-813
-2361
-3765
-4011
-3283
-3157
-4007
-4668
-4753
-4576
-4224
-3773
-3291
-2879
-2601
-2201
-1384
-230
667
934
1132
1803
2667
3235
3456
3665
3996
4078
3682
3201
3104
3309
3342
2979
2365
1678
1004
490
303
337
151
-637
-1813
-2676
-2782
-2323
-1779
-1577
-1936
-2614
-3053
-2849
-1930
-725
-140
-480
-933
-774
-173
614
1531
2184
2222
1910
1727
1957
2616
3279
3365
2841
2125
1541
1243
1260
1388
1255
582
-553
-1627
-2139
-2138
-2109
-2522
-3516
-4709
-5597
-6068
-6098
-5450
-4404
-3908
-4311
-4796
-4439
-3189
-1654
-430
282
555
696
1369
2990
4745
5369
4937
4624
4982
5527
5834
5802
5250
4164
3107
2548
2292
1936
1058
-145
-1191
-1838
-2240
-2736
-2994
-3180
-3648
-4183
-4481
-4249
-3828
-3389
-2959
-2645
-2245
-1926
-1564
-833
108
1029
1620
2035
2505
2776
3093
3610
4192
4631
4563
4212
3762
3395
3322
3137
2634
1897
1117
369
-334
-726
-838
-1082
-1632
-2269
-2778
-3046
-2995
-2666
-2302
-2149
-2134
-1949
-1406
-605
128
662
1100
1503
1790
1866
1854
1947
2230
2548
2648
2344
1725
1046
495
155
-369
-1328
-2762
-4417
-6014
-7329
-6919
-4342
-2021
-2938
-6389
-8201
-6475
-2784
684
2364
1250
-1687
-2812
111
4769
7174
6156
3588
1959
2585
4901
7088
7433
5441
2288
335
1002
3009
3860
2610
340
-1416
-1923
-1477
-929
-1123
-2445
-4322
-5352
-4764
-3528
-3233
-4105
-4891
-4597
-3622
-2897
-2535
-2030
-1289
-642
-182
311
1019
1877
2653
3327
4063
4655
4748
4699
5048
5499
5532
5220
4742
4109
3484
2936
2296
1612
957
55
-1177
-2235
-2745
-2928
-3223
-3800
-4463
-4923
-5059
-4882
-4436
-3932
-3682
-3680
-3537
-2942
-1997
-1030
-293
139
421
856
1581
2398
3024
3382
3582
3744
3851
3887
3995
4117
3899
3364
2940
2623
2118
1541
1057
520
-9
-400
-910
-1645
-2195
-2366
-2425
-2505
-2601
-2852
-3267
-3555
-3482
-3082
-2586
-2319
-2478
-2805
-2819
-2439
-1961
-1672
-1775
-2078
-1854
-744
560
1028
491
-144
133
1425
2842
3373
2838
1884
1360
1812
2974
3701
3128
1761
840
865
1421
1939
1925
1083
-152
-797
-457
242
515
185
-387
-725
-595
-176
146
143
-242
-819
-1011
-478
264
397
-190
-825
-888
-378
225
429
217
-69
-267
-224
214
662
575
72
-292
-283
-81
184
436
488
296
-33
-339
-310
135
562
532
140
-164
-108
281
791
1024
713
171
-67
89
369
517
372
-83
-632
-934
-933
-967
-1204
-1467
-1626
-1741
-1973
-2330
-2569
-2613
-2558
-2352
-1973
-1647
-1605
-1679
-1457
-871
-173
488
873
749
475
733
1560
2311
2562
2403
2054
1773
1825
2201
2545
2524
2103
1459
830
495
592
849
796
300
-399
-980
-1146
-782
-303
-404
-1148
-1833
-1902
-1476
-919
-533
-585
-991
-1166
-714
81
697
899
725
471
581
1171
1823
2074
1850
1465
1341
1665
2138
2263
1930
1480
1188
1061
1079
1205
1215
936
590
441
372
187
-10
-99
-214
-425
-574
-626
-778
-1082
-1335
-1423
-1438
-1494
-1675
-2040
-2507
-2895
-3184
-3527
-3865
-3927
-3796
-3823
-4019
-3947
-3523
-3149
-2863
-2171
-1205
-645
-397
127
1091
1849
2160
2553
2919
3200
3533
3930
4289
4145
3761
3488
3295
3312
3141
2637
2049
1556
1351
1209
1023
725
153
-547
-1140
-1411
-1426
-1531
-1964
-2560
-3010
-3163
-3081
-2894
-2668
-2478
-2360
-2237
-2038
-1801
-1561
-1178
-520
211
632
700
786
1215
1918
2571
2913
2900
2745
2802
3203
3620
3589
3070
2492
2213
2159
2029
1666
1112
478
-112
-532
-745
-910
-1270
-1864
-2426
-2629
-2440
-2179
-2183
-2439
-2641
-2522
-2069
-1479
-955
-601
-406
-229
41
486
1110
1765
2199
2350
2372
2510
2695
2594
2388
2254
2070
1580
772
136
-496
-1289
-2004
-2825
-3908
-5170
-5437
-3912
-2572
-3556
-5925
-6610
-4905
-3042
-1888
-1117
-1315
-2572
-2840
-535
2438
3282
2227
1350
1576
2637
3992
5251
5545
4361
2799
2337
3639
5162
4909
3262
1848
1648
2049
2120
1870
1032
-703
-2350
-2586
-1361
-567
-1657
-3441
-4390
-4058
-3131
-2544
-2380
-2633
-3077
-3181
-2451
-1096
-224
-291
-511
-152
616
1403
2099
2548
2525
2222
2264
2848
3444
3477
2950
2312
1920
1855
1954
1884
1341
417
-402
-727
-635
-506
-729
-1378
-2059
-2345
-2272
-2075
-1901
-1962
-2269
-2330
-1865
-1296
-963
-752
-577
-402
46
842
1532
1722
1664
1898
2459
2872
3000
3104
3094
2774
2506
2528
2436
2036
1524
810
-84
-703
-1007
-1482
-2266
-3139
-4031
-4947
-5867
-6515
-6191
-4856
-4038
-4941
-6342
-6274
-4778
-3107
-1689
-731
-999
-2021
-1585
1036
3491
3715
2635
2084
2330
2999
4187
5430
5412
3821
2241
2318
3676
4502
3919
2684
1699
1157
1120
1510
1645
850
-600
-1723
-1784
-1010
-502
-1059
-2157
-2751
-2498
-1759
-1093
-870
-1075
-1297
-1065
-378
285
552
452
317
474
958
1520
1824
1689
1262
923
1013
1404
1578
1354
980
615
331
269
366
288
-104
-511
-681
-741
-815
-859
-890
-980
-1097
-1133
-1044
-874
-678
-494
-365
-305
-212
38
344
548
682
763
636
308
129
332
636
610
167
-443
-866
-885
-729
-843
-1370
-2163
-2933
-3158
-2596
-1810
-1724
-2524
-3242
-2983
-1982
-889
-154
-104
-650
-1037
-413
1005
1982
1950
1469
1165
1290
1881
2718
3214
2843
1932
1354
1506
2027
2284
1957
1198
443
162
391
650
499
-125
-843
-1131
-866
-443
-361
-781
-1328
-1476
-1118
-562
-196
-196
-376
-336
137
776
1116
1088
1011
1089
1345
1725
2010
2029
1869
1669
1512
1510
1672
1740
1462
993
617
352
137
3
-108
-319
-636
-945
-1171
-1355
-1505
-1508
-1418
-1500
-1807
-1990
-1852
-1630
-1542
-1539
-1640
-1900
-2138
-2146
-1993
-2029
-2503
-3128
-3273
-2602
-1592
-1296
-2033
-2792
-2565
-1477
-325
350
392
-132
-547
54
1541
2720
2665
1824
1410
1853
2683
3338
3480
3069
2339
1851
2133
2862
3165
2684
1845
1386
1492
1748
1807
1467
703
-109
-449
-153
189
-121
-943
-1703
-1996
-1747
-1298
-1133
-1535
-2185
-2310
-1799
-1282
-1097
-1093
-1099
-1107
-965
-427
139
198
38
220
680
986
1065
1110
1140
1226
1504
1772
1811
1737
1674
1588
1441
1332
1302
1135
764
452
385
403
297
103
-111
-425
-741
-788
-650
-734
-1128
-1453
-1476
-1396
-1439
-1572
-1675
-1777
-1908
-1899
-1766
-1843
-2215
-2568
-2694
-2553
-2134
-1542
-1212
-1496
-1942
-1740
-874
-11
425
472
288
137
429
1226
1963
2086
1689
1352
1476
1957
2419
2485
2124
1692
1496
1544
1651
1688
1635
1412
1103
1019
1091
978
657
380
283
191
6
-79
-131
-398
-733
-800
-576
-415
-525
-667
-681
-672
-587
-343
-71
11
-122
-224
-82
250
590
746
637
450
430
608
776
738
540
354
243
206
207
116
-91
-280
-406
-519
-691
-900
-1035
-1041
-998
-1011
-1056
-1008
-867
-749
-687
-766
-946
-1006
-801
-509
-457
-591
-795
-948
-864
-613
-487
-713
-1070
-1312
-1403
-1226
-761
-408
-600
-1091
-1185
-636
134
626
579
177
-50
259
1012
1584
1554
1158
891
1061
1517
1930
2057
1776
1356
1182
1320
1597
1699
1462
1079
859
969
1201
1200
923
527
254
223
267
239
49
-288
-628
-852
-825
-663
-620
-763
-995
-1050
-828
-512
-355
-482
-600
-492
-279
-57
163
395
481
372
405
659
899
941
840
764
705
713
884
1053
931
498
158
201
422
471
267
-78
-426
-625
-610
-532
-661
-1042
-1414
-1582
-1644
-1735
-1819
-1885
-2057
-2301
-2361
-2215
-2147
-2256
-2334
-2270
-2083
-1706
-1209
-997
-1201
-1282
-755
124
783
1003
930
852
1098
1765
2491
2775
2537
2162
2063
2323
2706
2871
2606
2018
1481
1316
1442
1491
1244
798
317
-89
-283
-227
-194
-455
-899
-1208
-1271
-1181
-1024
-919
-992
-1149
-1073
-704
-346
-192
-98
58
207
359
601
847
925
860
838
927
1014
980
848
738
669
546
343
154
9
-169
-387
-531
-576
-651
-837
-1052
-1147
-1078
-971
-947
-977
-987
-1011
-1025
-858
-513
-261
-263
-338
-250
4
277
477
586
552
415
380
555
750
754
603
448
343
282
237
154
-29
-312
-623
-844
-945
-1022
-1149
-1280
-1353
-1409
-1483
-1513
-1413
-1211
-1001
-824
-679
-593
-541
-375
-14
378
590
634
657
724
856
1105
1382
1459
1299
1140
1159
1303
1435
1462
1348
1146
972
882
856
835
748
572
378
259
183
60
-120
-256
-286
-231
-163
-132
-157
-174
-100
56
220
338
379
352
374
523
676
685
595
533
524
546
576
552
386
102
-156
-281
-344
-497
-754
-967
-1060
-1100
-1155
-1218
-1289
-1364
-1385
-1300
-1187
-1145
-1141
-1066
-908
-723
-520
-319
-200
-172
-96
115
340
421
379
353
397
477
511
426
227
47
-15
-2
-17
-103
-256
-440
-568
-598
-581
-582
-602
-642
-696
-696
-588
-439
-344
-304
-275
-233
-162
-57
64
184
288
370
451
563
686
774
826
890
996
1105
1146
1102
1015
948
941
987
1018
978
885
789
689
580
508
487
430
276
99
-5
-30
-23
-28
-89
-190
-255
-246
-181
-104
-62
-87
-145
-149
-62
65
146
140
73
22
43
129
221
240
144
-6
-109
-135
-125
-108
-118
-214
-386
-527
-542
-486
-466
-546
-692
-811
-832
-776
-707
-663
-676
-764
-841
-784
-632
-556
-600
-646
-621
-571
-524
-461
-396
-385
-422
-424
-340
-229
-174
-171
-159
-133
-105
-46
61
131
99
50
73
150
230
297
310
253
202
248
377
478
479
425
406
464
570
676
741
733
670
646
742
903
985
908
763
692
725
770
746
673
569
422
289
255
284
233
67
-99
-167
-149
-126
-141
-182
-231
-288
-310
-262
-201
-195
-226
-244
-232
-199
-163
-137
-117
-103
-89
-37
62
134
126
106
136
197
248
296
330
309
240
208
257
308
283
201
102
0
-59
-66
-124
-308
-534
-697
-794
-863
-931
-1048
-1239
-1427
-1512
-1486
-1421
-1368
-1344
-1360
-1366
-1257
-1013
-765
-654
-648
-604
-448
-221
-10
120
140
98
108
248
444
556
553
521
528
599
723
839
875
850
855
925
1008
1045
1040
1030
1016
992
971
972
966
908
812
737
702
668
606
538
464
367
245
159
136
118
28
-122
-253
-320
-328
-307
-304
-380
-516
-610
-590
-497
-428
-454
-553
-627
-604
-503
-386
-317
-348
-441
-487
-424
-335
-313
-351
-388
-393
-364
-303
-239
-215
-222
-217
-173
-124
-104
-94
-66
-40
-47
-54
-14
50
96
114
111
99
117
184
267
322
336
322
321
367
454
539
582
553
462
393
426
515
525
409
263
187
176
184
186
157
77
-13
-56
-45
-22
-38
-111
-194
-230
-214
-197
-210
-253
-316
-364
-359
-312
-282
-303
-355
-386
-358
-290
-221
-184
-196
-250
-293
-260
-149
-44
-38
-129
-211
-195
-98
9
63
42
-24
-54
2
111
194
202
160
125
138
192
248
269
248
201
156
139
161
198
198
155
115
97
84
65
55
45
9
-56
-128
-183
-215
-232
-244
-272
-323
-371
-373
-331
-279
-238
-212
-202
-190
-132
-24
83
138
149
155
182
239
308
357
365
345
323
316
335
368
382
363
332
313
298
274
243
208
162
99
43
1
-53
-136
-213
-242
-242
-264
-311
-345
-353
-346
-306
-228
-156
-146
-172
-155
-64
51
132
157
131
90
88
153
239
269
217
129
79
88
127
145
105
17
-72
-124
-126
-100
-87
-129
-216
-289
-297
-252
-204
-186
-205
-235
-244
-209
-136
-60
-13
3
-1
3
49
129
193
206
190
183
188
207
243
288
310
295
262
231
218
225
237
218
143
35
-54
-81
-60
-54
-113
-227
-327
-356
-324
-286
-282
-316
-359
-370
-326
-254
-193
-160
-148
-137
-104
-40
37
90
105
97
97
122
168
225
270
279
253
221
224
251
254
209
151
108
75
40
3
-39
-96
-154
-189
-195
-191
-193
-200
-199
-181
-153
-116
-70
-27
10
41
74
113
151
179
191
200
219
240
249
252
254
245
226
207
182
139
97
69
46
4
-59
-121
-165
-193
-221
-250
-270
-274
-278
-273
-257
-226
-191
-152
-106
-67
-50
-35
15
97
166
175
139
110
126
179
229
243
207
147
104
101
125
135
97
22
-56
-116
-144
-151
-165
-214
-302
-389
-425
-405
-369
-352
-353
-355
-344
-298
-221
-137
-74
-33
17
82
148
207
258
299
312
310
320
348
366
353
320
295
283
269
239
200
160
124
89
52
15
-29
-72
-106
-129
-151
-182
-206
-200
-166
-133
-123
-133
-134
-107
-47
23
65
62
37
35
75
129
159
148
106
65
67
111
156
153
98
39
20
36
52
38
-12
-75
-118
-126
-121
-136
-180
-229
-257
-266
-263
-258
-242
-215
-188
-165
-139
-95
-37
20
67
101
123
140
159
188
214
219
206
194
189
186
180
182
188
178
142
94
61
48
39
17
-26
-82
-132
-170
-195
-214
-228
-240
-255
-276
-290
-283
-248
-198
-150
-121
-112
-105
-76
-14
58
111
125
112
102
116
156
203
228
215
173
134
129
163
204
210
165
98
44
28
39
43
12
-54
-122
-160
-163
-160
-164
-178
-189
-194
-185
-163
-132
-105
-86
-61
-29
-4
12
24
43
70
98
120
136
145
155
168
193
228
262
270
258
238
232
242
255
251
222
173
120
81
56
34
1
-42
-94
-145
-181
-196
-196
-199
-214
-236
-251
-250
-234
-209
-190
-185
-188
-189
-177
-155
-130
-109
-96
-86
-78
-62
-39
-13
6
16
17
16
17
19
23
20
9
-9
-30
-40
-45
-44
-44
-48
-50
-46
-32
-8
18
42
60
75
88
103
117
130
138
141
141
139
132
126
121
117
116
114
108
94
79
67
64
62
52
25
-12
-45
-62
-62
-62
-76
-107
-138
-150
-135
-106
-83
-76
-81
-83
-68
-31
9
41
51
46
43
58
91
129
146
137
115
107
124
155
175
170
145
115
104
106
107
90
48
-3
-49
-77
-97
-123
-161
-207
-246
-268
-271
-272
-274
-277
-273
-257
-231
-199
-164
-123
-81
-42
-10
19
54
94
131
159
176
187
196
212
229
239
234
216
196
182
170
151
124
89
54
19
-17
-55
-89
-117
-134
-150
-167
-180
-185
-174
-149
-123
-107
-98
-84
-55
-13
27
55
66
73
84
108
131
147
148
140
134
133
134
130
113
95
73
51
26
1
-30
-60
-88
-109
-130
-150
-173
-192
-201
-203
-199
-194
-191
-188
-178
-154
-119
-83
-58
-45
-34
-18
8
40
65
74
72
72
83
110
134
145
143
132
129
134
142
140
127
106
81
56
35
21
11
-2
-20
-43
-62
-76
-78
-68
-53
-45
-44
-43
-28
2
37
65
82
89
95
109
129
145
150
145
134
124
115
105
99
87
71
46
13
-22
-53
-73
-89
-111
-143
-185
-217
-229
-226
-222
-226
-241
-251
-241
-214
-179
-148
-127
-110
-85
-48
-4
37
68
91
114
139
167
185
195
198
203
205
201
187
167
152
144
134
113
82
49
20
3
-12
-37
-69
-102
-127
-138
-141
-144
-153
-162
-163
-151
-129
-108
-96
-87
-78
-61
-40
-17
0
12
22
33
48
58
64
65
67
72
78
80
74
63
58
55
55
48
30
11
-3
-8
-9
-19
-34
-49
-57
-55
-47
-38
-34
-28
-21
-7
5
16
26
36
49
69
83
93
92
89
92
97
99
89
69
48
34
29
25
13
-8
-33
-53
-65
-74
-83
-98
-115
-130
-136
-133
-121
-112
-107
-105
-103
-91
-71
-49
-31
-15
-1
17
36
55
66
73
78
88
94
97
95
87
84
86
83
74
56
36
23
21
24
17
-3
-31
-53
-56
-44
-37
-45
-67
-86
-86
-67
-44
-34
-40
-51
-51
-33
-6
17
24
18
11
16
34
58
74
76
68
57
53
57
61
60
51
34
15
3
-1
4
4
-12
-35
-57
-67
-63
-54
-52
-61
-75
-83
-79
-69
-57
-50
-48
-45
-39
-27
-12
4
15
21
26
31
41
53
64
70
69
68
66
70
76
80
76
66
52
43
39
35
27
14
1
-6
-8
-8
-14
-25
-36
-40
-39
-38
-39
-43
-44
-41
-35
-30
-29
-29
-26
-22
-16
-10
-8
-9
-9
-5
1
6
8
7
8
10
16
19
16
9
3
-1
-1
-1
-5
-10
-14
-15
-14
-14
-17
-21
-24
-21
-17
-13
-12
-13
-11
-7
0
3
2
0
0
3
9
12
9
5
1
1
5
11
12
8
-2
-7
-5
0
4
3
-4
-12
-18
-18
-12
-9
-9
-13
-16
-14
-6
4
11
14
13
12
16
27
36
46
50
50
49
51
58
62
59
51
41
36
36
35
32
23
12
6
5
6
5
-2
-12
-21
-25
-23
-26
-32
-40
-48
-50
-46
-40
-38
-38
-40
-39
-35
-28
-25
-26
-31
-32
-26
-18
-11
-6
-8
-13
-12
-7
3
9
11
8
5
5
9
13
13
8
4
0
1
1
4
2
0
-1
0
0
0
-1
-1
2
5
8
10
10
11
16
19
25
27
27
25
26
28
31
33
31
27
20
15
13
11
9
3
-4
-13
-21
-26
-29
-31
-39
-46
-52
-54
-51
-47
-45
-48
-50
-50
-39
-27
-13
-7
-4
-2
5
14
24
33
41
45
48
53
59
66
70
70
68
63
56
51
47
46
41
31
21
11
-2
-5
-10
-17
-28
-38
-46
-51
-48
-45
-47
-56
-52
-58
-53
-36
-32
-37
-31
-30
-44
-25
-13
-12
-15
-9
-10
-4
8
24
19
9
18
12
15
32
34
19
24
15
7
13
12
8
3
4
-1
1
3
5
5
5
8
8
13
14
19
12
21
18
15
19
18
17
21
21
14
25
15
18
19
16
8
6
-3
-8
-12
-18
-17
-23
-31
-34
-37
-39
-35
-31
-34
-35
-36
-35
-32
-27
-23
-23
-23
-21
-18
-14
-9
-1
3
7
11
13
12
17
21
20
26
27
22
21
23
23
21
21
22
18
15
13
10
11
11
0
-8
-10
-10
-6
-2
0
-2
-4
-2
3
7
13
9
4
4
6
13
20
20
13
7
7
4
2
1
-8
-12
-12
-15
-12
-11
-16
-14
-17
-20
-18
-21
-26
-21
-16
-19
-29
-26
-17
-15
-2
12
6
-2
0
3
6
8
4
5
6
9
15
16
10
6
2
2
7
13
11
5
4
6
4
8
13
14
8
7
16
12
3
12
9
-7
-3
7
6
13
11
0
4
9
13
19
8
0
2
-6
-9
7
8
2
-3
-16
-16
-2
-6
-17
-14
-13
-19
-25
-24
-25
-32
-32
-30
-28
-26
-24
-21
-16
-12
-6
0
5
10
16
20
24
27
30
32
32
31
29
27
25
22
21
15
11
5
0
-4
-5
-6
-7
-10
-14
-18
-17
-11
-1
9
12
3
-15
-37
-54
-56
-43
-20
5
21
20
8
-4
-9
-6
4
13
16
5
-13
-23
-32
-28
-8
23
50
42
9
-16
-29
-33
-44
-71
-89
-84
-50
-55
-88
-17
49
-3
-44
-49
19
124
101
115
132
-96
-29
580
842
448
86
50
111
145
168
155
17
-341
-539
-232
-1
-197
-235
-9
21
-217
-415
-304
-152
-192
-140
-70
-183
-205
-115
-45
78
111
11
-61
-64
-18
-53
-207
-156
137
142
29
104
184
229
192
282
402
290
170
100
117
113
3
45
167
122
-66
-65
82
-70
-174
-104
-220
-180
-127
-201
-117
-196
-235
-63
-73
4
69
-140
-108
50
46
141
88
-79
50
105
29
262
413
191
82
146
175
181
139
134
185
94
-29
-32
-100
-137
-82
-89
-26
-96
-334
-345
-277
-250
-221
-243
-225
-183
-200
-206
-100
-37
-36
79
165
144
83
49
110
238
283
256
292
216
127
142
155
186
181
155
96
18
-55
-130
-123
-83
-124
-178
-151
-157
-231
-248
-227
-192
-128
-84
-64
-59
-70
-74
-25
58
111
129
133
142
137
121
134
148
151
157
142
100
59
-2
-34
1
22
23
-24
-95
-126
-147
-141
-114
-119
-114
-95
-101
-87
-77
-66
1
49
62
110
116
72
84
105
95
112
139
161
157
67
-7
-3
10
35
58
23
-55
-108
-123
-88
-54
-80
-87
-61
-47
-65
-104
-106
-70
-49
-29
3
-7
-14
1
27
70
68
50
61
79
76
35
-1
-3
-1
0
3
-5
-36
-62
-50
-19
-35
-71
-86
-62
-34
-48
-40
-13
-19
-22
-22
19
74
66
40
17
9
37
79
97
94
69
34
42
70
83
63
36
51
44
-13
-28
4
1
-21
-25
-19
-30
-52
-54
-32
-42
-67
-59
-45
-39
-34
-34
-36
-48
-61
-40
2
20
17
-4
-30
-21
11
29
31
28
28
24
29
54
62
33
12
18
39
47
30
23
30
13
-1
12
14
-12
-39
-34
-14
-30
-73
-82
-62
-42
-33
-42
-51
-56
-63
-42
-7
1
0
5
7
7
11
29
56
75
77
64
52
57
55
46
65
80
54
31
25
18
5
-7
-5
-4
-26
-40
-34
-43
-55
-55
-58
-49
-39
-41
-37
-37
-37
-10
-2
-24
-15
13
18
23
38
45
47
52
63
60
40
28
31
36
38
24
2
-14
-13
-7
-22
-48
-54
-50
-61
-76
-72
-54
-54
-62
-59
-47
-41
-32
-15
-1
-3
-5
8
27
36
44
57
65
64
59
59
57
54
60
68
62
41
23
24
30
23
9
-5
-10
-14
-21
-42
-58
-49
-34
-33
-32
-26
-34
-55
-52
-21
2
-8
-26
-21
-2
6
6
14
19
13
7
10
22
34
39
35
27
18
0
-12
2
23
20
-6
-19
-18
-21
-29
-21
-14
-23
-40
-37
-23
-27
-43
-37
-14
-1
-6
-6
2
-1
-4
11
32
31
22
25
40
43
37
31
30
33
34
32
22
11
8
14
18
12
-1
-11
-16
-16
-19
-23
-31
-31
-27
-27
-32
-32
-32
-31
-22
-11
-11
-16
-9
8
16
16
17
22
25
25
25
21
17
20
27
26
11
-2
-3
2
3
-3
-12
-21
-22
-15
-15
-22
-30
-28
-26
-27
-21
-13
-12
-13
-8
0
2
3
3
11
20
23
26
32
31
22
19
25
30
26
21
15
11
12
11
5
0
-2
-3
-7
-8
-17
-23
-23
-20
-19
-23
-26
-23
-19
-17
-15
-13
-10
-7
1
7
7
4
7
14
18
13
7
5
12
17
17
9
1
1
3
4
3
2
2
1
0
-2
1
2
0
-4
-3
-2
-1
-5
-9
-7
-2
2
0
-2
-4
-4
-1
6
7
3
-3
-5
-1
3
5
4
3
1
-1
0
0
0
-1
-1
-2
-1
0
1
0
1
0
-1
-1
1
3
1
-2
-6
-8
-9
-5
1
3
0
-7
-8
-1
7
8
3
-1
-2
0
3
8
7
4
2
4
9
12
11
5
3
3
4
2
2
3
5
6
6
3
-3
-5
-3
0
0
-3
-7
-7
-5
-3
-3
-1
-1
-3
-1
-5
-6
-9
-12
-11
-9
-7
-9
-11
-12
-10
-4
-1
-1
-3
1
2
2
2
3
5
9
13
15
15
14
16
18
20
19
14
9
8
7
7
4
1
0
0
2
0
-2
-5
-9
-10
-11
-10
-12
-12
-13
-13
-12
-11
-9
-10
-6
-2
0
0
-2
-3
1
4
6
6
5
4
7
9
8
6
8
7
4
1
-2
-3
-4
-4
-5
-3
-4
-6
-7
-3
-1
-1
-3
-4
-4
-5
-4
0
2
4
5
5
5
7
8
8
7
7
5
6
6
6
6
6
5
5
3
1
1
0
-1
-2
-2
-1
-2
-1
-3
-4
-5
-6
-7
-6
-5
-6
-7
-9
-8
-7
-5
-4
-1
0
1
1
1
2
3
6
7
8
6
5
4
5
5
6
4
1
-2
-3
-2
0
0
-1
-1
-2
-3
-2
-2
0
0
0
-2
-2
-2
0
-1
-1
-1
0
-1
1
2
1
0
-1
-1
0
2
2
2
1
1
0
1
2
1
2
2
0
0
2
0
0
-1
-1
-1
-1
0
0
0
0
-1
-1
-3
-2
-2
1
0
2
2
0
0
0
-1
0
0
0
1
1
1
1
2
2
2
3
2
1
3
2
2
2
2
1
0
1
1
0
0
-1
-1
-1
-1
0
0
0
0
-2
-2
-1
0
0
-1
-3
-4
-2
0
2
2
1
0
-1
-1
1
1
1
1
0
1
0
1
0
2
3
1
1
1
0
1
0
2
2
2
2
1
0
1
0
1
0
0
0
-1
-1
0
0
0
0
1
0
-1
1
0
0
-1
0
0
0
1
0
-1
-2
-1
2
1
0
0
0
0
1
1
1
1
1
2
0
0
0
0
0
0
0
0
0
0
1
1
1
0
0
1
1
1
1
1
1
0
1
1
0
1
2
1
1
1
1
1
1
0
0
0
0
0
0
0
0
0
0
1
-1
1
1
-1
-3
1
0
-1
0
1
0
0
1
1
1
1
0
2
1
1
0
0
0
0
1
0
-1
0
0
0
0
0
0
0
1
-1
0
-1
0
-1
-1
0
0
1
2
1
1
1
1
1
2
1
0
-1
0
0
0
0
0
0
0
-1
0
-1
0
1
0
0
0
0
1
0
0
0
0
0
-1
-1
0
0
0
0
-1
0
1
0
1
0
0
0
0
-1
0
0
0
-1
0
0
0
0
0
0
0
0
-1
0
0
0
1
0
1
0
-1
0
1
0
0
-1
0
0
0
0
0
0
1
0
1
0
0
0
0
0
1
0
1
0
0
0
1
0
0
0
0
0
-1
0
0
0
0
0
0
0
0
0
-1
0
0
0
0
0
0
0
0
0
0
1
0
1
0
0
1
0
0
1
0
0
1
0
0
1
0
0
0
0
0
0
0
0
0
0
0
1
0
0
-1
0
0
-1
0
-1
0
0
1
1
0
0
0
-1
0
0
0
0
0
0
1
0
0
-1
0
0
0
0
-1
0
1
0
0
0
0
0
-1
0
0
0
0
0
0
0
1
0
0
0
0
0
-1
0
0
0
0
0
1
0
0
0
0
0
0
0
1
0
-1
0
-1
1
0
0
0
0
-1
0
-1
0
0
0
0
-1
1
0
0
0
1
0
-1
0
1
1
0
-1
0
0
0
0
0
0
0
0
-1
0
0
0
0
1
-1
0
0
-1
0
0
0
0
0
1
1
0
0
0
-1
-1
0
0
0
1
0
0
0
0
0
0
1
0
0
-1
0
0
1
0
0
0
0
0
1
0
0
-1
0
0
0
0
0
0
0
0
1
0
0
0
0
0
0
0
0
1
0
0
0
0
0
0
-1
0
0
0
0
1
0
0
1
0
0
0
1
-1
0
-1
0
0
0
1
0
0
0
0
0
0
1
0
0
0
0
0
0
0
0
0
-1
0
0
0
1
0
0
0
1
0
0
0
0
0
0
0
0
0
0
1
0
1
0
-1
0
0
-1
0
0
0
-1
0
0
0
-1
0
-1
1
-1
1
0
0
0
0
0
1
0
1
0
0
0
0
0
0
0
0
0
0
0
1
0
0
-1
0
0
0
0
0
0
0
0
0
0
-1
0
0
1
0
0
-1
0
0
0
0
0
0
0
0
-1
0
1
0
0
0
0
1
0
0
0
0
0
-1
0
0
-1
0
0
0
0
0
0
0
0
0
0
0
1
1
1
1
0
0
-1
1
0
0
0
0
0
0
0
0
0
0
0
0
1
0
0
1
0
1
0
0
1
0
0
0
0
1
0
0
-1
0
0
1
1
0
0
-1
0
-1
-1
0
0
0
1
1
0
-1
0
1
0
0
0
0
1
0
1
-1
0
1
0
0
0
-1
0
0
0
1
0
-1
0
-1
-1
0
0
1
0
0
0
1
1
0
0
1
1
-1
0
-1
0
0
0
1
0
0
0
0
-1
0
0
-1
0
0
-1
-1
1
0
0
0
0
-1
0
1
0
0
0
-1
1
0
1
0
1
-1
0
0
0
-1
0
0
0
0
0
0
0
0
0
0
0
0
0
0
0
0
0
1
0
0
0
0
1
0
0
0
0
0
0
0
0
0
0
0
0
0
0
0
0
0
0
0
0
1
0
0
0
0
-1
0
0
1
0
0
0
0
0
-1
0
0
0
0
0
0
-1
0
0
-1
0
0
0
-1
0
0
0
0
-1
0
0
0
0
0
0
0
0
0
0
0
0
0
0
0
-1
0
0
0
-1
0
-1
0
-1
0
0
0
0
1
0
0
0
0
-1
1
0
0
0
0
0
1
0
0
0
0
0
0
1
0
0
0
0
-1
0
-1
0
0
0
0
0
0
0
0
0
0
0
0
0
0
0
0
0
1
0
1
1
0
1
0
0
0
0
0
1
0
1
0
0
0
1
0
0
-1
0
0
1
0
-1
0
0
0
0
-1
-1
1
0
0
1
0
0
1
0
0
0
-1
1
0
0
0
0
0
0
-1
0
0
0
0
0
0
0
0
0
0
0
0
0
0
0
0
0
0
0
0
-1
0
-1
0
-1
0
0
0
0
0
-1
0
-1
1
0
0
0
0
0
-1
0
-1
0
-1
0
0
0
0
-1
0
-1
0
1
0
0
0
0
0
0
1
0
0
0
0
0
0
-1
0
0
0
0
0
0
0
0
1
0
1
1
0
0
0
0
0
0
0
0
0
0
1
0
1
0
0
0
0
0
0
0
1
0
0
0
1
0
1
1
0
0
0
0
-1
0
0
1
0
0
0
0
0
0
0
0
0
0
0
0
0
-1
0
0
0
0
0
0
0
0
0
-1
0
1
0
0
0
0
0
0
0
-1
1
0
0
0
1
0
1
0
0
0
0
0
0
0
-1
0
1
0
0
0
1
0
0
0
0
-1
1
1
0
0
1
0
0
0
0
0
0
0
0
-1
0
0
0
0
1
0
0
0
0
0
0
-1
-1
1
0
0
1
0
0
-1
0
-1
1
0
1
0
0
0
0
1
-1
0
0
0
0
0
0
0
0
0
0
0
0
0
0
-1
0
0
0
0
1
0
0
0
0
0
0
0
0
-1
0
0
0
-1
0
0
1
0
-1
0
0
0
0
1
1
1
0
0
-1
0
0
-1
0
0
0
0
-1
0
0
0
0
0
0
1
0
0
0
0
0
1
0
0
0
0
0
0
0
-1
1
-1
0
-1
0
0
0
0
-1
0
0
0
0
0
0
0
0
0
1
0
0
0
0
0
0
0
0
0
0
0
0
0
0
-1
0
0
0
1
0
0
0
0
-1
0
-1
0
1
0
0
1
0
0
0
0
0
0
0
0
0
0
1
-1
0
-1
0
0
-1
0
0
0
0
-1
0
0
0
0
0
1
0
0
0
0
0
0
0
-1
0
0
0
0
0
0
-1
0
0
0
0
0
0
-1
0
-1
0
0
0
0
1
0
0
0
0
0
0
0
0
0
0
0
0
1
0
0
0
0
1
0
-1
0
1
0
0
0
0
0
0
0
-1
-1
0
0
0
1
0
-1
0
0
-1
0
0
0
-1
0
0
1
0
0
0
0
0
0
1
0
0
0
0
1
0
0
0
1
1
0
0
0
0
0
0
1
0
1
0
0
0
1
0
0
0
-1
1
1
0
-1
0
0
0
0
0
0
0
0
0
0
0
1
0
1
0
0
0
0
0
-1
0
1
0
0
-1
0
-1
0
0
-1
0
0
0
0
0
0
0
0
0
0
0
0
0
0
0
0
0
0
0
0
0
0
0
0
0
0
0
0
0
0
0
0
0
-1
0
0
0
0
0
0
0
-1
0
0
0
0
0
0
0
0
0
0
0
0
0
0
0
0
0
0
0
0
0
0
1
-1
0
0
0
0
0
0
0
1
0
0
0
0
0
-1
0
0
0
0
0
0
0
0
0
0
-1
-1
-1
-1
0
-1
0
0
0
0
0
0
-1
-1
0
-1
0
0
0
-1
0
0
0
0
0
0
0
1
0
0
0
0
0
0
0
0
0
0
1
1
0
0
0
0
0
0
0
0
0
0
0
1
0
0
0
0
0
1
1
0
0
0
0
0
-1
0
0
0
0
0
0
1
0
0
1
0
0
0
1
0
0
1
0
1
1
0
0
0
0
0
0
0
0
0
0
1
0
1
1
-1
0
0
0
0
0
0
0
0
0
0
0
1
0
0
1
0
0
0
1
0
0
0
-1
0
0
0
0
0
0
0
0
0
0
1
0
0
0
-1
-1
0
0
0
0
0
0
0
0
0
0
-1
0
1
0
0
0
0
0
0
0
-1
0
1
0
0
0
0
-1
0
-1
-1
0
0
0
0
1
0
0
0
0
0
0
0
0
1
1
0
1
-1
0
0
0
0
0
0
0
0
0
0
0
0
0
0
0
0
0
0
0
0
0
0
0
0
0
0
0
0
-1
1
0
1
0
0
1
0
0
0
0
0
1
-1
0
0
0
0
0
1
0
0
-1
0
0
0
0
1
0
0
1
-1
-1
0
0
0
0
0
0
0
0
0
0
0
-1
0
0
0
1
0
0
0
0
1
0
-1
-1
0
0
0
-1
0
0
0
0
0
-1
0
0
0
0
-1
0
0
0
0
0
0
0
0
0
0
0
0
0
0
-1
0
0
0
0
0
0
0
0
0
1
0
-1
0
0
0
0
0
0
0
0
0
0
0
0
0
0
0
0
0
0
0
-1
0
0
0
0
0
0
0
0
0
0
0
0
0
1
0
0
0
0
0
0
0
1
0
0
0
1
1
0
0
0
-1
1
1
0
0
0
0
0
0
0
1
0
0
0
1
0
0
0
0
0
-1
0
0
0
0
0
0
0
0
0
0
-1
-1
-1
0
0
0
0
-1
0
0
0
0
0
0
0
0
0
1
0
1
0
0
0
0
0
0
1
-1
0
1
-1
0
0
0
0
0
0
0
-1
0
0
0
-1
0
-1
0
0
0
0
0
-1
0
0
0
0
0
0
-1
0
0
0
0
0
0
0
0
-1
-1
0
0
0
0
0
1
0
0
0
0
0
-1
0
0
0
0
0
0
0
0
0
1
0
1
0
0
1
-1
1
0
0
0
-1
-1
0
0
0
-1
0
-1
0
0
0
-1
0
0
0
0
1
0
0
0
0
0
0
1
0
1
0
0
0
0
0
0
1
0
0
0
1
1
0
0
0
0
0
0
0
0
-1
1
0
0
0
0
0
0
0
1
0
0
-1
0
0
0
-1
-1
0
0
1
0
-1
0
0
0
0
0
0
-1
-1
0
0
-1
1
0
1
0
0
0
0
0
0
1
0
0
0
-1
0
0
0
0
0
1
-1
0
0
0
0
0
0
0
0
0
1
0
0
0
0
0
0
-1
0
0
-1
0
0
-1
0
0
0
0
0
0
0
0
1
0
0
-1
1
0
0
-1
-1
0
0
0
1
-1
0
0
0
-1
1
0
0
0
1
-1
0
0
0
0
0
0
0
0
0
0
0
-1
0
0
0
0
0
0
0
0
0
0
1
-1
0
0
-1
1
0
0
0
0
0
0
0
0
0
0
0
0
0
0
-1
0
0
0
0
0
0
0
-1
0
0
0
-1
0
0
-1
-1
0
0
0
0
0
1
1
-1
0
-1
0
0
0
0
0
0
0
0
1
0
0
0
0
-1
1
0
0
1
0
0
0
0
0
1
1
0
0
0
0
0
-1
0
-1
1
0
1
0
0
1
0
0
1
0
0
0
1
-1
-1
1
0
0
0
-1
0
0
1
0
0
0
0
0
0
-1
0
0
0
-1
0
0
1
1
-1
0
0
0
0
0
0
0
0
0
-1
1
0
0
1
0
0
0
0
1
-1
0
0
0
0
-1
1
0
0
-1
0
0
0
0
0
-1
0
-1
1
0
0
1
0
0
0
0
0
0
0
0
-1
0
0
0
1
0
1
0
0
0
0
-1
0
0
1
1
0
0
0
-1
-1
0
0
0
-1
0
0
1
0
1
0
0
1
0
0
1
0
0
0
0
0
0
0
0
0
0
0
-1
1
0
0
0
0
0
0
0
0
0
0
-1
0
-1
0
0
0
0
0
-1
0
0
0
1
0
0
0
0
0
0
0
0
0
-1
1
1
-1
0
0
0
0
0
0
0
0
0
0
0
0
0
-1
0
0
0
0
0
0
0
0
-1
0
0
0
0
-1
0
-1
0
0
0
0
0
-1
0
0
-1
0
0
0
1
0
0
0
0
0
0
1
0
0
0
0
0
1
0
0
0
1
1
0
0
0
0
0
0
0
0
1
1
1
0
0
-1
0
0
0
-1
-1
0
0
0
0
0
0
0
0
0
0
0
0
0
0
0
0
0
0
0
0
0
1
1
1
0
-1
0
0
0
0
0
0
1
-1
-1
0
0
0
0
0
1
0
-1
0
0
0
0
0
0
0
0
-1
0
0
0
0
1
0
0
0
0
0
-1
1
1
0
0
0
0
1
0
0
0
0
0
0
0
0
0
0
0
0
1
0
0
0
0
0
0
1
0
0
0
0
0
0
0
0
0
0
1
0
-1
0
0
0
0
-1
0
0
0
0
0
0
-1
0
0
-1
0
0
0
-1
1
0
0
0
0
0
0
0
0
0
0
0
0
0
-1
0
-1
0
0
0
0
0
0
0
0
0
1
0
0
0
0
0
0
0
0
0
0
0
1
0
0
0
0
0
0
0
0
0
-1
0
0
1
0
0
0
0
0
0
0
1
0
0
0
0
0
0
-1
0
1
0
0
0
0
0
0
0
0
-1
0
0
0
0
0
0
0
0
1
0
-1
0
1
0
0
-1
0
0
0
0
-1
0
0
0
0
1
0
0
0
0
0
0
0
0
-1
0
0
0
0
0
0
0
0
0
1
0
0
0
0
0
1
0
0
1
0
1
-1
0
0
0
0
0
0
0
0
-1
0
-1
-1
0
0
0
0
0
0
0
0
0
0
-1
0
-1
0
0
0
0
0
0
-1
0
0
0
0
0
0
0
0
0
0
0
0
0
0
0
0
0
1
1
0
-1
0
0
0
0
0
0
0
0
0
0
0
0
0
0
0
0
1
0
0
0
0
0
1
0
0
0
0
0
0
0
-1
-1
0
0
0
0
0
-1
-1
0
0
0
-1
1
0
0
-1
0
0
0
0
0
0
0
0
0
0
0
0
0
0
0
0
1
0
0
-1
0
0
0
0
0
0
1
0
0
-1
-1
0
0
0
0
-1
0
0
0
0
0
1
0
0
1
0
1
0
0
0
0
0
0
-1
0
0
0
0
0
0
1
0
0
0
0
0
0
-1
-1
0
-1
0
0
0
0
0
0
0
0
0
0
0
0
0
0
-1
0
0
0
0
1
0
0
0
0
0
0
0
0
0
0
-1
1
-1
0
0
0
0
0
0
0
0
1
0
1
0
0
0
1
-1
0
0
0
0
0
0
0
0
0
0
-1
0
0
0
0
1
1
0
1
0
0
0
0
0
0
0
0
0
0
-1
-1
-1
-1
0
0
0
0
0
-1
0
0
0
0
0
-1
0
-1
0
1
0
0
1
0
0
-1
0
-1
0
0
0
-1
0
1
-1
0
0
0
0
-1
0
1
0
-1
1
1
0
1
-1
0
0
1
0
0
-1
1
0
0
1
0
0
0
0
1
0
0
0
0
1
0
-1
0
-1
0
1
0
1
-1
0
1
0
0
0
0
0
-1
0
0
0
0
0
0
0
0
0
0
-1
0
1
0
1
0
-1
0
0
1
0
0
0
0
0
0
-1
0
-1
0
0
0
0
0
0
0
1
0
1
0
0
0
0
0
-1
0
0
0
0
0
-1
0
0
0
0
0
0
1
0
0
0
0
1
0
0
0
0
0
0
0
0
0
-1
0
1
0
0
0
0
0
0
0
0
0
0
0
0
0
0
0
-1
1
0
0
0
-1
0
0
0
1
0
0
0
-1
0
0
0
0
1
1
0
1
0
0
-1
0
-1
0
0
0
0
0
0
0
0
0
0
0
0
0
1
0
0
0
0
0
0
0
0
0
0
0
0
0
0
0
0
0
0
1
0
0
0
1
0
0
0
0
0
0
0
0
1
1
0
0
1
0
0
0
0
0
1
0
0
-1
1
0
-1
-1
0
0
0
0
0
1
0
1
0
0
0
1
0
-1
0
-1
0
0
-1
0
0
0
-1
0
0
0
0
0
0
0
0
1
-1
0
0
0
0
-1
0
0
0
0
0
1
0
0
0
0
0
0
0
0
1
1
0
0
0
0
0
0
0
0
0
1
0
-1
0
0
0
0
0
0
0
0
0
0
1
0
1
1
1
0
0
0
0
0
0
0
0
0
0
0
0
-1
0
0
0
-1
0
-1
0
0
0
0
0
0
0
-1
1
0
1
0
0
0
0
1
1
0
-1
0
1
-1
0
0
0
0
0
0
0
0
0
0
0
0
0
1
-1
0
0
0
0
0
0
0
-1
0
-1
0
0
0
0
0
-1
0
1
0
0
0
1
0
0
0
0
0
0
0
0
0
0
0
0
0
0
1
0
1
0
-1
-1
-1
0
0
0
0
0
0
0
-1
0
0
1
-1
0
1
0
0
0
0
0
0
0
-1
0
0
0
0
0
0
0
0
0
0
0
0
0
0
0
0
0
0
0
0
0
0
1
0
1
0
0
0
1
0
0
-1
1
0
-1
0
0
-1
0
0
0
0
-1
0
0
0
0
1
0
0
0
1
0
0
1
-1
0
0
0
0
0
0
-1
0
1
0
0
0
1
-1
0
0
0
-1
0
0
0
-1
0
1
0
-1
0
0
-1
-1
0
0
0
0
-1
-1
-1
0
0
0
0
0
0
0
0
0
1
0
-1
0
1
0
1
0
0
0
-1
0
0
0
0
0
0
-1
1
0
0
0
0
1
0
0
0
-1
0
1
0
0
0
0
0
0
0
0
0
0
-1
1
-1
0
1
0
0
0
0
0
0
0
0
0
0
0
0
0
0
0
1
0
0
0
0
-1
1
0
0
0
0
0
0
0
0
0
0
0
0
-1
0
0
0
-1
0
0
1
1
0
0
0
0
-1
0
1
0
-1
0
0
0
0
-1
0
0
0
0
0
-1
-1
0
0
0
0
1
0
0
0
0
-1
0
0
0
0
0
0
0
0
1
0
-1
0
0
-1
0
0
0
0
0
0
0
0
0
0
0
1
0
0
0
0
-1
-1
0
-1
0
0
0
-1
0
0
0
0
1
1
-1
0
0
-1
-1
0
0
-1
0
0
-1
0
0
-1
1
-1
0
0
-1
0
0
0
0
0
0
0
1
0
0
-1
1
1
0
0
0
0
0
0
0
0
0
1
0
0
0
0
0
0
-1
0
0
-1
0
0
1
0
0
1
0
0
0
1
0
0
0
0
0
0
1
-1
0
0
0
1
0
-1
0
0
0
0
0
-1
0
0
0
0
1
0
0
1
0
0
0
1
0
0
0
0
0
1
0
0
0
0
0
0
0
1
0
0
0
0
-1
0
0
-1
-1
0
-1
0
0
0
1
1
0
0
0
-1
1
0
0
0
0
1
0
1
0
0
1
1
0
0
0
0
0
-1
0
0
0
-1
0
0
1
0
0
0
0
1
0
1
0
0
0
0
-1
0
0
0
0
0
-1
0
0
0
1
1
0
0
-1
0
0
1
0
0
-1
1
0
0
0
0
-1
0
0
0
0
0
0
0
0
0
0
0
1
0
0
0
-1
0
1
0
0
1
-1
0
-1
-1
0
0
0
0
0
0
0
0
-1
0
-1
1
0
1
1
0
0
0
0
0
0
0
0
0
0
0
0
0
0
1
0
-1
0
0
0
0
0
0
-1
0
0
-1
0
0
0
0
0
0
0
1
1
0
0
0
0
0
0
0
-1
0
0
0
0
0
0
-1
-1
0
0
0
0
0
1
0
1
-1
0
0
-1
0
0
0
1
0
0
0
0
0
0
0
1
0
1
0
0
0
-1
-1
0
0
0
0
1
0
-1
0
0
0
0
1
0
-1
0
0
0
0
0
1
0
0
0
0
0
0
0
0
0
0
1
0
0
0
0
0
0
0
0
0
0
0
0
0
-1
-1
0
0
0
0
0
0
-1
0
0
-1
0
0
0
0
0
0
0
0
0
0
0
0
0
0
0
0
0
-1
0
0
1
0
0
-1
1
0
0
0
0
0
0
0
0
0
0
-1
1
0
0
-1
0
0
0
1
0
-1
0
0
0
0
0
0
0
1
-1
0
-1
0
-1
-1
0
0
0
1
0
0
0
0
0
1
0
-1
-1
0
0
0
0
0
0
0
-1
0
-1
0
1
0
0
0
0
1
0
0
0
0
0
-1
-1
0
0
0
0
-1
0
1
0
1
0
0
0
0
-1
0
0
0
-1
0
0
0
0
0
0
0
0
-1
0
0
0
1
0
1
0
-1
0
1
0
0
-1
0
0
0
0
0
0
1
0
1
0
0
0
0
0
1
0
1
0
0
0
1
0
0
0
0
0
-1
0
0
0
0
0
0
0
0
0
-1
0
0
0
0
0
0
0
0
0
0
1
0
1
0
0
1
0
0
1
0
0
1
0
0
1
0
0
0
0
0
0
0
0
0
0
0
1
0
0
-1
0
0
-1
0
-1
0
0
1
1
0
0
0
-1
0
0
0
0
0
0
1
0
0
-1
0
0
0
0
-1
0
1
0
0
0
0
0
-1
0
0
0
0
0
0
0
1
0
0
0
0
0
-1
0
0
0
0
0
1
0
0
0
0
0
0
0
1
0
-1
0
-1
1
0
0
0
0
-1
0
-1
0
0
0
0
-1
1
0
0
0
1
0
-1
0
1
1
0
-1
0
0
0
0
0
0
0
0
-1
0
0
0
0
1
-1
0
0
-1
0
0
0
0
0
1
1
0
0
0
-1
-1
0
0
0
1
0
0
0
0
0
0
1
0
0
-1
0
0
1
0
0
0
0
0
1
0
0
-1
0
0
0
0
0
0
0
0
1
0
0
0
0
0
0
0
0
1
0
0
0
0
0
0
-1
0
0
0
0
1
0
0
1
0
0
0
1
-1
0
-1
0
0
0
1
0
0
0
0
0
0
1
0
0
0
0
0
0
0
0
0
-1
0
0
0
1
0
0
0
1
0
0
0
0
0
0
0
0
0
0
1
0
1
0
-1
0
0
-1
0
0
0
-1
0
0
0
-1
0
-1
1
-1
1
0
0
0
0
0
1
0
1
0
0
0
0
0
0
0
0
0
0
0
1
0
0
-1
0
0
0
0
0
0
0
0
0
0
-1
0
0
1
0
0
-1
0
0
0
0
0
0
0
0
-1
0
1
0
0
0
0
1
0
0
0
0
0
-1
0
0
-1
0
0
0
0
0
0
0
0
0
0
0
1
1
1
1
0
0
-1
1
0
0
0
0
0
0
0
0
0
0
0
0
1
0
0
1
0
1
0
0
1
0
0
0
0
1
0
0
-1
0
0
1
1
0
0
-1
0
-1
-1
0
0
0
1
1
0
-1
0
1
0
0
0
0
1
0
1
-1
0
1
0
0
0
-1
0
0
0
1
0
-1
0
-1
-1
0
0
1
0
0
0
1
1
0
0
1
1
-1
0
-1
0
0
0
1
0
0
0
0
-1
0
0
-1
0
0
-1
-1
1
0
0
0
0
-1
0
1
0
0
0
-1
1
0
1
0
1
-1
0
0
0
-1
0
0
0
0
0
0
0
0
0
0
0
0
0
0
0
0
0
1
0
0
0
0
1
0
0
0
0
0
0
0
0
0
0
0
0
0
0
0
0
0
0
0
0
1
0
0
0
0
-1
0
0
1
0
0
0
0
0
-1
0
0
0
0
0
0
-1
0
0
-1
0
0
0
-1
0
0
0
0
-1
0
0
0
0
0
0
0
0
0
0
0
0
0
0
0
-1
0
0
0
-1
0
-1
0
-1
0
0
0
0
1
0
0
0
0
-1
1
0
0
0
0
0
1
0
0
0
0
0
0
1
0
0
0