33
-123
11
203
248
231
95
-68
-64
24
29
3
-53
-108
-127
-230
-258
-212
-206
-68
57
-71
-240
-257
-203
-17
202
143
-85
-175
-91
5
105
215
232
206
192
90
-24
24
153
241
250
119
-55
-110
-91
-51
72
135
15
-115
-167
-168
-114
-86
-78
-62
-131
-189
-142
-127
-116
-41
-9
-6
36
65
46
0
-44
-36
50
160
217
213
163
75
34
81
104
77
70
49
37
70
26
-99
-157
-106
2
68
24
-71
-142
-156
-81
0
-8
-68
-77
-35
2
10
-15
-5
59
83
88
119
101
70
95
88
47
43
61
61
23
-15
-8
-9
-61
-100
-94
-117
-175
-179
-113
-52
-69
-162
-205
-147
-80
5
115
125
46
28
47
24
27
106
149
111
75
57
42
40
42
74
102
51
-27
-69
-100
-81
-13
50
77
48
-15
-36
-32
-30
11
54
8
-69
-84
-64
-49
-11
33
15
-19
1
7
-34
-40
5
37
33
-2
-35
-11
50
69
60
49
-26
-78
16
97
36
-6
1
-57
-112
-56
40
79
70
53
-2
-104
-120
-15
61
66
49
-25
-121
-129
-48
53
129
111
17
-41
-75
-97
-20
70
55
28
33
-10
-60
-44
8
50
62
55
35
-10
-49
-59
-48
4
73
71
36
0
-56
-69
-10
35
37
46
51
0
-67
-70
-33
11
66
67
-1
-58
-78
-88
-60
-8
-10
-50
-71
-87
-83
-30
14
1
-17
-6
27
49
55
71
73
50
35
35
52
92
120
103
45
1
7
17
12
29
23
-38
-78
-70
-50
-7
18
-17
-62
-83
-81
-55
-37
-44
-56
-69
-81
-73
-38
0
16
11
5
8
20
29
52
86
90
69
68
85
86
98
122
109
60
35
46
50
44
28
1
-29
-48
-66
-72
-58
-53
-75
-104
-124
-149
-151
-104
-62
-78
-110
-95
-44
3
26
19
-19
-43
15
106
155
146
103
59
49
65
96
123
145
156
133
76
7
-42
-32
21
58
47
-19
-96
-135
-134
-107
-74
-62
-82
-127
-164
-173
-157
-111
-55
-16
-3
-22
-48
-33
17
75
121
121
88
71
96
138
154
132
107
86
57
37
35
30
40
51
16
-41
-70
-75
-55
-26
-25
-45
-69
-93
-90
-58
-39
-41
-53
-64
-46
-14
0
-6
-16
-16
11
45
46
40
56
64
55
57
71
84
93
88
53
4
-20
-6
17
29
17
-25
-74
-102
-99
-72
-38
-29
-49
-73
-80
-84
-72
-35
4
25
32
18
-14
-32
2
60
94
89
65
33
9
15
37
40
33
41
48
28
-6
-25
-28
-22
-9
6
0
-17
-26
-26
-39
-50
-36
-7
7
1
-13
-28
-39
-39
-24
6
36
41
18
-8
-10
10
41
56
48
32
17
13
22
33
27
3
-21
-28
-21
-8
1
-4
-24
-44
-53
-46
-34
-19
-4
4
-4
-21
-21
-3
8
13
28
34
17
2
7
12
7
11
32
43
37
20
-11
-34
-25
9
35
35
16
-5
-20
-26
-33
-32
-8
19
14
-11
-30
-45
-48
-24
5
24
26
8
-5
-6
-8
2
21
30
36
30
10
-1
4
14
26
25
1
-17
-4
5
-8
-19
-17
-18
-24
-13
2
2
-14
-20
-13
-10
-11
0
15
9
-5
-9
-8
-5
6
24
22
0
-17
-12
6
14
13
18
13
-7
-13
-6
5
14
15
8
-8
-20
-12
1
12
15
-2
-21
-23
-14
-3
2
2
1
0
-1
-1
-3
1
8
18
22
7
-11
-13
1
21
29
24
8
-7
-11
-2
12
19
11
1
-7
-18
-18
-9
-1
6
4
-8
-22
-29
-22
-8
-2
-5
-13
-15
-10
-4
0
4
9
8
6
7
15
21
23
20
15
10
7
9
18
24
17
0
-18
-23
-13
6
11
0
-19
-27
-24
-13
-8
-3
1
3
-4
-15
-20
-13
4
17
14
0
-15
-13
0
16
20
11
-3
-7
-3
8
14
12
4
3
7
6
-3
-10
-7
4
8
3
-11
-19
-15
-1
6
3
-6
-10
-5
2
1
-4
-3
4
14
14
2
-6
-3
12
20
19
3
-6
-4
7
15
12
5
-1
1
4
3
2
1
2
5
6
4
-3
-9
-9
-4
0
-3
-5
-4
-1
-4
-11
-18
-13
-2
3
-1
-6
-9
-11
-11
-1
4
4
0
-2
-6
-8
-8
-7
-1
3
1
-5
-10
-13
-9
0
7
3
-1
1
4
4
4
8
12
13
17
20
16
6
6
17
23
19
17
14
5
-2
0
3
5
3
-1
-4
-10
-18
-19
-9
-9
-11
-14
-12
-15
-18
-15
-9
-3
1
4
5
3
-1
1
8
15
19
19
19
14
7
5
7
9
9
8
2
-9
-16
-17
-15
-15
-14
-16
-19
-21
-26
-29
-28
-22
-13
-4
-4
-8
-10
-8
0
10
16
20
21
22
21
22
24
31
39
43
39
27
19
16
20
25
27
22
8
-5
-11
-10
-7
-8
-12
-19
-27
-36
-40
-35
-26
-22
-22
-27
-31
-29
-16
-4
0
-1
-1
1
3
10
17
22
25
24
17
10
16
21
20
15
11
3
-2
-2
-2
-8
-13
-15
-19
-23
-23
-22
-24
-25
-22
-18
-19
-21
-19
-9
2
5
4
5
10
18
28
34
32
29
30
37
40
39
35
31
27
24
18
13
10
5
-3
-9
-16
-20
-23
-24
-25
-28
-32
-34
-33
-31
-28
-27
-25
-23
-16
-9
-4
-2
-3
-2
2
9
14
16
18
17
14
12
12
15
15
15
11
5
-1
-4
-6
-6
-6
-11
-13
-14
-13
-12
-12
-17
-16
-10
0
5
3
-1
-1
6
14
21
24
27
28
30
27
23
23
26
30
28
20
9
3
3
5
8
1
-11
-19
-22
-23
-22
-20
-20
-23
-30
-35
-34
-27
-20
-16
-16
-18
-18
-13
-7
-1
3
6
8
5
3
6
13
19
21
17
12
7
6
9
12
12
7
1
-2
-2
-4
-5
-6
-4
-4
-5
-7
-8
-6
-3
1
1
1
3
7
10
11
12
14
16
18
19
19
17
14
15
13
13
10
7
5
2
-2
-5
-5
-7
-8
-10
-13
-17
-21
-21
-20
-18
-18
-19
-20
-20
-18
-16
-12
-10
-8
-7
-5
-3
-2
1
4
6
8
8
7
7
9
12
11
12
11
9
8
9
9
8
7
4
3
2
3
2
2
2
2
0
1
1
2
3
3
3
3
2
2
4
6
7
7
6
4
3
4
4
6
3
1
-1
-2
-2
-1
-1
-3
-5
-7
-9
-11
-13
-11
-10
-10
-10
-12
-12
-11
-9
-7
-6
-5
-5
-3
-1
0
0
1
0
3
5
6
7
7
7
7
7
9
9
10
9
9
6
7
6
4
6
5
4
1
0
0
2
3
2
1
0
2
2
3
4
2
1
2
3
2
2
1
-1
0
0
0
-1
-1
-1
-2
-4
-5
-5
-4
-5
-6
-7
-10
-10
-8
-7
-6
-6
-6
-6
-6
-5
-3
-1
-1
0
1
-1
0
2
3
4
4
4
3
4
6
5
5
5
5
3
4
3
2
2
2
2
3
4
2
0
0
1
2
2
2
2
3
3
2
3
1
3
4
4
2
1
0
1
2
2
1
0
-1
-1
-1
-1
-2
-3
-3
-4
-5
-4
-4
-4
-5
-5
-6
-6
-5
-6
-2
-2
0
-1
0
1
-1
0
0
0
1
2
0
2
2
2
2
3
4
3
3
2
2
3
2
2
3
2
2
3
1
0
1
2
2
1
0
0
2
1
1
0
1
0
0
-2
-1
1
1
1
1
1
2
1
-1
-1
-1
-1
-1
-2
-2
-2
-2
-2
-2
-4
-2
-2
-2
-1
-2
-1
0
0
1
1
1
1
2
1
1
0
0
1
2
1
1
0
-1
0
1
1
0
0
-1
1
0
0
0
0
0
0
0
0
0
0
0
0
-1
-1
-1
0
1
2
3
2
1
0
0
0
0
2
2
2
2
1
1
0
0
0
0
1
0
-1
-1
-1
-1
0
0
0
-1
-2
-2
0
1
1
2
2
0
2
2
0
1
1
1
1
0
0
1
1
2
3
4
2
1
0
-1
-1
-1
1
1
1
1
0
0
0
0
0
0
-1
-1
-1
0
0
0
0
-1
0
0
0
0
0
0
0
0
0
1
0
1
0
0
0
0
0
0
1
-1
0
1
-1
0
0
0
0
0
0
0
-1
0
0
0
-1
0
-1
0
0
0
0
0
-1
0
0
0
0
0
0
-1
0
0
0
0
0
0
0
0
-1
-1
0
0
0
0
0
1
0
0
0
0
0
-1
0
0
0
0
0
0
0
0
0
1
0
1
0
0
1
-1
1
0
0
0
-1
-1
0
0
0
-1
0
-1
0
0
0
-1
0
0
0
0
1
0
0
0
0
0
0
1
0
1
0
0
0
0
0
0
1
0
0
0
1
1
0
0
0
0
0
0
0
0
-1
1
0
0
0
0
0
0
0
1
0
0
-1
0
0
0
-1
-1
0
0
1
0
-1
0
0
0
0
0
0
-1
-1
0
0
-1
1
0
1
0
0
0
0
0
0
1
0
0
0
-1
0
0
0
0
0
1
-1
0
0
0
0
0
0
0
0
0
1
0
0
0
0
0
0
-1
0
0
-1
0
0
-1
0
0
0
0
0
0
0
0
1
0
0
-1
1
0
0
-1
-1
0
0
0
1
-1
0
0
0
-1
1
0
0
0
1
-1
0
0
0
0
0
0
0
0
0
0
0
-1
0
0
0
0
0
0
0
0
0
0
1
-1
0
0
-1
1
0
0
0
0
0
0
0
0
0
0
0
0
0
0
-1
0
0
0
0
0
0
0
-1
0
0
0
-1
0
0
-1
-1
0
0
0
0
0
1
1
-1
0
-1
0
0
0
0
0
0
0
0
1
0
0
0
0
-1
1
0
0
1
0
0
0
0
0
1
1
0
0
0
0
0
-1
0
-1
1
0
1
0
0
1
0
0
1
0
0
0
1
-1
-1
1
0
0
0
-1
0
0
1
0
0
0
0
0
0
-1
0
0
0
-1
0
0
1
1
-1
0
0
0
0
0
0
0
0
0
-1
1
0
0
1
0
0
0
0
1
-1
0
0
0
0
-1
1
0
0
-1
0
0
0
0
0
-1
0
-1
1
0
0
1
0
0
0
0
0
0
0
0
-1
0
0
0
1
0
1
0
0
0
0
-1
0
0
1
1
0
0
0
-1
-1
0
0
0
-1
0
0
1
0
1
0
0
1
0
0
1
0
0
0
0
0
0
0
0
0
0
0
-1
1
0
0
0
0
0
0
0
0
0
0
-1
0
-1
0
0
0
0
0
-1
0
0
0
1
0
0
0
0
0
0
0
0
0
-1
1
1
-1
0
0
0
0
0
0
0
0
0
0
0
0
0
-1
0
0
0
0
0
0
0
0
-1
0
0
0
0
-1
0
-1
0
0
0
0
0
-1
0
0
-1
0
0
0
1
0
0
0
0
0
0
1
0
0
0
0
0
1
0
0
0
1
1
0
0
0
0
0
0
0
0
1
1
1
0
0
-1
0
0
0
-1
-1
0
0
0
0
0
0
0
0
0
0
0
0
0
0
0
0
0
0
0
0
0
1
1
1
0
-1
0
0
0
0
0
0
1
-1
-1
0
0
0
0
0
1
0
-1
0
0
0
0
0
0
0
0
-1
0
0
0
0
1
0
0
0
0
0
-1
1
1
0
0
0
0
1
0
0
0
0
0
0
0
0
0
0
0
0
1
0
0
0
0
0
0
1
0
0
0
0
0
0
0
0
0
0
1
0
-1
0
0
0
0
-1
0
0
0
0
0
0
-1
0
0
-1
0
0
0
-1
1
0
0
0
0
0
0
0
0
0
0
0
0
0
-1
0
-1
0
0
0
0
0
0
0
0
0
1
0
0
0
0
0
0
0
0
0
0
0
1
0
0
0
0
0
0
0
0
0
-1
0
0
1
0
0
0
0
0
0
0
1
0
0
0
0
0
0
-1
0
1
0
0
0
0
0
0
0
0
-1
0
0
0
0
0
0
0
0
1
0
-1
0
1
0
0
-1
0
0
0
0
-1
0
0
0
0
1
0
0
0
0
0
0
0
0
-1
0
0
0
0
0
0
0
0
0
1
0
0
0
0
0
1
0
0
1
0
1
-1
0
0
0
0
0
0
0
0
-1
0
-1
-1
0
0
0
0
0
0
0
0
0
0
-1
0
-1
0
0
0
0
0
0
-1
0
0
0
0
0
0
0
0
0
0
0
0
0
0
0
0
0
1
1
0
-1
0
0
0
0
0
0
0
0
0
0
0
0
0
0
0
0
1
0
0
0
0
0
1
0
0
0
0
0
0
0
-1
-1
0
0
0
0
0
-1
-1
0
0
0
-1
1
0
0
-1
0
0
0
0
0
0
0
0
0
0
0
0
0
0
0
0
1
0
0
-1
0
0
0
0
0
0
1
0
0
-1
-1
0
0
0
0
-1
0
0
0
0
0
1
0
0
1
0
1
0
0
0
0
0
0
-1
0
0
0
0
0
0
1
0
0
0
0
0
0
-1
-1
0
-1
0
0
0
0
0
0
0
0
0
0
0
0
0
0
-1
0
0
0
0
1
0
0
0
0
0
0
0
0
0
0
-1
1
-1
0
0
0
0
0
0
0
0
1
0
1
0
0
0
1
-1
0
0
0
0
0
0
0
0
0
0
-1
0
0
0
0
1
1
0
1
0
0
0
0
0
0
0
0
0
0
-1
-1
-1
-1
0
0
0
0
0
-1
0
0
0
0
0
-1
0
-1
0
1
0
0
1
0
0
-1
0
-1
0
0
0
-1
0
1
-1
0
0
0
0
-1
0
1
0
-1
1
1
0
1
-1
0
0
1
0
0
-1
1
0
0
1
0
0
0
0
1
0
0
0
0
1
0
-1
0
-1
0
1
0
1
-1
0
1
0
0
0
0
0
-1
0
0
0
0
0
0
0
0
0
0
-1
0
1
0
1
0
-1
0
0
1
0
0
0
0
0
0
-1
0
-1
0
0
0
0
0
0
0
1
0
1
0
0
0
0
0
-1
0
0
0
0
0
-1
0
0
0
0
0
0
1
0
0
0
0
1
0
0
0
0
0
0
0
0
0
-1
0
1
0
0
0
0
0
0
0
0
0
0
0
0
0
0
0
-1
1
0
0
0
-1
0
0
0
1
0
0
0
-1
0
0
0
0
1
1
0
1
0
0
-1
0
-1
0
0
0
0
0
0
0
0
0
0
0
0
0
1
0
0
0
0
0
0
0
0
0
0
0
0
0
0
0
0
0
0
1
0
0
0
1
0
0
0
0
0
0
0
0
1
1
0
0
1
0
0
0
0
0
1
0
0
-1
1
0
-1
-1
0
0
0
0
0
1
0
1
0
0
0
1
0
-1
0
-1
0
0
-1
0
0
0
-1
0
0
0
0
0
0
0
0
1
-1
0
0
0
0
-1
0
0
0
0
0
1
0
0
0
0
0
0
0
0
1
1
0
0
0
0
0
0
0
0
0
1
0
-1
0
0
0
0
0
0
0
0
0
0
1
0
1
1
1
0
0
0
0
0
0
0
0
0
0
0
0
-1
0
0
0
-1
0
-1
0
0
0
0
0
0
0
-1
1
0
1
0
0
0
0
1
1
0
-1
0
1
-1
0
0
0
0
0
0
0
0
0
0
0
0
0
1
-1
0
0
0
0
0
0
0
-1
0
-1
0
0
0
0
0
-1
0
1
0
0
0
1
0
0
0
0
0
0
0
0
0
0
0
0
0
0
1
0
1
0
-1
-1
-1
0
0
0
0
0
0
0
-1
0
0
1
-1
0
1
0
0
0
0
0
0
0
-1
0
0
0
0
0
0
0
0
0
0
0
0
0
0
0
0
0
0
0
0
0
0
1
0
1
0
0
0
1
0
0
-1
1
0
-1
0
0
-1
0
0
0
0
-1
0
0
0
0
1
0
0
0
1
0
0
1
-1
0
0
0
0
0
0
-1
0
1
0
0
0
1
-1
0
0
0
-1
0
0
0
-1
0
1
0
-1
0
0
-1
-1
0
0
0
0
-1
-1
-1
0
0
0
0
0
0
0
0
0
1
0
-1
0
1
0
1
0
0
0
-1
0
0
0
0
0
0
-1
1
0
0
0
0
1
0
0
0
-1
0
1
0
0
0
0
0
0
0
0
0
0
-1
1
-1
0
1
0
0
0
0
0
0
0
0
0
0
0
0
0
0
0
1
0
0
0
0
-1
1
0
0
0
0
0
0
0
0
0
0
0
0
-1
0
0
0
-1
0
0
1
1
0
0
0
0
-1
0
1
0
-1
0
0
0
0
-1
0
0
0
0
0
-1
-1
0
0
0
0
1
0
0
0
0
-1
0
0
0
0
0
0
0
0
1
0
-1
0
0
-1
0
0
0
0
0
0
0
0
0
0
0
1
0
0
0
0
-1
-1
0
-1
0
0
0
-1
0
0
0
0
1
1
-1
0
0
-1
-1
0
0
-1
0
0
-1
0
0
-1
1
-1
0
0
-1
0
0
0
0
0
0
0
1
0
0
-1
1
1
0
0
0
0
0
0
0
0
0
1
0
0
0
0
0
0
-1
0
0
-1
0
0
1
0
0
1
0
0
0
1
0
0
0
0
0
0
1
-1
0
0
0
1
0
-1
0
0
0
0
0
-1
0
0
0
0
1
0
0
1
0
0
0
1
0
0
0
0
0
1
0
0
0
0
0
0
0
1
0
0
0
0
-1
0
0
-1
-1
0
-1
0
0
0
1
1
0
0
0
-1
1
0
0
0
0
1
0
1
0
0
1
1
0
0
0
0
0
-1
0
0
0
-1
0
0
1
0
0
0
0
1
0
1
0
0
0
0
-1
0
0
0
0
0
-1
0
0
0
1
1
0
0
-1
0
0
1
0
0
-1
1
0
0
0
0
-1
0
0
0
0
0
0
0
0
0
0
0
1
0
0
0
-1
0
1
0
0
1
-1
0
-1
-1
0
0
0
0
0
0
0
0
-1
0
-1
1
0
1
1
0
0
0
0
0
0
0
0
0
0
0
0
0
0
1
0
-1
0
0
0
0
0
0
-1
0
0
-1
0
0
0
0
0
0
0
1
1
0
0
0
0
0
0
0
-1
0
0
0
0
0
0
-1
-1
0
0
0
0
0
1
0
1
-1
0
0
-1
0
0
0
1
0
0
0
0
0
0
0
1
0
1
0
0
0
-1
-1
0
0
0
0
1
0
-1
0
0
0
0
1
0
-1
0
0
0
0
0
1
0
0
0
0
0
0
0
0
0
0
1
0
0
0
0
0
0
0
0
0
0
0
0
0
-1
-1
0
0
0
0
0
0
-1
0
0
-1
0
0
0
0
0
0
0
0
0
0
0
0
0
0
0
0
0
-1
0
0
1
0
0
-1
1
0
0
0
0
0
0
0
0
0
0
-1
1
0
0
-1
0
0
0
1
0
-1
0
0
0
0
0
0
0
1
-1
0
-1
0
-1
-1
0
0
0
1
0
0
0
0
0
1
0
-1
-1
0
0
0
0
0
0
0
-1
0
-1
0
1
0
0
0
0
1
0
0
0
0
0
-1
-1
0
0
0
0
-1
0
1
0
1
0
0
0
0
-1
0
0
0
-1
0
0
0
0
0
0
0
0
-1
0
0
0
1
0
1
0
-1
0
1
0
0
-1
0
0
0
0
0
0
1
0
1
0
0
0
0
0
1
0
1
0
0
0
1
0
0
0
0
0
-1
0
0
0
0
0
0
0
0
0
-1
0
0
0
0
0
0
0
0
0
0
1
0
1
0
0
1
0
0
1
0
0
1
0
0
1
0
0
0
0
0
0
0
0
0
0
0
1
0
0
-1
0
0
-1
0
-1
0
0
1
1
0
0
0
-1
0
0
0
0
0
0
1
0
0
-1
0
0
0
0
-1
0
1
0
0
0
0
0
-1
0
0
0
0
0
0
0
1
0
0
0
0
0
-1
0
0
0
0
0
1
0
0
0
0
0
0
0
1
0
-1
0
-1
1
0
0
0
0
-1
0
-1
0
0
0
0
-1
1
0
0
0
1
0
-1
0
1
1
0
-1
0
0
0
0
0
0
0
0
-1
0
0
0
0
1
-1
0
0
-1
0
0
0
0
0
1
1
0
0
0
-1
-1
0
0
0
1
0
0
0
0
0
0
1
0
0
-1
0
0
1
0
0
0
0
0
1
0
0
-1
0
0
0
0
0
0
0
0
1
0
0
0
0
0
0
0
0
1
0
0
0
0
0
0
-1
0
0
0
0
1
0
0
1
0
0
0
1
-1
0
-1
0
0
0
1
0
0
0
0
0
0
1
0
0
0
0
0
0
0
0
0
-1
0
0
0
1
0
0
0
1
0
0
0
0
0
0
0
0
0
0
1
0
1
0
-1
0
0
-1
0
0
0
-1
0
0
0
-1
0
-1
1
-1
1
0
0
0
0
0
1
0
1
0
0
0
0
0
0
0
0
0
0
0
1
0
0
-1
0
0
0
0
0
0
0
0
0
0
-1
0
0
1
0
0
-1
0
0
0
0
0
0
0
0
-1
0
1
0
0
0
0
1
0
0
0
0
0
-1
0
0
-1
0
0
0
0
0
0
0
0
0
0
0
1
1
1
1
0
0
-1
1
0
0
0
0
0
0
0
0
0
0
0
0
1
0
0
1
0
1
0
0
1
0
0
0
0
1
0
0
-1
0
0
1
1
0
0
-1
0
-1
-1
0
0
0
1
1
0
-1
0
1
0
0
0
0
1
0
1
-1
0
1
0
0
0
-1
0
0
0
1
0
-1
0
-1
-1
0
0
1
0
0
0
1
1
0
0
1
1
-1
0
-1
0
0
0
1
0
0
0
0
-1
0
0
-1
0
0
-1
-1
1
0
0
0
0
-1
0
1
0
0
0
-1
1
0
1
0
1
-1
0
0
0
-1
0
0
0
0
0
0
0
0
0
0
0
0
0
0
0
0
0
1
0
0
0
0
1
0
0
0
0
0
0
0
0
0
0
0
0
0
0
0
0
0
0
0
0
1
0
0
0
0
-1
0
0
1
0
0
0
0
0
-1
0
0
0
0
0
0
-1
0
0
-1
0
0
0
-1
0
0
0
0
-1
0
0
0
0
0
0
0
0
0
0
0
0
0
0
0
-1
0
0
0
-1
0
-1
0
-1
0
0
0
0
1
0
0
0
0
-1
1
0
0
0
0
0
1
0
0
0
0
0
0
1
0
0
0
0
-1
0
-1
0
0
0
0
0
0
0
0
0
0
0
0
0
0
0
0
0
1
0
1
1
0
1
0
0
0
0
0
1
0
1
0
0
0
1
0
0
-1
0
0
1
0
-1
0
0
0
0
-1
-1
1
0
0
1
0
0
1
0
0
0
-1
1
0
0
0
0
0
0
-1
0
0
0
0
0
0
0
0
0
0
0
0
0
0
0
0
0
0
0
0
-1
0
-1
0
-1
0
0
0
0
0
-1
0
-1
1
0
0
0
0
0
-1
0
-1
0
-1
0
0
0
0
-1
0
-1
0
1
0
0
0
0
0
0
1
0
0
0
0
0
0
-1
0
0
0
0
0
0
0
0
1
0
1
1
0
0
0
0
0
0
0
0
0
0
1
0
1
0
0
0
0
0
0
0
1
0
0
0
1
0
1
1
0
0
0
0
-1
0
0
1
0
0
0
0
0
0
0
0
0
0
0
0
0
-1
0
0
0
0
0
0
0
0
0
-1
0
1
0
0
0
0
0
0
0
-1
1
0
0
0
1
0
1
0
0
0
0
0
0
0
-1
0
1
0
0
0
1
0
0
0
0
-1
1
1
0
0
1
0
0
0
0
0
0
0
0
-1
0
0
0
0
1
0
0
0
0
0
0
-1
-1
1
0
0
1
0
0
-1
0
-1
1
0
1
0
0
0
0
1
-1
0
0
0
0
0
0
0
0
0
0
0
0
0
0
-1
0
0
0
0
1
0
0
0
0
0
0
0
0
-1
0
0
0
-1
0
0
1
0
-1
0
0
0
0
1
1
1
0
0
-1
0
0
-1
0
0
0
0
-1
0
0
0
0
0
0
1
0
0
0
0
0
1
0
0
0
0
0
0
0
-1
1
-1
0
-1
0
0
0
0
-1
0
0
0
0
0
0
0
0
0
1
0
0
0
0
0
0
0
0
0
0
0
0
0
0
-1
0
0
0
1
0
0
0
0
-1
0
-1
0
1
0
0
1
0
0
0
0
0
0
0
0
0
0
1
-1
0
-1
0
0
-1
0
0
0
0
-1
0
0
0
0
0
1
0
0
0
0
0
0
0
-1
0
0
0
0
0
0
-1
0
0
0
0
0
0
-1
0
-1
0
0
0
0
1
0
0
0
0
0
0
0
0
0
0
0
0
1
0
0
0
0
1
0
-1
0
1
0
0
0
0
0
0
0
-1
-1
0
0
0
1
0
-1
0
0
-1
0
0
0
-1
0
0
1
0
0
0
0
0
0
1
0
0
0
0
1
0
0
0
1
1
0
0
0
0
0
0
1
0
1
0
0
0
1
0
0
0
-1
1
1
0
-1
0
0
0
0
0
0
0
0
0
0
0
1
0
1
0
0
0
0
0
-1
0
1
0
0
-1
0
-1
0
0
-1
0
0
0
0
0
0
0
0
0
0
0
0
0
0
0
0
0
0
0
0
0
0
0
0
0
0
0
0
0
0
0
0
0
-1
0
0
0
0
0
0
0
-1
0
0
0
0
0
0
0
0
0
0
0
0
0
0
0
0
0
0
0
0
0
0
1
-1
0
0
0
0
0
0
0
1
0
0
0
0
0
-1
0
0
0
0
0
0
0
0
0
0
-1
-1
-1
-1
0
-1
0
0
0
0
0
0
-1
-1
0
-1
0
0
0
-1
0
0
0
0
0
0
0
1
0
0
0
0
0
0
0
0
0
0
1
1
0
0
0
0
0
0
0
0
0
0
0
1
0
0
0
0
0
1
1
0
0
0
0
0
-1
0
0
0
0
0
0
1
0
0
1
0
0
0
1
0
0
1
0
1
1
0
0
0
0
0
0
0
0
0
0
1
0
1
1
-1
0
0
0
0
0
0
0
0
0
0
0
1
0
0
1
0
0
0
1
0
0
0
-1
0
0
0
0
0
0
0
0
0
0
1
0
0
0
-1
-1
0
0
0
0
0
0
0
0
0
0
-1
0
1
0
0
0
0
0
0
0
-1
0
1
0
0
0
0
-1
0
-1
-1
0
0
0
0
1
0
0
0
0
0
0
0
0
1
1
0
1
-1
0
0
0
0
0
0
0
0
0
0
0
0
0
0
0
0
0
0
0
0
0
0
0
0
0
0
0
0
-1
1
0
1
0
0
1
0
0
0
0
0
1
-1
0
0
0
0
0
1
0
0
-1
0
0
0
0
1
0
0
1
-1
-1
0
0
0
0
0
0
0
0
0
0
0
-1
0
0
0
1
0
0
0
0
1
0
-1
-1
0
0
0
-1
0
0
0
0
0
-1
0
0
0
0
-1
0
0
0
0
0
0
0
0
0
0
0
0
0
0
-1
0
0
0
0
0
0
0
0
0
1
0
-1
0
0
0
0
0
0
0
0
0
0
0
0
0
0
0
0
0
0
0
-1
0
0
0
0
0
0
0
0
0
0
0
0
0
1
0
0
0
0
0
0
0
1
0
0
0
1
1
0
0
0
-1
1
1
0
0
0
0
0
0
0
1
0
0
0
1
0
0
0
0
0
-1
0
0
0
0
0
0
0
0
0
0
-1
-1
-1
0
0
0
0
-1
0
0
0
0
0
0
0
0
0
1
0
1
0
0
0
0
0
0
1
-1
0
1
-1
0
0
0
0
0
0
0
-1
0
0
0
-1
0
-1
0
0
0
0
0
-1
0
0
0
0
0
0
-1
0
0
0
0
0
0
0
0
-1
-1
0
0
0
0
0
1
0
0
0
0
0
-1
0
0
0
0
0
0
0
0
0
1
0
1
0
0
1
-1
1
0
0
0
-1
-1
0
0
0
-1
0
-1
0
0
0
-1
0
0
0
0
1
0
0
0
0
0
0
1
0
1
0
0
0
0
0
0
1
0
0
0
1
1
0
0
0
0
0
0
0
0
-1
1
0
0
0
0
0
0
0
1
0
0
-1
0
0
0
-1
-1
0
0
1
0
-1
0
0
0
0
0
0
-1
-1
0
0
-1
1
0
1
0
0
0
0
0
0
1
0
0
0
-1
0
0
0
0
0
1
-1
0
0
0
0
0
0
0
0
0
1
0
0
0
0
0
0
-1
0
0
-1
0
0
-1
0
0
0
0
0
0
0
0
1
0
0
-1
1
0
0
-1
-1
0
0
0
1
-1
0
0
0
-1
1
0
0
0
1
-1
0
0
0
0
0
0
0
0
0
0
0
-1
0
0
0
0
0
0
0
0
0
0
1
-1
0
0
-1
1
0
0
0
0
0
0
0
0
0
0
0
0
0
0
-1
0
0
0
0
0
0
0
-1
0
0
0
-1
0
0
-1
-1
0
0
0
0
0
1
1
-1
0
-1
0
0
0
0
0
0
0
0
1
0
0
0
0
-1
1
0
0
1
0
0
0
0
0
1
1
0
0
0
0
0
-1
0
-1
1
0
1
0
0
1
0
0
1
0
0
0
1
-1
-1
1
0
0
0
-1
0
0
1
0
0
0
0
0
0
-1
0
0
0
-1
0
0
1
1
-1
0
0
0
0
0
0
0
0
0
-1
1
0
0
1
0
0
0
0
1
-1
0
0
0
0
-1
1
0
0
-1
0
0
0
0
0
-1
0
-1
1
0
0
1
0
0
0
0
0
0
0
0
-1
0
0
0
1
0
1
0
0
0
0
-1
0
0
1
1
0
0
0
-1
-1
0
0
0
-1
0
0
1
0
1
0
0
1
0
0
1
0
0
0
0
0
0
0
0
0
0
0
-1
1
0
0
0
0
0
0
0
0
0
0
-1
0
-1
0
0
0
0
0
-1
0
0
0
1
0
0
0
0
0
0
0
0
0
-1
1
1
-1
0
0
0
0
0
0
0
0
0
0
0
0
0
-1
0
0
0
0
0
0
0
0
-1
0
0
0
0
-1
0
-1
0
0
0
0
0
-1
0
0
-1
0
0
0
1
0
0
0
0
0
0
1
0
0
0
0
0
1
0
0
0
1
1
0
0
0
0
0
0
0
0
1
1
1
0
0
-1
0
0
0
-1
-1
0
0
0
0
0
0
0
0
0
0
0
0
0
0
0
0
0
0
0
0
0
1
1
1
0
-1
0
0
0
0
0
0
1
-1
-1
0
0
0
0
0
1
0
-1
0
0
0
0
0
0
0
0
-1
0
0
0
0
1
0
0
0
0
0
-1
1
1
0
0
0
0
1
0
0
0
0
0
0
0
0
0
0
0
0
1
0
0
0
0
0
0
1
0
0
0
0
0
0
0
0
0
0
1
0
-1
0
0
0
0
-1
0
0
0
0
0
0
-1
0
0
-1
0
0
0
-1
1
0
0
0
0
0
0
0
0
0
0
0
0
0
-1
0
-1
0
0
0
0
0
0
0
0
0
1
0
0
0
0
0
0
0
0
0
0
0
1
0
0
0
0
0
0
0
0
0
-1
0
0
1
0
0
0
0
0
0
0
1
0
0
0
0
0
0
-1
0
1
0
0
0
0
0
0
0
0
-1
0
0
0
0
0
0
0
0
1
0
-1
0
1
0
0
-1
0
0
0
0
-1
0
0
0
0
1
0
0
0
0
0
0
0
0
-1
0
0
0
0
0
0
0
0
0
1
0
0
0
0
0
1
0
0
1
0
1
-1
0
0
0
0
0
0
0
0
-1
0
-1
-1
0
0
0
0
0
0
0
0
0
0
-1
0
-1
0
0
0
0
0
0
-1
0
0
0
0
0
0
0
0
0
0
0
0
0
0
0
0
0
1
1
0
-1
0
0
0
0
0
0
0
0
0
0
0
0
0
0
0
0
1
0
0
0
0
0
1
0
0
0
0
0
0
0
-1
-1
0
0
0
0
0
-1
-1
0
0
0
-1
1
0
0
-1
0
0
0
0
0
0
0
0
0
0
0
0
0
0
0
0
1
0
0
-1
0
0
0
0
0
0
1
0
0
-1
-1
0
0
0
0
-1
0
0
0
0
0
1
0
0
1
0
1
0
0
0
0
0
0
-1
0
0
0
0
0
0
1
0
0
0
0
0
0
-1
-1
0
-1
0
0
0
0
0
0
0
0
0
0
0
0
0
0
-1
0
0
0
0
1
0
0
0
0
0
0
0
0
0
0
-1
1
-1
0
0
0
0
0
0
0
0
1
0
1
0
0
0
1
-1
0
0
0
0
0
0
0
0
0
0
-1
0
0
0
0
1
1
0
1
0
0
0
0
0
0
0
0
0
0
-1
-1
-1
-1
0
0
0
0
0
-1
0
0
0
0
0
-1
0
-1
0
1
0
0
1
0
0
-1
0
-1
0
0
0
-1
0
1
-1
0
0
0
0
-1
0
1
0
-1
1
1
0
1
-1
0
0
1
0
0
-1
1
0
0
1
0
0
0
0
1
0
0
0
0
1
0
-1
0
-1
0
1
0
1
-1
0
1
0
0
0
0
0
-1
0
0
0
0
0
0
0
0
0
0
-1
0
1
0
1
0
-1
0
0
1
0
0
0
0
0
0
-1
0
-1
0
0
0
0
0
0
0
1
0
1
0
0
0
0
0
-1
0
0
0
0
0
-1
0
0
0
0
0
0
1
0
0
0
0
1
0
0
0
0
0
0
0
0
0
-1
0
1
0
0
0
0
0
0
0
0
0
0
0
0
0
0
0
-1
1
0
0
0
-1
0
0
0
1
0
0
0
-1
0
0
0
0
1
1
0
1
0
0
-1
0
-1
0
0
0
0
0
0
0
0
0
0
0
0
0
1
0
0
0
0
0
0
0
0
0
0
0
0
0
0
0
0
0
0
1
0
0
0
1
0
0
0
0
0
0
0
0
1
1
0
0
1
0
0
0
0
0
1
0
0
-1
1
0
-1
-1
0
0
0
0
0
1
0
1
0
0
0
1
0
-1
0
-1
0
0
-1
0
0
0
-1
0
0
0
0
0
0
0
0
1
-1
0
0
0
0
-1
0
0
0
0
0
1
0
0
0
0
0
0
0
0
1
1
0
0
0
0
0
0
0
0
0
1
0
-1
0
0
0
0
0
0
0
0
0
0
1
0
1
1
1
0
0
0
0
0
0
0
0
0
0
0
0
-1
0
0
0
-1
0
-1
0
0
0
0
0
0
0
-1
1
0
1
0
0
0
0
1
1
0
-1
0
1
-1
0
0
0
0
0
0
0
0
0
0
0
0
0
1
-1
0
0
0
0
0
0
0
-1
0
-1
0
0
0
0
0
-1
0
1
0
0
0
1
0
0
0
0
0
0
0
0
0
0
0
0
0
0
1
0
1
0
-1
-1
-1
0
0
0
0
0
0
0
-1
0
0
1
-1
0
1
0
0
0
0
0
0
0
-1
0
0
0
0
0
0
0
0
0
0
0
0
0
0
0
0
0
0
0
0
0
0
1
0
1
0
0
0
1
0
0
-1
1
0
-1
0
0
-1
0
0
0
0
-1
0
0
0
0
1
0
0
0
1
0
0
1
-1
0
0
0
0
0
0
-1
0
1
0
0
0
1
-1
0
0
0
-1
0
0
0
-1
0
1
0
-1
0
0
-1
-1
0
0
0
0
-1
-1
-1
0
0
0
0
0
0
0
0
0
1
0
-1
0
1
0
1
0
0
0
-1
0
0
0
0
0
0
-1
1
0
0
0
0
1
0
0
0
-1
0
1
0
0
0
0
0
0
0
0
0
0
-1
1
-1
0
1
0
0
0
0
0
0
0
0
0
0
0
0
0
0
0
1
0
0
0
0
-1
1
0
0
0
0
0
0
0
0
0
0
0
0
-1
0
0
0
-1
0
0
1
1
0
0
0
0
-1
0
1
0
-1
0
0
0
0
-1
0
0
0
0
0
-1
-1
0
0
0
0
1
0
0
0
0
-1
0
0
0
0
0
0
0
0
1
0
-1
0
0
-1
0
0
0
0
0
0
0
0
0
0
0
1
0
0
0
0
-1
-1
0
-1
0
0
0
-1
0
0
0
0
1
1
-1
0
0
-1
-1
0
0
-1
0
0
-1
0
0
-1
1
-1
0
0
-1
0
0
0
0
0
0
0
1
0
0
-1
1
1
0
0
0
0
0
0
0
0
0
1
0
0
0
0
0
0
-1
0
0
-1
0
0
1
0
0
1
0
0
0
1
0
0
0
0
0
0
1
-1
0
0
0
1
0
-1
0
0
0
0
0
-1
0
0
0
0
1
0
0
1
0
0
0
1
0
0
0
0
0
1
0
0
0
0
0
0
0
1
0
0
0
0
-1
0
0
-1
-1
0
-1
0
0
0
1
1
0
0
0
-1
1
0
0
0
0
1
0
1
0
0
1
1
0
0
0
0
0
-1
0
0
0
-1
0
0
1
0
0
0
0
1
0
1
0
0
0
0
-1
0
0
0
0
0
-1
0
0
0
1
1
0
0
-1
0
0
1
0
0
-1
1
0
0
0
0
-1
0
0
0
0
0
0
0
0
0
0
0
1
0
0
0
-1
0
1
0
0
1
-1
0
-1
-1
0
0
0
0
0
0
0
0
-1
0
-1
1
0
1
1
0
0
0
0
0
0
0
0
0
0
0
0
0
0
1
0
-1
0
0
0
0
0
0
-1
0
0
-1
0
0
0
0
0
0
0
1
1
0
0
0
0
0
0
0
-1
0
0
0
0
0
0
-1
-1
0
0
0
0
0
1
0
1
-1
0
0
-1
0
0
0
1
0
0
0
0
0
0
0
1
0
1
0
0
0
-1
-1
0
0
0
0
1
0
-1
0
0
0
0
1
0
-1
0
0
0
0
0
1
0
0
0
0
0
0
0
0
0
0
1
0
0
0
0
0
0
0
0
0
0
0
0
0
-1
-1
0
0
0
0
0
0
-1
0
0
-1
0
0
0
0
0
0
0
0
0
0
0
0
0
0
0
0
0
-1
0
0
1
0
0
-1
1
0
0
0
0
0
0
0
0
0
0
-1
1
0
0
-1
0
0
0
1
0
-1
0
0
0
0
0
0
0
1
-1
0
-1
0
-1
-1
0
0
0
1
0
0
0
0
0
1
0
-1
-1
0
0
0
0
0
0
0
-1
0
-1
0
1
0
0
0
0
1
0
0
0
0
0
-1
-1
0
0
0
0
-1
0
1
0
1
0
0
0
0
-1
0
0
0
-1
0
0
0
0
0
0
0
0
-1
0
0
0
1
0
1
0
-1
0
1
0
0
-1
0
0
0
0
0
0
1
0
1
0
0
0
0
0
1
0
1
0
0
0
1
0
0
0
0
0
-1
0
0
0
0
0
0
0
0
0
-1
0
0
0
0
0
0
0
0
0
0
1
0
1
0
0
1
0
0
1
0
0
1
0
0
1
0
0
0
0
0
0
0
0
0
0
0
1
0
0
-1
0
0
-1
0
-1
0
0
1
1
0
0
0
-1
0
0
0
0
0
0
1
0
0
-1
0
0
0
0
-1
0
1
0
0
0
0
0
-1
0
0
0
0
0
0
0
1
0
0
0
0
0
-1
0
0
0
0
0
1
0
-1
0
0
0
0
0
1
0
-1
1
1
3
1
1
0
0
-1
0
0
2
1
1
0
-2
-1
-1
-1
0
2
1
0
1
2
1
1
0
1
1
1
1
1
0
0
0
-1
0
0
0
0
1
-1
0
0
-1
0
0
0
0
0
1
1
0
0
0
-1
-1
0
0
0
1
0
0
0
0
0
0
1
0
0
-1
0
0
1
0
0
0
0
0
1
0
0
-1
0
0
0
0
0
0
0
0
1
0
0
0
0
0
0
0
0
1
0
0
0
0
0
0
-1
0
0
0
0
1
0
0
1
0
0
0
1
-1
0
-1
0
0
0
1
0
0
0
0
0
0
1
0
0
0
0
0
0
0
0
0
-1
0
0
0
1
0
0
0
1
0
0
0
0
0
0
0
0
0
0
1
0
1
0
-1
0
0
-1
0
0
0
-1
0
0
0
-1
0
-1
1
-1
1
0
0
0
0
0
1
0
1
0
0
0
0
0
0
0
0
0
0
0
1
0
0
-1
0
0
0
0
0
0
0
0
0
0
-1
0
0
1
0
0
-1
0
0
0
0
0
0
0
0
-1
0
1
0
0
0
0
1
0
0
0
0
0
-1
0
0
-1
0
0
0
0
0
0
0
0
0
0
0
1
1
1
1
0
0
-1
1
0
0
0
0
0
0
0
0
0
0
0
0
1
0
0
1
0
1
0
0
1
0
0
0
0
1
0
0
-1
0
0
1
1
0
0
-1
0
-1
-1
0
0
0
1
1
0
-1
0
1
0
0
0
0
1
0
1
-1
0
1
0
0
0
-1
0
0
0
1
0
-1
0
-1
-1
0
0
1
0
0
0
1
1
0
0
1
1
-1
0
-1
0
0
0
1
0
0
0
0
-1
0
0
-1
0
0
-1
-1
1
0
0
0
0
-1
0
1
0
0
0
-1
1
0
1
0
1
-1
0
0
0
-1
0
0
0
0
0
0
0
0
0
0
0
0
0
0
0
0
0
1
0
0
0
0
1
0
0
0
0
0
0
0
0
0
0
0
0
0
0
0
0
0
0
0
0
1
0
0
0
0
-1
0
0
1
0
0
0
0
0
-1
0
0
0
0
0
0
-1
0
0
-1
0
0
0
-1
0
0
0
0
-1
0
0
0
0
0
0
0
0
0
0
0
0
0
0
0
-1
0
0
0
-1
0
-1
0
-1
0
0
0
0
1
0
0
0
0
-1
1
0
0
0
0
0
1
0
0
0
0
0
0
1
0
0
0
0
-1
0
-1
0
0
0
0
0
0
0
0
0
0
0
0
0
0
0
0
0
1
0
1
1
0
1
0
0
0
0
0
1
0
1
0
0
0
1
0
0
-1
0
0
1
0
-1
0
0
0
0
-1
-1
1
0
0
1
0
0
1
0
0
0
-1
1
0
0
0
0
0
0
-1
0
0
0
0
0
0
0
0
0
0
0
0
0
0
0
0
0
0
0
0
-1
0
-1
0
-1
0
0
0
0
0
-1
0
-1
1
0
0
0
0
0
-1
0
-1
0
-1
0
0
0
0
-1
0
-1
0
1
0
0
0
0
0
0
1
0
0
0
0
0
0
-1
0
0
0
0
0
0
0
0
1
0
1
1
0
0
0
0
0
0
0
0
0
0
1
0
1
0
0
0
0
0
0
0
1
0
0
0
1
0
1
1
0
0
0
0
-1
0
0
1
0
0
0
0
0
0
0
0
0
0
0
0
0
-1
0
0
0
0
0
0
0
0
0
-1
0
1
0
0
0
0
0
1
1
-1
1
-1
-1
-2
0
0
1
1
1
0
0
0
0
1
0
1
2
1
1
1
2
2
3
3
3
2
2
1
0
0
1
0
-1
-1
-1
-1
-1
0
1
0
1
0
-1
-1
0
-2
-2
-2
-2
-1
-1
-2
-2
1
2
4
6
6
6
5
4
4
8
8
8
4
1
-1
-2
-1
-1
1
-1
-6
-8
-6
-3
-3
-6
-11
-17
-19
-17
-13
-10
-12
-11
-10
-8
-6
-2
2
6
8
6
3
1
-2
-3
-7
-11
-16
-17
-13
-4
3
9
8
7
10
20
35
45
45
36
23
13
6
5
10
12
11
9
5
3
6
13
21
24
23
24
25
24
21
14
10
8
7
5
6
-1
-10
-18
-17
-10
-3
0
-6
-12
-19
-21
-25
-27
-27
-24
-28
-40
-49
-44
-24
-5
-2
-13
-24
-26
-21
-15
-18
-23
-26
-24
-19
-16
-12
-6
5
19
29
32
26
19
14
14
12
7
1
-5
-6
-5
-8
-11
-1
14
25
29
26
25
29
34
40
40
35
27
24
29
35
33
23
17
16
25
32
34
27
12
0
-5
-6
-13
-30
-44
-48
-38
-24
-16
-19
-32
-41
-40
-32
-22
-18
-18
-20
-18
-22
-35
-49
-53
-44
-26
-8
-2
-7
-17
-26
-27
-20
-8
2
16
27
23
2
-19
-27
-18
-1
18
32
29
7
-13
-9
13
32
35
25
12
3
-1
-3
-3
-7
-10
1
17
25
30
26
7
-19
-34
-32
-27
-26
-35
-58
-72
-61
-46
-40
-31
-14
5
21
29
28
23
26
32
31
26
30
35
32
29
27
22
14
13
22
34
50
60
66
65
58
47
38
33
32
33
35
33
29
24
22
21
22
27
32
30
29
31
36
46
53
59
67
63
44
34
28
4
-22
-19
-14
-35
-48
-34
-35
-66
-74
-64
-81
-121
-132
-116
-126
-155
-156
-126
-103
-100
-89
-63
-29
-16
-38
-57
-36
-15
-43
-69
-33
8
0
-12
9
22
9
-2
-10
-36
-68
-84
-73
-46
-43
-101
-174
-182
-136
-115
-128
-142
-188
-283
-336
-300
-274
-342
-497
-708
-799
-440
321
844
633
-29
-427
-149
606
1225
1240
751
262
181
540
1052
1350
1235
841
476
372
526
729
714
358
-171
-559
-614
-433
-193
110
572
1044
1200
895
442
315
722
1400
1728
1305
478
5
248
884
1245
855
-132
-1205
-2015
-2467
-2929
-4416
-7521
-11003
-12025
-8225
-881
4133
1924
-4759
-8317
-5039
2671
10194
13145
9464
2350
-1665
688
6726
11489
11878
7788
1671
-2718
-3085
-719
1224
1016
-1320
-5090
-8548
-9688
-8527
-6387
-3511
-206
1396
-228
-3470
-5282
-3812
830
6363
9131
7071
2032
-1816
-1519
2716
7808
9696
6629
1180
-2324
-2214
-104
1939
2726
1530
-1296
-3892
-4704
-3965
-2689
-1460
-771
-1063
-1995
-2831
-3258
-2913
-1224
1216
2571
1940
348
-729
-565
877
2901
4130
3640
1850
-15
-898
-401
996
1973
1460
-262
-2007
-2894
-2686
-1603
-435
-208
-1130
-2336
-2885
-2516
-1412
-2
1005
1126
651
312
515
1251
2349
3349
3579
2823
1662
894
836
1267
1670
1466
439
-980
-2053
-2345
-1971
-1435
-1293
-1774
-2610
-3227
-3164
-2439
-1482
-743
-437
-511
-666
-494
158
1036
1766
2095
1937
1435
1000
994
1363
1697
1601
1015
263
-268
-530
-689
-711
-583
-648
-1133
-1714
-1970
-1848
-1493
-1073
-781
-713
-763
-727
-437
118
771
1313
1587
1528
1281
1165
1364
1777
2124
2099
1599
908
524
622
857
835
464
-107
-618
-826
-756
-622
-547
-639
-917
-1044
-650
71
677
1012
1164
1338
1700
2014
2038
2049
2202
2161
1846
1569
1416
1210
802
174
-472
-1056
-1841
-2904
-4176
-5954
-8217
-10230
-11575
-11608
-8382
-2036
2099
-592
-6425
-7658
-2414
5071
10859
12612
9028
3027
944
4963
10805
13875
12891
8299
2074
-1923
-1464
1190
2301
758
-2604
-6881
-10307
-10682
-8414
-5975
-4128
-2466
-2117
-3817
-5594
-5465
-3426
249
4713
7013
5151
1481
-163
1364
5031
8885
9859
6471
1695
-463
349
2219
3734
3649
1305
-1977
-4170
-4431
-3205
-1732
-1252
-1950
-3209
-4330
-4661
-4140
-3230
-1953
-513
-59
-837
-1328
-596
726
2073
3183
3406
2591
1561
930
784
1385
2410
2457
968
-744
-1606
-1901
-1847
-1370
-1114
-1663
-2595
-3308
-3507
-2895
-1645
-622
-363
-601
-762
-325
866
2347
3415
3674
3197
2484
2142
2379
2869
3078
2618
1511
212
-708
-975
-768
-566
-784
-1487
-2340
-2876
-2809
-2178
-1315
-652
-402
-428
-470
-310
239
1142
1947
2209
1981
1608
1389
1548
2091
2552
2398
1736
1076
654
465
510
595
396
-57
-450
-683
-778
-664
-434
-339
-315
-134
27
-87
-204
64
570
998
1286
1268
656
-309
-1062
-1631
-2346
-3070
-3885
-5713
-8534
-9923
-7503
-2566
718
-114
-3341
-5318
-3909
552
5860
8770
7273
3083
411
1707
5721
9347
10068
7349
3031
-9
-321
1185
2510
2129
-297
-3645
-6009
-6316
-5129
-3668
-2633
-2211
-2390
-2951
-3564
-3820
-3120
-1139
1315
2631
1989
192
-1007
-226
2375
4993
5684
4158
1864
583
1083
2719
4019
3808
2058
-113
-1335
-1044
102
867
427
-1113
-2848
-3720
-3355
-2385
-1851
-2174
-2980
-3689
-3841
-3250
-2064
-758
243
758
824
478
2
279
1813
3727
4168
2949
1531
854
1198
2101
2864
2613
1244
-337
-1457
-1501
-689
47
-10
-932
-2113
-2693
-2127
-811
264
493
127
-382
-413
172
1004
1672
1619
1240
1183
1495
1624
1253
1033
1027
1077
1079
630
-52
-425
-156
236
228
149
-20
-158
-29
332
751
848
694
428
158
17
69
431
773
588
-70
-582
-638
-628
-1123
-2341
-4086
-5965
-7112
-6542
-4541
-2950
-3184
-4845
-6216
-5207
-1282
2870
4006
2555
1279
1387
2824
5381
7603
7627
5733
3946
3397
3707
4220
4315
3337
1336
-847
-2271
-2561
-2368
-2582
-3249
-3922
-4219
-4002
-3691
-3845
-4134
-3843
-3037
-2215
-1575
-1313
-1477
-1346
-177
1625
2932
2991
2175
1892
2765
3735
3979
3860
3513
2663
1760
1598
1969
2183
2094
1478
227
-792
-1002
-966
-1121
-1414
-1937
-2624
-2902
-2643
-2330
-1915
-1293
-930
-711
-264
10
-18
181
741
1321
1695
1882
1940
1813
1610
1647
1896
2061
1904
1378
795
461
348
436
540
464
424
538
656
720
656
616
826
1125
1225
1028
606
82
-390
-583
-618
-873
-1507
-2566
-3873
-5183
-6571
-7980
-8840
-8217
-6063
-4158
-3848
-4222
-4034
-3003
-959
2146
5071
5938
4857
3878
4243
5754
7587
8610
8153
6359
4015
2492
2527
3133
2868
1325
-1050
-3420
-4847
-5000
-4376
-3654
-3322
-3817
-5019
-5817
-5377
-4110
-2784
-1885
-1572
-1521
-1379
-956
114
1768
3018
3250
3053
3075
3507
4405
5220
5240
4667
3954
3129
2362
2043
1971
1451
499
-368
-1161
-1799
-2076
-2450
-3096
-3460
-3459
-3576
-3849
-3557
-2524
-1637
-1423
-1611
-1605
-899
197
1101
1742
2053
1979
1770
1748
2111
2642
2860
2546
1918
1457
1276
1252
1429
1479
919
26
-440
-228
152
319
318
151
137
600
1034
947
526
238
336
450
275
-8
-458
-1265
-2270
-3162
-3971
-5035
-6256
-7537
-8792
-8219
-4396
-443
-890
-4678
-6286
-3318
1682
5809
7459
5739
2183
592
2987
7394
10070
8967
5202
1668
474
1702
3878
4867
3116
-837
-4408
-5350
-3858
-2002
-1488
-2466
-3982
-4932
-4821
-3956
-3085
-2699
-2556
-2141
-1645
-1538
-1471
-815
357
1805
3169
3404
2209
1317
2330
4512
5946
5507
3534
1561
993
1827
3079
3634
2623
245
-2012
-2687
-1613
-100
-30
-1858
-3982
-4825
-4236
-2681
-1053
-579
-1361
-2198
-2206
-1218
537
2020
2164
1353
777
939
1669
2547
3018
2849
2311
1730
1296
1158
1228
1219
991
548
-100
-765
-1018
-644
-11
307
99
-380
-600
-117
858
1587
1621
1092
432
147
417
830
803
6
-1409
-2737
-3535
-4186
-5242
-7055
-9132
-8900
-4650
-306
-1269
-5818
-7642
-4822
-21
4268
6068
4148
489
-886
1796
6507
9505
8701
5250
1898
693
2158
4904
6189
4361
423
-3020
-3829
-2030
75
321
-1214
-3012
-3924
-3706
-2931
-2511
-2660
-2747
-2404
-1974
-1763
-1704
-1632
-1171
19
1289
1501
926
985
2091
3302
3774
3455
2921
2738
2875
3148
3543
3491
2334
768
15
152
571
643
-351
-2211
-3464
-3276
-2417
-1816
-1787
-2350
-3067
-3182
-2530
-1521
-458
303
213
-488
-584
489
1899
2658
2492
1675
949
1067
1915
2737
2894
2146
967
365
684
1315
1642
1413
754
365
757
1437
1695
1433
843
168
-240
-225
-30
-119
-824
-1944
-2965
-3812
-4721
-5726
-6999
-8514
-8545
-5170
-780
-797
-5442
-8273
-5499
-284
3675
5501
4380
766
-1331
1205
6361
9769
9045
5219
1698
1100
3083
5629
6711
4895
743
-2871
-3490
-1485
649
746
-1192
-3535
-4857
-4634
-3265
-2274
-2846
-4068
-4371
-3758
-3022
-2373
-1856
-1481
-818
294
1149
1330
1515
2420
3733
4598
4558
3964
3712
4228
4853
4914
4515
3717
2486
1501
1272
1193
664
-340
-1839
-3331
-3838
-3427
-3033
-2999
-3343
-4054
-4451
-3922
-2876
-1910
-1304
-1332
-1637
-1232
42
1357
2182
2510
2338
1865
1698
2298
3362
3974
3498
2292
1378
1412
2159
2838
2710
1628
380
-29
434
1051
1402
1196
145
-1126
-1546
-1157
-779
-754
-1215
-2310
-3612
-4578
-5215
-5471
-5533
-6603
-8503
-7884
-3405
-30
-2102
-5945
-5795
-2093
1717
4472
5438
3585
868
983
4410
8013
8920
7000
4163
2366
2486
4151
5650
5011
2144
-1004
-2519
-2014
-765
-545
-1662
-2882
-3462
-3604
-3480
-3407
-3840
-4274
-3860
-2988
-2558
-2542
-2569
-2499
-1801
-145
1379
1555
999
1108
2134
3565
4889
5383
4837
4204
4221
4544
4837
5048
4649
3252
1612
806
890
926
51
-1625
-3062
-3458
-3176
-3134
-3620
-4273
-4593
-4220
-3392
-2899
-2874
-2689
-2238
-1677
-657
635
1324
1460
1644
1788
1980
2743
3605
3637
2981
2414
2465
3183
3749
3330
2385
1720
1263
896
864
849
273
-664
-1363
-1776
-2188
-2605
-2906
-3306
-4132
-5292
-6360
-7259
-8250
-8319
-5513
-1245
-624
-4607
-7239
-4638
193
3732
5308
4288
1142
-631
1684
6569
9948
8875
4577
1429
1768
4139
6425
7049
4759
467
-2686
-2574
-42
1950
972
-2208
-4697
-4995
-3585
-1691
-1148
-2927
-5248
-5732
-4368
-2578
-1506
-1823
-3033
-3403
-2151
-467
460
773
1030
1564
2522
3445
3699
3741
4389
5173
5340
5280
5265
4704
3759
3421
3624
3312
2110
603
-520
-1068
-1356
-1769
-2417
-3246
-4081
-4615
-4693
-4425
-3951
-3474
-3323
-3508
-3442
-2557
-1140
-72
248
266
622
1541
2710
3577
3840
3674
3578
3949
4487
4497
4028
3677
3412
2922
2400
1917
1207
311
-633
-1524
-1867
-1769
-2431
-4041
-5249
-5719
-6388
-7352
-8318
-9342
-8909
-5261
-1368
-2402
-6941
-8125
-4018
1042
4124
5103
3362
-24
-646
3638
9015
10531
7659
3788
2204
3528
6159
8043
7639
4470
104
-2242
-771
2383
3230
561
-3079
-4840
-4162
-2292
-1074
-1915
-4412
-6234
-5628
-3563
-2290
-2569
-3561
-4249
-3811
-2135
-519
-136
-333
-14
775
1610
2305
2724
3174
3969
4540
4469
4405
4730
4915
4763
4601
4416
3944
3148
2221
1506
1122
638
-305
-1346
-2018
-2464
-2951
-3389
-3729
-4078
-4244
-4046
-3789
-3667
-3426
-3003
-2525
-1850
-1033
-433
-22
510
1182
1992
2953
3759
4142
4261
4351
4556
4783
4571
3812
3200
3046
2761
1943
930
124
-630
-1790
-3145
-3914
-4374
-5594
-7439
-9157
-10491
-9957
-6138
-2423
-3958
-8908
-10219
-5953
-576
2527
3258
1743
-1046
-1572
2479
8071
10096
7573
3953
2579
4015
6745
8688
8316
5455
1732
-195
1019
3564
4117
1648
-1548
-2873
-2158
-1004
-829
-2142
-4279
-5527
-4836
-3216
-2422
-3075
-4542
-5485
-4711
-2698
-1316
-1305
-1606
-1293
-478
502
1373
1922
2330
2817
3168
3337
3826
4678
5096
4764
4344
4258
4167
3848
3470
3065
2448
1580
681
86
-189
-602
-1396
-2183
-2642
-2979
-3300
-3398
-3414
-3666
-3872
-3561
-3014
-2794
-2681
-2141
-1359
-733
-196
375
927
1571
2462
3266
3646
3869
4161
4457
4676
4575
4106
3510
3007
2696
2237
1378
169
-1503
-2958
-3537
-4231
-5866
-8168
-10282
-10340
-7463
-4320
-4958
-8974
-10890
-8073
-3584
-382
929
260
-1937
-2929
595
6540
9127
7096
3848
2612
4266
7293
9590
9463
6474
2764
1149
2549
5264
6030
3440
-409
-2325
-1320
561
942
-785
-3793
-5953
-5483
-3295
-1931
-2748
-4881
-6370
-5832
-3524
-1522
-1510
-2670
-3194
-2225
-102
1814
2187
1275
819
1793
3471
4965
5494
4579
3424
3412
4273
5094
5009
3826
2496
1850
1880
2099
1885
978
-430
-1737
-2257
-1967
-1522
-1656
-2570
-3678
-4217
-3854
-2892
-2273
-2679
-3488
-3502
-2481
-1149
-202
106
-41
30
907
2257
3284
3743
3786
3638
3593
3870
4477
4957
4687
3798
2858
2199
1841
1293
153
-1400
-3209
-5046
-6462
-7450
-8067
-7724
-6362
-5846
-7708
-9920
-9281
-6191
-3473
-2154
-1786
-2508
-3547
-2376
1642
5333
5780
3989
2874
3684
5653
7529
8273
7315
5126
3269
3218
4750
5874
4908
2322
58
-511
392
1345
889
-1194
-3546
-4418
-3469
-2193
-2237
-3667
-5271
-5857
-4996
-3292
-2160
-2489
-3504
-3635
-2278
-291
973
966
488
818
2304
4046
4961
4680
3743
3328
4224
5710
6191
5146
3467
2226
2007
2654
3094
2322
667
-760
-1348
-1196
-851
-995
-1859
-3033
-3842
-3779
-2936
-2193
-2361
-3149
-3518
-2884
-1658
-684
-392
-566
-691
-312
692
1880
2563
2565
2337
2315
2673
3395
4043
3929
3050
2173
1747
1524
1153
272
-1376
-3198
-4336
-5255
-6557
-6624
-4188
-2403
-4997
-9237
-9168
-4840
-1500
-1182
-1941
-3055
-4410
-3519
883
5030
4737
1367
-443
1140
4231
6497
6876
5305
2864
1511
2397
4698
6192
5085
2022
-177
204
1946
2909
2036
-636
-3529
-4066
-1903
183
-180
-2618
-5116
-5890
-4388
-1870
-772
-2068
-4090
-4665
-3044
-397
1127
815
-123
-331
601
2208
3767
4514
4049
3186
3095
3913
4841
4901
3986
2851
2083
2009
2423
2353
1283
-139
-996
-1090
-880
-787
-1171
-2259
-3459
-3791
-3115
-2239
-2017
-2564
-3261
-3296
-2363
-1016
-146
-205
-823
-1045
-215
1351
2654
2969
2531
2054
2159
3082
4088
4214
3518
2615
2049
2072
2352
2285
1310
-365
-1509
-1703
-2140
-3749
-5796
-7029
-7162
-6130
-4215
-3692
-6136
-8857
-8152
-4375
-971
-85
-1293
-3231
-3944
-1606
2722
5330
4203
1399
335
2028
4931
6964
6786
4550
2161
1778
3670
5902
6143
3832
878
-131
1261
3025
3106
1214
-1492
-3268
-2831
-862
175
-1212
-3729
-5137
-4749
-3331
-1910
-1539
-2724
-4278
-4186
-2240
-310
225
-202
-534
-203
872
2329
3378
3416
2789
2561
3275
4231
4450
3906
3223
2686
2331
2390
2732
2542
1406
79
-520
-378
-119
-327
-1161
-2141
-2595
-2451
-2175
-2117
-2335
-2648
-2707
-2366
-1857
-1418
-1090
-817
-483
2
600
1177
1572
1710
1765
1937
2180
2441
2743
2862
2582
2182
1966
1740
1273
625
-225
-1325
-2451
-3491
-4605
-5475
-5331
-4373
-4029
-5032
-6360
-6626
-5460
-3365
-1463
-1147
-2541
-3614
-2382
462
2579
2878
2050
1175
1133
2471
4538
5578
4638
2814
1936
2607
3922
4551
3892
2488
1462
1461
2204
2832
2499
998
-749
-1383
-708
64
-148
-1297
-2687
-3567
-3368
-2311
-1549
-2003
-3196
-3794
-3215
-2114
-1325
-1028
-1031
-1110
-848
115
1404
2166
2140
1928
2144
2750
3352
3736
3779
3400
2881
2683
2759
2687
2408
2033
1385
522
-70
-194
-194
-519
-1212
-1901
-2248
-2122
-1847
-1877
-2121
-2332
-2417
-2134
-1580
-1226
-1151
-1127
-847
-140
601
977
1170
1379
1689
2178
2603
2741
2621
2343
2204
2349
2438
2163
1460
536
-176
-704
-1492
-2634
-3897
-5117
-5925
-5609
-4350
-3803
-4944
-6469
-6515
-4971
-3050
-1609
-1208
-2113
-3125
-2425
91
2486
2957
1878
862
822
2019
3971
5153
4495
2646
1275
1495
2904
4129
4078
2780
1389
1066
1922
3031
3157
1824
-74
-1010
-424
703
947
-162
-1892
-2998
-2750
-1606
-851
-1359
-2663
-3481
-3101
-1981
-1070
-918
-1396
-1834
-1486
-256
1040
1474
1067
748
1194
2156
2921
3075
2729
2301
2203
2530
2934
2936
2426
1743
1233
973
874
790
483
-179
-975
-1492
-1504
-1250
-1224
-1621
-2168
-2513
-2433
-1906
-1326
-1181
-1364
-1397
-1133
-595
285
1156
1374
1057
1033
1624
2313
2651
2696
2574
2329
2096
2034
2030
1763
1069
168
-615
-1277
-2007
-2884
-3989
-5234
-5830
-5097
-3932
-3936
-5107
-5944
-5499
-4070
-2411
-1355
-1524
-2459
-2577
-982
1153
2054
1624
1040
969
1533
2812
4079
3936
2392
1291
1803
3041
3708
3521
2693
1602
1165
2044
3345
3419
1970
344
-185
407
1243
1361
370
-1206
-2237
-1971
-859
-251
-985
-2400
-3122
-2624
-1549
-808
-871
-1575
-2173
-1862
-657
553
963
643
280
382
1026
1991
2734
2649
1862
1311
1617
2400
2910
2761
2006
1100
698
1000
1419
1216
314
-680
-1135
-975
-704
-831
-1345
-1896
-2205
-2141
-1732
-1341
-1392
-1746
-1816
-1330
-580
41
380
487
566
842
1300
1705
1928
2071
2248
2351
2214
1927
1792
1819
1650
1073
246
-658
-1509
-2183
-2839
-3762
-4584
-4531
-3805
-3640
-4523
-5383
-5117
-3963
-2807
-2085
-1882
-2158
-2340
-1542
148
1392
1371
873
904
1355
1894
2644
3250
2887
1853
1504
2250
3077
3167
2672
2024
1562
1665
2302
2706
2193
1125
434
489
849
942
560
-159
-836
-1063
-847
-711
-1027
-1511
-1693
-1533
-1268
-1076
-1114
-1389
-1490
-988
-132
361
238
-61
-14
524
1315
1876
1782
1141
658
937
1736
2207
1900
1191
681
594
836
1165
1177
621
-210
-710
-648
-369
-342
-692
-1205
-1599
-1774
-1763
-1579
-1333
-1265
-1438
-1584
-1369
-792
-185
176
245
259
569
1173
1710
1978
2035
1982
1942
2054
2245
2284
2084
1757
1435
1184
914
517
-8
-672
-1478
-2296
-3008
-3542
-3744
-3520
-3226
-3483
-4304
-4846
-4420
-3302
-2288
-1877
-2018
-2308
-2191
-1297
40
874
709
189
235
906
1656
2149
2287
1977
1431
1238
1657
2191
2252
1920
1621
1467
1429
1582
1745
1493
864
483
640
848
657
258
-39
-222
-311
-236
-73
-131
-492
-657
-233
335
440
222
111
151
304
663
1008
914
487
316
644
1071
1130
850
578
436
297
193
215
203
-7
-315
-573
-743
-820
-782
-690
-706
-934
-1251
-1440
-1359
-1088
-900
-978
-1210
-1321
-1134
-730
-358
-211
-264
-323
-176
211
660
935
952
853
864
1097
1467
1742
1781
1626
1420
1360
1480
1579
1511
1274
922
630
486
389
244
24
-270
-622
-973
-1231
-1429
-1667
-1912
-2091
-2248
-2422
-2512
-2415
-2225
-2115
-2084
-1989
-1772
-1497
-1229
-980
-777
-612
-402
-136
51
74
46
126
278
365
339
227
67
-44
17
217
305
128
-99
-65
215
481
574
507
356
326
621
1123
1447
1417
1249
1263
1581
2074
2418
2351
1971
1701
1848
2273
2555
2402
1907
1432
1254
1350
1452
1300
849
295
-123
-292
-257
-227
-474
-995
-1407
-1440
-1283
-1263
-1440
-1670
-1838
-1850
-1707
-1568
-1550
-1572
-1528
-1387
-1135
-804
-562
-483
-415
-231
28
305
561
692
653
576
614
758
903
970
889
632
347
278
449
566
354
-131
-592
-840
-927
-977
-1052
-1211
-1510
-1828
-1879
-1592
-1280
-1278
-1513
-1608
-1363
-913
-496
-262
-226
-261
-172
145
576
861
889
839
917
1067
1138
1148
1153
1056
810
564
463
467
458
354
121
-211
-528
-652
-513
-264
-167
-326
-582
-693
-541
-188
164
304
181
11
112
567
1106
1386
1313
1092
1006
1208
1615
1961
1997
1716
1421
1435
1715
1895
1718
1294
889
652
589
605
508
144
-387
-759
-794
-710
-833
-1164
-1481
-1677
-1745
-1658
-1492
-1471
-1651
-1759
-1570
-1215
-967
-882
-832
-736
-582
-331
-6
211
189
80
148
382
586
688
722
629
405
254
331
454
373
98
-189
-373
-463
-519
-614
-764
-939
-1126
-1298
-1374
-1350
-1357
-1443
-1484
-1408
-1296
-1202
-1067
-852
-596
-352
-169
-46
97
339
620
839
994
1134
1232
1296
1398
1503
1465
1280
1137
1149
1196
1096
824
514
325
300
346
326
136
-177
-384
-323
-138
-64
-168
-381
-563
-520
-184
214
369
240
93
198
552
890
1007
953
888
900
1014
1193
1309
1243
1072
967
941
883
778
685
580
382
105
-167
-382
-531
-612
-671
-798
-1027
-1280
-1407
-1354
-1238
-1220
-1333
-1478
-1492
-1276
-935
-719
-683
-653
-512
-303
-71
143
245
240
239
288
323
334
350
346
250
66
-81
-116
-112
-165
-285
-440
-608
-721
-730
-685
-687
-768
-867
-896
-832
-725
-648
-630
-637
-599
-452
-211
-5
62
51
127
333
562
724
840
964
1105
1262
1434
1575
1629
1612
1590
1602
1627
1606
1489
1264
985
742
568
427
257
20
-275
-557
-737
-791
-811
-896
-1057
-1195
-1224
-1152
-1058
-992
-930
-832
-703
-546
-360
-163
7
151
304
480
639
728
734
717
755
839
860
786
680
563
426
354
377
302
-7
-368
-522
-492
-480
-606
-834
-1069
-1189
-1132
-974
-902
-989
-1098
-1051
-838
-599
-448
-371
-281
-126
68
248
392
521
654
785
894
954
951
924
941
1003
1009
896
723
576
461
334
184
19
-162
-345
-500
-635
-781
-922
-991
-956
-881
-875
-958
-1013
-912
-712
-558
-470
-372
-262
-168
-36
171
373
486
544
637
795
955
1031
1019
992
1005
1014
987
931
844
709
537
378
248
125
18
-70
-189
-371
-540
-613
-623
-655
-707
-728
-736
-753
-722
-605
-479
-412
-342
-198
-21
125
239
332
392
442
530
635
698
709
686
667
672
665
596
478
367
278
181
62
-85
-261
-427
-529
-561
-592
-711
-895
-993
-933
-823
-793
-826
-827
-759
-645
-518
-400
-304
-190
-19
177
302
337
371
476
639
777
827
781
702
656
647
633
581
468
289
98
-13
-47
-119
-278
-444
-553
-622
-669
-695
-733
-789
-784
-693
-606
-608
-632
-575
-408
-204
-62
-26
-19
71
269
484
614
628
584
582
691
879
1007
947
755
634
685
802
836
735
533
330
237
274
313
207
-22
-216
-276
-255
-250
-295
-377
-464
-499
-449
-362
-322
-346
-368
-325
-221
-113
-46
-28
-38
-44
4
115
213
210
130
74
90
134
166
160
88
-36
-131
-140
-126
-182
-310
-431
-511
-575
-607
-583
-550
-571
-627
-646
-606
-513
-395
-299
-258
-234
-163
-48
79
199
296
364
429
505
576
634
704
778
794
731
640
573
550
554
541
449
276
95
-10
-46
-76
-164
-318
-489
-595
-601
-568
-590
-687
-790
-809
-725
-592
-500
-483
-496
-456
-325
-151
-23
43
90
146
226
347
467
493
446
447
529
592
587
568
568
547
493
448
424
386
335
313
312
271
173
82
56
79
91
56
-15
-82
-108
-77
-18
2
-33
-78
-82
-32
49
108
102
47
16
42
89
100
67
15
-22
-41
-53
-81
-141
-218
-282
-330
-394
-471
-531
-567
-601
-635
-661
-677
-669
-635
-593
-555
-521
-470
-388
-305
-246
-196
-107
22
146
239
321
397
472
552
637
691
691
676
678
671
626
579
565
538
443
313
217
161
115
58
-23
-136
-258
-333
-361
-380
-425
-481
-520
-518
-491
-484
-508
-494
-402
-287
-224
-203
-174
-119
-27
105
232
254
185
151
231
362
436
409
311
226
216
273
327
303
199
100
95
160
184
121
39
8
24
57
82
75
34
4
30
105
180
204
158
101
122
236
333
324
241
161
119
134
193
219
139
0
-79
-62
-33
-52
-121
-212
-308
-372
-379
-370
-410
-501
-593
-641
-640
-611
-592
-593
-603
-598
-557
-485
-412
-372
-346
-293
-196
-93
-7
60
118
176
252
351
436
468
456
457
500
553
567
532
464
397
369
380
381
314
192
88
53
67
53
-32
-152
-239
-258
-220
-187
-217
-300
-352
-330
-248
-158
-119
-148
-170
-119
-8
88
135
133
113
131
210
294
314
267
210
193
215
242
240
190
110
53
60
94
84
20
-46
-67
-47
-20
-11
-22
-46
-65
-54
-14
29
44
34
19
23
49
89
123
132
108
74
69
109
156
159
119
69
40
45
61
57
9
-65
-126
-140
-131
-140
-189
-265
-335
-373
-360
-327
-325
-381
-449
-468
-424
-361
-329
-335
-345
-322
-259
-180
-116
-75
-42
3
65
130
178
215
253
286
302
307
316
333
343
331
297
260
230
219
213
192
129
43
-19
-36
-29
-40
-88
-165
-231
-259
-240
-202
-177
-191
-231
-248
-204
-116
-44
-15
-8
0
25
79
151
206
220
205
200
212
227
235
237
219
180
141
125
121
105
76
40
8
-19
-23
-17
-18
-40
-67
-71
-47
-14
3
7
9
16
38
80
134
168
165
143
136
162
201
221
204
156
105
79
85
94
69
7
-59
-98
-111
-123
-149
-185
-226
-261
-290
-309
-323
-331
-343
-354
-365
-373
-370
-353
-325
-292
-264
-238
-205
-162
-115
-70
-23
25
69
102
131
158
189
218
243
259
259
253
249
249
249
239
221
197
168
137
104
76
49
20
-15
-54
-92
-124
-144
-159
-173
-194
-216
-227
-215
-186
-160
-148
-140
-120
-75
-14
46
77
87
98
138
198
245
255
237
219
221
240
256
245
204
155
126
120
115
90
45
1
-28
-39
-44
-60
-90
-117
-121
-104
-83
-79
-89
-92
-69
-25
14
32
30
27
43
80
116
129
115
89
76
84
94
88
62
25
-14
-45
-62
-71
-89
-125
-170
-206
-222
-223
-221
-233
-258
-278
-273
-245
-220
-215
-221
-212
-176
-125
-85
-70
-70
-53
-5
58
99
106
99
110
144
186
210
205
188
175
181
197
204
185
154
129
119
118
113
91
54
15
-10
-16
-17
-30
-66
-108
-134
-135
-121
-114
-123
-142
-151
-135
-100
-62
-43
-38
-29
-4
37
76
100
109
113
125
145
164
170
161
148
141
142
138
119
90
61
44
32
18
-10
-44
-72
-84
-82
-82
-93
-112
-120
-107
-83
-57
-39
-33
-29
-14
21
64
92
98
91
89
103
124
143
142
115
77
52
47
49
33
-7
-58
-100
-120
-125
-133
-157
-197
-231
-244
-236
-222
-219
-232
-241
-234
-207
-174
-149
-135
-123
-98
-59
-17
13
32
51
80
118
150
170
177
179
187
203
218
218
199
172
151
140
131
116
88
55
19
-10
-31
-48
-64
-83
-103
-122
-139
-143
-135
-122
-115
-114
-117
-108
-82
-46
-13
4
11
16
38
76
115
138
138
127
127
148
177
193
180
147
120
114
123
127
108
68
24
-2
-8
-6
-15
-44
-82
-110
-115
-103
-87
-88
-103
-116
-112
-86
-51
-27
-18
-18
-13
9
42
70
80
72
65
71
85
92
81
59
36
23
15
1
-22
-53
-81
-95
-102
-116
-141
-169
-183
-180
-172
-171
-178
-187
-182
-163
-141
-121
-110
-101
-82
-52
-19
8
28
47
70
96
123
143
159
172
178
185
191
195
195
188
174
156
142
128
114
94
68
40
15
-1
-11
-22
-38
-63
-84
-94
-93
-85
-84
-93
-103
-100
-84
-62
-47
-43
-43
-37
-18
11
36
40
35
36
52
74
88
85
71
62
63
70
73
60
33
7
-2
-2
-5
-19
-43
-64
-74
-72
-72
-78
-89
-97
-94
-82
-66
-55
-49
-42
-31
-10
12
32
43
51
61
76
90
100
101
95
89
84
79
70
55
34
11
-10
-29
-49
-70
-94
-115
-133
-147
-158
-168
-178
-185
-189
-183
-175
-162
-149
-132
-113
-91
-66
-37
-8
22
52
78
107
134
159
181
199
214
224
232
235
236
231
220
207
192
173
154
132
105
78
53
30
10
-10
-29
-47
-62
-74
-83
-87
-90
-94
-94
-92
-87
-78
-70
-61
-53
-43
-32
-23
-14
-6
3
9
12
14
16
17
17
14
7
-3
-10
-17
-22
-29
-41
-53
-65
-72
-75
-75
-78
-84
-90
-89
-83
-71
-61
-54
-48
-39
-22
-2
15
28
37
48
63
79
91
98
98
96
98
99
97
89
75
58
43
30
16
-2
-24
-46
-66
-82
-97
-113
-128
-142
-152
-160
-162
-163
-161
-155
-148
-137
-123
-106
-86
-65
-43
-20
3
29
53
79
102
122
139
154
169
185
193
198
197
194
191
186
180
167
148
131
114
99
86
68
48
27
11
0
-6
-17
-29
-42
-50
-51
-48
-46
-49
-53
-56
-50
-41
-32
-30
-33
-35
-33
-24
-17
-16
-24
-32
-34
-29
-25
-29
-41
-56
-61
-59
-57
-61
-72
-85
-90
-86
-76
-70
-74
-78
-79
-69
-51
-37
-31
-29
-23
-10
10
27
32
36
42
54
68
76
78
75
73
76
78
75
67
57
47
38
30
21
9
-4
-19
-30
-40
-49
-58
-68
-76
-82
-84
-86
-87
-86
-84
-79
-72
-65
-56
-46
-33
-21
-9
4
18
34
46
58
69
80
91
100
109
114
117
120
122
123
121
116
108
101
93
88
78
67
54
40
32
23
12
0
-13
-21
-24
-26
-32
-41
-49
-54
-53
-52
-51
-55
-56
-56
-51
-46
-42
-44
-46
-46
-40
-33
-30
-31
-38
-39
-38
-32
-28
-30
-37
-43
-41
-38
-33
-34
-40
-47
-48
-43
-37
-34
-36
-39
-37
-30
-23
-18
-21
-24
-20
-9
2
10
14
16
16
21
30
40
42
39
39
46
53
55
52
46
40
38
37
35
31
23
14
7
4
1
-6
-16
-21
-26
-26
-27
-26
-26
-28
-30
-30
-25
-19
-13
-9
-6
-2
4
13
24
35
42
43
50
61
69
70
66
63
62
60
58
58
53
44
33
28
29
26
16
6
-1
-9
-13
-16
-19
-21
-25
-23
-17
-13
-14
-13
-9
-2
3
11
15
17
12
12
20
29
31
22
12
6
1
-1
-5
-7
-13
-23
-36
-45
-52
-58
-65
-64
-63
-67
-74
-76
-73
-68
-66
-63
-57
-51
-48
-41
-33
-29
-28
-25
-16
-5
3
7
11
16
18
21
23
23
25
22
21
17
13
8
3
-2
-8
-14
-20
-26
-32
-37
-41
-44
-45
-45
-43
-38
-31
-24
-14
-4
8
19
30
42
55
65
71
76
81
84
84
83
79
76
74
73
74
66
54
24
-20
-44
-48
-45
-32
-57
-109
-126
-100
-52
-26
-52
-104
-161
-138
-10
134
295
318
-18
-388
-332
21
303
412
414
325
179
117
226
343
260
87
104
222
165
15
3
95
124
54
-34
-120
-227
-295
-260
-231
-320
-410
-356
-302
-386
-299
106
252
-62
-263
-278
-374
-224
259
447
99
-292
-259
166
521
531
367
122
-193
-253
72
292
99
-139
-190
-321
-474
-252
190
288
3
-184
-200
-366
-453
-195
1
-67
-104
52
163
-136
-448
-226
93
232
418
375
-21
-255
-114
166
406
456
255
119
197
232
248
368
441
426
309
193
213
6
-289
-43
239
27
-118
-159
-436
-538
-340
-200
-107
-138
-385
-473
-365
-315
-174
-1
-45
-80
-40
-92
-30
147
163
170
276
273
244
269
225
177
194
277
419
425
298
209
74
-27
44
74
43
56
-42
-185
-224
-305
-415
-358
-210
-131
-171
-284
-361
-376
-344
-212
-47
5
-26
-24
14
20
11
100
260
337
312
284
263
202
144
164
213
168
79
65
71
0
-95
-112
-66
-58
-118
-156
-164
-219
-247
-164
-90
-99
-106
-121
-173
-168
-118
-59
55
130
87
40
34
22
42
115
180
175
143
141
118
60
16
20
40
15
1
28
10
-26
-30
-56
-87
-81
-60
-17
-1
-39
-50
-53
-95
-73
30
85
76
49
8
-25
-33
1
68
102
69
9
-47
-61
-48
-44
-13
32
2
-69
-87
-72
-58
-30
-2
10
-2
-27
-34
-2
22
-7
-40
-22
33
99
121
83
57
50
29
45
107
146
116
52
15
-11
-36
-22
35
74
32
-61
-103
-100
-82
-51
-28
-11
-41
-121
-130
-95
-71
-6
45
27
0
-22
-26
3
53
94
89
54
23
6
31
77
112
107
30
-28
-10
8
24
40
11
-30
-44
-42
-18
-10
-31
-31
-26
-45
-45
-33
-50
-53
-26
-16
-11
0
-18
-37
-23
-7
7
28
24
-5
-27
-18
22
49
42
30
9
-21
-11
24
18
4
2
-12
-19
-18
-29
-22
-6
-7
0
-4
-19
-7
-6
-21
-21
-17
-7
5
3
0
5
7
0
-8
-7
1
15
25
17
14
14
5
39
71
50
33
32
20
29
58
60
35
14
10
8
3
8
20
8
-22
-27
-22
-42
-54
-46
-48
-46
-36
-23
-14
-29
-53
-44
-22
-12
0
17
20
19
24
30
34
37
40
46
53
48
33
21
21
22
16
5
6
1
-22
-35
-31
-32
-33
-36
-44
-46
-46
-44
-27
-17
-13
-8
-14
-12
8
20
23
32
33
24
16
15
17
21
24
29
28
14
-5
-13
-13
-11
-5
-5
-16
-24
-29
-30
-26
-21
-26
-31
-27
-22
-14
-8
-4
-2
-4
-6
4
21
30
31
32
27
18
13
22
32
34
35
31
22
12
6
5
5
3
3
-2
-12
-18
-21
-21
-17
-13
-16
-15
-15
-12
-7
-3
-3
-8
-10
-7
2
9
15
16
6
-3
0
15
28
31
26
14
4
3
10
10
6
-2
-7
-9
-11
-17
-28
-38
-46
-45
-37
-36
-42
-47
-45
-43
-40
-31
-23
-21
-23
-17
-1
16
25
31
36
40
47
59
67
66
60
55
55
59
56
45
36
28
18
9
6
-3
-20
-31
-32
-36
-46
-53
-53
-55
-56
-53
-50
-52
-53
-47
-33
-19
-9
0
11
18
19
25
39
47
48
51
53
51
45
43
38
33
32
32
25
11
-6
-18
-27
-33
-34
-31
-34
-45
-52
-47
-39
-29
-23
-17
-15
-13
-9
1
17
30
33
35
36
39
42
46
50
45
36
27
22
20
14
9
4
-2
-9
-18
-26
-33
-40
-42
-45
-47
-49
-47
-40
-32
-28
-24
-18
-13
-9
-4
1
8
11
14
17
20
24
27
28
29
27
20
14
11
14
17
16
9
-1
-8
-9
-5
-4
-10
-16
-17
-14
-11
-13
-16
-16
-12
-10
-7
-5
-5
-5
-2
4
10
9
5
1
5
5
8
11
16
16
11
7
9
16
17
10
8
4
1
-4
-3
-2
-1
-7
-9
-9
-9
-12
-13
-10
-9
-13
-17
-12
-7
-3
0
4
5
5
12
18
21
20
20
23
27
28
25
26
28
22
14
10
8
5
1
-2
-8
-15
-18
-15
-17
-22
-27
-32
-36
-33
-25
-17
-14
-15
-13
-8
-6
0
5
9
8
10
17
20
18
22
27
24
20
17
13
6
-1
0
1
-4
-9
-10
-14
-20
-21
-26
-28
-31
-31
-30
-25
-21
-15
-14
-14
-12
-9
-2
5
10
13
11
12
16
20
25
26
23
20
20
25
25
24
23
13
6
4
3
1
0
2
-1
-7
-10
-11
-12
-12
-8
-4
-3
-7
-11
-12
-13
-11
-4
-1
-2
-5
-4
-2
-1
2
5
5
4
5
4
3
5
11
12
13
12
11
9
8
9
7
5
2
3
1
0
0
-1
-5
-8
-8
-7
-9
-13
-13
-10
-8
-9
-6
-1
-3
-6
-2
0
-1
2
9
11
4
1
4
5
5
8
10
7
5
4
3
3
3
5
3
0
-2
-4
-8
-9
-6
-3
-5
-9
-9
-6
-7
-11
-6
-1
-2
-6
-6
-1
-2
-4
-2
-1
2
3
2
4
5
6
5
7
9
8
7
5
3
2
4
3
4
2
0
0
1
2
2
0
-1
-2
-2
-1
0
0
-2
-3
-2
0
1
1
1
0
0
1
1
0
-2
-2
-1
1
2
3
5
4
4
4
3
2
2
1
2
2
2
2
2
2
2
0
0
0
-2
-2
-3
-4
-3
-3
-4
-4
-5
-2
-3
-4
-3
-2
-1
-1
0
0
1
0
3
3
2
-1
2
3
2
0
-2
2
3
0
-2
-1
1
-1
0
-1
-1
-1
-2
-2
-1
0
1
0
1
1
-1
-1
-1
-1
-1
-2
-1
1
2
0
1
2
3
2
1
2
3
3
1
0
1
3
4
4
4
2
0
1
3
2
1
2
0
0
-1
-1
0
0
-1
-1
0
1
0
1
1
1
0
0
0
0
0
0
0
0
0
0
1
1
-1
0
2
2
0
0
-1
2
1
0
-1
0
1
0
-2
1
0
1
-1
-1
-1
-1
0
0
-1
-2
-2
-2
-2
1
0
-1
0
0
-1
1
3
1
0
0
0
0
1
-1
0
0
0
0
0
0
0
-1
0
-1
0
0
0
-1
0
0
0
0
-1
1
0
0
-1
0
1
0
-1
0
1
1
1
1
1
1
1
1
2
1
2
1
0
0
0
1
0
0
0
0
0
0
-1
0
0
1
-1
0
1
0
1
1
1
1
1
1
0
1
1
1
0
0
0
0
0
0
0
0
0
0
0
0
0
0
0
0
0
0
0
1
0
1
0
0
0
1
0
0
-1
1
0
-1
0
0
-1
0
0
-1
-1
-2
0
0
1
1
3
3
3
1
1
0
0
2
1
1
0
0
0
0
1
-1
0
1
0
0
0
1
-1
0
0
0
-1
0
0
0
-1
0
1
0
-1
0
0
-1
-1
0
0
0
0
-1
-1
-1
0
0
0
0
0
0
0
0
0
1
0
-1
0
1
0
1
0
0
0
-1
0
0
0
0
0
0
-1
1
0
0
0
0
1
0
0
0
-1
0
1
0
0
0
0
0
0
0
0
0
0
-1
1
-1
0
1
0
0
0
0
0
0
0
0
0
0
0
0
0
0
0
1
0
0
0
0
-1
1
0
0
0
0
0
0
0
0
0
0
0
0
-1
0
0
0
-1
0
0
1
1
0
0
0
0
-1
0
1
0
-1
0
0
0
0
-1
0
0
0
0
0
-1
-1
0
0
0
0
1
0
0
0
0
-1
0
0
0
0
0
0
0
0
1
0
-1
0
0
-1
0
0
0
0
0
0
0
0
0
0
0
1
0
0
0
0
-1
-1
0
-1
0
0
0
-1
0
0
0
0
1
1
-1
0
0
-1
-1
0
0
-1
0
0
-1
0
0
-1
1
-1
0
0
-1
0
0
0
0
0
0
0
1
0
0
-1
1
1
0
0
0
0
0
0
0
0
0
1
0
0
0
0
0
0
-1
0
0
-1
0
0
1
0
0
1
0
0
0
1
0
0
0
0
0
0
1
-1
0
0
0
1
0
-1
0
0
0
0
0
-1
0
0
0
0
1
0
0
1
0
0
0
1
0
0
0
0
0
1
0
0
0
0
0
0
0
1
0
0
0
0
-1
0
0
-1
-1
0
-1
0
0
0
1
1
0
0
0
-1
1
0
0
0
0
1
0
1
0
0
1
1
0
0
0
0
0
-1
0
0
0
-1
0
0
1
0
0
0
0
1
0
1
0
0
0
0
-1
0
0
0
0
0
-1
0
0
0
1
1
0
0
-1
0
0
1
0
0
-1
1
0
0
0
0
-1
0
0
0
0
0
0
0
0
0
0
0
1
0
0
0
-1
0
1
0
0
1
-1
0
-1
-1
0
0
0
0
0
0
0
0
-1
0
-1
1
0
1
1
0
0
0
0
0
0
0
0
0
0
0
0
0
0
1
0
-1
0
0
0
0
0
0
-1
0
0
-1
0
0
0
0
0
0
0
1
1
0
0
0
0
0
0
0
-1
0
0
0
0
0
0
-1
-1
0
0
0
0
0
1
0
1
-1
0
0
-1
0
0
0
1
0
0
0
0
0
0
0
1
0
1
0
0
0
-1
-1
0
0
0
0
1
0
-1
0
0
0
0
1
0
-1
0
0
0
0
0
1
0
0
0
0
0
0
0
0
0
0
1
0
0
0
0
0
0
0
0
0
0
0
0
0
-1
-1
0
0
0
0
0
0
-1
0
0
-1
0
0
0
0
0
0
0
0
0
0
0
0
0
0
0
0
0
-1
0
0
1
0
0
-1
1
0
0
0
0
0
0
0
0
0
0
-1
1
0
0
-1
0
0
0
1
0
-1
0
0
0
0
0
0
0
1
-1
0
-1
0
-1
-1
0
0
0
1
0
0
0
0
0
1
0
-1
-1
0
0
0
0
0
0
0
-1
0
-1
0
1
0
0
0
0
1
0
0
0
0
0
-1
-1
0
0
0
0
-1
0
1
0
1
0
0
0
0
-1
0
0
0
-1
0
0
0
0
0
0
0
0
-1
0
0
0
1
0
1
0
-1
0
1
0
0
-1
0
0
0
0
0
0
1
0
1
0
0
0
0
0
1
0
1
0
0
0
1
0
0
0
0
0
-1
0
0
0
0
0
0
0
0
0
-1
0
0
0
0
0
0
0
0
0
0
1
0
1
0
0
1
0
0
1
0
0
1
0
0
1
0
0
0
0
0
0
0
0
0
0
0
1
0
0
-1
0
0
-1
0
-1
0
0
1
1
0
0
0
-1
0
0
0
0
0
0
1
0
0
-1
0
0
0
0
-1
0
1
0
0
0
0
0
-1
0
0
0
0
0
0
0
1
0
0
0
0
0
-1
0
0
0
0
0
1
0
0
0
0
0
0
0
1
0
-1
0
-1
1
0
0
0
0
-1
0
-1
0
0
0
0
-1
1
0
0
0
1
0
-1
0
1
1
0
-1
0
0
0
0
0
0
0
0
-1
0
0
0
0
1
-1
0
0
-1
0
0
0
0
0
1
1
0
0
0
-1
-1
0
0
0
1
0
0
0
0
0
0
1
0
0
-1
0
0
1
0
0
0
0
0
1
0
0
-1
0
0
0
0
0
0
0
0
1
0
0
0
0
0
0
0
0
1
0
0
0
0
0
0
-1
0
0
0
0
1
0
0
1
0
0
0
1
-1
0
-1
0
0
0
1
0
0
0
0
0
0
1
0
0
0
0
0
0
0
0
0
-1
0
0
0
1
0
0
0
1
0
0
0
0
0
0
0
0
0
0
1
0
1
0
-1
0
0
-1
0
0
0
-1
0
0
0
-1
0
-1
1
-1
1
0
0
0
0
0
1
0
1
0
0
0
0
0
0
0
0
0
0
0
1
0
0
-1
0
0
0
0
0
0
0
0
0
0
-1
0
0
1
0
0
-1
0
0
0
0
0
0
0
0
-1
0
1
0
0
0
0
1
0
0
0
0
0
-1
0
0
-1
0
0
0
0
0
0
0
0
0
0
0
1
1
1
1
0
0
-1
1
0
0
0
0
0
0
0
0
0
0
0
0
1
0
0
1
0
1
0
0
1
0
0
0
0
1
0
0
-1
0
0
1
1
0
0
-1
0
-1
-1
0
0
0
1
1
0
-1
0
1
0
0
0
0
1
0
1
-1
0
1
0
0
0
-1
0
0
0
1
0
-1
0
-1
-1
0
0
1
0
0
0
1
1
0
0
1
1
-1
0
-1
0
0
0
1
0
0
0
0
-1
0
0
-1
0
0
-1
-1
1
0
0
0
0
-1
0
1
0
0
0
-1
1
0
1
0
1
-1
0
0
0
-1
0
0
0
0
0
0
0
0
0
0
0
0
0
0
0
0
0
1
0
0
0
0
1
0
0
0
0
0
0
0
0
0
0
0
0
0
0
0
0
0
0
0
0
1
0
0
0
0
-1
0
0
1
0
0
0
0
0
-1
0
0
0
0
0
0
-1
0
0
-1
0
0
0
-1
0
0
0
0
-1
0
0
0
0
0
0
0
0
0
0
0
0
0
0
0
-1
0
0
0
-1
0
-1
0
-1
0
0
0
0
1
0
0
0
0
-1
1
0
0
0
0
0
1
0
0
0
0
0
0
1
0
0
0
0
-1
0
-1
0
0
0
0
0
0
0
0
0
0
0
0
0
0
0
0
0
1
0
1
1
0
1
0
0
0
0
0
1
0
1
0
0
0
1
0
0
-1
0
0
1
0
-1
0
0
0
0
-1
-1
1
0
0
1
0
0
1
0
0
0
-1
1
0
0
0
0
0
0
-1
0
0
0
0
0
0
0
0
0
0
0
0
0
0
0
0
0
0
0
0
-1
0
-1
0
-1
0
0
0
0
0
-1
0
-1
1
0
0
0
0
0
-1
0
-1
0
-1
0
0
0
0
-1
0
-1
0
1
0
0
0
0
0
0
1
0
0
0
0
0
0
-1
0
0
0
0
0
0
0
0
1
0
1
1
0
0
0
0
0
0
0
0
0
0
1
0
1
0
0
0
0
0
0
0
1
0
0
0
1
0
1
1
0
0
0
0
-1
0
0
1
0
0
0
0
0
0
0
0
0
0
0
0
0
-1
0
0
0
0
0
0
0
0
0
-1
0
1
0
0
0
0
0
0
0
-1
1
0
0
0
1
0
1
0
0
0
0
0
0
0
-1
0
1
0
0
0
1
0
0
0
0
-1
1
1
0
0
1
0
0
0
0
0
0
0
0
-1
0
0
0
0
1
0
0
0
0
0
0
-1
-1
1
0
0
1
0
0
-1
0
-1
1
0
1
0
0
0
0
1
-1
0
0
0
0
0
0
0
0
0
0
0
0
0
0
-1
0
0
0
0
1
0
0
0
0
0
0
0
0
-1
0
0
0
-1
0
0
1
0
-1
0
0
0
0
1
1
1
0
0
-1
0
0
-1
0
0
0
0
-1
0
0
0
0
0
0
1
0
0
0
0
0
1
0
0
0
0
0
0
0
-1
1
-1
0
-1
0
0
0
0
-1
0
0
0
0
0
0
0
0
0
1
0
0
0
0
0
0
0
0
0
0
0
0
0
0
-1
0
0
0
1
0
0
0
0
-1
0
-1
0
1
0
0
1
0
0
0
0
0
0
0
0
0
0
1
-1
0
-1
0
0
-1
0
0
0
0
-1
0
0
0
0
0
1
0
0
0
0
0
0
0
-1
0
0
0
0
0
0
-1
0
0
0
0
0
0
-1
0
-1
0
0
0
0
1
0
0
0
0
0
0
0
0
0
0
0
0
1
0
0
0
0
1
0
-1
0
1
0
0
0
0
0
0
0
-1
-1
0
0
0
1
0
-1
0
0
-1
0
0
0
-1
0
0
1
0
0
0
0
0
0
1
0
0
0
0
1
0
0
0
1
1
0
0
0
0
0
0
1
0
1
0
0
0
1
0
0
0
-1
1
1
0
-1
0
0
0
0
0
0
0
0
0
0
0
1
0
1
0
0
0
0
0
-1
0
1
0
0
-1
0
-1
0
0
-1
0
0
0
0
0
0
0
0
0
0
0
0
0
0
0
0
0
0
0
0
0
0
0
0
0
0
0
0
0
0
0
0
0
-1
0
0
0
0
0
0
0
-1
0
0
0
0
0
0
0
0
0
0
0
0
0
0
0
0
0
0
0
0
0
0
1
-1
0
0
0
0
0
0
0
1
0
0
0
0
0
-1
0
0
0
0
0
0
0
0
0
0
-1
-1
-1
-1
0
-1
0
0
0
0
0
0
-1
-1
0
-1
0
0
0
-1
0
0
0
0
0
0
0
1
0
0
0
0
0
0
0
0
0
0
1
1
0
0
0
0
0
0
0
0
0
0
0
1
0
0
0
0
0
1
1
0
0
0
0
0
-1
0
0
0
0
0
0
1
0
0
1
0
0
0
1
0
0
1
0
1
1
0
0
0
0
0
0
0
0
0
0
1
0
1
1
-1
0
0
0
0
0
0
0
0
0
0
0
1
0
0
1
0
0
0
1
0
0
0
-1
0
0
0
0
0
0
0
0
0
0
1
0
0
0
-1
-1
0
0
0
0
0
0
0
0
0
0
-1
0
1
0
0
0
0
0
0
0
-1
0
1
0
0
0
0
-1
0
-1
-1
0
0
0
0
1
0
0
0
0
0
0
0
0
1
1
0
1
-1
0
0
0
0
0
0
0
0
0
0
0
0
0
0
0
0
0
0
0
0
0
0
0
0
0
0
0
0
-1
1
0
1
0
0
1
0
0
0
0
0
1
-1
0
0
0
0
0
1
0
0
-1
0
0
0
0
1
0
0
1
-1
-1
0
0
0
0
0
0
0
0
0
0
0
-1
0
0
0
1
0
0
0
0
1
0
-1
-1
0
0
0
-1
0
0
0
0
0
-1
0
0
0
0
-1
0
0
0
0
0
0
0
0
0
0
0
0
0
0
-1
0
0
0
0
0
0
0
0
0
1
0
-1
0
0
0
0
0
0
0
0
0
0
0
0
0
0
0
0
0
0
0
-1
0
0
0
0
0
0
0
0
0
0
0
0
0
1
0
0
0
0
0
0
0
1
0
0
0
1
1
0
0
0
-1
1
1
0
0
0
0
0
0
0
1
0
0
0
1
0
0
0
0
0
-1
0
0
0
0
0
0
0
0
0
0
-1
-1
-1
0
0
0
0
-1
0
0
0
0
0
0
0
0
0
1
0
1
0
0
0
0
0
0
1
-1
0
1
-1
0
0
0
0
0
0
0
-1
0
0
0
-1
0
-1
0
0
0
0
0
-1
0
0
0
0
0
0
-1
0
0
0
0
0
0
0
0
-1
-1
0
0
0
0
0
1
0
0
0
0
0
-1
0
0
0
0
0
0
0
0
0
1
0
1
0
0
1
-1
1
0
0
0
-1
-1
0
0
0
-1
0
-1
0
0
0
-1
0
0
0
0
1
0
0
0
0
0
0
1
0
1
0
0
0
0
0
0
1
0
0
0
1
1
0
0
0
0
0
0
0
0
-1
1
0
0
0
0
0
0
0
1
0
0
-1
0
0
0
-1
-1
0
0
1
0
-1
0
0
0
0
0
0
-1
-1
0
0
-1
1
0
1
0
0
0
0
0
0
1
0
0
0
-1
0
0
0
0
0
1
-1
0
0
0
0
0
0
0
0
0
1
0
0
0
0
0
0
-1
0
0
-1
0
0
-1
0
0
0
0
0
0
0
0
1
0
0
-1
1
0
0
-1
-1
0
0
0
1
-1
0
0
0
-1
1
0
0
0
1
-1
0
0
0
0
0
0
0
0
0
0
0
-1
0
0
0
0
0
0
0
0
0
0
1
-1
0
0
-1
1
0
0
0
0
0
0
0
0
0
0
0
0
0
0
-1
0
0
0
0
0
0
0
-1
0
0
0
-1
0
0
-1
-1
0
0
0
0
0
1
1
-1
0
-1
0
0
0
0
0
0
0
0
1
0
0
0
0
-1
1
0
0
1
0
0
0
0
0
1
1
0
0
0
0
0
-1
0
-1
1
0
1
0
0
1
0
0
1
0
0
0
1
-1
-1
1
0
0
0
-1
0
0
1
0
0
0
0
0
0
-1
0
0
0
-1
0
0
1
1
-1
0
0
0
0
0
0
0
0
0
-1
1
0
0
1
0
0
0
0
1
-1
0
0
0
0
-1
1
0
0
-1
0
0
0
0
0
-1
0
-1
1
0
0
1
0
0
0
0
0
0
0
0
-1
0
0
0
1
0
1
0
0
0
0
-1
0
0
1
1
0
0
0
-1
-1
0
0
0
-1
0
0
1
0
1
0
0
1
0
0
1
0
0
0
0
0
0
0
0
0
0
0
-1
1
0
0
0
0
0
0
0
0
0
0
-1
0
-1
0
0
0
0
0
-1
0
0
0
1
0
0
0
0
0
0
0
0
0
-1
1
1
-1
0
0
0
0
0
0
0
0
0
0
0
0
0
-1
0
0
0
0
0
0
0
0
-1
0
0
0
0
-1
0
-1
0
0
0
0
0
-1
0
0
-1
0
0
0
1
0
0
0
0
0
0
1
0
0
0
0
0
1
0
0
0
1
1
0
0
0
0
0
0
0
0
1
1
1
0
0
-1
0
0
0
-1
-1
0
0
0
0
0
0
0
0
0
0
0
0
0
0
0
0
0
0
0
0
0
1
1
1
0
-1
0
0
0
0
0
0
1
-1
-1
0
0
0
0
0
1
0
-1
0
0
0
0
0
0
0
0
-1
0
0
0
0
1
0
0
0
0
0
-1
1
1
0
0
0
0
1
0
0
0
0
0
0
0
0
0
0
0
0
1
0
0
0
0
0
0
1
0
0
0
0
0
0
0
0
0
0
1
0
-1
0
0
0
0
-1
0
0
0
0
0
0
-1
0
0
-1
0
0
0
-1
1
0
0
0
0
0
0
0
0
0
0
0
0
0
-1
0
-1
0
0
0
0
0
0
0
0
0
1
0
0
0
0
0
0
0
0
0
0
0
1
0
0
0
0
0
0
0
0
0
-1
0
0
1
0
0
0
0
0
0
0
1
0
0
0
0
0
0
-1
0
1
0
0
0
0
0
0
0
0
-1
0
0
0
0
0
0
0
0
1
0
-1
0
1
0
0
-1
0
0
0
0
-1
0
0
0
0
1
0
0
0
0
0
0
0
0
-1
0
0
0
0
0
0
0
0
0
1
0
0
0
0
0
1
0
0
1
0
1
-1
0
0
0
0
0
0
0
0
-1
0
-1
-1
0
0
0
0
0
0
0
0
0
0
-1
0
-1
0
0
0
0
0
0
-1
0
0
0
0
0
0
0
0
0
0
0
0
0
0
0
0
0
1
1
0
-1
0
0
0
0
0
0
0
0
0
0
0
0
0
0
0
0
1
0
0
0
0
0
1
0
0
0
0
0
0
0
-1
-1
0
0
0
0
0
-1
-1
0
0
0
-1
1
0
0
-1
0
0
0
0
0
0
0
0
0
0
0
0
0
0
0
0
1
0
0
-1
0
0
0
0
0
0
1
0
0
-1
-1
0
0
0
0
-1
0
0
0
0
0
1
0
0
1
0
1
0
0
0
0
0
0
-1
0
0
0
0
0
0
1
0
0
0
0
0
0
-1
-1
0
-1
0
0
0
0
0
0
0
0
0
0
0
0
0
0
-1
0
0
0
0
1
0
0
0
0
0
0
0
0
0
0
-1
1
-1
0
0
0
0
0
0
0
0
1
0
1
0
0
0
1
-1
0
0
0
0
0
0
0
0
0
0
-1
0
0
0
0
1
1
0
1
0
0
0
0
0
0
0
0
0
0
-1
-1
-1
-1
0
0
0
0
0
-1
0
0
0
0
0
-1
0
-1
0
1
0
0
1
0
0
-1
0
-1
0
0
0
-1
0
1
-1
0
0
0
0
-1
0
1
0
-1
1
1
0
1
-1
0
0
1
0
0
-1
1
0
0
1
0
0
0
0
1
0
0
0
0
1
0
-1
0
-1
0
1
0
1
-1
0
1
0
0
0
0
0
-1
0
0
0
0
0
0
0
0
0
0
-1
0
1
0
1
0
0
0
0
1
0
0
0
0
-1
1
-3
1
-2
1
0
0
1
0
1
1
3
0
3
-1
1
0