9
16
14
6
-4
-15
-18
-17
-10
-1
10
16
17
10
1
-9
-16
-16
-9
3
15
24
21
12
-4
-16
-22
-19
-9
2
14
20
16
8
-4
-11
-15
-9
2
13
19
16
3
-12
-24
-24
-12
7
24
30
22
3
-18
-30
-28
-13
10
29
35
25
5
-18
-31
-29
-12
12
30
35
23
-2
-27
-42
-38
-18
13
38
46
35
9
-21
-42
-49
-35
-7
24
45
49
34
6
-22
-40
-41
-27
-3
21
35
32
16
-6
-23
-29
-23
-9
7
17
16
9
-1
-8
-8
-2
7
11
10
2
-7
-10
-6
4
11
16
10
-1
-13
-20
-17
-5
9
17
13
-1
-18
-30
-28
-15
4
22
30
27
16
0
-11
-16
-9
6
21
32
31
17
-6
-27
-40
-41
-27
-5
16
30
32
18
-3
-23
-33
-28
-10
14
33
41
36
21
5
-7
-10
-8
-4
-2
-4
-5
-5
0
7
12
13
3
-12
-28
-37
-34
-18
3
20
28
23
9
-5
-15
-15
-8
2
10
15
15
15
11
10
8
2
-6
-14
-17
-16
-8
4
10
10
1
-15
-26
-31
-24
-8
9
21
25
22
14
8
5
9
13
14
12
7
1
-2
-2
-3
-5
-11
-17
-22
-22
-17
-10
-2
5
6
7
7
9
10
12
11
6
3
0
0
6
13
16
13
3
-10
-22
-24
-19
-7
6
12
11
3
-9
-18
-22
-18
-10
1
13
21
23
17
9
-1
-10
-13
-11
-3
7
16
23
20
14
3
-10
-17
-18
-12
-5
3
5
5
1
-4
-9
-12
-13
-11
-6
1
10
17
19
16
8
-1
-10
-13
-7
2
13
18
14
1
-15
-26
-28
-18
0
16
23
19
5
-10
-20
-19
-10
4
16
21
19
9
-3
-16
-23
-24
-18
-6
5
15
17
14
6
-2
-8
-10
-6
4
15
23
26
17
7
-5
-12
-14
-10
-4
-1
-1
-2
-2
-2
-1
0
0
-2
-4
-5
-6
0
12
21
24
17
1
-14
-21
-19
-8
7
18
20
13
-2
-18
-27
-27
-15
0
12
17
12
4
-3
-5
-5
-2
-1
1
1
1
1
4
7
11
11
7
0
-7
-8
-6
-1
5
8
6
0
-9
-15
-16
-12
-4
4
7
5
0
-5
-7
-5
1
8
13
14
13
11
8
5
6
6
4
2
-1
-5
-7
-8
-7
-7
-7
-8
-9
-9
-8
-7
-5
-4
-2
-3
0
1
3
5
7
8
9
9
7
6
4
4
3
3
1
0
0
0
-2
-5
-8
-9
-9
-7
-3
0
2
1
-1
-3
-6
-5
-2
4
12
21
25
25
19
11
5
0
-1
1
4
4
2
-1
-6
-8
-10
-10
-12
-16
-21
-22
-18
-9
4
14
19
16
6
-4
-11
-11
-3
11
24
34
32
18
-1
-19
-27
-24
-11
1
10
9
3
-7
-16
-21
-20
-15
-7
3
8
14
16
13
10
5
-2
-7
-8
-3
5
14
19
17
7
-8
-19
-25
-20
-9
3
13
15
10
2
-7
-12
-12
-6
4
12
17
16
11
2
-5
-10
-10
-6
-1
7
14
16
14
6
-5
-15
-21
-19
-12
-2
7
10
9
2
-7
-13
-14
-11
-3
6
12
16
13
9
2
-3
-4
-5
0
3
6
6
3
-2
-5
-8
-8
-6
-2
-1
1
0
-1
-2
-1
1
4
6
8
6
4
1
0
1
4
9
10
10
6
1
-4
-6
-6
-4
1
5
7
6
3
-3
-9
-11
-9
-5
1
4
4
1
-4
-6
-8
-5
-1
4
7
9
8
7
2
0
-2
-2
-1
1
1
1
1
-1
-3
-6
-7
-6
-5
-4
-2
-1
-1
-2
-1
1
2
3
7
8
9
5
1
-2
-5
-4
-2
3
5
5
2
-3
-6
-9
-8
-4
1
6
6
6
3
0
-2
-3
-2
2
5
8
9
6
2
-2
-5
-6
-4
-2
2
6
6
5
0
-6
-9
-8
-6
-1
2
5
6
5
2
-3
-6
-7
-3
0
5
8
9
9
6
2
-1
-3
-2
0
1
1
3
2
1
-2
-4
-9
-7
-4
-2
1
2
2
1
1
-1
-1
-1
0
4
6
5
3
1
-1
-1
-1
-1
-2
-1
-3
-2
-1
-1
1
0
-1
-1
-1
-1
-1
-1
-1
0
2
2
3
3
2
1
2
2
2
3
2
1
-1
-3
-2
-1
0
0
1
0
-3
-4
-2
0
2
3
3
2
-1
-5
-4
-2
3
7
8
7
3
-1
-4
-4
-3
-3
0
3
5
2
1
-5
-6
-3
-2
1
2
1
0
1
1
-1
-1
-1
1
2
3
4
2
3
1
0
-2
-2
0
-1
0
1
0
0
0
0
-2
-2
0
-1
0
0
-1
0
0
2
2
2
1
1
0
-1
-2
0
1
1
0
1
0
0
0
-2
0
0
1
1
1
0
0
-1
-1
-2
0
0
1
2
1
2
0
1
0
-1
1
-1
2
2
2
5
1
2
-2
-1
-2
-1
1
2
1
2
0
0
-2
-2
0
0
1
1
1
1
1
0
0
-1
1
1
1
2
1
1
0
-1
-1
-1
-2
0
1
3
4
3
2
1
-1
-3
-2
-2
-1
0
2
2
2
1
1
0
0
1
1
1
3
2
2
1
1
0
-1
-1
-1
-1
-1
0
-1
1
0
-1
-2
-2
-2
-1
0
1
1
1
-1
0
-2
0
0
1
2
2
1
1
0
0
1
0
0
0
0
0
0
0
0
0
-1
1
1
-1
0
0
0
0
0
0
0
1
1
1
1
1
1
0
1
1
1
0
0
0
0
0
-1
-1
0
0
0
0
1
-1
-1
-1
-1
0
1
1
3
2
0
0
-1
-1
1
0
1
1
1
0
0
1
0
0
0
0
0
1
0
0
0
1
1
0
0
0
0
0
0
0
0
1
1
1
0
0
-1
0
0
0
-1
-1
0
0
0
0
0
0
0
0
0
0
0
0
0
0
0
0
0
0
0
0
0
1
1
1
0
-1
0
0
0
0
0
0
1
-1
-1
0
0
0
0
0
1
0
-1
0
0
0
0
0
0
0
0
-1
0
0
0
0
1
0
0
0
0
0
-1
1
1
0
0
0
0
1
0
0
0
0
0
0
0
0
0
0
0
0
1
0
0
0
0
0
0
1
0
0
0
0
0
0
0
0
0
0
1
0
-1
0
0
0
0
-1
0
0
0
0
0
0
-1
0
0
-1
0
0
0
-1
1
0
0
0
0
0
0
0
0
0
0
0
0
0
-1
0
-1
0
0
0
0
0
0
0
0
0
1
0
0
0
0
0
0
0
0
0
0
0
1
0
0
0
0
0
0
0
0
0
-1
0
0
1
0
0
0
0
0
0
0
1
0
0
0
0
0
0
-1
0
1
0
0
0
0
0
0
0
0
-1
0
0
0
0
0
0
0
0
1
0
-1
0
1
0
0
-1
0
0
0
0
-1
0
0
0
0
1
0
0
0
0
0
0
0
0
-1
0
0
0
0
0
0
0
0
0
1
0
0
0
0
0
1
0
0
1
0
1
-1
0
0
0
0
0
0
0
0
-1
0
-1
-1
0
0
0
0
0
0
0
0
0
0
-1
0
-1
0
0
0
0
0
0
-1
0
0
0
0
0
0
0
0
0
0
0
0
0
0
0
0
0
1
1
0
-1
0
0
0
0
0
0
0
0
0
0
0
0
0
0
0
0
1
0
0
0
0
0
1
0
0
0
0
0
0
0
-1
-1
0
0
0
0
0
-1
-1
0
0
0
-1
1
0
0
-1
0
0
0
0
0
0
0
0
0
0
0
0
0
0
0
0
1
0
0
-1
0
0
0
0
0
0
1
0
0
-1
-1
0
0
0
0
-1
0
0
0
0
0
1
0
0
1
0
1
0
0
0
0
0
0
-1
0
0
0
0
0
0
1
0
0
0
0
0
0
-1
-1
0
-1
0
0
0
0
0
0
0
0
0
0
0
0
0
0
-1
0
0
0
0
1
0
0
0
0
0
0
0
0
0
0
-1
1
-1
0
0
0
0
0
0
0
0
1
0
1
0
0
0
1
-1
0
0
0
0
0
0
0
0
0
0
-1
0
0
0
0
1
1
0
1
0
0
0
0
0
0
0
0
0
0
-1
-1
-1
-1
0
0
0
0
0
-1
0
0
0
0
0
-1
0
-1
0
1
0
0
1
0
0
-1
0
-1
0
0
0
-1
0
1
-1
0
0
0
0
-1
0
1
0
-1
1
1
0
1
-1
0
0
1
0
0
-1
1
0
0
1
0
0
0
0
1
0
0
0
0
1
0
-1
0
-1
0
1
0
1
-1
0
1
0
0
0
0
0
-1
0
0
0
0
0
0
0
0
0
0
-1
0
1
0
1
0
-1
0
0
1
0
0
0
0
0
0
-1
0
-1
0
0
0
0
0
0
0
1
0
1
0
0
0
0
0
-1
0
0
0
0
0
-1
0
0
0
0
0
0
1
0
0
0
0
1
0
0
0
0
0
0
0
0
0
-1
0
1
0
0
0
0
0
0
0
0
0
0
0
0
0
0
0
-1
1
0
0
0
-1
0
0
0
1
0
0
0
-1
0
0
0
0
1
1
0
1
0
0
-1
0
-1
0
0
0
0
0
0
0
0
0
0
0
0
0
1
0
0
0
0
0
0
0
0
0
0
0
0
0
0
0
0
0
0
1
0
0
0
1
0
0
0
0
0
0
0
0
1
1
0
0
1
0
0
0
0
0
1
0
0
-1
1
0
-1
-1
0
0
0
0
0
1
0
1
0
0
0
1
0
-1
0
-1
0
0
-1
0
0
0
-1
0
0
0
0
0
0
0
0
1
-1
0
0
0
0
-1
0
0
0
0
0
1
0
0
0
0
0
0
0
0
1
1
0
0
0
0
0
0
0
0
0
1
0
-1
0
0
0
0
0
0
0
0
0
0
1
0
1
1
1
0
0
0
0
0
0
0
0
0
0
0
0
-1
0
0
0
-1
0
-1
0
0
0
0
0
0
0
-1
1
0
1
0
0
0
0
1
1
0
-1
0
1
-1
0
0
0
0
0
0
0
0
0
0
0
0
0
1
-1
0
0
0
0
0
0
0
-1
0
-1
0
0
0
0
0
-1
0
1
0
0
0
1
0
0
0
0
0
0
0
0
0
0
0
0
0
0
1
0
1
0
-1
-1
-1
0
0
0
0
0
0
0
-1
0
0
1
-1
0
1
0
0
0
0
0
0
0
-1
0
0
0
0
0
0
0
0
0
0
0
0
0
0
0
0
0
0
0
0
0
0
1
0
1
0
0
0
1
0
0
-1
1
0
-1
0
0
-1
0
0
0
0
-1
0
0
0
0
1
0
0
0
1
0
0
1
-1
0
0
0
0
0
0
-1
0
1
0
0
0
1
-1
0
0
0
-1
0
0
0
-1
0
1
0
-1
0
0
-1
-1
0
0
0
0
-1
-1
-1
0
0
0
0
0
0
0
0
0
1
0
-1
0
1
0
1
0
0
0
-1
0
0
0
0
0
0
-1
1
0
0
0
0
1
0
0
0
-1
0
1
0
0
0
0
0
0
0
0
0
0
-1
1
-1
0
1
0
0
0
0
0
0
0
0
0
0
0
0
0
0
0
1
0
0
0
0
-1
1
0
0
0
0
0
0
0
0
0
0
0
0
-1
0
0
0
-1
0
0
1
1
0
0
0
0
-1
0
1
0
-1
0
0
0
0
-1
0
0
0
0
0
-1
-1
0
0
0
0
1
0
0
0
0
-1
0
0
0
0
0
0
0
0
1
0
-1
0
0
-1
0
0
0
0
0
0
0
0
0
0
0
1
0
0
0
0
-1
-1
0
-1
0
0
0
-1
0
0
0
0
1
1
-1
0
0
-1
-1
0
0
-1
0
0
-1
0
0
-1
1
-1
0
0
-1
0
0
0
0
0
0
0
1
0
0
-1
1
1
0
0
0
0
0
0
0
0
0
1
0
0
0
0
0
0
-1
0
0
-1
0
0
1
0
0
1
0
0
0
1
0
0
0
0
0
0
1
-1
0
0
0
1
0
-1
0
0
0
0
0
-1
0
0
0
0
1
0
0
1
0
0
0
1
0
0
0
0
0
1
0
0
0
0
0
0
0
1
0
0
0
0
-1
0
0
-1
-1
0
-1
0
0
0
1
1
0
0
0
-1
1
0
0
0
0
1
0
1
0
0
1
1
0
0
0
0
0
-1
0
0
0
-1
0
0
1
0
0
0
0
1
0
1
0
0
0
0
-1
0
0
0
0
0
-1
0
0
0
1
1
0
0
-1
0
0
1
0
0
-1
1
0
0
0
0
-1
0
0
0
0
0
0
0
0
0
0
0
1
0
0
0
-1
0
1
0
0
1
-1
0
-1
-1
0
0
0
0
0
0
0
0
-1
0
-1
1
0
1
1
0
0
0
0
0
0
0
0
0
0
0
0
0
0
1
0
-1
0
0
0
0
0
0
-1
0
0
-1
0
0
0
0
0
0
0
1
1
0
0
0
0
0
0
0
-1
0
0
0
0
0
0
-1
-1
0
0
0
0
0
1
0
1
-1
0
0
-1
0
0
0
1
0
0
0
0
0
0
0
1
0
1
0
0
0
-1
-1
0
0
0
0
1
0
-1
0
0
0
0
1
0
-1
0
0
0
0
0
1
0
0
0
0
0
0
0
0
0
0
1
0
0
0
0
0
0
0
0
0
0
0
0
0
-1
-1
0
0
0
0
0
0
-1
0
0
-1
0
0
0
0
0
0
0
0
0
0
0
0
0
0
0
0
0
-1
0
0
1
0
0
-1
1
0
0
0
0
0
0
0
0
0
0
-1
1
0
0
-1
0
0
0
1
0
-1
0
0
0
0
0
0
0
1
-1
0
-1
0
-1
-1
0
0
0
1
0
0
0
0
0
1
0
-1
-1
0
0
0
0
0
0
0
-1
0
-1
0
1
0
0
0
0
1
0
0
0
0
0
-1
-1
0
0
0
0
-1
0
1
0
1
0
0
0
0
-1
0
0
0
-1
0
0
0
0
0
0
0
0
-1
0
0
0
1
0
1
0
-1
0
1
0
0
-1
0
0
0
0
0
0
1
0
1
0
0
0
0
0
1
0
1
0
0
0
1
0
0
0
0
0
-1
0
0
0
0
0
0
0
0
0
-1
0
0
0
0
0
0
0
0
0
0
1
0
1
0
0
1
0
0
1
0
0
1
0
0
1
0
0
0
0
0
0
0
0
0
0
0
1
0
0
-1
0
0
-1
0
-1
0
0
1
1
0
0
0
-1
0
0
0
0
0
0
1
0
0
-1
0
0
0
0
-1
0
1
0
0
0
0
0
-1
0
0
0
0
0
0
0
1
0
0
0
0
0
-1
0
0
0
0
0
1
0
0
0
0
0
0
0
1
0
-1
0
-1
1
0
0
0
0
-1
0
-1
0
0
0
0
-1
1
0
0
0
1
0
-1
0
1
1
0
-1
0
0
0
0
0
0
0
0
-1
0
0
0
0
1
-1
0
0
-1
0
0
0
0
0
1
1
0
0
0
-1
-1
0
0
0
1
0
0
0
0
0
0
1
0
0
-1
0
0
1
0
0
0
0
0
1
0
0
-1
0
0
0
0
0
0
0
0
1
0
0
0
0
0
0
0
0
1
0
0
0
0
0
0
-1
0
0
0
0
1
0
0
1
0
0
0
1
-1
0
-1
0
0
0
1
0
0
0
0
0
0
1
0
0
0
0
0
0
0
0
0
-1
0
0
0
1
0
0
0
1
0
0
0
0
0
0
0
0
0
0
1
0
1
0
-1
0
0
-1
0
0
0
-1
0
0
0
-1
0
-1
1
-1
1
0
0
0
0
0
1
0
1
0
0
0
0
0
0
0
0
0
0
0
1
0
0
-1
0
0
0
-1
0
1
0
-1
0
2
-1
-1
-1
1
1
-1
-1
1
0
-1
0
1
1
-1
-1
-1
0
0
-1
1
0
0
3
1
-2
-1
3
5
0
-10
-9
15
32
-3
-50
-29
46
65
-13
-87
-42
77
98
-25
-127
-50
106
120
-33
-144
-54
107
118
-33
-132
-49
95
102
-26
-108
-43
69
80
-9
-76
-38
44
61
5
-48
-33
21
41
10
-26
-26
5
24
15
-11
-19
-6
12
13
-2
-11
-6
8
7
-3
-9
-4
3
4
0
0
3
3
-1
-2
5
10
4
-5
-6
4
8
4
-5
-7
1
7
2
-5
-7
-2
4
4
0
-4
-8
-4
5
9
2
-10
-9
5
15
6
-10
-11
5
13
1
-13
-13
2
9
2
-6
-4
5
6
-2
-8
-4
2
1
-1
-2
0
3
4
1
1
1
3
4
3
-1
-4
1
6
2
-3
-5
2
5
2
-5
-3
1
2
-1
-2
-1
-1
0
1
1
0
-1
-1
0
2
0
-2
-3
-1
3
3
0
-5
-2
3
5
1
-5
-3
2
3
0
-3
-2
1
3
1
-1
-2
-1
1
2
0
-2
-1
1
3
2
-3
-4
1
7
4
-6
-9
0
10
6
-6
-9
1
8
3
-7
-7
1
7
4
-4
-5
-1
1
3
0
-3
-4
0
2
2
-3
-5
0
6
4
-3
-6
1
9
6
-5
-7
3
10
3
-9
-8
3
9
0
-9
-4
7
5
-5
-10
1
10
5
-8
-8
3
10
2
-9
-8
7
12
2
-11
-7
7
14
3
-10
-7
6
10
0
-9
-6
5
9
1
-7
-5
0
3
2
0
-2
-2
-1
1
2
-1
-3
0
3
4
0
-2
-1
3
5
1
0
0
0
3
1
0
-1
-1
0
3
1
0
-2
-1
2
4
0
-2
-4
1
4
4
-4
-6
1
7
4
-5
-8
-1
7
3
-3
-3
0
3
4
-1
-3
-1
1
3
0
-3
-1
1
2
-1
-3
0
1
1
-1
-1
0
1
0
-1
0
0
0
-1
-1
1
2
2
-1
-3
-1
2
2
-2
-3
-1
2
1
-3
-4
0
3
3
-2
-3
0
5
5
-1
-3
0
5
2
-2
-5
1
4
2
-2
-3
1
1
1
0
-1
0
1
0
-1
-2
1
1
0
-1
0
2
2
0
-1
0
2
2
1
0
0
-1
0
0
2
1
-1
-1
0
0
1
1
0
0
0
0
1
0
3
2
2
1
2
1
0
-1
0
0
0
0
2
1
1
-1
-1
2
2
0
-3
1
1
1
-2
-2
1
2
1
-1
-2
-1
1
1
0
-1
0
0
0
-1
-2
-1
1
1
1
0
-1
-3
0
2
1
-1
-1
1
1
0
-1
-2
2
1
0
-2
0
0
2
1
-1
-1
1
2
2
0
-1
1
3
1
0
0
2
1
0
0
0
-1
1
1
0
-1
1
1
0
-1
-1
1
1
-1
-1
-1
1
0
-1
0
1
0
0
0
0
0
0
-1
-1
1
0
0
1
0
0
-1
0
-1
1
0
1
0
1
1
0
1
1
2
1
0
0
2
1
0
-1
0
1
0
-1
0
0
0
0
0
0
0
1
0
0
0
0
0
0
0
0
-1
0
0
0
-1
0
0
1
0
-1
0
0
0
0
1
1
1
0
0
-1
0
0
-1
0
0
0
0
-1
0
0
0
0
0
0
1
0
0
0
0
0
1
0
0
0
0
0
0
0
-1
1
-1
0
-1
0
0
0
0
-1
0
0
0
0
0
0
0
0
0
1
0
0
0
0
0
0
0
0
0
0
0
0
0
0
-1
0
0
0
1
0
0
0
0
-1
0
-1
0
1
0
0
1
0
0
0
0
0
0
0
0
0
0
1
-1
0
-1
0
0
-1
0
0
0
0
-1
0
0
0
0
0
1
0
0
0
0
0
0
0
-1
0
0
0
0
0
0
-1
0
0
0
0
0
0
-1
0
-1
0
0
0
0
1
0
0
0
0
0
0
0
0
0
0
0
0
1
0
0
0
0
1
0
-1
0
1
0
0
0
0
0
0
0
-1
-1
0
0
0
1
0
-1
0
0
-1
0
0
0
-1
0
0
1
0
0
0
0
0
0
1
0
0
0
0
1
0
0
0
1
1
0
0
0
0
0
0
1
0
1
0
0
0
1
0
0
0
-1
1
1
0
-1
0
0
0
0
0
0
0
0
0
0
0
1
0
1
0
0
0
0
0
-1
0
1
0
0
-1
0
-1
0
0
-1
0
0
0
0
0
0
0
0
0
0
0
0
0
0
0
0
0
0
0
0
0
0
0
0
0
0
0
0
0
0
0
0
0
-1
0
0
0
0
0
0
0
-1
0
0
0
0
0
0
0
0
0
0
0
0
0
0
0
0
0
0
0
0
0
0
1
-1
0
0
0
0
0
0
0
1
0
0
0
0
0
-1
0
0
0
0
0
0
0
0
0
0
-1
-1
-1
-1
0
-1
0
0
0
0
0
0
-1
-1
0
-1
0
0
0
-1
0
0
0
0
0
0
0
1
0
0
0
0
0
0
0
0
0
0
1
1
0
0
0
0
0
0
0
0
0
0
0
1
0
0
0
0
0
1
1
0
0
0
0
0
-1
0
0
0
0
0
0
1
0
0
1
0
0
0
1
0
0
1
0
1
1
0
0
0
0
0
0
0
0
0
0
1
0
1
1
-1
0
0
0
0
0
0
0
0
0
0
0
1
0
0
1
0
0
0
1
0
0
0
-1
0
0
0
0
0
0
0
0
0
0
1
0
0
0
-1
-1
0
0
0
0
0
0
0
0
0
0
-1
0
1
0
0
0
0
0
0
0
-1
0
1
0
0
0
0
-1
0
-1
-1
0
0
0
0
1
0
0
0
0
0
0
0
0
1
1
0
1
-1
0
0
0
0
0
0
0
0
0
0
0
0
0
0
0
0
0
0
0
0
0
0
0
0
0
0
0
0
-1
1
0
1
0
0
1
0
0
0
0
0
1
-1
0
0
0
0
0
1
0
0
-1
0
0
0
0
1
0
0
1
-1
-1
0
0
0
0
0
0
0
0
0
0
0
-1
0
0
0
1
0
0
0
0
1
0
-1
-1
0
0
0
-1
0
0
0
0
0
-1
0
0
0
0
-1
0
0
0
0
0
0
0
0
0
0
0
0
0
0
-1
0
0
0
0
0
0
0
0
0
1
0
-1
0
0
0
0
0
0
0
0
0
0
0
0
0
0
0
0
0
0
0
-1
0
0
0
0
0
0
0
0
0
0
0
0
0
1
0
0
0
0
0
0
0
1
0
0
0
1
1
0
0
0
-1
1
1
0
0
0
0
0
0
0
1
0
0
0
1
0
0
0
0
0
-1
0
0
0
0
0
0
0
0
0
0
-1
-1
-1
0
0
0
0
-1
0
0
0
0
0
0
0
0
0
1
0
1
0
0
0
0
0
0
1
-1
0
1
-1
0
0
0
0
0
0
0
-1
0
0
0
-1
0
-1
0
0
0
0
0
-1
0
0
0
0
0
0
-1
0
0
0
0
0
0
0
0
-1
-1
0
0
0
0
0
1
0
0
0
0
0
-1
0
0
0
0
0
0
0
0
0
1
0
1
0
0
1
-1
1
0
0
0
-1
-1
0
0
0
-1
0
-1
0
0
0
-1
0
0
0
0
1
0
0
0
0
0
0
1
0
1
0
0
0
0
0
0
1
0
0
0
1
1
0
0
0
0
0
0
0
0
-1
1
0
0
0
0
0
0
0
1
0
0
-1
0
0
0
-1
-1
0
0
1
0
-1
0
0
0
0
0
0
-1
-1
0
0
-1
1
0
1
0
0
0
0
0
0
1
0
0
0
-1
0
0
0
0
0
1
-1
0
0
0
0
0
0
0
0
0
1
0
0
0
0
0
0
-1
0
0
-1
0
0
-1
0
0
0
0
0
0
0
0
1
0
0
-1
1
0
0
-1
-1
0
0
0
1
-1
0
0
0
-1
1
0
0
0
1
-1
0
0
0
0
0
0
0
0
0
0
0
-1
0
0
0
0
0
0
0
0
0
0
1
-1
0
0
-1
1
0
0
0
0
0
0
0
0
0
0
0
0
0
0
-1
0
0
0
0
0
0
0
-1
0
0
0
-1
0
0
-1
-1
0
0
0
0
0
1
1
-1
0
-1
0
0
0
0
0
0
0
0
1
0
0
0
0
-1
1
0
0
1
0
0
0
0
0
1
1
0
0
0
0
0
-1
0
-1
1
0
1
0
0
1
0
0
1
0
0
0
1
-1
-1
1
0
0
0
-1
0
0
1
0
0
0
0
0
0
-1
0
0
0
-1
0
0
1
1
-1
0
0
0
0
0
0
0
0
0
-1
1
0
0
1
0
0
0
0
1
-1
0
0
0
0
-1
1
0
0
-1
0
0
0
0
0
-1
0
-1
1
0
0
1
0
0
0
0
0
0
0
0
-1
0
0
0
1
0
1
0
0
0
0
-1
0
0
1
1
0
0
0
-1
-1
0
0
0
-1
0
0
1
0
1
0
0
1
0
0
1
0
0
0
0
0
0
0
0
0
0
0
-1
1
0
0
0
0
0
0
0
0
0
0
-1
0
-1
0
0
0
0
0
-1
0
0
0
1
0
0
0
0
0
0
0
0
0
-1
1
1
-1
0
0
0
0
0
0
0
0
0
0
0
0
0
-1
0
0
0
0
0
0
0
0
-1
0
0
0
0
-1
0
-1
0
0
0
0
0
-1
0
0
-1
0
0
0
1
0
0
0
0
0
0
1
0
0
0
0
0
1
0
0
0
1
1
0
0
0
0
0
0
0
0
1
1
1
0
0
-1
0
0
0
-1
-1
0
0
0
0
0
0
0
0
0
0
0
0
0
0
0
0
0
0
0
0
0
1
1
1
0
-1
0
0
0
0
0
0
1
-1
-1
0
0
0
0
0
1
0
-1
0
0
0
0
0
0
0
0
-1
0
0
0
0
1
0
0
0
0
0
-1
1
1
0
0
0
0
1
0
0
0
0
0
0
0
0
0
0
0
0
1
0
0
0
0
0
0
1
0
0
0
0
0
0
0
0
0
0
1
0
-1
0
0
0
0
-1
0
0
0
0
0
0
-1
0
0
-1
0
0
0
-1
1
0
0
0
0
0
0
0
0
0
0
0
0
0
-1
0
-1
0
0
0
0
0
0
0
0
0
1
0
0
0
0
0
0
0
0
0
0
0
1
0
0
0
0
0
0
0
0
0
-1
0
0
1
0
0
0
0
0
0
0
1
0
0
0
0
0
0
-1
0
1
0
0
0
0
0
0
0
0
-1
0
0
0
0
0
0
0
0
1
0
-1
0
1
0
0
-1
0
0
0
0
-1
0
0
0
0
1
0
0
0
0
0
0
0
0
-1
0
0
0
0
0
0
0
0
0
1
0
0
0
0
0
1
0
0
1
0
1
-1
0
0
0
0
0
0
0
0
-1
0
-1
-1
0
0
0
0
0
0
0
0
0
0
-1
0
-1
0
0
0
0
0
0
-1
0
0
0
0
0
0
0
0
0
0
0
0
0
0
0
0
0
1
1
0
-1
0
0
0
0
0
0
0
0
0
0
0
0
0
0
0
0
1
0
0
0
0
0
1
0
0
0
0
0
0
0
-1
-1
0
0
0
0
0
-1
-1
0
0
0
-1
1
0
0
-1
0
0
0
0
0
0
0
0
0
0
0
0
0
0
0
0
1
0
0
-1
0
0
0
0
0
0
1
0
0
-1
-1
0
0
0
0
-1
0
0
0
0
0
1
0
0
1
0
1
0
0
0
0
0
0
-1
0
0
0
0
0
0
1
0
0
0
0
0
0
-1
-1
0
-1
0
0
0
0
0
0
0
0
0
0
0
0
0
0
-1
0
0
0
0
1
0
0
0
0
0
0
0
0
0
0
-1
1
-1
0
0
0
0
0
0
0
0
1
0
1
0
0
0
1
-1
0
0
0
0
0
0
0
0
0
0
-1
0
0
0
0
1
1
0
1
0
0
0
0
0
0
0
0
0
0
-1
-1
-1
-1
0
0
0
0
0
-1
0
0
0
0
0
-1
0
-1
0
1
0
0
1
0
0
-1
0
-1
0
0
0
-1
0
1
-1
0
0
0
0
-1
0
1
0
-1
1
1
0
1
-1
0
0
1
0
0
-1
1
0
0
1
0
0
0
0
1
0
0
0
0
1
0
-1
0
-1
0
1
0
1
-1
0
1
0
0
0
0
0
-1
0
0
0
0
0
0
0
0
0
0
-1
0
1
0
1
0
-1
0
0
1
0
0
0
0
0
0
-1
0
-1
0
0
0
0
0
0
0
1
0
1
0
0
0
0
0
-1
0
0
0
0
0
-1
0
0
0
0
0
0
1
0
0
0
0
1
0
0
0
0
0
0
0
0
0
-1
0
1
0
0
0
0
0
0
0
0
0
0
0
0
0
0
0
-1
1
0
0
0
-1
0
0
0
1
0
0
0
-1
0
0
0
0
1
1
0
1
0
0
-1
0
-1
0
0
0
0
0
0
0
0
0
0
0
0
0
1
0
0
0
0
0
0
0
0
0
0
0
0
0
0
0
0
0
0
1
0
0
0
1
0
0
0
0
0
0
0
0
1
1
0
0
1
0
0
0
0
0
1
0
0
-1
1
0
-1
-1
0
0
0
0
0
1
0
1
0
0
0
1
0
-1
0
-1
0
0
-1
0
0
0
-1
0
0
0
0
0
0
0
0
1
-1
0
0
0
0
-1
0
0
0
0
0
1
0
0
0
0
0
0
0
0
1
1
0
0
0
0
0
0
0
0
0
1
0
-1
0
0
0
0
0
0
0
0
0
0
1
0
1
1
1
0
0
0
0
0
0
0
0
0
0
0
0
-1
0
0
0
-1
0
-1
0
0
0
0
0
0
0
-1
1
0
1
0
0
0
0
1
1
0
-1
0
1
-1
0
0
0
0
0
0
0
0
0
0
0
0
0
1
-1
0
0
0
0
0
0
0
-1
0
-1
0
0
0
0
0
-1
0
1
0
0
0
1
0
0
0
0
0
0
0
0
0
0
0
0
0
0
1
0
1
0
-1
-1
-1
0
0
0
0
0
0
0
-1
0
0
1
-1
0
1
0
0
0
0
0
0
0
-1
0
0
0
0
0
0
0
0
0
0
0
0
0
0
0
0
0
0
0
0
0
0
1
0
1
0
0
0
1
0
0
-1
1
0
-1
0
0
-1
0
0
0
0
-1
0
0
0
0
1
0
0
0
1
0
0
1
-1
0
0
0
0
0
0
-1
0
1
0
0
0
1
-1
0
0
0
-1
0
0
0
-1
0
1
0
-1
0
0
-1
-1
0
0
0
0
-1
-1
-1
0
0
0
0
0
0
0
0
0
1
0
-1
0
1
0
1
0
0
0
-1
0
0
0
0
0
0
-1
1
0
0
0
0
1
0
0
0
-1
0
1
0
0
0
0
0
0
0
0
0
0
-1
1
-1
0
1
0
0
0
0
0
0
0
0
0
0
0
0
0
0
0
1
0
0
0
0
-1
1
0
0
0
0
0
0
0
0
0
0
0
0
-1
0
0
0
-1
0
0
1
1
0
0
0
0
-1
0
1
0
-1
0
0
0
0
-1
0
0
0
0
0
-1
-1
0
0
0
0
1
0
0
0
0
-1
0
0
0
0
0
0
0
0
1
0
-1
0
0
-1
0
0
0
0
0
0
0
0
0
0
0
1
0
0
0
0
-1
-1
0
-1
0
0
0
-1
0
0
0
0
1
1
-1
0
0
-1
-1
0
0
-1
0
0
-1
0
0
-1
1
-1
0
0
-1
0
0
0
0
0
0
0
1
0
0
-1
1
1
0
0
0
0
0
0
0
0
0
1
0
0
0
0
0
0
-1
0
0
-1
0
0
1
0
0
1
0
0
0
1
0
0
0
0
0
0
1
-1
0
0
0
1
0
-1
0
0
0
0
0
-1
0
0
0
0
1
0
0
1
0
0
0
1
0
0
0
0
0
1
0
0
0
0
0
0
0
1
0
0
0
0
-1
0
0
-1
-1
0
-1
0
0
0
1
1
0
0
0
-1
1
0
0
0
0
1
0
1
0
0
1
1
0
0
0
0
0
-1
0
0
0
-1
0
0
1
0
0
0
0
1
0
1
0
0
0
0
-1
0
0
0
0
0
-1
0
0
0
1
1
0
0
-1
0
0
1
0
0
-1
1
0
0
0
0
-1
0
0
0
0
0
0
0
0
0
0
0
1
0
0
0
-1
0
1
0
0
1
-1
0
-1
-1
0
0
0
0
0
0
0
0
-1
0
-1
1
0
1
1
0
0
0
0
0
0
0
0
0
0
0
0
0
0
1
0
-1
0
0
0
0
0
0
-1
0
0
-1
0
0
0
0
0
0
0
1
1
0
0
0
0
0
0
0
-1
0
0
0
0
0
0
-1
-1
0
0
0
0
0
1
0
1
-1
0
0
-1
0
0
0
1
0
0
0
0
0
0
0
1
0
1
0
0
0
-1
-1
0
0
0
0
1
0
-1
0
0
0
0
1
0
-1
0
0
0
0
0
1
0
0
0
0
0
0
0
0
0
0
1
0
0
0
0
0
0
0
0
0
0
0
0
0
-1
-1
0
0
0
0
0
0
-1
0
0
-1
0
0
0
0
0
0
0
0
0
0
0
0
0
0
0
0
0
-1
0
0
1
0
0
-1
1
0
0
0
0
0
0
0
0
0
0
-1
1
0
0
-1
0
0
0
1
0
-1
0
0
0
0
0
0
0
1
-1
0
-1
0
-1
-1
0
0
0
1
0
0
0
0
0
1
0
-1
-1
0
0
0
0
0
0
0
-1
0
-1
0
1
0
0
0
0
1
0
0
0
0
0
-1
-1
0
0
0
0
-1
0
1
0
1
0
0
0
0
-1
0
0
0
-1
0
0
0
0
0
0
0
0
-1
0
0
0
1
0
1
0
-1
0
1
0
0
-1
0
0
0
0
0
0
1
0
1
0
0
0
0
0
1
0
1
0
0
0
1
0
0
0
1
0
-3
0
1
0
0
0
0
2
2
-2
-4
0
2
1
-1
-1
-1
-2
-3
-5
-3
0
-13
-18
3
17
-17
-37
21
0
-117
55
354
97
-292
-38
225
-71
-219
52
83
-195
-143
265
301
-133
-273
23
90
-85
8
196
68
-95
-9
48
-36
-22
58
26
-1
27
-34
-105
-51
-12
-71
-78
7
32
-23
-26
24
-3
-70
-30
46
19
-12
44
52
0
8
19
-20
-5
43
21
8
61
62
24
32
6
-49
-31
13
31
35
8
-25
-25
-7
-11
-50
-39
46
24
-105
-42
191
148
-131
-46
364
397
43
-86
13
-44
-198
-170
-40
-99
-229
-119
-46
-187
-174
-21
26
21
-24
-22
91
69
-64
-46
86
104
-4
30
173
87
-62
46
136
-12
-150
-146
-73
20
35
-11
6
4
-110
-124
46
92
-3
95
195
50
-4
79
-5
-167
-113
130
102
-219
47
849
747
-288
-550
95
71
-481
-144
485
91
-484
-214
-1
-420
-533
-41
214
73
104
271
153
-123
-247
-241
-35
497
932
851
535
199
-332
-668
-342
18
-112
-79
252
59
-479
-497
-288
-363
-252
166
293
185
240
121
-313
-398
-89
5
21
297
448
189
-78
-22
-14
-293
-259
156
199
33
184
164
-204
-239
-39
-142
-217
19
101
-52
-42
60
9
-56
-52
-157
-274
-51
323
338
101
-29
-92
-8
254
186
-118
22
261
37
-55
248
179
-188
-42
196
-200
-342
316
446
-235
-277
156
-110
-425
-20
343
232
80
60
124
199
85
-140
-130
-80
-209
127
785
401
-549
-331
317
-132
-593
86
639
178
-207
13
-19
-435
-418
57
329
140
-107
107
240
-341
-594
-3
190
-30
256
417
54
-24
40
-248
-283
4
-26
-56
182
-8
-513
-441
-82
-215
-446
-118
369
169
-362
-112
237
-214
-185
309
-109
-273
509
423
-375
-203
289
-13
-303
-141
-131
31
362
112
-87
192
24
-364
-212
168
368
127
-234
58
337
-122
-172
363
208
-139
141
198
37
337
439
70
-41
262
660
659
208
100
272
139
250
472
59
42
647
254
-626
-415
197
144
-193
7
527
193
-667
-546
116
66
-90
283
195
-348
-194
-115
-667
-378
308
-228
-878
-321
139
-593
-1125
-572
-314
-548
-279
-31
-219
-369
-354
-240
-468
-858
-418
141
-379
-964
-677
-425
-604
-504
-290
-388
-319
-239
-664
-788
-212
115
-12
-161
-176
178
343
-63
80
624
456
300
667
836
610
194
191
814
1034
676
684
978
916
859
1245
1395
932
669
888
924
724
961
1479
1101
137
502
1553
1043
261
984
1317
549
548
1221
1501
1364
846
564
903
820
357
781
1232
260
-660
-198
-145
-1086
-1147
-603
-887
-1253
-1374
-2166
-2967
-2941
-2910
-3301
-3498
-3211
-3031
-3670
-4415
-4304
-4277
-4694
-3898
-2114
-1468
-1594
-1016
-604
-875
-483
486
1055
1686
2366
2348
2324
2906
3064
2490
2157
2206
2329
2543
2397
1880
1522
954
177
-103
-49
14
-41
-221
-14
332
75
-423
-483
-137
83
219
831
1508
1519
982
715
1235
1600
1506
1994
2476
2302
2384
2499
2177
2116
2368
2378
2108
2021
2256
2182
1845
1873
1732
1011
394
-52
-464
-581
-618
-625
-721
-1316
-1900
-2372
-3094
-3314
-3242
-3895
-4678
-5021
-5500
-6489
-7709
-8731
-9527
-9484
-7028
-2653
205
-601
-3104
-3848
-2177
-186
1263
3116
5098
5654
4676
4413
6113
6884
4618
2353
3072
5612
6946
5819
4031
2551
266
-1799
-1571
214
1119
-168
-2394
-3207
-2460
-2194
-3410
-4664
-4520
-3517
-2567
-1640
-808
-823
-2117
-3513
-3085
-760
1418
2052
1836
1983
2636
3149
3184
3260
3775
4157
4149
4653
5696
5574
3700
2025
2014
2632
2546
2169
2242
2212
1433
619
681
1003
467
-437
-268
903
1582
1134
188
-908
-1985
-2172
-1161
-304
-668
-1493
-1842
-2000
-2299
-2453
-2687
-3760
-5400
-6353
-6493
-6980
-8209
-9813
-11902
-13229
-10424
-3381
1720
29
-4618
-5290
-1795
781
1227
3097
6571
7114
4440
4447
8663
10555
6606
2344
3071
6349
7681
6895
5544
3308
64
-2190
-1776
253
1161
-642
-3772
-5141
-3679
-1951
-2747
-5265
-6466
-5416
-3894
-2864
-1609
-739
-1904
-3856
-3290
-61
2533
2674
1854
2026
3230
4297
4734
5025
5247
4944
4701
5775
7495
7502
5342
3209
2565
2665
2818
3160
3086
1698
-72
-444
246
72
-1214
-1960
-1425
-582
-130
28
-547
-2359
-4074
-3596
-1414
-248
-1014
-2013
-2247
-2451
-2815
-2902
-3391
-4932
-6595
-7342
-7493
-8178
-10172
-12990
-14241
-10777
-3038
3209
2638
-2886
-6029
-3614
469
3438
5730
6616
6006
5884
7360
9346
9540
7390
4826
3483
4330
7265
9495
7902
2838
-1952
-3348
-1828
330
1176
-524
-3804
-5592
-4431
-2542
-2729
-4825
-6632
-6721
-5169
-2768
-619
-100
-1835
-4206
-4352
-1485
2102
3922
3773
2866
2285
2882
4734
6360
6307
5236
4990
6266
7989
8412
6759
4116
2315
2059
2831
3670
3446
1702
-518
-1669
-1467
-907
-966
-1709
-2481
-2555
-1543
120
734
-951
-3605
-4603
-3191
-955
127
-666
-2174
-2714
-2352
-2054
-1986
-2523
-4121
-5719
-6064
-5744
-6067
-7579
-10492
-13573
-13185
-7547
387
5436
3534
-3582
-8266
-5774
1276
7109
7857
4652
1808
2622
7088
10965
9726
4516
421
620
4326
8063
8725
5743
754
-3213
-3796
-1408
1569
2232
-278
-3102
-3977
-3502
-2462
-1759
-2289
-3657
-4938
-4675
-2028
1059
1775
-367
-3189
-3881
-1734
1492
3516
3362
1739
63
-341
994
2949
3852
3218
2105
2119
3605
5074
4907
3036
699
-474
457
2443
3336
2572
1047
-573
-1304
-171
1754
2411
1574
427
-112
474
1659
1721
230
-1195
-1275
-118
1153
1273
454
-263
-731
-1008
-732
-4
327
-196
-847
-904
-663
-769
-1343
-1858
-1915
-1990
-2651
-3645
-4272
-4440
-4631
-4654
-3991
-3018
-2468
-2646
-3220
-3524
-3454
-3171
-2471
-1471
-858
-1111
-1682
-1498
-575
104
103
-208
-348
-276
-90
472
1337
1802
1532
795
282
824
2095
2842
2811
2492
2070
1818
1961
2383
2861
2943
2459
1936
1678
1575
1615
1584
1268
991
1031
1167
1086
732
379
233
182
132
253
702
1149
1112
825
758
659
106
-493
-333
363
701
722
830
701
227
-205
-448
-462
-115
485
976
1075
798
511
586
717
511
429
815
1162
1119
963
955
917
596
344
559
952
1106
991
645
30
-697
-1151
-1242
-1385
-1879
-2563
-3182
-3601
-3749
-3795
-4140
-4812
-5164
-4660
-3656
-2992
-3031
-3388
-3571
-3456
-3032
-2284
-1514
-1131
-983
-562
107
390
-6
-495
-346
331
986
1562
2090
2048
1287
654
786
1335
1799
1999
1879
1569
1325
1262
1493
2023
2356
2022
1370
1101
1358
1818
2098
1834
1006
248
320
1168
1922
1900
1211
394
-82
46
676
1252
1240
648
-14
-272
-69
244
282
-35
-413
-466
-96
376
490
134
-398
-724
-612
-134
274
221
-141
-302
-8
547
1001
1116
940
764
872
1256
1642
1698
1368
1015
1048
1378
1567
1447
1153
739
316
155
234
135
-316
-801
-1034
-1040
-1016
-1201
-1740
-2481
-3033
-3132
-2900
-2693
-2730
-2959
-3239
-3422
-3276
-2683
-1977
-1640
-1652
-1615
-1407
-1227
-1056
-739
-533
-718
-898
-614
-151
-35
-178
-257
-389
-493
-158
431
728
564
227
246
622
870
875
750
655
876
1384
1892
2122
1853
1282
965
1210
1743
2030
1881
1395
762
484
854
1276
1076
556
350
372
362
435
560
507
263
28
10
182
348
297
-86
-484
-495
-148
301
470
217
-124
-423
-600
-315
210
387
179
-77
-95
125
291
263
136
18
-18
30
219
606
870
766
548
415
397
487
582
817
1220
1415
1320
1154
981
822
710
703
801
807
622
392
232
15
-368
-781
-1150
-1548
-1919
-2175
-2350
-2495
-2647
-2855
-3152
-3319
-3110
-2736
-2493
-2341
-2181
-2029
-1968
-1956
-1728
-1307
-983
-726
-377
-73
16
-39
-69
19
238
507
752
915
814
413
174
469
969
1148
1015
938
1033
1130
1191
1365
1550
1422
1082
998
1159
1187
1116
1153
1168
1049
1029
1175
1088
678
439
537
656
623
525
415
154
-229
-330
-44
190
147
22
-75
-245
-522
-687
-536
-239
-94
-119
-144
-87
-65
-121
-23
230
419
628
891
950
715
444
464
765
1017
1053
967
864
760
685
750
917
841
329
-285
-466
-94
457
695
328
-405
-887
-815
-370
18
-14
-431
-971
-1254
-921
-364
-444
-1140
-1637
-1592
-1303
-960
-653
-710
-1179
-1524
-1454
-1208
-990
-1025
-1383
-1590
-1420
-1160
-969
-915
-964
-992
-1075
-1096
-774
-283
-41
-234
-590
-629
-300
80
302
403
477
449
306
325
555
702
708
789
885
784
659
791
987
914
682
641
830
967
899
737
580
439
397
529
670
587
355
285
494
768
871
755
535
386
375
404
416
480
565
545
426
326
287
281
251
182
169
213
155
-6
-49
14
-18
-96
-22
214
431
428
186
-22
14
111
37
-50
57
208
234
163
110
136
85
-82
-87
53
110
146
159
73
-35
-254
-525
-454
-178
-201
-424
-512
-484
-521
-682
-824
-868
-903
-914
-885
-930
-1031
-1042
-950
-899
-940
-934
-848
-848
-949
-953
-805
-641
-498
-378
-412
-594
-648
-410
-30
244
253
25
-230
-328
-217
78
388
395
42
-258
-161
128
222
173
277
456
393
194
231
474
539
399
450
736
830
594
379
405
448
364
409
709
944
777
333
143
329
542
631
492
169
86
373
765
816
360
-101
-336
94
2089
4264
3697
167
-3415
-3985
-1276
2085
3363
1769
-1129
-2796
-2090
2
1492
1738
1796
2133
2036
551
-1980
-3398
-2724
-837
1721
4062
4808
3156
-484
-3612
-3869
-1476
1683
3045
1459
-1302
-3002
-2919
-1753
-720
-114
333
405
-8
-414
-461
-632
-1270
-1615
-1078
-338
-89
-34
140
-72
-1110
-2390
-2832
-2065
-853
-227
-449
-1046
-1624
-1974
-1777
-1165
-757
-771
-853
-686
-389
-121
10
-303
-557
-198
-34
-4
770
1415
829
-272
-293
661
792
627
1339
1290
601
1134
1772
1830
2361
2343
1155
432
360
222
619
1268
1087
569
283
-82
-378
-216
622
1299
663
267
956
293
-930
-26
863
314
742
1555
912
705
1352
798
216
788
991
1026
1006
339
862
1777
772
303
755
-336
-411
1520
1386
-463
-911
-408
426
1277
713
-547
-884
-811
-744
-382
-297
-886
-1380
-1203
-1004
-1301
-1573
-1925
-2883
-3414
-2652
-2067
-2888
-4099
-4720
-5000
-4842
-3666
-1852
-565
-557
-1786
-3301
-3550
-2002
332
2230
2762
1592
59
-9
1288
2518
2729
1721
472
731
2464
3535
2784
1132
-146
-351
481
1509
2126
2133
1067
-713
-1449
-363
801
678
424
637
188
-747
-764
269
806
-108
-935
-359
640
1471
1748
637
-205
526
1003
1297
2285
2075
912
711
816
1073
1760
1747
1136
810
1199
1981
1643
893
1443
1526
686
1052
1373
659
1022
1684
747
-84
616
1574
1419
278
-787
-964
162
1352
329
-1196
-372
502
-330
-836
-1097
-1655
-1422
-1474
-2129
-1659
-1245
-2275
-3541
-4565
-4785
-3856
-4146
-6460
-8390
-8735
-7094
-2966
1239
1696
-2189
-6901
-7786
-3576
2277
5581
5006
1932
-1027
-1307
1686
5258
5964
3788
1905
2479
4273
4942
4052
2548
966
-69
573
2743
4219
3112
23
-2851
-3710
-2170
512
2139
1361
-1194
-3632
-4101
-2231
-54
6
-1596
-2298
-1378
-196
484
464
-210
-442
561
2096
3005
2973
2495
2022
1985
2457
3122
4047
4265
3232
2709
2539
1818
2028
2715
2704
2714
2250
1294
1003
1039
881
336
-335
-30
931
1035
-450
-2627
-3122
-1254
710
1002
-16
-1362
-2486
-2915
-2448
-1759
-1225
-556
-397
-1640
-3449
-4634
-5459
-6135
-6126
-5966
-6739
-8410
-10555
-11934
-9447
-2517
2984
787
-6892
-11107
-6659
2162
7482
7007
4199
1881
710
1847
5631
9141
9316
7032
5268
5034
5421
6041
6615
5669
2629
233
1646
5306
6010
1879
-3195
-4911
-3173
-468
1180
440
-2697
-5925
-6798
-5102
-2658
-1595
-2155
-3196
-3935
-3839
-2816
-1391
-531
-860
-878
570
2037
3087
4208
4343
3545
3579
5079
6951
7525
6281
4467
3557
3988
5039
5654
5186
3370
1171
562
1621
2373
1895
593
-1097
-2229
-1604
-37
-198
-2461
-3788
-2765
-1430
-1193
-1867
-3005
-3293
-2666
-2508
-1983
-765
-1119
-2931
-4087
-3907
-3177
-3730
-5437
-6378
-7235
-9092
-10943
-12288
-12485
-9203
-1678
4554
1394
-9373
-15012
-8025
4281
10302
8309
4554
2183
421
695
5040
10641
12454
9823
6072
3771
3819
6061
8217
6951
2415
-391
2179
6546
6236
755
-4428
-5410
-3015
155
1899
844
-2618
-6360
-8215
-7240
-3959
-421
484
-2531
-6811
-7737
-4311
-516
225
-959
-1386
-457
991
2464
3698
4208
4062
4417
6029
7686
7665
6312
5181
4648
4565
5474
6902
6599
3809
1114
1004
2568
3324
2352
395
-1485
-2244
-1466
-273
-491
-2370
-4004
-3790
-2693
-2452
-2846
-2903
-3089
-3774
-3682
-2170
-790
-1134
-2782
-4095
-4263
-4010
-4174
-4682
-5685
-7805
-10382
-12097
-12811
-11738
-6408
1755
4612
-3051
-13402
-13241
-1611
8969
10160
6635
4492
2534
-37
1385
8287
14250
13437
7738
2856
2027
4889
8650
9345
5365
536
212
3831
5627
3054
-525
-2040
-2239
-2124
-935
733
214
-3253
-6942
-7843
-5380
-1511
393
-1785
-6201
-8391
-6121
-1978
-122
-988
-1787
-1601
-1625
-1021
1628
4323
4682
4002
4467
6025
7425
7448
5847
4360
4795
6567
7742
7057
4564
2055
1657
3082
4200
3969
2651
473
-1834
-2604
-1105
698
-19
-3063
-5221
-4811
-3365
-2566
-2677
-3603
-4741
-4885
-3744
-2181
-1209
-1622
-3122
-4108
-3952
-3608
-3558
-3956
-5755
-8698
-10699
-11160
-11616
-11903
-8944
-1736
3684
-454
-11159
-15039
-6083
5820
9884
7694
5403
3112
-524
-1207
5120
13656
15558
9551
2631
605
3375
7732
9941
7606
2672
85
1520
3648
3621
2243
718
-1393
-3262
-2366
712
1494
-1884
-5901
-7083
-5398
-2214
209
-1001
-5276
-7934
-6380
-3117
-1213
-840
-1120
-2089
-3391
-2967
499
4527
5447
3728
3116
4847
6661
6891
6257
5942
6107
6439
6810
6698
5478
3959
3560
3834
3662
3486
3314
1593
-1317
-2384
-566
1401
811
-2146
-4918
-5140
-3330
-1727
-1437
-2415
-4098
-5431
-5250
-3245
-1017
-377
-1574
-3769
-4912
-4052
-3264
-3698
-4663
-6389
-8602
-10198
-11239
-12005
-11189
-6442
1023
3202
-4996
-14363
-11832
284
8682
8437
5730
4642
2045
-1987
312
10099
16717
13400
4872
-245
1877
7010
9569
8673
5529
2278
1167
1885
2982
3738
3374
820
-3015
-4002
-557
2394
584
-3687
-6182
-6039
-4411
-2104
-875
-2669
-6058
-7527
-6111
-3603
-1536
-568
-1440
-3752
-4851
-2591
1450
3706
3384
2905
3693
4723
5325
6133
6923
6492
5236
5082
6383
7103
5846
3826
2970
3504
4268
4252
3082
1152
-319
-329
585
831
-504
-2694
-4172
-3976
-2458
-1047
-1428
-3829
-6010
-5485
-2753
-481
-183
-1531
-3518
-4802
-4324
-2457
-987
-1742
-4640
-7280
-7716
-7158
-7799
-9775
-12122
-12823
-8357
271
3815
-4091
-14411
-12761
-650
7818
7691
6088
5748
1142
-5478
-2273
10511
18348
13952
4093
-912
1565
5731
7853
8526
7497
4816
1704
-186
1083
4788
6712
3333
-2727
-4327
-381
2262
103
-3074
-3924
-3498
-3214
-2511
-1578
-2374
-5295
-7255
-5824
-3020
-1397
-725
-1544
-4738
-6640
-3370
1763
3460
2544
2328
2568
2001
2254
5196
8447
7744
4028
2767
5098
6637
5659
4799
5034
4875
4141
3804
3710
2895
1217
-185
-211
589
781
14
-1129
-2166
-2581
-2235
-2053
-2777
-3395
-2707
-1636
-1808
-2865
-3297
-2904
-2730
-2963
-2743
-2145
-2511
-4342
-6115
-6523
-6804
-8291
-10066
-11149
-11367
-9223
-3259
2115
-1255
-11234
-14333
-5607
4536
7203
5319
4188
2013
-2772
-2981
6188
15806
15156
6399
-514
-632
3363
7737
10670
9883
5189
589
-922
928
5121
7789
5298
-368
-3664
-2093
906
928
-1057
-1685
-1753
-3548
-4918
-3327
-1709
-3167
-5226
-4878
-3353
-2926
-3523
-3975
-4171
-4373
-3512
-807
1625
1465
201
454
1965
3625
5301
6017
4891
3624
4214
5828
6488
5972
5308
4888
4407
4056
4410
4897
4055
1957
608
1070
1946
1535
-59
-1669
-2380
-1904
-982
-1064
-2486
-3937
-4227
-3418
-2365
-2041
-2789
-3855
-4248
-3822
-2841
-1822
-2105
-4334
-6697
-7065
-6180
-6475
-8357
-10512
-12069
-11229
-6077
377
798
-6954
-13645
-9617
867
6601
5554
3963
3291
-795
-4689
1093
12840
16877
9849
889
-1354
2384
6351
9093
10884
8937
3282
-1156
-876
3473
8055
7937
2570
-2339
-2158
619
1330
380
382
189
-2222
-4804
-4294
-1658
-1170
-3644
-4973
-3457
-2476
-3659
-4539
-3982
-3365
-2719
-1307
-191
-266
-242
1006
2540
3286
3788
4498
4390
3317
3466
5776
7514
6391
4318
4049
4979
5177
4833
4868
4434
2710
1208
1568
2605
2184
491
-773
-1083
-1074
-1139
-1476
-2428
-3476
-3384
-2237
-1797
-2860
-4038
-4047
-3425
-3040
-2678
-2440
-3359
-5135
-5854
-5103
-5234
-7600
-10261
-11493
-11703
-10214
-5270
264
-662
-9055
-14500
-8942
1350
5986
4562
3249
1904
-2433
-5126
1780
13546
15943
7737
-991
-2309
2686
7332
9694
10389
8458
3308
-1551
-1163
4549
9789
8414
2083
-2248
-1519
991
1665
1348
1577
713
-2190
-3975
-2584
-1038
-2253
-3977
-3309
-2044
-2904
-4676
-4821
-3682
-2858
-2393
-1737
-1141
-872
-770
-554
297
2171
4156
4574
3196
2004
3019
5558
6908
6026
4522
3777
3788
4526
5569
5440
3629
1713
1211
1896
2612
2477
1328
-343
-1562
-1471
-482
-292
-1444
-2525
-2831
-3176
-3539
-3172
-2408
-2135
-2641
-3629
-4231
-3984
-3944
-4853
-5693
-6064
-7033
-8700
-10279
-11637
-11669
-7997
-1781
552
-5061
-12720
-12303
-3127
5023
6074
3848
1946
-1336
-4514
-1009
9270
15977
11515
1506
-3009
873
7238
10773
11018
8782
4193
-646
-1309
3920
10180
10365
3845
-2235
-2132
1673
3612
2879
1873
558
-2096
-3819
-2111
505
-269
-3656
-5251
-3884
-2379
-2472
-3296
-4147
-5031
-4896
-2695
50
662
-928
-2166
-1310
1068
3411
4403
3675
2361
2171
3458
5029
5881
5790
4700
3215
2951
4488
5904
5103
2807
1502
2030
2976
3020
2113
520
-1269
-1969
-889
500
165
-1883
-3935
-4695
-4007
-2504
-1367
-1716
-3459
-4950
-4790
-3798
-3735
-4728
-5845
-7110
-8700
-9810
-10230
-10522
-9540
-5562
-1348
-2885
-9948
-13451
-7454
1587
4472
2337
1346
775
-2564
-3901
3015
12844
14002
5506
-1771
-560
5123
8816
9719
9194
6292
1250
-1267
2605
9439
11466
6044
-983
-2589
1131
4567
4720
3368
1605
-1724
-4874
-3321
2062
3912
-994
-6589
-6713
-3246
-1207
-1206
-1481
-2813
-5883
-7272
-3907
1129
2580
257
-1966
-1779
141
2197
3375
3612
3494
3381
3238
3193
3701
4807
5470
4793
3936
4535
5407
4178
1854
1651
3511
4166
2481
589
-184
-648
-1038
-580
192
-351
-2350
-4049
-4063
-2820
-1719
-1800
-3203
-4894
-5175
-3872
-3059
-4004
-5591
-7080
-8854
-10052
-9588
-8396
-7179
-5102
-3337
-5174
-9899
-11254
-5466
2311
4292
883
-1374
-980
-1302
-838
4718
11585
10929
2954
-2227
1265
8034
10522
8633
6369
4261
1262
261
4537
10535
10807
4123
-2334
-2228
2378
5426
5189
3689
1162
-2767
-4981
-2229
2847
4164
-5
-5225
-6803
-4759
-2070
-494
-252
-1686
-4436
-6293
-5170
-1706
1199
1321
-496
-1430
-444
702
867
1413
3236
4622
4064
2936
3160
4050
3983
3667
4684
6036
5326
2753
1095
1827
3471
3972
2985
1449
25
-1073
-1311
-343
661
-173
-2745
-4620
-4090
-2235
-1227
-1850
-3403
-4931
-5666
-5224
-4135
-3710
-4956
-7645
-10350
-11492
-10481
-7745
-4188
-1781
-3523
-9481
-13667
-9816
-575
4835
2833
-1186
-2701
-3146
-2883
1795
10010
13079
6291
-2485
-2799
4586
10750
11369
8987
5472
689
-2238
1393
9536
13381
8210
-390
-3947
-1013
3652
6405
6721
4182
-1052
-5346
-4277
1145
4811
2880
-2084
-5294
-5219
-3456
-1558
-346
-686
-2672
-4703
-4838
-2847
-465
283
-730
-1488
-458
1303
1777
969
778
2102
3580
3851
3568
3749
3772
3068
2963
4483
5992
5309
2994
1576
2253
3765
4279
3282
1423
-403
-1306
-774
560
1047
-525
-3429
-5215
-4249
-1906
-932
-2078
-4073
-5867
-6930
-6610
-5211
-4658
-6441
-9680
-11884
-10835
-6294
-1482
-1592
-7620
-12847
-10147
-1921
2985
1620
-966
-1677
-2635
-3339
835
8893
11858
5393
-2382
-1773
5489
10464
9728
6982
4839
2366
410
2506
8339
11446
7176
-220
-2680
1217
5539
5979
4166
2436
103
-2687
-2623
1408
4573
2157
-3421
-5968
-3911
-1034
-262
-1000
-2181
-3964
-5662
-5084
-1816
965
267
-2550
-3839
-2431
47
2032
2898
2402
941
-61
925
3706
5896
5385
3097
1871
2802
4500
5479
5422
4446
2791
1435
1650
3281
4266
2841
-102
-1956
-1636
-514
-163
-659
-1674
-3298
-4916
-5009
-3307
-1898
-2951
-5784
-7669
-7386
-6429
-6557
-7885
-9489
-9994
-7969
-4191
-2706
-6162
-10762
-10153
-4093
1410
2441
677
-1572
-3965
-4627
-147
7938
11883
7098
-906
-3199
1794
8199
10961
9783
6271
1893
-747
1473
7861
12388
9701
2077
-2826
-1071
3933
7103
6976
4342
94
-3444
-2969
1397
4862
3429
-1334
-4807
-4842
-2780
-626
311
-911
-3783
-5745
-4805
-2061
-222
-528
-2069
-3113
-2612
-929
734
1566
1532
1067
788
1332
2823
4280
4368
3270
2788
3856
5048
4843
4037
4184
4852
4544
3423
2843
2849
2339
1380
1128
1479
899
-993
-2558
-2389
-1334
-1227
-2412
-3695
-4349
-4812
-5359
-5492
-5295
-6014
-8123
-10133
-10515
-9242
-6716
-3812
-3301
-7142
-11774
-10868
-3963
2194
2429
-1122
-3766
-4313
-3324
329
6290
9366
5309
-1780
-3465
2219
8801
10219
7255
3989
2033
1240
2912
7586
11152
8626
1893
-1551
1399
5878
6866
5174
3365
1171
-1531
-1914
1289
4108
2388
-2068
-4263
-2918
-978
-640
-1393
-2371
-3556
-4507
-4162
-2518
-1090
-1297
-2861
-3973
-3081
-840
463
-23
-703
-292
545
1083
1889
3126
3635
2922
2383
3203
4529
4954
4510
4030
3803
3814
4074
4177
3594
2606
1897
1597
1352
913
273
-418
-979
-1267
-1373
-1793
-2821
-3838
-4133
-4064
-4403
-5273
-6514
-8003
-9155
-9388
-8804
-7407
-5088
-3576
-5588
-10049
-11301
-6269
412
2197
-840
-3643
-3937
-3166
-1285
3134
7657
6945
870
-3430
-495
6297
9817
8232
5070
2826
1402
1717
5372
10084
10328
4809
-507
104
4615
7087
6022
4095
2276
-95
-1271
1040
4499
4135
-410
-4092
-3489
-734
601
-45
-1482
-3255
-4814
-4733
-2677
-596
-559
-2450
-4271
-4235
-2293
-77
778
227
-630
-1017
-588
863
2742
3627
2903
1739
1769
3182
4596
4807
4149
3678
3611
3539
3542
3839
3840
2936
1758
1397
1655
1341
206
-710
-786
-610
-885
-1550
-2294
-3130
-4062
-4671
-4654
-4590
-5529
-7623
-9610
-10079
-8845
-6601
-4259
-3651
-6581
-11039
-11316
-5315
1283
2063
-1886
-4836
-4588
-3009
-536
3897
7633
5625
-1028
-4150
662
7801
9786
6603
3133
1575
1118
2411
6604
10546
8914
2394
-1781
623
5647
7627
6095
3667
1293
-859
-932
2181
5316
4214
-399
-3742
-3310
-988
421
148
-1168
-2984
-4515
-4592
-2980
-1183
-1205
-2914
-3962
-3232
-1854
-978
-705
-639
-626
-776
-563
656
2154
2499
1668
1258
2301
3797
4280
3776
3253
3335
3964
4577
4670
4095
3042
2221
2149
2440
2525
2080
948
-306
-909
-835
-505
-560
-1414
-2524
-3243
-3494
-3476
-3753
-4756
-6306
-7847
-8646
-8582
-7919
-6295
-4307
-4407
-7571
-10513
-8713
-2747
1332
175
-2772
-3593
-2763
-1679
712
4923
7200
3821
-1764
-2369
2989
8067
8094
5141
3002
1660
666
2261
6923
10162
7580
1463
-1416
1347
5484
6794
5670
3990
1679
-1054
-1436
1747
4784
3735
-292
-3235
-3233
-1815
-798
-330
-507
-1933
-4028
-4951
-3696
-1617
-981
-1990
-2983
-3005
-2445
-1763
-994
-291
-2
-96
-183
106
782
1520
2197
2948
3503
3426
2942
2828
3485
4531
5236
5089
4110
2790
1912
2137
3197
3743
2767
870
-466
-640
-233
88
111
-462
-1963
-3669
-4095
-3193
-2735
-3821
-5601
-6937
-7739
-8291
-8510
-8041
-6673
-5056
-4898
-7021
-9218
-8145
-3877
-279
-31
-1642
-2616
-2845
-2712
-710
3611
6574
4409
-566
-2172
1406
5797
7127
6068
4389
2048
-158
830
5829
10161
8644
2637
-1395
-53
3796
6287
6758
5499
1996
-2166
-2907
1057
5417
5273
941
-3251
-4385
-2975
-698
1173
1216
-1411
-5060
-6473
-4368
-987
443
-954
-3321
-4517
-3998
-2349
-390
830
566
-762
-1718
-1077
1004
2978
3522
2890
2179
2019
2533
3569
4597
5157
5141
4472
3418
2822
3076
3619
3895
3769
3044
1776
618
196
404
634
437
-201
-1213
-2460
-3338
-3226
-2680
-2942
-4241
-5724
-6770
-7347
-7592
-7648
-7493
-6823
-5569
-4740
-5863
-8405
-8813
-4889
14
953
-1708
-3606
-2995
-1586
-47
2671
5546
5048
659
-2359
565
6384
8551
5866
2507
1286
1593
2822
5422
8009
7162
2466
-1198
357
4883
7241
5907
2914
210
-1039
50
2789
4492
3029
-642
-3408
-3260
-957
1130
1096
-1118
-3764
-4920
-4135
-2310
-748
-674
-2397
-4438
-4689
-2777
-443
471
-236
-1444
-2023
-1399
409
2376
2920
1851
849
1222
2512
3705
4372
4400
3844
3267
3367
4117
4659
4238
3202
2646
2900
2961
2053
927
649
901
656
-182
-915
-1358
-1936
-2653
-2855
-2486
-2719
-4274
-6001
-6561
-6375
-6606
-7457
-8249
-8138
-6771
-5155
-5108
-6836
-7983
-6340
-2910
-797
-1063
-1804
-1731
-1725
-1742
184
3962
5900
3613
14
-268
2945
5705
5786
4763
4035
2883
1596
2462
5685
7648
5659
2079
1049
2736
4117
4246
4481
4319
2039
-826
-757
2048
3635
1986
-755
-1996
-1809
-1410
-935
-350
-759
-2690
-4475
-4217
-2378
-1019
-1248
-2384
-3282
-3545
-3171
-1913
-82
848
-74
-1619
-1765
-160
1767
2764
2886
2605
1931
1291
1939
4059
5684
5187
3544
2716
3119
3821
4239
4381
3992
2749
1335
1017
1855
2521
2079
753
-729
-1654
-1625
-967
-550
-1102
-2695
-4590
-5622
-5315
-4523
-4613
-6119
-8213
-9304
-8336
-5851
-3784
-3982
-6392
-8545
-7610
-3670
-42
485
-1338
-2951
-3181
-2095
525
4000
5540
3251
-392
-1001
2150
5568
6332
4974
3387
2237
1678
2738
5500
7256
5500
2059
850
2407
4013
4292
4025
3302
1472
-310
90
2211
3042
1196
-1294
-2071
-1336
-646
-609
-972
-1801
-3064
-3800
-3088
-1611
-1130
-2277
-3702
-3746
-2462
-1285
-998
-1102
-1166
-1337
-1397
-575
1104
2291
1933
818
639
1870
3322
3849
3620
3313
3045
2857
3248
4186
4652
4020
2927
2339
2557
3065
3020
2185
1211
604
201
-82
-65
-28
-562
-1680
-2617
-2799
-2721
-3223
-4131
-4756
-5317
-6356
-7377
-7548
-6967
-6133
-5270
-4919
-5826
-7342
-7213
-4396
-1176
-564
-2172
-3032
-2074
-853
-71
1366
3336
3651
1591
-115
1109
3875
4993
4094
3335
3393
3052
2396
3082
5026
5777
4190
2316
2241
3207
3496
3278
3453
3409
2183
654
414
1248
1632
1029
123
-647
-1369
-1857
-1707
-1131
-939
-1636
-2776
-3325
-2806
-1953
-1734
-2004
-2040
-1983
-2305
-2462
-1619
-289
210
-298
-656
-159
630
1082
1497
2171
2581
2360
2111
2465
3237
3828
3871
3545
3340
3445
3601
3628
3513
3169
2633
2208
2009
1788
1404
966
513
36
-293
-393
-620
-1313
-2182
-2644
-2741
-3087
-3910
-4789
-5500
-6351
-7212
-7270
-6314
-5155
-4556
-4922
-6338
-7524
-6297
-2813
-350
-1060
-3064
-3487
-2224
-807
561
2232
2927
1274
-1014
-642
2535
5080
4712
2946
2161
2352
2431
2859
4519
6013
5042
2320
1124
2595
4283
4148
3191
2875
2578
1440
509
1086
2257
2070
489
-734
-849
-849
-1347
-1548
-1051
-919
-1911
-3009
-2938
-2064
-1597
-1798
-2060
-2154
-2374
-2615
-2196
-1041
-285
-766
-1517
-1135
22
667
747
1043
1477
1405
1095
1516
2679
3420
3149
2690
2841
3206
3240
3283
3683
3931
3478
2686
2241
2254
2334
2189
1826
1356
849
301
-235
-483
-317
-243
-873
-1992
-2893
-3344
-3539
-3593
-3810
-4712
-6180
-7249
-7114
-5826
-4166
-3392
-4526
-6876
-7811
-5507
-1738
-121
-1512
-3238
-3222
-2204
-1180
399
2381
2733
752
-868
447
3346
4505
3291
2079
2391
3131
3203
3481
4627
5057
3471
1705
2286
4327
4873
3429
2203
2260
2377
1919
1882
2456
2222
610
-799
-678
84
173
-437
-1239
-1965
-2462
-2565
-2362
-2145
-2045
-2480
-3324
-2828
-825
-494
-3107
-4925
-2665
1073
1543
-841
-1963
-1200
-679
-16
1992
3566
2416
-216
-713
1911
4787
5218
3404
1668
1857
3207
4225
4813
4812
3531
1466
644
2365
4554
3963
1284
-127
446
1174
1197
988
476
-937
-2439
-2395
-1198
-857
-2250
-4375
-5470
-4998
-4362
-4807
-5955
-6664
-6234
-5124
-4475
-4836
-5908
-6541
-5308
-2742
-1341
-2037
-3070
-2868
-1970
-1159
277
2255
2445
185
-1190
924
4081
4417
2490
1663
2489
2932
2798
3703
5192
4802
2410
1025
2383
4498
4846
3658
2564
2015
1696
1815
2505
2995
2361
712
-695
-697
277
640
-205
-1363
-2067
-2407
-2387
-1732
-980
-1429
-3107
-4038
-2943
-1366
-1285
-2220
-2617
-2352
-2056
-1653
-943
-386
-473
-988
-1144
-307
1130
1931
1560
994
1343
2337
3045
3311
3459
3354
2876
2694
3397
4285
4180
3197
2565
2748
2995
2796
2510
2288
1725
948
752
1152
1112
141
-965
-1361
-1201
-1191
-1657
-2379
-3050
-3649
-4231
-4616
-4732
-4986
-5804
-6843
-7060
-5821
-4098
-3915
-5826
-7542
-6448
-3188
-1066
-1644
-2942
-2842
-1955
-1413
-322
1945
3161
1393
-942
-23
3411
5129
3816
2348
2610
3107
2812
3297
5154
5902
3807
1362
1948
4484
5276
3796
2646
2860
2818
1816
1532
2461
2540
1004
-286
-160
446
211
-825
-1403
-1200
-1259
-1886
-2375
-2318
-2059
-2224
-2648
-2690
-2496
-2456
-2546
-2472
-1966
-1571
-1914
-2319
-1865
-809
-96
-202
-372
221
941
1059
1203
2004
2921
2996
2390
2424
3243
3627
3394
3372
3731
3802
3218
2750
2975
3153
2779
2344
2145
1944
1408
736
545
684
346
-465
-1156
-1558
-1789
-2048
-2553
-3226
-3891
-4509
-4995
-5334
-5646
-6080
-6533
-6138
-4644
-3855
-5113
-6873
-6599
-4015
-1642
-1420
-2302
-2741
-2685
-2249
-796
1764
3393
1922
-975
-1320
1660
4653
4867
3272
2224
1992
1947
2873
5135
6550
4928
1777
802
2812
5029
5345
4212
2818
1667
999
1470
2911
3451
2049
11
-1086
-885
50
677
266
-907
-2112
-2847
-2686
-1656
-849
-1291
-2587
-3529
-3423
-2578
-1812
-1508
-1581
-2095
-2874
-2944
-1731
-258
158
-371
-804
-577
188
1082
1662
1823
1847
1907
1958
2230
2935
3555
3477
3013
2857
3030
3106
2992
2971
3057
2838
2200
1696
1678
1746
1495
1047
550
7
-433
-678
-997
-1521
-2013
-2453
-3065
-3694
-4030
-4278
-4779
-5378
-5813
-6009
-5585
-4396
-3682
-4766
-6453
-6072
-3459
-1453
-1735
-2744
-2699
-2154
-1912
-938
1393
2914
1473
-1052
-854
2247
4617
4130
2540
2001
2250
2435
3164
4837
5711
4097
1553
1300
3628
5477
4912
3301
2345
1852
1511
2064
3324
3454
1592
-588
-1113
-120
829
773
-99
-1230
-2148
-2394
-1814
-971
-828
-1723
-2894
-3266
-2662
-1872
-1580
-1772
-2174
-2572
-2614
-2000
-1042
-527
-722
-1043
-884
-366
74
413
873
1330
1534
1552
1615
1853
2274
2705
2895
2860
2808
2724
2526
2493
2901
3344
3117
2273
1617
1606
1843
1804
1418
777
-66
-786
-960
-683
-648
-1407
-2659
-3505
-3548
-3393
-3693
-4321
-4945
-5589
-5949
-5271
-3814
-3361
-4894
-6554
-5768
-3031
-1302
-1746
-2656
-2717
-2448
-2067
-680
1522
2438
852
-1209
-729
2170
4333
3943
2458
1739
1737
2039
3203
5011
5472
3501
1198
1324
3515
5048
4629
3291
2125
1274
1073
2052
3438
3406
1513
-492
-914
-38
789
874
253
-899
-2121
-2572
-1856
-755
-567
-1640
-2925
-3183
-2425
-1650
-1470
-1666
-2001
-2448
-2586
-1896
-766
-207
-564
-1190
-1246
-488
573
1226
1274
1048
899
1052
1590
2294
2753
2743
2434
2293
2565
2918
3002
2982
3005
2803
2318
1966
1943
1939
1669
1192
707
255
-223
-682
-944
-1092
-1578
-2552
-3452
-3777
-3812
-4109
-4661
-5056
-4988
-4452
-3916
-4116
-5030
-5445
-4401
-2649
-1764
-2117
-2686
-2709
-2323
-1523
-13
1502
1459
-189
-1181
139
2447
3422
2853
2138
1811
1535
1755
3225
4980
4926
2907
1349
1981
3622
4315
3912
3284
2529
1542
1120
1926
3025
2844
1303
-109
-314
249
581
397
-16
-568
-1329
-1938
-1828
-1134
-775
-1340
-2295
-2694
-2397
-2019
-1883
-1741
-1590
-1832
-2345
-2281
-1326
-423
-486
-1059
-1062
-417
105
311
688
1215
1343
1139
1321
1992
2415
2279
2181
2548
2962
2897
2507
2278
2295
2295
2221
2257
2254
1758
851
312
528
817
407
-496
-1247
-1728
-2145
-2425
-2505
-2780
-3579
-4542
-5004
-4749
-4088
-3565
-3669
-4415
-5082
-4814
-3561
-2211
-1683
-2049
-2614
-2692
-2092
-1000
202
909
669
-141
-420
472
1908
2735
2565
1921
1449
1493
2179
3250
3936
3617
2675
2119
2391
3065
3520
3443
2844
2050
1554
1619
2030
2242
1850
1028
377
239
377
430
263
-185
-887
-1449
-1424
-988
-824
-1221
-1761
-2002
-1957
-1837
-1705
-1591
-1636
-1853
-1912
-1508
-876
-601
-859
-1152
-916
-214
421
669
659
615
641
894
1520
2248
2522
2226
1872
1933
2337
2756
2912
2679
2234
1883
1739
1829
2038
1972
1367
522
27
17
1
-409
-1025
-1594
-2133
-2641
-2995
-3189
-3469
-3966
-4297
-4081
-3640
-3578
-3954
-4210
-3898
-3266
-2719
-2282
-1994
-1997
-2083
-1767
-957
-204
-4
-118
-25
334
733
1104
1520
1868
1849
1573
1670
2294
2793
2762
2560
2553
2611
2559
2581
2805
2916
2667
2244
1923
1844
1902
1827
1551
1197
823
494
326
347
334
-26
-593
-951
-997
-916
-908
-1096
-1435
-1724
-1765
-1590
-1459
-1488
-1570
-1604
-1594
-1439
-1041
-663
-668
-876
-767
-284
109
226
343
545
675
822
1165
1588
1788
1680
1565
1759
2158
2423
2356
2058
1798
1698
1710
1764
1772
1573
1058
420
77
96
23
-474
-1167
-1719
-2172
-2614
-2860
-2909
-3136
-3610
-3871
-3728
-3579
-3633
-3551
-3215
-3025
-3070
-2818
-2085
-1530
-1619
-1793
-1346
-591
-292
-387
-201
316
571
489
704
1353
1707
1423
1213
1682
2340
2431
2087
1971
2219
2402
2374
2458
2667
2549
2089
1895
2148
2279
1969
1561
1335
1157
926
805
841
726
257
-224
-285
-109
-185
-538
-814
-917
-1038
-1197
-1191
-1001
-918
-1135
-1389
-1243
-755
-457
-581
-769
-696
-487
-276
56
437
511
240
130
585
1285
1579
1372
1162
1248
1448
1648
1916
2045
1685
1048
802
1161
1550
1351
620
-95
-428
-490
-534
-660
-974
-1630
-2467
-2948
-2829
-2511
-2472
-2760
-3193
-3543
-3475
-2836
-2114
-2016
-2432
-2521
-1970
-1395
-1193
-984
-596
-534
-888
-843
-14
719
541
-27
-25
528
966
1107
1272
1453
1320
996
1106
1790
2300
2074
1578
1541
1869
2014
1950
1980
1983
1646
1194
1153
1500
1642
1260
709
501
638
718
531
286
166
20
-268
-447
-310
-133
-289
-636
-761
-639
-564
-594
-510
-305
-285
-545
-701
-384
131
232
-122
-314
-13
397
542
584
726
779
597
514
844
1272
1224
694
246
255
537
680
514
138
-341
-869
-1215
-1106
-821
-1068
-1977
-2814
-2970
-2686
-2409
-2197
-2089
-2390
-2982
-3039
-2155
-1147
-920
-1227
-1362
-1281
-1154
-692
156
635
221
-422
-342
374
924
997
879
728
500
418
786
1383
1580
1178
682
638
994
1329
1458
1463
1348
1086
911
1105
1501
1640
1419
1188
1159
1161
1095
1143
1296
1231
881
642
718
843
774
621
560
535
412
271
304
466
470
270
169
297
378
235
118
223
328
213
70
155
342
355
245
270
416
401
196
90
130
3
-359
-642
-662
-655
-924
-1440
-1891
-2093
-2212
-2448
-2703
-2858
-3112
-3576
-3795
-3337
-2613
-2405
-2735
-2890
-2513
-1925
-1426
-903
-339
-111
-363
-508
90
1127
1714
1559
1214
1162
1322
1531
1874
2245
2193
1598
1045
1104
1571
1840
1711
1384
1004
682
667
1010
1336
1270
880
490
324
372
496
548
482
307
53
-155
-168
-6
151
159
41
-98
-180
-177
-49
172
320
259
66
-47
83
424
749
855
741
555
482
685
1122
1456
1413
1109
879
910
1170
1454
1505
1214
739
338
157
164
242
178
-264
-1057
-1785
-2029
-1892
-1852
-2179
-2772
-3421
-3922
-4078
-3863
-3507
-3273
-3316
-3649
-3915
-3545
-2567
-1744
-1541
-1565
-1348
-972
-576
39
869
1381
1222
894
1092
1719
2174
2272
2235
2125
1895
1769
2009
2436
2591
2309
1902
1784
1990
2186
2114
1861
1639
1488
1352
1250
1189
1065
803
518
391
425
396
152
-167
-295
-199
-110
-212
-450
-659
-748
-702
-508
-264
-234
-551
-918
-878
-397
96
219
25
-188
-171
116
523
833
879
639
320
289
680
1087
983
411
-50
-23
235
280
22
-377
-822
-1246
-1425
-1287
-1217
-1622
-2300
-2700
-2690
-2610
-2604
-2531
-2446
-2620
-2963
-2953
-2356
-1638
-1370
-1475
-1460
-1169
-838
-513
-27
474
562
238
83
490
1089
1315
1203
1138
1192
1241
1379
1700
1926
1792
1500
1448
1681
1886
1880
1775
1705
1621
1499
1470
1592
1663
1501
1230
1126
1195
1212
1101
1006
959
824
641
621
738
706
433
160
104
175
171
65
-39
-120
-253
-385
-362
-212
-174
-346
-543
-594
-599
-695
-824
-897
-965
-1058
-1092
-1058
-1084
-1207
-1286
-1237
-1146
-1155
-1309
-1526
-1650
-1632
-1587
-1628
-1731
-1841
-1926
-1877
-1578
-1192
-1091
-1328
-1474
-1193
-673
-276
-87
-15
-40
-48
208
727
1118
1084
824
714
841
1049
1209
1263
1150
914
739
802
1055
1254
1186
907
685
698
851
946
924
831
692
518
421
515
705
736
572
471
567
688
692
686
799
925
899
758
695
781
879
872
826
827
818
711
601
654
801
751
468
287
366
432
295
120
6
-185
-448
-552
-465
-486
-798
-1188
-1351
-1307
-1296
-1402
-1535
-1667
-1827
-1974
-2038
-2039
-2100
-2275
-2433
-2445
-2383
-2362
-2323
-2175
-1987
-1835
-1682
-1476
-1225
-935
-611
-304
-81
60
177
337
572
846
1089
1250
1303
1270
1275
1425
1627
1710
1676
1622
1530
1406
1397
1564
1687
1549
1254
1073
1080
1141
1175
1168
1026
711
437
448
664
782
662
428
268
241
302
410
499
443
215
11
43
270
434
370
179
58
92
215
335
406
379
228
54
16
144
251
143
-102
-204
-67
86
23
-217
-405
-420
-319
-227
-232
-394
-698
-966
-993
-817
-739
-960
-1345
-1632
-1742
-1762
-1756
-1750
-1846
-2104
-2306
-2176
-1821
-1609
-1624
-1632
-1521
-1395
-1231
-919
-598
-519
-600
-515
-211
75
241
391
540
620
695
895
1160
1312
1326
1328
1388
1466
1519
1540
1537
1524
1513
1500
1483
1456
1384
1281
1236
1282
1291
1138
910
804
860
943
926
797
617
472
429
483
559
536
339
62
-84
10
182
198
32
-144
-219
-231
-198
-99
-33
-180
-507
-712
-589
-311
-218
-409
-672
-799
-749
-581
-373
-271
-413
-722
-895
-759
-506
-440
-624
-867
-1001
-1023
-991
-938
-913
-988
-1149
-1250
-1192
-1068
-1034
-1088
-1112
-1054
-980
-936
-896
-825
-729
-635
-539
-435
-342
-286
-245
-150
13
166
237
259
332
469
605
699
777
854
903
928
984
1086
1154
1137
1100
1128
1204
1242
1226
1216
1225
1204
1153
1157
1230
1245
1113
948
899
944
948
887
836
799
702
570
517
579
645
612
498
347
193
102
126
189
133
-107
-407
-587
-588
-503
-455
-531
-756
-1023
-1098
-893
-639
-632
-855
-1058
-1104
-1053
-965
-856
-834
-1007
-1255
-1322
-1153
-958
-939
-1083
-1222
-1240
-1129
-967
-842
-822
-907
-979
-901
-693
-522
-503
-572
-564
-414
-222
-112
-103
-130
-112
15
216
351
339
258
240
344
541
715
773
718
635
627
751
944
1036
943
775
700
757
870
956
961
867
737
677
717
783
796
747
675
619
596
597
591
577
597
665
708
664
580
538
548
578
598
553
390
170
39
55
112
78
-68
-243
-367
-404
-368
-310
-315
-424
-576
-658
-642
-595
-581
-615
-700
-808
-867
-841
-781
-765
-807
-867
-915
-943
-911
-795
-675
-681
-788
-850
-793
-684
-575
-477
-449
-531
-609
-529
-319
-149
-103
-127
-140
-103
-13
108
213
251
222
175
181
259
366
430
442
454
473
463
453
511
603
627
573
511
461
409
406
483
549
493
360
283
308
385
451
475
443
367
319
354
443
494
477
441
428
423
423
442
453
415
347
310
309
271
177
100
81
65
15
-33
-59
-97
-159
-200
-191
-177
-216
-302
-371
-385
-375
-382
-417
-475
-542
-581
-567
-547
-575
-624
-641
-637
-642
-641
-622
-626
-658
-643
-554
-490
-505
-521
-468
-408
-377
-328
-236
-183
-203
-209
-135
-43
3
28
77
114
111
102
144
231
310
321
271
234
259
314
351
376
396
367
284
249
335
456
466
371
302
323
367
380
410
465
443
314
229
292
386
359
255
206
215
180
112
118
193
203
112
47
80
128
104
62
74
98
55
-21
-46
-15
-19
-83
-118
-85
-66
-132
-223
-233
-169
-109
-102
-133
-187
-256
-298
-258
-152
-96
-168
-305
-374
-322
-217
-136
-97
-108
-179
-258
-242
-115
14
11
-111
-220
-224
-162
-103
-68
-50
-78
-156
-189
-102
29
65
-6
-63
-42
5
24
31
47
42
-7
-35
15
92
98
26
-17
20
77
98
99
103
87
52
64
139
205
188
113
63
87
157
214
226
199
151
112
128
209
284
276
195
122
118
161
193
185
140
69
-2
-25
11
34
-4
-83
-150
-180
-174
-143
-128
-157
-204
-225
-234
-245
-228
-170
-133
-170
-226
-228
-183
-152
-130
-91
-65
-103
-151
-113
-7
57
38
1
-3
7
24
68
115
116
71
41
60
100
121
123
123
115
107
111
118
109
97
104
111
92
58
33
13
2
18
48
40
-15
-65
-67
-30
10
26
2
-57
-109
-106
-48
10
3
-62
-127
-142
-99
-32
15
6
-55
-105
-85
-7
55
62
28
-13
-37
-13
58
115
97
30
2
42
92
101
86
72
59
46
54
74
68
12
-47
-54
-26
-20
-62
-117
-144
-136
-112
-87
-64
-65
-107
-156
-145
-70
-7
-7
-38
-58
-63
-46
18
108
141
89
32
46
105
146
157
151
125
89
85
121
154
148
123
105
104
109
109
89
60
54
69
60
12
-23
-14
3
-8
-14
0
-8
-55
-82
-47
-7
-21
-63
-71
-62
-73
-88
-78
-57
-67
-110
-145
-142
-118
-109
-120
-132
-146
-172
-199
-184
-132
-104
-134
-176
-169
-129
-98
-73
-41
-20
-35
-44
-2
67
93
66
48
68
98
106
112
128
130
106
96
128
173
176
141
121
130
140
138
136
135
110
67
40
49
66
52
16
-4
-12
-28
-45
-35
-17
-25
-47
-56
-56
-63
-68
-47
-20
-18
-36
-42
-32
-23
-15
8
23
9
-18
-16
13
34
34
32
45
57
55
63
94
127
122
105
114
137
131
102
95
107
93
42
2
3
0
-40
-86
-97
-100
-133
-172
-173
-160
-178
-211
-212
-188
-186
-206
-213
-191
-173
-175
-178
-163
-152
-153
-151
-122
-88
-79
-89
-84
-55
-18
6
23
47
74
95
117
151
182
189
185
201
233
244
225
203
203
206
200
195
192
165
123
98
107
118
99
62
27
0
-17
-17
-7
-16
-55
-92
-103
-93
-88
-90
-101
-120
-134
-131
-113
-94
-88
-93
-89
-62
-30
-13
-10
-9
1
22
46
64
72
62
44
42
65
93
92
58
27
22
30
29
20
10
-9
-36
-54
-46
-31
-37
-65
-83
-80
-69
-75
-88
-90
-89
-100
-110
-104
-86
-85
-100
-97
-68
-48
-58
-66
-45
-12
-2
-4
11
38
46
39
53
88
105
91
76
95
125
136
133
138
149
141
128
136
161
158
122
96
105
115
99
77
72
64
37
15
20
26
-1
-49
-82
-84
-79
-93
-120
-135
-146
-160
-168
-152
-129
-132
-158
-165
-142
-117
-113
-119
-115
-107
-110
-110
-85
-52
-38
-47
-53
-31
-3
12
18
34
47
39
30
48
88
107
89
68
69
87
102
112
118
104
69
45
56
88
100
74
32
7
13
34
51
52
27
-5
-24
-14
17
36
21
-13
-35
-26
0
22
25
11
-9
-20
-8
19
39
31
9
-3
7
27
44
46
39
27
22
29
42
44
34
22
16
14
11
4
-3
-13
-23
-30
-36
-49
-64
-72
-70
-65
-68
-79
-95
-106
-107
-96
-83
-82
-99
-118
-123
-110
-87
-70
-70
-84
-97
-94
-69
-40
-26
-31
-45
-46
-30
2
30
39
29
20
27
50
77
90
89
83
82
93
105
115
118
113
107
108
114
118
115
108
104
106
106
98
91
88
89
87
81
75
64
48
35
34
36
28
7
-12
-20
-20
-24
-32
-41
-51
-64
-76
-74
-69
-75
-88
-98
-97
-89
-82
-84
-88
-88
-86
-83
-71
-64
-61
-69
-76
-69
-55
-45
-46
-53
-57
-59
-60
-60
-55
-52
-55
-61
-60
-50
-43
-42
-40
-34
-30
-31
-29
-19
-9
-2
2
8
15
20
25
37
50
57
56
52
58
68
77
85
89
89
84
83
94
111
116
107
99
97
98
96
102
108
103
87
76
80
90
87
72
57
46
36
31
30
30
23
7
-8
-8
-1
-5
-16
-26
-31
-42
-53
-55
-52
-55
-67
-81
-84
-84
-85
-83
-80
-81
-89
-97
-95
-85
-79
-79
-82
-87
-88
-82
-68
-57
-53
-57
-61
-56
-46
-36
-33
-35
-40
-38
-33
-20
-10
-7
-9
-13
-11
-6
3
11
12
6
1
4
14
23
25
24
25
29
35
47
56
61
59
58
63
73
83
87
90
91
95
100
106
108
108
103
100
101
102
95
84
73
64
58
49
36
23
4
-10
-16
-16
-21
-32
-45
-52
-58
-59
-58
-58
-64
-73
-79
-75
-65
-60
-64
-70
-68
-60
-53
-47
-43
-45
-49
-51
-46
-36
-31
-37
-41
-36
-30
-23
-21
-18
-16
-16
-16
-13
-7
-7
-12
-16
-14
-7
-6
-6
-6
-1
1
0
4
8
7
3
5
12
18
17
11
9
10
12
16
23
26
23
21
23
33
43
44
40
37
40
45
51
61
67
65
59
60
68
75
75
69
61
57
55
55
55
49
39
27
22
20
17
10
0
-12
-23
-29
-33
-38
-45
-54
-62
-62
-63
-63
-71
-74
-77
-78
-76
-75
-75
-76
-77
-75
-68
-61
-58
-56
-56
-51
-45
-35
-29
-26
-25
-22
-14
-3
6
11
12
14
17
23
30
33
33
32
33
37
41
46
46
44
41
41
43
43
40
36
31
28
28
30
31
30
27
24
21
20
18
16
12
8
5
4
4
4
4
2
1
1
3
5
5
6
6
7
9
10
11
10
8
10
11
13
14
14
12
8
5
3
2
2
-1
-4
-9
-12
-13
-14
-17
-19
-25
-29
-33
-34
-37
-38
-42
-45
-47
-48
-46
-45
-45
-44
-44
-42
-41
-35
-33
-32
-31
-28
-23
-18
-12
-9
-6
-1
3
7
9
11
13
17
22
23
26
25
29
32
36
40
40
39
39
40
41
42
42
41
40
38
36
35
35
33
29
25
21
17
15
12
10
6
4
3
0
-1
-3
-6
-8
-11
-13
-14
-14
-15
-17
-17
-17
-17
-18
-19
-20
-18
-17
-17
-16
-18
-17
-17
-15
-15
-14
-15
-14
-13
-8
-5
-4
-6
-9
-10
-9
-6
-5
-3
-4
-6
-5
-3
-1
-1
-3
-5
-6
-8
-7
-8
-8
-8
-8
-9
-9
-8
-6
-7
-7
-8
-8
-7
-5
-4
-6
-7
-5
-3
1
4
7
6
8
10
13
15
15
16
16
16
17
19
21
22
24
23
21
20
18
18
18
18
18
17
16
14
12
12
9
9
7
6
5
3
1
0
-2
-4
-5
-8
-11
-12
-15
-16
-17
-17
-17
-17
-17
-17
-15
-14
-13
-11
-13
-12
-11
-7
-3
-2
1
1
4
7
11
12
11
9
8
9
11
14
14
12
8
3
2
1
1
0
0
-1
-2
-2
-4
-4
-6
-11
-13
-16
-17
-17
-16
-12
-10
-9
-8
-8
-8
-9
-9
-11
-10
-8
-5
-3
-3
-1
0
2
5
7
8
5
2
1
3
7
11
14
16
15
14
15
14
14
11
9
7
5
3
3
2
3
1
0
-2
-5
-4
-6
-6
-6
-5
-6
-7
-5
-4
-3
-3
-3
1
4
6
8
9
9
9
7
4
5
5
7
9
12
12
15
15
12
11
7
3
1
-1
-1
-1
-2
-2
-3
-5
-7
-8
-9
-11
-11
-14
-14
-12
-11
-10
-11
-11
-11
-10
-10
-7
-7
-5
-6
-5
-4
-3
-3
-2
-2
-2
-2
-1
0
1
2
3
4
4
4
5
4
4
5
6
7
8
8
7
8
6
5
3
2
2
2
1
3
3
3
3
4
2
1
2
0
1
2
4
4
6
6
7
7
6
6
5
5
5
6
6
7
7
7
6
6
6
6
6
5
3
2
-1
-1
-2
-2
-2
-4
-5
-7
-7
-10
-12
-13
-14
-14
-15
-15
-14
-13
-12
-10
-11
-10
-12
-12
-10
-8
-8
-5
-4
-3
-3
-1
0
0
1
3
3
5
4
6
6
6
8
9
9
10
8
8
6
5
5
4
4
3
3
2
2
1
1
2
0
0
-1
1
1
1
0
0
1
2
3
4
3
1
2
3
6
6
6
4
6
6
7
7
7
6
6
6
4
5
6
4
4
3
2
2
0
0
0
0
0
-2
-3
-4
-6
-7
-7
-8
-8
-8
-9
-9
-9
-9
-9
-9
-8
-7
-8
-7
-8
-8
-8
-6
-6
-5
-5
-3
-3
-2
-1
0
0
1
1
2
2
2
3
4
3
4
4
3
5
4
4
4
4
5
4
4
3
4
3
4
4
2
2
1
1
0
0
0
0
0
1
1
0
-1
1
2
1
1
1
1
3
2
3
2
3
4
3
4
3
3
4
4
3
3
1
-1
0
-1
-1
1
1
2
1
0
0
0
0
-1
-1
0
-1
-3
-2
-4
-4
-4
-4
-3
-4
-4
-4
-3
-4
-3
-3
-4
-4
-5
-5
-5
-2
-2
-1
-1
-1
-2
-1
0
0
0
0
-1
1
0
0
-1
2
0
3
3
3
2
3
3
2
2
2
3
4
4
2
1
1
1
2
2
1
1
1
2
3
3
2
1
1
-1
-1
0
1
1
2
1
0
0
-1
0
1
2
3
2
1
0
-1
0
0
2
2
1
0
0
-1
0
1
2
1
1
1
0
-1
-3
-2
-1
1
1
0
-1
-3
-2
-2
-2
1
1
1
-2
-3
-4
-3
-1
0
1
1
-1
-2
-1
-1
0
0
0
0
0
0
0
0
0
-1
0
0
0
-1
0
-2
1
1
3
2
1
-1
0
0
2
3
3
1
1
-1
0
1
2
3
3
2
1
0
0
0
0
1
0
0
0
0
-1
0
-1
0
0
0
0
0
0
0
0
0
0
0
0
0
0
0
0
0
1
0
1
1
0
1
0
0
0
0
0
1
0
1
0
0
0
1
0
0
-1
0
0
1
0
-1
0
0
0
0
-1
-1
1
0
0
1
0
0
1
0
0
0
-1
1
0
0
0
0
0
0
-1
0
0
0
0
0
0
0
0
0
0
0
0
0
0
0
0
0
0
0
0
-1
0
-1
0
-1
0
0
0
0
0
-1
0
-1
1
0
0
0
0
0
-1
0
-1
0
-1
0
0
0
0
-1
0
-1
0
1
0
0
0
0
0
0
1
0
0
0
0
0
0
-1
0
0
0
0
0
0
0
0
1
0
1
1
0
0
0
0
0
0
0
0
0
0
1
0
1
0
0
0
0
0
0
0
1
0
0
0
1
0
1
1
0
0
0
0
-1
0
0
1
0
0
0
0
0
0
0
0
0
0
0
0
0
-1
0
0
0
0
0
0
0
0
0
-1
0
1
0
0
0
0
0
0
0
-1
1
0
0
0
1
0
1
0
0
0
0
0
0
0
-1
0
1
0
0
0
1
0
0
0
0
-1
1
1
0
0
1
0
0
0
0
0
0
0
0
-1
0
0
0
0
1
0
0
0
0
0
0
-1
-1
1
0
0
1
0
0
-1
0
-1
1
0
1
0
0
0
0
1
-1
0
0
0
0
0
0
0
0
0
0
0
0
0
0
-1
0
0
0
0
1
0
0
0
0
0
0
0
0
-1
0
0
0
-1
0
0
1
0
-1
0
0
0
0
1
1
1
0
0
-1
0
0
-1
0
0
0
0
-1
0
0
0
0
0
0
1
0
0
0
0
0
1
0
0
0
0
0
0
0
-1
1
-1
0
-1
0
0
0
0
-1
0
0
0
0
0
0
0
0
0
1
0
0
0
0
0
0
0
0
0
0
0
0
0
0
-1
0
0
0
1
0
0
0
0
-1
0
-1
0
1
0
0
1
0
0
0
0
0
0
0
0
0
0
1
-1
0
-1
0
0
-1
0
0
0
0
-1
0
0
0
0
0
1
0
0
0
0
0
0
0
-1
0
0
0
0
0
0
-1
0
0
0
0
0
0
-1
0
-1
0
0
0
0
1
0
0
0
0
0
0
0
0
0
0
0
0
1
0
0
0
0
1
0
-1
0
1
0
0
0
0
0
0
0
-1
-1
0
0
0
1
0
-1
0
0
-1
0
0
0
-1
0
0
1
0
0
0
0
0
0
1
0
0
0
0
1
0
0
0
1
1
0
0
0
0
0
0
1
0
1
0
0
0
1
0
0
0
-1
1
1
0
-1
0
0
0
0
0
0
0
0
0
0
0
1
0
1
0
0
0
0
0
-1
0
1
0
0
-1
0
-1
0
0
-1
0
0
0
0
0
0
0
0
0
0
0
0
0
0
0
0
0
0
0
0
0
0
0
0
0
0
0
0
0
0
0
0
0
-1
0
0
0
0
0
0
0
-1
0
0
0
0
0
0
0
0
0
0
0
0
0
0
0
0
0
0
0
0
0
0
1
-1
0
0
0
0
0
0
0
1
0
0
0
0
0
-1
0
0
0
0
0
0
0
0
0
0
-1
-1
-1
-1
0
-1
0
0
0
0
0
0
-1
-1
0
-1
0
0
0
-1
0
0
0
0
0
0
0
1
0
0
0
0
0
0
0
0
0
0
1
1
0
0
0
0
0
0
0
0
0
0
0
1
0
0
0
0
0
1
1
0
0
0
0
0
-1
0
0
0
0
0
0
1
0
0
1
0
0
0
1
0
0
1
0
1
1
0
0
0
0
0
0
0
0
0
0
1
0
1
1
-1
0
0
0
0
0
0
0
0
0
0
0
1
0
0
1
0
0
0
1
0
0
0
-1
0
0
0
0
0
0
0
0
0
0
1
0
0
0
-1
-1
0
0
0
0
0
0
0
0
0
0
-1
0
1
0
0
0
0
0
0
0
-1
0
1
0
0
0
0
-1
0
-1
-1
0
0
0
0
1
0
0
0
0
0
0
0
0
1
1
0
1
-1
0
0
0
0
0
0
0
0
0
0
0
0
0
0
0
0
0
0
0
0
0
0
0
0
0
0
0
0
-1
1
0
1
0
0
1
0
0
0
0
0
1
-1
0
0
0
0
0
1
0
0
-1
0
0
0
0
1
0
0
1
-1
-1
0
0
0
0
0
0
0
0
0
0
0
-1
0
0
0
1
0
0
0
0
1
0
-1
-1
0
0
0
-1
0
0
0
0
0
-1
0
0
0
0
-1
0
0
0
0
0
0
0
0
0
0
0
0
0
0
-1
0
0
0
0
0
0
0
0
0
1
0
-1
0
0
0
0
0
0
0
0
0
0
0
0
0
0
0
0
0
0
0
-1
0
0
0
0
0
0
0
0
0
0
0
0
0
1
0
0
0
0
0
0
0
1
0
0
0
1
1
0
0
0
-1
1
1
0
0
0
0
0
0
0
1
0
0
0
1
0
0
0
0
0
-1
0
0
0
0
0
0
0
0
0
0
-1
-1
-1
0
0
0
0
-1
0
0
0
0
0
0
0
0
0
1
0
1
0
0
0
0
0
0
1
-1
0
1
-1
0
0
0
0
0
0
0
-1
0
0
0
-1
0
-1
0
0
0
0
0
-1
0
0
0
0
0
0
-1
0
0
0
0
0
0
0
0
-1
-1
0
0
0
0
0
1
0
0
0
0
0
-1
0
0
0
0
0
0
0
0
0
1
0
1
0
0
1
-1
1
0
0
0
-1
-1
0
0
0
-1
0
-1
0
0
0
-1
0
0
0
0
1
0
0
0
0
0
0
1
0
1
0
0
0
0
0
0
1
0
0
0
1
1
0
0
0
0
0
0
0
0
-1
1
0
0
0
0
0
0
0
1
0
0
-1
0
0
0
-1
-1
0
0
1
0
-1
0
0
0
0
0
0
-1
-1
0
0
-1
1
0
1
0
0
0
0
0
0
1
0
0
0
-1
0
0
0
0
0
1
-1
0
0
0
0
0
0
0
0
0
1
0
0
0
0
0
0
-1
0
0
-1
0
0
-1
0
0
0
0
0
0
0
0
1
0
0
-1
1
0
0
-1
-1
0
0
0
1
-1
0
0
0
-1
1
0
0
0
1
-1
0
0
0
0
0
0
0
0
0
0
0
-1
0
0
0
0
0
0
0
0
0
0
1
-1
0
0
-1
1
0
0
0
0
0
0
0
0
0
0
0
0
0
0
-1
0
0
0
0
0
0
0
-1
0
0
0
-1
0
0
-1
-1
0
0
0
0
0
1
1
-1
0
-1
0
0
0
0
0
0
0
0
1
0
0
0
0
-1
1
0
0
1
0
0
0
0
0
1
1
0
0
0
0
0
-1
0
-1
1
0
1
0
0
1
0
0
1
0
0
0
1
-1
-1
1
0
0
0
-1
0
0
1
0
0
0
0
0
0
-1
0
0
0
-1
0
0
1
1
-1
0
0
0
0
0
0
0
0
0
-1
1
0
0
1
0
0
0
0
1
-1
0
0
0
0
-1
1
0
0
-1
0
0
0
0
0
-1
0
-1
1
0
0
1
0
0
0
0
0
0
0
0
-1
0
0
0
1
0
1
0
0
0
0
-1
0
0
1
1
0
0
0
-1
-1
0
0
0
-1
0
0
1
0
1
0
0
1
0
0
1
0
0
0
0
0
0
0
0
0
0
0
-1
1
0
0
0
0
0
0
0
0
0
0
-1
0
-1
0
0
0
0
0
-1
0
0
0
1
0
0
0
0
0
0
0
0
0
-1
1
1
-1
0
0
0
0
0
0
0
0
0
0
0
0
0
-1
0
0
0
0
0
0
0
0
-1
0
0
0
0
-1
0
-1
0
0
0
0
0
-1
0
0
-1
0
0
0
1
0
0
0
0
0
0
1
0
0
0
0
0
1
0
0
0
1
1
0
0
0
0
0
0
0
0
1
1
1
0
0
-1
0
0
0
-1
-1
0
0
0
0
0
0
0
0
0
0
0
0
0
0
0
0
0
0
0
0
0
1
1
1
0
-1
0
0
0
0
0
0
1
-1
-1
0
0
0
0
0
1
0
-1
0
0
0
0
0
0
0
0
-1
0
0
0
0
1
0
0
0
0
0
-1
1
1
0
0
0
0
1
0
0
0
0
0
0
0
0
0
0
0
0
1
0
0
0
0
0
0
1
0
0
0
0
0
0
0
0
0
0
1
0
-1
0
0
0
0
-1
0
0
0
0
0
0
-1
0
0
-1
0
0
0
-1
1
0
0
0
0
0
0
0
0
0
0
0
0
0
-1
0
-1
0
0
0
0
0
0
0
0
0
1
0
0
0
0
0
0
0
0
0
0
0
1
0
0
0
0
0
0
0
0
0
-1
0
0
1
0
0
0
0
0
0
0
1
0
0
0
0
0
0
-1
0
1
0
0
0
0
0
0
0
0
-1
0
0
0
0
0
0
0
0
1
0
-1
0
1
0
0
-1
0
0
0
0
-1
0
0
0
0
1
0
0
0
0
0
0
0
0
-1
0
0
0
0
0
0
0
0
0
1
0
0
0
0
0
1
0
0
1
0
1
-1
0
0
0
0
0
0
0
0
-1
0
-1
-1
0
0
0
0
0
0
0
0
0
0
-1
0
-1
0
0
0
0
0
0
-1
0
0
0
0
0
0
0
0
0
0
0
0
0
0
0
0
0
1
1
0
-1
0
0
0
0
0
0
0
0
0
0
0
0
0
0
0
0
1
0
0
0
0
0
1
0
0
0
0
0
0
0
-1
-1
0
0
0
0
0
-1
-1
0
0
0
-1
1
0
0
-1
0
0
0
0
0
0
0
0
0
0
0
0
0
0
0
0
1
0
0
-1
0
0
0
0
0
0
1
0
0
-1
-1
0
0
0
0
-1
0
0
0
0
0
1
0
0
1
0
1
0
0
0
0
0
0
-1
0
0
0
0
0
0
1
0
0
0
0
0
0
-1
-1
0
-1
0
0
0
0
0
0
0
0
0
0
0
0
0
0
-1
0
0
0
0
1
0
0
0
0
0
0
0
0
0
0
-1
1
-1
0
0
0
0
0
0
0
0
1
0
1
0
0
0
1
-1
0
0
0
0
0
0
0
0
0
0
-1
0
0
0
0
1
1
0
1
0
0
0
0
0
0
0
0
0
0
-1
-1
-1
-1
0
0
0
0
0
-1
0
0
0
0
0
-1
0
-1
0
1
0
0
1
0
0
-1
0
-1
0
0
0
-1
0
1
-1
0
0
0
0
-1
0
1
0
-1
1
1
0
1
-1
0
0
1
0
0
-1
1
0
0
1
0
0
0
0
1
0
0
0
0
1
0
-1
0
-1
0
1
0
1
-1
0
1
0
0
0
0
0
-1
0
0
0
0
0
0
0
0
0
0
-1
0
1
0
1
0
-1
0
0
1
0
0
0
0
0
0
-1
0
-1
0
0
0
0
0
0
0
1
0
1
0
0
0
0
0
-1
0
0
0
0
0
-1
0
0
0
0
0
0
1
0
0
0
0
1
0
0
0
0
0
0
0
0
0
-1
0
1
0
0
0
0
0
0
0
0
0
0
0
0
0
0
0
-1
1
0
0
0
-1
0
0
0
1
0
0
0
-1
0
0
0
0
1
1
0
1
0
0
-1
0
-1
0
0
0
0
0
0
0
0
0
0
0
0
0
1
0
0
0
0
0
0
0
0
0
0
0
0
0
0
0
0
0
0
1
0
0
0
1
0
0
0
0
0
0
0
0
1
1
0
0
1
0
0
0
0
0
1
0
0
-1
1
0
-1
-1
0
0
0
0
0
1
0
1
0
0
0
1
0
-1
0
-1
0
0
-1
0
0
0
-1
0
0
0
0
0
0
0
0
1
-1
0
0
0
0
-1
0
0
0
0
0
1
0
0
0
0
0
0
0
0
1
1
0
0
0
0
0
0
0
0
0
1
0
-1
0
0
0
0
0
0
0
0
0
0
1
0
1
1
1
0
0
0
0
0
0
0
0
0
0
0
0
-1
0
0
0
-1
0
-1
0
0
0
0
0
0
0
-1
1
0
1
0
0
0
0
1
1
0
-1
0
1
-1
0
0
0
0
0
0
0
0
0
0
0
0
0
1
-1
0
0
0
0
0
0
0
-1
0
-1
0
0
0
0
0
-1
0
1
0
0
0
1
0
0
0
0
0
0
0
0
0
0
0
0
0
0
1
0
1
0
-1
-1
-1
0
0
0
0
0
0
0
-1
0
0
1
-1
0
1
0
0
0
0
0
0
0
-1
0
0
0
0
0
0
0
0
0
0
0
0
0
0
0
0
0
0
0
0
0
0
1
0
1
0
0
0
1
0
0
-1
1
0
-1
0
0
-1
0
0
0
0
-1
0
0
0
0
1
0
0
0
1
0
0
1
-1
0
0
0
0
0
0
-1
0
1
0
0
0
1
-1
0
0
0
-1
0
0
0
-1
0
1
0
-1
0
0
-1
-1
0
0
0
0
-1
-1
-1
0
0
0
0
0
0
0
0
0
1
0
-1
0
1
0
1
0
0
0
-1
0
0
0
0
0
0
-1
1
0
0
0
0
1
0
0
0
-1
0
1
0
0
0
0
0
0
0
0
0
0
-1
1
-1
0
1
0
0
0
0
0
0
0
0
0
0
0
0
0
0
0
1
0
0
0
0
-1
1
0
0
0
0
0
0
0
0
0
0
0
0
-1
0
0
0
-1
0
0
1
1
0
0
0
0
-1
0
1
0
-1
0
0
0
0
-1
0
0
0
0
0
-1
-1
0
0
0
0
1
0
0
0
0
-1
0
0
0
0
0
0
0
0
1
0
-1
0
0
-1
0
0
0
0
0
0
0
0
0
0
0
1
0
0
0
0
-1
-1
0
-1
0
0
0
-1
0
0
0
0
1
1
-1
0
0
-1
-1
0
0
-1
0
0
-1
0
0
-1
1
-1
0
0
-1
0
0
0
0
0
0
0
1
0
0
-1
1
1
0
0
0
0
0
0
0
0
0
1
0
0
0
0
0
0
-1
0
0
-1
0
0
1
0
0
1
0
0
0
1
0
0
0
0
0
0
1
-1
0
0
0
1
0
-1
0
0
0
0
0
-1
0
0
0
0
1
0
0
1
0
0
0
1
0
0
0
0
0
1
0
0
0
0
0
0
0
1
0
0
0
0
-1
0
0
-1
-1
0
-1
0
0
0
1
1
0
0
0
-1
1
0
0
0
0
1
0
1
0
0
1
1
0
0
0
0
0
-1
0
0
0
-1
0
0
1
0
0
0
0
1
0
1
0
0
0
0
-1
0
0
0
0
0
-1
0
0
0
1
1
0
0
-1
0
0
1
0
0
-1
1
0
0
0
0
-1
0
0
0
0
0
0
0
0
0
0
0
1
0
0
0
-1
0
1
0
0
1
-1
0
-1
-1
0
0
0
0
0
0
0
0
-1
0
-1
1
0
1
1
0
0
0
0
0
0
0
0
0
0
0
0
0
0
1
0
-1
0
0
0
0
0
0
-1
0
0
-1
0
0
0
0
0
0
0
1
1
0
0
0
0
0
0
0
-1
0
0
0
0
0
0
-1
-1
0
0
0
0
0
1
0
1
-1
0
0
-1
0
0
0
1
0
0
0
0
0
0
0
1
0
1
0
0
0
-1
-1
0
0
0
0
1
0
-1
0
0
0
0
1
0
-1
0
0
0
0
0
1
0
0
0
0
0
0
0
0
0
0
1
0
0
0
0
0
0
0
0
0
0
0
0
0
-1
-1
0
0
0
0
0
0
-1
0
0
-1
0
0
0
0
0
0
0
0
0
0
0
0
0
0
0
0
0
-1
0
0
1
0
0
-1
1
0
0
0
0
0
0
0
0
0
0
-1
1
0
0
-1
0
0
0
1
0
-1
0
0
0
0
0
0
0
1
-1
0
-1
0
-1
-1
0
0
0
1
0
0
0
0
0
1