-1
0
0
-1
-1
0
0
0
0
0
1
1
-1
0
-1
0
0
0
0
0
0
0
0
1
0
0
0
0
-1
1
0
0
1
0
0
0
0
0
1
1
0
0
0
0
0
-1
0
-1
1
0
1
0
0
1
0
0
1
0
0
0
1
-1
-1
1
0
0
0
-1
0
0
1
0
0
0
0
0
0
-1
0
0
0
-1
0
0
1
1
-1
0
0
0
0
0
0
0
0
0
-1
1
0
0
1
0
0
0
0
1
-1
0
0
0
0
-1
1
0
0
-1
0
0
0
0
0
-1
0
-1
1
0
0
1
0
0
0
0
0
0
0
0
-1
0
0
0
1
0
1
0
0
0
0
-1
0
0
1
1
0
0
0
-1
-1
0
0
0
-1
0
0
1
0
1
0
0
1
0
0
1
0
0
0
0
0
0
0
0
0
0
0
-1
1
0
0
0
0
0
0
0
0
0
0
-1
0
-1
0
0
0
0
0
-1
0
0
0
1
0
0
0
0
0
0
0
0
0
-1
1
1
-1
0
0
0
0
0
0
0
0
0
0
0
0
0
-1
0
0
0
0
0
0
0
0
-1
0
0
0
0
-1
0
-1
0
0
0
0
0
-1
0
0
-1
0
0
0
1
0
0
0
0
0
0
1
0
0
0
0
0
1
0
0
0
1
1
0
0
0
0
0
0
0
0
1
1
1
0
0
-1
0
0
0
-1
-1
0
0
0
0
0
0
0
0
0
0
0
0
0
0
0
0
0
0
0
0
0
1
1
1
0
-1
0
0
0
0
0
0
1
-1
-1
0
0
0
0
0
1
0
-1
0
0
0
0
0
0
0
0
-1
0
0
0
0
1
0
0
0
0
0
-1
1
1
0
0
0
0
1
0
0
0
0
0
0
0
0
0
0
0
0
1
0
0
0
0
0
0
1
0
0
0
0
0
0
0
0
0
0
1
0
-1
0
0
0
0
-1
0
0
0
0
0
0
-1
0
0
-1
0
0
0
-1
1
0
0
0
0
0
0
0
0
0
0
0
0
0
-1
0
-1
0
0
0
0
0
0
0
0
0
1
0
0
0
0
0
0
0
0
0
0
0
1
0
0
0
0
0
0
0
0
0
-1
0
0
1
0
0
0
0
0
0
0
1
0
0
0
0
0
0
-1
0
1
0
0
0
0
0
0
0
0
-1
0
0
0
0
0
0
0
0
1
0
-1
0
1
0
0
-1
0
0
0
0
-1
0
0
0
0
1
0
0
0
0
0
0
0
0
-1
0
0
0
0
0
0
0
0
0
1
0
0
0
0
0
1
0
0
1
0
1
-1
0
0
0
0
0
0
0
0
-1
0
-1
-1
0
0
0
0
0
0
0
0
0
0
-1
0
-1
0
0
0
0
0
0
-1
0
0
0
0
0
0
0
0
0
0
0
0
0
0
0
0
0
1
1
0
-1
0
0
0
0
0
0
0
0
0
0
0
0
0
0
0
0
1
0
0
0
0
0
1
0
0
0
0
0
0
0
-1
-1
0
0
0
0
0
-1
-1
0
0
0
-1
1
0
0
-1
0
0
0
0
0
0
0
0
0
0
0
0
0
0
0
0
1
0
0
-1
0
0
0
0
0
0
1
0
0
-1
-1
0
0
0
0
-1
0
0
0
0
0
1
0
0
1
0
1
0
0
0
0
0
0
-1
0
0
0
0
0
0
1
0
0
0
0
0
0
-1
-1
0
-1
0
0
0
0
0
0
0
0
0
0
0
0
0
0
-1
0
0
0
0
1
0
0
0
0
0
0
0
0
0
0
-1
1
-1
0
0
0
0
0
0
0
0
1
0
1
0
0
0
1
-1
0
0
0
0
0
0
0
0
0
0
-1
0
0
0
0
1
1
0
1
0
0
0
0
0
0
0
0
0
0
-1
-1
-1
-1
0
0
0
0
0
-1
0
0
0
0
0
-1
0
-1
0
1
0
0
1
0
0
-1
0
-1
0
0
0
-1
0
1
-1
0
0
0
0
-1
0
1
0
-1
1
1
0
1
-1
0
0
1
0
0
-1
1
0
0
1
0
0
0
0
1
0
0
0
0
1
0
-1
0
-1
0
1
0
1
-1
0
1
0
0
0
0
0
-1
0
0
0
0
0
0
0
0
0
0
-1
0
1
0
1
0
-1
0
0
1
0
0
0
0
0
0
-1
0
-1
0
0
0
0
0
0
0
1
0
1
0
0
0
0
0
-1
0
0
0
0
0
-1
0
0
0
0
0
0
1
0
0
0
0
1
0
0
0
0
0
0
0
0
0
-1
0
1
0
0
0
0
0
0
0
0
0
0
0
0
0
0
0
-1
1
0
0
0
-1
0
0
0
1
0
0
0
-1
0
0
0
0
1
1
0
1
0
0
-1
0
-1
0
0
0
0
0
0
0
0
0
0
0
0
0
1
0
0
0
0
0
0
0
0
0
0
0
0
0
0
0
0
0
0
1
0
0
0
1
0
0
0
0
0
0
0
0
1
1
0
0
1
0
0
0
0
0
1
0
0
-1
1
0
-1
-1
0
0
0
0
0
1
0
1
0
0
0
1
0
-1
0
-1
0
0
-1
0
0
0
-1
0
0
0
0
0
0
0
0
1
-1
0
0
0
0
-1
0
0
0
0
0
1
0
0
0
0
0
0
0
0
1
1
0
0
0
0
0
0
0
0
0
1
0
-1
0
0
0
0
0
0
0
0
0
0
1
0
1
1
1
0
0
0
0
0
0
0
0
0
0
0
0
-1
0
0
0
-1
0
-1
0
0
0
0
0
0
0
-1
1
0
1
0
0
0
0
1
1
0
-1
0
1
-1
0
0
0
0
0
0
0
0
0
0
0
0
0
1
-1
0
0
0
0
0
0
0
-1
0
-1
0
0
0
0
0
-1
0
1
0
0
0
1
0
0
0
0
0
0
0
0
0
0
0
0
0
0
1
0
1
0
-1
-1
-1
0
0
0
0
0
0
0
-1
0
0
1
-1
0
1
0
0
0
0
0
0
0
-1
0
0
0
0
0
0
0
0
0
0
0
0
0
0
0
0
0
0
0
0
0
0
1
0
1
0
0
0
1
0
0
-1
1
0
-1
0
0
-1
0
0
0
0
-1
0
0
0
0
1
0
0
0
1
0
0
1
-1
0
0
0
0
0
0
-1
0
1
0
0
0
1
-1
0
0
0
-1
0
0
0
-1
0
1
0
-1
0
0
-1
-1
0
0
0
0
-1
-1
-1
0
0
0
0
0
0
0
0
0
1
0
-1
0
1
0
1
0
0
0
-1
0
0
0
0
0
0
-1
1
0
0
0
0
1
0
0
0
-1
0
1
0
0
0
0
0
0
0
0
0
0
-1
1
-1
0
1
0
0
0
0
0
0
0
0
0
0
0
0
0
0
0
1
0
0
0
0
-1
1
0
0
0
0
0
0
0
0
0
0
0
0
-1
0
0
0
-1
0
0
1
1
0
0
0
0
-1
0
1
0
-1
0
0
0
0
-1
0
0
0
0
0
-1
-1
0
0
0
0
1
0
0
0
0
-1
0
0
0
0
0
0
0
0
1
0
-1
0
0
-1
0
0
0
0
0
0
0
0
0
0
0
1
0
0
0
0
-1
-1
0
-1
0
0
0
-1
0
0
0
0
1
1
-1
0
0
-1
-1
0
0
-1
0
0
-1
0
0
-1
1
-1
0
0
-1
0
0
0
0
0
0
0
1
0
0
-1
1
1
0
0
0
0
0
0
0
0
0
1
0
0
0
0
0
0
-1
0
0
-1
0
0
1
0
0
1
0
0
0
1
0
0
0
0
0
0
1
-1
0
0
0
1
0
-1
0
0
0
0
0
-1
0
0
0
0
1
0
0
1
0
0
0
1
0
0
0
0
0
1
0
0
0
0
0
0
0
1
0
0
0
0
-1
0
0
-1
-1
0
-1
0
0
0
1
1
0
0
0
-1
1
0
0
0
0
1
0
1
0
0
1
1
0
0
0
0
0
-1
0
0
0
-1
0
0
1
0
0
0
0
1
0
1
0
0
0
0
-1
0
0
0
0
0
-1
0
0
0
1
1
0
0
-1
0
0
1
0
0
-1
1
0
0
0
0
-1
0
0
0
0
0
0
0
0
0
0
0
1
0
0
0
-1
0
1
0
0
1
-1
0
-1
-1
0
0
0
0
0
0
0
0
-1
0
-1
1
0
1
1
0
0
0
0
0
0
0
0
0
0
0
0
0
0
1
0
-1
0
0
0
0
0
0
-1
0
0
-1
0
0
0
0
0
0
0
1
1
0
0
0
0
0
0
0
-1
0
0
0
0
0
0
-1
-1
0
0
0
0
0
1
0
1
-1
0
0
-1
0
0
0
1
0
0
0
0
0
0
0
1
0
1
0
0
0
-1
-1
0
0
0
0
1
0
-1
0
0
0
0
1
0
-1
0
0
0
0
0
1
0
0
0
0
0
0
0
0
0
0
1
0
0
0
0
0
0
0
0
0
0
0
0
0
-1
-1
0
0
0
0
0
0
-1
0
0
-1
0
0
0
0
0
0
0
0
0
0
0
0
0
0
0
0
0
-1
0
0
1
0
0
-1
1
0
0
0
0
0
0
0
0
0
0
-1
1
0
0
-1
0
0
0
1
0
-1
0
0
0
0
0
0
0
1
-1
0
-1
0
-1
-1
0
0
0
1
0
0
0
0
0
1
0
-1
-1
0
0
0
0
0
0
0
-1
0
-1
0
1
0
0
0
0
1
0
0
0
0
0
-1
-1
0
0
0
0
-1
0
1
0
1
0
0
0
0
-1
0
0
0
-1
0
0
0
0
0
0
0
0
-1
0
0
0
1
0
1
0
-1
0
1
0
0
-1
0
0
0
0
0
0
1
0
1
0
0
0
0
0
1
0
1
0
0
0
1
0
0
0
0
0
-1
0
0
0
0
0
0
0
0
0
-1
0
0
0
0
0
0
0
0
0
0
1
0
1
0
0
1
0
0
1
0
0
1
0
0
1
0
0
0
0
0
0
0
0
0
0
0
1
0
0
-1
0
0
-1
0
-1
0
0
1
1
0
0
0
-1
0
0
0
0
0
0
1
0
0
-1
0
0
0
0
-1
0
1
0
0
0
0
0
-1
0
0
0
0
0
0
0
1
0
0
0
0
0
-1
0
0
0
0
0
1
0
0
0
0
0
0
0
1
0
-1
0
-1
1
0
0
0
0
-1
0
-1
0
0
0
0
-1
1
0
0
0
1
0
-1
0
1
1
0
-1
0
0
0
0
0
0
0
0
-1
0
0
0
0
1
-1
0
0
-1
0
0
0
0
0
1
1
0
0
0
-1
-1
0
0
0
1
0
0
0
0
0
0
1
0
0
-1
0
0
1
0
0
0
0
0
1
0
0
-1
0
0
0
0
0
0
0
0
1
0
0
0
0
0
0
0
0
1
0
0
0
0
0
0
-1
0
0
0
0
1
0
0
1
0
0
0
1
-1
0
-1
0
0
0
1
0
0
0
0
0
0
1
0
0
0
0
0
0
0
0
0
-1
0
0
0
1
0
0
0
1
0
0
0
0
0
0
0
0
0
0
1
0
1
0
-1
0
0
-1
0
0
0
-1
0
0
0
-1
0
-1
1
-1
1
0
0
0
0
0
1
0
1
0
0
0
0
0
0
0
0
0
0
0
1
0
0
-1
0
0
0
0
0
0
0
0
0
0
-2
1
-1
3
-1
0
0
-3
4
-5
6
-5
3
-1
-1
1
-3
4
-2
1
0
0
2
-1
1
-1
1
0
-1
0
-1
0
0
0
1
-1
1
-1
1
-1
0
-1
1
0
2
0
2
-1
0
-1
1
0
0
0
0
0
0
0
0
0
0
0
0
1
0
0
1
0
1
0
0
1
0
-1
1
0
1
1
-1
1
-1
0
1
0
1
-1
0
-1
-1
-2
1
-1
1
1
1
0
-1
0
1
0
1
-1
1
0
1
-1
1
-3
3
-2
2
-2
0
-1
-1
1
0
0
0
-1
0
-1
-1
0
1
2
-8
16
-25
37
-43
48
-48
50
-44
28
-1
-38
80
-113
126
-114
84
-48
12
12
-32
41
-46
46
-40
34
-21
12
5
-9
13
-9
3
-3
-2
0
-6
5
-13
12
-11
8
0
-4
12
-12
13
-9
3
-3
-5
4
-15
16
-26
26
-26
18
-3
-10
30
-33
36
-24
11
4
-16
21
-24
15
-10
0
7
-10
17
-19
33
-35
40
-26
6
23
-47
56
-54
33
-12
-10
22
-25
25
-18
17
-7
3
6
-11
9
-7
-7
11
-14
-2
16
-35
40
-32
13
11
-22
29
-17
9
3
-3
7
2
-1
3
-1
-5
0
-2
-5
6
-6
7
-1
4
0
6
-2
6
-1
-1
-1
-6
-4
-7
-3
-3
-2
5
3
9
8
4
9
2
3
-2
2
-7
0
-1
-3
2
-1
2
2
1
4
-1
4
0
0
2
-3
-1
-3
-2
-1
-3
2
-1
-3
2
-3
1
0
3
1
6
0
3
0
0
-4
0
-6
-1
-4
-2
-3
2
-1
1
3
-3
-1
0
-7
0
-1
-5
6
-6
4
-2
1
0
1
1
0
2
1
-1
1
-1
1
6
1
4
-1
-1
-3
0
-5
0
1
1
7
1
7
1
6
0
2
1
-14
7
-19
5
-1
-7
15
-7
10
6
2
11
2
1
-2
-4
-7
-5
-5
-3
-1
3
1
4
5
-1
5
0
0
4
-2
3
0
-1
0
-4
-2
-1
-5
1
-2
-1
2
-1
4
1
2
4
-3
0
-6
-9
-8
-14
-7
-6
3
12
11
18
9
4
-1
-11
-13
-14
-9
-3
6
12
15
13
6
4
-4
-3
-8
-10
-6
-9
-6
6
-2
16
21
11
32
3
-17
-12
-70
-49
-26
-55
56
31
64
100
24
39
-17
-55
-62
-70
-65
-28
-2
23
61
58
63
53
24
3
-11
-52
-47
-60
-63
-30
-11
14
59
69
70
74
27
-10
-35
-88
-78
-65
-47
13
39
59
75
51
27
5
-29
-41
-46
-47
-26
-14
5
26
26
36
32
17
11
-8
-20
-26
-35
-26
-17
-1
20
29
35
33
14
0
-17
-32
-30
-26
-15
4
15
23
29
23
14
4
-9
-15
-18
-17
-10
-1
6
14
19
15
11
7
-2
-6
-8
-11
-6
-1
1
9
7
7
7
0
-1
-4
-7
-4
-4
0
3
5
6
6
6
5
3
1
1
-2
-4
0
-4
0
1
0
2
3
0
1
2
-2
-1
1
0
1
3
-1
-1
-1
-7
-2
-3
-3
3
-2
2
2
1
3
-3
-1
-4
-3
-1
0
2
1
2
-2
-3
-3
-6
-1
-3
-1
3
3
4
4
3
3
3
-1
1
1
-2
1
-2
-1
3
2
1
4
7
3
6
-1
-1
3
-8
-3
-3
-4
5
2
3
6
2
1
1
-1
-1
-2
0
0
-2
1
-2
-1
2
0
-1
4
0
-1
1
-3
-3
-2
-2
-1
0
0
0
0
0
0
-1
0
-1
-1
0
0
0
1
-1
0
0
-2
0
1
-2
1
1
-1
0
0
-1
1
1
1
3
1
1
1
-1
0
1
0
1
3
4
3
1
-1
-2
-2
-1
1
-1
0
-1
1
1
0
0
-1
-1
-2
-2
0
0
1
1
1
1
0
0
0
1
1
1
0
-2
-2
-2
-1
1
2
3
2
2
1
0
0
-1
0
-1
0
-1
0
0
0
0
1
0
0
0
0
0
0
0
0
0
0
0
0
1
0
1
1
0
1
-1
-3
-1
0
0
1
2
1
0
0
-1
-1
-1
1
2
2
3
1
-1
0
0
-1
0
0
0
-1
0
0
1
0
0
0
0
0
0
1
0
0
0
0
1
0
0
0
1
1
0
0
0
0
0
0
1
0
1
0
0
0
1
0
0
0
-1
1
1
0
-1
0
0
0
0
0
0
0
0
0
0
0
1
0
1
0
0
0
0
0
-1
0
1
0
0
-1
0
-1
0
0
-1
0
0
0
0
0
0
0
0
0
0
0
0
0
0
0
0
0
0
0
0
0
0
0
0
0
0
0
0
0
0
0
0
0
-1
0
0
0
0
0
0
0
-1
0
0
0
0
0
0
0
0
0
0
0
0
0
0
0
0
0
0
0
0
0
0
1
-1
0
0
0
0
0
0
0
1
0
0
0
0
0
-1
0
0
0
0
0
0
0
0
0
0
-1
-1
-1
-1
0
-1
0
0
0
0
0
0
-1
-1
0
-1
0
0
0
-1
0
0
0
0
0
0
0
1
0
0
0
0
0
0
0
0
0
0
1
1
0
0
0
0
0
0
0
0
0
0
0
1
0
0
0
0
0
1
1
0
0
0
0
0
-1
0
0
0
0
0
0
1
0
0
1
0
0
0
1
0
0
1
0
1
1
0
0
0
0
0
0
0
0
0
0
1
0
1
1
-1
0
0
0
0
0
0
0
0
0
0
0
1
0
0
1
0
0
0
1
0
0
0
-1
0
0
0
0
0
0
0
0
0
0
1
0
0
0
-1
-1
0
0
0
0
0
0
0
0
0
0
-1
0
1
0
0
0
0
0
0
0
-1
0
1
0
0
0
0
-1
0
-1
-1
0
0
0
0
1
0
0
0
0
0
0
0
0
1
1
0
1
-1
0
0
0
0
0
0
0
0
0
0
0
0
0
0
0
0
0
0
0
0
0
0
0
0
0
0
0
0
-1
1
0
1
0
0
1
0
0
0
0
0
1
-1
0
0
0
0
0
1
0
0
-1
0
0
0
0
1
0
0
1
-1
-1
0
0
0
0
0
0
0
0
0
0
0
-1
0
0
0
1
0
0
0
0
1
0
-1
-1
0
0
0
-1
0
0
0
0
0
-1
0
0
0
0
-1
0
0
0
0
0
0
0
0
0
0
0
0
0
0
-1
0
0
0
0
0
0
0
0
0
1
0
-1
0
0
0
0
0
0
0
0
0
0
0
0
0
0
0
0
0
0
0
-1
0
0
0
0
0
0
0
0
0
0
0
0
0
1
0
0
0
0
0
0
0
1
0
0
0
1
1
0
0
0
-1
1
1
0
0
0
0
0
0
0
1
0
0
0
1
0
0
0
0
0
-1
0
0
0
0
0
0
0
0
0
0
-1
-1
-1
0
0
0
0
-1
0
0
0
0
0
0
0
0
0
1
0
1
0
0
0
0
0
0
1
-1
0
1
-1
0
0
0
0
0
0
0
-1
0
0
0
-1
0
-1
0
0
0
0
0
-1
0
0
0
0
0
0
-1
0
0
0
0
0
0
0
0
-1
-1
0
0
0
0
0
1
0
0
0
0
0
-1
0
0
0
0
0
0
0
0
0
1
0
1
0
0
1
-1
1
0
0
0
-1
-1
0
0
0
-1
0
-1
0
0
0
-1
0
0
0
0
1
0
0
0
0
0
0
1
0
1
0
0
0
0
0
0
1
0
0
0
1
1
0
0
0
0
0
0
0
0
-1
1
0
0
0
0
0
0
0
1
0
0
-1
0
0
0
-1
-1
0
0
1
0
-1
0
0
0
0
0
0
-1
-1
0
0
-1
1
0
1
0
0
0
0
0
0
1
0
0
0
-1
0
0
0
0
0
1
-1
0
0
0
0
0
0
0
0
0
1
0
0
0
0
0
0
-1
0
0
-1
0
0
-1
0
0
0
0
0
0
0
0
1
0
0
-1
1
0
0
-1
-1
0
0
0
1
-1
0
0
0
-1
1
0
0
0
1
-1
0
0
0
0
0
0
0
0
0
0
0
-1
0
0
0
0
0
0
0
0
0
0
1
-1
0
0
-1
1
0
0
0
0
0
0
0
0
0
0
0
0
0
0
-1
0
0
0
0
0
0
0
-1
0
0
0
-1
0
0
-1
-1
0
0
0
0
0
1
1
-1
0
-1
0
0
0
0
0
0
0
0
1
0
0
0
0
-1
1
0
0
1
0
0
0
0
0
1
1
0
0
0
0
0
-1
0
-1
1
0
1
0
0
1
0
0
1
0
0
0
1
-1
-1
1
0
0
0
-1
0
0
1
0
0
0
0
0
0
-1
0
0
0
-1
0
0
1
1
-1
0
0
0
0
0
0
0
0
0
-1
1
0
0
1
0
0
0
0
1
-1
0
0
0
0
-1
1
0
0
-1
0
0
0
0
0
-1
0
-1
1
0
0
1
0
0
0
0
0
0
0
0
-1
0
0
0
1
0
1
0
0
0
0
-1
0
0
1
1
0
0
0
-1
-1
0
0
0
-1
0
0
1
0
1
0
0
1
0
0
1
0
0
0
0
0
0
0
0
0
0
0
-1
1
0
0
0
0
0
0
0
0
0
0
-1
0
-1
0
0
0
0
0
-1
0
0
0
1
0
0
0
0
0
0
0
0
0
-1
1
1
-1
0
0
0
0
0
0
0
0
0
0
0
0
0
-1
0
0
0
0
0
0
0
0
-1
0
0
0
0
-1
0
-1
0
0
0
0
0
-1
0
0
-1
0
0
0
1
0
0
0
0
0
0
1
0
0
0
0
0
1
0
0
0
1
1
0
0
0
0
0
0
0
0
1
1
1
0
0
-1
0
0
0
-1
-1
0
0
0
0
0
0
0
0
0
0
0
0
0
0
0
0
0
0
0
0
0
1
1
1
0
-1
0
0
0
0
0
0
1
-1
-1
0
0
0
0
0
1
0
-1
0
0
0
0
0
0
0
0
-1
0
0
0
0
1
0
0
0
0
0
-1
1
1
0
0
0
0
1
0
0
0
0
0
0
0
0
0
0
0
0
1
0
0
0
0
0
0
1
0
0
0
0
0
0
0
0
0
0
1
0
-1
0
0
0
0
-1
0
0
0
0
0
0
-1
0
0
-1
0
0
0
-1
1
0
0
0
0
0
0
0
0
0
0
0
0
0
-1
0
-1
0
0
0
0
0
0
0
0
0
1
0
0
0
0
0
0
0
0
0
0
0
1
0
0
0
0
0
0
0
0
0
-1
0
0
1
0
0
0
0
0
0
0
1
0
0
0
0
0
0
-1
0
1
0
0
0
0
0
0
0
0
-1
0
0
0
0
0
0
0
0
1
0
-1
0
1
0
0
-1
0
0
0
0
-1
0
0
0
0
1
0
0
0
0
0
0
0
0
-1
0
0
0
0
0
0
0
0
0
1
0
0
0
0
0
1
0
0
1
0
1
-1
0
0
0
0
0
0
0
0
-1
0
-1
-1
0
0
0
0
0
0
0
0
0
0
-1
0
-1
0
0
0
0
0
0
-1
0
0
0
0
0
0
0
0
0
0
0
0
0
0
0
0
0
1
1
0
-1
0
0
0
0
0
0
0
0
0
0
0
0
0
0
0
0
1
0
0
0
0
0
1
0
0
0
0
0
0
0
-1
-1
0
0
0
0
0
-1
-1
0
0
0
-1
1
0
0
-1
0
0
0
0
0
0
0
0
0
0
0
0
0
0
0
0
1
0
0
-1
0
0
0
0
0
0
1
0
0
-1
-1
0
0
0
0
-1
0
0
0
0
0
1
0
0
1
0
1
0
0
0
0
0
0
-1
0
0
0
0
0
0
1
0
0
0
0
0
0
-1
-1
0
-1
0
0
0
0
0
0
0
0
0
0
0
0
0
0
-1
0
0
0
0
1
0
0
0
0
0
0
0
0
0
0
-1
1
-1
0
0
0
0
0
0
0
0
1
0
1
0
0
0
1
-1
0
0
0
0
0
0
0
0
0
0
-1
0
0
0
0
1
1
0
1
0
0
0
0
0
0
0
0
0
0
-1
-1
-1
-1
0
0
0
0
0
-1
0
0
0
0
0
-1
0
-1
0
1
0
0
1
0
0
-1
0
-1
0
0
0
-1
0
1
-1
0
0
0
0
-1
0
1
0
-1
1
1
0
1
-1
0
0
1
0
0
-1
1
0
0
1
0
0
0
0
1
0
0
0
0
1
0
-1
0
-1
0
1
0
1
-1
0
1
0
0
0
0
0
-1
0
0
0
0
0
0
0
0
0
0
-1
0
1
0
1
0
-1
0
0
1
0
0
0
0
0
0
-1
0
-1
0
0
0
0
0
0
0
1
0
1
0
0
0
0
0
-1
0
0
0
0
0
-1
0
0
0
0
0
0
1
0
0
0
0
1
0
0
0
0
0
0
0
0
0
-1
0
1
0
0
0
0
0
0
0
0
0
0
0
0
0
0
0
-1
1
0
0
0
-1
0
0
0
1
0
0
0
-1
0
0
0
0
1
1
0
1
0
0
-1
0
-1
0
0
0
0
0
0
0
0
0
0
0
0
0
1
0
0
0
0
0
0
0
0
0
0
0
0
0
0
0
0
0
0
1
0
0
0
1
0
0
0
0
0
0
0
0
1
1
0
0
1
0
0
0
0
0
1
0
0
-1
1
0
-1
-1
0
0
0
0
0
1
0
1
0
0
0
1
0
-1
0
-1
0
0
-1
0
0
0
-1
0
0
0
0
0
0
0
0
1
-1
0
0
0
0
-1
0
0
0
0
0
1
0
0
0
0
0
0
0
0
1
1
0
0
0
0
0
0
0
0
0
1
0
-1
0
0
0
0
0
0
0
0
0
0
1
0
1
1
1
0
0
0
0
0
0
0
0
0
0
0
0
-1
0
0
0
-1
0
-1
0
0
0
0
0
0
0
-1
1
0
1
0
0
0
0
1
1
0
-1
0
1
-1
0
0
0
0
0
0
0
0
0
0
0
0
0
1
-1
0
0
0
0
0
0
0
-1
0
-1
0
0
0
0
0
-1
0
1
0
0
0
1
0
0
0
0
0
0
0
0
0
0
0
0
0
0
1
0
1
0
-1
-1
-1
0
0
0
0
0
0
0
-1
0
0
1
-1
0
1
0
0
0
0
0
0
0
-1
0
0
0
0
0
0
0
0
0
0
0
0
0
0
0
0
0
0
0
0
0
0
1
0
1
0
0
0
1
0
0
-1
1
0
-1
0
0
-1
0
0
0
0
-1
0
0
0
0
1
0
0
0
1
0
0
1
-1
0
0
0
0
0
0
-1
0
1
0
0
0
1
-1
0
0
0
-1
0
0
0
-1
0
1
0
-1
0
0
-1
-1
0
0
0
0
-1
-1
-1
0
0
0
0
0
0
0
0
0
1
0
-1
0
1
0
1
0
0
0
-1
0
0
0
0
0
0
-1
1
0
0
0
0
1
0
0
0
-1
0
1
0
0
0
0
0
0
0
0
0
0
-1
1
-1
0
1
0
0
0
0
0
0
0
0
0
0
0
0
0
0
0
1
0
0
0
0
-1
1
0
0
0
0
0
0
0
0
0
0
0
0
-1
0
0
0
-1
0
0
1
1
0
0
0
0
-1
0
1
0
-1
0
0
0
0
-1
0
0
0
0
0
-1
-1
0
0
0
0
1
0
0
0
0
-1
0
0
0
0
0
0
0
0
1
0
-1
0
0
-1
0
0
0
0
0
0
0
0
0
0
0
1
0
0
0
0
-1
-1
0
-1
0
0
0
-1
0
0
0
0
1
1
-1
0
0
-1
-1
0
0
-1
0
0
-1
0
0
-1
1
-1
0
0
-1
0
0
0
0
0
0
0
1
0
0
-1
1
1
0
0
0
0
0
0
0
0
0
1
0
0
0
0
0
0
-1
0
0
-1
0
0
1
0
0
1
0
0
0
1
0
0
0
0
0
0
1
-1
0
0
0
1
0
-1
0
0
0
0
0
-1
0
0
0
0
1
0
0
1
0
0
0
1
0
0
0
0
0
1
0
0
0
0
0
0
0
1
0
0
0
0
-1
0
0
-1
-1
0
-1
0
0
0
1
1
0
0
0
-1
1
0
0
0
0
1
0
1
0
0
1
1
0
0
0
0
0
-1
0
0
0
-1
0
0
1
0
0
0
0
1
0
1
0
0
0
0
-1
0
0
0
0
0
-1
0
0
0
1
1
0
0
-1
0
0
1
0
0
-1
1
0
0
0
0
-1
0
0
0
0
0
0
0
0
0
0
0
1
0
0
0
-1
0
1
0
0
1
-1
0
-1
-1
0
0
0
0
0
0
0
0
-1
0
-1
1
0
1
1
0
0
0
0
0
0
0
0
0
0
0
0
0
0
1
0
-1
0
0
0
0
0
0
-1
0
0
-1
0
0
0
0
0
0
0
1
1
0
0
0
0
0
0
0
-1
0
0
0
0
0
0
-1
-1
0
0
0
0
0
1
0
1
-1
0
0
-1
0
0
0
1
0
0
0
0
0
0
0
1
0
1
0
0
0
-1
-1
0
0
0
0
1
0
-1
0
0
0
0
1
0
-1
0
0
0
0
0
1
0
0
0
0
0
0
0
0
0
0
1
0
0
0
0
0
0
0
0
0
0
0
0
0
-1
-1
0
0
0
0
0
0
-1
0
0
-1
0
0
0
0
0
0
0
0
0
0
0
0
0
0
0
0
0
-1
0
0
1
0
0
-1
1
0
0
0
0
0
0
0
0
0
0
-1
1
0
0
-1
0
0
0
1
0
-1
0
0
0
0
0
0
0
1
-1
0
-1
0
-1
-1
0
0
0
1
0
0
0
0
0
1
0
-1
-1
0
0
0
0
0
0
0
-1
0
-1
0
1
0
0
0
0
1
0
0
0
0
0
-1
-1
0
0
0
0
-1
0
1
0
1
0
0
0
0
-1
0
0
0
-1
0
0
0
0
0
0
0
0
-1
0
0
0
1
0
1
0
-1
0
1
0
0
-1
0
0
0
0
0
0
1
0
1
0
0
0
0
0
1
0
1
0
0
0
1
0
0
0
0
0
-1
0
0
0
0
0
0
0
0
0
-1
0
0
0
0
0
0
0
0
0
0
1
0
1
0
0
1
0
0
1
0
0
1
0
0
1
0
0
0
0
0
0
0
0
0
0
0
1
0
0
-1
0
0
-1
0
-1
0
0
1
1
0
0
0
-1
0
0
0
0
0
0
1
0
0
-1
0
0
0
0
-1
0
1
0
0
0
0
0
-1
0
0
0
0
0
0
0
1
0
0
0
0
0
-1
0
0
0
0
0
1
0
0
0
0
0
0
0
1
0
-1
0
-1
1
0
0
0
0
-1
0
-1
0
0
0
0
-1
1
0
0
0
1
0
-1
0
1
1
0
-1
0
0
0
0
0
0
0
0
-1
0
0
0
0
1
-1
0
0
-1
0
0
0
0
0
1
1
0
0
0
-1
-1
0
0
0
1
0
0
0
0
0
0
1
0
0
-1
0
0
1
0
0
0
0
0
1
0
0
-1
0
0
0
0
0
0
0
0
1
0
0
0
0
0
0
0
0
1
0
0
0
0
0
0
-1
0
0
0
0
1
0
0
1
0
0
0
1
-1
0
-1
0
0
0
1
0
0
0
0
0
0
1
0
0
0
0
0
0
0
0
0
-1
0
0
0
1
0
0
0
1
0
0
0
0
0
0
0
0
0
0
1
0
1
0
-1
0
0
-1
0
0
0
-1
0
0
0
-1
0
-1
1
-1
1
0
0
0
0
0
1
0
1
0
0
0
0
0
0
0
0
0
0
0
1
0
0
-1
0
0
0
0
0
0
0
0
0
0
-1
0
0
1
0
0
-1
0
0
0
0
0
0
0
0
-1
0
1
0
0
0
0
1
0
0
0
0
0
-1
0
0
-1
0
0
0
0
0
0
0
0
0
0
0
1
1
1
1
0
0
-1
1
0
0
0
0
0
0
0
0
0
0
0
0
1
0
0
1
0
1
0
0
1
0
0
0
0
1
0
0
-1
0
0
1
1
0
0
-1
0
-1
-1
0
0
0
1
1
0
-1
0
1
0
0
0
0
1
0
1
-1
0
1
0
0
0
-1
0
0
0
1
0
-1
0
-1
-1
0
0
1
0
0
0
1
1
0
0
1
1
-1
0
-1
0
0
0
1
0
0
0
0
-1
0
0
-1
0
0
-1
-1
1
0
0
0
0
-1
0
1
0
0
0
-1
1
0
1
0
1
-1
0
0
0
-1
0
0
0
0
0
0
0
0
0
0
0
0
0
0
0
0
0
1
0
0
0
0
1
0
0
0
0
0
0
0
0
0
0
0
0
0
0
0
0
0
0
0
0
1
0
0
0
0
-1
0
0
1
0
0
0
0
0
-1
0
0
0
0
0
0
-1
0
0
-1
0
0
0
-1
0
0
0
0
-1
0
0
0
0
0
0
0
0
0
0
0
0
0
0
0
-1
0
0
0
-1
0
-1
0
-1
0
0
0
0
1
0
0
0
0
-1
1
0
0
0
0
0
1
0
0
0
0
0
0
1
0
0
0
0
-1
0
-1
0
0
0
0
0
0
0
0
0
0
0
0
0
0
0
0
0
1
0
1
1
0
1
0
0
0
0
0
1
0
1
0
0
0
1
0
0
-1
0
0
1
0
-1
0
0
0
0
-1
-1
1
0
0
1
0
0
1
0
0
0
-1
1
0
0
0
0
0
0
-1
0
0
0
0
0
0
0
0
0
0
0
0
0
0
0
0
0
0
0
0
-1
0
-1
0
-1
0
0
0
0
0
-1
0
-1
1
0
0
0
0
0
-1
0
-1
0
-1
0
0
0
0
-1
0
-1
0
1
0
0
0
0
0
0
1
0
0
0
0
0
0
-1
0
0
0
0
0
0
0
0
1
0
1
1
0
0
0
0
0
0
0
0
0
0
1
0
1
0
0
0
0
0
0
0
1
0
0
0
1
0
1
1
0
0
0
0
-1
0
0
1
0
0
0
0
0
0
0
0
0
0
0
0
0
-1
0
0
0
0
0
0
0
0
0
-1
0
1
0
0
0
0
0
0
0
-1
1
0
0
0
1
0
1
0
0
0
0
0
0
0
-1
0
1
0
0
0
1
0
0
0
0
-1
1
1
0
0
1
0
0
0
0
0
0
0
0
-1
0
0
0
0
1
0
0
0
0
0
0
-1
-1
1
0
0
1
0
0
-1
0
-1
1
0
1
0
0
0
0
1
-1
0
0
0
0
0
0
0
0
0
0
0
0
0
0
-1
0
0
0
0
1
0
0
0
0
0
0
0
0
-1
0
0
0
-1
0
0
1
0
-1
0
0
0
0
1
1
1
0
0
-1
0
0
-1
0
0
0
0
-1
0
0
0
0
0
0
1
0
0
0
0
0
1
0
0
0
0
0
0
0
-1
1
-1
0
-1
0
0
0
0
-1
0
0
0
0
0
0
0
0
0
1
0
0
0
0
0
0
0
0
0
0
0
0
0
0
-1
0
0
0
1
0
0
0
0
-1
0
-1
0
1
0
0
1
0
0
0
0
0
0
0
0
0
0
1
-1
0
-1
0
0
-1
0
0
0
0
-1
0
0
0
0
0
1
0
0
0
0
0
0
0
-1
0
0
0
0
0
0
-1
0
0
0
0
0
0
-1
0
-1
0
0
0
0
1
0
0
0
0
0
0
0
0
0
0
0
0
1
0
0
0
0
1
0
-1
0
1
0
0
0
0
0
0
0
-1
-1
0
0
0
1
0
-1
0
0
-1
0
0
0
-1
0
0
1
0
0
0
0
0
0
1
0
0
0
0
1
0
0
0
1
1
0
0
0
0
0
0
1
0
1
0
0
0
1
0
0
0
-1
1
1
0
-1
0
0
0
0
0
0
0
0
0
0
0
1
0
1
0
0
0
0
0
-1
0
1
0
0
-1
0
-1
0
0
-1
0
0
0
0
0
0
0
0
0
0
0
0
0
0
0
0
0
0
0
0
0
0
0
0
0
0
0
0
0
0
0
0
0
-1
0
0
0
0
0
0
0
-1
0
0
0
0
0
0
0
0
0
0
0
0
0
0
0
0
0
0
0
0
0
0
1
-1
0
0
0
0
0
0
0
1
0
0
0
0
0
-1
0
0
0
0
0
0
0
0
0
0
-1
-1
-1
-1
0
-1
0
0
0
0
0
0
-1
-1
0
-1
0
0
0
-1
0
0
0
0
0
0
0
1
0
0
0
0
0
0
0
0
0
0
1
1
0
0
0
0
0
0
0
0
0
0
0
1
0
0
0
0
0
1
1
0
0
0
0
0
-1
0
0
0
0
0
0
1
0
0
1
0
0
0
1
0
0
1
0
1
1
0
0
0
0
0
0
0
0
0
0
1
0
1
1
-1
0
0
0
0
0
0
0
0
0
0
0
1
0
0
1
0
0
0
1
0
0
0
-1
0
0
0
0
0
0
0
0
0
0
1
0
0
0
-1
-1
0
0
0
0
0
0
0
0
0
0
-1
0
1
0
0
0
0
0
0
0
-1
0
1
0
0
0
0
-1
0
-1
-1
0
0
0
0
1
0
0
0
0
0
0
0
0
1
1
0
1
-1
0
0
0
0
0
0
0
0
0
0
0
0
0
0
0
0
0
0
0
0
0
0
0
0
0
0
0
0
-1
1
0
1
0
0
1
0
0
0
0
0
1
-1
0
0
0
0
0
1
0
0
-1
0
0
0
0
1
0
0
1
-1
-1
0
0
0
0
0
0
0
0
0
0
0
-1
0
0
0
1
0
0
0
0
1
0
-1
-1
0
0
0
-1
0
0
0
0
0
-1
0
0
0
0
-1
0
0
0
0
0
0
0
0
0
0
0
0
0
0
-1
0
0
0
0
0
0
0
0
0
1
0
-1
0
0
0
0
0
0
0
0
0
0
0
0
0
0
0
0
0
0
0
-1
0
0
0
0
0
0
0
0
0
0
0
0
0
1
0
0
0
0
0
0
0
1
0
0
0
1
1
0
0
0
-1
1
1
0
0
0
0
0
0
0
1
0
0
0
1
0
0
0
0
0
-1
0
0
0
0
0
0
0
0
0
0
-1
-1
-1
0
0
0
0
-1
0
0
0
0
0
0
0
0
0
1
0
1
0
0
0
0
0
0
1
-1
0
1
-1
0
0
0
0
0
0
0
-1
0
0
0
-1
0
-1
0
0
0
0
0
-1
0
0
0
0
0
0
-1
0
0
0
0
0
0
0
0
-1
-1
0
0
0
0
0
1
0
0
0
0
0
-1
0
0
0
0
0
0
0
0
0
1
0
1
0
0
1
-1
1
0
0
0
-1
-1
0
0
0
-1
0
-1
0
1
1
0
1
1
1
1
2
1
1
1
1
1
1
1
0
1
0
0
0
0
0
0
1
1
1
1
2
1
1
0
0
1
1
1
1
0
-1
2
1
3
3
4
4
4
4
4
3
2
2
2
2
2
0
0
1
0
1
-1
-2
-1
-2
-2
-1
-2
-2
-3
-3
-2
-1
-2
1
0
2
2
3
4
5
6
7
8
8
8
7
6
6
6
5
5
3
3
0
0
-1
-3
-3
-3
-3
-4
-4
-5
-5
-6
-7
-7
-6
-7
-6
-7
-6
-5
-5
-4
-3
-3
-1
0
1
2
3
4
4
3
4
2
1
-1
0
-2
-3
-5
-7
-7
-8
-8
-7
-9
-6
-6
-5
-5
-3
-3
-3
-2
-1
-4
-3
-3
-4
-4
-4
-4
-4
-5
-7
-10
-13
-17
-19
-21
-23
-25
-26
-26
-25
-22
-19
-15
-10
-8
-4
-2
-2
1
1
1
0
0
1
1
1
2
5
8
13
18
21
24
26
31
34
36
34
31
28
24
19
16
12
8
5
5
5
5
6
9
11
15
18
21
25
28
29
33
33
35
36
36
37
38
38
37
35
35
34
35
37
39
39
42
43
44
48
47
47
46
43
40
38
36
33
30
26
21
16
10
9
8
13
15
19
20
22
25
26
28
31
27
22
15
6
-7
-20
-31
-45
-56
-66
-75
-80
-86
-88
-90
-89
-88
-89
-91
-92
-92
-88
-88
-90
-98
-105
-113
-116
-119
-123
-124
-127
-129
-130
-130
-131
-134
-140
-147
-154
-152
-149
-142
-134
-131
-130
-128
-123
-112
-103
-95
-95
-100
-108
-110
-99
-84
-71
-65
-57
-44
-18
29
96
165
219
250
279
311
351
395
436
467
479
478
481
491
504
516
529
537
529
506
490
488
503
522
534
523
481
420
373
347
329
300
253
190
117
41
-17
-52
-74
-99
-137
-190
-256
-315
-355
-370
-384
-417
-471
-530
-568
-580
-583
-595
-624
-667
-716
-765
-811
-855
-897
-937
-981
-1030
-1074
-1099
-1077
-1000
-897
-807
-754
-720
-668
-578
-463
-345
-237
-147
-64
24
123
226
321
407
489
561
614
656
704
770
835
883
908
917
921
931
948
969
984
969
918
862
819
785
748
709
659
583
495
424
377
340
295
241
178
110
54
35
48
58
49
33
13
-7
-11
2
26
50
59
53
48
53
53
47
41
31
17
17
25
22
6
-27
-69
-108
-139
-176
-244
-327
-393
-446
-513
-588
-626
-643
-705
-835
-981
-1097
-1157
-1134
-1059
-1074
-1315
-1700
-1946
-1838
-1442
-1006
-730
-663
-732
-779
-652
-366
-87
58
127
230
374
492
583
710
894
1070
1163
1158
1098
1062
1120
1271
1397
1364
1179
989
927
989
1071
1078
978
806
627
490
397
325
250
149
8
-173
-367
-510
-550
-509
-489
-575
-754
-934
-1030
-1003
-882
-764
-725
-747
-772
-777
-752
-660
-481
-268
-102
-20
9
36
102
231
383
472
470
462
542
709
872
964
983
965
946
936
935
950
965
959
921
837
714
594
539
558
600
579
462
293
150
67
46
64
79
37
-84
-257
-424
-526
-537
-501
-486
-539
-643
-733
-754
-722
-713
-795
-966
-1172
-1353
-1479
-1581
-1733
-1981
-2299
-2571
-2622
-2340
-1777
-1149
-699
-552
-648
-770
-713
-451
-126
119
267
394
566
772
979
1152
1274
1356
1409
1413
1355
1298
1341
1491
1629
1620
1445
1230
1116
1149
1241
1266
1151
925
699
557
469
360
217
78
-41
-188
-395
-611
-747
-785
-812
-932
-1163
-1416
-1539
-1439
-1168
-916
-826
-854
-850
-719
-490
-252
-75
22
66
124
265
486
704
849
915
909
863
863
958
1100
1189
1198
1184
1189
1202
1187
1122
1023
928
857
810
769
709
625
527
419
285
133
11
-37
-30
-27
-76
-180
-303
-414
-505
-576
-625
-646
-630
-597
-589
-631
-700
-764
-843
-997
-1255
-1583
-1938
-2311
-2720
-3130
-3419
-3392
-2914
-2097
-1310
-919
-983
-1216
-1269
-1013
-592
-235
-58
13
148
429
772
1028
1160
1254
1377
1484
1491
1408
1356
1443
1630
1769
1721
1508
1287
1222
1326
1458
1460
1303
1085
908
779
638
451
249
85
-31
-145
-268
-348
-349
-333
-415
-650
-980
-1261
-1369
-1286
-1137
-1029
-919
-657
-206
241
421
263
-28
-180
-81
184
460
643
743
846
977
1051
987
827
731
805
981
1098
1082
998
932
902
865
770
602
418
311
310
345
319
218
103
16
-70
-181
-291
-352
-351
-323
-305
-320
-363
-423
-498
-593
-694
-754
-727
-626
-519
-455
-456
-540
-706
-935
-1204
-1510
-1880
-2349
-2873
-3299
-3416
-3069
-2283
-1346
-703
-600
-888
-1169
-1127
-750
-284
17
100
117
255
564
916
1155
1259
1313
1362
1357
1267
1174
1222
1466
1768
1907
1753
1394
1073
1002
1180
1389
1404
1213
984
875
868
815
614
295
-24
-234
-317
-321
-291
-241
-200
-259
-493
-873
-1246
-1417
-1317
-1057
-835
-750
-731
-629
-374
-51
175
203
66
-105
-163
-31
270
643
949
1077
1002
795
583
481
538
712
926
1092
1169
1168
1129
1081
1022
924
764
557
361
253
275
388
475
440
268
42
-138
-229
-254
-238
-199
-151
-141
-206
-332
-452
-505
-488
-454
-463
-540
-608
-577
-454
-406
-602
-1033
-1519
-1919
-2271
-2706
-3253
-3742
-3864
-3386
-2395
-1338
-719
-730
-1125
-1483
-1517
-1209
-734
-302
-27
133
307
574
895
1174
1330
1337
1227
1090
1045
1174
1471
1844
2140
2221
2038
1684
1351
1206
1279
1449
1573
1577
1513
1478
1462
1336
993
495
19
-283
-385
-353
-258
-129
-29
-73
-352
-819
-1308
-1593
-1552
-1309
-1117
-1042
-889
-463
128
537
493
46
-498
-782
-641
-183
329
711
966
1135
1141
901
515
257
304
570
832
962
1003
1056
1180
1305
1264
924
382
-72
-211
-75
159
346
433
426
327
129
-140
-399
-559
-588
-509
-398
-322
-263
-150
7
93
-16
-308
-614
-746
-630
-354
-82
58
3
-262
-716
-1292
-1866
-2316
-2622
-2896
-3242
-3566
-3554
-2948
-1879
-882
-500
-836
-1474
-1836
-1633
-1045
-470
-151
-26
127
417
769
1028
1138
1161
1163
1136
1077
1076
1283
1738
2278
2615
2542
2092
1538
1207
1226
1437
1577
1547
1449
1420
1484
1532
1434
1133
670
135
-356
-684
-777
-642
-360
-127
-179
-591
-1178
-1665
-1895
-1876
-1650
-1228
-673
-145
184
247
91
-144
-304
-336
-298
-237
-104
176
580
965
1168
1155
1018
839
639
467
428
596
920
1246
1408
1322
1038
709
465
299
138
-29
-108
-20
191
389
451
323
61
-224
-437
-554
-602
-571
-418
-148
128
267
195
-43
-311
-489
-519
-434
-293
-153
-48
-21
-132
-433
-886
-1365
-1754
-2058
-2402
-2889
-3454
-3843
-3759
-3072
-2009
-1074
-717
-994
-1547
-1914
-1862
-1462
-955
-540
-254
11
346
710
981
1102
1123
1099
1055
1016
1061
1281
1703
2245
2723
2924
2758
2354
1949
1704
1598
1507
1385
1335
1487
1821
2126
2162
1821
1189
499
-42
-403
-648
-777
-717
-507
-337
-393
-706
-1160
-1572
-1782
-1711
-1372
-897
-449
-133
41
82
-2
-156
-303
-387
-386
-261
-4
294
525
678
812
939
986
875
661
521
565
750
963
1112
1119
926
603
325
201
191
173
63
-143
-344
-319
113
814
1286
1118
390
-448
-1003
-1118
-779
-149
380
385
-250
-1178
-1850
-1921
-1452
-802
-335
-203
-351
-609
-904
-1264
-1678
-2124
-2601
-3244
-4171
-5117
-5554
-4944
-3061
-347
2476
4618
5297
4339
2219
-183
-1825
-2238
-1644
-618
166
557
792
1000
1193
1138
695
130
-243
-130
611
1699
2752
3454
3586
3112
2107
804
-395
-1156
-1360
-1180
-929
-807
-763
-613
-292
22
77
-243
-799
-1259
-1342
-998
-345
450
1171
1492
1165
343
-382
-360
615
2116
3338
3615
2824
1397
-12
-913
-1159
-832
-126
721
1494
2043
2240
1976
1267
329
-549
-1111
-1205
-851
-273
201
296
-76
-778
-1527
-2016
-2065
-1682
-1065
-509
-268
-421
-784
-1003
-801
-209
464
875
889
616
306
203
441
978
1609
2061
2194
2071
1802
1399
836
192
-330
-535
-390
-45
251
267
-133
-919
-1918
-2895
-3660
-4137
-4452
-4971
-5959
-7048
-7230
-5622
-2309
1612
4706
5949
5074
2534
-699
-3399
-4593
-4068
-2437
-680
445
747
546
330
433
909
1588
2302
3044
3848
4587
5059
5127
4717
3778
2382
842
-344
-800
-572
-127
46
-268
-940
-1591
-1792
-1351
-523
154
301
-127
-871
-1542
-1811
-1568
-1091
-738
-609
-714
-987
-1312
-1393
-731
521
1736
2543
2699
2413
1913
1095
344
-88
-179
398
1328
2169
2684
2402
1618
788
-74
-556
-630
-415
206
707
777
525
-82
-647
-973
-1212
-1230
-1147
-1120
-1059
-1085
-1152
-1073
-899
-522
73
606
970
1079
851
601
510
559
830
1134
1397
1726
1895
1800
1397
654
-57
-552
-781
-633
-381
-173
-38
-217
-695
-1411
-2314
-3079
-3575
-3969
-4493
-5492
-6930
-8023
-7673
-5219
-1178
2934
5726
6436
5014
2146
-1178
-3774
-4671
-3916
-2110
-84
1193
1473
1063
543
673
1492
2605
3734
4541
5057
5344
5236
4892
4248
3061
1562
133
-686
-607
-169
60
-108
-668
-1352
-1833
-1864
-1319
-519
-1
-85
-804
-1758
-2414
-2637
-2387
-1822
-1344
-1054
-1107
-1459
-1425
-639
804
2415
3248
2984
1938
626
-134
-97
514
1466
2224
2561
2472
1782
806
-30
-508
-393
117
641
1013
1096
920
631
243
-272
-919
-1545
-1789
-1496
-902
-530
-715
-1330
-1935
-2132
-1748
-763
418
1438
1922
1707
1168
559
312
544
1080
1745
2193
2428
2374
2040
1599
906
128
-493
-959
-857
-352
89
416
118
-642
-1507
-2508
-3198
-3575
-3771
-3830
-4272
-5418
-6884
-7832
-7241
-4656
-955
2555
4778
5037
3639
1247
-1369
-3121
-3519
-2707
-1108
389
1227
1426
1195
1190
1796
2675
3485
4051
4420
4763
4940
4789
4360
3560
2376
1163
335
116
322
440
179
-480
-1413
-2256
-2641
-2471
-1862
-1179
-803
-923
-1527
-2325
-2910
-3008
-2613
-1935
-1195
-614
-358
-423
-589
-375
477
1599
2451
2719
2475
2043
1519
969
654
686
1054
1592
1967
2030
1747
1219
751
536
556
707
862
991
1042
814
186
-669
-1389
-1735
-1699
-1382
-1015
-844
-994
-1407
-1740
-1719
-1380
-723
259
1315
2078
2231
1722
907
256
32
292
957
1733
2330
2584
2287
1502
596
-164
-492
-364
-97
210
348
125
-299
-989
-1844
-2529
-3096
-3496
-3729
-4107
-4591
-5231
-6252
-7232
-7367
-6019
-3155
256
2995
4344
4099
2629
558
-1419
-2515
-2489
-1594
-92
1258
1743
1503
896
616
1329
2619
3905
4925
5351
5290
4970
4347
3555
2699
1840
1198
930
978
989
563
-323
-1390
-2271
-2766
-2835
-2405
-1638
-943
-688
-1037
-1820
-2681
-3164
-2952
-2145
-1034
-205
-100
-315
-412
-169
561
1209
1344
1178
757
374
402
637
1039
1624
2115
2337
2126
1471
809
586
874
1329
1512
1279
773
246
-95
-300
-540
-799
-942
-818
-429
-73
-18
-395
-1089
-1661
-1932
-1824
-1246
-480
535
1627
2022
1726
963
35
-248
99
866
2005
2765
2963
2767
2124
1445
641
-273
-629
-592
-370
6
4
-353
-938
-1868
-2604
-2882
-3004
-2974
-2878
-2909
-3051
-3510
-4593
-6177
-7664
-8004
-6320
-2958
730
3452
4486
3908
2285
188
-1624
-2425
-1998
-477
1478
2827
2981
1964
548
-24
688
2215
3851
4989
5586
5693
5081
3919
2627
1552
1025
1090
1562
2040
1926
977
-523
-2107
-3385
-4085
-3978
-3097
-1774
-566
-90
-536
-1615
-2803
-3405
-3022
-1890
-517
538
827
392
-540
-1631
-2053
-1385
-9
1617
2760
3037
2652
1549
365
-110
-91
408
1195
1965
2847
3114
2533
1798
978
464
244
-166
-234
-104
-111
106
124
-25
-59
-405
-625
-451
-327
-177
-195
-459
-513
-420
-183
410
1000
1266
1184
798
392
252
416
893
1521
1906
1913
1626
1098
467
-200
-835
-1133
-1094
-996
-904
-937
-1127
-1327
-1621
-1990
-2372
-2889
-3286
-3386
-3415
-3472
-3888
-4942
-6237
-7069
-6568
-4253
-830
2392
4300
4445
3281
1532
-195
-1303
-1360
-275
1498
2889
3033
1879
157
-892
-466
1200
3347
5013
5594
5354
4665
3690
2776
2144
1879
1981
2217
2298
1933
885
-720
-2404
-3612
-4072
-3815
-3003
-1954
-1013
-523
-760
-1647
-2763
-3456
-3185
-2081
-632
464
611
29
-859
-1836
-2557
-2853
-2318
-509
1969
4007
4722
3839
2150
597
-341
-385
325
1533
3000
4029
3860
2337
93
-1683
-2013
-808
1166
2840
3520
3113
1883
347
-953
-1678
-1585
-773
305
1169
1197
219
-1157
-2269
-2471
-1670
-519
656
1565
1831
1610
897
-101
-615
-462
245
1300
1918
1768
1028
-263
-1549
-2219
-2267
-1647
-633
44
249
-8
-848
-1862
-2717
-3224
-3022
-2338
-1746
-1549
-2044
-3361
-5284
-7196
-7968
-6616
-3191
986
4028
4792
3455
1144
-851
-1742
-1302
290
2379
3947
4026
2377
-151
-2043
-2079
-133
2777
5223
6215
5660
4244
2860
2069
1916
2194
2733
3314
3553
2987
1419
-717
-2660
-3764
-3833
-3118
-2050
-1115
-691
-936
-1896
-3167
-3965
-3862
-2646
-828
557
984
208
-1356
-2735
-3174
-2737
-1673
-485
244
1155
1935
2124
2165
1538
1046
1366
1708
2223
2513
2343
2181
1772
1009
148
-393
-213
951
2575
3664
3695
2429
516
-951
-1386
-796
159
723
653
97
-736
-1613
-2216
-2185
-1469
-416
500
913
794
385
55
76
360
606
634
534
478
486
431
224
-131
-490
-696
-659
-376
13
323
361
38
-582
-1265
-1755
-1845
-1568
-1237
-1084
-1414
-2156
-3206
-4345
-5189
-5883
-6283
-6095
-4617
-1640
1465
3073
2471
792
-272
-90
916
1988
2809
3241
2968
1685
-323
-2066
-2406
-840
2038
4862
6217
5541
3539
1671
1073
1805
3060
3956
4103
3563
2514
1098
-511
-1934
-2729
-2699
-2097
-1502
-1370
-1767
-2421
-2984
-3225
-3169
-2917
-2487
-1845
-1022
-531
-686
-1447
-2364
-2599
-1966
-724
406
684
54
-828
-758
510
2299
3749
3899
3104
2291
1631
1569
2053
2487
2990
3113
2411
1430
314
-300
270
1375
2416
2582
1441
-68
-1054
-1210
-636
-1
121
-92
-563
-1177
-1524
-1661
-1557
-1233
-970
-712
-345
57
419
608
573
413
189
-2
0
335
956
1386
1179
449
-366
-697
-378
32
294
425
142
-412
-1014
-1596
-1726
-1498
-1431
-1561
-1948
-2579
-3126
-3552
-3968
-4493
-5098
-5260
-4313
-2176
281
1755
1675
589
-393
-466
369
1559
2492
2738
2175
1018
-239
-973
-689
728
2823
4664
5285
4357
2575
1237
1255
2490
3932
4512
3820
2264
631
-448
-800
-697
-514
-470
-696
-1228
-1893
-2465
-2881
-3067
-2886
-2445
-2149
-2170
-2345
-2320
-2018
-1716
-1561
-1573
-1472
-1061
-452
101
299
151
-159
-166
16
388
1714
3432
4398
4092
2508
1124
996
1372
1827
2292
2577
2686
2121
860
-177
-528
-168
635
1383
1696
1342
361
-1032
-1889
-1658
-877
-54
44
-519
-892
-1073
-1197
-1173
-1021
-562
131
560
604
410
142
40
165
471
792
912
782
532
435
617
810
642
102
-383
-359
79
377
140
-511
-1178
-1610
-1796
-1802
-1713
-1678
-1863
-2335
-3055
-4008
-5163
-6205
-6374
-4918
-1964
1036
2222
1098
-928
-1899
-1015
998
2889
3842
3592
2285
446
-971
-1134
-87
1599
3309
4454
4553
3363
1620
681
1078
2570
4092
4252
3020
1198
-197
-231
454
788
592
-277
-1406
-2232
-2808
-2907
-2675
-2643
-2617
-2526
-2574
-2624
-2657
-2487
-1844
-1205
-957
-946
-1113
-1244
-950
-176
612
992
650
81
506
1716
2981
3663
3009
2015
1624
1747
2331
2617
2309
1757
964
328
352
787
1309
1656
1398
1020
707
162
-362
-740
-581
-89
-3
-609
-1623
-2104
-1677
-727
144
259
-351
-1044
-1328
-774
276
1092
1373
939
334
-19
-27
410
937
1404
1678
1493
950
396
-54
-123
191
415
465
17
-945
-1684
-1795
-1398
-801
-786
-1576
-2385
-3187
-3593
-3403
-3306
-3502
-4382
-5540
-5631
-3987
-1204
863
860
-536
-1483
-853
1026
2924
3861
3459
1939
254
-510
79
1521
2929
3732
3827
3393
2611
1637
913
1123
2395
3811
4079
2740
649
-722
-511
858
2070
1943
319
-1879
-3372
-3470
-2481
-1328
-876
-1465
-2692
-3730
-3915
-3256
-2315
-1565
-1237
-1374
-1726
-1996
-1862
-1068
132
1281
1973
1751
773
-18
93
1056
2112
2394
2073
1938
2171
2478
2371
1657
1019
1018
1575
2322
2493
1768
603
-481
-835
-352
333
765
608
20
-385
-546
-554
-526
-657
-625
-329
-208
-520
-1181
-1593
-1205
-184
796
1004
399
-346
-631
-86
989
1780
1962
1624
1042
696
662
703
658
409
39
-226
-352
-396
-426
-461
-438
-474
-739
-1141
-1566
-1867
-1874
-1846
-2054
-2485
-3272
-4496
-5887
-6653
-5571
-2517
610
1557
-58
-2326
-2860
-968
2096
4419
4713
2932
264
-1507
-1212
813
3026
3934
3257
1953
1106
1048
1555
2269
2864
3191
3167
2599
1504
480
343
1238
2370
2576
1156
-1292
-3242
-3628
-2394
-581
228
-602
-2473
-4172
-4508
-3444
-1957
-961
-949
-1680
-2390
-2543
-1980
-954
105
899
1296
1278
834
292
322
1060
2014
2423
1951
1339
1257
1592
2046
2197
2036
1915
1747
1556
1471
1270
888
297
-337
-454
32
639
830
337
-475
-971
-874
-420
-131
-241
-603
-882
-920
-966
-1023
-825
-439
-55
23
-307
-499
-137
621
1432
1836
1635
1108
597
432
798
1470
1889
1556
557
-435
-823
-565
-43
313
387
241
-158
-754
-1335
-1660
-1630
-1558
-1728
-2084
-2668
-3379
-3968
-4582
-5180
-5131
-3885
-1702
-3
-168
-1750
-2816
-1933
524
2909
3840
3038
1253
-253
-520
535
2133
3137
2869
1701
782
936
1874
2683
2796
2379
1952
1795
1780
1666
1426
1294
1446
1647
1322
205
-1201
-2014
-1838
-1092
-548
-737
-1657
-2801
-3376
-2895
-1709
-836
-999
-1933
-2704
-2564
-1601
-518
150
354
316
237
267
565
1064
1554
1855
1762
1330
840
511
470
616
1153
2227
2906
2419
967
-448
-341
1080
2270
2540
1557
-207
-1563
-2036
-1292
108
871
791
-5
-915
-1071
-794
-324
108
-9
-248
-456
-737
-797
-787
-433
419
1075
1411
1339
728
350
650
1360
1968
1895
1292
748
523
646
913
1024
745
98
-496
-657
-441
-179
-223
-582
-942
-1050
-999
-1091
-1420
-1818
-2188
-2600
-3103
-3712
-4472
-5250
-5382
-4142
-1939
-480
-1019
-2684
-3262
-1541
1531
3884
4098
2386
232
-810
-129
1597
2910
2759
1468
345
318
1168
2059
2448
2371
2121
1912
1796
1722
1656
1673
1901
2225
2171
1289
-229
-1497
-1662
-769
220
293
-749
-2191
-3025
-2740
-1699
-834
-865
-1693
-2517
-2618
-1945
-1040
-436
-216
-182
-97
140
448
701
783
780
932
1105
911
277
-124
562
1886
2551
1918
457
-312
374
1616
2448
2104
563
-874
-1413
-901
371
1125
897
253
-367
-365
122
366
300
-21
-418
-525
-470
-504
-636
-671
-254
535
1148
1161
680
287
374
816
1243
1332
1101
778
530
495
692
865
762
459
175
-3
-51
-6
-43
-210
-349
-398
-457
-635
-1021
-1565
-1985
-2103
-2115
-2322
-2800
-3426
-4104
-4813
-5266
-4717
-2871
-873
-432
-1702
-2853
-2130
197
2353
3011
2232
879
-161
-281
573
1702
2157
1679
937
777
1361
2190
2713
2709
2290
1819
1674
1859
2022
1977
1910
1998
2071
1740
874
-101
-537
-251
267
371
-196
-1142
-1878
-2015
-1672
-1273
-1162
-1399
-1795
-2079
-2063
-1775
-1391
-1062
-787
-444
-101
41
-52
-177
-34
379
634
504
200
32
-27
-70
435
1573
2300
1836
395
-693
-195
1194
2177
2101
888
-324
-693
-446
359
1093
990
361
-323
-492
75
588
606
300
-126
-367
-326
-35
414
699
694
539
414
468
619
698
722
802
936
934
706
432
357
554
833
880
593
186
-89
-214
-319
-386
-306
-186
-293
-682
-1131
-1465
-1675
-1756
-1734
-1833
-2316
-3093
-3733
-4022
-4185
-4344
-4046
-2949
-1676
-1301
-1938
-2423
-1592
422
2282
2734
1678
141
-625
-92
1210
2217
2250
1521
793
683
1302
2298
3091
3237
2748
2028
1529
1489
1844
2294
2536
2443
1981
1208
422
20
134
453
464
-88
-914
-1492
-1589
-1346
-1057
-1013
-1335
-1854
-2252
-2320
-2042
-1557
-1117
-941
-1040
-1223
-1246
-957
-411
142
449
487
413
214
-171
-379
201
1488
2320
1740
316
-492
70
1348
2157
1962
978
-32
-321
118
836
1264
1068
644
359
254
386
464
392
398
318
145
34
-135
-209
-32
276
611
732
554
305
133
161
384
597
664
562
389
250
183
220
297
267
128
0
-75
-136
-144
-65
-67
-308
-641
-836
-902
-1031
-1294
-1552
-1646
-1640
-1835
-2395
-3065
-3468
-3606
-3699
-3639
-3096
-2184
-1555
-1599
-1913
-1735
-769
537
1430
1493
947
372
192
454
971
1519
1862
1887
1751
1713
1901
2232
2537
2666
2479
2031
1635
1539
1762
2049
2147
2054
1685
1056
535
275
225
280
138
-210
-550
-874
-1118
-1247
-1355
-1377
-1312
-1347
-1575
-1903
-2119
-2064
-1733
-1230
-722
-381
-320
-508
-666
-498
-55
356
517
450
389
431
416
269
88
9
155
453
713
790
604
361
330
505
722
757
547
329
293
387
445
391
334
358
399
399
384
375
359
339
381
527
699
759
641
473
483
702
905
875
658
496
532
649
648
502
365
344
357
299
183
98
36
-67
-193
-268
-294
-371
-552
-768
-949
-1105
-1245
-1323
-1291
-1236
-1309
-1547
-1861
-2116
-2253
-2328
-2337
-2287
-2300
-2413
-2551
-2529
-2158
-1552
-976
-589
-467
-449
-293
22
396
657
705
683
763
992
1295
1531
1638
1634
1589
1614
1734
1852
1905
1915
1929
1929
1884
1839
1819
1746
1496
1107
785
672
681
611
365
48
-138
-79
94
98
-224
-717
-1080
-1126
-925
-712
-702
-936
-1213
-1337
-1309
-1226
-1201
-1245
-1281
-1285
-1231
-1194
-1253
-1190
-837
-322
145
292
112
-70
-51
260
779
1034
828
438
185
297
730
1111
1238
1179
1027
1044
1218
1308
1285
1112
949
987
1108
1192
1151
1012
911
852
792
703
580
475
408
405
385
239
57
-130
-295
-373
-349
-232
-169
-211
-312
-441
-554
-622
-581
-459
-413
-577
-924
-1269
-1389
-1207
-898
-767
-945
-1249
-1480
-1610
-1727
-1928
-2100
-2176
-2263
-2296
-2146
-1854
-1452
-1060
-820
-691
-583
-421
-189
22
177
312
416
466
463
500
709
1089
1465
1641
1587
1461
1414
1470
1577
1690
1776
1790
1706
1561
1430
1355
1301
1219
1090
921
737
553
385
278
247
240
159
-62
-365
-620
-723
-659
-572
-601
-784
-1102
-1381
-1423
-1228
-912
-727
-891
-1232
-1428
-1303
-876
-463
-365
-478
-603
-605
-375
-34
230
343
251
105
102
206
394
603
695
711
687
657
713
775
809
890
974
1011
991
897
820
837
919
983
966
919
914
943
959
904
744
540
417
462
568
526
293
43
-36
51
154
165
64
-128
-338
-462
-465
-431
-465
-569
-675
-754
-820
-871
-893
-921
-1015
-1192
-1410
-1611
-1751
-1844
-1950
-2078
-2204
-2338
-2481
-2534
-2379
-1999
-1525
-1106
-828
-704
-652
-596
-451
-181
91
286
410
505
705
1030
1357
1602
1673
1618
1610
1683
1799
1887
1876
1849
1843
1856
1887
1804
1577
1336
1164
1105
1085
950
681
354
167
268
488
497
166
-318
-647
-703
-637
-657
-834
-1091
-1286
-1309
-1171
-1044
-1122
-1335
-1432
-1286
-993
-805
-850
-1013
-1150
-1107
-850
-572
-405
-341
-278
-76
177
345
413
380
360
440
576
691
689
624
650
735
831
921
964
981
981
998
1087
1164
1175
1123
1047
1102
1302
1467
1467
1267
995
846
830
847
798
610
360
208
194
262
270
118
-92
-289
-436
-452
-404
-397
-447
-589
-773
-933
-1047
-1054
-1041
-1135
-1287
-1409
-1437
-1425
-1557
-1817
-2061
-2193
-2172
-2137
-2240
-2413
-2493
-2361
-2052
-1719
-1438
-1172
-877
-549
-239
-18
113
193
267
414
660
955
1235
1449
1597
1693
1715
1668
1610
1587
1638
1751
1855
1873
1769
1598
1470
1418
1404
1371
1249
1033
764
503
360
341
336
263
72
-166
-348
-465
-538
-615
-739
-873
-1004
-1115
-1156
-1133
-1059
-995
-1023
-1095
-1132
-1080
-921
-740
-579
-443
-365
-322
-296
-265
-176
-49
111
307
465
510
403
201
81
138
320
509
611
612
563
526
557
679
848
974
992
903
795
762
849
990
1075
1029
882
753
749
843
915
864
702
524
405
349
322
296
251
170
56
-67
-163
-232
-301
-381
-461
-534
-609
-689
-766
-846
-938
-1052
-1158
-1200
-1202
-1245
-1369
-1513
-1602
-1649
-1725
-1864
-2032
-2131
-2121
-2043
-1921
-1776
-1601
-1359
-1122
-898
-624
-327
-59
124
203
297
436
573
709
832
965
1153
1349
1528
1677
1751
1741
1677
1609
1573
1547
1514
1500
1541
1596
1533
1274
910
649
623
769
877
773
460
108
-80
-50
59
38
-173
-463
-690
-792
-809
-826
-916
-1071
-1197
-1202
-1105
-1025
-1060
-1170
-1214
-1117
-944
-784
-673
-567
-440
-278
-102
18
50
8
-57
-42
77
256
423
456
365
292
335
551
860
1100
1246
1322
1324
1273
1153
1025
1016
1129
1273
1319
1171
904
682
632
748
883
867
655
374
213
256
395
429
251
-46
-266
-310
-244
-200
-259
-382
-497
-568
-597
-624
-674
-730
-795
-837
-856
-893
-947
-1018
-1099
-1147
-1179
-1246
-1358
-1519
-1655
-1708
-1710
-1693
-1705
-1745
-1723
-1613
-1426
-1221
-1090
-994
-854
-657
-425
-224
-83
46
204
405
612
757
818
851
959
1178
1429
1574
1536
1375
1248
1268
1408
1528
1518
1405
1301
1279
1317
1341
1284
1127
918
743
662
654
627
518
326
108
-90
-254
-375
-486
-632
-798
-951
-1039
-1033
-968
-880
-778
-688
-626
-586
-551
-491
-423
-385
-398
-437
-449
-404
-308
-207
-149
-137
-117
-43
57
131
164
205
285
376
432
463
508
592
687
738
723
678
669
721
787
786
694
578
534
603
715
768
721
610
510
467
474
488
472
418
344
263
169
64
-21
-54
-47
-62
-135
-243
-339
-402
-456
-520
-590
-653
-722
-811
-917
-1010
-1074
-1127
-1186
-1256
-1329
-1395
-1446
-1469
-1463
-1456
-1483
-1564
-1674
-1732
-1651
-1421
-1132
-915
-818
-769
-661
-456
-206
12
160
276
413
577
716
788
813
860
963
1090
1185
1230
1251
1275
1294
1277
1212
1128
1082
1123
1230
1310
1260
1084
890
798
808
806
701
514
336
218
122
-10
-179
-337
-447
-501
-513
-498
-474
-465
-478
-501
-512
-503
-476
-441
-416
-422
-462
-503
-496
-413
-285
-184
-158
-179
-174
-101
1
45
13
-37
-14
103
250
348
369
344
325
352
433
553
665
708
653
533
429
413
506
648
748
740
644
544
532
616
712
711
575
375
217
161
176
185
139
46
-59
-143
-203
-249
-293
-342
-410
-508
-633
-762
-870
-939
-978
-1011
-1054
-1114
-1189
-1273
-1364
-1457
-1548
-1618
-1650
-1629
-1566
-1503
-1478
-1472
-1423
-1283
-1080
-901
-788
-697
-547
-302
-17
210
324
357
401
530
738
950
1097
1160
1163
1149
1149
1172
1217
1277
1334
1355
1323
1251
1180
1144
1137
1112
1047
966
904
865
812
704
543
387
286
241
192
96
-21
-97
-112
-115
-174
-298
-422
-461
-383
-262
-221
-327
-513
-632
-589
-426
-270
-214
-252
-326
-374
-383
-353
-287
-199
-119
-87
-118
-183
-220
-175
-46
102
192
198
168
181
263
371
436
429
383
350
360
410
471
512
527
523
516
518
537
584
647
671
596
430
258
182
214
282
293
206
57
-85
-170
-188
-179
-200
-291
-454
-637
-774
-843
-876
-929
-1023
-1132
-1217
-1258
-1277
-1306
-1364
-1446
-1530
-1578
-1566
-1502
-1418
-1353
-1305
-1238
-1110
-926
-745
-616
-537
-453
-314
-123
73
229
340
437
567
739
915
1047
1114
1125
1110
1092
1090
1119
1167
1211
1224
1207
1182
1166
1159
1151
1137
1106
1048
959
860
778
727
685
618
507
378
272
216
194
175
126
43
-66
-160
-209
-204
-172
-160
-200
-282
-352
-367
-327
-270
-242
-250
-271
-281
-273
-261
-264
-292
-330
-346
-318
-267
-231
-225
-226
-193
-121
-34
33
77
117
171
233
285
315
327
327
314
283
246
233
252
283
284
231
151
94
98
149
188
158
60
-60
-153
-210
-254
-312
-394
-491
-590
-682
-765
-845
-929
-1023
-1107
-1162
-1178
-1172
-1181
-1220
-1271
-1278
-1213
-1089
-965
-891
-871
-855
-774
-611
-424
-293
-245
-222
-134
53
285
475
578
621
666
751
862
961
1018
1040
1050
1064
1087
1114
1138
1153
1141
1091
996
870
751
666
611
559
481
389
315
275
250
203
125
45
5
20
50
44
-12
-87
-130
-126
-90
-48
-19
-1
9
11
5
3
25
74
130
164
171
170
186
218
245
237
196
138
92
70
63
51
25
-10
-46
-79
-109
-135
-155
-168
-176
-184
-202
-230
-255
-262
-258
-249
-237
-217
-190
-173
-183
-209
-227
-217
-186
-160
-170
-199
-223
-214
-180
-149
-151
-188
-239
-280
-306
-325
-354
-392
-431
-466
-509
-559
-615
-651
-653
-627
-605
-609
-637
-659
-641
-582
-506
-447
-410
-369
-302
-212
-130
-75
-46
-1
86
208
325
404
443
468
507
567
630
681
708
716
722
739
773
810
829
814
768
703
643
605
587
563
507
398
257
125
45
27
38
23
-35
-116
-173
-182
-152
-123
-121
-141
-157
-155
-134
-100
-63
-24
10
33
54
90
151
237
327
386
399
380
359
376
437
518
572
568
505
417
341
306
307
314
294
229
124
8
-91
-152
-185
-213
-251
-308
-380
-459
-541
-602
-628
-622
-597
-584
-586
-598
-606
-596
-579
-571
-574
-581
-584
-581
-565
-531
-484
-447
-440
-456
-466
-438
-366
-276
-214
-210
-249
-292
-300
-265
-218
-182
-173
-183
-200
-219
-232
-222
-177
-101
-25
23
38
44
68
112
162
209
264
333
408
460
476
474
488
536
592
624
615
587
576
591
610
609
579
545
533
537
534
501
443
385
334
280
211
133
73
44
30
-3
-72
-158
-218
-229
-212
-199
-210
-231
-235
-221
-206
-203
-203
-186
-139
-75
-17
19
40
64
107
166
229
286
329
363
387
395
395
387
384
387
396
407
408
378
319
241
174
138
128
113
61
-35
-152
-247
-300
-315
-324
-349
-403
-478
-557
-618
-649
-649
-632
-624
-641
-682
-721
-729
-700
-661
-642
-648
-659
-651
-618
-581
-557
-545
-523
-471
-395
-324
-277
-247
-211
-149
-74
-11
21
35
57
105
163
213
240
252
270
309
363
415
450
465
468
473
489
511
535
551
555
552
547
535
515
485
461
447
452
461
450
402
331
270
242
246
248
222
152
60
-22
-67
-84
-91
-104
-131
-163
-196
-225
-242
-248
-245
-238
-229
-223
-218
-214
-203
-182
-155
-126
-97
-70
-30
21
78
124
146
149
156
182
229
276
306
311
305
302
312
333
359
381
389
377
342
296
261
241
223
186
121
44
-16
-46
-60
-94
-163
-251
-327
-367
-380
-391
-421
-467
-514
-549
-572
-587
-601
-608
-612
-616
-628
-644
-654
-646
-614
-567
-526
-509
-514
-518
-494
-436
-365
-299
-250
-210
-171
-124
-71
-9
55
115
167
208
240
267
291
320
353
401
466
548
628
674
663
604
537
510
540
601
643
629
544
417
302
250
282
367
444
448
356
206
67
-2
5
41
58
24
-51
-140
-221
-281
-317
-325
-308
-281
-260
-264
-293
-333
-356
-350
-315
-274
-244
-224
-202
-168
-130
-100
-85
-68
-21
68
179
269
298
260
192
149
166
233
308
348
339
286
225
193
211
276
351
401
400
355
287
222
175
150
135
123
100
57
-18
-113
-196
-244
-259
-258
-264
-288
-328
-372
-415
-448
-463
-455
-425
-393
-382
-395
-412
-412
-389
-353
-322
-302
-292
-287
-286
-290
-296
-286
-252
-196
-140
-101
-90
-92
-87
-59
-13
42
86
112
117
116
121
138
165
199
232
261
281
283
264
234
217
236
293
359
402
402
365
311
272
260
272
302
329
334
306
244
166
102
76
85
104
110
88
41
-22
-81
-128
-154
-162
-154
-149
-159
-187
-226
-266
-297
-312
-307
-287
-253
-212
-183
-184
-209
-229
-214
-148
-47
54
116
129
114
104
122
165
221
273
308
316
300
272
249
243
262
293
319
320
294
260
238
236
247
249
228
183
131
82
42
-2
-61
-132
-207
-265
-298
-314
-324
-345
-380
-418
-449
-467
-465
-445
-423
-420
-443
-479
-501
-477
-406
-304
-210
-157
-144
-151
-155
-152
-142
-125
-94
-49
5
53
86
101
111
132
174
230
289
338
367
372
364
349
339
333
325
312
293
272
250
229
207
185
172
174
192
214
226
213
179
126
74
34
16
18
22
7
-36
-96
-152
-190
-203
-196
-181
-165
-160
-176
-210
-249
-273
-273
-256
-243
-243
-253
-260
-250
-232
-217
-220
-223
-208
-166
-108
-50
-16
-6
-3
16
62
119
163
176
160
140
147
189
248
296
311
296
272
256
254
261
267
264
255
242
229
206
180
153
134
118
106
94
75
53
26
0
-25
-48
-76
-106
-138
-170
-202
-232
-254
-266
-264
-244
-212
-186
-183
-200
-230
-254
-256
-236
-206
-176
-161
-149
-138
-119
-92
-66
-52
-60
-83
-104
-105
-80
-43
-5
26
56
81
104
123
137
150
162
171
172
167
164
169
177
178
163
138
118
115
125
133
120
91
70
74
102
126
123
83
21
-33
-63
-68
-65
-65
-75
-90
-102
-106
-103
-104
-110
-122
-135
-139
-137
-127
-116
-110
-112
-117
-114
-105
-89
-75
-61
-45
-24
-1
30
67
98
120
126
119
104
95
100
117
132
136
127
119
125
143
161
162
141
104
66
37
21
13
7
1
-9
-22
-32
-36
-38
-38
-44
-56
-70
-83
-94
-99
-101
-99
-86
-70
-53
-41
-39
-42
-45
-39
-27
-13
-2
2
4
11
27
50
73
85
83
68
51
41
45
55
65
62
49
31
17
14
14
13
0
-22
-46
-60
-62
-49
-34
-23
-20
-19
-17
-10
-7
-11
-23
-38
-50
-52
-49
-46
-47
-44
-38
-27
-19
-15
-20
-25
-28
-28
-33
-39
-44
-43
-36
-29
-29
-40
-60
-79
-89
-86
-71
-56
-48
-52
-64
-69
-60
-42
-28
-28
-45
-59
-58
-36
-2
27
44
53
64
85
112
139
155
159
153
150
153
167
184
192
187
171
154
143
142
141
136
122
105
89
78
67
54
39
18
-6
-27
-47
-62
-74
-86
-103
-127
-149
-163
-163
-148
-129
-116
-114
-120
-128
-131
-127
-120
-114
-106
-95
-82
-65
-48
-33
-22
-6
12
35
57
75
87
94
101
110
117
120
119
113
106
93
80
61
48
40
38
42
41
34
22
6
-7
-18
-29
-41
-54
-66
-75
-85
-94
-106
-117
-127
-137
-141
-139
-134
-125
-114
-106
-104
-109
-112
-109
-98
-77
-54
-38
-29
-20
-9
6
26
45
64
77
88
96
103
109
116
123
131
137
140
140
135
128
122
120
123
129
133
133
126
115
104
94
87
77
63
45
22
3
-12
-23
-33
-47
-60
-73
-80
-82
-82
-83
-88
-94
-102
-110
-119
-126
-130
-131
-128
-124
-120
-115
-110
-102
-91
-79
-69
-60
-55
-45
-30
-7
13
30
42
49
54
59
65
72
79
84
89
98
108
121
131
138
139
136
132
127
122
119
112
103
93
84
75
63
51
35
22
11
5
-4
-16
-34
-57
-79
-94
-104
-109
-115
-124
-137
-146
-153
-152
-145
-136
-132
-131
-133
-133
-131
-127
-123
-114
-106
-93
-80
-71
-62
-56
-48
-33
-12
15
41
62
75
82
89
101
116
133
146
152
155
155
153
154
153
154
155
154
149
142
130
117
104
94
88
82
73
59
40
18
-3
-22
-34
-43
-53
-64
-80
-96
-112
-124
-130
-133
-139
-146
-157
-168
-178
-182
-180
-172
-161
-150
-145
-138
-133
-125
-110
-90
-68
-47
-33
-21
-12
2
20
42
62
81
95
106
115
124
135
145
154
163
169
170
167
160
152
147
150
156
160
157
145
126
107
91
81
74
67
52
35
13
-6
-22
-37
-49
-59
-71
-79
-86
-95
-108
-121
-137
-144
-142
-135
-128
-128
-135
-143
-146
-139
-123
-107
-97
-93
-94
-91
-85
-74
-60
-48
-38
-30
-20
-8
5
17
27
35
46
60
78
96
112
120
123
119
116
116
120
125
127
123
115
106
97
88
82
77
70
62
51
39
27
15
6
-3
-12
-23
-35
-48
-60
-71
-80
-87
-94
-98
-103
-107
-111
-116
-120
-127
-131
-132
-128
-121
-113
-107
-102
-99
-94
-83
-71
-54
-41
-30
-20
-10
1
15
27
39
50
58
64
68
76
82
90
100
109
113
114
114
114
113
114
115
119
120
119
116
112
108
104
99
92
86
79
70
60
51
36
24
13
4
-2
-11
-22
-34
-45
-52
-55
-58
-60
-66
-76
-85
-90
-93
-93
-94
-98
-100
-101
-99
-93
-89
-86
-86
-86
-86
-81
-74
-64
-57
-49
-43
-37
-28
-16
-5
6
17
30
42
53
62
68
71
74
76
80
80
80
79
76
74
72
70
67
64
57
50
42
32
23
13
1
-8
-17
-27
-35
-43
-52
-59
-65
-72
-78
-83
-87
-94
-98
-102
-102
-100
-97
-91
-88
-82
-76
-68
-58
-48
-36
-27
-17
-6
6
18
30
40
50
59
66
76
84
92
98
101
105
107
110
111
112
113
111
107
102
96
91
86
82
77
71
65
58
48
41
32
24
19
12
3
-9
-18
-28
-35
-41
-43
-48
-50
-55
-57
-61
-63
-63
-63
-62
-60
-60
-57
-57
-57
-57
-58
-58
-58
-57
-57
-55
-54
-53
-50
-50
-49
-48
-45
-43
-40
-37
-33
-29
-25
-19
-13
-6
1
10
17
25
30
35
40
46
53
59
64
67
69
70
69
68
70
72
72
70
67
61
56
47
40
32
25
18
8
0
-11
-23
-32
-42
-51
-59
-67
-74
-80
-85
-90
-95
-99
-98
-95
-90
-85
-81
-75
-68
-56
-45
-33
-23
-13
-4
7
19
31
41
51
62
73
86
96
104
112
115
119
120
122
123
122
121
117
111
106
97
90
83
77
68
58
47
35
23
11
1
-10
-21
-30
-41
-52
-62
-71
-79
-84
-85
-86
-89
-93
-96
-98
-98
-96
-90
-86
-79
-75
-73
-70
-66
-62
-53
-45
-37
-29
-25
-21
-15
-12
-7
-2
1
6
8
10
11
13
14
13
14
15
16
14
16
16
18
18
19
20
19
19
18
17
14
14
13
12
13
12
11
11
12
11
10
10
11
9
10
10
8
6
4
2
2
0
-1
-3
-3
-7
-7
-9
-10
-11
-11
-10
-9
-7
-5
-4
-3
-2
0
3
7
10
14
18
22
26
30
38
42
48
52
55
58
58
60
62
64
65
65
64
61
57
52
47
42
37
32
25
19
12
5
-2
-10
-16
-24
-32
-40
-47
-55
-61
-66
-70
-76
-79
-82
-83
-84
-85
-82
-80
-79
-77
-74
-70
-67
-60
-54
-47
-38
-30
-23
-17
-10
-4
2
8
12
18
23
28
31
34
36
37
38
37
36
34
33
31
29
27
22
20
16
13
8
7
5
3
1
-2
-5
-8
-12
-14
-17
-20
-23
-24
-27
-26
-27
-25
-23
-21
-19
-17
-17
-15
-14
-13
-11
-8
-4
-2
1
3
5
7
12
13
18
21
25
28
32
35
37
40
41
42
44
45
47
50
51
54
55
58
58
59
59
58
58
56
55
53
50
47
44
38
35
30
25
20
15
9
4
-2
-6
-12
-17
-23
-30
-34
-39
-44
-47
-52
-54
-55
-59
-61
-61
-64
-65
-65
-65
-64
-61
-59
-54
-51
-47
-43
-39
-35
-30
-26
-20
-15
-11
-5
0
4
9
13
18
22
25
28
29
29
29
29
29
28
27
26
24
22
18
15
11
9
6
3
0
-4
-9
-12
-17
-19
-24
-27
-30
-33
-36
-38
-39
-42
-41
-42
-42
-41
-41
-40
-39
-36
-33
-28
-24
-21
-17
-14
-10
-5
0
6
10
15
20
25
30
35
38
44
48
52
56
58
61
63
65
68
68
69
69
69
67
66
65
63
60
58
55
51
47
44
39
35
30
25
20
15
9
5
0
-4
-9
-13
-17
-19
-25
-26
-29
-33
-35
-37
-38
-41
-40
-41
-40
-41
-40
-38
-37
-35
-34
-31
-29
-26
-23
-20
-17
-15
-13
-9
-7
-4
-2
0
1
2
4
5
5
6
8
7
8
7
7
7
5
4
2
2
-1
-3
-4
-6
-9
-11
-14
-17
-19
-22
-24
-26
-29
-32
-33
-34
-36
-38
-39
-38
-40
-40
-40
-39
-39
-36
-35
-34
-32
-29
-27
-24
-21
-18
-15
-11
-8
-5
-3
1
4
8
12
17
20
25
28
31
34
35
37
39
42
43
45
48
48
49
49
50
50
52
50
51
48
47
45
44
44
41
40
38
36
33
30
27
25
22
20
18
15
13
10
8
5
4
1
-1
-3
-4
-7
-8
-10
-11
-13
-14
-16
-17
-19
-19
-19
-18
-20
-18
-19
-18
-20
-21
-19
-19
-17
-17
-15
-15
-14
-14
-14
-13
-12
-11
-12
-10
-10
-9
-9
-10
-8
-8
-8
-8
-8
-8
-7
-9
-9
-10
-11
-11
-10
-12
-13
-13
-14
-15
-16
-17
-18
-17
-21
-20
-22
-22
-22
-23
-23
-24
-24
-24
-24
-24
-25
-25
-24
-23
-22
-19
-18
-17
-15
-14
-12
-10
-7
-4
-1
1
3
5
8
11
14
18
21
24
28
29
30
32
34
35
37
37
38
40
39
39
40
38
37
36
34
33
31
29
28
26
24
24
21
20
18
18
17
15
16
15
15
15
14
15
15
15
15
14
16
14
13
13
13
12
11
9
6
5
4
2
1
0
-3
-6
-8
-11
-13
-16
-20
-21
-25
-26
-30
-31
-33
-35
-36
-37
-38
-39
-39
-40
-41
-40
-39
-39
-38
-36
-34
-32
-29
-27
-25
-22
-19
-16
-14
-12
-8
-5
-3
-1
1
2
3
3
4
4
5
7
7
8
8
7
5
5
4
3
3
2
1
-1
-1
-2
-1
-3
-3
-3
-3
-2
-2
-1
0
0
1
2
5
5
6
8
11
13
14
16
18
20
23
25
28
28
31
31
32
33
34
34
34
33
32
33
33
31
29
29
27
26
24
22
20
18
16
14
12
11
10
8
7
6
4
3
2
2
0
0
0
-1
-2
-4
-3
-5
-5
-5
-7
-6
-7
-8
-9
-10
-10
-12
-13
-14
-16
-18
-19
-21
-23
-25
-28
-30
-31
-34
-36
-37
-38
-40
-41
-42
-42
-42
-41
-41
-40
-39
-39
-37
-36
-32
-29
-25
-22
-19
-16
-13
-11
-6
-3
1
3
7
9
12
14
17
19
22
24
25
26
26
26
25
26
26
26
25
25
25
23
23
22
21
19
18
17
16
16
13
12
11
10
10
8
9
9
8
8
9
9
8
8
9
9
8
8
9
10
11
10
12
12
13
13
13
14
13
13
13
12
13
12
12
11
11
11
10
9
8
8
7
7
4
3
2
1
-1
-1
-3
-4
-5
-6
-7
-7
-10
-11
-12
-13
-14
-15
-16
-18
-18
-20
-21
-21
-23
-24
-24
-25
-26
-26
-26
-28
-28
-29
-29
-29
-30
-29
-29
-28
-28
-27
-26
-24
-24
-23
-20
-20
-18
-16
-13
-13
-10
-7
-6
-3
-1
0
3
5
6
8
10
12
14
15
17
19
20
21
22
20
22
22
22
22
21
21
20
20
19
18
18
17
15
15
14
13
12
11
11
10
8
8
7
7
7
6
6
6
6
7
8
8
8
9
8
8
10
10
11
13
13
13
13
12
12
12
12
12
11
10
10
11
9
9
8
7
6
5
4
1
2
1
-1
-2
-3
-4
-6
-6
-7
-9
-9
-10
-10
-12
-11
-13
-13
-14
-15
-15
-16
-16
-16
-15
-16
-17
-16
-18
-17
-17
-17
-17
-16
-17
-17
-16
-17
-16
-16
-16
-16
-15
-14
-14
-14
-13
-12
-11
-10
-8
-8
-6
-5
-4
-3
-2
-2
2
2
4
3
4
5
5
6
8
9
10
12
10
11
11
12
11
11
13
11
11
9
10
9
8
7
8
6
6
6
3
3
4
3
3
3
3
3
2
2
1
2
2
1
2
3
3
4
3
4
5
5
6
6
5
5
6
6
7
5
6
6
6
5
5
4
4
4
4
3
2
2
1
1
1
0
0
-1
-1
-1
-2
-2
-3
-3
-3
-5
-4
-4
-5
-5
-6
-5
-6
-6
-6
-4
-6
-7
-6
-6
-6
-6
-6
-5
-6
-5
-5
-5
-5
-5
-4
-5
-5
-4
-4
-5
-5
-6
-5
-5
-5
-5
-5
-5
-5
-4
-4
-4
-3
-3
-3
-1
-2
-1
-1
0
0
1
1
3
2
3
3
4
5
4
5
5
5
7
7
6
7
7
7
7
7
7
8
7
6
6
7
6
6
5
4
4
3
4
3
3
2
2
2
1
1
1
1
0
0
-1
0
0
0
0
-1
0
0
0
0
0
0
0
0
0
1
0
1
0
0
0
0
0
0
2
0
1
2
0
1
0
0
-1
-1
-1
-1
-2
-2
-2
-2
-3
-2
-3
-2
-2
-2
-2
-2
-3
-2
-2
-2
-2
-1
-1
-2
-1
-1
0
0
0
0
0
0
-1
-1
0
0
0
0
0
1
0
0
0
0
0
-1
0
0
0
0
0
0
0
0
0
1
0
1
0
0
1
-1
1
0
0
0
-1
0
0
1
1
0
1
0
1
1
2
1
2
2
2
2
3
2
2
2
2
2
2
3
2
3
2
1
1
1
1
1
1
0
0
0
1
1
0
1
0
0
1
0
0
0
-1
1
0
-1
-1
-1
-1
-1
-1
0
-1
-1
-2
-1
-1
-1
-2
-2
0
0
1
0
-1
0
0
0
0
0
0
-1
-1
0
0
-1
1
0
1
0
0
0
0
0
0
1
0
0
0
-1
0
0
0
0
0
1
-1
0
0
0
0
0
0
0
0
0
1
0
0
0
0
0
0
-1
0
0
-1
0
0
-1
0
0
0
0
0
1
1
1
2
1
1
0
1
1
1
0
0
1
1
1
2
1
2
2
2
1
3
2
2
2
3
1
2
2
2
2
2
2
3
2
1
1
0
-1
0
1
1
1
1
1
0
0
0
-1
0
-2
-1
-1
-2
0
-1
-1
-1
-1
-1
-1
-1
-1
-1
-1
-1
-1
-1
-2
-3
-2
-1
-1
0
1
1
1
0
0
0
1
0
1
1
0
0
1
0
0
0
0
1
1
-1
0
-1
0
0
0
0
0
0
0
0
1
0
0
0
0
-1
1
0
0
1
0
0
0
0
0
1
1
0
0
0
0
0
-1
0
-1
1
0
1
0
0
1
0
0
1
0
0
-1
0
-2
-1
1
1
2
2
1
2
1
2
2
2
1
1
0
0
-2
0
0
1
0
1
1
2
1
-1
0
0
0
0
0
0
0
0
0
-1
1
0
0
1
0
1
1
1
2
-1
-1
-2
-1
-1
-1
2
1
0
-2
-2
-2
-3
-2
-1
-1
0
-1
0
-1
-1
0
-1
0
0
0
0
0
0
1
0
1
1
1
2
1
1
0
0
0
0
-1
0
0
1
1
0
0
0
-1
-1
0
0
0
-1
0
0
1
0
1
0
1
2
1
1
1
0
0
1
1
2
0
1
1
-1
2
1
2
5
3
4
1
1
-1
-1
0
0
2
3
2
3
2
1
0
-1
-2
-2
-2
-1
0
1
3
2
1
0
-1
-2
-2
-1
0
2
1
3
2
-1
-2
-2
-2
-1
0
1
2
2
2
2
1
0
-1
-3
-3
-2
-1
1
2
2
2
0
-2
-3
-4
-5
-4
-2
1
1
1
1
1
-1
-4
-6
-4
-2
-3
0
1
2
3
0
-1
-2
-3
-3
-1
1
2
2
3
3
1
1
-1
-1
-1
1
2
2
3
3
2
2
1
1
0
1
1
1
0
1
0
1
1
0
-2
-2
-1
0
1
1
2
2
2
1
0
0
1
1
1
1
1
1
1
1
2
2
2
2
2
1
0
-1
0
1
1
1
1
0
1
-1
-1
0
0
0
0
0
1
0
-1
0
0
0
0
0
0
0
0
-1
0
0
0
0
1
0
0
0
0
0
-1
1
1
0
1
1
0
1
-1
-1
-1
-1
0
1
1
1
1
0
0
-1
0
-1
0
0
0
1
1
2
1
1
1
1
1
1
1
0
0
0
1
0
-1
0
0
0
0
-1
0
0
0
0
0
0
-1
0
0
-1
0
0
0
-1
1
0
0
0
0
0
0
0
0
0
0
0
0
0
-1
0
-1
0
0
0
0
0
0
0
0
0
1
0
0
0
0
0
0
0
0
0
0
0
1
0
0
0
0
0
0
0
0
0
-1
0
0
1
0
0
0
0
0
0
0
1
0
0
0
0
0
0
-1
0
1
0
0
0
0
0
0
0
0
-1
0
0
0
0
0
0
0
0
1
0
-1
0
1
0
0
-1
0
0
0
0
-1
0
0
0
0
1
0
0
0
0
0
0
0
0
-1
0
0
0
0
0
0
0
0
0
1
0
0
0
0
0
1
0
0
1
0
1
-1
0
0
0
0
0
0
0
0
-1
0
-1
-1
0
0
0
0
0
0
0
0
0
0
-1
0
-1
0
0
0
0
0
0
-1
0
0
0
0
0
0
0
0
0
0
0
0
0
0
0
0
0
1
1
0
-1
0
0
0
0
0
0
0
0
0
0
0
0
0
0
0
0
1
0
0
0
0
0
1
0
0
0
0
0
0
0
-1
-1
0
0
0
0
0
-1
-1
0
0
0
-1
1
0
0
-1
0
0
0
0
0
0
0
0
0
0
0
0
0
0
0
0
1
0
0
-1
0
0
0
0
0
0
1
0
0
-1
-1
0
0
0
0
-1
0
0
0
0
0
1
0
0
1
0
1
0
0
0
0
0
0
-1
0
0
0
0
0
0
1
0
0
0
0
0
0
-1
-1
0
-1
0
0
0
0
0
0
0
0
0
0
0
0
0
0
-1
0
0
0
0
1
0
0
0
0
0
0
0
0
0
0
-1
1
-1
0
0
0
0
0
0
0
0
1
0
1
0
0
0
1
-1
0
0
0
0
0
0
0
0
0
0
-1
0
0
0
0
1
1
0
1
0
0
0
0
0
0
0
0
0
0
-1
-1
-1
-1
0
0
0
0
0
-1
0
0
0
0
0
-1
0
-1
0
1
0
0
1
0
0
-1
0
-1
0
0
0
-1
0
1
-1
0
0
0
0
-1
0
1
0
-1
1
1
0
1
-1
0
0
1
0
0
-1
1
0
0
1
0
0
0
0
1
0
0
0
0
1
0
-1
0
-1
0
1
0
1
-1
0
1
0
0
0
0
0
-1
0
0
0
0
0
0
0
0
0
0
-1
0
1
0
1
0
-1
0
0
1
0
0
0
0
0
0
-1
0
-1
0
0
0
0
0
0
0
1
0
1
0
0
0
0
0
-1
0
0
0
0
0
-1
0
0
0
0
0
0
1
0
0
0
0
1
0
0
0
0
0
0
0
0
0
-1
0
1
0
0
0
0
0
0
0
0
0
0
0
0
0
0
0
-1
1
0
0
0
-1
0
0
0
1
0
0
0
-1
0
0
0
0
1
1
0
1
0
0
-1
0
-1
0
0
0
0
0
0
0
0
0
0
0
0
0
1
0
0
0
0
0
0
0
0
0
0
0
0
0
0
0
0
0
0
1
0
0
0
1
0
0
0
0
0
0
0
0
1
1
0
0
1
0
0
0
0
0
1
0
0
-1
1
0
-1
-1
0
0
0
0
0
1
0
1
0
0
0
1
0
-1
0
-1
0
0
-1
0
0
0
-1
0
0
0
0
0
0
0
0
1
-1
0
0
0
0
-1
0
0
0
0
0
1
0
0
0
0
0
0
0
0
1
1
0
0
0
0
0
0
0
0
0
1
0
-1
0
0
0
0
0
0
0
0
0
0
1
0
1
1
1
0
0
0
0
0
0
0
0
0
0
0
0
-1
0
0
0
-1
0
-1
0
0
0
0
0
0
0
-1
1
0
1
0
0
0
0
1
1
0
-1
0
1
-1
0
0
0
0
0
0
0
0
0
0
0
0
0
1
-1
0
0
0
0
0
0
0
-1
0
-1
0
0
0
0
0
-1
0
1
0
0
0
1
0
0
0
0
0
0
0
0
0
0
0
0
0
0
1
0
1
0
-1
-1
-1
0
0
0
0
0
0
0
-1
0
0
1
-1
0
1
0
0
0
0
0
0
0
-1
0
0
0
0
0
0
0
0
0
0
0
0
0
0
0
0
0
0
0
0
0
0
1
0
1
0
0
0
1
0
0
-1
1
0
-1
0
0
-1
0
0
0
0
-1
0
0
0
0
1
0
0
0
1
0
0
1
-1
0
0
0
0
0
0
-1
0
1
0
0
0
1
-1
0
0
0
-1
0
0
0
-1
0
1
0
-1
0
0
-1
-1
0
0
0
0
-1
-1
-1
0
0
0
0
0
0
0
0
0
1
0
-1
0
1
0
1
0
0
0
-1
0
0
0
0
0
0
-1
1
0
0
0
0
1
0
0
0
-1
0
1
0
0
0
0
0
0
0
0
0
0
-1
1
-1
0
1
0
0
0
0
0
0
0
0
0
0
0
0
0
0
0
1
0
0
0
0
-1
1
0
0
0
0
0
0
0
0
0
0
0
0
-1
0
0
0
-1
0
0
1
1
0
0
0
0
-1
0
1
0
-1
0
0
0
0
-1
0
0
0
0
0
-1
-1
0
0
0
0
1
0
0
0
0
-1
0
0
0
0
0
0
0
0
1
0
-1
0
0
-1
0
0
0
0
0
0
0
0
0
0
0
1
0
0
0
0
-1
-1
0
-1
0
0
0
-1
0
0
0
0
1
1
-1
0
0
-1
-1
0
0
-1
0
0
-1
0
0
-1
1
-1
0
0
-1
0
0
0
0
0
0
0
1
0
0
-1
1
1
0
0
0
0
0
0
0
0
0
1
0
0
0
0
0
0
-1
0
0
-1
0
0
1
0
0
1
0
0
0
1
0
0
0
0
0
0
1
-1
0
0
0
1
0
-1
0
0
0
0
0
-1
0
0
0
0
1
0
0
1
0
0
0
1
0
0
0
0
0
1
0
0
0
0
0
0
0
1
0
0
0
0
-1
0
0
-1
-1
0
-1
0
0
0
1
1
0
0
0
-1
1
0
0
0
0
1
0
1
0
0
1
1
0
0
0
0
0
-1
0
0
0
-1
0
0
1
0
0
0
0
1
0
1
0
0
0
0
-1
0
0
0
0
0
-1
0
0
0
1
1
0
0
-1
0
0
1
0
0
-1
1
0
0
0
0
-1
0
0
0
0
0
0
0
0
0
0
0
1
0
0
0
-1
0
1
0
0
1
-1
0
-1
-1
0
0
0
0
0
0
0
0
-1
0
-1
1
0
1
1
0
0
0
0
0
0
0
0
0
0
0
0
0
0
1
0
-1
0
0
0
0
0
0
-1
0
0
-1
0
0
0
0
0
0
0
1
1
0
0
0
0
0
0
0
-1
0
0
0
0
0
0
-1
-1
0
0
0
0
0
1
0
1
-1
0
0
-1
0
0
0
1
0
0
0
0
0
0
0
1
0
1
0
0
0
-1
-1
0
0
0
0
1
0
-1
0
0
0
0
1
0
-1
0
0
0
0
0
1
0
0
0
0
0
0
0
0
0
0
1
0
0
0
0
0
0
0
0
0
0
0
0
0
-1
-1
0
0
0
0
0
0
-1
0
0
-1
0
0
0
0
0
0
0
0
0
0
0
0
0
0
0
0
0
-1
0
0
1
0
0
-1
1
0
0
0
0
0
0
0
0
0
0
-1
1
0
0
-1
0
0
0
1
0
-1
0
0
0
0
0
0
0
1
-1
0
-1
0
-1
-1
0
0
0
1
0
0
0
0
0
1
0
-1
-1
0
0
0
0
0
0
0
-1
0
-1
0
1
0
0
0
0
1
0
0
0
0
0
-1
-1
0
0
0
0
-1
0
1
0
1
0
0
0
0
-1
0
0
0
-1
0
0
0
0
0
0
0
0
-1
0
0
0
1
0
1
0
-1
0
1
0
0
-1
0
0
0
0
0
0
1
0
1
0
0
0
0
0
1
0
1
0
0
0
1
0
0
0
0
0
-1
0
0
0
0
0
0
0
0
0
-1
0
0
0
0
0
0
0
0
0
0
1
0
1
0
0
1
0
0
1
0
0
1
0
0
1
0
0
0
0
0
0
0
0
0
0
0
1
0
0
-1
0
0
-1
0
-1
0
0
1
1
0
0
0
-1
0
0
0
0
0
0
1
0
0
-1
0
0
0
0
-1
0
1
0
0
0
0
0
-1
0
0
0
0
0
0
0
1
0
0
0
0
0
-1
0
0
0
0
0
1
0
0
0
0
0
0
0
1
0
-1
0
-1
1
0
0
0
0
-1
0
-1
0
0
0
0
-1
1
0
0
0
1
0
-1
0
1
1
0
-1
0
0
0
0
0
0
0
0
-1
0
0
0
0
1
-1
0
0
-1
0
0
0
0
0
1
1
0
0
0
-1
-1
0
0
0
1
0
0
0
0
0
0
1
0
0
-1
0
0
1
0
0
0
0
0
1
0
0
-1
0
0
0
0
0
0
0
0
1
0
0
0
0
0
0
0
0
1
0
0
0
0
0
0
-1
0
0
0
0
1
0
0
1
0
0
0
1
-1
0
-1
0
0
0
1
0
0
0
0
0
0
1
0
0
0
0
0
0
0
0
0
-1
0
0
0
1
0
0
0
1
0
0
0
0
0
0
0
0
0
0
1
0
1
0
-1
0
0
-1
0
0
0
-1
0
0
0
-1
0
-1
1
-1
1
0
0
0
0
0
1
0
1
0
0
0
0
0
0
0
0
0
0
0
1
0
0
-1
0
0
0
0
0
0
0
0
0
0
-1
0
0
1
0
0
-1
0
0
0
0
0
0
0
0
-1
0
1
0
0
0
0
1
0
0
0
0
0
-1
0
0
-1
0
0
0
0
0
0
0
0
0
0
0
1
1
1
1
0
0
-1
1
0
0
0
0
0
0
0
0
0
0
0
0
1
0
0
1
0
1
0
0
1
0
0
0
0
1
0
0
-1
0
0
1
1
0
0
-1
0
-1
-1
0
0
0
1
1
0
-1
0
1
0
0
0
0
1
0
1
-1
0
1
0
0
0
-1
0
0
0
1
0
-1
0
-1
-1
0
0
1
0
0
0
1
1
0
0
1
1
-1
0
-1
0
0
0
1
0
0
0
0
-1
0
0
-1
0
0
-1
-1
1
0
0
0
0
-1
0
1
0
0
0
-1
1
0
1
0
1
-1
0
0
0
-1
0
0
0
0
0
0
0
0
0
0
0
0
0
0
0
0
0
1
0
0
0
0
1
0
0
0
0
0
0
0
0
0
0
0
0
0
0
0
0
0
0
0
0
1
0
0
0
0
-1
0
0
1
0
0
0
0
0
-1
0
0
0
0
0
0
-1
0
0
-1
0
0
0
-1
0
0
0
0
-1
0
0
0
0
0
0
0
0
0
0
0
0
0
0
0
-1
0
0
0
-1
0
-1
0
-1
0
0
0
0
1
0
0
0
0
-1
1
0
0
0
0
0
1
0
0
0
0
0
0
1
0
0
0
0
-1
0
-1
0
0
0
0
0
0
0
0
0
0
0
0
0
0
0
0
0
1
0
1
1
0
1
0
0
0
0
0
1
0
1
0
0
0
1
0
0
-1
0
0
1
0
-1
0
0
0
0
-1
-1
1
0
0
1
0
0
1
0
0
0
-1
1
0
0
0
0
0
0
-1
0
0
0
0
0
0
0
0
0
0
0
0
0
0
0
0
0
0
0
0
-1
0
-1
0
-1
0
0
0
0
0
-1
0
-1
1
0