18
-16
-45
-59
-67
-76
-81
-76
-54
-19
10
13
-13
-51
-76
-71
-42
-9
8
4
-11
-12
12
51
89
103
84
43
1
-21
-16
9
40
62
68
57
32
1
-31
-56
-63
-49
-16
27
67
82
68
24
-30
-68
-70
-40
0
19
2
-39
-74
-80
-56
-28
-25
-54
-94
-114
-88
-25
39
71
57
17
-21
-32
-19
-4
-2
-11
-17
-4
27
56
58
21
-40
-89
-89
-32
57
136
166
140
81
24
-8
-5
19
50
74
90
94
88
70
41
5
-25
-37
-21
17
63
95
90
47
-14
-67
-88
-72
-33
6
26
24
10
-3
-8
-8
-12
-22
-36
-44
-40
-22
4
21
23
3
-30
-65
-85
-83
-62
-33
-13
-18
-45
-76
-97
-95
-72
-46
-32
-35
-43
-45
-36
-21
-20
-37
-58
-71
-56
-20
16
34
24
2
-13
-8
9
22
22
7
-1
11
47
85
104
97
70
46
39
48
59
55
36
17
13
37
76
105
107
81
42
17
16
33
57
66
56
31
8
-3
-2
12
28
41
47
53
57
59
54
35
1
-42
-73
-79
-52
-1
47
70
57
13
-41
-81
-101
-109
-111
-121
-130
-127
-103
-70
-41
-30
-36
-42
-32
-5
23
31
8
-41
-94
-129
-136
-116
-81
-40
1
42
78
98
91
57
8
-35
-55
-43
-11
23
46
52
38
15
-14
-36
-42
-29
0
33
55
57
43
14
-18
-50
-72
-79
-69
-38
-4
22
28
11
-18
-39
-43
-27
2
31
61
86
104
110
99
64
20
-20
-36
-22
13
50
70
73
64
53
45
38
29
26
36
61
96
120
116
78
18
-37
-63
-54
-22
16
42
54
52
43
27
7
-18
-39
-50
-39
-8
27
49
44
9
-41
-85
-106
-100
-73
-41
-13
8
24
39
43
36
12
-23
-53
-66
-63
-53
-51
-68
-92
-110
-105
-73
-30
8
32
42
44
41
30
-1
-47
-100
-132
-129
-82
-10
59
103
110
86
45
-2
-47
-84
-104
-97
-67
-23
15
29
18
-12
-38
-40
-18
19
54
72
67
36
-11
-67
-117
-141
-128
-72
13
102
167
186
156
85
-2
-76
-116
-111
-61
17
104
174
211
203
154
78
1
-54
-70
-43
16
79
123
132
105
58
1
-45
-77
-83
-68
-32
16
56
72
57
10
-42
-75
-75
-41
10
53
73
63
36
1
-31
-53
-64
-60
-40
-10
24
46
49
26
-11
-45
-65
-64
-49
-27
-7
8
20
25
20
4
-22
-46
-62
-57
-35
-3
26
38
29
1
-37
-73
-93
-94
-72
-36
4
36
52
52
37
12
-17
-43
-59
-58
-40
-11
18
31
28
12
-8
-21
-31
-39
-53
-70
-79
-71
-41
4
49
79
87
74
49
19
-11
-39
-65
-84
-93
-88
-69
-36
10
58
100
119
109
75
36
7
3
19
42
55
53
42
29
17
4
-14
-27
-32
-14
21
61
82
73
45
16
6
21
45
60
56
35
9
-11
-24
-37
-46
-47
-27
14
65
105
111
77
20
-38
-76
-92
-94
-90
-82
-70
-45
-10
23
42
41
23
-5
-35
-58
-71
-65
-46
-12
20
40
43
33
22
19
19
16
-1
-29
-55
-62
-38
7
51
78
80
66
52
43
35
24
4
-19
-36
-43
-44
-44
-51
-60
-60
-42
-10
23
40
33
3
-40
-81
-109
-115
-102
-74
-39
-6
18
26
18
3
-14
-27
-32
-30
-20
-10
0
7
8
1
-9
-24
-33
-38
-34
-21
1
32
66
90
99
81
46
8
-17
-20
1
32
60
75
73
63
46
26
6
-11
-19
-13
3
25
39
41
33
25
29
48
74
92
91
68
28
-11
-40
-45
-29
4
41
64
63
39
-2
-43
-69
-74
-54
-19
16
42
50
38
9
-27
-58
-74
-69
-48
-19
5
11
1
-18
-28
-27
-14
4
13
9
-9
-29
-43
-46
-37
-25
-18
-15
-17
-14
-4
11
22
24
10
-13
-39
-57
-66
-65
-58
-48
-34
-19
-8
-1
-2
-14
-31
-47
-52
-47
-31
-11
6
16
17
13
5
2
6
15
24
26
23
14
6
7
14
24
25
19
5
-4
-1
15
34
46
42
27
13
9
23
45
66
75
71
59
51
46
48
45
37
26
18
20
25
33
33
26
13
1
-2
2
9
12
9
3
-5
-6
2
18
31
32
17
-11
-36
-49
-44
-25
-5
-2
-13
-34
-51
-49
-31
-7
7
-1
-26
-59
-82
-85
-66
-38
-10
8
10
-2
-22
-50
-73
-84
-73
-36
17
67
85
60
-6
-86
-148
-164
-130
-56
27
88
111
93
45
-10
-53
-64
-42
5
57
90
88
49
-8
-55
-71
-43
16
78
113
103
55
-8
-52
-59
-24
32
77
88
62
14
-28
-44
-29
6
44
68
71
55
20
-22
-64
-90
-89
-52
7
68
96
77
23
-38
-68
-49
9
70
96
73
13
-51
-85
-75
-30
26
70
89
79
47
7
-31
-56
-58
-38
-4
28
41
21
-23
-74
-110
-111
-73
-7
64
112
118
80
12
-54
-95
-94
-55
1
46
68
59
31
0
-20
-25
-18
-3
17
32
39
22
-11
-58
-94
-97
-60
5
70
102
92
41
-22
-71
-84
-62
-17
29
59
65
50
21
-8
-33
-42
-36
-13
13
32
31
9
-22
-46
-51
-36
-14
-3
-10
-35
-56
-59
-30
19
66
86
69
22
-35
-81
-103
-99
-73
-31
18
59
84
78
41
-15
-69
-91
-68
-7
62
105
102
55
-11
-57
-66
-37
9
47
61
52
31
9
-10
-24
-29
-21
2
38
70
83
66
28
-18
-43
-34
3
53
92
105
91
53
3
-48
-85
-95
-73
-21
41
81
84
43
-14
-56
-64
-35
10
44
53
39
20
7
-1
-15
-38
-63
-71
-44
10
73
106
95
43
-27
-84
-113
-116
-106
-91
-71
-40
0
45
74
71
34
-25
-75
-99
-79
-28
32
80
98
79
33
-26
-74
-92
-75
-27
35
81
97
73
16
-52
-111
-138
-120
-59
26
109
159
154
87
-19
-121
-184
-179
-113
-14
82
139
148
118
67
10
-36
-66
-78
-67
-37
4
42
65
65
48
24
2
-15
-27
-37
-40
-24
13
61
102
105
65
-8
-79
-118
-104
-50
20
76
102
93
58
11
-37
-72
-84
-62
-7
67
131
157
124
39
-70
-158
-192
-157
-71
31
112
147
130
73
0
-64
-102
-105
-78
-29
22
59
68
44
-1
-47
-71
-56
-7
56
105
118
88
30
-36
-83
-101
-90
-60
-20
19
51
66
61
34
-7
-45
-65
-54
-18
30
66
75
54
12
-28
-52
-53
-34
-7
15
24
24
17
6
-7
-23
-35
-40
-33
-11
14
32
31
11
-19
-49
-70
-78
-74
-58
-25
22
77
122
135
106
43
-34
-91
-109
-82
-33
16
46
51
38
22
8
0
-7
-12
-18
-20
-16
-7
2
7
6
1
-5
-12
-17
-16
-3
19
52
82
96
84
45
-13
-66
-97
-89
-43
30
99
140
134
82
-2
-86
-142
-149
-106
-29
51
101
102
54
-18
-77
-95
-63
-1
59
83
61
9
-42
-62
-41
1
38
45
27
-3
-19
-16
3
15
12
-1
-11
-7
3
5
-14
-50
-79
-77
-39
21
72
81
45
-15
-67
-81
-53
0
51
74
68
41
10
-15
-28
-30
-18
5
33
54
54
29
-13
-53
-70
-56
-19
19
39
33
9
-17
-34
-39
-36
-33
-29
-16
7
41
68
74
48
-2
-51
-73
-58
-14
28
47
30
-2
-22
-10
29
65
70
24
-48
-110
-114
-53
45
125
140
78
-31
-125
-155
-104
3
115
177
167
94
-5
-92
-140
-145
-117
-67
-4
65
127
160
142
67
-49
-166
-237
-224
-121
38
196
287
269
148
-35
-206
-298
-277
-151
30
198
292
283
177
17
-146
-254
-272
-191
-39
131
252
278
192
31
-138
-243
-245
-145
3
132
189
159
69
-35
-106
-128
-101
-46
20
77
110
108
67
0
-66
-99
-82
-18
60
112
108
56
-20
-81
-100
-77
-35
2
15
8
-11
-28
-36
-37
-27
-7
17
31
21
-15
-62
-86
-69
-3
84
150
158
107
19
-62
-105
-100
-65
-19
17
38
48
47
34
15
-5
-13
-7
9
16
1
-39
-81
-98
-69
5
93
152
155
103
23
-51
-91
-89
-59
-19
16
37
48
50
49
43
31
10
-20
-50
-68
-67
-40
2
39
56
45
7
-36
-66
-68
-46
-11
14
22
13
4
5
18
31
25
-3
-48
-84
-83
-33
49
126
157
119
28
-72
-132
-130
-76
-10
34
39
19
3
6
22
31
18
-14
-43
-45
-14
31
56
40
-9
-58
-74
-38
24
79
90
56
8
-25
-25
-3
14
2
-37
-81
-96
-65
3
79
128
134
95
29
-44
-107
-144
-145
-100
-12
95
184
212
152
27
-115
-212
-222
-142
-17
96
151
137
76
6
-42
-60
-51
-35
-11
16
50
76
78
43
-25
-94
-123
-88
2
102
156
132
39
-72
-140
-135
-67
17
67
62
19
-23
-33
-8
30
53
45
14
-19
-38
-36
-27
-16
-7
3
21
40
47
29
-7
-49
-66
-43
9
65
90
58
-19
-104
-152
-133
-48
67
161
193
148
47
-70
-154
-180
-140
-58
31
98
121
99
52
5
-20
-19
-8
-6
-30
-68
-97
-84
-19
76
155
172
110
-7
-125
-188
-168
-79
34
121
151
126
62
-12
-76
-116
-121
-85
-11
74
136
143
87
-9
-99
-146
-128
-60
25
93
124
112
63
-12
-93
-154
-168
-115
-11
107
189
199
138
37
-53
-99
-103
-90
-78
-70
-50
-1
73
143
169
129
36
-73
-149
-162
-117
-41
33
78
91
82
56
19
-26
-63
-79
-57
-2
65
106
95
30
-58
-123
-133
-78
15
100
139
115
47
-30
-81
-92
-69
-28
7
28
35
37
38
35
25
3
-22
-37
-29
-5
23
32
9
-36
-82
-99
-68
2
76
119
109
52
-24
-85
-105
-85
-40
11
54
81
94
82
43
-26
-105
-162
-160
-83
43
162
217
173
49
-98
-193
-195
-107
26
136
177
144
63
-21
-77
-94
-84
-61
-33
-1
37
79
109
113
80
12
-72
-147
-185
-168
-97
10
122
201
219
169
67
-55
-155
-204
-190
-120
-15
93
173
202
169
81
-36
-147
-210
-202
-123
1
122
192
186
106
-12
-119
-174
-158
-83
19
107
149
132
68
-19
-94
-127
-105
-39
38
94
103
62
-4
-60
-79
-54
-2
45
65
52
18
-13
-31
-29
-20
-12
-8
-2
8
17
16
-3
-35
-61
-57
-13
55
113
123
72
-23
-119
-169
-149
-69
34
119
157
142
92
27
-36
-87
-120
-129
-107
-51
28
105
149
141
78
-11
-90
-128
-109
-47
24
74
82
55
12
-23
-36
-27
-6
16
31
36
32
20
2
-20
-39
-49
-46
-28
-3
18
30
33
28
23
21
16
0
-29
-61
-78
-67
-24
36
91
116
99
44
-27
-88
-118
-102
-47
28
91
116
94
31
-41
-90
-98
-63
-9
39
60
52
26
-7
-38
-63
-77
-72
-37
24
90
134
127
67
-20
-95
-124
-99
-40
17
49
51
39
31
35
43
36
8
-36
-76
-93
-77
-39
2
33
48
54
62
71
70
42
-15
-85
-134
-128
-62
37
121
144
97
8
-71
-95
-56
14
63
58
3
-62
-91
-65
3
65
79
40
-26
-73
-72
-21
50
97
100
58
-7
-61
-87
-78
-46
-3
35
60
65
47
13
-28
-59
-69
-51
-13
30
61
67
45
5
-36
-60
-57
-22
24
68
83
64
18
-32
-67
-72
-50
-13
21
43
48
42
28
10
-8
-27
-40
-44
-36
-17
8
35
56
64
50
11
-45
-101
-125
-105
-37
55
134
166
136
54
-46
-130
-169
-154
-97
-14
70
133
159
136
69
-27
-112
-154
-129
-50
51
125
139
87
-3
-87
-130
-116
-55
20
77
95
72
20
-38
-80
-88
-60
-4
57
104
112
76
10
-62
-105
-100
-45
36
102
118
72
-19
-112
-158
-127
-29
89
170
179
111
-1
-105
-165
-164
-108
-22
73
148
181
157
75
-43
-152
-203
-165
-49
95
198
211
129
-4
-119
-163
-123
-28
65
113
97
34
-42
-94
-104
-73
-16
41
78
84
59
12
-38
-74
-81
-56
-8
43
74
72
34
-25
-81
-110
-96
-43
33
98
126
106
44
-32
-96
-123
-106
-57
7
62
92
92
61
15
-31
-60
-62
-38
-1
32
44
35
10
-13
-24
-20
-2
15
22
19
8
-3
-8
-9
-11
-16
-19
-15
0
20
38
46
40
23
4
-13
-26
-36
-43
-36
-15
19
52
66
50
8
-41
-74
-75
-45
3
48
76
79
59
20
-31
-78
-108
-101
-51
30
110
153
133
57
-42
-119
-139
-101
-24
50
90
85
46
-1
-40
-56
-50
-38
-19
-3
11
23
31
30
17
-6
-30
-44
-40
-17
15
36
41
29
10
-1
-1
2
-1
-18
-38
-44
-23
21
64
80
50
-10
-68
-89
-56
15
83
108
78
9
-67
-110
-104
-55
12
68
99
99
72
25
-31
-81
-109
-99
-49
24
86
106
74
6
-59
-89
-64
-8
48
71
47
-1
-50
-71
-60
-29
6
33
45
46
37
18
-14
-50
-78
-77
-44
13
63
81
56
5
-45
-64
-43
2
46
67
59
29
-5
-34
-50
-52
-41
-17
19
61
91
98
73
24
-37
-88
-112
-100
-60
-2
54
91
97
70
23
-32
-69
-73
-46
1
41
55
39
-1
-41
-59
-45
-3
51
93
104
74
7
-74
-139
-156
-109
-14
95
170
178
113
1
-107
-164
-150
-74
33
121
157
123
36
-70
-148
-164
-110
-8
95
155
145
70
-34
-122
-155
-123
-46
40
95
106
74
19
-31
-56
-49
-18
18
39
32
-6
-52
-81
-70
-16
62
127
147
107
17
-84
-158
-175
-127
-34
71
155
187
159
76
-32
-128
-181
-170
-101
1
91
140
132
81
15
-38
-61
-53
-36
-18
-13
-14
-15
-3
14
34
49
52
40
21
-2
-27
-49
-61
-58
-37
-4
32
59
63
42
6
-32
-55
-49
-20
18
46
46
18
-21
-49
-51
-21
23
57
70
49
12
-24
-42
-40
-21
2
22
30
24
6
-18
-36
-37
-13
32
75
90
63
-3
-79
-131
-134
-84
-6
69
114
123
98
50
-7
-61
-102
-114
-88
-30
39
87
89
53
0
-33
-28
11
55
69
39
-25
-91
-122
-105
-45
32
95
123
117
77
21
-40
-93
-127
-129
-96
-38
28
77
93
80
49
19
1
-7
-14
-32
-56
-78
-79
-54
-8
44
79
88
72
37
0
-29
-41
-43
-32
-17
-10
-11
-19
-27
-21
4
51
100
131
118
52
-49
-149
-206
-188
-98
33
155
226
217
137
18
-97
-166
-173
-123
-42
38
89
99
75
36
-2
-19
-20
-9
2
4
-3
-13
-18
-13
-3
9
12
6
-5
-11
-2
14
32
38
28
4
-23
-42
-48
-44
-32
-19
6
34
68
90
79
32
-42
-114
-149
-126
-53
40
112
136
107
45
-17
-58
-65
-51
-29
-12
-6
-7
-8
-6
1
10
21
34
45
48
41
19
-16
-56
-89
-98
-79
-32
28
92
133
140
105
34
-50
-116
-144
-122
-63
6
61
87
85
68
49
31
13
-12
-37
-62
-76
-75
-63
-42
-15
21
67
112
138
125
68
-26
-117
-176
-178
-126
-45
35
95
123
126
111
76
28
-28
-78
-107
-105
-74
-32
7
31
47
55
62
69
62
35
-12
-62
-98
-104
-77
-25
32
77
96
88
58
19
-21
-53
-68
-62
-37
0
35
50
43
12
-24
-43
-34
3
45
71
61
17
-41
-87
-102
-77
-31
19
59
79
77
60
27
-15
-55
-82
-83
-55
-4
43
70
63
32
-3
-20
-13
11
27
21
-12
-56
-85
-80
-40
20
76
106
100
63
8
-47
-86
-98
-83
-43
5
49
73
74
55
23
-8
-27
-31
-23
-11
-1
2
-3
-11
-17
-15
-3
16
35
43
35
14
-15
-39
-47
-39
-18
4
18
21
15
9
12
22
33
36
20
-11
-43
-67
-69
-46
-5
41
73
81
66
31
-11
-47
-68
-70
-55
-27
7
38
55
53
37
14
-7
-15
-12
-3
2
-4
-16
-28
-30
-14
13
41
57
50
27
-5
-33
-49
-48
-33
-8
17
37
42
32
9
-21
-41
-44
-27
3
31
43
31
3
-27
-46
-44
-22
9
35
45
35
14
-13
-32
-36
-27
-10
9
20
22
14
0
-10
-17
-16
-12
-3
8
18
27
26
15
-8
-28
-40
-32
-10
17
35
35
23
7
-1
1
6
6
-6
-23
-32
-28
-8
14
30
32
23
10
-1
-8
-15
-23
-31
-30
-14
13
41
54
45
17
-15
-37
-41
-27
-8
10
18
17
11
7
4
1
-2
-8
-9
-6
3
11
15
11
0
-13
-19
-14
2
17
27
24
10
-10
-24
-29
-20
-1
15
24
22
7
-9
-20
-18
-6
8
16
11
-5
-23
-33
-29
-10
16
38
46
39
21
-4
-28
-43
-46
-31
-8
19
40
44
32
7
-16
-30
-26
-13
4
14
16
9
-2
-10
-13
-9
0
9
12
8
-1
-13
-19
-16
-4
11
21
20
9
-5
-15
-12
0
16
27
24
12
-10
-25
-32
-29
-18
-2
16
31
40
37
23
-3
-31
-48
-47
-29
-1
24
34
28
13
-1
-9
-10
-6
-4
-1
2
5
8
8
2
-7
-13
-12
-4
8
16
16
7
-5
-12
-12
-7
0
1
-1
-4
-3
3
12
17
14
8
4
2
2
0
-10
-23
-32
-28
-8
20
44
51
37
9
-21
-41
-44
-35
-20
-4
7
17
25
27
23
10
-9
-24
-29
-18
0
19
25
16
-2
-17
-19
-6
13
27
26
11
-11
-25
-27
-17
-3
8
11
6
0
-3
-1
4
7
8
5
3
1
0
-2
-5
-10
-12
-9
0
12
24
26
18
3
-12
-20
-16
-6
7
12
7
-7
-23
-30
-22
-3
23
39
37
18
-9
-30
-38
-30
-11
6
19
24
23
19
10
-3
-17
-27
-24
-8
14
31
31
13
-12
-33
-35
-17
11
33
38
23
0
-18
-27
-23
-17
-12
-9
-1
13
30
38
30
5
-24
-44
-41
-20
7
26
27
14
-2
-7
-5
3
7
4
-3
-7
-4
2
6
1
-13
-21
-21
-2
24
43
43
22
-13
-42
-55
-42
-14
22
48
58
50
28
-2
-28
-45
-50
-41
-20
7
33
49
49
32
3
-25
-42
-42
-26
-2
17
24
21
8
-1
-6
-6
-2
1
2
1
1
4
6
8
5
-4
-15
-24
-23
-11
8
26
38
34
17
-8
-32
-48
-47
-31
-2
28
46
47
31
3
-21
-32
-23
-5
16
24
17
-2
-20
-27
-23
-3
19
35
37
24
4
-16
-33
-38
-28
-12
7
25
31
27
10
-12
-33
-39
-30
-4
23
42
43
24
-4
-26
-34
-23
-4
15
23
17
4
-9
-12
-4
6
11
6
-8
-19
-22
-10
6
16
16
10
2
-1
-1
0
-8
-21
-30
-26
-5
25
48
51
30
-6
-36
-46
-35
-7
18
30
31
23
14
5
-5
-20
-35
-43
-34
-8
27
52
55
32
-4
-37
-49
-38
-11
20
37
40
26
4
-18
-34
-37
-27
-2
27
52
59
47
14
-25
-60
-75
-64
-29
16
55
72
64
34
-6
-40
-61
-60
-40
-7
28
51
54
36
4
-28
-47
-45
-27
1
26
36
30
9
-14
-29
-30
-16
4
24
32
28
14
-5
-18
-28
-28
-19
-6
9
19
20
14
4
-3
-5
-4
0
0
-1
-4
-4
0
6
12
10
-1
-17
-28
-29
-15
7
27
33
25
7
-13
-25
-26
-19
-6
9
22
32
32
20
-3
-29
-47
-45
-20
16
50
63
51
18
-20
-47
-54
-39
-11
18
37
40
30
13
-5
-20
-26
-22
-9
7
19
22
14
0
-14
-22
-18
-4
13
26
28
17
-3
-23
-37
-38
-28
-8
10
24
31
32
26
13
-4
-24
-39
-43
-32
-12
12
28
31
20
5
-3
-5
2
8
6
-1
-13
-20
-20
-9
4
16
23
22
15
4
-9
-19
-24
-17
-2
13
21
15
0
-18
-27
-20
1
27
41
40
22
-4
-28
-41
-40
-25
-1
27
49
59
50
22
-18
-53
-68
-56
-24
16
43
48
34
7
-18
-32
-33
-22
-6
10
22
24
17
2
-12
-21
-19
-10
5
17
23
21
14
4
-6
-14
-18
-17
-9
4
20
29
24
6
-15
-34
-36
-25
-5
13
22
21
12
1
-5
-12
-14
-15
-9
3
19
33
35
22
-1
-22
-33
-29
-8
17
34
37
27
9
-9
-21
-23
-20
-11
-1
10
18
16
10
-3
-16
-23
-20
-8
7
18
22
16
6
-6
-13
-12
-5
4
10
12
5
-4
-10
-10
-6
3
13
18
15
5
-8
-19
-23
-19
-8
4
14
18
15
5
-3
-12
-17
-15
-7
2
9
11
9
3
-3
-6
-5
2
9
14
11
4
-5
-15
-19
-15
-6
5
14
17
14
9
2
-5
-10
-11
-11
-8
-3
3
7
9
7
5
2
1
2
3
4
2
0
-3
-5
-3
-2
3
5
8
9
9
3
-3
-10
-12
-16
-15
-8
2
11
20
21
16
6
-6
-13
-16
-14
-8
1
6
8
7
4
-1
-2
-1
0
5
8
7
3
-6
-14
-19
-14
-4
6
16
19
16
5
-4
-13
-17
-17
-10
-1
8
14
15
11
2
-6
-8
-6
-2
3
6
4
-1
-6
-9
-7
-4
1
6
10
13
12
9
1
-8
-13
-13
-8
-2
6
9
6
4
1
1
4
4
4
0
-4
-8
-8
-6
-3
2
2
1
2
4
7
7
4
-2
-9
-11
-9
-7
-2
3
7
10
11
9
5
0
-5
-10
-8
-8
-6
-2
-2
1
3
5
6
5
3
1
-1
-2
-3
-5
-7
-8
-7
-2
4
10
13
12
7
4
-2
-3
-3
-1
1
2
0
-1
-1
-1
1
4
5
7
7
3
-3
-7
-10
-9
-4
1
7
11
11
9
6
1
-4
-7
-5
-1
3
4
1
0
-2
-2
-1
2
3
5
6
4
2
-2
-5
-8
-9
-8
-5
-2
6
9
7
3
0
-1
-2
-2
0
1
0
-1
-3
-5
-1
0
2
4
4
3
-1
-3
-6
-7
-5
-1
0
2
4
5
3
2
0
-4
-4
-3
-1
1
2
1
0
0
0
2
3
8
7
3
0
-1
-2
-4
-4
-3
-3
-1
1
2
5
3
3
1
-1
0
0
0
1
0
-2
-2
0
1
4
5
6
4
0
-2
-3
-2
-1
0
0
0
0
1
-1
0
1
1
1
1
-2
-2
-2
-3
-2
0
2
2
4
5
3
1
-1
-2
-3
-2
-1
-1
-1
0
1
0
2
2
1
1
-1
-2
0
0
0
0
-1
-3
-1
1
4
4
5
2
-1
-2
-3
-2
0
3
2
2
1
0
-1
0
0
0
1
2
2
2
1
1
0
-1
0
1
1
3
3
1
0
0
-1
0
1
1
2
1
0
0
0
-1
2
2
1
1
0
0
-1
0
-1
-1
0
0
0
0
1
1
2
1
2
0
-2
-3
-2
-1
0
1
1
2
3
5
3
2
-2
-3
-2
-1
0
1
2
1
1
0
-1
1
2
2
3
2
0
-1
-2
-1
-1
1
1
2
1
3
2
1
0
-1
-3
-2
-2
-1
1
2
3
2
1
0
-2
-2
-1
0
1
2
1
1
1
-1
-1
0
-1
1
0
0
1
0
-1
-1
-2
-1
0
2
1
1
-1
0
-2
0
1
0
0
-1
-1
-1
0
1
1
0
-1
-1
1
2
3
4
2
0
-1
-2
-2
-2
0
1
1
2
2
0
0
-1
-1
-1
-1
0
0
1
1
0
0
0
0
1
2
1
-1
0
-1
-2
-1
0
0
-1
1
2
0
-1
0
-2
-2
-1
1
-1
1
2
0
0
0
-1
1
1
2
2
2
1
0
-1
0
0
1
1
1
1
-1
-1
0
0
0
0
1
0
-1
0
0
0
0
1
0
-1
0
0
0
0
0
1
0
0
0
0
0
0
0
0
0
0
1
0
0
0
0
0
0
0
0
0
0
0
0
0
-1
-1
0
-1
0
0
0
0
-1
0
0
0
1
2
2
2
1
0
0
-1
0
0
1
1
1
1
0
0
0
-1
0
1
1
0
0
-2
1
0
1
2
2
2
2
1
0
-1
-1
-2
0
-1
0
-1
1
2
2
2
1
0
0
0
0
0
0
0
0
0
-2
0
0
2
2
2
2
1
-1
-1
-2
-1
0
1
2
3
2
0
-1
-1
-1
-1
-1
-1
0
0
-1
0
0
0
1
0
-1
0
0
1
0
0
0
-1
-1
-2
-1
1
3
3
2
0
0
0
-1
0
0
1
1
1
0
1
0
1
0
1
1
1
0
0
0
0
0
-1
0
0
0
1
1
3
2
1
1
1
0
0
-1
1
2
2
2
1
1
1
0
1
0
0
0
0
0
1
0
2
2
2
2
3
1
0
0
-1
-1
-1
0
0
1
1
1
1
1
0
1
1
2
1
0
-1
-1
0
1
1
1
-1
1
0
2
1
1
1
-2
-2
0
0
0
2
1
1
2
0
0
1
1
1
1
1
1
0
0
0
1
0
0
-1
-1
0
-1
0
0
1
0
0
0
-1
0
1
1
3
2
1
0
-1
-1
1
0
1
0
1
0
0
0
-1
0
1
0
0
0
0
0
-1
0
0
0
0
0
0
0
1
0
0
0
0
0
-1
0
0
0
0
0
1
0
0
0
0
0
0
0
1
0
-1
0
-1
1
0
0
0
0
-2
0
-1
0
0
0
0
-1
2
1
2
2
3
1
-1
0
1
1
0
0
1
1
1
0
0
0
0
0
-1
0
0
0
0
1
-1
0
0
-1
0
0
0
0
0
1
1
0
0
0
-1
-1
0
0
0
1
0
0
0
0
0
0
1
0
0
-1
0
0
1
0
0
0
0
0
1
0
0
-1
0
0
0
0
0
0
1
1
1
0
-1
-1
-1
0
0
0
0
2
2
1
0
-1
-2
-1
-1
1
0
-1
-1
1
1
1
2
0
-1
-1
0
-2
0
-1
1
1
1
1
0
0
0
0
0
0
1
0
-1
0
0
1
2
2
2
2
0
1
0
0
0
-1
-1
-1
1
1
1
3
3
2
1
0
0
0
-1
1
0
0
-2
-3
-2
0
0
3
4
3
0
0
0
-2
-5
-2
0
2
-2
0
1
1
0
0
2
3
0
1
1
0
-2
-2
0
1
0
0
3
3
2
1
1
1
-1
-2
-1
1
1
1
1
1
1
0
-1
-2
0
0
0
0
1
-1
-1
2
3
1
0
2
2
0
-1
1
2
-1
-1
1
1
0
-1
1
1
0
1
0
-1
-2
-2
0
-1
0
1
1
0
0
0
0
1
1
2
2
1
1
0
0
0
3
2
2
1
1
0
0
-1
0
0
0
0
1
2
1
1
4
3
2
-1
-1
1
0
-3
0
1
3
1
-1
2
1
1
3
3
3
-1
-2
0
-1
-1
-1
1
2
2
0
0
-1
1
1
0
0
-1
-1
-1
-1
1
-1
1
2
1
1
1
-1
1
1
1
2
1
0
1
-1
-1
0
0
1
0
0
0
1
1
0
0
1
1
-1
-1
-1
0
0
0
1
0
0
1
1
1
2
2
0
0
0
-2
-1
1
1
1
1
1
-1
0
1
0
1
0
-1
1
-1
0
-1
1
0
1
1
1
-1
0
0
0
0
0
0
0
0
0
0
0
0
0
0
0
0
1
1
0
0
0
0
1
1
0
0
-2
2
0
1
-3
0
1
1
-1
0
1
1
-2
-2
1
1
0
3
3
3
0
-1
-1
0
-2
0
2
2
0
-1
1
-1
-1
-1
1
1
-1
-1
0
1
0
-2
0
1
0
-2
0
0
0
0
-1
0
0
0
0
0
1
1
1
0
-1
-1
-1
-1
0
1
0
1
1
0
-1
0
-1
1
-1
0
-1
-1
-1
0
0
1
1
1
0
1
0
0
0
0
0
1
0
-1
-1
-1
0
1
2
1
1
0
0
-1
-1
-2
-1
0
1
2
1
0
0
1
2
2
1
0
0
0
0
0
0
1
0
1
1
0
2
1
1
0
0
-1
0
-1
1
1
1
1
2
0
0
-1
-1
0
1
0
-1
0
0
0
0
0
0
1
-1
-1
1
0
-2
1
2
2
0
-2
1
1
-1
-2
0
1
0
-2
0
0
0
0
0
0
0
0
0
0
0
0
0
0
0
0
0
0
0
0
-1
0
-1
0
-1
0
0
0
0
0
-1
0
-1
1
0
0
0
0
0
-1
0
-1
0
-1
0
0
0
0
-1
0
-1
0
1
0
0
0
0
0
0
1
0
0
0
0
0
0
-1
0
0
0
0
0
0
0
0
1
0
1
1
0
0
0
0
0
0
0
0
1
1
1
1
1
1
1
1
1
1
1
1
1
-1
-1
-2
0
-1
2
3
3
3
2
1
-1
-1
-1
1
1
1
1
0
0
-1
0
0
1
3
2
1
2
-1
-1
1
-1
0
1
0
0
0
0
1
2
1
0
1
-1
-3
0
2
0
0
3
0
-1
-3
-1
1
-1
-1
3
1
-1
0
2
2
0
1
3
1
-1
-2
1
0
-1
0
2
-1
0
3
3
0
0
1
1
-3
-4
-1
0
-1
1
3
3
0
-1
0
2
0
0
2
3
2
0
-1
-1
1
0
0
1
0
0
-1
0
-1
1
0
1
0
0
0
0
1
-1
0
0
0
0
0
0
1
1
0
0
-1
-2
-2
-1
-1
0
1
1
1
2
0
0
1
2
1
1
0
0
-1
1
1
2
1
1
0
0
-2
-3
-2
-2
-1
0
1
1
1
0
0
-2
-1
-1
-2
-1
0
0
0
0
2
2
2
2
1
0
0
0
-2
-1
0
-1
3
1
2
3
1
2
-1
0
-2
0
-1
0
0
1
0
1
0
-1
2
2
1
1
0
0
-1
0
1
3
2
1
1
0
-2
-2
0
0
-1
1
2
1
-1
1
2
0
-2
0
1
-3
-4
0
3
0
1
4
4
1
-1
2
2
-2
1
3
0
-1
2
4
2
0
1
4
1
-2
-3
0
0
-2
0
2
1
0
1
3
1
-1
-1
1
0
-4
-3
0
-1
0
2
3
0
1
3
2
-2
-2
1
-1
-2
-2
0
1
-1
0
1
2
0
0
1
0
-2
-3
-3
-1
-1
0
1
1
2
1
0
0
-2
-2
-1
-1
-3
-3
0
3
4
5
7
4
1
1
-1
-3
-3
-2
-2
-1
2
5
5
4
4
1
-2
-2
-3
-4
-3
-2
0
-1
0
2
4
1
1
2
1
-2
-2
0
0
-1
0
4
6
4
4
5
4
1
0
-1
-3
-3
-2
0
2
1
2
1
1
0
-1
-2
-1
0
-2
0
1
1
0
1
1
2
2
1
0
0
0
-1
-2
-1
1
1
2
3
4
2
0
0
-1
0
-1
-4
-3
-2
0
1
3
3
1
1
0
-2
-4
-4
0
2
2
0
1
3
3
2
1
0
-1
-1
-2
-2
0
1
1
2
3
1
0
1
1
-1
-1
0
-2
-2
-1
0
-1
1
2
1
0
0
0
0
-1
-1
1
1
-2
-2
0
1
0
1
2
3
2
0
0
0
0
0
0
0
0
1
-1
0
0
0
0
0
0
0
1
0
0
0
0
0
-1
0
1
1
2
2
2
1
1
0
0
-1
-1
0
1
2
1
2
2
1
1
0
-1
-2
-2
-1
-2
0
0
0
0
1
1
1
1
0
0
-1
-2
-1
1
1
0
1
2
3
5
5
1
0
1
-1
-4
-3
-1
1
1
1
2
2
0
0
3
2
-1
-4
-5
-3
-1
-1
-2
1
3
3
2
1
3
1
-2
-3
-2
-1
-1
-1
3
7
6
4
4
4
1
-2
-1
-2
0
1
1
1
2
3
2
2
2
0
-2
-1
1
-2
0
2
0
1
3
3
1
-1
0
0
1
1
0
-1
1
1
2
3
3
2
2
3
0
-3
-3
-1
-2
-3
0
2
2
1
1
1
-1
-3
-3
-4
-4
-3
-3
-1
1
2
3
3
2
1
0
-1
-1
-1
-2
-1
1
2
3
3
2
2
3
1
-3
-2
0
0
-1
-2
-1
-1
0
-1
0
2
1
0
-1
-1
-3
-2
-1
0
1
2
3
4
5
5
3
3
0
0
0
-1
-1
0
1
2
2
2
1
0
-1
-1
-1
-2
-4
-3
-2
-2
-3
-1
2
2
0
0
1
0
-3
-4
0
0
0
0
2
3
1
0
3
5
3
2
0
1
-1
-2
-2
-1
1
0
0
0
1
0
1
1
1
-1
-2
-1
-3
-2
-1
0
1
3
4
4
4
2
1
1
0
-1
-1
-1
-2
0
0
3
3
2
1
0
0
-2
-3
-5
-3
-1
1
1
0
0
0
-1
0
0
-1
-2
-3
-2
-1
0
0
1
2
2
2
2
2
1
1
0
-1
-2
-1
-1
-1
-1
0
0
0
0
0
1
0
-2
-1
-1
-1
-1
-1
0
1
2
2
2
2
1
0
0
0
0
0
0
0
-1
0
1
2
2
1
0
-1
-2
-3
-3
-2
0
1
3
2
2
1
1
1
0
0
1
0
0
0
2
2
2
3
2
1
2
1
0
0
0
0
0
0
0
2
1
1
2
2
0
-1
-2
-2
-3
-3
-2
-1
0
1
1
1
1
2
1
-1
-1
-1
-2
-2
1
1
1
1
3
1
1
1
1
1
2
2
1
1
0
0
-1
1
2
1
1
1
0
-2
1
1
-3
-1
2
1
-2
-1
3
2
-1
2
2
0
-1
0
0
1
2
1
2
3
-1
-1
1
1
0
1
1
-1
-2
-1
0
0
1
2
1
1
-1
-1
0
0
0
0
0
0
-1
-1
0
1
3
2
2
1
0
-1
-1
0
0
1
1
2
0
1
0
0
1
-1
1
0
0
0
-1
-1
0
0
0
-1
0
-1
0
1
1
-1
0
-1
-1
-1
0
0
1
1
1
1
0
1
0
1
0
0
0
0
0
0
1
0
0
0
1
1
0
0
0
0
0
0
0
0
-1
1
0
0
0
0
0
0
0
1
0
0
-1
0
0
0
-1
-1
0
0
1
0
-1
0
0
0
0
0
0
-1
-1
0
0
-1
1
0
1
0
0
0
0
0
0
1
0
0
0
-1
0
0
0
0
0
1
-1
0
0
0
0
0
0
0
0
0
1
0
0
0
0
0
0
-1
0
0
-1
0
0
-1
0
0
0
0
0
0
0
0
1
0
0
-1
1
0
0
-1
-1
0
0
0
1
-1
0
0
0
-1
1
0
0
0
1
-1
0
0
0
0
0
0
0
0
0
0
0
-1
0
0
0
0
0
0
0
0
0
0
1
-1
0
0
-1
1
0
0
0
0
0
0
0
0
0
0
0
0
0
0
-1
0
0
0
0
0
0
0
-1
0
0
0
-1
0
0
-1
-1
0
0
0
0
0
1
1
-1
0
-1
0
0
0
0
0
0
0
0
1
0
0
0
0
-1
1
0
0
1
0
0
0
0
0
1
1
0
0
0
0
0
-1
0
-1
1
0
1
0
0
1
0
0
1
0
0
0
1
-1
-1
1
0
0
0
-1
0
0
1
0
0
0
0
0
0
-1
0
0
0
-1
0
0
1
1
-1
0
0
0
0
0
0
0
0
0
-1
1
0
0
1
0
0
0
0
1
-1
0
0
0
0
-1
1
0
0
-1
0
0
0
0
0
-1
0
-1
1
0
0
1
0
0
0
0
0
0
0
0
-1
0
0
0
1
0
1
0
0
0
0
-1
0
0
1
1
0
0
0
-1
-1
0
0
0
-1
0
0
1
0
1
0
0
1
0
0
1
0
0
0
0
0
0
0
0
0
0
0
-1
1
0
0
0
0
0
0
0
0
0
0
-1
0
-1
0
0
0
0
0
-1
0
0
0
1
0
0
0
0
0
0
0
0
0
-1
1
1
-1
0
0
0
0
0
0
0
0
0
0
0
0
0
-1
0
0
0
0
0
0
0
0
-1
0
0
0
0
-1
0
-1
0
0
0
0
0
-1
0
0
-1
0
0
0
1
0
0
0
0
0
0
1
0
0
0
0
0
1
0
0
0
1
1
0
0
0
0
0
0
0
0
1
1
1
0
0
-1
0
0
0
-1
-1
0
0
0
0
0
0
0
0
0
0
0
0
0
0
0
0
0
0
0
0
0
1
1
1
0
-1
0
0
0
0
0
0
1
-1
-1
0
0
0
0
0
1
0
-1
0
0
0
0
0
0
0
0
-1
0
0
0
0
1
0
0
0
0
0
-1
1
1
0
0
0
0
1
0
0
0
0
0
0
0
0
0
0
0
0
1
0
0
0
0
0
0
1
0
0
0
0
0
0
0
0
0
0
1
0
-1
0
0
0
0
-1
0
0
0
0
0
0
-1
0
0
-1
0
0
0
-1
1
0
0
0
0
0
0
0
1
1
0
0
0
-1
-2
0
-1
1
1
1
1
0
-1
-1
-2
-1
0
-1
0
0
0
1
1
1
1
0
0
-1
0
-2
-2
-3
-3
-3
-2
-2
-1
0
-1
0
-1
-1
-4
-4
-4
-2
-1
1
3
5
4
4
3
3
2
1
0
1
2
1
3
4
6
7
8
7
6
3
2
0
-1
-1
-1
0
2
4
6
6
5
6
6
2
1
-2
-2
-1
0
2
4
6
7
7
6
5
2
0
-2
-3
-4
-3
-2
-2
-2
0
0
0
-1
-3
-6
-9
-12
-14
-14
-15
-14
-11
-7
-2
1
0
-1
-1
-2
-2
-4
-3
-3
-2
-1
0
0
2
3
2
1
-1
-2
-2
-1
-2
-4
-9
-9
-5
0
-1
-3
-4
0
0
-1
-2
0
2
0
-2
-1
2
4
7
11
15
17
20
23
25
22
17
14
11
11
13
14
15
20
25
24
18
15
13
9
3
-3
-6
-10
-8
-2
4
5
4
7
12
11
7
6
3
0
-3
-1
3
4
4
9
11
8
7
6
2
-8
-17
-23
-29
-34
-36
-34
-32
-30
-22
-15
-16
-22
-24
-31
-38
-40
-36
-36
-34
-24
-12
-4
4
13
20
13
-1
-8
-8
-15
-22
-22
-17
-17
-13
-4
3
3
0
-3
-8
-14
-19
-23
-22
-17
-10
-2
5
11
13
10
7
1
-5
-9
-10
-6
2
15
31
45
57
61
59
51
39
26
12
1
-1
2
9
18
30
42
48
45
42
37
25
7
-10
-19
-19
-11
-6
0
5
12
14
9
4
-2
-9
-20
-30
-37
-37
-32
-26
-20
-15
-15
-18
-25
-35
-55
-77
-97
-108
-111
-108
-100
-85
-68
-57
-53
-51
-59
-72
-95
-116
-132
-142
-149
-149
-143
-129
-114
-96
-83
-73
-67
-57
-50
-42
-38
-34
-25
-12
2
15
26
34
39
40
39
35
29
23
18
12
11
22
39
58
75
90
110
134
160
180
193
203
211
222
233
244
254
261
269
276
281
284
289
292
289
277
260
241
226
208
192
180
172
172
176
180
189
197
202
197
183
157
131
107
90
74
57
49
44
40
32
23
14
0
-19
-39
-53
-67
-81
-92
-107
-126
-152
-184
-228
-282
-346
-410
-480
-549
-612
-662
-697
-723
-742
-750
-753
-757
-771
-795
-816
-835
-851
-866
-876
-869
-846
-816
-777
-734
-681
-622
-557
-483
-403
-320
-233
-139
-42
50
138
233
335
433
520
601
680
755
819
873
923
971
1019
1055
1079
1097
1105
1104
1090
1065
1028
980
927
873
820
768
711
657
606
557
508
464
429
398
364
323
283
246
210
168
127
92
66
51
42
45
58
68
71
72
72
73
71
65
57
51
44
43
45
42
32
12
-16
-57
-113
-184
-264
-351
-447
-551
-662
-776
-901
-1042
-1197
-1370
-1557
-1757
-1961
-2152
-2309
-2420
-2483
-2491
-2435
-2313
-2132
-1892
-1596
-1264
-927
-585
-233
124
473
792
1077
1328
1542
1714
1836
1908
1937
1919
1867
1794
1717
1638
1555
1473
1395
1320
1237
1140
1021
883
725
552
380
226
93
-24
-117
-174
-202
-224
-242
-251
-267
-308
-358
-411
-480
-568
-650
-709
-759
-812
-849
-862
-860
-851
-822
-765
-690
-607
-513
-415
-328
-248
-165
-89
-35
0
35
71
110
171
264
373
487
617
770
928
1074
1211
1334
1416
1443
1434
1406
1349
1262
1152
1031
897
758
630
520
419
325
238
153
67
-14
-85
-166
-266
-376
-475
-568
-653
-712
-739
-736
-716
-677
-602
-501
-398
-307
-224
-153
-106
-93
-105
-138
-196
-285
-399
-534
-681
-837
-992
-1150
-1313
-1471
-1612
-1735
-1840
-1911
-1934
-1922
-1893
-1845
-1749
-1589
-1386
-1166
-931
-669
-384
-91
205
496
769
1001
1180
1313
1418
1502
1554
1562
1532
1480
1415
1337
1242
1131
1006
872
734
600
471
349
231
126
41
-21
-66
-94
-104
-98
-78
-42
11
74
134
193
259
340
430
519
600
673
737
791
833
865
886
897
885
853
821
784
731
672
609
541
464
400
345
295
261
247
244
248
265
292
329
384
446
506
562
607
641
662
660
622
537
403
230
37
-157
-360
-591
-861
-1151
-1442
-1717
-1983
-2276
-2627
-3023
-3422
-3782
-4094
-4350
-4540
-4648
-4639
-4458
-4067
-3493
-2808
-2079
-1331
-565
219
991
1679
2206
2566
2815
3016
3180
3279
3285
3203
3077
2954
2847
2735
2595
2405
2177
1947
1735
1538
1322
1063
776
495
241
13
-204
-421
-629
-816
-969
-1084
-1159
-1190
-1175
-1135
-1092
-1051
-1002
-950
-909
-891
-899
-918
-935
-929
-889
-813
-713
-599
-473
-326
-160
11
158
267
335
375
399
409
407
406
418
457
522
623
761
939
1141
1343
1529
1701
1854
1980
2058
2082
2051
1959
1806
1613
1403
1198
989
761
529
328
182
81
-8
-112
-228
-348
-465
-582
-694
-812
-948
-1077
-1178
-1240
-1269
-1268
-1231
-1163
-1071
-974
-880
-773
-651
-538
-469
-456
-508
-607
-721
-855
-1061
-1368
-1737
-2093
-2398
-2644
-2832
-2957
-3013
-2960
-2738
-2327
-1795
-1239
-702
-159
405
966
1475
1871
2115
2231
2292
2336
2340
2273
2139
1964
1789
1648
1542
1436
1296
1129
962
813
670
513
337
138
-72
-267
-421
-539
-648
-747
-822
-857
-859
-840
-795
-728
-652
-584
-522
-443
-342
-234
-139
-77
-44
-5
67
164
251
325
393
471
579
714
857
964
1019
1043
1057
1058
1031
959
844
706
588
536
551
599
658
739
860
1022
1191
1337
1427
1444
1405
1347
1274
1163
1000
799
587
382
205
69
-39
-142
-255
-370
-456
-504
-548
-632
-773
-956
-1157
-1350
-1522
-1685
-1863
-2060
-2248
-2381
-2447
-2494
-2586
-2748
-2955
-3173
-3378
-3563
-3728
-3868
-3962
-3945
-3731
-3272
-2604
-1822
-1006
-170
713
1633
2511
3217
3674
3898
3968
3959
3889
3725
3445
3080
2708
2404
2184
2000
1787
1512
1213
955
755
570
340
55
-228
-452
-616
-758
-910
-1065
-1200
-1297
-1347
-1355
-1329
-1274
-1188
-1060
-883
-671
-462
-291
-157
-39
68
140
159
144
135
163
227
311
414
549
709
881
1043
1172
1245
1256
1215
1135
1028
912
797
704
662
680
765
896
1055
1237
1430
1605
1725
1774
1764
1713
1616
1450
1218
936
645
376
149
-38
-207
-378
-532
-638
-686
-713
-785
-933
-1134
-1333
-1500
-1637
-1769
-1921
-2104
-2296
-2455
-2546
-2590
-2673
-2863
-3157
-3468
-3718
-3893
-4020
-4137
-4231
-4222
-3981
-3431
-2607
-1658
-727
150
1038
2012
3011
3853
4366
4528
4494
4446
4418
4297
3968
3452
2896
2441
2108
1817
1469
1040
593
226
-27
-215
-420
-671
-915
-1071
-1114
-1110
-1152
-1253
-1342
-1344
-1270
-1200
-1189
-1205
-1174
-1047
-835
-596
-374
-185
-6
185
378
523
585
567
514
457
408
363
337
357
426
524
638
760
883
988
1044
1056
1045
1025
997
962
947
981
1087
1250
1444
1642
1828
1987
2106
2183
2203
2142
1973
1703
1376
1056
761
471
154
-173
-462
-672
-812
-928
-1038
-1144
-1240
-1344
-1483
-1646
-1793
-1898
-1966
-2021
-2074
-2123
-2168
-2208
-2217
-2206
-2257
-2465
-2824
-3237
-3605
-3922
-4214
-4496
-4738
-4859
-4720
-4216
-3361
-2317
-1258
-254
767
1887
3073
4132
4822
5059
5026
4988
4996
4872
4463
3814
3099
2506
2110
1832
1514
1093
646
297
107
39
-34
-251
-581
-845
-924
-888
-912
-1075
-1312
-1483
-1517
-1476
-1460
-1488
-1483
-1372
-1131
-800
-440
-109
155
364
578
809
968
938
754
582
517
516
492
427
407
531
773
1004
1140
1210
1248
1233
1148
1010
862
731
622
555
575
713
942
1205
1463
1702
1908
2053
2119
2114
2033
1853
1557
1183
815
516
289
69
-206
-513
-742
-821
-810
-844
-992
-1207
-1415
-1583
-1701
-1788
-1910
-2113
-2365
-2567
-2657
-2656
-2634
-2691
-2914
-3302
-3709
-3987
-4192
-4501
-4920
-5267
-5391
-5223
-4663
-3672
-2442
-1225
-45
1234
2653
4092
5357
6212
6499
6383
6236
6201
6014
5382
4377
3316
2419
1715
1141
586
-59
-743
-1247
-1426
-1402
-1406
-1531
-1723
-1854
-1803
-1590
-1428
-1501
-1683
-1690
-1468
-1222
-1107
-1065
-936
-653
-273
101
425
721
1002
1253
1456
1612
1670
1558
1292
979
717
499
245
-54
-292
-348
-241
-91
30
160
358
584
750
850
959
1109
1253
1356
1463
1630
1851
2075
2273
2445
2595
2712
2759
2700
2544
2310
1995
1554
991
395
-108
-528
-956
-1381
-1691
-1832
-1845
-1834
-1879
-1952
-1972
-1974
-2041
-2142
-2217
-2292
-2373
-2430
-2487
-2531
-2461
-2275
-2167
-2323
-2706
-3108
-3453
-3885
-4476
-5036
-5424
-5639
-5561
-4909
-3688
-2241
-817
608
2104
3695
5345
6761
7465
7349
6905
6619
6392
5785
4627
3207
1923
937
205
-357
-868
-1410
-1882
-2083
-1973
-1684
-1428
-1404
-1580
-1612
-1264
-811
-700
-925
-1091
-988
-753
-592
-548
-517
-342
30
496
935
1338
1726
2015
2142
2170
2175
2022
1532
822
232
-168
-555
-988
-1318
-1390
-1195
-875
-582
-284
132
622
1028
1293
1493
1708
1914
2028
2117
2337
2624
2780
2808
2858
2965
3035
2976
2720
2296
1854
1454
969
299
-413
-945
-1293
-1640
-2016
-2228
-2194
-2098
-2114
-2158
-2083
-1931
-1886
-1991
-2112
-2148
-2178
-2321
-2553
-2713
-2666
-2484
-2482
-2922
-3621
-4108
-4351
-4857
-5766
-6480
-6586
-6406
-6155
-5400
-3788
-1648
465
2353
4144
6037
8044
9712
10352
9848
8961
8356
7696
6315
4332
2391
757
-667
-1868
-2734
-3292
-3686
-3971
-4013
-3621
-2876
-2190
-1896
-1874
-1672
-1038
-369
-248
-579
-682
-305
124
241
216
419
907
1426
1808
2157
2543
2834
2866
2651
2290
1842
1191
193
-946
-1786
-2284
-2763
-3307
-3583
-3290
-2501
-1581
-796
-17
962
2021
2853
3358
3696
4016
4242
4213
4021
3939
3973
3881
3603
3288
3030
2771
2368
1722
951
257
-410
-1244
-2182
-2876
-3141
-3136
-3171
-3266
-3077
-2440
-1685
-1234
-1062
-807
-419
-210
-326
-573
-650
-677
-996
-1499
-1924
-2134
-2198
-2535
-3272
-4122
-4915
-5561
-6403
-7756
-8855
-9044
-8749
-8272
-7210
-5048
-1893
1262
3846
6320
8840
11193
13135
13876
13131
11705
10286
8848
6679
3590
589
-1809
-3758
-5226
-6196
-6540
-6479
-6378
-5946
-4965
-3483
-1883
-1057
-933
-624
194
1132
1349
823
549
863
1396
1720
1748
2002
2576
3088
3498
3740
3765
3652
3130
2051
766
-332
-1384
-2797
-4348
-5341
-5621
-5599
-5521
-5124
-4036
-2297
-357
1374
2888
4347
5642
6504
6916
7046
6946
6531
5798
4953
4205
3519
2696
1717
804
140
-383
-1013
-1768
-2377
-2645
-2749
-2981
-3298
-3323
-2875
-2122
-1414
-861
-264
444
1143
1681
1916
1912
1758
1432
878
139
-433
-993
-1937
-2885
-3632
-4208
-4614
-5580
-7054
-8146
-8885
-9632
-10848
-12108
-11959
-10742
-9327
-7333
-4459
-255
4731
8946
12325
14797
15864
16181
15876
14292
11564
8574
5966
3064
-721
-4320
-6818
-8542
-9822
-10378
-9865
-8531
-7024
-5564
-3873
-1674
671
2266
2793
2904
3273
3957
4217
3384
2354
2298
2754
2942
2862
2827
3089
3327
3102
2471
1477
328
-849
-2483
-4434
-5873
-6643
-7310
-7934
-7775
-6464
-4522
-2555
-613
1643
4320
6877
8667
9643
10118
10179
9633
8407
6774
5060
3339
1561
-151
-1520
-2478
-3202
-3817
-4220
-4236
-3897
-3493
-3239
-2977
-2349
-1342
-382
267
887
1838
2876
3443
3537
3614
3743
3529
2761
1727
744
-325
-1594
-2906
-4028
-4807
-5402
-5919
-6296
-6542
-6426
-6123
-6364
-7082
-7673
-7863
-8006
-8966
-10263
-10062
-8126
-5667
-3162
-200
4225
9974
14459
16151
16199
15769
15445
14585
11519
6733
2050
-1901
-5346
-8858
-11834
-13102
-13167
-12476
-10726
-7908
-4245
-785
1897
4339
6524
8284
9054
8122
6332
4871
4167
3637
2166
480
-86
185
588
598
314
274
17
-897
-2199
-3704
-5123
-6473
-7930
-8894
-8654
-7290
-5433
-3479
-1065
2119
5541
8282
9919
10822
11368
11274
10111
8035
5649
3267
803
-1674
-3674
-4787
-5195
-5402
-5392
-4672
-3274
-1991
-1296
-790
59
1241
2276
2749
2877
3308
4077
4526
4345
3929
3559
3037
2092
808
-417
-1384
-2354
-3492
-4456
-4894
-4893
-4912
-5071
-4986
-4466
-3835
-3547
-3407
-3022
-2640
-2507
-2841
-3802
-4733
-5243
-5822
-7118
-8879
-8947
-6550
-3845
-1752
692
4821
10604
14747
15513
14799
13680
12477
10624
6379
541
-4595
-8053
-10147
-11903
-12876
-11788
-9273
-6504
-3505
110
4067
6991
7934
7609
7323
7305
6269
3452
262
-1297
-902
23
259
125
584
1640
2293
1855
649
-790
-2534
-4813
-7193
-8766
-9223
-9103
-8683
-7265
-4147
106
4026
6843
9064
11245
12802
12616
10537
7606
4821
2242
-412
-2850
-4409
-4911
-4764
-4183
-2961
-1167
538
1581
2128
2661
3138
3067
2340
1596
1509
1977
2287
2043
1704
1929
2597
2831
2113
928
-33
-798
-1758
-2781
-3279
-3194
-3031
-2885
-2402
-1527
-821
-759
-1111
-1585
-2169
-2820
-3612
-4476
-5126
-5185
-4530
-4304
-4988
-5508
-5802
-6587
-8610
-11241
-11532
-9028
-5699
-2429
741
6005
13014
16835
17105
16004
13818
12070
9712
4579
-1597
-7113
-10698
-11937
-12573
-12321
-10136
-6909
-3400
-60
3233
6507
8268
7722
5973
4639
4183
3380
1479
-369
-545
1219
3360
4234
3897
3337
2789
1419
-1285
-4558
-7398
-9659
-11503
-12361
-11352
-8617
-5237
-1777
2151
6570
10276
12018
11912
11024
9809
7715
4378
606
-2254
-3638
-4024
-3942
-3254
-1690
277
1720
2284
2451
2548
2161
975
-364
-894
-617
-309
-188
441
1970
3613
4254
3810
3128
2692
2000
577
-1197
-2439
-2778
-2754
-2794
-2570
-1689
-451
323
277
-81
-329
-774
-2125
-3984
-4861
-4733
-4651
-4814
-4776
-3887
-2591
-2128
-2560
-3764
-5293
-6796
-9865
-13752
-14684
-11808
-6774
-1550
2904
8789
15882
19303
18285
15724
12064
8099
4536
-313
-6056
-10504
-12686
-12313
-10543
-8292
-4789
-820
2118
4111
5526
6495
6293
4081
1075
-603
-202
1125
1833
2090
3199
5397
7217
6903
4423
1253
-1720
-4848
-8375
-11341
-12488
-11784
-10061
-7590
-3997
475
4448
6831
8033
9036
9677
8760
5977
2771
798
60
-644
-1747
-2329
-1591
-115
911
1110
1012
1072
1142
889
361
-36
25
482
1090
1821
2748
3526
3520
2724
1988
1824
1516
244
-1391
-1928
-1116
-231
-250
-594
-256
595
890
212
-721
-1195
-1389
-1918
-2617
-2782
-2371
-1983
-1997
-1942
-1279
-505
-559
-1593
-2740
-3269
-3692
-4554
-5809
-7344
-8365
-8983
-10774
-12801
-11756
-6550
290
5404
9018
13540
17622
18233
15594
11076
5911
1833
-1389
-5150
-9027
-11578
-11468
-8775
-5671
-3116
-296
2358
3570
3306
2907
3183
3127
2012
982
1636
4339
7324
8208
7023
5750
5150
3757
224
-4588
-8613
-10784
-11537
-11453
-10290
-7817
-4583
-1264
1904
4663
6337
6467
5526
4544
4048
3684
2965
2082
1763
2275
2923
2685
1363
-216
-1218
-1664
-2123
-2682
-2750
-1810
-76
1769
3301
4486
5200
5082
4094
2751
1489
151
-1366
-2378
-2093
-797
405
981
1420
2166
2736
2338
959
-704
-2038
-2828
-3101
-2948
-2435
-1683
-845
79
895
1018
253
-821
-1712
-2506
-3211
-3691
-4001
-4005
-3583
-3062
-2598
-2282
-2736
-4344
-6429
-8455
-11136
-13879
-13388
-8091
-466
6332
11320
15297
17962
17859
15049
9938
3205
-2552
-6034
-8318
-9992
-10707
-9462
-5885
-1613
1654
3499
3898
3035
1645
775
719
804
834
1589
3840
7109
9576
9655
7317
3778
222
-3062
-6376
-9630
-11954
-12291
-10328
-6765
-2855
367
2535
3848
4511
4395
3310
1518
-30
-311
941
2986
4764
5771
6104
5797
4399
1630
-1913
-5004
-6711
-6820
-5487
-3011
96
3113
5474
6984
7519
6788
4685
1797
-765
-2243
-2738
-2678
-2037
-515
1679
3650
4468
3856
2221
237
-1507
-2694
-3375
-3652
-3241
-1867
68
1701
2510
2443
1647
406
-932
-2160
-3198
-3903
-4014
-3242
-1811
-620
-352
-672
-1039
-1737
-3041
-4375
-5484
-6838
-8108
-8646
-9296
-10820
-10961
-6757
602
7039
10746
13027
15147
16130
14132
8968
2228
-3522
-6607
-7755
-7983
-7548
-6454
-4106
-1042
1343
2950
3266
1693
-176
-515
913
2918
4114
4912
6499
8552
9576
8306
4746
64
-4246
-7092
-8477
-9103
-9181
-8384
-6523
-3753
-644
1569
1772
606
-85
308
905
1295
2071
3652
5633
7243
7824
6959
4612
1378
-1748
-4143
-5803
-6654
-6172
-4009
-611
2993
5777
7127
6964
5676
3838
1901
135
-1185
-1712
-1162
354
2187
3496
3808
3189
1976
480
-1128
-2609
-3522
-3449
-2330
-610
847
1392
1322
1281
1082
174
-1127
-2122
-2748
-3022
-2422
-907
426
600
-12
-574
-1224
-2593
-4334
-5389
-5526
-5351
-5035
-4434
-4140
-4740
-5798
-7354
-10420
-13683
-12808
-6092
2560
8850
12684
15653
17350
16018
11066
4000
-2593
-6900
-8696
-8514
-6804
-4106
-1173
1392
3213
3939
3299
1215
-1782
-3974
-3438
-345
3150
5806
8105
10075
10559
8839
5290
580
-4533
-8806
-10884
-10290
-7905
-5265
-3231
-1504
349
1784
1712
-28
-2205
-3297
-2580
-242
2957
6024
8130
8864
8181
6284
3399
-242
-3912
-6371
-6877
-5606
-3039
132
2871
4652
5719
5992
4945
2748
440
-986
-1103
-134
1313
2744
3784
4015
3353
2137
564
-1290
-2929
-3666
-3329
-2202
-617
1047
2146
2178
1371
400
-546
-1651
-2564
-2590
-1650
-314
870
1577
1596
861
-539
-2260
-3737
-4650
-5058
-4839
-3773
-2404
-1774
-2057
-2500
-2936
-4126
-6217
-8293
-10269
-12836
-14291
-10808
-2030
7075
12157
13934
15006
15218
12271
5688
-1631
-6236
-7240
-5882
-3556
-1222
728
2313
2955
1819
-453
-2326
-3480
-4116
-3222
137
4786
8543
10536
11067
10012
6856
2173
-2360
-5635
-7606
-8226
-7181
-4742
-2049
-449
-529
-1678
-2871
-3747
-4346
-4331
-3172
-774
2465
5826
8447
9545
8621
5896
2531
-257
-2197
-3460
-3791
-2987
-1466
197
1617
2402
2405
2052
1754
1395
1037
1284
2344
3602
4431
4660
4186
2967
1290
-356
-1558
-2139
-2160
-1697
-750
420
1204
1214
647
-49
-732
-1505
-2187
-2288
-1582
-385
832
1699
1925
1451
476
-770
-2062
-3045
-3479
-3441
-3050
-2399
-1771
-1434
-1382
-1730
-2831
-4472
-5739
-6327
-6972
-7953
-8691
-9653
-11742
-12741
-8483
556
8482
11714
12667
14104
14490
11072
4464
-1780
-4822
-4541
-2597
-739
192
593
1093
1055
-530
-2883
-4208
-4072
-2893
-317
3717
7564
9504
9786
9445
8053
4565
-181
-3888
-5508
-5639
-4844
-3503
-2422
-2141
-2529
-3480
-4876
-6050
-6282
-5326
-3168
-33
3318
5972
7480
7850
7203
5615
3304
945
-591
-945
-527
34
410
574
478
-2
-615
-654
314
1855
3151
3873
4187
4172
3717
2906
1966
890
-323
-1173
-960
269
1568
2065
1730
1015
150
-889
-2001
-2865
-3087
-2464
-1238
56
934
1231
1088
776
292
-532
-1498
-2163
-2383
-2260
-1768
-1051
-591
-684
-1165
-1842
-2611
-3401
-4301
-5210
-5491
-5018
-4931
-5832
-6826
-7943
-10670
-13705
-12208
-4350
5099
10735
12683
13921
14521
12031
6030
-669
-4873
-5315
-2813
366
2154
2456
2406
2014
243
-2687
-5026
-5594
-4349
-1191
3646
8194
10094
9455
8267
7055
4496
375
-3434
-5199
-4803
-3010
-849
376
-206
-2236
-4675
-6720
-7902
-7962
-6820
-4338
-529
3699
6777
7885
7515
6510
5187
3464
1552
274
360
1460
2317
2045
789
-691
-1827
-2438
-2373
-1363
523
2602
4086
4698
4541
3711
2390
1099
385
246
345
650
1417
2462
2992
2404
892
-886
-2386
-3335
-3577
-3089
-2058
-826
230
817
791
290
-341
-755
-827
-695
-571
-472
-269
-39
-73
-524
-1309
-2321
-3333
-3957
-4043
-3947
-3967
-3941
-3848
-4265
-5492
-6873
-8162
-10394
-13362
-13450
-7444
2212
9631
12418
12857
12783
11082
6698
1126
-2966
-3882
-1544
2278
4623
4018
1908
29
-1862
-4218
-5992
-6146
-4709
-1604
3151
7838
9893
8746
6282
4355
2992
1350
-604
-2043
-2242
-1199
216
598
-919
-3877
-6965
-8979
-9383
-8411
-6527
-3827
-296
3441
6225
7203
6434
4864
3653
3164
2802
2118
1609
1943
2741
2786
1399
-838
-2768
-3620
-3158
-1517
765
2857
4159
4597
4415
3712
2491
1115
361
696
1733
2659
3019
2851
2235
1116
-397
-1932
-3165
-3843
-3610
-2357
-780
216
472
379
135
-283
-772
-1073
-904
-297
378
880
1087
683
-305
-1218
-1739
-2276
-3018
-3601
-3736
-3555
-3510
-3814
-4156
-4511
-5422
-6717
-7680
-8950
-11429
-13010
-9878
-1918
6283
10774
12029
12084
10745
7102
2479
-835
-1976
-857
2135
4813
4689
2168
-401
-2075
-3415
-4440
-4490
-3323
-1144
1964
5542
8023
7815
5368
2856
1671
1361
1073
669
356
249
332
207
-972
-3607
-6839
-9023
-9079
-7267
-4755
-2399
-166
2136
4007
4686
4112
3002
2267
2463
3418
4275
4321
3693
2963
2222
1020
-804
-2638
-3503
-2862
-987
1325
3206
4079
4020
3532
2862
1928
1030
806
1418
2403
3169
3256
2540
1450
411
-702
-1985
-2967
-3341
-3327
-2859
-1540
48
578
-146
-979
-1145
-887
-579
-220
253
749
1127
1208
726
-346
-1392
-1813
-1928
-2391
-3099
-3529
-3580
-3470
-3410
-3516
-3733
-4148
-5038
-6093
-6670
-7431
-9646
-11967
-10544
-4006
4069
9338
11109
10933
9295
6080
2356
-430
-1386
328
4272
7209
6147
2256
-1144
-2924
-3949
-4458
-3947
-2491
-554
1877
4736
6778
6531
4422
2303
1226
1028
1310
1530
1265
901
848
446
-1156
-3696
-6037
-7123
-6640
-5186
-3669
-2488
-1472
-363
783
1563
1692
1483
1669
2647
4018
4889
4747
3919
3026
2173
1020
-461
-1677
-1916
-950
812
2505
3246
2788
1747
884
405
168
283
1060
2344
3381
3619
3139
2198
889
-569
-1796
-2561
-2777
-2452
-1697
-638
444
894
377
-532
-1161
-1342
-978
-135
543
603
401
262
-77
-760
-1460
-1845
-1959
-2082
-2366
-2661
-2692
-2291
-1691
-1548
-2128
-2869
-3513
-4571
-5850
-6427
-6862
-8662
-10847
-10011
-4908
1575
6023
7911
8267
7186
4547
1482
-577
-790
1567
5939
8979
7593
3151
-477
-1950
-2506
-2667
-2006
-815
374
1749
3214
3820
3080
1613
278
-261
321
1534
2386
2641
2837
2949
2063
-282
-3228
-5414
-6086
-5234
-3492
-1998
-1469
-1509
-1457
-1380
-1488
-1478
-954
223
1941
3650
4535
4352
3688
3162
2704
1843
536
-544
-643
381
1999
3336
3569
2559
1086
64
-309
-334
-26
810
1862
2358
1960
1078
243
-374
-718
-760
-674
-648
-516
-11
642
895
575
-56
-790
-1515
-1838
-1337
-318
343
216
-346
-928
-1440
-1805
-1806
-1429
-1065
-1081
-1331
-1438
-1288
-956
-446
34
72
-313
-961
-2013
-3162
-3644
-3538
-4029
-5678
-7173
-7054
-5501
-3357
-999
1385
3035
2829
1064
-590
-1185
-399
2007
5007
6581
5930
4236
2839
1894
1168
761
745
804
694
832
1220
1066
492
374
677
748
319
-265
-470
-27
1076
2275
2506
1457
-109
-1404
-2156
-2221
-1460
-332
259
129
-207
-578
-998
-1086
-615
56
590
866
676
156
-107
56
240
171
-71
-233
53
950
2075
2780
2712
2012
1127
453
154
312
885
1512
1757
1553
1128
622
39
-536
-905
-984
-850
-527
-18
473
718
799
902
909
589
101
-77
289
900
1216
987
430
-156
-673
-1056
-1204
-1219
-1373
-1615
-1613
-1357
-1091
-808
-410
-152
-351
-833
-1295
-1788
-2261
-2450
-2357
-2342
-2785
-3570
-4419
-5549
-6634
-6416
-4491
-2026
-540
-470
-939
-1078
-707
163
1250
1938
1999
1997
2478
3016
2896
2281
1721
1346
1166
1320
1643
1798
2013
2713
3496
3508
2599
1387
500
281
726
1363
1560
1198
681
397
405
492
428
223
30
-140
-359
-485
-295
188
701
918
568
-306
-1188
-1530
-1295
-818
-362
-85
-61
-112
35
331
504
483
362
173
68
309
843
1293
1485
1498
1268
646
-139
-589
-493
-109
144
83
-88
-59
203
508
773
1010
1118
1059
1037
1233
1538
1713
1578
1029
192
-540
-860
-861
-777
-621
-394
-379
-822
-1424
-1660
-1465
-1197
-1079
-1171
-1683
-2639
-3439
-3541
-3321
-3454
-3914
-4389
-5047
-5979
-6438
-5546
-3541
-1644
-747
-722
-970
-1008
-500
602
1787
2436
2576
2664
2829
2825
2564
2221
1953
1837
1955
2268
2518
2551
2614
2964
3361
3268
2500
1393
429
-49
112
782
1518
1791
1448
820
304
24
-62
2
131
178
28
-272
-475
-378
-140
-72
-196
-386
-693
-1058
-1151
-902
-706
-785
-876
-785
-642
-472
-85
467
832
863
774
814
1034
1322
1441
1217
797
485
304
79
-148
-145
94
334
455
549
664
748
855
1106
1416
1538
1433
1257
1081
940
954
1033
852
338
-184
-491
-663
-794
-881
-992
-1235
-1597
-1951
-2224
-2349
-2291
-2258
-2531
-3042
-3489
-3846
-4280
-4628
-4720
-4850
-5051
-4776
-3731
-2308
-1229
-931
-1225
-1569
-1363
-401
727
1348
1530
1728
2137
2525
2607
2429
2243
2168
2192
2358
2690
3003
3119
3168
3297
3339
3052
2458
1736
1083
745
883
1300
1578
1526
1218
675
-58
-716
-998
-905
-705
-576
-574
-682
-780
-775
-581
-146
260
387
321
172
-69
-390
-700
-865
-919
-994
-994
-794
-491
-255
-71
211
541
732
791
926
1194
1451
1546
1452
1224
967
759
591
428
304
308
502
828
1094
1108
923
831
976
1132
1007
660
380
322
392
491
550
361
-213
-828
-1004
-860
-927
-1288
-1573
-1669
-1806
-2033
-2211
-2416
-2777
-3071
-3060
-3111
-3690
-4467
-4776
-4733
-4836
-4777
-3851
-2328
-1272
-1127
-1425
-1666
-1608
-950
379
1759
2402
2273
2054
2221
2569
2645
2336
1927
1780
2036
2528
2939
3132
3224
3279
3160
2791
2296
1804
1370
1139
1285
1683
1922
1763
1360
888
308
-439
-1173
-1614
-1608
-1254
-893
-853
-1077
-1203
-1027
-682
-339
-23
256
419
445
405
287
-51
-602
-1093
-1235
-1017
-604
-126
316
589
629
525
425
425
584
914
1287
1475
1368
1078
808
673
660
682
644
563
606
882
1203
1273
1085
848
729
740
827
900
896
873
866
697
196
-514
-1115
-1403
-1418
-1308
-1201
-1285
-1530
-1756
-1852
-1845
-1925
-2138
-2504
-2943
-3190
-3260
-3390
-3691
-4001
-4207
-4491
-4656
-4037
-2667
-1419
-1012
-1317
-1672
-1672
-1055
124
1277
1915
2079
2169
2337
2453
2386
2197
2070
2183
2538
2873
3034
2965
2805
2730
2596
2259
1731
1264
1061
1119
1397
1685
1806
1684
1332
902
395
-242
-935
-1347
-1222
-869
-727
-884
-1133
-1327
-1411
-1257
-886
-495
-208
14
238
426
422
101
-387
-756
-878
-750
-348
250
826
1211
1328
1139
767
517
560
811
1154
1465
1509
1207
816
537
297
74
6
71
169
370
725
1056
1183
1138
1031
905
797
795
916
1051
1071
887
431
-279
-1026
-1503
-1570
-1341
-1064
-954
-1088
-1363
-1633
-1869
-2097
-2244
-2272
-2333
-2509
-2618
-2566
-2607
-2924
-3342
-3694
-4070
-4432
-4320
-3411
-2141
-1311
-1178
-1366
-1442
-1165
-428
597
1443
1842
2017
2263
2528
2591
2449
2324
2391
2638
2915
3054
3003
2877
2793
2686
2419
2006
1541
1140
981
1134
1394
1482
1344
1072
658
61
-591
-1031
-1104
-887
-573
-377
-486
-863
-1154
-1092
-789
-484
-261
-102
18
137
240
203
-62
-489
-886
-1054
-889
-426
196
798
1208
1301
1071
647
283
230
504
862
1032
965
793
637
489
323
167
68
56
174
474
899
1256
1354
1186
922
747
685
676
711
769
757
594
253
-201
-595
-800
-850
-817
-744
-745
-923
-1209
-1490
-1735
-1912
-1998
-2067
-2197
-2348
-2437
-2482
-2671
-3117
-3622
-3990
-4330
-4570
-4218
-3133
-1944
-1266
-1124
-1249
-1338
-1057
-293
603
1195
1450
1622
1831
1989
2048
2056
2063
2146
2376
2652
2797
2809
2809
2820
2758
2547
2145
1617
1181
1040
1174
1400
1546
1504
1242
829
353
-137
-550
-755
-741
-631
-577
-695
-951
-1100
-978
-711
-447
-174
34
21
-143
-235
-257
-369
-534
-578
-486
-323
-15
480
947
1118
977
690
388
190
219
460
744
922
938
790
536
285
127
88
193
450
799
1141
1379
1408
1209
925
694
500
330
325
552
786
808
656
395
-37
-577
-946
-996
-882
-786
-731
-765
-969
-1292
-1587
-1811
-1987
-2099
-2149
-2225
-2394
-2613
-2860
-3193
-3611
-4039
-4395
-4514
-4104
-3102
-1982
-1368
-1364
-1531
-1457
-1046
-379
384
1024
1422
1674
1894
2029
2031
1994
2009
2089
2288
2632
2960
3081
3029
2958
2864
2619
2219
1800
1470
1286
1321
1554
1748
1689
1415
1031
498
-161
-714
-947
-917
-824
-781
-803
-886
-965
-900
-631
-298
-70
12
-42
-190
-338
-425
-528
-689
-798
-745
-523
-153
304
690
850
755
484
160
-59
-46
168
456
702
824
765
589
443
412
456
543
704
935
1171
1332
1337
1171
909
663
484
393
432
587
746
791
687
427
15
-456
-786
-843
-736
-666
-695
-798
-981
-1207
-1395
-1561
-1776
-1977
-2064
-2110
-2226
-2365
-2470
-2662
-3036
-3492
-3926
-4296
-4402
-3951
-2965
-1908
-1242
-1048
-1103
-1109
-819
-176
574
1089
1320
1510
1775
1970
1993
1953
1980
2103
2311
2561
2739
2794
2803
2813
2740
2493
2081
1613
1279
1214
1372
1563
1593
1371
924
390
-87
-451
-684
-757
-681
-571
-567
-676
-759
-672
-431
-187
-90
-205
-473
-714
-758
-610
-446
-397
-452
-513
-470
-247
94
384
528
570
555
484
404
418
556
750
886
856
655
430
346
439
625
802
910
984
1070
1140
1131
1042
891
686
499
440
498
580
638
665
595
350
-39
-411
-609
-585
-431
-321
-375
-593
-902
-1228
-1496
-1677
-1796
-1892
-1966
-2057
-2213
-2386
-2540
-2738
-3058
-3485
-3969
-4414
-4590
-4257
-3395
-2269
-1308
-845
-866
-992
-846
-335
354
959
1332
1536
1711
1899
2052
2174
2318
2479
2638
2798
2918
2923
2830
2717
2595
2413
2131
1740
1347
1152
1245
1450
1491
1254
810
296
-147
-411
-504
-503
-455
-393
-404
-533
-672
-676
-549
-404
-344
-422
-605
-751
-728
-547
-351
-279
-375
-533
-573
-412
-131
153
376
483
465
386
291
193
171
305
516
643
634
570
553
661
867
1020
1023
954
936
951
940
907
836
702
568
521
555
592
586
564
570
536
349
62
-153
-254
-321
-377
-432
-586
-896
-1232
-1432
-1495
-1546
-1603
-1576
-1508
-1567
-1776
-1975
-2120
-2350
-2711
-3100
-3473
-3856
-4108
-3996
-3472
-2712
-1940
-1364
-1113
-1096
-1055
-787
-278
347
925
1338
1596
1767
1878
1960
2076
2249
2426
2562
2668
2732
2726
2671
2595
2433
2109
1676
1285
1060
1027
1125
1212
1145
907
615
350
106
-120
-281
-366
-418
-468
-500
-510
-501
-457
-393
-387
-499
-657
-706
-587
-387
-227
-200
-342
-549
-628
-505
-269
-31
172
312
352
280
155
67
62
127
211
284
342
418
566
790
997
1067
963
768
626
624
731
823
817
756
728
766
837
899
914
852
708
527
384
335
321
220
-29
-370
-683
-865
-888
-812
-754
-809
-985
-1191
-1341
-1419
-1477
-1564
-1706
-1909
-2163
-2448
-2737
-3011
-3268
-3483
-3583
-3491
-3175
-2675
-2105
-1612
-1289
-1113
-950
-647
-164
389
875
1261
1562
1781
1929
2037
2100
2102
2104
2189
2343
2462
2475
2377
2177
1901
1603
1348
1160
1051
1025
1052
1072
1040
928
740
494
213
-76
-330
-468
-395
-138
125
190
16
-273
-517
-621
-598
-529
-509
-557
-596
-551
-449
-371
-331
-283
-211
-125
-30
73
164
234
265
242
167
78
35
98
274
504
678
725
667
588
542
521
473
405
403
500
638
756
820
789
707
680
715
690
567
471
481
531
502
351
130
-117
-378
-606
-710
-661
-535
-446
-451
-588
-860
-1190
-1432
-1526
-1551
-1610
-1735
-1929
-2174
-2384
-2506
-2579
-2650
-2703
-2748
-2795
-2749
-2476
-2017
-1565
-1258
-1073
-910
-669
-297
170
626
975
1212
1408
1588
1709
1739
1729
1768
1876
1984
2047
2064
2023
1917
1792
1678
1528
1319
1129
1044
1045
1056
998
824
563
314
146
69
50
89
198
322
340
168
-150
-463
-617
-579
-439
-305
-225
-192
-199
-227
-278
-384
-525
-610
-576
-469
-338
-218
-126
-74
-31
30
85
106
109
128
187
280
359
365
296
231
247
359
543
747
897
957
952
917
849
755
685
673
715
771
785
723
606
504
439
370
266
139
7
-113
-197
-228
-253
-338
-508
-739
-1003
-1265
-1449
-1502
-1473
-1483
-1587
-1742
-1891
-2002
-2067
-2122
-2214
-2347
-2484
-2591
-2624
-2506
-2218
-1847
-1525
-1287
-1085
-856
-554
-176
207
503
711
908
1127
1317
1435
1509
1573
1638
1715
1820
1902
1883
1782
1682
1604
1509
1387
1269
1164
1070
1004
956
894
816
758
728
702
651
568
478
406
344
247
95
-63
-173
-219
-219
-209
-243
-368
-557
-710
-755
-725
-675
-615
-527
-418
-313
-219
-133
-77
-77
-103
-85
5
106
154
140
83
24
40
179
404
623
762
797
758
706
692
725
766
782
782
779
761
721
677
651
654
676
679
642
588
517
382
184
-45
-287
-528
-710
-824
-941
-1128
-1330
-1463
-1523
-1562
-1605
-1652
-1741
-1889
-2028
-2104
-2168
-2289
-2436
-2551
-2605
-2579
-2434
-2163
-1837
-1554
-1352
-1183
-975
-679
-292
121
456
682
864
1055
1224
1354
1465
1588
1733
1890
2029
2097
2060
1945
1808
1666
1516
1373
1247
1141
1089
1130
1215
1230
1121
938
753
621
589
650
699
631
445
222
39
-58
-54
-25
-95
-296
-536
-715
-806
-829
-795
-723
-650
-602
-584
-573
-533
-455
-359
-266
-204
-175
-157
-111
-23
86
166
207
230
272
339
431
534
618
660
677
704
761
836
902
951
977
961
895
799
716
673
660
648
622
573
487
354
174
-39
-262
-466
-628
-751
-842
-939
-1061
-1195
-1292
-1330
-1322
-1295
-1268
-1293
-1407
-1587
-1756
-1879
-1970
-2056
-2143
-2227
-2292
-2292
-2178
-1952
-1684
-1446
-1257
-1102
-940
-712
-378
28
400
661
828
973
1140
1323
1482
1579
1604
1593
1577
1549
1482
1396
1332
1296
1265
1224
1183
1178
1216
1265
1279
1228
1129
1049
1028
1036
992
846
639
457
366
341
288
124
-144
-405
-559
-595
-584
-586
-598
-608
-606
-605
-607
-607
-582
-512
-404
-305
-248
-225
-196
-146
-96
-60
-23
35
128
256
400
515
570
583
600
638
689
734
762
790
856
949
1004
988
931
869
812
778
775
771
715
587
401
168
-106
-370
-560
-665
-756
-886
-1052
-1225
-1368
-1455
-1487
-1504
-1551
-1628
-1704
-1756
-1798
-1860
-1946
-2054
-2194
-2343
-2445
-2426
-2252
-1957
-1634
-1390
-1274
-1222
-1112
-862
-496
-98
262
538
734
892
1050
1194
1302
1379
1452
1535
1615
1666
1672
1641
1602
1561
1502
1426
1361
1329
1326
1333
1315
1252
1168
1114
1101
1102
1059
943
775
604
469
362
241
79
-118
-317
-471
-566
-613
-628
-611
-583
-576
-601
-632
-632
-596
-534
-456
-383
-331
-300
-265
-220
-183
-165
-131
-57
57
181
291
372
419
447
485
540
604
659
706
768
862
957
999
975
916
853
804
780
776
751
677
575
465
323
128
-103
-342
-559
-730
-840
-910
-979
-1095
-1262
-1423
-1505
-1504
-1447
-1371
-1326
-1347
-1435
-1555
-1672
-1755
-1799
-1810
-1826
-1875
-1928
-1910
-1771
-1541
-1308
-1141
-1056
-991
-850
-577
-216
133
399
591
743
867
955
1012
1048
1083
1140
1216
1264
1268
1265
1297
1362
1431
1473
1484
1481
1477
1468
1447
1414
1370
1311
1232
1134
1010
872
741
632
542
447
319
165
14
-105
-195
-275
-363
-455
-535
-580
-596
-587
-574
-557
-530
-497
-466
-440
-419
-385
-332
-261
-182
-97
6
135
280
416
519
591
653
725
800
857
874
861
848
858
886
908
912
916
936
962
949
857
672
421
148
-109
-327
-499
-623
-720
-822
-957
-1119
-1270
-1374
-1423
-1442
-1471
-1544
-1670
-1816
-1936
-2005
-2046
-2107
-2212
-2346
-2452
-2464
-2356
-2152
-1928
-1746
-1621
-1517
-1360
-1098
-728
-310
72
362
561
713
875
1084
1331
1571
1744
1831
1857
1860
1862
1846
1796
1705
1595
1501
1446
1425
1421
1405
1355
1253
1107
962
868
848
869
865
790
638
456
302
209
160
102
-11
-176
-357
-496
-569
-584
-578
-578
-593
-614
-632
-651
-670
-678
-649
-576
-471
-360
-267
-203
-159
-113
-39
68
194
318
415
480
526
569
633
711
787
830
831
820
831
878
942
970
920
798
660
570
543
528
469
340
160
-28
-194
-331
-466
-622
-791
-923
-973
-950
-919
-954
-1072
-1226
-1323
-1301
-1166
-991
-872
-860
-953
-1099
-1234
-1315
-1336
-1327
-1328
-1382
-1485
-1583
-1601
-1500
-1296
-1067
-885
-772
-680
-548
-353
-122
80
210
274
313
377
481
610
723
804
850
889
938
1007
1080
1151
1211
1245
1240
1200
1151
1120
1120
1141
1159
1148
1098
1021
939
864
788
700
607
517
428
333
220
102
-8
-96
-159
-204
-240
-267
-283
-286
-285
-292
-318
-349
-363
-338
-275
-185
-87
7
94
180
273
364
434
474
496
516
549
596
657
718
759
774
769
761
756
749
729
680
601
506
413
321
215
83
-70
-214
-319
-372
-399
-440
-522
-644
-765
-853
-896
-913
-937
-994
-1082
-1182
-1273
-1337
-1375
-1401
-1437
-1501
-1592
-1694
-1776
-1826
-1845
-1844
-1821
-1767
-1662
-1509
-1321
-1130
-954
-792
-627
-448
-247
-30
189
395
567
680
735
760
804
903
1052
1201
1306
1348
1351
1354
1373
1391
1382
1343
1303
1299
1337
1387
1396
1337
1220
1088
975
878
775
650
517
398
301
223
156
96
39
-20
-89
-167
-245
-313
-361
-391
-409
-411
-405
-388
-364
-339
-313
-283
-250
-212
-178
-144
-100
-37
42
132
215
289
351
411
474
544
613
660
678
672
661
663
676
675
641
563
448
331
240
174
113
25
-99
-235
-355
-436
-482
-524
-594
-699
-816
-902
-934
-915
-873
-844
-850
-892
-946
-982
-980
-950
-916
-907
-938
-1002
-1077
-1135
-1156
-1139
-1106
-1079
-1064
-1055
-1026
-958
-836
-664
-459
-261
-111
-25
21
74
178
324
473
574
611
618
646
730
853
973
1049
1084
1098
1118
1149
1177
1184
1157
1099
1021
937
860
792
731
671
604
532
451
363
269
172
79
-4
-82
-155
-233
-310
-370
-393
-372
-329
-294
-293
-329
-366
-372
-331
-257
-184
-133
-102
-64
2
100
212
313
391
440
475
498
517
537
562
594
622
635
628
602
573
547
526
495
448
380
294
202
112
27
-53
-128
-204
-276
-342
-395
-434
-464
-485
-501
-512
-523
-534
-549
-568
-592
-623
-661
-702
-743
-775
-789
-782
-760
-735
-719
-716
-718
-706
-669
-609
-537
-471
-427
-402
-384
-358
-319
-267
-221
-187
-168
-157
-151
-135
-112
-75
-23
44
115
176
216
237
256
282
314
345
363
369
366
365
367
370
367
361
348
334
324
326
340
365
389
399
388
359
324
291
264
241
218
199
191
202
226
253
267
261
240
219
206
204
208
210
212
218
223
226
222
218
219
234
250
262
266
270
278
286
292
289
281
261
231
194
155
119
83
46
2
-53
-114
-167
-208
-239
-269
-296
-312
-305
-276
-237
-209
-199
-201
-201
-190
-171
-156
-158
-180
-215
-255
-294
-326
-346
-353
-349
-342
-333
-317
-294
-269
-258
-266
-295
-330
-356
-362
-351
-333
-327
-332
-335
-332
-325
-317
-304
-278
-239
-193
-149
-121
-113
-115
-115
-104
-88
-71
-53
-36
-24
-13
2
24
54
86
114
131
143
151
175
211
250
274
278
269
258
261
280
308
332
350
365
379
388
387
379
366
349
328
301
271
244
228
227
235
241
235
219
200
186
182
190
203
212
211
192
163
129
100
77
62
45
31
20
13
11
10
-1
-24
-58
-93
-122
-142
-153
-163
-176
-190
-202
-213
-217
-223
-230
-236
-233
-209
-167
-118
-74
-45
-22
-2
21
40
48
41
19
-2
-13
-16
-19
-32
-59
-94
-124
-143
-151
-158
-173
-195
-221
-237
-241
-240
-241
-250
-262
-270
-264
-252
-238
-236
-244
-250
-239
-206
-152
-94
-49
-23
-11
-2
13
32
49
58
59
59
59
67
84
106
129
146
157
164
166
167
176
190
203
203
189
160
131
113
113
118
116
99
67
37
24
32
51
73
83
83
79
81
86
90
83
66
45
27
18
15
13
8
3
-1
1
11
21
29
31
28
26
28
36
44
46
37
20
4
-7
-5
6
22
36
45
47
48
52
59
71
77
75
69
66
67
70
68
55
32
8
-7
-8
-1
9
14
10
4
-5
-13
-22
-34
-53
-75
-94
-106
-113
-114
-119
-126
-134
-135
-126
-109
-88
-76
-72
-72
-70
-62
-50
-38
-31
-30
-32
-33
-30
-21
-11
-4
-1
-6
-15
-24
-30
-34
-37
-43
-54
-68
-82
-94
-100
-99
-94
-88
-82
-75
-60
-38
-12
8
17
14
6
-2
-1
8
22
39
56
71
82
91
100
106
110
108
100
92
90
97
109
118
119
109
98
92
97
106
116
115
103
84
68
58
53
49
36
18
0
-13
-17
-18
-19
-30
-48
-69
-84
-86
-76
-56
-36
-22
-19
-22
-26
-27
-19
-8
7
21
29
35
39
44
50
57
61
59
56
52
53
58
67
71
64
47
22
-4
-23
-32
-36
-34
-35
-39
-47
-58
-68
-76
-82
-84
-80
-71
-60
-45
-32
-21
-13
-11
-14
-22
-34
-48
-62
-74
-85
-92
-95
-98
-100
-101
-105
-108
-110
-113
-117
-120
-118
-103
-77
-44
-14
8
20
29
36
48
62
72
76
77
79
88
103
123
136
142
137
127
119
114
111
103
88
65
41
20
7
2
-4
-11
-26
-50
-75
-99
-119
-132
-140
-146
-149
-147
-138
-122
-100
-76
-56
-38
-19
-1
22
47
71
89
100
107
109
113
117
122
127
132
140
150
158
162
158
147
127
102
75
47
23
4
-9
-15
-15
-11
-4
3
8
11
9
0
-13
-28
-40
-43
-37
-22
-4
16
33
45
50
43
24
1
-19
-31
-35
-30
-28
-30
-40
-59
-84
-115
-147
-179
-202
-215
-213
-201
-183
-164
-142
-117
-89
-61
-35
-17
-3
7
20
36
54
68
76
78
79
82
86
88
84
73
57
38
22
12
9
13
22
33
43
49
52
49
42
33
21
11
0
-6
-10
-9
-4
-3
-4
-10
-18
-26
-29
-32
-31
-31
-31
-31
-29
-26
-26
-29
-33
-33
-28
-14
4
22
34
41
46
46
51
59
65
69
72
78
86
96
102
100
90
72
53
38
26
16
9
0
-6
-8
-6
1
6
7
2
-9
-22
-31
-35
-30
-23
-13
-1
16
35
56
69
70
59
38
17
-1
-10
-10
-7
-4
-4
-10
-22
-41
-66
-94
-122
-146
-163
-168
-163
-147
-126
-103
-84
-73
-72
-78
-85
-88
-82
-67
-46
-25
-8
4
15
25
33
38
36
28
20
16
21
34
51
64
71
70
62
54
45
37
28
18
7
-1
-4
0
8
17
23
23
19
8
-3
-11
-13
-9
1
14
28
37
46
52
59
63
63
59
53
47
49
55
65
73
77
72
60
47
36
29
23
19
14
11
6
4
3
2
-2
-10
-20
-30
-37
-39
-35
-29
-24
-22
-26
-32
-38
-42
-45
-45
-45
-44
-41
-37
-29
-22
-17
-13
-11
-13
-18
-24
-30
-34
-39
-41
-45
-48
-51
-52
-50
-47
-45
-49
-53
-57
-62
-58
-50
-38
-25
-14
-4
1
3
3
-1
-6
-11
-12
-10
2
18
35
48
56
57
55
50
44
40
37
40
45
55
64
70
73
69
61
49
35
24
18
19
23
28
32
33
30
21
10
0
-8
-12
-13
-8
-1
10
21
33
41
45
44
40
35
28
23
18
15
15
12
14
14
15
15
13
8
1
-9
-20
-29
-36
-42
-45
-47
-48
-48
-44
-42
-44
-48
-52
-56
-55
-51
-45
-38
-31
-23
-16
-9
-7
-6
-7
-7
-7
-5
-2
2
5
8
11
10
6
0
-7
-14
-21
-27
-30
-32
-33
-29
-27
-25
-24
-24
-24
-26
-27
-27
-29
-29
-30
-27
-25
-22
-20
-18
-14
-12
-9
-8
-7
-3
1
5
11
17
23
27
32
38
40
39
43
43
44
43
45
50
52
52
48
47
44
42
39
34
30
27
26
27
31
36
38
40
38
35
31
31
33
36
39
40
42
43
46
49
49
45
39
30
25
20
18
18
18
16
13
8
2
-6
-14
-22
-30
-37
-41
-46
-47
-50
-50
-53
-58
-65
-71
-74
-75
-74
-70
-68
-63
-60
-58
-57
-54
-54
-54
-55
-55
-58
-57
-55
-50
-46
-41
-38
-34
-31
-27
-23
-22
-22
-21
-19
-16
-9
-3
1
4
6
7
8
10
8
8
5
-1
-3
-6
-4
3
11
17
21
20
15
8
3
0
2
6
14
23
33
41
46
46
43
38
35
33
39
48
59
67
73
73
69
65
61
57
54
51
48
46
44
43
47
51
57
61
64
63
60
56
49
45
45
45
47
47
44
37
33
26
21
15
2
-13
-30
-45
-55
-59
-60
-59
-57
-55
-56
-60
-69
-79
-90
-93
-92
-81
-68
-56
-47
-45
-45
-43
-40
-32
-23
-14
-10
-7
-4
-5
-4
-3
-3
-3
-7
-14
-26
-39
-51
-59
-63
-64
-65
-63
-65
-67
-67
-61
-50
-34
-19
-9
-3
-5
-10
-17
-22
-24
-25
-23
-19
-13
-1
9
20
29
34
34
30
23
19
10
4
-5
-13
-15
-10
4
16
25
27
27
27
32
41
52
60
68
74
84
95
110
126
135
137
127
112
96
86
85
91
96
99
95
83
66
45
28
13
5
3
6
9
12
13
16
20
21
18
6
-15
-39
-57
-67
-67
-63
-59
-64
-74
-84
-86
-77
-59
-39
-30
-31
-41
-55
-59
-48
-25
3
26
32
20
-7
-37
-59
-64
-49
-31
-19
-20
-33
-48
-57
-52
-40
-29
-27
-41
-62
-83
-91
-81
-57
-28
-7
-3
-14
-38
-63
-79
-80
-63
-37
-14
-3
-11
-34
-60
-72
-65
-41
-15
2
7
-4
-11
1
30
66
97
105
81
29
-31
-76
-91
-65
-2
69
108
91
18
-79
-145
-124
11
225
419
503
437
259
70
-29
10
145
284
339
254
48
-179
-317
-316
-195
-17
138
205
167
66
-51
-137
-151
-85
18
103
138
112
38
-49
-109
-126
-106
-71
-39
-36
-64
-91
-92
-68
-31
10
40
39
21
10
17
36
69
103
113
96
72
47
19
-1
-5
-10
-26
-46
-71
-107
-144
-165
-171
-160
-128
-89
-64
-66
-89
-117
-131
-110
-53
13
60
73
56
17
-25
-58
-81
-98
-106
-106
-103
-100
-93
-79
-60
-37
-9
23
52
71
74
65
54
48
56
78
105
122
120
94
52
9
-27
-46
-47
-35
-21
-5
6
14
19
21
24
25
29
37
49
57
62
59
60
66
81
98
109
104
82
51
19
-5
-18
-18
-12
0
16
30
39
42
45
49
61
78
95
106
104
91
71
50
31
19
8
-3
-16
-36
-63
-92
-111
-108
-82
-38
7
35
35
10
-21
-39
-36
-11
14
22
1
-41
-89
-120
-124
-102
-70
-45
-38
-50
-71
-86
-84
-60
-24
7
19
-3
-49
-102
-138
-141
-108
-56
-5
26
30
12
-16
-36
-39
-22
7
39
57
51
23
-13
-38
-35
-8
33
65
73
53
17
-15
-28
-13
20
59
82
81
56
22
-10
-28
-31
-25
-14
-4
0
2
6
17
33
52
63
66
60
52
49
51
55
52
41
22
3
-13
-15
-8
6
20
28
29
26
30
44
63
83
92
82
52
15
-19
-35
-35
-22
-5
8
14
12
7
-2
-10
-19
-26
-27
-21
-10
0
5
2
-9
-19
-28
-32
-33
-34
-37
-43
-49
-48
-40
-28
-17
-14
-23
-38
-53
-60
-54
-40
-28
-20
-25
-31
-35
-30
-17
0
12
12
0
-19
-35
-42
-38
-22
-2
15
26
30
27
21
13
8
8
14
28
42
51
50
36
13
-9
-24
-26
-14
0
9
6
-6
-22
-32
-29
-13
7
25
30
23
8
-8
-15
-11
4
22
35
40
35
22
8
-1
-1
8
20
28
29
20
8
-1
-4
4
16
28
34
31
24
17
12
11
11
8
4
0
2
6
11
13
8
1
-7
-13
-14
-11
-5
-2
-5
-12
-21
-29
-32
-25
-16
-6
-1
1
-5
-16
-28
-35
-33
-24
-14
-7
-10
-19
-30
-36
-33
-23
-10
2
5
6
3
3
4
7
9
8
5
5
4
7
11
13
14
11
8
6
6
9
9
6
1
-3
-5
-6
-3
2
5
8
4
-3
-13
-21
-22
-16
-7
2
4
0
-10
-19
-25
-23
-18
-10
-2
4
8
9
9
9
9
7
6
7
9
11
13
15
15
14
15
16
17
20
22
23
20
18
14
12
13
15
15
15
13
10
6
1
-3
-5
-4
0
4
8
7
5
0
-5
-8
-9
-7
-5
-2
-1
-3
-4
-7
-8
-8
-6
-7
-5
-5
-7
-11
-15
-18
-17
-14
-9
-3
-1
0
0
-1
-1
3
6
9
13
13
11
6
0
-4
-5
-3
-1
1
0
-4
-6
-6
-5
-4
-3
-6
-8
-11
-14
-12
-8
-4
0
0
-4
-8
-12
-11
-9
-8
-7
-8
-11
-13
-14
-9
-6
-1
0
0
-1
1
5
6
10
10
8
7
6
9
13
15
15
15
13
9
9
8
11
12
13
10
8
5
6
6
7
9
9
9
10
10
10
8
7
5
3
2
-2
-3
-3
-3
-1
0
0
0
-2
0
1
0
-1
-2
-2
-1
-1
1
2
1
-1
-4
-5
-4
-3
-1
0
0
1
1
0
1
-1
-2
-1
-2
-1
-2
-2
-3
-5
-8
-9
-9
-5
-3
-1
-1
-4
-7
-8
-7
-5
-1
-2
-2
-7
-12
-15
-15
-13
-10
-4
-2
-1
-3
-4
-5
-1
1
2
2
2
3
7
9
10
10
9
8
6
5
5
6
7
8
8
8
7
4
6
6
5
5
5
5
4
4
3
2
2
2
1
0
0
-1
-2
-4
-2
-3
-2
0
0
2
1
1
0
-1
-1
-1
-1
1
1
2
1
2
2
1
2
1
1
0
1
0
1
1
1
1
1
1
1
0
1
1
1
1
0
1
-1
-1
-1
0
-1
-1
-2
-3
-4
-5
-5
-5
-5
-3
-3
-2
-2
-2
-1
-2
-2
-2
0
0
1
1
1
1
0
0
0
1
1
0
0
0
-1
-1
0
1
3
4
2
2
-1
0
0
-1
0
1
1
1
0
-1
0
-1
1
-1
-1
-2
-1
-2
-2
0
-1
1
1
0
0
-1
-1
0
1
3
3
3
2
2
2
1
3
1
2
2
2
1
0
1
1
2
1
1
2
1
1
2
2
1
1
1
1
2
2
1
1
1
0
-1
-1
-1
0
1
3
2
0
0
-1
-1
-1
-1
0
1
0
-1
-2
-1
-2
0
1
1
0
0
-2
-2
-2
-1
0
1
1
1
0
0
-2
-1
0
0
-1
0
-1
0
0
0
0
0
0
0
-1
1
0
1
0
0
0
0
1
1
0
-1
0
1
-1
0
0
0
0
0
0
0
0
0
0
0
0
0
1
-1
0
0
-1
0
0
0
1
-1
0
-2
-1
-1
0
1
2
2
2
2
0
0
0
2
2
2
2
1
0
-1
-1
0
1
1
1
1
1
0
1
0
1
0
-1
-1
-1
0
0
0
0
0
0
0
-1
0
0
1
-1
0
1
0
-1
-1
-1
-1
-1
-1
-2
-1
-1
-1
0
0
1
0
0
-1
-1
-1
-1
0
0
1
1
1
0
0
0
0
0
1
0
1
0
0
0
1
0
0
-1
1
0
-1
0
0
-1
0
0
0
0
-1
0
0
0
0
1
0
0
0
1
0
0
1
-1
0
0
0
0
0
0
-1
0
1
0
0
0
1
-1
0
0
0
-1
0
0
0
-1
0
1
0
-1
0
0
-1
-1
0
0
0
0
-1
-1
-1
0
0
0
0
0
0
0
0
0
1
0
-1
0
1
0
1
0
0
0
-1
0
0
0
0
0
0
-1
1
0
0
0
0
1
0
0
0
-1
0
1
0
0
0
0
0
0
0
0
0
0
-1
1
-1
0
1
0
0
0
0
0
0
0
0
0
0
0
0
0
0
0
1
0
0
0
0
-1
1
0
0
0
0
0
0
0
0
0
0
0
0
-1
0
0
0
-1
0
0
1
1
0
0
0
0
-1
0
1
0
-1
0
0
0
0
-1
0
0
0
0
0
-1
-1
0
0
0
0
1
0
0
0
0
-1
0
0
0
0
0
0
0
0
1
0
-1
0
0
-1
0
0
0
0
0
0
0
0
0
0
0
1
0
0
0
0
-1
-1
0
-1
0
0
0
-1
0
0
0
0
1
1
-1
0
0
-1
-1
0
0
-1
0
0
-1
0
0
-1
1
-1
0
0
-1
0
0
0
0
0
0
0
1
0
0
-1
1
1
0
0
0
0
0
0
0
0
0
1
0
0
0
0
0
0
-1
0
0
-1
0
0
1
0
0
1
0
0
0
1
0
0
0
0
0
0
1
-1
0
0
0
1
0
-1
0
0
0
0
0
-1
0
0
0
0
1
0
0
1
0
0
0
1
0
0
0
0
0
1
0
0
0
0
0
0
0
1
0
0
0
0
-1
0
0
-1
-1
0
-1
0
0
0
1
1
0
0
0
-1
1
0
0
0
0
1
0
1
0
0
1
1
0
0
0
0
0
-1
0
0
0
-1
0
0
1
0
0
0
0
1
0
1
0
0
0
0
-1
0
0
0
0
0
-1
0
0
0
1
1
0
0
-1
0
0
1
0
0
-1
1
0
0
0
0
-1
0
0
0
0
0
0
0
0
0
0
0
1
0
0
0
-1
0
1
0
0
1
-1
0
-1
-1
0
0
0
0
0
0
0
0
-1
0
-1
1
0
1
1
0
0
0
0
0
0
0
0
0
0
0
0
0
0
1
0
-1
0
0
0
0
0
0
-1
0
0
-1
0
0
0
0
0
0
0
1
1
0
0
0
0
0
0
0
-1
0
0
0
0
0
0
-1
-1
0
0
0
0
0
1
0
1
-1
0
0
-1
0
0
0
1
0
0
0
0
0
0
0
1
0
1
0
0
0
-1
-1
0
0
0
0
1
0
-1
0
0
0
0
1
0
-1
0
0
0
0
0
1
0
0
0
0
0
0
0
0
0
0
1
0
0
0
0
0
0
0
0
0
0
0
0
0
-1
-1
0
0
0
0
0
0
-1
0
0
-1
0
0
0
0
0
0
0
0
0
0
0
0
0
0
0
0
0
-1
0
0
1
0
0
-1
1
0
0
0
0
0
0
0
0
0
0
-1
1
0
0
-1
0
0
0
1
0
-1
0
0
0
0
0
0
0
1
-1
0
-1
0
-1
-1
0
0
0
1
0
0
0
0
0
1
0
-1
-1
0
0
0
0
0
0
0
-1
0
-1
0
1
0
0
0
0
1
0
0
0
0
0
-1
-1
0
0
0
0
-1
0
1
0
1
0
0
0
0
-1
0
0
0
-1
0
0
0
0
0
0
0
0
-1
0
0
0
1
0
1
0
-1
0
1
0
0
-1
0
0
0
0
0
0
1
0
1
0
0
0
0
0
1
0
1
0
0
0
1
0
0
0
0
0
-1
0
0
0
0
0
0
0
0
0
-1
0
0
0
0
0
0
0
0
0
0
1
0
1
0
0
1
0
0
1
0
0
1
0
0
1
0
0
0
0
0
0
0
0
0
0
0
1
0
0
-1
0
0
-1
0
-1
0
0
1
1
0
0
0
-1
0
0
0
0
0
0
1
0
0
-1
0
0
0
0
-1
0
1
0
0
0
0
0
-1
0
0
0
0
0
0
0
1
0
0
0
0
0
-1
0
0
0
0
0
1
0
0
0
0
0
0
0
1
0
-1
0
-1
1
0
0
0
0
-1
0
-1
0
0
0
0
-1
1
0
0
0
1
0
-1
0
1
1
0
-1
0
0
0
0
0
0
0
0
-1
0
0
0
0
1
-1
0
0
-1
0
0
0
0
0
1
1
0
0
0
-1
-1
0
0
0
1
0
0
0
0
0
0
1
0
0
-1
0
0
1
0
0
0
0
0
1
0
0
-1
0
0
0
0
0
0
0
0
1
0
0
0
0
0
0
0
0
1
0
0
0
0
0
0
-1
0
0
0
0
1
0
0
1
0
0
0
1
-1
0
-1
0
0
0
1
0
0
0
0
0
0
1
0
0
0
0
0
0
0
0
0
-1
0
0
0
1
0
0
0
1
0
0
0
0
0
0
0
0
0
0
1
0
1
0
-1
0
0
-1
0
0
0
-1
0
0
0
-1
0
-1
1
-1
1
0
0
0
0
0
1
0
1
0
0
0
0
0
0
0
0
0
0
0
1
0
0
-1
0
0
0
0
0
0
0
0
0
0
-1
0
0
1
0
0
-1
0
0
0
0
0
0
0
0
-1
0
1
0
0
0
0
1
0
0
0
0
0
-1
0
0
-1
0
0
0
0
0
0
0
0
0
0
0
1
1
1
1
0
0
-1
1
0
0
0
0
0
0
0
0
0
0
0
0
1
0
0
1
0
1
0
0
1
0
0
0
0
1
0
0
-1
0
0
1
1
0
0
-1
0
-1
-1
0
0
0
1
1
0
-1
0
1
0
0
0
0
1
0
1
-1
0
1
0
0
0
-1
0
0
0
1
0
-1
0
-1
-1
0
0
1
0
0
0
1
1
0
0
1
1
-1
0
-1
0
0
0
1
0
0
0
0
-1
0
0
-1
0
0
-1
-1
1
0
0
0
0
-1
0
1
0
0
0
-1
1
0
1
0
1
-1
0
0
0
-1
0
0
0
0
0
0
0
0
0
0
0
0
0
0
0
0
0
1
0
0
0
0
1
0
0
0
0
0
0
0
0
0
0
0
0
0
0
0
0
0
0
0
0
1
0
0
0
0
-1
0
0
1
0
0
0
0
0
-1
0
0
0
0
0
0
-1
0
0
-1
0
0
0
-1
0
0
0
0
-1
0
0
0
0
0
0
0
0
0
0
0
0
0
0
0
-1
0
0
0
-1
0
-1
0
-1
0
0
0
0
1
0
0
0
0
-1
1
0
0
0
0
0
1
0
0
0
0
0
0
1
0
0
0
0
-1
0
-1
0
0
0
0
0
0
0
0
0
0
0
0
0
0
0
0
0
1
0
1
1
0
1
0
0
0
0
0
1
0
1
0
0
0
1
0
0
-1
0
0
1
0
-1
0
0
0
0
-1
-1
1
0
0
1
0
0
1
0
0
0
-1
1
0
0
0
0
0
0
-1
0
0
0
0
0
0
0
0
0
0
0
0
0
0
0
0
0
0
0
0
-1
0
-1
0
-1
0
0
0
0
0
-1
0
-1
1
0
0
0
0
0
-1
0
-1
0
-1
0
0
0
0
-1
0
-1
0
1
0
0
0
0
0
0
1
0
0
0
0
0
0
-1
0
0
0
0
0
0
0
0
1
0
1
1
0
0
0
0
0
0
0
0
0
0
1
0
1
0
0
0
0
0
0
0
1
0
0
0
1
0
1
1
0
0
0
0
-1
0
0
1
0
0
0
0
0
0
0
0
0
0
0
0
0
-1
0
0
0
0
0
0
0
0
0
-1
0
1
0
0
0
0
0
0
0
-1
1
0
0
0
1
0
1
0
0
0
0
0
0
0
-1
0
1
0
0
0
1
0
0
0
0
-1
1
1
0
0
1
0
0
0
0
0
0
0
0
-1
0
0
0
0
1
1
1
0
0
-1
-1
-2
-2
1
1
1
2
1
0
-1
0
-1
1
0
1
0
0
0
0
1
-1
0
0
0
0
0
0
-1
-1
0
0
0
1
1
1
-1
0
-1
-1
-1
0
0
0
1
1
0
0
-1
-1
-2
0
1
3
2
2
1
1
-1
-2
0
0
0
3
6
4
1
-1
-2
-4
-2
1
0
1
3
3
2
0
0
-1
-1
0
0
1
3
2
1
0
-1
-2
-1
0
1
2
3
3
2
1
-1
0
-2
0
0
1
2
1
0
-2
-2
-3
-3
-2
0
1
2
3
2
2
0
-1
-1
-1
-1
0
2
2
1
1
1
-1
-2
1
0
1
2
3
2
0
0
0
-1
-1
1
0
1
2
1
0
0
-2
-2
-1
0
1
2
2
2
2
1
1
-2
-1
-2
0
1
1
2
1
0
-1
-2
0
0
1
1
1
2
0
-1
-1
-1
0
1
1
0
1
1
-1
-1
-2
-2
-2
0
1
1
2
2
2
0
0
-2
-1
0
1
2
3
2
1
0
-1
-2
-2
0
1
1
2
3
0
-1
-1
-2
-3
-1
2
2
0
3
3
1
0
0
-1
-1
0
1
1
1
2
1
0
0
-3
-3
-1
1
2
2
2
1
-2
-2
-3
-1
0
1
2
2
2
0
0
-2
-2
-2
-1
1
2
2
2
3
1
-1
-2
-2
-3
-1
0
3
2
3
1
-1
-1
0
0
2
3
2
4
3
-1
-3
-3
-2
-1
1
2
3
3
1
0
-1
-2
-2
-2
2
0
1
3
3
0
-2
-1
-2
-3
0
1
2
2
2
1
-2
-3
-3
-2
-1
1
3
3
2
1
-1
-2
-2
-1
1
2
3
3
2
1
0
-2
-2
-2
-1
0
1
2
2
2
0
-1
-2
-3
-3
-1
1
3
2
2
0
-1
-3
-2
-1
0
1
2
2
1
0
-1
-1
-1
0
0
1
1
1
0
-1
-1
-1
-1
-1
1
0
1
2
1
0
-1
-2
-2
-1
1
0
4
2
4
0
1
-1
0
-1
0
1
1
1
0
0
-1
-2
-2
-1
0
0
1
1
0
0
0
-1
-2
-2
-1
-1
1
1
1
-1
0
-1
-2
-1
-1
0
1
2
1
0
0
-1
0
0
1
2
2
2
2
1
0
0
0
0
0
0
0
0
0
0
0
1
0
0
0
0
0
2
2
0
0
-1
-1
-1
-2
0
1
1
1
1
0
1
0
0
1
0
0
0
1
0
0
1
0
1
1
0
0
0
0
0
0
0
0
0
0
1
0
1
1
-1
0
0
0
0
0
0
0
0
0
0
0
1
0
0
1
0
0
0
1
0
0
0
-1
0
0
0
0
0
0
0
0
0
0
1
0
0
0
-1
-1
0
0
0
0
0
0
0
0
0
0
-1
0
1
0
0
0
0
0
0
0
-1
0
1
0
0
0
0
-1
0
-1
-1
0
0
0
0
1
0
0
0
0
0
0
0
0
1
1
0
1
-1
0
0
0
0
0
0
0
0
0
0
0
0
0
0
0
0
0
0
0
0
0
0
0
0
0
0
0
0
-1
1
0
1
0
0
1
0
0
0
0
0
1
-1
0
0
0
0
0
1
0
0
-1
0
0
0
0
1
0
0
1
-1
-1
0
0
0
0
0
0
0
0
0
0
0
-1
0
0
0
1
0
0
0
0
1
0
-1
-1
0
0
0
-1
0
0
0
0
0
-1
0
0
0
0
-1
0
0
0
0
0
0
0
0
0
0
0
0
0
0
-1
0
0
0
0
0
0
0
0
0
1
0
-1
0
0
0
0
0
0
0
0
0
0
0
0
0
0
0
0
0
0
0
-1
0
0
0
0
0
0
0
0
0
0
0
0
0
1
0
0
0
0
0
0
0
1
0
0
0
1
1
0
0
0
-1
1
1
0
0
0
0
0
0
0
1
0
0
0
1
0
0
0
0
0
-1
0
0
0
0
0
0
0
0
0
0
-1
-1
-1
0
0
0
0
-1
0
0
0
0
0
0
0
0
0
1
0
1
0
0
0
0
0
0
1
-1
0
1
-1
0
0
0
0
0
0
0
-1
0
0
0
-1
0
-1
0
0
0
0
0
-1
0
0
0
0
0
0
-1
0
0
0
0
0
0
0
0
-1
-1
0
0
0
0
0
1
0
0
0
0
0
-1
0
0
0
0
0
0
0
0
0
1
0
1
0
0
1
-1
1
0
0
0
-1
-1
0
0
0
-1
0
-1
0
0
0
-1
0
0
0
0
1
0
0
0
0
0
0
1
0
1
0
0
0
0
0
0
1
0
0
0
1
1
0
0
0
0
0
0
0
0
-1
1
0
0
0
0
0
0
0
1
0
0
-1
0
0
0
-1
-1
0
0
1
0
-1
0
0
0
0
0
0
-1
-1
0
0
-1
1
0
1
0
0
0
0
0
0
1
0
0
0
-1
0
0
0
0
0
1
-1
0
0
0
0
0
0
0
0
0
1
0
0
0
0
0
0
-1
0
0
-1
0
0
-1
0
0
0
0
0
0
0
0
1
0
0
-1
1
0
0
-1
-1
0
0
0
1
-1
0
0
0
-1
1
0
0
0
1
-1
0
0
0
0
0
0
0
0
0
0
0
-1
0
0
0
0
0
0
0
0
0
0
1
-1
0
0
-1
1
0
0
0
0
0
0
0
0
0
0
0
0
0
0
-1
0
0
0
0
0
0
0
-1
0
0
0
-1
0
0
-1
-1
0
0
0
0
0
1
1
-1
0
-1
0
0
0
0
0
0
0
0
1
0
0
0
0
-1
1
0
0
1
0
0
0
0
0
1
1
0
0
0
0
0
-1
0
-1
1
0
1
0
0
1
0
0
1
0
0
0
1
-1
-1
1
0
0
0
-1
0
0
1
0
0
0
0
0
0
-1
0
0
0
-1
0
0
1
1
-1
0
0
0
0
0
0
0
0
0
-1
1
0
0
1
0
0
0
0
1
-1
0
0
0
0
-1
1
0
0
-1
0
0
0