-8
-8
-6
-6
1
2
-6
-5
-5
-7
-5
-9
-14
-10
-15
-20
-21
-21
-17
-12
-7
-12
-12
-4
-4
-3
-1
-3
-1
1
-3
-8
-15
-11
-5
-9
0
4
1
12
15
8
16
16
12
13
7
2
4
5
4
5
10
12
13
17
12
11
17
12
9
7
1
1
3
4
8
7
7
15
9
0
0
2
2
0
2
7
5
2
-1
0
-5
-10
-9
-8
-12
-9
-6
-3
2
1
1
0
-5
-8
-13
-13
-9
-13
-9
-3
-4
-1
-1
-4
1
-6
-14
-9
-12
-20
-12
-7
-7
-1
2
4
7
1
-1
2
-3
-7
-3
-2
-3
1
3
5
4
2
6
4
2
6
11
11
18
26
19
19
22
10
2
5
-1
-1
3
6
10
14
15
15
15
11
5
1
-2
-10
-9
-6
-7
-3
4
4
3
2
0
-10
-15
-15
-21
-24
-16
-15
-15
-6
-3
-6
1
-5
-9
-10
-17
-20
-17
-22
-16
-8
-5
4
7
7
10
2
-2
0
-7
-5
0
1
7
11
13
14
12
11
12
9
11
8
5
6
6
6
9
9
10
14
12
12
12
6
8
8
6
8
8
5
8
6
3
4
-1
-2
-2
-6
-6
-6
-7
-3
-4
-7
-4
-8
-10
-4
-6
-7
-3
-6
-5
-4
-5
-5
-7
-7
-7
-8
-6
-10
-12
-9
-9
-8
-3
-6
-5
-2
-6
-4
-4
-7
-5
-7
-6
-4
-6
-2
-3
-3
3
3
4
6
5
6
6
8
6
6
8
8
9
16
14
15
17
11
10
12
7
7
7
6
8
9
8
9
8
8
9
9
11
8
2
2
1
-3
-5
-1
-1
-6
0
-1
-7
-5
-9
-12
-8
-11
-12
-7
-7
-9
-9
-7
-7
-11
-9
-6
-7
-7
-3
-4
-4
-4
-6
-7
-7
-10
-8
-6
-7
-3
0
0
4
5
6
6
5
4
5
3
5
6
7
10
11
11
10
9
8
6
4
1
1
3
7
7
8
11
14
13
6
4
4
4
0
-1
-1
4
4
3
3
3
2
1
-2
-3
-6
-9
-5
-6
-10
-4
-6
-5
-5
-12
-8
-6
-13
-10
-9
-10
-5
-8
-9
-5
-7
-9
-7
-10
-9
-10
-9
-5
-3
-1
3
3
3
3
2
0
0
-2
-3
-3
0
2
4
6
7
9
9
9
10
8
12
12
9
13
13
13
16
16
18
13
14
12
6
7
4
6
4
2
3
-1
4
0
3
2
0
2
-2
-1
-2
-4
-1
-4
-2
-5
-8
-9
-13
-10
-11
-15
-12
-16
-17
-10
-12
-11
-6
-7
-7
-8
-11
-11
-4
-5
-7
-6
-6
-4
-5
-7
-5
-4
-2
-3
-2
0
1
2
5
4
6
7
6
7
9
6
8
12
12
16
17
15
15
12
9
7
7
7
5
8
11
10
11
14
12
11
13
10
6
4
6
8
1
0
4
2
-1
-2
-5
-3
0
-4
-3
-2
-6
-7
-7
-10
-10
-11
-10
-12
-13
-10
-14
-11
-9
-10
-10
-8
-14
-13
-10
-18
-10
-11
-12
-3
-6
-2
0
-3
1
0
2
3
3
2
2
1
2
0
-1
0
0
3
4
5
7
10
11
12
13
11
12
12
9
11
10
8
9
8
8
9
11
10
9
8
5
3
1
2
2
3
4
5
5
4
3
3
2
1
0
-1
-1
-3
-5
-3
-5
-2
-4
-6
-8
-10
-12
-12
-13
-12
-11
-9
-8
-8
-5
-5
-5
-5
-5
-8
-11
-10
-9
-7
-6
-4
-1
1
2
2
1
1
0
1
-1
0
1
1
2
4
4
7
8
7
8
6
6
6
7
8
8
7
7
6
5
5
8
8
10
12
10
9
8
7
6
4
4
1
0
-3
-3
-3
-2
-3
-3
-3
-3
-4
-2
-2
-1
-2
-2
-4
-6
-9
-10
-11
-9
-8
-6
-5
-5
-4
-5
-5
-6
-6
-7
-7
-8
-9
-9
-7
-6
-4
-4
-2
-2
-2
-3
0
-1
-2
2
0
-1
2
1
0
5
0
1
5
3
6
6
7
14
17
14
15
18
15
8
8
8
4
8
10
8
10
10
14
13
4
8
14
6
3
7
7
8
4
1
5
3
-1
0
0
0
2
-1
-5
-5
-2
-5
-11
-12
-6
-3
-12
-25
-22
-9
-6
-15
-14
-7
2
-3
-14
-22
-12
-5
-16
-21
-5
-1
-3
3
-3
-11
4
7
-17
-17
7
9
-7
-9
3
7
4
2
0
1
10
7
3
13
12
11
24
14
8
29
20
3
5
9
8
3
-4
7
15
9
10
12
4
5
16
2
-20
-2
8
-13
-13
1
5
3
-3
-3
7
7
-3
-5
3
0
-8
-6
-4
-3
-2
-12
-17
-9
-5
-10
-14
-10
-10
-14
2
4
-16
-13
-5
-7
-8
-18
-5
-3
-24
-9
20
0
-5
18
10
17
8
-1
20
-3
-11
10
8
-2
-1
0
2
9
2
-6
-3
6
20
19
14
15
8
15
19
-3
-9
9
18
10
-2
4
16
11
2
5
5
10
16
7
1
1
-4
-14
-20
-19
-5
4
-11
-4
1
5
3
-16
-13
-11
3
-6
-53
-15
46
1
-52
-36
1
5
-29
-34
-1
7
0
-6
-19
-1
13
-12
-26
-3
7
-4
3
4
0
0
0
2
14
23
3
0
-5
6
38
23
-6
3
29
13
-12
16
31
17
8
-2
1
30
24
0
-1
4
16
27
1
-20
-8
13
32
19
-16
14
55
3
-43
-3
14
-28
-46
-11
25
2
-37
-18
19
10
-16
-28
-35
-24
-3
9
-9
-24
-4
4
-17
-34
-20
-7
-3
4
-6
3
18
5
-8
-10
2
-1
-23
-6
29
-9
-42
6
12
-30
-4
40
26
-6
3
42
44
-21
-40
11
15
6
-3
-2
38
41
-14
-23
44
30
-35
-4
64
56
-12
-15
34
11
-48
-24
17
-15
-20
32
25
-30
-16
41
16
-53
-34
32
26
-29
-24
8
11
-22
-38
0
18
-4
-22
-1
20
-6
-9
-2
-12
-16
2
15
1
-19
-14
1
-6
-29
-21
23
14
-20
5
20
1
1
5
-7
11
26
-5
5
12
-15
0
19
4
8
8
-8
23
38
-7
-34
1
40
15
-18
-7
8
22
16
-6
-7
-7
-5
-5
-6
0
12
22
19
0
-4
9
-1
-22
-26
-27
-8
17
-3
-32
-1
46
16
-62
-40
44
20
-39
-19
9
-3
-10
-30
-21
14
-22
-26
5
8
13
-9
-10
36
14
-47
1
30
-25
1
19
-15
-7
4
17
19
-15
-10
30
34
16
1
-7
19
36
-17
-35
4
-4
-28
9
35
10
-15
-3
38
56
14
-20
-15
2
30
28
-14
-19
1
2
16
-6
-42
-12
11
8
13
0
0
20
4
-14
-12
-22
-17
-5
-9
3
5
-25
-13
24
-9
-37
14
35
-11
-25
5
20
-10
-34
-10
-12
-41
10
54
-22
-67
17
70
9
-37
-12
8
10
19
7
-13
3
9
-5
5
4
-10
12
22
5
20
34
2
-10
-5
-10
2
11
-4
-17
-2
27
19
-21
-11
18
24
18
-4
1
9
-17
-9
26
-6
-43
-9
16
8
-1
9
12
-23
-21
-6
-10
-3
-28
-41
15
35
-4
-29
-16
21
2
-30
-3
15
14
4
-2
6
30
1
-36
-8
25
-6
-43
7
20
-18
4
31
16
-11
2
25
26
-23
-44
11
14
-13
3
8
6
23
17
20
29
-16
-16
13
-4
3
25
-4
-14
21
16
4
5
-27
-19
11
1
14
29
-11
-19
28
19
-22
-33
-31
-8
-3
-3
10
2
-33
-14
36
-6
-42
-13
3
6
13
-14
-24
9
8
-2
-50
-53
51
38
-48
-25
30
31
5
-27
-27
2
-11
-7
11
-2
-11
5
12
6
7
-14
-11
14
-4
-20
12
42
22
-12
-14
39
50
-6
-15
18
38
9
-19
2
28
0
-30
-4
19
9
0
29
43
15
-12
-35
-13
10
-17
-33
-15
11
38
32
-2
-7
-9
-28
-4
13
-27
-30
15
19
-10
-13
-19
-24
-4
3
-12
-7
-6
-22
-9
-4
-7
5
-7
-8
21
20
5
-1
-23
-16
4
-9
-16
0
9
3
6
23
18
-13
-20
5
10
-7
11
42
30
7
17
28
11
-11
-8
4
1
4
21
24
18
18
14
0
-3
3
-13
-27
-12
-3
-3
8
-6
-11
14
12
-18
-37
-25
10
21
-3
-21
-13
8
12
-10
-40
-32
3
4
-17
-3
9
-17
-19
-1
-16
-37
-22
12
27
13
-6
0
4
-10
-17
-20
-20
6
28
12
1
12
20
20
6
-18
-10
28
45
20
-15
-14
23
41
17
-4
3
10
8
21
31
20
-4
-14
22
44
2
-20
-3
-15
-13
20
10
-18
-1
26
27
8
-13
-10
9
-11
-44
-30
-1
15
17
0
1
24
-2
-40
-23
-3
-26
-49
-37
5
32
12
-4
-4
-29
-36
-3
1
-34
-43
-9
32
23
-15
-15
-1
-11
-5
3
-1
0
0
-1
9
2
-2
23
26
1
-3
18
22
0
-16
-6
14
15
-7
0
40
40
10
15
24
2
8
27
11
-14
-11
23
33
-4
-20
-3
9
3
-1
17
18
-12
-16
-3
1
-1
-15
-5
6
-23
-7
28
1
-28
-32
-17
12
-1
-31
-18
0
2
-4
-19
-16
-4
-12
-9
1
-20
-21
4
-5
-10
16
8
-14
-2
7
-4
-9
-7
1
12
10
15
23
13
8
7
-10
-7
-3
-19
-4
33
37
13
-4
12
24
-1
-13
0
4
8
9
23
39
23
-12
-24
-1
11
-19
-21
11
10
7
16
2
-5
1
-4
-1
8
6
-3
-10
-6
-1
-18
-31
-19
-17
-24
-10
7
-9
-21
-3
13
-2
-13
2
0
-22
-10
18
10
-24
-28
1
13
-10
-26
-7
21
23
3
1
10
2
-18
-21
-15
-13
-2
18
30
22
6
9
23
11
-16
-17
-7
-5
8
24
36
41
13
-2
17
4
-20
-11
-4
0
19
18
15
27
15
-18
-22
6
22
14
-6
-16
6
27
4
-30
-32
-12
2
-6
0
31
29
8
9
-1
-36
-42
-15
-7
-23
-15
9
7
1
21
24
-14
-39
-21
4
0
-13
-14
0
11
11
8
-6
-17
-16
-16
-20
-8
11
12
1
4
14
-6
-19
0
9
3
0
1
4
1
-4
0
2
-4
-6
11
29
29
18
13
4
-7
-5
0
0
-5
-16
-7
18
15
5
14
11
-1
4
10
0
-12
-5
8
12
12
8
-3
-9
2
19
11
-17
-14
2
4
1
-7
-12
-5
-2
-4
-4
-1
7
8
3
5
3
-1
2
6
3
-9
-19
-23
-19
-24
-29
-7
10
-11
-10
39
51
15
-2
-4
-13
-19
-14
5
6
-19
-10
20
3
-14
-3
-10
-17
1
20
29
25
12
1
4
12
6
-3
-11
-9
1
0
-5
-4
-16
-8
19
23
20
16
9
9
8
-2
-11
-19
-14
-4
-1
13
20
2
-6
10
17
-6
-28
-18
-3
-17
-17
18
36
20
6
-3
-6
-23
-43
-27
-16
-29
-3
34
25
7
16
19
5
-14
-29
-24
-4
2
-11
-26
-18
11
18
-1
-1
9
-2
4
32
25
-7
-14
1
11
7
0
4
7
-8
-12
12
16
-5
-15
-4
10
13
8
12
20
8
-6
3
11
7
1
-4
0
1
-1
11
20
13
1
-15
-15
-1
-7
-9
8
11
1
2
1
-10
-26
-33
-16
2
-4
-1
27
31
10
3
-12
-36
-27
-9
-7
-11
-10
5
15
-1
-6
8
-1
-11
7
13
-7
-15
-5
3
-3
-15
-13
3
7
8
9
0
-12
-5
2
2
1
8
11
3
2
8
5
-1
-1
-1
5
11
2
-5
2
4
-10
-9
13
24
9
1
16
13
-13
-11
5
-9
-8
12
7
-3
-1
1
2
0
1
10
-3
-8
6
1
-8
-2
-4
-10
1
7
-2
2
10
7
0
-8
-3
11
0
-8
5
2
-15
-7
-2
-4
-3
-7
-3
9
-1
-9
3
7
-2
-14
-18
2
15
-2
-3
13
6
0
7
0
-10
-13
-15
-12
-2
6
18
22
1
-6
15
17
0
-12
-14
-3
11
11
13
17
9
2
2
1
-8
-12
-12
-15
-3
10
14
13
7
-1
3
6
-1
-9
-11
-10
0
5
4
4
4
-3
-6
-4
1
3
8
7
4
0
-4
-8
-20
-23
-14
-6
-1
7
12
15
13
-5
-18
-8
0
-3
-1
2
3
10
13
6
-2
-8
-13
-3
9
7
3
10
7
1
5
0
-9
-4
-6
-5
5
10
8
8
5
8
14
12
8
5
-4
-8
-11
-17
-15
-7
-2
8
20
24
22
13
2
-10
-19
-18
-3
2
-4
3
14
14
12
3
-9
-14
-10
-3
5
2
-5
2
3
-6
-4
4
1
-10
-15
-10
-1
-4
-12
-10
-2
2
1
1
3
-2
-8
-5
1
2
-1
1
6
3
1
3
-1
-7
-5
0
6
5
2
0
3
2
-1
-5
-6
0
6
6
6
7
9
7
4
-1
-3
-2
2
2
4
4
5
6
6
5
1
-3
-1
3
2
0
4
3
-2
-3
3
4
1
0
0
-1
0
1
1
-5
-7
1
4
-1
-6
-5
2
4
-4
-8
-3
1
2
2
1
-6
-10
-7
-4
-3
-3
-1
0
0
0
2
3
-1
-5
-2
3
2
-1
1
3
-1
-5
-3
3
-1
-6
2
12
13
6
3
3
3
0
-6
-8
0
3
0
3
9
2
-5
0
8
2
-6
0
9
9
3
3
5
1
-2
3
2
-8
-6
8
6
-5
-8
0
2
1
-2
-8
-2
6
5
2
4
2
-8
-6
3
2
-3
-1
2
3
1
3
1
-9
-14
-6
3
-3
-6
4
8
0
-3
7
6
-6
-12
-6
3
0
-4
-1
2
2
1
2
3
0
1
3
4
2
1
4
2
-2
1
5
7
3
1
0
-2
0
0
0
2
4
0
-1
5
8
2
0
0
-3
-7
0
7
2
-3
1
5
2
1
2
0
-8
-9
-4
0
-1
-3
3
5
3
0
-1
-1
-1
-5
-3
0
-5
-8
-2
4
1
-1
2
5
3
1
0
-2
-6
-5
-3
0
-1
-2
2
8
4
-2
-1
1
-2
-4
0
0
-3
0
10
9
4
2
5
1
-3
-2
1
0
-3
-3
1
3
4
0
0
1
3
5
6
3
1
1
0
-3
-6
-1
3
1
-2
-1
0
1
-1
-2
2
8
7
5
3
2
-1
-4
-4
-4
-6
-8
-6
2
6
4
2
2
-2
-5
-3
0
-3
-1
5
6
3
1
1
-2
-7
-3
2
2
-4
-3
4
6
0
-1
-1
-3
-3
-2
-1
1
1
1
1
3
1
-3
-1
-1
1
2
2
-1
2
4
3
0
-2
-2
0
0
-1
-2
2
5
6
4
3
-1
-3
-2
-2
-5
-5
-1
4
3
-1
0
3
2
-1
-1
0
-1
-1
1
3
2
1
2
5
3
-2
-3
1
-2
-7
-4
2
3
1
3
5
5
1
0
0
-2
-5
-3
-1
-1
0
3
5
3
2
2
0
-3
-3
-2
-1
0
-1
0
2
1
-2
-1
-1
0
0
-1
-1
2
5
0
-3
-1
2
-1
-2
2
4
3
3
1
-1
-1
-2
0
1
2
0
-3
-3
-3
-3
0
2
1
1
5
8
4
-1
-4
-1
-1
-1
0
0
-1
0
1
1
1
0
1
2
0
-1
-2
-2
0
1
1
-1
-2
0
0
0
-1
-3
-4
-3
-3
-2
5
3
2
2
1
2
2
-2
-1
1
1
-1
0
2
-2
-4
-4
0
1
1
1
3
1
0
4
1
0
1
0
-1
-1
-2
1
2
2
2
3
4
3
0
-1
-1
-1
0
0
-1
-1
-1
-1
3
5
5
2
2
0
-4
-4
-1
-1
-1
-1
1
2
1
1
0
0
1
2
0
0
0
1
1
0
0
-1
-2
0
2
0
-2
1
2
-1
-2
2
2
-1
0
5
1
-5
-4
-2
1
3
-1
-2
3
2
0
-1
-2
-2
1
2
1
-1
0
1
0
-2
-1
1
3
3
3
1
-1
-2
-1
1
0
-1
1
4
5
4
1
0
1
-1
0
-1
0
-1
0
4
8
8
3
-1
-3
0
-1
-4
-6
-5
-2
2
6
7
6
2
-1
0
2
3
-3
-7
-5
1
3
2
1
1
0
-3
-4
-1
1
-1
-4
-5
-3
0
3
3
-1
-4
-1
1
0
-2
1
4
1
-4
-4
1
2
-4
-6
-2
4
4
2
1
1
0
2
3
2
0
-4
-2
0
0
-1
0
-1
1
5
7
2
-2
0
3
3
0
-2
1
1
-2
-2
2
3
1
0
-1
1
0
1
2
1
-2
0
4
3
0
-1
4
4
-3
-5
-2
1
0
-1
1
5
5
5
4
2
-2
-5
-3
-2
-3
-5
-8
-4
-2
0
0
-1
0
1
-1
-1
-1
0
0
0
1
0
-1
0
-1
1
1
0
-1
1
2
3
2
2
3
5
4
1
-1
0
-1
-3
-4
-1
3
3
-1
-2
3
5
5
2
2
2
2
-2
-3
0
3
2
0
0
3
4
-1
-3
-1
2
2
2
0
0
2
2
1
-1
-3
-4
-3
-1
0
4
2
3
3
3
2
1
-1
-3
-3
-1
-2
0
-1
-2
-3
-1
-2
0
0
1
1
0
0
1
2
2
0
-2
-1
-2
-2
0
4
4
0
-1
0
2
2
1
1
1
0
0
1
1
-1
-2
-1
1
5
5
2
0
0
-1
1
2
2
0
-2
-1
2
-1
-1
2
2
0
1
1
2
-1
0
1
1
-3
-5
-4
-1
1
1
1
-1
0
2
-1
-2
-1
-1
0
2
1
-2
0
-3
-3
-1
3
0
-3
-2
5
3
-2
-3
-1
2
0
-2
-1
-2
0
4
3
0
-3
-1
1
-3
-2
0
2
5
3
3
1
-2
-2
1
1
-1
-1
2
2
4
6
4
1
1
3
4
4
1
0
2
1
2
2
0
-4
-3
5
7
4
1
1
2
3
0
-2
-2
1
2
1
-1
-4
-3
-2
-2
1
3
-3
-3
1
1
-2
-1
2
0
-2
0
-2
-5
-2
0
-2
-3
-2
2
5
0
-3
-1
1
1
-1
-4
-4
0
2
2
6
6
0
-3
1
1
-5
-2
3
4
4
3
0
0
1
0
2
2
-2
-2
4
5
2
1
2
-1
-3
0
0
0
2
0
1
3
-2
-2
3
3
0
3
5
1
-1
0
-1
-3
-2
-1
0
1
2
0
-1
0
0
-1
-1
-1
-4
-5
-1
1
-2
1
2
0
0
-2
-4
-3
-3
-2
1
-1
-1
0
0
3
3
1
2
1
-1
-3
0
0
-1
0
3
3
1
0
1
0
0
1
1
0
0
3
4
2
0
2
2
1
-1
0
-1
-2
-1
1
2
1
0
0
1
1
3
2
1
0
0
-1
-1
1
0
2
1
0
0
-1
-1
-1
1
1
1
1
0
0
0
-1
-1
-3
-1
0
0
-3
-4
-2
-1
1
2
3
4
0
0
0
-3
-1
2
0
2
6
4
1
0
0
0
-2
-5
-5
-1
1
1
1
1
0
-1
-1
-1
-1
1
1
1
2
1
0
1
2
1
2
2
1
-1
2
3
1
2
5
5
2
-1
1
0
-2
-3
-1
-1
-1
-2
-1
1
2
2
1
0
-1
-4
-2
-1
0
-2
0
4
3
2
1
3
1
-1
1
0
0
0
0
1
1
-1
0
1
-3
-4
0
0
-2
0
0
2
0
0
0
1
1
0
0
1
-1
1
1
0
-1
0
1
4
5
0
-2
1
3
0
0
2
2
0
1
3
2
-1
0
0
-1
-3
-1
1
1
2
2
0
-1
-1
0
0
0
0
1
2
3
1
0
0
0
-1
1
2
0
-1
-2
-1
0
1
1
0
1
1
0
0
-1
0
0
0
0
0
0
0
0
-1
-1
0
1
1
0
0
0
0
3
2
2
1
0
1
4
3
1
0
2
-1
-3
0
0
-2
1
2
1
0
0
1
1
1
1
2
1
0
0
1
0
0
1
-1
0
0
1
1
2
2
1
1
1
0
-1
0
1
0
1
1
1
-1
0
0
0
0
0
1
0
-2
-1
-1
-1
0
1
1
1
0
-1
-1
-1
0
0
0
0
0
0
0
0
0
2
0
-2
-1
0
0
1
1
1
2
2
2
1
0
-1
0
1
1
2
1
1
1
2
4
2
1
1
-1
0
1
0
1
1
1
1
0
0
0
0
0
-1
1
-1
0
1
0
0
0
1
0
0
0
0
0
0
2
3
2
1
0
2
0
-2
-3
-2
-1
1
0
0
0
-1
-1
1
1
1
0
0
-1
-3
-4
0
2
1
-1
1
2
3
1
0
0
0
1
-1
0
1
1
2
3
2
1
0
0
2
2
2
1
0
-1
-1
-1
0
1
1
3
4
3
1
3
1
-1
0
1
0
0
1
1
0
1
0
-1
1
2
1
2
1
-1
-2
-1
0
0
-1
-1
-1
0
0
0
0
-2
-3
-2
0
-1
-1
2
1
0
-1
0
-3
-4
-1
3
2
-4
-3
0
-2
-3
-1
1
0
-1
3
0
1
1
-1
2
-2
0
0
-2
1
2
3
2
0
1
2
3
1
0
0
3
1
-1
0
1
0
0
1
2
3
3
3
1
0
1
1
1
0
-2
-1
0
0
3
3
2
-1
-1
1
0
-2
-2
0
1
0
-1
-2
-2
-2
0
-1
0
-1
-2
-1
-1
-1
0
1
1
1
1
-2
-2
-2
-1
1
3
1
0
1
-2
-3
-2
2
2
1
0
0
1
3
2
2
2
2
2
1
1
2
1
1
1
1
0
1
1
1
1
2
0
0
0
0
1
2
2
2
2
1
3
1
1
2
2
3
1
2
0
0
2
2
1
1
1
2
1
-1
-2
-3
-2
-2
0
0
1
0
-1
0
0
1
-2
-2
-3
-1
-1
-2
-3
0
1
0
-2
-2
-2
-1
0
0
0
0
-1
1
1
2
1
1
0
1
1
2
0
-1
1
3
2
2
1
-1
-1
0
0
0
1
2
3
4
4
3
3
2
0
0
1
0
-1
0
-1
0
-1
-1
0
1
0
-1
-1
2
2
0
-3
-2
-2
1
1
2
1
-1
-2
-3
-3
-3
-3
-1
0
1
2
1
1
1
-1
0
-2
-3
-2
-2
0
0
0
2
0
0
2
-1
0
2
0
0
2
0
1
3
2
1
2
1
1
1
1
0
-1
0
0
0
0
0
0
-1
-1
0
0
0
1
2
3
2
3
1
1
0
-1
0
-1
0
1
1
1
1
1
1
1
0
1
0
0
-1
0
1
0
-1
0
0
0
1
2
0
-2
-2
-1
0
1
2
1
0
0
0
0
0
0
1
0
0
0
-1
0
0
0
0
0
0
2
0
0
2
1
0
1
2
0
0
2
2
0
1
1
0
0
2
2
2
2
2
0
0
0
-2
0
0
1
1
1
1
0
0
0
0
1
1
0
0
-1
-1
0
-1
1
1
2
1
0
-2
0
-2
-2
-1
-1
-1
0
0
0
1
1
0
2
1
1
-1
-1
-1
-1
0
0
0
1
2
2
2
1
1
0
1
-2
0
-1
1
0
0
1
1
0
1
0
0
0
0
0
1
0
-1
-1
0
0
0
0
0
0
0
-1
0
-1
0
1
0
0
0
0
1
0
0
0
0
0
-1
-1
0
0
0
0
-1
0
1
0
1
0
0
0
0
-1
0
0
0
-1
0
0
0
0
0
0
0
0
-1
0
0
0
1
0
1
0
-1
0
1
0
0
-1
0
0
0
0
0
1
2
1
2
1
1
1
1
1
2
0
1
0
0
0
1
0
0
0
0
0
-1
0
0
0
0
0
0
0
0
0
-1
0
0
0
0
0
0
0
0
0
0
1
0
1
0
0
1
0
0
1
0
0
1
0
0
1
0
0
0
0
0
0
0
0
0
0
0
1
0
0
-1
0
0
-1
0
-1
0
0
1
1
0
0
0
-1
0
0
0
0
0
0
1
0
0
-1
0
0
0
0
-1
0
1
0
0
0
0
0
-1
0
0
0
0
0
0
0
1
0
0
0
0
0
-1
0
0
0
0
0
1
0
0
0
0
0
0
0
1
0
-1
0
-1
1
0
0
-1
-1
-2
0
0
2
2
2
2
0
1
0
0
0
1
0
-1
0
1
1
0
-1
0
0
0
0
0
0
0
0
-1
0
0
0
0
1
-1
0
0
-1
0
0
0
0
0
1
1
0
0
0
-1
-1
0
0
0
1
0
0
0
0
0
0
1
0
0
-1
0
0
1
0
0
0
0
0
1
0
0
-1
0
0
0
0
0
0
0
0
1
0
-1
-1
-1
0
1
2
2
3
2
1
0
0
0
0
-1
0
0
0
0
1
0
0
1
0
0
0
1
-1
0
-1
0
0
0
1
0
0
0
0
0
0
1
0
0
0
0
0
0
0
0
0
-1
0
0
0
1
0
0
0
1
0
0
0
0
0
0
0
0
0
0
1
0
1
0
-1
0
0
0
1
1
0
-1
0
0
0
0
2
1
2
-1
1
1
1
2
4
4
7
6
7
5
3
1
1
1
-1
-1
-1
2
4
4
4
4
4
3
1
-2
-3
-1
-1
-2
-3
-2
-1
-1
-2
-3
-6
-6
-6
-8
-13
-12
-9
-6
-5
-5
-3
-3
-7
-9
-6
-5
-10
-9
-3
-1
-5
-5
0
-1
-6
-5
-4
-7
-8
-2
5
3
4
10
14
10
7
13
19
21
28
43
48
41
42
54
57
45
36
32
27
21
16
13
19
31
33
28
33
33
12
-2
10
17
7
12
35
26
-2
0
14
1
-20
-19
-23
-47
-58
-49
-48
-61
-61
-60
-64
-62
-64
-83
-112
-121
-116
-122
-135
-147
-165
-188
-200
-195
-187
-188
-190
-184
-164
-137
-127
-129
-122
-91
-62
-46
-35
-30
-25
-4
21
31
33
42
48
44
39
41
41
45
74
108
132
158
195
225
246
270
282
268
245
233
213
193
189
195
192
185
196
213
215
205
200
196
195
216
233
210
177
184
202
191
177
188
192
177
173
189
185
151
124
125
126
120
114
114
102
83
76
92
105
84
42
16
10
-21
-86
-146
-190
-248
-317
-368
-410
-474
-532
-545
-553
-611
-691
-740
-772
-832
-910
-966
-1008
-1046
-1072
-1084
-1096
-1095
-1057
-987
-898
-785
-660
-537
-395
-226
-69
70
220
368
483
583
691
780
828
859
899
942
967
964
955
954
945
911
876
854
801
720
677
685
662
585
532
519
484
414
351
280
176
93
61
19
-73
-140
-144
-145
-183
-216
-222
-245
-301
-339
-332
-315
-319
-326
-308
-275
-247
-209
-155
-103
-51
21
112
188
245
303
368
423
483
558
617
634
627
610
577
530
489
433
330
209
133
64
-66
-217
-321
-415
-548
-673
-760
-875
-1043
-1189
-1284
-1374
-1494
-1614
-1705
-1775
-1840
-1857
-1784
-1648
-1519
-1386
-1180
-919
-686
-470
-211
66
299
525
794
1015
1113
1179
1291
1392
1420
1405
1411
1407
1340
1262
1197
1106
994
881
782
708
629
534
451
404
361
301
258
242
203
129
68
50
11
-102
-213
-265
-333
-446
-543
-593
-625
-671
-692
-648
-621
-651
-636
-553
-514
-503
-424
-308
-243
-176
-54
79
172
258
379
504
590
673
749
771
782
822
837
816
811
811
767
700
644
564
442
317
226
130
5
-87
-132
-200
-255
-258
-267
-310
-333
-325
-323
-346
-346
-309
-271
-245
-213
-192
-193
-192
-181
-197
-281
-389
-478
-587
-752
-932
-1078
-1208
-1321
-1401
-1457
-1472
-1410
-1297
-1196
-1093
-940
-756
-584
-420
-250
-82
98
305
501
624
709
819
931
983
997
1025
1032
983
932
901
824
697
609
581
534
451
402
389
344
273
252
251
199
144
166
182
112
54
77
81
21
-6
27
33
15
38
69
43
-13
-57
-110
-172
-222
-271
-314
-311
-284
-267
-225
-133
-58
-6
107
262
347
396
507
613
623
627
713
766
723
701
731
718
666
651
670
639
560
523
518
431
275
174
122
9
-150
-249
-290
-388
-517
-538
-505
-600
-671
-557
-533
-725
-784
-682
-772
-992
-1062
-1101
-1328
-1576
-1651
-1724
-1934
-2043
-1895
-1741
-1691
-1515
-1197
-944
-703
-355
-11
235
469
761
1033
1158
1196
1313
1452
1455
1404
1433
1482
1423
1301
1241
1175
971
765
661
504
273
129
62
-40
-171
-277
-350
-406
-457
-502
-537
-533
-522
-529
-519
-480
-468
-467
-404
-289
-216
-214
-150
2
80
74
104
180
239
221
185
224
264
240
240
295
340
367
419
493
533
559
603
650
686
715
702
670
675
681
629
547
534
517
426
335
313
318
185
101
133
91
-60
-182
-139
-115
-262
-483
-303
-10
-325
-628
-222
71
-431
-626
-47
139
-408
-480
243
264
-440
-324
405
189
-541
-363
74
-304
-968
-953
-704
-1037
-1555
-1596
-1429
-1650
-1884
-1743
-1545
-1495
-1422
-1132
-825
-656
-513
-233
104
275
425
724
970
1021
1058
1180
1285
1273
1149
1095
1148
1087
883
751
715
611
405
258
251
199
8
-101
-74
-130
-279
-321
-274
-326
-405
-327
-227
-271
-261
-62
74
32
88
324
431
322
309
473
516
365
294
390
385
210
104
127
49
-116
-158
-137
-178
-217
-103
-7
-106
-44
237
315
218
380
609
474
411
641
629
358
334
556
588
337
299
521
465
101
433
539
-55
-7
405
363
-304
-188
229
303
-446
-305
493
161
-418
-101
574
-80
-440
74
267
-175
-363
237
41
-336
-197
66
-363
-756
-598
-550
-1066
-1537
-1540
-1426
-1924
-2280
-2050
-1831
-2105
-2230
-1706
-1450
-1606
-1428
-876
-541
-490
-169
326
587
685
953
1226
1249
1275
1514
1631
1419
1309
1450
1448
1206
1010
936
881
763
519
300
259
174
-77
-204
-185
-299
-419
-382
-390
-437
-324
-209
-232
-176
-39
-31
-29
107
204
187
213
338
448
406
238
155
218
227
55
-49
64
118
10
-152
-156
100
210
-52
-24
381
487
404
193
118
519
691
95
-145
695
776
-20
-71
432
572
53
-230
169
426
25
-223
164
163
-113
-105
29
262
-89
-395
362
463
-440
-203
715
428
-222
95
701
629
-16
-110
626
669
-218
-183
724
434
-613
-352
372
-226
-1063
-877
-620
-1071
-1666
-1753
-1590
-1922
-2414
-2217
-1917
-2146
-2194
-1834
-1592
-1456
-1238
-904
-534
-322
-168
152
561
823
851
953
1305
1505
1411
1437
1633
1646
1446
1346
1423
1334
1010
812
726
532
287
37
-54
-80
-346
-454
-306
-361
-473
-392
-330
-310
-283
-172
-24
-140
-218
-194
-39
79
-192
-168
202
253
-124
-27
351
83
-113
92
293
148
78
343
427
220
159
602
586
160
546
962
188
86
1122
580
-229
455
739
170
66
345
68
-57
163
-150
-205
188
112
-356
-192
326
-15
-112
65
-8
345
355
-255
-145
595
228
-234
-10
511
619
-134
-23
680
819
-381
-508
1145
835
-716
-567
1123
627
-1043
-684
350
257
-1130
-1142
-117
-526
-1790
-1877
-943
-1409
-2520
-2280
-1357
-1629
-2451
-1961
-1101
-1298
-1643
-892
-135
-379
-528
164
756
590
458
887
1323
1273
1130
1338
1580
1519
1384
1370
1323
1169
961
785
714
618
332
72
132
148
-178
-356
-184
-123
-307
-357
-140
-108
-350
-280
-156
-291
-192
-283
-561
-42
312
-552
-714
409
453
-762
-756
635
610
-737
-635
954
952
-862
-461
1276
719
-659
-146
1252
963
-379
-193
1378
1045
-771
-147
1588
695
-800
114
1226
682
-668
-509
1010
736
-777
-777
1073
1113
-963
-693
1172
962
-713
-383
1227
977
-270
-307
626
783
-70
-437
417
1016
337
-249
193
696
382
-215
-218
383
537
-162
-352
303
140
-713
-459
-17
-771
-1119
-226
-315
-1624
-1563
-644
-1004
-2042
-2073
-1288
-1068
-1918
-2444
-1088
-461
-1899
-2039
-455
104
-882
-992
273
719
146
55
800
1307
896
598
1194
1475
1023
834
1005
1123
936
612
596
724
554
203
30
127
241
54
-174
-129
-34
-173
-282
-168
-162
-368
-367
-16
-224
-428
-96
63
-141
-320
-152
142
90
-3
-103
-100
322
212
64
-4
504
122
522
521
163
396
831
537
-254
763
1166
415
-376
993
1295
-364
-348
1110
976
-516
-182
805
641
-367
-513
518
413
-191
-522
346
600
-237
-411
287
532
-331
-157
417
649
-279
-503
363
490
-810
-347
530
158
-676
-79
724
-316
-789
442
697
-778
-447
1105
218
-1088
-224
1036
-342
-1025
-197
616
-464
-1202
-534
103
-835
-1752
-393
-347
-1272
-1620
-1096
-676
-1305
-1594
-1218
-314
-1155
-1389
-564
-204
-429
-523
216
269
467
368
474
628
797
537
647
1025
868
723
730
575
485
425
512
258
123
316
131
-217
-304
-50
-225
-503
-313
-340
-268
-92
-38
-302
-345
76
207
165
-95
-65
449
235
-269
105
574
163
-119
280
730
797
-16
-45
822
723
187
338
840
391
425
570
373
757
581
186
111
1194
769
-705
138
1095
521
-800
-142
967
265
-939
-372
1116
-108
-1127
48
949
-220
-1050
303
758
-166
-737
319
998
-47
-777
119
1049
-135
-750
350
603
-177
14
477
-118
-83
207
49
-87
-427
16
602
-363
-889
140
183
-786
-776
-64
-63
-679
-681
-235
-357
-1129
-1568
-883
-474
-1391
-1713
-897
-757
-1278
-1350
-938
-629
-944
-1275
-563
289
-170
-773
-41
730
330
-177
249
976
778
167
649
1286
872
436
390
517
670
286
-3
384
187
-189
226
15
-531
-218
18
-483
-436
86
-66
-64
50
79
143
340
390
-161
148
715
456
251
397
562
610
692
253
167
1029
1016
-2
28
1548
1163
-756
93
1439
611
-605
56
1282
83
-623
482
547
-325
-314
360
134
-679
-462
609
15
-1217
-380
882
-22
-1099
205
916
-3
-466
46
900
616
-503
-130
1204
232
-878
293
713
-281
-483
533
559
-394
-213
99
-207
-163
-264
-256
360
-37
-745
-38
465
-71
-476
-432
160
604
-371
-1054
163
421
-1255
-1380
123
-23
-1476
-1423
-311
-523
-1551
-1328
-662
-1123
-1339
-898
-819
-904
-961
-819
-461
-315
-597
-194
519
115
51
576
499
384
497
536
609
626
482
467
547
524
371
223
247
300
319
227
-68
-105
162
107
-106
158
227
-157
116
548
266
-104
139
552
559
272
159
837
875
-6
158
930
942
236
49
618
831
422
-20
163
600
202
-172
478
453
-206
-64
267
270
-22
-90
61
4
44
56
5
-250
-340
313
328
-404
-124
790
287
-977
9
1261
-89
-878
157
949
96
-820
230
733
-32
-655
43
1279
287
-911
-10
1074
231
-842
-149
530
62
-350
-271
33
548
-57
-730
235
865
-136
-895
157
595
-147
-485
-474
207
141
-936
-1073
-188
-34
-1629
-1848
-194
-471
-1969
-1948
-575
-594
-1946
-1773
-655
-623
-1482
-1197
-187
-291
-683
-318
290
407
28
-40
693
834
410
602
902
707
355
639
703
275
152
177
486
608
123
-89
262
254
101
-52
-328
204
650
61
-169
479
552
43
29
583
808
240
325
700
511
297
136
360
372
457
631
65
86
569
521
139
-270
280
879
65
-597
276
1217
-5
-1280
159
1318
124
-1142
-260
1076
133
-971
-32
1015
18
-881
261
867
39
-317
318
539
216
98
-150
13
725
184
-879
53
865
-36
-744
-101
852
297
-625
-187
1016
368
-785
155
828
120
-769
93
1139
15
-957
30
1029
-149
-1015
-146
186
-789
-784
104
-322
-733
-857
-768
-523
-891
-1470
-1670
-1256
-1379
-1690
-1457
-1308
-1664
-1842
-1206
-751
-988
-1223
-460
-35
-411
127
555
-30
-155
721
1101
696
640
995
1020
593
551
1035
1051
200
-21
808
1151
320
-424
376
760
-298
-353
535
384
-495
-416
209
251
173
10
33
192
336
720
251
-357
173
888
300
-422
473
981
46
-633
454
1310
132
-583
168
920
464
-228
-50
380
312
-186
136
726
351
-82
119
317
308
-137
-168
704
792
326
-69
153
382
-295
-177
493
317
-269
250
548
-161
29
174
-308
-212
721
569
-599
-306
536
144
-660
-124
919
557
-673
-274
1259
582
-855
-252
740
96
-603
316
713
-127
-477
-223
255
29
-702
-628
-317
-577
-818
-539
-749
-1272
-1309
-1125
-1494
-2171
-2003
-1756
-1904
-2332
-1964
-1026
-1223
-1762
-1642
-610
-241
-591
-238
575
984
630
791
1231
1404
1071
700
1308
1741
1344
782
853
1144
867
162
171
660
165
-282
-48
195
-121
-634
-358
-19
-80
-248
-356
-277
-230
-66
60
93
175
351
585
151
72
685
526
184
369
793
774
193
85
701
634
-216
21
947
839
189
354
654
498
128
49
534
569
132
-41
739
496
-255
579
329
-69
531
765
243
-217
646
471
-276
94
212
283
301
437
105
-404
368
609
-33
-404
209
363
-597
-433
193
344
-613
-838
563
857
-124
-504
553
524
-162
211
816
748
-142
147
591
-192
-594
-179
-172
-1014
-1058
-184
-631
-2092
-2092
-1517
-2136
-2981
-3022
-2413
-2131
-2576
-2835
-2252
-1416
-1341
-1711
-1115
57
178
-114
590
1427
1293
1129
1728
2141
1792
1489
1767
2025
1568
953
1080
1293
699
141
359
442
-81
-290
-72
-239
-485
-241
-216
-613
-580
-74
-101
-635
-335
233
-131
-476
-175
82
535
630
-113
212
1117
1035
313
73
577
776
627
31
271
1327
707
-416
35
1271
1005
-407
-223
1049
1165
21
-275
833
1218
243
-465
787
1519
-62
-882
615
1798
-68
-1102
515
1247
96
-1195
-29
1348
314
-1070
-132
1246
26
-762
-130
146
251
-238
-805
-477
680
406
-805
179
824
110
-202
12
-100
-327
731
625
-198
216
931
400
-845
-353
577
225
-1680
-1717
186
-329
-2426
-3015
-1530
-1800
-3499
-3813
-2964
-2400
-3192
-3260
-2114
-1112
-1428
-1782
-855
32
492
621
1020
1669
1959
1796
1889
2344
2519
2373
1954
2145
2394
1979
1466
1011
735
388
119
63
-97
-529
-777
-726
-865
-810
-586
-711
-936
-783
-640
-625
-599
-700
-767
-398
289
75
-125
117
27
50
109
602
572
324
817
993
802
380
554
1095
1001
625
665
981
565
-101
416
1567
1057
-170
384
1399
573
-262
746
1164
225
-348
478
918
276
-239
-367
717
896
-16
-219
532
954
-448
-678
444
815
-200
-1174
-80
590
-406
-1112
-280
670
139
-676
-157
903
420
-298
227
458
650
1056
114
-694
758
1315
-594
-949
473
979
-524
-1743
-894
-894
-2196
-3198
-2710
-2410
-3448
-4276
-4880
-4529
-4168
-3647
-2614
-2120
-1952
-2246
-1835
-828
-70
523
1282
2411
2885
2441
2135
2761
3332
3019
2838
3605
4082
3009
1759
1684
1663
676
87
828
1240
212
-905
-1111
-1142
-1335
-1333
-1286
-1272
-1028
-966
-1447
-1708
-1284
-889
-895
-788
-403
-217
-443
-666
-427
99
360
353
587
1038
1104
730
678
1209
1620
1489
1233
1320
1620
1611
1060
788
1107
1183
740
573
857
651
282
158
-58
-191
274
183
-520
160
1005
428
-1216
-589
1172
-221
-1274
-61
1334
225
-1336
-20
841
447
-373
-758
398
1221
-64
-1320
277
1593
-21
-975
718
1513
105
-651
211
1182
629
-504
188
1607
658
-1216
-454
966
-139
-1291
-735
-908
-2016
-2770
-3090
-2735
-3121
-5007
-5935
-5538
-5172
-4047
-2469
-2241
-2732
-2711
-2834
-2509
-315
1955
2562
2603
2611
2723
3132
3149
3432
4450
4746
4244
3948
3791
3200
1835
726
1043
1677
1326
659
389
-293
-1811
-2636
-1839
-837
-838
-1403
-1941
-2407
-2687
-2555
-2099
-1599
-1241
-1111
-1051
-893
-900
-1284
-1519
-977
-24
531
749
975
759
76
199
1469
2368
2286
2234
2299
1779
1290
1734
2434
2420
2000
1714
1481
1152
805
686
672
398
176
355
496
170
-357
-494
-486
-568
-38
549
274
-551
-1249
-684
592
453
-257
-220
-284
-259
-198
239
1415
1096
-728
-784
1102
1630
756
105
298
1003
717
121
188
883
386
-810
113
639
-48
-78
-443
-1062
-862
-879
-1683
-1961
-2005
-2849
-4139
-5195
-5841
-6465
-7062
-6120
-3073
-1185
-2478
-4138
-3979
-3040
-1970
107
2991
4415
3263
1798
1948
2822
3625
4934
6361
6281
4779
3658
3391
3100
2445
1889
1889
1967
1633
1042
63
-1103
-1934
-2134
-1284
-315
-557
-1499
-2746
-3813
-3386
-2194
-1814
-1773
-1343
-1235
-2038
-2531
-1786
-1251
-1654
-1360
179
1089
309
-553
-212
489
883
1404
2450
3158
2312
1173
1473
2392
2966
3085
2792
2616
2376
1856
1781
1891
1507
913
344
42
213
337
36
-503
-1018
-1186
-1050
-817
-514
-571
-888
-597
-122
-261
-507
-538
-480
-244
130
759
1260
571
-540
-18
1351
1279
794
1434
1467
422
407
1278
1307
510
52
219
103
-283
8
236
-617
-1363
-895
-381
-1121
-2381
-2860
-2717
-2962
-4024
-5504
-7060
-8707
-9057
-5888
-955
305
-3213
-6254
-5420
-2973
-947
1817
5105
5540
2220
-195
1803
4984
5725
6040
7512
7144
4384
3123
4004
3922
2798
2746
3098
2291
1228
909
122
-1736
-2535
-1029
279
-615
-1891
-2421
-3823
-5225
-3668
-862
-955
-2823
-2901
-2153
-2894
-3471
-1978
-558
-1386
-2510
-1553
-125
-574
-1492
-543
1240
1852
1725
1884
1971
1782
1999
2903
3993
4531
3977
2786
2237
2757
3467
3548
3034
2212
1164
151
-256
234
992
876
-248
-1323
-1625
-1475
-1507
-1574
-1129
-713
-1004
-1419
-1344
-939
-705
-778
-413
414
639
297
85
177
738
1205
1172
1663
2156
1114
249
1269
2214
1887
1564
1460
667
-405
-465
361
674
106
-586
-1020
-1397
-1950
-2541
-2930
-3493
-4726
-6191
-7404
-8929
-10181
-8176
-2709
530
-2399
-6971
-7190
-4457
-2641
-221
4621
7189
3561
-1081
-116
4184
6213
6596
8112
8491
5441
2699
3633
5208
4387
3355
3664
3051
1191
711
1268
175
-1613
-1160
408
-56
-1846
-2455
-2732
-4203
-4677
-2404
-569
-1918
-3829
-3623
-2965
-3221
-2811
-1565
-1570
-2683
-2637
-1389
-751
-813
-493
-92
-84
590
2262
2994
1914
1081
1894
3098
3825
4621
4979
3886
2516
2806
4143
4417
3365
2430
1929
1000
169
715
1484
425
-1369
-1695
-1271
-1507
-1607
-1112
-1195
-1891
-2034
-1700
-1562
-1314
-747
-559
-927
-881
-3
626
280
-66
406
971
1172
1646
2268
2114
1406
1178
1543
1853
1755
1388
1035
626
-62
-492
14
612
-38
-1282
-1730
-2020
-3176
-4080
-3862
-4124
-5992
-8343
-10087
-10178
-6766
-1392
-40
-4413
-8089
-6632
-3562
-1652
1774
6260
5872
403
-2046
1849
6042
6838
7492
8715
6808
2939
2650
5646
6544
4734
3874
3939
2466
791
1314
2003
357
-1227
-283
533
-1112
-2544
-2011
-2198
-3832
-3677
-1626
-1515
-3611
-4208
-2740
-2239
-3154
-3095
-2075
-2361
-3565
-3172
-1450
-884
-1455
-1268
-486
-342
-178
993
2191
2217
1759
2062
2978
3586
3885
4364
4599
4151
3859
4155
3997
3163
2733
2561
1781
1201
1621
1588
19
-1499
-1463
-891
-1122
-1578
-1411
-1359
-2144
-2725
-2145
-1327
-1227
-1337
-1237
-1332
-1480
-1034
-161
454
700
900
1142
1285
1409
1848
2444
2460
1844
1493
1676
1769
1591
1345
850
233
171
606
608
-167
-1143
-1967
-2779
-3346
-3268
-3281
-4698
-7302
-9641
-10704
-9234
-4430
200
-865
-6379
-9058
-6638
-3426
-771
3544
6930
4208
-1710
-2385
2809
6677
7103
8085
8978
5750
1424
2229
6082
6813
5018
4431
3884
1492
18
1384
2410
841
-638
-172
-223
-1923
-2574
-1546
-1716
-3214
-3125
-1924
-2620
-4245
-3753
-2323
-2835
-4011
-3444
-2663
-3514
-3955
-2250
-700
-1212
-1950
-1369
-795
-852
9
1952
2949
2432
2129
2822
3467
3690
4232
4957
4974
4467
4253
4145
3638
3218
3271
2941
1782
991
1223
1048
-368
-1341
-838
-678
-1885
-2522
-1678
-1365
-2397
-2842
-1975
-1445
-1894
-2057
-1411
-934
-1122
-1179
-527
251
553
626
864
1275
1820
2380
2585
2329
1982
1865
1998
2147
1911
1185
409
88
321
722
670
-29
-987
-1972
-2949
-3486
-3509
-4019
-5808
-8424
-10715
-10743
-6694
-883
336
-4724
-9193
-7811
-4223
-2208
1002
5781
5682
-455
-3699
642
5898
6928
7284
8750
7073
2500
1651
5551
7745
6021
4573
4345
2430
155
1220
3555
2752
422
297
660
-1181
-2701
-1700
-1153
-2764
-3408
-2124
-2359
-4469
-4589
-2511
-2208
-4000
-4459
-3437
-3632
-4489
-3466
-1511
-1333
-2217
-1732
-413
-107
22
1439
2731
2376
1959
2903
3759
3705
4261
5538
5602
4406
3792
3928
3716
3492
3783
3352
1644
609
1323
1726
311
-1078
-980
-858
-1680
-2243
-1926
-1633
-1967
-2490
-2752
-2539
-2053
-2059
-2139
-1439
-866
-849
-604
-167
310
576
455
834
1731
2284
2494
2263
1673
1482
1877
2416
2509
1930
1040
248
75
676
1139
721
-230
-1336
-2688
-3784
-3741
-3209
-3906
-6103
-8721
-10571
-9848
-5368
-385
-648
-5823
-8778
-6428
-3275
-1408
2300
6233
4136
-2084
-3163
2270
6590
7071
7681
8368
5454
1394
2200
6498
7837
5770
4547
3996
1685
57
1959
4004
2483
46
-136
-58
-1418
-1903
-979
-1604
-3651
-3636
-1964
-2361
-4420
-4554
-3059
-3138
-4445
-4188
-3023
-3598
-4798
-3687
-1503
-1488
-2702
-2230
-789
-375
87
1754
2681
1798
1448
2858
4055
4169
4641
5481
5281
4423
4218
4493
4587
4559
4331
3491
2181
1282
1322
1420
533
-512
-673
-1006
-2145
-2436
-1481
-1333
-2463
-3101
-2769
-2557
-2677
-2463
-1791
-1246
-1260
-1443
-1184
-609
-80
535
1205
1515
1495
1505
1635
1815
1971
2088
2292
2433
2154
1679
1307
792
386
665
916
302
-527
-1280
-2568
-3517
-2975
-2560
-4329
-7520
-10314
-11223
-8282
-2181
1063
-2821
-8840
-9587
-5956
-2915
182
5072
6588
877
-4757
-2212
4349
7047
7122
8327
7545
2666
-61
3760
8352
7774
4994
4053
2890
426
585
3721
4438
1689
137
511
-460
-1948
-1227
-290
-1760
-3302
-2609
-2115
-3845
-5139
-3854
-2597
-3675
-4850
-4184
-3768
-4777
-4687
-2611
-1339
-1907
-2038
-992
-390
-186
1075
2658
2752
2077
2493
3590
4008
4260
5089
5404
4542
3921
4370
4637
4068
3661
3512
2542
1241
1196
1860
1337
-117
-824
-964
-1721
-2418
-1825
-959
-1505
-2851
-3293
-2819
-2437
-2220
-1738
-1267
-1350
-1756
-1620
-728
80
298
464
871
1114
1252
1664
2038
2014
1874
1803
1745
1780
1746
1323
707
436
671
928
529
-329
-886
-1463
-2652
-3434
-3198
-3638
-5826
-8476
-10105
-9282
-4922
-205
-873
-6207
-9016
-6803
-3935
-1796
2447
6429
3971
-2552
-3604
2139
6541
6733
7298
8216
5171
865
2054
7055
8599
6137
4326
3516
1577
442
2291
4173
3017
815
45
-446
-1631
-1883
-906
-998
-2543
-3191
-2732
-3461
-4887
-4260
-2564
-3101
-4885
-4669
-3465
-4021
-4915
-3580
-1562
-1394
-1937
-1229
-291
-357
57
1985
3436
2931
2189
2806
3746
4045
4584
5532
5449
4242
3647
4031
4143
3868
3770
3162
1778
1055
1415
1336
347
-331
-449
-1020
-2059
-2338
-1609
-1271
-1977
-2566
-2450
-2507
-2714
-2139
-1272
-1142
-1292
-1112
-997
-891
-235
582
883
887
991
1161
1421
1799
2047
2114
2172
2029
1518
1059
815
499
418
857
943
219
-437
-967
-2173
-3257
-3109
-2963
-4355
-6732
-8977
-9975
-7753
-2651
143
-3080
-7858
-7790
-4441
-2698
-784
4102
6235
851
-4352
-1219
4931
6443
6302
8261
7696
2587
207
4397
8460
7228
4615
4050
2835
417
920
4012
4382
1645
193
240
-975
-2205
-1245
-415
-1901
-3245
-2694
-2790
-4653
-5222
-3527
-2943
-4528
-5042
-3722
-3645
-4994
-4511
-2254
-1421
-2090
-1770
-673
-512
-330
1467
3362
3224
2149
2314
3339
3892
4445
5526
5877
4882
4005
4053
4118
3953
4085
3874
2527
1150
1129
1669
1229
187
-231
-528
-1686
-2557
-1776
-826
-1593
-2955
-3073
-2491
-2313
-2187
-1756
-1545
-1679
-1635
-1245
-760
-315
84
425
752
1064
1193
1084
1032
1303
1732
1970
1897
1572
1057
631
738
1246
1291
511
-364
-867
-1402
-2020
-2359
-2899
-4291
-6042
-7766
-9567
-9503
-5178
37
-728
-6732
-9467
-6213
-2998
-1891
1578
6045
4161
-2528
-3747
2240
6593
6207
6560
8103
5624
1119
1929
6897
8364
5697
4119
3905
2194
721
2099
3656
2474
782
693
146
-1665
-2000
-792
-1297
-2997
-2544
-1495
-3546
-6159
-4862
-2143
-2606
-4467
-4247
-3702
-4918
-5344
-3303
-1553
-1723
-1980
-1567
-1500
-1283
268
2388
3369
2890
2207
2465
3335
4073
4808
5360
4924
4093
4156
4501
4092
3728
3828
3109
1644
1324
2121
1894
357
-697
-744
-756
-1040
-1333
-1727
-2167
-2400
-2495
-2396
-1976
-1788
-2258
-2663
-2190
-1098
-237
-106
-448
-597
-331
204
1008
1807
1900
1144
291
234
1182
2312
2614
2105
1256
213
-284
480
1360
983
73
-604
-1672
-2819
-2986
-3038
-4379
-6558
-8695
-9862
-7733
-2321
479
-3648
-9172
-8519
-3954
-1741
-292
3934
5858
757
-4062
-614
5792
7051
5930
7190
7132
3052
1041
4878
8499
6946
4045
3590
3315
1897
1944
3272
2603
662
613
1198
-296
-1931
-1547
-1569
-3230
-3282
-1306
-1778
-5262
-6554
-4140
-2402
-3205
-3962
-3981
-4874
-5611
-4067
-1684
-1169
-1954
-2088
-1688
-1276
112
2448
3614
2783
1825
2231
3423
4611
5585
5619
4305
3216
3917
5178
5075
4140
3566
2883
1795
1351
1807
1990
1131
-364
-1484
-1507
-962
-953
-1571
-2193
-2541
-2538
-2153
-1658
-1334
-1497
-2291
-2773
-1852
-338
186
-213
-632
-886
-721
425
2016
2627
1808
494
-251
24
1181
2456
2732
1532
-285
-1200
-590
671
1336
894
-515
-2260
-3262
-3271
-3432
-4424
-5885
-8074
-10438
-9225
-2884
1713
-2288
-9400
-9591
-4518
-1933
-292
4813
7333
1275
-5094
-1823
6077
8637
7074
7300
7295
3493
1028
4975
9484
7791
3753
2861
2951
1965
2353
3466
1891
-692
-634
421
-396
-1558
-1480
-2227
-4403
-4515
-1733
-927
-4097
-6288
-4794
-3323
-3447
-2591
-1739
-3884
-6340
-4924
-1749
-659
-808
-556
-1088
-2175
-958
2552
4594
3699
2345
2170
2556
3575
5472
6405
4890
2845
2744
3958
4577
4288
3475
2110
881
852
1539
1632
1027
49
-1463
-2609
-1811
-17
37
-1699
-2799
-2624
-2343
-1753
-282
437
-1005
-2720
-2364
-700
433
895
876
-20
-978
-425
1306
2475
2410
1439
73
-590
292
1755
2255
1625
451
-872
-1519
-658
870
1095
-504
-2369
-3066
-2999
-3300
-4180
-5533
-7914
-10712
-10459
-4827
1400
330
-6895
-10210
-6225
-1998
-110
4105
8181
4506
-2848
-2608
4562
8920
8478
8017
7646
4878
2444
4197
7585
7708
4972
2788
1864
1540
2070
2325
517
-1667
-1379
-48
-512
-1759
-2116
-3183
-5408
-5357
-2227
-750
-3327
-5874
-5294
-3857
-3139
-1680
-596
-2550
-5241
-4595
-1785
160
1227
1381
-213
-1552
-38
3023
4724
4426
3246
2334
2347
3364
4900
5537
4026
1768
1427
2842
3877
3896
3030
936
-1166
-974
1103
2273
1434
-316
-2064
-3089
-2216
146
1353
72
-1856
-2564
-2198
-1075
672
1530
304
-1430
-1539
-425
559
1257
1472
567
-674
-600
702
1687
1702
1149
246
-687
-677
484
1248
605
-219
-359
-816
-1555
-1089
-53
-655
-2621
-3724
-3464
-3423
-4659
-6512
-8431
-10627
-10631
-4782
2593
1732
-6109
-9339
-5421
-1884
403
5723
9885
6101
-914
-1240
4749
8850
8812
8734
8719
5850
2859
4022
6526
5997
3912
2503
1182
672
1651
1258
-1721
-3646
-2659
-1582
-1959
-2181
-2263
-4151
-6711
-6211
-2778
-1022
-2850
-5001
-4891
-3543
-2064
-468
64
-1523
-3225
-2574
-466
1112
2051
2208
914
-187
1204
3723
4540
3803
2941
2084
1801
3126
4730
4209
2018
523
463
1290
2624
3318
1961
-672
-2268
-1857
-240
1220
1387
96
-1691
-2627
-1842
87
1264
847
-103
-772
-1100
-502
945
1565
753
51
199
361
487
1000
1015
-2
-513
437
1365
1096
400
-190
-966
-1290
-348
744
340
-1065
-1752
-1338
-844
-915
-1132
-1135
-1551
-2719
-3468
-3263
-3763
-5804
-7950
-9711
-10861
-8054
-484
3870
-1131
-8007
-7182
-2193
59
2777
8752
10231
3525
-1265
2762
8234
8570
7845
9123
8466
5013
3565
5055
5333
3267
1486
868
516
372
-72
-2043
-4520
-4941
-3437
-2451
-2632
-2976
-3838
-5728
-6626
-4671
-1930
-1522
-2866
-3359
-2517
-1341
-99
755
173
-1227
-1252
545
2311
2868
2546
1673
694
836
2490
4187
4436
3232
1558
649
1271
2564
2765
1644
553
17
-399
-234
916
1458
120
-1344
-1152
-536
-684
-391
621
624
-461
-754
77
656
514
461
978
1500
1381
980
904
873
586
556
915
1071
862
476
-186
-769
-537
212
444
31
-448
-962
-1630
-1846
-1136
-233
-215
-1004
-1506
-1144
-675
-884
-1169
-838
-873
-2220
-3555
-3511
-3477
-5228
-7875
-9657
-9807
-7142
-1377
3194
1420
-4569
-7369
-4462
221
3875
6941
8604
6953
3659
2859
5212
7591
8344
8302
7489
5622
4453
4958
4560
1591
-902
-317
866
19
-1184
-1436
-2935
-5953
-6611
-3636
-1192
-2117
-4086
-4614
-4545
-4680
-3789
-1877
-1171
-1998
-1682
724
2448
1476
-579
-1478
-945
708
3177
4754
3599
818
-666
90
1835
3392
3984
2984
933
-459
-205
849
1255
811
349
72
-222
14
777
586
-793
-1344
-288
703
660
423
380
-11
-493
54
1594
2365
1308
-182
-354
523
1303
1695
1625
811
-294
-701
-158
649
851
54
-1167
-1640
-898
157
325
-357
-828
-753
-837
-1101
-637
365
454
-687
-1536
-1011
-74
-193
-899
-682
-165
-1277
-3250
-3693
-3242
-4261
-6343
-7633
-8103
-7717
-4899
-112
2479
108
-4258
-5333
-1843
2903
5674
6043
5264
4707
4996
5567
5724
5780
6094
6090
5428
4835
4841
4707
3289
630
-1769
-2448
-1366
319
1087
-197
-3056
-5166
-4871
-3291
-2499
-2769
-2985
-2638
-2136
-1910
-2139
-2750
-3081
-2157
105
2323
2825
1272
-1058
-2380
-1809
155
2277
3466
3100
1339
-537
-1084
-209
1011
1657
1451
636
-85
-147
193
134
-658
-1332
-650
1179
2419
2100
946
-97
-532
69
1391
2146
1676
723
148
65
333
789
995
538
-290
-653
-175
448
194
-895
-1654
-1433
-773
-107
608
797
-197
-1540
-1647
-396
852
1199
1021
964
790
247
310
1299
1708
1086
773
1037
967
430
-103
-459
-663
-714
-535
-157
-130
-936
-1979
-2303
-1851
-1188
-948
-1586
-2744
-3589
-3940
-3938
-3386
-2352
-1431
-1035
-953
-808
-855
-1348
-1419
-214
1476
2180
1807
1566
1993
2459
2652
2858
2861
2197
1378
1459
2291
2605
2007
1340
889
65
-882
-902
-184
-2
-489
-680
-515
-749
-1350
-1598
-1305
-796
-252
143
84
-430
-1012
-1304
-1144
-617
-144
-87
-406
-858
-1211
-1191
-668
-8
203
-129
-547
-611
-340
-35
244
679
1220
1481
1233
877
862
1057
1325
1666
1869
1879
1634
968
364
434
828
988
926
684
248
-52
15
159
52
-358
-894
-1165
-965
-542
-224
-297
-862
-1346
-1218
-886
-688
-257
385
524
-7
-291
234
650
341
315
1070
1394
677
79
356
613
306
306
944
1100
151
-841
-761
36
627
736
499
-29
-690
-1089
-982
-455
310
798
367
-737
-1589
-1833
-1837
-1855
-1807
-1903
-2388
-2585
-1882
-1153
-1200
-1358
-1073
-693
-466
-264
103
539
693
779
1362
2092
2116
1460
934
998
1355
1604
1642
1409
824
116
-275
-331
-493
-824
-886
-586
-321
-311
-473
-773
-1152
-1274
-875
-254
-45
-483
-1087
-1153
-458
524
1052
789
72
-459
-396
258
1150
1733
1655
1131
693
589
716
1017
1375
1404
1018
742
847
928
756
580
483
410
482
614
494
136
-120
-161
-124
-157
-466
-1014
-1383
-1275
-892
-623
-693
-1044
-1455
-1616
-1083
-292
-83
-466
-671
-121
377
316
242
466
980
1144
795
623
772
995
1091
1396
1764
1223
144
-202
418
1104
1164
939
865
697
102
-432
-278
364
924
1091
697
-250
-1035
-993
-521
-145
-36
-496
-1119
-1278
-1421
-1956
-2668
-3177
-3157
-3110
-3463
-3470
-2677
-1668
-1031
-777
-701
-836
-905
-303
719
1455
1823
2053
2264
2484
2595
2449
2081
1577
1111
1024
1264
1239
774
141
-649
-1418
-1672
-1535
-1560
-1752
-1830
-1734
-1383
-876
-641
-757
-946
-1134
-1241
-1012
-410
398
1218
1660
1513
1266
1436
1717
1692
1664
1950
2202
2062
1831
1833
1801
1329
682
529
798
816
201
-333
-189
24
-25
-217
-588
-1264
-1707
-1309
-747
-532
-512
-681
-1052
-1419
-1023
-43
113
-220
-8
220
139
-23
107
713
971
764
652
523
733
1341
1411
963
541
611
1300
1589
1106
591
682
1155
1160
364
-491
-332
376
659
595
555
351
-285
-863
-1159
-1174
-1009
-731
-119
-258
-1316
-1732
-1627
-1612
-1615
-1735
-1753
-2151
-3106
-3414
-3484
-4059
-4203
-4501
-4915
-3634
-1403
533
1645
1228
511
533
1002
2003
2836
3022
3408
4320
5254
5221
3860
2330
1431
912
599
575
793
680
-323
-1861
-3112
-3579
-3253
-2720
-2580
-2699
-2708
-2363
-1658
-1137
-1017
-1013
-1104
-969
-146
1054
2038
2386
2223
2424
3337
4078
3779
2779
2090
2063
2302
2542
2600
2192
1450
700
-42
-796
-1416
-1674
-1577
-1469
-1452
-1547
-1771
-1730
-1596
-1914
-2240
-1963
-1044
258
1178
1206
752
419
526
934
1231
1231
1038
961
1242
1602
1588
1198
860
741
485
-51
-380
-152
263
353
143
-102
-262
-182
70
-32
-594
-764
-34
872
1146
889
581
359
158
112
322
519
334
-130
-415
-605
-1008
-1263
-1191
-1388
-2192
-3107
-3416
-3340
-3818
-4900
-6074
-7398
-8304
-7156
-3542
373
2122
1826
1329
1622
2436
3121
3162
2717
2801
4329
6735
8158
7388
5172
3106
1791
864
241
116
126
-417
-1550
-2570
-2956
-2964
-3130
-3700
-4560
-5154
-4637
-2851
-973
-267
-645
-1185
-1184
-477
439
814
580
690
2061
4130
5474
5385
4142
2714
1902
1688
1883
2293
2518
2426
1977
1054
-132
-1109
-1612
-1877
-2269
-2650
-2556
-1852
-1132
-1085
-1558
-1975
-1858
-1009
14
526
536
478
922
1888
2626
2677
2221
1582
1019
716
797
1144
1420
1389
962
286
-211
-372
-431
-543
-777
-1195
-1429
-1033
-421
-390
-798
-928
-560
92
744
1046
968
938
1151
1265
1048
803
791
774
391
-283
-822
-920
-728
-819
-1670
-3085
-4334
-4993
-5383
-6083
-7276
-8574
-9062
-7648
-4214
-531
1253
1190
1317
2685
4193
4566
3975
3362
3461
4593
6427
7817
7808
6710
5374
3839
1908
325
-169
-336
-1405
-3096
-4024
-3627
-2640
-2181
-2837
-4342
-5673
-5685
-4212
-2471
-1618
-1414
-933
-17
874
1509
1683
1335
1100
1494
2343
3370
4327
4869
4543
3216
1792
1346
1611
1595
908
-47
-611
-676
-664
-859
-1472
-2434
-2929
-2505
-1833
-1513
-1385
-1069
-459
203
815
1475
1905
1838
1542
1299
1310
1755
2337
2555
2107
1135
419
420
538
173
-571
-1271
-1593
-1444
-960
-518
-583
-1104
-1475
-1320
-853
-414
-64
130
34
-43
495
1608
2465
2486
2015
1640
1442
1307
1313
1343
923
14
-736
-897
-840
-999
-1328
-1861
-2856
-4062
-4905
-5448
-6295
-7566
-8795
-9535
-8978
-6314
-2420
523
1489
1759
3159
5380
6651
6355
5180
4079
3942
4916
6251
7038
7027
6634
5891
4316
2157
388
-762
-2180
-4271
-5921
-5938
-4587
-3133
-2603
-3200
-4279
-4728
-4074
-3052
-2515
-2296
-1782
-872
204
1401
2551
3187
3151
2921
2940
3154
3405
3542
3159
2042
953
910
1644
1872
1045
-151
-982
-1482
-1934
-2344
-2591
-2653
-2509
-2075
-1424
-805
-319
109
475
723
1056
1702
2311
2304
1798
1552
1889
2421
2736
2646
1996
946
145
-39
-86
-531
-1203
-1729
-2022
-1966
-1370
-602
-478
-1159
-1826
-1756
-1152
-559
-104
267
448
555
1026
1971
2830
3086
2811
2309
1754
1365
1347
1441
1070
111
-878
-1375
-1472
-1600
-2066
-2897
-3777
-4317
-4563
-5028
-5947
-6973
-7797
-8465
-8666
-7444
-4513
-1261
697
1619
3089
5602
7887
8601
7678
6086
4919
4686
5075
5443
5532
5481
5258
4624
3605
2434
1012
-1040
-3623
-5926
-7096
-6905
-5821
-4686
-4149
-3994
-3440
-2322
-1438
-1354
-1609
-1569
-1276
-864
-20
1335
2591
3276
3675
4198
4763
4999
4536
3156
1182
-472
-1110
-923
-599
-545
-563
-368
-135
-282
-939
-1905
-2851
-3452
-3618
-3432
-2781
-1575
-211
874
1874
3107
4159
4297
3481
2432
1770
1528
1488
1540
1600
1560
1517
1609
1608
1106
107
-1020
-2068
-3039
-3685
-3574
-2737
-1774
-1167
-806
-361
187
585
662
486
284
298
693
1411
2240
2967
3433
3526
3272
2830
2342
1833
1218
426
-444
-1200
-1825
-2423
-2962
-3302
-3433
-3473
-3620
-4071
-4775
-5459
-6000
-6479
-6865
-7043
-6884
-6015
-4054
-1431
797
2318
3937
6124
8115
8937
8540
7482
6240
5201
4593
4256
3971
3821
3774
3420
2575
1568
524
-978
-3092
-5160
-6403
-6753
-6644
-6333
-5776
-4917
-3758
-2325
-873
122
430
312
147
87
260
800
1526
2121
2689
3591
4712
5377
5017
3651
1848
333
-647
-1406
-2183
-2681
-2611
-2168
-1635
-1004
-400
-291
-879
-1742
-2321
-2431
-2195
-1798
-1266
-373
1106
2883
4219
4692
4572
4231
3661
2837
1979
1222
533
25
-99
134
471
642
392
-337
-1248
-1939
-2334
-2670
-3076
-3358
-3205
-2516
-1470
-377
485
985
1247
1480
1771
2083
2380
2589
2597
2427
2330
2484
2700
2674
2347
1846
1230
503
-350
-1423
-2698
-3802
-4349
-4396
-4268
-4172
-4239
-4490
-4710
-4659
-4452
-4462
-4899
-5636
-6230
-6033
-4568
-2088
452
2355
3937
5867
7989
9366
9401
8325
6746
5180
3958
3207
2822
2586
2281
1838
1412
1173
891
14
-1658
-3625
-5183
-6065
-6493
-6709
-6608
-5842
-4331
-2546
-987
268
1171
1455
1206
987
1036
1029
842
793
1155
1880
2755
3519
3864
3574
2702
1554
393
-757
-1854
-2709
-3172
-3172
-2645
-1733
-861
-340
-113
-12
4
-64
-170
-288
-331
-48
685
1617
2404
2984
3441
3674
3545
3182
2827
2415
1619
452
-602
-1152
-1300
-1353
-1449
-1519
-1488
-1396
-1338
-1353
-1439
-1611
-1788
-1798
-1574
-1215
-751
-103
744
1705
2650
3370
3674
3607
3402
3133
2679
2077
1574
1258
942
503
20
-397
-758
-1160
-1716
-2392
-3040
-3619
-4214
-4726
-4933
-4840
-4596
-4300
-4048
-3943
-3960
-4049
-4203
-4158
-3448
-2012
-431
794
1953
3649
5744
7347
7928
7777
7301
6560
5551
4421
3321
2326
1459
735
240
117
214
33
-725
-1821
-2901
-3859
-4626
-5146
-5493
-5638
-5302
-4372
-3155
-1933
-704
442
1228
1603
1801
1888
1679
1186
755
719
1130
1772
2236
2239
1955
1731
1517
1066
423
-217
-861
-1542
-2005
-1913
-1333
-808
-687
-607
-80
708
1187
1216
1053
862
719
766
977
1127
1177
1383
1849
2289
2387
2131
1660
1041
322
-370
-948
-1435
-1882
-2219
-2287
-2021
-1551
-1107
-829
-744
-793
-838
-716
-416
-101
163
516
1021
1587
2177
2802
3330
3595
3564
3281
2812
2268
1661
899
35
-666
-1059
-1258
-1434
-1682
-2028
-2407
-2714
-2937
-3172
-3435
-3659
-3871
-4144
-4379
-4380
-4158
-3916
-3768
-3650
-3338
-2552
-1300
-15
935
1793
3035
4596
5915
6605
6747
6564
6140
5476
4642
3732
2739
1635
606
-18
-185
-259
-596
-1209
-1879
-2425
-2838
-3291
-3944
-4637
-4980
-4837
-4376
-3639
-2560
-1377
-493
63
590
1155
1486
1426
1179
1033
1053
1146
1252
1352
1434
1536
1666
1680
1479
1204
975
649
100
-420
-625
-630
-705
-787
-594
-118
344
523
480
497
702
913
931
802
709
709
719
707
769
927
1028
943
720
421
20
-452
-841
-1039
-1115
-1184
-1269
-1352
-1404
-1310
-943
-399
44
266
405
559
681
793
1044
1411
1691
1808
1900
2051
2199
2275
2245
2054
1685
1196
660
137
-348
-820
-1309
-1779
-2155
-2375
-2448
-2466
-2558
-2737
-2870
-2843
-2732
-2689
-2777
-2892
-2854
-2620
-2427
-2547
-2871
-2914
-2381
-1484
-612
176
1128
2395
3804
5022
5817
6114
5929
5333
4476
3553
2695
1928
1211
546
56
-126
-131
-289
-719
-1256
-1786
-2384
-3037
-3560
-3865
-4075
-4228
-4162
-3729
-2989
-2164
-1423
-762
-83
627
1227
1565
1617
1503
1388
1362
1422
1554
1735
1884
1940
1957
2034
2099
1969
1635
1310
1123
912
462
-169
-702
-942
-907
-718
-506
-382
-339
-246
-62
93
128
71
-1
-32
-51
-113
-168
-81
149
353
440
436
367
233
82
-26
-100
-197
-336
-470
-525
-456
-264
2
237
359
407
514
716
902
979
994
1019
1024
1026
1117
1261
1267
1110
956
867
729
501
228
-93
-470
-871
-1311
-1794
-2174
-2298
-2251
-2216
-2175
-2000
-1731
-1568
-1627
-1854
-2119
-2356
-2603
-2909
-3183
-3219
-2922
-2385
-1671
-704
534
1845
2994
3905
4599
5058
5230
5077
4590
3866
3102
2408
1711
994
382
-58
-417
-740
-993
-1268
-1715
-2243
-2650
-2981
-3398
-3835
-4098
-4169
-4084
-3708
-2951
-2000
-1072
-178
654
1272
1653
1981
2304
2441
2295
2020
1839
1868
2099
2404
2604
2614
2483
2293
2046
1667
1146
560
-35
-635
-1199
-1622
-1840
-1878
-1826
-1709
-1451
-1040
-630
-375
-263
-169
25
293
427
332
203
236
415
694
1036
1290
1335
1212
995
733
510
313
20
-378
-718
-845
-759
-591
-444
-302
-129
44
222
445
700
898
965
906
839
887
1008
1085
1124
1166
1147
1033
873
671
376
28
-298
-628
-979
-1250
-1375
-1485
-1690
-1920
-2053
-2059
-2008
-2016
-2147
-2356
-2553
-2674
-2724
-2779
-2851
-2792
-2520
-2148
-1724
-1051
-30
1119
2159
3091
3970
4669
4994
4920
4582
4093
3454
2622
1635
668
-73
-551
-911
-1242
-1459
-1555
-1742
-2124
-2471
-2596
-2684
-2953
-3253
-3305
-3094
-2758
-2305
-1646
-803
38
731
1325
1912
2445
2799
2932
2890
2750
2568
2343
2104
1944
1914
1902
1738
1400
1042
754
420
-90
-692
-1220
-1646
-2008
-2247
-2281
-2132
-1854
-1473
-1048
-637
-241
135
418
576
707
878
987
941
836
840
949
1049
1072
1020
901
715
494
293
124
-71
-344
-626
-784
-778
-692
-587
-441
-237
-21
172
378
638
916
1127
1239
1292
1354
1429
1469
1416
1259
1044
826
625
430
217
-10
-236
-453
-661
-859
-1052
-1274
-1570
-1928
-2242
-2397
-2405
-2398
-2432
-2441
-2389
-2329
-2308
-2324
-2348
-2288
-2078
-1787
-1531
-1276
-833
-76
885
1813
2575
3199
3695
4005
4087
3922
3505
2882
2125
1269
400
-290
-704
-995
-1327
-1636
-1761
-1751
-1774
-1845
-1849
-1809
-1885
-2065
-2117
-1901
-1533
-1134
-646
-37
569
1068
1461
1788
2100
2407
2611
2611
2460
2267
2081
1910
1718
1437
1038
572
108
-310
-664
-967
-1220
-1410
-1530
-1593
-1611
-1575
-1461
-1265
-1022
-781
-550
-334
-141
52
280
540
801
996
1075
1113
1249
1453
1516
1328
1010
741
554
377
154
-80
-235
-285
-309
-386
-460
-428
-329
-294
-318
-260
-66
170
381
589
811
1018
1217
1422
1579
1583
1410
1141
867
606
352
133
-20
-142
-313
-547
-746
-842
-895
-995
-1140
-1300
-1503
-1751
-1948
-2009
-1962
-1899
-1881
-1895
-1875
-1786
-1693
-1674
-1690
-1648
-1540
-1445
-1377
-1212
-817
-195
524
1191
1739
2186
2548
2793
2870
2760
2485
2039
1413
681
44
-353
-578
-814
-1120
-1359
-1405
-1286
-1114
-962
-838
-735
-671
-639
-579
-434
-220
3
202
391
596
866
1219
1601
1893
2021
1986
1804
1517
1194
867
512
107
-331
-752
-1081
-1252
-1283
-1245
-1168
-1045
-891
-723
-519
-286
-96
24
132
276
396
454
528
704
963
1232
1437
1522
1466
1324
1138
889
546
159
-188
-444
-614
-707
-724
-633
-445
-259
-164
-135
-97
-54
-28
22
147
322
508
702
904
1089
1225
1315
1365
1365
1276
1064
733
340
-32
-338
-556
-681
-728
-733
-721
-701
-665
-619
-585
-603
-699
-846
-992
-1114
-1221
-1302
-1315
-1263
-1207
-1183
-1187
-1232
-1334
-1472
-1586
-1643
-1667
-1683
-1646
-1447
-1050
-561
-126
230
577
956
1322
1593
1683
1576
1365
1152
963
763
529
245
-59
-298
-383
-343
-293
-286
-264
-143
66
266
373
404
438
524
651
777
867
897
876
826
802
829
872
861
753
568
348
113
-123
-337
-512
-673
-845
-987
-1011
-907
-742
-581
-457
-384
-341
-268
-129
37
171
270
374
527
724
923
1072
1140
1143
1117
1075
1004
878
675
430
214
78
13
-19
-33
-43
-46
-21
36
108
182
240
230
139
23
-34
-21
39
128
216
282
325
355
356
299
194
84
-18
-145
-288
-386
-398
-353
-286
-203
-117
-65
-84
-154
-240
-325
-429
-577
-771
-956
-1067
-1102
-1114
-1136
-1168
-1211
-1252
-1248
-1194
-1175
-1268
-1427
-1524
-1490
-1363
-1178
-911
-568
-217
113
455
822
1139
1297
1264
1113
936
749
517
247
6
-169
-295
-390
-439
-415
-339
-242
-127
32
238
440
586
685
781
895
1003
1065
1093
1112
1122
1080
985
895
856
824
722
544
356
209
66
-121
-349
-565
-739
-865
-946
-969
-929
-850
-748
-617
-456
-289
-155
-64
21
136
282
441
582
695
781
859
935
991
989
937
864
781
663
500
331
227
206
215
186
114
39
-3
-19
-29
-45
-69
-110
-168
-219
-231
-206
-180
-169
-167
-167
-184
-227
-255
-212
-94
46
160
246
320
375
390
357
287
180
41
-122
-281
-428
-562
-671
-731
-742
-753
-818
-927
-1011
-1020
-983
-967
-994
-1031
-1042
-1025
-1000
-964
-903
-824
-729
-601
-417
-196
2
147
265
399
540
613
567
422
250
102
-26
-159
-301
-421
-488
-495
-454
-383
-288
-172
-35
122
295
480
658
810
930
1033
1143
1250
1308
1281
1183
1078
1014
971
899
764
590
402
210
23
-153
-307
-439
-550
-619
-624
-576
-517
-479
-454
-404
-315
-209
-131
-87
-48
24
138
276
410
528
621
683
715
732
749
767
776
759
700
597
471
346
225
106
-4
-93
-166
-243
-321
-378
-388
-362
-327
-304
-293
-286
-275
-257
-231
-189
-124
-41
45
120
186
262
365
484
583
622
592
516
428
331
207
51
-104
-234
-342
-457
-574
-670
-731
-768
-801
-827
-834
-818
-777
-709
-623
-544
-490
-451
-413
-393
-426
-513
-596
-607
-550
-487
-468
-466
-424
-321
-202
-118
-94
-105
-119
-125
-140
-184
-260
-334
-377
-388
-390
-388
-357
-261
-107
69
237
409
593
755
854
895
927
989
1052
1060
1001
920
854
797
741
682
630
568
482
383
296
231
160
56
-68
-181
-262
-310
-324
-311
-277
-233
-172
-82
30
127
181
211
254
317
373
396
395
391
379
344
281
211
155
108
58
-7
-89
-179
-262
-315
-323
-303
-277
-255
-220
-149
-51
35
85
92
74
54
46
46
37
10
-10
14
84
152
168
133
89
71
72
66
42
11
-28
-72
-113
-140
-153
-180
-227
-276
-306
-320
-329
-339
-334
-308
-274
-244
-227
-221
-213
-207
-197
-180
-165
-156
-150
-150
-162
-195
-236
-268
-292
-338
-417
-502
-552
-562
-559
-567
-585
-592
-584
-566
-536
-497
-455
-425
-401
-356
-265
-134
-4
97
182
275
382
485
554
575
563
547
543
561
570
550
529
540
581
621
620
588
572
579
583
563
508
452
420
407
399
375
338
307
272
227
187
156
128
103
63
13
-29
-75
-128
-164
-178
-177
-148
-111
-83
-45
-19
-18
-20
-63
-148
-235
-320
-364
-336
-298
-261
-214
-155
-52
79
163
183
171
155
165
186
176
136
92
78
103
126
124
105
100
141
200
221
189
117
57
51
68
44
-49
-190
-298
-332
-331
-363
-448
-541
-586
-579
-551
-516
-462
-366
-261
-193
-166
-163
-149
-122
-126
-152
-167
-171
-132
-72
-6
74
144
164
165
146
80
29
-51
-138
-186
-261
-335
-372
-365
-271
-136
-55
-40
-40
-32
3
9
-66
-154
-218
-225
-185
-162
-149
-111
-39
74
206
303
360
414
449
500
562
553
529
504
452
451
440
398
415
393
348
329
271
251
262
242
235
263
303
342
344
285
221
172
151
150
138
96
44
-12
-52
-81
-177
-323
-462
-577
-585
-536
-508
-461
-399
-305
-160
-57
-32
-50
-98
-139
-144
-166
-207
-212
-177
-98
3
76
133
222
325
390
414
412
401
418
418
357
291
223
146
86
-5
-137
-233
-323
-400
-413
-407
-388
-325
-278
-260
-230
-222
-229
-244
-314
-374
-383
-395
-373
-300
-239
-157
-70
-29
30
90
126
174
169
140
134
74
7
-53
-163
-201
-208
-268
-265
-227
-180
-56
25
38
87
110
113
127
74
-5
-15
-26
-70
-94
-116
-105
-2
103
189
276
295
309
381
390
368
317
186
108
105
81
75
64
55
103
156
207
256
247
236
253
242
221
203
165
143
155
166
178
194
183
151
100
28
-17
-55
-128
-182
-199
-199
-159
-123
-101
-56
-30
-44
-77
-141
-202
-256
-339
-406
-430
-406
-321
-213
-117
-29
41
96
154
194
193
176
155
140
152
153
106
64
53
36
2
-45
-116
-155
-150
-148
-120
-77
-49
-28
-14
-27
-35
-12
-71
-157
-223
-318
-329
-297
-289
-221
-161
-87
65
156
197
216
161
137
129
76
33
-30
-61
-6
24
19
-15
-88
-119
-112
-137
-191
-238
-250
-213
-150
-139
-161
-143
-131
-94
-46
-43
26
104
144
199
200
199
206
175
149
131
124
130
150
173
172
180
194
169
158
157
127
142
163
161
200
200
154
152
157
169
192
140
67
60
77
103
117
72
35
47
48
44
29
-22
-57
-67
-104
-117
-122
-150
-136
-119
-124
-86
-65
-75
-59
-60
-40
11
13
13
6
-17
11
26
-9
-34
-62
-62
-28
-21
-8
36
66
70
56
45
36
14
-22
-67
-123
-152
-154
-159
-171
-199
-220
-198
-186
-179
-172
-220
-240
-215
-201
-156
-141
-166
-111
-41
21
80
54
51
89
107
126
84
35
17
20
49
37
17
-5
-42
-37
-49
-88
-116
-196
-251
-251
-246
-177
-140
-155
-121
-50
46
149
182
147
136
155
181
183
96
24
14
0
28
61
48
96
158
179
254
295
267
253
179
123
168
169
151
148
115
161
254
266
231
164
96
128
194
189
151
113
95
139
190
159
62
-34
-77
-84
-126
-219
-318
-356
-322
-257
-213
-202
-181
-126
-68
-34
-48
-82
-82
-70
-46
-14
-29
-33
-20
-23
11
16
-44
-42
15
76
147
141
87
93
88
51
5
-125
-212
-183
-155
-102
-79
-152
-149
-105
-82
-28
-68
-141
-116
-84
-27
4
-73
-121
-101
-52
25
32
-15
-29
-18
11
23
-13
-46
-54
-29
31
84
106
111
60
20
0
-38
-57
-107
-168
-160
-107
-76
-68
-113
-207
-179
-151
-144
-54
-69
-19
111
120
184
196
90
71
32
-6
50
48
21
49
70
92
124
89
25
29
66
128
214
224
225
257
254
251
195
117
107
131
185
223
227
238
244
229
189
135
78
78
97
103
131
108
60
38
-36
-91
-133
-185
-179
-162
-133
-110
-135
-147
-184
-191
-152
-160
-114
-91
-82
3
7
-25
-76
-161
-174
-150
-111
-86
-58
-11
-1
35
36
-22
-39
-80
-97
-46
-21
-2
-24
-85
-124
-135
-115
-118
-127
-97
-52
43
117
85
37
-7
-55
-38
-46
-115
-139
-141
-130
-70
-62
-102
-92
-65
-25
57
79
56
85
98
87
89
25
-43
-23
-16
-29
-9
-44
-57
-10
-31
-51
-48
-57
-6
57
59
53
78
102
125
144
92
64
89
72
80
70
-1
-20
-26
-38
10
18
-5
26
46
90
147
127
109
119
124
162
171
142
145
127
123
135
113
119
124
105
87
77
61
38
29
-26
-55
-23
-23
10
36
-19
-25
-36
-91
-81
-133
-191
-165
-172
-124
-45
-34
-12
10
-5
40
81
32
-2
-38
-73
-38
-50
-106
-103
-99
-69
11
16
-3
6
-22
-30
-19
-60
-67
-39
-51
-33
-10
-31
-46
-87
-146
-152
-141
-133
-110
-107
-93
-60
-48
-39
-36
-45
-22
2
2
20
14
7
18
-6
-3
23
39
68
60
27
6
-6
-19
-61
-111
-144
-105
-13
33
32
8
-27
-1
31
-1
-9
-27
-28
47
79
57
13
-49
-91
-51
-4
2
24
14
19
106
146
129
121
70
101
216
246
268
248
178
185
168
126
123
93
81
120
145
199
227
157
85
30
-3
30
25
-37
-44
-40
-1
76
40
-24
-49
-85
-40
13
-29
-69
-88
-118
-76
-43
-117
-167
-190
-202
-121
-54
-61
-43
-30
-7
65
69
17
-40
-101
-93
-57
-56
-50
-73
-88
-52
-50
-54
-74
-131
-115
-66
-50
-21
-22
-72
-67
-65
-105
-79
-99
-136
-87
-53
-48
-9
-35
-74
3
13
45
104
93
110
162
114
69
35
-30
-23
-2
-15
-13
6
9
7
-12
-64
-102
-104
-90
-53
-14
8
15
17
20
5
-22
-54
-81
-61
2
36
55
54
27
52
72
60
61
50
51
88
116
101
70
36
14
38
67
57
67
91
95
143
147
103
103
74
66
107
87
76
91
72
95
103
70
73
43
42
59
43
37
13
5
26
11
-24
-35
-67
-46
-43
-69
-80
-73
-61
-36
-13
-34
-54
-44
-61
-27
6
-20
-3
8
6
57
48
-16
-33
-71
-70
-36
-66
-97
-107
-97
-87
-74
-117
-145
-144
-133
-118
-112
-115
-127
-130
-140
-150
-151
-122
-103
-75
-31
-29
21
53
34
29
21
3
69
97
91
102
69
84
123
112
75
12
-17
6
30
24
-34
-71
-48
-35
-17
-32
-81
-56
-25
-13
11
7
-4
1
7
0
6
19
-4
-8
0
-2
61
93
66
72
57
73
117
90
63
59
75
107
122
107
69
53
45
30
28
10
6
21
38
56
65
65
59
59
56
63
59
69
67
55
42
18
-6
-4
-31
-66
-64
-72
-60
-32
-45
-49
-38
-46
-35
-19
-33
-34
-39
-32
-21
-3
-1
-8
-1
14
18
50
52
40
56
36
29
42
6
-22
-44
-69
-62
-57
-73
-99
-117
-106
-100
-105
-119
-152
-153
-117
-89
-77
-69
-73
-57
-15
-20
-47
-59
-71
-47
-2
5
9
34
39
72
97
61
48
41
26
51
51
29
33
27
14
18
9
-19
-20
-22
-33
-11
0
-14
-4
9
8
43
53
29
33
38
31
30
17
-21
-9
11
10
47
48
40
65
58
59
67
41
35
47
42
61
68
56
49
35
23
20
18
4
2
4
1
22
43
46
45
25
13
28
34
27
3
-21
-21
-6
21
17
-8
-23
-30
0
6
-20
-36
-52
-42
-11
-9
-18
-36
-67
-49
-20
-5
-4
-31
-31
-11
20
29
8
-15
-30
-7
11
13
-18
-57
-74
-67
-49
-51
-70
-93
-74
-46
-4
-8
-31
-54
-61
-35
-31
-37
-44
-45
-34
0
-1
3
-4
-19
-13
4
11
40
54
40
60
63
75
76
44
8
-2
-4
1
4
-9
-30
-17
-9
0
19
-1
-10
20
19
33
53
24
22
28
17
38
48
29
33
34
28
39
34
16
17
16
24
39
42
43
36
33
15
2
-3
-2
-20
-12
-22
-18
4
-11
-17
-24
-39
-34
-27
-17
-9
-2
5
18
25
27
13
2
-3
-4
7
15
11
11
16
13
18
14
-9
-18
-15
-17
-3
18
11
12
13
-10
-11
-4
-14
-4
1
-3
8
11
-9
-27
-51
-83
-85
-73
-69
-50
-49
-63
-52
-52
-62
-67
-85
-82
-54
-27
-1
3
-7
-16
-18
-10
-12
-19
-19
-11
11
33
36
26
18
14
22
44
47
45
48
37
45
44
21
10
0
-3
5
8
0
-5
-5
-14
-11
-2
-7
11
26
23
37
27
13
27
17
12
26
19
24
46
38
35
43
29
34
50
48
54
61
51
47
52
40
32
29
15
14
30
26
19
16
-7
-3
15
6
4
-12
-35
-26
-19
-22
-33
-54
-63
-44
-22
-18
-35
-53
-54
-33
-13
-13
-27
-29
-13
10
32
24
-7
-8
0
11
32
21
-4
4
7
9
26
-3
-24
-18
-19
-7
-9
-35
-53
-62
-55
-50
-54
-60
-71
-58
-48
-54
-57
-68
-66
-48
-38
-31
-23
-19
-13
-9
-20
-28
-28
-23
-10
1
8
14
20
30
30
28
24
16
24
34
38
45
36
22
13
8
8
5
4
3
14
36
39
42
27
5
15
23
27
32
21
17
39
40
31
16
-11
-8
17
28
31
28
21
36
54
44
31
13
9
39
58
56
48
30
29
43
33
14
-2
-8
14
38
38
20
0
-7
1
8
-5
-29
-39
-22
-5
0
-9
-37
-47
-28
-19
-17
-17
-29
-19
10
13
12
1
-22
-15
-1
1
1
-4
-6
2
15
7
-4
-7
-23
-27
-15
-26
-22
-20
-43
-39
-35
-52
-45
-58
-77
-59
-50
-36
-21
-36
-47
-46
-42
-35
-36
-39
-33
-20
5
15
6
-5
-21
-23
-4
-1
-7
1
1
13
29
14
-3
-10
-20
-7
10
8
14
21
15
18
14
1
1
5
11
19
28
28
24
23
14
10
17
18
28
40
35
31
31
20
21
15
1
4
13
25
39
38
24
23
21
25
30
18
17
26
35
58
54
34
28
12
10
22
5
-2
2
-5
14
22
2
-4
-13
-19
2
7
1
5
1
4
19
10
-3
-6
-13
-4
14
13
13
12
4
4
3
-4
-4
-8
-11
-4
0
-1
-4
-13
-23
-26
-22
-24
-25
-32
-37
-32
-28
-35
-40
-46
-46
-34
-24
-25
-24
-26
-26
-16
-16
-28
-30
-32
-31
-20
-24
-32
-27
-25
-24
-20
-24
-26
-15
-10
-9
-8
-10
-5
2
3
-2
-8
-8
-2
7
11
7
3
8
15
21
18
10
12
24
35
43
44
35
31
33
35
32
26
17
17
24
27
27
26
15
7
11
16
20
21
12
11
18
22
20
15
0
-6
6
14
17
16
2
-1
11
12
5
-1
-14
-10
7
9
5
-2
-13
-10
-2
-4
-6
-6
-4
9
21
22
18
8
7
9
11
7
2
1
8
11
13
7
-8
-17
-15
-22
-20
-19
-28
-16
-11
-21
-20
-35
-50
-42
-43
-45
-36
-43
-43
-25
-22
-27
-25
-32
-26
-9
-5
-7
-6
-5
2
12
3
-7
-10
-9
1
11
4
2
5
12
21
16
2
-8
-5
9
15
12
5
0
4
11
9
1
-3
-4
8
19
17
11
5
2
7
9
7
3
7
15
23
26
18
11
10
9
12
14
9
10
14
16
21
19
11
3
1
1
6
8
6
4
6
7
8
10
1
-5
-3
-3
4
8
0
1
0
-5
2
0
-10
-9
-12
-9
5
6
0
-1
-6
-3
5
4
-1
-7
-9
-1
8
5
0
-7
-9
-3
3
-1
-9
-17
-17
-7
-6
-14
-21
-29
-25
-16
-13
-14
-20
-27
-22
-18
-19
-21
-28
-27
-20
-17
-12
-12
-14
-10
-7
-7
-3
-5
-10
-3
-1
0
3
4
5
6
6
5
7
8
9
11
9
7
7
10
14
12
9
7
10
13
15
10
5
4
7
11
9
5
2
6
12
16
13
9
8
10
14
14
11
8
8
12
16
17
14
13
12
12
12
13
11
7
5
2
3
5
8
8
6
5
6
8
8
6
3
1
5
7
7
3
0
-2
2
4
3
-3
-6
-4
-1
2
1
-1
-3
-2
-1
0
-2
-4
-4
-2
-1
-1
-4
-9
-11
-10
-6
-4
-4
-7
-10
-11
-12
-12
-14
-16
-16
-13
-10
-9
-12
-15
-15
-17
-21
-25
-28
-27
-27
-26
-25
-23
-20
-19
-19
-21
-22
-19
-13
-6
-3
-4
-4
-1
1
0
-3
-3
2
10
17
17
14
13
15
18
18
12
9
9
14
18
18
16
12
8
7
5
4
5
6
8
12
13
11
8
6
4
7
11
14
15
15
14
13
13
13
14
12
11
15
19
21
21
17
16
14
14
14
11
9
7
10
12
11
9
6
4
4
8
6
5
4
4
5
5
3
0
-2
-3
-3
-3
-3
-3
-2
-2
0
2
3
3
1
-2
-5
-5
-2
1
-2
-4
-4
-3
-5
-9
-12
-14
-15
-14
-11
-9
-14
-20
-20
-17
-17
-20
-25
-24
-19
-17
-15
-18
-21
-22
-19
-15
-17
-20
-19
-12
-5
-6
-8
-9
-7
-5
-3
-3
-4
-3
0
3
2
-2
-5
-2
2
5
3
2
3
5
7
6
4
2
2
5
7
8
8
9
8
8
6
3
0
1
7
11
13
11
7
4
2
1
3
6
7
10
16
20
18
10
7
9
11
11
11
13
16
19
20
20
16
11
7
6
9
13
14
14
12
8
6
1
0
-2
-2
1
5
7
5
1
-4
-5
-6
-4
-1
1
1
1
2
1
-1
-7
-11
-11
-6
1
2
1
0
1
2
-3
-10
-16
-13
-8
-3
-2
-2
-4
-7
-10
-14
-18
-21
-23
-23
-20
-18
-17
-18
-19
-19
-19
-19
-17
-15
-13
-10
-8
-6
-7
-8
-8
-6
-4
1
5
7
6
3
0
-3
-3
-2
0
2
5
8
10
9
5
-1
-5
-6
-5
-2
1
2
3
4
4
2
-1
-3
-4
-2
1
7
9
10
9
9
9
8
7
9
10
14
19
23
25
22
18
15
13
12
11
10
8
7
7
9
7
4
1
0
1
1
-3
-8
-10
-8
-3
-2
-4
-6
-8
-5
-4
-4
-5
-6
-4
-2
-1
1
-2
-2
-2
-1
0
1
0
1
2
6
6
4
0
-2
-2
0
0
-2
-4
-4
-3
-1
-3
-5
-6
-6
-4
-5
-7
-9
-8
-5
-3
-5
-5
-6
-6
-5
-6
-7
-8
-5
-2
-1
-1
-2
-4
-5
-5
-4
-5
-5
-5
-4
-3
-1
-2
2
1
2
2
2
0
-1
-1
1
2
4
3
3
2
1
2
2
-1
0
0
0
1
2
2
3
3
2
2
1
3
4
6
7
9
11
10
10
8
6
6
6
8
8
8
6
5
5
5
4
4
4
6
6
6
6
4
2
2
1
1
1
0
-2
-1
-1
1
1
-2
-4
-3
-5
-4
-4
-3
-4
-3
-3
-4
-5
-4
-3
-4
-3
-3
-3
-2
-3
-2
-1
-2
-3
-1
-2
-3
-2
-4
-3
-3
-2
-3
-3
-3
-1
-1
-1
-1
-2
-3
-4
-4
-4
-4
-4
-3
-3
-2
-3
-4
-3
-3
-2
0
-1
1
-1
1
2
2
2
2
2
3
2
2
2
3
3
3
3
3
3
3
3
1
2
3
3
6
5
3
3
2
3
2
2
1
0
0
1
0
1
1
3
4
4
4
2
2
2
4
3
3
2
2
3
5
5
5
4
3
2
2
1
0
0
1
2
2
2
0
0
-2
-1
0
1
1
-1
-1
-1
-1
-2
-2
-2
-2
-2
-4
-5
-4
-5
-3
-2
-2
-2
-2
-1
0
1
1
2
2
3
3
3
1
3
2
2
2
2
1
0
-1
1
0
1
0
-2
-2
-1
-1
-1
0
-2
-4
-3
-4
-4
-5
-4
-5
-3
-2
-3
-4
-4
-4
-3
-2
-2
-3
-4
-4
-2
0
0
1
1
0
0
-1
0
1
1
3
3
2
2
1
0
1
1
1
2
1
1
1
1
1
1
1
1
1
1
1
1
3
3
2
2
2
1
1
2
3
4
6
5
5
3
5
4
3
4
4
3
2
2
1
2
1
2
1
2
2
3
0
-2
-1
-1
1
1
0
0
-1
0
-1
0
0
0
0
0
0
0
0
1
-1
0
0
0
0
-1
1
1
1
1
1
2
1
1
1
1
1
0
0
0
1
1
0
-1
-1
-2
-2
-3
-2
-3
-3
-2
-4
-5
-5
-5
-5
-5
-3
-3
-2
-2
-2
-3
-2
-3
0
1
1
1
0
0
0
-1
-1
-1
0
0
-1
-1
0
-1
0
0
1
-1
0
-2
-1
0
1
2
2
2
2
0
1
0
1
0
0
0
0
1
1
0
0
1
2
0
1
1
1
1
2
2
2
2
1
1
1
2
3
4
3
4
4
4
3
3
2
3
1
2
1
1
1
1
1
0
0
0
1
0
0
1
2
1
1
1
1
1
1
1
2
2
2
1
1
0
0
2
1
3
2
1
1
0
1
0
0
0
0
-1
-1
-2
-2
-1
0
-3
-2
-2
-4
-4
-4
-4
-3
-2
-2
-3
-3
-4
-4
-4
-3
-2
-1
0
0
0
0
-1
0
0
1
1
1
1
1
0
0
0
1
0
1
0
0
0
0
-2
-2
-3
-1
-1
-1
0
1
0
0
0
-1
-1
-2
-1
0
1
1
2
2
2
2
3
2
2
3
1
2
2
1
1
1
2
2
3
3
0
-1
-1
1
0
1
1
1
-1
0
0
0
-1
0
1
0
-1
0
0
-1
-1
1
0
0
-1
-2
-2
-1
1
1
2
3
2
2
1
1
0
1
0
-1
1
2
2
4
3
2
1
0
0
0
0
1
1
1
0
2
0
0
0
0
1
0
-1
-2
-4
-4
-2
-2
-1
0
1
1
1
0
0
-1
-1
-2
0
-2
-2
0
-1
0
1
1
1
1
0
0
0
0
0
0
0
0
0
1
0
1
1
1
-1
0
-1
-1
-1
0
1
1
1
0
0
-1
-1
0
0
2
2
2
0
0
0
2
2
1
1
1
1
0
1
2
2
0
1
1
1
1
0
1
1
1
0
-1
-2
-2
0
1
1
2
2
0
-1
-1
-1
-1
0
1
1
1
0
0
0
0
1
0
-1
0
0
-1
0
0
0
0
0
0
-1
-1
-1
-1
-1
0
-1
-1
-1
-1
-1
-1
0
-1
0
0
0
-1
0
0
0
0
1
1
-1
0
0
-1
-1
0
0
-1
0
0
-1
0
0
-1
1
-1
0
0
-1
0
0
0
0
0
0
0
1
0
0
-1
1
1
0
0
0
0
0
0
0
0
0
1
0
0
0
0
0
0
-1
0
0
-1
0
0
1
0
0
1
0
0
0
1
0
0
0
0
0
0
1
-1
0
0
0
1
0
-1
0
0
0
0
0
-1
0
0
0
0
1
0
0
1
0
0
0
1
0
0
0
0
0
1
0
0
0
0
0
0
0
1
0
0
0
0
-1
0
0
-1
-1
0
-1
0
-1
-1
0
0
-2
-1
-1
-2
1
0
0
1
1
2
1
2
1
1
1
1
0
0
0
0
0
-1
0
0
0
-1
0
0
1
0
0
0
0
1
0
0
-1
-1
0
0
0
2
2
2
1
0
-1
1
1
1
2
2
1
1
0
2
2
3
1
1
-1
1
0
0
1
1
0
1
0
0
0
0
0
0
0
0
0
0
1
0
0
0
-1
0
1
0
0
1
-1
0
-1
-1
0
0
0
0
0
0
0
0
-1
0
-1
1
0
1
1
0
0
0
0
0
0
0
0
0
0
0
0
0
0
1
0
-1
0
0
0
0
0
0
-1
0
0
-1
0
0
0
0
0
0
0
1
1
0
0
0
0
0
0
0
-1
0
0
0
0
0
0
-1
-1
0
0
0
0
0
1
0
1
-1
0
0
-1
0
0
0
1
0
0
0
0
0
0
0
1
0
1
0
0
0
-1
-1
0
1
1
1
2
1
0
1
1
2
2
3
1
-1
0
0
0
0
1
2
1
1
0
0
0
0
0
0
0
0
1
0
0
0
0
0
0
0
0
0
0
0
0
0
-1
-1
0
0
0
0
0
0
-1
0
0
-1
0
0
0
0
0
0
0
0
0
0
0
0
0
0
0
0
0
-1
0
0
1
0
0
-1
1
0
0
0
0
0
0
0
0
0
0
-1
1
0
0
-1
0
0
0
1
0
-1
0
0
0
0
0
0
0
1
-1
0
-1
0
-1
-1
0
0
0
1
0
0
0
0
0
1
0
-1
-1
0
0
0
0
0
0
0
-1
0
-1
0
1
0
0
0
0
1
0
0
0
0
0
-1
-1
0
0
0
0
-1
0
1
0
1
0
0
0
0
-1
0
0
0
-1
0
0
0
0
0
0
0
0
-1
0
0
0
1
0
1
0
-1
0
1
0
0
-1
0
0
0
0
0
0
1
0
2
1
0
0
-1
-1
0
-1
1
1
1
1
2
0
0
0
0
0
-1
0
0
0
0
0
0
0
0
0
-1
0
0
0
0
0
0
0
0
0
0
1
0
1
0
0
0
-1
-1
1
0
1
3
2
2
3
1
1
1
1
1
1
1
1
1
0
0
1
0
0
-1
0
0
-1
0
-1
0
0
1
1
0
0
0
-1
0
0
0
0
0
0
1
0
0
-1
0
0
0
0
-1
0
1
0
0
0
0
0
-1
0
0
0
0
0
0
0
1
0
0
0
0
0
-1
0
0
0
0
0
1
0
0
0
0
0
0
0
1
0
-1
0
-1
1
0
0
0
0
-1
0
-1
0
0
0
0
-1
1
0
0
0
1
0
-1
0
1
1
0
-1
0
0
0
0
0
0
0
0
-1
0
0
0
0
1
-1
0
0
-1
0
0
0
0
0
1
1
0
0
0
-1
-1
0
0
0
1
0
0
0
0
0
0
1
0
0
-1
0
0
1
0
0
0
0
0
1
0
0
-1
0
0
0
0
0
0
0
0
1
0
0
0
0
0
0
0
0
1
0
0
0
0
0
0
-1
0
0
0
0
1
0
0
1
0
0
0
1
-1
0
-1
0
0
0
1
0
0
0
0
0
0
1
0
0
0
0
0
0
0
0
0
-1
0
0
0
1
0
0
0
1
0
0
0
0
0
0
0
0
0
0
1
0
1
0
-1
0
0
-1
0
0
0
-1
0
0
0
-1
0
-1
1
-1
1
0
0
0
0
0
1
0
1
0
0
0
0
0
0
0
0
0
0
0
1
0
0
-1
0
0
0
0
0
0
0
0
0
0
-1
0
0
1
0
0
-1
0
0
0
0
0
0
0
0
-1
0
1
0
0
0
0
1
0
0
0
0
0
-1
0
0
-1
0
0
0
0
0
0
0
0
0
0
0
1
1
1
1
0
0
-1
1
0
0
0
0
0
0
0
0
0
0
0
0
1
0
0
1
0
1
0
0
1
0
0
0
0
1
0
0
-1
0
0
1
1
0
0
-1
0
-1
-1
0
0
0
1
1
0
-1
0
1
0
0
0
0
1
0
1
-1
0
1
0
0
0
-1
0
0
0
1
0
-1
0
-1
-1
0
0
1
0
0
0
1
1
0
0
1
1
-1
0
-1
0
0
0
1
0
0
0
0
-1
0
0
-1
0
0
-1
-1
1
0
0
0
0
-1
0
1
0
0
0
-1
1
0
1
0
1
-1
0
0
0
-1
0
0
0
0
0
0
0
0
0
0
0
0
0
0
0
0
0
1
0
0
0
0
1
0
0
0
0
0
0
0
0
0
0
0
0
0
0
0
0
0
0
0
0
1
0
0
0
0
-1
0
0
1
0
0
0
0
0
-1
0
0
0
0
0
0
-1
0
0
-1
0
0
0
-1
0
0
0
0
-1
0
0
0
0
0
0
0
0
0
0
0
0
0
0
0
-1
0
0
0
-1
0
-1
0
-1
0
0
0
0
1
0
0
0
0
-1
1
0
0
0
0
0
1
0
0
0
0
0
0
1
0
0
0
0
-1
0
-1
0
0
0
0
0
0
0
0
0
0
0
0
0
0
0
0
0
1
0
1
1
0
1
0
0
0
0
0
1
0
1
0
0
0
1
0
0
-1
0
0
1
0
-1
0
0
0
0
-1
-1
1
0
0
1
0
0
1
0
0
0
-1
1
0
0
0
0
0
0
-1
0
0
0
0
0
0
0
0
0
0
0
0
0
0
0
0
0
0
0
0
-1
0
-1
0
-1
0
0
0
0
0
-1
0
-1
1
0
0
0
0
0
-1
0
-1
0
-1
0
0
0
0
-1
0
-1
0
1
0
0
0
0
0
0
1
0
0
0
0
0
0
-1
0
0
0
0
0
0
0
0
1
0
1
1
0
0
0
0
0
0
0
0
0
0
1
0
1
0
0
0
0
0
0
0
1
0
0
0
1
0
1
1
0
0
0
0
-1
0
0
1
0
0
0
0
0
0
0
0
0
0
0
0
0
-1
0
0
0
0
0
0
0
0
0
-1
0
1
0
0
0
0
0
0
0
-1
1
0
0
0
1
0
1
0
0
0
0
0
0
0
-1
0
1
0
0
0
1
0
0
0
0
-1
1
1
0
0
1
0
0
0
0
0
0
0
0
-1
0
0
0
0
1
0
0
0
0
0
0
-1
-1
1
0
0
1
0
0
-1
0
-1
1
0
1
0
0
0
0
1
-1
0
0
0
0
0
0
0
0
0
0
0
0
0
0
-1
0
0
0
0
1
0
0
0
0
0
0
0
0
-1
0
0
0
-1
0
0
1
0
-1
0
0
0
0
1
1
1
0
0
-1
0
0
-1
0
0
0
0
-1
0
0
0
0
0
0
1
0
0
0
0
0
1
0
0
0
0
0
0
0
-1
1
-1
0
-1
0
0
0
0
-1
0
0
0
0
0
0
0
0
0
1
0
0
0
0
0
0
0
0
0
0
0
0
0
0
-1
0
0
0
1
0
0
0
0
-1
0
-1
0
1
0
0
1
0
0
0
0
0
0
0
0
0
0
1
-1
0
-1
0
0
-1
0
0
0
0
-1
0
0
0
0
0
1
0
0
0
0
0
0
0
-1
0
0
0
0
0
0
-1
0
0
0
0
0
0
-1
0
-1
0
0
0
0
1
0
0
0
0
0
0
0
0
0
0
0
0
1
0
0
0
0
1
0
-1
0
1
0
0
0
0
0
0
0
-1
-1
0
0
0
1
0
-1
0
0
-1
0
0
0
-1
0
0
1
0
0
0
0
0
0
1
0
0
0
0
1
0
0
0
1
1
0
0
0
0
0
0
1
0
1
0
0
0
1
0
0
0
-1
1
1
0
-1
0
0
0
0
0
0
0
0
0
0
0
1
0
1
0
0
0
0
0
-1
0
1
0
0
-1
0
-1
0
0
-1
0
0
0
0
0
0
0
0
0
0
0
0
0
0
0
0
0
0
0
0
0
0
0
0
0
0
0
0
0
0
0
0
0
-1
0
0
0
0
0
0
0
-1
0
0
0
0
0
0
0
0
0
0
0
0
0
0
0
0
0
0
0
0
0
0
1
-1
0
0
0
0
0
0
0
1
0
0
0
0
0
-1
0
0
0
0
0
0
0
0
0
0
-1
-1
-1
-1
0
-1
0
0
0
0
0
0
-1
-1
0
-1
0
0
0
-1
0
0
0
0
0
0
0
1
0
0
0
0
0
0
0
0
0
0
1
1
0
0
0
0
0
0
0
0
0
0
0
1
0
0
0
0
0
1
1
0
0
0
0
0
-1
0
0
0
0
0
0
1
0
0
1
0
0
0
1
0
0
1
0
1
1
0
0
0
0
0
0
0
0
0
0
1
0
1
1
-1
0
0
0
0
0
0
0
0
0
0
0
1
0
0
1
0
0
0
1
0
0
0
-1
0
0
0
0
0
0
0
0
0
0
1
0
0
0
-1
-1
0
0
0
0
0
0
0
0
0
0
-1
0
1
0
0
0
0
0
0
0
-1
0
1
0
0
0
0
-1
0
-1
-1
0
0
0
0
1
0
0
0
0
0
0
0
0
1
1
0
1
-1
0
0
0
0
0
0
0
0
0
0
0
0
0
0
0
0
0
0
0
0
0
0
0
0
0
0
0
0
-1
1
0
1
0
0
1
0
0
0
0
0
1
-1
0
0
0
0
0
1
0
0
-1
0
0
0
0
1
0
0
1
-1
-1
0
0
0
0
0
0
0
0
0
0
0
-1
0
0
0
1
0
0
0
0
1
0
-1
-1
0
0
0
-1
0
0
0
0
0
-1
0
0
0
0
-1
0
0
0
0
0
0
0
0
0
0
0
0
0
0
-1
0
0
0
0
0
0
0
0
0
1
0
-1
0
0
0
0
0
0
0
0
0
0
0
0
0
0
0
0
0
0
0
-1
0
0
0
0
0
0
0
0
0
0
0
0
0
1
0
0
0
0
0
0
0
1
0
0
0
1
1
0
0
0
-1
1
1
0
0
0
0
0
0
0
1
0
0
0
1
0
0
0
0
0
-1
0
0
0
0
0
0
0
0
0
0
-1
-1
-1
0
0
0
0
-1
0
0
0
0
0
0
0
0
0
1
0
1
0
0
0
0
0
0
1
-1
0
1
-1
0
0
0
0
0
0
0
-1
0
0
0
-1
0
-1
0
0
0
0
0
-1
0
0
0
0
0
0
-1
0
0
0
0
0
0
0
0
-1
-1
0
0
0
0
0
1
0
0
0
0
0
-1
0
0
0
0
0
0
0
0
0
1
0
1
0
0
1
-1
1
0
0
0
-1
-1
0
0
0
-1
0
-1
0
0
0
-1
0
0
0
0
1
0
0
0
0
0
0
1
0
1
0
0
0
0
0
0
1
0
0
0
1
1
0
0
0
0
0
0
0
0
-1
1
0
0
0
0
0
0
0
1
0
0
-1
0
0
0
-1
-1
0
0
1
0
-1
0
0
0
0
0
0
-1
-1
0
0
-1
1
0
1
0
0
0
0
0
0
1
0
0
0
-1
0
0
0
0
0
1
-1
0
0
0
0
0
0
0
0
0
1
0
0
0
0
0
0
-1
0
0
-1
0
0
-1
0
0
0
0
0
0
0
0
1
0
0
-1
1
0
0
-1
-1
0
0
0
1
-1
0
0
0
-1
1
0
0
0
1
-1
0
0
0
0
0
0
0
0
0
0
0
-1
0
0
0
0
0
0
0
0
0
0
1
-1
0
0
-1
1
0
0
0
0
0
0
0
0
0
0
0
0
0
0
-1
0
0
0
0
0
0
0
-1
0
0
0
-1
0
0
-1
-1
0
0
0
0
0
1
1
-1
0
-1
0
0
0
0
0
0
0
0
1
0
0
0
0
-1
1
0
0
1
0
0
0
0
0
1
1
0
0
0
0
0
-1
0
-1
1
0
1
0
0
1
0
0
1
0
0
0
1
-1
-1
1
0
0
0
-1
0
0
1
0
0
0
0
0
0
-1
0
0
0
-1
0
0
1
1
-1
0
0
0
0
0
0
0
0
0
-1
1
0
0
1
0
0
0
0
1
-1
0
0
0
0
-1
1
0
0
-1
0
0
0
0
0
-1
0
-1
1
0
0
1
0
0
0
0
0
0
0
0
-1
0
0
0
1
0
1
0
0
0
0
-1
0
0
1
1
0
0
0
-1
-1
0
0
0
-1
0
0
1
0
1
0
0
1
0
0
1
0
0
0
0
0
0
0
0
0
0
0
-1
1
0
0
0
0
0
0
0
0
0
0
-1
0
-1
0
0
0
0
0
-1
0
0
0
1
0
0
0
0
0
0
0
0
0
-1
1
1
-1
0
0
0
0
0
0
0
0
0
0
0
0
0
-1
0
0
0
0
0
0
0
0
-1
0
0
0
0
-1
0
-1
0
0
0
0
0
-1
0
0
-1
0