0
0
0
0
0
0
0
-1
0
-1
0
0
0
0
0
0
-1
0
0
0
0
0
0
0
0
0
0
0
0
0
0
0
0
0
1
1
0
-1
0
0
0
0
0
0
0
0
0
0
0
0
0
0
0
0
1
0
0
0
0
0
1
0
0
0
0
0
0
0
-1
-1
0
0
0
0
0
-1
-1
0
0
0
-1
1
0
0
-1
0
0
0
0
0
0
0
0
0
0
0
0
0
0
0
0
1
0
0
-1
0
0
0
0
0
0
1
0
0
-1
-1
0
0
0
0
-1
0
0
0
0
0
1
0
0
1
0
1
0
0
0
0
0
0
-1
0
0
0
0
0
0
1
0
0
0
0
0
0
-1
-1
0
-1
0
0
0
0
0
0
0
0
0
0
0
0
0
0
-1
0
0
0
0
1
0
0
0
0
0
0
0
0
0
0
-1
1
-1
0
0
0
0
0
0
0
0
1
0
1
0
0
0
1
-1
0
0
0
0
0
0
0
0
0
0
-1
0
0
0
0
1
1
0
1
0
0
0
0
0
0
0
0
0
0
-1
-1
-1
-1
0
0
0
0
0
-1
0
0
0
0
0
-1
0
-1
0
1
0
0
1
0
0
-1
0
-1
0
0
0
-1
0
1
-1
0
0
0
0
-1
0
1
0
-1
1
1
0
1
-1
0
0
1
0
0
-1
1
0
0
1
0
0
0
0
1
0
0
0
0
1
0
-1
0
-1
0
1
0
1
-1
0
1
0
0
0
0
0
-1
0
0
0
0
0
0
0
0
0
0
-1
0
1
0
1
0
-1
0
0
1
0
0
0
0
0
0
-1
0
-1
0
0
0
0
0
0
0
1
0
1
0
0
0
0
0
-1
0
0
0
0
0
-1
0
0
0
0
0
0
1
0
0
0
0
1
0
0
0
0
0
0
0
0
0
-1
0
1
0
0
0
0
0
0
0
0
0
0
0
0
0
0
0
-1
1
0
0
0
-1
0
0
0
1
0
0
0
-1
0
0
0
0
1
1
0
1
0
0
-1
0
-1
0
0
0
0
0
0
0
0
0
0
0
0
0
1
0
0
0
0
0
0
0
0
0
0
0
0
0
0
0
0
0
0
1
0
0
0
1
0
0
0
0
0
0
0
0
1
1
0
0
1
0
0
0
0
0
1
0
0
-1
1
0
-1
-1
0
0
0
0
0
1
0
1
0
0
0
1
0
-1
0
-1
0
0
-1
0
0
0
-1
0
0
0
0
0
0
0
0
1
-1
0
0
0
0
-1
0
0
0
0
0
1
0
0
0
0
0
0
0
0
1
1
0
0
0
0
0
0
0
0
0
1
0
-1
0
0
0
0
0
0
0
0
0
0
1
0
1
1
1
0
0
0
0
0
0
0
0
0
0
0
0
-1
0
0
0
-1
0
-1
0
0
0
0
0
0
0
-1
1
0
1
0
0
0
0
1
1
0
-1
0
1
-1
0
0
0
0
0
0
0
0
0
0
0
0
0
1
-1
0
0
0
0
0
0
0
-1
0
-1
0
0
0
0
0
-1
0
1
0
0
0
1
0
0
0
0
0
0
0
0
0
0
0
0
0
0
1
0
1
0
-1
-1
-1
0
0
0
0
0
0
0
-1
0
0
1
-1
0
1
0
0
0
0
0
0
0
-1
0
0
0
0
0
0
0
0
0
0
0
0
0
0
0
0
0
0
0
0
0
0
1
0
1
0
0
0
1
0
0
-1
1
0
-1
0
0
-1
0
0
0
0
-1
0
0
0
0
1
0
0
0
1
0
0
1
-1
0
0
0
0
0
0
-1
0
1
0
0
0
1
-1
0
0
0
-1
0
0
0
-1
0
1
0
-1
0
0
-1
-1
0
0
0
0
-1
-1
-1
0
0
0
0
0
0
0
0
0
1
0
-1
0
1
0
1
0
0
0
-1
0
0
0
0
0
0
-1
1
0
0
0
0
1
0
0
0
-1
0
1
0
0
0
0
0
0
0
0
0
0
-1
1
-1
0
1
0
0
0
0
0
0
0
0
0
0
0
0
0
0
0
1
0
0
0
0
-1
1
0
0
0
0
0
0
0
0
0
0
0
0
-1
0
0
0
-1
0
0
1
1
0
0
0
0
-1
0
1
0
-1
0
0
0
0
-1
0
0
0
0
0
-1
-1
0
0
0
0
1
0
0
0
0
-1
0
0
0
0
0
0
0
0
1
0
-1
0
0
-1
0
0
0
0
0
0
0
0
0
0
0
1
0
0
0
0
-1
-1
0
-1
0
0
0
-1
0
0
0
0
1
1
-1
0
0
-1
-1
0
0
-1
0
0
-1
0
0
-1
1
-1
0
0
-1
0
0
0
0
0
0
0
1
0
0
-1
1
1
0
0
0
0
0
0
0
0
0
1
0
0
0
0
0
0
-1
0
0
-1
0
0
1
0
0
1
0
0
0
1
0
0
0
0
0
0
1
-1
0
0
0
1
0
-1
0
0
0
0
0
-1
0
0
0
0
1
0
0
1
0
0
0
1
0
0
0
0
0
1
0
0
0
0
0
0
0
1
0
0
0
0
-1
0
0
-1
-1
0
-1
0
0
0
1
1
0
0
0
-1
1
0
0
0
0
1
0
1
0
0
1
1
0
0
0
0
0
-1
0
0
0
-1
0
0
1
0
0
0
0
1
0
1
0
0
0
0
-1
0
0
0
0
0
-1
0
0
0
1
1
0
0
-1
0
0
1
0
0
-1
1
0
0
0
0
-1
0
0
0
0
0
0
0
0
0
0
0
1
0
0
0
-1
0
1
0
0
1
-1
0
-1
-1
0
0
0
0
0
0
0
0
-1
0
-1
1
0
1
1
0
0
0
0
0
0
0
0
0
0
0
0
0
0
1
0
-1
0
0
0
0
0
0
-1
0
0
-1
0
0
0
0
0
0
0
1
1
0
0
0
0
0
0
0
-1
0
0
0
0
0
0
-1
-1
0
0
0
0
0
1
0
1
-1
0
0
-1
0
0
0
1
0
0
0
0
0
0
0
1
0
1
0
0
0
-1
-1
0
0
0
0
1
0
-1
0
0
0
0
1
0
-1
0
0
0
0
0
1
0
0
0
0
0
0
0
0
0
0
1
0
0
0
0
0
0
0
0
0
0
0
0
0
-1
-1
0
0
0
0
0
0
-1
0
0
-1
0
0
0
0
0
0
0
0
0
0
0
0
0
0
0
0
0
-1
0
0
1
0
0
-1
1
0
0
0
0
0
0
0
0
0
0
-1
1
0
0
-1
0
0
0
1
0
-1
0
0
0
0
0
0
0
1
-1
0
-1
0
-1
-1
0
0
0
1
0
0
0
0
0
1
0
-1
-1
0
0
0
0
0
0
0
-1
0
-1
0
1
0
0
0
0
1
0
0
0
0
0
-1
-1
0
0
0
0
-1
0
1
0
1
0
0
0
0
-1
0
0
0
-1
0
0
0
0
0
0
0
0
-1
0
0
0
1
0
1
0
-1
0
1
0
0
-1
0
0
0
0
0
0
1
0
1
0
0
0
0
0
1
0
1
0
0
0
1
0
0
0
0
0
-1
0
0
0
0
0
0
0
0
0
-1
0
0
0
0
0
0
0
0
0
0
1
0
1
0
0
1
0
0
1
0
0
1
0
0
1
0
0
0
0
0
0
0
0
0
0
0
1
0
0
-1
0
0
-1
0
-1
0
0
1
1
0
0
0
-1
0
0
0
0
0
0
1
0
0
-1
0
0
0
0
-1
0
1
0
0
0
0
0
-1
0
0
0
0
0
0
0
1
0
0
0
0
0
-1
0
0
0
0
0
1
0
0
0
0
0
0
0
1
0
-1
0
-1
1
0
0
0
0
-1
0
-1
0
0
0
0
-1
1
0
0
0
1
0
-1
0
1
1
0
-1
0
0
0
0
0
0
0
0
-1
0
0
0
0
1
-1
0
0
-1
0
0
0
0
0
1
1
0
0
0
-1
-1
0
0
0
1
0
0
0
0
0
0
1
0
0
-1
0
0
1
0
0
0
0
0
1
0
0
-1
0
0
0
0
0
0
0
0
1
0
0
0
0
0
0
0
0
1
0
0
0
0
0
0
-1
0
0
0
0
1
0
0
1
0
0
0
1
-1
0
-1
0
0
0
1
0
0
0
0
0
0
1
0
0
0
0
0
0
0
0
0
-1
0
0
0
1
0
0
0
1
0
0
0
0
0
0
0
0
0
0
1
0
1
0
-1
0
0
-1
0
0
0
-1
0
0
0
-1
0
-1
1
-1
1
0
0
0
0
0
1
0
1
0
0
0
0
0
0
0
0
0
0
0
1
0
0
-1
0
0
0
0
0
0
0
0
0
0
-1
0
0
1
0
0
-1
0
0
0
0
0
0
0
0
-1
0
1
0
0
0
0
1
0
0
0
0
0
-1
0
0
-1
0
0
0
0
0
0
0
0
0
0
0
1
1
1
1
0
0
-1
1
0
0
0
0
0
0
0
0
0
0
0
0
1
0
0
1
0
1
0
0
1
0
0
0
0
1
0
0
-1
0
1
2
1
0
-1
-2
-1
-1
0
1
1
1
2
2
-1
-3
-2
0
1
2
2
1
0
-2
-1
-2
1
2
1
0
0
-1
1
1
1
2
1
0
1
-1
-1
0
0
1
0
0
0
1
1
0
0
1
1
-1
1
-1
0
-1
-1
1
1
1
0
-1
-3
-2
0
0
1
1
0
-1
1
0
1
2
2
1
0
0
-1
0
1
0
1
0
0
0
1
-1
0
0
0
0
0
0
0
0
0
1
2
3
3
1
0
-2
-2
0
2
4
4
3
0
-1
-1
0
2
2
1
1
0
0
0
1
1
1
2
1
2
1
1
1
1
3
3
4
3
3
0
1
2
4
3
3
1
1
0
1
2
3
3
1
0
-1
-2
-2
-1
-2
-1
4
7
2
-9
-26
-35
-27
-3
20
22
-3
-43
-69
-66
-36
1
17
3
-31
-61
-68
-47
-14
7
6
-14
-34
-40
-26
-4
12
14
9
1
-1
1
6
8
12
18
26
26
17
1
-13
-14
5
28
44
42
23
0
-10
-6
12
29
35
29
17
7
3
7
13
18
20
19
14
8
3
0
3
9
18
26
27
21
12
5
4
10
19
24
22
13
5
-2
-1
5
12
18
16
9
-1
-8
-11
-6
0
6
4
-2
-10
-13
-11
-5
-1
0
-7
-16
-24
-27
-22
-18
-15
-16
-20
-23
-23
-24
-23
-20
-18
-15
-10
-10
-11
-14
-17
-15
-13
-8
-5
-4
-6
-8
-9
-5
-2
-1
0
-1
-1
1
4
5
5
4
3
3
3
3
2
1
2
5
7
6
5
1
0
0
4
7
6
3
0
-1
2
5
9
8
6
3
3
5
7
10
9
9
7
9
10
11
11
10
10
9
12
13
13
11
9
8
7
7
8
5
3
2
3
5
6
4
2
-2
-3
-1
2
3
2
-3
-5
-7
-3
1
0
-3
-8
-11
-9
-3
1
0
-6
-13
-16
-15
-7
-3
-2
-7
-13
-16
-14
-10
-3
-3
-5
-7
-7
-5
0
4
3
2
-1
-1
0
3
5
7
7
6
6
5
3
0
0
0
2
3
4
1
-2
-6
-4
-1
1
1
-2
-5
-5
-1
4
4
3
-1
-5
-4
1
5
7
5
0
-4
-2
0
4
6
5
1
0
0
2
5
5
2
-1
-2
-2
2
5
4
3
0
0
0
1
1
1
-2
0
0
1
1
2
-1
-2
-2
-1
0
-1
-3
-4
-5
-2
-1
1
0
-1
-3
-4
-1
1
3
2
-1
-3
-1
1
3
5
2
-1
-4
-3
0
6
5
5
0
-3
-3
-1
2
1
2
1
0
-1
-1
0
0
1
2
3
3
2
1
-1
-3
0
2
4
4
1
-4
-7
-6
-3
1
3
2
-1
-5
-3
-2
0
1
1
0
-1
-3
-3
0
1
3
3
3
3
2
0
0
-2
0
1
1
3
2
0
-1
-2
0
2
4
3
2
0
0
0
2
3
3
1
0
-1
-1
1
2
1
0
-1
-2
1
0
1
-1
-1
0
1
1
-1
0
-1
-1
0
1
1
0
0
-1
0
0
1
1
1
-1
-1
-1
0
1
1
0
0
-1
0
-1
0
0
0
1
1
1
1
0
-1
0
-1
1
2
0
-1
-1
-2
-1
0
0
0
-2
-2
-2
-1
1
2
-1
0
-1
0
1
0
1
1
1
1
0
1
1
0
0
1
3
2
2
0
0
0
1
2
2
2
1
0
1
1
2
1
2
1
0
0
0
0
-1
0
-1
0
1
0
0
0
-1
0
1
2
1
0
-1
-1
0
1
1
1
1
-1
-2
-2
-1
1
0
-1
-1
-1
-3
-2
-1
0
0
0
-2
-3
-3
-1
0
1
1
0
-2
0
1
0
1
1
0
0
1
1
2
0
0
1
2
3
2
1
0
1
2
2
2
0
0
0
1
1
0
0
0
1
0
0
2
1
2
1
1
2
3
1
1
1
-1
2
3
2
0
0
-1
0
1
1
0
0
-1
0
0
0
1
0
1
0
0
0
1
1
0
0
1
-1
-1
-2
0
0
1
1
0
0
0
0
0
0
0
0
0
0
0
0
1
1
1
0
-1
-2
-2
0
0
0
-1
-2
-3
-2
0
0
0
0
-1
-1
0
1
0
1
1
1
1
1
1
0
-1
0
0
0
0
0
0
1
1
1
1
1
1
1
1
1
1
0
0
0
0
0
0
1
-1
0
0
0
0
0
0
0
1
0
0
0
0
0
-1
0
0
0
0
0
0
0
0
0
0
-1
-1
-1
-1
0
-1
0
0
0
0
0
0
-1
-1
0
-1
0
0
0
-1
0
0
0
0
0
0
0
1
0
0
0
0
0
0
0
0
0
0
1
1
0
0
0
0
0
0
0
0
0
0
0
1
0
0
0
0
0
1
1
0
0
0
0
0
-1
0
0
0
0
0
0
1
0
0
1
0
0
0
1
0
0
1
0
1
1
0
0
0
0
0
0
0
0
0
0
1
0
1
1
-1
0
0
0
0
0
0
0
0
0
0
0
1
0
0
1
0
0
0
1
0
0
0
-1
0
0
0
0
0
0
0
0
0
0
1
0
0
0
-1
-1
0
0
0
0
0
0
0
0
0
0
-1
0
1
0
0
0
0
0
0
0
-1
0
1
0
0
0
0
-1
0
-1
-1
0
0
0
0
1
0
0
0
0
0
0
0
0
1
1
0
1
-1
0
0
0
0
0
0
0
0
0
0
0
0
0
0
0
0
0
0
0
0
0
0
0
0
0
0
0
0
0
0
-1
0
0
0
0
-1
0
0
0
0
0
0
0
0
0
0
0
0
0
0
-1
0
0
0
0
0
0
0
0
0
1
0
-1
0
0
0
0
0
0
0
0
0
0
0
0
0
0
0
0
0
0
0
-1
0
0
0
0
0
0
0
0
0
0
0
0
0
1
0
0
0
0
0
0
0
1
0
0
0
1
1
0
0
0
-1
1
1
0
0
0
0
0
0
0
1
0
0
0
1
0
0
0
0
0
-1
0
0
0
0
0
0
0
0
0
0
-1
-1
-1
0
0
0
0
-1
0
0
0
0
0
0
0
0
0
1
0
1
0
0
0
0
0
0
1
-1
0
1
-1
0
0
0
0
0
0
0
-1
0
0
0
-1
0
-1
0
0
0
0
0
-1
0
0
0
0
0
0
-1
0
0
0
0
0
0
0
0
-1
-1
0
0
0
0
0
1
0
0
0
0
0
-1
0
0
0
0
0
0
0
0
0
1
0
1
0
0
1
-1
1
0
0
0
-1
-1
0
0
0
-1
0
-1
0
0
0
-1
0
0
0
0
1
0
0
0
0
0
0
1
0
1
0
0
0
0
0
0
1
0
0
0
1
1
0
0
0
0
0
0
0
0
-1
1
0
0
0
0
0
0
0
1
0
0
-1
0
0
0
-1
-1
0
0
1
0
-1
0
0
0
0
0
0
-1
-1
0
0
-1
1
0
1
0
0
0
0
0
0
1
0
0
0
-1
0
0
0
0
0
1
-1
0
0
0
0
0
0
0
0
0
1
0
0
0
0
0
0
-1
0
0
-1
0
0
-1
0
0
0
0
0
0
0
0
1
0
0
-1
1
0
0
-1
-1
0
0
0
1
-1
0
0
0
-1
1
0
0
0
1
-1
0
0
0
0
0
0
0
0
0
0
0
-1
0
0
0
0
0
0
0
0
0
0
1
-1
0
0
-1
1
0
0
0
0
0
0
0
0
0
0
0
0
0
0
-1
0
0
0
0
0
0
0
-1
0
0
0
-1
0
0
-1
-1
0
0
0
0
0
1
1
-1
0
-1
0
0
0
0
0
0
0
0
1
0
0
0
0
-1
1
0
0
1
0
0
0
0
0
1
1
0
0
0
0
0
-1
0
-1
1
0
1
0
0
1
0
0
1
0
0
0
1
-1
-1
1
0
0
0
-1
0
0
1
0
0
0
0
0
0
-1
0
0
0
-1
0
0
1
1
-1
0
0
0
0
0
0
0
0
0
-1
1
0
0
1
0
0
0
0
1
-1
0
0
0
0
-1
1
0
0
-1
0
0
0
0
0
-1
0
-1
1
0
0
1
0
0
0
0
0
0
0
0
-1
0
0
0
1
0
1
0
0
0
0
-1
0
0
1
1
0
0
0
-1
-1
0
0
0
-1
0
0
1
0
1
0
0
1
0
0
1
0
0
0
0
0
0
0
0
0
0
0
-1
1
0
0
0
0
0
0
0
0
0
0
-1
0
-1
0
0
0
0
0
-1
0
0
0
1
0
0
0
0
0
0
0
0
0
-1
1
1
-1
0
0
0
0
0
0
0
0
0
0
0
0
0
-1
0
0
0
0
0
0
0
0
-1
0
0
0
0
-1
0
-1
0
0
0
0
0
-1
0
0
-1
0
0
0
1
0
0
0
0
0
0
1
0
0
0
0
0
1
0
0
0
1
1
0
0
0
0
0
0
0
0
1
1
1
0
0
-1
0
0
0
-1
-1
0
0
0
0
0
0
0
0
0
0
0
0
0
0
0
0
0
0
0
0
0
1
1
1
0
-1
0
0
0
0
0
0
1
-1
-1
0
0
0
0
0
1
0
-1
0
0
0
0
0
0
0
0
-1
0
0
0
0
1
0
0
0
0
0
-1
1
1
0
0
0
0
1
0
0
0
0
0
0
0
0
0
0
0
0
1
0
0
0
0
0
0
1
0
0
0
0
0
0
0
0
0
0
1
0
-1
0
0
0
0
-1
0
0
0
0
0
0
-1
0
0
-1
0
0
0
-1
1
0
0
0
0
0
0
0
0
0
0
0
0
0
-1
0
-1
0
0
0
0
0
0
0
0
0
1
0
0
0
0
0
0
0
0
0
0
0
1
0
0
0
0
0
0
0
0
0
-1
0
0
1
0
0
0
0
0
0
0
1
0
0
0
0
0
0
-1
0
1
0
0
0
0
0
0
0
0
-1
0
0
0
0
0
0
0
0
1
0
-1
0
1
0
0
-1
0
0
0
0
-1
0
0
0
0
1
0
0
0
0
0
0
0
0
-1
0
0
0
0
0
0
0
0
0
1
0
0
0
0
0
1
0
0
1
0
1
-1
0
0
0
0
0
0
0
0
-1
0
-1
-1
0
0
0
0
0
0
0
0
0
0
-1
0
-1
0
0
0
0
0
0
-1
0
0
0
0
0
0
0
0
0
0
0
0
0
0
0
0
0
1
1
0
-1
0
0
0
0
0
0
0
0
0
0
0
0
0
0
0
0
1
0
0
0
0
0
1
0
0
0
0
0
0
0
-1
-1
0
0
0
0
0
-1
-1
0
0
0
-1
1
0
0
-1
0
0
0
0
0
0
0
0
0
0
0
0
0
0
0
0
1
0
0
-1
0
0
0
0
0
0
1
0
0
-1
-1
0
0
0
0
-1
0
0
0
0
0
1
0
0
1
0
1
0
0
0
0
0
0
-1
0
0
0
0
0
0
1
0
0
0
0
0
0
-1
-1
0
-1
0
0
0
0
0
0
0
0
0
0
0
0
0
0
-1
0
0
0
0
1
0
0
0
0
0
0
0
0
0
0
-1
1
-1
0
0
0
0
0
0
0
0
1
0
1
0
0
0
1
-1
0
0
0
0
0
0
0
0
0
0
-1
0
0
0
0
1
1
0
1
0
0
0
0
0
0
0
0
0
0
-1
-1
-1
-1
0
0
0
0
0
-1
0
0
0
0
0
-1
0
-1
0
1
0
0
1
0
0
-1
0
-1
0
0
0
-1
0
1
-1
0
0
0
0
-1
0
1
0
-1
1
1
0
1
-1
0
0
1
0
0
-1
1
0
0
1
0
0
0
0
1
0
0
0
0
1
0
-1
0
-1
0
1
0
1
-1
0
1
0
0
0
0
0
-1
0
0
0
0
0
0
0
0
0
0
-1
0
1
0
1
0
-1
0
0
1
0
0
0
0
0
0
-1
0
-1
0
0
0
0
0
0
0
1
0
1
0
0
0
0
0
-1
0
0
0
0
0
-1
0
0
0
0
0
0
1
0
0
0
0
1
0
0
0
0
0
0
0
0
0
-1
0
1
0
0
0
0
0
0
0
0
0
0
0
0
0
0
0
-1
1
0
0
0
-1
0
0
0
1
0
0
0
-1
0
0
0
0
1
1
0
1
0
0
-1
0
-1
0
0
0
0
0
0
0
0
0
0
0
0
0
1
0
0
0
0
0
0
0
0
0
0
0
0
0
0
0
0
0
0
1
0
0
0
1
0
0
0
0
0
0
0
0
1
1
0
0
1
0
0
0
0
0
1
0
0
-1
1
0
-1
-1
0
0
0
0
0
1
0
1
0
0
0
1
0
-1
0
-1
0
0
-1
0
0
0
-1
0
0
0
0
0
0
0
0
1
-1
0
0
0
0
-1
0
0
0
0
0
1
0
0
0
0
0
0
0
0
1
1
0
0
0
0
0
0
0
0
0
1
0
-1
0
0
0
0
0
0
0
0
0
0
1
0
1
1
1
0
0
0
0
0
0
0
0
0
0
0
0
-1
0
0
0
-1
0
-1
0
0
0
0
0
0
0
-1
1
0
1
0
0
0
0
1
1
0
-1
0
1
-1
0
0
0
0
0
0
0
0
0
0
0
0
0
1
-1
0
0
0
0
0
0
0
-1
0
-1
0
0
0
0
0
-1
0
1
0
0
0
1
0
0
0
0
0
0
0
0
0
0
0
0
0
0
1
0
1
0
-1
-1
-1
0
0
0
0
0
0
0
-1
0
0
1
-1
0
1
0
0
0
0
0
0
0
-1
0
0
0
0
0
0
0
0
0
0
0
0
0
0
0
0
0
0
0
0
0
0
1
0
1
0
0
0
1
0
0
-1
1
0
-1
0
0
-1
0
0
0
0
-1
0
0
0
0
1
0
0
0
1
0
0
1
-1
0
0
0
0
0
0
-1
0
1
0
0
0
1
-1
0
0
0
-1
0
0
0
-1
0
1
0
-1
0
0
-1
-1
0
0
0
0
-1
-1
-1
0
0
0
0
0
0
0
0
0
1
0
-1
0
1
0
1
0
0
0
-1
0
0
0
0
0
0
-1
1
0
0
0
0
1
0
0
0
-1
0
1
0
0
0
0
0
0
0
0
0
0
-1
1
-1
0
1
0
0
0
0
0
0
0
0
0
0
0
0
0
0
0
1
0
0
0
0
-1
1
0
0
0
0
0
0
0
0
0
0
0
0
-1
0
0
0
-1
0
0
1
1
0
0
0
0
-1
0
1
0
-1
0
0
0
0
-1
0
0
0
0
0
-1
-1
0
0
0
0
1
0
0
0
0
-1
0
0
0
0
0
0
0
0
1
0
-1
0
0
-1
0
0
0
0
0
0
0
0
0
0
0
1
0
0
0
0
-1
-1
0
-1
0
0
0
-1
0
0
0
0
1
1
-1
0
0
-1
-1
0
0
-1
0
0
-1
0
0
-1
1
-1
0
0
-1
0
0
0
0
0
0
0
1
0
0
-1
1
1
0
0
0
0
0
0
0
0
0
1
0
0
0
0
0
0
-1
0
0
-1
0
0
1
0
0
1
0
0
0
1
0
0
0
0
0
0
1
-1
0
0
0
1
0
-1
0
0
0
0
0
-1
0
0
0
0
1
0
0
1
0
0
0
1
0
0
0
0
0
1
0
0
0
0
0
0
0
1
0
0
0
0
-1
0
0
-1
-1
0
-1
0
0
0
1
1
0
0
0
-1
1
0
0
0
0
1
0
1
0
0
1
1
0
0
0
0
0
-1
0
0
0
-1
0
0
1
0
0
0
0
1
0
1
0
0
0
0
-1
0
0
0
0
0
-1
0
0
0
1
1
0
0
-1
0
0
1
0
0
-1
1
0
0
0
0
-1
0
0
0
0
0
0
0
0
0
0
0
1
0
0
0
-1
0
1
0
0
1
-1
0
-1
-1
0
0
0
0
0
0
0
0
-1
0
-1
1
0
1
1
0
0
0
0
0
0
0
0
0
0
0
0
0
0
1
0
-1
0
0
0
0
0
0
-1
0
0
-1
0
0
0
0
0
0
0
1
1
0
0
0
0
0
0
0
-1
0
0
0
0
0
0
-1
-1
0
0
0
0
0
1
0
1
-1
0
0
-1
0
0
0
1
0
0
0
0
0
0
0
1
0
1
0
0
0
-1
-1
0
0
0
0
1
0
-1
0
0
0
0
1
0
-1
0
0
0
0
0
1
0
0
0
0
0
0
0
0
0
0
1
0
0
0
0
0
0
0
0
0
0
0
0
0
-1
-1
0
0
0
0
0
0
-1
0
0
-1
0
0
0
0
0
0
0
0
0
0
0
0
0
0
0
0
0
-1
0
0
1
0
0
-1
1
0
0
0
0
0
0
0
0
0
0
-1
1
0
0
-1
0
0
0
1
0
-1
0
0
0
0
0
0
0
1
-1
0
-1
0
-1
-1
0
0
0
1
0
0
0
0
0
1
0
-1
-1
0
0
0
0
0
0
0
-1
0
-1
0
1
0
0
0
0
1
0
0
0
0
0
-1
-1
0
0
0
0
-1
0
1
0
1
0
0
0
0
-1
0
0
0
-1
0
0
0
0
0
0
0
0
-1
0
0
0
1
0
1
0
-1
0
1
0
0
-1
0
0
0
0
0
0
1
0
1
0
0
0
0
0
1
0
1
0
0
0
1
0
0
0
0
0
-1
0
0
0
0
0
0
0
0
0
-1
0
0
0
0
0
0
0
0
0
0
1
0
1
0
0
1
0
0
1
0
0
1
0
0
1
0
0
0
0
0
0
0
0
0
0
0
1
0
0
-1
0
0
-1
0
-1
0
0
1
1
0
0
0
-1
0
0
0
0
0
0
1
0
0
-1
0
0
0
0
-1
0
1
0
0
0
0
0
-1
0
0
0
0
0
0
0
1
0
0
0
0
0
-1
0
0
0
0
0
1
0
0
0
0
0
0
0
1
0
-1
0
-1
1
0
0
0
0
-1
0
-1
0
0
0
0
-1
1
0
0
0
1
0
-1
0
1
1
0
-1
0
0
0
0
0
0
0
0
-1
0
0
0
0
1
-1
0
0
-1
0
0
0
0
0
1
1
0
0
0
-1
-1
0
0
0
1
0
0
0
0
0
0
1
0
0
-1
0
0
1
0
0
0
0
0
1
0
0
-1
0
0
0
0
0
0
0
0
1
0
0
0
0
0
0
0
0
1
0
0
0
0
0
0
-1
0
0
0
0
1
0
0
1
0
0
0
1
-1
0
-1
0
0
0
1
0
0
0
0
0
0
1
0
0
0
0
0
0
0
0
0
-1
0
0
0
1
0
0
0
1
0
0
0
0
0
0
0
0
0
0
1
0
1
0
-1
0
0
-1
0
0
0
-1
0
0
0
-1
0
-1
1
-1
1
0
0
0
0
0
1
0
1
0
0
0
0
0
0
0
0
0
0
0
1
0
0
-1
0
0
0
0
0
0
0
0
0
0
-1
0
0
1
0
0
-1
0
0
0
0
0
0
0
0
-1
0
1
0
0
0
0
1
0
0
0
0
0
-1
0
0
-1
0
0
0
0
0
0
0
0
0
0
0
1
1
1
1
0
0
-1
1
0
0
0
0
0
0
0
0
0
0
0
0
1
0
0
1
0
1
0
0
1
0
0
0
0
1
0
0
-1
0
0
1
1
0
0
-1
0
-1
-1
0
0
0
1
1
0
-1
0
1
0
0
0
0
1
0
1
-1
0
1
0
0
0
-1
0
0
0
1
0
-1
0
-1
-1
0
0
1
0
0
0
1
1
0
0
1
1
-1
0
-1
0
0
0
1
0
0
0
0
-1
0
0
-1
0
0
-1
-1
1
0
0
0
0
-1
0
1
0
0
0
-1
1
0
1
0
1
-1
0
0
0
-1
0
0
0
0
0
0
0
0
0
0
0
0
0
0
0
0
0
1
0
0
0
0
1
0
0
0
0
0
0
0
0
0
0
0
0
0
0
0
0
0
0
0
0
1
0
0
0
0
-1
0
0
1
0
0
0
0
0
-1
0
0
0
0
0
0
-1
0
0
-1
0
0
0
-1
0
0
0
0
-1
0
0
0
0
0
0
0
0
0
0
0
0
0
0
0
-1
0
0
0
-1
0
-1
0
-1
0
0
0
0
1
0
0
0
0
-1
1
0
0
0
0
0
1
0
0
0
0
0
0
1
0
0
0
0
-1
0
-1
0
0
0
0
0
0
0
0
0
0
0
0
0
0
0
0
0
1
0
1
1
0
1
0
0
0
0
0
1
0
1
0
0
0
1
0
0
-1
0
0
1
0
-1
0
0
0
0
-1
-1
1
0
0
1
0
0
1
0
0
0
-1
1
0
0
0
0
0
0
-1
0
0
0
0
0
0
0
0
0
0
0
0
0
0
0
0
0
0
0
0
-1
0
-1
0
-1
0
1
1
0
0
-2
-2
-2
1
0
0
1
1
1
0
-1
-4
-1
1
1
0
2
1
-5
-2
3
0
-4
2
9
-2
-8
2
6
-4
-5
9
6
-8
-5
6
-2
-9
2
10
0
-7
2
4
-5
-1
5
3
-3
-2
5
1
-8
-2
8
1
-9
3
13
-5
-14
11
7
-15
-3
13
0
-6
3
4
-2
-4
-3
2
5
0
-1
7
-1
-13
1
10
-6
-8
24
11
-30
-9
20
-10
-14
20
16
-6
-4
-2
-15
-7
13
-1
-8
28
10
-37
-5
22
-17
-12
30
14
-18
-4
11
-14
-21
17
22
-13
-7
16
-2
-13
-9
4
17
1
-13
9
9
-14
-9
12
3
-11
9
10
-21
-6
31
2
-38
11
47
-25
-53
38
44
-48
-26
59
9
-63
12
58
-36
-41
61
17
-73
2
61
-15
-47
18
47
-10
-58
14
61
-35
-58
56
44
-73
-17
87
-14
-90
52
83
-97
-58
119
25
-124
2
130
-20
-120
44
93
-64
-73
75
61
-87
-35
92
-3
-93
22
92
-27
-84
40
79
-50
-75
36
71
-24
-70
17
72
7
-83
-26
104
10
-114
12
110
-22
-103
39
85
-67
-68
77
66
-76
-56
100
35
-131
-36
150
23
-146
11
158
-39
-165
60
100
-50
-50
54
15
-10
-12
-30
-4
44
11
-48
19
33
-14
-42
33
12
-47
18
52
-34
-62
65
46
-59
-57
60
53
-46
-82
49
115
-58
-123
83
97
-111
-80
139
43
-127
39
97
-126
-54
150
-25
-116
94
91
-114
-49
72
2
-32
6
13
17
36
-59
-58
96
22
-150
47
182
-120
-157
214
70
-284
32
283
-113
-251
208
228
-311
-155
353
15
-354
107
318
-150
-246
166
209
-213
-199
243
149
-238
-67
209
37
-196
-35
174
26
-163
6
190
-56
-209
101
197
-143
-208
227
228
-342
-196
435
90
-487
54
456
-163
-346
204
243
-226
-167
256
52
-221
5
197
-47
-182
71
172
-33
-243
79
262
-142
-236
159
231
-170
-203
181
151
-212
-77
220
-4
-177
99
125
-207
-40
219
-39
-194
97
222
-182
-163
187
105
-230
-19
246
-70
-193
143
130
-238
-22
218
-45
-157
89
143
-147
-53
89
-30
4
55
-111
23
167
-125
-175
223
95
-260
47
220
-108
-192
149
186
-282
-90
373
-49
-410
229
320
-322
-217
409
89
-434
58
379
-204
-299
377
106
-412
44
411
-200
-383
332
301
-335
-270
397
189
-464
-73
415
15
-368
102
270
-136
-203
119
179
-191
-76
195
40
-195
-9
196
-75
-113
30
117
-15
-70
12
-19
80
-19
-147
33
218
-85
-163
110
117
-102
-137
78
125
-88
-21
54
-20
30
-22
-116
115
70
-157
40
134
-64
-157
92
167
-168
-173
306
120
-411
53
319
-90
-315
187
200
-191
-82
157
25
-173
99
117
-218
-26
318
-156
-260
285
110
-214
-157
284
80
-340
79
308
-180
-224
262
45
-192
-69
246
29
-259
90
149
-103
-49
-19
52
112
-78
-152
139
141
-199
-106
177
117
-238
18
166
-47
-137
84
84
-141
20
134
-79
-115
167
-32
-81
24
46
-39
-24
150
-158
-89
318
-104
-327
268
243
-381
-99
394
3
-398
105
417
-312
-292
441
76
-392
36
358
-110
-328
197
214
-190
-188
227
128
-193
-76
78
190
-139
-254
216
350
-467
-180
591
-50
-541
153
501
-272
-419
363
347
-479
-175
536
-73
-451
217
297
-192
-284
271
293
-448
-130
466
-28
-374
69
352
-152
-222
68
269
-122
-276
254
158
-290
-80
385
-130
-288
173
283
-234
-316
360
247
-405
-162
432
32
-370
79
148
23
-88
-42
50
36
42
-130
-35
87
206
-260
-137
367
-59
-313
139
242
-214
-103
168
171
-287
-106
359
-45
-275
1
308
1
-310
-11
322
20
-398
34
446
-170
-341
253
245
-300
-145
284
61
-247
-73
329
-32
-277
46
262
-60
-274
111
257
-163
-220
279
-1
-211
134
50
-62
-75
97
112
-195
-68
243
-27
-191
54
132
4
-153
37
60
61
-132
-71
229
-57
-129
18
194
-76
-245
150
250
-268
-233
498
35
-560
244
349
-253
-339
309
332
-381
-293
519
142
-573
15
548
-250
-319
378
11
-237
81
140
-87
-213
198
272
-339
-346
657
146
-847
221
669
-315
-561
462
364
-541
-118
459
36
-560
261
443
-463
-207
493
-20
-335
65
173
66
-232
-59
316
-177
-72
177
-128
-55
223
-124
-180
238
14
-96
-54
19
213
-176
-220
331
73
-333
83
190
-63
-76
-149
265
48
-297
72
244
-120
-186
190
5
-60
-90
109
123
-221
23
127
69
-267
22
244
-36
-218
-20
359
-124
-345
306
80
-277
179
-18
-56
64
17
-119
163
-125
-71
235
-98
-170
112
259
-293
-140
348
-29
-310
172
200
-274
24
180
-85
-92
-66
296
-2
-503
310
479
-625
-222
764
-178
-590
350
553
-678
-325
1077
-409
-810
736
531
-944
-121
868
-157
-603
64
683
-239
-566
354
420
-425
-338
631
4
-575
235
438
-311
-389
412
283
-456
-175
479
-32
-286
78
44
80
-1
-147
-31
270
-179
-47
146
-195
145
74
-162
-65
141
92
-60
-245
160
298
-346
-126
280
31
-171
24
74
46
-156
41
197
-314
35
396
-305
-252
494
-38
-553
514
76
-498
247
370
-408
-281
603
32
-571
53
607
-285
-451
469
115
-367
123
103
-82
-78
105
30
-96
34
14
39
-29
-49
-55
130
59
-137
-149
336
-18
-315
181
38
-22
-4
-37
-104
217
116
-393
27
330
68
-488
-23
598
-99
-633
341
430
-356
-350
364
331
-502
-133
487
78
-568
139
398
-168
-306
158
233
-105
-208
127
105
-75
-33
-143
300
-69
-222
70
393
-392
-284
623
-1
-551
7
717
-309
-509
365
364
-434
-185
591
-347
-241
520
-112
-400
195
358
-261
-250
162
291
-180
-231
192
123
-68
-219
199
79
-286
100
325
-261
-456
738
38
-687
148
487
-127
-394
221
58
115
-169
-150
209
31
-23
-173
142
121
-249
52
300
-363
-205
659
-111
-654
326
568
-426
-439
417
280
-243
-456
488
295
-605
62
381
-156
-226
145
100
-67
-3
-38
-20
145
76
-431
129
469
-334
-283
273
267
-256
-239
285
113
-256
97
-47
104
89
-383
262
213
-434
-58
606
-243
-570
509
414
-584
-386
811
44
-696
136
466
-58
-471
107
542
-448
-204
561
-264
-268
372
90
-436
106
379
-271
-177
198
124
-194
-25
119
-18
-45
9
19
-26
-38
175
-112
-228
416
52
-512
110
605
-372
-561
541
413
-540
-383
577
325
-626
-150
451
191
-332
-362
509
318
-716
-96
872
-372
-667
706
303
-875
168
724
-481
-378
485
85
-204
-88
-78
424
-86
-390
95
302
108
-529
25
512
-123
-404
130
334
-217
-110
134
-28
31
14
-171
190
86
-365
163
298
-242
-320
263
578
-701
-335
910
-107
-680
304
424
-329
-214
237
223
-371
-108
474
-82
-451
193
370
-165
-468
335
425
-540
-195
588
15
-625
114
744
-390
-737
769
335
-641
-265
618
173
-604
64
364
-199
-17
118
-228
63
250
-155
-187
166
71
-99
72
-41
-197
243
263
-528
28
343
-42
-132
-239
436
-107
-178
123
20
-102
35
177
-157
-146
110
338
-355
-216
433
-1
-237
-53
257
-88
-172
357
-345
-20
350
-162
-135
-8
229
-12
-226
122
83
-242
215
31
-233
19
183
130
-336
-70
347
55
-358
1
373
-222
-91
171
28
-178
-12
361
-299
-178
236
96
-12
-347
123
321
-74
-365
1
544
-153
-431
152
351
-67
-454
211
335
-312
-184
447
-177
-294
504
-101
-290
26
283
154
-605
0
737
-242
-738
560
515
-782
-167
837
-222
-593
364
477
-402
-489
662
153
-603
157
288
-252
133
101
-439
296
242
-254
-247
110
391
-189
-251
81
318
-192
-46
-59
131
108
-209
-91
322
-78
-423
491
229
-895
363
803
-726
-487
678
394
-752
-78
415
155
-400
-79
286
90
-67
-467
520
203
-490
-325
958
-199
-1027
827
470
-589
-611
948
133
-752
16
673
-165
-776
765
175
-694
-101
944
-270
-1002
847
547
-893
-161
685
-41
-360
-85
430
-160
-217
88
286
-246
-229
358
207
-490
-172
673
-101
-545
250
397
-377
-55
78
152
-95
-141
143
-51
138
-156
63
-34
52
-1
-138
137
-27
191
-426
176
275
-156
-383
365
218
-454
84
99
200
-330
174
-204
237
161
-315
-198
375
306
-614
-108
622
-43
-622
247
425
-293
-294
246
326
-280
-381
511
171
-515
-188
642
195
-808
-40
800
-38
-932
408
705
-647
-327
673
113
-877
615
220
-593
258
76
52
-233
67
25
237
-265
-117
233
-13
27
-105
-156
241
222
-370
-140
373
262
-667
118
279
33
-245
-111
478
-313
-52
80
144
-215
-12
118
64
-52
-195
260
-100
-52
183
-158
-159
364
-66
-351
111
336
-168
-212
152
180
-276
-81
383
-5
-426
-20
764
-250
-1047
840
775
-1170
-232
903
100
-659
-222
890
-258
-521
140
546
-84
-709
168
934
-545
-960
1206
201
-1007
134
673
-122
-491
47
373
3
-305
109
-20
182
-30
-464
496
134
-510
208
112
7
-222
116
203
-261
-118
343
22
-315
2
259
-34
-221
132
237
-452
120
382
-261
-188
107
415
-318
-511
688
242
-759
45
571
-153
-427
208
408
-490
-73
568
-317
-196
255
-96
46
113
-227
119
82
-268
188
96
-53
-207
20
389
-336
-207
448
251
-660
-320
1050
33
-1292
658
721
-710
-403
705
427
-1151
160
915
-644
-201
661
-365
-259
318
-20
-3
-58
-95
211
-30
-253
234
157
-424
-10
445
-60
-485
409
176
-539
226
296
-147
-285
118
133
91
-364
93
512
-412
-339
421
188
-183
-369
258
315
-255
-85
20
339
-440
-24
228
50
-42
-135
211
-59
-207
37
391
-304
-111
152
28
49
30
-283
-25
568
-357
-490
724
106
-534
-49
330
187
-380
-70
374
-97
-340
293
226
-391
-45
144
286
-280
-220
458
-209
-100
28
83
154
-249
-1
264
-281
-186
664
-307
-444
467
89
-262
-128
445
-158
-388
481
-16
-352
131
174
-156
-43
271
-132
-141
145
-183
22
291
-217
-144
300
-162
-125
272
-122
-23
-45
-66
403
-130
-420
252
284
-251
-337
373
460
-622
-239
662
-94
-440
129
237
22
-306
-4
490
-225
-595
504
572
-775
-404
893
413
-1184
-60
1108
-174
-1065
559
780
-741
-301
464
149
-301
-81
101
292
-254
-301
480
172
-587
-51
715
-223
-651
485
440
-751
70
533
-340
-199
265
63
-166
-6
76
117
-104
-238
256
143
-340
-63
401
-138
-178
85
195
-183
-197
264
168
-326
44
313
-313
85
58
-172
157
-32
-206
174
188
-118
-225
72
298
-159
-437
631
-16
-421
226
25
-22
38
-82
-71
194
-21
-265
146
346
-463
-114
553
-163
-415
346
163
-437
253
174
-393
224
93
-285
179
169
-383
57
381
-309
-151
320
106
-212
-173
178
145
-111
-190
-37
411
24
-616
309
463
-624
-118
554
-56
-325
141
214
-209
-149
107
176
28
-331
92
361
-248
-185
215
-17
-115
117
60
-15
-167
-39
329
-93
-268
176
246
-247
-374
484
303
-624
-60
488
-102
-416
231
483
-411
-333
540
40
-431
151
163
-102
-34
-19
117
4
-211
-14
289
-140
-205
397
-150
-306
288
107
-225
-18
256
-64
-173
78
156
-104
-195
136
90
-29
-32
-25
56
-82
-143
246
128
-317
113
207
-292
-66
376
-103
-371
200
205
-87
-179
149
198
-317
-114
222
183
-184
-290
342
235
-496
29
552
-318
-376
364
213
-314
-64
345
-118
-312
67
277
-8
-307
42
331
-126
-298
337
156
-450
9
362
-76
-268
105
260
-168
-214
161
259
-314
-104
280
-11
-100
41
141
-177
-152
172
137
-198
-21
300
-123
-325
188
196
-188
-104
126
102
-58
-86
77
25
-52
105
-34
-128
181
-89
-152
78
113
-75
84
-65
-55
160
-145
25
79
-72
11
66
39
-163
-24
126
-1
-131
47
148
-23
-200
161
77
-132
31
11
-24
22
-77
102
57
-155
40
110
-20
-105
-13
105
-70
-30
84
48
-88
-107
139
105
-201
-32
284
-167
-221
217
80
-61
-112
80
115
-171
35
188
-114
-127
116
21
-115
-16
167
-31
-79
46
31
-42
-104
88
58
-99
58
107
-105
-47
6
-43
69
17
-14
117
-45
-81
28
5
-70
-32
158
56
-169
41
174
-181
-194
213
101
-189
49
192
-70
-138
30
15
17
-107
-36
167
59
-119
-77
123
26
-155
-58
201
39
-209
37
117
-9
-115
-2
114
-55
-62
48
75
-56
-99
34
76
-98
36
146
-175
-49
98
-28
16
69
-68
23
72
-90
-29
81
-29
-70
103
51
-34
23
65
-107
-41
126
-24
-95
101
49
-65
40
-12
-88
44
-33
-61
116
29
-64
63
46
-50
37
38
-95
-6
82
-23
-11
30
-66
-39
11
56
107
-90
-114
76
14
-90
20
153
-11
-179
-35
-7
-66
5
68
56
2
0
-4
-52
-112
1
154
19
-24
86
25
-90
-77
49
98
-17
-18
96
18
-74
-3
50
-59
-141
-13
50
-1
24
141
131
-114
-165
16
49
-71
12
267
132
-73
98
39
-277
-241
90
109
-24
220
271
-70
-217
-152
-67
-109
-120
158
264
47
-68
-8
-69
-317
-166
167
84
91
162
29
-34
-138
-214
-59
96
69
39
118
25
-97
23
-14
-74
-82
-238
-45
216
157
93
118
-58
-339
-158
100
96
71
47
64
79
60
-14
-58
-84
-89
-5
89
149
109
-53
-136
-82
-134
-34
99
-10
78
157
-8
-109
36
86
-97
38
222
-8
-114
78
50
-91
2
54
-17
21
21
-144
-90
28
-55
37
145
61
30
-27
-195
-216
0
75
-60
45
214
52
-128
-32
62
-93
-114
89
105
61
115
136
-25
-204
-147
-150
-159
39
147
125
172
16
-246
-208
-209
-234
-17
187
142
104
177
-16
-181
-146
-180
-139
111
236
268
316
17
-136
-117
-234
-160
-30
36
96
241
217
35
-32
-223
-379
-172
164
280
278
228
22
-191
-322
-269
-77
-34
-25
130
113
-127
-218
-218
-258
-119
71
101
93
40
-41
-129
-211
-165
-119
-158
-178
-92
-20
-138
-201
-144
-212
-219
-11
10
-41
109
3
-217
-86
36
-52
26
116
-83
-175
-110
-23
147
177
158
158
-23
-15
183
108
61
116
109
182
173
210
307
28
-210
3
188
184
301
372
197
125
207
241
211
184
232
263
269
304
408
350
83
-5
65
107
109
232
308
116
157
403
341
310
440
280
90
245
397
236
30
51
-50
-335
-279
-10
13
-95
-130
-95
-73
-166
-215
-52
-55
-320
-307
-186
-347
-364
-269
-450
-558
-428
-366
-209
-54
-132
-53
-113
-340
-290
-410
-595
-521
-445
-430
-422
-526
-856
-1003
-872
-847
-726
-544
-623
-680
-679
-705
-623
-647
-676
-672
-736
-555
-298
-130
204
526
725
943
1118
1238
1239
1233
1179
976
1023
1002
760
621
272
-162
-351
-307
-83
172
278
210
168
167
103
182
521
807
948
1102
1155
1038
850
619
409
360
359
237
190
306
253
60
69
39
-188
-103
191
170
132
225
97
42
230
268
229
329
393
342
281
178
73
38
-11
-21
109
44
-205
-121
-155
-410
-460
-617
-752
-735
-691
-634
-597
-582
-643
-586
-528
-429
-52
191
307
456
553
351
-163
-284
-262
-421
-399
-429
-637
-836
-970
-1037
-1069
-1215
-1343
-1298
-1294
-1246
-1232
-1472
-1938
-2458
-2590
-2262
-1731
-953
23
1189
2395
3000
3097
3030
2487
1865
1853
2096
2022
1676
1313
808
-20
-802
-1241
-1626
-1979
-1836
-1201
-740
-765
-860
-823
-824
-609
153
1083
1652
1848
1892
1801
1424
933
644
478
380
402
373
325
221
-152
-458
-498
-638
-755
-613
-478
-270
97
302
480
760
850
956
1276
1417
1281
1159
1095
971
795
635
453
246
77
-136
-398
-515
-537
-686
-893
-908
-853
-898
-875
-684
-515
-353
-69
157
213
231
307
281
277
385
384
347
327
459
507
312
99
-45
-114
-308
-204
-58
-128
-1
-137
-170
-114
-459
-570
-654
-891
-881
-901
-954
-993
-1186
-1452
-1713
-1780
-1780
-2080
-2418
-2569
-2737
-2679
-2069
-1272
-722
-71
1104
2291
2945
3244
3336
3084
2633
2470
2493
1983
1078
494
172
-285
-927
-1404
-1567
-1821
-1941
-1491
-1103
-1064
-935
-686
-350
39
346
716
1118
1328
1432
1553
1567
1325
959
698
571
550
550
359
-25
-363
-553
-675
-724
-692
-680
-683
-524
-208
4
100
260
475
696
900
1034
1111
1145
1208
1298
1196
985
867
723
606
484
109
-231
-390
-749
-988
-771
-684
-831
-777
-682
-640
-419
-127
67
230
501
841
956
829
723
572
281
113
223
346
213
-48
-194
-235
-267
-270
-157
60
185
94
3
62
35
-213
-485
-614
-588
-436
-272
-308
-593
-1018
-1482
-1721
-1682
-1773
-2014
-2200
-2494
-2751
-2798
-3004
-3373
-3291
-2461
-1271
-117
1140
2389
3032
3177
3434
3645
3315
2722
2495
2496
2168
1522
801
-54
-967
-1562
-1749
-1833
-1907
-1788
-1498
-1276
-1169
-1038
-784
-421
56
692
1430
2003
2174
2065
1952
1823
1464
924
533
421
410
308
105
-196
-638
-1098
-1295
-1167
-1006
-980
-838
-416
-20
123
274
600
846
909
1022
1287
1480
1468
1387
1327
1173
839
494
393
375
169
-77
-267
-566
-959
-1353
-1569
-1414
-1163
-1104
-978
-712
-521
-292
83
421
704
942
1003
961
1013
1089
984
755
593
452
234
43
3
72
71
-27
-52
3
7
-26
-27
23
66
-7
-130
-217
-359
-606
-805
-879
-963
-1134
-1284
-1403
-1620
-1874
-1982
-1989
-2105
-2377
-2633
-2759
-2884
-3005
-2830
-2276
-1572
-768
339
1760
3064
3752
3869
3753
3460
3057
2841
2779
2531
1977
1240
486
-202
-853
-1442
-1909
-2233
-2316
-2082
-1730
-1546
-1533
-1315
-725
-135
364
1048
1694
2010
2078
1995
1905
1693
1128
635
586
586
325
-21
-296
-613
-1011
-1243
-1224
-1206
-1269
-1182
-807
-314
102
449
743
892
937
1067
1375
1698
1862
1858
1677
1360
1089
909
692
435
208
-100
-539
-912
-1188
-1546
-1897
-1963
-1735
-1429
-1155
-851
-563
-366
-100
254
592
940
1189
1302
1479
1597
1438
1184
976
738
490
307
198
131
-24
-300
-393
-254
-292
-439
-314
-83
11
43
4
-171
-472
-772
-917
-949
-947
-912
-927
-1047
-1217
-1376
-1447
-1359
-1186
-1190
-1504
-1939
-2359
-2884
-3418
-3432
-2680
-1639
-742
244
1540
2711
3292
3416
3388
3221
2969
2879
2903
2673
2047
1209
337
-416
-905
-1224
-1625
-2064
-2198
-1936
-1617
-1558
-1611
-1415
-937
-385
236
947
1544
1830
1808
1590
1320
1072
740
372
254
380
395
186
-85
-387
-730
-961
-1012
-997
-965
-811
-464
-24
308
431
474
618
857
1105
1386
1662
1728
1523
1293
1163
976
683
428
282
168
-11
-275
-548
-800
-1113
-1446
-1613
-1582
-1448
-1211
-901
-638
-428
-173
133
462
838
1219
1494
1577
1491
1344
1198
986
746
613
539
377
167
-24
-263
-524
-641
-579
-416
-256
-196
-208
-235
-315
-426
-464
-490
-660
-832
-797
-751
-878
-1004
-1057
-1140
-1230
-1236
-1185
-1295
-1609
-1883
-2126
-2510
-2861
-2879
-2424
-1642
-889
-208
684
1754
2573
2929
3001
2922
2678
2474
2495
2532
2247
1613
867
179
-350
-695
-1018
-1441
-1783
-1786
-1521
-1365
-1434
-1465
-1291
-937
-484
8
562
1014
1156
1132
1133
1164
1139
961
791
865
982
790
368
72
-92
-394
-727
-841
-849
-918
-915
-658
-337
-211
-96
146
372
588
848
1121
1349
1413
1388
1437
1508
1464
1295
1102
888
507
81
-224
-451
-654
-924
-1246
-1424
-1459
-1423
-1249
-936
-599
-332
-112
176
544
864
1041
1103
1127
1143
1142
1102
963
732
509
334
172
54
40
40
-99
-339
-486
-480
-423
-388
-367
-366
-404
-471
-545
-636
-762
-894
-953
-909
-825
-758
-707
-685
-723
-817
-920
-1025
-1164
-1350
-1606
-1945
-2308
-2552
-2520
-2172
-1628
-1034
-391
411
1288
1957
2327
2543
2665
2647
2576
2642
2749
2529
1944
1287
727
301
-74
-569
-1100
-1436
-1594
-1670
-1699
-1702
-1617
-1429
-1250
-1020
-624
-183
109
246
409
693
931
996
993
1016
996
899
827
803
704
462
154
-112
-310
-451
-576
-648
-574
-369
-194
-133
-65
91
257
430
690
975
1196
1383
1534
1595
1543
1394
1192
953
694
501
315
-35
-476
-864
-1193
-1431
-1501
-1442
-1359
-1304
-1182
-866
-460
-131
160
449
672
856
1056
1237
1348
1374
1340
1257
1060
777
546
410
289
129
-47
-174
-239
-309
-422
-533
-591
-618
-637
-643
-672
-770
-939
-1106
-1185
-1186
-1145
-1048
-871
-628
-432
-405
-515
-709
-937
-1102
-1265
-1610
-2070
-2396
-2452
-2199
-1709
-1200
-765
-284
366
1115
1805
2316
2567
2569
2510
2571
2721
2771
2541
2023
1427
972
631
222
-305
-845
-1312
-1677
-1915
-1994
-1928
-1834
-1849
-1880
-1673
-1186
-688
-379
-142
160
454
666
873
1135
1377
1498
1488
1428
1410
1411
1308
1027
663
369
184
44
-84
-197
-332
-509
-620
-555
-382
-248
-180
-78
126
415
707
908
999
1023
1026
1011
963
868
697
409
36
-278
-462
-618
-801
-932
-979
-1012
-993
-842
-623
-443
-277
-63
156
337
509
688
811
843
831
830
825
773
675
559
439
320
213
148
109
45
-74
-194
-265
-320
-458
-664
-834
-937
-1053
-1177
-1211
-1153
-1101
-1046
-879
-611
-384
-260
-189
-149
-189
-315
-469
-652
-931
-1281
-1574
-1740
-1773
-1667
-1456
-1223
-967
-602
-105
428
892
1250
1528
1739
1890
2037
2207
2287
2146
1840
1528
1246
935
586
243
-91
-438
-756
-969
-1051
-1063
-1079
-1121
-1152
-1092
-923
-709
-548
-460
-389
-273
-118
59
246
409
511
579
658
778
926
1021
979
860
809
836
831
744
623
526
454
377
274
162
67
-10
-88
-149
-146
-97
-81
-140
-228
-273
-265
-240
-227
-228
-233
-245
-269
-262
-178
-67
-25
-46
-42
9
78
165
253
274
226
206
255
295
275
252
269
282
263
250
283
313
283
230
233
280
280
216
157
119
55
-64
-189
-275
-333
-399
-469
-476
-397
-290
-224
-192
-153
-101
-68
-80
-113
-138
-160
-214
-299
-366
-390
-398
-433
-484
-511
-528
-577
-665
-767
-883
-992
-1040
-1018
-965
-890
-794
-688
-567
-404
-218
-50
67
138
184
241
323
409
476
519
558
607
652
687
728
755
731
689
664
647
611
561
482
358
236
182
175
146
71
-6
-40
-29
-13
-7
9
42
62
50
44
78
114
96
45
27
40
36
16
26
77
121
123
112
136
186
196
157
116
97
82
70
79
98
106
107
121
162
201
199
159
106
47
-20
-81
-140
-222
-309
-367
-375
-356
-325
-275
-196
-111
-42
27
126
230
288
297
292
300
299
258
185
113
63
15
-41
-87
-96
-79
-55
-26
22
86
144
174
175
167
169
165
127
70
20
-23
-64
-99
-120
-147
-193
-247
-282
-294
-305
-339
-397
-454
-486
-503
-537
-582
-623
-668
-732
-804
-853
-890
-932
-966
-956
-914
-869
-818
-731
-609
-478
-343
-212
-83
52
197
336
451
536
604
671
747
814
852
862
862
857
832
789
742
684
604
531
489
467
429
373
323
284
235
179
132
89
27
-47
-116
-177
-239
-294
-325
-335
-332
-317
-280
-225
-157
-90
-29
26
82
135
178
214
239
253
256
259
270
282
277
254
225
197
170
147
128
97
59
31
16
-7
-28
-33
-27
-20
-11
7
35
68
80
70
61
73
79
63
45
34
16
-10
-20
-14
-12
-19
-26
-30
-23
-11
-12
-25
-37
-41
-38
-27
-8
9
20
30
41
53
59
57
45
21
-18
-62
-101
-140
-187
-240
-287
-333
-391
-450
-489
-518
-558
-604
-633
-641
-644
-659
-666
-649
-615
-593
-581
-556
-510
-460
-421
-376
-317
-253
-201
-153
-84
-3
77
153
236
331
424
512
591
656
702
730
742
738
714
672
614
550
480
408
343
288
237
193
166
152
143
127
109
98
94
88
75
69
76
84
76
70
79
93
97
97
99
99
95
87
74
51
22
-11
-50
-89
-119
-143
-166
-187
-196
-190
-179
-168
-149
-119
-77
-29
15
55
95
136
174
208
236
258
272
281
288
290
281
253
212
172
132
87
44
4
-39
-87
-123
-145
-167
-197
-226
-244
-252
-254
-252
-241
-227
-215
-201
-175
-140
-105
-71
-37
-5
24
48
66
78
82
77
57
31
-5
-46
-89
-133
-183
-232
-279
-324
-363
-397
-425
-448
-470
-490
-497
-493
-487
-476
-458
-433
-406
-368
-313
-250
-190
-128
-68
-8
48
101
151
188
210
220
224
228
227
226
221
216
209
205
204
203
202
196
187
179
175
173
172
172
175
183
197
215
235
254
270
284
294
296
292
284
274
261
243
217
187
156
127
101
80
63
50
37
25
6
-18
-46
-76
-105
-134
-160
-175
-182
-179
-169
-157
-140
-112
-72
-23
28
74
114
149
178
199
213
218
220
219
214
202
181
151
109
65
19
-27
-71
-112
-150
-183
-212
-241
-265
-282
-290
-286
-274
-256
-238
-218
-195
-167
-135
-103
-75
-51
-33
-21
-15
-14
-16
-18
-22
-26
-32
-38
-41
-41
-41
-43
-43
-44
-46
-49
-59
-75
-93
-107
-118
-125
-130
-134
-137
-135
-130
-125
-121
-119
-117
-115
-113
-112
-112
-116
-122
-127
-130
-131
-128
-121
-109
-90
-65
-36
-9
17
41
68
101
136
173
207
235
256
271
281
284
283
278
269
259
246
233
217
202
189
179
170
165
162
164
171
175
177
173
167
154
137
114
83
50
18
-10
-32
-50
-67
-78
-83
-78
-64
-45
-24
-2
17
39
58
69
76
77
81
90
107
124
136
138
130
116
100
86
69
50
27
-2
-35
-69
-101
-133
-159
-180
-191
-188
-175
-153
-128
-106
-87
-69
-51
-32
-15
-2
1
-4
-15
-32
-51
-70
-90
-104
-111
-109
-102
-95
-92
-92
-95
-97
-94
-89
-84
-77
-69
-58
-46
-33
-18
-6
4
8
6
0
-12
-30
-54
-82
-114
-146
-174
-202
-232
-264
-289
-302
-300
-289
-275
-258
-236
-209
-177
-139
-98
-54
-7
40
92
139
175
194
200
204
208
209
203
191
174
154
134
114
99
90
89
95
106
122
138
150
159
164
164
161
160
159
154
149
141
128
108
88
79
77
78
79
81
88
98
100
104
109
114
121
130
146
158
159
146
134
129
133
135
128
112
93
69
38
8
-18
-45
-74
-101
-120
-131
-140
-149
-153
-143
-119
-92
-65
-41
-18
5
24
47
72
94
105
99
84
63
39
8
-31
-74
-114
-149
-179
-205
-229
-249
-260
-265
-263
-251
-234
-215
-200
-185
-165
-144
-124
-107
-94
-84
-81
-81
-82
-85
-93
-110
-128
-145
-158
-171
-187
-206
-223
-236
-243
-243
-242
-239
-230
-214
-189
-157
-120
-80
-37
8
57
106
149
182
204
222
236
244
246
245
240
226
210
196
185
175
162
150
141
133
126
123
122
120
114
111
113
120
131
139
143
142
141
143
145
149
151
152
150
146
146
146
146
146
147
153
166
176
181
182
180
177
172
166
163
157
145
126
114
108
97
74
46
25
7
-18
-46
-66
-76
-80
-79
-69
-49
-33
-19
2
32
59
74
79
78
75
64
48
25
0
-21
-36
-50
-74
-107
-144
-179
-216
-253
-283
-303
-316
-324
-323
-319
-313
-311
-309
-299
-282
-268
-258
-251
-242
-231
-221
-211
-205
-200
-196
-193
-196
-202
-213
-234
-262
-292
-315
-326
-335
-343
-348
-346
-335
-320
-301
-279
-251
-214
-163
-98
-23
55
131
213
307
407
497
565
605
625
627
616
591
550
494
423
346
271
201
135
70
14
-23
-39
-46
-51
-58
-61
-62
-54
-34
-1
46
87
123
153
180
204
223
238
259
286
314
336
359
382
398
402
398
390
382
367
343
310
276
235
189
146
112
87
58
31
14
9
8
7
10
18
25
26
31
39
41
28
6
-16
-43
-79
-123
-171
-221
-277
-329
-362
-376
-377
-379
-384
-378
-348
-301
-253
-222
-206
-204
-205
-206
-197
-185
-183
-203
-243
-293
-351
-428
-532
-656
-775
-885
-1002
-1140
-1286
-1418
-1520
-1571
-1536
-1382
-1132
-831
-517
-175
212
620
994
1301
1550
1746
1875
1924
1902
1824
1668
1421
1121
832
577
315
28
-254
-480
-644
-775
-881
-938
-926
-857
-744
-587
-384
-162
38
203
350
500
644
754
825
860
847
767
639
503
387
273
124
-57
-232
-370
-471
-550
-598
-605
-564
-484
-371
-239
-106
24
168
347
556
753
908
1005
1055
1067
1046
979
868
718
542
350
161
-25
-207
-385
-535
-623
-643
-625
-598
-548
-456
-332
-198
-61
79
200
274
321
387
472
517
484
411
350
324
298
254
202
143
81
18
-38
-98
-197
-358
-549
-704
-788
-837
-899
-977
-1032
-1029
-967
-888
-844
-867
-961
-1091
-1194
-1235
-1242
-1274
-1337
-1372
-1301
-1099
-803
-489
-194
114
476
861
1185
1384
1453
1436
1395
1360
1311
1180
948
661
399
207
66
-77
-241
-365
-366
-255
-114
0
105
230
387
570
755
890
931
887
808
729
628
458
210
-59
-275
-422
-538
-657
-787
-905
-986
-988
-902
-764
-644
-572
-486
-315
-74
160
326
440
539
650
776
894
975
979
914
847
821
806
727
576
427
342
288
199
64
-65
-163
-236
-279
-273
-234
-201
-175
-103
29
148
195
199
238
321
372
328
212
95
20
-38
-96
-159
-238
-327
-379
-337
-205
-67
-2
1
46
179
336
436
446
389
298
193
47
-150
-362
-554
-728
-873
-968
-1017
-1090
-1229
-1385
-1469
-1474
-1482
-1537
-1597
-1635
-1666
-1682
-1601
-1349
-969
-596
-295
12
413
830
1108
1216
1256
1288
1274
1181
1045
893
709
499
335
279
287
252
157
136
296
540
675
687
727
869
1021
1090
1081
1018
894
707
511
355
159
-185
-610
-911
-1003
-1010
-1077
-1191
-1235
-1155
-994
-821
-640
-454
-292
-158
12
253
465
527
478
473
572
674
690
646
605
574
533
496
481
462
401
327
298
329
353
312
228
160
137
140
142
139
137
130
120
128
149
162
161
165
187
210
212
169
74
-35
-96
-94
-95
-146
-217
-238
-198
-152
-140
-134
-73
46
176
271
321
313
240
149
98
77
-15
-228
-479
-632
-667
-707
-852
-1033
-1090
-976
-806
-728
-791
-935
-1075
-1150
-1166
-1193
-1304
-1494
-1637
-1574
-1289
-961
-775
-686
-461
4
549
919
1034
1018
1006
1039
1105
1158
1100
892
671
611
690
717
588
409
379
547
767
848
770
673
681
789
899
908
774
557
375
273
146
-115
-456
-712
-803
-802
-831
-922
-999
-967
-819
-630
-478
-396
-349
-265
-100
91
203
207
191
261
408
523
524
454
410
451
543
595
569
520
505
519
535
544
532
467
365
298
300
308
250
140
51
29
41
31
-8
-36
-41
-54
-90
-115
-102
-92
-120
-161
-162
-115
-69
-73
-103
-100
-43
26
55
62
100
175
238
258
274
321
367
347
262
175
103
-11
-189
-366
-480
-569
-689
-811
-863
-854
-854
-883
-895
-880
-902
-1006
-1151
-1270
-1356
-1449
-1551
-1621
-1615
-1492
-1242
-932
-650
-392
-70
351
769
1040
1138
1176
1228
1258
1213
1101
939
758
618
567
565
526
416
323
367
541
691
704
651
668
769
838
797
671
538
437
340
188
-31
-265
-458
-593
-690
-763
-825
-874
-887
-832
-712
-593
-528
-476
-356
-154
31
116
136
197
338
498
593
612
614
636
672
699
712
687
619
547
509
493
443
336
214
135
113
104
60
-14
-55
-36
1
-3
-54
-103
-111
-84
-57
-61
-102
-149
-170
-151
-103
-60
-55
-72
-52
22
79
62
-2
-47
-36
29
121
207
241
224
210
244
307
326
277
202
135
51
-75
-247
-452
-645
-764
-790
-778
-805
-887
-984
-1048
-1084
-1123
-1178
-1244
-1306
-1338
-1341
-1366
-1437
-1476
-1349
-1028
-634
-320
-92
154
466
776
989
1100
1152
1175
1188
1192
1138
967
718
536
519
579
562
443
345
382
516
618
627
600
619
698
773
765
654
491
354
259
154
-19
-252
-474
-610
-649
-655
-683
-727
-736
-667
-542
-440
-393
-347
-239
-91
24
77
103
156
257
380
476
516
518
520
533
541
523
477
423
387
374
346
277
192
137
126
139
144
108
46
3
-6
-10
-33
-68
-98
-111
-104
-85
-59
-31
-12
6
39
86
120
127
127
140
145
118
85
90
119
132
128
153
211
268
289
295
310
327
306
238
150
51
-68
-209
-348
-475
-595
-712
-817
-898
-958
-1003
-1030
-1030
-1023
-1039
-1105
-1206
-1295
-1331
-1331
-1349
-1386
-1359
-1199
-940
-685
-489
-293
-3
367
705
917
1002
1020
1025
1042
1044
971
808
645
606
661
682
595
476
448
557
725
825
799
729
722
774
797
728
575
420
328
277
162
-72
-341
-517
-577
-595
-627
-685
-734
-719
-621
-503
-451
-447
-384
-221
-54
24
25
26
79
190
317
401
423
432
475
541
562
508
427
394
408
396
324
234
160
90
17
-14
-8
-20
-70
-120
-144
-165
-201
-235
-236
-206
-175
-148
-105
-43
0
20
54
131
214
264
285
302
300
265
217
186
179
187
214
240
246
244
266
319
368
384
357
316
269
185
43
-140
-331
-500
-632
-727
-803
-869
-931
-982
-1004
-1005
-1029
-1080
-1111
-1127
-1171
-1253
-1335
-1399
-1438
-1424
-1306
-1106
-892
-688
-463
-199
85
339
534
677
827
980
1065
1047
986
921
839
772
764
777
725
633
608
666
715
700
664
665
711
756
717
588
456
396
350
248
107
-26
-159
-266
-321
-371
-458
-541
-570
-552
-529
-533
-571
-598
-540
-417
-317
-275
-239
-156
-41
67
163
241
312
374
425
464
478
454
414
391
383
352
298
250
219
181
131
94
78
67
53
47
58
67
58
33
27
50
70
81
98
126
140
137
142
165
182
176
160
163
165
134
79
26
-14
-40
-47
-44
-48
-52
-30
12
39
44
48
64
70
54
12
-66
-174
-271
-335
-379
-432
-495
-544
-559
-539
-500
-468
-452
-451
-456
-451
-442
-459
-515
-587
-640
-667
-681
-691
-682
-650
-611
-559
-464
-336
-234
-186
-148
-70
34
118
154
163
178
208
247
293
348
394
425
449
486
544
591
607
605
614
639
647
620
586
576
581
574
552
531
513
483
429
378
340
301
243
180
111
28
-57
-129
-197
-264
-318
-358
-395
-426
-444
-448
-443
-439
-429
-406
-379
-361
-348
-327
-293
-253
-210
-166
-118
-66
-10
47
110
178
243
296
331
357
383
415
448
478
500
517
534
546
548
547
554
556
537
503
469
427
368
295
226
166
111
53
-3
-62
-118
-161
-189
-208
-224
-235
-238
-242
-244
-236
-231
-242
-265
-278
-279
-277
-288
-314
-342
-357
-354
-356
-373
-382
-386
-396
-418
-438
-464
-512
-582
-653
-703
-738
-774
-821
-876
-911
-905
-859
-810
-779
-740
-674
-583
-479
-370
-280
-217
-146
-36
99
221
306
361
425
527
641
715
760
820
893
945
974
993
1001
999
1004
1013
1001
957
894
840
797
739
652
552
468
403
329
222
91
-28
-122
-201
-286
-374
-460
-536
-595
-626
-639
-655
-678
-687
-667
-628
-592
-564
-541
-504
-451
-390
-336
-280
-215
-145
-84
-26
44
118
179
235
295
360
416
470
521
561
591
621
642
653
667
679
660
620
587
566
527
468
406
349
296
249
196
130
63
14
-20
-55
-83
-112
-143
-166
-177
-184
-192
-202
-212
-221
-220
-216
-218
-223
-230
-245
-265
-286
-311
-339
-367
-403
-456
-511
-555
-594
-644
-706
-764
-814
-853
-877
-898
-933
-968
-971
-943
-911
-870
-820
-767
-701
-603
-487
-383
-290
-192
-84
36
165
281
375
457
553
656
747
808
859
923
988
1029
1047
1063
1077
1081
1086
1087
1065
1021
978
938
879
801
717
622
516
420
330
216
77
-49
-146
-239
-340
-431
-506
-564
-607
-637
-655
-669
-677
-675
-654
-616
-573
-539
-512
-481
-434
-370
-301
-236
-177
-124
-73
-7
74
150
193
221
262
319
373
417
448
466
480
505
541
566
569
549
530
533
545
536
491
433
384
353
331
299
253
198
153
123
108
92
55
-2
-41
-47
-41
-53
-84
-118
-147
-168
-188
-216
-249
-284
-324
-372
-415
-444
-481
-533
-586
-627
-656
-678
-703
-738
-778
-807
-825
-839
-849
-862
-884
-901
-889
-852
-808
-771
-744
-707
-638
-539
-437
-337
-230
-125
-27
75
193
305
394
473
552
639
723
786
824
851
884
924
952
963
964
952
935
930
923
885
814
743
688
645
596
523
425
327
254
192
118
33
-54
-133
-196
-234
-272
-331
-403
-461
-490
-505
-518
-540
-557
-557
-536
-517
-500
-477
-440
-393
-334
-268
-204
-147
-93
-38
21
83
144
194
243
298
349
375
393
423
459
483
489
488
486
483
478
464
444
428
410
381
347
322
303
274
242
215
185
146
110
80
53
28
0
-31
-58
-71
-92
-129
-165
-184
-206
-237
-268
-294
-322
-360
-404
-445
-480
-512
-539
-562
-588
-618
-652
-680
-703
-726
-750
-772
-788
-798
-806
-819
-828
-829
-818
-793
-752
-698
-638
-577
-511
-426
-323
-206
-92
10
102
204
313
417
507
587
658
718
769
817
858
888
905
915
921
921
907
880
850
830
800
760
712
667
624
565
494
428
371
312
240
164
90
22
-46
-109
-171
-233
-289
-327
-353
-382
-415
-441
-455
-459
-445
-426
-415
-410
-389
-351
-313
-278
-234
-183
-129
-77
-31
11
56
109
163
205
237
260
284
306
327
340
349
355
357
361
365
367
357
343
338
340
341
335
316
297
283
272
255
236
210
182
151
123
95
67
37
-2
-39
-70
-97
-129
-169
-212
-254
-293
-330
-369
-409
-450
-496
-543
-581
-609
-635
-670
-708
-737
-753
-767
-785
-807
-821
-822
-815
-809
-801
-789
-763
-721
-670
-616
-562
-505
-435
-347
-253
-160
-72
16
106
195
280
356
428
496
561
623
671
701
722
748
778
801
810
813
813
810
798
787
773
751
720
687
655
612
558
497
441
386
326
260
193
127
64
6
-46
-97
-144
-187
-224
-258
-289
-317
-340
-358
-365
-368
-365
-363
-357
-343
-318
-290
-256
-219
-179
-140
-98
-55
-14
21
55
92
129
158
176
190
208
229
248
261
267
268
274
283
290
291
288
281
276
269
258
245
227
206
186
170
152
125
91
63
46
28
1
-38
-71
-95
-119
-152
-190
-225
-254
-285
-324
-364
-403
-441
-478
-515
-553
-591
-632
-672
-707
-737
-772
-806
-829
-836
-837
-846
-853
-843
-811
-764
-718
-673
-622
-561
-485
-397
-306
-222
-145
-63
31
130
217
291
362
441
523
591
642
685
728
773
813
846
869
878
880
882
886
881
858
824
789
766
735
682
616
550
493
439
375
306
234
161
91
29
-25
-80
-143
-202
-248
-278
-307
-340
-369
-384
-389
-390
-389
-381
-366
-344
-316
-287
-255
-220
-183
-149
-111
-65
-23
13
45
79
111
137
162
188
207
221
239
257
266
265
267
271
271
268
263
247
225
212
205
190
166
145
122
100
84
67
44
21
7
-9
-31
-57
-81
-105
-127
-151
-181
-215
-251
-283
-320
-367
-417
-463
-507
-550
-593
-644
-701
-751
-789
-820
-846
-866
-883
-891
-886
-867
-842
-809
-767
-715
-654
-582
-506
-429
-352
-271
-185
-92
0
88
171
256
336
413
486
556
623
685
742
787
825
859
887
909
922
926
923
918
905
875
838
797
756
711
662
604
534
464
403
341
273
202
131
67
11
-42
-97
-150
-196
-229
-250
-264
-278
-291
-300
-300
-284
-264
-244
-229
-212
-185
-154
-128
-102
-79
-53
-29
-5
21
42
51
59
77
103
121
122
119
125
134
142
139
131
123
116
109
100
87
68
50
40
35
27
12
-4
-14
-16
-18
-27
-39
-50
-58
-65
-80
-101
-127
-155
-179
-207
-244
-288
-336
-384
-432
-483
-535
-587
-634
-677
-718
-756
-793
-819
-834
-837
-833
-822
-806
-779
-743
-696
-640
-576
-509
-437
-362
-283
-198
-113
-28
54
139
226
308
382
450
515
579
639
697
747
788
818
842
865
888
901
897
881
862
841
819
783
733
676
617
561
503
435
360
286
216
159
110
54
-8
-65
-103
-124
-145
-172
-199
-212
-208
-198
-193
-192
-184
-165
-134
-107
-90
-74
-54
-24
6
30
42
51
65
84
98
103
100
98
103
109
106
91
73
64
60
55
40
21
3
-10
-19
-32
-48
-63
-75
-85
-93
-102
-109
-116
-120
-121
-122
-125
-132
-138
-145
-149
-156
-167
-183
-203
-222
-243
-264
-289
-322
-356
-393
-427
-460
-496
-531
-561
-588
-611
-630
-643
-650
-652
-643
-628
-607
-581
-550
-513
-470
-424
-370
-311
-251
-191
-132
-69
-5
61
127
191
251
312
374
435
490
538
584
630
671
703
724
739
750
759
762
754
736
710
679
645
606
558
509
457
403
350
295
240
187
137
92
50
12
-21
-50
-73
-88
-97
-105
-108
-102
-91
-76
-63
-49
-30
-5
20
39
57
76
99
118
133
141
149
157
161
163
160
149
137
123
112
97
76
50
25
4
-16
-40
-66
-91
-109
-125
-144
-165
-184
-198
-207
-216
-228
-238
-245
-248
-249
-252
-258
-260
-261
-262
-265
-271
-280
-284
-288
-300
-315
-333
-349
-367
-383
-400
-415
-434
-451
-462
-470
-476
-480
-480
-470
-457
-442
-430
-411
-382
-346
-306
-267
-227
-183
-135
-88
-40
12
65
116
165
213
259
308
356
393
425
464
499
523
544
566
581
585
589
588
585
571
549
525
501
475
446
409
367
324
285
246
203
160
123
86
56
23
-1
-24
-41
-54
-58
-55
-51
-50
-42
-28
-10
8
28
49
70
90
111
132
150
166
180
190
198
201
205
206
201
192
180
169
154
136
115
94
69
46
21
-3
-31
-57
-83
-106
-129
-153
-176
-195
-213
-231
-248
-263
-275
-286
-296
-304
-312
-320
-324
-328
-332
-337
-343
-346
-349
-352
-357
-363
-366
-368
-369
-373
-377
-379
-378
-374
-371
-369
-365
-355
-342
-328
-313
-298
-280
-261
-234
-206
-177
-147
-117
-84
-50
-16
20
55
90
126
162
197
226
257
288
314
338
356
376
396
407
412
416
421
424
419
412
400
388
370
353
335
315
292
265
240
212
186
165
144
122
101
82
64
49
40
34
28
25
26
29
36
44
55
65
79
95
109
123
138
151
166
178
190
199
205
209
212
209
206
200
191
180
164
146
127
108
85
61
36
12
-12
-40
-64
-91
-114
-138
-161
-183
-205
-224
-243
-260
-279
-295
-308
-319
-326
-334
-344
-352
-354
-357
-355
-353
-351
-347
-340
-331
-324
-316
-305
-292
-276
-264
-251
-241
-228
-216
-200
-185
-171
-159
-147
-135
-121
-108
-96
-84
-71
-54
-39
-27
-17
-1
18
38
53
66
80
100
116
131
142
155
170
182
194
202
208
213
218
223
226
226
221
215
210
205
200
190
179
166
155
144
130
117
101
89
79
68
55
43
34
29
26
24
22
22
24
29
37
46
56
68
82
97
113
130
147
163
181
197
213
225
239
250
258
264
266
268
266
261
254
243
230
214
195
175
153
129
103
76
47
19
-11
-39
-69
-98
-127
-154
-182
-207
-232
-255
-276
-296
-313
-328
-342
-353
-361
-367
-371
-370
-369
-365
-359
-350
-340
-327
-314
-299
-283
-266
-248
-231
-211
-195
-177
-160
-142
-127
-111
-97
-81
-68
-55
-44
-32
-22
-12
-4
5
13
20
27
33
40
46
52
59
65
70
77
83
87
93
97
101
104
107
109
112
111
111
109
106
103
99
94
87
80
74
66
59
51
42
35
28
21
16
9
5
4
2
2
4
5
11
18
26
36
48
61
78
93
110
129
147
166
185
203
223
240
256
271
284
295
304
310
314
314
312
307
299
287
273
256
236
213
188
162
132
103
71
40
6
-25
-58
-90
-121
-150
-179
-205
-230
-250
-272
-289
-305
-317
-326
-334
-337
-339
-337
-334
-326
-317
-306
-292
-279
-261
-244
-225
-205
-187
-168
-148
-130
-111
-93
-75
-61
-46
-33
-20
-10
0
8
16
22
27
32
35
36
38
39
40
38
38
37
34
33
31
29
27
25
23
21
19
17
16
13
11
7
4
0
-3
-6
-10
-15
-18
-23
-27
-31
-34
-38
-40
-42
-45
-46
-45
-43
-42
-38
-32
-24
-17
-8
3
16
29
44
61
78
96
114
133
152
172
190
209
226
243
259
273
285
295
304
310
313
316
316
312
306
298
287
274
259
241
220
199
174
149
122
94
65
36
6
-23
-52
-81
-108
-134
-159
-184
-205
-223
-242
-258
-270
-280
-289
-294
-297
-298
-297
-290
-284
-277
-267
-254
-243
-228
-213
-197
-180
-163
-145
-128
-111
-93
-76
-59
-43
-27
-14
1
13
25
36
45
52
60
68
71
74
78
78
77
75
73
68
65
58
52
44
36
27
18
9
-3
-12
-22
-32
-42
-51
-60
-69
-78
-85
-92
-98
-104
-108
-111
-114
-114
-113
-111
-108
-102
-97
-89
-81
-70
-59
-47
-34
-20
-6
10
27
43
58
75
92
109
123
137
152
165
177
188
199
208
214
219
223
225
228
227
224
222
217
211
204
193
184
172
159
145
130
115
100
82
65
48
31
14
-2
-19
-35
-50
-65
-78
-91
-103
-115
-123
-133
-140
-147
-151
-155
-158
-160
-161
-159
-158
-155
-151
-146
-141
-135
-128
-121
-112
-104
-96
-87
-78
-69
-60
-50
-42
-33
-24
-16
-8
-1
7
12
19
25
30
35
39
42
44
46
45
46
44
43
41
36
32
27
20
14
7
0
-7
-15
-23
-31
-39
-47
-54
-64
-70
-77
-82
-86
-91
-93
-95
-95
-95
-94
-90
-87
-82
-75
-68
-59
-51
-41
-31
-19
-7
4
17
28
41
53
66
77
88
99
108
117
126
132
138
144
147
149
152
152
152
151
149
145
141
136
130
124
117
109
102
94
85
77
68
60
52
44
35
27
19
11
4
-4
-12
-17
-22
-29
-35
-41
-45
-50
-55
-58
-63
-66
-68
-71
-73
-74
-77
-79
-78
-79
-81
-79
-78
-77
-76
-73
-71
-67
-65
-61
-57
-52
-47
-42
-36
-31
-26
-20
-15
-8
-4
1
6
12
16
19
22
24
27
28
29
30
28
28
25
22
19
16
10
5
0
-6
-10
-16
-23
-30
-34
-40
-46
-51
-56
-60
-63
-66
-69
-70
-71
-70
-69
-66
-64
-60
-56
-50
-45
-39
-32
-23
-17
-8
-1
7
15
25
34
41
50
58
65
71
77
82
86
89
92
94
94
95
94
93
91
89
86
82
78
73
69
63
58
52
47
41
35
30
25
20
16
12
7
4
2
-1
-3
-5
-6
-8
-8
-10
-9
-9
-8
-8
-7
-7
-6
-6
-5
-5
-4
-4
-4
-4
-4
-5
-5
-6
-7
-8
-10
-12
-13
-17
-18
-21
-23
-25
-27
-29
-31
-32
-34
-36
-38
-39
-41
-43
-43
-44
-45
-45
-46
-46
-46
-46
-46
-45
-46
-45
-44
-44
-41
-42
-39
-38
-36
-36
-34
-32
-32
-31
-28
-28
-25
-23
-21
-20
-17
-15
-13
-10
-7
-5
-2
1
3
6
8
10
13
16
18
21
23
26
29
31
32
34
36
38
40
41
42
43
45
45
45
46
46
46
45
45
44
44
42
40
38
37
34
32
29
28
27
25
23
21
20
20
18
17
17
15
15
15
16
15
16
18
17
19
21
21
22
24
25
26
27
28
29
29
29
30
28
28
26
23
21
19
15
11
8
3
-1
-6
-11
-16
-22
-26
-33
-38
-42
-49
-54
-58
-62
-67
-71
-74
-78
-80
-81
-83
-83
-83
-83
-81
-80
-78
-75
-71
-68
-64
-59
-56
-51
-45
-39
-34
-28
-23
-18
-13
-7
-2
3
7
12
18
21
25
28
31
34
37
40
41
43
46
46
47
48
48
48
48
47
46
46
45
43
41
39
36
34
31
29
26
23
21
18
17
14
10
8
4
2
0
-2
-4
-6
-8
-10
-11
-12
-12
-12
-13
-12
-12
-11
-10
-8
-7
-5
-2
1
3
6
10
13
16
20
24
27
33
35
40
43
46
50
52
54
56
57
58
59
56
56
54
52
49
45
42
37
32
26
21
14
8
1
-5
-14
-22
-29
-39
-46
-53
-61
-68
-74
-80
-86
-91
-95
-99
-102
-104
-106
-106
-106
-105
-101
-100
-96
-92
-87
-80
-76
-70
-62
-54
-46
-39
-32
-23
-14
-7
1
9
15
23
30
36
42
46
52
56
60
63
65
67
68
69
70
69
69
68
66
64
61
60
56
53
50
46
43
39
34
31
28
22
17
14
10
7
3
-1
-5
-8
-11
-14
-18
-21
-23
-25
-27
-29
-30
-31
-31
-32
-32
-30
-29
-27
-25
-23
-20
-17
-14
-11
-6
-3
2
6
12
16
20
25
30
34
38
42
46
48
51
53
56
57
56
57
56
54
54
52
48
45
41
36
31
26
20
15
8
1
-6
-11
-19
-26
-33
-40
-46
-53
-59
-64
-69
-74
-78
-81
-84
-86
-88
-89
-90
-89
-88
-85
-83
-79
-75
-72
-66
-60
-55
-48
-42
-35
-29
-22
-15
-7
-1
6
11
18
24
30
35
40
46
48
53
57
58
61
63
64
65
65
65
64
62
61
59
56
53
51
47
44
40
36
32
28
23
20
15
10
7
2
-2
-7
-9
-12
-16
-19
-21
-24
-26
-28
-31
-32
-32
-33
-33
-33
-33
-32
-31
-30
-28
-26
-24
-22
-18
-15
-11
-7
-3
1
5
10
14
20
23
28
31
35
40
41
46
47
50
51
51
52
54
53
52
50
49
46
43
40
36
31
27
22
17
11
7
0
-6
-12
-18
-24
-30
-35
-42
-46
-52
-57
-61
-65
-68
-71
-72
-76
-77
-78
-77
-77
-77
-75
-74
-71
-68
-64
-60
-56
-52
-45
-40
-34
-28
-22
-15
-9
-3
5
10
16
21
27
32
37
40
45
49
53
56
58
59
62
62
63
63
61
60
57
55
53
50
46
44
39
36
30
26
22
18
13
9
5
0
-4
-8
-13
-16
-19
-22
-25
-28
-29
-33
-33
-34
-34
-35
-35
-34
-33
-32
-31
-27
-26
-24
-22
-18
-16
-12
-10
-5
-2
0
5
8
11
15
19
22
25
28
31
33
36
38
39
39
39
41
40
39
37
35
34
31
29
27
22
20
17
13
8
6
2
-2
-6
-9
-15
-18
-22
-25
-29
-32
-35
-38
-40
-42
-43
-45
-47
-46
-46
-46
-46
-45
-44
-43
-41
-39
-37
-34
-33
-29
-26
-24
-18
-16
-12
-9
-5
-2
1
4
7
10
13
16
19
21
23
25
28
29
31
32
33
33
34
33
34
33
32
30
29
28
25
23
22
20
18
15
13
11
8
4
3
-1
-2
-4
-6
-8
-10
-11
-12
-13
-13
-14
-15
-15
-14
-16
-13
-12
-12
-10
-10
-9
-8
-6
-5
-2
-1
0
1
2
4
4
5
7
9
12
13
15
14
14
16
16
16
17
16
16
16
17
15
14
16
14
13
12
10
9
9
8
6
4
3
2
0
-1
-3
-3
-4
-5
-8
-8
-10
-11
-12
-14
-13
-14
-14
-15
-16
-16
-18
-19
-19
-20
-18
-20
-20
-19
-20
-20
-20
-20
-18
-20
-19
-19
-19
-18
-19
-16
-17
-15
-16
-14
-12
-11
-10
-9
-8
-6
-5
-2
-2
0
3
4
6
7
9
10
13
15
17
17
20
21
22
24
24
26
27
28
30
29
28
29
28
28
27
25
24
23
20
18
18
16
14
12
10
8
8
5
4
0
-1
-2
-5
-6
-7
-9
-10
-11
-13
-13
-15
-16
-16
-18
-18
-19
-21
-19
-20
-20
-20
-20
-20
-19
-18
-17
-17
-15
-15
-12
-12
-8
-6
-4
-2
-1
0
2
4
7
10
12
14
16
17
18
19
20
21
22
21
24
24
22
22
21
21
19
18
16
15
13
10
8
5
4
1
-2
-3
-5
-7
-9
-12
-13
-15
-17
-20
-21
-22
-24
-26
-28
-28
-30
-30
-31
-31
-31
-31
-31
-30
-29
-28
-26
-24
-21
-19
-17
-15
-13
-11
-8
-5
-2
-1
2
4
7
9
13
14
17
20
22
24
24
25
26
27
28
30
31
32
33
33
32
30
30
28
28
26
25
22
20
19
17
16
13
12
9
7
5
3
2
1
0
-1
-2
-4
-5
-7
-8
-9
-10
-10
-9
-10
-10
-11
-12
-11
-10
-10
-10
-10
-9
-9
-10
-10
-9
-8
-8
-8
-7
-6
-7
-7
-5
-5
-5
-4
-4
-4
-4
-4
-5
-4
-4
-4
-4
-3
-4
-4
-4
-4
-4
-4
-2
-1
-2
-1
-1
-1
1
0
0
0
0
1
1
1
0
-1
-2
-1
-2
0
0
0
0
0
-1
-2
-1
-2
-2
-2
-2
-2
-1
-1
0
0
1
2
0
-2
-1
-1
-1
1
1
3
4
5
5
5
6
6
8
8
8
9
9
9
8
10
8
8
8
7
7
6
7
6
6
5
4
3
1
-1
0
-1
0
0
-1
-2
-3
-4
-4
-5
-4
-4
-5
-5
-5
-4
-4
-4
-4
-3
-3
-2
-2
-1
-1
0
1
1
1
1
1
1
2
2
4
5
6
5
5
5
5
5
5
5
6
5
5
5
5
5
5
3
4
5
4
4
3
2
2
2
1
0
-1
-1
-2
-3
-3
-4
-5
-5
-6
-6
-8
-10
-10
-10
-12
-13
-15
-15
-16
-16
-17
-18
-17
-17
-16
-16
-14
-14
-13
-12
-11
-10
-9
-7
-5
-5
-3
-1
0
1
2
4
5
7
9
12
12
13
14
14
14
16
16
16
18
18
18
17
17
18
18
17
16
16
15
14
12
13
10
10
9
9
7
7
6
5
4
4
3
2
0
1
-1
0
0
-1
-2
-3
-4
-6
-5
-5
-5
-5
-5
-6
-6
-7
-8
-8
-8
-8
-8
-8
-8
-8
-7
-6
-6
-6
-7
-7
-6
-6
-6
-6
-5
-5
-5
-5
-5
-4
-4
-4
-4
-3
-3
-2
-3
-2
-2
-2
-1
0
0
0
1
1
1
2
3
2
3
5
5
6
6
7
6
7
8
8
8
7
9
8
7
6
7
6
6
5
4
5
4
3
2
1
1
0
0
0
0
1
1
0
-1
-2
-2
-2
-2
-3
-3
-4
-3
-5
-5
-7
-7
-6
-6
-7
-6
-7
-6
-5
-4
-5
-5
-4
-5
-5
-3
-3
-1
-1
-1
0
0
1
1
0
2
3
4
4
5
5
7
6
7
7
8
8
8
7
7
9
7
8
8
7
7
6
6
5
5
5
4
3
2
1
1
0
2
1
1
0
-1
-3
-3
-4
-4
-5
-5
-5
-6
-6
-5
-6
-4
-6
-6
-7
-7
-8
-7
-7
-5
-5
-4
-5
-4
-5
-5
-4
-3
-4
-3
-3
-2
-2
-1
0
0
0
0
0
-2
-1
0
1
2
4
4
4
4
4
3
4
4
4
5
5
4
4
5
4
3
3
3
4
4
4
4
4
3
4
4
3
3
2
1
3
2
4
5
3
2
3
1
1
0
1
0
1
0
0
-1
0
1
-1
0
-1
-1
-1
-2
-1
-1
-2
-3
-1
-1
-2
-1
-3
-2
-2
-1
-2
-3
-3
-2
-2
-2
-1
-2
-2
-2
-1
0
-1
-1
-1
-1
0
-2
-3
-1
-3
-2
0
-1
0
-2
0
1
1
1
1
1
0
-2
-1
-1
0
1
1
1
2
1
1
1
1
3
4
3
4
3
2
3
3
4
3
3
3
4
3
3
2
3
2
2
2
2
2
1
1
1
2
1
2
1
1
1
0
0
-1
0
-1
-1
-2
-2
-3
-3
-3
-3
-3
-4
-3
-2
-2
-3
-2
-2
-1
-2
-1
-1
0
0
0
-1
-1
-1
-2
0
2
1
2
1
1
0
-1
-1
0
1
2
2
3
2
2
3
3
5
4
4
4
2
3
4
4
4
4
4
5
3
2
1
0
0
2
3
1
1
-1
0
-1
0
-1
0
0
-1
0
0
-1
-1
-1
-2
-3
-3
-3
-4
-3
-4
-4
-4
-4
-3
-3
-2
-1
-1
-1
-1
-2
-3
-3
-2
-1
0
0
0
-2
-3
-3
-2
-2
-1
0
1
1
1
1
1
2
3
2
3
4
2
2
2
2
3
4
3
3
3
4
4
3
3
4
3
3
3
2
2
1
2
0
0
0
1
0
-1
0
-1
0
0
-1
0
0
0
-1
0
0
0
0
0
0
0
0
1
-1
0
0
0
0
-1
0
0
0
0
0
1
-1
-1
-1
-1
-1
-1
-1
-1
0
0
-1
-1
0
0
0
1
1
1
1
2
1
0
1
1
1
0
0
0
0
0
0
0
1
0
1
1
1
0
0
0
0
0
0
0
0
0
0
0
0
-1
0
0
0
-1
0
-1
0
0
1
1
1
1
1
0
2
1
2
1
1
1
1
2
2
0
-1
0
1
-1
0
0
0
0
0
0
0
0
0
0
0
0
1
2
-1
0
-1
-1
-1
-1
0
1
0
1
0
0
0
0
0
0
-1
0
1
0
0
0
1
0
0
0
0
0
0
0
0
0
0
0
-1
-1
-1
1
0
2
2
1
1
1
1
1
2
2
1
1
0
-1
-1
0
1
0
1
2
1
1
0
0
0
0
0
-1
0
0
0
0
0
0
0
0
0
0
0
0
1
1
0
0
-1
-1
-1
-1
0
1
2
1
2
0
0
0
1
0
0
-1
1
0
-1
0
0
-1
0
0
0
0
-1
0
0
0
0
1
0
0
0
1
1
1
2
0
1
1
1
1
1
1
0
1
2
1
1
0
1
-1
0
0
0
-1
0
0
0
-1
0
1
0
-1
0
0
-1
-1
0
0
0
0
-1
-1
-1
0
0
0
0
0
0
0
0
0
1
0
-1
0
1
0
1
0
0
0
-1
0
0
0
0
0
0
-1
1
0
0
0
0
1
0
0
0
-1
0
1
0
0
0
0
0
0
0
0
0
0
-1
1
-1
0
1
0
0
0
0
0
0
0
0
0
0
0
0
0
0
0
1
0
0
0
0
-1
1
0
0
0
0
0
0
0
0
0
0
0
0
-1
0
0
0
-1
0
0
1
1
0
0
0
0
-1
0
1
0
-1
0
0
0
0
-1
0
0
0
0
0
-1
-1
0
0
0
0
1
0
0
0
0
-1
0
0
0
0
0
0
0
0
1
0
-1
0
0
-1
0
0
0
0
0
0
0
0
0
0
0
1
0
0
0
0
-1
-1
0
-1
0
0
0
-1
0
0
0
0
1
1
-1
0
0
-1
-1
0
0
-1
0
0
-1
0
0
-1
1
-1
0
0
-1
0
0
0
0
0
0
0
1
0
0
-1
1
1
0
0
0
0
0
0
0
0
0
1
0
0
0
0
0
0
-1
0
0
-1
0
0
1
0
0
1
0
0
0
1
0
0
0
0
0
0
1
-1
0
0
0
1
0
-1
0
0
0
0
0
-1
0
0
0
0
1
0
0
1
0
0
0
1
0
0
0
0
0
1
0
0
0
0
0
0
0
1
0
0
0
0
-1
0
0
-1
-1
0
-1
0
0
0
1
1
0
0
0
-1
1
0
0
0
0
1
0
1
0
0
1
1
0
0
0
0
0
-1
0
0
0
-1
0
0
1
0
0
0
0
1
0
1
0
0
0
0
-1
0
0
0
0
0
-1
0
0
0
1
1
0
0
-1
0
0
1
0
0
-1
1
0
0
0
0
-1
0
0
0
0
0
0
0
0
0
0
0
1
0
0
0
-1
0
1
0
0
1
-1
0
-1
-1
0
0
0
0
0
0
0
0
-1
0
-1
1
0
1
1
0
0
0
0
0
0
0
0
0
0
0
0
0
0
1
0
-1
0
0
0
0
0
0
-1
0
0
-1
0
0
0
0
0
0
0
1
1
0
0
0
0
0
0
0
-1
0
0
0
0
0
0
-1
-1
0
0
0
0
0
1
0
1
-1
0
0
-1
0
0
0
1
0
0
0
0
0
0
0
1
0
1
0
0
0
-1
-1
0
0
0
0
1
0
-1
0
0
0
0
1
0
-1
0
0
0
0
0
1
0
0
0
0
0
0
0
0
0
0
1
0
0
0
0
0
0
0
0
0
0
0
0
0
-1
-1
0
0
0
0
0
0
-1
0
0
-1
0
0
0
0
0
0
0
0
0
0
0
0
0
0
0
0
0
-1
0
0
1
0
0
-1
1
0
0
0
0
0
0
0
0
0
0
-1
1
0
0
-1
0
0
0
1
0
-1
0
0
0
0
0
0
0
1
-1
0
-1
0
-1
-1
0
0
0
1
0
0
0
0
0
1
0
-1
-1
0
0
0
0
0
0
0
-1
0
-1
0
1
0
0
0
0
1
0
0
0
0
0
-1
-1
0
0
0
0
-1
0
1
0
1
0
0
0
0
-1
0
0
0
-1
0
0
0
0
0
0
0
0
-1
0
0
0
1
0
1
0
-1
0
1
0
0
-1
0
0
0
0
0
0
1
0
1
0
0
0
0
0
1
0
1
0
0
0
1
0
0
0
0
0
-1
0
0
0
0
0
0
0
0
0
-1
0
0
0
0
0
0
0
0
0
0
1
0
1
0
0
1
0
0
1
0
0
1
0
0
1
0
0
0
0
0
0
0
0
0
0
0
1
0
0
-1
0
0
-1
0
-1
0
0
1
1
0
0
0
-1
0
0
0
0
0
0
1
0
0
-1
0
0
0
0
-1
0
1
0
0
0
0
0
-1
0
0
0
0
0
0
0
1
0
0
0
0
0
-1
0
0
0
0
0
1
0
0
0
0
0
0
0
1
0
-1
0
-1
1
0
0
0
0
-1
0
-1
0
0
0
0
-1
1
0
0
0
1
0
-1
0
1
1
0
-1
0
0
0
0
0
0
0
0
-1
0
0
0
0
1
-1
0
0
-1
0
0
0
0
0
1
1
0
0
0
-1
-1
0
0
0
1
0
0
0
0
0
0
1
0
0
-1
0
0
1
0
0
0
0
0
1
0
0
-1
0
0
0
0
0
0
0
0
1
0
0
0
0
0
0
0
0
1
0
0
0
0
0
0
-1
0
0
0
0
1
0
0
1
0
0
0
1
-1
0
-1
0
0
0
1
0
0
0
0
0
0
1
0
0
0
0
0
0
0
0
0
-1
0
0
0
1
0
0
0
1
0
0
0
0
0
0
0
0
0
0
1
0
1
0
-1
0
0
-1
0
0
0
-1
0
0
0
-1
0
-1
1
-1
1
0
0
0
0
0
1
0
1
0
0
0
0
0
0
0
0
0
0
0
1
0
0
-1
0
0
0
0
0
0
0
0
0
0
-1
0
0
1
0
0
-1
0
0
0
0
0
0
0
0
-1
0
1
0
0
0
0
1
0
0
0
0
0
-1
0
0
-1
0
0
0
0
0
0
0
0
0
0
0
1
1
1
1
0
0
-1
1
0
0
0
0
0
0
0
0
0
0
0
0
1
0
0
1
0
1
0
0
1
0
0
0
0
1
0
0
-1
0
0
1
1
0
0
-1
0
-1
-1
0
0
0
1
1
0
-1
0
1
0
0
0
0
1
0
1
-1
0
1
0
0
0
-1
0
0
0
1
0
-1
0
-1
-1
0
0
1
0
0
0
1
1
0
0
1
1
-1
0
-1
0
0
0
1
0
0
0
0
-1
0
0
-1
0
0
-1
-1
1
0
0
0
0
-1
0
1
0
0
0
-1
1
0
1
0
1
-1
0
0
0
-1
0
0
0
0
0
0
0
0
0
0
0
0
0
0
0
0
0
1
0
0
0
0
1
0
0
0
0
0
0
0
0
0
0
0
0
0
0
0
0
0
0
0
0
1
0
0
0
0
-1
0
0
1
0
0
0
0
0
-1
0
0
0
0
0
0
-1
0
0
-1
0
0
0
-1
0
0
0
0
-1
0
0
0
0
0
0
0
0
0
0
0
0
0
0
0
-1
0
0
0
-1
0
-1
0
-1
0
0
0
0
1
0
0
0
0
-1
1
0
0
0
0
0
1
0
0
0
0
0
0
1
0
0
0
0
-1
0
-1
0
0
0
0
0
0
0
0
0
0
0
0
0
0
0
0
0
1
0
1
1
0
1
0
0
0
0
0
1
0
1
0
0
0
1
0
0
-1
0
0
1
0
-1
0
0
0
0
-1
-1
1
0
0
1
0
0
1
0
0
0
-1
1
0
0
0
0
0
0
-1
0
0
0
0
0
0
0
0
0
0
0
0
0
0
0
0
0
0
0
0
-1
0
-1
0
-1
0
0
0
0
0
-1
0
-1
1
0
0
0
0
0
-1
0
-1
0
-1
0
0
0
0
-1
0
-1
0
1
0
0
0
0
0
0
1
0
0
0
0
0
0
-1
0
0
0
0
0
0
0
0
1
0
1
1
0
0
0
0
0
0
0
0
0
0
1
0
1
0
0
0
0
0
0
0
1
0
0
0
1
0
1
1
0
0
0
0
-1
0
0
1
0
0
0
0
0
0
0
0
0
0
0
0
0
-1
0
0
0
0
0
0
0
0
0
-1
0
1
0
0
0
0
0
0
0
-1
1
0
0
0
1
0
1
0
0
0
0
0
0
0
-1
0
1
0
0
0
1
0
0
0
0
-1
1
1
0
0
1
0
0
0
0
0
0
0
0
-1
0
0
0
0
1
0
0
0
0
0
0
-1
-1
1
0
0
1
0
0
-1
0
-1
1
0
1
0
0
0
0
1
-1
0
0
0
0
0
0
0
0
0
0
0
0
0
0
-1
0
0
0
0
1
0
0
0
0
0
0
0
0
-1
0
0
0
-1
0
0
1
0
-1
0
0
0
0
1
1
1
0
0
-1
0
0
-1
0
0
0
0
-1
0
0
0
0
0
0
1
0
0
0
0
0
1
0
0
0
0
0
0
0
-1
1
-1
0
-1
0
0
0
0
-1
0
0
0
0
0
0
0
0
0
1
0
0
0
0
0
0
0
0
0
0
0
0
0
0
-1
0
0
0
1
0
0
0
0
-1
0
-1
0
1
0
0
1
0
0
0
0
0
0
0
0
0
0
1
-1
0
-1
0
0
-1
0
0
0
0
-1
0
0
0
0
0
1
0
0
0
0
0
0
0
-1
0
0
0
0
0
0
-1
0
0
0
0
0
0
-1
0
-1
0
0
0
0
1
0
0
0
0
0
0
0
0
0
0
0
0
1
0
0
0
0
1
0
-1
0
1
0
0
0
0
0
0
0
-1
-1
0
0
0
1
0
-1
0
0
-1
0
0
0
-1
0
0
1
0
0
0
0
0
0
1
0
0
0
0
1
0
0
0
1
1
0
0
0
0
0
0
1
0
1
0
0
0
1
0
0
0
-1
1
1
0
-1
0
0
0
0
0
0
0
0
0
0
0
1
0
1
0
0
0
0
0
-1
0
1
0
0
-1
0
-1
0
0
-1
0
0
0
0
0
0
0
0
0
0
0
0
0
0
0
0
0
0
0
0
0
0
0
0
0
0
0
0
0
0
0
0
0
-1
0
0
0
0
0
0
0
-1
0
0
0
0
0
0
0
0
0
0
0
0
0
0
0
0
0
0
0
0
0
0
1
-1
0
0
0
0
0
0
0
1
0
0
0
0
0
-1
0
0
0
0
0
0
0
0
0
0
-1
-1
-1
-1
0
-1
0
0
0
0
0
0
-1
-1
0
-1
0
0
0
-1
0
0
0
0
0
0
0
1
0
0
0
0
0
0
0
0
0
0
1
1
0
0
0
0
0
0
0
0
0
0
0
1
0
0
0
0
0
1
1
0
0
0
0