33
52
91
100
45
-25
-54
-51
-36
-2
29
16
-39
-85
-88
-70
-51
-20
21
42
17
-32
-62
-55
-22
13
40
41
25
7
-7
-14
-11
-1
9
17
28
35
20
-7
-19
-10
4
15
27
38
37
21
-13
-40
-30
9
28
7
-27
-49
-55
-40
-13
10
0
-39
-67
-57
-19
20
40
42
32
18
14
19
31
52
74
81
65
34
-4
-23
-7
29
44
15
-22
-31
-25
-23
-27
-31
-33
-36
-41
-35
-12
-1
-23
-58
-53
-9
24
25
17
14
1
-14
-7
31
67
63
27
-6
-7
10
20
22
29
33
13
-22
-35
-13
-2
-20
-30
-11
3
-26
-67
-70
-44
-17
-5
8
11
-1
-14
-6
20
46
49
32
12
2
16
45
61
46
14
-14
-31
-29
-1
35
40
8
-33
-53
-51
-34
-12
6
17
21
15
-2
-21
-28
-19
3
30
47
44
21
-12
-40
-44
-13
24
32
17
1
-13
-32
-46
-28
8
25
22
13
1
-25
-45
-26
18
41
33
7
-22
-44
-43
-16
18
30
12
-15
-27
-22
-21
-24
-17
3
23
34
34
4
-31
-32
0
32
60
76
56
9
-23
-25
-18
1
41
64
32
-24
-53
-43
-21
-2
9
6
-6
-16
-18
-20
-27
-35
-30
-4
23
17
-11
-20
-4
9
1
-1
18
40
33
2
-12
4
23
24
26
29
16
-13
-25
-2
25
22
-1
-17
-20
-25
-32
-24
5
35
23
-27
-55
-31
10
22
22
25
16
-2
0
24
27
-2
-22
-3
23
21
1
-14
-24
-28
-21
-4
-1
-9
-6
-1
-12
-26
-16
3
14
16
14
5
2
14
18
9
11
24
16
-7
-2
23
25
3
-8
-8
-14
-18
-6
11
6
-16
-35
-35
-23
-5
8
6
-13
-34
-36
-16
0
-1
-13
-18
-10
7
18
14
-3
-17
-14
-1
19
38
40
11
-25
-30
-1
23
30
33
33
16
-7
-13
-3
4
11
21
19
5
0
1
-9
-23
-18
0
7
4
-4
-20
-36
-35
-26
-18
-9
2
3
-14
-29
-18
7
25
29
23
15
14
25
38
41
33
28
28
28
20
5
-7
-4
5
8
1
-13
-25
-41
-41
-22
-2
-2
-17
-30
-36
-33
-18
4
15
10
1
-3
1
11
24
32
25
14
10
13
13
14
17
19
10
1
1
3
-4
-15
-13
-4
1
-4
-12
-21
-32
-37
-31
-17
-7
-7
-14
-20
-20
-18
-16
-10
6
24
30
23
8
-3
-2
14
36
47
42
30
19
8
1
2
13
25
27
15
-3
-17
-27
-32
-25
-13
-10
-15
-24
-33
-41
-44
-35
-19
-8
-11
-20
-22
-16
-9
-3
5
15
18
14
12
23
32
37
34
34
36
35
29
25
27
31
32
25
15
3
-12
-24
-28
-19
-8
-5
-19
-36
-49
-51
-42
-28
-17
-16
-19
-17
-9
0
-2
-9
-9
4
25
43
47
39
22
8
7
20
38
47
42
28
9
-2
-4
3
9
5
-7
-18
-22
-19
-17
-18
-23
-30
-34
-29
-20
-9
-5
-7
-10
-8
-5
0
7
13
21
23
19
17
19
22
21
15
11
13
16
14
7
-4
-10
-8
-6
-6
-10
-15
-22
-25
-22
-14
-7
-6
-11
-17
-18
-15
-8
5
11
11
3
-2
-3
0
1
5
15
27
30
23
8
-5
-7
5
19
31
31
18
0
-18
-24
-17
-3
8
9
1
-14
-33
-42
-32
-10
4
1
-7
-15
-17
-17
-13
-3
10
17
16
11
7
4
7
14
27
35
29
14
3
1
4
12
18
20
10
-7
-21
-22
-14
-5
1
-1
-7
-16
-27
-30
-26
-13
-2
4
2
-6
-15
-16
-6
4
14
17
17
16
9
5
8
14
20
23
22
20
16
6
0
-2
1
2
2
1
0
-9
-19
-25
-23
-15
-10
-8
-5
-8
-14
-21
-20
-10
-3
0
4
6
6
2
-2
3
10
18
22
22
21
15
6
1
5
14
16
11
4
-2
-6
-9
-7
-3
-3
-10
-12
-9
-8
-9
-12
-12
-8
-5
-3
-2
1
1
1
0
1
2
7
8
10
8
7
7
7
6
4
5
5
7
5
1
-4
-6
-6
-3
2
2
-2
-8
-9
-6
-1
2
1
0
-1
-3
-2
-1
1
2
2
3
1
0
-2
-3
0
3
3
2
2
1
1
0
0
2
4
4
3
2
2
1
2
2
2
1
0
-1
-2
-3
-2
-3
-2
-1
-1
0
0
-1
-1
-2
0
2
4
5
4
1
0
1
4
6
7
4
0
-3
-2
-1
2
3
1
-1
-3
-3
-2
-1
-1
-1
-2
-3
-2
1
1
1
0
-1
-1
0
1
2
1
0
0
1
2
2
1
1
0
0
2
2
2
2
2
-1
-3
-2
1
3
3
0
-3
-3
-1
1
3
3
1
-1
-1
0
1
3
2
1
0
1
0
-1
-1
0
0
0
0
0
1
0
0
-1
0
1
2
0
-2
-2
-3
0
1
1
1
0
0
-1
1
2
2
2
1
0
0
1
2
-1
0
0
-1
-1
-2
-1
-1
-1
-1
-1
0
-1
-1
-1
-1
0
0
0
0
2
2
2
2
1
1
0
0
-1
0
0
2
1
0
1
0
0
0
0
0
0
0
0
0
1
0
1
1
1
0
0
0
0
0
0
0
0
0
0
0
0
-1
0
0
0
-1
0
-1
0
0
0
0
0
0
0
-1
1
0
2
1
0
0
-1
0
0
0
-1
0
1
0
2
1
0
-1
-2
-1
0
1
0
0
0
0
1
3
0
1
1
1
1
0
0
0
-1
0
-1
0
0
0
0
0
-1
0
1
0
0
0
1
0
0
0
0
0
0
0
0
0
0
0
0
0
0
1
0
1
0
-1
-1
-1
0
0
0
0
0
0
0
-1
0
0
1
-1
0
1
0
0
0
0
0
0
0
-1
0
0
0
0
0
0
0
0
0
0
0
0
0
0
0
0
0
0
0
0
0
0
1
0
1
0
0
0
1
0
0
-1
1
0
-1
0
0
-1
0
0
0
0
-1
0
0
0
0
1
0
0
0
1
0
0
1
-1
0
0
0
0
0
0
-1
0
1
0
0
0
1
-1
0
0
0
-1
0
0
0
-1
0
1
0
-1
0
0
-1
-1
0
0
0
0
-1
-1
-1
0
0
0
0
0
0
0
0
0
1
0
-1
0
1
0
1
0
0
0
-1
0
0
0
0
0
0
-1
1
0
0
0
0
1
0
0
0
-1
0
1
0
0
0
0
0
0
0
0
0
0
-1
1
-1
0
1
0
0
0
0
0
0
0
0
0
0
0
0
0
0
0
1
0
0
0
0
-1
1
0
0
0
0
0
0
0
0
0
0
0
0
-1
0
0
0
-1
0
0
1
1
0
0
0
0
-1
0
1
0
-1
0
0
0
0
-1
0
0
0
0
0
-1
-1
0
0
0
0
1
0
0
0
0
-1
0
0
0
0
0
0
0
0
1
0
-1
0
0
-1
0
0
0
0
0
0
0
0
0
0
0
1
0
0
0
0
-1
-1
0
-1
0
0
0
-1
0
0
0
0
1
1
-1
0
0
-1
-1
0
0
-1
0
0
-1
0
0
-1
1
-1
0
0
-1
0
0
0
0
0
0
0
1
0
0
-1
1
1
0
0
0
0
0
0
0
0
0
1
0
0
0
0
0
0
-1
0
0
-1
0
0
1
0
0
1
0
0
0
1
0
0
0
0
0
0
1
-1
0
0
0
1
0
-1
0
0
0
0
0
-1
0
0
0
0
1
0
0
1
0
0
0
1
0
0
0
0
0
1
0
0
0
0
0
0
0
1
0
0
0
0
-1
0
0
-1
-1
0
-1
0
0
0
1
1
0
0
0
-1
1
0
0
0
0
1
0
1
0
0
1
1
0
0
0
0
0
-1
0
0
0
-1
0
0
1
0
0
0
0
1
0
1
0
0
0
0
-1
0
0
0
0
0
-1
0
0
0
1
1
0
0
-1
0
0
1
0
0
-1
1
0
0
0
0
-1
0
0
0
0
0
0
0
0
0
0
0
1
0
0
0
-1
0
1
0
0
1
-1
0
-1
-1
0
0
0
0
0
0
0
0
-1
0
-1
1
0
1
1
0
0
0
0
0
0
0
0
0
0
0
0
0
0
1
0
-1
0
0
0
0
0
0
-1
0
0
-1
0
0
0
0
0
0
0
1
1
0
0
0
0
0
0
0
-1
0
0
0
0
0
0
-1
-1
0
0
0
0
0
1
0
1
-1
0
1
-1
-1
-1
-1
1
1
2
2
2
2
2
1
2
0
2
0
0
-1
-2
-2
-1
-1
-1
-2
-1
-3
-4
-3
-2
-1
-1
2
1
0
1
1
1
1
2
3
2
2
1
1
1
0
0
0
0
0
1
0
0
0
0
0
0
0
0
0
0
0
0
0
-1
-1
0
0
0
1
1
1
0
1
1
0
1
1
1
1
1
1
1
1
0
0
0
0
0
0
0
0
0
0
1
1
1
0
-1
-2
0
0
1
1
1
1
0
0
0
-1
-1
-2
0
-2
-2
-3
-1
0
1
3
2
0
2
2
3
3
4
3
2
1
-1
-1
-6
-12
-19
-23
-26
-31
-38
-44
-46
-32
-3
23
29
23
22
32
42
43
42
46
50
49
41
32
19
4
-10
-15
-18
-28
-39
-44
-45
-45
-50
-50
-39
-26
-16
2
42
93
123
115
79
31
-10
-30
-24
-3
3
-12
-30
-40
-50
-66
-81
-71
-35
5
21
11
-7
-18
-17
-2
26
57
79
81
72
60
44
27
7
-12
-27
-38
-50
-66
-88
-98
-89
-70
-59
-52
-30
8
44
64
71
77
82
79
70
61
48
34
16
4
-9
-27
-54
-71
-68
-47
-26
-18
-19
-23
-26
-22
-10
15
44
65
69
58
42
32
32
35
33
27
18
5
-14
-41
-66
-81
-78
-61
-34
-9
1
-2
-6
-10
-5
10
27
35
32
28
32
29
7
-16
-11
10
20
10
-1
-7
-19
-39
-45
-32
-16
-21
-33
-22
1
15
7
4
22
40
34
15
8
19
19
4
-6
-6
-5
-5
3
15
5
-20
-32
-17
4
6
0
2
9
5
-13
-28
-25
-6
23
47
57
46
20
-4
-8
1
5
1
1
12
18
-1
-32
-52
-43
-19
-3
6
14
27
32
18
-8
-34
-46
-36
-12
8
13
9
16
28
28
11
-5
1
29
51
49
16
-28
-59
-63
-45
-33
-32
-28
-7
20
28
11
-6
0
23
33
19
-2
-6
0
-2
-16
-26
-17
2
17
21
20
18
15
5
-6
-18
-25
-19
-5
7
2
-18
-36
-35
-16
17
47
64
59
42
22
5
-11
-28
-35
-27
-11
-4
-10
-20
-22
-9
10
29
40
42
33
23
13
2
-15
-31
-35
-27
-18
-16
-19
-17
-5
10
18
16
6
-1
-1
5
7
-1
-12
-14
-6
4
10
12
15
16
11
-2
-19
-36
-44
-30
6
30
22
1
4
28
38
20
-4
1
22
23
-21
-66
-71
-38
-6
2
0
8
31
49
46
22
-8
-24
-17
1
-1
-24
-34
-17
3
2
-5
-2
24
57
66
44
13
-1
-3
-6
-24
-44
-45
-24
-3
1
-7
-20
-31
-22
12
34
24
9
18
44
48
15
-19
-8
33
35
-14
-53
-44
-23
-15
-20
-8
10
17
10
14
24
8
-19
-7
29
33
-8
-48
-46
-11
11
5
9
31
31
4
-6
7
3
-24
-55
-64
-44
-13
10
33
59
65
39
8
6
15
14
-4
-29
-48
-39
-15
-14
-35
-38
-10
35
70
62
32
15
21
23
0
-33
-46
-38
-9
11
-6
-24
-23
-10
17
29
5
-15
12
48
43
11
-12
-2
31
28
-32
-67
-41
-1
22
25
9
-5
3
3
-17
-27
-13
-2
19
45
37
4
-22
-37
-30
-4
2
-16
-4
39
50
15
-25
-52
-44
0
26
22
17
10
0
-7
-19
-45
-39
8
36
26
7
-3
0
10
2
-5
16
37
30
12
-3
-13
-25
-39
-32
-4
6
-10
-23
-10
3
7
17
48
67
39
-14
-40
-24
-4
-7
-8
14
23
-13
-52
-48
-11
22
30
28
29
27
1
-18
-5
-1
-21
-29
-19
-2
16
5
-4
20
34
18
0
-14
-19
-3
16
14
-6
-17
-12
-12
-31
-44
-22
19
39
22
1
3
12
10
2
10
24
8
-17
-20
0
-2
-34
-50
-13
19
4
-6
20
41
40
24
4
2
14
18
18
15
-16
-64
-66
-31
-22
-24
3
33
31
-1
-38
-44
-8
29
54
87
87
5
-78
-69
-20
0
7
24
50
54
-3
-70
-65
-24
-13
-14
2
11
9
18
15
-10
-24
-12
7
28
26
-4
5
58
59
0
-35
-35
-25
-5
4
-3
3
6
-18
-30
-11
-10
-15
6
31
37
31
13
1
17
13
-31
-48
-15
15
11
-9
-19
5
32
1
-51
-47
-4
14
10
14
36
42
16
-14
-7
16
9
-23
-18
15
16
0
-6
-15
-23
-38
-42
-12
25
22
9
29
50
21
-20
-34
-15
18
27
14
26
39
-3
-51
-55
-37
-18
9
23
18
0
-22
-22
3
12
2
8
23
14
-5
-5
12
22
11
-2
4
13
-6
-45
-51
-21
3
1
1
18
37
23
-4
-6
16
19
7
6
22
19
-6
-27
-24
-21
-39
-45
-6
44
51
21
-5
-10
-10
-25
-35
-11
28
34
9
-4
1
-3
-10
-10
6
35
45
16
-2
3
-21
-59
-48
-18
-8
0
3
10
27
22
18
45
47
-10
-49
-22
13
10
-8
-13
-4
0
-31
-44
-7
22
13
10
24
28
1
-22
-9
20
10
-14
-1
26
20
-12
-12
21
37
9
-19
-25
-30
-34
-22
3
10
2
6
13
2
-17
-13
19
43
35
14
2
-11
-35
-45
-23
-1
1
5
25
31
3
-21
-10
10
0
-26
-21
10
21
-3
-16
3
5
-15
-9
16
32
21
-3
3
25
9
-27
-31
-6
7
-13
-23
4
27
17
-9
-10
11
19
7
0
8
6
-12
-22
-4
9
-7
-23
-10
15
21
13
12
15
4
-17
-26
-17
-11
-6
6
24
22
0
-13
-8
-5
-8
-1
23
36
19
-10
-26
-24
-17
-12
-2
6
1
-13
-2
29
40
11
-10
1
12
-9
-32
-18
12
18
-5
-22
-19
-11
-1
13
24
21
19
22
10
-21
-34
-23
-14
-14
-8
7
21
22
17
20
23
13
-2
-7
-4
-6
-12
-12
-6
-3
-4
-16
-21
-12
-1
3
8
21
28
24
16
5
-6
-16
-16
-14
-11
-9
6
21
22
4
-13
-12
-3
4
9
12
10
8
5
-7
-23
-26
-11
-1
-4
-3
7
13
3
-17
-17
5
20
18
14
16
19
2
-8
5
5
-13
-12
0
-1
-14
-18
-9
7
3
-12
-2
21
14
-10
-13
-7
0
3
0
4
14
10
2
7
7
-4
-10
-2
12
14
0
-13
-11
-9
-16
-20
-9
5
8
1
4
15
17
4
-3
1
1
-8
-6
14
18
7
-6
-5
-6
-15
-18
-4
14
12
1
2
9
3
-12
-9
7
9
-2
-4
-2
1
0
-6
-6
-1
-3
-1
17
25
6
-12
-10
0
-1
-11
-13
-2
6
0
3
10
9
-1
2
7
-1
-8
1
9
6
-4
-8
-6
-6
-6
3
14
15
7
-3
-7
-18
-29
-23
-6
9
15
17
14
10
9
6
8
11
3
-8
-10
-4
-5
-7
-1
1
-7
-15
-8
3
5
-2
1
13
10
-12
-26
-14
3
7
11
21
22
6
-7
-9
-6
-4
0
6
15
12
-7
-15
-5
-1
-6
-4
1
2
4
5
-1
-4
-6
-7
3
9
-1
-7
7
17
8
-5
-7
-2
1
-2
-3
9
19
11
0
2
0
-13
-19
-10
3
5
-2
-6
-3
1
-3
-6
2
13
11
0
-1
8
10
0
-4
3
5
-3
-8
0
4
-5
-12
-4
4
-4
-12
0
13
10
-2
3
11
9
1
-1
-1
0
0
-2
1
4
1
-2
3
8
8
3
0
-1
-4
-10
-10
-2
4
4
0
3
3
1
-3
-2
2
4
5
4
1
-1
-7
-8
-5
3
5
3
2
0
-2
-5
-3
0
2
1
0
0
0
-2
-2
3
7
7
3
-2
-7
-8
-7
-1
5
8
7
5
2
-2
-5
-4
1
6
7
1
-3
-3
-3
-6
-9
-7
0
7
12
9
4
-2
-5
-4
-2
0
0
0
0
2
3
3
3
2
1
1
-1
-2
-2
-1
0
-3
-4
-5
-3
0
2
2
3
5
3
0
-2
-1
0
-1
2
4
4
3
0
-1
-2
-1
-1
-1
-2
-2
0
2
1
-2
0
3
3
0
-2
-2
-2
-3
-2
0
5
6
3
-1
0
0
-1
-2
-2
0
0
0
-1
-1
0
0
0
3
5
5
3
0
-1
-1
-1
0
1
1
1
1
1
2
2
2
1
1
0
1
1
0
-2
-3
-4
-5
-2
0
3
4
3
3
2
2
2
2
3
3
1
-1
-2
-5
-3
-2
0
-2
-2
-1
-4
-5
-4
0
5
9
9
7
5
2
1
1
3
4
2
1
-1
-5
-5
-5
-3
-2
0
1
1
1
0
0
-1
0
-1
1
4
4
4
3
3
2
2
1
0
-1
-2
-3
-2
-1
0
0
-1
-2
-4
-4
-4
-2
1
3
5
5
2
-2
-3
-1
2
6
7
5
2
-1
-2
-1
-1
0
0
1
1
1
-1
-3
-2
-1
-1
1
1
2
1
2
1
-1
-1
-1
0
1
4
2
0
0
1
2
-2
-6
-6
-1
1
-2
0
1
3
0
-2
-3
-2
0
4
7
6
1
-1
0
-1
-3
-3
1
4
3
1
0
0
-2
-2
-1
0
0
0
1
-1
1
2
4
1
0
2
4
3
-1
-2
0
4
0
-2
-3
-4
-3
-1
1
1
0
-3
-4
-3
-1
1
4
4
4
5
3
2
0
-1
-2
0
2
3
1
-2
-5
-3
-1
0
2
2
1
1
-1
-3
-4
-3
1
3
3
4
4
2
1
-1
0
0
1
1
0
-3
-3
-4
-3
-2
-2
1
3
4
4
3
2
0
0
0
0
1
2
3
2
0
0
0
-1
-1
0
0
1
1
1
1
-1
-2
-2
-1
0
1
2
2
2
2
1
0
-1
-1
-1
0
1
2
2
1
0
-2
-1
0
1
1
1
1
0
-1
-2
-1
-1
0
1
2
1
1
1
1
1
1
0
2
1
1
0
0
0
0
1
2
1
2
0
-2
-2
0
2
3
4
3
3
0
0
0
2
2
2
1
-1
-3
-4
-2
-1
0
1
1
0
0
0
0
-1
-1
0
1
2
2
1
0
-1
0
0
1
2
2
2
2
1
1
2
1
2
1
0
-1
-2
-1
-1
0
-3
-2
-1
-2
1
2
3
2
1
-1
0
-1
2
2
1
-1
0
-1
0
0
0
0
0
-1
0
0
1
1
1
1
0
2
1
1
2
2
1
1
1
-1
-1
0
0
0
-1
-1
-1
-2
-2
-1
0
0
0
1
1
1
1
1
1
1
1
1
2
0
1
-1
-1
0
-2
0
-1
-1
-1
-1
0
1
1
1
0
1
0
1
2
2
0
1
0
0
0
1
0
1
1
1
1
0
1
0
0
-1
-1
0
1
2
2
1
0
0
1
3
3
2
0
-1
-1
0
1
1
0
-2
0
0
0
1
1
0
0
0
0
0
1
1
2
2
2
0
-1
0
0
1
0
-1
0
0
0
0
0
0
-1
-1
0
0
-2
1
0
1
0
0
0
1
0
1
3
2
1
1
0
-1
-2
1
1
0
2
1
0
-1
-1
-1
-1
0
1
1
1
1
0
0
0
0
0
0
-1
0
0
-1
0
0
-1
0
0
0
-1
0
0
0
0
1
0
0
0
2
2
2
1
0
0
0
0
1
-1
1
1
1
0
1
0
0
0
1
-1
0
0
0
0
0
0
0
0
0
0
0
-1
0
0
0
0
0
0
0
0
0
0
1
-1
0
0
-1
1
0
0
0
0
0
0
0
0
0
0
0
0
0
0
-1
0
0
0
0
0
0
0
-1
0
0
0
-1
0
0
-1
-1
0
0
0
0
0
1
1
-1
0
-1
0
0
0
0
0
0
0
0
1
0
0
0
0
-1
1
0
0
1
0
0
0
0
0
1
1
0
0
0
0
0
-1
0
-1
1
0
1
0
0
1
0
0
1
0
0
0
1
-1
-1
1
0
0
0
-1
0
0
1
0
0
0
0
0
0
-1
0
0
0
-1
0
0
1
1
-1
0
0
0
0
0
0
0
0
0
-1
1
0
0
1
0
0
0
0
1
-1
0
0
0
0
-1
1
0
0
-1
0
0
0
0
0
-1
0
-1
1
0
0
1
0
0
0
0
0
0
0
0
-1
0
0
0
1
0
1
0
0
0
0
-1
0
0
1
1
0
0
0
-1
-1
0
0
0
-1
0
0
1
0
1
0
0
1
0
0
1
0
0
0
0
0
0
0
0
0
0
0
-1
1
0
0
0
0
0
0
0
0
0
0
-1
0
-1
0
0
0
0
0
-1
0
0
0
1
0
0
0
0
0
0
0
0
0
-1
1
1
-1
0
0
0
0
0
0
0
0
0
0
0
0
0
-1
0
0
0
0
0
0
0
0
-1
0
0
0
0
-1
0
-1
0
0
0
0
0
-1
0
0
-1
0
0
0
1
0
0
0
0
0
0
1
0
0
0
0
0
1
0
0
0
1
1
0
0
0
0
0
0
0
0
1
1
1
0
0
-1
0
0
0
-1
-1
0
0
0
0
0
0
0
0
0
0
0
0
0
0
0
0
0
0
0
0
0
1
1
1
0
-1
0
0
0
0
0
0
1
-1
-1
0
0
0
0
0
1
0
-1
0
0
0
0
0
0
0
0
-1
0
0
0
0
1
0
0
0
0
0
-1
1
1
0
0
0
0
1
0
0
0
0
0
0
0
0
0
0
0
0
1
0
0
0
0
0
0
1
0
0
0
0
0
0
0
0
0
0
1
0
-1
0
0
0
0
-1
0
0
0
0
0
0
-1
0
0
-1
0
0
0
-1
1
0
0
0
0
0
0
0
0
0
0
0
0
0
-1
0
-1
0
0
0
0
0
0
0
0
0
1
0
0
0
0
0
0
0
0
0
0
0
1
0
0
0
0
0
0
0
0
0
-1
0
0
1
0
0
0
0
0
0
0
1
0
0
0
0
0
0
-1
0
1
0
0
0
0
0
0
0
0
-1
0
0
0
0
0
0
0
0
1
0
-1
0
1
0
0
-1
0
0
0
0
-1
0
0
0
0
1
0
0
0
0
0
0
0
0
-1
0
0
0
0
0
0
0
0
0
1
0
0
0
0
0
1
0
0
1
0
1
-1
0
0
0
0
0
0
0
0
-1
0
-1
-1
0
0
0
0
0
0
0
0
0
0
-1
0
-1
0
0
0
0
0
0
-1
0
0
0
0
0
0
0
0
0
0
0
0
0
0
0
0
0
1
1
0
-1
0
0
0
0
0
0
0
0
0
0
0
0
0
0
0
0
1
0
0
0
0
0
1
0
0
0
0
0
0
0
-1
-1
0
0
0
0
0
-1
-1
0
0
0
-1
1
0
0
-1
0
0
0
0
0
0
0
0
0
0
0
0
0
0
0
0
1
0
0
-1
0
0
0
0
0
0
1
0
0
-1
-1
0
0
0
0
-1
0
0
0
0
0
1
0
0
1
0
1
0
0
0
0
0
0
-1
0
0
0
0
0
0
1
0
0
0
0
0
0
-1
-1
0
-1
0
0
0
0
0
0
0
0
0
0
0
0
0
0
-1
0
0
0
0
1
0
0
0
0
0
0
0
0
0
0
-1
1
-1
0
0
0
0
0
0
0
0
1
0
1
0
0
0
1
-1
0
0
0
0
0
0
0
0
0
0
-1
0
0
0
0
1
1
0
1
0
0
0
0
0
0
0
0
0
0
-1
-1
-1
-1
0
0
0
0
0
-1
0
0
0
0
0
-1
0
-1
0
1
0
0
1
0
0
-1
0
-1
0
0
0
-1
0
1
-1
0
0
0
0
-1
0
1
0
-1
1
1
0
1
-1
0
0
1
0
0
-1
1
0
0
1
0
0
0
0
1
0
0
0
0
1
0
-1
0
-1
0
1
0
1
-1
0
1
0
0
0
0
0
-1
0
0
0
0
0
0
0
0
0
0
-1
0
1
0
1
0
-1
0
0
1
0
0
0
0
0
0
-1
0
-1
0
0
0
0
0
0
0
1
0
1
0
0
0
0
0
-1
0
0
0
0
0
-1
0
0
0
0
0
0
1
0
0
0
0
1
0
0
0
0
0
0
0
0
0
-1
0
1
0
0
0
0
0
0
0
0
0
0
0
0
0
0
0
-1
1
0
0
0
-1
0
0
0
1
0
0
0
-1
0
0
0
0
1
1
0
1
0
0
-1
0
-1
0
0
0
0
0
0
0
0
0
0
0
0
0
1
0
0
0
0
0
0
0
0
0
0
0
0
0
0
0
0
0
0
1
0
0
0
1
0
0
0
0
0
0
0
0
1
1
0
0
1
0
0
0
0
0
1
0
0
-1
1
0
-1
-1
0
0
0
0
0
1
0
1
0
0
0
1
0
-1
0
-1
0
0
-1
0
0
0
-1
0
0
0
0
0
0
0
0
1
-1
0
0
0
0
-1
0
0
0
0
0
1
0
0
0
0
0
0
0
0
1
1
0
0
0
0
0
0
0
0
0
1
0
-1
0
0
0
0
0
0
0
0
0
0
1
0
1
1
1
0
0
0
0
0
0
0
0
0
0
0
0
-1
0
0
0
-1
0
-1
0
0
0
0
0
0
0
-1
1
0
1
0
0
0
0
1
1
0
-1
0
1
-1
0
0
0
0
0
0
0
0
0
0
0
0
0
1
-1
0
0
0
0
0
0
0
-1
0
-1
0
0
0
0
0
-1
0
1
0
0
0
1
0
0
0
0
0
0
0
0
0
0
0
0
0
0
1
0
1
0
-1
-1
-1
0
0
0
0
0
0
0
-1
0
0
1
-1
0
1
0
0
0
0
0
0
0
-1
0
0
0
0
0
0
0
0
0
0
0
0
0
0
0
0
0
0
0
0
0
0
1
0
1
0
0
0
1
0
0
-1
1
0
-1
0
0
-1
0
0
0
0
-1
0
0
0
0
1
0
0
0
1
0
0
1
-1
0
0
0
0
0
0
-1
0
1
0
0
0
1
-1
0
0
0
-1
0
0
0
-1
0
1
0
-1
0
0
-1
-1
0
0
0
0
-1
-1
-1
0
0
0
0
0
0
0
0
0
1
0
-1
0
1
0
1
0
0
0
-1
0
0
0
0
0
0
-1
1
0
0
0
0
1
0
0
0
-1
0
1
0
0
0
0
0
0
0
0
0
0
-1
1
-1
0
1
0
0
0
0
0
0
0
0
0
0
0
0
0
0
0
1
0
0
0
0
-1
1
0
0
0
0
0
0
0
0
0
0
0
0
-1
0
0
0
-1
0
0
1
1
0
0
0
0
-1
0
1
0
-1
0
0
0
0
-1
0
0
0
0
0
-1
-1
0
0
0
0
1
0
0
0
0
-1
0
0
0
0
0
0
0
0
1
0
-1
0
0
-1
0
0
0
0
0
0
0
0
0
0
0
1
0
0
0
0
-1
-1
0
-1
0
0
0
-1
0
0
0
0
1
1
-1
0
0
-1
-1
0
0
-1
0
0
-1
0
0
-1
1
-1
0
0
-1
0
0
0
0
0
0
0
1
0
0
-1
1
1
0
0
0
0
0
0
0
0
0
1
0
0
0
0
0
0
-1
0
0
-1
0
0
1
0
0
1
0
0
0
1
0
0
0
0
0
0
1
-1
0
0
0
1
0
-1
0
0
0
0
0
-1
0
0
0
0
1
0
0
1
0
0
0
1
0
0
0
0
0
1
0
0
0
0
0
0
0
1
0
0
0
0
-1
0
0
-1
-1
0
-1
0
0
0
1
1
0
0
0
-1
1
0
0
0
0
1
0
1
0
0
1
1
0
0
0
0
0
-1
0
0
0
-1
0
0
1
0
0
0
0
1
0
1
0
0
0
0
-1
0
0
0
0
0
-1
0
0
0
1
1
0
0
-1
0
0
1
0
0
-1
1
0
0
0
0
-1
0
0
0
0
0
0
0
0
0
0
0
1
0
0
0
-1
0
1
0
0
1
-1
0
-1
-1
0
0
0
0
0
0
0
0
-1
0
-1
1
0
1
1
0
0
0
0
0
0
0
0
0
0
0
0
0
0
1
0
-1
0
0
0
0
0
0
-1
0
0
-1
0
0
0
0
0
0
0
1
1
0
0
0
0
0
0
0
-1
0
0
0
0
0
0
-1
-1
0
0
0
0
0
1
0
1
-1
0
0
-1
0
0
0
1
0
0
0
0
0
0
0
1
0
1
0
0
0
-1
-1
0
0
0
0
1
0
-1
0
0
0
0
1
0
-1
0
0
0
0
0
1
0
0
0
0
0
0
0
0
0
0
1
0
0
0
0
0
0
0
0
0
0
0
0
0
-1
-1
0
0
0
0
0
0
-1
0
0
-1
0
0
0
0
0
0
0
0
0
0
0
0
0
0
0
0
0
-1
0
0
1
0
0
-1
1
0
0
0
0
0
0
0
0
0
0
-1
1
0
0
-1
0
0
0
1
0
-1
0
0
0
0
0
0
0
1
-1
0
-1
0
-1
-1
0
0
0
1
0
0
0
0
0
1
0
-1
-1
0
0
0
0
0
0
0
-1
0
-1
0
1
0
0
0
0
1
0
0
0
0
0
-1
-1
0
0
0
0
-1
0
1
0
1
0
0
0
0
-1
0
0
0
-1
0
0
0
0
0
0
0
0
-1
0
0
0
1
0
1
0
-1
0
1
0
0
-1
0
0
0
0
0
0
1
0
1
0
0
0
0
0
1
0
1
0
0
0
1
0
0
0
0
0
-1
0
0
0
0
0
0
0
0
0
-1
0
0
0
0
0
0
0
0
0
0
1
0
1
0
0
1
0
0
1
0
0
1
0
0
1
0
0
0
0
0
0
0
0
0
0
0
1
0
0
-1
0
0
-1
0
-1
0
0
1
1
0
0
0
-1
0
0
0
0
0
0
1
0
0
-1
0
0
0
0
-1
0
1
0
0
0
0
0
-1
0
0
0
0
0
0
0
1
0
0
0
0
0
-1
0
0
0
0
0
1
0
0
0
0
0
0
0
1
0
-1
0
-1
1
0
0
0
0
-1
0
-1
0
0
0
0
-1
1
0
0
0
1
0
-1
0
1
1
0
-1
0
0
0
0
0
0
0
0
-1
0
0
0
0
1
-1
0
0
-1
0
0
0
0
0
1
1
0
0
0
-1
-1
0
0
0
1
0
0
0
0
0
0
1
0
0
-1
0
0
1
0
0
0
0
0
1
0
0
-1
0
0
0
0
0
0
0
0
1
0
0
0
0
0
0
0
0
1
0
0
0
0
0
0
-1
0
0
0
0
1
0
0
1
0
0
0
1
-1
0
-1
0
0
0
1
0
0
0
0
0
0
1
0
0
0
0
0
0
0
0
0
-1
0
0
0
1
0
0
0
1
0
0
0
0
0
0
0
0
0
0
1
0
1
0
-1
0
0
-1
0
0
0
-1
0
0
0
-1
0
-1
1
-1
1
0
0
0
0
0
1
0
1
0
0
0
0
0
0
0
0
0
0
0
1
0
0
-1
0
0
0
0
0
0
0
0
0
0
-1
0
0
1
0
0
-1
0
0
0
0
0
0
0
0
-1
0
1
0
0
0
0
1
0
0
0
0
0
-1
0
0
-1
0
0
0
0
0
0
0
0
0
0
0
1
1
1
1
0
0
-1
1
0
0
0
0
0
0
0
0
0
0
0
0
1
0
0
1
0
1
0
0
1
0
0
0
0
1
0
0
-1
0
0
1
1
0
0
-1
0
-1
-1
0
0
0
1
1
0
-1
0
1
0
0
0
0
1
0
1
-1
0
1
0
0
0
-1
0
0
0
1
0
-1
0
-1
-1
0
0
1
0
0
0
1
1
0
0
1
1
-1
0
-1
0
0
0
1
0
0
0
0
-1
0
0
-1
0
0
-1
-1
1
0
0
0
0
-1
0
1
0
0
0
-1
1
0
1
0
1
-1
0
0
0
-1
0
0
0
0
0
0
0
0
0
0
0
0
0
0
0
0
0
1
0
0
0
0
1
0
0
0
0
0
0
0
0
0
0
0
0
0
0
0
0
0
0
0
0
1
0
0
0
0
-1
0
0
1
0
0
0
0
0
-1
0
0
0
0
0
0
-1
0
0
-1
0
0
0
-1
0
0
0
0
-1
0
0
0
0
0
0
0
0
0
0
0
0
0
0
0
-1
0
0
0
-1
0
-1
0
-1
0
0
0
0
1
0
0
0
0
-1
1
0
0
0
0
0
1
0
0
0
0
0
0
1
0
0
0
0
-1
0
-1
0
0
0
0
0
0
0
0
0
0
0
0
0
0
0
0
0
1
0
1
1
0
1
0
0
0
0
0
1
0
1
0
0
0
1
0
0
-1
0
0
1
0
-1
0
0
0
0
-1
-1
1
0
0
1
0
0
1
0
0
0
-1
1
0
0
0
0
0
0
-1
0
0
0
0
0
0
0
0
0
0
0
0
0
0
0
0
0
0
0
0
-1
0
-1
0
-1
0
0
0
0
0
-1
0
-1
1
0
0
0
0
0
-1
0
-1
0
-1
0
0
0
0
-1
0
-1
0
1
0
0
0
0
0
0
1
0
0
0
0
0
0
-1
0
0
0
0
0
0
0
0
1
0
1
1
0
0
0
0
0
0
0
0
0
0
1
0
1
0
0
0
0
0
0
0
1
0
0
0
1
0
1
1
0
0
0
0
-1
0
0
1
0
0
0
0
0
0
0
0
0
0
0
0
0
-1
0
0
0
0
0
0
0
0
0
-1
0
1
0
0
0
0
0
0
0
-1
1
0
0
0
1
0
1
0
0
0
0
0
0
0
-1
0
1
0
0
0
1
0
0
0
0
-1
1
1
0
0
1
0
0
0
0
0
0
0
0
-1
0
0
0
0
1
0
0
0
0
0
0
-1
-1
1
0
0
1
0
0
-1
0
-1
1
0
1
0
0
0
0
1
-1
0
0
0
0
0
0
0
0
0
0
0
0
0
0
-1
0
0
0
0
1
0
0
0
0
0
0
0
0
-1
0
0
0
-1
0
0
1
0
-1
0
0
0
0
1
1
1
0
0
-1
0
0
-1
0
0
0
0
-1
0
0
0
0
0
0
1
0
0
0
0
0
1
0
0
0
0
0
0
0
-1
1
-1
0
-1
0
0
0
0
-1
0
0
0
0
0
0
0
0
0
1
0
0
0
0
0
0
0
0
0
0
0
0
0
0
-1
0
0
0
1
0
0
0
0
-1
0
-1
0
1
0
0
1
0
0
0
0
0
0
0
0
0
0
1
-1
0
-1
0
0
-1
0
0
0
0
-1
0
0
0
0
0
1
0
0
0
0
0
0
0
-1
0
0
0
0
0
0
-1
0
0
0
0
0
0
-1
0
-1
0
0
0
0
1
0
0
0
0
0
0
0
0
0
0
0
0
1
0
0
0
0
1
0
-1
0
1
0
0
0
0
0
0
0
-1
-1
0
0
0
1
0
-1
0
0
-1
0
0
0
-1
0
0
1
0
0
0
0
0
0
1
0
0
0
0
1
0
0
0
1
1
0
0
0
0
0
0
1
0
1
0
0
0
1
0
0
0
-1
1
1
0
-1
0
0
0
0
0
0
0
0
0
0
0
1
0
1
0
0
0
0
0
-1
0
1
0
0
-1
0
-1
0
0
-1
0
0
0
0
0
0
0
0
0
0
0
0
0
0
0
0
0
0
0
0
0
0
0
0
0
0
0
0
0
0
0
0
0
-1
0
0
0
0
0
0
0
-1
0
0
0
0
0
0
0
0
0
0
0
0
0
0
0
0
0
0
0
0
0
0
1
-1
0
0
0
0
0
0
0
1
0
0
0
0
0
-1
0
0
0
0
0
0
0
0
0
0
-1
-1
-1
-1
0
-1
0
-1
0
1
-1
0
-1
-2
1
-1
0
2
-2
-1
2
-3
-1
3
-2
-2
3
2
-4
2
5
-5
-2
6
-2
-5
4
1
-2
1
3
0
-4
-1
3
0
-1
2
0
-3
-1
4
0
-1
2
0
-3
1
4
-1
-2
2
0
-2
0
2
-2
-1
2
0
-2
2
1
-1
0
1
0
-1
2
1
-1
1
1
0
0
1
0
-2
0
1
-1
0
1
0
0
2
1
2
2
0
1
1
1
1
0
0
0
0
0
0
0
1
0
0
1
0
0
0
1
0
0
0
-1
0
0
0
0
0
0
0
0
0
0
1
0
0
0
-1
-1
0
0
0
0
0
0
0
0
0
0
-1
0
0
-1
0
0
-1
0
1
0
-2
2
3
0
1
2
1
-1
1
0
-1
0
0
0
0
1
0
0
0
0
0
0
0
0
1
1
0
1
-1
0
0
0
0
0
0
0
0
0
0
0
0
0
0
0
0
0
0
1
1
1
1
1
1
1
1
1
1
-1
1
0
1
0
0
1
0
0
0
0
0
1
-1
0
0
0
0
0
1
0
0
-1
0
0
0
0
1
0
0
1
-1
-1
0
0
0
0
0
0
0
0
0
0
0
-1
0
0
0
1
0
0
0
0
1
0
-1
-1
0
0
0
-1
0
0
0
0
0
-1
0
0
0
0
-1
0
0
0
0
0
0
0
0
0
0
0
0
0
0
-1
0
0
0
0
0
0
0
0
0
1
0
-1
0
0
0
0
0
0
0
0
0
0
0
0
0
0
0
0
0
0
0
-1
0
0
0
0
0
0
0
0
0
0
0
0
0
1
0
0
0
0
0
0
0
1
0
0
0
1
1
0
0
0
-1
1
1
0
0
0
0
0
0
0
1
0
0
0
1
0
0
0
0
0
-1
0
0
0
0
0
0
0
0
0
0
-1
-1
-1
0
0
0
0
-1
0
0
0
0
0
0
0
0
0
1
0
1
0
0
0
0
0
0
1
-1
0
1
-1
0
0
0
0
0
0
0
-1
0
0
0
-1
0
-1
0
0
0
0
0
-1
0
0
0
0
0
0
-1
0
0
0
0
0
0
0
0
-1
-1
0
0
0
0
0
1
0
0
0
0
0
-1
0
0
0
0
0
0
0
0
0
1
0
1
0
0
1
-1
1
0
0
0
-1
-1
0
0
0
-1
0
-1
0
0
0
-1
0
0
0
0
1
0
0
0
0
0
0
1
0
1
0
0
0
0
0
0
1
0
0
0
1
1
0
0
0
0
0
0
0
-1
-2
1
0
1
1
1
2
3
2
1
0
-1
-1
1
1
0
-3
-3
-1
0
2
2
0
1
1
1
1
1
0
-1
0
2
2
0
1
-1
1
1
1
1
0
-1
0
1
0
0
0
-1
0
0
0
0
0
1
-1
0
0
0
0
0
0
0
0
0
1
0
0
0
0
0
0
-2
0
0
-1
1
1
0
1
0
1
2
1
2
3
4
2
-1
1
4
7
2
-1
-1
1
2
0
0
1
-3
-3
-2
-1
-1
1
-1
0
-1
-1
-2
1
3
2
-1
-3
-3
1
2
-2
-5
-4
-2
-1
-3
-5
-3
-2
-2
-2
1
1
1
3
2
3
5
9
13
7
3
9
18
19
15
13
13
8
4
12
20
13
1
3
16
17
4
-1
9
14
4
-10
-7
-1
-2
-11
-13
-12
-16
-26
-29
-21
-11
-8
-13
-20
-31
-43
-38
-16
9
10
-9
-20
-8
10
13
3
-5
-7
-8
-16
-24
-32
-40
-49
-47
-33
-30
-42
-51
-40
-25
-31
-53
-61
-44
-27
-25
-35
-47
-58
-61
-41
-9
6
-21
-51
-29
34
65
36
1
15
51
59
45
53
72
36
-52
-108
-59
64
162
172
65
-122
-226
-31
434
766
588
52
-296
-112
406
807
802
430
-47
-314
-193
189
467
383
64
-185
-264
-278
-256
-116
126
261
122
-192
-382
-283
-14
218
309
221
-13
-257
-335
-227
-91
-63
-152
-282
-417
-557
-669
-683
-592
-503
-498
-532
-531
-491
-452
-393
-273
-84
125
258
260
185
155
234
385
516
544
434
250
110
70
96
112
77
-3
-89
-162
-221
-251
-217
-136
-66
-22
13
37
42
59
121
225
327
375
334
262
243
294
360
407
402
328
240
203
216
241
241
207
146
73
-5
-61
-55
4
43
1
-102
-210
-254
-193
-53
72
96
20
-64
-66
45
221
385
473
489
467
449
471
544
633
676
624
475
275
80
-86
-249
-426
-623
-846
-1102
-1363
-1595
-1807
-2004
-2126
-2049
-1745
-1399
-1239
-1257
-1210
-890
-294
407
973
1229
1202
1131
1260
1619
2029
2244
2135
1760
1318
985
795
689
601
441
91
-429
-909
-1156
-1168
-1087
-1021
-1004
-1049
-1159
-1268
-1238
-980
-590
-255
-81
-51
-68
-12
207
581
968
1198
1202
1061
945
989
1175
1365
1426
1296
1002
673
483
488
554
478
199
-160
-452
-624
-696
-717
-745
-837
-994
-1147
-1196
-1092
-889
-706
-617
-604
-585
-480
-271
-13
218
353
367
319
332
434
519
509
476
475
428
267
94
40
66
39
-72
-189
-268
-344
-424
-450
-392
-329
-341
-401
-425
-385
-335
-300
-229
-105
-16
-29
-80
-57
40
111
129
150
182
188
181
202
235
219
154
129
195
280
259
126
5
2
84
169
188
113
-32
-131
-85
47
112
48
-33
-21
61
124
137
127
126
138
157
179
190
179
122
16
-82
-70
82
256
279
119
-72
-101
81
334
484
450
287
123
95
248
477
598
508
323
272
403
545
604
640
657
590
468
400
404
374
200
-164
-672
-1178
-1504
-1622
-1728
-2029
-2584
-3353
-4072
-4124
-3140
-1855
-1511
-2194
-2628
-1916
-487
910
2011
2611
2512
2184
2479
3473
4334
4441
4001
3505
3053
2466
1777
1266
1052
867
299
-711
-1717
-2277
-2420
-2385
-2220
-2010
-2069
-2444
-2686
-2424
-1836
-1293
-875
-480
-176
-101
-92
244
975
1709
2057
2010
1844
1818
1987
2215
2323
2252
2009
1603
1121
743
568
440
140
-325
-806
-1256
-1687
-2010
-2136
-2179
-2328
-2602
-2829
-2813
-2464
-1920
-1524
-1487
-1534
-1177
-379
374
763
946
1110
1230
1413
1849
2317
2351
1991
1714
1653
1510
1235
1079
1031
782
272
-224
-501
-578
-552
-524
-631
-916
-1215
-1289
-1118
-874
-709
-676
-734
-727
-529
-232
-18
110
245
384
478
541
625
744
845
845
752
664
615
542
425
324
257
159
-10
-239
-479
-619
-613
-572
-616
-751
-946
-1114
-1075
-796
-543
-525
-616
-685
-714
-510
103
714
708
232
64
517
1154
1497
1464
1177
843
710
902
1239
1344
994
443
199
345
447
272
86
51
-29
-228
-375
-394
-335
-248
-220
-305
-397
-384
-314
-271
-223
-129
-58
-52
-22
67
53
-116
-171
79
336
183
-300
-664
-754
-852
-1163
-1448
-1446
-1380
-1633
-2062
-2206
-1997
-1692
-1363
-1081
-1110
-1207
-526
840
1418
673
182
1083
2241
2502
2480
2644
2217
1304
1336
2399
2792
1853
746
296
182
131
126
-65
-464
-753
-1036
-1594
-1990
-1680
-1113
-1036
-1329
-1476
-1488
-1553
-1420
-867
-295
-183
-382
-416
-118
351
725
886
1029
1278
1369
1283
1503
2012
2101
1667
1386
1419
1340
1128
1005
774
274
-154
-318
-499
-775
-917
-1013
-1325
-1625
-1563
-1405
-1464
-1454
-1180
-1010
-1057
-930
-567
-295
-158
-12
142
335
597
783
836
883
947
973
1043
1193
1286
1182
958
869
1007
1066
800
469
394
463
427
237
3
-128
-141
-203
-325
-320
-257
-416
-745
-1008
-1270
-1664
-1975
-1999
-2032
-2439
-2957
-3200
-3465
-3830
-3241
-1359
-97
-943
-2249
-1775
9
1380
2144
2863
3083
2307
1588
2331
4036
4842
4129
3005
2418
2203
1917
1572
1497
1626
1239
3
-1200
-1472
-1130
-878
-849
-1030
-1499
-2015
-2239
-2108
-1706
-1297
-1313
-1687
-1713
-1158
-699
-726
-617
96
779
750
450
634
1223
1691
1817
1669
1486
1483
1483
1318
1295
1463
1175
347
-147
30
158
-239
-828
-1222
-1431
-1568
-1633
-1630
-1640
-1727
-1821
-1783
-1599
-1362
-1194
-1108
-952
-635
-280
-24
175
406
612
726
886
1165
1440
1581
1542
1449
1368
1260
1269
1341
1242
984
645
361
229
72
-110
-289
-582
-914
-1204
-1406
-1608
-1953
-2018
-1558
-1178
-1333
-1750
-1815
-1379
-844
-298
205
330
142
12
289
966
1513
1637
1488
1346
1409
1397
1207
1215
1411
1436
1066
483
151
61
42
140
163
-100
-617
-1079
-1049
-734
-641
-822
-1117
-1308
-1238
-901
-373
-32
-127
-312
-242
176
837
1355
1438
1260
1195
1397
1750
2099
2302
2240
2014
1844
1818
1777
1543
1205
891
582
225
-143
-490
-827
-1222
-1630
-2003
-2413
-2709
-2995
-3465
-4277
-5259
-5401
-4614
-3778
-3565
-3934
-4150
-3988
-3016
-734
1528
2030
1120
803
2147
3952
5179
6000
6044
5188
4332
4320
5050
5397
4833
3742
2333
1049
258
-289
-700
-1083
-1542
-2372
-3726
-4460
-4109
-3520
-3307
-3489
-3672
-3768
-3601
-2987
-2254
-1615
-1088
-706
-379
162
947
1674
2140
2505
2909
3136
3068
3020
3276
3621
3652
3268
2630
2039
1727
1534
1128
507
-195
-1006
-1760
-2105
-2143
-2394
-3010
-3584
-3704
-3396
-3025
-2879
-2899
-2846
-2543
-1951
-1246
-689
-296
129
605
1013
1410
1860
2217
2441
2727
3024
2986
2666
2507
2546
2409
2063
1759
1447
997
594
350
22
-459
-834
-1072
-1420
-1841
-2135
-2379
-2626
-2593
-2263
-2143
-2388
-2410
-1931
-1436
-1251
-1035
-550
-87
114
235
498
854
1186
1498
1824
2054
2001
1691
1472
1604
1871
1886
1577
1128
687
339
170
168
165
-27
-425
-844
-1078
-1069
-915
-799
-847
-941
-877
-720
-582
-316
120
394
348
349
659
1020
1160
1189
1270
1315
1242
1150
1144
1187
1173
1020
739
488
378
279
50
-215
-424
-700
-1075
-1386
-1614
-1893
-2121
-2096
-1988
-2159
-2560
-2750
-2530
-2179
-1960
-1804
-1628
-1491
-1357
-1065
-626
-208
13
-52
-86
656
2129
2838
1854
689
1190
2601
3056
2663
2491
2155
1046
295
966
1931
1623
355
-654
-1019
-978
-771
-742
-1045
-1375
-1625
-2084
-2495
-2148
-1224
-773
-1097
-1416
-1256
-946
-654
-100
664
1128
1069
842
987
1626
2194
2195
2142
2614
2901
2225
1439
1619
2134
1929
1293
863
412
-177
-386
-167
-127
-513
-1206
-2023
-2371
-1789
-1031
-1076
-1641
-1879
-1648
-1208
-662
-93
207
1
-247
313
1523
2331
2421
2180
1777
1595
2025
2455
2244
1703
909
-312
-1151
-1182
-1648
-3138
-4555
-5519
-6288
-5467
-2399
-692
-3670
-7758
-6894
-1986
1090
1058
1105
1316
-399
-1738
1267
6385
7702
4668
1988
2081
3392
4456
5005
4684
3604
2409
1064
-250
-102
1685
2594
1009
-1275
-2206
-2216
-2233
-1919
-1342
-1704
-3275
-4524
-4159
-2724
-1831
-2274
-3101
-2841
-1708
-1205
-1405
-776
797
1506
826
476
1445
2631
3051
3143
3444
3739
3657
3110
2522
2654
3305
3066
1579
372
252
58
-850
-1438
-1334
-1747
-3113
-4122
-3941
-3415
-3385
-3572
-3690
-3915
-4006
-3472
-2552
-1815
-1305
-963
-907
-702
309
1641
2184
2103
2407
3030
3228
3267
3798
4416
4387
3877
3441
3222
3131
3033
2656
1912
1133
589
84
-576
-1118
-1366
-1783
-2646
-3334
-3352
-3151
-3237
-3443
-3524
-3518
-3399
-3037
-2464
-1887
-1528
-1363
-1071
-461
280
869
1185
1333
1621
2159
2607
2747
2759
2741
2636
2549
2525
2348
1964
1577
1316
1100
751
206
-315
-572
-673
-869
-1187
-1507
-1724
-1800
-1810
-1756
-1535
-1300
-1323
-1412
-1169
-661
-234
53
299
532
742
885
971
1138
1452
1767
1906
1814
1508
1101
809
724
672
417
-52
-549
-926
-1171
-1278
-1296
-1441
-1842
-2198
-2152
-1850
-1721
-1852
-1913
-1692
-1405
-1313
-1308
-1169
-935
-681
-414
-243
-188
-70
76
106
182
363
371
261
345
520
698
1047
1227
817
450
897
1654
1888
1823
2020
2066
1258
269
602
2052
2648
1673
493
123
249
553
1021
1341
1100
297
-475
-384
528
1140
801
206
73
192
236
383
702
806
469
27
-96
77
181
16
-158
-74
-21
-356
-774
-761
-417
-353
-927
-1672
-1867
-1824
-2271
-2886
-3395
-4446
-5491
-5209
-4663
-4965
-3767
-470
-87
-4429
-6566
-1904
3536
3651
1886
2690
3106
783
639
5499
9315
7078
2722
1540
2853
4072
4717
4407
2709
960
57
-969
-1649
-151
1839
659
-2540
-3538
-2383
-2023
-2238
-1430
-993
-2480
-4071
-3593
-1710
-232
-122
-1419
-2741
-2122
-69
787
165
372
1494
1185
-247
137
2429
3510
2347
1172
1438
2201
2336
1942
1689
1855
1764
643
-605
-301
906
605
-1220
-2147
-1704
-1773
-2497
-2269
-1588
-2206
-3369
-3284
-2461
-2021
-1604
-1219
-1560
-1876
-1080
-43
144
224
965
1496
1088
789
1652
2723
2694
2245
2437
2618
2225
2129
2538
2484
1951
1620
1291
790
755
1075
753
-127
-550
-564
-977
-1593
-1613
-1196
-1200
-1839
-2501
-2570
-2023
-1469
-1385
-1482
-1417
-1337
-1274
-927
-208
351
356
308
670
1324
1877
1942
1853
2107
2385
2424
2218
1838
1621
1529
1417
1268
875
370
-203
-841
-1007
-952
-1433
-2302
-3043
-3371
-3588
-3908
-3798
-3307
-3084
-3413
-4028
-3947
-2905
-1807
-1097
-837
-846
-735
-405
442
1738
2718
2987
2632
2404
2951
3652
3930
3916
3772
3511
2869
2183
2137
2410
2407
1914
1051
394
43
-128
2
-45
-761
-1707
-2193
-1998
-1613
-1575
-1822
-2096
-2240
-2176
-1890
-1332
-740
-580
-811
-862
-411
231
666
917
1165
1434
1638
1725
1783
2012
2376
2509
2260
1987
1974
1995
1833
1679
1687
1569
1034
361
32
65
68
-198
-720
-1339
-1746
-1808
-1855
-2120
-2334
-2439
-2842
-3434
-3595
-3513
-3985
-4830
-5218
-5145
-4778
-3444
-1480
-1226
-3271
-4253
-1778
1570
2654
2416
2694
2755
2162
2743
5139
7039
6541
4597
3365
3781
4936
5248
4362
3342
2655
1513
-2
-372
550
697
-842
-2366
-2678
-2664
-2934
-2968
-2888
-3366
-4123
-4437
-4180
-3445
-2619
-2671
-3618
-3810
-2433
-1042
-954
-1121
-309
631
604
550
1704
3237
3682
3196
2890
3321
4293
4978
4700
4051
3920
3825
3131
2642
2901
2718
1327
-20
-131
178
-395
-1532
-2140
-2272
-2648
-3137
-3225
-3096
-3089
-3154
-3307
-3506
-3319
-2640
-2010
-1709
-1513
-1360
-1246
-845
-31
722
982
912
930
1257
1885
2553
2794
2497
2224
2410
2680
2585
2357
2230
1890
1286
951
975
753
94
-489
-795
-1113
-1433
-1581
-1826
-2402
-2866
-2823
-2682
-2918
-3312
-3518
-3553
-3405
-3019
-2724
-2772
-2713
-2113
-1367
-960
-605
95
861
1358
1856
2576
3158
3353
3552
4026
4400
4354
4153
4095
4063
3859
3493
3073
2673
2240
1657
1004
570
332
-77
-721
-1239
-1559
-1955
-2385
-2598
-2702
-2904
-3061
-3014
-2890
-2819
-2790
-2778
-2623
-2126
-1437
-995
-880
-745
-391
81
570
1032
1375
1558
1681
1833
2050
2347
2610
2686
2642
2671
2705
2451
1960
1757
1989
1980
1305
536
184
-116
-649
-1026
-1100
-1368
-2149
-3050
-3466
-3356
-3382
-4034
-4800
-4951
-4787
-4864
-4526
-3074
-1756
-2207
-3436
-2963
-610
1367
1770
1650
1965
2229
2220
2983
4804
5865
4856
3308
3361
4564
4938
4119
3428
3350
2905
1711
897
1192
1572
908
-319
-1048
-1289
-1662
-2093
-2091
-1896
-2322
-3380
-3992
-3412
-2348
-2064
-2707
-3217
-2826
-1889
-1170
-882
-700
-389
-126
10
478
1494
2295
2224
1829
1931
2417
2724
2727
2668
2606
2299
1687
1234
1324
1539
1240
470
-229
-570
-721
-942
-1202
-1365
-1657
-2338
-2929
-2725
-2042
-1863
-2348
-2722
-2562
-2165
-1781
-1400
-1100
-1000
-983
-791
-281
425
962
1094
1063
1249
1630
1931
2113
2316
2488
2394
2019
1715
1765
1946
1801
1294
794
479
209
-56
-243
-494
-999
-1598
-1941
-1969
-1956
-2127
-2378
-2406
-2176
-2014
-2072
-2031
-1635
-1135
-888
-809
-585
-182
199
512
832
1127
1312
1421
1570
1867
2210
2235
1876
1690
1980
2155
1752
1277
1231
1245
932
606
560
499
162
-235
-457
-582
-718
-798
-744
-622
-589
-691
-763
-645
-330
89
413
456
324
291
405
606
967
1346
1326
896
568
632
871
958
708
90
-684
-1328
-1866
-2442
-2817
-2772
-2760
-3320
-4086
-4312
-4062
-3770
-3201
-2089
-1340
-1907
-2857
-2340
-343
1339
1715
1419
1146
1023
1403
2631
3990
4184
3042
1847
1806
2734
3483
3364
2759
2246
1833
1445
1445
1896
2041
1294
162
-405
-205
107
-47
-583
-1161
-1660
-2008
-1998
-1626
-1330
-1584
-2326
-2871
-2626
-1889
-1526
-1778
-1976
-1660
-1205
-928
-523
105
504
518
697
1363
1941
1992
1951
2180
2476
2541
2336
2096
1960
1789
1515
1197
917
608
117
-395
-664
-785
-1026
-1447
-1743
-1765
-1831
-2011
-2059
-1970
-1910
-1924
-1831
-1538
-1268
-1111
-919
-619
-358
-278
-37
610
1136
1179
1064
1142
1429
1708
1924
2016
1723
1224
1022
1172
1366
1291
890
379
-37
-193
-76
52
-103
-600
-1077
-1227
-1239
-1236
-1197
-1248
-1417
-1599
-1668
-1519
-1231
-987
-942
-999
-889
-685
-551
-400
-194
-6
77
62
114
221
255
246
270
358
402
343
268
188
252
603
870
730
449
427
693
993
1210
1317
1195
962
822
829
950
1051
1000
788
483
333
459
630
634
451
169
-10
33
194
275
193
76
54
75
72
97
182
189
42
-60
59
200
94
-142
-201
-53
128
187
21
-183
-159
-209
-730
-1267
-1430
-1776
-2566
-3228
-3713
-4149
-3635
-1959
-1157
-2663
-4505
-3942
-1447
396
766
814
706
-281
-912
958
4167
4960
2601
574
1314
3212
3927
3544
3075
2385
1206
471
1137
2483
2749
1423
-23
-148
620
998
760
482
109
-823
-1796
-1601
-262
489
-540
-2325
-3026
-2221
-1071
-812
-1429
-2013
-2258
-2583
-2682
-1788
-580
-578
-1676
-2234
-1406
-24
708
668
635
897
972
898
1391
2382
2838
2272
1487
1517
2247
2531
1946
1430
1496
1381
722
391
798
955
138
-845
-950
-451
-401
-1000
-1459
-1395
-1258
-1411
-1641
-1560
-1282
-1290
-1586
-1635
-1165
-588
-500
-703
-534
-59
134
18
190
831
1233
968
597
733
1213
1404
1176
1062
1173
1027
566
370
714
937
451
-197
-318
-150
-225
-502
-600
-585
-816
-1151
-1180
-1006
-1031
-1283
-1429
-1345
-1209
-1105
-1019
-977
-952
-881
-794
-653
-382
-127
-126
-283
-231
100
347
313
219
336
673
1042
1274
1315
1158
1051
1279
1654
1825
1765
1566
1260
1010
1073
1354
1369
943
431
175
186
271
292
191
-116
-522
-657
-419
-167
-178
-417
-699
-777
-535
-132
159
213
98
-83
-99
316
927
1183
927
466
230
455
944
1275
1223
819
261
-63
68
224
-94
-795
-1723
-2770
-3370
-3393
-3711
-4413
-4171
-2897
-2638
-4193
-5320
-4043
-1673
-561
-649
-505
-267
-747
-795
1193
3817
4061
1921
616
1869
3793
4250
3681
3277
2756
1812
1515
2469
3392
3003
1769
897
831
1244
1617
1541
885
-77
-821
-959
-559
-84
-151
-1113
-2468
-2936
-1991
-899
-1154
-2298
-2820
-2591
-2524
-2512
-1891
-1216
-1498
-2274
-2151
-851
408
598
174
182
708
1214
1672
2219
2474
2151
1653
1585
2114
2708
2593
1757
1060
997
1181
1170
964
616
58
-589
-924
-716
-352
-464
-1066
-1545
-1544
-1343
-1260
-1230
-1130
-1094
-1228
-1295
-1004
-468
-103
-112
-254
-187
162
590
887
1000
972
853
748
819
1092
1330
1237
803
355
223
398
545
365
-103
-568
-810
-872
-906
-999
-1171
-1442
-1736
-1866
-1736
-1533
-1559
-1839
-2036
-1854
-1439
-1206
-1307
-1441
-1311
-969
-623
-309
16
246
276
311
640
1125
1353
1269
1225
1420
1701
1866
1887
1854
1801
1678
1562
1630
1789
1703
1369
1149
1176
1203
1126
1045
941
727
509
390
288
182
165
136
-82
-407
-579
-529
-398
-361
-485
-685
-842
-881
-753
-478
-273
-388
-737
-859
-434
251
589
347
-110
-273
38
610
1036
1022
609
123
-83
129
524
548
-123
-1070
-1632
-1818
-2033
-2315
-2666
-3276
-3653
-2903
-1617
-1615
-3090
-3932
-2685
-505
606
271
-465
-792
-532
449
1986
3029
2560
1154
558
1502
2888
3362
2806
1920
1260
1135
1651
2340
2430
1837
1279
1200
1292
1280
1371
1546
1289
477
-193
-115
396
586
154
-620
-1325
-1644
-1391
-845
-789
-1562
-2410
-2477
-2012
-1752
-1733
-1612
-1574
-1904
-2126
-1570
-568
-121
-437
-716
-410
148
534
803
1018
1013
885
1039
1454
1632
1457
1355
1458
1407
1140
1064
1283
1328
959
593
573
572
264
-75
-134
-118
-308
-610
-800
-829
-792
-782
-797
-848
-995
-1111
-931
-572
-448
-589
-622
-468
-376
-348
-157
130
205
73
74
290
426
380
416
614
693
492
231
166
270
318
211
52
-97
-313
-564
-656
-566
-545
-745
-1005
-1116
-1090
-1034
-1003
-997
-1033
-1091
-1096
-971
-740
-521
-433
-473
-476
-298
23
303
409
404
462
651
860
979
1047
1142
1231
1266
1308
1417
1497
1443
1321
1267
1279
1265
1181
1066
959
854
712
547
453
482
536
472
272
75
38
162
264
183
-39
-217
-202
-27
119
106
8
-53
-61
5
224
515
603
380
118
129
339
425
236
-116
-473
-766
-966
-1091
-1207
-1377
-1602
-1841
-2032
-2124
-2088
-1942
-1779
-1711
-1714
-1663
-1522
-1341
-1101
-813
-656
-718
-790
-624
-301
-71
-3
-7
-41
-94
-55
160
423
532
471
406
464
622
784
901
987
1052
1074
1075
1145
1324
1503
1517
1349
1154
1093
1156
1207
1144
962
735
554
444
371
312
249
108
-130
-325
-336
-268
-287
-332
-309
-350
-530
-606
-391
-112
-73
-214
-278
-215
-135
-57
63
168
149
82
131
274
352
324
301
308
282
248
275
312
263
164
113
87
28
-35
-60
-104
-197
-265
-274
-303
-407
-529
-609
-639
-626
-573
-516
-542
-645
-672
-519
-299
-203
-256
-356
-396
-315
-140
-1
0
-127
-272
-324
-220
-22
97
13
-220
-405
-369
-150
5
-77
-288
-434
-481
-434
-243
-24
-46
-327
-554
-514
-297
-87
12
-54
-242
-377
-300
-44
197
248
91
-88
-55
216
505
625
596
515
460
529
739
928
954
905
871
795
699
774
1006
1073
842
587
557
663
732
732
666
515
314
188
230
377
439
298
68
-27
79
232
251
126
-18
-56
5
70
62
-17
-109
-123
-17
98
74
-69
-164
-116
-5
8
-140
-351
-500
-573
-649
-799
-1032
-1266
-1394
-1421
-1463
-1548
-1612
-1636
-1650
-1616
-1476
-1278
-1126
-1043
-981
-869
-654
-359
-143
-125
-183
-101
144
367
450
436
391
324
277
355
575
759
711
481
328
406
628
836
939
894
716
566
640
917
1127
1074
854
674
606
619
696
770
692
428
179
132
243
321
253
64
-146
-272
-264
-173
-100
-138
-304
-487
-528
-411
-286
-257
-293
-363
-467
-505
-383
-228
-243
-389
-454
-381
-293
-262
-237
-183
-137
-120
-93
-40
3
28
69
143
209
223
191
185
249
316
311
267
251
240
200
172
173
140
66
25
25
-2
-48
-50
-24
-24
-24
-19
-71
-142
-90
73
147
68
-16
-7
55
129
205
214
114
-13
-19
123
272
268
105
-68
-105
11
137
130
0
-148
-257
-301
-234
-116
-135
-356
-584
-614
-480
-346
-298
-341
-464
-597
-618
-475
-267
-148
-191
-325
-401
-317
-127
18
41
15
22
60
112
211
350
438
417
364
372
430
492
550
562
469
320
257
329
411
376
225
65
18
106
220
214
95
-18
-62
-52
16
121
151
31
-109
-97
38
126
114
78
71
70
47
40
75
117
102
24
-62
-106
-114
-100
-66
-61
-165
-349
-453
-381
-253
-237
-360
-531
-665
-680
-548
-378
-328
-422
-553
-623
-576
-376
-107
19
-108
-313
-325
-115
118
231
245
210
145
107
184
360
499
504
408
296
244
293
417
515
492
338
169
131
253
408
443
340
196
103
106
212
360
400
256
58
3
97
210
272
265
161
-1
-77
13
172
238
145
-26
-145
-129
-4
100
62
-94
-210
-218
-179
-142
-101
-105
-212
-351
-372
-266
-187
-237
-337
-372
-343
-328
-333
-301
-250
-265
-337
-338
-225
-122
-131
-193
-205
-159
-105
-43
22
43
-6
-33
44
160
211
193
160
126
101
120
192
229
157
17
-70
-34
57
93
34
-66
-158
-187
-108
32
73
-52
-193
-186
-48
78
133
134
86
19
36
191
368
391
246
101
103
245
394
433
346
204
117
158
304
428
399
229
72
47
116
160
120
30
-70
-155
-185
-155
-140
-198
-289
-330
-313
-285
-272
-289
-333
-363
-326
-229
-158
-173
-215
-195
-132
-101
-83
-16
52
35
-34
-26
60
109
95
92
120
127
109
103
103
78
56
83
106
53
-27
-33
7
-4
-55
-68
-57
-81
-116
-106
-76
-90
-131
-136
-107
-86
-88
-98
-110
-106
-66
-18
-11
-26
-9
37
65
62
71
113
160
172
171
190
204
186
178
224
268
230
143
104
131
161
152
117
72
12
-30
-5
60
68
-15
-90
-74
-16
12
26
34
12
-20
-4
62
123
140
106
59
49
98
154
148
93
59
55
18
-42
-50
-9
-26
-124
-213
-236
-225
-218
-219
-244
-293
-337
-363
-367
-328
-275
-283
-350
-378
-326
-270
-258
-260
-241
-213
-198
-186
-159
-110
-67
-47
-31
-1
44
70
58
64
142
235
261
227
201
207
250
332
419
423
335
250
263
357
436
428
338
223
160
184
243
259
196
86
-16
-58
-39
-10
-6
-30
-88
-175
-225
-161
-33
15
-71
-183
-200
-126
-37
24
29
-44
-157
-183
-64
82
91
-29
-127
-109
-26
37
59
52
19
-32
-61
-24
48
89
56
-20
-79
-90
-58
-5
23
-13
-96
-143
-116
-57
-28
-47
-99
-149
-161
-127
-83
-73
-107
-154
-175
-153
-104
-67
-73
-121
-145
-92
-5
29
6
-1
38
87
117
148
184
199
193
209
257
281
254
228
248
270
248
202
175
165
149
125
96
44
-20
-56
-49
-47
-88
-156
-205
-228
-231
-217
-194
-204
-258
-297
-254
-160
-102
-113
-145
-145
-112
-61
-4
38
36
3
-12
30
93
117
86
47
51
82
99
92
90
89
63
36
46
80
79
39
10
10
22
23
24
28
31
26
18
18
33
62
87
91
69
42
45
79
109
109
76
36
13
15
41
70
58
0
-53
-58
-31
-15
-16
-20
-50
-112
-158
-130
-63
-46
-108
-181
-203
-181
-144
-109
-106
-151
-215
-226
-162
-79
-48
-67
-96
-103
-76
-4
80
119
94
54
59
110
170
212
220
186
131
111
153
217
230
173
97
63
71
86
91
82
47
-13
-67
-64
-9
27
-1
-64
-100
-91
-59
-31
-14
-20
-44
-54
-24
29
65
69
61
53
60
94
136
145
113
82
88
105
105
89
69
33
-10
-25
-12
-16
-53
-92
-111
-124
-144
-147
-120
-109
-144
-191
-184
-130
-94
-105
-127
-127
-115
-109
-90
-57
-47
-80
-110
-95
-53
-40
-65
-81
-74
-64
-63
-53
-36
-26
-27
-33
-29
-12
5
20
32
46
42
28
27
61
107
118
89
60
70
111
140
144
137
130
119
112
135
177
191
160
115
107
139
167
154
113
85
78
69
56
47
45
25
-11
-39
-36
-30
-49
-72
-78
-78
-96
-121
-125
-111
-107
-119
-137
-147
-150
-135
-110
-97
-103
-112
-104
-74
-39
-5
9
4
-2
23
86
140
149
119
97
112
154
189
190
152
102
69
78
101
99
57
-4
-51
-73
-73
-62
-62
-96
-149
-181
-169
-141
-125
-121
-125
-133
-147
-138
-94
-43
-25
-43
-65
-56
-20
20
46
45
27
12
14
35
65
80
64
27
9
24
55
60
36
6
-9
-8
0
5
2
-16
-39
-49
-38
-21
-20
-40
-50
-35
-15
-6
-9
-2
19
40
56
65
68
67
74
94
116
124
107
87
82
97
118
122
97
60
37
38
44
34
11
-19
-50
-75
-86
-83
-83
-102
-133
-153
-154
-148
-138
-127
-112
-101
-96
-87
-60
-19
17
38
52
70
88
102
123
151
170
162
136
120
122
124
116
104
81
42
1
-21
-16
-18
-45
-87
-118
-130
-131
-129
-123
-123
-134
-150
-156
-138
-104
-83
-82
-93
-97
-82
-53
-19
1
3
-7
-11
3
30
52
61
52
38
33
44
65
77
75
61
43
26
24
39
51
37
-2
-34
-41
-23
-8
-8
-27
-54
-72
-66
-39
-13
-12
-34
-53
-48
-18
16
38
42
38
35
47
80
119
143
141
128
126
151
188
216
214
185
157
153
173
190
181
145
98
59
49
59
56
19
-39
-81
-91
-89
-94
-110
-137
-168
-185
-175
-152
-142
-153
-166
-161
-142
-119
-100
-85
-80
-78
-68
-48
-30
-24
-24
-26
-25
-22
-22
-24
-30
-41
-50
-60
-71
-81
-89
-97
-108
-121
-133
-141
-140
-136
-136
-141
-146
-141
-124
-100
-81
-73
-68
-50
-15
28
61
79
90
106
132
168
201
218
218
211
212
227
238
239
225
204
182
164
154
147
133
105
69
43
29
23
13
0
-21
-41
-54
-57
-51
-42
-43
-51
-56
-47
-31
-15
-4
2
7
11
22
38
53
60
60
56
53
55
60
61
53
39
25
14
5
-3
-13
-28
-47
-64
-74
-78
-87
-98
-107
-112
-116
-120
-121
-117
-112
-107
-100
-94
-89
-85
-73
-56
-43
-36
-30
-20
-8
1
12
19
21
20
20
25
37
45
44
37
29
25
27
32
34
26
9
-3
-7
-1
3
-1
-12
-25
-32
-30
-20
-13
-15
-28
-41
-40
-26
-9
-5
-15
-28
-34
-20
1
15
15
4
-4
4
25
44
49
42
32
32
47
70
84
79
66
61
68
79
83
79
70
60
54
53
53
48
38
24
15
10
4
-3
-13
-19
-25
-29
-35
-42
-47
-48
-45
-43
-42
-48
-49
-45
-36
-26
-20
-20
-19
-13
0
14
24
27
27
27
36
51
60
57
47
40
37
36
29
17
5
-7
-19
-31
-40
-54
-71
-87
-97
-101
-106
-116
-127
-132
-126
-117
-108
-101
-93
-87
-75
-54
-30
-10
3
15
31
53
75
93
107
115
121
130
142
150
153
148
139
129
123
118
109
94
73
50
31
16
2
-13
-29
-50
-68
-80
-85
-92
-101
-108
-113
-111
-106
-97
-91
-86
-81
-70
-56
-39
-25
-14
-4
7
21
36
50
60
66
70
74
80
86
91
89
84
75
69
64
58
50
36
20
6
-6
-13
-23
-33
-47
-60
-69
-72
-73
-72
-74
-76
-76
-70
-58
-45
-34
-25
-19
-8
4
21
36
45
50
54
57
65
72
74
70
62
53
47
39
31
19
3
-15
-31
-44
-55
-66
-78
-88
-97
-103
-107
-110
-113
-112
-108
-100
-90
-79
-68
-57
-43
-26
-6
11
27
40
55
70
87
100
108
113
116
120
124
125
122
114
107
96
88
80
69
56
41
26
13
2
-7
-19
-29
-42
-52
-58
-61
-64
-64
-65
-65
-64
-59
-53
-46
-40
-33
-25
-17
-7
2
9
15
24
33
41
47
48
48
48
49
51
50
44
35
26
20
13
7
-3
-15
-25
-34
-41
-46
-53
-63
-70
-76
-76
-76
-75
-77
-76
-75
-67
-57
-49
-40
-33
-26
-16
-4
9
19
27
32
38
45
55
63
64
66
64
63
62
59
55
49
39
30
26
20
10
2
-11
-19
-26
-29
-35
-41
-48
-49
-51
-50
-44
-38
-33
-32
-31
-25
-15
-7
1
8
16
20
24
33
42
51
54
53
55
54
54
52
47
42
36
28
22
18
15
7
-4
-14
-20
-25
-31
-36
-43
-53
-62
-62
-56
-51
-46
-42
-40
-40
-38
-26
-9
2
2
4
11
22
31
41
44
43
43
54
69
70
56
43
40
37
37
40
42
33
23
14
1
-8
-13
-17
-22
-31
-47
-58
-53
-48
-54
-55
-39
-22
-23
-19
3
16
4
-13
1
28
39
44
57
65
53
42
51
79
97
83
55
44
44
37
31
32
19
-9
-24
-13
-2
-11
-36
-61
-76
-75
-73
-69
-60
-55
-53
-52
-49
-45
-41
-27
-11
-13
-25
-28
-14
-2
0
-1
5
6
-10
-21
-8
14
10
-11
-21
-4
17
14
-4
-16
-19
-29
-31
-7
17
-1
-41
-58
-37
-7
8
6
-4
-19
-32
-33
-22
-12
-14
-15
-2
10
10
8
7
3
7
34
47
26
-4
-9
1
10
18
30
43
37
18
22
53
60
20
-12
0
11
-6
-11
10
7
-29
-47
-13
22
23
14
29
42
20
-6
8
44
46
25
20
23
12
8
29
38
0
-31
-2
21
-5
-25
-14
12
19
10
27
55
50
43
53
54
42
40
47
45
36
44
58
70
94
99
64
34
48
69
59
38
19
-3
-31
-46
-27
9
6
-33
-37
-2
-2
-51
-90
-101
-116
-138
-124
-68
-35
-50
-65
-45
-22
-25
-33
-38
-58
-79
-87
-93
-101
-99
-86
-84
-94
-103
-106
-107
-93
-78
-80
-96
-137
-193
-203
-140
-57
-9
-4
-9
-23
-91
-176
-204
-142
31
232
273
177
43
-248
-493
27
1222
1703
699
-630
-925
-388
100
358
540
396
-202
-708
-557
105
565
377
-67
-109
182
124
-437
-771
-475
-43
80
34
131
166
-186
-339
73
262
48
-111
-317
-456
-304
-234
-221
231
881
981
552
258
383
728
948
856
495
-24
-263
-134
-228
183
2015
3160
1637
-385
-343
500
156
-285
572
1132
-180
-1910
-2237
-1576
-952
-371
254
434
-150
-1312
-2559
-3063
-2255
-771
62
-97
-468
-781
-1461
-1978
-1147
714
1958
1910
1191
220
-845
-1318
-583
952
2280
2699
2107
1039
268
27
80
512
1427
2127
1712
287
-1166
-1760
-1354
-576
21
493
725
117
-1272
-2363
-2403
-1661
-578
506
904
236
-984
-1862
-1834
-930
480
1712
1926
1267
523
-211
-767
-399
878
2069
2429
2008
1108
2
-646
-314
601
1399
1750
1429
368
-937
-1687
-1557
-845
33
658
595
-236
-1327
-1948
-1778
-1067
-245
370
480
-116
-1063
-1653
-1584
-1002
-37
965
1323
757
-213
-855
-790
-108
737
1316
1497
1247
596
-118
-401
-68
643
1315
1575
1261
468
-447
-959
-748
-43
572
714
397
-166
-767
-1189
-1211
-772
-139
280
253
-186
-815
-1278
-1264
-732
83
729
779
286
-264
-522
-432
-3
551
866
861
665
296
-136
-285
-19
399
685
695
400
-23
-317
-398
-352
-256
-87
134
229
41
-378
-707
-694
-432
-110
157
194
-81
-442
-581
-407
-71
279
538
508
148
-202
-233
-40
147
312
457
424
184
-21
-47
16
112
289
438
341
34
-213
-261
-200
-142
-101
-54
8
53
14
-134
-281
-276
-89
137
268
259
52
-260
-358
-128
169
302
269
150
-9
-158
-199
-93
54
128
141
98
-10
-94
-99
-86
-46
39
71
37
2
-67
-209
-312
-220
58
298
301
105
-58
-42
29
28
54
189
281
165
-49
-163
-191
-155
33
234
226
83
-42
-171
-303
-329
-211
-20
137
141
-31
-257
-401
-368
-175
48
185
158
-3
-135
-150
-114
-45
115
329
440
343
128
-47
-95
-17
137
293
356
265
48
-171
-266
-183
27
229
272
140
-67
-241
-342
-338
-193
0
67
-14
-119
-219
-353
-394
-208
79
229
203
79
-87
-183
-100
61
128
168
321
441
294
8
-111
-53
31
191
434
464
126
-225
-247
-104
-49
-14
104
141
-32
-278
-426
-441
-328
-118
49
60
-31
-128
-205
-227
-134
22
136
184
179
127
60
6
-15
62
257
432
453
354
213
46
-68
-23
133
241
229
133
-26
-214
-329
-278
-135
-48
-57
-124
-242
-368
-425
-401
-335
-218
-59
16
-59
-171
-219
-190
-99
29
159
215
172
114
70
44
73
168
291
360
303
185
102
67
65
85
135
213
241
139
-62
-202
-189
-72
37
59
-5
-79
-137
-192
-212
-169
-83
2
33
-12
-73
-108
-126
-102
-2
110
137
82
23
25
59
74
72
86
130
163
124
48
-10
-57
-79
-33
54
113
76
-34
-121
-153
-144
-83
-6
22
-35
-135
-198
-170
-92
-19
22
35
10
-43
-83
-67
2
105
191
203
138
49
6
40
107
145
157
135
66
-4
-38
-46
-37
-17
-2
14
-2
-74
-161
-206
-201
-147
-62
-7
-17
-73
-141
-173
-137
-36
79
148
138
73
12
-3
25
65
113
169
188
123
15
-41
-18
27
58
78
74
23
-54
-107
-122
-114
-80
-28
-1
-30
-93
-135
-122
-66
-5
33
45
42
23
-6
-18
14
75
128
149
139
100
52
39
80
124
127
86
27
-23
-30
11
45
22
-22
-32
-19
-20
-39
-59
-79
-81
-68
-57
-57
-63
-77
-98
-94
-44
16
30
-11
-66
-89
-66
-19
23
38
26
3
-11
-13
-13
-1
29
50
29
-27
-72
-75
-42
14
68
82
35
-36
-62
-28
23
45
35
4
-39
-73
-74
-37
10
40
47
42
32
9
-21
-28
5
44
61
57
39
0
-47
-63
-28
37
95
111
75
18
-20
-26
-11
18
62
105
112
65
-18
-73
-44
51
133
140
76
-15
-78
-70
-6
45
42
12
-8
-23
-49
-65
-51
-17
-3
-30
-77
-114
-116
-85
-37
1
17
5
-27
-60
-61
-13
54
90
81
51
16
-27
-44
-7
57
94
104
101
53
-44
-129
-133
-48
70
137
102
-24
-165
-241
-206
-86
52
118
67
-62
-177
-211
-163
-60
74
174
169
55
-78
-140
-105
5
137
214
191
97
1
-44
-26
35
103
145
161
149
93
-1
-88
-119
-79
15
111
129
29
-134
-243
-222
-97
36
93
53
-42
-123
-143
-121
-76
-16
50
90
75
26
-13
-49
-61
-1
109
188
180
94
9
-22
-3
56
122
140
93
18
-50
-96
-96
-51
5
31
1
-68
-112
-109
-87
-67
-47
-32
-37
-54
-68
-73
-60
-33
-1
27
44
48
49
50
52
46
52
96
150
155
113
52
11
20
56
94
116
90
12
-72
-109
-78
-22
7
-13
-65
-114
-133
-125
-102
-93
-104
-106
-83
-68
-75
-83
-81
-85
-76
-24
40
71
63
37
20
21
47
100
152
160
117
72
59
69
88
113
128
103
43
0
6
29
33
8
-24
-49
-61
-65
-68
-64
-50
-43
-66
-99
-106
-88
-66
-42
-16
3
2
-10
-20
-27
-19
21
65
79
66
49
29
-2
-18
8
60
97
104
81
26
-46
-77
-45
17
69
88
54
-31
-114
-141
-97
-14
59
79
33
-41
-100
-114
-81
-16
49
75
52
-1
-48
-66
-58
-25
30
76
76
33
-15
-33
-36
-21
15
55
61
33
-8
-37
-50
-49
-30
-2
19
16
-7
-38
-58
-48
-8
32
42
19
-13
-28
-14
13
26
12
-12
-25
-24
-7
16
31
23
8
-3
-6
-3
17
34
29
14
8
12
4
-12
-13
9
36
51
49
32
3
-22
-21
10
45
60
57
40
10
-21
-33
-13
25
58
65
39
-10
-53
-65
-46
-13
22
40
27
-18
-67
-97
-92
-54
-1
40
41
-7
-77
-120
-105
-47
25
75
72
17
-48
-82
-69
-14
49
84
76
37
-12
-50
-57
-25
26
68
82
62
16
-31
-53
-40
6
56
79
59
16
-33
-63
-57
-16
34
57
44
9
-27
-50
-49
-24
10
34
32
10
-15
-32
-40
-30
-5
21
31
21
-6
-39
-58
-46
-13
18
28
16
-14
-48
-63
-43
1
34
36
12
-14
-29
-25
-8
21
52
62
39
5
-14
-8
14
43
61
52
21
-5
-14
0
18
34
31
16
-3
-14
-13
-9
-13
-16
-15
-5
3
1
-13
-31
-39
-30
-6
20
25
5
-31
-51
-41
-9
22
37
31
10
-13
-26
-18
7
34
46
38
10
-18
-32
-21
4
26
27
7
-20
-39
-44
-34
-17
-2
5
-1
-14
-26
-31
-28
-15
1
13
16
7
-8
-22
-21
-4
23
50
56
39
10
-11
-8
14
40
53
45
25
3
-12
-11
5
26
40
35
16
-10
-24
-23
-11
5
16
17
5
-17
-37
-43
-29
-3
13
14
-2
-24
-36
-32
-12
13
25
21
7
-10
-21
-22
-10
5
15
12
4
-8
-20
-26
-21
-3
13
19
10
-8
-23
-27
-15
4
23
32
26
6
-14
-21
-9
18
41
48
32
6
-16
-22
-8
15
31
32
16
-9
-28
-36
-28
-9
6
11
3
-15
-34
-46
-43
-28
-7
7
5
-10
-31
-47
-46
-25
3
26
29
13
-11
-29
-29
-10
18
38
43
29
3
-16
-19
-5
19
42
44
30
4
-18
-27
-16
7
27
36
29
9
-9
-21
-17
-1
23
38
42
31
11
-8
-11
5
32
54
58
39
8
-16
-20
-4
19
34
33
17
-6
-24
-32
-26
-13
1
5
-2
-19
-39
-50
-46
-28
-7
7
7
-7
-22
-31
-26
-10
10
22
23
13
-2
-11
-10
2
19
29
28
18
3
-10
-12
-7
3
8
9
1
-11
-24
-32
-29
-21
-10
-5
-7
-16
-28
-31
-28
-17
-2
8
10
4
-4
-9
-5
7
21
32
33
26
15
9
12
22
34
41
38
28
15
6
5
10
14
16
10
0
-11
-16
-19
-16
-13
-10
-10
-15
-22
-26
-26
-21
-13
-9
-9
-11
-15
-16
-12
-5
-1
3
3
4
7
10
10
8
8
9
12
13
10
3
0
0
4
7
7
3
0
-3
-4
-3
-1
1
2
1
-2
-4
-3
2
8
13
14
12
9
6
9
14
18
19
16
11
7
4
5
5
6
7
6
1
-5
-11
-13
-13
-11
-9
-10
-13
-21
-27
-29
-27
-19
-9
-8
-11
-17
-22
-20
-13
-5
1
2
-1
-2
-5
-3
1
8
16
21
21
19
14
11
12
18
24
28
26
20
12
5
1
1
3
6
7
5
0
-8
-12
-12
-4
3
9
7
1
-7
-11
-8
0
7
13
10
7
-1
-3
-2
3
10
14
14
7
-3
-13
-16
-14
-6
1
2
-3
-14
-24
-27
-24
-12
-1
5
3
-7
-18
-25
-22
-12
1
9
8
-3
-13
-21
-18
-7
9
21
24
18
9
-2
-4
1
9
18
21
15
3
-12
-25
-30
-25
-13
1
6
3
-11
-23
-26
-13
10
30
36
26
5
-10
-10
5
23
37
38
26
10
-2
-4
4
18
28
29
19
4
-8
-13
-9
-1
7
11
9
-1
-12
-21
-21
-16
-4
2
1
-8
-21
-34
-40
-40
-37
-36
-36
-38
-43
-46
-43
-32
-12
14
39
59
74
79
82
85
88
86
79
65
47
29
15
2
-10
-24
-41
-54
-62
-63
-54
-39
-23
-13
-8
-9
-8
-4
12
30
46
52
46
24
-2
-26
-40
-42
-35
-27
-23
-31
-44
-58
-64
-54
-28
3
28
40
34
20
10
9
24
45
59
62
50
26
1
-21
-30
-31
-24
-21
-25
-38
-52
-60
-56
-39
-18
5
19
21
17
12
14
24
38
48
46
35
18
6
0
-1
3
1
-6
-17
-25
-28
-23
-11
3
17
26
28
23
15
11
12
18
24
27
22
11
-4
-15
-19
-16
-9
0
7
4
-6
-21
-32
-35
-27
-11
2
10
6
-6
-20
-29
-25
-13
2
12
10
-2
-18
-29
-28
-15
5
20
27
20
10
0
-6
-5
0
10
19
30
31
30
26
24
24
25
25
24
23
18
9
-2
-13
-21
-25
-23
-17
-10
-6
-2
-2
-4
-8
-11
-12
-10
-5
0
0
-5
-14
-23
-28
-26
-21
-16
-10
-9
-7
-6
-5
-3
6
17
32
43
44
36
23
6
-8
-17
-23
-26
-26
-24
-22
-18
-15
-10
-8
0
6
17
25
30
31
25
14
3
-4
-3
2
9
11
8
-1
-13
-20
-18
-9
4
17
23
21
18
13
12
17
22
24
15
2
-15
-28
-30
-24
-12
-3
3
0
-4
-6
-4
2
10
14
14
7
-4
-17
-25
-28
-25
-18
-11
-8
-9
-10
-14
-13
-8
-1
8
14
15
16
14
9
5
3
2
0
-4
-9
-15
-17
-14
-9
-4
1
3
4
8
13
19
26
30
28
20
10
1
-3
-4
0
5
7
6
1
-4
-8
-8
-5
2
8
8
5
-2
-8
-12
-15
-14
-12
-10
-9
-8
-7
-8
-6
-3
2
7
11
12
11
10
8
9
8
4
-1
-5
-9
-11
-10
-5
0
3
3
1
-1
-1
5
11
18
21
19
12
2
-8
-15
-14
-9
-5
-4
-9
-14
-22
-23
-19
-11
1
12
18
19
16
11
8
8
10
12
12
8
2
-4
-8
-9
-7
-2
0
0
-2
-5
-6
-5
-2
1
3
4
3
1
-1
-3
-5
-7
-7
-8
-9
-9
-7
-3
0
1
1
1
1
2
4
6
6
6
3
0
-3
-3
-2
2
5
7
7
6
3
2
2
3
5
5
6
4
3
1
0
-1
-1
0
-1
-1
0
0
0
-1
1
3
5
6
5
4
1
-1
-3
-4
-5
-5
-6
-7
-6
-7
-6
-4
-2
-1
-1
-2
-4
-4
-2
-1
2
3
4
2
1
-1
-2
-1
0
1
1
1
0
0
1
1
2
3
3
4
4
4
3
2
1
0
0
-1
-1
-2
-2
-2
-1
1
1
3
1
0
-1
-1
0
1
2
2
2
1
0
-1
-1
2
2
3
3
3
2
2
1
3
5
4
3
2
1
0
0
1
1
2
1
-2
-3
-3
-3
-2
-1
0
0
0
0
1
1
4
4
3
3
1
-1
-2
-2
-1
1
1
1
0
-1
-1
-2
-1
2
1
2
2
1
0
0
-1
-2
0
-1
-1
-2
-2
-2
-2
-2
-1
-2
-1
-3
-2
-1
-1
-2
-2
-3
-4
-3
0
1
1
1
0
-1
-3
-2
0
0
2
2
2
1
0
0
0
2
4
3
1
0
-1
-2
0
0
1
2
3
1
0
1
1
1
2
1
0
-1
-1
-2
0
1
1
2
1
1
1
1
2
2
2
0
-1
-1
-1
1
2
2
2
2
2
1
0
0
0
1
2
3
2
2
1
0
-1
-1
1
1
3
1
0
0
-1
-1
0
1
2
3
1
2
1
1
1
2
2
1
0
-1
0
0
-1
0
1
-1
-1
0
-2
-1
1
3
4
2
0
-1
0
0
0
0
1
0
-2
-4
-4
-1
-1
1
1
1
1
-1
-3
-3
-1
0
1
0
0
-1
-1
-1
0
0
1
1
0
-1
-2
-1
-1
-1
0
1
2
2
1
0
-1
-1
1
2
2
1
1
0
0
0
1
2
2
2
0
0
-1
-1
1
1
1
0
-1
0
0
0
0
0
0
0
0
0
0
0
0
0
0
-1
0
0
0
0
0
0
0
0
0
0
0
0
0
1
0
0
0
0
0
0
0
1
0
0
0
1
2
1
1
1
0
2
2
1
1
1
1
1
1
1
2
0
0
0
1
0
0
0
0
0
-1
0
0
0
0
1
1
1
2
2
1
0
0
-1
0
0
-1
-1
-2
-1
-1
-1
-1
0
1
1
1
0
0
-1
0
-1
0
0
1
1
1
1
-1
0
1
0
1
0
-2
-2
0
0
-1
-1
2
2
0
-2
-1
-1
1
2
2
2
1
-1
-1
0
0
0
1
1
0
0
-1
-1
-1
-1
0
0
0
0
0
1
2
2
2
1
1
-1
-1
-1
-1
0
-1
0
0
-1
-1
-1
0
0
0
0
0
-1
0
0
1
3
2
3
1
0
-1
-1
-1
1
1
1
-1
-1
-2
-1
0
1
1
1
0
0
-1
0
0
2
4
2
0
0
2
1
1
1
2
3
2
0
0
1
0
0
0
1
1
0
0
0
1
1
1
0
0
-2
0
-1
0
1
1
1
1
0
1
0
0
-1
0
0
0
-1
-1
0
0
1
0
-1
0
0
0
0
0
0
-1
-1
0
0
-1
1
0
1
0
0
0
0
0
0
1
0
0
0
-1
0
0
0
0
0
1
-1
0
0
0
0
0
0
0
0
0
1
0
0
0
0
0
0
-1
0
0
-1
0
0
-1
0
0
0
0
0
0
0
0
1
0
0
-1
1
0
0
-1
-1
0
0
0
1
-1
0
0
0
-1
1
0
0
0
1
-1
0
0
0
0
0
0
0
0
0
0
0
-1
0
0
0
0
0
0
0
0
0
0
1
-1
0
0
-1
1
0
0
0
0
0
0
0
0
0
0
0
0
0
0
-1
0
0
0
0
0
0
0
-1
0
0
0
-1
0
0
-1
-1
0
0
0
0
0
1
1
-1
0
-1
0
0
0
0
0
0
0
0
1
0
0
0
0
-1
1
0
0
1
0
0
0
0
0
1
1
0
0
0
0
0
-1
0
-1
1
0
1
0
0
1
0
0
1
0
0
0
1
-1
-1
1
0
0
0
-1
0
0
1
0
0
0
0
0
0
-1
0
0
0
-1
0
0
1
1
-1
0
0
0
0
0
0
0
0
0
-1
1
0
0
1
0
0
0
0
1
-1
0
0
0
0
-1
1
0
0
-1
0
0
0
0
0
-1
0
-1
1
0
0
1
0
0
0
0
0
0
0
0
-1
0
0
0
1
0
1
0
0
0
0
-1
0
0
1
1
0
0
0
-1
-1
0
0
0
-1
0
0
1
0
1
0
0
1
0
0
1
0
0
0
0
0
0
0
0
0
0
0
-1
1
0
0
0
0
0
0
0
0
0
0
-1
0
-1
0
0
0
0
0
-1
0
0
0
1
0
0
0
0
0
0
0
0
0
-1
1
1
-1
0
0
0
0
0
0
0
0
0
0
0
0
0
-1
0
0
0
0
0
0
0
0
-1
0
0
0
0
-1
0
-1
0
0
0
0
0
-1
0
0
-1
0
0
0
1
0
0
0
0
0
0
1
0
0
0
0
0
1
0
0
0
1
1
0
0
0
0
0
0
0
0
1
1
1
0
0
-1
0
0
0
-1
-1
0
0
1
1
1
1
1
1
1
1
1
1
1
1
1
1
1
0
0
0
0
1
1
1
0
-1
0
0
0
0
0
0
1
-1
-1
0
0
0
0
0
1
0
-1
0
0
0
0
0
0
0
0
-1
0
0
0
0
1
0
0
0
0
0
-1
1
1
0
0
0
0
1
0
0
0
0
0
0
0
0
0
0
0
0
1
0
0
0
0
1
1
2
1
1
1
1
1
1
1
0
0
0
1
0
-1
0
0
0
0
-1
0
0
0
0
0
0
-1
0
0
-1
0
0
0
-1
1
0
0
0
0
0
-1
0
0
0
0
0
0
1
-1
0
1
1
0
1
2
0
0
1
1
-1
1
1
0
-1
0
0
0
0
0
0
0
0
1
0
1
1
1
1
1
1
2
2
1
3
2
2
0
-1
-1
-1
0
1
1
1
-1
-2
-2
-1
0
1
1
1
1
0
0
0
1
3
3
2
1
-2
-2
-2
-1
0
0
0
-1
-2
-1
-1
-1
0
2
1
1
-1
-1
-1
1
3
4
5
3
0
-1
0
0
1
2
1
0
-1
-1
-1
-1
1
2
1
0
-1
-1
-1
0
1
3
1
0
0
-1
0
1
1
2
3
2
2
-1
0
0
0
0
0
0
0
0
-1
0
-1
-1
0
0
0
0
0
0
0
0
0
0
-1
0
-1
0
1
1
0
-1
-2
-2
0
1
1
0
-1
-1
-1
0
1
3
4
3
0
-2
-2
-1
3
6
6
3
-1
-3
-3
-1
1
3
3
1
-2
-5
-6
-4
0
2
4
3
0
-2
-4
-1
2
5
7
6
2
-2
-3
-2
2
5
6
3
-1
-3
-6
-6
-4
-1
0
1
1
-1
-3
-5
-1
1
4
5
5
3
-1
-2
-1
0
2
4
3
0
-3
-4
-5
-3
-1
1
1
-1
-3
-5
-3
-1
1
3
3
2
2
0
0
-1
0
2
2
2
1
-1
-1
-2
-2
-2
-1
1
1
0
0
-2
-2
-3
-3
-1
1
2
2
0
1
0
1
3
4
4
4
2
1
0
-1
-1
-1
0
0
2
-1
-2
-4
-4
-3
-1
0
0
0
-1
-2
-2
0
3
6
7
9
8
6
4
5
4
4
4
3
1
-2
-5
-6
-6
-4
-4
-1
-4
-5
-6
-6
-5
-2
2
4
6
9
9
10
8
7
6
6
4
4
2
-1
-3
-5
-8
-10
-10
-9
-5
-4
-1
-3
-6
-8
-7
-3
3
10
13
12
9
5
3
4
8
11
12
8
-1
-10
-15
-15
-8
-1
2
1
-6
-14
-17
-16
-8
2
9
12
10
1
-5
-7
-3
7
18
22
19
8
-1
-9
-7
-1
6
7
4
-3
-14
-17
-14
-6
2
4
2
-5
-13
-15
-7
3
12
16
10
3
-5
-5
0
11
18
22
14
4
-4
-8
-4
3
8
8
-1
-10
-17
-17
-9
1
7
8
0
-10
-14
-10
5
21
32
31
14
-7
-23
-24
-9
12
29
31
14
-11
-33
-39
-26
-2
21
28
16
-5
-24
-29
-14
8
26
32
20
1
-19
-26
-17
5
28
34
18
-10
-37
-43
-30
-7
14
24
20
4
-16
-30
-24
-4
21
36
35
21
2
-10
-15
-12
-1
12
16
8
-8
-22
-26
-20
-10
0
7
10
3
-9
-17
-11
6
23
30
27
18
7
-2
-6
-3
8
19
22
16
1
-16
-26
-27
-19
-9
0
3
0
-6
-11
-11
-4
5
15
17
14
9
5
5
6
9
14
16
12
2
-7
-11
-11
-7
-2
3
3
-4
-12
-21
-26
-24
-11
4
13
12
4
-4
-9
-8
-2
8
18
24
21
11
-1
-7
-5
3
8
8
5
-2
-9
-16
-16
-9
-1
3
-2
-11
-20
-24
-18
-4
11
16
14
5
-3
-8
-6
6
20
31
31
20
3
-10
-16
-10
2
14
15
8
-6
-17
-22
-19
-12
-3
1
4
-1
-8
-12
-8
1
12
19
19
14
5
3
3
9
15
19
16
6
-5
-15
-17
-12
-2
9
12
5
-9
-21
-26
-22
-12
0
8
9
5
1
-4
-3
0
6
10
12
11
7
4
2
4
8
10
9
5
-1
-7
-8
-5
1
7
7
-2
-11
-17
-16
-11
-5
-1
0
1
4
3
-1
-4
-4
1
8
14
15
10
6
3
1
2
2
3
3
2
-1
-4
-8
-10
-10
-9
-7
-7
-7
-8
-8
-7
-4
1
5
9
9
10
6
3
2
6
13
18
17
11
0
-6
-11
-9
-5
1
4
3
-1
-10
-17
-17
-10
2
7
10
7
2
-2
-1
2
6
9
10
9
8
4
2
2
1
3
4
3
2
-2
-6
-8
-8
-3
-1
2
1
-2
-5
-8
-9
-7
-2
2
6
9
8
1
-3
-5
-1
5
12
15
13
6
-2
-8
-9
-5
1
6
4
-1
-10
-15
-14
-9
-1
2
2
-1
-6
-9
-7
-2
6
12
15
9
5
1
0
3
6
7
6
4
1
-3
-6
-8
-6
-5
-4
-2
0
0
-3
-6
-3
3
5
-1
-8
-7
3
12
13
6
0
-2
0
-1
0
1
6
10
9
1
-4
-5
-1
-1
-4
-4
-2
2
4
0
-3
-1
1
0
-3
-1
3
5
2
1
6
10
6
2
1
0
1
2
3
2
1
2
-1
-4
-9
-11
-6
0
2
-2
-1
1
0
-6
-9
-6
3
8
8
6
2
2
2
1
0
0
2
2
0
-4
-8
-9
-8
-3
0
0
-2
-3
-2
-1
-2
-3
0
4
6
7
5
1
-1
-5
-4
2
8
11
5
-2
-6
-5
-3
-4
-1
2
7
5
0
-3
-2
3
6
5
4
1
-2
-2
-1
-2
-1
2
6
5
-1
-6
-7
-1
0
4
6
6
3
-2
-4
-3
-1
0
3
6
8
4
-1
-4
-3
-1
0
-1
1
1
-1
-2
1
0
0
-1
2
6
6
1
-2
-1
1
0
0
2
4
0
-7
-10
-3
1
2
1
1
2
0
-2
-3
-2
0
0
2
5
4
1
-1
-3
-1
0
1
2
1
-3
-4
-3
-1
1
1
0
-4
-7
-7
-2
3
7
8
4
0
-5
-7
-4
1
6
5
4
4
1
-4
-5
-4
1
6
7
5
0
-3
-4
-1
1
2
1
1
1
-2
-6
-5
2
5
6
1
-4
-8
-8
-4
6
15
16
8
0
-2
-5
-7
-1
12
19
12
1
-7
-9
-4
1
6
11
4
-4
-12
-14
-10
-5
-1
1
1
-1
-5
-7
-8
-2
4
13
15
10
3
-3
-1
3
7
8
6
2
-4
-11
-12
-7
-2
-3
-6
-6
-4
-6
-12
-13
-6
2
4
5
6
6
5
2
2
2
6
10
12
9
2
-2
-6
-4
-4
-4
-4
-3
-1
1
-3
-7
-6
-3
-1
-1
0
3
6
5
0
2
10
13
12
8
7
1
-4
-5
0
4
5
1
-1
-4
-7
-10
-7
-2
1
-2
-4
-2
1
-1
-2
1
4
7
6
3
6
9
8
4
3
3
4
2
-4
-3
-4
-3
-3
-3
-2
-4
-4
-3
-2
-5
-9
-7
2
8
7
1
-1
4
5
1
-3
2
8
10
4
-2
-3
-1
1
0
2
1
-1
-2
-4
-5
-2
0
1
1
-2
-5
-2
1
1
-1
0
3
6
-1
-9
-10
-3
2
5
4
6
4
1
-1
0
-2
0
4
9
10
5
-2
-4
-4
-3
-1
3
7
4
-2
-6
-7
-4
-2
-2
1
3
2
1
-1
0
3
5
7
8
6
2
-2
-3
-3
1
3
8
8
4
-5
-11
-7
0
3
2
2
-1
-7
-14
-13
-4
5
7
6
5
1
-4
-3
4
10
9
1
-5
-9
-8
-9
-8
0
8
10
2
-8
-12
-9
0
5
5
4
3
1
-2
-4
-2
3
8
9
6
3
1
-2
-5
-4
0
1
-1
-4
-7
-5
-6
-4
-3
3
6
3
0
-2
1
7
8
6
0
-5
-5
-2
1
2
0
2
2
0
-4
-5
0
6
6
2
0
1
1
-1
0
0
2
2
0
-5
-9
-6
0
5
5
1
-4
-8
-7
-2
6
14
19
15
8
2
-1
0
5
14
19
14
1
-12
-15
-11
-7
-6
-7
-6
-8
-13
-15
-8
0
5
4
5
8
8
5
0
-2
2
7
11
9
1
-7
-8
-2
2
2
0
0
-2
-7
-9
-3
4
5
0
-6
-5
-1
1
-3
-4
-2
6
9
4
-4
-7
-6
-1
5
10
11
8
0
-3
2
13
16
10
-1
-11
-10
2
12
9
-5
-17
-17
-8
-2
-9
-11
-2
14
18
9
-2
-7
-5
3
12
21
21
10
-5
-14
-15
-10
-1
8
10
4
-7
-13
-12
-9
-8
-2
7
12
5
-7
-8
1
6
8
11
16
12
-2
-12
-11
-2
5
6
5
-3
-15
-16
-4
6
8
-1
-5
0
4
-2
-9
-9
-2
1
-1
-1
5
8
4
1
2
6
4
1
4
10
11
1
-7
-9
-4
1
0
-3
-3
-4
-5
-5
-4
-3
-4
-2
3
4
0
-6
-5
2
7
6
5
5
7
4
2
1
4
3
2
1
1
0
-3
-3
-1
0
-2
-6
-7
-4
1
5
7
7
4
0
0
1
4
2
0
1
3
3
-2
-4
-3
-2
-1
-1
2
4
0
-6
-3
5
9
5
-8
-14
-7
5
13
12
7
2
-4
-8
-10
-4
4
12
13
7
-4
-15
-17
-13
0
13
19
13
-2
-11
-13
-10
-3
3
8
8
1
-11
-20
-22
-8
14
29
23
3
-9
-6
3
10
13
18
20
12
-3
-15
-16
-12
-7
-1
7
8
-2
-14
-19
-12
-2
2
2
2
4
4
3
1
0
2
8
18
20
11
-2
-7
-3
5
7
5
0
-7
-8
-10
-6
-3
-3
-7
-5
-4
-3
-6
-3
1
0
-1
-3
0
2
4
4
7
11
10
5
1
1
6
9
11
10
3
-9
-18
-18
-10
0
4
4
-1
-7
-18
-18
-9
4
13
12
6
1
0
2
3
3
7
14
13
3
-8
-7
3
11
6
-3
-8
-9
-10
-11
-9
-7
-5
-6
-6
-4
2
5
3
-1
-4
1
10
14
13
7
2
-1
-2
0
1
0
1
5
9
3
-6
-12
-11
-6
-2
3
6
5
-5
-14
-12
0
10
11
7
7
9
7
0
-3
-2
4
11
10
7
2
0
-2
-2
-4
-1
5
9
3
-8
-13
-8
0
5
5
4
-2
-7
-9
-5
4
9
8
2
-2
-3
0
1
1
3
4
9
11
8
-1
-6
-6
-2
-1
-3
-3
-2
-4
-5
-3
1
4
-1
-5
-3
0
1
1
1
0
-4
-3
1
8
10
6
-2
-1
2
9
8
6
3
-2
-7
-8
-5
-1
-2
-5
-4
-1
2
1
-1
-3
-5
-4
1
7
8
4
-3
-3
1
3
4
7
11
12
8
1
-3
-5
-4
-4
0
1
-1
-11
-17
-17
-9
1
7
8
5
0
-2
3
11
11
8
4
4
7
6
5
6
6
4
1
1
0
-4
-9
-12
-9
-3
2
1
-3
-7
-8
-5
1
7
7
4
3
3
3
1
5
7
8
4
-1
-2
1
2
2
1
-1
-4
-9
-11
-10
-5
-2
-2
1
1
-3
-8
-9
-4
2
7
12
11
5
-6
-6
2
11
11
5
2
-1
-4
-9
-10
-3
1
1
-1
-3
-4
-5
-3
1
5
8
7
3
0
-4
-3
1
10
13
7
-1
-4
-5
-1
1
3
6
5
1
-2
-6
-8
-5
1
8
10
6
-1
-6
-8
-6
-2
2
4
3
1
-3
-2
1
2
2
0
3
7
7
2
1
0
-3
-5
-4
0
4
7
2
-2
-5
-7
-4
1
3
0
-1
1
0
-3
-9
-6
1
10
10
7
3
-1
-3
-1
4
10
10
6
1
-2
-3
-5
-5
-3
0
1
-1
-4
-8
-7
-3
1
4
3
1
-1
-5
-5
-1
7
12
10
2
-5
-5
0
6
8
6
2
-1
-5
-11
-14
-9
-1
4
2
0
1
4
2
0
1
8
11
6
-3
-7
-4
-2
0
2
4
4
1
0
0
3
6
8
9
2
-7
-9
-2
4
4
0
0
1
-1
-4
-3
2
7
7
3
1
0
0
-1
-2
0
2
2
3
1
0
-1
0
1
1
-2
-3
-5
-6
-4
1
2
2
-1
-4
-6
-4
-3
1
4
5
3
3
1
0
-4
-8
-6
4
11
10
3
-2
-3
-3
-1
-1
2
1
-4
-6
-5
-1
0
0
0
1
2
3
2
2
1
2
3
3
1
1
0
0
1
-1
-2
-2
-1
0
2
1
2
0
-1
-2
-2
-1
1
4
6
5
3
-1
-2
-1
0
2
1
-2
-3
-2
-3
-2
0
1
4
6
5
3
0
-4
-1
0
4
7
7
4
1
-2
-1
0
0
0
0
0
1
0
-3
-6
-7
-3
1
5
4
1
-2
-3
-2
1
4
8
7
4
-3
-6
-6
-1
4
7
6
5
0
-4
-14
-20
-17
-4
10
14
8
-9
-17
-16
-5
5
10
11
8
6
1
-3
-5
-7
-3
5
11
8
-2
-7
-6
-2
2
3
3
1
-6
-11
-11
-5
5
12
12
9
1
-6
-11
-7
4
12
14
9
3
-4
-9
-10
-5
5
14
14
6
0
-4
-5
-5
-3
1
4
4
3
0
-3
-5
-4
-3
3
7
10
7
-2
-11
-11
-1
6
8
5
4
4
1
-1
-3
-6
-7
-1
7
11
8
1
-8
-11
-11
-4
5
10
5
-2
-5
-3
-1
1
2
4
8
8
3
-3
-6
-3
2
9
8
3
-5
-7
-6
-1
2
4
5
3
-1
-6
-8
-8
-3
2
5
7
4
0
-4
-4
-1
1