0
1
0
0
0
0
0
0
0
-1
0
1
0
0
0
1
0
0
0
0
-1
1
1
0
0
1
0
0
0
0
0
0
0
0
-1
0
0
0
0
1
0
0
0
0
0
0
-1
-1
1
0
0
1
0
0
-1
0
-1
1
0
1
0
0
0
0
1
-1
0
0
0
0
0
0
0
0
0
0
0
0
0
0
-1
0
0
0
0
1
0
0
0
0
0
0
0
0
-1
0
0
0
-1
0
0
1
0
-1
0
0
0
0
1
1
1
0
0
-1
0
0
-1
0
0
0
0
-1
0
0
0
0
0
0
1
0
0
0
0
0
1
0
0
0
0
0
0
0
-1
1
-1
0
-1
0
0
0
0
-1
0
0
0
0
0
0
0
0
0
1
0
0
0
0
0
0
0
0
0
0
0
0
0
0
-1
0
0
0
1
0
0
0
0
-1
0
-1
0
1
0
0
1
0
0
0
0
0
0
0
0
0
0
1
-1
0
-1
0
0
-1
0
0
0
0
-1
0
0
0
0
0
1
0
0
0
0
0
0
0
-1
0
0
0
0
0
0
-1
0
0
0
0
0
0
-1
0
-1
0
0
0
0
1
0
0
0
0
0
0
0
0
0
0
0
0
1
0
0
0
0
1
0
-1
0
1
0
0
0
0
0
0
0
-1
-1
0
0
0
1
0
-1
0
0
-1
0
0
0
-1
0
0
1
0
0
0
0
0
0
1
0
0
0
0
1
0
0
0
1
1
0
0
0
0
0
0
1
0
1
0
0
0
1
0
0
0
-1
1
1
0
-1
0
0
0
0
0
0
0
0
0
0
0
1
0
1
0
0
0
0
0
-1
0
1
0
0
-1
0
-1
0
0
-1
0
0
0
0
0
0
0
0
0
0
0
0
0
0
0
0
0
0
0
0
0
0
0
0
0
0
0
0
0
0
0
0
0
-1
0
0
0
0
0
0
0
-1
0
1
1
1
1
1
1
1
1
2
2
2
1
0
0
0
0
0
1
1
1
1
1
-1
0
0
0
0
0
0
0
1
0
1
1
1
0
-1
-1
-1
0
0
1
1
1
1
0
-1
-2
-3
-2
-2
-1
-2
-1
-1
-1
0
-1
0
-1
-1
0
-1
0
0
0
-1
0
0
0
0
1
1
2
3
2
3
3
4
4
6
7
8
8
8
9
8
7
7
6
6
5
4
4
3
2
1
0
0
-3
-4
-5
-6
-7
-6
-7
-8
-9
-10
-10
-9
-10
-7
-6
-5
-4
-3
-3
-1
-1
0
2
1
2
2
4
3
3
4
4
4
4
3
2
2
2
1
1
1
0
-1
-1
0
-2
-1
-1
-4
-3
-4
-5
-6
-6
-6
-6
-7
-7
-8
-8
-7
-8
-7
-5
-6
-5
-3
-1
-1
1
2
2
5
7
10
13
19
24
30
36
40
43
45
45
45
44
42
41
40
37
33
28
22
18
13
8
5
1
-5
-8
-11
-16
-20
-24
-26
-29
-30
-31
-32
-31
-30
-30
-30
-29
-28
-27
-24
-23
-20
-17
-14
-13
-12
-10
-10
-10
-9
-8
-7
-7
-7
-7
-5
-4
-5
-2
-3
-1
0
0
1
1
1
1
2
2
3
4
6
7
9
11
12
14
14
15
15
15
16
17
17
18
18
18
19
18
19
17
18
15
14
13
10
8
5
2
0
-2
-7
-9
-12
-14
-17
-19
-19
-21
-22
-24
-22
-21
-21
-19
-17
-16
-13
-10
-10
-6
-3
0
3
6
9
12
14
15
17
17
17
16
15
14
13
12
9
7
6
4
3
1
-1
-2
-2
-2
-2
-3
-3
-2
-2
-2
0
-1
1
2
3
3
3
4
5
5
5
4
4
3
3
2
1
-1
-1
-3
-4
-5
-5
-6
-6
-6
-7
-7
-7
-7
-6
-4
-4
-5
-3
-2
-1
-1
0
0
1
2
1
2
2
1
1
1
0
0
0
-1
-2
-3
-2
-3
-3
-3
-4
-4
-4
-4
-4
-4
-3
-4
-3
-2
-2
-2
-2
-1
0
0
1
1
0
0
0
2
4
4
5
6
5
8
8
7
8
9
10
10
10
10
12
10
10
10
11
9
9
8
7
6
4
4
3
2
1
0
-1
-3
-4
-4
-5
-6
-7
-7
-7
-7
-7
-7
-8
-7
-7
-7
-7
-7
-7
-6
-5
-5
-3
-3
-2
-2
-1
-1
0
0
0
2
-1
0
1
-1
0
0
0
0
0
0
1
0
1
1
1
0
1
0
1
2
2
2
2
1
2
2
2
2
2
2
1
3
2
2
2
2
1
1
1
0
0
0
0
0
-1
-1
1
-1
-1
0
-1
-1
-2
-1
-1
-1
-1
-1
-1
-1
-1
-1
0
-1
0
0
-1
0
-1
0
-1
0
-1
-2
-1
0
0
0
0
1
1
2
3
3
2
4
4
4
4
5
4
4
4
4
4
4
5
4
4
3
3
3
3
2
2
3
1
2
1
2
1
0
0
0
-1
-1
-1
-1
-2
-3
-1
-2
-3
-3
-3
-3
-3
-3
-1
-3
-2
-3
-2
-2
-2
-4
-3
-2
-2
-1
-2
-3
-2
-1
-1
0
1
1
0
0
0
0
-1
1
1
3
2
2
2
1
0
0
1
0
0
0
-1
0
0
0
0
0
1
-1
0
0
0
0
1
0
1
1
1
3
1
2
2
2
2
2
1
2
2
0
2
2
0
1
1
1
0
0
0
0
0
1
0
1
0
2
2
2
0
0
2
1
1
2
-1
0
0
-1
-2
0
-1
-1
-2
-2
-4
-3
-4
-4
-4
-4
-4
-5
-4
-4
-3
-2
-3
0
0
1
2
1
1
1
1
2
3
5
4
5
5
3
4
3
3
3
2
2
2
1
1
1
0
0
0
0
0
-2
-1
0
-1
-1
-1
-1
-1
-2
-1
-1
-1
-2
-1
-1
-2
-2
-1
0
0
0
0
1
1
-1
0
-1
0
0
0
0
0
0
0
0
1
0
0
0
0
-1
1
0
0
1
0
0
0
-1
-1
0
0
-2
-1
-1
-1
-1
-2
0
-1
1
1
2
1
1
2
1
1
3
2
2
2
3
1
1
3
2
2
2
1
2
2
3
2
2
1
1
1
1
0
0
0
0
-1
0
1
2
2
0
1
1
1
0
0
-1
-1
-1
-1
-3
-1
-2
-2
-1
-2
-2
-2
-2
0
-2
-1
-1
-1
0
-1
1
1
1
0
1
1
1
1
1
0
1
0
1
0
1
1
0
0
-1
-2
-3
-3
-2
-1
-2
0
0
0
1
-1
0
0
0
1
1
0
2
1
2
3
2
1
1
0
-1
0
0
-1
-2
-1
-1
0
-1
0
0
0
1
0
0
1
1
1
1
1
1
1
1
1
1
1
1
0
2
0
0
0
-1
-1
-1
-1
-1
-1
-1
-3
-1
-2
0
1
1
1
1
-1
0
0
1
3
3
4
4
4
4
4
4
4
5
3
4
3
0
0
-1
-1
-1
-1
-1
-1
-2
-2
-2
-2
-2
-1
-2
-1
0
-1
0
0
0
1
1
0
1
1
1
2
1
1
0
1
0
0
0
-1
-1
-1
-1
-2
-1
-1
-1
0
-1
-1
-1
0
-1
-1
1
-1
-1
-1
-1
-1
-1
-1
-2
-2
-1
-1
-2
-2
-3
-2
-2
-2
-2
-2
-1
0
0
-1
0
-1
1
1
1
1
1
2
3
3
3
3
3
4
3
4
4
4
4
4
4
4
4
4
4
4
4
4
5
5
4
3
1
2
2
1
1
1
1
1
-1
-2
-2
-2
-3
-3
-4
-4
-5
-6
-6
-6
-5
-5
-4
-4
-3
-2
-2
0
1
2
3
4
4
4
4
4
4
3
4
4
2
1
-1
-2
-3
-5
-7
-8
-8
-8
-7
-7
-6
-6
-5
-4
-3
0
2
4
6
8
9
11
13
15
16
16
16
15
13
10
8
5
3
1
-2
-5
-7
-9
-11
-12
-13
-12
-13
-12
-12
-10
-9
-8
-6
-4
-3
0
1
3
2
5
4
4
4
4
3
2
1
-1
-2
-3
-4
-5
-6
-7
-7
-8
-6
-6
-6
-5
-3
-2
0
2
3
6
7
9
10
11
12
13
15
17
18
17
15
15
12
11
10
9
7
5
4
3
1
-1
0
-1
0
-1
-1
-1
-1
-1
-1
-1
-1
-2
-3
-4
-5
-6
-7
-9
-8
-8
-10
-10
-10
-9
-9
-8
-7
-5
-4
-1
1
3
6
8
10
12
13
15
15
14
15
15
13
11
8
5
2
0
-4
-9
-12
-16
-21
-25
-28
-33
-35
-37
-37
-36
-34
-32
-28
-26
-21
-17
-12
-7
-2
3
7
12
15
19
20
22
23
24
23
24
22
20
19
15
14
10
9
7
6
5
4
3
4
4
4
6
7
9
10
11
12
13
15
16
18
18
17
16
14
13
9
8
6
3
0
-3
-6
-9
-11
-13
-14
-15
-16
-16
-16
-15
-14
-14
-12
-12
-10
-9
-8
-7
-6
-4
-3
-3
-4
-3
-3
-3
-2
-1
-1
0
0
0
0
-1
-1
-1
0
1
2
3
3
4
5
5
6
7
6
6
5
5
4
4
3
1
0
1
0
-1
-2
-3
-5
-6
-7
-8
-9
-11
-10
-11
-11
-12
-11
-11
-12
-12
-11
-11
-10
-9
-8
-7
-5
-3
-1
1
3
5
7
8
9
9
12
14
15
16
16
16
16
14
12
10
8
8
6
4
2
-1
-2
-3
-5
-6
-7
-7
-9
-8
-7
-8
-5
-4
-2
1
3
5
8
9
12
15
16
16
18
18
19
18
17
15
14
11
9
6
5
5
4
4
3
2
1
1
1
1
2
2
2
3
3
3
4
4
5
4
3
1
1
-1
-2
-5
-8
-11
-13
-17
-22
-29
-36
-41
-40
-42
-42
-43
-44
-44
-41
-37
-33
-28
-22
-17
-10
-4
2
8
14
17
23
26
28
31
33
35
35
33
31
26
19
13
6
-3
-11
-19
-27
-37
-42
-49
-52
-53
-52
-49
-46
-40
-33
-26
-16
-7
5
18
31
45
58
69
79
86
91
94
94
92
87
80
70
60
47
35
23
9
-3
-14
-25
-34
-42
-47
-50
-50
-47
-42
-36
-26
-16
-8
2
11
18
24
28
34
38
38
36
35
30
23
16
6
-2
-11
-18
-28
-35
-44
-49
-57
-62
-64
-67
-67
-65
-62
-58
-54
-48
-42
-36
-28
-22
-15
-6
1
10
18
25
33
37
44
49
50
51
52
50
47
42
38
32
25
17
8
-3
-15
-27
-39
-51
-62
-71
-77
-83
-84
-85
-84
-77
-70
-60
-50
-38
-25
-10
6
23
41
59
74
88
100
109
116
120
123
122
121
115
108
97
85
72
58
45
29
16
3
-9
-20
-30
-40
-46
-51
-54
-56
-55
-52
-47
-42
-36
-30
-25
-19
-16
-13
-10
-8
-7
-5
-5
-6
-8
-12
-14
-17
-22
-26
-30
-33
-35
-36
-36
-35
-34
-32
-28
-24
-18
-12
-6
0
9
14
20
25
29
34
38
42
45
44
44
42
37
33
28
22
16
9
1
-8
-16
-24
-31
-38
-43
-47
-49
-50
-50
-48
-46
-41
-36
-29
-22
-14
-7
2
11
20
26
32
37
41
45
47
49
51
51
51
50
48
44
41
37
33
30
26
22
17
13
9
5
0
-4
-8
-13
-17
-21
-25
-28
-30
-33
-36
-38
-38
-40
-40
-39
-38
-36
-33
-32
-28
-26
-20
-17
-13
-8
-2
2
7
12
15
20
23
26
27
28
29
29
28
26
25
22
21
19
15
13
10
9
5
4
2
0
-3
-4
-5
-6
-6
-5
-6
-6
-7
-7
-8
-10
-9
-9
-9
-9
-9
-8
-10
-9
-9
-9
-9
-9
-10
-10
-8
-8
-7
-6
-4
-3
-2
-2
-1
-1
0
2
2
1
2
3
2
2
2
2
1
1
0
-1
0
-1
0
-1
-1
-3
-3
-3
-3
-4
-3
-2
-2
-1
-1
0
2
2
5
6
7
7
10
9
12
14
16
18
19
20
21
20
22
21
22
21
21
20
20
19
18
17
15
14
13
9
7
4
2
0
-2
-3
-5
-8
-11
-13
-16
-18
-20
-21
-25
-25
-27
-28
-29
-29
-29
-28
-29
-26
-25
-22
-20
-17
-15
-12
-11
-8
-5
-5
-4
-3
-3
-4
-5
-6
-7
-9
-11
-12
-14
-15
-16
-15
-15
-13
-11
-7
-4
2
7
12
19
27
36
44
52
59
66
73
78
82
85
87
88
84
81
77
69
62
53
42
31
20
8
-5
-16
-27
-37
-46
-54
-60
-65
-68
-69
-69
-67
-63
-57
-51
-43
-36
-29
-21
-12
-4
4
11
18
20
23
21
19
15
11
5
-2
-10
-15
-24
-32
-39
-46
-54
-59
-64
-68
-72
-74
-75
-75
-74
-72
-69
-66
-60
-54
-46
-39
-30
-20
-12
0
12
25
39
52
67
79
92
104
112
118
123
127
125
124
118
110
99
88
75
61
44
29
12
-7
-25
-40
-55
-69
-80
-87
-93
-96
-95
-92
-83
-71
-55
-39
-22
-5
14
32
51
69
86
102
113
122
129
132
130
127
117
106
90
72
52
30
8
-15
-37
-58
-79
-95
-112
-124
-133
-140
-142
-143
-139
-133
-125
-112
-98
-84
-69
-52
-36
-19
-4
10
24
36
46
54
63
65
70
71
69
66
62
56
49
41
32
22
12
1
-10
-22
-31
-40
-49
-56
-64
-69
-73
-75
-76
-71
-68
-62
-53
-43
-32
-19
-6
9
24
39
53
66
77
87
96
101
104
107
105
104
98
88
78
65
52
36
24
11
-3
-16
-27
-38
-49
-58
-67
-71
-75
-76
-76
-74
-71
-66
-60
-54
-47
-40
-32
-27
-20
-15
-10
-7
-3
-1
1
2
3
5
7
10
15
19
25
34
43
53
64
77
88
98
108
116
124
130
136
139
141
140
135
127
116
102
84
66
47
25
4
-18
-40
-64
-84
-104
-123
-139
-152
-165
-176
-183
-188
-192
-193
-191
-188
-184
-177
-168
-159
-146
-133
-119
-101
-86
-68
-49
-31
-11
9
28
47
65
82
97
111
121
130
135
140
141
137
132
124
114
100
83
66
46
27
10
-9
-25
-40
-54
-67
-77
-85
-89
-90
-88
-81
-71
-57
-43
-26
-6
14
35
57
80
99
117
134
148
158
165
170
167
164
156
145
132
114
95
76
56
36
15
-4
-22
-36
-49
-60
-68
-74
-79
-81
-78
-75
-70
-62
-54
-48
-42
-37
-32
-29
-24
-23
-22
-23
-25
-29
-33
-38
-43
-49
-55
-60
-65
-70
-73
-76
-78
-79
-77
-76
-72
-68
-63
-56
-48
-41
-33
-24
-16
-5
4
13
21
29
38
44
51
55
59
62
63
61
59
55
50
44
36
30
21
13
4
-3
-11
-16
-24
-29
-33
-35
-36
-36
-33
-31
-26
-20
-14
-8
1
9
17
26
36
45
56
66
74
81
85
87
88
86
86
82
78
71
63
52
43
31
19
7
-5
-18
-29
-39
-49
-57
-64
-70
-73
-75
-75
-74
-72
-67
-63
-56
-50
-43
-34
-24
-16
-7
3
9
19
25
33
39
45
50
53
56
58
58
57
55
53
49
46
40
35
28
20
13
5
-3
-11
-18
-25
-32
-38
-44
-50
-54
-57
-59
-59
-60
-60
-58
-55
-52
-49
-45
-41
-37
-31
-26
-22
-17
-12
-8
-2
2
6
9
13
16
16
17
19
19
19
18
17
15
15
13
12
10
8
7
5
4
4
3
3
2
2
4
3
4
3
4
5
5
6
6
7
9
8
9
9
8
8
7
8
9
9
12
12
13
14
14
15
18
19
21
23
25
25
25
27
28
28
28
28
25
22
20
17
15
13
10
7
3
-1
-6
-11
-14
-18
-21
-24
-27
-30
-31
-34
-34
-35
-34
-33
-33
-32
-31
-31
-29
-27
-25
-24
-23
-21
-18
-16
-14
-12
-10
-8
-7
-5
-3
-2
2
4
7
9
11
12
13
13
13
13
12
12
10
8
6
3
0
-3
-5
-8
-9
-12
-13
-15
-14
-14
-14
-12
-10
-8
-5
-2
2
6
9
11
17
19
22
23
26
27
28
30
28
26
26
24
22
20
18
16
14
14
11
11
9
10
9
9
11
11
12
14
15
15
16
17
16
17
15
13
11
9
7
4
1
-3
-6
-10
-15
-18
-22
-25
-26
-30
-32
-33
-35
-34
-34
-34
-32
-30
-28
-26
-23
-19
-16
-13
-10
-8
-4
-1
0
3
4
5
6
7
6
7
7
7
5
5
4
3
1
1
0
-2
-3
-5
-6
-7
-7
-7
-9
-8
-9
-10
-8
-7
-7
-5
-5
-3
0
2
4
6
8
11
11
14
14
14
15
15
15
15
13
12
9
8
6
4
1
-1
-3
-5
-7
-9
-9
-9
-9
-9
-8
-7
-5
-3
-1
0
4
7
10
12
15
17
19
21
23
24
26
25
26
24
23
23
20
19
17
14
12
11
7
5
4
0
-2
-4
-6
-8
-9
-11
-12
-13
-13
-14
-13
-13
-13
-14
-12
-11
-11
-10
-10
-9
-9
-9
-10
-10
-11
-10
-11
-10
-11
-12
-13
-13
-14
-13
-13
-13
-14
-13
-11
-10
-9
-7
-5
-2
-1
0
2
5
6
8
12
14
15
16
16
15
14
15
12
11
8
6
3
0
-2
-5
-7
-10
-12
-13
-16
-17
-16
-15
-14
-12
-10
-8
-7
-6
-3
-2
3
4
5
7
8
7
9
8
9
9
9
9
7
9
8
8
8
10
9
9
10
13
15
15
16
17
18
18
18
18
19
19
19
17
17
15
12
9
8
3
2
-1
-4
-5
-7
-9
-11
-12
-12
-12
-14
-14
-14
-14
-13
-11
-10
-9
-7
-8
-7
-6
-6
-5
-5
-4
-5
-6
-8
-7
-8
-8
-9
-10
-11
-12
-12
-11
-12
-13
-13
-12
-12
-11
-10
-9
-8
-6
-5
-3
-3
-1
0
1
3
4
6
6
8
7
7
8
9
10
11
11
12
12
12
11
12
11
10
11
10
10
9
9
7
8
6
6
5
5
5
3
3
2
2
2
1
2
1
1
1
1
1
1
1
1
0
-1
0
0
-1
0
-1
-2
-2
-1
-3
-3
-3
-3
-3
-4
-4
-4
-4
-4
-4
-5
-4
-5
-6
-5
-6
-6
-5
-5
-5
-5
-4
-4
-3
-4
-3
-3
-1
-3
0
-1
0
0
0
1
1
0
2
1
1
1
1
1
0
0
0
0
0
0
1
0
0
-1
0
0
0
2
2
3
3
3
2
2
0
1
1
2
1
1
0
0
0
0
0
0
0
0
0
-1
0
2
1
1
1
1
3
1
2
2
2
2
1
2
2
1
1
2
2
1
1
1
1
0
0
0
0
1
1
1
1
0
0
-1
2
1
0
0
1
1
2
3
3
3
3
2
2
3
3
4
6
6
7
5
5
5
3
3
3
3
3
1
1
0
-1
-1
0
-2
-3
-4
-6
-6
-6
-7
-6
-6
-6
-5
-4
-4
-5
-4
-2
-3
-3
-2
-2
-1
-2
0
-2
-1
0
-1
0
0
-1
1
1
1
2
1
0
1
-1
-1
0
0
1
0
0
0
1
1
0
0
1
0
-1
0
-2
0
0
0
1
1
1
1
1
1
2
3
2
4
4
5
5
8
7
7
7
7
6
6
8
6
5
5
3
5
3
4
2
3
0
1
1
1
0
1
1
1
1
1
1
2
1
1
1
1
1
0
0
0
-1
-2
-1
-3
-4
-5
-6
-6
-7
-8
-8
-9
-9
-9
-8
-8
-7
-6
-5
-4
-4
-3
-2
-1
0
0
1
1
2
1
1
1
1
0
0
0
1
0
0
0
0
0
-1
0
0
0
0
0
0
-1
0
1
0
1
1
1
0
1
1
1
1
0
1
0
1
0
0
1
1
1
1
1
1
2
2
3
3
2
3
4
4
2
3
2
3
1
2
2
1
1
1
0
0
-1
-1
-2
1
0
0
0
0
0
1
0
0
0
0
0
0
1
0
0
0
0
-1
0
-1
0
0
0
0
0
0
0
0
0
0
0
0
0
0
1
1
1
2
1
3
3
1
3
2
1
1
2
1
2
1
1
0
0
-1
0
-1
-2
-3
-3
-3
-2
-3
-4
-3
-3
-2
-2
-3
-2
0
-1
-1
1
0
1
2
1
1
0
-2
0
0
0
1
2
2
1
1
1
1
2
2
1
1
0
-1
-1
-1
0
1
1
1
0
1
0
0
1
1
0
1
0
1
-1
1
2
2
3
3
2
2
1
2
1
1
1
1
1
0
1
-1
0
-1
0
0
0
0
-1
0
-1
0
1
0
0
0
0
0
0
1
0
0
0
0
0
0
-1
0
0
0
0
0
0
0
-1
0
-1
0
0
-1
-1
-1
-1
-1
-1
-1
-1
-1
-1
0
-1
0
0
0
0
0
0
1
1
2
1
1
1
2
1
1
1
0
0
0
0
-1
0
0
1
0
0
0
0
0
0
0
0
0
0
0
0
0
-1
0
0
0
0
0
0
0
0
0
-1
0
1
0
0
0
0
0
0
0
-1
1
0
0
0
1
0
1
0
0
0
0
0
0
0
-1
0
1
0
0
0
1
0
0
0
0
-1
1
1
0
0
1
0
0
-1
-1
-1
0
1
2
1
2
2
1
1
1
0
0
0
0
0
-1
-2
-1
1
0
0
0
-1
-2
-3
-1
-1
1
1
2
1
1
0
0
1
-1
0
0
0
0
0
0
0
0
0
-1
-1
-1
-2
-2
-3
-3
-3
-3
-3
-3
-3
-4
-3
-4
-3
-2
-2
-1
-2
-1
0
0
-1
1
1
2
0
0
1
1
2
3
5
5
6
6
7
7
8
9
9
10
10
11
11
10
11
10
9
8
7
6
6
4
3
2
2
1
1
0
-1
-1
-2
-2
-2
-3
-3
-1
-3
-2
-3
-1
-1
-1
0
-1
-1
-1
0
-1
-1
-1
-1
-2
-2
-1
-3
-4
-4
-4
-5
-5
-5
-5
-6
-6
-6
-6
-6
-6
-7
-6
-6
-6
-5
-5
-5
-5
-4
-5
-4
-4
-3
-1
-2
-1
0
-1
0
0
1
2
2
2
3
4
5
6
5
6
6
7
7
7
8
8
8
8
6
7
7
6
6
6
7
5
5
5
4
4
4
3
2
3
2
2
1
1
0
-1
0
-1
-1
-1
-2
-2
-3
-2
-4
-3
-3
-3
-3
-2
-3
-3
-3
-3
-3
-3
-3
-3
-3
-2
-2
-2
-1
-1
-1
-1
0
1
0
-1
0
1
1
1
1
1
0
0
0
-1
-1
0
0
0
1
0
-1
0
1
0
1
1
1
0
1
1
2
1
1
1
1
1
1
1
0
0
0
0
1
0
1
0
1
1
0
0
0
0
0
-1
0
-1
0
-1
-1
-1
0
-1
0
-1
-1
1
1
0
-1
0
1
1
1
1
0
1
1
0
1
0
1
1
2
1
1
1
1
2
1
2
3
2
2
1
2
2
3
3
2
4
4
4
4
4
4
3
3
3
2
2
1
1
1
1
1
0
0
0
0
0
0
0
-1
-1
-1
-1
-1
-2
-2
-2
-2
-2
-2
-2
-1
-2
-2
-2
-2
-2
-3
-3
-3
-4
-4
-3
-3
-3
-3
-2
-2
-2
-1
-1
-1
-1
-1
0
0
0
1
0
0
2
0
0
1
0
0
1
1
1
2
1
1
2
2
2
1
2
2
2
3
3
3
3
3
3
3
2
2
3
3
3
2
3
3
2
2
2
2
1
0
1
0
1
0
0
-1
0
0
-1
0
0
-1
-1
0
-1
-2
-2
-2
-3
-3
-3
-4
-4
-4
-3
-3
-5
-5
-4
-5
-4
-4
-4
-4
-3
-3
-3
-1
-2
-1
-1
-1
0
2
3
2
2
3
3
2
2
3
3
3
3
4
3
5
4
4
5
4
4
4
5
4
4
5
4
5
4
3
3
3
3
3
3
3
2
1
0
1
0
1
2
0
1
0
-1
-1
-2
-2
-2
-2
-2
-2
-2
-1
-2
-2
-1
-2
-2
-2
-2
-2
-3
-2
-3
-2
-2
-2
-2
-2
-1
-1
-1
-1
-1
-1
-2
-2
-1
-2
-1
1
0
0
0
0
0
0
0
0
1
0
1
2
0
0
1
2
3
2
2
1
3
5
4
4
3
2
1
1
0
0
2
3
2
2
3
1
0
0
1
0
1
1
1
1
1
0
1
-1
0
-1
-1
-2
-2
-2
-3
-3
-3
-3
-4
-3
-3
-3
-3
-2
-2
-2
-2
-1
-1
0
0
0
0
1
1
1
0
2
1
2
2
2
3
2
2
3
3
3
4
2
3
2
2
2
2
3
2
2
2
2
3
2
3
4
2
2
4
1
1
2
2
2
2
2
1
1
1
0
0
0
-1
0
0
-1
0
-1
-1
-2
-2
-1
-3
-5
-5
-4
-5
-6
-7
-6
-7
-7
-6
-7
-8
-7
-6
-6
-6
-6
-5
-4
-4
-3
-3
-3
-2
-2
-2
-1
-1
-1
0
0
-1
0
0
1
1
2
2
2
3
3
4
4
4
5
5
6
6
6
6
7
7
7
7
7
7
7
7
7
7
7
7
6
5
6
5
5
5
4
4
3
3
3
3
3
2
2
2
0
0
0
0
0
0
1
1
0
-1
-3
-2
-2
-4
-4
-4
-6
-4
-4
-5
-5
-5
-6
-7
-8
-8
-8
-9
-8
-7
-6
-7
-6
-6
-7
-6
-7
-6
-5
-4
-4
-3
-3
-2
-1
-1
-1
-1
-1
-1
0
0
1
1
1
2
2
3
3
3
3
3
4
4
6
5
6
5
6
6
6
6
6
7
6
6
7
5
6
6
6
5
5
4
4
3
3
3
3
1
1
1
0
1
0
0
0
-2
0
-1
-1
-1
-1
-1
-3
-2
-2
-2
-3
-3
-3
-3
-3
-4
-4
-3
-3
-3
-2
-2
-1
-2
-2
-1
-1
-1
-2
0
-1
0
0
0
1
0
1
1
1
1
2
0
1
2
0
2
1
2
2
0
1
2
1
1
0
1
0
0
0
0
-1
-1
-1
-1
-1
0
-1
-1
-2
-2
-2
-2
-1
-2
-1
-2
-2
-2
-2
-2
-2
-1
-2
-2
-1
0
0
-1
-1
-1
-1
-1
0
-1
-1
-1
1
0
0
0
0
0
0
0
1
0
1
1
1
2
2
2
3
4
5
6
6
5
7
7
8
9
9
9
8
8
9
9
8
9
8
9
8
7
7
6
6
5
6
5
4
3
2
2
1
0
0
-1
-1
-4
-3
-4
-4
-5
-7
-7
-8
-9
-9
-9
-10
-11
-12
-12
-13
-13
-14
-13
-13
-13
-13
-12
-13
-11
-11
-10
-9
-9
-8
-7
-7
-5
-6
-4
-5
-3
-3
-2
-3
-2
-1
0
1
2
0
2
3
3
3
5
5
5
6
7
5
7
7
8
8
8
9
9
9
9
10
10
10
11
11
11
12
12
12
11
11
11
11
12
9
9
9
7
8
6
6
5
5
3
2
1
1
0
0
0
0
-1
-2
-4
-5
-5
-6
-7
-7
-7
-7
-9
-8
-8
-8
-9
-8
-8
-9
-9
-8
-8
-8
-7
-7
-6
-6
-8
-5
-6
-4
-4
-3
-3
-3
-3
-3
-2
0
0
1
1
1
0
1
-1
0
1
0
0
1
1
1
2
2
2
2
2
2
2
1
2
1
3
2
3
2
3
3
3
2
3
2
2
2
3
0
0
3
1
1
1
0
1
1
2
1
1
1
1
1
2
0
1
2
1
0
1
1
2
2
-1
0
0
0
0
0
0
0
0
0
-1
1
0
0
1
0
0
1
1
2
0
1
1
1
1
0
2
1
1
0
1
1
1
1
2
0
0
-1
0
-1
-1
1
0
1
1
0
0
-1
-1
-2
-3
-2
-2
-3
-3
-4
-3
-4
-4
-4
-5
-6
-5
-5
-4
-4
-4
-4
-4
-5
-5
-4
-4
-3
-4
-3
-3
-2
-3
-1
-2
-2
-1
-1
-1
0
0
0
0
1
1
2
2
2
3
3
3
2
4
4
4
5
4
5
6
6
6
7
7
6
7
7
8
8
8
8
7
6
7
6
7
7
5
6
5
4
4
4
4
4
4
2
3
2
0
0
0
0
0
1
0
-1
-2
-2
-3
-3
-3
-3
-4
-4
-3
-3
-4
-4
-3
-3
-4
-5
-4
-4
-4
-4
-5
-4
-5
-4
-4
-4
-5
-5
-5
-4
-4
-5
-4
-4
-4
-3
-4
-4
-4
-3
-3
-3
-1
-3
-2
-2
-2
-2
0
-1
-1
0
1
1
0
0
0
1
1
1
2
2
3
4
4
4
3
3
4
5
5
4
4
5
5
5
5
5
5
5
5
4
4
4
4
4
4
3
3
3
2
2
2
2
3
2
2
1
0
1
1
0
0
0
0
1
-1
-1
0
0
0
0
0
1
0
-1
0
0
0
0
0
0
0
0
-1
0
0
0
0
1
0
-1
-1
-1
-1
-2
0
0
-1
-1
-1
-1
0
-1
-1
-1
-1
-2
-1
-1
-1
-1
-1
-1
0
1
0
0
0
0
0
-1
1
0
-1
0
0
0
1
1
1
1
1
2
1
0
1
0
0
0
-1
0
0
-1
0
0
0
-1
0
1
0
1
1
2
1
3
3
3
3
3
3
2
3
3
3
3
3
3
3
2
3
3
4
4
3
3
3
3
3
3
3
4
2
0
0
0
0
0
1
1
1
0
-1
0
-2
-2
-2
-2
-2
-2
-2
-2
-2
-3
-2
-2
-1
-2
-2
-2
-2
-2
-2
-1
0
-1
-1
-1
-1
-1
-1
-1
0
1
0
0
0
1
1
1
1
1
0
1
0
0
0
0
0
0
0
1
0
-1
0
1
0
0
-1
0
0
0
0
-1
0
0
0
0
1
1
1
1
1
0
1
1
1
1
2
1
1
0
0
0
1
2
3
4
2
1
0
-1
-1
1
1
1
2
1
1
-1
0
0
0
0
0
0
0
0
-1
0
-1
-1
0
0
0
0
0
0
0
0
0
0
-1
0
-1
0
0
0
0
0
0
-1
0
0
0
0
0
0
0
0
0
0
0
0
0
0
0
0
0
1
1
0
-1
0
0
0
0
0
0
0
0
0
0
0
0
0
0
0
0
1
0
0
0
0
0
1
0
0
0
0
0
0
0
-1
-1
0
0
0
0
0
-1
-1
0
0
0
-1
1
0
0
-1
0
0
0
0
0
0
0
0
0
0
0
0
0
0
0
0
1
0
0
-1
0
0
0
0
0
0
1
0
0
-1
-1
0
0
0
0
-1
0
0
0
0
0
1
0
0
1
-1
0
-1
-1
-1
-1
-1
-1
-2
-1
-1
-1
-2
-2
-2
0
-1
0
1
1
1
1
-1
-1
0
-1
1
1
1
1
1
1
1
1
1
1
1
1
1
1
0
1
1
1
1
2
1
1
2
2
2
1
0
0
0
0
-1
2
0
1
1
0
0
0
0
0
0
1
0
1
0
0
0
1
-1
0
0
0
0
0
0
0
0
0
0
-1
0
0
0
0
1
1
0
1
0
0
0
0
0
0
0
0
0
0
-1
-1
-1
-1
0
0
0
0
0
-1
0
0
0
0
0
-1
0
-1
0
1
0
0
1
0
0
-1
0
-1
0
0
0
-1
0
1
-1
0
0
0
0
-1
0
1
0
-1
1
1
0
1
-1
0
0
1
0
0
-1
1
0
0
1
0
0
0
0
1
0
0
0
0
1
0
-1
0
-1
0
1
0
1
-1
0
1
0
0
0
0
0
-1
0
0
0
0
0
0
0
0
0
0
-1
0
1
0
1
0
-1
0
0
1
0
0
0
0
0
0
-1
0
-1
0
0
0
0
0
0
0
1
0
1
0
0
0
0
0
-1
0
0
-1
-1
0
-1
0
-1
-1
-2
-2
-2
0
0
0
1
1
2
1
0
0
1
1
1
1
0
0
-1
0
2
1
1
0
-1
-1
-1
0
0
1
2
2
2
2
1
0
0
2
1
1
1
0
1
1
1
2
1
1
1
0
1
1
2
2
3
2
0
1
0
0
-1
1
0
1
1
1
1
0
0
0
0
0
0
0
0
0
0
-1
-1
-1
-1
-1
-1
-1
-1
-1
-1
-1
-1
-1
-1
-1
-1
-1
-1
0
-1
-1
-1
0
-1
-1
0
0
0
0
0
1
2
2
1
1
2
1
1
0
0
0
1
0
0
-1
1
0
-1
-1
0
0
0
0
0
1
0
1
0
0
0
1
0
-1
0
-1
0
0
-1
0
0
0
-1
0
0
0
0
0
0
0
0
1
-1
0
0
0
0
-1
0
0
0
0
0
1
0
0
0
0
0
0
0
0
1
1
0
0
0
0
0
0
0
0
0
1
0
-1
0
0
0
0
0
0
0
0
0
0
1
0
1
1
1
0
0
0
0
0
0
0
0
0
0
0
0
-1
0
0
0
-1
0
-1
0
0
0
0
0
0
0
-1
1
0
0
-1
-1
-1
-1
0
0
-1
-2
0
0
-2
-2
-2
-2
-1
-1
0
1
1
1
1
0
0
0
1
0
1
0
1
0
0
1
1
0
1
0
2
1
2
2
2
1
2
3
2
1
1
2
1
1
1
1
1
1
1
2
2
1
1
1
1
1
1
0
1
0
-1
-1
-1
0
0
0
0
0
0
0
-1
0
0
1
-1
0
1
0
0
0
1
1
1
1
-1
-1
-1
-1
-2
-1
0
0
0
0
-1
-1
-1
-2
-2
-1
-1
-1
-1
-1
-1
-1
-1
1
0
1
0
0
0
2
1
1
0
1
0
-1
0
1
0
0
0
-1
-1
-2
0
0
1
2
3
2
2
1
2
2
2
2
0
0
0
-1
0
0
1
0
1
2
1
0
0
1
-1
0
0
0
-1
0
0
0
-1
0
1
0
-1
0
0
-1
-1
0
0
0
0
-1
-1
-1
0
0
0
0
0
0
0
0
0
1
0
-1
0
1
0
1
0
0
0
-1
0
0
0
0
0
0
-1
1
0
0
0
0
1
0
0
0
-1
0
1
0
0
0
0
0
0
0
0
0
0
-1
1
-1
0
1
0
0
0
0
0
0
0
0
0
0
0
0
0
0
0
1
0
0
0
0
-1
1
0
0
0
0
0
0
0
0
0
0
0
0
-1
0
0
0
-1
0
0
1
1
0
0
0
0
-1
0
2
1
0
1
1
1
1
0
2
2
2
1
0
-1
-1
0
0
1
1
2
1
0
0
0
-1
0
0
0
0
0
0
0
0
1
0
-1
0
0
-1
0
0
0
0
0
0
0
0
0
0
0
1
0
0
0
0
-1
-1
0
-1
0
0
0
-1
0
0
0
0
1
1
-1
0
0
-1
-1
0
0
-1
0
0
-1
0
0
-1
1
-1
0
0
-1
0
0
0
0
0
0
0
1
0
0
-1
1
1
0
0
0
0
0
0
0
0
0
1
0
0
0
0
0
0
-1
0
0
-1
0
0
1
0
0
1
0
0
0
1
0
0
0
0
0
0
1
-1
0
0
0
1
0
-1
0
0
0
0
0
-1
0
0
0
0
1
0
0
1
0
0
0
1
0
0
0
0
0
1
0
0
0
0
0
0
0
1
0
0
0
0
-1
0
0
-1
-1
0
-1
0
0
0
1
1
0
0
0
-1
1
0
0
0
0
1
0
1
0
0
1
1
0
0
0
0
0
-1
0
0
0
-1
0
0
1
0
0
0
0
1
0
1
0
0
0
0
-1
0
0
0
0
0
-1
0
0
0
1
1
0
0
-1
0
0
1
0
0
-1
1
0
0
0
0
-1
0
0
0
0
0
0
0
0
0
0
0
1
0
0
0
-1
0
1
0
0
1
-1
0
-1
-1
0
0
0
0
0
0
0
0
-1
0
-1
1
0
1
1
0
0
0
0
0
0
0
0
0
0
0
0
0
0
1
0
-1
0
0
0
0
0
0
-1
0
0
-1
0
0
0
0
0
0
0
1
1
0
0
0
0
0
0
0
-1
0
0
0
0
0
0
-1
-1
0
0
0
0
0
1
0
1
-1
0
0
-1
0
0
0
1
0
0
0
0
0
0
0
1
0
1
0
0
0
-1
-1
0
0
0
0
1
0
-1
0
0
0
0
1
0
-1
0
0
0
0
0
1
0
0
0
0
0
0
0
0
0
0
1
0
0
0
0
0
0
0
0
0
0
0
0
0
-1
-1
0
0
0
0
0
0
-1
0
0
-1
0
0
0
0
0
0
0
0
0
0
0
0
0
0
0
0
0
-1
0
0
1
0
0
-1
1
0
0
0
0
0
0
0
0
0
0
-1
1
0
0
-1
0
0
0
1
0
-1
0
0
0
0
0
0
0
1
-1
0
-1
0
-1
-1
0
0
0
1
0
0
0
0
0
1
0
-1
-1
0
0
0
0
0
0
0
-1
0
-1
0
1
0
0
0
0
1
0
0
0
0
0
-1
-1
0
0
0
0
-1
0
1
0
1
0
0
0
0
-1
0
0
0
-1
0
0
0
0
0
0
0
0
-1
0
0
0
1
0
1
0
-1
0
1
0
0
-1
0
0
0
0
0
0
1
0
1
0
0
0
0
0
1
0
1
0
0
0
1
0
0
0
0
0
-1
0
0
0
0
0
0
0
0
0
-1
0
0
0
0
0
0
0
0
0
0
1
0
1
0
0
1
0
0
1
0
0
1
0
0
1
0
0
0
0
0
0
0
0
0
0
0
1
0
0
-1
0
0
-1
0
-1
0
0
1
1
0
0
0
-1
0
0
0
0
0
0
1
0
0
-1
0
0
0
0
-1
0
1
0
0
0
0
0
-1
0
0
0
0
0
0
0
1
0
0
0
0
0
-1
0
0
0
0
0
1
0
0
0
0
0
0
0
1
0
-1
0
-1
1
0
0
0
0
-1
0
-1
0
0
0
0
-1
1
0
0
0
1
0
-1
0
1
1
0
-1
0
0
0
0
0
0
0
0
-1
0
0
0
0
1
-1
0
0
-1
0
0
0
0
0
1
1
0
0
0
-1
-1
0
0
0
1
0
0
0
0
0
0
1
0
0
-1
0
0
1
0
0
0
0
0
1
0
0
-1
0
0
0
0
0
0
0
0
1
0
0
0
0
0
0
0
0
1
0
0
0
0
0
0
-1
0
0
0
0
1
0
0
1
0
0
0
1
-1
0
-1
0
0
0
1
0
0
0
0
0
0
1
0
0
0
0
0
0
0
0
0
-1
0
0
0
1
0
0
0
1
0
0
0
0
0
0
0
0
0
0
1
0
1
0
-1
0
0
-1
0
0
0
-1
0
0
0
-1
0
-1
1
-1
1
0
0
0
0
0
1
0
1
0
0
0
0
0
0
0
0
0
0
0
1
0
0
-1
0
0
0
0
0
0
0
0
0
0
-1
0
0
1
0
0
-1
0
0
0
0
0
0
0
0
-1
0
1
0
0
0
0
1
0
0
0
0
0
-1
0
0
-1
0
0
0
0
0
0
0
0
0
0
0
1
1
1
1
0
0
-1
1
0
0
0
0
0
0
0
0
0
0
0
0
1
0
0
1
0
1
0
0
1
0
0
0
0
1
0
0
-1
0
0
1
1
0
0
-1
0
-1
-1
0
0
0
1
1
0
-1
0
1
0
0
0
0
1
0
1
-1
0
1
0
0
0
-1
0
0
0
1
0
-1
0
-1
-1
0
0
1
0
0
0
1
1
0
0
1
1
-1
0
-1
0
0
0
1
0
0
0
0
-1
0
0
-1
0
0
-1
-1
1
0
0
0
0
-1
0
1
0
0
0
-1
1
0
1
0
1
-1
0
0
0
-1
0
0
0
0
0
0
0
0
0
0
0
0
0
0
0
0
0
1
0
0
0
0
1
0
0
0
0
0
0
0
0
0
0
0
0
0
0
0
0
0
0
0
0
1
0
0
0
0
-1
0
0
1
0
0
0
0
0
-1
0
0
0
0
0
0
-1
0
0
-1
0
0
0
-1
0
0
0
0
-1
0
0
0
0
0
0
0
0
0
0
0
0
0
0
0
-1
0
0
0
-1
0
-1
0
-1
0
0
0
0
1
0
0
0
0
-1
1
0
0
0
0
0
1
0
0
0
0
0
0
1
0
0
0
0
-1
0
-1
0
0
0
0
0
0
0
0
0
0
0
0
0
0
0
0
0
1
0
1
1
0
1
0
0
0
0
0
1
0
1
0
0
0
1
0
0
-1
0
0
1
0
-1
0
0
0
0
-1
-1
1
0
0
1
0
0
1
0
0
0
-1
1
0
0
0
0
0
0
-1
0
0
0
0
0
0
0
0
0
0
0
0
0
0
0
0
0
0
0
0
-1
0
-1
0
-1
0
0
0
0
0
-1
0
-1
1
0
0
0
0
0
-1
0
-1
0
-1
0
0
0
0
-1
0
-1
0
1
0
0
0
0
0
0
1
0
0
0
0
0
0
-1
0
0
0
0
0
0
0
0
1
0
1
1
0
0
0
0
0
0
0
0
0
0
1
0
1
0
0
0
0
0
0
0
1
0
0
0
1
0
1
1
0
0
0
0
-1
0
0
1
0
0
0
0
0
0
0
0
0
0
0
0
0
-1
0
0
0
0
0
0
0
0
0
-1
0
1
0
0
0
0
0
0
0
-1
1
0
0
0
1
0
1
0
0
0
0
0
0
0
-1
0
1
0
0
0
1
0
0
0
0
-1
1
1
0
1
2
1
1
1
1
1
1
1
1
0
1
1
1
1
2
2
2
2
1
0
0
-1
-1
1
1
1
2
1
0
-1
0
-1
1
0
1
0
0
0
0
1
-1
0
0
0
0
0
0
0
0
0
0
0
0
0
0
-1
0
0
0
0
1
0
0
0
0
0
0
0
0
-1
0
0
0
-1
0
0
1
0
-1
0
0
0
0
1
1
1
0
0
-1
0
0
-1
0
0
0
0
-1
0
0
0
0
0
0
1
0
0
0
0
0
1
0
0
0
0
0
0
0
-1
1
-1
0
-1
0
0
0
0
-1
0
0
0
0
0
0
0
0
0
1
0
0
0
0
0
0
0
0
0
0
0
0
0
0
-1
0
0
0
1
0
0
0
0
-1
0
-1
0
1
0
0
1
0
0
0
0
0
0
0
0
0
0
1
-1
0
-1
0
0
-1
0
0
0
0
-1
0
0
0
0
0
1
0
0
0
0
0
0
0
-1
0
0
0
0
0
0
-1
0
0
0
0
0
0
-1
0
-1
0
0
0
0
1
0
0
0
0
0
0
0
0
0
0
0
0
1
0
0
0
0
1
0
-1
0
1
0
0
0
0
0
0
0
-1
-1
0
0
0
1
0
-1
0
0
-1
0
0
0
-1
0
0
1
0
0
0
0
0
0
1
0
0
0
0
1
0
0
0
2
2
0
0
0
-1
-1
0
1
1
2
1
1
0
0
-1
-2
-1
-2
0
0
-1
-2
0
0
0
0
0
0
0
0
0
0
0
1
0
1
0
0
0
0
0
-1
0
1
0
0
-1
0
-1
0
0
-1
0
0
0
0
0
0
0
0
0
0
0
0
0
0
0
0
0
0
0
0
0
0
0
0
0
0
0
0
0
0
0
0
0
-1
0
0
0
0
0
0
0
-1
0
0
0
0
0
0
0
0
0
0
0
0
0
0
0
0
0
0
0
0
0
0
1
-1
0
0
0
0
0
0
0
1
0
0
0
0
0
-1
0
0
0
0
0
0
0
0
0
0
-1
-1
-1
-1
0
-1
0
0
0
0
0
0
-1
-1
0
-1
0
0
0
-1
0
0
0
0
0
0
0
1
0
0
0
0
0
0
0
0
0
0
1
1
0
0
0
0
0
0
0
0
0
0
0
1
0
0
0
0
0
1
1
0
0
0
0
0
-1
0
0
0
0
0
0
1
0
0
1
0
0
0
1
0
0
1
0
1
1
0
0
0
0
0
0
0
0
0
0
1
0
1
1
-1
0
0
0
0
0
0
0
0
0
0
0
1
0
0
1
0
0
0
1
0
0
0
-1
0
0
0
0
0
0
0
0
0
0
1
0
0
0
-1
-1
0
0
0
0
0
0
0
0
0
0
-1
0
1
0
0
0
0
0
0
0
-1
0
2
1
1
1
1
0
1
0
0
1
1
1
1
2
1
1
2
2
2
1
0
0
1
1
0
2
0
1
1
1
0
0
0
0
0
0
0
0
0
0
0
0
0
0
0
0
0
1
1
1
1
0
-1
-2
-2
-3
0
0
1
0
0
0
-1
-1
-1
-1
0
1
0
1
1
1
0
1
1
0
-1
-2
-1
-1
-2
-3
-2
-2
-2
-1
-3
-3
-2
0
2
3
2
1
0
0
1
1
2
1
2
2
2
3
2
2
3
3
5
4
3
3
3
2
1
0
0
1
1
0
1
0
1
2
3
4
3
5
5
5
5
4
4
2
1
0
-1
-2
-3
-3
-3
-5
-3
-3
-3
-3
-3
-2
-2
-1
-1
1
0
-1
1
2
3
4
6
7
8
8
8
7
6
4
1
-1
-3
-6
-7
-8
-9
-11
-10
-11
-12
-13
-12
-11
-9
-7
-6
-4
-3
-1
1
4
5
6
6
6
3
1
-1
-1
-3
-4
-7
-9
-11
-13
-13
-14
-15
-11
-8
-4
0
2
3
4
6
7
8
7
6
6
8
8
9
11
14
18
21
23
22
21
19
13
6
1
-2
-7
-14
-21
-24
-25
-21
-17
-13
-9
-4
5
15
21
24
28
34
38
35
26
18
9
5
1
-2
-7
-13
-17
-17
-14
-14
-11
-5
0
9
13
15
16
17
18
19
17
15
13
9
3
-2
-8
-10
-9
-8
-7
-8
-12
-12
-12
-9
-7
-5
-4
-5
-5
-5
-4
-3
-2
-3
-7
-13
-19
-22
-24
-28
-29
-23
-13
-5
-5
-8
-9
-7
-1
3
5
6
10
15
17
14
9
6
6
10
10
7
1
-4
-5
-11
-20
-37
-50
-54
-50
-42
-38
-42
-46
-36
-6
22
40
55
94
161
221
223
164
89
49
47
45
4
-64
-117
-128
-120
-132
-163
-179
-144
-71
-3
30
29
19
25
53
84
104
106
100
98
93
74
39
4
-15
-14
-10
-16
-40
-59
-57
-35
-17
-21
-45
-63
-63
-40
-10
17
30
32
29
28
29
25
16
7
6
13
8
-13
-41
-58
-57
-46
-36
-35
-40
-43
-38
-35
-32
-32
-27
-16
-2
10
19
26
30
32
31
25
19
14
12
13
15
17
11
5
-3
-10
-13
-15
-14
-12
-9
-6
-3
-1
2
8
14
17
18
15
14
15
18
22
24
26
32
41
53
62
68
70
66
63
66
73
85
100
116
122
117
104
91
82
80
85
93
92
92
91
96
98
94
80
67
57
53
59
82
108
130
143
141
115
57
-14
-58
-55
-28
-6
4
-3
-35
-85
-133
-169
-206
-248
-285
-321
-374
-437
-476
-495
-521
-569
-647
-739
-821
-886
-955
-1016
-1020
-937
-784
-598
-407
-224
-42
151
347
517
620
656
670
730
868
1055
1225
1322
1328
1265
1152
995
779
515
245
23
-122
-197
-241
-296
-373
-466
-558
-641
-732
-834
-927
-963
-900
-732
-487
-209
69
328
543
699
788
832
865
917
985
1074
1183
1310
1446
1563
1623
1595
1477
1299
1107
913
694
436
167
-46
-107
16
229
317
157
-183
-512
-722
-859
-992
-1093
-1089
-956
-758
-618
-604
-642
-688
-838
-1092
-1355
-1698
-2231
-2765
-3078
-3340
-3736
-4115
-4422
-4856
-5139
-4470
-2829
-1438
-1066
-811
328
1724
2359
2569
3097
3563
3346
2977
3368
4390
5128
5160
4875
4658
4434
4027
3349
2372
1326
502
-327
-1380
-1992
-1666
-1275
-1718
-2411
-2467
-2244
-2491
-3053
-3432
-3643
-3835
-3786
-3260
-2401
-1586
-1086
-856
-581
-121
278
362
269
352
816
1655
2699
3699
4456
4925
5197
5338
5282
4945
4331
3532
2707
2052
1639
1334
1014
760
664
566
233
-299
-820
-1301
-1840
-2375
-2700
-2772
-2745
-2667
-2405
-1957
-1563
-1345
-1155
-882
-626
-507
-534
-542
-314
60
291
432
743
1076
1113
942
682
40
-1147
-2427
-3365
-4107
-4933
-5834
-6767
-7557
-7366
-5548
-3177
-2050
-1965
-1096
790
2000
2016
2136
2693
2471
1424
1239
2610
4190
4807
4835
5001
5310
5410
5034
4088
2841
1736
816
-146
-854
-753
-183
-128
-637
-744
-212
-9
-692
-1656
-2374
-3095
-3851
-4078
-3612
-2989
-2595
-2368
-2126
-1695
-1135
-928
-1331
-1803
-1694
-1126
-566
75
1245
2756
3845
4403
5064
5891
6183
5731
5049
4434
3810
3155
2573
2211
2130
2075
1785
1442
1309
1184
718
-61
-881
-1625
-2390
-3183
-3737
-3853
-3715
-3580
-3390
-2924
-2231
-1662
-1462
-1413
-1146
-742
-579
-642
-580
-269
150
574
948
1195
1201
781
-53
-923
-1598
-2447
-3786
-5214
-6278
-7019
-7219
-6154
-4079
-2571
-2158
-1279
932
2856
3126
2789
2998
3029
2175
1416
1890
3134
3863
3872
4104
4908
5511
5448
4977
4157
2946
1664
406
-843
-1553
-1531
-1562
-1950
-1904
-1137
-427
-287
-447
-717
-1324
-2298
-3120
-3363
-3277
-3298
-3339
-3056
-2437
-1725
-1059
-577
-442
-491
-370
-125
26
266
808
1409
1952
2766
3930
5026
5702
5903
5754
5412
4902
4168
3314
2516
1765
1033
540
482
655
661
384
50
-203
-540
-1138
-1917
-2694
-3384
-3907
-4093
-3888
-3433
-2848
-2146
-1389
-680
-75
316
388
275
163
53
-61
-96
-63
11
185
301
41
-581
-1241
-1897
-2793
-3936
-5130
-6355
-7429
-7616
-6529
-5118
-4353
-3446
-1209
1473
2811
3047
3641
4340
3820
2519
2151
2791
3017
2594
2679
3562
4368
4741
4985
4997
4509
3696
2677
1405
299
-279
-880
-1901
-2542
-2088
-1252
-976
-945
-527
-177
-605
-1409
-1808
-2000
-2618
-3503
-4039
-4031
-3688
-3295
-2992
-2568
-1816
-982
-325
321
1015
1525
1782
1976
2327
2868
3348
3629
4003
4587
5031
5224
5330
5232
4870
4475
3956
3137
2319
1667
895
33
-550
-876
-1235
-1693
-2107
-2350
-2475
-2706
-3067
-3332
-3449
-3527
-3491
-3252
-2896
-2459
-1977
-1582
-1201
-615
-16
204
255
612
1045
1031
803
836
732
-31
-968
-1507
-2111
-3204
-4242
-4897
-5630
-6244
-5773
-4456
-3617
-3207
-1810
512
2019
2257
2621
3578
3883
3068
2374
2570
2901
2737
2558
2804
3179
3475
3822
4021
3813
3465
3080
2231
1063
359
56
-641
-1603
-1969
-1703
-1462
-1338
-1035
-702
-726
-1077
-1419
-1592
-1747
-2162
-2852
-3445
-3619
-3482
-3217
-2795
-2205
-1573
-944
-246
613
1514
2112
2310
2480
2829
3157
3419
3819
4256
4427
4398
4467
4692
4846
4688
4173
3535
3001
2478
1755
940
269
-368
-1197
-1992
-2340
-2361
-2553
-3017
-3374
-3408
-3327
-3327
-3326
-3218
-3082
-2993
-2865
-2592
-2183
-1698
-1228
-867
-537
-29
602
1027
1187
1354
1457
1049
178
-594
-1184
-2044
-3128
-3988
-4672
-5347
-5467
-4685
-3822
-3508
-2867
-1103
826
1702
1993
2686
3367
3147
2451
2290
2537
2363
1805
1640
2076
2654
3053
3302
3398
3372
3327
3130
2560
1812
1214
570
-386
-1213
-1368
-1180
-1273
-1494
-1361
-999
-846
-920
-1011
-1140
-1459
-1986
-2567
-2964
-3066
-3065
-3168
-3169
-2727
-1938
-1142
-389
448
1241
1782
2180
2674
3205
3519
3617
3737
3919
4012
4059
4209
4333
4220
3969
3749
3507
3126
2590
1943
1263
571
-192
-982
-1647
-2185
-2697
-3148
-3401
-3433
-3336
-3192
-2972
-2674
-2441
-2318
-2127
-1901
-1872
-1856
-1524
-1115
-969
-814
-332
233
591
846
1070
1006
492
-201
-809
-1500
-2442
-3406
-4273
-5155
-5652
-5200
-4289
-3820
-3387
-1976
-2
1247
1773
2581
3615
3823
3187
2801
2966
2860
2215
1745
1834
2088
2237
2404
2645
2901
3164
3270
3009
2550
2192
1706
758
-271
-785
-1011
-1536
-2172
-2286
-1947
-1763
-1821
-1680
-1270
-1044
-1252
-1664
-1995
-2204
-2424
-2740
-3007
-2967
-2613
-2146
-1514
-501
706
1670
2348
3048
3831
4425
4635
4567
4423
4235
3958
3654
3423
3224
2981
2737
2588
2529
2431
2155
1695
1127
466
-292
-1039
-1672
-2300
-3037
-3701
-4015
-3988
-3838
-3610
-3236
-2778
-2312
-1796
-1267
-907
-698
-463
-283
-343
-428
-196
141
164
17
88
195
-120
-715
-1106
-1357
-1932
-2786
-3493
-4021
-4541
-4785
-4540
-4223
-4048
-3408
-1950
-420
477
1180
2248
3232
3535
3533
3822
4077
3713
3015
2619
2513
2315
2003
1796
1744
1853
2123
2316
2215
2000
1885
1652
1066
378
-145
-717
-1484
-2080
-2266
-2368
-2615
-2734
-2499
-2115
-1837
-1678
-1554
-1401
-1259
-1258
-1420
-1554
-1498
-1324
-1104
-728
-100
615
1221
1810
2568
3334
3828
4102
4374
4532
4346
3995
3799
3650
3255
2735
2383
2164
1882
1551
1246
880
361
-242
-793
-1263
-1742
-2308
-2892
-3339
-3543
-3529
-3395
-3200
-2914
-2574
-2241
-1865
-1406
-1005
-777
-573
-247
103
369
620
850
922
888
947
976
611
-150
-898
-1473
-2064
-2713
-3320
-3965
-4601
-4828
-4524
-4163
-3976
-3473
-2322
-1028
-177
476
1440
2483
2971
2973
3113
3441
3412
2961
2619
2591
2515
2196
1920
1945
2165
2334
2344
2286
2310
2362
2117
1450
717
267
-90
-677
-1373
-1866
-2192
-2554
-2871
-2879
-2586
-2330
-2301
-2250
-1895
-1450
-1304
-1433
-1499
-1384
-1220
-1031
-699
-238
214
655
1262
2068
2844
3429
3920
4401
4751
4865
4798
4626
4314
3831
3265
2766
2387
2012
1502
905
402
-6
-496
-1063
-1502
-1817
-2237
-2723
-2987
-3037
-3138
-3266
-3230
-3100
-3009
-2846
-2493
-2116
-1836
-1518
-1054
-563
-146
277
741
1068
1114
1022
989
892
446
-289
-972
-1503
-2062
-2672
-3184
-3616
-4018
-4212
-4072
-3773
-3445
-2856
-1853
-774
-18
576
1370
2192
2597
2668
2813
3019
2959
2680
2523
2518
2380
2040
1791
1836
2005
2047
1936
1791
1705
1681
1568
1231
799
431
28
-489
-916
-1151
-1412
-1808
-2132
-2205
-2114
-2025
-1938
-1766
-1567
-1454
-1370
-1220
-1057
-929
-769
-559
-316
-3
363
726
1136
1605
2031
2404
2840
3277
3523
3619
3751
3892
3853
3616
3321
3022
2652
2171
1622
1072
545
10
-523
-991
-1385
-1775
-2134
-2360
-2446
-2481
-2497
-2452
-2362
-2282
-2186
-1994
-1731
-1532
-1442
-1348
-1140
-859
-608
-388
-128
183
494
774
1024
1164
1027
529
-162
-801
-1387
-2109
-2947
-3669
-4179
-4538
-4687
-4519
-4119
-3572
-2774
-1686
-575
323
1102
1882
2512
2859
3019
3086
2988
2770
2606
2508
2310
1999
1751
1702
1841
2038
2150
2138
2109
2135
2119
1898
1457
946
467
-39
-611
-1114
-1455
-1761
-2133
-2417
-2456
-2344
-2243
-2116
-1893
-1673
-1531
-1380
-1154
-933
-744
-540
-352
-184
92
486
833
1097
1435
1884
2337
2748
3129
3481
3771
3918
3897
3776
3577
3236
2764
2245
1719
1170
577
-15
-502
-880
-1297
-1758
-2051
-2103
-2128
-2238
-2284
-2177
-2052
-2016
-1988
-1868
-1707
-1617
-1592
-1514
-1289
-972
-711
-543
-315
69
487
769
951
1089
1048
675
104
-421
-920
-1617
-2484
-3180
-3569
-3879
-4204
-4307
-4083
-3716
-3213
-2331
-1158
-158
493
1102
1870
2543
2869
2926
2906
2837
2674
2455
2233
1980
1684
1455
1421
1543
1675
1740
1780
1846
1913
1877
1679
1375
1038
623
109
-379
-746
-1103
-1563
-2008
-2244
-2278
-2249
-2218
-2141
-1994
-1804
-1599
-1373
-1107
-815
-544
-312
-61
275
623
838
935
1111
1441
1768
2001
2250
2573
2879
3111
3311
3475
3518
3405
3166
2837
2443
1982
1422
759
78
-552
-1118
-1588
-1891
-2025
-2102
-2164
-2097
-1837
-1547
-1395
-1320
-1156
-959
-923
-1016
-1033
-983
-1056
-1195
-1140
-877
-610
-401
-147
172
434
501
313
-11
-314
-677
-1297
-2071
-2697
-3145
-3628
-4113
-4332
-4241
-4023
-3595
-2715
-1544
-554
197
1082
2162
3006
3370
3485
3550
3453
3130
2743
2374
1913
1374
997
915
1001
1088
1151
1257
1449
1694
1864
1841
1652
1385
1032
572
96
-342
-842
-1439
-1951
-2205
-2288
-2364
-2413
-2325
-2113
-1863
-1584
-1255
-923
-651
-420
-154
154
438
636
757
878
1044
1221
1358
1512
1769
2086
2335
2539
2847
3220
3410
3328
3159
3016
2742
2212
1539
860
182
-491
-1096
-1590
-1968
-2227
-2390
-2457
-2359
-2087
-1805
-1627
-1424
-1102
-826
-733
-694
-597
-591
-777
-976
-985
-877
-808
-729
-503
-179
84
262
424
509
369
19
-410
-872
-1416
-2034
-2664
-3271
-3773
-4043
-4061
-3898
-3529
-2838
-1867
-887
-45
814
1791
2632
3067
3229
3376
3427
3190
2754
2328
1923
1481
1067
807
735
757
794
878
1066
1326
1557
1664
1628
1538
1430
1179
724
199
-312
-887
-1497
-1983
-2291
-2490
-2617
-2616
-2442
-2119
-1734
-1342
-945
-575
-235
103
408
620
762
859
890
887
934
1035
1140
1254
1426
1697
2070
2450
2743
2952
3097
3152
3104
2947
2645
2185
1611
967
295
-342
-937
-1516
-2020
-2323
-2382
-2293
-2143
-1917
-1588
-1222
-905
-648
-444
-372
-481
-675
-827
-953
-1139
-1334
-1376
-1215
-945
-644
-308
40
321
449
378
138
-191
-599
-1143
-1797
-2432
-2983
-3464
-3828
-3987
-3920
-3618
-3017
-2187
-1332
-500
446
1479
2318
2821
3136
3381
3477
3347
3053
2658
2166
1622
1151
833
661
592
610
709
889
1157
1482
1724
1765
1668
1553
1377
1006
477
-89
-689
-1345
-1932
-2330
-2569
-2747
-2838
-2744
-2436
-2014
-1593
-1187
-740
-253
187
534
832
1075
1208
1240
1254
1284
1298
1271
1270
1368
1549
1735
1924
2172
2451
2654
2739
2759
2732
2575
2223
1731
1189
612
-22
-664
-1238
-1714
-2072
-2286
-2352
-2287
-2105
-1830
-1524
-1231
-929
-647
-466
-381
-328
-342
-510
-763
-934
-1001
-1070
-1142
-1091
-883
-612
-373
-186
-71
-61
-147
-327
-652
-1099
-1587
-2117
-2713
-3244
-3559
-3700
-3736
-3548
-3008
-2235
-1452
-685
200
1168
1992
2562
2990
3350
3536
3481
3277
3007
2636
2132
1620
1270
1085
937
790
757
897
1114
1292
1422
1545
1644
1616
1417
1130
797
319
-341
-1014
-1531
-1930
-2314
-2636
-2774
-2734
-2607
-2405
-2071
-1620
-1158
-732
-298
156
548
815
995
1127
1203
1222
1210
1189
1194
1262
1388
1564
1805
2096
2376
2623
2815
2899
2854
2685
2389
1972
1475
903
222
-499
-1113
-1590
-2008
-2346
-2477
-2385
-2188
-1932
-1575
-1171
-862
-656
-451
-256
-186
-270
-414
-561
-718
-848
-896
-867
-787
-667
-503
-292
-60
92
84
-42
-205
-441
-829
-1340
-1883
-2431
-2986
-3457
-3724
-3799
-3731
-3422
-2775
-1946
-1142
-324
623
1568
2290
2787
3168
3425
3458
3283
3012
2680
2247
1749
1313
1012
815
678
608
648
808
1018
1190
1327
1457
1544
1497
1305
1018
658
176
-417
-1010
-1495
-1883
-2241
-2539
-2665
-2578
-2351
-2069
-1723
-1288
-803
-357
30
392
712
928
1035
1096
1170
1245
1263
1220
1212
1302
1443
1597
1793
2039
2260
2417
2519
2571
2521
2323
1992
1585
1127
619
61
-519
-1090
-1591
-1970
-2215
-2336
-2333
-2206
-1992
-1717
-1396
-1065
-784
-566
-393
-272
-227
-267
-374
-520
-683
-813
-860
-812
-695
-550
-386
-204
-66
-51
-159
-343
-606
-992
-1477
-1974
-2459
-2948
-3378
-3648
-3720
-3620
-3322
-2802
-2118
-1355
-530
347
1199
1943
2556
3044
3384
3555
3558
3407
3111
2705
2261
1870
1559
1276
1016
851
834
911
1009
1122
1253
1353
1390
1365
1259
1023
645
166
-362
-901
-1400
-1836
-2207
-2490
-2610
-2536
-2332
-2060
-1704
-1271
-810
-371
36
401
706
932
1075
1148
1186
1222
1245
1245
1252
1319
1467
1653
1837
2019
2209
2381
2473
2462
2368
2195
1905
1482
978
452
-100
-681
-1237
-1690
-2035
-2278
-2394
-2363
-2217
-2003
-1738
-1420
-1098
-835
-647
-505
-378
-272
-240
-291
-365
-405
-407
-392
-350
-271
-176
-93
-20
37
16
-126
-363
-645
-966
-1362
-1817
-2295
-2757
-3166
-3469
-3625
-3618
-3435
-3048
-2482
-1800
-1048
-224
641
1452
2135
2696
3152
3464
3588
3549
3393
3120
2737
2324
1972
1681
1399
1151
1003
959
979
1031
1092
1132
1139
1112
1024
839
565
219
-208
-697
-1174
-1584
-1944
-2268
-2495
-2571
-2517
-2366
-2118
-1781
-1392
-978
-552
-127
272
625
919
1149
1328
1469
1583
1659
1698
1722
1761
1823
1888
1950
2017
2060
2048
2003
1952
1850
1640
1365
1075
740
307
-189
-676
-1135
-1574
-1955
-2208
-2320
-2338
-2269
-2085
-1801
-1476
-1156
-855
-575
-324
-142
-63
-73
-129
-205
-285
-355
-396
-385
-323
-226
-125
-41
-3
-42
-166
-355
-595
-906
-1318
-1808
-2314
-2781
-3195
-3526
-3714
-3727
-3551
-3161
-2562
-1828
-1040
-199
690
1538
2254
2834
3277
3541
3605
3514
3316
3010
2610
2192
1838
1559
1332
1180
1121
1126
1171
1258
1350
1383
1357
1300
1168
910
560
174
-252
-732
-1211
-1614
-1931
-2205
-2411
-2488
-2437
-2305
-2106
-1835
-1492
-1089
-665
-258
130
507
835
1089
1302
1495
1622
1672
1696
1752
1818
1850
1863
1902
1960
1991
1985
1969
1929
1818
1621
1378
1105
772
367
-77
-517
-940
-1342
-1697
-1975
-2166
-2253
-2232
-2110
-1906
-1637
-1325
-1011
-723
-463
-242
-103
-74
-121
-193
-281
-390
-492
-539
-517
-455
-353
-200
-44
45
50
-18
-176
-443
-811
-1270
-1793
-2319
-2791
-3190
-3487
-3634
-3580
-3327
-2898
-2305
-1561
-736
84
881
1663
2355
2872
3221
3446
3528
3438
3211
2913
2562
2159
1757
1434
1199
1013
872
829
889
991
1077
1155
1233
1268
1214
1070
852
545
137
-335
-806
-1243
-1644
-1998
-2264
-2391
-2361
-2213
-1991
-1694
-1304
-851
-401
15
401
735
986
1147
1236
1274
1259
1198
1117
1053
1027
1028
1048
1097
1190
1313
1434
1530
1590
1598
1536
1390
1158
848
472
44
-410
-859
-1263
-1597
-1848
-2008
-2065
-1996
-1823
-1586
-1317
-1033
-754
-513
-333
-223
-186
-208
-268
-346
-425
-479
-491
-462
-401
-303
-181
-67
-1
1
-55
-181
-398
-696
-1046
-1428
-1840
-2261
-2640
-2935
-3131
-3215
-3147
-2900
-2477
-1915
-1241
-483
319
1111
1846
2481
2981
3324
3505
3526
3397
3146
2800
2393
1971
1581
1259
1009
835
740
724
770
853
948
1031
1076
1068
998
849
615
305
-66
-479
-900
-1297
-1644
-1933
-2144
-2254
-2246
-2130
-1928
-1649
-1300
-911
-516
-127
232
543
778
945
1059
1130
1168
1183
1195
1222
1272
1343
1441
1558
1668
1756
1820
1856
1841
1762
1611
1391
1111
785
419
22
-390
-798
-1178
-1503
-1765
-1962
-2091
-2133
-2079
-1939
-1740
-1496
-1226
-964
-733
-538
-378
-272
-229
-229
-238
-242
-244
-236
-196
-118
-23
71
152
208
207
122
-45
-279
-579
-947
-1366
-1794
-2191
-2537
-2811
-2980
-3008
-2885
-2619
-2212
-1672
-1027
-328
385
1085
1741
2306
2740
3033
3189
3210
3092
2859
2550
2209
1860
1533
1258
1063
943
887
890
946
1034
1115
1161
1163
1112
989
780
498
163
-205
-595
-976
-1312
-1586
-1795
-1939
-2000
-1968
-1855
-1688
-1474
-1213
-927
-643
-375
-121
109
298
448
585
716
831
931
1033
1148
1268
1382
1497
1608
1702
1761
1784
1768
1708
1581
1390
1149
878
575
240
-112
-453
-774
-1077
-1353
-1579
-1754
-1879
-1951
-1954
-1892
-1782
-1640
-1462
-1255
-1038
-830
-630
-444
-285
-152
-40
55
128
184
233
287
341
385
414
417
384
298
152
-55
-326
-653
-1024
-1413
-1796
-2147
-2441
-2654
-2759
-2742
-2591
-2312
-1915
-1412
-837
-218
406
1003
1546
2008
2367
2615
2746
2770
2696
2539
2318
2064
1800
1550
1331
1159
1042
977
958
971
1005
1038
1049
1025
957
836
659
424
139
-176
-498
-815
-1110
-1366
-1568
-1707
-1791
-1809
-1763
-1664
-1526
-1353
-1146
-908
-662
-414
-167
78
311
523
717
894
1048
1180
1294
1396
1484
1553
1607
1646
1667
1660
1619
1540
1420
1251
1036
777
488
175
-150
-474
-780
-1060
-1307
-1518
-1680
-1796
-1863
-1882
-1851
-1772
-1651
-1489
-1296
-1073
-837
-595
-361
-142
51
210
336
427
488
516
514
493
462
424
375
313
229
116
-34
-225
-459
-731
-1040
-1373
-1702
-2009
-2271
-2465
-2565
-2550
-2413
-2153
-1773
-1293
-737
-139
468
1057
1592
2045
2395
2628
2741
2734
2624
2430
2175
1884
1593
1326
1104
940
841
808
833
896
980
1064
1127
1144
1096
970
773
502
171
-199
-582
-947
-1276
-1548
-1748
-1859
-1884
-1831
-1710
-1528
-1296
-1038
-776
-517
-270
-44
146
301
431
541
630
699
760
821
880
933
985
1042
1100
1150
1188
1212
1216
1187
1115
996
835
627
371
75
-239
-560
-879
-1181
-1442
-1643
-1773
-1834
-1821
-1724
-1551
-1325
-1068
-791
-505
-232
-2
179
318
412
452
440
403
358
302
246
211
203
214
233
252
259
237
162
24
-179
-447
-777
-1156
-1559
-1952
-2309
-2603
-2799
-2870
-2802
-2590
-2242
-1769
-1195
-557
102
748
1350
1867
2275
2558
2711
2745
2665
2491
2249
1976
1693
1426
1192
1015
903
850
848
888
959
1035
1093
1121
1108
1038
902
701
448
154
-170
-505
-826
-1109
-1344
-1520
-1631
-1670
-1642
-1559
-1439
-1284
-1105
-919
-743
-578
-426
-285
-163
-52
58
175
299
430
570
724
882
1032
1168
1289
1387
1446
1458
1425
1345
1211
1025
796
538
256
-43
-339
-618
-867
-1082
-1251
-1365
-1425
-1432
-1391
-1308
-1190
-1046
-890
-729
-568
-417
-279
-158
-58
26
99
162
218
272
329
385
442
494
545
585
606
597
554
468
328
134
-115
-410
-742
-1098
-1456
-1791
-2085
-2315
-2462
-2513
-2457
-2291
-2021
-1656
-1215
-721
-201
315
802
1234
1594
1870
2055
2147
2157
2090
1965
1803
1622
1444
1287
1164
1084
1050
1056
1096
1154
1214
1264
1286
1267
1202
1084
912
690
427
133
-178
-489
-783
-1047
-1271
-1442
-1561
-1622
-1631
-1594
-1513
-1402
-1266
-1114
-954
-790
-625
-468
-318
-175
-38
94
225
356
486
612
734
848
950
1040
1106
1145
1153
1126
1064
966
834
669
477
268
52
-161
-364
-549
-711
-841
-935
-989
-1006
-987
-937
-859
-758
-640
-512
-381
-255
-138
-35
50
115
161
192
208
216
222
231
248
271
304
342
377
398
396
358
273
134
-65
-321
-628
-970
-1329
-1683
-2006
-2271
-2458
-2545
-2516
-2369
-2106
-1737
-1284
-771
-229
310
815
1259
1617
1879
2037
2094
2063
1960
1806
1624
1439
1271
1137
1051
1014
1028
1084
1170
1268
1359
1427
1452
1424
1334
1179
959
684
369
26
-324
-662
-969
-1233
-1438
-1579
-1656
-1666
-1624
-1537
-1419
-1280
-1134
-992
-863
-748
-650
-565
-488
-414
-333
-240
-130
-3
146
309
483
660
830
984
1112
1210
1268
1282
1253
1179
1064
912
731
529
315
104
-96
-275
-426
-545
-627
-677
-695
-688
-659
-617
-569
-519
-474
-437
-409
-388
-372
-358
-341
-316
-278
-225
-154
-65
38
152
272
388
492
574
626
639
605
524
392
209
-16
-278
-563
-857
-1146
-1410
-1637
-1812
-1923
-1961
-1922
-1808
-1621
-1372
-1071
-735
-384
-33
302
605
868
1081
1239
1342
1394
1403
1376
1325
1258
1193
1141
1108
1100
1115
1151
1202
1264
1322
1366
1382
1361
1296
1181
1023
820
584
322
51
-218
-474
-704
-903
-1065
-1187
-1271
-1319
-1338
-1333
-1312
-1277
-1236
-1190
-1136
-1076
-1008
-927
-831
-715
-583
-430
-264
-85
98
285
465
635
791
927
1042
1135
1204
1246
1264
1255
1219
1154
1061
940
792
618
424
216
-1
-219
-426
-615
-777
-905
-993
-1039
-1040
-1000
-925
-821
-699
-570
-442
-322
-217
-129
-60
-7
33
71
111
160
223
299
389
486
580
658
711
724
688
592
433
214
-64
-388
-742
-1104
-1457
-1772
-2029
-2213
-2304
-2300
-2198
-2001
-1722
-1378
-989
-582
-180
196
527
799
1008
1148
1229
1255
1238
1200
1153
1117
1106
1130
1193
1294
1427
1583
1746
1897
2020
2093
2100
2034
1886
1660
1360
1003
604
187
-231
-627
-983
-1286
-1527
-1701
-1810
-1857
-1851
-1805
-1730
-1638
-1538
-1441
-1348
-1261
-1180
-1098
-1009
-909
-789
-641
-462
-247
0
276
570
873
1170
1450
1697
1893
2030
2097
2087
2000
1836
1605
1316
987
632
269
-83
-409
-694
-927
-1099
-1213
-1267
-1269
-1232
-1165
-1080
-987
-899
-815
-742
-677
-620
-562
-498
-421
-324
-204
-59
113
305
517
735
948
1143
1306
1425
1484
1475
1388
1220
973
656
280
-139
-582
-1027
-1454
-1841
-2172
-2428
-2598
-2672
-2650
-2540
-2348
-2083
-1757
-1382
-979
-565
-165
209
543
835
1080
1275
1424
1534
1614
1677
1737
1794
1860
1928
1995
2055
2099
2114
2084
2002
1859
1659
1401
1096
756
399
38
-308
-625
-904
-1129
-1300
-1418
-1489
-1520
-1521
-1500
-1464
-1421
-1375
-1327
-1277
-1219
-1143
-1048
-928
-780
-605
-404
-184
49
285
512
719
897
1043
1146
1209
1231
1216
1166
1088
986
869
739
606
472
340
216
100
-5
-100
-182
-253
-312
-359
-396
-423
-439
-444
-438
-420
-393
-358
-316
-267
-213
-156
-99
-41
15
70
124
179
236
290
342
391
430
458
470
461
428
367
275
150
-9
-198
-417
-659
-919
-1187
-1455
-1712
-1944
-2140
-2287
-2371
-2382
-2313
-2160
-1925
-1614
-1236
-805
-338
140
609
1046
1433
1756
2004
2174
2265
2284
2241
2151
2028
1889
1742
1602
1475
1364
1266
1175
1087
994
886
762
614
440
242
29
-197
-424
-644
-847
-1022
-1166
-1271
-1335
-1359
-1345
-1295
-1215
-1110
-987
-852
-709
-567
-431
-305
-191
-92
-8
64
122
171
211
248
284
321
362
405
450
494
536
571
596
610
609
588
549
489
412
324
223
120
14
-87
-178
-257
-317
-355
-370
-365
-338
-294
-242
-180
-117
-61
-17
12
26
27
20
10
-2
-7
0
29
77
143
224
313
403
485
544
575
566
514
415
266
65
-184
-466
-772
-1087
-1396
-1683
-1934
-2132
-2264
-2322
-2299
-2190
-2003
-1743
-1421
-1054
-657
-250
151
528
868
1158
1393
1570
1689
1757
1781
1770
1736
1689
1634
1580
1527
1473
1420
1357
1282
1189
1070
929
760
570
365
150
-65
-272
-464
-631
-770
-872
-940
-968
-965
-934
-881
-812
-736
-659
-588
-524
-474
-437
-415
-404
-399
-396
-388
-371
-338
-292
-230
-154
-68
26
121
215
301
376
439
487
518
534
536
526
503
470
428
381
330
278
234
192
162
141
130
128
132
138
145
144
136
114
82
38
-17
-76
-134
-185
-227
-251
-257
-240
-199
-136
-56
37
133
226
304
361
390
381
331
242
109
-61
-267
-499
-748
-1005
-1257
-1493
-1700
-1871
-1991
-2052
-2051
-1984
-1854
-1665
-1418
-1127
-804
-468
-126
205
519
806
1060
1275
1449
1584
1682
1747
1780
1785
1767
1727
1668
1591
1498
1392
1274
1144
1007
860
706
550
390
230
75
-73
-214
-341
-454
-549
-629
-688
-731
-752
-761
-756
-743
-722
-697
-673
-650
-628
-610
-589
-570
-548
-522
-486
-444
-393
-331
-260
-186
-103
-18
69
154
237
313
383
442
490
525
546
553
546
526
495
454
407
356
304
254
209
169
136
104
78
52
25
-1
-32
-65
-98
-129
-155
-173
-178
-170
-146
-109
-58
4
72
143
209
268
310
330
324
288
219
115
-21
-185
-376
-583
-802
-1018
-1227
-1417
-1574
-1692
-1763
-1781
-1746
-1656
-1513
-1324
-1098
-838
-558
-266
26
309
574
815
1028
1207
1351
1462
1535
1577
1588
1572
1533
1478
1404
1318
1223
1117
1006
890
770
649
527
402
277
155
35
-79
-184
-277
-354
-417
-459
-487
-497
-496
-485
-466
-449
-430
-417
-412
-415
-425
-442
-466
-490
-507
-524
-529
-522
-502
-463
-407
-334
-247
-148
-41
70
179
281
370
446
502
537
551
549
530
501
464
422
386
352
323
299
277
257
235
207
172
126
72
6
-64
-136
-207
-267
-312
-339
-341
-323
-278
-215
-136
-49
37
118
178
215
221
193
127
24
-112
-276
-462
-655
-850
-1029
-1188
-1313
-1397
-1438
-1430
-1377
-1281
-1150
-991
-812
-623
-432
-244
-69
92
239
367
484
587
682
770
851
928
1001
1068
1127
1174
1206
1221
1215
1186
1134
1062
968
858
738
614
492
379
276
193
127
80
51
33
24
19
8
-10
-41
-88
-151
-231
-322
-421
-521
-617
-701
-766
-807
-826
-817
-781
-721
-639
-541
-430
-313
-195
-83
20
114
192
257
307
343
367
380
384
385
380
374
368
359
348
332
309
277
233
175
105
22
-71
-166
-261
-348
-416
-464
-485
-477
-441
-377
-293
-192
-83
24
123
205
265
297
302
276
223
143
42
-76
-205
-338
-471
-593
-701
-790
-854
-894
-903
-889
-849
-789
-713
-627
-533
-438
-343
-252
-166
-83
-3
75
153
230
309
388
465
541
611
675
728
771
801
818
823
818
801
779
751
722
690
658
627
597
569
541
510
476
438
394
341
280
209
131
45
-44
-138
-231
-322
-404
-474
-529
-565
-582
-578
-555
-514
-459
-393
-322
-248
-178
-114
-57
-11
28
57
81
101
117
133
150
166
180
190
196
196
185
160
122
69
3
-73
-159
-246
-329
-404
-466
-509
-530
-527
-502
-456
-390
-314
-231
-148
-70
0
57
100
125
137
133
118
95
69
39
12
-13
-35
-54
-72
-86
-103
-123
-145
-174
-207
-245
-289
-333
-374
-409
-433
-445
-439
-417
-376
-320
-249
-169
-83
1
80
152
211
257
290
310
320
323
323
324
330
343
367
402
447
500
561
620
675
724
758
775
772
745
697
627
540
440
331
222
115
18
-68
-140
-192
-230
-250
-259
-252
-242
-228
-212
-200
-191
-187
-187
-190
-193
-196
-195
-187
-172
-148
-115
-78
-35
4
39
63
76
73
54
19
-30
-91
-161
-232
-300
-360
-408
-440
-456
-455
-438
-409
-371
-327
-282
-239
-202
-172
-150
-139
-136
-141
-150
-162
-170
-174
-169
-156
-130
-93
-45
11
73
136
197
249
290
316
326
318
293
253
204
147
87
28
-24
-68
-102
-125
-137
-141
-140
-132
-125
-120
-117
-118
-123
-132
-142
-150
-156
-156
-146
-125
-95
-53
1
67
139
218
297
372
443
503
551
585
605
610
602
583
554
519
479
439
399
359
324
288
253
218
182
145
107
68
28
-10
-49
-85
-115
-141
-160
-171
-178
-177
-169
-158
-141
-125
-106
-91
-78
-72
-73
-81
-99
-123
-154
-188
-224
-260
-291
-318
-339
-351
-356
-354
-347
-337
-327
-317
-311
-305
-305
-306
-310
-315
-319
-320
-316
-308
-289
-263
-230
-190
-144
-95
-42
13
68
121
171
216
254
284
307
320
326
324
315
299
279
259
237
217
198
181
165
148
130
109
84
53
18
-24
-70
-119
-170
-217
-262
-297
-322
-333
-330
-313
-285
-243
-190
-129
-61
10
80
146
207
263
309
346
374
396
409
417
421
421
421
418
419
416
414
409
402
391
373
350
319
281
235
183
125
65
5
-52
-105
-150
-187
-215
-233
-244
-246
-243
-233
-222
-213
-204
-199
-198
-198
-204
-210
-217
-224
-229
-235
-239
-242
-243
-240
-236
-232
-227
-223
-219
-218
-218
-217
-219
-220
-223
-224
-225
-224
-220
-211
-200
-181
-159
-133
-104
-72
-40
-5
26
57
86
113
137
158
177
194
209
220
232
239
243
245
246
243
238
229
217
200
180
156
131
103
74
44
14
-17
-47
-74
-99
-119
-135
-146
-152
-154
-152
-145
-134
-119
-101
-78
-57
-30
-2
28
62
97
135
173
209
244
272
298
316
329
334
334
323
309
289
267
242
218
195
173
152
131
111
90
69
47
22
-5
-33
-65
-99
-128
-158
-181
-198
-208
-211
-207
-198
-184
-167
-148
-134
-121
-115
-115
-121
-135
-153
-175
-198
-220
-238
-251
-258
-256
-246
-231
-206
-179
-148
-119
-94
-74
-60
-55
-54
-61
-71
-84
-96
-104
-108
-106
-95
-76
-53
-23
9
44
78
108
137
160
175
184
191
192
188
185
177
172
166
162
156
150
144
139
129
119
107
92
75
58
39
22
4
-12
-28
-44
-56
-69
-79
-84
-87
-85
-79
-70
-56
-41
-20
4
27
52
76
96
114
127
139
146
149
151
149
145
141
137
133
130
126
124
122
115
108
95
78
59
35
9
-21
-51
-78
-104
-124
-138
-146
-146
-141
-128
-113
-95
-78
-64
-54
-50
-50
-59
-70
-86
-105
-124
-143
-159
-172
-179
-182
-179
-172
-160
-146
-129
-111
-95
-80
-68
-58
-49
-46
-43
-42
-41
-40
-40
-36
-31
-24
-15
-5
5
16
26
37
49
60
67
74
80
85
88
91
95
98
101
103
104
104
102
99
95
89
85
77
69
59
49
41
33
27
23
17
13
10
7
6
4
4
4
7
8
8
12
14
17
20
25
28
32
35
38
39
41
42
42
42
41
39
37
34
31
29
25
21
17
14
10
7
3
1
-2
-5
-8
-12
-15
-18
-20
-23
-24
-25
-25
-26
-26
-25
-24
-25
-26
-28
-29
-32
-36
-41
-47
-52
-58
-66
-72
-77
-82
-86
-89
-90
-91
-89
-88
-85
-81
-74
-67
-60
-50
-39
-30
-21
-13
-6
1
6
12
14
17
19
22
24
26
31
34
40
44
47
51
54
56
57
58
57
55
52
48
42
38
34
31
26
25
24
24
25
24
26
27
29
30
30
30
28
25
22
18
14
11
9
7
6
6
5
6
8
10
11
13
15
14
14
13
10
6
3
-1
-5
-9
-12
-15
-17
-19
-20
-20
-18
-17
-15
-14
-12
-12
-11
-10
-11
-11
-13
-15
-17
-20
-23
-26
-28
-30
-31
-31
-31
-32
-30
-31
-29
-29
-30
-30
-31
-32
-34
-36
-37
-40
-40
-43
-44
-44
-44
-42
-39
-36
-32
-26
-19
-16
-10
-5
-1
4
8
11
14
16
18
20
22
24
27
30
31
35
37
40
41
43
43
43
41
41
37
36
33
30
26
23
19
16
14
11
10
11
13
14
15
17
18
18
20
20
21
22
22
21
19
18
16
15
13
13
12
11
10
10
11
12
12
12
11
9
7
3
1
-2
-5
-10
-11
-13
-15
-16
-17
-17
-17
-16
-16
-16
-15
-15
-15
-15
-15
-16
-17
-20
-22
-25
-27
-28
-29
-29
-28
-27
-26
-24
-21
-18
-15
-13
-10
-11
-11
-13
-14
-15
-15
-16
-16
-17
-16
-16
-16
-13
-11
-9
-6
-4
-1
0
0
4
5
6
8
9
8
8
7
9
9
10
12
11
13
14
16
18
20
21
21
21
22
19
17
15
14
11
11
10
9
6
6
6
6
5
7
8
7
6
7
7
6
6
7
7
8
9
9
11
12
14
14
14
14
13
12
11
11
10
10
8
5
5
4
2
2
0
-1
-2
-4
-4
-6
-7
-9
-10
-12
-16
-15
-18
-18
-18
-17
-15
-15
-14
-14
-14
-13
-12
-13
-13
-14
-15
-16
-17
-17
-17
-16
-15
-14
-11
-12
-10
-8
-8
-8
-7
-7
-9
-10
-11
-11
-11
-9
-7
-5
-2
0
2
4
4
5
6
6
5
7
6
6
6
6
7
8
9
10
12
14
16
17
17
18
16
14
10
9
6
6
5
3
2
1
1
0
2
5
4
4
5
5
4
4
3
4
3
4
3
3
2
2
4
4
5
6
7
6
6
6
6
5
6
6
6
6
5
4
4
4
4
2
1
1
0
-2
-1
-2
-2
-3
-4
-4
-4
-5
-6
-6
-6
-5
-6
-6
-6
-6
-7
-7
-5
-7
-6
-6
-6
-7
-6
-7
-7
-7
-6
-5
-7
-6
-6
-7
-8
-7
-8
-10
-8
-8
-7
-5
-4
-4
0
-1
1
0
-1
0
1
2
2
2
1
2
5
6
8
9
12
12
10
10
9
9
8
7
6
5
5
5
4
4
5
4
3
3
1
1
0
-1
0
0
1
0
0
1
1
1
1
1
-1
-2
-3
-3
-3
-2
-1
-2
-2
-3
-3
-2
-3
-3
-1
0
0
0
-1
-3
-2
-2
-2
-2
-1
-2
-2
-1
-1
0
0
2
1
1
2
3
3
5
5
4
3
2
1
0
-1
1
0
0
1
1
0
1
1
-1
-1
0
-2
-2
-3
-4
-3
-4
-5
-5
-5
-6
-3
-3
-2
-2
-1
0
-1
0
0
-1
0
0
0
0
1
2
3
3
5
5
5
4
5
4
4
2
2
3
3
5
3
4
3
2
2
2
1
2
2
1
1
0
-1
-1
-1
-1
0
0
-1
-1
-1
0
0
1
0
1
0
1
1
0
1
0
-1
-1
-1
0
-1
-1
-2
-2
-2
-2
-2
-3
-3
-3
-2
0
0
0
1
-1
-1
1
-1
1
-1
-1
0
0
-1
0
0
1
1
2
1
3
2
5
4
5
4
2
1
1
-1
-1
-2
-2
-2
-2
-1
-1
0
0
0
1
0
-1
0
0
0
0
0
-1
-2
-2
-2
-3
-1
-1
0
1
1
1
1
2
2
1
1
1
1
0
-1
-1
-2
0
0
1
1
1
1
0
0
1
0
0
1
2
3
0
0
-2
-1
1
0
1
1
0
2
2
2
1
1
1
0
0
1
-1
-1
-2
-1
1
0
-1
0
0
0
1
2
0
-3
-2
-3
-2
-3
-2
-2
-3
-1
0
1
1
2
3
2
1
1
0
0
1
1
1
1
1
2
1
2
3
4
4
4
4
2
2
1
1
1
1
-1
-1
-1
-1
0
1
1
2
0
1
0
-1
0
-1
-1
-1
-1
-2
-2
-2
-1
-1
0
1
1
1
1
1
1
0
1
1
2
0
0
-2
1
0
1
1
1
1
0
0
0
0
0
-1
1
0
0
-1
0
0
0
1
0
-1
0
0
0
0
0
0
0
1
-1
0
-1
0
-1
-1
0
0
0
1
0
1
1
0
0
0
-1
-3
-2
0
0
1
1
1
1
1
-1
1
0
1
2
0
0
0
0
1
0
0
0
0
0
-1
-1
2
2
3
3
2
2
3
1
3
2
2
1
1
-1
0
0
1
0
1
1
1
0
0
0
-1
-1
-2
-1
-2
-2
-1
-1
0
0
0
1
2
1
1
-1
1
1
1
1
1
1
2
0
1
0
0
0
0
0
1
0
1
0
0
0
1
0
0
0
0
0
-1
0
0
0
0
0
0
0
0
0
-1
0
0
0
0
0
0
0
0
0
0
1
0
1
0
0
1
0
0
1
0
0
1
0
0
1
0
0
0
0
0
0
0
0
0
0
0
1
0
0
-1
0
0
-1
0
-1
0
0
1
1
0
0
0
-1
0
0
0
0
0
0
1
0
0
-1
0
0
0
0
-1
0
1
0
0
0
0
0
-1
0
0
0
0
0
0
0
1
0
0
0
0
0
-1
0
0
0
0
0
1
0
0
0
0
0
0
0
1
0
-1
0
-1
1
0
0
0
0
-1
0
-1
0
0
0
0
-1
1
0
0
0
1
0
-1
0
1
1
0
-1
0
0
0
0
0
0
0
0
-1
0
0
0
0
1
-1
0
0
-1
0
0
0
0
0
1
1
0
0
0
-1
-1
0
0
0
1
0
0
0
0
0
0
1
0
0
-1
0
0
1
0
0
0
0
0
1
0
0
-1
0
0
0
0
0
0
0
0
1
0
0
0
0
0
0
0
0
1
0
0
0
0
0
0
-1
0
0
0
0
1
0
0
1
0
0
0
1
-1
0
-1
0
0
0
1
0
0
0
0
0
0
1
0
0
0
0
0
0
0
0
0
-1
0
0
0
1
0
0
0
1
0
0
0
0
0
0
0
0
0
0
1
0
1
0
-1
0
0
-1
0
0
0
-1
0
0
0
-1
0
-1
1
-1
1
0
0
0
0
0
1
0
1
0
0
0
0
0
0
0
0
0
0
0
1
0
0
-1
0
0
0
0
0
0
0
0
0
0
-1
0
0
1
0
0
-1
0
0
0
0
0
0
0
0
-1
0
1
0
0
0
0
1
0
0
0
0
0
-1
0
0
-1
0
0
0
0
0
0
0
0
0
0
0
1
1
1
1
0
0
-1
1
0
0
0
0
0
0
0
0
0
0
0
0
1
0
0
1
0
1
0
0
1
0
0
0
0
1
0
0
-1
0
0
1
1
0
0
-1
0
-1
-1
0
0
0
1
1
0
-1
0
1
0
0
0
0
1
0
1
-1
0
1
0
0
0
-1
0
0
0
1
0
-1
0
-1
-1
0
0
1
0
0
0
1
1
0
0
1
1
-1
0
-1
0
0
0
1
0
0
0
0
-1
0
0
-1
0
0
-1
-1
1
0
0
0
0
-1
0
1
0
0
0
-1
1
0
1
0
1
-1
0
0
0
-1
0
0
0
0
0
0
0
0
0
0
0
0
0
0
0
0
0
1
0
0
0
0
1
0
0
0
0
0
0
0
0
0
0
0
0
0
0
0
0
0
0
0
0
1
0
0
0
0
-1
0
0
1
0
0
0
0
0
-1
0
0
0
0
0
0
-1
0
0
-1
0
0
0
-1
0
0
0
0
-1
0
0
0
0
0
0
0
0
0
0
0
0
0
0
0
-1
0
0
0
-1
0
-1
0
-1
0
0
0
0
1
0
0
0
0
-1
1
0
0
0
0
0
1
0
0
0
0
0
0
1
0
0
0
0
-1
0
-1
0
0
0
0
0
0
0
0
0
0
0
0
0
0
0
0
0
1
0
1
1
0
1
0
0
0
0
0
1
0
1
0
0
0
1
0
0
-1
0
0
1
0
-1
0
0
0
0
-1
-1
1
0
0
1
0
0
1
0
0
0
-1
1
0
0
0
0
0
0
-1
0
0
0
0
0
0
0
0
0
0
0
0
0
0
0
0
0
0
0
0
-1
0
-1
0
-1
0
0
0
0
0
-1
0
-1
1
0
0
0
0
0
-1
0
-1
0
-1
0
0
0
0
-1
0
-1
0
1
0
0
0
0
0
0
1
0
0
0
0
0
0
-1
0
0
0
0
0
0
0
0
1
0
1
1
0
0
0
0
0
0
0
0
0
0
1
0
1
0
0
0
0
0
0
0
1
0
0
0
1
0
1
1
0
0
0
0
-1
0
0
1
0
0
0
0
0
0
0
0
0
0
0
0
0
-1
0
0
0
0
0
0
0
0
0
-1
0
1
0
0
0
0
0
0
0
-1
1
0
0
0
1
0
1
0
0
0
0
0
0
0
-1
0
1
0
0
0
1
0
0
0
0
-1
1
1
0
0
1
0
0
0
0
0
0
0
0
-1
0
0
0
0
1
0
0
0
0
0
0
-1
-1
1
0
0
1
0
0
-1
0
-1
1
0
1
0
0
0
0
1
-1
0
0
0
0
0
0
0
0
0
0
0
0
0
0
-1
0
0
0
0
1
0
0
0
0
0
0
0
0
-1
0
0
0
-1
0
0
1
0
-1
0
0
0
0
1
1
1
0
0
-1
0
0
-1
0
0
0
0
-1
0
0
0
0
0
0
1
0
0
0
0
0
1
0
0
0
0
0
0
0
-1
1
-1
0
-1
0
0
0
0
-1
0
0
0
0
0
0
0
0
0
1
0
0
0
0
0
0
0
0
0
0
0
0
0
0
-1
0
0
0
1
0
0
0
0
-1
0
-1
0
1
0
0
1
0
0
0
0
0
0
0
0
0
0
1
-1
0
-1
0
0
-1
0
0
0
0
-1
0
0
0
0
0
1
0
0
0
0
0
0
0
-1
0
0
0
0
0
0
-1
0
0
0
0
0
0
-1
0
-1
0
0
0
0
1
0
0
0
0
0
0
0
0
0
0
0
0
1
0
0
0
0
1
0
-1
0
1
0
0
0
0
0
0
0
-1
-1
0
0
0
1
0
-1
0
0
-1
0
0
0
-1
0
0
1
0
0
0
0
0
0
1
0
0
0
0
1
0
0
0
1
1
0
0
0
0
0
0
1
0
1
0
0
0
1
0
0
0
-1
1
1
0
-1
0
0
0
0
0
0
0
0
0
0
0
1
0
1
0
0
0
0
0
-1
0
1
0
0
-1
0
-1
0
0
-1
0
0
0
0
0
0
0
0
0
0
0
0
0
0
0
0
0
0
0
0
0
0
0
0
0
0
0
0
0
0
0
0
0
-1
0
0
0
0
0
0
0
-1
0
0
0
0
0
0
0
0
0
0
0
0
0
0
0
0
0
0
0
0
0
0
1
-1
0
0
0
0
0
0
0
1
0
0
0
0
0
-1
0
0
0
0
0
0
0
0
0
0
-1
-1
-1
-1
0
-1
0
0
0
0
0
0
-1
-1
0
-1
0
0
0
-1
0
0
0
0
0
0
0
1
0
0
0
0
0
0
0
0
0
0
1
1
0
0
0
0
0
0
0
0
0
0
0
1
0
0
0
0
0
1
1
0
0
0
0
0
-1
0
0
0
0
0
0
1
0
0
1
0
0
0
1
0
0
1
0
1
1
0
0
0
0
0
0
0
0
0
0
1
0
1
1
-1
0
0
0
0
0
0
0
0
0
0
0
1
0
0
1
0
0
0
1
0
0
0
-1
0
0
0
0
0
0
0
0
0
0
1
0
0
0
-1
-1
0
0
0
0
0
0
0
0
0
0
-1
0
1
0
0
0
0
0
0
0
-1
0
1
0
0
0
0
-1
0
-1
-1
0
0
0
0
1
0
0
0
0
0
0
0
0
1
1
0
1
-1
0
0
0
0
0
0
0
0
0
0
0
0
0
0
0
0
0
0
0
0
0
0
0
0
0
0
0
0
-1
1
0
1
0
0
1
0
0
0
0
0
1
-1
0
0
0
0
0
1
0
0
-1
0
0
0
0
1
0
0
1
-1
-1
0
0
0
0
0
0
0
0
0
0
0
-1
0
0
0
1
0
0
0
0
1
0
-1
-1
0
0
0
-1
0
0
0
0
0
-1
0
0
0
0
-1
0
0
0
0
0
0
0
0
0
0
0
0
0
0
-1
0
0
0
0
0
0
0
0
0
1
0
-1
0
0
0
0
0
0
0
0
0
0
0
0
0
0
0
0
0
0
0
-1
0
0
0
0
0
0
0
0
0
0
0
0
0
1
0
0
0
0
0
0
0
1
0
0
0
1
1
0
0
0
-1
1
1
0
0
0
0
0
0
0
1
0
0
0
1
0
0
0
0
0
-1
0
0
0
0
0
0
0
0
0
0
-1
-1
-1
0
0
0
0
-1
0
0
0
0
0
0
0
0
0
1
0
1
0
0
0
0
0
0
1
-1
0
1
-1
0
0
0
0
0
0
0
-1
0
0
0
-1
0
-1
0
0
0
0
0
-1
0
0
0
0
0
0
-1
0
0
0
0
0
0
0
0
-1
-1
0
0
0
0
0
1
0
0
0
0
0
-1
0
0
0
0
0
0
0
0
0
1
0
1
0
0
1
-1
1
0
0
0
-1
-1
0
0
0
-1
0
-1
0
0
0
-1
0
0
0
0
1
0
0
0
0
0
0
1
0
1
0
0
0
0
0
0
1
0
0
0
1
1
0
0
0
0
0
0
0
0
-1
1
0
0
0
0
0
0
0
1
0
0
-1
0
0
0
-1
-1
0
0
1
0
-1
0
0
0
0
0
0
-1
-1
0
0
-1
1
0
1
0
0
0
0
0
0
1
0
0
0
-1
0
0
0
0
0
1
-1
0
0
0
0
0
0
0
0
0
1
0
0
0
0
0
0
-1
0
0
-1
0
0
-1
0
0
0
0
0
0
0
0
1
0
0
-1
1
0
0
-1
-1
0
0
0
1
-1
0
0
0
-1
1
0
0
0
1
-1
0
0
0
0
0
0
0
0
0
0
0
-1
0
0
0
0
0
0
0
0
0
0
1
-1
0
0
-1
1
0
0
0
0
0
0
0
0
0
0
0
0
0
0
-1
0
0
0
0
0
0
0
-1
0
0
0
-1
0
0
-1
-1
0
0
0
0
0
1
1
-1
0
-1
0
0
0
0
0
0
0
0
1
0
0
0
0
-1
1
0
0
1
0
0
0
0
0
1
1
0
0
0
0
0
-1
0
-1
1
0
1
0
0
1
0
0
1
0
0
0
1
-1
-1
1
0
0
0
-1
0
0
1
0
0
0
0
0
0
-1
0
0
0
-1
0
0
1
1
-1
0
0
0
0
0
0
0
0
0
-1
1
0
0
1
0
0
0
0
1
-1
0
0
0
0
-1
1
0
0
-1
0
0
0
0
0
-1
0
-1
1
0
0
1
0
0
0
0
0
0
0
0
-1
0
0
0
1
0
1
0
0
0
0
-1
0
0
1
1
0
0
0
-1
-1
0
0
0
-1
0
0
1
0
1
0
0
1
0
0
1
0
0
0
0
0
0
0
0
0
0
0
-1
1
0
0
0
0
0
0
0
0
0
0
-1
0
-1
0
0
0
0
0
-1
0
0
0
1
0
0
0
0
0
0
0
0
0
-1
1
1
-1
0
0
0
0
0
0
0
0
0
0
0
0
0
-1
0
0
0
0
0
0
0
0
-1
0
0
0
0
-1
0
-1
0
0
0
0
0
-1
0
0
-1
0
0
0
1
0
0
0
0
0
0
1
0
0
0
0
0
1
0
0
0
1
1
0
0
0
0
0
0
0
0
1
1
1
0
0
-1
0
0
0
-1
-1
0
0
0
0
0
0
0
0
0
0
0
0
0
0
0
0
0
0
0
0
0
1
1
1
0
-1
0
0
0
0
0
0
1
-1
-1
0
0
0
0
0
1
0
-1
0
0
0
0
0
0
0
0
-1
0
0
0
0
1
0
0
0
0
0
-1
1
1
0
0
0
0
1
0
0
0
0
0
0
0
0
0
0
0
0
1
0
0
0
0
0
0
1
0
0
0
0
0
0
0
0
0
0
1
0
-1
0
0
0
0
-1
0
0
0
0
0
0
-1
0
0
-1
0
0
0
-1
1
0
0
0
0
0
0
0
0
0
0
0
0
0
-1
0
-1
0
0
0
0
0
0
0
0
0
1
0
0
0
0
0
0
0
0
0
0
0
1
0
0
0
0
0
0
0
0
0
-1
0
0
1
0
0
0
0
0
0
0
1
0
0
0
0
0
0
-1
0
1
0
0
0
0
0
0
0
0
-1
0
0
0
0
0
0
0
0
1
0
-1
0
1
0
0
-1
0
0
0
0
-1
0
0
0
0
1
0
0
0
0
0
0
0
0
-1
0
0
0
0
0
0
0
0
0
1
0
0
0
0
0
1
0
0
1
0
1
-1
0
0
0
0
0
0
0
0
-1
0
-1
-1
0
0
0
0
0
0
0
0
0
0
-1
0
-1
0
0
0
0
0
0
-1
0
0
0
0
0
0
0
0
0
0
0
0
0
0
0
0
0
1
1
0
-1
0
0
0
0
0
0
0
0
0
0
0
0
0
0
0
0
1
0
0
0
0
0
1
0
0
0
0
0
0
0
-1
-1
0
0
0
0
0
-1
-1
0
0
0
-1
1
0
0
-1
0
0
0
0
0
0
0
0
0
0
0
0
0
0
0
0
1
0
0
-1
0
0
0
0
0
0
1
0
0
-1
-1
0
0
0
0
-1
0
0
0
0
0
1
0
0
1
0
1
0
0
0
0
0
0
-1
0
0
0
0
0
0
1
0
0
0
0
0
0
-1
-1
0
-1
0
0
0
0
0
0
0
0
0
0
0
0
0
0
-1
0
0
0
0
1
0
0
0
0
0
0
0
0
0
0
-1
1
-1
0
0
0
0
0
0
0
0
1
0
1
0
0
0
1
-1
0
0
0
0
0
0
0
0
0
0
-1
0
0
0
0
1
1
0
1
0
0
0
0
0
0
0
0
0
0
-1
-1
-1
-1
0
0
0
0
0
-1
0
0
0
0
0
-1
0
-1
0
1
0
0
1
0
0
-1
0
-1
0
0
0
-1
0
1
-1
0
0
0
0
-1
0
1
0
-1
1
1
0
1
-1
0
0
1
0
0
-1
1
0
0
1
0
0
0
0
1
0
0
0
0
1
0
-1
0
-1
0
1
0
1
-1
0
1
0
0
0
0
0
-1
0
0
0
0
0
0
0
0
0
0
-1
0
1
0
1
0
-1
0
0
1
0
0
0
0
0
0
-1
0
-1
0
0
0
0
0
0
0
1
0
1
0
0
0
0
0
-1
0
0
0
0
0
-1
0
0
0
0
0
0
1
0
0
0
0
1
0
0
0
0
0
0
0
0
0
-1
0
1
0
0
0
0
0
0
0
0
0
0
0
0
0
0
0
-1
1
0
0
0
-1
0
0
0
1
0
0
0
-1
0
0
0
0
1
1
0
1
0
0
-1
0
-1
0
0
0
0
0
0
0
0
0
0
0
0
0
1
0
0
0
0
0
0
0
0
0
0
0
0
0
0
0
0
0
0
1
0
0
0
1
0
0
0
0
0
0
0
0
1
1
0
0
1
0
0
0
0
0
1
0
0
-1
1
0
-1
-1
0
0
0
0
0
1
0
1
0
0
0
1
0
-1
0
-1
0
0
-1
0
0
0
-1
0
0
0
0
0
0
0
0
1
-1
0
0
0
0
-1
0
0
0
0
0
1
0
0
0
0
0
0
0
0
1
1
0
0
0
0
0
0
0
0
0
1
0
-1
0
0
0
0
0
0
0
0
0
0
1
0
1
1
1
0
0
0
0
0
0
0
0
0
0
0
0
-1
0
0
0
-1
0
-1
0
0
0
0
0
0
0
-1
1
0
1
0
0
0
0
1
1
0
-1
0
1
-1
0
0
0
0
0
0
0
0
0
0
0
0
0
1
-1
0
0
0
0
0
0
0
-1
0
-1
0
0
0
0
0
-1
0
1
0
0
0
1
0
0
0
0
0
0
0
0
0
0
0
0
0
0
1
0
1
0
-1
-1
-1
0
0
0
0
0
0
0
-1
0
0
1
-1
0
1
0
0
0
0
0
0
0
-1
0
0
0
0
0
0
0
0
0
0
0
0
0
0
0
0
0
0
0
0
0
0
1
0
1
0
0
0
1
0
0
-1
1
0
-1
0
0
-1
0
0
0
0
-1
0
0
0
0
1
0
0
0
1
0
0
1
-1
0
0
0
0
0
0
-1
0
1
0
0
0
1
-1
0
0
0
-1
0
0
0
-1
0
1
0
-1
0
0
-1
-1
0
0
0
0
-1
-1
-1
0
0
0
0
0
0
0
0
0
1
0
-1
0
1
0
1
0
0
0
-1
0
0
0
0
0
0
-1
1
0
0
0
0
1
0
0
0
-1
0
1
0
0
0
0
0
0
0
0
0
0
-1
1
-1
0
1
0
0
0
0
0
0
0
0
0
0
0
0
0
0
0
1
0
0
0
0
-1
1
0
0
0
0
0
0
0
0
0
0
0
0
-1
0
0
0
-1
0
0
1
1
0
0
0
0
-1
0
1
0
-1
0
0
0
0
-1
0
0
0
0
0
-1
-1
0
0
0
0
1
0
0
0
0
-1
0
0
0
0
0
0
0
0
1
0
-1
0
0
-1
0
0
0
0
0
0
0
0
0
0
0
1
0
0
0
0
-1
-1
0
-1
0
0
0
-1
0
0
0
0
1
1
-1
0
0
-1
-1
0
0
-1
0
0
-1
0
0
-1
1
-1
0
0
-1
0
0
0
0
0
0
0
1
0
0
-1
1
1
0
0
0
0
0
0
0
0
0
1
0
0
0
0
0
0
-1
0
0
-1
0
0
1
0
0
1
0
0
0
1
0
0
0
0
0
0
1
-1
0
0
0
1
0
-1
0
0
0
0
0
-1
0
0
0
0
1
0
0
1
0
0
0
1
0
0
0
0
0
1
0
0
0
0
0
0
0
1
0
0
0
0
-1
0
0