0
1
0
0
0
-1
0
1
-1
-1
0
1
0
0
-2
0
1
0
0
0
1
2
1
1
2
0
1
0
0
-1
-2
-1
0
1
2
0
0
0
1
2
2
2
0
0
0
0
0
0
0
-1
0
1
1
1
1
1
-1
-1
-2
-2
-2
-1
-1
-1
0
-1
0
0
0
1
2
1
1
0
0
-1
0
0
1
2
2
2
1
2
1
2
2
2
2
1
-1
0
1
1
1
1
1
1
0
-1
-2
-3
-2
-1
-1
0
0
-2
0
1
0
1
1
1
0
1
1
2
1
1
1
1
1
1
1
0
0
0
0
1
0
0
0
1
1
0
0
0
0
0
0
2
1
1
0
-1
-1
-1
-1
0
0
0
2
2
1
0
0
1
1
1
1
1
1
1
0
0
0
1
0
1
0
0
0
0
0
-1
0
1
0
0
-1
0
-1
0
0
-1
0
0
0
0
0
0
0
0
0
0
0
0
0
0
0
0
0
0
0
0
0
0
0
0
0
0
0
0
0
0
0
0
0
-1
0
1
1
0
0
-1
-1
-2
-1
0
1
1
1
1
0
0
0
0
0
0
0
0
0
0
0
0
0
0
0
0
1
-1
0
0
0
0
0
0
0
1
0
0
0
0
0
-1
0
0
0
0
0
0
0
0
0
0
-1
-1
-1
-1
0
-1
0
0
0
0
0
0
-1
-1
0
-1
0
0
0
-1
0
-1
-1
-1
0
0
1
3
2
2
2
1
1
1
1
1
1
1
2
2
0
0
0
0
0
0
0
0
0
0
0
1
0
0
0
0
0
1
1
0
0
0
0
0
-1
0
0
0
0
0
0
1
0
0
1
0
0
0
1
0
0
2
1
1
1
-1
-1
-1
0
0
0
0
1
2
2
1
-1
-1
0
-1
1
0
0
-1
0
0
0
0
0
0
0
1
0
0
1
0
0
0
1
0
0
0
-1
0
0
0
0
0
0
0
0
0
0
1
0
0
0
-1
-1
0
0
0
0
0
0
0
0
0
0
-1
0
1
0
0
0
0
0
0
0
-1
0
1
0
0
0
0
-1
0
-1
-1
0
0
0
0
1
0
0
0
0
0
0
0
0
1
1
0
1
-1
0
0
0
0
0
0
0
0
0
0
0
0
0
0
0
0
0
0
0
0
0
0
0
0
0
0
0
0
-1
1
0
1
0
0
1
0
0
0
0
0
1
-1
0
0
0
0
0
1
0
0
-1
0
0
0
0
1
0
0
1
-1
-1
0
0
0
0
0
0
0
0
0
0
0
-1
0
0
0
1
0
0
0
0
1
0
-1
-1
0
0
0
-1
0
0
0
0
0
-1
0
0
0
0
-1
0
0
0
0
0
0
0
0
0
0
0
0
0
0
-1
0
0
0
0
0
0
0
0
0
1
0
-1
0
0
0
0
0
0
0
0
0
0
0
0
0
0
0
0
0
0
0
-1
0
0
0
0
0
0
0
0
0
0
0
0
0
1
0
0
0
0
0
0
0
1
0
0
0
1
1
1
1
0
-1
1
1
0
1
1
2
1
0
-1
-1
-3
-3
-4
-2
-3
-3
-3
-2
-1
-2
0
0
0
0
0
0
0
0
0
0
-1
-2
-3
-2
-1
0
0
0
1
0
0
0
0
1
1
1
1
1
0
0
-1
1
1
2
3
3
3
1
3
4
2
4
4
4
3
3
4
4
3
4
3
3
2
3
2
3
3
3
1
0
-2
-1
-1
0
0
0
0
-1
0
-1
-1
0
0
0
0
0
-1
-2
0
1
1
1
1
1
-1
-1
-2
-2
-2
-3
-1
-2
-1
-1
0
0
1
2
2
3
1
1
-1
-2
-2
-5
-3
-5
-4
-4
-3
-2
0
2
2
1
2
1
2
2
2
0
0
-1
-2
-3
-2
-4
-4
-5
-5
-5
-5
-3
-3
0
0
2
1
1
1
0
1
0
1
1
1
0
-3
-4
-5
-5
-4
-4
-4
-3
-3
1
1
2
5
9
15
20
23
24
20
16
12
12
12
11
7
3
0
-1
1
2
4
7
9
14
19
25
28
30
31
32
33
31
32
29
26
18
9
-1
-11
-18
-23
-23
-22
-18
-14
-9
0
8
17
24
29
33
31
27
19
8
-4
-13
-20
-24
-25
-25
-23
-22
-20
-17
-14
-10
-7
-5
-4
-6
-13
-18
-22
-22
-17
-11
-7
-6
-9
-15
-22
-31
-38
-44
-45
-46
-45
-52
-61
-69
-71
-61
-44
-22
-2
9
14
10
1
-7
-5
4
23
45
62
59
41
7
-28
-58
-79
-91
-99
-106
-116
-127
-137
-134
-98
-23
86
202
299
357
368
340
280
201
121
55
11
-26
-74
-137
-213
-269
-284
-248
-162
-44
84
196
268
287
260
213
173
160
166
178
168
124
44
-56
-151
-213
-225
-185
-110
-34
13
11
-38
-107
-159
-164
-123
-52
20
68
81
52
-12
-76
-108
-84
-18
55
97
90
38
-44
-129
-191
-210
-176
-108
-39
-4
-14
-62
-114
-141
-129
-75
7
95
161
186
163
107
49
12
11
39
74
96
85
43
-23
-87
-130
-131
-89
-25
42
89
104
90
62
39
30
42
68
90
99
84
43
-9
-59
-86
-87
-65
-33
-4
13
15
0
-21
-41
-47
-38
-17
6
23
30
23
14
3
-3
-5
-4
-2
-2
-12
-30
-53
-69
-77
-72
-54
-28
2
32
58
80
91
96
91
80
63
40
18
-5
-24
-38
-44
-45
-41
-32
-18
0
20
38
58
71
77
73
59
41
21
2
-14
-22
-24
-22
-25
-29
-33
-36
-35
-34
-28
-19
-6
4
7
2
-4
-12
-14
-11
-3
6
13
13
6
-4
-17
-28
-35
-34
-31
-26
-25
-26
-33
-38
-37
-31
-21
-7
8
22
29
29
29
30
28
22
17
14
11
3
-6
-19
-30
-38
-41
-39
-34
-26
-16
-5
5
12
21
27
34
36
36
33
28
20
15
11
7
4
-2
-6
-10
-12
-12
-10
-6
0
3
3
3
1
-3
0
6
13
20
25
28
28
25
20
17
16
18
20
17
12
3
-9
-20
-26
-26
-20
-12
-5
0
0
-2
-4
-5
-2
0
4
6
5
2
-3
-11
-14
-15
-13
-8
-4
-3
-3
-7
-11
-15
-16
-16
-12
-6
-3
-1
-1
-2
-2
1
4
10
15
17
16
12
6
2
-2
-3
0
3
6
8
7
5
3
3
3
5
5
6
5
4
3
2
3
8
14
19
20
17
11
3
-4
-10
-12
-13
-14
-17
-20
-23
-24
-20
-14
-6
1
5
6
5
3
0
-2
-4
-3
-1
2
1
-2
-6
-10
-13
-13
-11
-6
-3
-2
-2
-5
-9
-10
-7
0
11
21
27
30
27
22
16
13
11
12
15
14
9
1
-5
-10
-11
-8
-1
7
15
19
20
18
15
14
16
21
25
25
20
9
-3
-13
-23
-27
-27
-26
-22
-17
-11
-9
-7
-5
-2
1
4
5
3
-2
-7
-13
-20
-26
-27
-26
-22
-18
-15
-11
-7
-3
-1
0
1
-3
-5
-7
-11
-12
-11
-8
-6
-2
-1
2
5
9
13
17
19
19
17
12
6
0
-3
-3
1
5
9
10
9
7
3
0
0
3
9
16
18
16
11
6
3
4
9
15
20
21
17
8
-2
-10
-12
-10
-6
-1
3
5
4
0
-2
-4
-2
1
6
10
11
8
2
-6
-11
-15
-13
-8
-4
0
0
-4
-8
-11
-14
-12
-9
-3
0
1
0
-3
-7
-9
-10
-9
-6
-3
0
1
-1
-3
-7
-10
-9
-7
-5
-1
1
4
5
6
5
4
6
8
10
11
13
10
7
3
-1
-4
-6
-5
-3
0
5
8
9
9
9
9
11
13
14
16
13
10
6
3
-1
-1
-2
-1
1
0
1
-3
-4
-6
-9
-11
-10
-9
-7
-4
-2
1
1
1
1
1
0
1
1
0
-2
-5
-10
-14
-19
-19
-18
-14
-10
-6
-3
-2
-1
-2
-1
-1
0
2
4
5
5
4
2
1
-1
-1
0
1
3
3
2
1
0
-2
-3
0
2
5
7
8
8
8
8
8
8
10
11
13
14
13
10
7
3
2
1
1
-1
-2
-4
-5
-4
-4
-3
-2
1
3
6
9
9
8
6
3
-1
-5
-6
-8
-9
-11
-9
-9
-8
-9
-8
-7
-6
-4
-2
-1
0
-2
-4
-7
-9
-9
-7
-4
-1
1
3
1
0
-2
-1
0
2
3
2
-1
-4
-9
-12
-12
-9
-3
2
5
7
5
5
4
6
9
13
16
15
12
8
1
-4
-8
-6
-3
1
3
2
-1
-2
-3
-3
1
7
15
23
23
19
10
3
0
-1
2
7
11
12
9
1
-9
-16
-16
-10
-1
7
10
8
1
-7
-13
-12
-6
7
18
23
20
9
-7
-21
-28
-28
-20
-9
-1
2
-6
-17
-31
-33
-29
-12
9
25
31
25
9
-8
-20
-21
-15
-1
11
17
12
-2
-22
-35
-38
-28
-10
10
23
23
13
-3
-17
-21
-11
7
27
40
42
29
7
-12
-25
-23
-10
7
19
22
13
-3
-19
-28
-24
-8
11
28
34
26
11
-5
-15
-14
0
16
30
33
25
7
-9
-21
-22
-12
-1
9
13
7
-4
-17
-23
-22
-11
5
19
25
25
17
2
-5
-6
-1
8
15
18
13
1
-12
-18
-20
-16
-6
2
7
5
-1
-10
-13
-11
0
10
19
24
19
10
1
-5
-5
-4
1
5
5
2
-8
-18
-21
-22
-14
-4
3
9
5
1
-2
-5
-4
1
6
10
10
8
2
-4
-9
-11
-9
-5
-2
-1
-3
-9
-11
-12
-12
-7
-3
2
6
8
8
5
3
1
2
3
4
4
4
0
-3
-6
-10
-10
-8
-5
-1
3
3
4
2
2
2
5
7
8
10
9
6
3
1
-3
-2
-2
-1
0
1
1
1
0
-2
-1
-1
1
2
3
4
3
3
2
2
1
2
2
4
5
4
2
-1
-4
-6
-6
-5
-2
0
1
1
0
-1
0
1
2
6
6
6
4
0
-1
-1
-1
2
1
2
1
0
-1
-1
-1
0
2
2
1
2
0
0
-1
1
0
2
3
3
3
2
2
0
-1
-2
-3
-4
-4
-5
-4
-6
-6
-4
-3
-1
0
1
1
1
0
0
-1
-1
-1
-1
-2
-3
-3
-3
-5
-5
-4
-2
-1
0
1
1
1
0
1
2
4
4
4
3
3
0
0
-1
0
0
2
1
1
0
1
1
0
1
2
2
2
2
2
4
3
4
3
3
3
4
3
2
3
2
2
1
-1
-1
-1
-2
-2
0
0
1
1
1
1
1
1
3
0
1
1
0
0
-2
-1
-2
-2
-2
-2
-1
-2
-2
-2
-2
-1
-1
-1
0
1
1
1
1
1
1
1
1
1
1
1
2
1
-2
-2
-3
-3
-3
-1
0
0
0
0
0
1
1
3
4
5
4
4
2
2
1
0
0
0
0
0
0
0
-1
0
0
1
-1
0
0
1
0
1
1
1
1
1
0
2
1
2
1
1
0
-1
-1
-1
-2
-2
-1
1
-1
0
0
0
0
1
1
1
1
1
0
0
0
0
1
-1
0
0
0
0
1
2
2
1
1
-1
0
0
0
0
2
1
2
3
2
1
1
3
2
2
1
0
-1
-1
0
1
1
2
1
0
0
-1
1
1
3
3
1
0
-1
-1
-1
0
1
1
1
1
-1
0
0
1
-1
0
1
0
0
0
0
0
0
0
-1
0
0
0
0
-1
-1
-1
-1
-1
-2
-2
-1
-2
-2
-1
-1
-1
-1
-1
0
1
0
2
1
2
1
1
1
2
1
1
0
1
0
-1
0
1
0
1
0
0
0
-1
0
1
2
2
3
2
1
0
1
0
-1
1
-1
0
0
0
0
1
1
0
1
2
1
1
1
2
0
1
1
1
0
1
0
0
-1
0
1
0
-1
0
0
-1
-1
0
0
0
0
-1
-1
-1
0
0
0
0
0
0
0
1
1
1
0
-2
-1
-1
-1
1
0
1
1
0
1
1
0
1
1
1
0
2
1
1
0
0
1
0
0
0
-1
0
1
0
0
0
0
0
0
0
0
0
0
-1
1
-1
0
1
0
0
0
0
0
0
0
0
0
0
0
0
0
0
0
1
0
0
0
0
-1
1
0
0
0
0
0
0
0
0
0
0
0
0
-1
0
0
0
-1
0
0
1
1
0
0
0
0
-1
0
1
0
-1
0
0
0
0
-1
0
0
0
0
0
-1
-1
0
0
0
0
1
0
0
0
0
-1
0
0
0
0
0
0
0
0
1
0
-1
0
0
-1
0
0
0
0
0
0
0
0
0
0
0
1
0
0
0
0
-1
-1
0
-1
0
0
0
-1
0
0
0
0
1
1
-1
0
0
0
0
1
1
0
1
1
0
1
1
0
2
0
1
1
0
1
1
1
1
1
1
1
1
0
0
-1
1
1
0
0
0
0
0
0
0
0
0
1
0
0
0
0
0
0
-1
0
0
0
1
0
1
-1
-1
0
-1
0
1
2
1
1
0
0
0
0
1
-1
0
0
0
1
0
-1
0
0
0
0
0
-1
0
0
0
0
1
0
0
1
0
0
0
1
0
0
0
0
0
1
0
0
0
0
0
0
0
1
0
0
0
-1
-2
-1
0
0
1
2
1
2
1
0
1
1
0
0
0
-1
1
0
0
0
0
1
0
1
0
0
1
1
0
0
0
0
0
-1
0
0
0
-1
0
0
1
0
0
0
0
1
0
1
0
0
0
0
-1
0
0
0
0
0
-1
0
0
0
1
1
-1
-1
-2
-1
-2
0
-1
-1
-1
1
0
1
1
1
0
1
1
1
0
0
0
0
0
0
0
0
1
0
0
0
-1
0
1
0
0
1
-1
0
-1
-1
0
0
0
0
0
0
0
0
-1
0
-1
1
0
1
1
0
0
0
0
0
0
0
0
0
0
0
0
0
0
1
0
-1
0
0
0
0
0
0
-1
0
0
-1
0
0
0
0
0
0
0
1
1
0
0
0
0
0
0
0
-1
0
0
0
0
0
0
-1
-1
0
0
0
0
0
1
0
1
-1
0
0
-1
0
0
0
1
0
0
0
0
0
0
0
1
0
1
0
0
0
-1
-1
0
0
0
0
1
0
-1
0
0
1
1
1
0
-2
-1
-1
-1
0
1
2
1
1
0
0
0
0
0
0
0
0
1
0
0
0
0
0
0
0
0
0
0
0
0
0
-1
-1
0
0
0
1
1
1
0
1
1
0
1
2
2
2
1
0
0
0
0
0
1
1
1
1
0
0
0
-1
0
0
1
0
0
-1
1
0
0
0
0
0
0
0
0
1
1
-1
1
-1
-1
-2
-1
0
1
2
1
0
0
0
0
0
0
0
0
1
-1
0
-1
0
-1
-1
0
0
0
1
0
0
0
0
0
1
0
-1
-1
0
0
0
0
0
0
0
-1
0
-1
0
1
0
0
0
0
1
0
0
0
0
0
-1
-1
0
0
0
0
-1
0
1
0
1
0
0
0
0
-1
0
0
0
-1
0
0
0
0
0
0
0
0
-1
0
0
0
1
0
1
0
-1
0
1
0
0
-1
0
0
0
0
0
0
1
0
1
0
0
0
0
0
1
0
1
0
0
0
1
0
0
0
0
0
-1
0
0
0
0
0
0
0
0
0
-1
0
0
0
0
0
0
0
0
0
0
1
0
1
0
0
1
0
0
1
0
0
1
0
0
1
0
0
0
0
0
0
0
0
0
0
0
1
0
0
-1
0
0
-1
0
-1
0
0
1
1
0
0
0
-1
0
0
0
0
0
0
1
0
0
-1
0
0
0
0
-1
0
1
0
0
0
0
0
-1
0
0
0
0
0
0
0
1
0
0
0
0
0
-1
0
0
0
0
0
1
0
0
0
0
0
0
0
1
0
-1
0
-1
1
0
0
0
0
-1
0
-1
0
0
0
0
-1
1
0
0
0
1
0
-1
0
1
1
0
-1
0
0
0
0
0
0
0
0
-1
0
0
0
0
1
-1
0
0
-1
0
0
0
0
0
1
1
0
0
0
-1
-1
0
0
0
1
0
0
0
0
0
0
1
0
0
-1
0
0
1
0
0
0
0
0
1
0
0
-1
0
0
0
0
0
0
0
0
1
0
0
0
0
0
0
0
0
1
0
0
0
0
0
0
-1
0
0
0
0
1
0
0
1
0
0
0
1
-1
0
-1
0
0
0
1
0
0
0
0
0
0
1
0
0
0
0
0
0
0
0
0
-1
0
0
0
1
0
0
0
1
0
0
0
0
0
0
0
0
0
0
1
0
1
0
-1
0
0
-1
0
0
0
-1
0
0
0
-1
0
-1
1
-1
1
0
0
0
0
0
1
0
1
0
0
0
0
0
0
0
0
0
0
0
1
0
0
-1
0
0
0
0
0
0
0
0
0
0
-1
0
0
1
0
0
-1
0
0
0
0
0
0
0
0
-1
0
1
0
0
0
0
1
0
0
0
0
0
-1
0
0
-1
0
0
0
0
0
0
0
0
0
0
0
1
1
1
1
0
0
-1
1
0
0
0
0
0
0
0
0
0
0
0
0
1
0
0
1
0
1
0
0
1
0
0
0
0
1
0
0
-1
0
0
1
1
0
0
-1
0
-1
-1
0
0
0
1
1
0
-1
0
1
0
0
0
0
1
0
1
-1
0
1
0
0
0
-1
0
0
0
1
0
-1
0
-1
-1
0
0
1
0
0
0
1
1
0
0
1
1
-1
0
-1
0
0
0
1
-1
-1
-1
0
-1
1
2
1
2
2
0
0
2
1
1
1
1
0
1
1
0
0
0
-1
1
0
1
0
1
-1
0
0
0
-1
0
0
0
0
0
0
0
0
0
0
0
0
0
0
0
0
0
1
0
0
0
0
1
0
0
0
-1
-1
-1
-1
-1
-2
-2
-1
-2
-2
-1
-1
-1
0
0
0
1
2
1
1
1
1
0
0
0
1
0
0
0
0
0
-1
0
0
0
0
0
0
-1
0
0
-1
0
0
0
-1
0
0
0
0
-1
0
0
0
0
0
0
0
0
0
0
0
0
0
0
0
-1
0
0
0
-1
0
-1
0
-1
0
0
0
0
1
0
0
0
0
-1
1
0
0
0
0
0
1
0
0
0
0
0
0
1
0
0
0
0
-1
0
-1
0
0
0
0
0
0
0
0
0
0
0
0
0
0
0
0
0
1
0
1
1
0
1
0
0
0
0
0
1
0
1
0
0
0
1
0
0
-1
0
0
1
0
-1
0
0
0
0
-1
-1
1
0
0
1
0
0
1
0
0
0
-1
1
0
0
0
0
0
0
-1
0
0
0
0
0
0
0
0
0
0
0
0
0
0
0
0
0
0
0
0
-1
0
-2
-1
-2
0
0
1
2
2
1
2
0
2
2
2
1
1
0
-1
-1
-1
0
0
1
1
1
0
-1
0
-1
0
1
0
0
0
0
0
0
1
0
0
0
0
0
0
-2
-1
-1
-1
-1
-2
-2
-1
-2
-1
-1
0
0
0
0
0
1
1
1
1
1
1
1
1
0
1
0
0
0
0
0
0
0
1
0
0
0
1
0
1
1
0
0
0
0
-1
0
0
1
0
0
0
0
0
0
0
0
0
0
0
0
0
-1
0
0
0
0
0
0
0
0
0
-1
0
1
0
0
0
0
0
0
0
-1
1
0
0
0
1
0
1
0
0
0
0
0
0
0
-1
0
1
0
0
0
1
0
0
0
0
-1
1
1
0
0
1
0
0
0
0
0
0
0
0
-1
0
0
0
0
1
0
0
0
0
0
0
-1
-1
1
0
0
1
0
0
-1
0
-1
1
0
1
0
0
0
0
1
-1
0
0
0
0
0
0
0
0
0
0
0
0
0
0
-1
0
0
0
0
1
0
0
0
0
0
0
0
0
-1
0
0
0
-1
0
0
1
0
-1
0
0
0
0
1
1
1
0
0
-1
0
0
-1
0
0
0
0
-1
0
0
0
0
0
0
1
0
0
0
0
0
1
0
0
0
0
0
0
0
-1
1
-1
0
-1
0
0
0
0
-1
0
0
0
0
0
0
0
0
0
1
0
0
0
0
0
0
0
0
0
0
0
0
0
0
-1
0
0
0
1
0
0
0
0
-1
0
-1
0
1
0
0
1
0
0
0
0
0
0
0
0
0
0
1
-1
0
-1
0
0
-1
0
0
0
0
-1
0
0
0
0
0
1
0
0
0
0
0
0
0
-1
0
0
0
0
0
0
-1
0
0
0
0
0
0
-1
0
-1
0
0
0
0
1
0
0
0
0
0
0
0
0
0
0
0
0
1
0
0
0
0
1
0
-1
0
1
0
0
0
0
0
0
0
-1
-1
0
0
0
1
0
-1
0
0
-1
0
0
0
-1
0
0
1
0
0
0
0
0
0
1
0
0
0
0
1
0
0
0
1
1
0
0
0
0
0
0
1
0
1
0
0
0
1
0
0
0
-1
1
1
0
-1
0
0
0
0
0
0
0
0
0
0
0
1
0
1
0
0
0
0
0
-1
0
1
0
0
-1
0
-1
0
0
-1
0
0
0
0
0
0
0
0
0
0
0
0
0
0
0
0
0
0
0
0
0
0
0
0
0
0
0
0
0
0
0
0
0
-1
0
0
0
0
0
0
0
-1
0
0
0
0
0
0
0
0
0
0
0
0
0
0
0
0
0
0
0
0
0
0
1
-1
0
0
0
0
0
0
0
1
0
0
0
0
0
-1
0
0
0
0
0
0
0
0
0
0
-1
-1
-1
-1
0
-1
0
0
0
0
0
0
-1
-1
0
-1
0
0
0
-1
0
0
0
0
0
0
0
1
0
0
0
0
0
0
0
0
0
0
1
1
0
0
0
0
0
0
0
0
0
0
0
1
0
0
0
0
0
1
1
0
0
0
0
0
-1
0
0
0
0
0
0
1
0
0
1
0
0
0
1
0
0
1
0
1
1
0
0
0
0
0
0
0
0
0
0
1
0
1
1
-1
0
0
0
0
0
0
0
0
0
0
0
1
0
0
1
0
0
0
1
0
0
0
-1
0
0
0
0
0
0
0
0
0
0
1
0
0
0
-1
-1
0
0
0
0
0
0
0
0
0
0
-1
0
1
0
0
0
0
0
0
0
-1
0
1
0
0
0
0
-1
0
-1
-1
0
0
0
0
1
0
0
0
0
0
0
0
0
1
1
0
1
-1
0
0
0
0
0
0
0
0
0
0
0
0
0
0
0
0
0
0
0
0
0
0
0
0
0
0
0
0
-1
1
0
1
0
0
1
0
0
0
0
0
1
-1
0
0
0
0
0
1
0
0
-1
0
0
0
0
1
0
0
1
-1
-1
0
0
0
0
0
0
0
0
0
0
0
-1
0
0
0
1
0
0
0
0
1
0
-1
-1
0
0
0
-1
0
0
0
0
0
-1
0
0
0
0
-1
0
0
0
0
0
0
0
0
0
0
0
0
0
0
-1
0
0
0
0
0
0
0
0
0
1
0
-1
0
0
0
0
0
0
0
0
0
0
0
0
0
0
0
0
0
0
0
-1
0
0
0
0
0
0
0
0
0
0
0
0
0
1
0
0
0
0
0
0
0
1
0
0
0
1
1
0
0
0
-1
1
1
0
0
0
0
0
0
0
1
0
0
0
1
0
0
0
0
0
-1
0
0
0
0
0
0
0
0
0
0
-1
-1
-1
0
0
0
0
-1
0
0
0
0
0
0
0
0
0
1
0
1
0
0
0
0
0
0
1
-1
0
1
-1
0
0
0
0
0
0
0
-1
0
0
0
-1
0
-1
0
0
0
0
0
-1
0
0
0
0
0
0
-1
0
0
0
0
0
0
0
0
-1
-1
0
0
0
0
0
1
0
0
0
0
0
-1
0
0
0
0
0
0
0
0
0
1
0
1
0
0
1
-1
1
0
0
0
-1
-1
0
0
0
-1
0
-1
0
0
0
-1
0
0
0
0
1
0
0
0
0
0
0
1
0
1
0
0
0
0
0
0
1
0
0
0
1
1
0
0
0
0
0
0
0
0
-1
1
0
0
0
0
0
0
0
1
0
0
-1
0
0
0
-1
-1
0
0
1
0
-1
0
0
0
0
0
0
-1
-1
0
0
-1
1
0
1
0
0
0
0
0
0
1
0
0
0
-1
0
0
0
0
0
1
-1
0
0
0
0
0
0
0
0
0
1
0
0
0
0
0
0
-1
0
0
-1
0
0
-1
0
0
0
0
0
0
0
0
1
0
0
-1
1
0
0
-1
-1
0
0
0
1
-1
0
0
0
-1
1
0
0
0
1
-1
0
0
0
0
0
0
0
0
0
0
0
-1
0
0
0
0
0
0
0
0
0
0
1
-1
0
0
-1
1
0
0
0
0
0
0
0
0
0
0
0
0
0
0
-1
0
0
0
0
0
0
0
-1
0
0
0
-1
0
0
-1
-1
0
0
0
0
0
1
1
-1
0
-1
0
0
0
0
0
0
0
0
1
0
0
0
0
-1
1
0
0
1
0
0
0
0
0
1
1
0
0
0
0
0
-1
0
-1
1
0
1
0
0
1
0
0
1
0
0
0
1
-1
-1
1
0
0
0
-1
0
0
1
0
0
0
0
0
0
-1
0
0
0
-1
0
0
1
1
-1
0
0
0
0
0
0
0
0
0
-1
1
0
0
1
0
0
0
0
1
-1
0
0
0
0
-1
1
0
0
-1
0
0
0
0
0
-1
0
-1
1
0
0
1
0
0
0
0
0
0
0
0
-1
0
0
0
1
0
1
0
0
0
0
-1
0
0
1
1
0
0
0
-1
-1
0
0
0
-1
0
0
1
0
1
0
0
1
0
0
1
0
0
0
0
0
0
0
0
0
0
0
-1
1
0
0
0
0
0
0
0
0
0
0
-1
0
-1
0
0
0
0
0
-1
0
0
0
1
0
0
0
0
0
0
0
0
0
-1
1
1
-1
0
0
0
0
0
0
0
0
0
0
0
0
0
-1
0
0
0
0
0
0
0
0
-1
0
0
0
0
-1
0
-1
0
0
0
0
0
-1
0
0
-1
0
0
0
1
0
0
0
0
0
0
1
0
0
0
0
0
1
0
0
0
1
1
0
0
0
0
0
0
0
0
1
1
1
0
0
-1
0
0
0
-1
-1
0
0
0
0
0
0
0
0
0
0
0
0
0
0
0
0
0
0
0
0
0
1
1
1
0
-1
0
0
0
0
0
0
1
-1
-1
0
0
0
0
0
1
0
-1
0
0
0
0
0
0
0
0
-1
0
0
0
0
1
0
0
0
0
0
-1
1
1
0
0
0
0
1
0
0
0
0
0
0
0
0
0
0
0
0
1
0
0
0
0
0
0
1
0
0
0
0
0
0
0
0
0
0
1
0
-1
0
0
0
0
-1
0
0
0
0
0
0
-1
0
0
-1
0
0
0
-1
1
0
0
0
0
0
0
0
0
0
0
0
0
0
-1
0
-1
0
0
0
0
0
0
0
0
0
1
0
0
0
0
0
0
0
0
0
0
0
1
0
0
0
0
0
0
0
0
0
-1
0
0
1
0
0
0
0
0
0
0
1
0
0
0
0
0
0
-1
0
1
0
0
0
0
0
0
0
0
-1
0
0
0
0
0
0
0
0
1
0
-1
0
1
0
0
-1
0
0
0
0
-1
0
0
0
0
1
0
0
0
0
0
0
0
0
-1
0
0
0
0
0
0
0
0
0
1
0
0
0
0
0
1
0
0
1
0
1
-1
0
0
0
0
0
0
0
0
-1
0
-1
-1
0
0
0
0
0
0
0
0
0
0
-1
0
-1
0
0
0
0
0
0
-1
0
0
0
0
0
0
0
0
0
0
0
0
0
0
0
0
0
1
1
0
-1
0
0
0
0
0
0
0
0
0
0
0
0
0
0
0
0
1
0
0
0
0
0
1
0
0
0
0
0
0
0
-1
-1
0
0
0
0
0
-1
-1
0
0
0
-1
1
0
0
-1
0
0
0
0
0
0
0
0
0
0
0
0
0
0
0
0
1
0
0
-1
0
0
0
0
0
0
1
0
0
-1
-1
0
0
0
0
-1
0
0
0
0
0
1
0
0
1
0
1
0
0
0
0
0
0
-1
0
0
0
0
0
0
1
0
0
0
0
0
0
-1
-1
0
-1
0
0
0
0
0
0
0
0
0
0
0
0
0
0
-1
0
0
0
0
1
0
0
0
0
0
0
0
0
0
0
-1
1
-1
0
0
0
0
0
0
0
0
1
0
1
0
0
0
1
-1
0
0
0
0
0
0
0
0
0
0
-1
0
0
0
0
1
1
0
1
0
0
0
0
0
0
0
0
0
0
-1
-1
-1
-1
0
0
0
0
0
-1
0
0
0
0
0
-1
0
-1
0
1
0
0
1
0
0
-1
0
-1
0
0
0
-1
0
1
-1
0
0
0
0
-1
0
1
0
-1
1
1
0
1
-1
0
0
1
0
0
-1
1
0
0
1
0
0
0
0
1
0
0
0
0
1
0
-1
0
-1
0
1
0
1
-1
0
1
0
0
0
0
0
-1
0
0
0
0
0
0
0
0
0
0
-1
0
1
0
1
0
-1
0
0
1
0
0
0
0
0
0
-1
0
-1
0
0
0
0
0
0
0
1
0
1
0
0
0
0
0
-1
0
0
0
0
0
-1
0
0
0
0
0
0
1
0
0
0
0
1
0
0
0
0
0
0
0
0
0
-1
0
1
0
0
0
0
0
0
0
0
0
0
0
0
0
0
0
-1
1
0
0
0
-1
0
0
0
1
0
0
0
-1
0
0
0
0
1
1
0
1
0
0
-1
0
-1
0
0
0
0
0
0
0
0
0
0
0
0
0
1
0
0
0
0
0
0
0
0
0
0
0
0
0
0
0
0
0
0
1
0
0
0
1
0
0
0
0
0
0
0
0
1
1
0
0
1
0
0
0
0
0
1
0
0
-1
1
0
-1
-1
0
0
0
0
0
1
0
1
0
0
0
1
0
-1
0
-1
0
0
-1
0
0
0
-1
0
0
0
0
0
0
0
0
1
-1
0
0
0
0
-1
0
0
0
0
0
1
0
0
0
0
0
0
0
0
1
1
0
0
0
0
0
0
0
0
0
1
0
-1
0
0
0
0
0
0
0
0
0
0
1
0
1
1
1
0
0
0
0
0
0
0
0
0
0
0
0
-1
0
0
0
-1
0
-1
0
0
0
0
0
0
0
-1
1
0
1
0
0
0
0
1
1
0
-1
0
1
-1
0
0
0
0
0
0
0
0
0
0
0
0
0
1
-1
0
0
0
0
0
0
0
-1
0
-1
0
0
0
0
0
-1
0
1
0
0
0
1
0
0
0
0
0
0
0
0
0
0
0
0
0
0
1
0
1
0
-1
-1
-1
0
0
0
0
0
0
0
-1
0
0
1
-1
0
1
0
0
0
0
0
0
0
-1
0
0
0
0
0
0
0
0
0
0
0
0
0
0
0
0
0
0
0
0
0
0
1
0
1
0
0
0
1
0
0
-1
1
0
-1
0
0
-1
0
0
0
0
-1
0
0
0
0
1
0
0
0
1
0
0
1
-1
0
0
0
0
0
0
-1
0
1
0
0
0
1
-1
0
0
0
-1
0
0
0
-1
0
1
0
-1
0
0
-1
-1
0
0
0
0
-1
-1
-1
0
0
0
0
0
0
0
0
0
1
0
-1
0
1
0
1
0
0
0
-1
0
0
0
0
0
0
-1
1
0
0
0
0
1
0
0
0
-1
0
1
0
0
0
0
0
0
0
0
0
0
-1
1
-1
0
1
0
0
0
0
0
0
0
0
0
0
0
0
0
0
0
1
0
0
0
0
-1
1
0
0
0
0
0
0
0
0
0
0
0
0
-1
0
0
0
-1
0
0
1
1
0
0
0
0
-1
0
1
0
-1
0
0
0
0
-1
0
0
0
0
0
-1
-1
0
0
0
0
1
0
0
0
0
-1
0
0
0
0
0
0
0
0
1
0
-1
0
0
-1
0
0
0
0
0
0
0
0
0
0
0
1
0
0
0
0
-1
-1
0
-1
0
0
0
-1
0
0
0
0
1
1
-1
0
0
-1
-1
0
0
-1
0
0
-1
0
0
-1
1
-1
0
0
-1
0
0
0
0
0
0
0
1
0
0
-1
1
1
0
0
0
0
0
0
0
0
0
1
0
0
0
0
0
0
-1
0
0
-1
0
0
1
0
0
1
0
0
0
1
0
0
0
0
0
0
1
-1
0
0
0
1
0
-1
0
0
0
0
0
-1
0
0
0
0
1
0
0
1
0
0
0
1
0
0
0
0
0
1
0
0
0
0
0
0
0
1
0
0
0
0
-1
0
0
-1
-1
0
-1
0
0
0
1
1
0
0
0
-1
1
0
0
0
0
1
0
1
0
0
1
1
0
0
0
0
0
-1
0
0
0
-1
0
0
1
0
0
0
0
1
0
1
0
0
0
0
-1
0
0
0
0
0
-1
0
0
0
1
1
0
0
-1
0
0
1
0
0
-1
1
0
0
0
0
-1
0
0
0
0
0
0
0
0
0
0
0
1
0
0
0
-1
0
1
0
0
1
-1
0
-1
-1
0
0
0
0
0
0
0
0
-1
0
-1
1
0
1
1
0
0
0
0
0
0
0
0
0
0
0
0
0
0
1
0
-1
0
0
0
0
0
0
-1
0
0
-1
0
0
0
0
0
0
0
1
1
0
0
0
0
0
0
0
-1
0
0
0
0
0
0
-1
-1
0
0
0
0
0
1
0
1
-1
0
0
-1
0
0
0
1
0
0
0
0
0
0
0
1
0
1
0
0
0
-1
-1
0
0
0
0
1
0
-1
0
0
0
0
1
0
-1
0
0
0
0
0
1
0
0
0
0
0
0
0
0
0
0
1
0
0
0
0
0
0
0
0
0
0
0
0
0
-1
-1
0
0
0
0
0
0
-1
0
0
-1
0
0
0
0
0
0
0
0
0
0
0
0
0
0
0
0
0
-1
0
0
1
0
0
-1
1
0
0
0
0
0
0
0
0
0
0
-1
1
0
0
-1
0
0
0
1
0
-1
0
0
0
0
0
0
0
1
-1
0
-1
0
-1
-1
0
0
0
1
0
0
0
0
0
1
0
-1
-1
0
0
0
0
0
0
0
-1
0
-1
0
1
0
0
0
0
1
0
0
0
0
0
-1
-1
0
0
0
0
-1
0
1
0
1
0
0
0
0
-1
0
0
0
-1
0
0
0
0
0
0
0
0
-1
0
0
0
1
0
1
0
-1
0
1
0
0
-1
0
0
0
0
0
0
1
0
1
0
0
0
0
0
1
0
1
0
0
0
1
0
0
0
0
0
-1
0
0
0
0
0
0
0
0
0
-1
0
0
0
0
0
0
0
0
0
0
1
0
1
0
0
1
0
0
1
0
0
1
0
0
1
0
0
0
0
0
0
0
0
0
0
0
1
0
0
-1
0
0
-1
0
-1
0
0
1
1
0
0
0
-1
0
0
0
0
0
0
1
0
0
-1
0
0
0
0
-1
0
1
0
0
0
0
0
-1
0
0
0
0
0
0
0
1
0
0
0
0
0
-1
0
0
0
0
0
1
0
0
0
0
0
0
0
1
0
-1
0
-1
1
0
0
0
0
-1
0
-1
0
0
0
0
-1
1
0
0
0
1
0
-1
0
1
1
0
-1
0
0
0
0
0
0
0
0
-1
0
0
0
0
1
-1
0
0
-1
0
0
0
0
0
1
1
0
0
0
-1
-1
0
0
0
1
0
0
0
0
0
0
1
0
0
-1
0
0
1
0
0
0
0
0
1
0
0
-1
0
0
0
0
0
0
0
0
1
0
0
0
0
0
0
0
0
1
0
0
0
0
0
0
-1
0
0
0
0
1
0
0
1
0
0
0
1
-1
0
-1
0
0
0
1
0
0
0
0
0
0
1
0
0
0
0
0
0
0
0
0
-1
0
0
0
1
0
0
0
1
0
0
0
0
0
0
0
0
0
0
1
0
1
0
-1
0
0
-1
0
0
0
-1
0
0
0
-1
0
-1
1
-1
1
0
0
0
0
0
1
0
1
0
0
0
0
0
0
0
0
0
0
0
1
0
0
-1
0
0
0
0
0
0
0
0
0
0
-1
0
0
1
0
0
-1
0
0
0
0
0
0
0
0
-1
0
1
0
0
0
0
1
0
0
0
0
0
-1
0
0
-1
0
0
0
0
0
0
0
0
0
0
0
1
1
1
1
0
0
-1
1
0
0
0
0
0
0
0
0
0
0
0
0
1
0
0
1
0
1
0
0
1
0
0
0
0
1
0
0
-1
0
0
1
1
0
0
-1
0
-1
-1
0
0
0
1
1
0
-1
0
1
0
0
0
0
1
0
1
-1
0
1
0
0
0
-1
0
0
0
1
0
-1
0
-1
-1
0
0
1
0
0
0
1
1
0
0
1
1
-1
0
-1
0
0
0
1
0
0
0
0
-1
0
0
-1
0
0
-1
-1
1
0
0
0
0
-1
0
1
0
0
0
-1
1
0
1
0
1
-1
0
0
0
-1
0
0
0
0
0
0
0
0
0
0
0
0
0
0
0
0
0
1
0
0
0
0
1
0
0
0
0
0
0
0
0
0
0
0
0
0
0
0
0
0
0
0
0
1
0
0
0
0
-1
0
0
1
0
0
0
0
0
-1
0
0
0
0
0
0
-1
0
0
-1
0
0
0
-1
0
0
0
0
-1
0
0
0
0
0
0
0
0
0
0
0
0
0
0
0
-1
0
0
0
-1
0
-1
0
-1
0
0
0
0
1
0
0
0
0
-1
1
0
0
0
0
0
1
0
0
0
0
0
0
1
0
0
0
0
-1
0
-1
0
0
0
0
0
0
0
0
0
0
0
0
0
0
0
0
0
1
0
1
1
0
1
0
0
0
0
0
1
0
1
0
0
0
1
0
0
-1
0
0
1
0
-1
0
0
0
0
-1
-1
1
0
0
1
0
0
1
0
0
0
-1
1
0
0
0
0
0
0
-1
0
0
0
0
0
0
0
0
0
0
0
0
0
0
0
0
0
0
0
0
-1
0
-1
0
-1
0
0
0
0
0
-1
0
-1
1
0
0
0
0
0
-1
0
-1
0
-1
0
0
0
0
-1
0
-1
0
1
0
0
0
0
0
0
1
0
0
0
0
0
0
-1
0
0
0
0
0
0
0
0
1
0
1
1
0
0
0
0
0
0
0
0
0
0
1
0
1
0
0
0
0
0
0
0
1
0
0
0
1
0
1
1
0
0
0
0
-1
0
0
1
0
0
0
0
0
0
0
0
0
0
0
0
0
-1
0
0
0
0
0
0
0
0
0
-1
0
1
0
0
0
0
0
0
0
-1
1
0
0
0
1
0
1
0
0
0
0
0
0
0
-1
0
1
0
0
0
1
0
0
0
0
-1
1
1
0
0
1
0
0
0
0
0
0
0
0
-1
0
0
0
0
1
0
0
0
0
0
0
-1
-1
1
0
0
1
0
0
-1
0
-1
1
0
1
0
0
0
0
1
-1
0
0
0
0
0
0
0
0
0
0
0
0
0
0
-1
0
0
0
0
1
0
0
0
0
0
0
0
0
-1
0
0
0
-1
0
0
1
0
-1
0
0
0
0
1
1
1
0
0
-1
0
0
-1
0
0
0
0
-1
0
0
0
0
0
0
1
0
0
0
0
0
1
0
0
0
0
0
0
0
-1
1
-1
0
-1
0
0
0
0
-1
0
0
0
0
0
0
0
0
0
1
0
0
0
0
0
0
0
0
0
0
0
0
0
0
-1
0
0
0
1
0
0
0
0
-1
0
-1
0
1
0
0
1
0
0
0
0
0
0
0
0
0
0
1
-1
0
-1
0
0
-1
0
0
0
0
-1
0
0
0
0
0
1
0
0
0
0
0
0
0
-1
0
0
0
0
0
0
-1
0
0
0
0
0
0
-1
0
-1
0
0
0
1
2
1
1
1
2
2
2
3
3
2
2
1
0
1
-1
-1
-1
-2
-1
-2
-5
-5
-6
-8
-8
-6
-5
-6
-5
-5
-5
-3
-1
0
1
3
3
2
4
4
3
4
4
5
3
2
2
3
1
0
-1
0
1
-1
-2
-4
-2
0
0
0
0
1
2
3
4
4
4
3
3
5
4
4
2
5
5
4
4
6
5
3
3
4
7
6
3
2
4
3
2
2
2
3
3
3
2
1
1
4
4
6
4
3
2
3
3
3
3
3
1
0
-1
0
-2
-2
-2
-4
-5
-7
-8
-6
-7
-9
-9
-9
-12
-13
-9
-6
-10
-18
-19
-14
-12
-15
-15
-13
-13
-17
-17
-10
-4
-6
-9
-10
-9
-9
-9
-7
-3
-4
-8
-13
-10
-5
-5
-6
-4
-4
-8
-13
-9
1
5
0
-4
-4
-3
-2
3
14
20
14
9
14
30
46
58
66
69
67
67
69
76
75
63
48
39
32
21
8
-3
-12
-25
-40
-46
-44
-40
-47
-56
-58
-52
-41
-32
-26
-25
-24
-21
-12
-1
8
14
16
18
19
17
13
10
11
15
18
16
3
-11
-17
-15
-8
-2
-6
-16
-23
-21
-12
2
16
23
25
23
22
27
37
44
47
48
43
35
26
23
21
15
4
-12
-18
-15
-23
-49
-70
-72
-68
-66
-58
-53
-63
-84
-90
-65
-38
-43
-60
-47
-15
-6
-16
-18
-10
-6
-6
-1
4
-10
-38
-54
-57
-73
-108
-124
-111
-111
-152
-189
-158
-114
-139
-160
-51
84
27
-139
-109
140
295
205
80
127
258
272
181
164
236
227
78
-35
20
88
-36
-261
-317
-180
-108
-241
-395
-375
-242
-167
-171
-145
-63
-6
14
115
298
365
256
223
452
720
708
475
356
463
604
617
558
511
428
266
137
166
266
219
28
-67
1
6
-158
-294
-251
-134
-77
-98
-181
-288
-355
-339
-211
-21
39
-137
-360
-346
-127
-28
-139
-256
-346
-518
-625
-413
-94
-236
-787
-997
-625
-211
-95
-115
-195
-413
-611
-473
63
659
816
422
-46
-86
271
669
863
859
697
339
-86
-234
-6
214
86
-262
-572
-760
-863
-921
-820
-488
-239
-379
-674
-685
-365
-37
90
133
255
426
564
675
792
855
821
740
652
566
503
466
384
156
-179
-417
-446
-424
-563
-764
-725
-474
-415
-676
-806
-514
-251
-502
-812
-316
904
1749
1521
767
428
720
1228
1668
1982
1967
1405
610
340
892
1578
1574
1017
611
544
524
489
640
991
1224
1075
736
493
169
-322
-450
-112
-166
-1077
-2396
-3557
-4277
-4866
-5902
-6917
-6681
-5303
-4170
-3370
-1979
-1102
-2179
-2880
-34
4686
6874
5634
3878
3510
3918
4749
6474
7951
6974
3835
1201
365
508
836
730
-569
-2625
-4102
-4931
-5955
-6559
-5411
-3392
-2803
-3593
-3662
-2922
-2959
-2845
-569
2083
1986
472
775
2377
3156
3638
4750
5115
3872
2667
2803
3369
3326
2980
2592
1600
220
-340
-101
-308
-881
-857
-951
-2173
-3216
-2799
-2164
-2399
-2563
-2084
-2028
-2840
-3128
-2042
-820
-508
-444
-38
128
-145
121
1204
1949
1932
1859
1711
1218
1117
1718
2013
1551
1055
779
307
-195
-220
39
-73
-615
-996
-1029
-1133
-1302
-1053
-587
-533
-724
-626
-402
-348
-177
341
822
881
706
683
848
1010
1177
1374
1349
1007
655
437
237
150
247
208
-137
-530
-819
-1031
-1048
-865
-743
-861
-1129
-1324
-1280
-1044
-752
-430
-258
-460
-692
-442
81
384
491
553
460
268
242
392
538
637
710
609
254
-59
17
271
220
-89
-273
-355
-507
-521
-313
-270
-559
-809
-821
-741
-529
-112
127
-139
-514
-477
-107
310
691
860
618
256
308
760
1081
972
670
462
344
338
575
831
683
234
-27
25
141
165
140
99
-72
-414
-546
-242
-8
-112
-67
151
-26
-392
-313
-1
154
379
665
564
94
-196
104
945
1696
1619
856
316
452
1009
1674
2094
1806
966
459
664
986
808
139
-725
-1444
-1938
-2678
-4067
-5781
-7352
-8256
-7078
-3208
229
-918
-5401
-7403
-4368
644
4380
6086
5303
2113
-605
603
5148
8940
9208
6612
3383
1422
1530
2836
3491
2789
1521
26
-2156
-4354
-4963
-3991
-3008
-2515
-2054
-2436
-4469
-6059
-4527
-1198
341
-385
-1150
-1282
-1287
-251
2328
4320
3917
2328
1498
1705
2590
3934
4778
4074
2463
1551
1520
1442
1410
1928
2028
717
-846
-1310
-1384
-1872
-2010
-1499
-1555
-2693
-3775
-3901
-3357
-2574
-1681
-1172
-1565
-2298
-2245
-1318
-221
808
1567
1377
484
329
1336
2324
2618
2638
2410
1608
856
1037
1682
1721
1170
649
108
-631
-979
-606
-292
-714
-1368
-1629
-1737
-1918
-1756
-1140
-730
-932
-1247
-1186
-920
-642
-163
408
585
379
273
324
394
713
1276
1517
1205
730
444
491
825
1009
687
149
-179
-342
-533
-700
-709
-580
-537
-768
-1092
-1173
-969
-705
-513
-377
-281
-276
-380
-348
54
576
789
679
506
480
699
1032
1221
1273
1256
1034
742
731
894
995
1194
1364
1035
476
474
1034
1408
1122
426
-31
130
660
1027
888
224
-482
-546
42
535
321
-590
-1708
-2386
-2433
-2529
-3473
-5253
-7165
-8086
-6677
-3021
-70
-927
-4370
-5898
-3447
818
4203
5678
4856
2241
363
1733
5565
8580
8654
6268
3302
1643
1979
3067
3178
2286
1369
249
-1738
-3666
-4104
-3452
-2973
-2588
-1922
-2099
-3859
-5259
-4109
-1532
-275
-716
-1356
-1599
-1444
-312
1579
2672
2299
1507
1161
1292
2025
3218
3796
3122
2140
1847
1853
1672
1894
2694
2851
1688
307
-290
-560
-916
-819
-359
-734
-2226
-3536
-3769
-3358
-2817
-2297
-2279
-3032
-3740
-3485
-2501
-1490
-666
-196
-369
-739
-409
639
1657
2331
2722
2575
1912
1540
2025
2820
3142
2925
2381
1542
722
483
777
933
643
75
-717
-1577
-1932
-1565
-1147
-1305
-1856
-2367
-2671
-2589
-2009
-1342
-1172
-1421
-1534
-1307
-850
-186
542
883
719
596
989
1666
2135
2235
2053
1793
1767
2030
2122
1683
1033
647
462
233
-22
-326
-882
-1510
-1680
-1376
-1217
-1497
-1811
-1821
-1660
-1495
-1314
-1175
-1130
-940
-348
366
655
560
614
910
1214
1631
2172
2282
1815
1489
1733
2120
2293
2280
2070
1677
1369
1310
1344
1206
798
265
-173
-422
-507
-534
-706
-1073
-1376
-1459
-1634
-2104
-2445
-2340
-2393
-3308
-4827
-6426
-7929
-8177
-5297
-441
1572
-1529
-5616
-5592
-1576
3082
6322
7196
4954
1191
-143
2773
7324
9771
8764
5432
2118
983
2244
3955
4292
3167
1172
-1434
-3790
-4386
-3250
-2283
-2346
-2412
-2459
-3785
-5548
-4984
-2061
-1
-425
-1656
-2172
-2176
-1533
398
2652
3262
2076
740
422
1283
3037
4536
4323
2656
1342
1197
1614
2299
3182
3263
1748
-261
-1062
-641
-116
90
4
-873
-2600
-3920
-3830
-2883
-2025
-1656
-2113
-3316
-4120
-3652
-2539
-1670
-1026
-572
-761
-1382
-1284
-48
1286
1869
2067
2128
1617
971
1447
2798
3377
2785
2039
1484
852
610
1206
1796
1341
176
-704
-1097
-1272
-1082
-571
-497
-1196
-1989
-2289
-2064
-1367
-679
-875
-1799
-2204
-1624
-752
-120
215
187
-96
-191
278
1203
1930
1838
1154
751
1069
1719
2055
1840
1381
1075
933
807
682
497
161
-240
-525
-564
-385
-373
-811
-1219
-1047
-617
-421
-411
-483
-555
-372
-6
226
487
992
1347
1221
918
897
1359
2087
2526
2413
1981
1432
945
956
1531
1927
1512
532
-389
-934
-1089
-1060
-1246
-1982
-3266
-4807
-6311
-7714
-8750
-8178
-5060
-1616
-1829
-5663
-8205
-6155
-1407
2786
4968
4451
1526
-873
614
5441
9621
10286
7806
4365
2465
3548
6272
7508
6144
3854
1870
-53
-1372
-1012
-44
-612
-2366
-3323
-3555
-4416
-5189
-4333
-2910
-3096
-4512
-5196
-4733
-3802
-2394
-750
-126
-793
-1271
-616
680
2333
4140
4715
3346
2043
2782
4471
5240
5293
5186
4227
2628
2160
3102
3549
2576
1256
275
-729
-1670
-2134
-2485
-3235
-4059
-4504
-4848
-5382
-5658
-5299
-4818
-4682
-4477
-3980
-3707
-3568
-2747
-1391
-443
66
674
1238
1589
2309
3601
4568
4558
4182
4231
4560
4737
4831
4804
4154
2953
2111
1992
1916
1332
376
-692
-1704
-2399
-2659
-2778
-3114
-3615
-3911
-3865
-3751
-3825
-3908
-3667
-3056
-2324
-1768
-1520
-1427
-1155
-441
645
1678
2190
2176
2148
2564
3355
3996
4056
3667
3294
3149
3123
3057
2761
2157
1583
1326
1042
419
-198
-495
-752
-1137
-1339
-1264
-1254
-1403
-1429
-1255
-1060
-869
-627
-440
-351
-173
191
579
806
811
619
285
-148
-698
-1459
-2661
-4393
-5984
-5914
-3445
-597
-697
-3910
-6440
-5494
-2279
886
2958
3062
812
-1751
-1589
1717
5594
7165
5521
2276
353
1307
3691
4939
4481
3405
1878
-266
-1368
-94
1517
1024
-521
-1096
-1192
-1782
-1948
-928
-72
-855
-2495
-3175
-2748
-2248
-1672
-719
-410
-1314
-2146
-1935
-1084
178
1534
1760
664
-60
574
1671
2491
3263
3740
3143
1932
1728
2839
3675
3308
2560
2008
1214
302
-26
120
75
-354
-1203
-2521
-3645
-3706
-3070
-2871
-3304
-3811
-4377
-5073
-5085
-3856
-2413
-2053
-2525
-2741
-2363
-1618
-551
642
1352
1373
1246
1444
2009
2953
3974
4295
3784
3404
3670
3933
3738
3505
3449
3125
2319
1539
1228
1049
530
-118
-567
-1088
-1846
-2297
-2258
-2457
-3230
-3858
-3821
-3478
-3177
-2882
-2718
-2789
-2736
-2287
-1592
-792
-74
168
56
330
1195
2083
2592
2756
2717
2667
2845
3283
3712
3707
3105
2340
2034
2308
2733
2778
2203
1253
445
134
303
623
585
-44
-965
-1682
-1899
-1643
-1327
-1342
-1564
-1811
-2298
-3014
-3473
-3574
-3837
-4637
-5867
-6866
-6456
-4243
-1984
-1859
-3394
-4210
-3288
-1227
1476
3977
4504
2679
876
1515
4252
6818
7473
6199
4237
3009
3184
4235
4941
4562
3159
1088
-734
-1067
-224
-112
-1295
-2375
-2760
-3210
-3662
-3272
-2445
-2467
-3356
-3901
-3602
-3058
-2546
-1766
-997
-930
-1368
-1425
-769
352
1635
2501
2411
1838
1867
2666
3571
4316
4794
4440
3370
2890
3587
4369
4235
3454
2530
1563
770
449
408
111
-713
-1918
-3075
-3677
-3620
-3457
-3711
-4167
-4458
-4808
-5350
-5472
-4749
-3777
-3250
-3082
-2968
-2877
-2540
-1510
-61
973
1276
1209
1150
1474
2494
3825
4509
4207
3556
3235
3364
3761
4169
4183
3468
2296
1424
1179
1199
1128
842
158
-898
-1821
-2278
-2466
-2515
-2419
-2493
-3031
-3696
-3911
-3620
-3137
-2633
-2221
-2117
-2257
-2103
-1308
-258
461
753
865
1011
1374
2027
2763
3213
3179
2819
2581
2821
3317
3449
2986
2322
1877
1643
1450
1244
972
501
-183
-846
-1200
-1264
-1378
-1743
-2127
-2236
-2105
-1835
-1298
-575
-321
-828
-1245
-639
725
1877
2201
1709
987
773
1369
2509
3345
2825
1102
-368
-847
-921
-1242
-2303
-4060
-5057
-4374
-3497
-3565
-3536
-3292
-4188
-5203
-3720
-585
657
-615
-1658
-1036
101
969
2001
2915
2762
1792
1270
1828
3067
3976
3540
2083
1324
1933
2470
1932
1328
1538
1704
1129
747
1226
1408
344
-756
-554
-7
-570
-1531
-1516
-1034
-1273
-1871
-1926
-1691
-1700
-1694
-1446
-1312
-1386
-1372
-1204
-869
-185
476
456
218
817
1917
2273
1979
2104
2600
2652
2400
2500
2726
2395
1588
1014
1014
1235
1115
468
-407
-1085
-1407
-1541
-1698
-1949
-2359
-3001
-3645
-3734
-3162
-2676
-2868
-3238
-3091
-2652
-2353
-1944
-1244
-726
-660
-600
-101
707
1412
1799
2034
2346
2654
2787
2921
3301
3709
3691
3236
2775
2586
2532
2405
2145
1705
985
104
-488
-545
-504
-926
-1753
-2620
-3265
-3431
-3089
-2741
-2793
-3041
-3232
-3329
-3087
-2274
-1333
-961
-1133
-1236
-927
-328
423
1202
1683
1629
1338
1359
1810
2324
2646
2768
2561
1991
1607
1837
2142
1925
1420
955
491
128
16
-16
-136
-403
-861
-1244
-1295
-1258
-1244
-976
-633
-642
-764
-594
-253
144
696
1258
1582
1583
1379
1369
1872
2494
2565
2049
1453
1127
968
677
228
-299
-1224
-2776
-4482
-5697
-5889
-4496
-2345
-2042
-4597
-7300
-7148
-4406
-1341
423
325
-1343
-3050
-2666
352
3883
5175
3710
1370
446
1915
4681
6319
5559
3546
2071
1819
2709
4101
4519
3008
866
219
1147
1920
1651
881
-85
-1392
-2386
-2109
-1075
-923
-2093
-3357
-3697
-3346
-2876
-2459
-2226
-2386
-2804
-2973
-2461
-1320
-219
83
-301
-366
365
1284
1955
2660
3243
2995
2224
2236
3253
4024
3759
2974
2305
1760
1294
1145
1277
1108
236
-935
-1655
-1705
-1524
-1616
-2070
-2632
-3077
-3338
-3324
-2894
-2269
-2094
-2602
-3062
-2693
-1707
-843
-340
-97
-179
-431
-232
698
1737
2136
1858
1386
1195
1516
2197
2778
2875
2460
1778
1313
1493
2107
2349
1744
746
121
28
116
196
217
-166
-1105
-1907
-1870
-1365
-1225
-1570
-1986
-2293
-2485
-2391
-1934
-1447
-1364
-1681
-1970
-1855
-1320
-674
-286
-251
-332
-316
-170
171
796
1422
1594
1364
1278
1546
1860
2016
2125
2179
2028
1756
1637
1729
1776
1535
1103
824
805
797
629
411
207
-45
-265
-260
-106
-74
-187
-210
-86
-65
-262
-372
-114
304
441
238
-1
-77
31
244
275
-127
-731
-1215
-1697
-2422
-3421
-4579
-5197
-4237
-2158
-1294
-2907
-5172
-5494
-3550
-861
1188
1706
257
-1933
-2172
570
3977
5170
3822
1667
557
1440
3708
5405
5077
3163
1231
569
1504
3075
3560
2282
501
-190
282
1019
1509
1513
622
-972
-2003
-1547
-333
188
-427
-1465
-2228
-2529
-2329
-1673
-990
-927
-1623
-2442
-2595
-1917
-968
-417
-391
-560
-687
-687
-306
620
1570
1777
1282
871
1015
1479
1920
2179
2086
1592
1006
757
992
1403
1404
727
-137
-530
-468
-388
-450
-647
-1134
-1838
-2222
-1964
-1496
-1430
-1783
-2091
-2093
-1868
-1532
-1158
-931
-1009
-1215
-1096
-472
232
483
355
316
536
844
1146
1380
1410
1243
1111
1188
1454
1705
1608
1088
628
723
1144
1307
1090
732
311
-97
-216
1
170
-7
-403
-724
-836
-801
-732
-690
-753
-984
-1270
-1378
-1236
-963
-719
-633
-706
-778
-711
-513
-235
66
280
279
120
77
334
824
1287
1403
1164
950
1006
1250
1570
1795
1698
1359
1116
1194
1624
2179
2325
1750
897
507
838
1524
1885
1456
441
-440
-582
27
653
426
-736
-2099
-2938
-3160
-3270
-3877
-5078
-6066
-5761
-4396
-3595
-4245
-5374
-5645
-4760
-2993
-834
462
-193
-1745
-1788
371
2995
4285
4008
2912
2060
2464
4169
5869
6137
4869
3255
2565
3120
4211
4654
3776
2247
1372
1415
1672
1845
1822
975
-621
-1573
-1234
-736
-1010
-1633
-2175
-2824
-3404
-3348
-2832
-2670
-3041
-3404
-3457
-3310
-2970
-2414
-1901
-1649
-1488
-1122
-512
214
940
1452
1590
1676
2099
2615
2887
3067
3183
2976
2667
2653
2703
2454
2037
1622
1216
909
663
235
-421
-1097
-1573
-1766
-1844
-2026
-2303
-2634
-3021
-3155
-2805
-2393
-2342
-2384
-2244
-2119
-1990
-1487
-733
-317
-351
-408
-248
122
708
1318
1570
1467
1386
1489
1698
2038
2437
2536
2166
1698
1537
1601
1617
1529
1319
844
172
-303
-372
-258
-225
-373
-728
-1201
-1564
-1631
-1416
-1115
-995
-1166
-1427
-1493
-1297
-948
-576
-338
-370
-599
-735
-520
35
601
825
715
587
619
774
1080
1501
1706
1494
1219
1260
1488
1659
1843
2023
1887
1430
1169
1409
1803
1855
1506
1060
736
531
445
520
570
265
-313
-696
-721
-776
-1253
-2157
-3231
-4226
-4914
-4960
-4169
-3155
-3173
-4573
-5950
-5731
-4053
-2234
-1109
-872
-1576
-2538
-2217
-73
2326
3140
2307
1073
640
1626
3614
5054
4738
3183
1896
1838
2957
4372
4748
3462
1596
950
1938
3260
3647
2895
1407
-100
-545
461
1670
1515
47
-1420
-2037
-1853
-1257
-860
-1313
-2486
-3400
-3409
-2865
-2402
-2311
-2663
-3189
-3189
-2365
-1419
-1081
-1162
-1166
-1009
-605
229
1111
1369
1129
1089
1397
1733
2080
2450
2504
2166
1906
1934
1960
1880
1843
1697
1224
689
440
314
51
-208
-368
-708
-1277
-1641
-1622
-1560
-1627
-1670
-1750
-2003
-2156
-1889
-1456
-1263
-1268
-1254
-1198
-1023
-551
58
371
354
375
590
885
1259
1658
1777
1523
1276
1305
1461
1575
1598
1408
991
653
628
682
471
9
-411
-574
-527
-539
-794
-1157
-1414
-1520
-1446
-1210
-1083
-1295
-1592
-1558
-1205
-843
-647
-603
-645
-658
-500
-114
332
540
438
297
372
615
852
1032
1160
1205
1176
1131
1101
1153
1349
1554
1548
1366
1224
1167
1132
1159
1235
1183
988
873
861
705
431
363
597
849
842
597
333
171
68
25
74
58
-196
-552
-797
-1007
-1391
-2073
-3044
-4023
-4491
-4189
-3469
-3033
-3339
-4225
-4943
-4689
-3330
-1606
-588
-790
-1656
-1965
-979
826
2329
2804
2308
1470
1235
2197
3769
4578
3992
2760
1992
2123
2891
3627
3566
2541
1373
1086
1756
2569
2728
2039
865
-97
-252
317
808
517
-466
-1491
-2045
-2021
-1634
-1352
-1635
-2411
-3083
-3208
-2891
-2444
-2096
-2053
-2334
-2546
-2278
-1606
-917
-426
-166
-128
-84
299
971
1504
1660
1604
1576
1660
1846
2078
2236
2195
1959
1702
1596
1628
1668
1561
1225
807
506
314
149
55
-40
-329
-726
-943
-999
-1122
-1314
-1438
-1516
-1619
-1684
-1637
-1519
-1415
-1336
-1249
-1125
-957
-779
-599
-390
-163
33
217
448
715
919
1006
1030
1078
1179
1306
1427
1478
1348
1076
848
757
747
759
697
429
3
-327
-438
-454
-527
-696
-933
-1177
-1316
-1287
-1189
-1210
-1359
-1465
-1439
-1347
-1228
-1091
-1015
-1006
-919
-674
-377
-147
11
142
314
594
926
1134
1178
1220
1352
1464
1505
1559
1629
1587
1430
1333
1343
1287
1057
800
687
646
510
301
145
-15
-298
-548
-550
-404
-337
-371
-405
-384
-256
-83
-33
-84
58
495
930
1066
952
810
792
993
1354
1514
1145
455
-72
-315
-574
-1154
-2158
-3334
-3958
-3471
-2425
-2071
-2906
-4205
-4916
-4397
-2686
-817
-316
-1494
-2822
-2637
-932
1028
2097
1869
763
-45
543
2311
3758
3691
2418
1255
1195
2191
3349
3658
2816
1539
948
1478
2496
2964
2356
1050
9
-62
622
1155
882
-65
-1053
-1502
-1284
-812
-713
-1274
-2117
-2579
-2409
-1958
-1697
-1768
-2005
-2165
-2012
-1479
-824
-459
-500
-574
-293
300
863
1210
1361
1376
1391
1584
1917
2116
2000
1683
1443
1430
1489
1391
1138
863
601
357
165
-39
-326
-625
-843
-1005
-1145
-1259
-1381
-1503
-1538
-1452
-1341
-1306
-1316
-1286
-1180
-984
-695
-418
-332
-423
-411
-88
396
735
822
728
556
505
780
1240
1454
1257
922
766
845
1057
1221
1118
691
205
-11
84
250
262
56
-292
-622
-759
-662
-490
-444
-583
-820
-1017
-1061
-924
-727
-663
-783
-957
-1038
-970
-776
-553
-443
-508
-666
-744
-609
-286
27
116
-32
-222
-247
-54
279
576
615
355
79
144
554
958
1038
801
491
341
433
666
835
776
497
187
82
256
512
598
457
227
66
91
325
594
616
307
-36
-13
415
847
905
646
399
396
671
1066
1264
1052
646
522
861
1322
1448
1145
705
436
431
543
485
43
-694
-1433
-1976
-2341
-2584
-2695
-2683
-2671
-2781
-3025
-3300
-3409
-3071
-2228
-1298
-893
-1165
-1638
-1683
-1006
154
1135
1358
846
224
163
824
1745
2212
1896
1168
707
847
1376
1861
1965
1659
1243
1108
1359
1730
1852
1597
1188
947
966
1084
1125
1019
787
495
247
109
35
-107
-352
-598
-774
-924
-1065
-1158
-1213
-1263
-1295
-1299
-1285
-1245
-1171
-1096
-1023
-921
-807
-704
-560
-354
-185
-157
-210
-201
-77
114
303
389
293
98
33
200
448
563
474
265
84
42
135
257
280
160
-35
-157
-119
16
94
38
-89
-179
-178
-69
130
284
247
77
7
125
316
472
544
486
332
257
382
599
721
680
523
361
315
405
486
425
255
81
-42
-90
-46
-12
-110
-299
-435
-485
-519
-552
-562
-592
-680
-746
-704
-608
-573
-593
-586
-544
-493
-416
-316
-282
-326
-326
-215
-70
39
107
121
75
50
127
260
348
364
304
211
208
346
514
574
513
377
241
227
384
555
553
411
278
214
187
213
290
309
206
65
-7
-6
17
10
-37
-70
-52
-30
-49
-86
-123
-161
-176
-144
-112
-147
-238
-305
-294
-227
-183
-224
-326
-401
-411
-360
-284
-242
-300
-395
-381
-225
-68
-32
-116
-235
-281
-180
28
171
113
-90
-225
-150
78
295
367
258
62
-32
99
358
523
489
339
207
164
214
307
365
329
220
128
129
193
220
167
80
-3
-81
-137
-134
-101
-130
-231
-297
-266
-237
-293
-357
-338
-280
-250
-248
-267
-319
-362
-322
-222
-169
-219
-290
-265
-141
-15
30
6
-17
36
177
329
412
416
411
467
594
704
703
601
500
498
600
724
757
658
515
463
533
641
689
637
503
384
378
472
533
452
244
11
-151
-211
-233
-311
-487
-702
-864
-931
-935
-926
-946
-1007
-1082
-1102
-1042
-957
-905
-873
-848
-848
-844
-771
-662
-598
-579
-553
-512
-469
-406
-313
-218
-150
-92
-18
78
172
254
329
391
434
477
542
628
709
766
790
792
800
825
833
811
785
776
772
759
728
654
522
392
330
333
331
271
164
69
16
6
11
-7
-70
-142
-173
-152
-118
-119
-185
-289
-374
-407
-377
-313
-277
-307
-374
-425
-426
-382
-306
-236
-238
-311
-371
-370
-337
-299
-257
-214
-200
-218
-237
-226
-188
-136
-87
-47
-30
-37
-40
-6
67
146
187
188
183
196
229
286
353
376
325
258
252
309
374
400
374
300
237
238
280
293
230
101
-32
-92
-59
-27
-73
-172
-255
-293
-278
-222
-197
-258
-358
-379
-306
-213
-158
-151
-174
-197
-160
-53
62
114
91
38
17
71
190
298
329
296
259
257
293
338
333
240
111
15
-23
-11
14
-4
-93
-222
-327
-372
-358
-313
-282
-305
-395
-499
-527
-448
-309
-179
-115
-144
-204
-197
-72
117
257
260
149
60
120
314
508
554
416
203
101
194
381
468
350
101
-89
-87
50
148
83
-113
-308
-373
-272
-118
-87
-226
-391
-417
-281
-90
28
3
-119
-198
-120
90
288
340
237
107
93
220
393
482
432
300
202
224
338
423
377
220
77
42
104
160
132
16
-113
-167
-123
-71
-119
-263
-394
-425
-363
-280
-263
-339
-434
-455
-386
-292
-231
-218
-227
-216
-159
-87
-37
-7
24
59
93
126
152
170
181
192
193
169
127
91
84
90
79
35
-19
-59
-69
-54
-33
-41
-92
-151
-171
-134
-74
-37
-32
-55
-83
-86
-35
48
116
126
94
60
62
118
203
278
290
240
180
167
212
275
308
289
231
165
119
100
103
105
87
37
-31
-98
-142
-155
-144
-140
-174
-240
-302
-321
-291
-238
-193
-179
-186
-184
-146
-83
-24
2
5
9
30
71
117
146
148
138
142
172
211
237
235
210
181
163
161
163
146
105
52
14
0
-10
-44
-101
-165
-204
-210
-201
-207
-251
-320
-368
-354
-287
-223
-211
-255
-309
-311
-244
-127
-33
-6
-36
-56
-11
91
200
256
242
193
168
197
254
280
249
185
132
115
120
116
84
32
-4
-2
22
32
5
-36
-56
-36
8
47
49
11
-35
-54
-28
17
44
32
-2
-34
-40
-30
-23
-26
-37
-42
-31
-15
-20
-56
-96
-101
-59
-5
18
-6
-53
-76
-61
-17
17
17
-7
-33
-39
-25
-9
1
6
13
21
23
25
35
61
91
112
117
115
122
146
179
193
170
126
101
117
154
172
135
57
-15
-34
5
56
65
8
-76
-131
-122
-68
-22
-33
-92
-155
-166
-118
-50
-15
-38
-97
-139
-125
-65
-6
-3
-54
-115
-135
-97
-35
-1
-25
-94
-154
-153
-97
-41
-39
-95
-164
-192
-155
-83
-33
-45
-99
-138
-115
-37
43
80
68
41
43
88
158
203
206
176
150
156
189
222
226
196
145
108
101
119
138
129
89
36
0
-2
24
51
50
13
-41
-77
-70
-33
2
-3
-48
-103
-132
-120
-82
-54
-67
-112
-159
-172
-146
-109
-94
-109
-130
-130
-100
-55
-27
-30
-46
-40
-2
43
63
47
22
23
64
121
149
126
76
47
76
140
183
160
88
19
3
47
98
99
34
-56
-107
-88
-26
15
-5
-70
-125
-123
-65
1
26
-1
-46
-65
-34
21
58
54
23
-1
4
34
61
66
45
16
1
8
25
37
32
12
-11
-30
-36
-29
-19
-19
-39
-69
-88
-82
-55
-28
-19
-37
-65
-76
-55
-14
17
15
-13
-37
-29
12
54
66
43
10
1
30
73
99
90
57
33
39
71
97
95
61
18
-6
-3
14
15
-12
-55
-90
-102
-93
-81
-81
-98
-123
-135
-128
-106
-80
-67
-66
-70
-66
-46
-16
12
29
35
40
46
61
77
90
97
99
94
87
78
70
65
62
57
45
28
7
-10
-14
-11
-9
-18
-36
-53
-54
-40
-27
-26
-38
-48
-44
-25
-7
-3
-13
-21
-15
8
32
44
38
27
27
46
70
81
72
52
42
47
57
59
40
15
-3
-6
-5
-13
-35
-58
-69
-69
-65
-68
-78
-91
-93
-81
-67
-60
-66
-73
-66
-44
-17
-3
-6
-13
-7
15
42
57
52
40
34
40
59
70
67
50
34
30
38
49
52
43
27
21
23
34
43
39
29
19
17
22
30
34
27
15
5
4
15
28
31
19
2
-8
-2
13
22
14
-8
-32
-42
-34
-24
-28
-52
-86
-109
-109
-94
-82
-92
-120
-145
-149
-129
-99
-82
-87
-101
-106
-88
-52
-15
8
10
8
17
45
83
118
132
130
126
133
153
175
183
170
148
130
125
128
125
105
69
33
10
4
4
-11
-39
-71
-90
-89
-82
-83
-97
-117
-127
-119
-98
-82
-86
-101
-104
-87
-58
-37
-32
-37
-39
-26
2
32
48
46
38
41
59
85
99
97
83
72
73
81
90
90
77
60
48
41
43
40
30
14
-4
-14
-21
-23
-28
-36
-47
-60
-68
-69
-67
-64
-64
-72
-77
-77
-69
-56
-45
-40
-40
-40
-34
-21
-6
4
5
2
0
6
18
27
29
22
13
10
13
19
24
22
15
10
10
18
24
25
20
12
9
15
23
28
24
15
9
8
13
19
18
12
5
4
8
14
16
10
3
1
4
12
14
8
-2
-7
-4
5
9
3
-10
-22
-23
-14
-7
-8
-19
-32
-36
-30
-20
-15
-20
-28
-31
-24
-13
-5
-6
-10
-10
-3
7
15
15
12
11
17
26
32
32
26
22
24
31
35
32
22
13
10
14
17
14
4
-6
-12
-10
-5
-3
-9
-20
-26
-26
-21
-13
-12
-18
-23
-23
-16
-7
-3
-5
-10
-17
-16
-11
-5
-5
-9
-15
-19
-16
-10
-1
2
1
-3
-3
1
8
15
17
15
11
10
13
20
24
22
18
11
10
11
15
16
12
6
-1
-2
-1
3
3
1
-7
-12
-13
-9
-4
-2
-3
-11
-15
-13
-9
-1
1
-2
-6
-7
-5
1
4
4
0
-4
-4
0
2
3
0
-4
-5
-3
-1
2
0
-2
-2
0
3
4
4
3
4
7
8
9
8
6
4
5
7
7
5
1
-1
-1
-2
-2
-4
-7
-9
-11
-7
-5
-4
-5
-4
-4
0
3
6
8
8
10
12
15
18
17
21
21
22
23
22
21
20
19
17
15
12
8
4
-1
-4
-8
-10
-13
-17
-21
-24
-27
-28
-28
-28
-27
-28
-27
-28
-24
-21
-18
-16
-15
-15
-10
-5
-2
0
0
2
4
7
10
11
11
10
11
15
17
17
17
14
14
15
16
15
13
9
7
6
6
3
2
-2
-3
-4
-2
-2
-4
-6
-8
-7
-3
-1
-3
-5
-7
-4
-2
2
3
1
-1
2
3
7
8
7
5
4
6
7
9
7
5
2
0
1
1
0
-2
-4
-5
-7
-5
-4
-4
-5
-6
-7
-5
-4
-3
-2
-4
-4
-4
-2
-1
-1
-3
-3
-2
-2
0
-1
-3
-3
-2
0
1
0
-2
-2
-1
2
2
2
-1
0
0
4
8
11
11
8
6
8
8
11
11
8
4
6
7
9
9
8
2
0
0
1
2
1
-3
-7
-9
-8
-5
-4
-7
-9
-12
-12
-8
-5
-2
-3
-6
-6
-5
1
2
5
3
-1
1
3
5
6
6
3
2
2
3
4
4
1
-1
-3
-3
-4
-3
-4
-7
-9
-10
-8
-7
-7
-7
-8
-9
-8
-4
-3
-4
-4
-4
-3
0
3
5
5
5
4
9
10
13
12
10
10
12
14
14
12
10
7
7
8
8
5
4
0
-3
-2
-3
-3
-6
-8
-11
-11
-11
-11
-9
-10
-10
-11
-11
-8
-6
-3
-3
-2
-3
-1
2
3
4
4
4
5
7
10
8
7
8
7
8
8
7
6
5
3
1
0
0
0
-1
-1
-4
-4
-6
-5
-6
-6
-7
-7
-6
-7
-4
-2
-1
-1
0
1
1
2
3
2
6
4
4
5
4
5
5
5
6
4
6
5
3
1
-1
1
1
1
-1
-1
-2
-3
-3
-2
-4
-4
-5
-3
-4
-5
-3
-5
-4
-3
-3
-2
-2
-1
0
0
1
1
2
3
2
4
3
3
3
3
1
3
2
3
3
2
1
1
0
0
1
1
1
0
0
0
1
0
1
0
0
1
0
0
1
0
0
0
0
0
0
0
0
0
0
0
-1
1
0
0
0
0
0
0
0
-1
-1
0
0
1
-1
-1
-1
-1
0
1
-1
-1
-1
0
1
0
0
0
0
0
0
0
1
1
0
2
2
1
2
1
1
0
0
1
2
2
2
1
-1
-1
0
0
1
0
-1
-2
-2
-1
0
0
-1
-1
-1
-1
-1
-1
0
-2
-2
-2
-2
-2
-3
-5
-3
-2
-2
0
0
-1
0
0
1
2
1
0
-1
0
1
2
1
0
0
0
0
1
2
3
3
2
3
6
6
5
2
2
2
3
3
6
8
7
4
6
12
16
15
11
7
6
6
9
10
8
4
2
1
2
5
14
24
26
20
13
11
14
18
18
13
6
-1
-3
-1
1
2
-3
-11
-18
-18
-9
5
8
3
-9
-25
-36
-34
-18
5
16
11
8
4
-9
-11
15
39
38
28
24
16
-2
-12
-9
-2
2
1
-8
-13
-6
-2
-4
0
7
-3
-18
-22
-22
-33
-29
-11
-14
-48
-74
-71
-51
-35
-25
-19
-11
1
-19
-57
-49
-22
-33
-40
-35
-53
-49
-25
-40
-58
-35
-17
-18
2
10
-15
-15
-1
-25
-53
-52
-21
25
21
-34
-50
-37
-35
2
53
52
35
35
11
2
50
69
57
76
88
70
77
86
82
113
145
143
150
166
147
107
70
52
57
65
66
67
44
-2
-27
-26
-33
-60
-82
-87
-79
-53
-29
-38
-60
-80
-81
-20
18
-32
-54
-34
-34
8
65
35
-19
-32
-33
0
49
36
-23
-52
-63
-56
-27
-27
-45
-23
11
18
7
8
18
2
-28
-45
-51
10
91
57
-16
-7
-4
-36
-11
55
86
70
12
-47
-53
-42
-34
-1
-3
-65
-92
-64
-25
-4
-55
-139
-135
-59
15
67
50
-12
-41
-70
-87
-21
39
16
-38
-65
-48
-28
-46
-52
-32
-43
-80
-81
-53
-41
-32
-18
-14
15
61
85
111
115
65
34
78
145
149
58
-44
-71
-28
36
56
19
-42
-99
-136
-142
-114
-72
-39
-19
1
10
-8
-43
-52
3
98
150
107
-7
-136
-222
-223
-141
-22
56
95
104
78
31
-92
-282
-381
-345
-216
104
757
1568
1792
690
-1572
-3352
-2457
974
4164
4621
1797
-2020
-3275
-1734
139
1348
2067
2662
3357
2774
428
-1118
-567
566
1573
2625
3074
2282
344
-2248
-4680
-5312
-2954
618
2455
1817
-859
-4961
-8194
-7750
-3815
343
2165
1842
351
-1978
-4115
-4240
-2252
323
3014
5648
6272
3587
-537
-3159
-2718
451
4168
6204
6097
4093
630
-2534
-3739
-2840
12
3724
5285
3302
-291
-3762
-6255
-6033
-2897
500
2280
2494
950
-2234
-5303
-6297
-4582
-929
2806
4740
4077
1308
-1847
-3255
-2180
412
3329
5626
6233
4594
1468
-1546
-2940
-1970
821
3667
4710
3314
330
-2742
-4587
-4511
-2694
-173
1760
2184
805
-1737
-3968
-4582
-3345
-914
1617
3002
2582
860
-1086
-2369
-2389
-985
1237
3130
3687
2559
344
-1737
-2631
-1982
-191
1726
2689
2210
639
-1146
-2317
-2498
-1666
-57
1563
2195
1538
106
-1388
-2216
-1818
-359
1317
2406
2441
1382
-186
-1335
-1517
-745
587
1784
2162
1533
258
-1095
-1957
-1918
-1035
139
898
790
-147
-1314
-1974
-1886
-1317
-494
436
1073
1022
440
-245
-772
-857
-187
966
1767
1717
1056
235
-416
-652
-374
271
829
846
315
-442
-1041
-1226
-1068
-742
-385
-119
60
-21
-426
-676
-580
-350
112
748
1071
946
682
476
378
484
749
920
867
719
582
324
-141
-501
-523
-364
-168
-131
-459
-887
-1105
-1178
-1144
-851
-329
21
-88
-412
-542
-283
220
623
816
911
886
687
504
564
728
666
446
348
423
451
88
-557
-897
-771
-504
-296
-295
-586
-954
-1157
-1064
-654
-144
217
373
310
111
-30
30
368
851
1194
1279
1160
893
546
304
348
547
644
636
540
158
-511
-1047
-1136
-952
-693
-364
-171
-402
-895
-1237
-1296
-1088
-561
88
467
495
357
81
-275
-347
104
791
1237
1262
977
514
4
-368
-447
-150
400
821
796
245
-681
-1438
-1477
-866
-92
447
582
264
-520
-1350
-1392
-495
488
944
1052
977
670
230
-174
-420
-329
241
1041
1372
896
154
-388
-743
-753
-329
77
91
-152
-428
-694
-830
-695
-431
-166
180
494
513
201
-279
-597
-398
230
838
1148
1080
618
38
-276
-301
-168
77
259
180
-88
-369
-606
-753
-751
-601
-336
-58
53
-42
-195
-317
-389
-241
289
928
1197
1026
668
296
129
305
606
858
1035
898
355
-243
-543
-506
-307
-113
-41
-219
-588
-808
-816
-840
-830
-632
-399
-306
-312
-316
-292
-261
-230
-139
94
416
646
667
512
265
69
83
283
455
458
346
198
49
-73
-162
-215
-156
25
124
-26
-305
-484
-442
-242
-12
135
131
22
-86
-109
-12
102
136
192
293
343
336
275
141
-2
-53
13
81
60
0
-25
-37
-67
-109
-118
-55
59
103
7
-73
8
164
200
97
17
11
-10
-2
73
75
-38
-167
-259
-293
-256
-156
-49
-17
-131
-311
-358
-230
-67
71
185
238
215
115
-11
-18
130
316
421
413
338
199
-21
-229
-285
-145
57
125
-2
-212
-369
-398
-285
-118
-34
-49
-63
-55
-100
-159
-103
39
124
119
111
140
117
37
23
58
53
34
37
73
115
94
30
4
46
112
148
121
26
-94
-122
-35
53
75
60
9
-85
-176
-214
-205
-163
-118
-105
-119
-124
-131
-145
-126
-32
98
185
203
191
176
162
140
117
104
143
241
321
304
208
104
10
-77
-141
-183
-204
-179
-95
-35
-80
-186
-270
-313
-304
-216
-97
-37
-39
-53
-68
-70
-33
52
159
255
294
239
116
22
24
114
219
275
257
185
86
-17
-88
-104
-92
-94
-104
-112
-140
-201
-263
-290
-274
-208
-93
39
131
137
59
-45
-88
-21
109
222
268
246
174
76
-5
-32
-1
44
53
10
-59
-116
-125
-83
-18
30
44
22
-17
-56
-90
-100
-71
-21
30
69
69
14
-52
-88
-83
-25
70
122
82
0
-56
-64
-18
56
111
131
134
103
10
-97
-139
-104
-29
66
169
216
165
34
-110
-200
-190
-93
44
140
132
24
-121
-230
-244
-139
35
188
264
248
132
-37
-157
-168
-94
30
166
250
221
90
-82
-226
-268
-183
-19
124
184
156
57
-72
-166
-175
-99
9
88
90
14
-107
-209
-237
-163
-18
113
148
92
13
-49
-91
-110
-92
-32
63
158
194
140
29
-75
-117
-76
32
147
207
185
96
-21
-115
-146
-114
-40
47
104
89
3
-101
-163
-156
-81
21
100
121
71
-31
-134
-194
-180
-88
40
112
90
5
-94
-167
-174
-84
64
188
232
188
85
-19
-75
-67
-1
98
172
160
58
-77
-183
-217
-171
-54
74
143
131
52
-50
-108
-89
-12
91
176
220
220
168
78
-13
-80
-74
23
142
189
127
4
-105
-155
-113
2
112
146
104
21
-71
-157
-199
-171
-78
37
113
99
12
-86
-150
-162
-108
-3
95
111
30
-93
-186
-215
-197
-156
-97
-24
34
43
-4
-75
-104
-62
26
111
170
205
199
137
53
10
36
109
180
212
178
90
-16
-100
-138
-122
-72
-29
-26
-64
-119
-160
-162
-121
-54
1
12
-19
-60
-65
-29
22
76
121
122
62
-16
-48
-16
44
97
119
99
41
-26
-64
-63
-34
1
30
38
24
-21
-94
-171
-206
-176
-99
-15
45
42
-22
-86
-99
-53
24
86
138
164
131
70
14
-27
-5
65
127
145
94
-5
-94
-115
-54
43
126
162
139
70
-5
-55
-62
-16
70
151
174
113
-2
-105
-150
-133
-81
-14
41
57
22
-59
-153
-202
-179
-98
14
107
122
48
-49
-105
-108
-61
16
99
152
151
83
-32
-141
-183
-122
14
146
193
128
-19
-171
-236
-178
-44
88
152
122
22
-81
-126
-90
7
126
206
203
116
-5
-105
-153
-130
-48
57
132
143
83
-24
-135
-185
-137
-11
125
194
164
52
-93
-193
-187
-86
33
101
94
27
-71
-155
-174
-101
31
146
177
110
-8
-110
-154
-128
-46
43
97
89
26
-59
-119
-116
-56
30
106
144
128
62
-23
-73
-58
5
78
118
105
48
-18
-70
-85
-50
19
73
81
52
-2
-61
-97
-76
-3
79
124
114
46
-52
-125
-128
-72
2
59
84
64
6
-42
-47
-18
26
56
54
9
-55
-108
-131
-118
-59
29
96
102
60
-2
-63
-100
-83
-16
57
99
94
48
-17
-61
-61
-5
74
127
125
71
-14
-91
-123
-98
-22
69
139
149
91
-3
-83
-120
-102
-38
36
79
77
40
-5
-43
-52
-29
11
44
51
32
-1
-33
-54
-55
-34
1
34
49
38
4
-32
-53
-34
22
81
102
69
1
-62
-87
-72
-40
-19
-18
-35
-56
-69
-71
-54
-21
14
29
21
3
-11
-13
0
28
61
78
75
54
27
0
-18
-19
-4
13
14
-8
-34
-47
-36
-9
19
41
47
34
-1
-45
-74
-77
-50
-11
16
19
-3
-34
-53
-45
-17
18
44
59
60
52
37
23
17
18
14
6
-1
-2
0
-2
-9
-19
-26
-27
-26
-26
-20
-5
9
13
5
-6
-17
-26
-23
2
39
68
74
55
25
2
-4
9
25
37
42
40
30
7
-18
-32
-33
-28
-20
-8
1
-1
-10
-13
-1
19
32
29
10
-13
-27
-26
-17
-6
-1
2
4
2
-3
-6
-8
-9
-10
-7
-2
-2
-6
-6
3
18
24
19
5
-3
-5
-5
-7
-3
6
20
26
19
5
-9
-22
-35
-46
-49
-42
-28
-26
-37
-58
-71
-68
-47
-18
8
26
32
26
14
9
20
36
47
51
51
50
40
24
4
-11
-16
-13
-1
10
5
-12
-28
-30
-19
-7
-6
-13
-20
-21
-12
0
8
8
6
9
15
25
35
45
50
44
33
17
3
-6
-9
-10
-13
-16
-12
-2
5
1
-13
-28
-36
-33
-18
0
12
16
10
2
-5
-5
3
19
30
28
12
-10
-27
-31
-18
3
22
31
27
12
-4
-20
-27
-24
-16
-5
1
3
1
-5
-11
-6
10
34
46
41
23
3
-13
-23
-28
-17
3
22
25
10
-10
-22
-25
-17
-3
10
17
10
-8
-26
-36
-29
-10
8
16
13
6
2
-1
2
13
25
27
13
-3
-17
-27
-34
-35
-29
-21
-11
-4
-1
-4
-12
-9
0
14
21
19
14
10
5
3
6
10
16
20
17
10
0
-6
-7
-5
2
11
20
23
19
13
2
-8
-16
-15
-9
0
7
8
7
4
6
11
14
15
8
-4
-13
-19
-18
-14
-12
-10
-7
-5
-2
-1
0
0
0
0
-1
-2
-4
-5
-4
1
3
2
-4
-9
-13
-11
-7
-2
0
0
0
0
4
8
10
6
-3
-12
-19
-19
-11
2
13
15
8
-2
-6
0
12
25
32
30
21
13
3
0
0
6
12
14
7
-3
-13
-17
-15
-10
-3
1
7
5
0
-7
-13
-17
-14
-4
6
11
9
2
-6
-10
-9
-3
5
8
6
-3
-13
-16
-14
-6
2
7
-1
-10
-20
-22
-10
10
31
43
40
26
7
-8
-11
-6
1
7
11
6
-2
-8
-12
-10
-5
1
7
14
16
8
-5
-14
-12
-2
11
18
21
16
8
1
-3
-5
-2
2
7
7
5
4
4
-2
-11
-17
-11
-4
1
0
-7
-16
-26
-29
-23
-8
0
-1
-11
-18
-16
-7
1
7
11
14
12
7
-4
-7
-1
7
13
14
12
7
9
14
21
23
17
10
3
4
7
6
-3
-15
-20
-18
-9
-3
-3
-6
-8
-6
-2
2
1
-1
-5
-7
-5
-3
-1
1
3
4
8
10
10
7
4
1
-2
-2
3
15
18
9
-9
-19
-14
-5
-1
-5
-12
-16
-17
-11
-7
-4
-1
8
15
17
10
7
3
0
-5
-6
1
10
13
11
5
3
3
5
7
6
3
0
-4
-6
-7
-4
-5
-5
-2
5
9
5
0
3
12
18
14
5
-1
-2
0
-3
-9
-17
-20
-18
-9
-1
5
6
4
0
2
10
17
19
11
-2
-12
-15
-11
0
9
13
7
-4
-11
-11
-4
3
7
9
6
-2
-9
-8
1
11
11
2
-7
-8
0
6
9
10
10
8
1
-1
1
10
14
8
-4
-13
-15
-12
-6
-1
3
2
-6
-17
-21
-11
2
10
9
6
8
8
7
3
0
-1
-1
1
-1
-3
-7
-5
-1
-1
-3
-3
1
2
0
-5
-10
-13
-11
-6
-4
-5
-4
2
10
17
14
6
-1
-6
1
11
23
24
11
-7
-20
-22
-9
8
20
20
10
-2
-4
-2
6
15
17
9
-7
-17
-16
-7
-1
1
2
-1
-8
-16
-13
-6
3
3
-5
-9
-7
0
5
4
5
12
18
13
4
2
8
17
19
10
2
1
4
4
1
-7
-17
-22
-25
-26
-22
-16
-7
-3
-2
-8
-8
-8
-1
11
23
28
25
18
12
6
4
7
10
10
5
2
2
2
-1
-7
-12
-12
-12
-11
-11
-12
-9
-7
-4
-3
2
16
34
41
31
10
-6
-9
1
13
18
13
3
-7
-16
-22
-24
-18
-11
-7
-12
-20
-25
-21
-11
4
14
17
15
14
18
22
25
22
16
11
11
16
18
13
-1
-15
-20
-23
-24
-24
-24
-27
-29
-29
-27
-24
-25
-23
-15
-5
3
9
15
21
23
20
12
6
6
13
16
11
1
-3
1
9
9
1
-12
-18
-15
-5
6
10
3
-9
-17
-17
-8
8
19
22
13
-4
-20
-24
-11
16
41
44
20
-17
-42
-43
-15
19
34
15
-21
-49
-44
-17
17
40
41
25
2
-13
-10
8
27
37
32
15
-7
-21
-19
-3
13
21
13
-5
-18
-21
-15
-6
1
2
-4
-17
-24
-22
-8
6
15
16
15
12
13
17
25
27
19
4
-8
-8
2
6
-1
-15
-28
-27
-16
-5
3
11
13
4
-15
-32
-21
13
50
61
33
-16
-54
-59
-27
18
47
45
13
-29
-53
-45
-11
23
35
19
-15
-45
-52
-32
1
22
24
14
2
-1
1
14
28
35
24
5
-8
-3
10
17
3
-18
-34
-31
-17
-2
8
9
6
-9
-21
-22
-3
23
36
26
-1
-22
-27
-11
12
25
23
8
-10
-17
-11
1
6
1
-7
-8
-3
-1
-9
-18
-19
-7
9
17
13
5
2
3
4
8
12
15
14
7
-3
-9
-11
-12
-12
-7
0
1
-10
-18
-16
-2
13
18
12
6
4
6
5
4
10
25
33
27
3
-21
-27
-13
5
14
17
15
12
1
-13
-22
-18
-4
9
11
7
2
-2
-8
-13
-7
7
20
23
16
11
9
6
-3
-8
-3
8
17
6
-19
-38
-35
-16
-1
1
-2
-2
6
11
13
11
9
5
3
2
2
2
0
-3
-5
-4
-2
1
1
1
6
11
7
-7
-17
-15
-2
6
4
-11
-27
-34
-27
-11
11
28
32
17
-9
-26
-20
0
22
29
21
2
-20
-37
-36
-20
1
13
15
6
-8
-19
-20
-7
11
19
17
5
-6
-16
-13
-5
6
11
9
4
1
4
7
12
14
11
3
-10
-23
-27
-23
-12
-1
6
6
2
-2
-4
4
15
23
23
19
13
11
12
13
14
12
7
-1
-9
-8
0
9
10
3
-8
-12
-9
-1
7
10
7
-2
-11
-14
-7
5
13
9
0
-9
-8
3
16
22
19
7
-6
-14
-10
0
9
7
-3
-15
-20
-18
-10
1
15
18
9
-6
-15
-11
5
21
22
12
-6
-14
-13
-5
-1
1
-1
-7
-12
-14
-8
4
14
14
2
-12
-20
-12
1
11
9
-5
-20
-23
-12
7
25
30
21
6
-6
-7
1
12
15
6
-11
-28
-36
-30
-16
-1
8
6
0
-5
-6
0
10
14
12
5
-4
-11
-11
-6
1
7
8
6
1
2
2
6
7
4
1
-4
-5
-3
-2
-1
-4
-9
-10
-5
6
17
25
24
16
6
2
4
9
14
12
3
-8
-14
-15
-12
-6
-5
-7
-10
-9
-5
1
7
6
2
-4
-6
-2
6
10
8
2
-1
1
6
9
8
5
4
5
6
5
1
-3
-6
-8
-9
-11
-12
-10
-5
-1
2
1
-1
1
10
17
11
-2
-12
-12
-4
6
10
9
5
-3
-11
-9
-4
4
7
6
0
-4
-5
-2
4
8
8
4
-1
-6
-4
5
13
15
5
-6
-11
-10
-4
0
2
0
-7
-12
-15
-9
-2
5
4
-2
-9
-11
-9
1
13
16
12
2
-4
-3
5
10
13
12
6
-2
-7
-7
-6
-5
-3
2
2
2
-1
0
5
10
12
5
-4
-11
-12
-5
1
5
2
1
-1
-1
2
5
3
0
-3
-6
-9
-9
-4
2
5
2
-2
-3
-2
0
5
8
5
-1
-4
0
8
13
12
8
1
-5
-6
-3
-1
0
-2
-5
-5
-6
-4
-2
1
4
5
1
-2
-8
-12
-11
-6
1
5
5
2
0
1
4
6
8
7
4
2
1
1
2
3
3
3
-2
-2
0
3
7
7
4
0
-2
-3
-2
0
2
4
2
1
-4
-8
-10
-8
-5
-1
2
3
2
1
0
1
-1
-2
-5
-5
-4
-1
1
2
2
2
2
4
3
5
6
6
3
0
-5
-4
-1
3
6
3
-2
-9
-12
-10
-7
-4
-3
-2
-1
1
2
3
2
-3
-5
-4
-1
2
5
6
5
3
2
0
2
2
3
4
3
2
2
3
0
-2
-5
-5
-4
-1
2
3
2
1
1
1
3
2
2
2
2
4
3
0
-7
-12
-11
-8
0
3
3
1
-2
-2
1
5
7
8
6
4
2
0
2
3
4
5
4
3
1
0
-1
-1
0
0
-1
-2
-3
-6
-6
-2
0
0
-2
-1
0
-1
-3
-2
4
7
5
3
3
5
4
0
-1
-2
-1
-4
-5
-5
-5
-1
3
4
3
1
0
0
1
1
1
-1
-2
-1
2
3
3
3
0
-3
-5
-3
0
5
8
7
0
-13
-22
-20
-6
4
8
5
0
-5
-7
-2
6
12
12
7
4
4
6
8
7
1
-7
-9
-8
-1
5
6
2
-6
-11
-9
-1
6
9
9
4
-4
-11
-10
-1
9
11
5
0
-3
-2
1
4
6
6
2
-3
-8
-5
-2
4
3
0
-2
-6
-6
-3
1
5
7
4
2
-1
0
2
6
9
8
3
-3
-6
-6
-2
3
5
2
-2
-3
-5
-2
1
2
0
-1
-2
-1
1
2
1
-1
-4
-4
0
2
3
4
3
3
2
3
7
6
2
-3
-5
-5
-3
-3
0
0
0
0
-1
-3
-3
-2
-2
-1
-2
-1
0
2
3
2
-2
-5
-6
-3
3
8
9
6
2
-3
-3
-2
0
2
1
0
-1
0
1
1
0
-2
-3
-4
-4
0
6
11
11
6
-1
-6
-6
-1
5
9
7
0
-5
-7
-5
-2
2
3
2
1
1
1
1
1
1
0
0
1
2
6
6
5
2
0
-1
0
3
6
5
3
0
-1
-2
-4
-4
-4
-4
-2
-1
-2
-1
-1
0
1
4
5
6
3
2
1
2
1
0
-1
-1
0
0
2
3
1
-2
-4
-4
-3
0
1
1
-1
-2
-2
-1
-1
-1
-1
0
1
3
3
3
2
0
-2
-3
-1
1
1
1
-2
-4
-5
-4
-2
1
4
2
2
1
-1
1
3
5
5
2
1
0
0
2
2
0
-4
-6
-7
-4
0
2
3
1
-3
-4
-6
-3
0
3
5
3
3
1
0
1
2
2
3
3
1
-1
-1
-1
-1
-1
-2
-2
-3
-1
1
2
0
-3
-3
-3
0
5
8
9
8
4
1
-1
-2
1
3
5
4
-1
-2
-5
-6
-5
-5
-2
0
2
2
1
1
-1
-1
-1
-1
0
3
4
4
4
2
0
1
2
3
3
2
1
-2
-2
-3
-2
-2
-1
0
-1
0
-1
0
1
3
4
2
2
1
1
2
2
2
0
-2
-1
-2
-1
0
0
0
0
-1
0
-1
-1
-1
0
0
0
-1
-2
0
0
2
2
2
5
4
4
2
1
1
-1
-1
0
0
0
1
-2
-2
-4
-3
-1
1
1
0
1
0
1
1
-1
0
0
0
0
0
0
-1
1
1
1
0
-1
-1
0
1
0
1
-1
-1
-2
-1
0
0
-1
-2
-2
-4
-1
2
2
4
2
0
-1
-1
0
0
0
0
-2
-4
-5
-2
-1
2
2
1
1
0
-1
1
0
1
1
0
-1
1
1
2
3
3
1
0
-1
1
0
1
3
1
0
0
-2
-2
-1
0
1
2
2
1
1
1
2
3
3
3
1
1
1
0
2
1
1
1
1
1
2
1
-1
-2
-2
-2
0
2
3
2
2
0
0
-1
0
1
2
0
1
0
0
-1
1
1
0
-1
-1
-2
-2
-1
0
1
0
-4
-3
-3
-1
0
1
1
1
1
1
0
2
1
1
1
1
-1
1
0
-1
0
-1
-1
-1
-1
-1
1
1
0
0
0
-1
-1
-2
0
-1
1
1
3
3
3
3
0
0
1
1
2
2
2
-1
-2
1
1
1
1
-1
-1
-1
1
1
2
3
2
2
1
-1
0
0
1
-1
0
-1
0
-1
-2
0
1
1
1
1
1
0
0
0
0
2
1
1
2
1
1
2
2
3
0
0
0
0
0
0
3
2
1
-1
-1
-1
-1
-1
0
0
1
0
2
1
0
2
1
1
1
1
1
1
0
0
-1
0
0
0
1
0
1
0
0
0
0
-1
0
1
2
3
2
2
1
0
-1
0
0
1
0
1
1
2
0
1
-1
-1
0
-1
-1
0
-1
-1
-1
0
0
0
0
0
0
0
0
0
2
1
1
1
1
1
1
1
1
0
0
-2
-1
-3
-1
0
0
1
1
0
1
0
0
1
0
1
1
1
1
1
1
2
2
1
2
1
-2
-1
0
1
1
1
1
0
0
0
0
0
1
2
1
2
2
1
0
0
1
2
3
2
1
-2
-2
-1
-1
2
1
2
0
-1
-1
0
-1
0
0
-1
0
0
0
1
0
0
0
0
0
0
1
1
1
0
0
-1
0
-1
-1
0
2
2
1
1
0
0
0
0
0
0
1
1
1
-1
0
-1
0
0
0
-1
0
1
1
1
1
1
1
1
0
0
0
0
0
0
0
0
1
1
1
1
1
1
2
2
2
1
-1
0
0
0
0
0
0
1
-1
-1
0
0
0
0
0
1
0
-1
0
0
0
0
0
0
0
0
-1
0
0
0
0
1
0
1
1
0
0
-2
0
-1
-1
0
0
1
2
1
1
1
0
1
1
1
1
1
1
1
0
1
0
0
0
0
0
0
1
0
0
0
0
0
0
0
0
-1
-1
0
0
0
2
1
0
0
0
2
2
1
0
0
0
-1
1
0
-1
-1
0
0
-1
1
0
0
0
0
0
0
0
0
2
3
3
2
0
-2
-1
-1
1
1
1
1
0
0
0
0
0
1
0
0
0
0
0
1
1
1
0
0
-1
0
0
0
1
1
1
1
0
-1
-1
-3
-1
-1
0
-1
-1
-1
0
0
0
0
1
0
0
0
0
0
0
-1
0
1
0
0
0
0
0
0
0
0
-1
0
0
0
0
0
0
0
0
1
0
-1
0
1
0
0
-1
0
0
1
1
-1
0
-1
-2
-1
0
0
1
1
1
0
0
-1
-1
-1
1
2
2
2
2
1
1
1
1
2
1
1
1
1
0
1
0
0
1
0
1
-1
0
0
0
0
0
0
0
0
-1
0
-1
-1
0
0
0
0
0
0
0
0
0
0
-1
0
-1
0
0
0
0
0
0
-1
0
1
1
0
0
-1
-1
-1
-1
0
1
1
1
1
0
0
0
1
1
0
-1
0
0
0
0
0
0
0
0
0
0
0
0
0
0
0
0
1
0
0
0
0
0
1
0
0
0
0
0
0
0
-1
-1
0
0
0
0
0
-1
-1
0
0
0
-1
1
0
0
-1
0
0
0
0
0
0
0
0
0
0
0
0
0
0
0
0
1
0
0
-1
0
0
0
0
0
0
1
0
0
-1
-1
0
0
0
0
-1
0
0
0
0
0
1
0
0
1
0
1
0
0
0
0
0
0
-1
0
0
0
0
0
0
1
0
0
0
0
0
0
-1
-1
0
-1
0
0
0
0
0
0
0
0
0
0
0
0
0
0
-1
0
0
0
0
1
0
0
0
0
0
0
0
0
0
0
-1
1
-1
0
0
0
0
0
1
1
0
1
-1
0
-2
-1
0
1
0
1
1
1
1
0
1
1
1
1
1
0
1
0
0
0
1
1
0
1
0
0
0
0
0
0
0
0
0
0
-1
-1
-1
-1
0
0
0
0
0
-1
0
0
0
0
0
-1
0
-1
0
1
0
0
1
0
0
-1
0
-1
0
0
0
-1
0
1
-1
0
0
0
0
-1
0
1
0
-1
1
1
0
1
-1
0
0
1
0
0
-1
1
0
0
1
0
0
0
0
1
0
0
0
0
1
0
-1
0
0
1
2
1
2
0
1
2
1
1
1
1
1
0
1
0
0
0
0
0
0
0
0
0
-1
0
1
0
1
0
-1
0
0
1
1
0
-1
-1
-1
0
0
2
1
2
2
1
0
0
0
1
1
0
0
-1
-1
-1
0
1
0
1
1
1
0
0
-1
0
0
0
0
0
0
1
0
0
0
0
1
0
0
0
0
0
0
0
0
0
-1
0
1
0
0
0
0
0
0
0
0
0
0
0
0
0
0
0
-1
1
0
0
0
-1
0
0
0
1
0
0
0
-1
0
0
0
0
1
1
0
1
0
0
-1
0
-1
0
0
0
0
0
0
0
0
0
0
0
0
0
1
0
0
0
0
0
0
0
0
0
0
0
0
0
0
0
0
0
0
1
0
0
0
1
0
0
0
0
0
0
0
0
1
1
0
0
1
0
0
0
0
0
1
0
0
-1
1
0
-1
-1
0
0
0
0
0
1
0
1
0
0
0
1
0
-1
0
-1
0
0
-1
0
0
0
-1
0
0
0
0
0
0
0
0
1
-1
0
0
0
0
-1
0
0
0
0
0
1
0
0
0
0
0
0
0
0
1
1
0
0
0
0
0
0
0
0
0
1
0
-1
0
0
0
0
0
0
0
0
0
0
1
0
1
1
1
0
0
0
0
0
0
0
0
0
0
0
0
-1
0
0
0
-1
0
-1
0
0
0
0
0
0
0
-1
1
0
1
0
0
0
0
1
1
0
-1
0
1
-1
0
0
0
0
0
0
0
0
0
0
0
0
0
1
-1
0
0
0
0
0
0
0
-1
0
-1
0
0
0
0
0
-1
0
1
0
0
0
1
0
0
0
0
0
0
0
0
0
0
0
0
0
0
1
0
1
0
-1
-1
-1
0
0
0
0
0
0
0
-1
0
0
1
-1
0
1
0
0
0
0
0
0
0
-1
0
0
0
0
0
0
0
0
0
0
0
0
0
0
0
0
0
0
0
0
0
0
1
0
1
0
0
0
1
0
0
-1
1
0
-1
0
0
-1
0
0
0
0
-1
0
0
0
0
1
0
0
0
1
0
0
1
-1
0
0
0
0
0
0
-1
0
1
0
0
0
1
-1
0
0
0
-1
0
0
0
-1
0
1
0
-1
0
0
-1
-1
0
0
0
0
-1
-1
-1
0
0
0
0
0
0
0
0
0
1
0
-1
0
1
0
1
0
0
0
-1
0
0
0
0
0
0
-1
1
0
0
0
0
1
0
0
0
-1
0
1
0
0
0
0
0
0
0
0
0
0
-1
1
-1
0
1
0
0
0
0
0
0
0
0
0
0
0
0
0
0
0
1
0
0
0
0
-1
1
0
0
0
0
0
0
0
0
0
0
0
0
-1
0
0
0
-1
0
0
1
1
0
0
0
0
-1
0
1
0
-1
0
0
0
0
-1
0
0
0
0
0
-1
-1
0
0
0
0
1
0
0
0
0
-1
0
0
0
0
0
0
0
0
1
0
-1
0
0
-1
0
0
0
0
0
0
0
0
0
0
0
1
0
0
0
0
-1
-1
0
-1
0
0
0
-1
0
0
0
0
1
1
-1
0
0
-1
-1
0
0
-1
0
0
-1
0
0
-1
1
-1
0
0
-1
0
0
0
0
0
0
0
1
0
0
-1
1
1
0
0
0
0
0
0
0
0
0
1
0
0
0
0
0
0
-1
0
0
-1
0
0
1
0
0
1
0
0
0
1
0
0
0
0
0
0
1
-1
0
0
0
1
0
-1
0
0
0
0
0
-1
0
0
0
0
1
0
0
1
0
0
0
1
0
0
0
0
0
1
0
0
0
0
0
0
0
1
0
0
0
0
-1
0
0
-1
-1
0
-1
0
0
0
1
1
0
0
0
-1
1
0
0
0
0
1
0
1
0
0
1
1
0
0
0
0
0
-1
0
0
0
-1
0
0
1
0
0
0
0
1
0
1
0
0
0
0
-1
0
0
0
0
0
-1
0
0
0
1
1
0
0
-1
0
0
1
0
0
-1
1
0
0
0
0
-1
0
0
0
0
0
0
0
0
0
0
0
1
0
0
0
-1
0
1
0
0
1
-1
0
-1
-1
0
0
0
0
0
0
0
0
-1
0
-1
1
0
1
1
0
0
0
0
0
0
0
0
0
0
0
0
0
0
1
0
-1
0
0
0
0
0
0
-1
0
0
-1
0
0
0
0
0
0
0
1
1
0
0
0
0
0
0
0
-1
0
0
0
0
0
0
-1
-1
0
0
0
0
0
1
0
1
-1
0
0