-19
-5
12
17
8
-6
-7
1
6
10
15
18
16
15
10
-7
-20
-11
6
12
9
8
4
-4
-12
-16
-18
-11
6
18
8
-17
-29
-22
-11
2
23
31
19
-4
-20
-22
-14
5
22
21
8
-2
-14
-25
-22
-1
19
20
5
-13
-28
-31
-21
0
17
21
16
-2
-18
-15
0
11
13
16
15
6
-2
-3
3
5
11
13
10
1
-7
-12
-8
-2
1
-2
-7
-9
-5
2
4
5
3
-4
-10
-5
9
16
11
4
0
-3
-1
7
15
15
11
7
0
-8
-11
-4
6
12
11
0
-11
-15
-15
-7
4
13
7
-9
-23
-21
-4
5
6
6
8
6
-3
-3
4
8
10
10
6
1
-3
-4
-2
3
4
0
-4
-3
-2
-2
-8
-7
-3
-1
-1
-1
0
-4
-4
6
16
14
3
-2
0
1
0
-2
-1
-1
-2
-5
-10
-13
-5
0
2
-2
-8
-14
-14
-3
10
12
8
3
-2
-6
4
17
20
12
7
2
-3
-2
8
17
13
5
1
-2
-6
-3
7
11
8
9
4
-9
-12
-4
1
1
4
6
1
-7
-13
-15
-12
-4
3
7
5
0
-11
-20
-20
-6
9
16
17
8
-9
-21
-18
-3
10
18
21
14
-6
-21
-19
-5
8
17
17
7
-8
-18
-19
-13
2
16
17
6
-5
-12
-18
-13
3
15
9
0
1
0
-8
-10
-1
7
14
14
5
-5
-4
-1
-2
-1
9
15
12
6
5
3
-6
-2
13
16
7
0
1
1
-2
-3
0
3
1
-2
-6
-8
-9
-8
-6
-8
-7
-6
-6
-3
0
-2
-3
-2
0
-1
-1
3
7
7
6
3
0
-2
-2
2
3
2
4
2
-9
-17
-12
-5
-2
5
12
7
-4
-7
-6
-1
6
16
22
18
8
1
-9
-10
3
19
23
18
9
-4
-17
-18
-9
4
15
16
4
-16
-28
-27
-14
4
20
24
12
-9
-24
-27
-16
4
24
24
7
-11
-20
-27
-24
-5
15
15
4
-10
-26
-34
-19
2
13
17
13
1
-6
-5
-2
4
15
30
32
17
-5
-23
-23
-9
12
27
28
13
-10
-29
-34
-22
-1
22
27
16
-4
-23
-35
-25
-1
24
44
53
38
-3
-34
-29
5
40
53
39
15
-3
-5
0
11
32
54
52
20
-21
-43
-39
-28
-18
-7
-8
-15
-15
-17
-36
-39
-5
28
28
11
-3
-28
-57
-57
-23
15
44
54
24
-38
-81
-69
-23
27
60
49
-8
-66
-82
-64
-29
14
45
44
12
-18
-29
-27
-13
14
36
31
10
-8
-17
-14
0
25
47
59
51
16
-20
-20
21
61
64
30
-19
-55
-55
-23
8
18
13
-9
-46
-54
-10
47
81
94
83
31
-30
-31
27
86
115
111
67
-15
-87
-101
-60
1
50
60
20
-46
-103
-142
-141
-71
41
102
60
-30
-104
-149
-157
-101
8
88
75
-3
-75
-101
-72
1
78
107
86
20
-74
-135
-132
-86
-7
93
128
30
-97
-120
-68
-27
9
60
82
45
-5
-23
15
127
270
356
339
234
80
-50
-83
-29
30
46
13
-58
-152
-249
-303
-257
-117
19
79
81
51
1
-41
-24
71
203
299
317
257
135
2
-61
-34
-5
-56
-178
-324
-432
-428
-291
-100
42
107
127
104
30
-19
53
220
355
376
268
66
-112
-163
-120
-72
-54
-96
-237
-410
-477
-405
-289
-235
-303
-472
-539
-237
417
1021
1177
882
418
41
-141
-113
42
187
252
278
243
34
-341
-645
-689
-509
-251
3
218
336
262
-8
-279
-318
-129
144
446
751
930
865
579
143
-405
-922
-1113
-792
-176
268
288
-19
-402
-645
-605
-290
149
518
677
601
372
94
-141
-238
-127
148
446
622
581
298
-159
-619
-853
-750
-449
-198
-93
-76
-86
-95
-76
-25
51
153
275
406
519
527
330
-29
-345
-471
-425
-253
12
253
333
229
-2
-286
-530
-644
-559
-243
232
638
767
600
257
-99
-278
-171
135
437
583
532
291
-109
-576
-925
-955
-618
-106
311
485
412
174
-122
-360
-451
-320
55
547
900
916
572
28
-457
-662
-525
-157
239
483
463
170
-287
-695
-862
-738
-401
20
368
528
472
251
-44
-276
-308
-92
267
564
628
419
55
-295
-508
-535
-380
-107
153
260
178
-16
-191
-256
-207
-126
-102
-107
-19
197
389
386
203
0
-75
-9
99
141
81
-35
-128
-171
-193
-216
-208
-116
46
165
152
49
-26
-18
21
25
15
60
151
188
116
3
-45
-15
30
32
-20
-78
-77
4
79
40
-83
-136
-35
114
141
46
-43
-56
-32
-26
-51
-68
-32
42
81
39
-62
-136
-98
23
87
27
-75
-101
-46
16
36
25
10
-8
-25
-16
19
43
38
5
-47
-70
-25
27
10
-29
20
160
264
199
-54
-343
-447
-262
79
316
293
79
-130
-187
-112
-23
34
83
137
151
95
0
-90
-145
-135
-56
60
170
237
230
125
-42
-192
-254
-207
-86
54
170
238
226
109
-90
-278
-326
-195
25
209
271
178
-14
-165
-192
-126
-38
43
100
139
142
77
-53
-183
-234
-185
-72
59
158
182
123
37
-10
-22
-46
-69
-55
-27
-20
-9
31
65
45
-19
-62
-47
-1
15
-9
-50
-76
-62
15
117
166
119
28
-23
-11
16
15
-25
-91
-148
-154
-92
1
73
107
103
62
-4
-52
-51
-9
45
89
101
67
6
-48
-68
-40
19
71
90
65
10
-55
-100
-117
-119
-113
-71
36
172
250
209
80
-73
-179
-200
-144
-49
39
90
74
-5
-86
-99
-20
97
169
147
64
-11
-44
-43
-25
16
73
113
88
-9
-132
-201
-164
-51
44
53
-3
-73
-123
-144
-120
-40
77
181
216
163
46
-62
-108
-87
-30
34
96
141
135
70
-35
-139
-209
-227
-184
-80
46
138
148
97
11
-67
-101
-63
34
145
221
246
204
97
-45
-152
-179
-135
-46
55
123
111
20
-95
-175
-184
-133
-52
28
87
117
118
92
35
-31
-63
-38
20
77
100
84
33
-31
-88
-109
-93
-54
-16
11
30
43
41
16
-21
-55
-71
-61
-35
-13
-7
-9
4
28
45
39
13
-9
-20
-21
-18
-12
-3
9
21
29
35
33
22
2
-18
-24
-18
-7
-2
-3
0
14
35
34
7
-24
-27
8
55
81
65
12
-55
-107
-116
-72
3
74
111
107
82
43
-3
-53
-93
-96
-52
26
95
108
60
-10
-51
-57
-45
-36
-22
2
22
27
13
-10
-37
-62
-69
-55
-28
11
56
87
77
31
-16
-44
-53
-52
-40
-4
46
88
94
56
0
-44
-58
-41
-16
3
11
5
-15
-44
-74
-80
-51
-2
44
72
85
80
60
28
1
-11
-10
-4
2
11
13
10
3
-5
-11
-18
-23
-28
-36
-48
-55
-55
-42
-14
23
57
75
77
65
48
27
3
-20
-36
-41
-32
-5
26
44
44
25
1
-25
-43
-49
-33
-10
10
15
4
-24
-51
-56
-29
17
58
73
55
15
-30
-60
-59
-32
5
37
51
51
35
11
-17
-40
-45
-37
-21
-12
-10
-7
0
11
20
28
36
42
42
34
19
-2
-23
-40
-46
-40
-20
5
20
22
9
-7
-21
-30
-36
-35
-26
-9
8
21
32
42
50
46
33
18
7
-2
-12
-20
-24
-26
-21
-14
-5
6
19
29
32
26
12
-4
-19
-35
-47
-52
-38
-4
39
76
92
80
42
-9
-53
-76
-75
-55
-26
4
25
30
11
-17
-43
-53
-44
-18
11
30
33
26
16
4
-8
-6
9
43
80
101
92
54
-5
-63
-108
-130
-123
-83
-23
31
54
37
-6
-51
-70
-56
-12
43
86
102
85
49
12
-6
-3
12
25
29
22
6
-14
-29
-41
-51
-61
-60
-45
-21
7
26
36
37
34
30
28
24
23
19
18
17
16
9
-1
-16
-28
-33
-29
-19
-7
3
3
-6
-19
-34
-42
-41
-30
-7
24
46
55
49
28
0
-20
-25
-7
17
34
35
18
-7
-28
-36
-28
-15
-4
-1
-6
-16
-26
-28
-20
-7
10
25
36
35
22
2
-11
-11
2
17
21
13
-6
-22
-30
-22
-5
15
31
32
17
-6
-28
-31
-18
11
40
56
51
31
8
-10
-17
-17
-10
1
10
6
-14
-36
-52
-50
-39
-26
-10
7
19
22
17
10
6
9
14
18
21
23
21
14
0
-14
-23
-21
-16
-12
-10
-7
-8
-14
-28
-42
-48
-39
-17
15
49
76
80
57
18
-12
-23
-11
7
20
23
15
-2
-26
-46
-52
-45
-29
-11
3
8
8
4
1
5
15
29
44
58
61
52
29
5
-14
-21
-18
-10
-4
-6
-15
-31
-45
-52
-45
-28
-6
12
21
20
13
4
-3
-1
9
27
44
50
36
12
-11
-26
-30
-28
-23
-21
-16
-14
-12
-14
-16
-18
-12
-5
4
12
19
25
30
30
23
11
-5
-22
-29
-23
-4
18
34
35
18
-8
-27
-34
-26
-7
11
19
15
2
-15
-25
-26
-14
7
24
35
31
18
2
-8
-12
-8
-1
5
6
5
4
7
16
22
20
9
-11
-26
-32
-25
-14
0
7
12
7
0
-10
-17
-14
-5
10
21
24
19
10
0
-5
-4
1
7
11
11
3
-8
-22
-28
-26
-18
-9
-1
0
1
3
8
12
13
8
0
-7
-10
-8
-1
8
21
30
29
16
-6
-27
-39
-36
-22
-1
15
20
11
-4
-19
-24
-18
-3
16
30
34
25
7
-9
-19
-16
-4
13
27
34
27
13
-5
-19
-25
-19
-9
5
14
13
4
-8
-17
-19
-9
0
8
8
4
-6
-14
-16
-10
7
23
32
29
15
-3
-17
-20
-12
3
12
14
6
-7
-20
-26
-23
-13
1
13
18
13
0
-15
-25
-22
-11
7
23
29
27
16
3
-7
-9
-7
0
5
5
0
-6
-14
-17
-17
-13
-8
-2
3
5
5
5
8
8
11
10
10
8
4
5
6
8
7
3
-2
-7
-9
-7
-2
3
4
3
0
-5
-7
-6
-3
0
4
4
1
-2
-4
-2
0
5
7
5
1
-4
-6
-5
-1
3
7
8
6
3
0
-4
-5
-4
-2
-1
-1
-1
-2
-4
-5
-4
-3
0
1
2
1
1
1
0
0
2
3
1
1
1
4
7
10
11
7
1
-5
-11
-12
-8
-2
4
10
10
4
-3
-10
-12
-9
-1
7
13
12
8
2
-3
-4
-2
3
7
8
7
2
-2
-8
-10
-10
-7
-3
-1
0
0
0
1
3
6
6
7
4
2
0
0
-1
0
1
1
3
1
-2
-4
-3
-1
1
1
0
-1
-2
-2
-1
0
1
2
1
2
-1
-3
-4
-3
-1
1
3
3
-1
-4
-5
-1
2
7
8
6
2
-2
-5
-5
-3
1
3
4
1
-2
-5
-6
-4
-1
2
3
3
0
-2
-4
-4
0
3
6
7
6
3
2
2
2
1
-1
-2
-3
-2
0
0
0
0
1
1
0
1
1
1
0
0
0
0
0
0
1
1
1
1
1
0
-1
-1
-2
-2
-1
-1
-1
1
-1
0
0
-1
0
1
2
3
3
0
0
0
0
0
-3
-3
-2
0
1
1
1
1
1
1
0
-1
-1
1
2
3
0
-2
-2
-1
0
1
1
1
1
1
-3
-3
-2
-1
1
2
1
0
0
0
0
0
2
1
2
3
2
0
0
1
2
2
1
1
0
0
0
0
0
-1
-2
-2
-2
-1
0
1
3
1
1
-1
-1
-1
1
1
1
1
1
0
0
-1
0
0
0
0
0
0
1
0
0
1
0
0
0
1
-1
0
1
-1
1
1
-1
1
0
0
2
0
1
2
0
1
3
1
3
3
0
1
0
0
0
0
0
1
1
1
1
0
1
0
0
1
0
0
0
1
0
0
0
-1
0
0
0
0
0
0
0
0
0
0
1
0
0
0
-1
-1
0
0
0
0
0
0
0
0
0
0
-1
0
1
0
0
0
0
0
0
0
-1
0
1
0
0
0
0
-1
0
-1
-1
0
0
0
0
1
0
0
0
0
0
0
0
0
1
1
0
1
-1
0
0
0
0
0
0
0
0
0
0
0
0
0
0
0
0
0
0
0
0
0
0
0
0
0
0
0
0
-1
1
0
1
0
0
1
0
0
0
0
0
1
-1
0
0
0
0
0
1
0
0
-1
0
0
0
0
1
0
0
1
-1
-1
0
0
0
0
0
0
0
0
0
0
0
-1
0
0
0
1
0
0
0
0
1
0
-1
-1
0
0
0
-1
0
0
0
0
0
-1
0
0
0
0
-1
0
0
0
0
0
0
0
0
0
0
0
0
0
0
-1
0
0
0
0
0
0
0
0
0
1
0
-1
0
0
0
0
0
0
0
0
0
0
0
0
0
0
0
0
0
0
0
-1
0
0
0
0
0
0
0
0
0
0
0
0
0
1
0
0
0
0
0
0
0
1
0
0
0
1
1
0
0
0
-1
1
1
0
0
0
0
0
0
0
1
0
0
0
1
0
0
0
0
0
-1
0
0
0
0
0
0
0
0
0
0
-1
-1
-1
0
0
0
0
-1
0
0
0
0
0
0
0
0
0
1
0
1
0
0
0
0
0
0
1
-1
0
1
-1
0
0
0
0
0
0
0
-1
0
0
0
-1
0
-1
0
0
0
0
0
-1
0
0
0
0
0
0
-1
0
0
0
0
0
0
0
0
-1
-1
0
0
0
0
0
1
0
0
0
0
0
-1
0
0
0
0
0
0
0
0
0
1
0
1
0
0
1
-1
1
0
0
0
-1
-1
0
0
0
-1
0
-1
0
0
0
-1
0
0
0
0
1
0
0
0
0
0
0
1
0
1
0
0
0
0
0
0
1
0
0
0
1
1
0
0
0
0
0
0
0
0
-1
1
0
0
0
0
0
0
0
1
0
0
-1
0
0
0
-1
-1
0
0
1
0
-1
0
0
0
0
0
0
-1
-1
0
0
-1
1
0
1
0
0
0
0
0
0
1
0
0
0
-1
0
0
0
0
0
1
-1
0
0
0
0
0
0
0
0
0
1
0
0
0
0
0
0
-1
0
0
-1
0
0
-1
0
0
0
0
0
0
0
0
1
0
0
-1
1
0
0
-1
-1
0
0
0
1
-1
0
0
0
-1
1
0
0
0
1
-1
0
0
0
0
0
0
0
0
0
0
0
-1
0
0
0
0
0
0
0
0
0
0
1
-1
0
0
-1
1
0
0
0
0
0
0
0
0
0
0
0
0
0
0
-1
0
0
0
0
0
0
0
-1
0
0
0
-1
0
0
-1
-1
0
0
0
0
0
1
1
-1
0
-1
0
0
0
0
0
0
0
0
1
0
0
0
0
-1
1
0
0
1
0
0
0
0
0
1
1
0
0
0
0
0
-1
0
-1
1
0
1
0
0
1
0
0
1
0
0
0
1
-1
-1
1
0
0
0
-1
0
0
1
0
0
0
0
0
0
-1
0
0
0
-1
0
0
1
1
-1
0
0
0
0
0
0
0
0
0
-1
1
0
0
1
0
0
0
0
1
-1
0
0
0
0
-1
1
0
0
-1
0
0
0
0
0
-1
0
-1
1
0
0
1
0
0
0
0
0
0
0
0
-1
0
0
0
1
0
1
0
0
0
0
-1
0
0
1
1
0
0
0
-1
-1
0
0
0
-1
0
0
1
0
1
0
0
1
0
0
1
0
0
0
0
0
0
0
0
0
0
0
-1
1
0
0
0
0
0
0
0
0
0
0
-1
0
-1
0
0
0
0
0
-1
0
0
0
1
0
0
0
0
0
0
0
0
0
-1
1
1
-1
0
0
0
0
0
0
0
0
0
0
0
0
0
-1
0
0
0
0
0
0
0
0
-1
0
0
0
0
-1
0
-1
0
0
0
0
0
-1
0
0
-1
0
0
0
1
0
0
0
0
0
0
1
0
0
0
0
0
1
0
0
0
1
1
0
0
0
0
0
0
0
0
1
1
1
0
0
-1
0
0
0
-1
-1
0
0
0
0
0
0
0
0
0
0
0
0
0
0
0
0
0
0
0
0
0
1
1
1
0
-1
0
0
0
0
0
0
1
-1
-1
0
0
0
0
0
1
0
-1
0
0
0
0
0
0
0
0
-1
0
0
0
0
1
0
0
0
0
0
-1
1
1
0
0
0
0
1
0
0
0
0
0
0
0
0
0
0
0
0
1
0
0
0
0
0
0
1
0
0
0
0
0
0
0
0
0
0
1
0
-1
0
0
0
0
-1
0
0
0
0
0
0
-1
0
0
-1
0
0
0
-1
1
0
0
0
0
0
0
0
0
0
0
0
0
0
-1
0
-1
0
0
0
0
0
0
0
0
0
1
0
0
0
0
0
0
0
0
0
0
0
1
0
0
0
0
0
0
0
0
0
-1
0
0
1
0
0
0
0
0
0
0
1
0
0
0
0
0
0
-1
0
1
0
0
0
0
0
0
0
0
-1
0
0
0
0
0
0
0
0
1
0
0
1
1
0
-1
-3
-1
-1
0
1
1
1
0
0
-1
1
0
1
2
2
2
1
0
0
-1
-1
0
0
0
1
0
0
0
0
2
1
2
2
2
2
2
0
1
1
-2
2
0
1
3
2
1
1
-2
-3
-2
-3
1
2
1
2
0
-1
-2
-1
0
1
2
3
2
0
0
-1
-1
0
0
0
0
0
-1
0
-1
-1
-1
0
1
2
1
0
-1
-1
0
0
-1
-2
-1
0
3
4
3
1
1
0
-1
0
0
1
1
1
0
0
-1
-1
0
0
0
1
3
2
0
-1
-3
-2
0
1
2
2
1
0
-1
0
-1
0
1
1
1
1
0
-1
-2
-1
-1
0
-1
1
0
0
-1
0
0
0
0
0
0
0
0
0
0
0
0
0
-1
-1
-1
1
1
2
0
0
-1
-2
-2
-1
0
3
2
1
-1
-3
-3
-2
0
1
1
2
1
0
-1
0
2
2
2
3
-1
0
-3
-1
1
1
3
0
-1
-1
-3
1
2
1
0
1
0
-3
-2
1
1
2
1
0
0
0
1
1
0
0
0
0
-1
-2
-2
-1
0
0
0
-1
-3
-2
0
1
1
2
0
-1
0
0
2
2
2
1
1
0
0
2
0
1
1
2
2
1
0
-1
-2
0
0
2
0
0
0
1
-1
1
1
0
-1
-1
-1
0
1
2
1
-1
-1
-2
-1
0
2
3
2
2
-1
-3
-3
-1
1
2
2
2
2
0
-3
-3
-2
0
1
0
-1
-1
-1
-2
1
1
1
0
1
0
0
-1
-1
0
-1
-1
0
0
1
2
3
1
-1
-4
-5
-5
-1
3
2
3
1
-1
0
0
2
3
3
0
1
0
-2
-2
-4
-2
0
2
1
2
1
2
0
-2
-1
-2
-1
0
1
2
1
2
2
3
3
1
-2
-1
-1
0
2
1
2
-2
-2
-1
-1
0
2
2
1
-1
-1
-1
0
2
3
3
2
-1
-3
-2
1
6
7
2
-3
-8
-7
-2
2
8
8
1
-6
-4
1
1
-2
2
2
1
-3
-3
-1
2
2
1
5
4
1
-5
-3
1
3
3
-1
-4
-6
-5
0
5
5
4
2
-1
-3
-2
0
2
2
2
0
-4
-5
-5
-1
4
7
7
3
-2
-6
-3
-1
3
3
0
0
1
1
0
-1
-1
0
1
2
2
0
-3
-4
-2
-1
4
3
2
0
-3
-3
-1
2
4
2
-2
-4
-2
3
1
-1
0
3
2
-1
1
0
-2
-6
-1
5
5
-2
-4
0
3
2
4
6
3
-5
-8
-1
5
5
-1
-2
0
1
0
1
3
2
-4
-7
-4
2
3
-1
-2
-1
0
1
5
8
8
4
1
0
0
-1
0
2
3
-1
-3
-1
0
-3
-5
-3
1
5
6
3
-1
-3
-2
1
0
1
-1
0
4
5
2
-3
-3
0
4
2
3
2
2
-2
-5
-9
-9
-5
-4
1
5
8
9
3
-5
-8
-3
1
0
1
7
13
8
-5
-10
-8
0
3
2
2
0
-1
1
4
0
-9
-13
-11
-4
2
8
14
15
4
-8
-12
-6
1
6
9
9
6
-2
-11
-12
-5
4
6
4
2
1
-1
-4
-5
-3
2
6
7
4
0
-5
-1
6
8
0
-8
-7
-1
3
4
7
9
3
-9
-12
-7
-2
5
13
17
8
-11
-28
-28
-18
-1
23
40
35
10
-15
-26
-30
-20
-2
15
21
16
12
13
4
-13
-17
-16
-11
3
15
21
15
-7
-18
-15
-18
-16
1
19
31
29
15
1
-11
-31
-32
-13
6
21
32
36
31
1
-39
-55
-36
-2
24
25
15
7
-4
-14
-16
-19
-22
-8
15
36
39
12
-12
-16
-19
-14
-5
2
12
17
20
21
9
-17
-35
-37
-23
-3
15
29
27
10
-11
-27
-29
-18
-2
15
24
24
17
4
-7
-15
-20
-17
-5
12
21
19
8
-4
-14
-20
-21
-15
2
20
26
20
7
-16
-33
-32
-19
5
27
30
26
21
3
-10
-19
-23
-15
-4
8
28
33
20
-5
-29
-40
-32
-11
15
36
40
23
-8
-32
-40
-30
-11
11
29
38
34
24
8
-12
-30
-32
-18
-4
9
21
28
22
2
-19
-35
-37
-23
8
41
51
29
-10
-36
-42
-25
1
22
23
15
11
10
0
-18
-26
-17
-4
7
14
11
-4
-16
-9
8
13
0
-7
2
14
15
6
-1
-7
-10
-11
-8
-7
-7
-1
11
17
13
-4
-17
-16
-6
7
13
10
1
-7
-7
6
23
23
6
-13
-17
-7
-3
-5
-8
-2
10
13
1
-12
-14
-5
5
11
14
13
9
1
-10
-14
-6
14
24
10
-9
-10
-3
-9
-21
-15
0
5
2
3
6
0
-7
-4
8
11
3
-1
8
12
6
-2
5
9
-7
-26
-22
0
20
26
13
-13
-37
-48
-28
10
36
41
33
13
-6
-21
-28
-20
0
24
43
42
16
-19
-45
-41
-15
6
15
19
14
1
-16
-31
-28
-3
21
23
12
-1
-3
15
19
4
1
6
-3
-9
-10
-8
-4
4
13
7
-14
-24
-13
5
17
15
6
-2
-13
-22
-23
-2
30
42
30
11
-1
-8
-19
-21
0
15
8
-1
-10
-24
-29
-11
12
22
10
-4
1
10
5
-4
-11
-11
0
6
13
28
22
2
-7
-8
-11
-12
-12
-8
0
6
2
1
-5
-17
-22
-7
24
42
32
4
-20
-27
-21
-3
14
23
15
0
-6
-4
-2
-4
-8
-7
-1
3
2
-3
-4
-1
5
8
6
-1
-2
3
9
11
8
3
-7
-19
-24
-19
-5
8
13
12
7
-1
-9
-8
0
8
8
7
3
0
-2
0
5
10
6
-1
-5
-4
-6
-10
-11
-4
5
7
-3
-15
-20
-18
-4
15
33
36
23
2
-14
-14
-5
2
5
4
2
1
-3
-7
-7
-2
3
-1
-8
-8
1
6
2
-3
-6
-8
-6
-1
10
23
26
18
5
-9
-19
-20
-14
-2
7
7
4
0
0
-4
-8
-7
-1
6
13
16
13
2
-10
-12
-7
-2
2
12
21
18
-1
-22
-32
-25
-4
16
24
13
-5
-13
-11
-7
-2
9
21
23
13
1
-2
-5
-8
-6
-1
1
3
4
4
-4
-11
-11
-7
-12
-15
-4
18
30
18
-4
-16
-15
-6
7
15
15
10
9
13
10
-6
-23
-23
-5
13
12
1
-7
-12
-17
-21
-14
7
22
23
16
11
4
-9
-18
-14
1
13
13
9
5
6
0
-4
-2
2
0
-11
-17
-11
0
3
-7
-15
-11
5
20
22
11
0
-3
2
10
8
-2
-13
-18
-9
11
24
14
-10
-17
-3
14
10
-11
-19
-2
18
15
-5
-11
1
10
2
-10
-6
12
24
12
-8
-14
-8
-6
-11
-13
-10
0
14
20
6
-16
-21
5
25
16
-8
-12
14
32
16
-11
-24
-20
-18
-14
3
23
27
11
-15
-30
-30
-12
10
16
8
1
3
11
4
-17
-26
-4
26
28
12
1
-4
-14
-20
-5
15
17
-1
-7
8
13
1
-8
-8
-8
-7
3
10
0
-17
-17
5
26
17
-14
-28
-10
20
35
35
22
-6
-34
-37
-10
22
35
27
5
-17
-22
-7
-1
-12
-24
-13
8
14
4
-7
-10
-3
7
11
9
12
21
20
4
-14
-21
-16
-2
10
12
3
-4
-7
-8
-7
4
10
7
-3
-15
-17
-6
9
11
-1
-9
-9
1
10
19
20
12
-4
-16
-17
-15
-8
0
0
0
10
19
10
-8
-11
-5
4
3
1
-1
0
-1
-7
-8
-3
1
0
0
7
15
14
4
0
-3
-12
-16
-5
7
6
3
10
16
14
0
-14
-19
-13
-3
5
11
15
8
-2
-8
-10
-15
-16
-3
17
24
17
3
-8
-11
-5
1
2
-2
2
15
23
12
-5
-19
-22
-22
-15
-4
4
5
1
1
5
6
1
-2
-5
-1
11
22
21
4
-11
-12
-6
-3
0
2
6
5
-1
-6
-10
-14
-18
-13
3
15
16
7
0
2
10
13
14
9
-2
-9
-6
-1
0
0
-1
-9
-15
-10
-1
2
2
6
7
5
4
1
-8
-9
2
14
18
15
3
-12
-17
-8
2
5
1
-1
-9
-15
-11
-1
5
7
9
11
5
-6
-6
0
2
5
12
17
12
1
-6
-7
-4
-2
-3
0
3
1
-5
-3
-3
-7
-9
-5
3
8
8
3
-3
-3
-1
-1
2
2
0
2
6
6
8
7
2
-6
-4
0
1
-4
-10
-9
-2
0
-2
-4
-5
-5
0
11
17
12
2
0
4
5
6
9
14
9
-5
-13
-10
-2
2
5
3
-7
-17
-16
-7
-4
-8
-9
-3
2
6
10
14
12
2
1
5
7
3
0
-1
0
-4
-2
3
1
-8
-14
-6
2
4
-2
-6
-9
-9
-5
1
8
13
13
12
7
3
-2
-4
-5
0
7
13
14
4
-14
-25
-22
-7
12
16
2
-13
-17
-10
-1
2
3
2
1
2
5
6
6
7
9
9
5
-3
-7
-5
0
3
7
8
2
-9
-17
-10
6
20
18
6
-8
-16
-16
-8
3
11
11
6
2
-1
-6
-12
-9
1
11
13
4
-6
-14
-12
-1
7
5
-2
1
9
11
2
-5
-7
-7
-7
-3
2
0
-5
-3
3
7
1
-7
-6
2
11
14
16
9
-2
-14
-11
6
17
11
-5
-14
-7
1
0
-9
-12
-6
3
6
1
-9
-14
-10
1
10
9
2
-2
-2
5
13
15
4
-9
-14
-5
8
16
12
1
-9
-15
-13
-4
13
22
16
1
-13
-17
-11
-5
-1
0
3
4
6
4
-1
-7
-5
-3
2
2
5
9
7
0
-4
-5
-1
0
0
2
1
0
3
1
-10
-18
-9
4
9
3
0
2
9
11
5
-2
-4
-3
2
11
18
16
6
-6
-15
-14
-3
13
17
8
-11
-28
-28
-13
0
3
4
8
9
-1
-11
-12
-3
10
19
15
5
-4
-10
-8
2
11
5
-4
-9
-11
-7
5
11
3
-7
-11
-9
-5
2
7
9
9
7
1
-2
-7
-6
0
10
13
8
2
-5
-12
-14
-5
8
13
8
3
-2
-5
-8
-6
5
10
6
3
0
-5
-7
-3
2
1
0
-5
-6
0
8
6
2
7
7
-2
-7
-1
8
9
5
2
-1
-3
-6
-3
3
5
3
-2
-7
-6
-4
1
2
1
0
-2
1
1
-3
-5
-2
6
13
9
0
-5
-7
-4
2
5
5
0
-3
-3
0
1
1
1
0
0
1
4
-1
-5
-3
4
7
1
-5
-5
-5
-3
0
6
6
2
-5
-6
-1
6
6
4
3
2
-1
-3
-3
-3
1
4
4
3
-4
-6
-6
0
1
4
7
8
0
-11
-16
-7
9
16
11
2
-3
0
5
5
1
-2
-1
3
5
2
-1
-1
4
7
1
-6
-7
-1
1
-1
1
7
5
-5
-12
-10
0
8
13
10
2
-5
-5
1
2
0
1
5
4
-1
-3
-1
1
-3
-6
-6
0
3
2
-1
-6
-6
-4
1
2
-1
-3
0
9
13
8
2
-3
-5
-7
-5
3
10
8
-2
-7
-2
1
0
-5
-6
-1
5
8
4
-6
-12
-9
0
8
7
6
5
5
1
-2
-6
-4
-2
2
4
7
8
7
-2
-11
-13
-5
6
13
9
2
-3
-3
-4
-7
-9
-4
6
11
7
-2
-8
-10
-3
6
10
5
0
-1
2
1
-5
-5
-2
1
0
3
7
4
-4
-10
-8
-2
1
4
3
-3
-8
-1
8
8
0
-7
-5
0
6
13
19
12
0
-8
-5
-1
1
0
4
4
-1
-7
-7
-7
-8
-5
0
6
6
-1
-6
-4
1
6
7
3
1
1
3
7
11
7
2
-5
-7
-4
1
3
2
-4
-7
-7
-3
0
0
0
2
3
2
-1
-2
-2
1
4
6
6
3
0
-2
-3
-2
4
6
6
-1
-4
-5
-6
-4
-2
0
2
-1
-1
-3
-3
-1
1
3
0
-2
-3
2
4
6
3
0
-2
-2
2
3
6
5
0
-3
-2
-1
0
-1
2
1
-1
-3
0
2
0
-6
-5
1
2
1
1
5
3
-1
0
3
4
0
0
5
6
-2
-8
-7
-2
2
4
5
2
-3
-3
-1
0
-1
-1
2
3
0
-1
-1
1
0
0
0
3
4
1
0
1
2
-1
-5
-8
-6
-1
4
5
1
-3
-6
-5
0
4
3
-1
-1
3
5
3
-2
-3
1
4
4
4
3
1
-3
-1
1
-2
-4
-3
0
1
-1
1
4
5
-3
-6
-3
2
1
3
6
7
2
-4
-6
-3
0
2
6
9
5
-3
-10
-12
-8
0
6
8
4
2
-2
-5
-3
1
4
4
4
1
-3
-5
-2
3
4
0
-5
-4
3
8
6
0
-3
-4
-3
-3
-3
-1
4
5
6
5
0
-3
-5
-2
2
7
6
2
-4
-6
-5
-2
3
5
6
1
-4
-4
0
1
-2
-3
1
4
4
0
-3
-4
-3
4
7
4
-4
-7
-3
2
3
3
1
-1
-4
-2
2
5
4
0
-4
-4
-4
0
1
1
1
2
1
-2
-5
-4
-1
0
0
0
3
2
-3
-3
0
3
3
2
3
2
1
2
3
-1
-4
-5
0
4
2
-1
-1
-2
-1
2
4
2
-3
-3
-2
1
-3
-1
1
2
-1
-1
1
2
2
1
-1
-3
-3
-1
3
1
-3
-2
1
4
3
-1
-2
0
0
1
1
0
-2
-3
-1
0
0
3
3
0
-1
-2
0
1
-1
-2
1
2
2
1
-2
-4
-2
0
3
4
2
-1
-2
-2
-3
-2
2
4
1
0
-1
0
1
0
1
1
1
1
0
1
-1
-2
-1
0
3
3
1
-2
-3
0
2
1
-2
-2
0
2
3
4
4
0
-3
-4
-1
2
2
0
0
2
1
-1
-3
-2
0
3
2
0
-1
-1
0
0
0
-1
0
0
-1
0
1
2
3
1
-1
-2
-1
2
6
5
2
1
1
1
-1
-2
-1
-2
0
2
2
-1
-2
-3
-2
0
-1
-2
0
1
0
-1
0
1
2
1
2
3
4
3
1
0
-2
-1
0
1
2
1
0
0
1
1
0
-1
-1
0
1
0
1
1
1
-2
-4
-2
5
5
2
-2
-3
1
1
-1
-2
0
1
1
1
0
-1
1
3
0
-4
-5
-1
2
3
-1
-2
-2
0
0
-1
0
3
2
1
-2
-2
-2
0
-1
-2
0
2
3
2
-3
-5
-4
0
1
-1
-4
-3
1
3
1
-2
-1
2
4
2
1
1
3
3
1
0
0
0
0
0
1
2
2
-2
-3
-3
-1
-1
-1
-2
-1
0
3
3
2
0
-1
0
3
6
4
1
-1
0
1
0
-1
0
1
2
1
1
0
-1
0
-1
0
0
0
0
-1
-1
0
3
2
2
1
0
-1
-2
0
1
2
2
2
1
0
0
1
2
3
1
-1
-1
-2
-4
0
-1
-1
2
0
0
1
-1
0
0
0
1
1
-1
1
1
2
1
1
2
1
2
1
1
1
1
0
0
-1
-2
0
3
2
1
0
0
-1
0
1
-1
-1
1
1
1
2
3
0
0
2
5
4
2
-1
-1
0
-1
-2
-2
-2
-1
-1
1
1
0
-1
0
0
0
1
1
2
3
4
1
-1
-2
-2
2
4
3
2
-1
-3
-4
-2
0
1
0
-1
0
-1
-2
-1
0
2
2
1
1
0
0
1
2
2
1
0
1
0
-1
1
2
3
1
-1
-2
-1
0
-1
1
1
1
0
0
-1
-1
-1
0
0
1
0
0
0
0
0
1
1
1
1
1
0
1
1
0
0
-2
-1
0
0
1
2
2
1
0
-1
-3
-1
0
0
1
1
1
0
0
-1
0
1
1
1
1
2
1
0
0
0
0
0
0
0
0
1
0
1
-1
0
0
0
1
1
2
2
1
1
0
0
0
0
0
1
1
1
1
0
0
0
-1
-1
-1
0
1
2
1
-1
1
1
3
2
2
2
0
0
0
0
0
1
-1
0
1
0
0
-1
0
0
1
0
0
-1
-1
-1
2
1
0
1
-1
-1
1
1
1
1
1
1
1
0
0
0
0
-1
0
0
0
1
0
0
0
0
1
0
-1
-1
0
0
0
-1
0
0
0
0
0
-1
0
0
0
0
-1
0
0
0
0
0
0
0
0
0
0
0
0
0
0
-1
0
0
0
0
0
0
0
0
0
1
0
-1
0
0
0
0
0
0
1
1
1
1
1
1
1
1
1
1
1
1
1
0
1
0
0
0
0
0
0
0
0
0
0
0
0
1
0
0
0
0
0
0
0
1
0
0
0
1
1
0
0
0
-1
1
1
0
0
0
0
0
0
0
1
0
0
0
1
0
0
0
0
0
-1
0
0
0
0
0
0
0
0
0
0
-1
-1
-1
0
0
0
0
-1
0
0
0
0
0
0
0
0
0
1
0
1
0
0
0
0
0
0
1
-1
0
1
-1
0
0
0
0
0
0
0
-1
0
0
0
-1
-1
-1
0
0
0
0
0
-1
1
1
2
2
2
1
-1
0
0
0
0
1
1
1
1
-1
-1
0
-1
-1
0
0
1
1
1
1
1
1
0
1
1
1
1
0
0
0
0
0
1
0
1
0
0
1
-1
1
0
0
0
-1
-1
0
0
0
-1
0
-1
0
0
0
-1
0
0
0
0
1
0
0
0
0
0
0
1
0
1
0
0
0
0
0
0
1
0
0
0
1
1
0
0
0
0
0
0
0
0
0
2
1
1
1
1
1
1
1
2
0
0
-1
0
0
0
-1
-1
0
0
1
0
-1
0
0
0
0
0
0
-1
-1
0
0
-1
1
0
1
0
0
0
0
0
0
1
0
0
0
-1
0
0
0
0
0
1
-1
0
0
0
0
0
0
0
0
0
1
0
0
0
0
0
0
-1
0
0
-1
0
0
-1
0
0
0
0
0
0
0
0
1
0
0
-1
1
0
0
-1
-1
0
0
0
1
-1
0
0
0
-1
1
0
0
0
1
-1
0
0
0
0
0
0
0
0
0
0
0
-1
0
0
0
0
0
0
0
0
0
0
1
-1
0
0
-1
1
0
0
0
0
0
0
0
0
0
0
0
0
0
0
-1
0
0
0
0
0
0
0
-1
0
0
0
-1
0
0
-1
-1
0
0
0
0
0
1
1
-1
0
-1
0
0
0
0
0
0
0
0
1
0
0
0
0
-1
1
0
0
1
0
0
0
0
0
1
1
0
0
0
0
0
-1
0
-1
1
0
1
0
0
1
0
0
1
0
0
0
1
-1
-1
1
0
0
0
-1
0
0
1
0
0
0
0
0
0
-1
0
0
0
-1
0
0
1
1
-1
0
0
0
0
0
0
0
0
0
-1
1
0
0
1
0
0
0
0
1
-1
0
0
0
0
-1
1
0
0
-1
0
0
0
0
0
-1
0
-1
1
0
0
1
0
0
0
0
0
0
0
0
-1
0
0
0
1
0
1
0
0
0
0
-1
0
0
1
1
0
0
0
-1
-1
0
0
0
-1
0
0
1
0
1
0
0
1
0
0
1
0
0
0
0
0
0
0
0
0
0
0
-1
1
0
0
0
0
0
0
0
0
0
0
-1
0
-1
0
0
0
0
0
-1
0
0
0
1
0
0
0
0
0
0
0
0
0
-1
1
1
-1
0
0
0
0
0
0
0
0
0
0
0
0
0
-1
0
0
0
0
0
0
0
0
-1
0
0
0
0
-1
0
-1
0
0
0
0
0
-1
0
0
-1
0
0
0
1
0
0
0
0
0
0
1
0
0
0
0
0
1
0
0
0
1
1
0
0
0
0
0
0
0
0
1
1
1
0
0
-1
0
0
0
-1
-1
0
0
0
0
0
0
0
0
0
0
0
0
0
0
0
0
0
0
0
0
0
1
1
1
0
-1
0
0
0
0
0
0
1
-1
-1
0
0
0
0
0
1
0
-1
0
0
0
0
0
0
0
0
-1
0
0
0
0
1
0
0
0
0
0
-1
1
1
0
0
0
0
1
0
0
0
0
0
0
0
0
0
0
0
0
1
0
0
0
0
0
0
1
0
0
0
0
0
0
0
0
0
0
1
0
-1
0
0
0
0
-1
0
0
0
0
0
0
-1
0
0
-1
0
0
0
-1
1
0
0
0
0
0
0
0
0
0
0
0
0
0
-1
0
-1
0
0
0
0
0
0
0
0
0
1
0
0
0
0
0
0
0
0
0
0
0
1
0
0
0
0
0
0
0
0
0
-1
0
0
1
0
0
0
0
0
0
0
1
0
0
0
0
0
0
-1
0
1
0
0
0
0
0
0
0
0
-1
0
0
0
0
0
0
0
0
1
0
-1
0
1
0
0
-1
0
0
0
0
-1
0
0
0
0
1
0
0
0
0
0
0
0
0
-1
0
0
0
0
0
0
0
0
0
1
0
0
0
0
0
1
0
0
1
0
1
-1
0
0
0
0
0
0
0
0
-1
0
-1
-1
0
0
0
0
0
0
0
0
0
0
-1
0
-1
0
0
0
0
0
0
-1
0
0
0
0
0
0
0
0
0
0
0
0
0
0
0
0
0
1
1
0
-1
0
0
0
0
0
0
0
0
0
0
0
0
0
0
0
0
1
0
0
0
0
0
1
0
0
0
0
0
0
0
-1
-1
0
0
0
0
0
-1
-1
0
0
0
-1
1
0
0
-1
0
0
0
0
0
0
0
0
0
0
0
0
0
0
0
0
1
0
0
-1
0
0
0
0
0
0
1
0
0
-1
-1
0
0
0
0
-1
0
0
0
0
0
1
0
0
1
0
1
0
0
0
0
0
0
-1
0
0
0
0
0
0
1
0
0
0
0
0
0
-1
-1
0
-1
0
0
0
0
0
0
0
0
0
0
0
0
0
0
-1
0
0
0
0
1
0
0
0
0
0
0
0
0
0
0
-1
1
-1
0
0
0
0
0
0
0
0
1
0
1
0
0
0
1
-1
0
0
0
0
0
0
0
0
0
0
-1
0
0
0
0
1
1
0
1
0
0
0
0
0
0
0
0
0
0
-1
-1
-1
-1
0
0
0
0
0
-1
0
0
0
0
0
-1
0
-1
0
1
0
0
1
0
0
-1
0
-1
0
0
0
-1
0
1
-1
0
0
0
0
-1
0
1
0
-1
1
1
0
1
-1
0
0
1
0
0
-1
1
0
0
1
0
0
0
0
1
0
0
0
0
1
0
-1
0
-1
0
1
0
1
-1
0
1
0
0
0
0
0
-1
0
0
0
0
0
0
0
0
0
0
-1
0
1
0
1
0
-1
0
0
1
0
0
0
0
0
0
-1
0
-1
0
0
0
0
0
0
0
1
0
1
0
0
0
0
0
-1
0
0
0
0
0
-1
0
0
0
0
0
0
1
0
0
0
0
1
0
0
0
0
0
0
0
0
0
-1
0
1
0
0
0
0
0
0
0
0
0
0
0
0
0
0
0
-1
1
0
0
0
-1
0
0
0
1
0
0
0
-1
0
0
0
0
1
1
0
1
0
0
-1
0
-1
0
0
0
0
0
0
0
0
0
0
0
0
0
1
0
0
0
0
0
0
0
0
0
0
0
0
0
0
0
0
0
0
1
0
0
0
1
0
0
0
0
0
0
0
0
1
1
0
0
1
0
0
0
0
0
1
0
0
-1
1
0
-1
-1
0
0
0
0
0
1
0
1
0
0
0
1
0
-1
0
-1
0
0
-1
0
0
0
-1
0
0
0
0
0
0
0
0
1
-1
0
0
0
0
-1
0
0
0
0
0
1
0
0
0
0
0
0
0
0
1
1
0
0
0
0
0
0
0
0
0
1
0
-1
0
0
0
0
0
0
0
0
0
0
1
0
1
1
1
0
0
0
0
0
0
0
0
0
0
0
0
-1
0
0
0
-1
0
-1
0
0
0
0
0
0
0
-1
1
0
1
0
0
0
0
1
1
0
-1
0
1
-1
0
-1
-1
-1
-1
-1
-1
-1
-1
-1
-1
0
0
2
0
2
2
3
3
2
2
2
0
0
-1
-1
-2
-3
-4
-5
-7
-6
-5
-6
-4
-2
1
1
3
4
5
6
7
7
7
7
7
5
4
1
0
0
-1
-1
-1
-3
-3
-3
-1
-1
0
1
2
2
2
1
2
2
3
1
1
2
0
0
0
-1
-1
-2
-2
-3
-2
-2
-1
-1
-1
-1
-1
-2
-2
-2
-2
-1
-1
-1
0
0
-1
-1
0
1
2
4
6
6
7
6
5
5
5
4
3
1
2
-1
-3
-3
-4
-6
-6
-6
-6
-6
-6
-4
-4
-2
-1
0
0
0
1
4
3
4
6
4
4
4
3
2
2
2
0
1
1
0
0
-1
1
-1
1
2
3
3
4
5
4
3
3
3
1
-2
-2
-4
-6
-7
-8
-10
-12
-12
-12
-10
-7
-4
-3
-3
-3
-2
-1
-1
0
-1
-1
-3
-4
-3
0
1
5
6
8
11
13
19
24
29
34
36
37
35
35
32
31
29
25
20
11
3
-6
-15
-22
-30
-39
-46
-52
-57
-62
-62
-61
-56
-50
-42
-35
-25
-19
-10
-2
5
13
22
30
35
39
40
41
41
42
43
40
34
25
13
1
-11
-22
-32
-42
-53
-62
-70
-74
-72
-64
-51
-36
-19
0
22
47
74
103
131
160
186
206
217
220
213
202
184
157
119
67
3
-72
-150
-226
-296
-358
-409
-453
-486
-506
-504
-470
-403
-310
-198
-83
28
136
245
357
468
566
637
667
659
617
555
479
396
300
186
54
-90
-234
-361
-460
-526
-563
-581
-582
-571
-540
-478
-386
-269
-140
-16
92
179
250
313
370
418
449
453
428
377
308
232
160
95
34
-24
-85
-147
-206
-250
-274
-275
-259
-232
-204
-178
-150
-119
-82
-34
21
74
118
150
166
165
160
152
147
145
132
105
60
2
-51
-91
-114
-124
-131
-144
-161
-177
-183
-169
-136
-88
-39
3
34
57
79
108
147
192
228
244
237
209
176
149
129
112
86
43
-14
-77
-137
-180
-206
-217
-222
-225
-228
-232
-227
-207
-167
-113
-52
5
49
80
104
133
167
209
240
251
237
206
173
147
121
89
50
8
-39
-83
-131
-174
-205
-216
-212
-203
-196
-194
-184
-158
-111
-55
1
47
83
112
143
175
208
232
243
237
216
186
154
124
102
79
45
-7
-69
-127
-165
-179
-180
-189
-205
-221
-225
-211
-184
-148
-107
-62
-16
28
62
84
102
122
151
175
188
175
148
118
97
83
70
47
14
-24
-59
-84
-105
-123
-138
-145
-147
-141
-132
-117
-95
-66
-27
16
58
89
110
126
144
165
181
181
164
140
120
108
100
84
56
17
-24
-63
-94
-118
-132
-137
-139
-152
-180
-212
-224
-205
-149
-84
-43
-41
-58
-59
-21
48
118
154
145
106
72
69
88
103
97
79
59
35
4
-31
-58
-58
-29
11
39
29
-15
-60
-68
-18
66
140
174
161
124
89
86
121
179
216
208
149
66
-8
-58
-85
-100
-111
-122
-140
-175
-230
-283
-299
-251
-153
-57
-21
-58
-127
-163
-115
4
126
172
116
16
-51
-43
19
83
116
109
68
5
-69
-138
-174
-148
-71
-11
-43
-168
-292
-314
-217
-70
19
8
-64
-115
-84
16
137
233
291
316
312
278
234
217
262
353
427
405
263
68
-76
-102
-21
90
149
107
-29
-201
-319
-309
-159
54
219
237
115
-36
-76
69
348
628
787
774
630
452
355
403
554
687
656
412
32
-335
-587
-753
-949
-1249
-1611
-1930
-2185
-2482
-2921
-3357
-3385
-2671
-1367
-147
332
52
-312
14
1239
2828
3947
4105
3483
2698
2295
2375
2617
2638
2293
1650
792
-219
-1227
-1973
-2258
-2121
-1864
-1849
-2217
-2753
-3018
-2623
-1536
-191
807
1081
746
292
227
743
1614
2355
2559
2158
1436
792
479
500
669
755
602
180
-410
-995
-1389
-1464
-1201
-757
-425
-470
-891
-1370
-1515
-1189
-610
-161
-120
-513
-1072
-1361
-1054
-249
572
916
688
247
41
235
682
1137
1407
1386
1095
688
339
143
114
218
341
300
-51
-632
-1142
-1297
-1065
-649
-320
-237
-366
-515
-446
-45
580
1158
1450
1407
1150
881
766
837
967
978
774
402
-28
-424
-745
-941
-963
-864
-796
-885
-1120
-1354
-1415
-1208
-783
-316
12
141
145
153
253
462
740
983
1072
956
678
368
138
29
10
4
-91
-338
-697
-1018
-1166
-1124
-973
-792
-632
-547
-567
-619
-546
-264
157
543
741
714
544
419
500
779
1071
1174
1064
916
893
996
1064
967
737
513
384
302
173
-12
-154
-140
15
174
211
142
85
152
336
526
629
654
636
611
629
697
705
506
60
-572
-1302
-2060
-2760
-3285
-3658
-4196
-5149
-6075
-5923
-4130
-1475
458
788
108
-240
608
2547
4754
6198
6230
5113
3840
3254
3363
3572
3422
2869
1942
529
-1296
-3019
-4042
-4225
-3919
-3561
-3456
-3757
-4302
-4472
-3622
-1769
301
1681
1965
1455
908
1026
1967
3281
4227
4275
3491
2416
1545
1049
900
964
981
663
-100
-1177
-2203
-2783
-2748
-2232
-1572
-1155
-1179
-1488
-1693
-1506
-896
-40
762
1240
1310
1110
876
803
982
1335
1630
1633
1265
641
5
-427
-594
-585
-562
-704
-1056
-1486
-1804
-1886
-1698
-1321
-946
-718
-639
-601
-484
-229
152
633
1168
1630
1863
1865
1796
1787
1834
1876
1863
1718
1349
785
200
-237
-513
-734
-978
-1223
-1458
-1702
-1901
-1949
-1825
-1629
-1417
-1168
-870
-586
-374
-196
53
415
822
1170
1373
1382
1247
1112
1083
1130
1144
1037
765
339
-146
-540
-762
-875
-1001
-1169
-1332
-1452
-1511
-1461
-1253
-942
-651
-420
-216
-17
172
370
611
886
1108
1181
1112
1018
988
1011
1034
1021
919
668
279
-149
-489
-678
-735
-764
-882
-1098
-1265
-1236
-1031
-797
-621
-472
-295
-62
255
652
1026
1227
1229
1194
1290
1510
1681
1643
1393
1040
701
454
333
300
256
149
4
-129
-256
-397
-455
-312
-82
-21
-153
-267
-238
-105
41
106
61
-80
-364
-801
-1235
-1597
-2049
-2760
-3716
-4652
-5019
-4514
-3615
-2898
-2046
-503
1107
1529
894
876
2454
4607
5806
5762
5053
4018
2925
2449
2925
3511
2997
1314
-498
-1726
-2570
-3300
-3652
-3485
-3310
-3622
-4137
-4219
-3700
-2778
-1491
74
1354
1767
1462
1154
1337
2042
3072
4005
4224
3453
2192
1246
947
1091
1294
1195
599
-350
-1292
-1979
-2314
-2196
-1707
-1214
-1029
-1119
-1325
-1514
-1443
-903
-71
628
890
714
366
199
326
600
886
1079
1023
656
137
-298
-502
-469
-375
-399
-561
-807
-1110
-1378
-1395
-1070
-588
-236
-150
-263
-376
-323
-83
275
678
970
1013
899
820
797
790
842
945
957
769
429
79
-172
-315
-396
-467
-605
-882
-1189
-1295
-1177
-1068
-1055
-971
-777
-647
-610
-499
-214
141
440
670
838
926
940
929
983
1066
1013
822
640
458
277
244
297
150
-171
-352
-332
-366
-599
-841
-823
-544
-272
-154
-61
73
174
319
665
1126
1490
1636
1596
1539
1597
1690
1706
1714
1706
1496
1112
754
460
189
-81
-415
-881
-1428
-1945
-2377
-2675
-2760
-2755
-3038
-3859
-4883
-5189
-4125
-2230
-825
-677
-1421
-2066
-1725
-136
2131
3927
4360
3561
2586
2386
2983
3785
4324
4365
3747
2492
996
-202
-838
-1012
-970
-1010
-1488
-2568
-3900
-4739
-4537
-3381
-1908
-889
-790
-1419
-1955
-1555
-89
1732
3025
3402
3066
2502
2176
2362
2959
3493
3520
3015
2237
1356
472
-180
-391
-306
-343
-771
-1490
-2225
-2699
-2704
-2251
-1679
-1357
-1326
-1433
-1505
-1337
-852
-238
280
651
791
601
268
180
432
772
955
883
507
-96
-629
-797
-605
-328
-232
-435
-889
-1402
-1685
-1543
-1073
-562
-214
-68
-100
-233
-240
115
798
1473
1784
1658
1315
1022
954
1152
1420
1402
986
423
-59
-425
-577
-407
-206
-436
-1015
-1363
-1218
-902
-729
-647
-480
-205
94
325
503
712
993
1270
1539
1841
2033
1964
1854
1978
2170
2116
1876
1666
1440
1037
580
380
395
240
-210
-654
-903
-1045
-1184
-1470
-2134
-3035
-3635
-3734
-3765
-4290
-5583
-7429
-8824
-8318
-5340
-991
2528
3134
584
-2326
-1809
2724
8034
10737
9990
7038
4010
2824
3999
6268
7484
6305
3359
268
-2193
-3969
-4729
-4341
-3550
-3490
-4874
-7317
-9222
-9145
-6881
-3138
542
2029
659
-1668
-2557
-1114
2189
5900
7981
7292
4708
2355
1815
3087
4940
6046
5629
3648
963
-1123
-1950
-1714
-924
-255
-521
-1957
-3760
-4826
-4670
-3469
-1820
-641
-584
-1386
-2159
-2159
-1155
428
1751
2265
2013
1342
778
779
1243
1780
2141
2080
1425
452
-412
-940
-978
-613
-380
-660
-1342
-2200
-2918
-3044
-2522
-1846
-1467
-1466
-1619
-1560
-1133
-510
129
733
1245
1621
1876
2003
2024
2064
2165
2261
2276
2047
1429
645
155
76
64
-172
-599
-1097
-1594
-1921
-1924
-1731
-1620
-1614
-1521
-1262
-893
-433
69
461
689
921
1311
1767
2102
2217
2133
1958
1844
1828
1787
1606
1276
851
501
365
371
356
303
253
202
173
139
67
29
112
279
475
564
328
-176
-636
-964
-1258
-1432
-1440
-1599
-2343
-3803
-5464
-6163
-5077
-2871
-1338
-1648
-3185
-4088
-2955
-203
2279
3066
2485
1859
2044
3042
4315
5085
4911
4144
3426
2997
2675
2182
1472
795
275
-351
-1265
-2288
-3106
-3412
-3123
-2584
-2218
-2215
-2681
-3288
-3186
-2118
-833
19
293
36
-252
181
1278
2256
2654
2597
2423
2428
2609
2736
2733
2592
2272
1896
1660
1454
1082
589
105
-285
-527
-736
-1124
-1621
-1931
-2051
-2280
-2641
-2823
-2675
-2348
-1947
-1493
-1101
-903
-861
-778
-417
249
982
1475
1503
1078
597
485
722
1093
1426
1367
679
-238
-779
-760
-300
235
278
-330
-1068
-1390
-1199
-750
-361
-83
205
325
54
-265
-144
333
841
1248
1423
1199
679
234
201
558
890
834
444
-25
-409
-644
-664
-398
106
505
363
-258
-745
-608
63
797
1181
1063
635
290
329
741
1251
1566
1594
1456
1286
1159
1104
1107
1166
1221
1190
924
377
-232
-581
-654
-621
-729
-1270
-2029
-2843
-3673
-4576
-5502
-5808
-5426
-4644
-4012
-4214
-4669
-4279
-2601
-415
866
1138
1297
1841
2878
3996
4891
5459
5347
5000
4877
4929
4774
4043
3225
2564
1820
874
-212
-1214
-1988
-2551
-2993
-3394
-3681
-3742
-3805
-3803
-3655
-3445
-3047
-2698
-2364
-1970
-1479
-665
123
760
1247
1643
2279
2854
3307
3734
3838
3657
3454
3499
3608
3471
3173
2705
2126
1635
1222
745
254
-210
-754
-1405
-2049
-2549
-2859
-2965
-2934
-2891
-2988
-3236
-3376
-3108
-2484
-1852
-1420
-1138
-875
-569
-203
236
706
1114
1449
1776
2041
2101
1962
1833
1866
2002
2076
1894
1430
903
454
149
85
76
-224
-787
-1342
-1688
-1768
-1740
-1796
-1936
-2073
-2116
-1967
-1710
-1515
-1330
-1025
-666
-352
-44
243
425
560
752
1042
1389
1579
1520
1403
1339
1344
1475
1555
1314
746
176
10
218
302
11
-359
-592
-912
-1369
-1534
-1211
-846
-891
-1239
-1521
-1542
-1311
-899
-422
-57
39
-69
-15
436
1009
1393
1725
2142
2361
2155
1787
1690
1988
2427
2623
2325
1624
859
383
348
571
697
503
-60
-697
-952
-871
-770
-647
-547
-708
-1030
-1209
-1226
-1240
-1269
-1239
-1160
-1249
-1682
-2247
-2619
-2750
-2554
-1853
-1041
-921
-1528
-1961
-1519
-423
628
1197
1259
927
553
720
1559
2417
2594
2050
1282
853
961
1248
1321
1167
806
269
-143
-284
-325
-338
-285
-226
-250
-309
-363
-505
-689
-647
-345
-85
-103
-378
-642
-621
-413
-296
-318
-398
-500
-529
-325
95
444
501
356
223
344
732
1116
1350
1359
1082
800
816
1035
1240
1269
1008
528
83
-145
-214
-248
-319
-508
-834
-1182
-1445
-1564
-1493
-1281
-1143
-1240
-1435
-1480
-1350
-1159
-933
-673
-456
-313
-222
-176
-89
144
438
603
657
696
695
728
897
1058
1075
1037
1035
975
834
860
1129
1317
1205
839
471
424
612
690
574
330
48
-126
-91
178
428
327
-74
-389
-367
-168
14
119
48
-238
-427
-278
63
277
266
307
283
157
92
-43
-138
-269
-364
-461
-871
-1215
-1308
-1310
-1301
-1445
-1631
-1819
-2091
-2127
-2079
-2200
-2314
-2441
-2193
-1301
-60
529
-365
-1396
-826
1051
2549
2790
2295
1599
1103
1470
2779
3878
3659
2363
1146
845
1337
1854
1728
1038
270
-433
-1013
-1088
-659
-520
-1040
-1558
-1609
-1584
-1682
-1552
-1211
-1083
-1126
-1013
-847
-815
-593
28
587
670
530
512
620
910
1486
1994
1914
1385
1023
1063
1332
1690
1900
1578
815
261
220
316
256
133
-107
-638
-1229
-1473
-1402
-1307
-1287
-1402
-1755
-2129
-2197
-2032
-1842
-1565
-1252
-1254
-1588
-1730
-1348
-687
-78
406
625
351
-137
-33
898
1873
2136
1729
1125
788
1005
1613
2050
1927
1377
725
329
492
930
961
465
-58
-333
-521
-679
-660
-573
-748
-1170
-1445
-1425
-1344
-1313
-1228
-1178
-1275
-1277
-1011
-677
-407
-185
-65
-3
196
565
938
1220
1447
1534
1435
1446
1792
2230
2396
2242
1971
1763
1666
1737
1917
1940
1660
1190
763
577
571
505
274
-57
-411
-754
-1053
-1311
-1576
-1912
-2377
-2972
-3559
-3951
-3987
-3624
-3172
-3112
-3448
-3643
-3347
-2683
-1853
-1028
-479
-354
-345
44
919
1895
2542
2765
2788
2862
3086
3425
3728
3749
3393
2909
2632
2555
2416
2082
1593
1003
387
-86
-352
-585
-987
-1545
-2082
-2459
-2622
-2599
-2554
-2625
-2741
-2727
-2558
-2313
-2015
-1657
-1287
-970
-724
-428
46
576
940
1138
1360
1677
1963
2148
2303
2434
2512
2492
2332
2160
2071
1932
1707
1543
1402
993
329
-115
-126
-100
-391
-933
-1468
-1837
-2035
-2027
-1860
-1809
-2084
-2496
-2618
-2291
-1840
-1597
-1501
-1409
-1348
-1296
-1051
-568
-96
167
299
452
658
878
1085
1293
1523
1751
1914
1956
1869
1703
1574
1585
1657
1565
1244
900
706
570
337
63
-107
-223
-424
-661
-795
-919
-1164
-1359
-1307
-1128
-1018
-1032
-1184
-1340
-1261
-1008
-702
-441
-314
-387
-541
-446
-122
330
743
819
725
805
1245
1823
2110
2241
2306
2252
2227
2307
2463
2518
2376
2103
1815
1700
1649
1368
895
430
-126
-832
-1403
-1824
-2593
-3958
-5467
-6562
-6798
-5716
-3773
-2989
-4828
-7623
-8059
-5237
-1508
530
194
-1630
-3163
-2470
841
4643
6105
4530
1968
1057
2635
5395
7251
6928
4784
2448
1548
2560
4475
5399
4206
1864
294
185
879
1595
1576
240
-1795
-2965
-2680
-1864
-1540
-1921
-2745
-3566
-3862
-3496
-2910
-2519
-2354
-2406
-2620
-2587
-2007
-1231
-653
-120
456
711
704
1128
2101
2837
2913
2764
2747
2797
2934
3207
3276
2852
2236
1856
1694
1565
1368
863
-16
-769
-1000
-1095
-1457
-1864
-2172
-2596
-3011
-3031
-2795
-2772
-3017
-3179
-3017
-2644
-2275
-1927
-1539
-1238
-1049
-768
-363
15
403
866
1226
1410
1606
1854
2053
2224
2406
2482
2386
2245
2217
2280
2286
2124
1808
1406
1044
843
777
676
410
-16
-479
-772
-779
-677
-755
-1054
-1401
-1648
-1714
-1588
-1397
-1363
-1556
-1749
-1660
-1341
-1075
-951
-819
-653
-498
-263
6
152
249
413
618
822
972
1017
976
979
1114
1264
1296
1227
1107
938
701
513
533
599
484
285
136
-3
-203
-358
-323
-166
-114
-314
-615
-736
-623
-486
-468
-501
-545
-541
-560
-612
-544
-438
-442
-574
-635
-464
-282
-235
-308
-408
-378
-213
77
334
346
139
-116
-178
35
389
662
557
169
-4
123
319
464
534
489
238
-52
-195
-172
1
112
21
-153
-251
-227
-160
-135
-184
-247
-240
-177
-137
-130
-155
-231
-259
-85
209
326
145
-122
-215
-89
100
178
98
-65
-244
-287
91
815
1130
469
-503
-602
315
1274
1506
1029
268
-249
-51
848
1742
1800
951
81
93
872
1543
1571
1120
519
11
-42
537
1187
1059
181
-526
-543
-271
-188
-335
-703
-1312
-1860
-1960
-1741
-1662
-1833
-2026
-2130
-2186
-2151
-1940
-1562
-1162
-945
-950
-956
-760
-417
-22
457
888
960
711
615
946
1425
1672
1587
1270
924
845
1154
1547
1568
1138
609
418
685
1115
1242
881
270
-167
-170
173
463
336
-174
-661
-793
-596
-354
-324
-556
-888
-1124
-1159
-1074
-1053
-1129
-1237
-1296
-1258
-1138
-944
-811
-766
-720
-636
-419
-128
98
249
341
397
434
591
888
1045
980
876
889
1017
1129
1127
1011
869
790
782
774
666
425
164
21
-15
-87
-316
-618
-792
-792
-764
-778
-778
-794
-909
-1047
-1033
-856
-654
-532
-534
-626
-650
-443
-108
145
289
402
453
449
577
929
1245
1268
1119
1061
1102
1126
1173
1358
1526
1435
1176
1047
1076
1076
1042
1088
1093
767
268
8
96
271
181
-136
-465
-725
-843
-857
-815
-941
-1396
-1865
-2091
-2139
-2197
-2252
-2179
-2190
-2425
-2652
-2577
-2157
-1659
-1378
-1367
-1410
-1301
-1013
-515
201
822
931
628
493
876
1532
2056
2288
2193
1782
1397
1523
2093
2490
2337
1838
1367
1165
1284
1547
1653
1387
777
179
15
276
472
268
-183
-580
-781
-774
-652
-616
-838
-1210
-1418
-1316
-1095
-1028
-1150
-1312
-1369
-1267
-1024
-733
-526
-470
-492
-440
-227
74
328
469
504
475
452
546
781
1007
1030
855
662
576
566
572
566
489
295
49
-105
-137
-157
-244
-356
-441
-505
-569
-615
-640
-677
-731
-730
-615
-447
-366
-425
-512
-498
-383
-246
-120
-20
-8
-108
-173
-30
262
464
463
356
262
221
271
426
579
552
337
144
153
316
463
492
393
226
104
99
192
285
248
48
-141
-145
-34
45
68
45
-61
-192
-201
-101
-80
-206
-326
-326
-290
-334
-395
-374
-329
-352
-376
-323
-257
-255
-262
-178
-37
64
129
232
401
607
813
972
1061
1145
1310
1534
1709
1773
1752
1687
1628
1613
1607
1503
1239
897
627
457
240
-149
-702
-1360
-2027
-2421
-2275
-1885
-1985
-2817
-3756
-4066
-3566
-2539
-1575
-1477
-2467
-3479
-3119
-1390
299
788
138
-844
-1224
-347
1470
2839
2630
1272
214
413
1664
2983
3313
2345
911
290
977
2282
2999
2408
943
-131
21
1008
1815
1768
809
-495
-1129
-541
532
859
144
-921
-1635
-1665
-1021
-277
-271
-1083
-1895
-2043
-1608
-969
-480
-493
-1008
-1440
-1249
-586
46
379
352
12
-277
-70
550
1063
1182
991
628
298
332
756
1125
1079
718
311
50
91
414
659
495
66
-253
-321
-176
105
266
62
-332
-501
-349
-92
104
123
-110
-416
-458
-197
74
135
23
-179
-381
-429
-231
66
181
32
-213
-335
-243
-12
183
214
99
-46
-114
-45
136
294
289
171
124
216
335
408
460
449
315
209
316
491
443
217
67
34
14
20
54
-19
-239
-441
-507
-502
-505
-546
-650
-779
-837
-815
-784
-752
-670
-601
-611
-615
-530
-419
-339
-221
-59
21
21
97
299
473
523
508
522
580
644
678
672
639
586
512
449
461
518
483
293
78
-40
-87
-125
-144
-176
-325
-579
-747
-676
-458
-315
-384
-597
-748
-694
-475
-240
-104
-120
-281
-434
-364
-53
250
342
280
213
196
259
443
662
725
583
412
367
465
629
726
658
481
355
343
402
481
524
468
304
129
111
320
573
603
397
207
256
525
802
892
778
601
517
588
729
769
635
434
262
75
-156
-351
-495
-707
-1046
-1447
-1852
-2194
-2287
-2107
-2015
-2337
-2827
-2969
-2667
-2235
-1879
-1606
-1528
-1705
-1789
-1307
-368
359
453
182
66
341
943
1658
2107
1960
1409
1117
1478
2142
2494
2326
1878
1471
1376
1682
2084
2053
1483
871
698
904
1093
1002
590
26
-372
-366
-102
-6
-324
-876
-1270
-1283
-1021
-800
-853
-1151
-1455
-1501
-1233
-880
-730
-808
-908
-865
-656
-354
-65
67
8
-62
71
372
601
642
581
509
462
512
682
810
711
452
271
278
369
406
321
114
-126
-256
-225
-134
-119
-211
-353
-465
-473
-361
-219
-167
-220
-289
-302
-245
-129
-5
43
11
-9
37
96
131
177
235
251
231
226
222
190
159
167
178
143
69
-18
-99
-131
-99
-73
-143
-272
-357
-382
-379
-342
-297
-334
-438
-483
-428
-371
-346
-311
-286
-302
-273
-144
-37
-45
-69
3
154
303
360
290
198
233
397
561
627
545
346
206
298
536
645
497
240
84
116
277
423
393
165
-58
-56
141
290
227
30
-133
-168
-77
43
47
-123
-341
-416
-335
-248
-267
-362
-454
-510
-529
-502
-427
-357
-360
-407
-400
-339
-304
-286
-228
-156
-124
-109
-84
-75
-83
-38
103
249
279
197
128
162
271
393
474
453
317
178
168
280
386
384
261
93
-9
24
142
223
185
35
-115
-116
67
265
281
119
-30
0
197
430
539
476
344
315
473
729
892
859
709
621
662
747
761
663
473
252
70
-32
-111
-267
-526
-810
-1046
-1208
-1282
-1274
-1280
-1418
-1646
-1789
-1735
-1514
-1217
-986
-977
-1152
-1226
-983
-534
-150
22
-14
-158
-221
-35
337
621
636
460
306
313
451
594
643
595
517
498
560
623
594
489
424
486
613
660
553
367
232
227
329
443
443
291
87
-2
68
196
266
241
146
35
5
94
216
248
183
128
153
216
252
255
236
195
179
218
263
230
128
38
15
30
29
-13
-90
-176
-246
-270
-262
-285
-366
-455
-483
-452
-424
-451
-529
-601
-593
-497
-398
-384
-457
-517
-483
-360
-215
-125
-124
-176
-186
-88
60
155
170
151
149
191
275
352
364
321
291
320
389
441
422
341
260
227
259
313
328
275
180
93
62
104
177
199
148
62
0
-19
-4
26
45
28
-25
-81
-114
-114
-90
-56
-39
-57
-89
-103
-82
-45
-36
-72
-99
-74
-30
-30
-76
-130
-172
-192
-163
-105
-96
-186
-318
-380
-339
-263
-223
-240
-304
-385
-419
-360
-240
-154
-157
-203
-228
-194
-106
-9
48
56
53
76
126
186
242
276
287
303
349
401
426
426
427
445
464
470
461
443
418
366
288
227
193
153
86
4
-81
-166
-239
-293
-327
-356
-393
-445
-484
-485
-452
-416
-385
-350
-307
-256
-194
-126
-56
15
76
119
156
209
261
290
306
318
322
320
323
319
301
283
277
266
230
171
117
101
122
129
76
-20
-95
-111
-76
-38
-53
-140
-237
-257
-196
-125
-109
-151
-208
-226
-176
-85
-30
-45
-89
-91
-30
58
111
103
56
31
60
119
155
142
83
13
-22
-4
35
33
-20
-90
-134
-147
-135
-113
-107
-132
-185
-231
-236
-202
-165
-157
-177
-203
-216
-203
-162
-118
-98
-98
-96
-85
-57
-13
39
84
114
137
149
157
177
221
267
284
274
250
224
210
222
243
234
179
109
60
49
64
72
42
-23
-84
-107
-96
-74
-72
-108
-166
-204
-190
-151
-132
-142
-168
-196
-205
-176
-130
-113
-125
-134
-114
-87
-66
-49
-32
-17
-1
27
59
77
78
80
97
121
140
144
136
119
111
118
133
130
100
65
50
60
77
74
49
11
-10
-1
34
57
39
-16
-64
-61
-10
46
55
8
-54
-84
-60
3
55
58
11
-43
-61
-29
26
66
65
34
-4
-15
6
45
74
76
50
15
-1
11
32
39
17
-21
-55
-70
-67
-56
-62
-94
-132
-149
-136
-117
-110
-119
-132
-137
-130
-112
-91
-77
-71
-66
-56
-43
-34
-26
-12
16
44
55
46
33
45
85
134
163
155
129
121
150
206
243
239
201
171
175
205
229
215
159
91
50
44
48
28
-32
-112
-177
-204
-202
-198
-218
-265
-314
-336
-320
-281
-250
-242
-249
-249
-224
-174
-121
-83
-63
-51
-32
3
42
74
91
99
106
120
137
154
160
159
157
155
154
155
151
143
133
121
111
98
87
76
65
51
35
16
0
-13
-21
-27
-39
-54
-70
-80
-80
-72
-64
-64
-69
-72
-68
-53
-37
-27
-31
-33
-29
-18
-9
-4
-5
-4
0
7
10
6
4
9
19
27
32
31
29
32
39
50
59
62
61
55
53
55
63
69
70
64
55
49
47
53
66
72
64
50
39
47
70
87
84
59
35
34
54
72
64
32
-9
-31
-31
-22
-27
-60
-104
-136
-144
-133
-129
-142
-161
-173
-171
-158
-143
-133
-127
-120
-107
-94
-80
-69
-46
-15
11
24
25
28
45
77
107
120
114
101
102
124
151
161
146
122
107
112
125
126
107
79
53
41
35
27
9
-14
-40
-62
-79
-91
-98
-101
-111
-128
-151
-164
-158
-133
-114
-114
-131
-145
-135
-102
-66
-50
-56
-69
-68
-44
-8
17
22
13
4
9
25
44
54
51
40
30
26
28
36
44
45
36
25
18
20
31
45
49
41
32
35
53
75
85
86
81
80
89
101
109
107
97
87
84
84
79
71
61
46
29
13
3
-4
-9
-15
-26
-41
-51
-51
-40
-24
-16
-23
-35
-35
-16
14
32
27
7
-6
7
31
45
35
7
-20
-28
-17
-9
-19
-46
-80
-101
-100
-91
-84
-94
-116
-133
-134
-118
-98
-86
-88
-93
-88
-69
-40
-14
4
12
20
38
64
90
106
107
104
107
124
144
149
135
111
93
91
97
92
69
31
-3
-16
-16
-18
-35
-65
-92
-106
-101
-91
-88
-99
-113
-116
-105
-87
-75
-74
-80
-77
-64
-47
-38
-40
-45
-42
-31
-16
-8
-9
-15
-14
-4
13
27
32
28
26
35
51
69
78
76
67
63
68
77
80
72
54
36
25
21
19
11
-4
-20
-32
-34
-30
-28
-33
-39
-43
-37
-22
-5
3
7
10
20
37
54
65
68
66
64
70
74
76
72
61
47
32
23
17
10
-1
-18
-36
-48
-53
-54
-57
-65
-72
-75
-72
-65
-57
-52
-46
-40
-31
-20
-10
1
8
20
30
40
46
47
49
54
59
61
57
48
38
33
32
29
20
4
-12
-20
-23
-25
-31
-42
-53
-57
-56
-48
-45
-45
-46
-43
-36
-22
-11
-5
-2
2
9
18
25
27
25
21
21
20
18
14
5
-4
-10
-15
-19
-24
-34
-41
-47
-48
-47
-47
-48
-49
-47
-42
-34
-27
-21
-16
-11
-2
7
16
23
27
32
36
40
43
45
46
47
48
48
46
43
39
37
36
33
26
21
15
11
10
11
9
4
-1
-6
-9
-9
-9
-11
-15
-19
-21
-22
-21
-21
-23
-25
-27
-27
-25
-22
-19
-19
-17
-17
-14
-9
-2
2
3
4
7
11
17
23
26
27
26
27
28
33
35
34
32
30
29
30
29
28
23
18
13
10
7
6
2
0
-5
-9
-12
-16
-19
-22
-26
-28
-29
-27
-26
-27
-26
-26
-25
-22
-17
-13
-11
-9
-7
-4
0
5
10
11
13
14
16
20
23
26
26
26
26
27
28
30
30
27
24
22
21
20
18
14
8
3
-2
-5
-8
-11
-17
-23
-27
-30
-31
-33
-34
-36
-38
-37
-35
-35
-33
-31
-29
-26
-23
-22
-21
-18
-15
-11
-8
-6
-6
-6
-4
2
7
10
10
10
12
18
23
27
30
31
33
37
40
44
45
44
41
42
40
40
36
32
25
17
12
6
1
-4
-11
-19
-26
-30
-33
-36
-39
-45
-47
-47
-45
-44
-42
-39
-36
-31
-24
-19
-14
-10
-4
1
9
13
16
19
23
26
29
31
32
31
30
28
28
25
23
20
16
13
10
7
4
0
-3
-4
-5
-6
-8
-10
-10
-8
-7
-6
-7
-6
-5
-6
-3
-4
-4
-5
-6
-7
-6
-5
-6
-8
-8
-8
-6
-4
-3
-3
-3
-1
2
7
10
12
15
16
19
22
24
27
28
27
26
26
25
23
19
14
11
8
6
2
-2
-9
-14
-18
-19
-22
-23
-27
-29
-31
-30
-27
-24
-24
-23
-22
-18
-13
-9
-4
-2
-1
1
6
10
12
13
13
12
14
17
17
14
10
6
4
4
3
1
-1
-7
-8
-10
-10
-8
-11
-13
-12
-13
-12
-10
-11
-10
-8
-7
-4
-1
0
1
1
3
5
7
7
8
9
9
9
8
8
8
7
8
6
6
4
4
2
1
1
1
0
1
1
1
0
0
0
1
0
0
-1
0
0
0
0
0
0
1
1
1
1
0
0
0
1
1
2
3
3
4
4
6
4
4
4
5
5
3
3
1
0
1
2
3
1
0
-2
-2
-1
-1
-1
-1
-4
-6
-5
-7
-5
-6
-6
-7
-7
-8
-6
-8
-6
-5
-5
-4
-4
0
0
1
1
4
5
6
8
10
10
9
10
12
12
12
10
9
9
8
7
5
4
3
2
0
0
-4
-4
-5
-6
-6
-7
-7
-8
-8
-6
-6
-7
-6
-6
-6
-5
-4
-3
-2
-1
-1
0
0
1
1
2
2
2
2
0
1
2
2
1
0
-1
-2
-3
-2
-3
-4
-4
-3
-3
-4
-4
-4
-4
-4
-4
-2
-3
-2
-2
-1
-1
0
1
2
3
3
4
4
4
4
4
4
5
5
5
4
5
4
4
4
3
2
1
2
-1
0
-2
-1
-2
-2
-2
-2
-3
-2
-3
-3
-2
-1
-1
-1
-1
0
1
1
1
2
2
1
3
3
2
4
4
5
5
6
4
3
4
4
4
3
2
1
1
0
1
0
0
0
-2
0
0
-1
0
0
-1
-3
-2
-2
-2
-2
-2
-2
1
0
2
-1
-1
-2
-1
0
2
0
0
-1
0
0
0
0
0
0
0
0
0
0
1
0
0
-1
0
0
0
1
1
0
0
-1
-1
-2
-2
0
0
2
1
1
0
1
0
1
1
1
1
1
1
0
0
1
0
0
0
0
1
0
0
0
0
0
-1
0
0
-1
0
0
0
0
0
0
0
0
0
0
0
1
1
1
1
0
0
-1
1
0
0
0
0
0
0
0
0
0
0
0
0
1
0
0
1
0
1
0
0
1
0
0
0
0
1
0
0
-1
0
0
1
1
0
0
-1
0
-1
-1
0
0
0
1
1
0
-1
1
2
1
1
1
1
2
1
2
0
1
2
1
1
1
-1
0
0
0
1
0
-1
0
-1
-1
0
0
1
0
0
0
1
1
0
0
1
1
-1
0
-1
0
0
0
1
0
0
0
0
-1
0
0
-1
0
0
-1
-1
1
0
0
0
0
-1
0
1
1
1
0
-1
0
-1
-1
-1
1
-1
1
1
1
0
1
0
1
1
1
1
1
1
1
0
0
0
0
0
0
0
0
1
0
0
0
0
1
0
0
0
0
0
0
0
0
0
0
0
0
0
0
0
0
0
0
0
0
1
0
0
0
0
-1
0
0
1
0
0
0
0
0
-1
0
0
0
0
0
0
-1
0
0
-1
0
0
0
-1
0
0
0
0
-1
0
0
0
0
0
0
0
0
0
0
0
0
0
0
0
-1
0
0
0
-1
0
-1
0
-1
0
0
0
0
1
0
0
0
0
-1
1
0
0
0
0
0
1
0
0
0
0
0
0
1
0
0
0
0
-1
0
-1
0
0
0
0
0
0
0
0
0
0
0
0
0
0
0
0
0
1
0
1
1
0
1
0
0
0
0
0
1
0
1
0
0
0
1
0
0
-1
0
0
1
0
-1
0
0
0
0
-1
-1
1
0
0
1
0
0
1
0
0
0
-1
1
0
0
0
0
0
0
-1
0
0
0
0
0
0
0
0
0
0
0
0
0
0
0
0
0
0
0
0
-1
0
-1
0
-1
0
0
0
0
0
-1
0
-1
1
0
0
0
0
0
-1
0
-1
0
-1
0
0
0
0
-1
0
-1
0
1
0
0
0
0
0
0
1
0
0
0
0
0
0
-1
0
0
0
0
0
0
0
0
1
0
1
1
0
0
0
0
0
0
0
0
0
0
1
0
1
0
0
0
0
0
0
0
1
0
0
0
1
0
1
1
0
0
0
0
-1
0
0
1
0
0
0
0
0
0
0
0
0
0
0
0
0
-1
0
0
0
0
0
0
0
0
0
-1
0
1
0
0
0
0
0
0
0
-1
1
0
0
0
1
0
1
0
0
0
0
0
0
0
-1
0
1
0
0
0
1
0
0
0
0
-1
1
1
0
0
1
0
0
0
0
0
0
0
0
-1
0
0
0
0
1
0
0
0
0
0
0
-1
-1
1
0
0
1
0
0
-1
0
-1
1
0
1
0
0
0
0
1
-1
0
0
0
0
0
0
0
0
0
0
0
0
0
0
-1
0
0
0
0
1
0
0
0
0
0
0
0
0
-1
0
0
0
-1
0
0
1
0
-1
0
0
0
0
1
1
1
0
0
-1
0
0
-1
0
0
0
0
-1
0
0
0
0
0
0
1
0
0
0
0
0
1
0
0
0
0
0
0
0
-1
1
-1
0
-1
0
0
0
0
-1
0
0
0
0
0
0
0
0
0
1
0
0
0
0
0
0
0
0
0
0
0
0
0
0
-1
0
0
0
1
0
0
0
0
-1
0
-1
0
1
0
0
1
0
0
0
0
0
0
0
0
0
0
1
-1
0
-1
0
0
-1
0
0
0
0
-1
0
0
0
0
0
1
0
0
0
0
0
0
0
-1
0
0
0
0
0
0
-1
0
0
0
0
0
0
-1
0
-1
0
0
0
0
1
0
0
0
0
0
0
0
0
0
0
0
0
1
0
0
0
0
1
0
-1
0
1
0
0
0
0
0
0
0
-1
-1
0
0
0
1
0
-1
0
0
-1
0
0
0
-1
0
0
1
0
0
0
0
0
0
1
0
0
0
0
1
0
0
0
1
1
0
0
0
0
0
0
1
0
1
0
0
0
1
0
0
0
-1
1
1
0
-1
0
0
0
0
0
0
0
0
0
0
0
1
0
1
0
0
0
0
0
-1
0
1
0
0
-1
0
-1
0
0
-1
0
0
0
0
0
0
0
0
0
0
0
0
0
0
0
0
0
0
0
0
0
0
0
0
0
0
0
0
0
0
0
0
0
-1
0
0
0
0
0
0
0
-1
0
0
0
0
0
0
0
0
0
0
0
0
0
0
0
0
0
0
0
0
0
0
1
-1
0
0
0
0
0
0
0
1
0
0
0
0
0
-1
0
0
0
0
0
0
0
0
0
0
-1
-1
-1
-1
0
-1
0
0
0
0
0
0
-1
-1
0
-1
0
0
0
-1
0
0
0
0
0
0
0
1
0
0
0
0
0
0
0
0
0
0
1
1
0
0
0
0
0
0
0
0
0
0
0
1
0
0
0
0
0
1
1
0
0
0
0
0
-1
0
0
0
0
0
0
1
0
0
1
0
0
0
1
0
0
1
0
1
1
0
0
0
0
0
0
0
0
0
0
1
0
1
1
-1
0
0
0
0
0
0
0
0
0
0
0
1
0
0
1
0
0
0
1
0
0
0
-1
0
0
0
0
0
0
0
0
0
0
1
-1
0
0
-2
-2
1
0
-1
1
1
1
1
1
2
1
0
5
2
-1
4
1
1
2
-1
3
8
5
1
2
4
4
5
7
6
-1
0
3
-3
-11
-9
1
1
-2
-2
3
8
4
-4
-1
2
3
0
-5
-4
7
1
-6
-1
5
7
4
1
0
-2
-4
-2
6
-1
-14
-7
1
0
4
1
-6
-2
3
2
-4
-2
-3
-23
-21
9
0
-31
-28
-2
5
-5
0
11
9
6
10
14
13
4
6
5
-9
-5
7
8
-1
-20
-20
-1
0
-2
-6
-12
-2
-11
-35
-24
-6
-16
-31
-41
-43
-30
-26
-28
-1
23
4
2
21
24
45
54
17
-3
10
15
21
16
-5
-6
21
42
29
10
13
16
14
10
4
4
-8
-17
18
47
27
-8
-22
-13
2
-5
-19
7
40
25
3
27
36
6
6
38
30
0
11
36
19
-19
-19
14
20
-13
-20
12
3
-54
-83
-57
-18
-6
-26
-38
-18
-8
-31
-27
8
5
-21
-2
26
16
-5
-9
3
33
48
41
55
74
52
33
52
49
18
-8
-54
-104
-85
-30
-15
-15
-8
-29
-59
-44
-2
13
9
2
-10
-26
-43
-33
-21
-44
-23
50
84
56
5
-8
-15
-68
-71
-26
-24
0
20
-23
-28
-17
-77
-127
-109
-67
-40
-18
13
-1
-61
-98
-96
-104
-146
-172
-120
-17
46
70
113
88
-119
-207
357
1436
2022
1239
-515
-1689
-1189
391
1503
1346
333
-739
-1202
-800
-38
400
212
-452
-885
-659
-210
-81
-241
-432
-743
-843
-268
297
459
344
-296
-527
-344
-1000
-120
3182
3582
218
-1453
-622
34
256
108
-75
523
530
-905
-1251
1161
3577
2781
372
-375
256
813
1098
941
410
-433
-1510
-1846
-1447
-1489
-1305
220
1182
-465
-2909
-3656
-3077
-2031
-498
549
35
-1032
-1285
-1016
-532
495
1469
1966
2684
2829
944
-1157
-838
881
1994
2504
2322
1178
206
45
-28
45
658
1058
771
316
-319
-1404
-2252
-2100
-1288
-509
-100
-363
-1276
-2149
-2442
-2207
-1488
-270
827
1044
476
-459
-1197
-811
616
1914
2530
2534
1998
1088
306
296
879
1450
1971
2177
1578
363
-913
-1582
-1266
-465
123
170
-338
-1127
-1938
-2468
-2215
-1353
-582
-12
327
10
-775
-1275
-1064
-230
765
1398
1451
1059
447
-205
-444
120
986
1416
1378
1027
324
-475
-859
-647
-90
413
539
257
-242
-754
-1050
-941
-526
-68
306
501
334
-188
-691
-723
-182
587
1082
1035
574
59
-252
-279
-23
392
707
605
100
-377
-603
-646
-491
-250
-59
102
22
-371
-639
-626
-581
-458
-131
304
613
473
-34
-366
-284
84
522
803
916
855
398
-326
-699
-398
136
420
405
180
-133
-409
-647
-766
-605
-177
222
257
-3
-295
-522
-522
-271
79
473
706
641
495
311
-4
-247
-138
314
760
847
462
-108
-330
-269
-330
-322
-19
279
223
-257
-812
-942
-566
-184
-188
-209
96
330
184
-134
-242
34
353
512
669
703
497
179
-102
-98
193
393
273
-51
-273
-307
-389
-512
-444
-241
-170
-276
-376
-362
-283
-202
-166
-176
-184
-133
57
341
490
440
393
415
403
399
451
483
479
486
419
202
-47
-233
-347
-281
-68
1
-216
-571
-792
-728
-556
-431
-303
-174
-84
-118
-303
-412
-242
93
346
431
459
438
304
182
194
304
452
498
433
382
290
67
-132
-168
-94
-21
-38
-173
-360
-562
-683
-594
-374
-171
-28
-8
-88
-121
-134
-162
-18
277
458
465
350
142
25
128
264
248
186
183
140
-16
-134
-81
-18
-79
-99
21
106
97
69
-65
-275
-280
-93
47
170
287
175
-72
-152
-107
-50
74
201
186
-3
-226
-327
-318
-232
-82
-7
-89
-159
-145
-205
-290
-164
29
-6
-121
-26
162
225
188
121
116
263
431
437
411
521
544
250
-67
-55
132
177
54
-66
-170
-358
-518
-519
-456
-364
-291
-383
-522
-501
-376
-262
-175
-112
-4
181
279
195
133
244
415
503
477
374
329
349
255
100
102
202
211
92
-57
-118
-130
-201
-270
-280
-258
-194
-157
-243
-380
-412
-318
-189
-59
74
162
182
112
-21
-26
186
380
388
328
292
213
72
-14
56
163
129
19
-13
5
-40
-148
-226
-216
-143
-100
-123
-128
-94
-124
-200
-194
-93
26
90
99
68
1
-24
25
62
47
9
31
122
141
13
-103
-62
55
68
-10
-38
-3
39
44
6
12
93
173
169
86
-3
-45
-42
-3
29
10
-36
-70
-84
-76
-23
45
24
-91
-172
-147
-55
6
-25
-84
-83
-36
2
6
-5
17
65
77
48
37
66
105
123
125
134
147
145
115
78
55
26
-32
-64
-32
-5
-66
-189
-282
-293
-236
-168
-130
-121
-127
-148
-159
-115
-4
123
189
175
130
116
136
159
174
199
231
241
179
69
18
56
88
44
-49
-125
-149
-162
-184
-161
-105
-122
-204
-236
-163
-53
0
-17
-39
-25
4
24
45
102
160
154
86
16
1
48
124
173
151
61
-25
-40
20
87
98
38
-63
-138
-124
-37
14
-41
-136
-159
-98
-16
31
16
-43
-76
-40
30
81
98
100
83
28
-53
-80
4
132
176
103
-14
-95
-96
-27
61
107
80
-8
-111
-148
-79
19
45
9
-41
-62
-22
39
37
-20
-53
-23
29
57
60
41
5
-30
-52
-42
4
59
93
84
3
-107
-148
-75
51
125
90
-20
-122
-135
-53
38
75
32
-47
-74
-45
-15
6
9
-13
-29
-19
15
59
91
94
78
62
62
76
98
108
105
94
72
32
0
-7
6
9
-25
-87
-128
-110
-64
-62
-124
-178
-169
-124
-104
-113
-109
-70
-31
-27
-45
-38
2
45
73
93
109
113
86
45
41
81
121
135
125
93
45
8
4
29
66
88
65
2
-57
-79
-69
-55
-48
-48
-62
-93
-116
-108
-81
-64
-66
-59
-29
-9
-4
8
11
8
14
39
85
115
97
64
43
46
68
69
39
21
29
45
52
45
22
-7
-22
-27
-14
14
28
5
-40
-84
-102
-75
-29
-10
-32
-55
-70
-84
-92
-80
-54
-35
-31
-32
-21
-5
8
24
50
73
69
50
56
100
135
116
64
30
35
54
67
71
65
41
1
-32
-37
-26
-25
-32
-46
-76
-101
-92
-59
-42
-54
-79
-93
-76
-36
-7
-4
-18
-39
-55
-46
-12
35
72
79
50
10
2
37
83
109
112
99
73
46
34
40
52
60
51
22
-15
-33
-30
-27
-32
-37
-43
-60
-74
-67
-53
-54
-65
-69
-63
-53
-49
-43
-25
-3
-2
-17
-17
1
19
21
20
28
50
65
55
33
28
35
35
37
55
67
48
10
-22
-42
-42
-15
19
27
9
-25
-47
-47
-37
-33
-23
-1
15
2
-25
-44
-43
-28
-10
18
52
57
18
-29
-39
-14
23
54
67
60
31
-4
-16
-1
23
33
27
20
18
15
6
-10
-22
-20
-10
-1
4
-1
-23
-51
-59
-36
-1
17
9
-16
-40
-42
-26
-5
3
-3
-16
-21
-13
0
10
15
14
10
7
11
24
31
27
18
14
14
14
7
-2
-9
-17
-22
-14
0
1
-18
-30
-25
-8
3
14
21
15
-5
-21
-15
13
36
39
25
12
4
2
3
7
9
12
10
-1
-14
-25
-28
-13
5
9
10
11
3
-15
-21
-11
2
16
26
25
5
-21
-35
-25
2
24
27
15
-7
-31
-46
-39
-12
11
16
7
-10
-25
-28
-19
-1
15
25
27
19
-1
-19
-18
-2
18
30
30
23
10
-3
-13
-4
13
17
6
4
7
-6
-21
-26
-22
-15
-3
8
6
-11
-30
-38
-32
-17
0
14
26
21
-2
-24
-17
13
41
46
38
29
15
0
-5
8
27
33
22
4
-12
-17
-13
-6
0
-1
-2
-7
-14
-15
-9
3
8
5
1
0
2
1
-5
-4
0
1
-1
-3
-2
0
1
1
-1
1
11
14
-1
-19
-23
-8
12
16
7
-4
-10
-14
-16
-9
5
11
3
-10
-11
-1
5
2
2
10
14
9
-4
-9
-8
-7
-9
-8
0
6
5
-7
-16
-14
-1
11
17
15
9
6
8
11
16
20
27
27
16
4
-1
5
10
12
14
11
-3
-22
-26
-12
4
6
-7
-21
-30
-32
-26
-15
-8
-9
-15
-16
-13
-7
-2
3
9
15
20
18
12
6
3
6
10
13
16
10
-1
-11
-15
-11
-10
-10
-8
-6
-12
-21
-19
-9
4
11
15
8
-3
-10
1
23
37
35
24
14
7
4
11
21
24
17
4
-9
-23
-31
-23
-3
8
0
-18
-31
-36
-36
-31
-21
-9
-3
-1
0
5
5
1
4
24
49
60
44
17
-1
1
17
34
45
46
34
13
-11
-32
-30
-10
8
4
-20
-42
-46
-41
-32
-27
-20
-16
-21
-33
-38
-31
-20
-11
-4
12
23
22
13
15
26
36
39
38
41
37
27
24
31
39
33
17
2
-2
0
-1
-12
-27
-31
-21
-17
-25
-37
-37
-31
-36
-44
-41
-25
-17
-26
-37
-34
-17
0
12
20
26
24
18
22
36
48
53
50
49
48
41
29
22
23
27
23
15
10
2
-14
-31
-36
-30
-20
-21
-33
-48
-55
-57
-51
-46
-39
-32
-27
-26
-24
-14
-1
10
16
21
31
43
50
47
44
42
42
39
39
39
38
24
3
-13
-14
-9
-8
-15
-24
-36
-43
-46
-38
-25
-18
-18
-22
-25
-23
-17
-6
3
14
17
16
15
19
25
32
35
36
32
25
20
20
24
18
7
-2
-2
1
-1
-12
-22
-30
-33
-35
-28
-19
-16
-18
-21
-20
-15
-10
-4
3
7
7
5
6
6
8
14
23
26
18
10
7
10
11
10
8
7
4
5
7
8
4
-5
-10
-9
-2
3
1
-4
-11
-17
-17
-11
-2
-4
-9
-16
-19
-16
-11
-4
0
-3
-8
-7
2
11
12
11
10
9
10
13
21
29
28
21
13
12
16
17
14
8
5
3
-3
-10
-15
-18
-16
-17
-20
-27
-32
-35
-33
-34
-30
-24
-17
-11
-10
-9
-4
1
6
14
24
31
29
25
25
32
38
40
39
33
23
14
7
1
1
1
-2
-10
-19
-24
-28
-32
-32
-28
-24
-27
-32
-35
-25
-15
-8
-2
7
10
8
4
10
20
27
31
31
28
23
20
20
21
22
20
14
7
-1
-6
-9
-9
-11
-13
-14
-14
-15
-20
-23
-23
-19
-14
-11
-8
-4
-3
-4
-3
-1
3
7
13
19
21
14
6
8
13
17
15
12
10
6
0
-5
-6
0
3
0
-2
-3
-6
-11
-14
-12
-6
-2
-2
-5
-6
-9
-7
-3
1
4
4
2
-2
-2
2
6
6
6
7
8
6
2
0
1
1
2
2
4
3
1
-2
-3
-1
1
3
3
-2
-7
-8
-6
-3
-2
-2
0
-2
-5
-7
-3
-1
3
6
5
3
1
2
4
6
6
5
4
3
0
-1
0
-1
-2
-3
-2
-2
-5
-8
-7
-5
-5
-4
-1
2
0
-1
0
2
0
-1
0
4
8
8
6
3
4
7
7
4
4
2
-1
-2
-3
-4
-4
-3
-2
-1
-3
-6
-8
-8
-4
-2
0
1
0
-1
-1
2
4
7
9
9
5
3
2
5
7
7
4
1
2
0
-6
-9
-7
-7
-9
-9
-8
-7
-6
-7
-8
-4
-4
0
3
3
3
1
1
4
7
11
12
12
8
5
2
3
4
4
3
2
-1
-5
-7
-6
-3
-1
-1
-5
-8
-10
-9
-5
-3
-2
-2
-2
-3
0
2
5
3
3
4
4
6
7
7
5
3
2
2
3
3
3
-1
-2
-3
-3
-1
-1
-2
-2
-3
-4
-4
-4
-4
-2
-1
0
1
2
0
0
1
1
3
3
5
4
3
1
1
1
3
3
3
2
1
0
-1
-1
0
1
2
0
-1
-3
-1
-1
-3
-2
0
0
0
-2
-2
0
1
1
1
1
-1
0
-1
-1
-1
0
1
1
2
0
0
0
0
1
2
3
3
1
-2
-1
0
2
2
3
2
1
-1
0
1
2
3
1
1
-1
-2
-2
-2
-2
0
0
0
0
0
-1
0
-1
0
2
3
3
2
-1
0
0
2
2
3
1
2
0
-1
0
0
0
1
1
0
-1
-2
-2
-1
0
0
-1
-2
-2
-3
-2
-1
-1
0
1
0
1
2
0
1
1
2
3
2
1
0
0
1
2
2
1
0
-2
0
0
2
2
1
0
0
0
0
0
-1
0
1
1
0
-1
-2
-1
2
1
0
0
0
0
1
1
1
0
1
1
0
0
0
0
0
0
0
0
1
1
0
0
0
0
0
0
0
-1
0
0
0
0
0
0
-1
-1
0
0
0
0
0
1
0
1
-1
0
0
-1
0
0
0
1
0
0
0
0
0
0
0
1
0
1
0
0
0
-1
-1
0
0
0
0
1
0
-1
0
0
0
0
1
0
-1
0
0
0
0
0
1
0
0
0
0
0
0
0
0
0
0
1
0
0
0
0
0
0
0
0
0
0
0
0
0
-1
-1
0
0
0
0
0
0
-1
0
0
-1
0
0
0
0
0
0
0
0
0
0
0
0
0
0
0
0
0
-1
0
0
1
0
0
-1
1
0
0
0
0
0
0
0
0
0
0
-1
1
0
0
-1
0
0
0
1
0
-1
0
0
0
0
0
0
0
1
-1
0
-1
0
-1
-1
0
0
0
1
0
0
0
0
0
1
0
-1
-1
0
0
0
0
0
0
0
-1
0
-1
0
1
0
0
0
0
1
0
0
0
0
0
-1
-1
0
0
0
0
-1
0
1
0
1
0
0
0
0
-1
0
0
0
-1
0
0
0
0
0
0
0
0
-1
0
0
0
1
0
1
0
-1
0
1
0
0
-1
0
0
0
0
0
0
1
0
1
0
0
0
0
0
1
0
1
0
0
0
1
0
0
0
0
0
-1
0
0
0
0
0
0
0
0
0
-1
0
0
0
0
0
0
0
0
0
0
1
0
1
0
0
1
0
0
1
0
0
1
0
0
1
0
0
0
0
0
0
0
0
0
0
0
1
0
0
-1
0
0
-1
0
-1
0
0
1
1
0
0
0
-1
0
0
0
0
0
0
1
0
0
-1
0
0
0
0
-1
0
1
0
0
0
0
0
-1
0
0
0
0
0
0
0
1
0
0
0
0
0
-1
0
0
0
0
0
1
0
0
0
0
0
0
0
1
0
-1
0
-1
1
0
0
0
0
-1
0
-1
0
0
0
0
-1
1
0
0
0
1
0
-1
0
1
1
0
-1
0
0
0
0
0
0
0
0
-1
0
0
0
0
1
-1
0
0
-1
0
0
0
0
0
1
1
0
0
0
-1
-1
0
0
0
1
0
0
0
0
0
0
1
0
0
-1
0
0
1
0
0
0
0
0
1
0
0
-1
0
0
0
0
0
0
0
0
1
0
0
0
0
0
0
0
0
1
0
0
0
0
0
0
-1
0
0
0
0
1
0
0
1
0
0
0
1
-1
0
-1
0
0
0
1
0
0
0
0
0
0
1
0
0
0
0
0
0
0
0
0
-1
0
0
0
1
0
0
0
1
0
0
0
0
0
0
0
0
0
0
1
0
1
0
-1
0
0
-1
0
0
0
-1
0
0
0
-1
0
-1
1
-1
1
0
0
0
0
0
1
0
1
0
0
0
0
0
0
0
0
0
0
0
1
0
0
-1
0
0
0
0
0
0
0
0
0
0
-1
0
0
1
0
0
-1
0
0
0
0
0
0
0
0
-1
0
1
0
0
0
0
1
0
0
0
0
0
-1
0
0
-1
0
0
0
0
0
0
0
0
0
0
0
1
1
1
1
0
0
-1
1
0
0
0
0
0
0
0
0
0
0
0
0
1
0
0
1
0
1
0
0
1
0
0
0
0
1
0
0
-1
0
0
1
1
0
0
-1
0
-1
-1
0
0
0
1
1
0
-1
0
1
0
0
0
0
1
0
1
-1
0
1
0
0
0
-1
0
0
0
1
0
-1
0
-1
-1
0
0
1
0
0
0
1
1
0
0
1
1
-1
0
-1
0
0
0
1
0
0
0
0
-1
0
0
-1
0
0
-1
-1
1
0
0
0
0
-1
0
1
0
0
0
-1
1
0
1
0
1
-1
0
0
0
-1
0
0
0
0
0
0
0
0
0
0
0
0
0
0
0
0
0
1
0
0
0
0
1
0
0
0
0
0
0
0
0
0
0
0
0
0
0
0
0
0
0
0
0
1
0
0
0
0
-1
0
0
1
0
0
0
0
0
-1
0
0
0
0
0
0
-1
0
0
-1
0
0
0
-1
0
0
0
0
-1
0
0
0
0
0
0
0
0
0
0
0
0
0
0
0
-1
0
0
0
-1
0
-1
0
-1
0
0
0
0
1
0
0
0
0
-1
1
0
0
0
0
0
1
0
0
0
0
0
0
1
0
0
0
0
-1
0
-1
0
0
0
0
0
0
0
0
0
0
0
0
0
0
0
0
0
1
0
1
1
0
1
0
0
0
0
0
1
0
1
0
0
0
1
0
0
-1
0
0
1
0
-1
0
0
0
0
-1
-1
1
0
0
1
0
0
1
0
0
0
-1
1
0
0
0
0
0
0
-1
0
0
0
0
0
0
0
0
0
0
0
0
0
0
0
0
0
0
0
0
-1
0
-1
0
-1
0
0
0
0
0
-1
0
-1
1
0
0
0
0
0
-1
0
-1
0
-1
0
0
0
0
-1
0
-1
0
1
0
0
0
0
0
0
1
0
0
0
0
0
0
-1
0
0
0
0
0
0
0
0
1
0
1
1
0
0
0
0
0
0
0
0
0
0
1
0
1
0
0
0
0
0
0
0
1
0
0
0
1
0
1
1
0
0
0
0
-1
0
0
1
0
0
0
0
0
0
0
0
0
0
0
0
0
-1
0
0
0
0
0
0
0
0
0
-1
0
1
0
0
0
0
0
0
0
-1
1
0
0
0
1
0
1
0
0
0
0
0
0
0
-1
0
1
0
0
0
1
0
0
0
0
-1
1
1
0
0
1
0
0
0
0
0
0
0
0
-1
0
0
0
0
1
0
0
0
0
0
0
-1
-1
1
0
0
1
0
0
-1
0
-1
1
0
1
0
0
0
0
1
-1
0
0
0
0
0
0
0
0
0
0
0
0
0
0
-1
0
0
0
0
1
0
0
0
0
0
0
0
0
-1
0
0
0
-1
0
0
1
0
-1
0
0
0
0
1
1
1
0
0
-1
0
0
-1
0
0
0
0
-1
0
0
0
0
0
0
1
0
0
0
0
0
1
0
0
0
0
0
0
0
-1
1
-1
0
-1
0
0
0
0
-1
0
0
0
0
0
0
0
0
0
1
0
0
0
0
0
0
0
0
0
0
0
0
0
0
-1
0
0
0
1
0
0
0
0
-1
0
-1
0
1
0
0
1
0
0
0
0
0
0
0
0
0
0
1
-1
0
-1
0
0
-1
0
0
0
0
-1
0
0
0
0
0
1
0
0
0
0
0
0
0
-1
0
0
0
0
0
0
-1
0
0
0
0
0
0
-1
0
-1
0
0
0
0
1
0
0
0
0
0
0
0
0
0
0
0
0
1
0
0
0
0
1
0
-1
0
1
0
0
0
0
0
0
0
-1
-1
0
0
0
1
0
-1
0
0
-1
0
0
0
-1
0
0
1
0
0
0
0
0
0
1
0
0
0
0
1
0
0
0
1
1
0
0
0
0
0
0
1
0
1
0
0
0
1
0
0
0
-1
1
1
0
-1
0
0
0
0
0
0
0
0
0
0
0
1
0
1
0
0
0
0
0
-1
0
1
0
0
-1
0
-1
0
0
-1
0
0
0
0
0
0
0
0
0
0
0
0
0
0
0
0
0
0
0
0
0
0
0
0
0
0
0
0
0
0
0
0
0
-1
0
0
0
0
0
0
0
-1
0
0
0
0
0
0
0
0
0
0
0
0
0
0
0
0
0
0
0
0
0
0
1
-1
0
0
0
0
0
0
0
1
0
0
0
0
0
-1
0
0
0
0
0
0
0
0
0
0
-1
-1
-1
-1
0
-1
0
0
0
0
0
0
-1
-1
0
-1
0
0
0
-1
0
0
0
0
0
0
0
1
0
0
0
0
0
0
0
0
0
0
1
1
0
0
0
0
0
0
0
0
0
0
0
1
0
0
0
0
0
1
1
0
0
0
0
0
-1
0
0
0
0
0
0
1
0
0
1
0
0
0
1
0
0
1
0
1
1
0
0
0
0
0
0
0
0
0
0
1
0
1
1
-1
0
0
0
0
0
0
0
0
0
0
0
1
0
0
1
0
0
0
1
0
0
0
-1
0
0
0
0
0
0
0
0
0
0
1
0
0
0
-1
-1
0
0
0
0
0
0
0
0
0
0
-1
0
1
0
0
0
0
0
0
0
-1
0
1
0
0
0
0
-1
0
-1
-1
0
0
0
0
1
0
0
0
0
0
0
0
0
1
1
0
1
-1
0
0
0
0
0
0
0
0
0
0
0
0
0
0
0
0
0
0
0
0
0
0
0
0
0
0
0
0
-1
1
0
1
0
0
1
0
0
0
0
0
1
-1
0
0
0
0
0
1
0
0
-1
0
0
0
0
1
0
0
1
-1
-1
0
0
0
0
0
0
0
0
0
0
0
-1
0
0
0
1
0
0
0
0
1
0
-1
-1
0
0
0
-1
0
0
0
0
0
-1
0
0
0
0
-1
0
0
0
0
0
0
0
0
0
0
0
0
0
0
-1
0
0
1
1
0
0
-1
-1
-1
1
0
-1
0
1
2
2
0
-1
-1
-1
0
1
0
-1
-1
-1
0
0
0
0
0
-1
0
1
2
2
2
1
0
0
-1
0
1
1
1
2
0
-1
-1
-1
-1
0
1
2
1
1
1
1
0
0
0
1
1
4
4
2
0
-2
-2
-2
-1
0
3
2
0
1
3
0
-3
-4
-2
1
1
2
3
1
-1
-1
-1
-2
-5
-2
4
6
3
-2
-3
-3
-3
-3
-4
-2
1
7
10
5
-4
-9
-6
-2
0
-3
1
6
10
9
2
-7
-12
-8
-4
0
2
3
10
12
5
-5
-12
-11
-4
2
7
8
8
8
4
-5
-12
-14
-8
1
7
9
11
10
4
-5
-14
-17
-13
-1
10
15
15
11
4
-6
-15
-19
-12
0
11
17
18
12
2
-10
-19
-21
-13
0
14
23
21
11
-3
-15
-22
-21
-11
4
19
24
21
7
-8
-17
-22
-17
-9
6
20
24
16
1
-14
-24
-25
-16
-2
14
24
26
16
1
-17
-27
-25
-12
4
19
26
23
11
-5
-18
-25
-20
-8
10
24
28
20
4
-13
-23
-23
-14
0
13
21
24
16
-1
-18
-28
-24
-9
6
17
18
16
10
0
-13
-23
-21
-5
14
25
21
11
0
-7
-14
-20
-18
-6
12
22
19
8
-6
-14
-15
-13
-9
-4
6
18
21
11
-2
-14
-16
-12
-3
6
10
11
11
8
0
-10
-16
-15
-3
8
13
11
8
5
-2
-7
-11
-10
-4
5
12
12
6
-2
-5
-6
-5
-5
-3
4
10
9
5
-3
-10
-10
-7
-3
1
4
8
12
7
-1
-8
-9
-5
-2
3
6
10
7
4
-1
-6
-10
-9
-3
4
3
4
4
2
-3
-4
-6
-5
-3
4
9
10
4
-2
-5
-5
-5
-2
1
4
6
6
3
-2
-7
-8
-3
1
3
2
3
4
3
1
-3
-3
-2
-1
3
3
3
2
0
-1
-3
-3
-2
-1
1
3
3
2
-1
-3