-47
-200
-290
-251
-166
-91
-80
-185
-306
-348
-336
-289
-243
-293
-407
-446
-386
-352
-374
-381
-405
-490
-540
-478
-358
-304
-395
-474
-407
-283
-139
-36
-147
-329
-300
-126
3
65
62
-9
-53
22
154
208
112
-32
-30
110
275
403
359
143
37
117
222
294
309
249
211
248
320
353
270
109
50
122
232
318
290
146
57
27
-11
13
66
56
22
-5
14
112
145
18
-118
-149
-103
-26
60
128
93
-36
-100
-45
61
138
94
1
51
230
416
483
319
94
68
212
377
407
217
-18
-105
-75
31
99
-28
-236
-350
-361
-304
-250
-284
-394
-529
-571
-466
-388
-394
-360
-359
-444
-464
-399
-350
-322
-246
-107
-21
-22
-2
-36
-189
-225
-28
172
263
344
349
183
81
209
298
205
185
307
362
347
381
331
81
-118
-57
42
58
149
238
142
-26
-93
-75
-93
-113
-17
53
32
111
197
88
-87
-159
-149
-83
75
246
265
146
44
7
1
11
11
15
74
189
272
232
65
-141
-227
-104
103
200
188
144
68
-4
-11
3
-22
-31
38
75
32
41
33
-142
-308
-294
-203
-128
-62
-22
-77
-232
-318
-276
-248
-258
-221
-187
-180
-112
-66
-192
-356
-356
-247
-152
-94
-30
26
12
-22
-18
-32
-38
24
121
200
224
224
232
175
58
13
70
171
240
254
254
220
149
101
44
-28
11
106
123
106
100
85
18
-100
-141
-95
-56
33
155
179
90
-19
-36
-24
-57
-54
-30
0
105
172
100
-33
-135
-110
-19
16
61
140
143
84
32
-29
-103
-121
-53
32
69
72
54
-27
-131
-164
-125
-100
-100
-33
86
115
20
-140
-264
-237
-121
-40
-17
-50
-48
19
-17
-173
-270
-258
-157
2
115
147
91
-49
-141
-166
-187
-107
70
175
193
158
73
-42
-133
-122
-11
112
221
300
279
155
10
-77
-100
-71
42
209
292
250
157
35
-97
-136
-35
66
60
97
222
260
175
-6
-222
-291
-175
53
233
184
48
-29
-123
-184
-194
-191
-136
-48
85
199
108
-110
-244
-258
-158
-18
49
27
2
11
-31
-143
-180
-93
10
52
84
148
174
136
93
38
-70
-148
-61
150
276
227
51
-134
-158
-25
101
118
22
-46
86
244
185
-13
-198
-297
-216
17
162
81
-129
-302
-311
-178
-50
15
-9
-113
-90
102
191
99
-24
-111
-152
-87
62
163
132
33
-53
-108
-105
-58
-40
-33
55
201
263
186
56
-47
-121
-152
-78
115
261
181
12
-100
-178
-195
-93
12
-7
6
106
203
212
70
-89
-228
-297
-73
270
377
200
-116
-319
-276
-86
95
81
-44
-7
148
254
189
-40
-241
-320
-174
140
310
226
-13
-214
-261
-191
-83
-13
-16
16
176
279
188
56
-36
-76
-22
95
207
265
217
112
-27
-212
-263
-112
14
17
-7
13
101
162
120
40
-66
-125
-5
162
166
52
-81
-180
-151
-33
-8
-110
-228
-225
-18
198
197
43
-173
-287
-122
86
102
19
-87
-107
-7
19
-48
-97
-109
-10
143
161
88
46
-3
-61
-61
-10
41
58
41
24
-4
-68
-113
-88
-31
11
17
18
36
38
47
55
8
-19
52
131
122
28
-74
-98
-48
15
13
-104
-212
-137
37
114
66
-28
-115
-105
37
170
157
-5
-171
-178
-76
5
12
-64
-141
-85
33
91
71
4
-29
22
126
237
240
99
-34
-21
64
107
114
82
-12
-59
2
101
181
187
133
82
36
31
55
1
-66
-54
-20
-4
2
-10
-94
-233
-282
-174
-5
107
95
-15
-93
-49
48
61
-35
-126
-112
-11
106
161
100
-53
-167
-152
-63
15
63
58
21
40
93
74
-8
-87
-137
-127
-53
31
69
7
-120
-210
-216
-149
-27
58
11
-90
-80
50
130
61
-64
-134
-97
29
137
123
-25
-190
-215
-71
120
209
109
-64
-92
90
296
288
82
-107
-120
49
234
222
39
-119
-146
-49
74
105
40
-30
-22
107
249
229
85
-34
-65
-12
67
116
122
77
-9
-84
-111
-84
-22
10
-33
-66
-3
80
84
16
-86
-179
-198
-103
59
137
44
-112
-206
-187
-62
66
63
-43
-83
52
248
267
33
-230
-279
-78
197
301
150
-85
-187
-131
-35
-13
-51
-101
-108
5
148
158
33
-116
-175
-139
-78
25
107
43
-74
-134
-155
-128
-83
-69
-105
-141
-52
116
200
170
60
-96
-178
-73
128
193
87
-30
-61
-16
32
35
10
-50
-77
21
163
239
174
-4
-99
-22
122
211
149
17
-25
17
68
90
55
3
-22
8
121
224
173
34
-55
-88
-63
10
61
44
-33
-100
-110
-97
-92
-94
-128
-143
-74
31
86
46
-58
-149
-186
-136
-17
46
20
-15
-23
9
50
41
15
1
-2
90
233
261
160
17
-79
-55
21
69
85
28
-45
-29
1
-9
-48
-114
-125
-40
46
66
18
-73
-157
-220
-219
-136
-66
-64
-80
-90
-77
-53
-82
-141
-145
-93
4
113
164
122
13
-74
-52
36
105
142
129
105
134
166
131
74
40
50
98
148
187
169
89
28
13
17
29
33
16
-1
9
35
29
-20
-71
-74
-38
-10
-25
-48
-53
-63
-107
-151
-132
-72
-16
2
-40
-79
-69
-42
-19
-5
9
32
46
69
105
93
10
-88
-117
-51
46
114
98
24
-15
-28
-43
-39
-45
-59
-29
44
121
120
-1
-146
-199
-133
-33
-1
-11
-6
29
56
26
-47
-113
-125
-45
50
80
76
52
8
-37
-87
-111
-81
-19
51
100
98
78
38
-36
-78
-48
7
44
45
51
78
69
-5
-89
-103
-25
66
101
108
113
115
99
49
12
21
39
55
98
155
148
52
-51
-86
-68
-36
0
32
35
9
-26
-67
-101
-97
-71
-60
-50
0
42
6
-80
-130
-113
-59
-19
-10
-5
18
37
8
-63
-102
-52
44
91
65
44
66
68
13
-55
-73
-36
0
28
71
79
27
-62
-131
-109
-25
24
8
-22
-2
32
-7
-83
-118
-108
-79
-28
21
23
-15
-46
-67
-85
-66
-7
38
38
25
30
18
-8
-8
-7
-12
22
81
112
97
60
22
-4
17
98
161
143
89
82
111
100
25
-33
-6
80
138
111
40
6
-6
-38
-82
-78
3
74
48
-7
-25
-30
-53
-85
-106
-108
-88
-41
18
43
-8
-110
-154
-104
0
80
39
-58
-63
1
36
28
-17
-68
-76
-38
31
83
48
-45
-95
-54
33
91
64
-29
-86
-25
78
90
15
-47
-48
0
47
36
-14
-38
-16
7
-19
-47
-2
52
46
24
1
-32
-35
-14
3
4
-13
-5
32
44
10
-58
-125
-106
-3
75
60
7
-20
-23
-18
-11
-20
-52
-57
20
116
139
68
-29
-77
-56
7
62
71
41
22
32
48
44
9
-35
-47
-5
74
115
73
10
-41
-86
-65
15
58
27
-25
-26
13
31
13
-19
-47
-48
-3
66
85
26
-48
-67
-33
13
31
11
-25
-34
-18
-4
2
15
17
-11
-31
-13
4
-12
-30
-26
-29
-34
-11
32
40
-6
-69
-90
-43
48
104
63
-19
-41
12
63
55
-3
-59
-55
25
110
113
33
-58
-103
-90
-33
22
24
-29
-73
-42
45
85
4
-131
-174
-78
55
115
82
13
-37
-45
-24
-2
5
0
-2
28
89
129
103
25
-55
-90
-54
38
120
126
59
-21
-59
-43
-7
-9
-46
-61
-21
39
72
52
-18
-100
-133
-89
-2
63
66
12
-60
-92
-50
24
54
5
-62
-55
43
137
112
-18
-117
-83
46
153
157
65
-47
-82
-38
24
48
15
-35
-40
26
106
118
39
-81
-138
-70
81
175
130
-4
-112
-124
-62
-7
-14
-58
-65
-10
54
74
29
-56
-128
-128
-40
82
149
114
12
-87
-121
-84
-16
22
10
-15
-7
42
86
61
-43
-136
-111
21
147
173
108
-2
-94
-115
-70
-4
30
14
-18
-9
49
84
26
-94
-165
-116
20
143
168
77
-63
-138
-98
-5
36
2
-38
-11
68
120
86
-10
-93
-100
-30
73
151
146
46
-70
-97
-38
9
-10
-54
-59
-8
59
78
25
-58
-96
-70
-7
64
114
97
11
-73
-100
-67
-15
17
7
-27
-25
36
98
78
-21
-101
-73
48
161
174
72
-65
-138
-106
-22
42
43
0
-33
-10
41
49
-24
-122
-141
-42
120
215
157
-13
-145
-145
-54
13
8
-22
-9
49
95
72
-20
-113
-134
-70
36
117
129
67
-14
-57
-56
-58
-68
-55
-2
58
98
101
62
-8
-60
-62
-25
18
52
71
73
56
16
-43
-94
-94
-36
19
23
5
16
48
45
-26
-110
-122
-42
57
82
26
-38
-55
-37
-19
-21
-45
-59
-35
36
99
86
-4
-89
-91
-8
82
107
53
-19
-40
1
37
13
-49
-75
-29
62
122
92
-3
-77
-73
-21
24
44
42
25
10
8
8
-9
-39
-55
-38
8
63
93
70
5
-58
-75
-43
7
38
43
29
9
-11
-26
-36
-47
-59
-54
-13
56
101
64
-31
-98
-82
-20
33
50
34
14
7
10
2
-25
-50
-56
-23
53
124
118
28
-62
-68
-7
50
61
46
44
52
42
3
-38
-57
-59
-49
-17
39
84
66
-16
-100
-117
-60
12
49
39
8
-11
-19
-24
-38
-63
-86
-74
-6
85
118
55
-51
-108
-77
-5
45
51
34
26
28
21
-2
-37
-68
-75
-40
34
93
78
2
-64
-70
-33
0
15
24
41
53
40
12
-9
-18
-25
-26
-5
42
83
77
16
-49
-65
-27
25
45
25
-3
-14
-4
3
-9
-48
-86
-83
-11
77
91
8
-84
-84
0
62
40
-17
-24
26
72
57
4
-28
-14
13
20
22
32
36
22
2
-10
-11
-7
-1
0
2
-1
-8
-21
-20
2
14
-13
-56
-58
-1
53
43
-18
-65
-49
12
50
24
-26
-41
-12
31
62
50
-15
-79
-68
19
85
57
-29
-71
-26
47
51
-18
-72
-50
11
47
45
26
-8
-51
-64
-23
39
51
-1
-44
-24
31
39
-13
-58
-42
6
29
24
24
29
10
-39
-71
-44
18
52
29
-14
-31
-14
10
13
-1
-25
-39
-19
35
83
73
-3
-75
-68
10
78
72
15
-27
-24
3
17
17
9
-7
-21
-4
46
85
50
-43
-104
-67
27
78
45
-17
-38
-14
7
-1
-17
-15
-2
9
24
46
51
11
-51
-77
-37
31
65
48
14
-5
-11
-17
-21
-20
-16
-21
-16
20
62
59
-7
-84
-95
-28
45
60
19
-26
-32
-7
11
-1
-31
-46
-26
17
51
54
24
-22
-56
-53
-9
46
66
39
-10
-33
-18
11
16
-12
-44
-46
-12
40
62
24
-54
-105
-81
2
66
66
15
-33
-40
-10
26
31
-1
-39
-31
34
100
95
15
-71
-86
-28
45
76
56
15
-12
-8
16
30
7
-38
-52
-11
59
86
47
-25
-70
-63
-24
18
40
35
9
-15
-15
4
12
-10
-43
-53
-12
49
81
50
-25
-83
-73
-10
46
48
5
-35
-37
-2
25
16
-27
-61
-47
20
84
80
2
-74
-72
-2
58
56
14
-14
-6
11
13
-2
-14
-20
-14
6
32
40
16
-28
-56
-47
-17
12
30
32
14
-24
-52
-39
4
27
7
-26
-20
31
72
47
-28
-87
-77
-3
74
94
38
-42
-76
-33
36
57
2
-65
-61
22
100
91
-4
-91
-96
-23
53
76
44
-6
-38
-33
3
39
33
-17
-59
-35
44
97
63
-27
-79
-54
8
40
30
9
-3
-17
-28
-18
13
22
-18
-63
-46
28
78
51
-21
-62
-47
3
43
53
29
-11
-31
-11
35
54
17
-41
-54
-1
62
68
7
-59
-69
-20
36
47
11
-32
-38
-9
22
21
-14
-43
-36
2
32
34
10
-16
-26
-19
0
20
32
28
10
-13
-17
1
24
28
0
-32
-24
22
61
46
-17
-72
-63
0
60
56
-2
-65
-66
-13
45
43
-16
-71
-56
18
78
57
-24
-82
-61
16
71
58
-3
-47
-38
4
33
17
-22
-44
-21
19
37
19
-14
-31
-25
-7
8
15
15
12
5
-5
-14
-11
2
16
14
0
-7
6
27
28
0
-35
-34
9
55
60
18
-33
-43
-11
25
27
-6
-34
-26
14
43
28
-19
-59
-51
-2
46
51
12
-28
-32
-1
26
20
-11
-24
0
34
44
19
-10
-25
-18
-4
8
18
22
14
-3
-15
-15
-8
-6
-7
-6
4
14
13
6
-6
-18
-25
-24
-1
31
40
13
-28
-40
-16
12
8
-15
-23
1
35
39
8
-34
-49
-30
7
37
37
8
-24
-31
-7
15
6
-23
-34
-5
38
49
20
-24
-38
-21
5
22
26
17
4
-7
-8
0
4
-4
-14
-16
2
25
28
9
-18
-32
-29
-10
15
30
22
-9
-33
-25
7
19
-2
-27
-20
17
42
34
0
-27
-30
-7
18
30
25
7
-10
-11
2
9
3
-10
-11
5
24
27
12
-5
-14
-16
-7
6
22
25
10
-13
-19
-8
4
1
-11
-16
-3
18
27
14
-10
-30
-29
-7
20
30
15
-10
-20
-9
7
5
-16
-29
-15
16
35
23
-7
-29
-28
-9
10
18
13
3
-4
-3
1
1
-8
-17
-15
2
20
25
12
-6
-19
-19
-9
3
11
12
3
-7
-10
-4
1
-5
-14
-17
-2
18
27
15
-8
-24
-22
-2
18
21
8
-10
-13
0
14
7
-14
-25
-12
17
33
22
-3
-18
-15
2
15
16
5
-5
-6
3
11
7
-8
-18
-11
8
20
18
3
-5
-5
0
2
5
6
5
0
-3
0
2
-2
-7
-12
-8
0
10
13
8
-2
-8
-8
0
6
7
2
-5
-5
2
6
0
-11
-17
-8
5
13
10
1
-8
-8
-3
3
4
0
-4
-7
-4
1
4
0
-8
-13
-6
4
8
8
3
1
0
-2
0
4
3
-2
-7
-5
2
6
0
-7
-12
-6
3
9
7
3
1
0
-2
1
3
2
-2
-7
-3
7
8
1
-8
-9
-2
7
9
9
3
-2
-2
4
8
6
-3
-9
-7
2
9
6
-3
-8
-5
2
6
5
4
3
2
2
3
5
2
-3
-5
-1
6
7
5
0
-2
-3
0
4
7
5
3
-2
-1
2
5
2
-5
-10
-7
1
3
0
-6
-6
-3
0
3
2
2
-1
0
4
4
2
-1
-2
-3
-2
0
0
1
0
-2
-4
-5
-4
2
6
3
-4
-6
1
8
5
-3
-11
-8
-2
2
2
-2
-5
-5
0
4
5
0
-7
-7
-2
9
10
2
-7
-9
-5
-1
1
1
0
-1
-2
1
3
3
-1
-5
0
7
11
7
1
-3
-3
-2
1
4
7
8
4
-1
-1
4
8
3
-3
-2
3
10
9
2
-4
-8
-7
-1
5
5
0
-4
-1
4
6
1
-6
-7
0
8
10
6
-2
-5
-5
-2
-1
2
2
2
-1
-1
1
1
0
-3
-2
3
5
5
1
-2
-4
-4
-3
0
1
4
2
-1
-2
2
2
0
-1
1
4
6
3
-1
-5
-5
-5
-3
0
2
0
-2
-3
-1
-1
-2
-6
-5
1
6
7
2
-5
-8
-7
-3
-1
5
5
5
1
-1
-1
-2
-2
-3
3
8
9
5
-1
-5
-6
-5
-2
2
6
7
4
-1
-5
-3
-2
-1
1
5
7
7
1
-4
-6
-6
-4
0
4
6
5
1
-3
-2
-1
0
-2
-1
6
10
9
1
-7
-9
-6
-2
1
4
7
5
-1
-2
0
0
-3
-6
1
13
19
12
-2
-11
-10
-5
1
6
8
6
2
0
2
2
-5
-14
-12
3
18
20
3
-11
-17
-11
-5
-2
0
0
4
5
5
2
-5
-13
-14
-5
8
17
14
6
-3
-9
-11
-11
-5
3
8
8
6
3
0
-6
-13
-12
-3
10
19
16
5
-9
-17
-16
-6
0
5
8
9
9
6
-1
-9
-14
-11
3
17
21
11
-3
-9
-8
-10
-9
-7
4
13
14
7
-3
-8
-11
-12
-5
6
15
17
10
1
-6
-10
-12
-8
4
16
18
9
2
-1
-4
-8
-10
-2
10
18
15
6
-5
-12
-14
-11
-3
5
12
11
4
-2
-5
-9
-12
-11
1
14
18
10
0
-8
-11
-13
-9
2
12
15
10
4
1
-5
-11
-13
-6
4
14
15
6
-4
-11
-15
-15
-9
2
10
12
9
2
-5
-9
-12
-10
1
12
17
11
3
-5
-8
-10
-5
2
10
14
13
9
2
-4
-9
-11
-5
5
14
14
8
0
-7
-11
-12
-8
1
11
16
12
6
0
-5
-9
-7
-2
7
12
11
7
-1
-8
-13
-11
-3
6
11
8
4
2
0
-5
-12
-11
0
11
14
7
-3
-8
-7
-5
-4
-1
4
7
9
6
2
-3
-6
-6
-2
5
9
6
1
-1
-1
-3
-7
-7
-3
4
6
5
3
0
-4
-5
-4
0
4
5
3
1
-1
-1
-4
-6
-4
2
7
6
2
0
-2
-2
-5
-3
2
5
3
1
-1
-2
-5
-7
-4
1
4
4
3
3
1
-2
-4
-4
0
4
4
2
-1
-1
-1
-2
-2
0
1
4
4
3
2
0
-3
-5
-1
2
5
4
2
0
-3
-4
-5
-3
2
5
6
5
3
1
-2
-6
-5
-1
4
6
5
3
0
-3
-5
-4
1
2
2
2
1
2
-1
-5
-6
-3
2
6
6
4
0
-4
-3
-4
-2
-1
1
3
4
2
0
-3
-4
-3
1
3
6
5
2
-1
-3
-4
-5
-3
0
4
6
3
2
0
-2
-5
-4
1
6
8
6
1
-3
-5
-3
-2
1
4
3
1
1
1
0
-2
-6
-4
2
8
7
2
-1
-4
-1
0
-1
0
1
2
3
2
0
-3
-4
-3
1
3
6
5
-1
-2
-3
-4
-3
-1
2
5
4
0
-3
-1
1
-1
-3
0
5
8
6
1
-4
-6
-5
-2
3
4
4
2
1
0
-1
-2
-2
0
4
5
4
2
-3
-5
-4
-1
1
3
3
2
1
0
-1
-1
-1
0
2
3
5
5
2
-1
-4
-4
-3
1
5
6
3
-2
-4
-3
1
0
-2
0
5
8
5
-1
-6
-7
-4
1
5
4
0
-3
-2
1
0
0
-3
0
5
8
6
1
-4
-6
-4
0
2
2
1
0
0
-1
-2
-2
-2
0
2
5
5
4
1
-3
-4
-4
-1
1
5
4
3
0
-1
-1
-2
-1
0
1
4
7
5
1
-4
-7
-5
1
7
6
2
-3
-3
-1
0
0
0
1
4
7
4
0
-4
-6
-5
-1
3
5
4
2
-1
-2
-2
-3
-1
-1
1
4
5
4
1
-4
-5
-5
-2
2
4
3
1
-2
-1
-1
-1
-2
-1
0
5
7
5
0
-6
-7
-3
2
5
5
2
-1
-2
-1
-1
-1
-1
1
4
5
6
2
-3
-5
-4
-1
2
2
2
1
-1
-1
1
0
-1
-2
0
2
3
3
0
-3
-4
-4
-1
2
3
3
2
1
-1
-3
-2
-2
-1
0
2
4
4
1
-3
-5
-3
2
5
5
1
-3
-3
-2
0
-1
-2
0
2
5
4
2
-2
-5
-4
0
2
4
3
-1
-2
-1
-1
0
0
0
2
2
3
1
-1
-4
-3
-1
1
1
0
0
0
0
-1
-1
0
1
3
4
5
3
1
-3
-3
-2
0
3
3
3
0
-2
-2
-1
0
-1
0
2
4
3
1
-3
-4
-3
1
4
4
3
-1
-2
-2
-3
-1
0
1
2
2
1
0
-2
-1
-2
-1
-1
1
0
0
-2
-3
-2
-1
-1
0
0
0
0
1
1
-2
-2
-2
-1
0
2
2
0
-1
-2
-1
1
1
2
2
1
2
0
0
-1
-2
-2
0
3
1
0
-1
0
2
1
0
1
3
1
1
2
2
1
0
3
1
0
1
1
0
0
0
0
-1
-1
-2
-2
0
0
2
2
0
-1
-3
0
-1
3
1
2
-2
-1
0
0
2
1
0
0
0
1
-1
0
-3
1
1
4
1
0
-2
0
0
2
2
2
2
1
1
0
-1
0
0
0
0
0
1
0
-1
-2
-1
0
2
1
0
0
-1
1
1
0
-1
0
1
2
3
2
-2
-3
-3
-1
-1
2
1
3
2
1
-1
-2
-1
-1
0
1
3
4
0
-4
-5
-3
-1
2
5
2
1
-1
0
-1
-2
-2
-1
1
3
6
2
-1
-4
-4
-1
1
2
3
1
-2
-1
-1
-3
-1
0
1
2
1
1
1
0
0
-2
-1
1
5
5
4
1
-2
-2
-2
-1
-1
-1
3
4
4
0
-1
-3
-3
-1
4
5
4
1
0
0
0
-3
-3
-2
2
4
4
2
0
-3
-4
-2
1
2
2
1
0
0
1
-1
-1
-2
-2
2
2
3
2
-1
-3
-3
-2
0
1
2
2
3
1
-2
-3
-2
-1
-1
2
4
5
1
-4
-5
-4
-2
0
3
3
1
-1
0
-1
-2
-3
-2
1
3
3
3
-1
-2
-3
-3
0
1
2
1
0
1
1
0
-1
-2
-3
1
2
3
4
1
-2
-3
-2
-1
1
2
2
2
2
0
-1
-4
-3
-2
2
4
6
3
1
0
-1
0
2
2
2
2
3
-1
-2
0
-1
0
1
0
1
1
1
-1
-2
-2
-1
1
2
0
0
-1
-1
-1
0
-1
0
0
-1
1
2
2
0
-2
-3
-1
1
2
1
2
0
0
0
-2
-2
-1
1
3
2
1
-1
-2
-2
-1
2
1
1
-1
0
-1
-1
0
1
1
2
1
3
1
0
1
0
1
1
2
2
2
1
0
-2
-1
-1
0
2
1
2
1
0
-1
-1
-2
-1
0
2
2
1
0
0
-2
-2
-1
0
1
0
1
1
1
-1
0
-1
0
2
1
1
1
0
0
0
-1
0
1
2
3
3
1
-1
-2
0
1
2
3
2
1
1
1
0
0
0
0
2
1
3
2
1
0
0
-1
0
1
1
3
1
1
0
-1
-1
-1
0
1
1
1
2
1
-2
-1
0
0
1
1
1
1
-1
-1
-1
0
0
1
0
1
0
0
0
-1
-1
-1
0
0
1
1
0
0
-1
2
1
1
1
0
0
1
0
1
1
0
1
1
1
3
2
2
1
1
0
0
1
0
1
1
1
1
2
0
0
0
1
1
0
0
0
0
0
0
0
0
1
1
1
0
0
-1
0
0
0
-1
-1
0
0
0
0
0
0
0
0
0
0
0
0
0
0
0
0
0
0
0
0
0
1
1
1
0
-1
0
0
0
0
0
0
1
-1
-1
0
0
0
0
0
1
0
-1
0
0
0
0
0
0
0
0
-1
0
0
0
0
1
0
0
0
0
0
-1
1
1
0
0
0
0
1
0
0
0
0
0
0
0
0
0
0
0
0
1
0
0
0
0
0
0
1
0
0
0
0
0
0
0
0
0
0
1
0
-1
0
0
0
0
-1
0
0
0
0
0
0
-1
0
0
-1
0
0
0
-1
1
0
0
0
0
0
0
0
0
0
0
0
0
0
-1
0
-1
0
0
0
0
0
0
0
0
0
1
0
0
0
0
0
0
0
0
0
0
0
1
0
0
0
0
0
0
0
0
0
-1
0
0
1
0
0
0
0
0
0
0
1
0
0
0
0
0
0
-1
0
1
0
0
0
0
0
0
0
0
-1
0
0
0
0
0
0
0
0
1
0
-1
0
1
0
0
-1
0
0
0
0
-1
0
0
0
0
1
0
0
0
0
0
0
0
0
-1
0
0
0
0
0
0
0
0
0
1
0
0
0
0
0
1
0
0
1
0
1
-1
0
0
0
0
0
0
0
0
-1
0
-1
-1
0
0
0
0
0
0
0
0
0
0
-1
0
-1
0
0
0
0
0
0
-1
0
0
0
0
0
0
0
0
0
0
0
0
0
0
0
0
0
1
1
0
-1
0
0
0
0
0
0
0
0
0
0
0
0
0
0
0
0
1
0
0
0
0
0
1
0
0
0
0
0
0
0
-1
-1
0
0
0
0
0
-1
-1
0
0
0
-1
1
0
0
-1
0
0
0
0
0
0
0
0
0
0
0
0
0
0
0
0
1
0
0
-1
0
0
0
0
0
0
1
0
0
-1
-1
0
0
0
0
-1
0
0
0
0
0
1
0
0
1
0
1
0
0
0
0
0
0
-1
0
0
0
0
0
0
1
0
0
0
0
0
0
-1
-1
0
-1
0
0
0
0
0
0
0
0
0
0
0
0
0
0
-1
0
0
0
0
1
0
0
0
0
0
0
0
0
0
0
-1
1
-1
0
0
0
0
0
0
0
0
1
0
1
0
0
0
1
-1
0
0
0
0
0
0
0
0
0
0
-1
0
0
0
0
1
1
0
1
0
0
0
0
0
0
0
0
0
0
-1
-1
-1
-1
0
0
0
0
0
-1
0
0
0
0
0
-1
0
-1
0
1
0
0
1
0
0
-1
0
-1
0
0
0
-1
0
1
-1
0
0
0
0
-1
0
1
0
-1
1
1
0
1
-1
0
0
1
0
0
-1
1
0
0
1
0
0
0
0
1
0
0
0
0
1
0
-1
0
-1
0
1
0
1
-1
0
1
0
0
0
0
0
-1
0
0
0
0
0
0
0
0
0
0
-1
0
1
0
1
0
-1
0
0
1
0
0
0
0
0
0
-1
0
-1
0
0
0
0
0
0
0
1
0
1
0
0
0
0
0
-1
0
0
0
0
0
-1
0
0
0
0
0
0
1
0
0
0
0
1
0
0
0
0
0
0
0
0
0
-1
0
1
0
0
0
0
0
0
0
0
0
0
0
0
0
0
0
-1
1
0
0
0
-1
0
0
0
1
0
0
0
-1
0
0
0
0
1
1
0
1
0
0
-1
0
-1
0
0
0
0
0
0
0
0
0
0
0
0
0
1
0
0
0
0
0
0
0
0
0
0
0
0
0
0
0
0
0
0
1
0
0
0
1
0
0
0
0
0
0
0
0
1
1
0
0
1
0
0
0
0
0
1
0
0
-1
1
0
-1
-1
0
0
0
0
0
1
0
1
0
0
0
1
0
-1
0
-1
0
0
-1
0
0
0
-1
0
0
0
0
0
0
0
0
1
-1
0
0
0
0
-1
0
0
0
0
0
1
0
0
0
0
0
0
0
0
1
1
0
0
0
0
0
0
0
0
0
1
0
-1
0
0
0
0
0
0
0
0
0
0
1
0
1
1
1
0
0
0
0
0
0
0
0
0
0
0
0
-1
0
0
0
-1
0
-1
0
0
0
0
0
0
0
-1
1
0
1
0
0
0
0
1
1
0
-1
0
1
-1
0
0
0
0
0
0
0
0
0
0
0
0
0
1
-1
0
0
0
0
0
0
0
-1
0
-1
0
0
0
0
0
-1
0
1
0
0
0
1
0
0
0
0
0
0
0
0
0
0
0
0
0
0
1
0
1
0
-1
-1
-1
0
0
0
0
0
0
0
-1
0
0
1
-1
0
1
0
0
0
0
0
0
0
-1
0
0
0
0
0
0
0
0
0
0
0
0
0
0
0
0
0
0
0
0
0
0
1
0
1
0
0
0
1
0
0
-1
1
0
-1
0
0
-1
0
0
0
0
-1
0
0
0
0
1
0
0
0
1
0
0
1
-1
0
0
0
0
0
0
-1
0
1
0
0
0
1
-1
0
0
0
-1
0
0
0
-1
0
1
0
-1
0
0
-1
-1
0
0
0
0
-1
-1
-1
0
0
0
0
0
0
0
0
0
1
0
-1
0
1
0
1
0
0
0
-1
0
0
0
0
0
0
-1
1
0
0
0
0
1
0
0
0
-1
0
1
0
0
0
0
0
0
0
0
0
0
-1
1
-1
0
1
0
0
0
0
0
0
0
0
0
0
0
0
0
0
0
1
0
0
0
0
-1
1
0
0
0
0
0
0
0
0
0
0
0
0
-1
0
0
0
-1
0
0
1
1
0
0
0
0
-1
0
1
0
-1
0
0
0
0
-1
0
0
0
0
0
-1
-1
0
0
0
0
1
0
0
0
0
-1
0
0
0
0
0
0
0
0
1
0
-1
0
0
-1
0
0
0
0
0
0
0
0
0
0
0
1
0
0
0
0
-1
-1
0
-1
0
0
0
-1
0
0
0
0
1
1
-1
0
0
-1
-1
0
0
-1
0
0
-1
0
0
-1
1
-1
0
0
-1
0
0
0
0
0
0
0
1
0
0
-1
1
1
0
0
0
0
0
0
0
0
0
1
0
0
0
0
0
0
-1
0
0
-1
0
0
1
0
0
1
0
0
0
1
0
0
0
0
0
0
1
-1
0
0
0
1
0
-1
0
0
0
0
0
-1
0
0
0
0
1
0
0
1
0
0
0
1
0
0
0
0
0
1
0
0
0
0
0
0
0
1
0
0
0
0
-1
0
0
-1
-1
0
-1
0
0
0
1
1
0
0
0
-1
1
0
0
0
0
1
0
1
0
0
1
1
0
0
0
0
0
-1
0
0
0
-1
0
0
1
0
0
0
0
1
0
1
0
0
0
0
-1
0
0
0
0
0
-1
0
0
0
1
1
0
0
-1
0
0
1
0
0
-1
1
0
0
0
0
-1
0
0
0
0
0
0
0
0
0
0
0
1
0
0
0
-1
0
1
0
0
1
-1
0
-1
-1
0
0
0
0
0
0
0
0
-1
0
-1
1
0
1
1
0
0
0
0
0
0
0
0
0
0
0
0
0
0
1
0
-1
0
0
0
0
0
0
-1
0
0
-1
0
0
0
0
0
0
0
1
1
0
0
0
0
0
0
0
-1
0
0
0
0
0
0
-1
-1
0
0
0
0
0
1
0
1
-1
0
0
-1
0
0
0
1
0
0
0
0
0
0
0
1
0
1
0
0
0
-1
-1
0
0
0
0
1
0
-1
0
0
0
0
1
0
-1
0
0
0
0
0
1
0
0
0
0
0
0
0
0
0
0
1
0
0
0
0
0
0
0
0
0
0
0
0
0
-1
-1
0
0
0
0
0
0
-1
0
0
-1
0
0
0
0
0
0
0
0
0
0
0
0
0
0
0
0
0
-1
0
0
1
0
0
-1
1
0
0
0
0
0
0
0
0
0
0
-1
1
0
0
-1
0
0
0
1
0
-1
0
0
0
0
0
0
0
1
-1
0
-1
0
-1
-1
0
0
0
1
0
0
0
0
0
1
0
-1
-1
0
0
0
0
0
0
0
-1
0
-1
0
1
0
0
0
0
1
0
0
0
0
0
-1
-1
0
0
0
0
-1
0
1
0
1
0
0
0
0
-1
0
0
0
-1
0
0
0
0
0
0
0
0
-1
0
0
0
1
0
1
0
-1
0
1
0
0
-1
0
0
0
0
0
0
1
0
1
0
0
0
0
0
1
0
1
0
0
0
1
0
0
0
0
0
-1
0
0
0
0
0
0
0
0
0
-1
0
0
0
0
0
0
0
0
0
0
1
0
1
0
0
1
0
0
1
0
0
1
0
0
1
0
0
0
0
0
0
0
0
0
0
0
1
0
0
-1
0
0
-1
0
-1
0
0
1
1
0
0
0
-1
0
0
0
0
0
0
1
0
0
-1
0
0
0
0
-1
0
1
0
0
0
0
0
-1
0
0
0
0
0
0
0
1
0
0
0
0
0
-1
0
0
0
0
0
1
0
0
0
0
0
0
0
1
0
-1
0
-1
1
0
0
0
0
-1
0
-1
0
0
0
0
-1
1
0
0
0
1
0
-1
0
1
1
0
-1
0
0
0
0
0
0
0
0
-1
0
0
0
0
1
-1
0
0
-1
0
0
0
0
0
1
1
0
0
0
-1
-1
0
0
0
1
0
0
0
0
0
0
1
0
0
-1
0
0
1
0
0
0
0
0
1
0
0
-1
0
0
0
0
0
0
0
0
1
0
0
0
0
0
0
0
0
1
0
0
0
0
0
0
-1
0
0
0
0
1
0
0
1
0
0
0
1
-1
0
-1
0
0
0
1
0
0
0
0
0
0
1
0
0
0
0
0
0
0
0
0
-1
0
0
0
1
0
0
0
1
0
0
0
0
0
0
0
0
0
0
1
0
1
0
-1
0
0
-1
0
0
0
-1
0
0
0
-1
0
-1
1
-1
1
0
0
0
0
0
1
0
1
0
0
0
0
0
0
0
0
0
0
0
1
0
0
-1
0
0
0
0
0
0
0
0
0
0
-1
0
0
1
0
0
-1
0
0
0
0
0
0
0
0
-1
0
1
0
0
0
0
1
0
0
0
0
0
-1
0
0
-1
0
0
0
0
0
0
0
0
0
0
0
1
1
1
1
0
0
-1
1
0
0
0
0
0
0
0
0
0
0
0
0
1
0
0
1
0
1
0
0
1
0
0
0
0
1
0
0
-1
0
0
1
1
0
0
-1
0
-1
-1
0
0
0
1
1
0
-1
0
1
0
0
0
0
1
0
1
-1
0
1
0
0
0
-1
0
0
0
1
0
-1
0
-1
-1
0
0
1
0
0
0
1
1
0
0
1
1
-1
0
-1
0
0
0
1
0
0
0
0
-1
0
0
-1
0
0
-1
-1
1
0
0
0
0
-1
0
1
0
0
0
-1
1
0
1
0
1
-1
0
0
0
-1
0
0
0
0
0
0
0
0
0
0
0
0
0
0
0
0
0
1
0
0
0
0
1
0
0
0
0
0
0
0
0
0
0
0
0
0
0
0
0
0
0
0
0
1
0
0
0
0
-1
0
0
1
0
0
0
0
0
-1
0
0
0
0
0
0
-1
0
0
-1
0
0
0
-1
0
0
0
0
-1
0
0
0
0
0
0
0
0
0
0
0
0
0
0
0
-1
0
0
0
-1
0
-1
0
-1
0
0
0
0
1
0
0
0
0
-1
1
0
0
0
0
0
1
0
0
0
0
0
0
1
0
0
0
0
-1
0
-1
0
0
0
0
0
0
0
0
0
0
0
0
0
0
0
0
0
1
0
1
1
0
1
0
0
0
0
0
1
0
1
0
0
0
1
0
0
-1
0
0
1
0
-1
0
0
0
0
-1
-1
1
0
0
1
0
0
1
0
0
0
-1
1
0
0
0
0
0
0
-1
0
0
0
0
0
0
0
0
0
0
0
0
0
0
0
0
0
0
-1
-1
-2
-1
-2
-1
-2
-1
-1
-1
-1
-1
-2
-1
-2
1
-1
-1
0
0
0
-1
0
-1
1
-1
0
1
1
1
0
1
0
2
2
1
1
2
2
2
3
5
3
3
2
2
2
2
2
4
5
5
5
4
4
4
4
6
4
4
4
2
1
1
1
2
2
2
2
1
1
2
0
1
0
0
-1
-1
-1
-2
-2
-1
-3
-3
-3
-3
-4
-3
-3
-5
-5
-5
-6
-7
-7
-7
-6
-7
-8
-9
-10
-11
-11
-10
-9
-7
-7
-5
-4
-3
-4
-1
0
1
2
2
1
1
1
2
2
3
5
5
5
5
5
6
7
7
8
10
9
10
11
12
13
15
15
15
15
15
14
13
13
11
13
13
11
11
10
10
8
7
6
4
1
1
0
-3
-3
-3
-5
-5
-5
-6
-5
-5
-4
-4
-6
-7
-9
-12
-14
-15
-18
-19
-21
-24
-27
-30
-33
-35
-32
-32
-29
-26
-24
-22
-20
-16
-15
-11
-10
-8
-8
-8
-9
-8
-7
-9
-7
-5
-2
2
5
9
13
17
21
23
25
27
29
31
32
36
38
39
41
44
46
48
50
50
49
47
43
39
32
28
24
19
13
9
4
1
-5
-7
-8
-10
-11
-12
-10
-12
-15
-16
-15
-16
-16
-17
-19
-19
-23
-28
-32
-37
-41
-42
-42
-44
-46
-47
-46
-48
-51
-53
-52
-51
-49
-49
-48
-45
-42
-40
-36
-32
-29
-23
-21
-16
-14
-10
-8
-3
4
12
22
32
40
47
52
57
62
66
72
80
84
84
83
83
86
87
87
90
95
99
97
92
88
82
74
66
59
53
48
40
32
24
17
10
8
8
11
15
15
15
15
10
2
-1
-5
-15
-25
-32
-45
-64
-79
-92
-110
-123
-133
-143
-158
-176
-193
-209
-223
-236
-246
-249
-247
-245
-242
-236
-226
-216
-201
-180
-155
-130
-108
-85
-61
-36
-15
8
33
56
79
101
125
143
156
168
184
203
221
241
258
274
283
288
294
301
300
301
307
312
310
305
297
287
276
264
252
240
227
209
187
167
146
121
97
86
83
77
72
75
74
65
51
39
27
11
-9
-29
-53
-87
-129
-172
-212
-254
-301
-347
-388
-435
-490
-547
-598
-650
-699
-737
-760
-776
-788
-794
-789
-772
-749
-712
-660
-593
-514
-432
-345
-260
-177
-96
-17
61
137
209
277
337
390
435
478
519
560
602
642
675
700
717
720
716
702
683
665
649
631
611
585
555
522
492
466
444
425
408
389
365
340
312
286
260
237
219
202
184
163
139
112
78
43
10
-14
-45
-84
-126
-179
-240
-307
-378
-450
-522
-593
-666
-743
-820
-891
-956
-1012
-1057
-1090
-1108
-1109
-1095
-1066
-1026
-972
-902
-816
-711
-593
-465
-333
-201
-75
43
153
255
351
442
524
596
659
711
751
781
802
819
829
836
835
824
799
761
713
661
608
557
509
462
416
370
325
281
237
196
158
123
88
53
8
-40
-94
-151
-206
-257
-301
-338
-365
-390
-406
-418
-423
-423
-417
-402
-384
-362
-339
-318
-299
-284
-268
-250
-225
-194
-156
-116
-75
-35
2
41
82
125
166
205
237
259
270
270
260
245
227
211
197
186
171
153
131
105
77
49
23
-8
-41
-80
-124
-173
-220
-262
-295
-319
-333
-335
-330
-319
-300
-277
-249
-217
-181
-141
-102
-65
-31
-3
21
41
61
82
106
132
157
178
194
208
218
227
235
241
248
251
248
239
224
208
191
176
165
158
151
144
135
126
113
99
85
68
52
32
10
-14
-39
-66
-92
-116
-136
-151
-162
-169
-174
-181
-184
-188
-192
-190
-187
-182
-177
-171
-165
-159
-151
-141
-129
-114
-95
-76
-56
-35
-17
-1
14
28
40
52
64
73
83
90
95
98
102
105
108
110
112
110
108
99
89
77
62
45
29
12
-4
-19
-31
-42
-52
-60
-65
-67
-67
-63
-58
-53
-44
-34
-23
-13
-5
0
6
14
26
36
46
55
60
60
60
59
61
67
73
79
80
79
72
64
58
56
57
62
66
69
69
63
53
44
33
30
30
29
27
19
6
-9
-23
-35
-40
-40
-39
-41
-49
-64
-84
-102
-114
-117
-113
-105
-99
-98
-106
-118
-130
-136
-133
-121
-102
-86
-75
-76
-82
-89
-90
-81
-62
-39
-18
-6
-7
-13
-21
-23
-15
3
27
49
64
67
62
52
44
44
55
69
83
90
81
64
44
29
26
39
61
85
101
104
97
86
81
87
106
133
160
179
184
176
161
146
140
143
154
168
176
168
146
114
83
61
51
53
59
59
47
21
-15
-51
-78
-90
-91
-86
-85
-97
-123
-158
-193
-217
-225
-217
-201
-188
-186
-202
-227
-256
-282
-296
-298
-293
-290
-295
-312
-334
-359
-373
-368
-348
-317
-284
-259
-244
-240
-238
-231
-209
-171
-122
-71
-26
7
30
48
71
105
153
211
267
314
345
361
366
372
384
408
442
478
505
515
508
486
464
451
452
466
482
489
479
451
412
372
344
330
329
334
335
319
288
244
200
170
160
165
175
176
161
129
83
38
3
-18
-27
-31
-41
-68
-110
-165
-217
-260
-286
-302
-316
-341
-386
-451
-525
-597
-655
-695
-719
-737
-760
-793
-836
-884
-924
-947
-946
-925
-894
-866
-846
-833
-818
-789
-738
-659
-567
-465
-364
-272
-194
-124
-47
40
146
261
370
465
533
580
618
657
698
746
797
848
882
894
890
881
869
864
870
884
890
879
850
806
751
692
643
607
578
548
514
472
419
361
309
272
251
234
214
187
148
101
55
19
0
-4
-2
1
-1
-14
-37
-63
-79
-88
-93
-106
-129
-166
-216
-274
-332
-380
-425
-469
-523
-586
-662
-750
-838
-923
-998
-1065
-1133
-1200
-1264
-1318
-1353
-1365
-1351
-1313
-1246
-1156
-1048
-932
-805
-666
-509
-335
-158
1
137
253
367
488
615
736
843
938
1018
1090
1150
1194
1223
1248
1271
1278
1257
1196
1104
1000
904
828
761
695
618
523
424
330
242
161
88
32
-17
-82
-172
-282
-396
-495
-570
-612
-635
-655
-685
-714
-732
-735
-720
-681
-619
-553
-496
-451
-422
-401
-377
-339
-282
-210
-136
-73
-25
15
58
108
181
266
350
419
469
496
503
501
499
505
514
512
493
460
413
353
294
256
236
229
214
183
133
66
-3
-56
-85
-96
-107
-131
-163
-200
-238
-262
-261
-232
-186
-140
-104
-83
-86
-98
-91
-52
13
85
142
174
179
165
150
152
181
219
253
268
267
232
157
73
12
-20
-38
-57
-91
-177
-312
-450
-550
-620
-676
-722
-760
-804
-865
-943
-1021
-1085
-1115
-1093
-1015
-917
-854
-839
-835
-808
-751
-671
-567
-447
-336
-251
-189
-140
-96
-37
63
207
375
526
632
694
727
765
829
914
1002
1079
1139
1175
1180
1155
1115
1077
1057
1075
1124
1168
1160
1102
1029
966
914
869
830
785
713
624
537
448
339
228
163
158
180
200
210
204
179
147
133
136
122
91
61
34
-13
-89
-181
-273
-351
-400
-423
-443
-497
-615
-786
-959
-1114
-1286
-1508
-1754
-2003
-2271
-2547
-2764
-2902
-3005
-3049
-2919
-2563
-2088
-1640
-1269
-932
-577
-170
265
639
833
882
955
1150
1394
1561
1634
1691
1806
1994
2187
2280
2217
2047
1901
1837
1767
1569
1234
876
602
457
394
328
220
122
113
202
292
288
184
62
-29
-101
-199
-368
-605
-855
-1025
-1088
-1106
-1143
-1194
-1211
-1153
-1016
-842
-708
-646
-614
-540
-423
-343
-362
-465
-593
-679
-686
-625
-554
-511
-449
-304
-55
234
486
658
781
912
1064
1166
1142
986
788
650
611
606
548
435
342
329
381
451
492
481
443
425
417
342
155
-99
-322
-462
-529
-581
-670
-782
-854
-840
-746
-611
-465
-304
-110
100
274
368
384
377
396
462
540
592
610
631
682
763
844
923
1031
1171
1291
1344
1335
1287
1222
1147
1069
975
836
642
423
206
-8
-236
-452
-617
-731
-852
-1030
-1258
-1497
-1729
-1943
-2120
-2284
-2505
-2777
-3012
-3153
-3248
-3331
-3331
-3163
-2849
-2470
-2075
-1684
-1297
-897
-445
30
424
670
828
984
1156
1314
1441
1554
1676
1814
1957
2071
2123
2122
2107
2108
2107
2045
1869
1594
1295
1039
836
659
505
393
320
268
199
73
-114
-285
-359
-327
-266
-246
-299
-423
-569
-682
-746
-771
-745
-666
-562
-479
-445
-456
-465
-386
-171
120
397
596
687
684
645
629
649
700
802
946
1061
1089
1050
1019
1055
1191
1418
1660
1807
1822
1764
1684
1560
1397
1253
1170
1102
974
754
464
141
-165
-426
-641
-835
-1039
-1246
-1433
-1623
-1889
-2238
-2551
-2729
-2829
-2983
-3248
-3615
-4043
-4420
-4608
-4611
-4565
-4484
-4169
-3485
-2599
-1800
-1203
-715
-178
508
1287
1914
2135
2008
1898
2086
2475
2789
2908
2917
2927
3013
3190
3308
3190
2901
2683
2625
2551
2252
1699
1047
527
286
257
215
22
-266
-476
-512
-465
-510
-673
-819
-857
-854
-912
-1083
-1360
-1655
-1812
-1778
-1695
-1729
-1866
-1952
-1886
-1701
-1479
-1269
-1074
-850
-546
-192
58
99
25
29
165
374
586
740
805
866
1055
1380
1745
2061
2315
2534
2730
2861
2863
2724
2493
2245
2017
1787
1500
1144
794
562
481
483
478
457
449
426
319
114
-116
-330
-527
-696
-823
-938
-1079
-1204
-1232
-1165
-1087
-1011
-881
-708
-587
-575
-664
-835
-1042
-1191
-1251
-1390
-1800
-2397
-2912
-3280
-3640
-3974
-4150
-4245
-4360
-4231
-3548
-2519
-1634
-1005
-422
203
854
1574
2217
2381
2005
1654
1824
2312
2621
2619
2495
2428
2496
2675
2799
2676
2313
1953
1812
1756
1470
862
145
-448
-744
-706
-550
-599
-882
-1112
-1058
-808
-664
-793
-1010
-1051
-909
-754
-711
-812
-992
-1089
-999
-811
-722
-822
-1006
-1090
-996
-721
-343
-29
122
287
663
1101
1307
1284
1237
1232
1236
1263
1287
1205
1025
911
982
1224
1577
1942
2215
2376
2494
2622
2737
2727
2513
2160
1812
1465
1013
481
45
-214
-360
-459
-493
-460
-423
-447
-511
-561
-574
-559
-533
-523
-588
-803
-1177
-1615
-1958
-2067
-1918
-1627
-1356
-1280
-1416
-1506
-1372
-1334
-1746
-2319
-2625
-2888
-3534
-4380
-5072
-5728
-6390
-6385
-5143
-3252
-1758
-828
13
915
1895
3164
4367
4578
3743
3023
3145
3535
3431
2881
2367
2164
2300
2639
2865
2705
2262
1956
2031
2216
2017
1282
292
-588
-1095
-1182
-1182
-1505
-2001
-2151
-1814
-1350
-1117
-1132
-1102
-785
-332
-97
-158
-332
-523
-750
-990
-1172
-1302
-1463
-1693
-1854
-1748
-1379
-972
-672
-378
82
669
1133
1282
1224
1248
1507
1831
1930
1731
1479
1459
1698
2008
2274
2556
2929
3353
3714
3915
3888
3611
3169
2724
2352
1963
1420
709
-36
-610
-901
-983
-1020
-1044
-954
-705
-449
-407
-597
-793
-829
-773
-814
-1090
-1576
-2018
-2253
-2357
-2323
-2084
-1844
-1811
-1722
-1422
-1516
-2362
-3212
-3483
-3728
-4556
-5512
-6077
-6807
-7806
-7690
-5757
-3206
-1471
-447
741
1925
2942
4474
5914
5736
4275
3445
4182
5131
4753
3554
2573
2082
2268
2939
3309
2870
2010
1532
1525
1419
976
254
-705
-1584
-1837
-1505
-1421
-2033
-2728
-2726
-1976
-1064
-627
-838
-1201
-1059
-455
-26
-48
-264
-414
-371
-204
-256
-654
-1063
-1317
-1562
-1545
-1017
-589
-808
-1212
-1058
-243
690
1230
1390
1579
2117
2645
2578
2182
2058
2384
3042
3526
3488
3276
3230
3423
3763
3953
3861
3577
3094
2446
1793
1224
677
120
-352
-657
-831
-1046
-1469
-1862
-1780
-1269
-854
-831
-1084
-1375
-1513
-1457
-1420
-1619
-1936
-2053
-1952
-1911
-2003
-2034
-1950
-1974
-2074
-1882
-1692
-2317
-3600
-4400
-4439
-4995
-6467
-7415
-7536
-7828
-7801
-6346
-3787
-1458
59
1535
3195
4476
5942
7902
8728
7361
5384
4984
5967
6327
5294
3801
2693
2048
1712
1572
1350
855
365
198
248
211
-178
-1056
-2194
-2888
-2595
-1784
-1563
-2259
-3017
-2860
-1892
-1055
-932
-1100
-784
102
805
757
321
182
437
706
715
383
-235
-956
-1593
-2038
-2151
-1920
-1661
-1666
-1730
-1297
-237
772
1159
1383
2191
3357
4117
4223
3896
3512
3510
3859
4004
3729
3383
3181
3057
2976
2856
2570
2159
1732
1313
918
516
-76
-909
-1654
-1951
-1833
-1692
-1792
-1970
-1806
-1225
-733
-724
-880
-738
-360
-102
-200
-647
-1078
-1227
-1415
-1852
-2180
-2269
-2559
-2989
-3031
-3162
-4214
-5482
-5796
-5713
-6664
-8296
-9087
-9296
-9700
-9138
-6491
-2754
236
2255
4407
6384
7852
10074
12391
12373
9903
7341
6622
6773
5721
3623
1425
-451
-1371
-1457
-1530
-1940
-2481
-2652
-2279
-1633
-960
-699
-1262
-2274
-2612
-1740
-703
-796
-1704
-2006
-1067
303
959
705
461
1128
2361
3018
2802
2330
1799
1043
287
-319
-1157
-2382
-3572
-4276
-4294
-3669
-2850
-2331
-1966
-1088
603
2495
3622
3786
3790
4320
5053
5211
4668
4095
4017
4172
3997
3458
2990
2737
2367
1697
990
521
138
-452
-1261
-2029
-2511
-2677
-2664
-2564
-2322
-1911
-1439
-1060
-815
-449
394
1433
1927
1722
1432
1456
1530
1339
863
345
78
-187
-967
-2074
-2850
-3079
-3341
-4029
-4462
-4373
-4752
-6136
-7344
-7192
-7274
-9141
-10774
-10819
-10352
-9562
-7811
-4374
238
4310
7868
10751
12133
13439
15172
15437
12949
8363
4679
3422
2270
-193
-3071
-5445
-6703
-6919
-6514
-5661
-4564
-3327
-2104
-1012
202
1435
1954
1241
132
304
1875
3087
2799
1742
1360
2175
3349
3675
3061
2602
2800
2766
1645
-146
-1594
-2419
-3193
-4314
-5424
-6079
-6467
-6856
-6819
-5638
-3395
-1097
468
1663
3497
6155
8501
9335
8884
8516
8890
9085
7881
5447
3089
1569
472
-762
-1945
-2616
-2902
-3243
-3705
-3949
-3680
-3039
-2394
-1837
-1136
-63
1080
1739
1967
2322
3237
4200
4213
3591
3289
3122
2509
1209
-428
-1431
-1749
-2163
-2994
-4152
-5130
-5457
-5510
-5635
-5683
-5580
-5221
-4807
-5262
-6677
-7462
-6925
-6902
-8597
-10102
-9679
-8449
-7398
-5347
-1005
5042
10540
13951
15237
14754
14110
14475
13758
9771
3821
-720
-2537
-4028
-6776
-9261
-10448
-10411
-9109
-6717
-3697
-855
1336
2981
4259
5760
7293
7404
5585
3272
2558
3371
3163
1146
-770
-1183
-302
640
568
-304
-1087
-1385
-1642
-2418
-3408
-4024
-4362
-4757
-5006
-4594
-3472
-2287
-1488
-531
1369
3877
5550
5652
5311
5959
7316
7760
6394
4344
3136
2535
1626
160
-1483
-2472
-2746
-3017
-3237
-3147
-2781
-2214
-1849
-1571
-607
1000
2337
2901
3309
4352
5509
5652
4862
4296
4376
4083
2466
119
-1648
-2372
-2587
-2883
-3401
-3886
-3900
-3509
-3280
-3147
-2558
-1764
-1464
-1712
-1897
-1603
-1140
-1243
-2080
-2442
-1737
-1694
-3310
-5048
-5667
-6301
-8732
-11836
-12904
-11954
-10162
-7691
-4009
1710
8112
12960
15450
14980
13684
14271
14145
10158
3359
-2587
-5005
-5928
-7796
-9575
-10132
-8875
-6316
-3859
-1052
2139
4507
5960
6564
6741
7116
6692
4478
1332
-647
-333
668
187
-1444
-2101
-888
535
378
-849
-1524
-1221
-1012
-1834
-3217
-4084
-4092
-3735
-3370
-2664
-1314
164
1039
1491
2491
4318
5871
6020
5167
4727
5104
5075
3534
1216
-108
97
532
-64
-1208
-1593
-1050
-614
-819
-993
-477
343
770
889
1317
2149
2806
2899
2786
3054
3650
3819
2950
1457
365
-30
-540
-1736
-2975
-3268
-2660
-2187
-2481
-2951
-2761
-1977
-1198
-880
-1072
-1488
-1913
-2336
-2755
-2839
-2623
-2712
-2968
-3212
-4095
-5449
-6473
-7353
-9348
-12652
-14546
-13501
-11356
-8778
-4781
1412
9290
15440
17601
16934
14895
13218
12153
9172
3337
-3600
-8884
-10955
-11427
-11685
-10950
-8984
-6024
-2038
2326
5961
8231
9156
8883
7810
6725
5469
3112
-165
-2790
-3317
-2087
-972
-1120
-1648
-1153
266
1147
482
-1260
-2831
-3529
-3700
-3923
-4155
-3883
-2847
-1289
473
2354
4109
5144
5243
5051
5151
4984
3586
1201
-713
-1279
-1124
-1278
-1863
-2171
-1559
-49
1523
2068
1449
837
1216
1983
1927
1092
532
598
759
905
1451
2167
2263
1791
1668
2089
2067
990
-399
-1089
-1108
-1242
-1832
-2567
-2875
-2310
-1058
104
461
-4
-532
-540
-280
-312
-850
-1642
-2495
-3067
-2933
-2883
-3412
-3704
-3780
-4213
-5191
-6368
-7455
-9966
-13763
-15468
-13982
-10346
-5725
-1372
4315
11873
17240
18494
17145
14235
10816
7680
4133
-1258
-8052
-12937
-13892
-12446
-10298
-7485
-3878
-49
3636
7163
9719
10337
9084
6594
3681
1387
90
-1093
-2910
-4364
-3707
-907
2019
2993
1976
757
507
252
-1558
-4636
-7017
-7291
-5849
-3878
-1907
244
2553
4620
6168
7123
7219
6053
3701
1024
-1007
-2284
-3408
-4579
-5062
-4026
-1650
880
2435
2958
3317
4189
5124
4934
3183
951
-335
-484
-397
-586
-658
-214
517
1119
1422
1385
1022
594
390
280
-56
-534
-745
-628
-424
-161
177
175
-491
-1177
-961
-99
224
-389
-1005
-762
-91
101
-398
-1278
-2062
-2477
-2686
-3178
-4105
-4689
-4554
-4575
-5403
-6704
-7859
-9575
-12829
-14948
-12627
-7101
-1508
3045
8294
14687
18399
18072
15764
11230
5545
1501
-1766
-6201
-11299
-14501
-13501
-9430
-4876
-756
2745
5453
7314
8554
9146
7974
4508
414
-2191
-2813
-2275
-1388
-625
2
1174
2965
4084
3328
708
-2630
-5131
-6119
-6432
-6977
-7208
-5793
-2246
2465
6449
8305
8164
7203
6147
4630
2016
-1394
-4297
-5623
-5424
-4464
-3320
-2080
-597
1205
3159
4809
5508
4873
3343
2020
1613
1662
1191
64
-791
-555
430
1047
624
-452
-1223
-1109
-450
-100
-350
-513
97
1152
1744
1582
1195
1017
883
480
-220
-1105
-1982
-2343
-1716
-411
768
1386
1362
925
577
431
11
-1137
-2689
-3882
-4335
-4037
-3656
-3889
-4025
-3220
-2167
-2431
-4161
-5496
-6894
-10623
-14581
-14545
-9508
-2165
3784
8870
14704
18393
18323
15712
10479
3829
-1700
-5494
-8460
-11454
-13394
-12201
-7910
-2225
3097
6796
8264
7527
5803
4487
3161
598
-2562
-3978
-2529
490
3210
4524
4389
3788
3313
2210
-315
-3844
-7246
-9432
-9586
-7632
-4487
-1338
1411
4226
7228
9133
8362
5098
1248
-1584
-3216
-4098
-4339
-3773
-2392
-413
1693
3117
3183
2128
995
562
687
785
688
769
1437
2729
4171
4915
4308
2471
185
-1696
-2816
-3413
-3713
-3383
-2095
-176
1745
3075
3367
2792
2078
1481
736
-186
-1186
-2033
-1934
-509
993
1226
750
780
1081
630
-586
-1881
-2762
-3089
-2758
-1953
-1429
-1460
-1621
-1461
-1377
-1905
-2921
-3769
-4678
-6252
-7265
-7234
-7416
-9925
-12540
-9983
-2992
4130
8418
11498
14912
16649
15852
11861
5153
-2127
-7254
-9228
-9934
-10096
-8517
-4872
-738
2768
5673
7432
6603
3141
-44
-479
696
871
194
829
3257
6011
7517
6787
3802
-204
-3885
-6736
-8601
-9313
-8926
-7470
-4708
-698
3463
6039
6213
5019
3950
3077
1583
-418
-1927
-2441
-2214
-1253
528
2280
2704
1643
253
-677
-1583
-2757
-3442
-2651
-264
2780
5497
7239
7502
6676
5354
3309
574
-2271
-4441
-4976
-3878
-1851
584
2534
3290
3059
2228
958
-644
-2166
-2867
-2461
-1258
390
2235
3863
4579
3910
2121
-121
-2278
-3898
-4543
-3971
-2349
-210
1735
2966
3386
2903
1186
-1509
-4025
-5657
-6489
-6571
-5916
-4687
-3066
-1321
-312
-1114
-3171
-5124
-7754
-12080
-15723
-14701
-8041
875
8039
12856
16369
17985
16582
11784
4220
-3448
-8447
-10425
-10414
-9211
-6474
-1830
2869
5613
6468
5862
3778
392
-2872
-3706
-2210
-339
1636
4429
7660
9711
9016
5689
1243
-2905
-6196
-8703
-10006
-9153
-6108
-2169
1114
3000
3559
3104
2088
1012
78
-796
-1511
-1428
25
2347
4122
4367
3436
2224
962
-778
-3026
-4867
-5193
-3725
-1076
1934
4649
6488
7014
6253
4674
2739
658
-1308
-2641
-2917
-2202
-941
424
1533
2040
1674
513
-889
-1832
-1979
-1500
-671
527
2215
4010
4987
4494
2759
528
-1657
-3584
-4873
-4874
-3325
-951
1116
2346
2897
2921
2196
694
-1110
-2751
-4050
-4799
-4823
-4200
-3061
-1806
-1211
-1395
-1841
-2919
-5152
-7487
-9101
-11174
-13699
-13355
-7570
1618
9649
13965
15441
15829
14755
10529
3372
-3958
-8514
-9301
-7588
-5277
-2923
-170
2496
4009
4007
2596
-68
-2995
-4247
-2547
1205
4718
6833
8383
9838
9807
6885
1699
-3603
-7022
-7860
-7019
-5831
-4616
-2947
-908
742
1297
485
-1323
-2928
-2941
-1137
1134
2482
3041
3773
4706
4826
3466
979
-1625
-3259
-3409
-2594
-1832
-1356
-344
1686
3816
4773
4457
3565
2489
1527
1121
1065
629
-107
-311
187
720
769
381
-181
-688
-991
-1011
-781
-414
157
1098
2189
2812
2611
1845
1048
488
-41
-807
-1654
-2155
-2022
-1204
30
1057
1432
1264
854
350
-162
-729
-1550
-2561
-3338
-3704
-3803
-3542
-2710
-1764
-1599
-2315
-3280
-4421
-6120
-7852
-8815
-9833
-12041
-13521
-10399
-2185
6858
12678
15075
15605
14490
10935
4969
-1940
-7302
-8932
-6834
-3400
-923
406
1464
2282
2141
747
-1488
-3612
-4134
-1827
2746
7258
9787
10319
9767
8442
6003
2298
-2226
-6396
-8596
-8095
-5884
-3565
-2055
-1468
-1511
-1827
-2292
-3051
-3650
-2909
-512
2460
4677
5536
5569
5172
4056
2587
1135
-506
-1932
-2453
-1922
-857
-302
-366
-141
597
1381
1945
2373
2769
3036
3249
3504
3512
2988
2110
1384
845
32
-980
-1865
-2443
-2512
-1978
-919
106
565
1018
1864
2741
3455
3589
2892
1835
526
-966
-2131
-2805
-2870
-2079
-628
885
1803
1623
381
-920
-1348
-1334
-1705
-2483
-3160
-3209
-2741
-2292
-2060
-2095
-2433
-3068
-3995
-5333
-7345
-9378
-10540
-11974
-14109
-13757
-8319
520
8821
13856
15753
15617
13056
7796
1576
-3594
-6530
-6355
-3749
-982
586
901
372
-261
-754
-1361
-2256
-3186
-2462
1196
6004
9498
10865
10144
8006
5270
2270
-612
-3141
-5128
-5753
-4837
-3524
-2745
-2900
-3989
-5084
-5273
-4653
-3535
-1929
122
2406
4523
5923
6113
5005
3140
1430
555
392
340
203
170
205
0
-552
-1235
-1753
-1787
-934
947
3143
4512
4754
4518
4165
3413
2208
908
-223
-1027
-1323
-1184
-990
-974
-949
-648
-161
228
550
1001
1463
1837
2341
2824
2530
1171
-575
-1894
-2473
-2389
-1919
-1212
-104
1344
2388
2232
986
-407
-1222
-1568
-1831
-2038
-2052
-1929
-1814
-1814
-1985
-2321
-3021
-4256
-5453
-5949
-6216
-6856
-7388
-7821
-9334
-11690
-12089
-8072
-244
8127
13665
15282
13901
10433
5445
116
-3948
-5425
-3895
-702
1716
2090
855
-1059
-2541
-2610
-1589
-758
-348
814
3564
7224
10131
10887
9188
5910
2576
194
-1512
-3125
-4145
-3827
-2775
-2383
-3173
-4700
-6315
-7292
-6833
-4689
-1696
730
1939
2568
3472
4484
4814
4180
3034
2020
1521
1511
1565
1179
163
-1190
-2309
-2776
-2522
-1620
-47
2159
4528
6146
6252
4909
2998
1469
687
376
84
-348
-691
-637
-181
291
319
-175
-762
-862
-268
737
1751
2607
3267
3463
2696
867
-1326
-2871
-3254
-2712
-1768
-721
336
1111
1166
435
-699
-1777
-2395
-2279
-1586
-824
-341
-241
-615
-1342
-2056
-2704
-3582
-4601
-5347
-5899
-6618
-7371
-8088
-9543
-11861
-12879
-9982
-3321
4382
10613
14186
14596
11993
7413
2144
-2451
-4555
-2982
829
3550
3221
824
-1562
-2857
-2986
-2221
-1136
-86
1453
4041
6938
8658
8414
6466
3720
1390
217
-158
-495
-779
-485
119
-226
-2320
-5454
-8105
-9075
-7876
-4907
-1531
851
1961
2444
2702
2584
1990
1206
725
921
1719
2544
2825
2505
1842
950
-186
-1376
-2193
-2124
-829
1469
3870
5201
4822
3170
1281
-64
-716
-772
-271
547
1338
1854
1877
1440
676
-238
-771
-611
-30
701
1333
1736
2050
2110
1605
575
-814
-2206
-2999
-2924
-2142
-999
35
698
979
700
-193
-1208
-1786
-1581
-594
479
995
1085
855
245
-508
-1221
-1979
-2901
-3795
-4229
-4298
-4635
-5338
-5856
-6184
-7104
-8526
-9018
-7528
-4075
590
5185
8355
9006
6986
3438
-328
-3058
-3339
-1005
2212
4159
4146
3090
1934
984
409
207
119
88
586
1685
2586
3032
3517
4000
4101
3704
2848
1597
22
-1195
-1160
-255
232
-354
-1684
-2963
-3539
-3240
-2372
-1414
-498
447
1140
1261
886
291
-252
-495
-435
-416
-628
-825
-724
-283
406
1114
1506
1447
1224
1298
1755
2129
1997
1487
990
657
390
108
-128
-157
28
147
-19
-336
-537
-518
-272
212
878
1525
1898
1969
2008
2212
2393
2171
1391
284
-694
-1258
-1398
-1116
-408
369
652
248
-593
-1454
-1890
-1676
-1047
-369
291
959
1410
1384
971
482
48
-423
-971
-1537
-2107
-2605
-2794
-2654
-2569
-2806
-3171
-3403
-3498
-3505
-3438
-3513
-3962
-4463
-4321
-3358
-2233
-1731
-2024
-2622
-2731
-1799
-118
1231
1514
1240
1458
2380
3276
3495
3043
2349
1982
2374
3366
4225
4441
4221
3977
3651
2850
1409
-319
-1640
-1958
-1276
-195
697
1331
1924
2520
2904
2784
1953
547
-808
-1364
-929
-66
447
315
-155
-542
-833
-1277
-1843
-2103
-1751
-981
-234
203
267
52
-234
-406
-443
-438
-423
-319
18
700
1503
1837
1329
352
-423
-728
-689
-350
343
1241
2043
2557
2695
2348
1610
965
798
858
644
166
-98
159
817
1563
2066
2073
1563
801
89
-408
-649
-635
-403
-15
365
517
341
-78
-621
-1227
-1841
-2385
-2818
-3152
-3386
-3486
-3486
-3506
-3629
-3805
-3978
-4185
-4426
-4632
-4732
-4601
-4006
-2923
-1806
-1277
-1526
-2157
-2465
-1859
-392
1059
1591
1305
1149
1700
2581
3140
3216
3062
2967
3162
3762
4535
4989
4906
4580
4266
3730
2626
1105
-223
-796
-431
507
1314
1513
1323
1270
1458
1465
858
-318
-1500
-2002
-1558
-557
274
448
70
-392
-685
-990
-1504
-2000
-2044
-1503
-651
36
151
-292
-776
-823
-562
-448
-565
-592
-272
416
1330
2074
2093
1263
195
-332
-130
439
996
1445
1844
2184
2347
2262
2032
1834
1697
1498
1124
557
-54
-410
-288
192
691
963
959
704
335
52
-75
-211
-501
-826
-929
-762
-568
-618
-929
-1372
-1900
-2467
-2869
-2978
-3055
-3417
-3932
-4240
-4341
-4495
-4720
-4853
-4938
-5077
-4977
-4133
-2571
-1005
-207
-373
-1106
-1743
-1697
-813
431
1318
1640
1794
2161
2722
3236
3415
3119
2658
2628
3221
3994
4404
4296
3893
3482
3130
2702
2124
1498
1031
904
1065
1218
1116
842
666
699
759
530
-152
-1047
-1640
-1606
-1104
-587
-419
-650
-1042
-1312
-1436
-1616
-1873
-1911
-1451
-567
368
901
793
230
-308
-544
-600
-696
-777
-637
-203
374
845
1033
948
753
618
658
914
1302
1662
1945
2230
2449
2382
2008
1609
1426
1402
1355
1149
711
115
-340
-385
-127
110
225
354
561
737
700
277
-462
-1127
-1396
-1377
-1337
-1286
-1070
-715
-446
-467
-815
-1375
-2000
-2611
-3200
-3713
-4085
-4357
-4645
-4913
-5030
-5080
-5226
-5161
-4248
-2448
-708
-75
-693
-1773
-2373
-2020
-881
417
1302
1726
2097
2704
3377
3716
3499
2876
2316
2292
2797
3287
3343
3146
3067
3122
3120
2952
2557
2003
1613
1621
1820
1807
1433
870
405
182
106
-25
-361
-831
-1069
-776
-180
148
-94
-718
-1307
-1562
-1528
-1475
-1484
-1336
-875
-256
202
306
104
-193
-371
-335
-155
-12
-8
-11
195
616
982
1045
856
666
629
678
736
888
1251
1734
2080
2143
1960
1638
1339
1239
1346
1460
1383
1077
654
211
-270
-760
-1029
-902
-474
78
644
969
680
-265
-1373
-2049
-2127
-1863
-1462
-932
-396
-193
-454
-941
-1486
-2190
-3035
-3750
-4270
-4835
-5452
-5833
-5944
-6008
-5871
-4993
-3284
-1516
-611
-776
-1511
-2062
-1773
-509
1018
1875
1977
2037
2539
3271
3748
3652
3023
2324
2108
2495
3080
3371
3197
2762
2414
2281
2131
1731
1248
1107
1484
2126
2565
2449
1780
931
343
140
83
-65
-216
-121
239
606
670
250
-590
-1494
-2056
-2139
-1926
-1654
-1412
-1142
-817
-569
-596
-906
-1222
-1161
-621
112
639
818
782
694
592
461
315
184
92
118
371
879
1466
1917
2121
2064
1803
1464
1177
1002
967
1112
1393
1619
1620
1388
1013
581
158
-243
-664
-1055
-1180
-876
-309
193
463
433
-7
-816
-1638
-2089
-2124
-1961
-1745
-1456
-1088
-788
-756
-1076
-1677
-2402
-3112
-3758
-4318
-4737
-5054
-5372
-5526
-5055
-3793
-2285
-1341
-1302
-1842
-2289
-2039
-956
434
1374
1649
1759
2201
2856
3260
3174
2698
2137
1920
2334
3128
3679
3650
3228
2703
2194
1752
1409
1197
1240
1677
2367
2874
2782
2075
1140
374
-118
-403
-551
-597
-493
-96
510
913
742
25
-855
-1479
-1710
-1718
-1670
-1530
-1220
-798
-428
-289
-464
-834
-1087
-948
-422
213
666
820
701
400
54
-201
-306
-217
149
774
1439
1849
1939
1869
1765
1607
1372
1131
979
970
1123
1399
1619
1600
1333
979
670
417
196
3
-173
-377
-575
-633
-514
-336
-186
-60
-33
-259
-784
-1442
-1989
-2258
-2246
-2099
-1921
-1645
-1287
-1121
-1336
-1762
-2216
-2843
-3745
-4670
-5369
-5888
-6187
-5790
-4313
-2236
-650
-219
-734
-1473
-1652
-848
555
1617
1835
1607
1648
2175
2780
2922
2492
1879
1640
2082
2963
3610
3577
3081
2596
2262
1891
1362
862
792
1346
2241
2925
2982
2350
1318
356
-248
-594
-877
-1013
-715
45
850
1161
745
-220
-1301
-2050
-2275
-2125
-1842
-1460
-903
-293
61
-8
-369
-751
-923
-731
-183
479
934
1066
993
827
541
140
-226
-359
-182
241
769
1237
1518
1603
1567
1480
1324
1065
811
786
1117
1657
2076
2118
1780
1239
676
194
-115
-202
-130
-29
-2
-133
-414
-679
-771
-741
-731
-790
-930
-1167
-1438
-1626
-1739
-1869
-1969
-1860
-1611
-1566
-1882
-2387
-3000
-3767
-4521
-5103
-5706
-6366
-6430
-5191
-2918
-813
62
-330
-1165
-1521
-963
275
1389
1712
1459
1463
2127
3023
3446
3104
2332
1784
1880
2499
3125
3292
2960
2490
2154
1855
1399
864
600
940
1856
2836
3211
2690
1630
667
113
-164
-392
-626
-784
-713
-297
274
527
209
-458
-1111
-1584
-1845
-1908
-1776
-1407
-792
-125
234
68
-476
-995
-1094
-687
-67
431
740
945
1034
928
624
210
-99
-44
387
885
1169
1263
1339
1396
1277
981
721
653
819
1231
1764
2091
2012
1667
1296
1032
889
792
644
459
331
267
160
-98
-479
-826
-1033
-1111
-1125
-1126
-1170
-1246
-1281
-1267
-1275
-1376
-1609
-1927
-2204
-2365
-2466
-2573
-2748
-3082
-3591
-4198
-4920
-5737
-6215
-5667
-3974
-1921
-529
-223
-702
-1283
-1252
-330
1002
1905
2093
2049
2288
2763
3050
2861
2283
1723
1605
2009
2570
2838
2719
2474
2310
2151
1810
1310
935
994
1585
2434
2975
2789
1992
1047
267
-307
-701
-906
-920
-716
-270
256
503
215
-500
-1259
-1734
-1831
-1644
-1305
-874
-395
14
146
-121
-639
-1054
-1096
-756
-205
298
554
605
644
659
483
170
-26
27
289
689
1095
1332
1334
1182
986
803
665
647
808
1108
1432
1678
1731
1531
1201
928
762
622
466
339
355
567
832
854
458
-243
-929
-1314
-1305
-1031
-727
-602
-727
-1020
-1328
-1554
-1667
-1672
-1648
-1734
-1983
-2293
-2563
-2872
-3329
-3891
-4457
-5091
-5775
-6035
-5279
-3576
-1760
-689
-606
-1112
-1476
-1083
121
1534
2424
2534
2208
1972
2055
2242
2221
1977
1789
1910
2309
2720
2884
2762
2510
2259
1990
1612
1159
855
996
1669
2562
3100
2877
1966
861
53
-289
-337
-313
-283
-210
-91
-38
-192
-603
-1145
-1574
-1677
-1443
-1080
-812
-641
-433
-200
-123
-289
-580
-782
-732
-395
74
432
551
489
351
215
98
-5
-53
120
622
1264
1689
1726
1457
1056
697
536
650
959
1283
1533
1707
1769
1626
1302
987
822
747
612
393
247
329
590
790
668
124
-648
-1242
-1376
-1106
-712
-493
-627
-1025
-1399
-1563
-1594
-1636
-1756
-2007
-2388
-2751
-2958
-3092
-3353
-3744
-4160
-4654
-5266
-5629
-5168
-3812
-2153
-937
-561
-876
-1260
-1042
-84
1105
1894
2077
1962
1982
2246
2488
2432
2148
1963
2099
2473
2789
2795
2499
2120
1859
1731
1599
1358
1142
1245
1756
2357
2606
2322
1646
885
329
83
5
-135
-366
-494
-393
-213
-237
-557
-1007
-1344
-1392
-1144
-784
-522
-434
-455
-517
-627
-799
-975
-1004
-774
-337
123
436
535
448
317
292
345
332
252
311
620
1028
1319
1408
1303
1020
668
495
657
1022
1354
1538
1549
1392
1165
1021
986
982
941
833
642
415
276
325
474
476
157
-416
-987
-1308
-1293
-1076
-932
-1053
-1386
-1713
-1854
-1786
-1601
-1454
-1494
-1768
-2164
-2531
-2852
-3225
-3691
-4190
-4643
-4971
-5003
-4499
-3402
-2048
-1012
-677
-910
-1174
-971
-197
811
1578
1849
1773
1723
1913
2204
2318
2196
2076
2187
2489
2737
2747
2495
2127
1872
1824
1803
1641
1463
1517
1834
2186
2295
2015
1419
780
373
250
196
7
-274
-449
-421
-289
-247
-453
-850
-1158
-1145
-856
-518
-333
-346
-476
-629
-794
-961
-1031
-868
-471
-10
286
318
182
62
93
272
476
573
550
563
748
1071
1345
1430
1329
1130
917
781
788
934
1122
1215
1147
948
711
558
580
757
961
1032
918
714
579
546
502
320
-48
-548
-1005
-1239
-1235
-1161
-1204
-1431
-1748
-2000
-2131
-2172
-2123
-2032
-2038
-2182
-2390
-2701
-3203
-3806
-4312
-4657
-4842
-4707
-4028
-2870
-1689
-992
-921
-1159
-1192
-659
374
1405
1910
1832
1607
1692
2124
2552
2634
2359
2021
1932
2150
2461
2599
2480
2218
1957
1732
1510
1309
1254
1479
1936
2334
2322
1793
1019
420
204
265
348
279
55
-200
-334
-316
-296
-468
-847
-1229
-1377
-1225
-890
-554
-341
-304
-437
-679
-912
-1000
-837
-460
-24
280
356
254
99
13
45
164
322
500
717
1004
1335
1597
1669
1525
1277
1064
936
886
922
1046
1165
1131
900
597
408
431
633
893
1067
1062
869
567
249
-38
-298
-541
-766
-953
-1105
-1253
-1414
-1599
-1806
-1980
-2068
-2087
-2114
-2203
-2329
-2442
-2538
-2674
-2916
-3285
-3773
-4314
-4660
-4486
-3691
-2567
-1575
-1034
-967
-1132
-1135
-677
178
1024
1499
1607
1624
1768
2040
2308
2435
2381
2234
2171
2278
2476
2606
2591
2442
2167
1768
1332
1023
970
1179
1521
1794
1811
1509
1024
583
338
297
376
471
473
321
52
-219
-412
-540
-653
-770
-886
-964
-930
-748
-486
-276
-226
-388
-696
-949
-963
-706
-293
121
429
573
545
387
190
71
130
389
763
1105
1317
1425
1485
1501
1412
1178
887
728
781
932
1029
1015
895
677
431
281
294
423
590
733
768
571
117
-410
-798
-1001
-1120
-1257
-1447
-1677
-1877
-1969
-1933
-1861
-1881
-2048
-2288
-2490
-2657
-2876
-3156
-3412
-3609
-3795
-3940
-3890
-3529
-2902
-2172
-1516
-1070
-848
-708
-437
53
653
1182
1540
1741
1877
2014
2156
2267
2333
2385
2460
2577
2702
2757
2671
2456
2198
1947
1670
1348
1056
895
901
1028
1172
1214
1066
753
397
135
14
0
46
96
95
13
-133
-303
-462
-594
-702
-776
-786
-714
-579
-433
-341
-335
-384
-407
-347
-219
-83
15
81
155
255
350
398
381
343
362
491
730
1030
1310
1500
1568
1532
1433
1303
1167
1039
934
857
790
705
609
556
588
682
756
706
468
66
-368
-676
-793
-788
-814
-1016
-1416
-1877
-2186
-2218
-2079
-2018
-2178
-2500
-2853
-3153
-3361
-3489
-3630
-3874
-4141
-4194
-3860
-3230
-2551
-1981
-1522
-1133
-767
-360
100
533
869
1163
1490
1793
1942
1939
1931
2046
2273
2524
2702
2744
2673
2593
2567
2541
2411
2139
1805
1540
1409
1348
1280
1173
1032
861
656
421
189
-3
-119
-147
-103
-32
3
-39
-171
-374
-597
-766
-807
-709
-543
-418
-401
-475
-567
-603
-531
-338
-65
199
382
474
511
523
519
500
458
362
229
160
270
572
935
1208
1307
1231
1057
925
948
1109
1280
1347
1291
1153
978
807
667
514
280
-51
-399
-650
-717
-614
-481
-550
-981
-1696
-2403
-2803
-2807
-2575
-2395
-2495
-2863
-3276
-3499
-3507
-3496
-3657
-3954
-4136
-3964
-3412
-2702
-2139
-1839
-1663
-1384
-900
-303
216
585
913
1336
1848
2313
2594
2651
2588
2580
2717
2904
2987
2925
2808
2712
2613
2456
2248
2046
1893
1820
1805
1768
1658
1514
1401
1302
1111
750
278
-129
-335
-371
-357
-392
-501
-651
-781
-858
-896
-931
-969
-966
-884
-776
-718
-723
-707
-582
-371
-169
-29
48
97
142
224
351
482
559
607
698
842
976
1048
1072
1077
1089
1145
1255
1374
1455
1486
1481
1441
1340
1180
1045
958
826
548
165
-206
-463
-594
-653
-776
-1090
-1580
-2060
-2327
-2371
-2372
-2463
-2651
-2905
-3211
-3538
-3848
-4158
-4486
-4711
-4631
-4175
-3508
-2898
-2469
-2176
-1878
-1441
-851
-264
139
365
613
1032
1560
1989
2185
2187
2152
2231
2464
2758
2995
3152
3262
3318
3246
3007
2693
2438
2285
2191
2083
1944
1791
1649
1523
1362
1085
718
412
307
334
306
124
-162
-459
-692
-831
-925
-1061
-1253
-1397
-1392
-1267
-1148
-1097
-1085
-1095
-1114
-1090
-967
-765
-546
-326
-101
95
215
268
335
470
650
838
1038
1243
1411
1514
1561
1567
1544
1514
1511
1555
1619
1638
1563
1367
1055
669
303
48
-80
-144
-243
-460
-794
-1171
-1500
-1744
-1934
-2142
-2403
-2702
-2989
-3260
-3542
-3853
-4155
-4353
-4348
-4102
-3693
-3282
-2996
-2828
-2646
-2307
-1800
-1244
-776
-432
-132
228
689
1191
1637
1962
2185
2377
2590
2789
2925
2995
3040
3072
3063
2987
2861
2709
2557
2441
2394
2401
2391
2297
2098
1818
1524
1289
1143
1023
849
599
332
119
-34
-186
-388
-630
-860
-1016
-1066
-1044
-1013
-1009
-1009
-1003
-1023
-1095
-1167
-1147
-988
-750
-546
-461
-492
-541
-494
-332
-134
38
191
379
615
857
1059
1219
1356
1490
1607
1674
1660
1588
1510
1429
1275
1005
687
440
340
320
221
-77
-533
-971
-1224
-1297
-1367
-1633
-2151
-2777
-3311
-3666
-3915
-4172
-4439
-4578
-4453
-4073
-3620
-3290
-3125
-2985
-2692
-2197
-1618
-1139
-841
-645
-404
-38
395
790
1095
1343
1592
1862
2129
2366
2563
2724
2830
2848
2767
2633
2521
2501
2602
2775
2921
2945
2814
2565
2274
2014
1826
1695
1582
1430
1188
882
587
354
164
-32
-259
-513
-762
-939
-974
-869
-735
-694
-777
-920
-1036
-1075
-1034
-956
-901
-881
-850
-756
-601
-432
-272
-109
46
179
297
440
636
870
1076
1188
1197
1154
1108
1059
954
752
485
290
287
444
578
511
216
-167
-469
-625
-718
-907
-1280
-1776
-2267
-2671
-3002
-3307
-3567
-3704
-3651
-3434
-3186
-3048
-3045
-3046
-2889
-2532
-2077
-1676
-1385
-1151
-882
-529
-134
227
524
792
1086
1396
1677
1924
2171
2441
2685
2813
2779
2635
2500
2494
2637
2821
2897
2811
2642
2511
2465
2448
2353
2101
1704
1273
945
783
730
672
540
332
114
-52
-145
-187
-225
-300
-440
-644
-878
-1082
-1202
-1222
-1182
-1129
-1099
-1073
-1016
-911
-775
-650
-557
-483
-391
-258
-77
143
387
627
826
946
967
893
754
595
458
369
350
403
496
539
439
181
-160
-476
-701
-842
-957
-1131
-1422
-1816
-2265
-2714
-3113
-3396
-3494
-3388
-3156
-2905
-2728
-2640
-2581
-2470
-2268
-2023
-1834
-1728
-1630
-1416
-1025
-516
-30
313
499
629
834
1153
1517
1821
2004
2073
2083
2112
2200
2339
2477
2566
2597
2599
2622
2690
2772
2784
2646
2367
2043
1784
1623
1528
1439
1317
1154
970
785
601
415
238
92
-26
-142
-269
-390
-492
-581
-671
-772
-880
-965
-984
-916
-790
-656
-559
-503
-473
-436
-354
-211
-38
119
232
300
303
225
80
-78
-167
-132
18
214
354
348
166
-112
-353
-482
-533
-592
-714
-922
-1201
-1491
-1748
-1976
-2188
-2361
-2446
-2417
-2300
-2168
-2082
-2046
-2016
-1956
-1850
-1719
-1606
-1509
-1361
-1104
-762
-405
-121
45
134
235
427
714
1035
1324
1552
1715
1831
1924
2000
2041
2040
2036
2078
2165
2254
2312
2323
2276
2164
1987
1775
1561
1385
1285
1250
1202
1055
813
559
375
276
218
160
76
-26
-116
-170
-211
-275
-372
-465
-521
-544
-544
-517
-450
-353
-247
-148
-67
-13
37
102
160
166
101
-8
-136
-259
-352
-395
-390
-359
-339
-375
-487
-656
-829
-956
-1018
-1064
-1166
-1356
-1606
-1856
-2064
-2226
-2358
-2461
-2503
-2445
-2275
-2044
-1845
-1721
-1633
-1514
-1320
-1072
-831
-642
-501
-357
-162
90
356
589
769
911
1041
1191
1375
1597
1827
2012
2106
2085
1983
1877
1838
1878
1958
2011
2001
1936
1848
1772
1704
1621
1504
1354
1192
1049
942
857
770
666
536
395
271
170
96
25
-58
-143
-221
-283
-334
-378
-407
-410
-384
-344
-308
-284
-264
-245
-220
-192
-160
-116
-48
34
94
85
-5
-128
-204
-183
-96
-35
-82
-247
-465
-642
-746
-820
-934
-1120
-1346
-1572
-1790
-2034
-2318
-2584
-2734
-2719
-2608
-2542
-2598
-2680
-2574
-2145
-1493
-921
-685
-786
-959
-893
-483
107
595
809
808
793
928
1228
1592
1906
2112
2195
2170
2080
2014
2054
2198
2352
2379
2211
1918
1676
1614
1705
1795
1735
1503
1199
940
781
697
629
540
435
331
239
153
73
-4
-90
-220
-408
-616
-764
-788
-680
-509
-369
-320
-356
-424
-460
-428
-334
-208
-98
-27
-3
-14
-51
-118
-214
-318
-381
-348
-211
-20
121
129
-3
-199
-367
-454
-483
-517
-624
-835
-1123
-1416
-1646
-1781
-1846
-1897
-1978
-2085
-2152
-2127
-2009
-1867
-1773
-1744
-1724
-1654
-1514
-1333
-1150
-976
-786
-567
-325
-79
159
400
656
904
1116
1274
1410
1567
1770
1988
2165
2257
2277
2271
2285
2335
2408
2466
2474
2405
2261
2075
1887
1739
1638
1558
1457
1305
1108
909
746
631
550
457
310
100
-136
-329
-418
-415
-383
-396
-482
-594
-659
-638
-559
-486
-468
-500
-533
-538
-516
-518
-575
-683
-791
-835
-789
-679
-571
-530
-579
-688
-794
-842
-818
-757
-720
-755
-875
-1053
-1227
-1343
-1396
-1424
-1480
-1587
-1713
-1782
-1717
-1518
-1265
-1073
-1020
-1087
-1185
-1219
-1139
-962
-754
-588
-498
-467
-448
-390
-258
-51
196
430
619
763
891
1030
1182
1328
1440
1510
1552
1598
1672
1776
1894
2002
2074
2104
2088
2046
1983
1903
1806
1688
1556
1423
1300
1198
1107
1000
847
643
423
246
156
155
187
189
121
-1
-124
-201
-216
-199
-190
-221
-290
-367
-424
-462
-499
-559
-644
-731
-774
-743
-658
-570
-546
-615
-756
-904
-991
-995
-952
-929
-974
-1088
-1229
-1348
-1416
-1438
-1445
-1461
-1491
-1522
-1533
-1511
-1450
-1361
-1262
-1170
-1093
-1025
-939
-819
-661
-489
-339
-228
-150
-80
11
130
263
377
450
495
546
647
808
997
1160
1258
1299
1317
1349
1399
1450
1492
1523
1552
1586
1606
1588
1530
1443
1358
1282
1212
1142
1088
1047
1013
956
855
711
551
412
312
249
205
170
147
117
67
-7
-82
-132
-148
-145
-151
-186
-251
-331
-406
-475
-538
-587
-601
-577
-550
-562
-635
-734
-804
-798
-729
-662
-657
-735
-861
-984
-1072
-1124
-1158
-1191
-1230
-1269
-1301
-1323
-1336
-1330
-1298
-1237
-1161
-1093
-1051
-1028
-1010
-972
-903
-804
-681
-553
-431
-315
-198
-69
70
224
386
544
682
792
876
942
1001
1058
1120
1191
1267
1361
1457
1529
1544
1507
1460
1450
1483
1525
1531
1482
1383
1269
1171
1095
1026
953
875
798
723
643
560
481
405
330
241
144
55
-17
-73
-121
-172
-226
-286
-352
-428
-516
-605
-665
-667
-610
-533
-487
-506
-591
-705
-794
-821
-781
-716
-669
-673
-732
-826
-904
-927
-897
-846
-810
-806
-835
-886
-940
-979
-990
-973
-930
-872
-822
-800
-810
-825
-810
-745
-634
-504
-387
-306
-256
-212
-154
-70
37
166
306
431
528
598
656
723
807
902
993
1060
1097
1118
1135
1151
1163
1171
1181
1196
1212
1217
1201
1164
1111
1056
1006
963
912
842
754
658
573
509
465
427
374
295
204
123
69
30
-14
-78
-158
-239
-307
-369
-436
-519
-594
-631
-620
-586
-571
-596
-651
-705
-718
-684
-626
-585
-587
-627
-687
-742
-776
-781
-767
-757
-772
-821
-877
-907
-883
-811
-730
-678
-671
-693
-714
-715
-691
-649
-593
-531
-474
-428
-389
-342
-277
-200
-114
-29
50
136
229
326
410
468
508
550
603
665
716
757
793
833
884
933
977
1006
1015
1002
968
925
890
882
905
944
960
922
833
725
636
585
575
582
575
538
468
393
333
294
266
240
198
129
43
-43
-112
-156
-181
-207
-259
-345
-439
-504
-520
-502
-487
-506
-562
-631
-683
-701
-702
-710
-732
-748
-739
-713
-691
-690
-708
-723
-707
-659
-595
-545
-523
-520
-522
-523
-521
-515
-494
-458
-410
-364
-337
-328
-322
-297
-245
-180
-120
-78
-52
-31
-6
28
77
142
215
280
327
353
368
385
412
447
476
490
499
523
565
613
639
629
601
576
572
582
595
597
596
596
597
593
569
532
488
447
415
390
370
355
352
360
367
349
294
212
133
81
59
57
49
24
-25
-97
-178
-253
-307
-338
-342
-337
-346
-388
-466
-558
-630
-659
-645
-611
-593
-605
-638
-660
-649
-613
-573
-537
-511
-488
-464
-433
-393
-344
-288
-233
-197
-183
-190
-196
-191
-164
-109
-32
53
117
137
115
63
15
4
40
115
201
275
328
350
334
291
247
226
242
283
333
366
371
351
318
283
249
223
209
206
209
217
230
253
276
287
275
245
212
199
216
251
274
265
228
188
170
173
182
183
171
152
130
101
68
27
-13
-44
-61
-66
-75
-111
-181
-281
-376
-420
-390
-309
-230
-207
-272
-423
-595
-667
-538
-223
123
309
252
13
-255
-419
-403
-239
-27
130
154
19
-216
-427
-523
-497
-383
-227
-86
-6
-1
-45
-93
-131
-153
-158
-141
-84
14
110
134
79
26
38
106
170
197
192
184
204
244
271
260
227
188
141
98
95
153
252
342
386
364
284
180
95
58
73
125
186
210
177
98
5
-74
-120
-117
-63
15
90
137
125
65
16
27
93
169
218
226
183
116
62
34
14
-6
-32
-78
-152
-230
-282
-298
-271
-214
-156
-122
-119
-133
-161
-194
-220
-241
-277
-335
-401
-465
-512
-514
-440
-313
-181
-99
-91
-138
-183
-172
-103
-7
72
112
119
100
71
43
44
82
153
225
283
334
389
435
452
421
347
256
190
177
209
243
234
172
87
23
7
27
60
87
99
90
42
-41
-126
-174
-173
-153
-145
-150
-151
-140
-128
-130
-143
-150
-136
-103
-67
-39
-23
-16
-14
-9
14
64
131
192
230
243
233
210
178
153
150
168
178
152
87
6
-60
-100
-111
-91
-51
-6
19
6
-53
-142
-232
-297
-325
-316
-278
-228
-186
-169
-181
-200
-213
-209
-185
-143
-86
-32
1
0
-27
-57
-65
-42
4
54
99
134
148
138
117
112
135
172
191
178
137
97
80
86
103
118
124
119
100
74
47
32
29
27
18
8
2
5
6
-3
-24
-51
-68
-70
-53
-30
-18
-33
-73
-126
-159
-151
-105
-43
8
33
29
6
-19
-25
-4
32
61
68
55
35
17
-1
-24
-40
-39
-15
25
61
83
87
67
22
-32
-63
-45
2
50
68
54
19
-16
-42
-51
-46
-33
-23
-15
2
27
50
48
8
-50
-90
-97
-67
-16
32
68
78
58
30
27
61
108
122
95
50
17
8
15
32
65
100
116
92
40
-9
-29
-17
10
41
69
79
50
-25
-124
-199
-217
-179
-110
-43
-4
2
-27
-65
-91
-81
-39
10
34
16
-35
-95
-143
-158
-141
-97
-48
-17
-15
-30
-41
-39
-14
27
75
103
95
54
1
-38
-54
-46
-20
13
46
60
46
15
-5
8
48
95
128
141
131
94
33
-23
-42
-11
49
101
117
96
46
-14
-65
-74
-34
30
72
62
10
-48
-82
-82
-48
11
72
106
93
53
22
33
77
122
138
117
64
-9
-85
-132
-125
-68
-6
23
0
-53
-108
-146
-152
-113
-33
53
104
90
20
-72
-142
-159
-120
-42
41
95
96
46
-27
-86
-109
-94
-54
-9
18
11
-28
-75
-106
-108
-90
-56
-20
8
24
22
5
-16
-29
-33
-39
-53
-76
-88
-86
-67
-43
-10
28
66
94
103
96
82
72
71
83
102
120
133
133
120
97
80
79
96
122
150
167
165
144
111
74
50
42
47
55
57
51
38
24
17
12
8
0
-16
-47
-82
-110
-118
-105
-81
-64
-65
-83
-119
-154
-174
-168
-128
-75
-35
-34
-66
-116
-152
-162
-138
-86
-23
31
51
30
-21
-72
-95
-84
-51
-13
13
15
-16
-67
-115
-132
-108
-57
1
43
56
44
18
-8
-14
10
57
103
123
112
80
38
-2
-27
-21
8
41
51
39
11
-14
-18
6
62
130
186
204
183
138
98
80
83
88
81
62
24
-23
-58
-57
-16
35
68
71
49
16
-12
-22
-6
25
49
55
45
27
15
9
7
8
12
18
17
7
-23
-62
-110
-151
-174
-165
-127
-81
-52
-57
-91
-131
-155
-148
-109
-56
-15
-10
-48
-111
-172
-209
-209
-171
-110
-50
-9
7
2
-16
-33
-34
-12
30
72
99
103
90
74
64
67
83
114
142
155
145
119
100
94
94
98
101
105
103
88
62
36
20
17
26
42
70
93
101
81
43
9
-7
2
28
57
77
75
54
23
-5
-17
-17
-11
-14
-33
-59
-83
-94
-94
-79
-58
-38
-29
-34
-49
-68
-81
-90
-91
-82
-65
-47
-38
-43
-66
-95
-121
-131
-119
-92
-64
-46
-49
-70
-99
-123
-129
-116
-90
-60
-35
-20
-8
-1
10
25
43
62
76
85
92
93
86
76
64
54
50
53
64
80
98
111
112
100
78
50
27
20
27
45
69
84
83
66
42
20
16
28
54
78
87
73
40
2
-30
-43
-38
-19
4
20
29
31
30
28
22
12
-3
-23
-42
-57
-63
-64
-59
-56
-54
-54
-50
-45
-35
-21
-7
3
5
-3
-19
-39
-62
-82
-95
-97
-89
-75
-60
-46
-36
-29
-26
-29
-34
-44
-51
-57
-57
-52
-42
-28
-18
-15
-19
-27
-28
-24
-10
9
28
47
61
69
68
58
44
31
25
32
51
77
101
115
114
100
80
63
54
54
61
68
69
62
47
31
18
12
18
29
42
50
51
44
31
19
11
7
5
2
-6
-19
-37
-53
-64
-67
-61
-47
-29
-14
-5
-5
-15
-31
-49
-61
-67
-64
-57
-49
-45
-46
-53
-62
-68
-66
-62
-52
-45
-43
-45
-50
-53
-52
-46
-39
-31
-22
-14
-5
4
15
24
29
29
25
19
15
16
23
30
36
38
35
30
26
25
31
40
48
49
42
28
12
1
0
3
14
26
35
40
43
46
49
53
53
47
36
20
5
-1
2
14
29
41
45
42
37
32
33
36
38
36
25
7
-17
-40
-56
-61
-55
-41
-25
-13
-12
-19
-30
-41
-45
-40
-29
-19
-13
-18
-35
-56
-75
-83
-78
-62
-41
-21
-10
-8
-16
-27
-33
-34
-27
-15
-3
1
-1
-8
-18
-22
-22
-18
-10
-1
5
9
11
13
15
18
21
25
25
24
22
18
19
19
21
23
21
18
15
14
18
26
35
45
48
48
45
38
33
31
30
29
27
23
16
10
6
6
10
19
28
36
39
38
33
27
17
8
-2
-14
-27
-37
-46
-51
-52
-48
-42
-35
-27
-21
-17
-17
-15
-14
-15
-17
-20
-25
-31
-35
-37
-37
-32
-24
-17
-9
-2
3
5
6
2
-4
-9
-16
-20
-22
-20
-17
-13
-8
-3
2
6
11
16
20
20
16
11
2
-4
-9
-12
-13
-12
-11
-7
-2
2
6
8
9
9
8
7
6
6
8
13
18
25
31
37
42
46
48
46
39
29
22
15
14
13
14
14
11
8
7
10
15
23
27
30
27
18
8
-4
-12
-20
-24
-28
-29
-28
-25
-21
-15
-13
-12
-12
-16
-18
-20
-24
-29
-33
-35
-36
-34
-30
-25
-18
-9
-1
8
12
13
11
5
-1
-6
-9
-8
-9
-9
-9
-7
-5
-2
0
5
7
9
8
4
-2
-5
-8
-7
-6
-5
-3
-4
-5
-5
-3
0
4
7
7
6
2
-1
-2
0
4
12
19
25
28
28
26
22
19
17
16
13
11
12
12
13
16
20
24
27
27
25
20
14
10
8
6
3
-1
-7
-15
-22
-30
-31
-32
-28
-22
-17
-13
-12
-11
-12
-13
-13
-13
-15
-17
-22
-22
-20
-15
-10
-6
-3
1
-1
-3
-7
-7
-7
-6
-4
-5
-9
-9
-7
-2
7
16
25
32
35
32
26
14
5
0
0
1
3
2
-1
-4
-6
-3
1
6
11
13
13
10
3
-4
-11
-15
-15
-11
-4
1
5
6
6
7
6
6
6
5
6
4
0
-7
-12
-17
-17
-14
-8
0
7
14
19
23
23
22
19
12
7
-1
-8
-15
-19
-20
-16
-11
-3
4
9
13
16
16
14
7
-1
-10
-18
-25
-29
-32
-31
-26
-19
-8
2
13
21
26
27
23
16
7
-3
-12
-17
-19
-21
-20
-18
-12
-5
0
4
10
15
22
25
27
23
16
11
7
4
2
0
-1
-2
-2
1
3
6
11
12
15
12
8
2
-6
-12
-15
-17
-16
-14
-8
-5
0
4
5
5
5
4
2
3
2
-1
-5
-10
-15
-18
-18
-14
-9
-3
0
3
4
5
5
3
5
6
5
2
1
1
-2
-5
-8
-9
-9
-8
-7
-6
-5
-1
-1
-1
-2
-2
-2
-1
0
3
3
5
6
8
6
1
-6
-9
-7
-2
7
16
22
25
23
17
12
9
9
9
9
9
5
1
-1
-5
-8
-12
-13
-12
-9
-6
-4
-1
0
2
4
5
6
5
3
1
-2
-3
-5
-3
-1
0
1
-1
-2
-3
-3
-2
0
-1
-1
0
1
1
3
4
7
10
10
10
8
4
2
-2
-5
-10
-15
-20
-23
-24
-19
-14
-6
-1
5
5
4
0
-1
0
3
6
11
10
9
6
1
-2
1
3
7
12
16
11
4
-5
-13
-16
-13
-7
1
7
11
11
9
6
6
9
13
15
12
5
-6
-16
-22
-24
-20
-17
-11
-8
-10
-12
-17
-17
-11
0
10
16
13
5
-6
-14
-16
-12
-2
9
18
24
25
19
12
6
2
3
4
6
5
2
-3
-6
-9
-10
-9
-3
2
7
9
9
8
5
-2
-6
-11
-12
-12
-9
-5
-1
-1
-1
-2
1
3
7
8
6
2
1
-3
-5
-4
-5
-3
1
6
10
15
17
18
19
19
17
15
10
7
1
-2
-6
-7
-8
-7
-4
-3
-2
-1
-2
-4
-6
-6
-9
-9
-8
-9
-8
-6
-5
-2
-2
-2
-3
-1
1
3
2
-2
-8
-11
-13
-12
-11
-6
-4
-1
-1
-4
-2
-1
2
5
7
6
4
2
1
1
5
5
4
4
3
3
4
3
3
-1
-1
-3
-4
-6
-7
-5
-5
-3
-2
3
6
9
12
13
12
11
7
5
1
-2
-2
-3
-2
-1
0
2
4
6
8
9
10
10
8
7
4
2
-1
-3
-3
-3
-2
1
2
5
6
6
5
4
1
-1
-2
-3
-3
-4
-4
-5
-4
-6
-6
-6
-6
-4
-4
-4
-3
-4
-5
-6
-6
-6
-6
-4
-3
0
0
2
1
4
2
0
-1
-3
-4
-5
-6
-5
-4
-3
-3
0
2
6
9
10
10
10
7
6
4
2
2
0
-1
-1
-2
-2
-1
0
1
2
2
3
3
0
0
0
0
1
1
1
0
0
2
2
4
6
6
5
5
3
1
0
-1
-1
-1
-1
-2
-1
0
0
0
0
1
0
1
0
0
1
0
-1
0
-1
-2
-2
-3
-3
-1
-2
-2
-2
-3
-3
-4
-3
-4
-5
-4
-3
-3
-1
-2
-1
0
1
2
0
0
0
0
0
1
1
1
2
2
1
0
1
1
2
3
3
1
0
1
0
0
0
1
0
0
0
0
0
0
2
2
2
3
2
1
0
-1
-2
-2
-1
-1
-1
-1
-1
0
0
0
0
0
1
2
0
0
1
1
1
1
1
2
0
-1
0
0
0
0
0
0
0
1
0
1
0
0
-1
0
0
1
2
2
1
-2
-1
-1
-2
-2
-1
0
1
0
0
0
0
0
1
2
1
-1
0
1
0
0
-1
0
1
0
-1
0
2
2
2
3
3
3
2
1
0
0
0
1
0
-1
0
0
0
0
-1
0
0
0
0
0
0
-1
0
0
-1
0
0
0
-1
1
0
0
0
0
0
0
0
0
0
0
0
0
0
-1
0
-1
0
0
0
0
0
0
0
0
0
1
0
0
0
0
0
0
0
0
0
0
0
1
0
0
0
0
0
0
0
0
0
-1
0
0
1
0
0
0
0
0
0
0
1
0
0
0
0
0
0
-1
0
1
0
0
0
0
0
0
0
0
-1
0
0
0
0
0
0
0
0
1
0
-1
0
1
0
0
-1
0
0
0
0
-1
0
0
0
0
1
0
0
0
0
0
0
0
0
-1
0
0
0
0
0
0
0
0
0
1
0
0
0
0
0
1
0
0
1
0
1
-1
0
0
0
0
0
0
0
0
-1
0
-1
-1
0
0
0
0
0
0
0
0
0
0
-1
0
-1
0
0
0
0
0
0
-1
0
0
0
0
0
0
0
0
0
0
0
0
0
0
0
0
0
1
1
0
-1
0
0
0
0
0
0
0
0
0
0
0
0
0
0
0
0
1
0
0
0
0
0
1
0
0
0
0
0
0
0
-1
-1
0
0
0
0
0
-1
-1
0
0
0
-1
1
0
0
-1
0
0
0
0
0
0
0
0
0
0
0
0
0
0
0
0
1
0
0
-1
0
0
0
0
0
0
1
0
0
-1
-1
0
0
0
0
-1
0
0
0
0
0
1
0
0
1
0
1
0
0
0
0
0
0
-1
0
0
0
0
0
0
1
0
0
0
0
0
0
-1
-1
0
-1
0
0
0
0
0
0
0
0
0
0
0
0
0
0
-1
0
0
0
0
1
0
0
0
0
0
0
0
0
0
0
-1
1
-1
0
0
0
0
0
0
0
0
1
0
1
0
0
0
1
-1
0
0
0
0
0
0
0
0
0
0
-1
0
0
0
0
1
1
0
1
0
0
0
0
0
0
0
0
0
0
-1
-1
-1
-1
0
0
0
0
0
-1
0
0
0
0
0
-1
0
-1
0
1
0
0
1
0
0
-1
0
-1
0
0
0
-1
0
1
-1
0
0
0
0
-1
0
1
0
-1
1
1
0
1
-1
0
0
1
0
0
-1
1
0
0
1
0
0
0
0
1
0
0
0
0
1
0
-1
0
-1
0
1
0
1
-1
0
1
0
0
0
0
0
-1
0
0
0
0
0
0
0
0
0
0
-1
0
1
0
1
0
-1
0
0
1
0
0
0
0
0
0
-1
0
-1
0
0
0
0
0
0
0
1
0
1
0
0
0
0
0
-1
0
0
0
0
0
-1
0
0
0
0
0
0
1
0
0
0
0
1
0
0
0
0
0
0
0
0
0
-1
0
1
0
0
0
0
0
0
0
0
0
0
0
0
0
0
0
-1
1
0
0
0
-1
0
0
0
1
0
0
0
-1
0
0
0
0
1
1
0
1
0
0
-1
0
-1
0
0
0
0
0
0
0
0
0
0
0
0
0
1
0
0
0
0
0
0
0
0
0
0
0
0
0
0
0
0
0
0
1
0
0
0
1
0
0
0
0
0
0
0
0
1
1
0
0
1
0
0
0
0
0
1
0
0
-1
1
0
-1
-1
0
0
0
0
0
1
0
1
0
0
0
1
0
-1
0
-1
0
0
-1
0
0
0
-1
0
0
0
0
0
0
0
0
1
-1
0
0
0
0
-1
0
0
0
0
0
1
0
0
0
0
0
0
0
0
1
1
0
0
0
0
0
0
0
0
0
1
0
-1
0
0
0
0
0
0
0
0
0
0
1
0
1
1
1
0
0
0
0
0
0
0
0
0
0
0
0
-1
0
0
0
-1
0
-1
0
0
0
0
0
0
0
-1
1
0
1
0
0
0
0
1
1
0
-1
0
1
-1
0
0
0
0
0
0
0
0
0
0
0
0
0
1
-1
0
0
0
0
0
0
0
-1
0
-1
0
0
0
0
0
-1
0
1
0
0
0
1
0
0
0
0
0
0
0
0
0
0
0
0
0
0
1
0
1
0
-1
-1
-1
0
0
0
0
0
0
0
-1
0
0
1
-1
0
1
0
0
0
0
0
0
0
-1
0
0
0
0
0
0
0
0
0
0
0
0
0
0
0
0
0
0
0
0
0
0
1
0
1
0
0
0
1
0
0
-1
1
0
-1
0
0
-1
0
0
0
0
-1
0
0
0
0
1
0
0
0
1
0
0
1
-1
0
0
0
0
0
0
-1
0
1
0
0
0
1
-1
0
0
0
-1
0
0
0
-1
0
1
0
-1
0
0
-1
-1
0
0
0
0
-1
-1
-1
0
0
0
0
0
0
0
0
0
1
0
-1
0
1
0
1
0
0
0
-1
0
0
0
0
0
0
-1
1
0
0
0
0
1
0
0
0
-1
0
1
0
0
0
0
0
0
0
0
0
0
-1
1
-1
0
1
0
0
0
0
0
0
0
0
0
0
0
0
0
0
0
1
0
0
0
0
-1
1
0
0
0
0
0
0
0
0
0
0
0
0
-1
0
0
0
-1
0
0
1
1
0
0
0
0
-1
0
1
0
-1
0
0
0
0
-1
0
0
0
0
0
-1
-1
0
0
0
0
1
0
0
0
0
-1
0
0
0
0
0
0
0
0
1
0
-1
0
0
-1
0
0
0
0
0
0
0
0
0
0
0
1
0
0
0
0
-1
-1
0
-1
0
0
0
-1
0
0
0
0
1
1
-1
0
0
-1
-1
0
0
-1
0
0
-1
0
0
-1
1
-1
0
0
-1
0
0
0
0
0
0
0
1
0
0
-1
1
1
0
0
0
0
0
0
0
0
0
1
0
0
0
0
0
0
-1
0
0
-1
0
0
1
0
0
1
0
0
0
1
0
0
0
0
0
0
1
-1
0
0
0
1
0
-1
0
0
0
0
0
-1
0
0
0
0
1
0
0
1
0
0
0
1
0
0
0
0
0
1
0
0
0
0
0
0
0
1
0
0
0
0
-1
0
0
-1
-1
0
-1
0
0
0
1
1
0
0
0
-1
1
0
0
0
0
1
0
1
0
0
1
1
0
0
0
0
0
-1
0
0
0
-1
0
0
1
0
0
0
0
1
0
1
0
0
0
0
-1
0
0
0
0
0
-1
0
0
0
1
1
0
0
-1
0
0
1
0
0
-1
1
0
0
0
0
-1
0
0
0
0
0
0
0
0
0
0
0
1
0
0
0
-1
0
1
0
0
1
-1
0
-1
-1
0
0
0
0
0
0
0
0
-1
0
-1
1
0
1
1
0
0
0
0
0
0
0
0
0
0
0
0
0
0
1
0
-1
0
0
0
0
0
0
-1
0
0
-1
0
0
0
0
0
0
0
1
1
0
0
0
0
0
0
0
-1
0
0
0
0
0
0
-1
-1
0
0
0
0
0
1
0
1
-1
0
0
-1
0
0
0
1
0
0
0
0
0
0
0
1
0
1
0
0
0
-1
-1
0
0
0
0
1
0
-1
0
0
0
0
1
0
-1
0
0
0
0
0
1
0
0
0
0
0
0
0
0
0
0
1
0
0
0
0
0
0
0
0
0
0
0
0
0
-1
-1
0
0
0
0
0
0
-1
0
0
-1
0
0
0
0
0
0
0
0
0
0
0
0
0
0
0
0
0
-1
0
0
1
0
0
-1
1
0
0
0
0
0
0
0
0
0
0
-1
1
0
0
-1
0
0
0
1
0
-1
0
0
0
0
0
0
0
1
-1
0
-1
0
-1
-1
0
0
0
1
0
0
0
0
0
1
0
-1
-1
0
0
0
0
0
0
0
-1
0
-1
0
1
0
0
0
0
1
0
0
0
0
0
-1
-1
0
0
0
0
-1
0
1
0
1
0
0
0
0
-1
0
0
0
-1
0
0
0
0
0
0
0
0
-1
0
0
0
1
0
1
0
-1
0
1
0
0
-1
0
0
0
0
0
0
1
0
1
0
0
0
0
0
1
0
1
0
0
0
1
0
0
0
0
0
-1
0
0
0
0
0
0
0
0
0
-1
0
0
0
0
0
0
0
0
0
0
1
0
1
0
0
1
0
0
1
0
0
1
0
0
1
0
0
0
0
0
0
0
0
0
0
0
1
0
0
-1
0
0
-1
0
-1
0
0
1
1
0
0
0
-1
0
0
0
0
0
0
1
0
0
-1
0
0
0
0
-1
0
1
0
0
0
0
0
-1
0
0
0
0
0
0
0
1
0
0
0
0
0
-1
0
0
0
0
0
1
0
0
0
0
0
0
0
1
0
-1
0
-1
1
0
0
0
0
-1
0
-1
0
0
0
0
-1
1
0
0
0
1
0
-1
0
1
1
0
-1
0
0
0
0
0
0
0
0
-1
0
0
0
0
1
-1
0
0
-1
0
0
0
0
0
1
1
0
0
0
-1
-1
0
0
0
1
0
0
0
0
0
0
1
0
0
-1
0
0
1
0
0
0
0
0
1
0
0
-1
0
0
0
0
0
0
0
0
1
0
0
0
0
0
0
0
0
1
0
0
0
0
0
0
-1
0
0
0
0
1
0
0
1
0
0
0
1
-1
0
-1
0
0
0
1
0
0
0
0
0
0
1
0
0
0
0
0
0
0
0
0
-1
0
0
0
1
0
0
0
1
0
0
0
0
0
0
0
0
0
0
1
0
1
0
-1
0
0
-1
0
0
0
-1
0
0
0
-1
0
-1
1
-1
1
0
0
0
0
0
1
0
1
0
0
0
0
0
0
0
0
0
0
0
1
0
0
-1
0
0
0
0
0
0
0
0
0
0
-1
0
0
1
0
0
-1
0
0
0
0
0
0
0
0
-1
0
1
0
0
0
0
1
0
0
0
0
0
-1
0
0
-1
0
0
0
0
0
0
0
0
0
0
0
1
1
1
1
0
0
-1
1
0
0
0
0
0
0
0
0
0
0
0
0
1
0
0
1
0
1
0
0
1
0
0
0
0
1
0
0
-1
0
0
1
1
0
0
-1
0
-1
-1
0
0
0
1
1
0
-1
0
1
0
0
0
0
1
0
1
-1
0
1
0
0
0
-1
0
0
0
1
0
-1
0
-1
-1
0
0
1
0
0
0
1
1
0
0
1
1
-1
0
-1
0
0
0
1
0
0
0
0
-1
0
0
-1
0
0
-1
-1
1
0
0
0
0
-1
0
1
0
0
0
-1
1
0
1
0
1
-1
0
0
0
-1
0
0
0
0
0
0
0
0
0
0
0
0
0
0
0
0
0
1
0
0
0
0
1
0
0
0
0
0
0
0
0
0
0
0
0
0
0
0
0
0
0
0
0
1
0
0
0
0
-1
0
0
1
0
0
0
0
0
-1
0
0
0
0
0
0
-1
0
0
-1
0
0
0
-1
0
0
0
0
-1
0
0
0
0
0
0
0
0
0
0
0
0
0
0
0
-1
0
0
0
-1
0
-1
0
-1
0
0
0
0
1
0
0
0
0
-1
1
0
0
0
0
0
1
0
0
0
0
0
0
1
0
0
0
0
-1
0
-1
0
0
0
0
0
0
0
0
0
0
0
0
0
0
0
0
0
1
0
1
1
0
1
0
0
0
0
0
1
0
1
0
0
0
1
0
0
-1
0
0
1
0
-1
0
0
0
0
-1
-1
1
0
0
1
0
0
1
0
0
0
-1
1
0
0
0
0
0
0
-1
0
0
0
0
0
0
0
0
0
0
0
0
0
0
0
0
0
0
0
0
-1
0
-1
0
-1
0
0
0
0
0
-1
0
-1
1
0
0
0
0
0
-1
0
-1
0
-1
0
0
0
0
-1
0
-1
0
1
0
0
0
0
0
0
1
0
0
0
0
0
0
-1
0
0
0
0
0
0
0
0
1
0
1
1
0
0
0
0
0
0
0
0
0
0
1
0
1
0
0
0
0
0
0
0
1
0
0
0
1
0
1
1
0
0
0
0
-1
0
0
1
0
0
0
0
0
0
0
0
0
0
0
0
0
-1
0
0
0
0
0
0
0
0
0
-1
0
1
0
0
0
0
0
0
0
-1
1
0
0
0
1
0
1
0
0
0
0
0
0
0
-1
0
1
0
0
0
1
0
0
0
0
-1
1
1
0
0
1
0
0
0
0
0
0
0
0
-1
0
0
0