0
0
0
-1
0
-1
0
0
0
0
0
0
0
0
0
0
0
0
0
0
0
0
0
1
0
1
1
0
1
0
0
0
0
0
1
0
1
0
0
0
1
0
0
-1
0
0
1
0
-1
0
0
0
0
-1
-1
1
0
0
1
0
0
1
0
0
0
-1
1
0
0
0
0
0
0
-1
0
0
0
0
0
0
0
0
0
0
0
0
0
0
0
0
0
0
0
0
-1
0
-1
0
-1
0
0
0
0
0
-1
0
-1
1
0
0
0
0
0
-1
0
-1
0
-1
0
0
0
0
-1
0
-1
0
1
0
0
0
0
0
0
1
0
0
0
0
0
0
-1
0
0
0
0
0
0
0
0
1
0
1
1
0
0
0
0
0
0
0
0
0
0
1
0
1
0
0
0
0
0
0
0
1
0
0
0
1
0
1
1
0
0
0
0
-1
0
0
1
0
0
0
0
0
0
0
0
0
0
0
0
0
-1
0
0
0
0
0
0
0
0
0
-1
0
1
0
0
0
0
0
0
0
-1
1
0
0
0
1
0
1
0
0
0
0
0
0
0
-1
0
1
0
0
0
1
0
0
0
0
-1
1
1
0
0
1
0
0
0
0
0
0
0
0
-1
0
0
0
0
1
0
0
0
0
0
0
-1
-1
1
0
0
1
0
0
-1
0
-1
1
0
1
0
0
0
0
1
-1
0
0
0
0
0
0
0
0
0
0
0
0
0
0
-1
0
0
0
0
1
0
0
0
0
0
0
0
0
-1
0
0
0
-1
0
0
1
0
-1
0
0
0
0
1
1
1
0
0
-1
0
0
-1
0
0
0
0
-1
0
0
0
0
0
0
1
0
0
0
0
0
1
0
0
0
0
0
0
0
-1
1
-1
0
-1
0
0
0
0
-1
0
0
0
0
0
0
0
0
0
1
0
0
0
0
0
0
0
0
0
0
0
0
0
0
-1
0
0
0
1
0
0
0
0
-1
0
-1
0
1
0
0
1
0
0
0
0
0
0
0
0
0
0
1
-1
0
-1
0
0
-1
0
0
0
0
-1
0
0
0
0
0
1
0
0
0
0
0
0
0
-1
0
0
0
0
0
0
-1
0
0
0
0
0
0
-1
0
-1
0
0
0
0
1
0
0
0
0
0
0
0
0
0
0
0
0
1
0
0
0
0
1
0
-1
0
1
0
0
0
0
0
0
0
-1
-1
0
0
0
1
0
-1
0
0
-1
0
0
0
-1
0
0
1
0
0
0
0
0
0
1
0
0
0
0
1
0
0
0
1
1
0
0
0
0
0
0
1
0
1
0
0
0
1
0
0
0
-1
1
1
0
-1
0
0
0
0
0
0
0
0
0
0
0
1
0
1
0
0
0
0
0
-1
0
1
0
0
-1
0
-1
0
0
-1
0
0
0
0
0
0
0
0
0
0
0
0
0
0
0
0
0
0
0
0
0
0
0
0
0
0
0
0
0
0
0
0
0
-1
0
0
0
0
0
0
0
-1
0
0
0
0
0
0
0
0
0
0
0
0
0
0
0
0
0
0
0
0
0
0
1
-1
0
0
0
0
0
0
0
1
0
0
0
0
0
-1
0
0
0
0
0
0
0
0
0
0
-1
-1
-1
-1
0
-1
0
0
0
0
0
0
-1
-1
0
-1
0
0
0
-1
0
0
0
0
0
0
0
1
0
0
0
0
0
0
0
0
0
0
1
1
0
0
0
0
0
0
0
0
0
0
0
1
0
0
0
0
0
1
1
0
0
0
0
0
-1
0
0
0
0
0
0
1
0
0
1
0
0
0
1
0
0
1
0
1
1
0
0
0
0
0
0
0
0
0
0
1
0
1
1
-1
0
0
0
0
0
0
0
0
0
0
0
1
0
0
1
0
0
0
1
0
0
0
-1
0
0
0
0
0
0
0
0
0
0
1
0
0
0
-1
-1
0
0
0
0
0
0
0
0
0
0
-1
0
1
0
0
0
0
0
0
0
-1
0
1
0
0
0
0
-1
0
-1
-1
0
0
0
0
1
0
0
0
0
0
0
0
0
1
1
0
1
-1
0
0
0
0
0
0
0
0
0
0
0
0
0
0
0
0
0
0
0
0
0
0
0
0
0
0
0
0
-1
1
0
1
0
0
1
0
0
0
0
0
1
-1
0
0
0
0
0
1
0
0
-1
0
0
0
0
1
0
0
1
-1
-1
0
0
0
0
0
0
0
0
0
0
0
-1
0
0
0
1
0
0
0
0
1
0
-1
-1
0
0
0
-1
0
0
0
0
0
-1
0
0
0
0
-1
0
0
0
0
0
0
0
0
0
0
0
0
0
0
-1
0
0
0
0
0
0
0
0
0
1
0
-1
0
0
0
0
0
0
0
0
0
0
0
0
0
0
0
0
0
0
0
-1
0
0
0
0
0
0
0
0
0
0
0
0
0
1
0
0
0
0
0
0
0
1
0
0
0
1
1
0
0
0
-1
1
1
0
0
0
0
0
0
0
1
0
0
0
1
0
0
0
0
0
-1
0
0
0
0
0
0
0
0
0
0
-1
-1
-1
0
0
0
0
-1
0
0
0
0
0
0
0
0
0
1
0
1
0
0
0
0
0
0
1
-1
0
1
-1
0
0
0
0
0
0
0
-1
0
0
0
-1
0
-1
0
0
0
0
0
-1
0
0
0
0
0
0
-1
0
0
0
0
0
0
0
0
-1
-1
0
0
0
0
0
1
0
0
0
0
0
-1
0
0
0
0
0
0
0
0
0
1
0
1
0
0
1
-1
1
0
0
0
-1
-1
0
0
0
-1
0
-1
0
0
0
-1
0
0
0
0
1
0
0
0
0
0
0
1
0
1
0
0
0
0
0
0
1
0
0
0
1
1
0
0
0
0
0
0
0
0
-1
1
0
0
0
0
0
0
0
1
0
0
-1
0
0
0
-1
-1
0
0
1
0
-1
0
0
0
0
0
0
-1
-1
0
0
-1
1
0
1
0
0
0
0
0
0
1
0
0
0
-1
0
0
0
0
0
1
-1
0
0
0
0
0
0
0
0
0
1
0
0
0
0
0
0
-1
0
0
-1
0
0
-1
0
0
0
0
0
0
0
0
1
0
0
-1
1
0
0
-1
-1
0
0
0
1
-1
0
0
0
-1
1
0
0
0
1
-1
0
0
0
0
0
0
0
0
0
0
0
-1
0
0
0
0
0
0
0
0
0
0
1
-1
0
0
-1
1
0
0
0
0
0
0
0
0
0
0
0
0
0
0
-1
0
0
0
0
0
0
0
-1
0
0
0
-1
0
0
-1
-1
0
0
0
0
0
1
1
-1
0
-1
0
0
0
0
0
0
0
0
1
0
0
0
0
-1
1
0
0
1
0
0
0
0
0
1
1
0
0
0
0
0
-1
0
-1
1
0
1
0
0
1
0
0
1
0
0
0
1
-1
-1
1
0
0
0
-1
0
0
1
0
0
0
0
0
0
-1
0
0
0
-1
0
0
1
1
-1
0
0
0
0
0
0
0
0
0
-1
1
0
0
1
0
0
0
0
1
-1
0
0
0
0
-1
1
0
0
-1
0
0
0
0
0
-1
0
-1
1
0
0
1
0
0
0
0
0
0
0
0
-1
0
0
0
1
0
1
0
0
0
0
-1
0
0
1
1
0
0
0
-1
-1
0
0
0
-1
0
0
1
0
1
0
0
1
0
0
1
0
0
0
0
0
0
0
0
0
0
0
-1
1
0
0
0
0
0
0
0
0
0
0
-1
1
0
1
1
1
1
1
0
1
1
0
1
0
0
0
0
0
0
0
0
0
-1
1
1
-1
0
0
0
0
0
0
0
0
0
0
1
1
1
-1
-1
-1
-1
-1
0
1
1
1
0
0
0
0
0
-1
0
-1
0
-1
-1
0
0
0
1
1
0
0
0
-1
0
-2
-1
0
1
2
2
2
1
0
0
0
0
2
1
1
0
1
0
-1
-1
0
1
1
2
2
1
2
2
2
1
0
-1
0
0
0
-1
-1
0
0
0
0
0
0
0
0
0
0
0
0
0
0
0
0
0
0
0
0
0
1
1
2
0
-2
-2
-2
0
2
5
4
3
-1
-2
0
0
0
-2
-3
1
2
3
1
-8
-11
-7
5
21
26
11
-13
-33
-39
-22
3
25
35
31
19
5
-11
-24
-26
-20
-10
12
42
62
62
23
-48
-112
-132
-82
50
202
277
204
-26
-314
-486
-420
-118
291
588
608
331
-125
-536
-689
-502
-69
394
646
569
218
-228
-544
-574
-313
92
433
540
363
11
-326
-482
-380
-89
231
419
387
158
-138
-347
-368
-199
63
272
325
204
-10
-200
-264
-180
-9
147
205
140
2
-122
-164
-107
8
109
138
86
-13
-93
-113
-62
24
92
105
58
-19
-78
-87
-48
15
62
68
38
-5
-32
-31
-11
10
16
6
-9
-12
1
18
26
15
-8
-29
-33
-18
7
21
16
-5
-25
-30
-15
11
28
24
2
-26
-37
-26
2
29
38
24
-2
-27
-40
-33
-11
16
34
35
21
-4
-26
-34
-25
-5
17
31
30
14
-8
-25
-31
-19
7
31
39
29
2
-25
-40
-34
-10
18
38
38
21
-2
-17
-22
-14
-3
5
7
6
6
9
11
12
8
1
-6
-9
-3
7
17
20
16
0
-16
-27
-26
-15
2
13
16
14
8
7
6
5
-4
-21
-35
-36
-20
5
28
35
26
4
-19
-30
-29
-16
0
13
18
17
10
3
-2
-6
-7
-8
-8
-9
-9
-7
-1
6
12
15
10
-1
-12
-19
-16
-4
10
20
21
10
-5
-16
-16
-7
8
21
24
16
0
-14
-19
-14
-2
12
18
16
5
-9
-17
-15
-4
10
17
13
2
-10
-14
-10
1
13
20
19
11
-1
-11
-15
-13
-6
3
10
12
10
5
-3
-7
-9
-9
-9
-8
-5
-3
1
3
8
6
3
-4
-8
-11
-12
-10
-5
3
11
17
19
14
3
-10
-17
-15
-3
11
21
19
11
-2
-10
-13
-11
-4
3
8
11
7
0
-10
-16
-17
-9
4
17
23
18
2
-16
-27
-24
-6
15
30
31
14
-9
-28
-31
-17
6
24
29
17
-1
-18
-23
-15
2
15
20
11
-2
-14
-16
-10
0
7
10
7
1
-2
-3
-2
1
2
1
-1
-3
-4
-2
1
5
7
6
1
-4
-10
-12
-10
-2
7
14
16
11
3
-6
-12
-11
-7
1
6
11
6
-1
-9
-13
-10
-1
9
16
16
8
-4
-12
-15
-9
2
13
14
10
0
-9
-11
-8
0
7
10
8
1
-7
-10
-8
-3
4
9
8
3
-1
-4
-2
1
4
4
1
-3
-6
-6
-3
2
5
6
3
0
-4
-7
-5
-2
1
5
5
3
0
-3
-5
-4
-2
1
5
5
3
-1
-5
-6
-4
2
7
10
7
1
-7
-9
-8
-4
4
8
9
5
-1
-4
-4
-3
-1
4
6
4
3
-1
-3
-3
-1
0
3
3
3
-1
-4
-4
-3
2
5
6
5
-1
-5
-7
-5
0
4
6
5
0
-4
-5
-4
2
4
6
4
-3
-7
-7
-2
4
8
9
3
-4
-9
-9
-4
2
7
8
5
-2
-5
-6
-4
2
4
4
2
-1
-2
-3
-1
1
2
3
1
-2
-3
-5
-3
-1
2
4
5
3
2
1
-3
-3
-5
-4
-2
0
4
5
6
3
0
-4
-6
-7
-3
0
4
6
5
3
1
-3
-5
-4
-1
2
3
2
0
-1
-2
-1
0
1
2
1
2
1
-1
-3
-4
-3
0
2
4
5
3
0
-3
-5
-6
-4
-1
3
7
6
3
-1
-6
-7
-5
0
6
8
7
2
-4
-5
-4
-1
3
5
3
0
-2
-3
-1
2
3
1
0
-4
-4
-2
1
3
4
2
0
-2
-3
-2
0
2
3
3
1
-1
-4
-4
-3
0
5
7
6
1
-6
-10
-10
-5
4
10
13
8
0
-7
-10
-9
-1
6
11
9
4
-2
-6
-6
-3
0
4
6
4
1
-2
-4
-3
-1
1
5
5
6
3
-2
-4
-4
-4
-3
0
2
4
4
3
0
-2
-3
-1
-1
1
3
2
3
2
0
-1
-2
-3
-3
-1
0
2
4
4
2
0
-1
-1
-2
1
3
4
4
0
-3
-6
-7
-4
1
6
6
4
0
-4
-5
-4
-2
1
3
3
1
0
-1
-1
-1
0
0
0
-1
0
0
-1
0
0
0
0
1
3
4
3
1
-2
-2
-2
1
3
3
2
1
0
-1
-1
-1
1
2
2
2
2
1
-1
1
1
1
0
1
0
1
0
1
1
1
0
0
-2
0
0
1
1
1
1
1
1
1
-1
-2
-1
1
-1
0
0
1
1
2
1
1
1
1
1
-1
-1
0
2
1
2
0
-2
-2
-2
0
1
1
1
-1
0
0
0
1
1
1
2
3
1
-1
-2
-1
-1
2
2
2
1
0
-1
0
0
1
1
2
2
2
2
-1
-1
-2
-2
0
1
2
1
-1
-1
-1
0
1
-1
-1
-1
0
-1
1
2
0
0
-1
0
0
0
0
-1
0
0
0
0
0
0
0
0
0
0
0
0
0
0
0
0
0
0
0
0
0
0
1
0
1
0
0
0
1
0
0
-1
1
0
-1
0
0
-1
0
0
0
0
-1
0
0
0
0
1
0
0
0
1
0
0
1
-1
0
0
0
0
0
0
-1
0
1
0
0
0
1
-1
0
0
0
-1
0
0
0
-1
0
1
0
-1
0
0
-1
-1
0
0
0
0
-1
-1
-1
0
0
0
0
0
0
0
0
0
1
0
-1
0
1
0
1
0
0
0
-1
0
0
0
0
0
0
-1
1
0
0
0
0
1
0
0
0
-1
0
1
0
0
0
0
0
0
0
0
0
0
-1
1
-1
0
1
0
0
0
0
0
0
0
0
0
0
0
0
0
0
0
1
0
0
0
0
-1
1
0
0
0
0
0
0
0
0
0
0
0
0
-1
0
0
0
-1
0
0
1
1
0
0
0
0
-1
0
1
0
-1
0
0
0
0
-1
0
0
0
0
0
-1
-1
0
0
0
0
1
0
0
0
0
-1
0
0
0
0
0
0
0
0
1
0
-1
0
0
-1
0
0
0
0
0
0
0
0
0
0
0
1
0
0
0
0
-1
-1
0
-1
0
0
0
-1
0
0
0
0
1
1
-1
0
0
-1
-1
0
0
-1
0
0
-1
0
0
-1
1
-1
0
0
-1
0
0
0
0
0
0
0
1
0
0
-1
1
1
0
0
0
0
0
0
0
0
0
1
0
0
0
0
0
0
-1
0
0
-1
0
0
1
0
0
1
0
0
0
1
0
0
0
0
0
0
1
-1
0
0
0
1
0
-1
0
0
0
0
0
-1
0
0
0
0
1
0
0
1
0
0
0
1
0
0
0
0
0
1
0
0
0
0
0
0
0
1
0
0
0
0
-1
0
0
-1
-1
0
-1
0
0
0
1
1
0
0
0
-1
1
0
0
0
0
1
0
1
0
0
1
1
0
0
0
0
0
-1
0
0
0
-1
0
0
1
0
0
0
0
1
0
1
0
0
0
0
-1
0
0
0
0
0
-1
0
0
0
1
1
0
0
-1
0
0
1
0
0
-1
1
0
0
0
0
-1
0
0
0
0
0
0
0
0
0
0
0
1
0
0
0
-1
0
1
0
0
1
-1
0
-1
-1
0
0
0
0
0
0
0
0
-1
0
-1
1
0
1
1
0
0
0
0
0
0
0
0
0
0
0
0
0
0
1
0
-1
0
0
0
0
0
0
-1
0
0
-1
0
0
0
0
0
0
0
1
1
0
0
0
0
0
0
0
-1
0
0
0
0
0
0
-1
-1
0
0
0
0
0
1
0
1
-1
0
0
-1
0
0
0
1
0
0
0
0
0
0
0
1
0
1
0
0
0
-1
-1
0
0
0
0
1
0
-1
0
0
0
0
1
0
-1
0
0
0
0
0
1
0
0
0
0
0
0
0
0
0
0
1
0
0
0
0
0
0
0
0
0
0
0
0
0
-1
-1
0
0
0
0
0
0
-1
0
0
-1
0
0
0
0
0
0
0
0
0
0
0
0
0
0
0
0
0
-1
0
0
1
0
0
-1
1
0
0
0
0
0
0
0
0
0
0
-1
1
0
0
-1
0
0
0
1
0
-1
0
0
0
0
0
0
0
1
-1
0
-1
0
-1
-1
0
0
0
1
0
0
0
0
0
1
0
-1
-1
0
0
0
0
0
0
0
-1
0
-1
0
1
0
0
0
0
1
0
0
0
0
0
-1
-1
0
0
0
0
-1
0
1
0
1
0
0
0
0
-1
0
0
0
-1
0
0
0
0
0
0
0
0
-1
0
0
0
1
0
1
0
-1
0
1
0
0
-1
0
0
0
0
0
0
1
0
1
0
0
0
0
0
1
0
1
0
0
0
1
0
0
0
0
0
-1
0
0
0
0
0
0
0
0
0
-1
0
0
0
0
0
0
0
0
0
0
1
0
1
0
0
1
0
0
1
0
0
1
0
0
1
0
0
0
0
0
0
0
0
0
0
0
1
0
0
-1
0
0
-1
0
-1
0
0
1
1
0
0
0
-1
0
0
0
0
0
0
1
0
0
-1
0
0
0
0
-1
0
1
0
0
0
0
0
-1
0
0
0
0
0
0
0
1
0
0
0
0
0
-1
0
0
0
0
0
1
0
0
0
0
0
0
0
1
0
-1
0
-1
1
0
0
0
0
-1
0
-1
0
0
0
0
-1
1
0
0
0
1
0
-1
0
1
1
0
-1
0
0
0
0
0
0
0
0
-1
0
0
0
0
1
-1
0
0
-1
0
0
0
0
0
1
1
0
0
0
-1
-1
0
0
0
1
0
0
0
0
0
0
1
0
0
-1
0
0
1
0
0
0
0
0
1
0
0
-1
0
0
0
0
0
0
0
0
1
0
0
0
0
0
0
0
0
1
0
0
0
0
0
0
-1
0
0
0
0
1
0
0
1
0
0
0
1
-1
0
-1
0
0
0
1
0
0
0
0
0
0
1
0
0
0
0
0
0
0
0
0
-1
0
0
0
1
0
0
0
1
0
0
0
0
0
0
0
0
0
0
1
0
1
0
-1
0
0
-1
0
0
0
-1
0
0
0
-1
0
-1
1
-1
1
0
0
0
0
0
1
0
1
0
0
0
0
0
0
0
0
0
0
0
1
0
0
-1
0
0
0
0
0
0
0
0
0
0
-1
0
0
1
0
0
-1
0
0
0
0
0
0
0
0
-1
0
1
0
0
0
0
1
0
0
0
0
0
-1
0
0
-1
0
0
0
0
0
0
0
0
0
0
0
1
1
1
1
0
0
-1
1
0
0
0
0
0
0
0
0
0
0
0
0
1
0
0
1
0
1
0
0
1
0
0
0
0
1
0
0
-1
0
0
1
1
0
0
-1
0
-1
-1
0
0
0
1
1
0
-1
0
1
0
0
0
0
1
0
1
-1
0
1
0
0
0
-1
0
0
0
1
0
-1
0
-1
-1
0
0
1
0
0
0
1
1
0
0
1
1
-1
0
-1
0
0
0
1
0
0
0
0
-1
0
0
-1
0
0
-1
-1
1
0
0
0
0
-1
0
1
0
0
0
-1
1
0
1
0
1
-1
0
0
0
-1
0
0
0
0
0
0
0
0
0
0
0
0
0
0
0
0
0
1
0
0
0
0
1
0
0
0
0
0
0
0
0
0
0
0
0
0
0
0
0
0
0
0
0
1
0
0
0
0
-1
0
0
1
0
0
0
0
0
-1
0
0
0
0
0
0
-1
0
0
-1
0
0
0
-1
0
0
0
0
-1
0
0
0
0
0
0
0
0
0
0
0
0
0
0
0
-1
0
0
0
-1
0
-1
0
-1
0
0
0
0
1
0
0
0
0
-1
1
0
0
0
0
0
1
0
0
0
0
0
0
1
0
0
0
0
-1
0
-1
0
0
0
0
0
0
0
0
0
0
0
0
0
0
0
0
0
1
0
1
1
0
1
0
0
0
0
0
1
0
1
0
0
0
1
0
0
-1
0
0
1
0
-1
0
0
0
0
-1
-1
1
0
0
1
0
0
1
0
0
0
-1
1
0
0
0
0
0
0
-1
0
0
0
0
0
0
0
0
0
0
0
0
0
0
0
0
0
0
0
0
-1
0
-1
0
-1
0
0
0
0
0
-1
0
-1
1
0
0
0
0
0
-1
0
-1
0
-1
0
0
0
0
-1
0
-1
0
1
0
0
0
0
0
0
1
0
0
0
0
0
0
-1
0
0
0
0
0
0
0
0
1
0
1
1
0
0
0
0
0
0
0
0
0
0
1
0
1
0
0
0
0
0
0
0
1
0
0
0
1
0
1
1
0
0
0
0
-1
0
0
1
0
0
0
0
0
0
0
0
0
0
0
0
0
-1
0
0
0
0
0
0
0
0
0
-1
0
1
0
0
0
0
0
0
0
-1
1
0
0
0
1
0
1
0
0
0
0
0
0
0
-1
0
1
0
0
0
1
0
0
0
0
-1
1
1
0
0
1
0
0
0
0
0
0
0
0
-1
0
0
0
0
1
0
0
0
0
0
0
-1
-1
1
0
0
1
0
0
-1
0
-1
1
0
1
0
0
0
0
1
-1
0
0
0
0
0
0
0
0
0
0
0
0
0
0
-1
0
0
0
0
1
0
0
0
0
0
0
0
0
-1
0
0
0
-1
0
0
1
0
-1
0
0
0
0
1
1
1
0
0
-1
0
0
-1
0
0
0
0
-1
0
0
0
0
0
0
1
0
0
0
0
0
1
0
0
0
0
0
0
0
-1
1
-1
0
-1
0
0
0
0
-1
0
0
0
0
0
0
0
0
0
1
0
0
0
0
0
0
0
0
0
0
0
0
0
0
-1
0
0
0
1
0
0
0
0
-1
0
-1
0
1
0
0
1
0
0
0
0
0
0
0
0
0
0
1
-1
0
-1
0
0
-1
0
0
0
0
-1
0
0
0
0
0
1
0
0
0
0
0
0
0
-1
0
0
0
0
0
0
-1
0
0
0
0
0
0
-1
0
-1
0
0
0
0
1
0
0
0
0
0
0
0
0
0
0
0
0
1
0
0
0
0
1
0
-1
0
1
0
0
0
0
0
0
0
-1
-1
0
0
0
1
0
-1
0
0
-1
0
0
0
-1
0
0
1
0
0
0
0
0
0
1
0
0
0
0
1
0
0
0
1
1
0
0
0
0
0
0
1
0
1
0
0
0
1
0
0
0
-1
1
1
0
-1
0
0
0
0
0
0
0
0
0
0
0
1
0
1
0
0
0
0
0
-1
0
1
0
0
-1
0
-1
0
0
-1
0
0
0
0
0
0
0
0
0
0
0
0
0
0
0
0
0
0
0
0
0
0
0
0
0
0
0
0
0
0
0
0
0
-1
0
0
0
0
0
0
0
-1
0
0
0
0
0
0
0
0
0
0
0
0
0
0
0
0
0
0
0
0
0
0
1
-1
0
0
0
0
0
0
0
1
0
0
0
0
0
-1
0
0
0
0
0
0
0
0
0
0
-1
-1
-1
-1
0
-1
0
0
0
0
0
0
-1
-1
0
-1
0
0
0
-1
0
0
0
0
0
0
0
1
0
0
0
0
0
0
0
0
0
0
1
1
0
0
0
0
0
0
0
0
0
0
0
1
0
0
0
0
0
1
1
0
0
0
0
0
-1
0
0
0
0
0
0
1
0
0
1
0
0
0
1
0
0
1
0
1
1
0
0
0
0
0
0
0
0
0
0
1
0
1
1
-1
0
0
0
0
0
0
0
0
0
0
0
1
0
0
1
0
0
0
1
0
0
0
-1
0
0
0
0
0
0
0
0
0
0
1
0
0
0
-1
-1
0
0
0
0
0
0
0
0
0
0
-1
0
1
0
0
0
0
0
0
0
-1
0
1
0
0
0
0
-1
0
-1
-1
0
0
0
0
1
0
0
0
0
0
0
0
0
1
1
0
1
-1
0
0
0
0
0
0
0
0
0
0
0
0
0
0
0
0
0
0
0
0
0
0
0
0
0
0
0
0
-1
1
0
1
0
0
1
0
0
0
0
0
1
-1
0
0
0
0
0
1
0
0
-1
0
0
0
0
1
0
0
1
-1
-1
0
0
0
0
0
0
0
0
0
0
0
-1
0
0
0
1
0
0
0
0
1
0
-1
-1
0
0
0
-1
0
0
0
0
0
-1
0
0
0
0
-1
0
0
0
0
0
0
0
0
0
0
0
0
0
0
-1
0
0
0
0
0
0
0
0
0
1
0
-1
0
0
0
0
0
0
0
0
0
0
0
0
0
0
0
0
0
0
0
-1
0
0
0
0
0
0
0
0
0
0
0
0
0
1
0
0
0
0
0
0
0
1
0
0
0
1
1
0
0
0
-1
1
1
0
0
0
0
0
0
0
1
0
0
0
1
0
0
0
0
0
-1
0
0
0
0
0
0
0
0
0
0
-1
-1
-1
0
0
0
0
-1
0
0
0
0
0
0
0
0
0
1
0
1
0
0
0
0
0
0
1
-1
0
1
-1
0
0
0
0
0
0
0
-1
0
0
0
-1
0
-1
0
0
0
0
0
-1
0
0
0
0
0
0
-1
0
0
0
0
0
0
0
0
-1
-1
0
0
0
0
0
1
0
0
0
0
0
-1
0
0
0
0
0
0
0
0
0
1
0
1
0
0
1
-1
1
0
0
0
-1
-1
0
0
0
-1
0
-1
0
0
0
-1
0
0
0
0
1
0
0
0
0
0
0
1
0
1
0
0
0
0
0
0
1
0
0
0
1
1
0
0
0
0
0
0
0
0
-1
1
0
0
0
0
0
0
0
1
0
0
-1
0
0
0
-1
-1
0
0
1
0
-1
0
0
0
0
0
0
-1
-1
0
0
-1
1
0
1
0
0
0
0
0
0
1
0
0
0
-1
0
0
0
0
0
1
-1
0
0
0
0
0
0
0
0
0
1
0
0
0
0
0
0
-1
0
0
-1
0
0
-1
0
0
0
0
0
0
0
0
1
0
0
-1
1
0
0
-1
-1
0
0
0
1
-1
0
0
0
-1
1
0
0
0
1
-1
0
0
0
0
0
0
0
0
0
0
0
-1
0
0
0
0
0
0
0
0
0
0
1
-1
0
0
-1
1
0
0
0
0
0
0
0
0
0
0
0
0
0
0
-1
0
0
0
0
0
0
0
-1
0
0
0
-1
0
0
-1
-1
0
0
0
0
0
1
1
-1
0
-1
0
0
0
0
0
0
0
0
1
0
0
0
0
-1
1
0
0
1
0
0
0
0
0
1
1
0
0
0
0
0
-1
0
-1
1
0
1
0
0
1
0
0
1
0
0
0
1
-1
-1
1
0
0
0
-1
0
0
1
0
0
0
0
0
0
-1
0
0
0
-1
0
0
1
1
-1
0
0
0
0
0
0
0
0
0
-1
1
0
0
1
0
0
0
0
1
-1
0
0
0
0
-1
1
0
0
-1
0
0
0
0
0
-1
0
-1
1
0
0
1
0
0
0
0
0
0
0
0
-1
0
0
0
1
0
1
0
0
0
0
-1
0
0
1
1
0
0
0
-1
-1
0
0
0
-1
0
0
1
0
1
0
0
1
0
0
1
0
0
0
0
0
0
0
0
0
0
0
-1
1
0
0
0
0
0
0
0
0
0
0
-1
0
-1
0
0
0
0
0
-1
0
0
0
1
0
0
0
0
0
0
0
0
0
-1
1
1
-1
0
0
0
0
0
0
0
0
0
0
0
0
0
-1
0
0
0
0
0
0
0
0
-1
0
0
0
0
-1
0
-1
0
0
0
0
0
-1
0
0
-1
0
0
0
1
0
0
0
0
0
0
1
0
0
0
0
0
1
0
0
0
1
1
0
0
0
0
0
0
0
0
1
1
1
0
0
-1
0
0
0
-1
-1
0
0
0
0
0
0
0
0
0
0
0
0
0
0
0
0
0
0
0
0
0
1
1
1
0
-1
0
0
0
0
0
0
1
-1
-1
0
0
0
0
0
1
0
-1
0
0
0
0
0
0
0
0
-1
0
0
0
0
1
0
0
0
0
0
-1
1
1
0
0
0
0
1
0
0
0
0
0
0
0
0
0
0
0
0
1
0
0
0
0
0
0
1
0
0
0
0
0
0
0
0
0
0
1
0
-1
0
0
0
0
-1
0
0
0
0
0
0
-1
0
0
-1
0
0
0
-1
1
0
0
0
0
0
0
0
0
0
0
0
0
0
-1
0
-1
0
0
0
0
0
0
0
0
0
1
0
0
0
0
0
0
0
0
0
0
0
1
0
0
0
0
0
0
0
0
0
-1
0
0
1
0
0
0
0
0
0
0
1
0
0
0
0
0
0
-1
0
1
0
0
0
0
0
0
0
0
-1
0
0
0
0
0
0
0
0
1
0
-1
0
1
0
0
-1
0
0
0
0
-1
0
0
0
0
1
0
0
0
0
0
0
0
0
-1
0
0
0
0
0
0
0
0
0
1
0
0
0
0
0
1
0
0
1
0
1
-1
0
0
0
0
0
0
0
0
-1
0
-1
-1
0
0
0
0
0
0
0
0
0
0
-1
0
-1
0
0
0
0
0
0
-1
0
0
0
0
0
0
0
0
0
0
0
0
0
0
0
0
0
1
1
0
-1
0
0
0
0
0
0
0
0
0
0
0
0
0
0
0
0
1
0
0
0
0
0
1
0
0
0
0
0
0
0
-1
-1
0
0
0
0
0
-1
-1
0
0
0
-1
1
0
0
-1
0
0
0
0
0
0
0
0
0
0
0
0
0
0
0
0
1
0
0
-1
0
0
0
0
0
0
1
0
0
-1
-1
0
0
0
0
-1
0
0
0
0
0
1
0
0
1
0
1
0
0
0
0
0
0
-1
0
0
0
0
0
0
1
0
0
0
0
0
0
-1
-1
0
-1
0
0
0
0
0
0
0
0
0
0
0
0
0
0
-1
0
0
0
0
1
0
0
0
0
0
0
0
0
0
0
-1
1
-1
0
0
0
0
0
0
0
0
1
0
1
0
0
0
1
-1
0
0
0
0
0
0
0
0
0
0
-1
0
0
0
0
1
1
0
1
0
0
0
0
0
0
0
0
0
0
-1
-1
-1
-1
0
0
0
0
0
-1
0
0
0
0
0
-1
0
-1
0
1
0
0
1
0
0
-1
0
-1
0
0
0
-1
0
1
-1
0
0
0
0
-1
0
1
0
-1
1
1
0
1
-1
0
0
1
0
0
-1
1
0
0
1
0
0
0
0
1
0
0
0
0
1
0
-1
0
-1
0
1
0
1
-1
0
1
0
0
0
0
0
-1
0
0
0
0
0
0
0
0
0
0
-1
0
1
0
1
0
-1
0
0
1
0
0
0
0
0
0
-1
0
-1
0
0
0
0
0
0
0
1
0
1
0
0
0
0
0
-1
0
0
0
0
0
-1
0
0
0
0
0
0
1
0
0
0
0
1
0
0
0
0
0
0
0
0
0
-1
0
1
0
0
0
0
0
0
0
0
0
0
0
0
0
0
0
-1
1
0
0
0
-1
0
0
0
1
0
0
0
-1
0
0
0
0
1
1
0
1
0
0
-1
0
-1
0
0
0
0
0
0
0
0
0
0
0
0
0
1
0
0
0
0
0
0
0
0
0
0
0
0
0
0
0
0
0
0
1
0
0
0
1
0
0
0
0
0
0
0
0
1
1
0
0
1
0
0
0
0
0
1
0
0
-1
1
0
-1
-1
0
0
0
0
0
1
0
1
0
0
0
1
0
-1
0
-1
0
0
-1
0
0
0
-1
0
0
0
0
0
0
0
0
1
-1
0
0
0
0
-1
0
0
0
0
0
1
0
0
0
0
0
0
0
0
1
1
0
0
0
0
0
0
0
0
0
1
0
-1
0
0
0
0
0
0
0
0
0
0
1
0
1
1
1
0
0
0
0
0
0
0
0
0
0
0
0
-1
0
0
0
-1
0
-1
0
0
0
0
0
0
0
-1
1
0
1
0
0
0
0
1
1
0
-1
0
1
-1
0
0
0
0
0
0
0
0
0
0
0
0
0
1
-1
0
0
0
0
0
0
0
-1
0
-1
0
0
0
0
0
-1
0
1
0
0
0
1
0
0
0
0
0
0
0
0
0
0
0
0
0
0
1
0
1
0
-1
-1
-1
0
0
0
0
0
0
0
-1
0
0
1
-1
0
1
0
0
0
0
0
0
0
-1
0
0
0
0
0
0
0
0
0
0
0
0
0
0
0
0
0
0
0
0
0
0
1
0
1
0
0
0
1
0
0
-1
1
0
-1
0
0
-1
0
0
0
0
-1
0
0
0
0
1
0
0
0
1
0
0
1
-1
0
0
0
0
0
0
-1
0
1
0
0
0
1
-1
0
0
0
-1
0
0
0
-1
0
1
0
-1
0
0
-1
-1
0
0
0
0
-1
-1
-1
0
0
0
0
0
0
0
0
0
1
0
-1
0
1
0
1
0
0
0
-1
0
0
0
0
0
0
-1
1
0
0
0
0
1
0
0
0
-1
0
1
0
0
0
0
0
0
0
0
0
0
-1
1
-1
0
1
0
0
0
0
0
0
0
0
0
0
0
0
0
0
0
1
0
0
0
0
-1
1
0
0
0
0
0
0
0
0
0
0
0
0
-1
0
0
0
-1
0
0
1
1
0
0
0
0
-1
0
1
0
-1
0
0
0
0
-1
0
0
0
0
0
-1
-1
0
0
0
0
1
0
0
0
0
-1
0
0
0
0
0
0
0
0
1
0
-1
0
0
-1
0
0
0
0
0
0
0
0
0
0
0
1
0
0
0
0
-1
-1
0
-1
0
0
0
-1
0
0
0
0
1
1
-1
0
0
-1
-1
0
0
-1
0
0
-1
0
0
-1
1
-1
0
0
-1
0
0
0
0
0
0
0
1
0
0
-1
1
1
0
0
0
0
0
0
0
0
0
1
0
0
0
0
0
0
-1
0
0
-1
0
0
1
0
0
1
0
0
0
1
0
0
0
0
0
0
1
-1
0
0
0
1
0
-1
0
0
0
0
0
-1
0
0
0
0
1
0
0
1
0
0
0
1
0
0
0
0
0
1
0
0
0
0
0
0
0
1
0
0
0
0
-1
0
0
-1
-1
0
-1
0
0
0
1
1
0
0
0
-1
1
0
0
0
0
1
0
1
0
0
1
1
0
0
0
0
0
-1
0
0
0
-1
0
0
1
0
0
0
0
1
0
1
0
0
0
0
-1
0
0
0
0
0
-1
0
0
0
1
1
0
0
-1
0
0
1
0
0
-1
1
0
0
0
0
-1
0
0
0
0
0
0
0
0
0
0
0
1
0
0
0
-1
0
1
0
0
1
-1
0
-1
-1
0
0
0
0
0
0
0
0
-1
0
-1
1
0
1
1
0
0
0
0
0
0
0
0
0
0
0
0
0
0
1
0
-1
0
0
0
0
0
0
-1
0
0
-1
0
0
0
0
0
0
0
1
1
0
0
0
0
0
0
0
-1
0
0
0
0
0
0
-1
-1
0
0
0
0
0
1
0
1
-1
0
0
-1
0
0
0
1
0
0
0
0
0
0
0
1
0
1
0
0
0
-1
-1
0
0
0
0
1
0
-1
0
0
0
0
1
0
-1
0
0
0
0
0
1
0
0
0
0
0
0
0
0
0
0
1
0
0
0
0
0
0
0
0
0
0
0
0
0
-1
-1
0
0
0
0
0
0
-1
0
0
-1
0
0
0
0
0
0
0
0
0
0
0
0
0
0
0
0
0
-1
0
0
1
0
0
-1
1
0
0
0
0
0
0
0
0
0
0
-1
1
0
0
-1
0
0
0
1
0
-1
0
0
0
0
0
0
0
1
-1
0
-1
0
-1
-1
0
0
0
1
0
0
0
0
0
1
0
-1
-1
0
0
0
0
0
0
0
-1
0
-1
0
1
0
0
0
0
1
0
0
0
0
0
-1
-1
0
0
0
0
-1
0
1
0
1
0
0
0
0
-1
0
0
0
-1
0
0
0
0
0
0
0
0
-1
0
0
0
1
0
1
0
-1
0
1
0
0
-1
0
0
0
0
0
0
1
0
1
0
0
0
0
0
1
0
1
0
0
0
1
0
0
0
0
0
-1
0
0
0
0
0
0
0
0
0
-1
0
0
0
0
0
0
0
0
0
0
1
0
1
0
0
1
0
0
1
0
0
1
0
0
1
0
0
0
0
0
0
0
0
0
0
0
1
0
0
-1
0
0
-1
0
-1
0
0
1
1
0
0
0
-1
0
0
0
0
0
0
1
0
0
-1
0
0
0
0
-1
0
1
0
0
0
0
0
-1
0
0
0
0
0
0
0
1
0
0
0
0
0
-1
0
0
0
0
0
1
0
0
0
0
0
0
0
1
0
-1
0
-1
1
0
0
0
0
-1
0
-1
0
0
0
0
-1
1
0
0
0
1
0
-1
0
1
1
0
-1
0
0
0
0
0
0
0
0
-1
0
0
0
0
1
-1
0
0
-1
0
0
0
0
0
1
1
0
0
0
-1
-1
0
0
0
1
0
0
0
0
0
0
1
0
0
-1
0
0
1
0
0
0
0
0
1
0
0
-1
0
0
0
0
0
0
0
0
1
0
0
0
0
0
0
0
0
1
0
0
0
0
0
0
-1
0
0
0
0
1
1
1
2
0
-1
-2
0
-2
0
0
1
-1
-2
1
2
2
1
2
1
-1
-2
-3
0
-5
-8
-2
7
6
6
4
-4
-4
-8
-6
-2
8
16
7
3
-4
-11
-14
63
131
88
77
81
13
-54
-33
-16
-57
-55
-22
-48
-100
-72
-8
-20
-10
41
34
-1
-11
-10
-22
-24
-4
5
20
8
11
20
2
3
20
15
12
21
24
17
3
3
4
-4
0
4
3
-7
-4
-5
-17
-3
6
-3
-3
-1
-5
-2
-6
-15
4
21
13
15
22
18
27
37
26
18
-11
-21
-14
-30
-23
-23
-36
-29
-29
-32
-26
3
6
1
21
1
-10
-6
-13
-9
-2
6
7
4
-3
-4
1
4
14
23
27
21
16
19
12
0
6
14
3
1
27
44
46
45
31
-10
-34
-15
-6
-22
-20
-12
-32
-62
-58
-42
-45
-15
22
4
-8
-9
-33
-24
-4
-2
27
40
16
12
8
-8
3
12
35
48
22
11
10
-29
-21
77
114
118
120
63
-13
-43
-32
-38
-28
-30
-25
-78
-197
-168
-163
-164
-29
27
-4
-12
-20
-63
-85
-27
37
84
114
125
100
14
-6
37
43
88
157
147
92
24
-55
-79
-81
-89
-30
-4
-76
-101
-115
-187
-196
-115
-54
-34
-5
22
-17
-69
-76
-72
-3
107
133
107
56
-24
-44
-9
31
59
67
89
74
-9
-39
0
15
55
116
116
48
-21
-51
-108
-115
-52
-60
-96
-129
-152
-219
-221
-103
-115
-105
-1
36
93
74
41
73
15
16
126
143
90
96
70
-16
8
63
76
89
98
134
122
79
48
-8
-51
-65
8
67
91
130
-5
-166
-205
-210
-114
3
96
92
-23
-60
-91
-114
-77
-10
95
168
194
146
-24
-122
-72
-39
48
198
148
8
8
-5
-66
-36
18
3
35
113
119
32
-93
-167
-216
-120
45
136
173
46
-74
-123
-118
-82
38
166
47
1
18
-70
-106
-70
-20
14
132
229
186
67
-4
54
169
305
324
191
97
80
56
129
279
300
213
92
-78
-194
-223
-178
0
147
107
31
-112
-309
-303
-170
-3
200
189
57
20
-161
-391
-321
-148
-84
38
150
1
-285
-396
-359
-247
-86
37
89
-16
-218
-333
-266
-173
-80
-5
-101
-199
-309
-282
-123
-118
-191
-287
-287
-241
-223
-159
-126
-176
-291
-244
-210
-426
-480
-329
-252
-76
35
-75
-149
-341
-448
-171
27
175
430
412
224
75
-46
8
215
434
610
693
616
436
265
158
180
298
518
713
735
663
386
137
111
179
438
687
757
715
570
385
187
57
125
401
776
1041
940
545
203
90
223
578
985
1154
1055
874
650
404
322
462
672
830
895
805
521
22
-515
-804
-898
-906
-735
-567
-833
-1474
-1959
-2196
-2401
-2308
-1960
-1960
-2263
-2574
-2875
-3087
-3283
-3297
-2972
-2818
-2859
-2733
-2700
-2871
-2990
-2897
-2443
-1726
-970
-308
131
350
522
921
1697
2583
3294
3856
4214
4194
3979
3926
3937
3760
3626
3706
3612
3118
2490
1849
1145
635
561
592
377
70
-211
-642
-1057
-1004
-621
-438
-377
-63
278
318
386
782
1176
1404
1809
2364
2587
2499
2534
2710
2772
2780
2818
2656
2259
1932
1737
1411
893
276
-467
-1158
-1339
-1037
-917
-1356
-2043
-2657
-3089
-3104
-2717
-2496
-2778
-3178
-3436
-3890
-4673
-5240
-5278
-5268
-5597
-5981
-6524
-7999
-9977
-10587
-9065
-6410
-3510
-1014
-113
-1057
-1962
-1113
1220
4160
7026
8892
9223
8430
7485
6937
6510
6451
7464
8650
8566
7231
4921
1816
-814
-1805
-1422
-689
-593
-1533
-3413
-5831
-7631
-7953
-7345
-6333
-4767
-3183
-2526
-2686
-2842
-2670
-1983
-342
2042
4134
5219
5373
5084
4878
5131
5974
7026
7597
7448
6868
5966
4678
3404
2655
2336
2130
1877
1218
-170
-1978
-3463
-4150
-4061
-3473
-2938
-2890
-3152
-3422
-3454
-3012
-2196
-1159
64
1259
2091
2018
1054
313
526
1564
3185
4496
4411
3019
1132
-485
-1086
-666
-215
-210
-621
-2009
-4044
-5398
-6227
-7037
-7185
-6902
-7314
-8581
-9962
-10438
-9460
-7661
-5950
-4371
-2806
-1721
-1216
-608
477
1970
3909
5908
7136
7500
7686
7853
7545
7055
7278
8078
8331
7597
6354
4896
3222
1695
738
242
-152
-678
-1563
-2867
-4163
-4941
-5193
-5124
-4677
-3823
-2898
-2358
-2246
-2216
-1933
-1294
-334
775
1743
2400
2727
2711
2526
2535
2754
2893
2870
2770
2477
1854
1055
310
-243
-468
-414
-323
-353
-556
-853
-1068
-1124
-1036
-915
-764
-447
-224
-196
24
199
74
319
1011
1471
1651
1626
1339
1177
1211
1107
918
751
611
532
349
40
-242
-549
-831
-943
-961
-1013
-1189
-1453
-1677
-1792
-1786
-1697
-1585
-1471
-1367
-1309
-1337
-1422
-1421
-1236
-958
-774
-750
-784
-778
-764
-797
-836
-787
-625
-448
-362
-394
-492
-573
-561
-443
-290
-200
-240
-377
-477
-447
-328
-210
-126
-50
73
216
288
327
453
604
674
746
892
1021
1117
1238
1335
1379
1425
1446
1410
1401
1415
1333
1178
1064
963
810
683
647
616
517
415
362
304
237
247
293
240
112
59
98
105
90
157
254
308
381
445
411
299
225
275
370
393
434
488
399
294
336
366
331
360
376
292
198
178
177
53
-136
-219
-164
-51
-35
-129
-156
-165
-302
-451
-471
-383
-338
-431
-514
-515
-592
-792
-1001
-1134
-1221
-1328
-1451
-1569
-1735
-1940
-2104
-2186
-2181
-2082
-1873
-1638
-1561
-1621
-1595
-1419
-1178
-962
-804
-626
-425
-261
-69
108
178
261
410
536
628
655
637
677
766
890
1090
1243
1230
1146
1116
1201
1367
1468
1487
1473
1384
1264
1188
1126
1119
1154
1111
1067
1062
955
747
543
385
307
296
332
352
213
-71
-329
-443
-420
-334
-221
-119
-109
-183
-252
-300
-353
-350
-222
-63
19
80
146
97
-43
-49
140
334
432
485
489
429
368
332
314
352
437
484
449
355
227
85
-36
-130
-182
-175
-155
-213
-356
-500
-558
-500
-379
-298
-309
-352
-402
-509
-590
-544
-472
-484
-497
-467
-563
-824
-1009
-1028
-995
-979
-996
-1019
-1083
-1251
-1352
-1304
-1247
-1155
-991
-864
-830
-855
-808
-654
-478
-226
129
375
390
348
411
479
533
686
831
858
836
789
728
651
573
625
760
786
732
688
650
602
510
464
581
699
694
672
617
489
420
450
517
606
655
597
473
378
359
374
392
379
312
256
223
165
163
227
170
30
17
90
81
-12
-111
-165
-155
-98
-93
-148
-121
-104
-227
-287
-232
-251
-293
-276
-272
-264
-201
-100
8
90
149
173
77
-17
89
199
167
152
213
266
254
214
102
-6
33
79
65
-61
-302
-409
-365
-338
-456
-742
-950
-970
-940
-969
-1085
-1283
-1403
-1335
-1269
-1300
-1322
-1264
-1093
-849
-653
-566
-527
-435
-260
-38
160
275
316
341
383
457
545
597
581
506
412
338
303
293
275
234
161
70
-3
-17
45
145
218
222
178
166
240
394
578
743
880
1003
1118
1211
1251
1260
1290
1346
1416
1443
1356
1143
881
708
613
510
390
180
-65
-210
-345
-448
-452
-549
-659
-689
-786
-688
-378
-500
-899
-893
-621
-324
14
46
-281
-445
-189
241
428
298
124
130
472
882
765
170
-288
-238
160
443
275
-314
-725
-555
-350
-418
-614
-789
-748
-825
-827
3
599
5
-737
-1083
-764
49
250
-280
-936
-1036
-692
-573
-482
-272
47
412
372
-250
-980
-871
-105
280
116
-328
-665
-699
-680
-781
-832
-579
-231
-147
-402
-816
-1048
-812
-226
302
520
472
423
461
399
282
407
875
1332
1484
1396
1115
869
830
786
891
1280
1324
951
498
-182
-468
-50
169
-144
-369
-219
-216
-345
-562
-968
-778
3
440
268
1
186
542
656
664
589
911
1801
2019
1321
664
487
964
1675
1798
1212
556
501
652
286
-95
-17
409
594
-105
-650
-303
-27
-295
-735
-815
-217
509
344
-503
-824
-263
428
241
-451
-388
298
383
-671
-1446
-884
-105
-118
-934
-1778
-2002
-1609
-1324
-2141
-3363
-3565
-2986
-3101
-3738
-3602
-3134
-2925
-2817
-3109
-3129
-1858
-470
-166
-371
-238
655
1718
2080
2026
2279
3044
3802
3825
3415
3373
3625
3626
3248
2797
2483
2220
1825
1157
387
-66
-152
-304
-808
-1446
-1888
-2147
-2369
-2520
-2481
-2137
-1505
-965
-1050
-1663
-1941
-1247
80
1233
1762
1661
1177
792
964
1676
2551
3164
3163
2542
1850
1676
1961
2188
2032
1638
1419
1442
1277
698
-6
-433
-351
84
323
3
-543
-816
-772
-383
304
690
425
-26
-12
500
856
893
904
652
217
112
289
679
933
391
-428
-830
-1070
-956
-663
-1051
-1428
-1395
-2174
-3413
-3953
-4065
-4112
-4328
-5085
-6504
-8015
-8375
-7529
-6043
-3825
-2081
-2181
-3582
-4874
-4057
-666
2830
4507
4364
3286
2648
3200
4700
6288
7150
7308
6909
5900
4896
4551
4574
4354
3974
3734
3228
1933
125
-1459
-2169
-1829
-1086
-1065
-2231
-3851
-4868
-4930
-4282
-3352
-2721
-2836
-3500
-3979
-3669
-2448
-844
166
94
-349
-79
1003
2061
2500
2568
2823
3367
3839
4005
3995
3965
3992
4061
3973
3546
2922
2353
1963
1819
1890
1770
1011
-200
-1171
-1457
-1175
-755
-619
-982
-1632
-2052
-1875
-1207
-472
34
328
547
717
902
1157
1213
926
872
1515
2215
2062
1194
410
57
-26
0
-52
-434
-1238
-2344
-3513
-4328
-4418
-4154
-4579
-6138
-8127
-10018
-12060
-13410
-11451
-5440
290
32
-6187
-11827
-10802
-3446
4837
8968
7685
3508
273
328
3748
9097
13507
13695
9528
5177
4453
6663
8566
8534
7412
6441
5359
3097
77
-1658
-1109
342
683
-759
-3344
-6023
-7774
-7741
-5842
-3401
-2528
-4216
-7268
-9175
-8199
-4846
-1409
51
-743
-2502
-3578
-2857
-228
3147
5334
5266
3834
2872
3245
4424
5671
6766
7456
7137
5600
3643
2523
2836
4057
4966
4458
2337
-401
-2180
-2048
-481
973
929
-752
-2911
-4062
-3509
-1775
-138
296
-497
-1478
-1647
-926
113
1020
1619
1719
1280
783
762
1148
1382
1226
945
565
30
-383
-748
-1308
-2035
-2756
-3324
-3935
-4680
-5744
-7357
-8752
-10489
-13612
-14772
-9981
-1467
2698
-3176
-12558
-14268
-7462
1863
8529
9046
4349
-1008
-2816
724
7625
13749
15139
10282
3431
1462
5584
10184
10532
7895
5497
4064
2942
1712
634
507
1025
589
-1118
-2727
-4016
-5830
-6994
-5419
-2316
-1391
-3937
-7521
-9168
-7816
-4267
-755
59
-2311
-5220
-5663
-3146
626
3352
3469
1612
296
1102
3239
5166
6142
6181
5755
5406
5165
4779
4364
4304
4729
5207
4860
3175
843
-559
-1
1860
3039
1952
-971
-3527
-3745
-1760
369
652
-1002
-2923
-3342
-2054
-259
834
849
127
-584
-652
-109
677
1224
1353
1338
1203
499
-750
-1019
265
1301
650
-1133
-3339
-4912
-4687
-3727
-3561
-5235
-7880
-11479
-15500
-14419
-6575
2375
3056
-6519
-15006
-13515
-4556
4752
9217
6926
852
-3896
-3890
1968
9999
14720
12756
5162
-863
955
7804
11987
10527
6462
3402
2339
2562
2904
3003
3094
2280
35
-1999
-2430
-2485
-3589
-4522
-3486
-1693
-2128
-5034
-7424
-7288
-5266
-2633
-966
-2032
-5077
-6875
-5706
-2349
1526
3446
1673
-1745
-2801
-365
3408
6061
6411
4847
2997
2386
3407
5304
6694
6667
5597
4387
3442
2782
2498
2683
3160
3374
2633
793
-1183
-1874
-895
547
877
-408
-2346
-3442
-3015
-1583
-89
512
-442
-2272
-3117
-2043
-12
1357
1127
-238
-1079
-513
482
861
829
597
-118
-953
-1089
-694
-863
-1961
-3028
-3283
-3417
-4395
-5919
-7639
-10263
-12730
-10864
-3512
2330
-1000
-10444
-15080
-9804
4
6667
7115
2618
-2975
-4879
-941
6372
12280
12949
7839
1301
-89
5281
11583
12564
8466
4023
2366
3073
4350
5066
4864
3418
778
-1551
-1735
-547
-716
-2566
-3506
-2648
-2313
-3940
-5862
-6120
-4859
-3289
-2392
-2981
-4952
-6398
-5446
-2730
-364
463
-476
-2663
-3893
-1862
2336
4942
4145
1774
635
1844
4389
6265
6193
4717
3522
3635
4617
5395
5280
4195
2741
2038
2527
3131
2574
1073
-112
-224
400
727
-67
-1626
-2606
-2224
-1146
-587
-1064
-2106
-2743
-2275
-906
329
480
-559
-1944
-2287
-777
1519
2291
648
-1596
-2146
-910
472
874
219
-1309
-3078
-3784
-2965
-2103
-2893
-5369
-8740
-11814
-11561
-5547
1969
2116
-6691
-14675
-12732
-3152
5305
7497
3816
-2454
-6335
-3870
3825
11135
12858
7994
697
-2269
2212
9830
13403
10341
4152
52
458
3754
6552
6831
4653
997
-2325
-2863
-345
1819
707
-2014
-3167
-3010
-3566
-4282
-3445
-2031
-2219
-3756
-4722
-4595
-4164
-3425
-2317
-1680
-1755
-2381
-3415
-3557
-1590
1007
997
-1103
-754
2725
5563
5078
1833
311
2949
6620
8525
7110
3463
1931
2580
3716
5614
6242
4443
1556
-472
754
3176
3225
1747
-429
-2620
-2598
-623
919
537
-1354
-3149
-3828
-2892
-880
289
-295
-1644
-2432
-2209
-1244
129
888
96
-1196
-1382
-717
-484
-751
-753
-944
-1823
-2377
-2263
-2594
-3850
-4839
-5377
-7714
-10690
-9082
-2613
2162
-1089
-9921
-13314
-6992
1513
5649
4436
-180
-4199
-4325
551
7858
11839
9371
2676
-2364
-391
7345
13426
12044
4931
-999
-1317
2741
7004
8141
5552
686
-3331
-3367
193
3745
3544
-483
-3835
-3928
-2695
-1575
-698
-689
-1967
-3878
-4551
-3302
-2003
-1831
-2130
-2561
-2902
-2641
-2207
-2218
-1903
-709
-353
-2017
-3025
-610
3354
5023
2975
-320
-888
1773
5267
7276
5967
2828
1219
1480
2950
5165
6286
4772
1364
-360
1459
3574
3635
2332
250
-1106
-541
644
1048
479
-722
-1953
-2357
-1399
-98
-80
-1281
-2208
-1966
-1125
-465
-170
-553
-1519
-1933
-1382
-786
-551
-383
-706
-1889
-2853
-2496
-1339
-825
-1768
-3552
-4957
-6154
-8015
-8768
-5287
535
1637
-4789
-11934
-11383
-3507
4020
5640
1930
-3285
-5815
-3123
3278
8694
9394
5111
-780
-2714
2071
9315
11858
7712
1373
-1571
754
5644
8551
7092
2598
-1550
-2370
581
4411
5114
1616
-2877
-4349
-2254
668
1884
771
-2017
-4715
-5123
-3008
-671
-206
-1624
-3628
-4748
-4166
-2510
-1181
-699
-875
-1786
-2975
-2826
-734
1481
2052
1430
803
534
848
2071
3668
4427
3830
2568
1842
2358
3676
4561
4173
2857
1725
1626
2485
3384
3234
1780
69
-511
343
1672
2187
1151
-972
-2547
-2207
-373
1214
1148
-616
-2775
-3512
-2210
-229
674
131
-1214
-2665
-3316
-2331
-382
535
-478
-2257
-3315
-3225
-2234
-1046
-890
-2416
-4758
-6703
-7803
-7336
-4278
-327
-155
-5304
-10285
-8797
-1995
3360
3340
-149
-3324
-3819
-924
4065
7663
6815
2386
-1192
-166
4917
9642
9725
5134
213
-658
2788
6918
7892
4981
813
-1360
-354
2562
4816
4096
492
-2911
-3130
-653
1589
1585
-469
-3033
-4305
-3403
-1353
-263
-1142
-3039
-4169
-3595
-2015
-1031
-1409
-2356
-2773
-2385
-1540
-636
24
256
98
-77
220
1040
1889
2361
2462
2340
2192
2202
2421
2914
3571
3772
3156
2347
2063
2308
2816
3213
2855
1677
619
483
1077
1627
1453
442
-737
-1195
-657
364
894
97
-1673
-2743
-1918
-210
349
-677
-1990
-2598
-2555
-2030
-1145
-565
-1029
-2257
-3126
-2907
-1895
-1070
-1402
-2935
-4595
-5535
-6096
-6383
-5144
-2156
-497
-3079
-7547
-8400
-4221
804
2577
979
-1667
-3004
-1628
1998
5425
6091
3625
494
75
3290
7280
8218
5355
1641
494
2499
5430
6639
5108
2005
-187
188
2449
4310
3861
1067
-1869
-2277
-83
2004
1822
-276
-2590
-3669
-3008
-1352
-193
-600
-2426
-4249
-4402
-2731
-963
-730
-1876
-2982
-3032
-2175
-1166
-460
-66
71
-5
-42
277
999
1823
2388
2570
2483
2315
2269
2544
3135
3682
3725
3204
2590
2380
2567
2737
2583
2119
1497
996
954
1293
1334
620
-325
-561
-19
456
245
-519
-1405
-1950
-1669
-678
-168
-1063
-2531
-3052
-2290
-1230
-834
-1204
-2015
-2752
-2847
-2200
-1321
-1320
-2671
-4095
-4684
-5072
-5714
-5741
-3821
-1417
-2135
-5683
-7848
-5960
-1391
1769
1370
-1000
-3015
-2815
193
4069
5953
4580
1598
79
1607
5310
8056
7154
3666
973
1408
4278
6503
6222
3963
1263
61
1181
3321
4317
2839
-124
-1928
-1231
626
1421
455
-1355
-2858
-3186
-2127
-722
-517
-1869
-3471
-3864
-2904
-1612
-1046
-1487
-2329
-2692
-2239
-1361
-636
-316
-321
-365
-130
393
814
899
1051
1683
2390
2485
2065
1833
2129
2709
3199
3321
2994
2427
1982
1898
2130
2367
2279
1837
1363
1198
1224
1004
515
270
432
481
78
-472
-869
-1139
-1261
-1097
-829
-971
-1658
-2357
-2418
-1776
-1212
-1389
-1896
-2065
-1969
-2048
-2134
-1948
-2148
-3042
-3850
-4317
-4739
-5192
-5047
-3494
-1983
-2866
-5318
-6399
-4424
-886
896
100
-1477
-2097
-792
1765
3813
4206
2739
1005
1325
3764
6154
6365
4288
1980
1626
3499
5582
5778
3997
1684
644
1529
3156
3922
2907
678
-874
-735
525
1518
1020
-584
-2087
-2663
-1977
-876
-602
-1495
-2936
-3527
-2775
-1690
-1192
-1633
-2481
-2759
-2266
-1250
-457
-605
-1033
-888
-224
445
691
830
1158
1490
1922
2272
2179
1935
1972
2432
2958
2958
2516
2155
2185
2395
2406
2342
2200
1676
1122
1016
1259
1416
1076
460
172
249
276
2
-473
-865
-1049
-1059
-1005
-1088
-1452
-1952
-2199
-1924
-1417
-1398
-2045
-2705
-2707
-2150
-1647
-1725
-2408
-3326
-4049
-4465
-4774
-4597
-3791
-3043
-3025
-3982
-4939
-4809
-3232
-868
309
-430
-1644
-1599
182
2389
3578
3325
2010
1232
2236
4251
5711
5456
3748
2119
1852
3360
5203
5214
3397
1428
789
1714
2997
3429
2365
289
-1045
-808
442
1557
1192
-592
-2346
-2798
-1789
-558
-298
-1210
-2810
-3611
-2831
-1466
-763
-1313
-2244
-2526
-2109
-1223
-427
-37
-116
-501
-554
86
1038
1501
1292
1097
1411
1842
1991
2029
2138
2262
2341
2351
2226
2071
2095
2204
2188
2023
1754
1434
1223
1210
1290
1253
964
474
76
63
284
302
-134
-795
-1222
-1149
-843
-800
-1223
-1893
-2226
-2065
-1658
-1429
-1767
-2319
-2658
-2571
-2247
-2193
-2533
-3304
-4118
-4746
-5077
-4557
-3640
-3056
-3075
-3734
-4216
-3960
-2657
-717
184
-306
-907
-574
764
2212
3051
3052
2271
1891
2802
4128
4813
4371
3222
2448
2499
3548
4612
4320
3025
1559
992
1774
2870
3222
2160
407
-606
-543
378
1352
1295
-87
-1817
-2533
-1972
-845
-229
-723
-1961
-2960
-2927
-2057
-1145
-893
-1382
-2064
-2244
-1693
-803
-182
-103
-366
-448
4
594
975
1066
1063
1294
1481
1624
1761
1818
1957
2013
2133
2262
2083
1856
1688
1769
2010
1988
1732
1278
895
880
1175
1357
947
213
-189
-129
17
8
-248
-796
-1380
-1550
-1229
-934
-1104
-1684
-2264
-2433
-2058
-1545
-1488
-2077
-2858
-3197
-3012
-2529
-2390
-3222
-4688
-5497
-4683
-3154
-2279
-2568
-3569
-4205
-3943
-2445
-285
712
19
-1042
-923
634
2365
3224
2999
2213
1987
2607
3609
4413
4195
3305
2715
2821
3608
3947
3365
2542
1879
1854
2147
2132
1785
1061
324
68
246
623
761
167
-859
-1475
-1279
-729
-521
-771
-1371
-2080
-2255
-1672
-1061
-1088
-1488
-1702
-1622
-1394
-1133
-883
-598
-302
-163
-162
-60
188
422
701
1174
1567
1477
1065
910
1263
1855
2252
2195
1793
1455
1464
1717
1951
2022
1881
1504
1035
857
1140
1434
1217
668
298
202
205
205
70
-296
-788
-1110
-1104
-922
-896
-1200
-1714
-2109
-2198
-2074
-1803
-1781
-2145
-2623
-3060
-3126
-3050
-3172
-3661
-4398
-4469
-3842
-3367
-3263
-3180
-2839
-2634
-2648
-1954
-681
59
167
261
793
1491
1958
2325
2505
2619
2972
3223
3308
3405
3321
3143
2990
3034
3218
3016
2582
2136
1873
1963
1982
1692
1081
491
300
311
320
307
122
-429
-1020
-1121
-786
-490
-508
-928
-1647
-2012
-1571
-869
-751
-1259
-1791
-1898
-1550
-1036
-719
-689
-740
-671
-454
-110
243
380
292
367
843
1363
1456
1204
1095
1379
1859
2163
2062
1672
1407
1546
1886
2018
1837
1512
1187
983
1082
1378
1410
945
353
152
341
448
170
-326
-707
-820
-788
-812
-1010
-1344
-1617
-1736
-1745
-1755
-1934
-2202
-2376
-2457
-2517
-2748
-3156
-3611
-4198
-4402
-3697
-2944
-3169
-4047
-4203
-3019
-1863
-1728
-1768
-1359
-806
-409
93
1035
1800
1846
1720
1905
2473
3207
3531
3355
3117
3090
3193
3161
3003
2929
2888
2693
2298
1909
1799
1766
1418
905
699
696
417
-6
-58
86
-153
-691
-977
-908
-808
-799
-860
-1089
-1427
-1513
-1205
-824
-740
-1014
-1411
-1506
-1077
-480
-254
-398
-509
-402
-161
186
545
696
617
586
751
986
1162
1304
1419
1484
1552
1654
1691
1646
1656
1769
1855
1812
1652
1401
1144
1045
1161
1281
1181
829
445
277
245
79
-262
-501
-522
-577
-896
-1287
-1523
-1599
-1552
-1649
-1861
-2106
-2330
-2450
-2773
-2989
-2967
-3220
-3909
-4665
-4538
-3642
-3277
-3631
-3901
-3549
-2911
-2601
-2163
-1251
-561
-305
-56
576
1431
1857
2021
2232
2464
2950
3403
3602
3520
3202
3031
3024
3173
3287
3012
2501
2109
1994
2022
1961
1610
1016
574
504
501
320
101
-171
-553
-783
-644
-451
-649
-1049
-1222
-1164
-1029
-911
-913
-1078
-1366
-1512
-1262
-845
-588
-573
-776
-938
-691
-137
246
302
261
256
309
574
991
1174
1022
918
1115
1407
1534
1476
1343
1273
1375
1564
1637
1520
1291
1057
971
1108
1309
1335
1160
915
673
458
307
217
146
37
-208
-640
-1066
-1240
-1207
-1182
-1280
-1573
-2094
-2554
-2547
-2248
-2282
-2779
-3328
-3835
-4413
-4572
-3790
-2844
-3083
-4222
-4466
-3206
-1921
-1770
-1979
-1492
-641
-124
277
959
1567
1708
1746
2175
2815
3183
3220
3213
3289
3346
3335
3298
3198
2980
2759
2662
2527
2158
1747
1573
1472
1138
709
480
334
38
-263
-393
-507
-752
-994
-1117
-1156
-1144
-1115
-1155
-1205
-1133
-1048
-1139
-1271
-1172
-891
-651
-490
-379
-396
-484
-356
35
352
406
351
356
491
768
983
935
837
984
1238
1347
1296
1159
1021
1050
1249
1461
1537
1332
893
610
742
1068
1279
1211
819
372
272
432
410
153
-29
-113
-367
-797
-1058
-990
-874
-983
-1290
-1702
-2125
-2306
-2182
-2178
-2588
-3155
-3660
-4122
-4250
-3737
-3233
-3635
-4377
-4043
-2726
-2006
-2413
-2702
-1944
-726
108
508
715
800
960
1538
2478
3230
3328
2899
2534
2723
3311
3688
3546
3126
2722
2442
2374
2455
2413
2108
1663
1207
843
645
491
263
74
-77
-418
-871
-1053
-953
-931
-1069
-1169
-1234
-1367
-1410
-1214
-982
-972
-1072
-1062
-930
-731
-481
-256
-129
-78
-38
47
276
635
893
898
819
846
944
1058
1222
1358
1307
1130
1074
1210
1354
1319
1113
928
916
1015
1037
911
697
492
432
591
797
775
489
114
-223
-337
-82
247
71
-672
-1328
-1381
-1028
-777
-978
-1589
-2182
-2384
-2275
-2229
-2432
-2859
-3553
-4142
-3889
-3048
-2805
-3592
-4320
-3737
-2378
-1728
-1955
-2122
-1611
-690
42
531
927
1162
1381
1788
2396
2938
3050
2930
2940
3074
3271
3338
3165
2934
2758
2656
2486
2204
2082
1942
1477
983
753
683
455
54
-150
-228
-518
-928
-1118
-905
-704
-998
-1424
-1498
-1300
-1023
-843
-879
-1102
-1238
-938
-347
-26
-157
-356
-317
40
495
683
652
573
590
757
963
1163
1130
919
842
874
1002
1084
1025
934
850
798
718
683
793
870
745
490
380
517
570
405
352
285
-153
-659
-568
-10
74
-423
-1001
-1371
-1299
-928
-709
-1104
-1898
-2322
-2312
-2197
-2241
-2657
-3265
-3582
-3246
-2747
-2864
-3447
-3660
-3046
-2057
-1507
-1660
-1947
-1650
-722
231
703
761
727
859
1337
2104
2691
2674
2343
2304
2633
2948
2977
2748
2448
2275
2232
2143
1893
1528
1130
813
759
741
470
108
-84
-128
-337
-503
-299
-171
-452
-882
-953
-656
-416
-268
-287
-585
-835
-702
-229
147
190
-7
-275
-312
37
506
694
521
237
135
331
653
807
715
583
546
538
575
770
980
924
700
677
893
1092
1163
1124
976
920
1142
1389
1330
1049
773
492
241
232
352
151
-459
-1093
-1316
-1082
-923
-1318
-2074
-2548
-2435
-2296
-2580
-3031
-3525
-3905
-3731
-3165
-2964
-3501
-4088
-3685
-2512
-1640
-1586
-1991
-1952
-1092
44
844
1012
778
735
1188
2077
2822
2813
2343
2025
2115
2579
3035
3098
2643
2000
1794
1993
2051
1896
1624
1206
752
523
549
482
159
-78
-42
-35
-253
-415
-289
-108
-151
-351
-502
-471
-266
-103
-203
-467
-603
-486
-255
-102
-135
-327
-486
-426
-190
-35
-106
-233
-214
-114
-65
-23
121
324
450
453
406
368
440
669
1020
1285
1210
993
990
1309
1690
1866
1919
1860
1662
1507
1435
1265
938
641
441
24
-621
-1109
-1363
-1531
-1774
-2170
-2669
-3087
-3186
-3132
-3292
-3707
-4162
-4369
-4078
-3404
-3047
-3488
-4099
-3796
-2567
-1442
-1119
-1319
-1386
-940
-25
964
1537
1520
1247
1260
1790
2511
2884
2716
2305
2085
2233
2596
2811
2620
2138
1745
1689
1900
2089
1960
1458
921
774
1052
1338
1225
734
286
247
497
640
534
320
111
-3
80
227
155
-139
-367
-325
-179
-171
-371
-689
-848
-740
-538
-493
-696
-887
-925
-837
-615
-357
-203
-250
-348
-259
28
445
820
962
904
904
1193
1649
1988
2071
1935
1697
1513
1491
1611
1657
1375
765
118
-161
-104
-211
-738
-1481
-2057
-2279
-2382
-2635
-3190
-3967
-4337
-3997
-3573
-3690
-4266
-4554
-4053
-3197
-2609
-2473
-2500
-2171
-1472
-720
-93
218
299
503
1006
1694
2115
2126
2100
2243
2501
2736
2745
2608
2543
2541
2457
2252
2084
2033
1939
1728
1518
1371
1245
1114
1027
973
887
758
630
527
466
402
299
200
148
105
23
-94
-254
-423
-466
-365
-344
-571
-892
-1023
-922
-792
-792
-888
-976
-978
-817
-526
-328
-349
-404
-270
46
393
644
727
707
762
1013
1365
1577
1474
1152
943
1062
1332
1347
944
383
64
115
202
-80
-706
-1263
-1463
-1476
-1699
-2302
-3038
-3404
-3112
-2665
-2810
-3537
-4037
-3629
-2729
-2166
-2228
-2609
-2620
-1977
-1074
-453
-381
-544
-437
17
692
1277
1392
1199
1155
1488
1976
2214
2190
2121
2099
2197
2332
2377
2332
2217
2097
2029
1984
1928
1846
1832
1809
1631
1369
1208
1222
1244
1158
953
630
373
337
401
307
-54
-447
-624
-587
-466
-505
-855
-1216
-1272
-1064
-867
-883
-1021
-1120
-1095
-885
-635
-502
-407
-261
-59
134
286
471
692
914
1141
1249
1107
844
736
954
1287
1283
825
253
-49
65
302
195
-326
-955
-1339
-1356
-1296
-1516
-2079
-2684
-2805
-2453
-2297
-2632
-3060
-3067
-2659
-2244
-1994
-1917
-1958
-1854
-1390
-779
-432
-515
-680
-440
103
591
704
542
590
911
1335
1571
1465
1361
1441
1687
1973
1998
1799
1616
1548
1691
1855
1830
1704
1545
1498
1537
1488
1436
1357
1202
1082
935
799
698
563
483
356
88
-152
-308
-321
-298
-447
-654
-830
-897
-770
-678
-728
-814
-853
-700
-475
-342
-251
-228
-150
67
241
354
467
558
685
805
784
580
331
314
515
556
282
-83
-287
-305
-261
-313
-561
-905
-1114
-1155
-1200
-1370
-1677
-2077
-2348
-2223
-1849
-1766
-2140
-2473
-2281
-1690
-1167
-996
-1109
-1213
-1044
-608
-153
77
28
-142
-157
134
552
755
651
506
577
831
1082
1200
1180
1112
1139
1268
1372
1425
1486
1518
1481
1436
1461
1546
1606
1616
1555
1422
1345
1352
1330
1247
1068
848
718
630
506
313
77
-77
-162
-311
-475
-592
-683
-724
-691
-610
-637
-735
-693
-514
-307
-164
-52
17
48
168
378
584
681
671
628
572
544
538
533
497
365
101
-194
-328
-271
-209
-370
-746
-1102
-1244
-1197
-1215
-1422
-1776
-2125
-2295
-2323
-2285
-2263
-2309
-2386
-2428
-2286
-1989
-1662
-1403
-1325
-1287
-1079
-742
-423
-274
-196
-12
162
296
463
647
889
1059
1076
1077
1136
1358
1561
1535
1471
1438
1470
1538
1521
1498
1461
1408
1403
1346
1296
1277
1222
1161
1069
997
991
961
846
670
549
523
459
303
96
-54
-67
-75
-167
-329
-450
-456
-431
-393
-372
-414
-446
-379
-231
-106
-48
-33
1
110
280
409
441
450
463
384
220
139
252
390
312
43
-182
-233
-133
-18
-89
-286
-493
-619
-686
-809
-928
-1137
-1380
-1501
-1616
-1756
-1911
-1975
-1874
-1782
-1776
-1824
-1819
-1652
-1439
-1260
-1183
-1199
-1051
-772
-558
-396
-322
-196
29
245
590
823
847
871
957
1250
1513
1516
1422
1344
1456
1681
1729
1633
1457
1290
1321
1449
1512
1381
1073
933
985
998
913
723
613
653
646
536
319
147
202
255
139
-48
-211
-233
-213
-266
-340
-456
-548
-486
-385
-348
-353
-361
-272
-114
-34
-54
-54
26
132
180
125
62
19
62
192
216
153
22
-8
133
199
142
-32
-213
-251
-261
-346
-550
-857
-1050
-1088
-1032
-1037
-1325
-1652
-1722
-1484
-1264
-1433
-1706
-1787
-1604
-1310
-1251
-1360
-1408
-1320
-1038
-747
-632
-584
-509
-290
-13
141
273
416
557
739
889
938
982
1087
1220
1332
1316
1300
1305
1319
1415
1370
1240
1192
1162
1174
1129
1008
984
942
880
844
743
770
784
658
569
492
493
510
435
345
243
144
101
124
154
89
-66
-148
-91
-17
-37
-157
-260
-257
-185
-184
-325
-497
-552
-449
-283
-240
-380
-495
-398
-162
-5
3
-58
-129
-122
-61
-65
-121
-216
-327
-378
-452
-557
-586
-588
-569
-606
-772
-878
-866
-796
-767
-883
-1023
-1046
-1023
-986
-970
-1011
-931
-832
-797
-764
-769
-613
-398
-232
-154
-216
-210
39
323
488
497
414
560
716
931
1075
1086
997
925
954
1181
1231
1110
929
788
878
922
867
719
616
585
612
526
472
420
364
368
287
282
267
271
269
277
217
201
206
247
309
261
166
61
4
44
42
-19
-116
-310
-494
-471
-339
-258
-388
-620
-616
-461
-342
-309
-401
-435
-356
-274
-251
-325
-390
-378
-330
-304
-356
-431
-421
-337
-289
-336
-447
-487
-397
-334
-355
-424
-525
-541
-484
-441
-430
-489
-564
-488
-313
-225
-247
-345
-341
-133
36
79
17
-68
54
236
323
334
245
262
396
496
562
508
448
511
550
598
590
492
490
489
521
529
411
381
400
447
459
329
238
265
361
447
383
248
201
237
341
406
375
343
311
315
359
362
345
289
204
175
146
95
21
-114
-225
-278
-300
-295
-345
-439
-502
-540
-517
-455
-432
-439
-478
-533
-529
-463
-385
-351
-390
-457
-476
-402
-275
-218
-264
-327
-313
-231
-175
-192
-232
-225
-180
-180
-247
-281
-207
-91
-71
-157
-220
-172
-36
80
83
11
-39
6
127
203
204
172
141
191
292
325
313
280
273
332
353
327
304
286
316
336
271
184
130
184
307
301
149
-13
-25
147
271
218
69
-27
18
123
175
159
133
114
101
92
112
171
208
175
90
29
58
138
160
72
-70
-150
-103
-10
0
-111
-273
-354
-298
-191
-158
-234
-352
-407
-362
-278
-227
-240
-294
-334
-328
-287
-234
-195
-186
-211
-241
-244
-219
-161
-82
-58
-109
-169
-172
-86
13
31
0
-26
-15
25
50
81
123
137
106
74
76
135
201
218
219
195
184
207
242
321
351
296
221
175
226
293
267
164
54
24
64
96
62
-22
-82
-87
-53
-35
-50
-69
-60
-29
5
31
37
41
68
111
142
149
149
161
178
187
180
159
135
115
109
104
74
3
-67
-94
-89
-113
-177
-237
-260
-264
-290
-333
-346
-314
-274
-275
-316
-338
-297
-209
-141
-143
-187
-203
-153
-69
-22
-36
-72
-71
-28
13
23
16
30
65
91
91
85
98
131
149
126
81
61
87
135
146
95
20
-6
48
129
149
87
12
8
79
153
161
110
61
63
104
141
140
108
70
45
39
44
50
44
13
-40
-87
-93
-53
-11
-22
-95
-174
-178
-94
5
22
-60
-156
-162
-58
68
105
32
-57
-52
51
153
162
96
47
59
94
106
92
72
51
17
-20
-35
-23
-11
-25
-67
-108
-117
-92
-65
-67
-96
-122
-122
-103
-89
-92
-108
-125
-129
-119
-111
-114
-122
-114
-85
-58
-64
-91
-87
-24
60
89
48
4
32
122
194
193
142
113
141
195
223
203
162
138
145
165
167
139
99
68
60
59
49
24
-11
-45
-69
-77
-68
-60
-75
-114
-151
-154
-121
-90
-88
-118
-146
-142
-105
-60
-39
-50
-76
-76
-35
20
49
31
0
-1
37
81
97
82
58
44
53
81
107
97
54
10
-1
26
49
28
-31
-83
-87
-51
-30
-52
-90
-94
-68
-52
-62
-66
-34
11
15
-28
-57
-19
51
77
31
-32
-35
20
64
44
-16
-47
-22
20
18
-27
-63
-53
-17
-2
-21
-42
-34
-8
15
27
39
56
65
71
84
115
148
151
124
98
106
143
168
150
94
44
33
60
88
78
16
-62
-102
-84
-47
-45
-91
-150
-181
-176
-158
-145
-136
-137
-149
-167
-165
-130
-83
-56
-63
-77
-67
-34
1
27
47
62
71
75
85
105
132
147
143
119
98
94
104
111
98
63
24
-3
-3
7
2
-32
-74
-98
-95
-83
-82
-94
-116
-135
-133
-106
-71
-61
-88
-116
-102
-42
9
4
-44
-67
-35
25
53
34
8
14
41
58
59
60
74
81
69
56
68
96
106
84
58
65
100
117
94
62
67
106
132
109
57
31
55
100
106
55
-16
-48
-23
24
33
-19
-96
-145
-131
-71
-29
-50
-123
-187
-181
-108
-31
-16
-68
-125
-124
-58
15
47
31
2
-5
14
47
80
96
95
68
35
26
55
86
83
40
-6
-24
-13
-6
-19
-40
-52
-57
-67
-84
-96
-88
-68
-57
-67
-91
-103
-88
-55
-28
-30
-57
-83
-78
-38
0
7
-28
-64
-61
-23
17
24
3
-13
-5
18
39
52
60
64
63
62
69
87
108
116
107
96
99
118
138
142
135
127
122
115
108
107
114
116
91
43
4
0
23
34
0
-67
-117
-124
-96
-77
-96
-143
-178
-175
-146
-123
-124
-133
-123
-94
-67
-58
-54
-35
12
57
69
50
36
59
104
132
122
94
76
73
70
60
53
52
37
0
-48
-68
-52
-28
-37
-86
-130
-133
-102
-77
-80
-93
-98
-88
-76
-73
-63
-43
-27
-25
-36
-39
-28
-10
-5
-10
-12
-2
7
2
-14
-16
7
37
42
20
-2
7
48
79
74
47
37
62
103
121
101
73
80
120
153
142
99
73
89
129
145
115
65
30
30
54
69
52
0
-55
-81
-65
-36
-32
-72
-131
-165
-147
-100
-64
-76
-118
-145
-126
-69
-18
-3
-21
-40
-34
2
45
73
71
51
38
43
64
81
83
65
40
22
19
20
17
1
-20
-36
-47
-60
-71
-75
-76
-80
-90
-95
-89
-75
-68
-70
-69
-53
-29
-24
-35
-41
-26
4
19
8
-9
-9
8
22
22
13
11
16
24
21
15
15
22
31
32
28
24
23
27
37
53
59
50
34
31
49
73
80
69
51
45
55
68
75
72
61
49
40
36
33
29
20
9
-6
-22
-31
-39
-44
-48
-49
-52
-56
-60
-61
-53
-38
-25
-19
-21
-20
-10
8
24
29
28
27
34
41
44
40
33
32
30
26
12
0
-8
-12
-19
-33
-46
-51
-57
-67
-74
-76
-70
-64
-67
-73
-73
-60
-40
-28
-29
-39
-41
-29
-11
0
0
-11
-19
-18
-9
0
3
0
-7
-15
-17
-12
1
12
15
8
0
0
9
24
37
39
32
19
15
26
45
59
57
40
24
25
44
67
72
55
34
28
42
60
67
55
36
22
19
20
18
12
4
-5
-17
-28
-34
-32
-26
-23
-27
-32
-35
-29
-16
-4
4
7
10
14
18
26
38
46
46
41
36
33
31
27
20
14
6
-3
-16
-27
-38
-45
-50
-54
-62
-70
-74
-79
-81
-75
-63
-52
-51
-61
-65
-51
-27
-9
-9
-20
-28
-21
-4
13
16
6
-7
-9
1
15
22
16
5
-3
2
15
22
18
11
9
16
23
24
21
16
19
28
33
31
25
23
31
41
46
45
40
36
36
46
56
56
47
33
27
28
33
30
21
6
-7
-13
-13
-14
-18
-24
-32
-37
-37
-32
-28
-28
-33
-32
-27
-18
-10
-5
-3
-1
1
6
14
18
20
19
16
15
14
13
12
9
4
-2
-7
-13
-17
-21
-26
-30
-35
-37
-39
-40
-44
-46
-45
-40
-36
-34
-35
-36
-33
-26
-18
-14
-15
-16
-14
-8
-1
3
3
4
7
11
17
22
22
19
19
22
28
28
25
21
20
25
27
25
22
22
25
26
24
24
27
29
31
30
32
33
34
35
34
34
33
32
30
28
23
20
16
13
9
4
-2
-7
-12
-13
-16
-20
-26
-30
-31
-30
-31
-32
-33
-37
-38
-36
-33
-31
-30
-32
-32
-29
-26
-21
-20
-19
-19
-17
-14
-9
-5
-3
-3
-4
-1
1
4
7
7
8
9
13
14
15
14
13
13
13
15
13
13
11
10
8
7
5
1
1
0
0
1
2
1
0
-3
-4
-5
-4
-3
-3
-3
-3
-4
-5
-4
-3
-3
-2
0
0
-1
0
3
8
11
11
11
11
15
20
25
26
25
24
26
27
30
31
30
27
25
22
21
21
19
16
11
5
0
-1
0
-3
-9
-15
-20
-23
-23
-24
-28
-34
-40
-41
-43
-44
-46
-48
-51
-53
-52
-49
-47
-46
-45
-42
-37
-31
-24
-18
-14
-9
-3
7
14
21
24
28
32
37
43
47
49
50
49
48
46
45
45
42
38
33
27
24
20
16
12
8
5
1
-2
-3
-7
-8
-10
-10
-9
-10
-10
-11
-12
-10
-8
-7
-6
-6
-6
-5
-5
-3
-2
-1
-2
-3
-5
-4
-1
0
1
1
0
-1
-1
0
1
0
0
0
0
2
2
2
1
3
4
5
6
8
7
7
7
5
4
5
6
5
2
-3
-8
-9
-12
-12
-14
-19
-24
-29
-31
-32
-32
-32
-35
-37
-38
-37
-35
-31
-30
-27
-24
-20
-14
-9
-3
2
6
11
17
21
28
32
34
36
39
42
44
47
45
42
39
39
38
38
36
32
26
21
17
16
14
10
6
0
-3
-6
-8
-12
-14
-17
-19
-20
-21
-23
-25
-27
-26
-24
-23
-22
-21
-23
-22
-20
-15
-14
-11
-11
-9
-7
-3
0
0
2
2
3
3
4
7
9
9
8
8
7
6
8
7
7
6
5
2
2
1
4
2
2
2
0
0
0
0
0
-2
-2
-2
-2
0
-1
-2
-1
-1
0
1
0
1
0
1
2
1
1
1
0
-2
-3
-3
-3
-3
-3
-2
-2
-2
-3
-3
-2
-3
-1
1
0
2
2
1
4
6
10
11
12
13
14
14
15
14
15
14
14
13
11
9
7
5
3
2
-2
-5
-7
-8
-9
-12
-15
-19
-18
-17
-16
-17
-19
-22
-20
-16
-12
-9
-9
-8
-7
-5
0
5
7
9
9
10
12
14
15
15
16
15
15
13
13
12
10
8
6
4
2
0
-2
-3
-5
-6
-7
-8
-8
-7
-6
-7
-4
-4
-3
-2
-2
1
2
4
7
7
8
8
7
7
6
5
5
5
4
1
1
-2
-3
-6
-6
-8
-8
-10
-10
-11
-11
-11
-11
-11
-10
-9
-7
-6
-5
-3
-2
-1
0
1
2
3
4
5
6
7
7
8
8
8
8
8
8
8
8
6
5
4
4
2
1
0
-1
-2
-3
-4
-5
-4
-4
-5
-5
-4
-4
-4
-3
-2
0
1
2
3
2
6
5
5
5
7
7
7
7
6
6
4
5
3
2
2
2
0
-1
-1
-2
-2
-2
-4
-3
-2
-2
-3
-2
-2
-2
-2
-1
-1
-1
-1
0
-1
0
0
0
0
-1
0
0
0
0
0
2
1
1
1
1
1
0
0
0
0
0
-2
-3
-3
-3
-4
-4
-4
-4
-4
-3
-4
-5
-3
-3
-2
-1
-1
0
1
1
2
3
4
3
5
5
6
5
5
5
5
5
5
5
4
3
3
2
1
0
0
0
0
-1
0
-1
0
0
0
0
0
0
0
-1
1
0
1
0
0
0
0
1
1
0
-1
0
1
-1
0
0
0
0
0
0
0
0
0
0
0
0
-1
0
-2
-1
-1
-2
-2
-1
-2
-2
-2
-1
-2
-1
-1
0
1
1
0
1
2
1
1
1
2
1
1
1
1
1
1
1
0
0
-1
-1
-2
-2
-2
-1
-2
-2
-2
-3
-3
-2
-1
0
1
1
1
1
0
-1
0
0
2
0
3
4
3
2
2
2
1
2
2
1
2
2
2
2
2
2
2
1
1
0
0
0
0
1
1
1
1
1
0
0
0
0
1
0
1
0
0
0
1
0
0
-1
1
0
-1
0
0
-1
0
0
0
0
-1
0
0
0
0
1
0
0
0
1
0
0
1
-1
0
0
0
0
0
0
-1
0
1
0
0
0
1
-1
0
0
0
-1
0
0
0
-1
0
1
0
-1
0
0
-1
-1
0
0
0
0
-2
-1
-1
0
0
0
0
0
0
1
2
2
3
1
-1
0
1
0
1
1
2
2
1
2
1
1
2
2
2
0
1
0
0
0
0
2
1
1
1
0
0
1
0
0
0
0
0
0
0
0
0
0
-1
1
-1
0
1
0
0
0
0
0
0
0
0
0
0
0
0
0
0
0
1
0
0
0
0
-1
1
0
0
0
0
0
0
0
0
-1
0
0
0
-1
0
0
-1
-2
-1
0
2
3
3
2
1
0
-2
-1
1
0
0
1
1
0
0
-1
0
0
0
0
0
-1
-1
0
0
0
0
1
0
0
0
0
-1
0
0
0
0
0
0
0
0
1
0
-1
0
0
-1
0
0
0
0
0
0
0
0
0
0
0
1
0
0
0
0
-1
-1
0
-1
0
0
0
-1
0
0
0
0
1
1
-1
0
0
-1
-1
0
0
-1
0
0
-1
0
0
-1
1
-1
0
0
-1
1
1
1
1
0
1
1
1
1
1
0
2
2
2
1
2
2
2
2
2
2
2
3
2
2
2
1
1
1
0
1
1
-1
0
0
0
-1
-2
-1
-2
-1
-2
-1
-2
-3
-3
-3
-2
-1
1
-1
1
1
1
1
0
-1
1
1
2
2
3
1
3
3
4
3
3
1
1
1
0
0
1
2
0
0
-1
-2
-2
-1
-2
-2
-2
-2
-2
-1
-1
0
-1
0
0
0
-1
0
0
0
0
1
0
1
1
1
1
2
1
0
0
-1
0
-1
-1
-1
-1
0
-1
0
-1
-1
1
1
0
0
0
0
0
-1
1
1
2
2
3
3
5
5
5
7
8
9
8
8
6
5
4
3
1
1
0
-1
-2
-3
-5
-4
-5
-6
-5
-6
-8
-8
-9
-8
-8
-7
-7
-6
-6
-3
-3
-2
0
1
1
3
4
5
5
6
6
7
7
7
7
6
7
5
5
4
2
2
2
-1
-2
-2
-4
-4
-5
-6
-5
-4
-4
-4
-4
-4
-3
-2
-3
-2
-2
1
1
2
3
2
3
3
3
3
4
3
3
3
2
2
1
0
0
1
-1
-3
-2
-2
-2
-2
-3
-3
-3
-2
-2
-3
-1
-1
0
1
1
2
3
4
5
5
5
6
6
6
6
6
6
7
6
6
5
4
2
1
0
1
0
0
-1
-2
-3
-5
-4
-7
-6
-6
-7
-5
-5
-5
-3
-4
-3
-2
-2
-1
-1
0
2
1
3
2
2
3
2
2
3
4
4
3
4
3
1
2
1
0
0
1
-1
-2
-2
-1
-2
-2
-2
-1
-2
-2
-2
-1
-1
-1
-1
-1
0
0
2
1
1
1
2
2
2
2
2
2
2
2
2
1
0
0
1
1
0
0
0
-1
-2
-1
-1
-2
-1
-1
-2
-1
-1
-1
-1
-1
-1
0
0
0
1
1
1
2
2
2
3
3
4
3
3
2
3
2
2
1
1
1
1
1
0
0
0
-2
0
-1
-1
-3
-1
-2
-1
0
-1
-2
-1
0
0
1
1
1
1
1
-1
0
-1
1
1
1
2
2
1
2
0
0
0
0
0
1
0
-2
-2
-1
-1
-1
-1
-1
-1
-1
-1
0
-1
0
1
0
0
0
0
2
1
1
1
1
1
0
0
2
2
2
1
0
0
1
0
2
1
1
1
1
-1
0
-1
-1
-2
-1
-1
-1
-1
-1
0
0
0
-1
0
0
0
1
0
2
1
0
1
2
1
1
0
2
2
2
1
0
0
1
0
1
1
1
1
1
0
1
0
1
0
0
0
1
0
0
0
0
0
-1
0
0
0
0
0
0
0
0
0
-1
0
0
0
0
0
0
0
0
0
0
1
1
2
0
0
0
-2
-2
0
0
0
2
1
0
1
0
0
1
1
1
1
0
0
0
0
1
3
2
2
1
1
0
-1
0
-1
0
0
1
1
0
0
1
0
1
0
0
-1
-1
-1
1
1
1
0
0
0
0
0
-1
0
1
0
-1
-1
-1
0
0
2
2
2
2
1
0
0
1
0
0
0
0
0
-1
0
0
0
0
0
1
0
0
0
0
0
0
0
1
0
-1
0
-1
1
0
0
0
0
-1
0
-1
0
0
0
0
-1
1
0
1
1
1
0
-2
-2
-1
0
0
-1
1
1
0
1
0
0
1
1
0
1
0
0
0
1
-1
2
2
1
2
2
1
1
1
2
2
1
1
1
0
-1
0
0
0
1
0
0
0
0
0
0
1
0
0
-1
0
0
1
0
0
0
0
0
1
0
0
-1
0
0
0
0
0
0
0
0
1
0
0
0
0
0
0
0
0
1
0
0
0
0
0
0
-1
0
0
0
0
1
0
0
1
0
0
0
1
-1
0
-1
0
0
0
1
0
0
0
0
0
0
1
0
0
0
0
0
0
0
0
0
-1
0
0
0
1
0
0
0
1
0
0
0
0
0
0
0
0
0
0
1
0
1
0
-1
0
0
-1
0
0
0
-1
0
0
0
-1
0
-1
1
-1
1
0
0
0
0
0
1
0
1
0
0
0
0
0
0
0
0
0
0
0
1
0
0
-1
0
0
0
0
0
0
0
0
0
0
-1
0
0
1
0
0
-1
0
0
0
0
0
0
0
0
-1
0
1
0
0
0
0
1
0
0
0
0
0
-1
0
0
-1
0
0
0
0
0
0
0
0
0
0
0
1
1
1
1
0
0
-1
1
0
0
0
0
0
0
0
0
0
0
0
0
1
0
0
1
0
1
0
0
1
0
0
0
0
1
0
0
-1
0
0
1
1
0
0
-1
0
-1
-1
0
0
0
1
1
0
-1
0
1
0
0
0
0
1
0
1
-1
0
1
0
0
0
-1
0
0
0
1
0
-1
0
-1
-1
0
0
1
0
0
0
1
1
0
0
1
1
-1
0
-1
0
0
0
1
0
0
0
0
-1
0
0
-1
0
0
-1
-1
1
0
0
0
0
-1
0
1
0
0
0
-1
1
0
1
0
1
-1
0
0
0
-1
0
0
0
0
0
0
0
0
0
0
0
0
0
0
0
0
0
1
0
0
0
0
1
0
0
0
0
0
0
0
0
0
0
0
0
0
0
0
0
0
0
0
0
1
0
0
0
0
-1
0
0
1
0
0
0
0
0
-1
0
0
0
0
0
0
-1
0
0
-1
0
0
0
-1
0
0
0
0
-1
0
0
0
0
0
0
0
0
0
0
0
0
0
0
0
-1
0
0
0
-1
0
-1
0
-1
0
0
0
0
1
0
0
0
0
-1
1
0
0
0
0
0
1
0
0
0
0
0
0
1
0
0
0
0
-1
0
-1
0
0
0
0
0
0
0
0
0
0
0
0
0
0
0
0
0
1
0
1
1
0
1
0
0
0
0
0
1
0
1
0
0
0
1
0
0
-1
0
0
1
0
-1
0
0
0
0
-1
-1
1
0
0
1
0
0
1
0
0
0
-1
1
0
0
0
0
0
0
-1
0
0
0
0
0
0
0
0
0
0
0
0
0
0
0
0
0
0
0
0
-1
0
-1
0
-1
0
0
0
0
0
-1
0
-1
1
0
0
0
0
0
-1
0
-1
0
-1
0
0
0
0
-1
0
-1
0
1
0
0
0
0
0
0
1
0
0
0
0
0
0
-1
0
0
0
0
0
0
0
0
1
0
1
1
0
0
0
0
0
0
0
0
0
0
1
0
1
0
0
0
0
0
0
0
1
0
0
0
1
0
1
1
0
0
0
0
-1
0
0
1
0
0
0
0
0
0
0
0
0
0
0
0
0
-1
0
0
0
0
0
0
0
0
0
-1
0
1
0
0
0
0
0
0
0
-1
1
0
0
0
1
0
1
0
0
0
0
0
0
0
-1
0
1
0
0
0
1
0
0
0
0
-1
1
1
0
0
1
0
0
0
0
0
0
0
0
-1
0
0
0
0
1
0
0
0
0
0
0
-1
-1
1
0
0
1
0
0
-1
0
-1
1
0
1
0
0
0
0
1
-1
0
0
0
0
0
0
0
0
0
0
0
0
0
0
-1
0
0
0
0
1
0
0
0
0
0
0
0
0
-1
0
0
0
-1
0
0
1
0
-1
0
0
0
0
1
1
1
0
0
-1
0
0
-1
0
0
0
0
-1
0
0
0
0
0
0
1
0
0
0
0
0
1
0
0
0
0
0
0
0
-1
1
-1
0
-1
0
0
0
0
-1
0
0
0
0
0
0
0
0
0
1
0
0
0
0
0
0
0
0
0
0
0
0
0
0
-1
0
0
0
1
0
0
0
0
-1
0
-1
0
1
0
0
1
0
0
0
0
0
0
0
0
0
0
1
-1
0
-1
0
0
-1
0
0
0
0
-1
0
0
0
0
0
1
0
0
0
0
0
0
0
-1
0
0
0
0
0
0
-1
0
0
0
0
0
0
-1
0
-1
0
0
0
0
1
0
0
0
0
0
0
0
0
0
0
0
0
1
0
0
0
0
1
0
-1
0
1
0
0
0
0
0
0
0
-1
-1
0
0
0
1
0
-1
0
0
-1
0
0
0
-1
0
0
1
0
0
0
0
0
0
1
0
0
0
0
1
0
0
0
1
1
0
0
0
0
0
0
1
0
1
0
0
0
1
0
0
0
-1
1
1
0
-1
0
0
0
0
0
0
0
0
0
0
0
1
0
1
0
0
0
0
0
-1
0
1
0
0
-1
0
-1
0
0
-1
0
0
0
0
0
0
0
0
0
0
0
0
0
0
0
0
0
0
0
0
0
0
0
0
0
0
0
0
0
0
0
0
0
-1
0
0
0
0
0
0
0
-1
0
0
0
0
0
0
0
0
0
0
0
0
0
0
0
0
0
0
0
0
0
0
1
-1
0
0
0
0
0
0
0
1
0
0
0
0
0
-1
0
0
0
0
0
0
0
0
0
0
-1
-1
-1
-1
0
-1
0
0
0
0
0
0
-1
-1
0
-1
0
0
0
-1
0
0
0
0
0
0
0
1
0
0
0
0
0
0
0
0
0
0
1
1
0
0
0
0
0
0
0
0
0
0
0
1
0
0
0
0
0
1
1
0
0
0
0
0
-1
0
0
0
0
0
0
1
0
0
1
0
0
0
1
0
0
1
0
1
1
0
0
0
0
0
0
0
0
0
0
1
0
1
1
-1
0
0
0
0
0
0
0
0
0
0
0
1
0
0
1
0
0
0
1
0
0
0
-1
0
0
0
0
0
0
0
0
0
0
1
0
0
0
-1
-1
0
0
0
0
0
0
0
0
0
0
-1
0
1
0
0
0
0
0
0
0
-1
0
1
0
0
0
0
-1
0
-1
-1
0
0
0
0
1
0
0
0
0
0
0
0
0
1
1
0
1
-1
0
0
0
0
0
0
0
0
0
0
0
0
0
0
0
0
0
0
0
0
0
0
0
0
0
0
0
0
-1
1
0
1
0
0
1
0
0
0
0
0
1
-1
0
0
0
0
0
1
0
0
-1
0
0
0
0
1
0
0
1
-1
-1
0
0
0
0
0
0
0
0
0
0
0
-1
0
0
0
1
0
0
0
0
1
0
-1
-1
0
0
0
-1
0
0
0
0
0
-1
0
0
0
0
-1
0
0
0
0
0
0
0
0
0
0
0
0
0
0
-1
0
0
0
0
0
0
0
0
0
1
0
-1
0
0
0
0
0
0
0
0
0
0
0
0
0
0
0
0
0
0
0
-1
0
0
0
0
0
0
0
0
0
0
0
0
0
1
0
0
0
0
0
0
0
1
0
0
0
1
1
0
0
0
-1
1
1
0
0
0
0
0
0
0
1
0
0
0
1
0
0
0
0
0
-1
0
0
0
0
0
0
0
0
0
0
-1
-1
-1
0
0
0
0
-1
0
0
0
0
0
0
0
0
0
1
0
1
0
0
0
0
0
0
1
-1
0
1
-1
0
0
0
0
0
0
0
-1
0
0
0
-1
0
-1
0
0
0
0
0
-1
0
0
0
0
0
0
-1
0
0
0
0
0
0
0
0
-1
-1
0
0
0
0
0
1
0
0
0
0
0
-1
0
0
0
0
0
0
0
0
0
1
0
1
0
0
1
-1
1
0
0
0
-1
-1
0
0
0
-1
0
-1
0
0
0
-1
0
0
0
0
1
0
0
0
0
0
0
1
0
1
0
0
0
0
0
0
1
0
0
0
1
1
0
0
0
0
0
0
0
0
-1
1
0
0
0
0
0
0
0
1
0
0
-1
0
0
0
-1
-1
0
0
1
0
-1
0
0
0
0
0
0
-1
-1
0
0
-1
1
0
1
0
0
0
0
0
0
1
0
0
0
-1
0
0
0
0
0
1
-1
0
0
0
0
0
0
0
0
0
1
0
0
0
0
0
0
-1
0
0
-1
0
0
-1
0
0
0
0
0
0
0
0
1
0
0
-1
1
0
0
-1
-1
0
0
0
1
-1
0
0
0
-1
1
0
0
0
1
-1
0
0
0
0
0
0
0
0
0
0
0
-1
0
0
0
0
0
0
0
0
0
0
1
-1
0
0
-1
1
0
0
0
0
0
0
0
0
0
0
0
0
0
0
-1
0
0
0
0
0
0
0
-1
0
0
0
-1
0
0
-1
-1
0
0
0
0
0
1
1
-1
0
-1
0
0
0
0
0
0
0
0
1
0
0
0
0
-1
1
0
0
1
0
0
0
0
0
1
1
0
0
0
0
0
-1
0
-1
1
0
1
0
0
1
0
0
1
0
0
0
1
-1
-1
1
0
0
0
-1
0
0
1
0
0
0
0
0
0
-1
0
0
0
-1
0
0
1
1
-1
0
0
0
0
0
0
0
0
0
-1
1
0
0
1
0
0
0
0
1
-1
0
0
0
0
-1
1
0
0
-1
0
0
0
0
0
-1
0
-1
1
0
0
1
0
0
0
0
0
0
0
0
-1
0
0
0
1
0
1
0
0
0
0
-1
0
0
1
1
0
0
0
-1
-1
0
0
0
-1
0
0
1
0
1
0
0
1
0
0
1
0
0
0
0
0
0
0
0
0
0
0
-1
1
0
0
0
0
0
0
0
0
0
0
-1
0
-1
0
0
0
0
0
-1
0
0
0
1
0
0
0
0
0
0
0
0
0
-1
1
1
-1
0
0
0
0
0
0
0
0
0
0
0
0
0
-1
0
0
0
0
0
0
0
0
-1
0
0
0
0
-1
0
-1
0
0
0
0
0
-1
0
0
-1
0
0
0
1
0
0
0
0
0
0
1
0
0
0
0
0
1
0
0
0
1
1
0
0
0
0
0
0
0
0
1
1
1
0
0
-1
0
0
0
-1
-1
0
0
0
0
0
0
0
0
0
0
0
0
0
0
0
0
0
0
0
0
0
1
1
1
0
-1
0
0
0
0
0
0
1
-1
-1
0
0
0
0
0
1
0
-1
0
0
0
0
0
0
0
0
-1
0
0
0
0
1
0
0
0
0
0
-1
1
1
0
0
0
0
1
0
0
0
0
0
0
0
0
0
0
0
0
1
0
0
0
0
0
0
1
0
0
0
0
0
0
0
0
0
0
1
0
-1
0
0
0
0
-1
0
0
0
0
0
0
-1
0
0
-1
0
0
0
-1
1
0
0
0
0
0
0
0
0
0
0
0
0
0
-1
0
-1
0
0
0
0
0
0
0
0
0
1
0
0
0
0
0
0
0
0
0
0
0
1
0
0
0
0
0
0
0
0
0
-1
0
0
1
0
0
0
0
0
0
0
1
0
0
0
0
0
0
-1
0
1
0
0
0
0
0
0
0
0
-1
0
0
0
0
0
0
0
0
1
0
-1
0
1
0
0
-1
0
0
0
0
-1
0
0
0
0
1
0
0
0
0
0
0
0
0
-1
0
0
0
0
0
0
0
0
0
1
0
0
0
0
0
1
0
0
1
0
1
-1
0
0
0
0
0
0
0
0
-1
0
-1
-1
0
0
0
0
0
0
0
0
0
0
-1
0
-1
0
0
0
0
0
0
-1
0
0
0
0
0
0
0
0
0
0
0
0
0
0
0
0
0
1
1
0
-1
0
0
0
0
0
0
0
0
0
0
0
0
0
0
0
0
1
0
0
0
0
0
1
0
0
0
0
0
0
0
-1
-1
0
0
0
0
0
-1
-1
0
0
0
-1
1
0
0
-1
0
0
0
0
0
0
0
0
0
0
0
0
0
0
0
0
1
0
0
-1
0
0
0
0
0
0
1
0
0
-1
-1
0
0
0
0
-1
0
0
0
0
0
1
0
0
1
0
1
0
0
0
0
0
0
-1
0
0
0
0
0
0
1
0
0
0
0
0
0
-1
-1
0
-1
0
0
0
0
0
0
0
0
0
0
0
0
0
0
-1
0
0
0
0
1
0
0
0
0
0
0
0
0
0
0
-1
1
-1
0
0
0
0
0
0
0
0
1
0
1
0
0
0
1
-1
0
0
0
0
0
0
0
0
0
0
-1
0
0
0
0
1
1
0
1
0
0
0
0
0
0
0
0
0
0
-1
-1
-1
-1
0
0
0
0
0
-1
0
0
0
0
0
-1
0
-1
0
1
0
0
1
0
0
-1
0
-1
0
0
0
-1
0
1
-1
0
0
0
0
-1
0
1
0
-1
1
1
0
1
-1
0
0
1
0
0
-1
1
0
0
1
0
0
0
0
1
0
0
0
0
1
0
-1
0
-1
0
1
0
1
-1
0
1
0
0
0
0
0
-1
0
0
0
0
0
0
0
0
0
0
-1
0
1
0
1
0
-1
0
0
1
0
0
0
0
0
0
-1
0
-1
0
0
0
0
0
0
0
1
0
1
0
0
0
0
0
-1
0
0
0
0
0
-1
0
0
0
0
0
0
1
0
0
0
0
1
0
0
0
0
0
0
0
0
0
-1
0
1
0
0
0
0
0
0
0
0
0
0
0
0
0
0
0
-1
1
0
0
0
-1
0
0
0
1
0
0
0
-1
0
0
0
0
1
1
0
1
0
0
-1
0
-1
0
0
0
0
0
0
0
0
0
0
0
0
0
1
0
0
0
0
0
0
0
0
0
0
0
0
0
0
0
0
0
0
1
0
0
0
1
0
0
0
0
0
0
0
0
1
1
0
0
1
0
0
0
0
0
1
0
0
-1
1
0
-1
-1
0
0
0
0
0
1
0
1
0
0
0
1
0
-1
0
-1
0
0
-1
0
0
0
-1
0
0
0
0
0
0
0
0
1
-1
0
0
0
0
-1
0
0
0
0
0
1
0
0
0
0
0
0
0
0
1
1
0
0
0
0
0
0
0
0
0
1
0
-1
0
0
0
0
0
0
0
0
0
0
1
0
1
1
1
0
0
0
0
0
0
0
0
0
0
0
0
-1
0
0
0
-1
0
-1
0
0
0
0
0
0
0
-1
1
0
1
0
0
0
0
1
1
0
-1
0
1
-1
0
0
0
0
0
0
0
0
0
0
0
0
0
1
-1
0
0
0
0
0
0
0
-1
0
-1
0
0
0
0
0
-1
0
1
0
0
0
1
0
0
0
0
0
0
0
0
0
0
0
0
0
0
1
0
1
0
-1
-1
-1
0
0
0
0
0
0
0
-1
0
0
1
-1
0
1
0
0
0
0
0
0
0
-1
0
0
0
0
0
0
0
0
0
0
0
0
0
0
0
0
0
0
0
0
0
0
1
0
1
0
0
0
1
0
0
-1
1
0
-1
0
0
-1
0
0
0
0
-1
0
0
0
0
1
0
0
0
1
0
0
1
-1
0
0
0
0
0
0
-1
0
1
0
0
0
1
-1
0
0
0
-1
0
0
0
-1
0
1
0
-1
0
0
-1
-1
0
0
0
0
-1
-1
-1
0
0
0
0
0
0
0
0
0
1
0
-1
0
1
0
1
0
0
0
-1
0
0
0
0
0
0
-1
1
0
0
0
0
1
0
0
0
-1
0
1
0
0
0
0
0
0
0
0
0
0
-1
1
-1
0
1
0
0
0
0
0