0
0
0
-1
0
0
1
0
0
0
0
1
0
1
0
0
0
0
-1
0
0
0
0
0
-1
0
0
0
1
1
0
0
-1
0
0
1
0
0
-1
1
0
0
0
0
-1
0
0
0
0
0
0
0
0
0
0
0
1
0
0
0
-1
0
1
0
0
1
-1
0
-1
-1
0
0
0
0
0
0
0
0
-1
0
-1
1
0
1
1
0
0
0
0
0
0
0
0
0
0
0
0
0
0
1
0
-1
0
0
0
0
0
0
-1
0
0
-1
0
0
0
0
0
0
0
1
1
0
0
0
0
0
0
0
-1
0
0
0
0
0
0
-1
-1
0
0
0
0
0
1
0
1
-1
0
0
-1
0
0
0
1
0
0
0
0
0
0
0
1
0
1
0
0
0
-1
-1
0
0
0
0
1
0
-1
0
0
0
0
1
0
-1
0
0
0
0
0
1
0
0
0
0
0
0
0
0
0
0
1
0
0
0
0
0
0
0
0
0
-1
0
0
1
-1
-1
0
-1
-1
0
0
2
0
-1
-2
-3
0
2
4
4
-1
-7
-6
0
7
12
8
-8
-35
-49
-31
12
48
48
21
-16
-36
-31
0
33
44
19
-21
-51
-52
-26
15
48
51
28
-6
-28
-27
-11
10
20
13
-7
-25
-28
-16
7
29
35
23
1
-16
-17
-8
3
4
1
-8
-10
-6
7
20
22
13
0
-13
-16
-11
-3
2
2
-6
-11
-7
3
14
20
16
5
-8
-17
-18
-9
-1
6
8
4
0
0
3
10
12
9
2
-7
-13
-14
-9
-1
4
4
1
-2
0
5
7
8
1
-7
-11
-10
-5
2
5
3
-3
-5
-4
0
5
6
3
-2
-6
-9
-4
1
5
7
3
2
-1
-2
0
2
1
0
-4
-5
-5
-3
0
3
4
3
2
3
2
3
3
2
-1
0
0
3
3
3
4
5
4
3
2
1
1
-1
1
1
1
1
0
0
0
1
1
2
4
3
1
-4
-7
-8
-4
1
5
4
0
-6
-8
-5
2
10
11
8
-1
-10
-14
-8
1
11
15
8
-1
-8
-7
-1
4
5
1
-5
-9
-9
-5
-2
1
0
1
1
-1
0
-2
-1
-2
-1
0
0
1
1
2
4
4
4
2
0
0
4
5
5
1
-4
-8
-7
-1
6
11
9
0
-7
-9
-2
7
13
10
0
-12
-17
-13
-2
9
15
9
1
-6
-6
0
8
12
9
1
-7
-10
-6
-1
4
5
3
0
-1
0
2
1
0
-1
-4
-3
-3
-2
0
1
0
0
-1
1
3
3
2
-2
-3
-6
-5
-2
3
4
3
1
-2
-3
-2
0
5
7
6
2
-3
-5
-3
1
4
6
2
-3
-6
-4
-2
5
6
3
-2
-6
-6
-3
2
6
5
0
-3
-3
-2
2
4
4
0
-1
-2
-1
1
3
2
1
0
-2
-1
-1
2
3
4
2
1
0
-1
0
2
1
2
0
0
-1
-2
-1
1
1
1
0
0
-1
0
1
1
1
0
-1
-1
1
1
1
0
0
0
0
-1
1
1
-1
-2
0
-1
0
2
2
1
0
0
-3
0
0
2
2
0
-1
-3
-3
-2
1
3
3
2
-1
-2
-2
-1
1
2
1
-1
-1
-1
0
-1
0
3
2
1
-2
-1
-1
0
0
1
1
1
0
0
0
0
1
0
1
0
-2
-1
-1
-1
1
1
1
0
0
0
0
-1
0
-1
1
-1
1
0
0
0
0
0
1
0
1
0
0
0
0
0
0
0
0
0
0
0
1
0
0
-1
0
0
0
0
0
0
0
0
0
0
-1
0
0
1
0
0
-1
0
0
0
0
0
0
0
0
-1
0
1
0
0
0
0
1
0
0
0
0
0
-1
0
0
-1
0
0
0
0
0
0
0
0
0
0
0
1
1
1
1
0
0
-1
1
0
0
0
0
0
0
0
0
0
0
0
0
1
0
0
1
0
1
0
0
1
0
0
0
0
1
0
0
-1
0
0
1
1
0
0
-1
0
-1
-1
0
0
0
1
1
0
-1
0
1
0
0
0
0
1
0
1
-1
0
1
0
0
0
-1
0
0
0
1
0
-1
0
-1
-1
0
0
1
0
0
0
1
1
0
0
1
1
-1
0
-1
0
0
0
1
0
0
0
0
-1
0
0
-1
0
0
-1
-1
1
0
0
0
0
-1
0
1
0
0
0
-1
1
0
1
0
1
-1
0
0
0
-1
0
0
0
0
0
0
0
0
0
0
0
0
0
0
0
0
0
1
0
0
0
0
1
0
0
0
0
0
0
0
0
0
0
0
0
0
0
0
0
0
0
0
0
1
0
0
0
0
-1
0
0
1
0
0
0
0
0
-1
0
0
0
0
0
0
-1
0
0
-1
0
0
0
-1
0
0
0
0
-1
0
0
0
0
0
0
0
0
0
0
0
0
0
0
0
-1
0
0
0
-1
0
-1
0
-1
0
0
0
0
1
0
0
0
0
-1
1
0
0
0
0
0
1
0
0
0
0
0
0
1
0
0
0
0
-1
0
-1
0
0
0
0
0
0
0
0
0
0
0
0
0
0
0
0
0
1
0
1
1
0
1
0
0
0
0
0
1
0
1
0
0
0
1
0
0
-1
0
0
1
0
-1
0
0
0
0
-1
-1
1
0
0
1
0
0
1
0
0
0
-1
1
0
0
0
0
0
0
-1
0
0
0
0
0
0
0
0
0
0
0
0
0
0
0
0
0
0
0
0
-1
0
-1
0
-1
0
0
0
0
0
-1
0
-1
1
0
0
0
0
0
-1
0
-1
0
-1
0
0
0
0
-1
0
-1
0
1
0
0
0
0
0
0
1
0
0
0
0
0
0
-1
0
0
0
0
0
0
0
0
1
0
1
1
0
0
0
0
0
0
0
0
0
0
1
0
1
0
0
0
0
0
0
0
1
0
0
0
1
0
1
1
0
0
0
0
-1
0
0
1
0
0
0
0
0
0
0
0
0
0
0
0
0
-1
0
0
0
0
0
0
0
0
0
-1
0
1
0
0
0
0
0
0
0
-1
1
0
0
0
1
0
1
0
0
0
0
0
0
0
-1
0
1
0
0
0
1
0
0
0
0
-1
1
1
0
0
1
0
0
0
0
0
0
0
0
-1
0
0
0
0
1
0
0
0
0
0
0
-1
-1
1
0
0
1
0
0
-1
0
-1
1
0
1
0
0
0
0
1
-1
0
0
0
0
0
0
0
0
0
0
0
0
0
0
-1
0
0
0
0
1
0
0
0
0
0
0
0
0
-1
0
0
0
-1
0
0
1
0
-1
0
0
0
0
1
1
1
0
0
-1
0
0
-1
0
0
0
0
-1
0
0
0
0
0
0
1
0
0
0
0
0
1
0
0
0
0
0
0
0
-1
1
-1
0
-1
0
0
0
0
-1
0
0
0
0
0
0
0
0
0
1
0
0
0
0
0
0
0
0
0
0
0
0
0
0
-1
0
0
0
1
0
0
0
0
-1
0
-1
0
1
0
0
1
0
0
0
0
0
0
0
0
0
0
1
-1
0
-1
0
0
-1
0
0
0
0
-1
0
0
0
0
0
1
0
0
0
0
0
0
0
-1
0
0
0
0
0
0
-1
0
0
0
0
0
0
-1
0
-1
0
0
0
0
1
0
0
0
0
0
0
0
0
0
0
0
0
1
0
0
0
0
1
0
-1
0
1
0
0
0
0
0
0
0
-1
-1
0
0
0
1
0
-1
0
0
-1
0
0
0
-1
0
0
1
0
0
0
0
0
0
1
0
0
0
0
1
0
0
0
1
1
0
0
0
0
0
0
1
0
1
0
0
0
1
0
0
0
-1
1
1
0
-1
0
0
0
0
0
0
0
0
0
0
0
1
0
1
0
0
0
0
0
-1
0
1
0
0
-1
0
-1
0
0
-1
0
0
0
0
0
0
0
0
0
0
0
0
0
0
0
0
0
0
0
0
0
0
0
0
0
0
0
0
0
0
0
0
0
-1
0
0
0
0
0
0
0
-1
0
0
0
0
0
0
0
0
0
0
0
0
0
0
0
0
0
0
0
0
0
0
1
-1
0
0
0
0
0
0
0
1
0
0
0
0
0
-1
0
0
0
0
0
0
0
0
0
0
-1
-1
-1
-1
0
-1
0
0
0
0
0
0
-1
-1
0
-1
0
0
0
-1
0
0
0
0
0
0
0
1
0
0
0
0
0
0
0
0
0
0
1
1
0
0
0
0
0
0
0
0
0
0
0
1
0
0
0
0
0
1
1
0
0
0
0
0
-1
0
0
0
0
0
0
1
0
0
1
0
0
0
1
0
0
1
0
1
1
0
0
0
0
0
0
0
0
0
0
1
0
1
1
-1
0
0
0
0
0
0
0
0
0
0
0
1
0
0
1
0
0
0
1
0
0
0
-1
0
0
0
0
0
0
0
0
0
0
1
0
0
0
-1
-1
0
0
0
0
0
0
0
0
0
0
-1
0
1
0
0
0
0
0
0
0
-1
0
1
0
0
0
0
-1
0
-1
-1
0
0
0
0
1
0
0
0
0
0
0
0
0
1
1
0
1
-1
0
0
0
0
0
0
0
0
0
0
0
0
0
0
0
0
0
0
0
0
0
0
0
0
0
0
0
0
-1
1
0
1
0
0
1
0
0
0
0
0
1
-1
0
0
0
0
0
1
0
0
-1
0
0
0
0
1
0
0
1
-1
-1
0
0
0
0
0
0
0
0
0
0
0
-1
0
0
0
1
0
0
0
0
1
0
-1
-1
0
0
0
-1
0
0
0
0
0
-1
0
0
0
0
-1
0
0
0
0
0
0
0
0
0
0
0
0
0
0
-1
0
0
0
0
0
0
0
0
0
1
0
-1
0
0
0
0
0
0
0
0
0
0
0
0
0
0
0
0
0
0
0
-1
0
0
0
0
0
0
0
0
0
0
0
0
0
1
0
0
0
0
0
0
0
1
0
0
0
1
1
0
0
0
-1
1
1
0
0
0
0
0
0
0
1
0
0
0
1
0
0
0
0
0
-1
0
0
0
0
0
0
0
0
0
0
-1
-1
-1
0
0
0
0
-1
0
0
0
0
0
0
0
0
0
1
0
1
0
0
0
0
0
0
1
-1
0
1
-1
0
0
0
0
0
0
0
-1
0
0
0
-1
0
-1
0
0
0
0
0
-1
0
0
0
0
0
0
-1
0
0
0
0
0
0
0
0
-1
-1
0
0
0
0
0
1
0
0
0
0
0
-1
0
0
0
0
0
0
0
0
0
1
0
1
0
0
1
-1
1
0
0
0
-1
-1
0
0
0
-1
0
-1
0
0
0
-1
0
0
0
0
1
0
0
0
0
0
0
1
0
1
0
0
0
0
0
0
1
0
0
0
1
1
0
0
0
0
0
0
0
0
-1
1
0
0
0
0
0
0
0
1
0
0
-1
0
0
0
-1
-1
0
0
1
0
-1
0
0
0
0
0
0
-1
-1
0
0
-1
1
0
1
0
0
0
0
0
0
1
0
0
0
-1
0
0
0
0
0
1
-1
0
0
0
0
0
0
0
0
0
1
0
0
0
0
0
0
-1
0
0
-1
0
0
-1
0
0
0
0
0
0
0
0
1
0
0
-1
1
0
0
-1
-1
0
0
0
1
-1
0
0
0
-1
1
0
0
0
1
-1
0
0
0
0
0
0
0
0
0
0
0
-1
0
0
0
0
0
0
0
0
0
0
1
-1
0
0
-1
1
0
0
0
0
0
0
0
0
0
0
0
0
0
0
-1
0
0
0
0
0
0
0
-1
0
0
0
-1
0
0
-1
-1
0
0
0
0
0
1
1
-1
0
-1
0
0
0
0
0
0
0
0
1
0
0
0
0
-1
1
0
0
1
0
0
0
0
0
1
1
0
0
0
0
0
-1
0
-1
1
0
1
0
0
1
0
0
1
0
0
0
1
-1
-1
1
0
0
0
-1
0
0
1
0
0
0
0
0
0
-1
0
0
0
-1
0
0
1
1
-1
0
0
0
0
0
0
0
0
0
-1
1
0
0
1
0
0
0
0
1
-1
0
0
0
0
-1
1
0
0
-1
0
0
0
0
0
-1
0
-1
1
0
0
1
0
0
0
0
0
0
0
0
-1
0
0
0
1
0
1
0
0
0
0
-1
0
0
1
1
0
0
0
-1
-1
0
0
0
-1
0
0
1
0
1
0
0
1
0
0
1
0
0
0
0
0
0
0
0
0
0
0
-1
1
0
0
0
0
0
0
0
0
0
0
-1
0
-1
0
0
0
0
0
-1
0
0
0
1
0
0
0
0
0
0
0
0
0
-1
1
1
-1
0
0
0
0
0
0
0
0
0
0
0
0
0
-1
0
0
0
0
0
0
0
0
-1
0
0
0
0
-1
0
-1
0
0
0
0
0
-1
0
0
-1
0
0
0
1
0
0
0
0
0
0
1
0
0
0
0
0
1
0
0
0
1
1
0
0
0
0
0
0
0
0
1
1
1
0
0
-1
0
0
0
-1
-1
0
0
0
0
0
0
0
0
0
0
0
0
0
0
0
0
0
0
0
0
0
1
1
1
0
-1
0
0
0
0
0
0
1
-1
-1
0
0
0
0
0
1
0
-1
0
0
0
0
0
0
0
0
-1
0
0
0
0
1
0
0
0
0
0
-1
1
1
0
0
0
0
1
0
0
0
0
0
0
0
0
0
0
0
0
1
0
0
0
0
0
0
1
0
0
0
0
0
0
0
0
0
0
1
0
-1
0
0
0
0
-1
0
0
0
0
0
0
-1
0
0
-1
0
0
0
-1
1
0
0
0
0
0
0
0
0
0
0
0
0
0
-1
0
-1
0
0
0
0
0
0
0
0
0
1
0
0
0
0
0
0
0
0
0
0
0
1
0
0
0
0
0
0
0
0
0
-1
0
0
1
0
0
0
0
0
0
0
1
0
0
0
0
0
0
-1
0
1
0
0
0
0
0
0
0
0
-1
0
0
0
0
0
0
0
0
1
0
-1
0
1
0
0
-1
0
0
0
0
-1
0
0
0
0
1
0
0
0
0
0
0
0
0
-1
0
0
0
0
0
0
0
0
0
1
0
0
0
0
0
1
0
0
1
0
1
-1
0
0
0
0
0
0
0
0
-1
0
-1
-1
0
0
0
0
0
0
0
0
0
0
-1
0
-1
0
0
0
0
0
0
-1
0
0
0
0
0
0
0
0
0
0
0
0
0
0
0
0
0
1
1
0
-1
0
0
0
0
0
0
0
0
0
0
0
0
0
0
0
0
1
0
0
0
0
0
1
0
0
0
0
0
0
0
-1
-1
0
0
0
0
0
-1
-1
0
0
0
-1
1
0
0
-1
0
0
0
0
0
0
0
0
0
0
0
0
0
0
0
0
1
0
0
-1
0
0
0
0
0
0
1
0
0
-1
-1
0
0
0
0
-1
0
0
0
0
0
1
0
0
1
0
1
0
0
0
0
0
0
-1
0
0
0
0
0
0
1
0
0
0
0
0
0
-1
-1
0
-1
0
0
0
0
0
0
0
0
0
0
0
0
0
0
-1
0
0
0
0
1
0
0
0
0
0
0
0
0
0
0
-1
1
-1
0
0
0
0
0
0
0
0
1
0
1
0
0
0
1
-1
0
0
0
0
0
0
0
0
0
0
-1
0
0
0
0
1
1
0
1
0
0
0
0
0
0
0
0
0
0
-1
-1
-1
-1
0
0
0
0
0
-1
0
0
0
0
0
-1
0
-1
0
1
0
0
1
0
0
-1
0
-1
0
0
0
-1
0
1
-1
0
0
0
0
-1
0
1
0
-1
1
1
0
1
-1
0
0
1
0
0
-1
1
0
0
1
0
0
0
0
1
0
0
0
0
1
0
-1
0
-1
0
1
0
1
-1
0
1
0
0
0
0
0
-1
0
0
0
0
0
0
0
0
0
0
-1
0
1
0
1
0
-1
0
0
1
0
0
0
0
0
0
-1
0
-1
0
0
0
0
0
0
0
1
0
1
0
0
0
0
0
-1
0
0
0
0
0
-1
0
0
0
0
0
0
1
0
0
0
0
1
0
0
0
0
0
0
0
0
0
-1
0
1
0
0
0
0
0
0
0
0
0
0
0
0
0
0
0
-1
1
0
0
0
-1
0
0
0
1
0
0
0
-1
0
0
0
0
1
1
0
1
0
0
-1
0
-1
0
0
0
0
0
0
0
0
0
0
0
0
0
1
0
0
0
0
0
0
0
0
0
0
0
0
0
0
0
0
0
0
1
0
0
0
1
0
0
0
0
0
0
0
0
1
1
0
0
1
0
0
0
0
0
1
0
0
-1
1
0
-1
-1
0
0
0
0
0
1
0
1
0
0
0
1
0
-1
0
-1
0
0
-1
0
0
0
-1
0
0
0
0
0
0
0
0
1
-1
0
0
0
0
-1
0
0
0
0
0
1
0
0
0
0
0
0
0
0
1
1
0
0
0
0
0
0
0
0
0
1
0
-1
0
0
0
0
0
0
0
0
0
0
1
0
1
1
1
0
0
0
0
0
0
0
0
0
0
0
0
-1
0
0
0
-1
0
-1
0
0
0
0
0
0
0
-1
1
0
1
0
0
0
0
1
1
0
-1
0
1
-1
0
0
0
0
0
0
0
0
0
0
0
0
0
1
-1
0
0
0
0
0
0
0
-1
0
-1
0
0
0
0
0
-1
0
1
0
0
0
1
0
0
0
0
0
0
0
0
0
0
0
0
0
0
1
0
1
0
-1
-1
-1
0
0
0
0
0
0
0
-1
0
0
1
-1
0
1
0
0
0
0
0
0
0
-1
0
0
0
0
0
0
0
0
0
0
0
0
0
0
0
0
0
0
0
0
0
0
1
0
1
0
0
0
1
0
0
-1
1
0
-1
0
0
-1
0
0
0
0
-1
0
0
0
0
1
0
0
0
1
0
0
1
-1
0
0
0
0
0
0
-1
0
1
0
0
0
1
-1
0
0
0
-1
0
0
0
-1
0
1
0
-1
0
0
-1
-1
0
0
0
0
-1
-1
-1
0
0
0
0
0
0
0
0
0
1
0
-1
0
1
0
1
0
0
0
-1
0
0
0
0
0
0
-1
1
0
0
0
0
1
0
0
0
-1
0
1
0
0
0
0
0
0
0
0
0
0
-1
1
-1
0
1
0
0
0
0
0
0
0
0
0
0
0
0
0
0
0
1
0
0
0
0
-1
1
0
0
0
0
0
0
0
0
0
0
0
0
-1
0
0
0
-1
0
0
1
1
0
0
0
0
-1
0
1
0
-1
0
0
0
0
-1
0
0
0
0
0
-1
-1
0
0
0
0
1
0
0
0
0
-1
0
0
0
0
0
0
0
0
1
0
-1
0
0
-1
0
0
0
0
0
0
0
0
0
0
0
1
0
0
0
0
-1
-1
0
-1
0
0
0
-1
0
0
0
0
1
1
-1
0
0
-1
-1
0
0
-1
0
0
-1
0
0
-1
1
-1
0
0
-1
0
0
0
0
0
0
0
1
0
0
-1
1
1
0
0
0
0
0
0
0
0
0
1
0
0
0
0
0
0
-1
0
0
-1
0
0
1
0
0
1
0
0
0
1
0
0
0
0
0
0
1
-1
0
0
0
1
0
-1
0
0
0
0
0
-1
0
0
0
0
1
0
0
1
0
0
0
1
0
0
0
0
0
1
0
0
0
0
0
0
0
1
0
0
0
0
-1
0
0
-1
-1
0
-1
0
0
0
1
1
0
0
0
-1
1
0
0
0
0
1
0
1
0
0
1
1
0
0
0
0
0
-1
0
0
0
-1
0
0
1
0
0
0
0
1
0
1
0
0
0
0
-1
0
0
0
0
0
-1
0
0
0
1
1
0
0
-1
0
0
1
0
0
-1
1
0
0
0
0
-1
0
0
0
0
0
0
0
0
0
0
0
1
0
0
0
-1
0
1
0
0
1
-1
0
-1
-1
0
0
0
0
0
0
0
0
-1
0
-1
1
0
1
1
0
0
0
0
0
0
0
0
0
0
0
0
0
0
1
0
-1
0
0
0
0
0
0
-1
0
0
-1
0
0
0
0
0
0
0
1
1
0
0
0
0
0
0
0
-1
0
0
0
0
0
0
-1
-1
0
0
0
0
0
1
0
1
-1
0
0
-1
0
0
0
1
0
0
0
0
0
0
0
1
0
1
0
0
0
-1
-1
0
0
0
0
1
0
-1
0
0
0
0
1
0
-1
0
0
0
0
0
1
0
0
0
0
0
0
0
0
0
0
1
0
0
0
0
0
0
0
0
0
0
0
0
0
-1
-1
0
0
0
0
0
0
-1
0
0
-1
0
0
0
0
0
0
0
0
0
0
0
0
0
0
0
0
0
-1
0
0
1
0
0
-1
1
0
0
0
0
0
0
0
0
0
0
-1
1
0
0
-1
0
0
0
1
0
-1
0
0
0
0
0
0
0
1
-1
0
-1
0
-1
-1
0
0
0
1
0
0
0
0
0
1
0
-1
-1
0
0
0
0
0
0
0
-1
0
-1
0
1
0
0
0
0
1
0
0
0
0
0
-1
-1
0
0
0
0
-1
0
1
0
1
0
0
0
0
-1
0
0
0
-1
0
0
0
0
0
0
0
0
-1
0
0
0
1
0
1
0
-1
0
1
0
0
-1
0
0
0
0
0
0
1
0
1
0
0
0
0
0
1
0
1
0
0
0
1
0
0
0
0
0
-1
0
0
0
0
0
0
0
0
0
-1
0
0
0
0
0
0
0
0
0
0
1
0
1
0
0
1
0
0
1
0
0
1
0
0
1
0
0
0
0
0
0
0
0
0
0
0
1
0
0
-1
0
0
-1
0
-1
0
0
1
1
0
0
0
-1
0
0
0
0
0
0
1
0
0
-1
0
0
0
0
-1
0
1
0
0
0
0
0
-1
0
0
0
0
0
0
0
1
0
0
0
0
0
-1
0
0
0
0
0
1
0
0
0
0
0
0
0
1
0
-1
0
-1
1
0
0
0
0
-1
0
-1
0
0
0
0
-1
1
0
0
0
1
0
-1
0
1
1
0
-1
0
0
0
0
0
0
0
0
-1
0
0
0
0
1
-1
0
0
-1
0
0
0
0
0
1
1
0
0
0
-1
-1
0
0
0
1
0
0
0
0
0
0
1
0
0
-1
0
0
1
0
0
0
0
0
1
0
0
-1
0
0
0
0
0
0
0
0
1
0
0
0
0
0
0
0
0
1
0
0
0
0
0
0
-1
0
0
0
0
1
0
0
1
0
0
0
1
-1
0
-1
0
0
0
1
0
0
0
0
0
0
1
0
0
0
0
0
0
0
0
0
-1
0
0
0
1
0
0
0
1
0
0
0
0
0
0
0
0
0
0
1
0
1
0
-1
0
0
-1
0
0
0
-1
0
0
0
-1
0
-1
1
-1
1
0
0
0
0
0
1
0
1
0
0
0
0
0
0
0
0
0
0
0
1
0
0
-1
0
0
0
0
0
0
0
0
0
0
-1
0
0
1
0
0
-1
0
0
0
0
0
0
0
0
-1
0
1
0
0
0
0
1
0
0
0
0
0
-1
0
0
-1
0
0
0
0
0
0
0
0
0
0
0
1
1
1
1
0
0
-1
1
0
0
0
0
0
0
0
0
0
0
0
0
1
0
0
1
0
1
0
0
1
0
0
0
0
1
0
0
-1
0
0
1
1
0
0
-1
0
-1
-1
0
0
0
1
1
0
-1
0
1
0
0
0
0
1
0
1
-1
0
1
0
0
0
-1
0
0
0
1
0
-1
0
-1
-1
0
0
1
0
0
0
1
1
0
0
1
1
-1
0
-1
0
0
0
1
0
0
0
0
-1
0
0
-1
0
0
-1
-1
1
0
0
0
0
-1
0
1
0
0
0
-1
1
0
1
0
1
-1
0
0
0
-1
0
0
0
0
0
0
0
0
0
0
0
0
0
0
0
0
0
1
0
0
0
0
1
0
0
0
0
0
0
0
0
0
0
0
0
0
0
0
0
0
0
0
0
1
0
0
0
0
-1
0
0
1
0
0
0
0
0
-1
0
0
0
0
0
0
-1
0
0
-1
0
0
0
-1
0
0
0
0
-1
0
0
0
0
0
0
0
0
0
0
0
0
0
0
0
-1
0
0
0
-1
0
-1
0
-1
0
0
0
0
1
0
0
0
0
-1
1
0
0
0
0
0
1
0
0
0
0
0
0
1
0
0
0
0
-1
0
-1
0
0
0
0
0
0
0
0
0
0
0
0
0
0
0
0
0
1
0
1
1
0
1
0
0
0
0
0
1
0
1
0
0
0
1
0
0
-1
0
0
1
0
-1
0
0
0
0
-1
-1
1
0
0
1
0
0
1
0
0
0
-1
1
0
0
0
0
0
0
-1
0
0
0
0
0
0
0
0
0
0
0
0
0
0
0
0
0
0
0
0
-1
0
-1
0
-1
0
0
0
0
0
-1
0
-1
1
0
0
0
0
0
-1
0
-1
0
-1
0
0
0
0
-1
0
-1
0
1
0
0
0
0
0
0
1
0
0
0
0
0
0
-1
0
0
0
0
0
0
0
0
1
0
1
1
0
0
0
0
0
0
0
0
0
0
1
0
1
0
0
0
0
0
0
0
1
0
0
0
1
0
1
1
0
0
0
0
-1
0
0
1
0
0
0
0
0
0
0
0
0
0
0
0
0
-1
0
0
0
0
0
0
0
0
0
-1
0
1
0
0
0
0
0
0
0
-1
1
0
0
0
1
0
1
0
0
0
0
0
0
0
-1
0
1
0
0
0
1
0
0
0
0
-1
1
1
0
0
1
0
0
0
0
0
0
0
0
-1
0
0
0
0
1
0
0
0
0
0
0
-1
-1
1
0
0
1
0
0
-1
0
-1
1
0
1
0
0
0
0
1
-1
0
0
0
0
0
0
0
0
0
0
0
0
0
0
-1
0
0
0
0
1
0
0
0
0
0
0
0
0
-1
0
0
0
-1
0
0
1
0
-1
0
0
0
0
1
1
1
0
0
-1
0
0
-1
0
0
0
0
-1
0
0
0
0
0
0
1
0
0
0
0
0
1
0
0
0
0
0
0
0
-1
1
-1
0
-1
0
0
0
0
-1
0
0
0
0
0
0
0
0
0
1
0
0
0
0
0
0
0
0
0
0
0
0
0
0
-1
0
0
0
1
0
0
0
0
-1
0
-1
0
1
0
0
1
0
0
0
0
0
0
0
0
0
0
1
-1
0
-1
0
0
-1
0
0
0
0
-1
0
0
0
0
0
1
0
0
0
0
0
0
0
-1
0
0
0
0
0
0
-1
0
0
0
0
0
0
-1
0
-1
0
0
0
0
1
0
0
0
0
0
0
0
0
0
0
0
0
1
0
0
0
0
1
0
-1
0
1
0
0
0
0
0
0
0
-1
-1
0
0
0
1
0
-1
0
0
-1
0
0
0
-1
0
0
1
0
0
0
0
0
0
1
0
0
0
0
1
0
0
0
1
1
0
0
0
0
0
0
1
0
1
0
0
0
1
0
0
0
-1
1
1
0
-1
0
0
0
0
0
0
0
0
0
0
0
1
0
1
0
0
0
0
0
-1
0
1
0
0
-1
0
-1
0
0
-1
0
0
0
0
0
0
0
0
0
0
0
0
0
0
0
0
0
0
0
0
0
0
0
0
0
0
0
0
0
0
0
0
0
-1
0
0
0
0
0
0
0
-1
0
0
0
0
0
0
0
0
0
0
0
0
0
0
0
0
0
0
0
0
0
0
1
-1
0
0
0
0
0
0
0
1
0
0
0
0
0
-1
0
0
0
0
0
0
0
0
0
0
-1
-1
-1
-1
0
-1
0
0
0
0
0
0
-1
-1
0
-1
0
0
0
-1
0
0
0
0
0
0
0
1
0
0
0
0
0
0
0
0
0
0
1
1
0
0
0
0
0
0
0
0
0
0
0
1
0
0
0
0
0
1
1
0
0
0
0
0
-1
0
0
0
0
0
0
1
0
0
1
0
0
0
1
0
0
1
0
1
1
0
0
0
0
0
0
0
0
0
0
1
0
1
1
-1
0
0
0
0
0
0
0
0
0
0
0
1
0
0
1
0
0
0
1
0
0
0
-1
0
0
0
0
0
0
0
0
0
0
1
0
0
0
-1
-1
0
0
0
0
0
0
0
0
0
0
-1
0
1
0
0
0
0
0
0
0
-1
0
1
0
0
0
0
-1
0
-1
-1
0
0
0
0
1
0
0
0
0
0
0
0
0
1
1
0
1
-1
0
0
0
0
0
0
0
0
0
0
0
0
0
0
0
0
0
0
0
0
0
0
0
0
0
0
0
0
-1
1
0
1
0
0
1
0
0
0
0
0
1
-1
0
0
0
0
0
1
0
0
-1
0
0
0
0
1
0
0
1
-1
-1
0
0
0
0
0
0
0
0
0
0
0
-1
0
0
0
1
0
0
0
0
1
0
-1
-1
0
0
0
-1
0
0
0
0
0
-1
0
0
0
0
-1
0
0
0
0
0
0
0
0
0
0
0
0
0
0
-1
0
0
0
0
0
0
0
0
0
1
0
-1
0
0
0
0
0
0
0
0
0
0
0
0
0
0
0
0
0
0
0
-1
0
0
0
0
0
0
0
0
0
0
0
0
0
1
0
0
0
0
0
0
0
1
0
0
0
1
1
0
0
0
-1
1
1
0
0
0
0
0
0
0
1
0
0
0
1
0
0
0
0
0
-1
0
0
0
0
0
0
0
0
0
0
-1
-1
-1
0
0
0
0
-1
0
0
0
0
0
0
0
0
0
1
0
1
0
0
0
0
0
0
1
-1
0
1
-1
0
0
0
0
0
0
0
-1
0
0
0
-1
0
-1
0
0
0
0
0
-1
0
0
1
1
1
1
-1
1
1
0
1
0
1
1
1
1
1
2
2
3
2
2
3
2
1
1
0
0
-1
0
0
0
1
1
1
1
0
0
1
-1
0
-1
-1
0
-2
0
-1
0
0
-1
0
1
1
1
0
1
0
0
0
0
-1
0
0
0
0
1
0
0
0
0
0
0
1
0
1
0
0
0
0
0
0
1
0
0
0
1
1
1
0
1
1
1
1
0
0
-1
1
-1
-1
-2
-2
-2
-2
-3
-2
-3
-3
-5
-3
-3
-3
-4
-4
-2
-2
0
-1
-2
0
0
1
1
2
2
1
1
3
3
2
4
3
4
3
3
3
3
2
2
3
2
2
2
0
2
1
2
2
2
3
1
2
3
3
3
4
5
5
6
6
8
8
9
11
12
13
13
11
11
10
8
9
9
6
6
5
3
1
-1
-2
-4
-7
-8
-13
-16
-21
-23
-27
-31
-35
-39
-40
-42
-43
-42
-43
-41
-39
-37
-36
-33
-32
-30
-28
-25
-24
-20
-16
-13
-10
-7
-4
-2
0
1
3
4
4
5
6
6
7
7
7
8
8
8
9
10
9
11
12
13
17
18
21
24
28
31
35
38
43
47
50
54
57
60
62
63
66
67
67
66
65
63
61
57
55
52
49
45
42
38
32
28
25
22
19
15
11
7
1
-7
-13
-20
-25
-30
-36
-41
-46
-51
-54
-57
-58
-60
-61
-63
-65
-68
-68
-71
-73
-74
-76
-78
-80
-81
-81
-79
-77
-75
-72
-69
-66
-63
-60
-55
-52
-44
-38
-30
-26
-17
-9
-5
3
12
16
23
33
43
46
54
66
74
80
87
95
104
111
118
124
128
132
135
139
139
136
138
140
139
136
136
137
135
129
119
113
105
95
84
75
66
56
44
33
24
16
3
-7
-10
-13
-17
-21
-21
-19
-23
-27
-30
-29
-29
-33
-37
-42
-46
-57
-74
-91
-103
-120
-142
-162
-176
-198
-223
-247
-271
-303
-336
-358
-378
-398
-414
-425
-439
-449
-452
-449
-447
-440
-423
-401
-372
-337
-298
-259
-216
-170
-118
-68
-14
41
96
151
207
259
307
350
390
425
452
476
495
514
524
531
532
532
530
520
507
493
475
456
434
410
388
362
333
305
284
266
243
223
210
194
178
165
157
151
146
144
144
145
143
139
139
141
145
146
149
151
147
138
128
114
93
68
44
23
0
-28
-57
-87
-127
-168
-202
-231
-261
-296
-327
-359
-413
-484
-558
-633
-718
-809
-899
-984
-1074
-1167
-1260
-1349
-1425
-1474
-1493
-1475
-1411
-1309
-1188
-1054
-899
-729
-558
-380
-176
42
244
440
637
810
929
1017
1098
1156
1181
1198
1212
1197
1146
1077
1006
916
808
709
630
558
482
416
367
309
237
173
135
106
80
73
85
88
86
92
88
69
53
44
32
23
25
25
18
6
-2
-2
0
-2
11
34
51
67
103
134
135
143
171
192
204
240
295
332
360
402
434
432
423
420
406
385
381
377
345
306
282
241
156
57
-23
-90
-168
-262
-350
-412
-475
-583
-719
-814
-883
-997
-1138
-1232
-1301
-1412
-1556
-1678
-1789
-1903
-1976
-1974
-1899
-1750
-1555
-1355
-1116
-788
-462
-240
-17
330
680
903
1127
1470
1740
1768
1749
1853
1893
1724
1567
1582
1551
1318
1106
1044
903
561
278
206
131
-70
-182
-109
-103
-286
-422
-396
-437
-625
-718
-618
-551
-623
-652
-566
-565
-730
-847
-776
-680
-674
-609
-402
-246
-236
-196
-54
15
-13
69
288
446
546
720
863
835
776
832
880
829
821
909
955
894
847
838
759
586
464
476
515
480
449
492
487
340
206
203
168
12
-69
5
-7
-154
-197
-136
-234
-432
-418
-270
-316
-440
-315
-159
-313
-455
-236
-51
-223
-302
-40
64
-188
-318
-203
-316
-727
-974
-982
-1164
-1564
-1785
-1783
-1910
-2141
-2074
-1757
-1622
-1624
-1337
-876
-704
-664
-284
202
331
405
865
1324
1334
1278
1522
1659
1411
1241
1405
1442
1134
943
1031
929
530
316
345
180
-139
-172
-15
-104
-343
-359
-283
-435
-627
-538
-366
-430
-529
-377
-223
-340
-459
-351
-295
-436
-434
-190
-67
-122
-28
176
188
131
292
495
489
480
647
758
693
674
737
663
504
493
567
520
457
522
570
504
474
584
650
557
478
549
591
484
431
486
437
221
197
271
134
31
68
81
-99
-150
39
-38
-270
-206
1
-104
-289
-101
188
71
-226
-103
191
59
-293
-204
85
-61
-390
-295
-26
-274
-657
-713
-756
-1036
-1442
-1674
-1853
-2134
-2374
-2500
-2451
-2281
-2190
-2138
-1802
-1285
-1059
-1024
-660
-133
20
116
656
1216
1304
1330
1684
1929
1761
1627
1797
1849
1571
1394
1476
1364
951
706
675
458
151
145
238
57
-170
-149
-161
-419
-574
-474
-461
-593
-533
-312
-254
-349
-374
-335
-361
-444
-416
-224
-86
-94
18
254
277
171
263
378
319
337
479
516
502
543
499
415
457
494
403
372
480
579
571
476
446
518
546
448
371
394
421
426
387
255
143
215
134
-16
-32
-80
-29
39
25
-180
-168
34
112
-63
-353
10
241
176
-90
-173
441
327
-146
-179
275
546
58
-88
341
564
132
-206
-30
53
-356
-887
-806
-769
-1462
-2132
-2136
-2207
-2911
-3251
-2708
-2411
-2801
-2648
-1775
-1483
-1821
-1540
-698
-417
-457
155
1020
1236
1194
1587
1988
1871
1696
1913
2134
1980
1796
1909
1918
1489
1119
1127
974
525
438
639
443
44
-26
-65
-387
-664
-715
-725
-745
-738
-669
-510
-426
-559
-672
-605
-554
-580
-486
-274
-134
-78
19
156
219
225
305
453
516
519
612
713
656
526
516
574
574
517
549
659
711
642
509
573
724
562
231
305
541
408
179
303
463
36
-30
303
-34
-518
-329
326
-201
-1025
-204
412
-382
-801
-88
129
-377
-282
218
67
-269
259
480
-72
108
658
363
-39
372
814
398
-68
306
542
-18
-393
-131
-61
-649
-1090
-992
-1137
-1701
-2176
-2371
-2511
-2855
-2945
-2543
-2456
-2559
-2085
-1542
-1454
-1320
-811
-350
-232
67
771
1249
1374
1612
1948
2088
2041
2013
2051
2012
1869
1803
1822
1627
1238
1040
897
472
145
241
288
5
-263
-372
-518
-732
-907
-967
-882
-783
-747
-594
-343
-321
-518
-575
-450
-388
-401
-254
4
103
73
133
305
333
213
235
458
556
474
461
566
660
512
500
601
641
718
703
678
663
583
565
448
455
390
269
576
401
416
174
377
471
-20
11
208
145
28
-15
-312
102
22
-546
-316
-274
27
-315
-584
82
265
-290
-481
267
534
191
112
747
806
442
286
381
698
81
-197
-38
160
-24
-636
-557
-139
-519
-1232
-1208
-888
-1678
-2237
-2264
-2327
-2707
-3032
-2560
-2252
-2323
-2250
-1386
-842
-1117
-962
-452
93
66
321
1104
1556
1641
1669
2041
2048
1799
1843
1965
1884
1693
1661
1523
1257
997
690
349
167
111
-54
-235
-326
-380
-527
-776
-949
-893
-764
-746
-682
-450
-234
-163
-197
-248
-222
-141
-142
-85
220
420
269
223
511
571
247
207
509
506
215
318
690
568
306
455
750
489
320
696
882
455
255
818
844
199
-91
887
1057
201
-254
555
686
-39
-393
22
202
-246
-413
-84
31
-575
-289
-126
-71
-210
-170
199
-212
-119
211
75
-207
90
544
404
68
353
539
205
29
210
94
-142
-198
139
-20
-309
-242
-353
-209
-492
-892
-839
-1011
-1334
-1562
-1708
-2058
-2367
-2485
-2330
-2112
-2150
-2026
-1619
-1183
-1001
-896
-520
-115
37
241
763
1184
1278
1429
1736
1800
1650
1698
1854
1753
1489
1427
1474
1213
733
553
589
250
-297
-337
-86
-274
-651
-503
-284
-715
-1065
-681
-405
-794
-903
-289
18
-427
-513
38
57
-266
-184
328
420
-142
120
707
516
120
141
747
710
-23
275
917
620
253
503
1044
889
245
469
999
1009
682
495
816
1059
803
289
333
887
531
-225
53
736
280
-754
-365
503
32
-835
-568
370
-105
-1189
-577
111
-496
-878
-502
177
194
-491
-187
308
-67
19
265
200
341
276
403
623
87
-91
307
213
-89
34
367
87
-426
-300
-185
-836
-1407
-1012
-891
-1667
-2016
-1721
-1973
-2747
-2622
-1841
-1895
-2387
-1829
-720
-696
-1275
-870
60
128
-140
461
1317
1295
1091
1670
2107
1648
1263
1598
1857
1429
1093
1333
1240
674
471
412
26
-329
-371
-243
-306
-565
-541
-376
-541
-741
-695
-657
-656
-474
-259
-274
-277
27
148
-196
-214
251
260
51
447
804
613
507
613
544
310
254
588
803
587
578
901
1040
880
620
550
849
971
807
876
807
716
783
369
-87
123
257
226
87
-428
-163
-22
-255
-147
-503
-557
-541
-509
-226
-441
-667
-211
334
-363
-737
-80
54
94
6
206
499
-3
62
338
145
-32
64
628
609
244
177
197
252
-248
-474
-105
-132
-517
-844
-701
-577
-981
-1574
-1296
-977
-1691
-1458
-904
-1101
-1872
-2717
-2161
-1807
-2163
-1682
-609
-145
-561
-468
332
453
-38
205
941
1204
1248
1753
2189
1607
961
1041
1093
946
996
1176
1188
842
459
279
-57
-536
-765
-694
-545
-427
-296
-316
-494
-606
-804
-983
-717
-266
-160
-347
-210
367
383
-158
18
565
358
52
441
967
1005
645
414
649
887
714
576
710
798
755
633
634
894
882
395
364
859
861
444
527
924
556
-367
-366
632
519
-650
-616
392
345
-795
-796
239
247
-952
-1161
244
300
-860
-904
109
488
-854
-868
700
542
-550
-532
1036
1036
-533
-83
879
682
-431
-250
948
614
265
67
142
302
-252
-224
-322
-443
-312
-699
-634
-602
-1031
-1185
-1190
-1409
-1725
-1621
-1663
-2011
-2087
-1847
-1713
-1979
-1896
-1334
-921
-745
-481
-113
104
238
476
827
1052
1106
1250
1536
1632
1494
1409
1369
1307
1178
918
710
703
637
255
-68
36
-40
-423
-443
-361
-589
-797
-695
-427
-586
-878
-451
-192
-473
-280
83
153
78
62
309
374
114
522
952
525
428
784
1024
721
560
887
888
812
626
866
920
522
687
568
474
806
624
67
200
646
395
4
1
231
256
-134
-57
4
32
-108
-211
225
-245
-376
-208
147
-97
-704
-353
121
-171
-481
-381
159
22
-679
-621
367
476
-100
-52
776
693
-260
81
717
481
-151
242
989
263
-373
-122
173
-209
-595
-263
-191
-514
-669
-851
-1255
-1530
-1716
-1863
-1990
-2342
-2512
-2278
-2124
-2253
-2307
-2003
-1398
-941
-871
-599
-39
64
43
588
1066
1138
1353
1690
1794
1612
1470
1682
1724
1285
1108
1281
1067
555
390
446
71
-517
-463
-114
-347
-662
-487
-433
-772
-985
-736
-388
-524
-630
-129
168
-2
124
375
219
52
411
846
680
470
735
837
515
319
571
867
837
663
732
959
943
651
625
858
610
427
462
407
640
522
80
-54
-18
-30
135
282
-180
-279
186
199
-161
-564
-139
226
-636
-682
333
288
-675
-603
-63
35
-198
-301
377
-131
-491
196
166
57
104
680
792
287
-34
158
691
196
-252
186
701
300
-505
-241
433
-21
-953
-400
324
-321
-1179
-1200
-749
-1325
-2244
-2269
-2260
-2560
-2917
-2608
-2060
-2316
-2439
-2108
-1511
-1073
-1012
-411
150
343
675
1056
1589
1832
1728
1762
1979
2080
1963
1948
1877
1675
1346
1088
869
656
639
287
-121
-338
-369
-511
-1009
-1067
-883
-976
-1241
-1203
-853
-777
-899
-701
-279
-77
-2
69
312
556
487
372
554
900
753
665
1030
1083
1021
893
893
982
607
613
831
817
730
500
511
418
408
457
272
359
259
213
473
241
61
104
-2
131
186
-78
-33
63
-98
-163
-174
379
384
-332
-406
-186
199
-211
-458
-67
202
214
-124
163
-91
1
499
262
22
-67
335
426
352
-64
98
673
427
271
-205
42
512
45
-406
-552
-441
-532
-1126
-1699
-1523
-1692
-2414
-2842
-2881
-2907
-3418
-3359
-2720
-2550
-2842
-2463
-1466
-1245
-1117
-380
324
636
901
1529
2181
2373
2280
2467
2664
2419
2280
2586
2533
1951
1678
1568
1099
655
506
359
55
-213
-371
-679
-980
-910
-969
-1438
-1515
-1026
-905
-1283
-1185
-601
-473
-678
-461
-5
152
181
472
711
559
570
958
1172
1133
1131
1347
1441
1045
764
1138
1279
609
239
762
1018
342
38
295
422
431
144
137
600
770
116
-52
261
178
244
-92
98
308
-102
-422
-523
121
-217
-804
-469
116
597
-156
-980
-522
47
23
-219
-345
581
705
-418
-616
-77
1198
975
-290
53
1131
1298
-169
-394
605
254
-329
-48
440
217
-655
-1288
-1092
-928
-1332
-1816
-2271
-2698
-3287
-3979
-4306
-4095
-3691
-3444
-3147
-2358
-1409
-1276
-1545
-925
137
589
1135
2289
2972
2758
2487
2641
2903
2991
3142
3365
3148
2606
2274
1939
1282
641
327
160
-64
-259
-427
-836
-1441
-1778
-1732
-1635
-1604
-1465
-1229
-1264
-1618
-1663
-1187
-766
-787
-843
-435
-173
-473
-339
307
551
629
992
1592
2102
1954
1636
1821
1787
1438
1554
1784
1756
1584
1207
819
563
450
653
688
332
459
361
-428
-584
58
310
-132
-170
273
628
24
-472
227
12
-749
-507
839
1150
-420
-790
139
400
-598
-1019
449
1037
-338
-949
-70
209
-309
-321
310
675
328
130
413
521
298
89
163
535
522
2
-104
87
-41
-576
-1402
-1628
-1245
-1867
-3355
-4076
-4123
-4703
-5604
-5408
-4160
-3322
-3037
-2627
-2323
-2267
-1882
-864
492
1764
2576
2829
2933
3138
3204
3234
3661
4314
4507
4014
3413
3099
2604
1645
990
1089
1114
555
93
-16
-491
-1459
-2104
-2032
-1660
-1406
-1349
-1507
-1883
-2285
-2403
-2077
-1463
-947
-840
-1016
-1097
-986
-919
-891
-506
312
933
958
985
1446
1723
1510
1574
2189
2571
2494
2403
2196
1790
1586
1567
1440
1283
1163
918
435
62
-161
-394
-294
-170
-241
-328
-585
-807
-654
-583
-346
17
-379
-204
124
-97
-179
-285
108
144
19
272
603
704
-57
-482
110
948
943
562
225
127
333
33
318
607
368
118
-384
-288
-165
-171
190
-295
-864
-627
-1214
-1973
-2224
-2684
-3232
-4476
-5753
-6511
-6673
-5533
-3597
-1938
-2083
-3314
-3462
-2494
-1201
96
1939
3687
3736
2888
2656
3176
3941
4556
5158
5557
5239
4489
3917
3183
2076
1283
1100
1295
1357
922
122
-961
-2114
-2606
-2137
-1441
-1276
-1614
-2087
-2642
-3115
-3062
-2387
-1582
-1105
-975
-1061
-1215
-1516
-1804
-1682
-1042
14
848
1060
819
386
339
849
1889
3050
3518
3330
2679
2275
2138
1931
2290
2680
2586
2029
1254
868
696
411
202
122
-136
-291
-239
-217
-597
-1151
-1140
-1083
-975
-518
-192
-294
-748
-1003
-618
144
546
518
259
-209
-377
159
995
1446
1581
1327
439
-188
48
634
1032
941
606
257
-350
-681
-382
-36
185
117
-353
-804
-1244
-1715
-2117
-2775
-3601
-4436
-5664
-7067
-7983
-7650
-5171
-1880
-1022
-2964
-4836
-4729
-3045
-725
2045
4564
5067
3472
2013
2379
3961
5233
6083
6724
6304
5083
4226
3699
3112
2485
1978
1758
1708
1607
990
-542
-2160
-2614
-1901
-1049
-823
-1144
-1977
-3440
-4485
-3803
-2123
-1139
-1015
-1099
-1554
-2347
-2571
-1930
-1128
-637
-336
-114
-101
-369
-491
48
928
1524
1963
2517
2860
2693
2336
2286
2660
3248
3505
2976
2089
1433
1091
1146
1463
1622
1301
361
-508
-559
-303
-156
33
-154
-854
-1432
-1488
-1105
-702
-614
-598
-471
-413
-358
-285
-429
-585
-522
-375
111
863
1008
596
288
128
381
1202
1800
1504
630
148
368
674
883
1017
765
141
-532
-720
-595
-1225
-2321
-2760
-3086
-4349
-6368
-8294
-9438
-8922
-5737
-1371
-157
-3539
-7228
-7068
-4137
-1070
2193
5428
5833
2693
-105
753
3997
6791
8211
8255
6737
4522
3328
3566
4141
4291
3994
3145
1894
933
321
-649
-1724
-1722
-698
-130
-685
-1719
-2926
-4312
-4778
-3217
-912
-283
-1435
-2565
-3091
-3484
-3162
-1660
-390
-596
-1339
-1510
-1519
-1610
-1069
34
758
1079
1571
1884
1592
1394
1930
2757
3391
3889
3973
3202
2102
1629
1924
2523
3022
2963
1776
-127
-1168
-666
493
1182
892
-32
-1145
-2066
-1956
-897
-72
112
-246
-877
-1145
-989
-726
-431
-182
-20
50
170
369
331
117
149
619
1214
1353
1113
782
298
157
543
835
845
594
134
-156
-288
-307
-74
-108
-1052
-2494
-3398
-3690
-4417
-6017
-7999
-9499
-8690
-4482
-96
-649
-5590
-8628
-6668
-2835
298
3370
5394
3650
-397
-1588
1656
5889
8255
8662
7383
4883
3075
3436
4942
5772
5457
4294
2580
1132
742
851
399
-283
-224
116
-440
-1641
-2525
-3252
-4018
-3617
-1649
-341
-1445
-3314
-3743
-3209
-2743
-1783
-497
-574
-2013
-2844
-2411
-1577
-585
482
941
724
580
748
990
1435
2289
3215
3651
3596
3484
3183
2340
1752
2427
3623
3950
3260
1900
132
-994
-500
927
1765
1359
7
-1605
-2682
-2524
-1040
624
841
-357
-1377
-1534
-1337
-754
326
878
227
-653
-740
-261
293
809
1054
874
651
661
702
740
955
991
426
-223
-127
464
606
37
-579
-614
-297
-478
-1419
-2429
-3182
-4252
-5778
-7251
-8554
-8876
-6223
-1399
344
-3726
-8709
-8692
-4539
-434
2674
5108
4680
564
-2773
-784
4781
8831
9423
7817
5112
2455
2123
4757
7466
7461
5328
2835
743
-132
688
1722
1461
606
85
-626
-1641
-2121
-2193
-2678
-3063
-2237
-944
-1179
-2987
-4261
-3989
-3159
-2336
-1289
-811
-1862
-3363
-3510
-2344
-1080
-200
311
199
-373
-450
499
1762
2411
2449
2362
2393
2656
3061
3148
2815
2665
2929
3095
2974
2802
2261
1059
130
489
1404
1409
475
-413
-968
-1425
-1502
-862
-67
-108
-1065
-1862
-1631
-738
26
466
542
-4
-843
-1006
-135
976
1361
924
415
468
820
835
606
641
836
661
137
-228
-241
-153
-64
131
253
-159
-1239
-2470
-3054
-2768
-2629
-3889
-6390
-8941
-10273
-8516
-3050
1570
-652
-7636
-10727
-6974
-1568
1994
4747
5694
2175
-2967
-3126
2615
8550
10497
8996
5651
2017
850
3534
7347
8624
6820
3592
583
-576
804
2777
2826
1325
173
-603
-1769
-2361
-1651
-1319
-2345
-2714
-1432
-970
-2761
-4376
-3882
-2577
-1741
-1042
-937
-2425
-4233
-4092
-2247
-728
-217
-220
-808
-1895
-2183
-794
1265
2410
2309
1751
1452
1648
2333
3205
3756
3875
3758
3352
2863
2919
3141
2388
1199
1264
2220
2122
747
-439
-901
-1187
-1272
-689
14
-389
-1823
-2682
-2041
-810
-81
162
138
-386
-1209
-1344
-233
1308
1881
1139
91
-238
205
952
1595
1823
1439
542
-315
-414
255
824
691
77
-560
-866
-911
-1416
-2414
-2833
-2835
-4054
-6449
-8509
-9787
-9328
-5133
473
669
-5838
-11148
-9095
-3148
1027
3621
5764
4214
-1708
-4918
-212
7447
10873
9739
6872
3300
744
2032
6490
9688
8770
4970
1159
-640
262
2808
4320
3214
990
-455
-1332
-1873
-1350
-675
-1489
-2573
-2014
-1265
-2453
-4252
-4281
-2956
-2077
-1818
-1645
-2331
-4272
-5314
-3642
-1058
-123
-528
-1131
-2096
-2720
-1170
1886
3408
2478
1064
624
1080
2331
4023
4854
4108
2684
1755
1828
2909
4108
3879
2072
550
647
1378
1327
807
527
-124
-1413
-1785
-443
633
-273
-1743
-1866
-1287
-1111
-693
83
-202
-1412
-1596
-405
848
1481
1228
226
-309
202
943
1628
2105
1477
161
-336
-149
57
656
1157
535
-489
-884
-1008
-1296
-1763
-2355
-2827
-3671
-5679
-7848
-8815
-8590
-6298
-1659
508
-4057
-10141
-9670
-3946
327
2145
3891
3626
-686
-4181
-1211
5569
9426
8813
6533
3978
1648
1874
5694
9344
8739
5146
2146
661
734
2853
4908
3971
1293
-207
-746
-1275
-1011
-172
-428
-1644
-2149
-1918
-2366
-3545
-3915
-2923
-1905
-1922
-2488
-3080
-3923
-4533
-3604
-1522
-478
-1133
-1938
-2175
-2197
-1303
893
2565
2288
1092
439
853
2311
3966
4637
4111
2977
2091
2305
3369
4018
3647
2508
1117
506
1107
1633
1187
652
271
-872
-2003
-1386
32
-99
-1379
-1784
-1405
-1387
-1309
-625
-229
-687
-1205
-996
-93
792
853
297
157
554
737
704
1012
1420
1122
78
-747
-589
164
681
754
532
-21
-884
-1845
-2508
-2435
-2062
-2749
-4912
-7447
-9159
-8777
-5016
69
682
-4998
-10381
-9102
-3554
722
3155
4555
2485
-2971
-5440
-632
6871
10112
8250
4723
1592
-33
1896
6938
10180
8188
3575
518
-5
1397
3979
5621
4398
1476
-640
-1290
-902
322
1189
251
-1473
-1938
-1688
-2403
-3404
-3089
-1978
-1733
-2470
-2956
-2999
-3608
-4304
-3264
-1236
-1042
-2424
-2726
-2071
-2070
-1622
528
2288
1597
-60
-295
974
2583
3862
4328
3555
2155
1518
2216
3591
4578
4220
2458
838
909
1968
2255
1652
1065
320
-985
-1727
-769
709
587
-1028
-2109
-1854
-1318
-1044
-469
151
-270
-1360
-1374
-36
929
574
-89
-115
80
28
183
874
1409
943
-325
-1260
-1083
-160
572
599
56
-679
-1410
-2009
-2201
-2133
-2719
-4388
-6465
-8205
-8446
-5289
-18
1278
-4270
-10204
-9255
-3513
679
2548
4093
3056
-2315
-6033
-1710
6488
9805
7586
4702
2172
-357
438
5716
9978
8535
3748
309
-379
986
3691
5938
5329
2162
-525
-1050
-303
901
2025
1517
-858
-2442
-1787
-1090
-1813
-2197
-1417
-1454
-2830
-3373
-2632
-2645
-3541
-3261
-1932
-1810
-2978
-3229
-2041
-1076
-905
-444
402
474
-139
-31
1123
2360
3057
3062
2428
1932
2353
3166
3551
3749
3850
2922
1084
411
1848
3273
2616
880
-16
-280
-862
-1004
179
1206
236
-1621
-2039
-1265
-1010
-1044
-328
248
-528
-1614
-1325
33
938
830
325
-18
-279
-436
16
1046
1492
551
-859
-1276
-647
8
268
297
-182
-1376
-2521
-2947
-3296
-4342
-5777
-6965
-7241
-5375
-1645
21
-3510
-8521
-8527
-3715
296
1730
2874
2798
-926
-4629
-2215
4537
8243
6929
4543
2882
1137
898
4092
7935
7888
4148
868
262
1345
3072
4836
4989
2649
-138
-1021
-160
1196
2149
1730
-7
-1358
-1484
-1451
-1583
-958
-58
-635
-2625
-3952
-3655
-2800
-2177
-1547
-1386
-2542
-4043
-4055
-2653
-1146
-9
538
-123
-1503
-1832
-365
1670
2808
2786
2150
1363
905
1498
3163
4499
4165
2680
1544
1224
1287
1718
2597
2989
1858
-105
-1077
-544
270
432
339
304
-330
-1618
-2167
-1302
-315
-211
-340
-175
-262
-796
-1008
-186
1233
1818
952
-133
-358
-165
175
1087
1888
1312
-246
-1344
-1456
-906
-43
553
11
-1807
-3645
-4243
-4146
-4755
-6128
-7185
-6810
-4318
-1263
-1534
-5864
-8948
-6583
-1774
854
1636
2197
949
-2455
-3465
939
6527
7806
5500
3297
1899
1120
2740
6551
8346
5730
1733
94
964
2766
4549
5188
3558
653
-932
-313
1086
1994
1982
699
-1065
-1520
-822
-852
-1432
-940
-168
-1072
-2910
-3595
-3115
-2664
-2125
-1067
-900
-2910
-4995
-4201
-1615
-264
-92
245
-119
-1524
-1723
355
2711
3451
2759
1697
1003
1009
2001
3766
4832
3946
2101
1032
967
1533
2564
3118
2234
544
-664
-1000
-730
-183
316
361
-401
-1499
-1752
-1131
-743
-594
-40
263
-345
-973
-865
-336
384
1138
1404
947
72
-547
-65
1315
2117
1655
566
-525
-1065
-637
163
558
475
-442
-2351
-3750
-3540
-3105
-4031
-6039
-7985
-8230
-5296
-1051
-536
-5160
-9323
-7717
-2682
509
1762
3043
2023
-2618
-4855
189
7134
8509
5511
3172
2006
1008
2237
6394
9030
6418
1540
-415
896
2769
4320
5237
4052
1106
-812
-396
1138
2395
2448
931
-920
-1420
-850
-688
-1073
-1018
-721
-1425
-2870
-3371
-2830
-2704
-2778
-1787
-897
-2121
-4157
-4191
-2429
-890
146
908
289
-1604
-2252
-443
2058
3469
3500
2292
595
-30
1233
3447
4836
4391
2708
1057
170
567
2215
3431
2658
845
-394
-1055
-1302
-617
570
900
-88
-1508
-2151
-1684
-906
-427
8
275
-278
-1186
-1118
22
1011
1256
1233
1180
711
-18
0
1154
2341
2278
1008
-334
-822
-489
39
364
424
-149
-1750
-3550
-3950
-3061
-3021
-4864
-7254
-8676
-8060
-4547
-416
-1001
-6811
-10539
-7234
-1389
1350
2032
2631
734
-3684
-4215
2172
8556
8267
4379
2457
1960
1407
3354
7870
9356
5248
550
-82
1931
3725
5012
5357
3244
-117
-1152
575
2085
2120
1603
480
-1214
-1774
-877
-542
-1223
-1385
-1219
-2072
-3143
-3019
-2611
-2960
-2866
-1729
-1451
-2923
-4073
-3297
-1670
-562
119
524
-4
-1240
-1402
357
2445
3297
3120
2279
1026
745
2160
3763
4280
4012
2914
979
-143
814
2506
2949
1925
397
-984
-1903
-1774
-357
1056
667
-1234
-2540
-2350
-1616
-985
-189
476
106
-1087
-1594
-655
734
1373
1313
1137
921
584
511
1102
1993
2258
1492
441
71
242
223
72
239
285
-592
-2065
-2996
-3240
-3883
-5328
-6738
-7686
-7940
-5966
-1933
-732
-5507
-10577
-8811
-2602
995
1410
1912
1210
-2695
-4879
87
7573
9007
5121
2580
2203
1515
2659
7084
9642
6499
1619
18
1510
3652
5188
5356
3542
703
-796
12
1530
2191
1945
717
-1210
-2047
-1258
-885
-1586
-1642
-1121
-1803
-3168
-3317
-2680
-2709
-2813
-1915
-1159
-2098
-3687
-3686
-1999
-316
514
758
372
-705
-1327
-146
2302
4039
3974
2606
1114
728
1830
3415
4358
4320
3071
915
-434
317
2105
3006
2335
652
-1035
-1947
-1893
-944
407
803
-545
-2248
-2529
-1768
-1225
-697
295
679
-427
-1708
-1409
232
1625
1873
1397
990
684
216
256
1528
2944
2710
966
-531
-835
-340
384
1018
1079
48
-1797
-3297
-3733
-3594
-3718
-4527
-6294
-8616
-9392
-6524
-1868
-813
-5160
-9329
-7892
-3252
-435
900
2560
1987
-1938
-3715
580
6205
7395
5592
4530
3745
2355
2937
6457
8774
6697
2966
1590
2442
3363
3831
3987
3194
1614
657
707
765
423
-56
-691
-1091
-665
-381
-1636
-3316
-3277
-2050
-1689
-2256
-2558
-2840
-3675
-3905
-2530
-1001
-1154
-2336
-2648
-1775
-729
44
753
1157
826
264
560
1892
3205
3425
2656
2051
2280
2677
2651
2798
3314
2947
1267
87
748
1896
1689
493
-302
-642
-1222
-1656
-1121
-230
-419
-1577
-2048
-1315
-695
-844
-768
-93
50
-661
-851
240
1410
1449
908
936
1411
1381
902
1069
2004
2291
1218
86
47
330
60
-161
144
108
-975
-2447
-3239
-3322
-3695
-4863
-6298
-7803
-9088
-8022
-3691
-560
-3283
-8520
-9189
-5083
-1436
379
2398
3144
49
-3399
-1520
4225
7515
6802
5430
4560
3094
2399
4566
7576
7656
5010
2819
2306
2441
2760
3301
3375
2514
1343
547
105
-261
-619
-862
-880
-713
-734
-1583
-3179
-4086
-3289
-1944
-1523
-1743
-2110
-3057
-4087
-3670
-1828
-383
-479
-1399
-1698
-924
63
709
1443
2190
2126
1508
1599
2503
3046
2836
2680
2941
2930
2278
1742
1965
2315
1868
898
419
594
532
-231
-948
-889
-603
-962
-1595
-1570
-1118
-1143
-1449
-1164
-571
-667
-1177
-887
102
469
122
353
1302
1696
1265
1077
1438
1584
1335
1356
1836
2049
1375
206
-491
-363
104
463
595
117
-1288
-2879
-3525
-3383
-3540
-4307
-5468
-7394
-9684
-9732
-5757
-972
-993
-5988
-9548
-7578
-3329
-541
1911
4384
3244
-1552
-3430
990
6526
8083
7240
6636
5261
2945
2799
5739
8016
6916
4383
3104
2831
2282
1677
1791
2255
2095
1124
-26
-912
-1706
-2480
-2604
-1586
-445
-899
-2932
-4550
-4436
-3322
-2340
-1573
-1023
-1485
-3116
-4199
-3122
-879
265
86
127
636
494
-21
680
2475
3428
3011
2671
2950
2771
1880
1609
2588
3530
3126
1938
1208
823
181
-190
285
898
732
-313
-1696
-2381
-1816
-946
-667
-518
-394
-1084
-2093
-1882
-518
508
667
590
571
323
-36
259
1450
2598
2735
2041
1247
730
655
1157
1963
2399
1962
699
-785
-1589
-1243
-264
385
210
-815
-2455
-3886
-4241
-3962
-4310
-5573
-7326
-9358
-10228
-7435
-2173
-274
-4248
-8618
-7883
-4029
-1149
1337
4366
4676
881
-1920
513
5161
7347
7389
7550
7173
5052
3215
4058
6068
6258
4884
4054
3705
2493
736
-171
170
1021
1366
692
-674
-2232
-3714
-4344
-3210
-1141
-440
-1874
-3711
-4375
-4042
-3129
-1527
-10
-164
-1965
-3223
-2402
-584
453
788
1388
1932
1658
1122
1284
2039
2856
3548
3934
3725
2780
1346
383
886
2346
3074
2281
685
-711
-1435
-1429
-831
-1
414
-160
-1515
-2634
-2677
-1794
-776
-228
-219
-548
-931
-997
-465
485
1193
1253
1117
1299
1438
1150
1029
1654
2492
2721
2260
1602
1153
849
619
924
1680
1527
-119
-1711
-1935
-1388
-835
-255
-161
-1423
-3468
-4615
-4413
-4163
-4879
-6326
-8262
-10334
-10313
-6030
-340
460
-4528
-8703
-7380
-3316
6
3298
6267
5435
1100
-994
1839
5832
7729
8488
8774
7270
4662
3730
4664
4983
4145
3875
4305
3747
1827
-163
-1394
-1791
-1257
-111
471
-490
-2650
-4663
-5347
-4446
-2657
-1164
-947
-2063
-3468
-3953
-3310
-2150
-972
-106
8
-454
-584
-81
443
874
1682
2643
3086
3043
2895
2626
2255
2218
2688
3116
2901
2084
1129
386
38
124
299
170
-190
-646
-1344
-2008
-1857
-960
-503
-1039
-1704
-1632
-1113
-790
-606
-305
-188
-386
-156
901
1811
1662
1034
905
1216
1425
1625
2233
2946
2808
1586
411
385
1190
1813
1892
1554
736
-473
-1368
-1300
-505
155
54
-779
-1819
-2553
-2932
-3247
-3553
-3765
-4300
-5788
-8023
-9859
-9947
-7435
-3085
1
-1169
-5346
-7663
-5551
-1421
1630
3523
4940
4914
3047
1490
2407
5140
7436
8089
7368
6182
5471
5411
5009
3583
2222
2333
3295
3354
2152
623
-787
-2080
-2695
-2117
-969
-465
-1153
-2652
-4070
-4529
-3902
-2950
-2399
-2184
-1910
-1475
-1060
-1016
-1670
-2590
-2536
-897
1316
2584
2405
1267
-20
-465
600
2585
4001
4027
3015
1707
826
801
1262
1479
1364
1203
951
604
448
315
-447
-1762
-2338
-1186
614
927
-504
-1916
-2272
-1994
-1278
-76
827
617
-270
-697
-152
766
1011
475
243
944
1847
2090
1824
1583
1284
658
222
747
1804
2339
2083
1423
612
-36
-106
142
348
754
1119
455
-920
-1584
-1301
-992
-1234
-1240
-1195
-1989
-3216
-4588
-5550
-5978
-6064
-6023
-6605
-6649
-4849
-2551
-1798
-3170
-4822
-4539
-2581
66
2238
2926
2884
2833
3275
3873
3994
4260
4769
5452
6128
6254
5624
4368
3088
2329
2156
2262
2418
2463
2023
871
-413
-981
-1017
-1127
-1258
-1248
-1477
-2053
-2348
-2085
-1882
-2170
-2509
-2366
-1810
-1319
-1261
-1500
-1480
-980
-461
-394
-647
-766
-442
257
859
929
566
184
49
208
599
1025
1202
1021
704
573
618
645
700
897
1024
800
371
170
367
646
631
456
407
231
-339
-730
-301
532
875
444
-327
-672
-185
503
563
384
701
913
294
-128
702
1573
1053
215
599
1437
1349
730
450
400
571
1203
1485
618
-373
-272
204
18
-338
-352
-655
-1388
-1623
-1175
-1012
-1551
-2214
-2491
-2380
-2137
-2154
-2583
-3136
-3625
-4163
-4580
-4415
-3604
-2478
-1370
-785
-1182
-2039
-2163
-1143
463
1970
2723
2423
1791
1814
2498
3282
3802
3841
3472
3104
2931
2911
2963
2696
1878
1108
913
941
800
449
-190
-893
-1061
-680
-420
-715
-1457
-2231
-2489
-1984
-1107
-534
-682
-1417
-2064
-1881
-786
462
878
172
-920
-1235
-384
761
1098
562
-107
-363
-69
617
1139
924
105
-520
-177
973
1683
1130
157
-130
184
655
1253
1582
1058
247
197
867
1383
1275
786
347
110
318
1081
1489
924
-210
-660
171
971
956
318
-340
-439
-446
-509
-146
587
793
3
-985
-1265
-589
355
842
540
-475
-999
-613
-22
235
-157
-607
-639
-463
-298
-300
-476
-843
-1060
-733
-275
-464
-1045
-1135
-1025
-1120
-1041
-776
-874
-1704
-2501
-2696
-2846
-2887
-2480
-1663
-883
-648
-601
-626
-760
-601
-16
847
1516
1848
2113
2299
2217
1844
1608
1917
2472
2708
2520
1985
1230
767
819
802
290
-306
-619
-660
-416
-148
-311
-804
-1217
-1468
-1510
-1325
-1224
-1360
-1477
-1387
-1079
-686
-662
-1112
-1289
-726
6
300
272
260
267
107
-40
296
947
1144
936
1095
1493
1425
1120
1121
1144
898
919
1484
1911
1578
941
797
1137
1350
1193
1057
1122
1148
819
240
-113
31
245
-22
-349
-380
-305
-560
-870
-820
-945
-1223
-1316
-808
-313
-490
-783
-757
-339
-293
-398
-168
145
202
68
353
678
577
13
-33
664
1138
1113
383
-359
-380
224
533
-8
-623
-750
-380
-306
-637
-726
-944
-1407
-1748
-1907
-2168
-2638
-2801
-2897
-3444
-4050
-3814
-2634
-1594
-975
-566
-513
-573
-399
154
1036
1979
2644
2968
3077
3160
3281
3288
3090
2640
2113
1974
2243
2404
2072
1068
-224
-994
-1196
-1245
-1240
-1234
-1342
-1781
-2341
-2443
-2389
-2629
-2692
-2396
-2128
-1952
-1626
-1066
-717
-850
-965
-588
231
1097
1481
1285
1082
1403
2096
2678
2803
2321
1642
1676
2482
3017
2728
2060
1466
1104
1088
1310
1464
1349
917
416
329
682
880
507
-257
-948
-1164
-866
-436
-260
-423
-836
-1309
-1606
-1664
-1513
-1063
-501
-495
-1048
-1013
-97
340
-159
-375
92
357
436
1017
1550
1331
939
879
870
776
846
1013
830
578
787
931
564
-46
-593
-747
-729
-826
-898
-1293
-1706
-1343
-1023
-1614
-2647
-3389
-3381
-3209
-3792
-4772
-5568
-5904
-5200
-3436
-1242
585
1065
340
-326
-248
846
2612
3901
4466
4649
4655
4923
5138
4805
4161
3186
2130
1649
1692
1921
1818
925
-495
-2006
-3239
-3779
-3607
-3143
-2894
-2982
-3095
-3109
-3162
-3281
-3310
-3089
-2641
-2005
-1103
-42
811
1176
1187
1228
1506
1913
2256
2542
2945
3511
4045
4271
4030
3388
2575
1857
1419
1342
1475
1523
1391
1179
872
390
-215
-843
-1315
-1405
-1134
-722
-238
124
-72
-813
-1461
-1575
-1237
-658
-28
443
598
343
-186
-538
-462
-222
-91
15
172
291
364
378
161
-262
-475
-218
193
331
148
-138
-283
-99
398
882
1063
911
540
100
-192
-231
-187
-313
-632
-935
-1014
-861
-777
-1130
-1921
-2755
-3418
-4115
-5003
-5974
-6913
-7455
-6612
-3750
-66
2070
1660
114
-475
566
2329
3607
3958
3913
4467
5985
7479
7488
5814
3699
2262
1498
1038
926
1170
1193
362
-1204
-2847
-4044
-4583
-4568
-4491
-4644
-4485
-3348
-1685
-788
-1315
-2590
-3363
-2931
-1554
-31
1055
1686
2243
2989
3622
3547
2664
1678
1355
1801
2605
3327
3694
3666
3336
2657
1507
187
-676
-869
-717
-453
18
692
1173
903
-230
-1574
-2199
-1751
-635
441
1016
1071
913
841
876
786
393
-134
-443
-365
6
515
963
1007
366
-732
-1613
-1756
-1261
-660
-366
-386
-467
-408
-239
-192
-453
-925
-1220
-960
-142
782
1343
1453
1235
771
203
-180
-219
-59
37
-20
-110
-142
-270
-787
-1716
-2761
-3745
-4663
-5395
-5848
-6332
-6957
-6812
-4884
-1744
732
1441
1067
982
1754
2906
3668
3772
3713
4321
5699
6802
6648
5595
4599
3759
2551
1001
-212
-678
-735
-1057
-1873
-2782
-3302
-3439
-3613
-4161
-4859
-4958
-4024
-2588
-1557
-1176
-970
-559
-37
348
533
654
967
1690
2709
3525
3776
3547
3050
2243
1198
452
506
1131
1645
1691
1420
1028
539
-70
-794
-1517
-1892
-1570
-742
-29
294
561
1006
1324
1247
1056
1089
1175
1086
1049
1378
1922
2267
2203
1756
966
32
-576
-647
-687
-1161
-1743
-1842
-1528
-1247
-1162
-1215
-1395
-1702
-2017
-2094
-1657
-747
163
606
574
411
457
821
1332
1678
1716
1585
1487
1455
1322
860
83
-581
-847
-984
-1276
-1540
-1630
-1872
-2597
-3692
-4828
-5809
-6670
-7523
-8187
-7971
-6123
-2823
505
2365
2686
2689
3278
4162
4587
4384
4098
4359
5255
6291
6905
6933
6472
5391
3409
884
-1046
-1734
-1859
-2391
-3292
-3868
-3763
-3181
-2707
-2945
-3825
-4513
-4356
-3592
-2778
-1961
-886
273
1009
1223
1394
1810
2175
2229
2239
2507
2857
3001
2863
2395
1743
1393
1486
1399
640
-363
-952
-1064
-1002
-914
-859
-1027
-1476
-1859
-1733
-1050
-142
626
1011
1014
1020
1480
2309
2922
2939
2527
2044
1667
1434
1352
1311
1137
766
220
-472
-1168
-1638
-1864
-2095
-2377
-2383
-1966
-1541
-1526
-1724
-1700
-1377
-928
-442
-20
165
206
539
1339
2165
2498
2405
2254
2103
1902
1822
1828
1482
657
-202
-788
-1218
-1582
-1839
-2138
-2754
-3716
-4664
-5217
-5463
-5973
-7052
-8182
-8387
-7134
-4746
-2068
183
1854
3233
4500
5470
5869
5709
5292
5047
5234
5669
5950
5988
5909
5469
4284
2644
1227
68
-1350
-3088
-4536
-5143
-4880
-4230
-3839
-3966
-4259
-4211
-3722
-3074
-2501
-1987
-1435
-833
-163
666
1631
2499
3023
3164
3114
3128
3270
3259
2805
2127
1719
1588
1273
619
29
-208
-265
-405
-705
-1110
-1538
-1925
-2209
-2254
-1879
-1104
-280
242
505
893
1635
2487
2948
2814
2385
2073
1945
1816
1714
1770
1817
1508
825
111
-365
-721
-1226
-1929
-2554
-2817
-2688
-2310
-1875
-1582
-1448
-1287
-1045
-882
-767
-438
134
668
1021
1341
1746
2173
2509
2650
2579
2417
2263
1982
1404
646
-43
-603
-1143
-1759
-2392
-2893
-3186
-3415
-3749
-4108
-4317
-4480
-4911
-5760
-6833
-7605
-7352
-5718
-3223
-795
1179
2946
4652
6120
7139
7494
7001
5864
4729
4102
3967
4065
4244
4418
4336
3706
2612
1418
190
-1384
-3316
-5037
-5996
-6182
-5928
-5402
-4547
-3411
-2305
-1531
-1089
-780
-557
-488
-465
-233
251
808
1407
2196
3113
3927
4525
4681
3989
2569
1253
523
46
-506
-916
-922
-672
-475
-440
-505
-663
-1010
-1547
-2108
-2431
-2324
-1801
-1031
-114
967
2101
2993
3434
3447
3189
2824
2446
2020
1489
945
615
598
740
798
659
274
-430
-1393
-2242
-2579
-2463
-2322
-2345
-2306
-2008
-1507
-929
-367
89
421
657
836
1038
1273
1439
1588
1899
2328
2638
2760
2690
2303
1646
1038
639
178
-648
-1714
-2616
-3206
-3546
-3544
-3229
-3110
-3591
-4348
-4889
-5192
-5483
-5898
-6366
-6416
-5502
-3671
-1523
553
2646
4755
6457
7282
7202
6558
5702
4880
4173
3507
2958
2833
3115
3274
2989
2449
1759
688
-866
-2608
-4073
-4978
-5394
-5531
-5430
-4989
-4189
-3080
-1804
-566
435
1006
1015
618
206
40
174
617
1280
1982
2689
3406
3884
3802
3232
2449
1485
292
-863
-1573
-1763
-1642
-1321
-858
-439
-267
-320
-455
-583
-703
-857
-1048
-1107
-773
24
1063
2059
2821
3231
3280
3098
2780
2280
1613
970
498
153
-140
-364
-567
-839
-1106
-1207
-1207
-1345
-1696
-2088
-2305
-2266
-2044
-1731
-1317
-794
-249
241
736
1295
1838
2220
2384
2391
2355
2336
2305
2221
2063
1851
1596
1258
751
78
-640
-1261
-1744
-2237
-2905
-3574
-3911
-3922
-3914
-3995
-4103
-4329
-4762
-5264
-5656
-5769
-5300
-4112
-2602
-1197
267
2079
4034
5705
6783
7029
6503
5763
5207
4597
3743
3002
2604
2279
1941
1876
1983
1686
763
-449
-1635
-2714
-3641
-4401
-5001
-5285
-5017
-4224
-3183
-2096
-1038
-131
535
959
1166
1115
824
454
296
571
1219
1919
2371
2497
2396
2171
1890
1574
1152
517
-294
-978
-1219
-1050
-828
-808
-881
-797
-512
-221
-87
-63
1
180
451
754
1024
1198
1262
1312
1473
1752
2006
2082
1899
1463
898
420
106
-227
-792
-1495
-1984
-2040
-1816
-1611
-1521
-1469
-1405
-1285
-1072
-850
-754
-744
-621
-245
409
1198
1856
2251
2535
2870
3142
3141
2883
2547
2186
1720
1171
661
166
-474
-1229
-1824
-2097
-2189
-2361
-2735
-3242
-3764
-4198
-4489
-4651
-4785
-4951
-5146
-5332
-5308
-4725
-3553
-2212
-991
275
1786
3417
4888
5918
6342
6276
5954
5442
4707
3927
3342
2877
2333
1814
1553
1424
1066
396
-433
-1318
-2180
-2928
-3627
-4345
-4861
-4916
-4497
-3701
-2688
-1716
-909
-155
583
1157
1455
1469
1268
1014
871
919
1146
1439
1674
1804
1851
1848
1867
1869
1606
990
326
-76
-228
-354
-653
-1093
-1374
-1219
-743
-278
68
392
672
836
929
974
864
608
409
434
690
1046
1300
1334
1242
1100
878
547
125
-362
-885
-1390
-1790
-1988
-1982
-1888
-1806
-1691
-1409
-910
-340
62
280
511
848
1176
1383
1448
1420
1470
1761
2212
2576
2702
2581
2225
1722
1214
729
103
-707
-1492
-2043
-2355
-2483
-2495
-2558
-2780
-2998
-3062
-3118
-3348
-3677
-3945
-4091
-4139
-4178
-4219
-4025
-3370
-2410
-1383
-201
1253
2719
3896
4807
5501
5846
5821
5550
4995
4096
3122
2404
1905
1480
1202
1076
839
355
-186
-632
-1083
-1675
-2381
-3081
-3650
-4035
-4222
-4104
-3546
-2645
-1661
-717
204
960
1334
1354
1235
1079
883
715
631
602
655
886
1250
1564
1725
1778
1720
1494
1137
770
417
4
-498
-971
-1173
-960
-494
-107
92
250
459
665
832
928
831
515
182
57
150
331
501
621
691
734
770
750
580
216
-271
-756
-1137
-1418
-1649
-1782
-1687
-1343
-873
-387
62
382
534
618
771
984
1161
1238
1240
1253
1393
1663
1929
2044
1972
1727
1322
840
408
54
-312
-744
-1234
-1722
-2118
-2351
-2457
-2557
-2733
-2939
-3092
-3163
-3194
-3243
-3320
-3445
-3624
-3765
-3674
-3267
-2658
-1965
-1075
146
1522
2911
4167
5152
5686
5711
5460
4942
4210
3378
2534
1833
1305
1058
980
859
628
292
-114
-618
-1239
-1952
-2674
-3302
-3745
-3952
-3880
-3525
-2952
-2221
-1412
-602
107
629
949
1102
1121
1066
994
944
958
965
1041
1187
1367
1634
1805
1850
1759
1614
1508
1250
846
377
-114
-515
-801
-985
-1049
-937
-564
-88
216
386
478
495
421
250
98
-31
-106
-130
-125
11
293
521
517
354
175
-7
-173
-259
-356
-594
-853
-931
-840
-688
-489
-231
21
259
541
838
1053
1156
1187
1153
1069
1005
1019
1084
1110
1049
961
892
802
620
347
16
-341
-700
-1057
-1431
-1791
-2083
-2327
-2542
-2615
-2486
-2320
-2267
-2280
-2319
-2422
-2560
-2702
-2869
-2968
-2844
-2477
-1878
-958
256
1532
2693
3709
4500
4926
4947
4616
4005
3252
2487
1728
998
455
187
58
-94
-258
-406
-620
-897
-1218
-1544
-1826
-2062
-2253
-2448
-2495
-2281
-1876
-1290
-569
164
720
1067
1285
1385
1420
1411
1275
972
640
386
154
-43
-79
17
55
57
204
444
520
356
105
-99
-224
-270
-285
-298
-203
93
508
905
1264
1559
1704
1685
1595
1478
1299
997
560
72
-302
-476
-571
-726
-912
-1004
-972
-889
-839
-884
-1025
-1184
-1253
-1164
-915
-588
-271
47
445
923
1386
1745
1956
1982
1848
1671
1539
1395
1143
785
406
98
-61
-100
-165
-357
-616
-846
-1038
-1215
-1398
-1579
-1734
-1865
-1990
-2015
-1832
-1553
-1382
-1364
-1397
-1441
-1509
-1654
-1917
-2194
-2254
-2043
-1751
-1395
-731
312
1428
2340
3046
3583
3854
3794
3439
2876
2224
1561
858
137
-409
-674
-789
-860
-808
-627
-496
-545
-690
-795
-837
-884
-976
-1053
-1015
-865
-653
-349
108
615
984
1171
1275
1309
1181
885
523
158
-218
-586
-865
-968
-910
-782
-654
-488
-233
52
282
454
602
698
674
536
420
479
698
927
1091
1254
1440
1575
1607
1544
1381
1095
676
179
-305
-708
-1049
-1365
-1582
-1585
-1395
-1184
-1041
-922
-781
-636
-487
-301
-100
70
221
409
664
961
1239
1434
1524
1542
1535
1494
1366
1132
845
564
295
5
-279
-500
-632
-694
-713
-737
-811
-912
-976
-994
-1012
-1043
-1081
-1117
-1103
-995
-847
-735
-653
-584
-604
-816
-1208
-1643
-1978
-2147
-2177
-2114
-1929
-1536
-908
-114
725
1489
2112
2565
2784
2683
2301
1829
1392
957
458
-59
-463
-665
-662
-513
-287
-56
112
193
213
199
132
-16
-200
-325
-340
-291
-224
-118
70
315
515
594
536
349
58
-256
-504
-688
-871
-1050
-1131
-1047
-790
-395
41
391
611
759
886
976
1000
963
886
818
844
1000
1214
1380
1450
1445
1394
1308
1157
891
519
118
-252
-581
-856
-1052
-1183
-1290
-1344
-1255
-1024
-769
-591
-454
-294
-106
92
323
573
755
800
751
715
759
848
895
855
754
622
470
323
202
79
-98
-321
-500
-553
-506
-452
-432
-420
-381
-328
-291
-296
-368
-509
-680
-802
-849
-881
-980
-1140
-1261
-1300
-1325
-1433
-1654
-1943
-2187
-2268
-2146
-1846
-1369
-746
-109
467
1077
1782
2415
2716
2592
2171
1685
1270
860
355
-162
-494
-582
-516
-345
-88
187
410
573
685
730
682
509
237
19
-23
33
34
-6
11
71
106
82
-16
-182
-384
-625
-898
-1095
-1143
-1122
-1077
-912
-597
-258
23
295
586
846
998
1001
904
846
885
935
962
1048
1188
1282
1318
1334
1284
1113
854
555
244
-50
-318
-561
-740
-829
-878
-936
-955
-886
-758
-606
-415
-190
28
210
361
509
679
837
894
821
704
622
564
490
397
306
231
148
30
-124
-256
-333
-384
-420
-387
-264
-130
-52
-32
-45
-92
-173
-278
-399
-517
-614
-690
-745
-772
-816
-939
-1115
-1270
-1395
-1552
-1764
-1966
-2064
-2026
-1912
-1741
-1407
-843
-169
434
953
1474
1947
2168
2006
1575
1123
761
388
-76
-491
-662
-579
-380
-151
101
368
619
829
973
1016
952
804
630
527
521
518
442
345
286
234
132
-29
-219
-412
-608
-817
-1010
-1105
-1080
-1000
-922
-825
-682
-515
-349
-198
-50
126
349
585
810
1033
1224
1342
1406
1473
1546
1586
1544
1401
1190
982
790
566
311
78
-103
-251
-375
-461
-529
-602
-667
-692
-658
-557
-408
-242
-72
95
234
317
355
395
437
432
354
245
160
91
6
-103
-217
-305
-334
-309
-241
-119
26
129
175
207
241
238
170
26
-161
-326
-430
-508
-619
-759
-886
-973
-1025
-1078
-1151
-1217
-1269
-1386
-1613
-1841
-1927
-1859
-1706
-1484
-1169
-750
-243
295
781
1199
1564
1791
1740
1448
1109
826
562
275
-23
-250
-299
-184
-33
101
286
520
708
804
836
836
821
815
805
760
673
563
447
361
310
219
40
-179
-380
-568
-754
-926
-1079
-1208
-1297
-1323
-1272
-1166
-1030
-863
-633
-362
-110
117
369
670
963
1174
1299
1390
1479
1536
1517
1421
1280
1125
971
816
655
484
302
131
-4
-105
-201
-303
-380
-381
-314
-218
-129
-40
56
130
155
137
121
132
159
183
216
255
278
253
178
87
2
-98
-234
-351
-384
-326
-219
-106
-24
20
44
63
77
68
20
-72
-201
-352
-507
-645
-740
-809
-904
-1045
-1174
-1219
-1205
-1215
-1294
-1414
-1510
-1543
-1516
-1446
-1311
-1050
-674
-276
74
380
673
957
1172
1232
1103
855
589
356
146
-56
-233
-326
-279
-127
49
219
416
646
861
1009
1058
1032
1002
1008
1014
974
879
761
661
605
549
415
196
-53
-292
-521
-763
-1026
-1267
-1424
-1491
-1483
-1380
-1165
-893
-642
-415
-161
133
431
684
852
942
994
1035
1079
1133
1157
1093
975
880
836
808
748
639
501
372
253
128
15
-58
-97
-115
-94
-21
61
106
118
136
167
184
155
89
14
-47
-81
-80
-52
-43
-110
-235
-347
-384
-360
-332
-324
-316
-285
-222
-118
24
164
229
193
104
27
-37
-133
-275
-425
-550
-671
-799
-895
-911
-873
-854
-887
-931
-953
-975
-1029
-1105
-1155
-1143
-1050
-874
-634
-364
-107
120
306
435
487
455
369
268
181
111
59
15
-14
-19
18
91
170
239
321
465
668
875
1038
1141
1202
1231
1218
1155
1046
895
713
511
315
125
-76
-304
-526
-697
-806
-872
-919
-947
-952
-929
-855
-701
-490
-297
-189
-143
-83
43
205
351
465
564
650
700
710
712
729
751
758
746
733
725
713
686
638
574
495
412
330
256
196
167
184
239
289
298
277
255
244
213
142
25
-136
-323
-507
-630
-666
-640
-594
-550
-502
-437
-356
-263
-174
-101
-65
-71
-93
-96
-77
-60
-80
-139
-213
-271
-307
-335
-373
-423
-474
-529
-594
-670
-723
-719
-670
-627
-628
-645
-622
-533
-417
-323
-261
-204
-132
-61
-19
-8
-5
14
45
59
32
-34
-85
-79
-31
7
8
0
35
123
244
362
475
585
695
789
849
867
851
811
740
628
490
350
227
113
-18
-168
-305
-397
-445
-473
-496
-504
-490
-451
-401
-344
-280
-212
-145
-85
-36
2
41
92
151
201
213
199
206
267
368
449
493
520
558
600
616
595
553
515
482
450
416
390
376
367
353
332
310
292
275
247
203
135
45
-54
-155
-244
-307
-339
-347
-341
-331
-315
-290
-261
-240
-227
-222
-224
-238
-251
-242
-199
-138
-94
-77
-61
-33
-5
-3
-32
-84
-147
-225
-312
-384
-404
-372
-309
-242
-181
-125
-67
-8
39
57
24
-56
-151
-227
-282
-345
-438
-537
-604
-631
-647
-670
-672
-609
-464
-280
-109
36
162
278
359
376
334
262
188
107
7
-102
-176
-179
-118
-31
52
137
238
348
439
484
482
452
403
337
246
145
60
14
-7
-30
-73
-121
-147
-132
-94
-61
-43
-32
-8
33
77
111
124
116
92
70
67
86
119
162
208
252
283
305
327
350
347
316
276
252
254
260
252
231
215
217
236
258
256
213
134
47
-24
-87
-152
-226
-279
-296
-278
-240
-197
-152
-115
-89
-64
-38
-15
-10
-22
-39
-52
-56
-57
-64
-76
-92
-104
-103
-88
-73
-71
-80
-86
-80
-60
-35
-2
39
85
126
161
185
183
160
122
92
80
78
70
51
29
9
-17
-59
-129
-217
-302
-367
-405
-434
-463
-481
-471
-426
-371
-325
-291
-268
-252
-257
-283
-332
-397
-470
-530
-552
-532
-481
-412
-335
-248
-165
-88
-7
77
157
215
244
266
300
341
375
392
397
396
401
426
465
502
504
465
409
366
336
297
232
167
138
158
205
247
279
308
333
338
318
279
236
189
135
69
5
-41
-58
-49
-43
-54
-78
-99
-106
-113
-136
-167
-186
-181
-163
-151
-149
-137
-96
-25
45
97
137
178
209
206
162
94
23
-42
-102
-150
-174
-160
-111
-38
41
107
157
195
211
193
133
38
-60
-136
-184
-206
-208
-192
-152
-84
4
103
181
221
231
221
202
176
147
121
97
70
35
1
-18
-17
-4
2
-8
-32
-58
-80
-101
-129
-169
-212
-250
-280
-308
-335
-350
-343
-320
-305
-308
-325
-342
-351
-357
-368
-383
-398
-395
-367
-323
-277
-229
-180
-132
-96
-74
-56
-33
-9
10
32
63
108
165
228
281
310
315
305
295
282
262
235
218
231
277
342
402
450
485
509
515
495
447
378
293
199
106
28
-33
-79
-111
-133
-146
-153
-150
-137
-127
-132
-147
-149
-122
-73
-21
22
63
106
149
178
179
156
107
39
-43
-127
-194
-236
-241
-208
-143
-54
51
163
274
362
406
405
361
281
174
52
-66
-158
-220
-251
-249
-215
-149
-61
38
129
198
229
219
173
106
27
-49
-116
-169
-207
-226
-220
-197
-165
-133
-108
-97
-99
-113
-126
-136
-146
-159
-175
-192
-209
-221
-226
-230
-238
-250
-265
-278
-290
-299
-298
-284
-259
-234
-208
-183
-156
-126
-95
-66
-40
-12
25
71
114
147
170
183
186
177
154
126
101
89
91
104
127
160
206
251
285
307
316
320
312
291
251
205
161
123
85
42
3
-25
-36
-34
-24
-9
11
36
64
81
90
88
80
61
26
-21
-66
-93
-98
-92
-84
-65
-30
17
63
95
111
111
93
57
7
-37
-64
-62
-39
-4
36
83
134
178
197
186
155
110
57
-1
-51
-78
-75
-49
-18
7
30
54
80
95
87
59
23
-14
-52
-89
-118
-126
-115
-96
-77
-64
-55
-53
-61
-77
-102
-128
-151
-169
-185
-194
-194
-184
-179
-183
-192
-204
-211
-209
-203
-195
-194
-195
-193
-191
-192
-198
-199
-188
-164
-129
-79
-17
51
112
154
175
178
164
139
101
59
21
-3
-9
-1
16
37
61
84
107
123
130
134
143
156
170
176
170
160
142
123
97
69
48
38
39
49
63
78
93
100
94
74
45
18
-3
-17
-23
-15
7
38
69
91
106
113
117
119
116
107
96
90
90
95
103
112
121
125
120
111
103
95
84
70
57
49
41
31
21
9
-3
-21
-46
-72
-91
-104
-108
-106
-101
-95
-91
-91
-99
-115
-142
-173
-199
-214
-216
-207
-185
-155
-117
-80
-51
-34
-29
-36
-48
-66
-89
-110
-124
-130
-132
-130
-130
-133
-136
-141
-145
-147
-141
-126
-104
-79
-56
-33
-16
-2
4
2
-6
-17
-26
-32
-35
-36
-34
-26
-14
1
17
33
49
65
81
95
104
109
113
119
124
129
132
134
135
137
140
146
151
156
158
153
144
131
111
90
64
35
6
-19
-37
-49
-54
-56
-56
-55
-55
-54
-54
-55
-56
-57
-54
-42
-25
-2
24
52
78
104
126
146
162
175
184
191
194
195
192
180
163
137
106
74
44
20
4
-2
4
17
34
48
53
48
34
14
-13
-46
-80
-110
-133
-147
-152
-152
-146
-138
-129
-118
-107
-98
-93
-86
-83
-78
-73
-66
-59
-53
-44
-33
-24
-21
-29
-37
-48
-58
-66
-65
-59
-47
-40
-38
-40
-50
-69
-98
-136
-178
-215
-239
-244
-238
-221
-193
-157
-125
-104
-90
-83
-77
-71
-63
-52
-38
-19
5
29
48
60
73
87
102
118
135
157
183
206
220
229
229
221
203
178
149
126
108
96
87
76
62
46
27
7
-16
-36
-49
-48
-38
-23
-1
28
58
80
94
96
88
75
60
51
47
52
68
97
126
151
170
178
177
162
134
94
52
14
-13
-31
-37
-31
-19
-1
17
30
36
33
21
1
-25
-54
-85
-113
-136
-157
-174
-188
-199
-203
-202
-193
-177
-157
-130
-100
-70
-42
-22
-9
-4
-2
1
7
18
33
50
69
88
105
119
124
115
96
68
37
8
-19
-40
-53
-56
-51
-43
-36
-35
-43
-58
-82
-109
-139
-167
-192
-210
-219
-219
-210
-198
-177
-151
-118
-83
-46
-9
24
56
81
98
104
102
90
75
58
45
37
37
45
61
76
89
96
92
78
49
12
-28
-67
-98
-119
-128
-123
-106
-79
-44
-8
23
52
77
98
115
127
133
137
136
131
122
111
102
99
102
112
131
152
176
198
213
220
213
193
165
129
96
69
51
46
50
62
76
87
92
84
66
36
-1
-43
-85
-125
-157
-182
-196
-201
-199
-190
-179
-169
-160
-153
-150
-148
-146
-141
-136
-127
-114
-96
-71
-43
-13
17
43
61
71
71
62
48
31
14
0
-10
-15
-18
-18
-19
-19
-23
-29
-35
-41
-47
-54
-63
-74
-85
-95
-106
-116
-126
-135
-141
-139
-128
-109
-84
-60
-36
-17
3
14
21
25
28
32
39
51
69
91
111
129
138
137
125
106
81
53
27
4
-10
-19
-24
-24
-26
-28
-29
-27
-24
-19
-12
-1
16
37
60
81
92
99
97
90
83
75
72
75
84
99
120
142
160
171
173
166
153
135
115
96
79
68
62
63
66
65
60
47
31
13
-7
-26
-47
-64
-76
-85
-92
-98
-104
-110
-118
-126
-135
-142
-145
-148
-145
-140
-133
-125
-113
-99
-83
-64
-41
-17
8
32
52
66
72
70
63
48
30
10
-6
-23
-33
-41
-45
-48
-50
-53
-57
-64
-67
-76
-81
-87
-89
-86
-81
-76
-74
-75
-77
-79
-81
-89
-95
-100
-99
-92
-77
-57
-35
-12
10
30
48
62
71
78
79
82
85
88
91
92
90
85
77
67
53
39
25
13
3
-5
-12
-16
-18
-20
-19
-15
-6
5
21
40
60
80
97
111
120
124
123
118
112
106
101
98
93
92
90
92
95
97
100
102
107
113
119
120
116
104
90
70
48
20
-5
-27
-46
-57
-62
-62
-58
-52
-47
-47
-48
-56
-67
-80
-95
-108
-121
-130
-136
-137
-133
-127
-116
-104
-89
-74
-58
-42
-26
-10
4
15
23
25
25
19
10
1
-8
-18
-26
-32
-34
-38
-43
-47
-55
-66
-77
-91
-104
-114
-120
-119
-114
-105
-94
-84
-77
-72
-70
-70
-73
-73
-70
-65
-52
-37
-19
1
20
37
49
58
63
64
65
64
62
58
58
58
59
56
55
53
54
58
65
71
73
73
73
71
64
56
48
39
35
36
41
54
71
90
107
120
125
123
114
100
83
66
54
44
38
40
44
47
52
52
52
49
45
42
38
38
38
40
42
42
43
40
36
30
22
14
4
-8
-20
-35
-49
-65
-84
-101
-116
-130
-138
-141
-137
-128
-112
-93
-72
-48
-31
-16
-6
-4
-7
-13
-21
-29
-33
-32
-27
-17
-4
9
22
31
36
35
30
19
6
-9
-22
-35
-42
-48
-50
-49
-47
-44
-42
-40
-40
-42
-43
-46
-49
-53
-55
-58
-60
-61
-56
-49
-38
-24
-9
8
23
34
40
40
33
19
2
-15
-31
-43
-48
-47
-38
-26
-12
1
11
17
20
20
15
10
5
3
2
6
13
24
35
48
59
68
74
77
78
76
73
69
63
57
53
50
47
47
49
52
57
64
70
77
83
88
89
88
84
74
63
52
40
28
19
15
12
13
13
12
9
6
-1
-11
-20
-29
-36
-44
-46
-46
-46
-44
-40
-38
-38
-37
-38
-39
-39
-39
-39
-36
-36
-31
-27
-24
-19
-15
-12
-9
-7
-6
-5
-5
-7
-10
-15
-19
-26
-35
-42
-50
-55
-59
-61
-61
-59
-56
-53
-51
-50
-49
-49
-50
-50
-50
-45
-40
-33
-24
-16
-7
-1
5
11
14
17
20
21
20
19
16
14
12
10
10
7
9
12
15
21
25
28
32
32
30
26
20
11
5
-2
-9
-14
-17
-20
-21
-20
-19
-16
-12
-6
-2
3
9
15
22
29
33
36
37
36
35
34
32
32
31
31
32
32
32
33
33
31
31
30
27
26
24
22
20
19
16
13
12
9
8
5
3
0
-1
-2
-4
-4
-6
-6
-4
-3
-3
-2
0
0
1
-1
0
0
0
0
4
7
11
14
17
20
20
20
16
13
7
2
-4
-10
-19
-25
-32
-39
-45
-49
-53
-52
-51
-51
-50
-52
-55
-58
-62
-64
-67
-68
-69
-67
-65
-57
-51
-44
-37
-30
-26
-20
-17
-14
-11
-7
-2
3
9
15
22
29
36
40
44
46
44
42
40
34
29
25
18
14
10
8
8
9
11
15
19
22
24
25
23
22
19
20
18
19
21
23
26
29
32
34
34
32
30
27
24
22
21
21
22
26
27
28
31
32
32
32
31
30
26
23
19
14
10
4
1
-3
-7
-10
-12
-13
-14
-18
-20
-23
-26
-30
-33
-35
-38
-36
-35
-32
-29
-24
-20
-16
-12
-9
-8
-8
-10
-12
-13
-16
-15
-17
-15
-14
-14
-13
-13
-13
-12
-14
-15
-17
-20
-23
-26
-28
-28
-29
-28
-28
-27
-26
-25
-22
-17
-13
-9
-5
-2
-1
-1
1
3
5
7
12
14
17
21
22
23
22
19
17
12
8
4
0
-1
-2
-1
1
4
8
13
16
19
22
23
25
26
25
25
23
21
18
16
14
11
10
11
11
11
12
11
10
8
6
5
3
3
4
6
9
13
18
23
28
32
36
37
37
36
34
31
28
24
21
20
20
21
21
23
23
26
26
25
23
20
17
13
9
5
1
-3
-8
-10
-14
-16
-18
-17
-17
-17
-17
-20
-24
-27
-30
-34
-36
-37
-39
-40
-39
-42
-41
-41
-41
-42
-44
-46
-50
-54
-58
-62
-64
-65
-65
-63
-59
-56
-52
-46
-38
-32
-25
-19
-12
-7
-4
-2
0
0
1
2
2
3
5
8
12
13
14
15
15
14
11
10
10
11
12
14
15
19
24
26
30
31
33
34
34
32
34
33
33
33
35
35
36
36
37
37
37
38
36
37
35
33
32
28
26
22
18
16
14
10
9
8
10
11
13
14
15
15
18
18
20
20
21
22
23
22
22
20
20
17
15
12
11
8
6
5
4
3
0
-1
-4
-7
-11
-14
-16
-19
-20
-21
-23
-22
-23
-23
-24
-24
-26
-28
-30
-33
-36
-38
-43
-44
-47
-48
-48
-48
-48
-46
-46
-45
-43
-43
-42
-40
-40
-39
-37
-34
-32
-29
-25
-21
-17
-13
-8
-5
-3
-2
-2
-1
-1
-2
-3
-4
-3
-3
-1
1
1
2
3
4
5
6
6
7
7
8
10
10
11
12
15
18
20
21
21
22
23
21
20
20
19
20
19
22
23
24
24
25
25
25
26
25
25
24
23
23
21
23
23
23
24
24
25
23
23
23
23
23
23
23
23
22
20
21
19
21
19
18
16
15
13
14
13
13
13
11
9
5
5
3
2
1
-1
-4
-8
-11
-13
-16
-19
-22
-22
-24
-26
-28
-30
-32
-34
-37
-41
-43
-46
-49
-51
-50
-51
-49
-47
-45
-42
-40
-37
-34
-32
-29
-27
-26
-24
-22
-22
-19
-17
-15
-14
-11
-10
-7
-4
-2
0
2
4
3
4
3
4
5
8
8
10
11
12
13
14
14
15
15
16
16
15
15
14
14
15
16
18
19
20
21
22
23
24
25
25
26
25
25
25
26
26
26
25
25
23
22
20
19
16
14
13
9
6
3
1
-2
-2
-4
-3
-3
-2
-1
-1
-1
-1
0
0
0
2
1
1
2
3
4
4
4
4
2
1
1
0
0
-1
-4
-6
-8
-9
-11
-12
-11
-11
-10
-10
-9
-8
-8
-8
-7
-9
-9
-11
-12
-12
-12
-12
-11
-11
-11
-12
-11
-11
-10
-10
-7
-8
-6
-9
-7
-8
-9
-9
-7
-7
-5
-5
-3
-3
-2
1
3
4
7
8
9
9
9
9
9
7
5
3
2
1
0
0
-1
-2
-3
-4
-5
-5
-6
-4
-3
-1
-1
0
0
3
5
7
9
11
13
14
15
14
15
16
14
13
11
9
9
7
7
7
8
8
7
7
7
5
6
7
7
7
7
7
7
8
10
12
14
16
16
16
15
12
11
8
9
6
4
1
0
-2
-2
-2
-1
-1
-1
-1
-2
-2
-4
-6
-4
-7
-7
-8
-9
-9
-11
-11
-11
-10
-9
-10
-10
-12
-11
-12
-13
-14
-17
-19
-21
-21
-23
-23
-21
-21
-20
-18
-16
-16
-15
-13
-11
-10
-9
-8
-7
-4
-3
0
-1
2
3
3
3
2
2
3
2
2
2
1
-1
0
-1
-1
0
2
4
4
5
8
10
11
12
13
14
14
12
13
12
14
15
14
16
15
14
13
13
11
12
11
9
9
8
6
5
7
5
6
6
6
6
8
9
8
8
8
5
6
3
3
1
1
-1
0
0
0
-1
-1
0
0
-1
-1
-2
-3
-5
-6
-6
-6
-5
-5
-5
-5
-4
-4
-3
-3
-3
-2
-3
-3
-5
-5
-5
-4
-4
-3
-3
-3
-4
-3
-4
-4
-4
-4
-4
-5
-5
-6
-6
-6
-5
-6
-5
-4
-3
-3
-2
-2
0
-1
-1
-2
-2
-2
-4
-4
-4
-4
-5
-5
-4
-5
-4
-4
-5
-4
-4
-4
-5
-3
-2
-2
-1
-2
-1
-1
0
0
1
3
3
4
4
4
3
2
2
2
2
1
1
1
1
0
2
1
3
4
5
4
4
4
4
4
4
5
6
5
7
7
7
8
8
8
9
8
8
8
7
7
7
7
6
5
4
3
2
4
3
4
4
3
2
2
2
2
2
2
1
0
0
0
0
0
1
1
2
1
1
0
-2
-2
-4
-5
-5
-6
-6
-5
-5
-4
-4
-3
-4
-3
-4
-5
-6
-6
-5
-4
-4
-5
-3
-3
-3
-3
-4
-4
-2
-4
-4
-3
-5
-5
-3
-5
-5
-4
-5
-3
-3
-3
-2
-2
-2
-2
-2
-1
0
0
0
0
0
0
0
0
1
2
2
3
3
2
1
1
0
1
0
0
1
0
2
1
2
2
2
2
2
1
2
0
2
1
1
1
1
1
1
2
1
2
1
2
2
2
2
0
1
0
1
2
1
1
1
1
1
2
3
2
2
2
3
2
2
1
2
2
2
2
2
2
2
2
3
1
2
2
1
1
0
0
0
0
0
0
0
0
1
1
2
0
0
0
0
0
0
0
1
0
-1
-1
-1
-1
0
1
0
1
0
0
-2
-2
-2
-2
-3
-3
-3
-3
-3
-2
-3
-2
-2
-2
-2
-2
-3
-3
-2
-2
-2
-2
-1
-1
0
0
0
0
1
2
1
1
0
0
0
0
0
-1
1
0
0
0
1
1
2
1
1
1
1
1
1
1
1
2
3
2
2
2
4
2
3
2
2
0
2
1
1
2
3
3
3
3
3
2
2
2
3
1
2
2
2
1
2
1
1
0
0
0
0
-1
-1
1
0
0
1
0
0
-1
0
-1
1
0
1
0
0
0
0
1
-1
0
0
0
0
0
0
-1
-1
-1
-1
-1
-1
-1
-1
-2
-1
-1
-1
-1
0
-1
-1
-1
-1
0
0
0
0
-1
1
1
1
0
1
1
2
1
-1
0
0
0
0
1
1
1
0
0
-1
0
0
-1
0
0
0
0
-1
0
0
0
0
0
0
1
0
0
0
0
0
1
0
0
0
0
0
0
0
-1
1
-1
0
-1
0
0
0
0
-1
0
0
0
0
0
0
0
0
0
1
0
0
0
0
0
0
0
0
0
0
0
0
0
0
-1
0
0
0
1
0
0
0
0
-1
0
-1
0
1
0
0
1
0
0
0
0
0
0
0
0
0
0
1
-1
0
-1
0
0
-1
0
0
0
-1
-2
0
0
0
-1
-1
-1
-2
-2
-1
-1
0
1
1
0
1
1
0
1
1
1
0
1
1
1
0
0
0
-1
0
-1
0
0
0
0
1
0
0
0
0
0
0
0
0
0
0
0
0
1
0
0
0
0
1
-1
-2
-1
1
0
1
2
2
2
2
1
0
0
1
1
1
2
1
0
0
0
-1
0
0
0
-1
0
0
1
0
0
0
0
0
0
1
0
0
0
0
1
0
0
0
1
1
0
0
0
0
0
0
1
0
1
0
0
0
1
0
0
0
-1
1
1
0
-1
0
0
0
0
0
0
0
0
0
0
0
1
0
1
0
0
0
0
0
-1
0
1
0
0
-1
0
-1
0
0
-1
0
0
0
0
0
0
0
0
0
0
0
0
0
0
0
0
0
0
0
0
0
0
0
0
0
0
0
0
0
0
0
0
0
-1
0
0
0
0
0
0
0
-1
0
0
0
0
0
0
0
0
0
0
0
0
0
0
0
0
0
0
0
0
0
0
1
-1
0
0
0
0
0
0
0
1
0
0
0
0
0
-1
0
0
0
0
0
0
0
0
0
0
-1
-1
-1
-1
0
-1
0
0
0
0
0
0
-1
-1
0
-1
0
0
0
-1
0
0
0
0
0
0
0
1
0
0
0
0
0
0
0
0
0
0
1
1
0
0
0
0
0
0
0
0
0
0
0
1
0
0
0
0
0
1
1
0
0
0
0
0
-1
0
0
0
0
0
0
1
0
0
1
0
0
0
1
0
0
1
0
1
1
0
0
0
0
0
0
0
0
0
0
1
0
1
1
-1
0
0
0
0
0
0
0
0
0
0
0
1
0
0
1
0
0
0
1
0
0
0
-1
0
0
0
0
0
0
0
0
0
0
1
0
0
0
-1
-1
0
0
0
0
0
0
0
0
0
0
-1
0
1
0
0
0
0
0
0
0
-1
0
1
0
0
0
0
-1
0
-1
-1
0
0
0
0
1
0
0
0
0
0
0
0
0
1
1
0
1
-1
0
0
0
0
0
0
0
0
0
0
0
0
0
0
0
0
0
0
0
0
0
0
0
0
0
0
0
0
-1
1
0
1
0
0
1
0
0
0
0
0
1
-1
0
0
0
0
0
1
0
0
-1
0
0
0
0
1
0
0
1
-1
-1
0
0
0
0
0
0
0
0
0
0
0
-1
0
0
0
1
0
0
0
0
1
0
-1
-1
0
0
0
-1
0
0
0
0
0
-1
0
0
0
0
-1
0
0
0
0
0
0
0
0
0
0
0
0
0
0
-1
0
0
0
0
0
0
0
0
0
1
0
-1
0
0
0
0
0
0
0
0
0
0
0
0
0
0
0
0
0
0
0
-1
0
0
0
0
0
0
0
0
0
0
0
0
0
1
0
0
0
0
0
0
0
1
0
0
0
1
1
0
0
0
-1
1
1
0
0
0
0
0
0
0
1
0
0
0
1
0
0
0
0
0
-1
0
0
0
0
0
0
0
0
0
0
-1
-1
-1
0
0
0
0
-1
0
0
0
0
0
0
0
0
0
1
0
1
0
0
0
0
0
0
1
-1
0
1
-1
0
0
0
0
0
0
0
-1
0
0
0
-1
0
-1
0
0
0
0
0
-1
0
0
0
0
0
0
-1
0
0
0
0
0
0
0
0
-1
-1
0
0
0
0
0
1
0
0
0
0
0
-1
0
0
0
0
0
0
0
0
0
1
0
1
0
0
1
-1
1
0
0
0
-1
-1
0
0
0
-1
0
-1
0
0
0
-1
0
0
0
0
1
0
0
0
0
0
0
1
0
1
0
0
0
0
0
0
1
0
0
0
1
1
0
0
0
0
0
0
0
0
-1
1
0
0
0
0
0
0
0
1
0
0
-1
0
0
0
-1
-1
0
0
1
0
-1
0
0
0
0
0
0
-1
-1
0
0
-1
1
0
1
0
0
0
0
0
0
1
0
0
0
-1
0
0
0
0
0
1
-1
0
0
0
0
0
0
0
0
0
1
0
0
0
0
0
0
-1
0
0
-1
0
0
-1
0
0
0
0
0
0
0
0
1
0
0
-1
1
0
0
-1
-1
0
0
0
1
-1
0
0
0
-1
1
0
0
0
1
-1
0
0
0
0
0
0
0
0
0
0
0
-1
0
0
0
0
0
0
0
0
0
0
1
-1
0
0
-1
1
0
0
0
0
0
0
0
0
0
0
0
0
0
0
-1
0
0
0
0
0
0
0
-1
0
0
0
-1
0
0
-1
-1
0
0
0
0
0
1
1
-1
0
-1
0
0
0
0
0
0
0
0
1
0
0
0
0
-1
1
0
0
1
0
0
0
0
0
1
1
0
0
0
0
0
-1
0
-1
1
0
1
0
0
1
0
0
1
0
0
0
1
-1
-1
1
0
0
0
-1
0
0
1
0
0
0
0
0
0
-1
0
0
0
-1
0
0
1
1
-1
0
0
0
0
0
0
0
0
0
-1
1
0
0
1
0
0
0
0
1
-1
0
0
0
0
-1
1
0
0
-1
0
0
0
0
0
-1
0
-1
1
0
0
1
0
0
0
0
0
0
0
0
-1
0
0
0
1
0
1
0
0
0
0
-1
0
0
1
1
0
0
0
-1
-1
0
0
0
-1
0
0
1
0
1
0
0
1
0
0
1
0
0
0
0
0
0
0
0
0
0
0
-1
1
0
0
0
0
0
0
0
0
0
0
-1
0
-1
0
0
0
0
0
-1
0
0
0
1
0
0
0
0
0
0
0
0
0
-1
1
1
-1
0
0
0
0
0
0
0
0
0
0
0
0
0
-1
0
0
0
0
0
0
0
0
-1
0
0
0
0
-1
0
-1
0
0
0
0
0
-1
0
0
-1
0
0
0
1
0
0
0
0
0
0
1
0
0
0
0
0
1
0
0
0
1
1
0
0
0
0
0
0
0
0
1
1
1
0
0
-1
0
0
0
-1
-1
0
0
0
0
0
0
0
0
0
0
0
0
0
0
0
0
0
0
0
0
0
1
1
1
0
-1
0
0
0
0
0
0
1
-1
-1
0
0
0
0
0
1
0
-1
0
0
0
0
0
0
0
0
-1
0
0
0
0
1
0
0
0
0
0
-1
1
1
0
0
0
0
1
0
0
0
0
0
0
0
0
0
0
0
0
1
0
0
0
0
0
0
1
0
0
0
0
0
0
0
0
0
0
1
0
-1
0
0