-44
-52
-37
5
44
58
45
13
-15
-22
11
83
147
148
89
44
40
37
18
18
49
69
46
1
-42
-79
-100
-103
-87
-65
-60
-76
-90
-92
-103
-132
-140
-96
-30
22
40
33
7
-24
-36
10
104
178
185
147
111
96
101
120
126
101
67
57
64
53
18
-27
-64
-86
-92
-89
-75
-62
-74
-113
-149
-153
-124
-80
-27
8
1
-31
-44
-22
16
48
68
73
70
71
76
70
48
26
11
7
15
28
29
15
-10
-38
-60
-55
-27
5
23
23
8
-8
-18
-24
-28
-18
8
42
65
54
13
-24
-30
-13
-1
4
10
15
15
8
-13
-55
-84
-68
-26
5
20
23
-1
-51
-93
-94
-46
33
105
132
109
54
-15
-56
-38
28
93
132
127
67
-34
-123
-135
-67
12
43
27
-1
-37
-82
-118
-115
-66
0
55
83
77
32
-22
-39
-1
60
102
123
127
101
35
-38
-76
-63
-16
35
54
24
-44
-112
-144
-130
-81
-33
-1
13
4
-32
-63
-57
-22
12
45
90
134
136
84
8
-35
-34
18
87
128
94
8
-66
-91
-80
-55
-35
-21
-12
-19
-53
-96
-123
-129
-109
-59
7
51
52
29
1
-19
-10
52
138
177
155
117
86
51
25
27
48
64
72
60
23
-30
-83
-122
-126
-86
-33
-7
-19
-54
-95
-123
-119
-71
4
63
85
70
27
-15
-25
7
55
92
99
66
7
-47
-72
-60
-27
4
14
0
-35
-79
-98
-66
-4
38
40
19
-1
-9
-5
13
32
48
64
73
66
40
8
-5
7
30
36
26
15
3
-23
-64
-96
-88
-50
-8
9
-5
-31
-54
-66
-56
-22
35
80
92
61
11
-23
-18
22
67
89
72
27
-17
-35
-27
-13
-12
-18
-22
-25
-30
-39
-49
-54
-46
-26
-5
11
12
9
6
7
16
30
48
67
73
59
35
16
18
30
31
19
-1
-24
-46
-59
-54
-45
-42
-50
-55
-50
-42
-35
-25
-8
2
7
10
17
26
32
42
50
51
44
40
40
38
34
28
20
9
-3
-15
-22
-25
-26
-27
-30
-38
-48
-45
-31
-22
-21
-26
-21
-8
8
13
15
17
22
27
31
32
35
36
34
30
23
15
11
11
10
4
-7
-15
-21
-27
-34
-36
-36
-37
-40
-44
-41
-32
-18
-4
6
10
9
10
20
35
43
40
31
26
28
26
20
12
5
-1
-4
-3
-3
-8
-18
-25
-28
-29
-34
-34
-28
-20
-16
-17
-20
-24
-23
-15
2
21
33
33
28
25
23
22
29
43
61
67
52
17
-14
-22
-5
22
35
28
1
-31
-55
-58
-42
-18
-1
1
-14
-37
-55
-61
-49
-25
0
17
17
4
-18
-30
-28
-7
21
46
57
51
30
4
-8
2
28
56
64
51
23
-4
-16
-7
10
25
26
14
-4
-24
-38
-48
-45
-35
-26
-26
-33
-45
-54
-57
-50
-31
-9
1
-5
-15
-16
-6
10
25
37
43
46
46
45
45
48
57
65
67
63
48
32
14
0
-6
-4
-3
-7
-26
-52
-74
-79
-69
-52
-43
-44
-50
-52
-50
-43
-29
-12
5
20
28
32
36
36
42
49
55
59
62
61
55
44
28
16
5
0
-2
-4
-12
-27
-45
-56
-57
-50
-40
-31
-25
-24
-28
-31
-28
-17
-4
7
14
20
22
18
12
11
18
25
30
25
17
6
1
-1
2
4
1
-5
-8
-8
-5
-5
-6
-7
-9
-9
-6
3
8
9
5
4
3
6
11
12
10
3
1
2
2
1
-1
-4
-6
-10
-11
-12
-11
-9
-6
-4
-6
-9
-5
1
6
8
9
11
11
9
10
10
10
6
3
3
3
1
-1
-5
-11
-17
-21
-19
-11
-6
-5
-13
-21
-21
-11
4
15
18
17
13
12
14
22
28
34
34
28
21
14
8
5
8
8
3
-8
-19
-26
-29
-31
-33
-37
-37
-34
-30
-28
-28
-28
-27
-19
-10
0
9
18
24
28
30
32
36
44
49
47
41
35
29
26
20
13
5
4
0
-4
-14
-23
-32
-33
-33
-32
-33
-35
-36
-35
-32
-27
-19
-10
-6
-2
-1
4
9
18
24
26
24
24
23
24
25
25
22
19
15
11
4
0
-3
-2
-2
-2
-6
-13
-19
-21
-20
-16
-11
-7
-6
-9
-12
-14
-10
-5
2
8
8
4
-2
-4
-4
3
8
14
12
7
1
-2
0
3
10
13
13
10
5
2
2
5
9
12
12
10
5
-1
-6
-5
-3
0
1
-1
-7
-13
-18
-18
-15
-11
-7
-5
-7
-9
-10
-8
-6
1
7
13
14
10
8
5
5
9
14
18
16
11
5
-2
-3
-3
-2
0
0
-3
-8
-15
-19
-18
-13
-6
-1
0
-2
-6
-8
-7
-4
3
10
13
12
9
5
5
8
13
14
16
11
8
2
0
-2
-1
0
-1
0
-3
-6
-9
-10
-11
-9
-7
-5
-3
-4
-5
-5
-4
-2
1
5
7
6
5
3
3
4
7
7
10
9
6
3
-1
-1
0
1
1
2
-1
-2
-3
-4
-4
-1
0
0
-1
-4
-6
-6
-5
-1
1
3
2
-3
-4
-6
-3
0
3
5
3
-1
-4
-6
-3
2
6
7
6
3
-1
-3
-1
3
7
9
7
3
0
-3
-1
2
6
7
4
0
-5
-8
-7
-4
1
1
1
-4
-8
-9
-8
-6
-2
0
1
1
-1
-4
-4
-3
2
7
10
10
8
6
3
4
7
10
13
11
7
4
0
-3
-3
-2
0
0
-1
-5
-9
-11
-10
-9
-5
-2
-3
-5
-6
-6
-6
-2
0
1
1
3
4
6
5
5
6
7
8
9
9
6
3
2
0
1
-1
-1
-1
-1
-2
-4
-5
-5
-5
-4
-4
-2
-3
-2
-2
-2
-1
1
1
2
2
1
3
4
3
2
3
3
3
2
2
1
0
0
0
1
1
3
1
2
0
0
0
0
0
-1
0
1
0
0
0
2
1
2
1
-1
-1
-1
0
1
2
2
1
0
-1
-1
-1
0
1
2
1
0
0
-1
0
1
2
3
2
1
0
-1
-1
0
0
1
1
1
0
-1
0
0
1
1
0
-1
-1
-3
-1
0
0
1
1
1
1
1
0
1
1
1
1
1
1
1
0
0
0
0
0
0
1
-1
0
0
0
0
0
0
0
1
0
1
1
1
1
0
1
1
1
1
1
1
1
1
1
1
0
0
0
0
1
0
1
1
1
1
1
1
-1
-2
-1
-3
-1
0
0
0
1
1
1
0
0
1
1
2
1
0
0
0
0
1
2
2
2
2
2
1
0
0
0
0
0
0
0
0
0
0
0
1
0
0
0
0
0
1
1
0
0
0
0
0
-1
0
0
0
0
0
0
1
0
0
1
0
0
0
1
0
0
1
0
1
1
0
0
0
0
0
0
0
0
0
0
1
0
1
1
-1
0
0
0
0
0
0
0
0
0
0
0
1
0
0
1
0
0
0
1
0
0
0
-1
0
0
0
0
0
0
0
0
0
0
1
0
0
0
-1
-1
0
0
0
0
0
0
0
0
0
0
-1
0
1
0
0
0
0
0
0
0
-1
0
1
0
0
0
0
-1
0
-1
-1
0
0
0
0
1
0
0
0
0
0
0
0
0
1
1
0
1
-1
0
0
0
0
0
0
0
0
0
0
0
0
0
0
0
0
0
0
0
0
0
0
0
0
0
0
0
0
-1
1
0
1
0
0
1
0
0
0
0
0
1
-1
0
0
0
0
0
1
0
0
-1
0
0
0
0
1
0
0
1
-1
-1
0
0
0
0
0
0
0
0
0
0
0
-1
0
0
0
1
0
0
0
0
1
0
-1
-1
0
0
0
-1
0
0
0
0
0
-1
0
0
0
0
-1
0
0
0
0
0
0
0
0
0
0
0
0
0
0
-1
0
0
0
0
0
0
0
0
0
1
0
-1
0
0
0
0
0
0
0
0
0
0
0
0
0
0
0
0
0
0
0
-1
0
0
0
0
0
0
0
0
0
0
0
0
0
1
0
0
0
0
0
0
0
1
0
0
0
1
1
0
0
0
-1
1
1
0
0
0
0
0
0
0
1
0
0
0
1
0
0
0
0
0
-1
0
0
0
0
0
0
0
0
0
0
-1
-1
-1
0
0
0
0
-1
0
0
0
0
0
0
0
0
0
1
0
1
0
0
0
0
0
0
1
-1
0
1
-1
0
0
0
0
0
0
0
-1
0
0
0
-1
0
-1
0
0
0
0
0
-1
0
0
0
0
0
0
-1
0
0
0
0
0
0
0
0
-1
-1
0
0
0
0
0
1
0
0
0
0
0
-1
0
0
0
0
0
0
0
0
0
1
0
1
0
0
1
-1
1
0
0
0
-1
-1
0
0
0
-1
0
-1
0
0
0
-1
0
0
0
0
1
0
0
0
0
0
0
1
0
1
0
0
0
0
0
0
1
0
0
0
1
1
0
0
0
0
0
0
0
0
-1
1
0
0
0
0
0
0
0
1
0
0
-1
0
0
0
-1
-1
0
0
1
0
-1
0
0
0
0
0
0
-1
-1
0
0
-1
1
0
1
0
0
0
0
0
0
1
0
0
0
-1
0
0
0
0
0
1
-1
0
0
0
0
0
0
0
0
0
1
0
0
0
0
0
0
-1
0
0
-1
0
0
-1
0
0
0
0
0
0
0
0
1
0
0
-1
1
0
0
-1
-1
0
0
0
1
-1
0
0
0
-1
1
0
0
0
1
-1
0
0
0
0
0
0
0
0
0
0
0
-1
0
0
0
0
0
0
0
0
0
0
1
-1
0
0
-1
1
0
0
0
0
0
0
0
0
0
0
0
0
0
0
-1
0
0
0
0
0
0
0
-1
0
0
0
-1
0
0
-1
-1
0
0
0
0
0
1
1
-1
0
-1
0
0
0
0
0
0
0
0
1
0
0
0
0
-1
1
0
0
1
0
0
0
0
0
1
1
0
0
0
0
0
-1
0
-1
1
0
1
0
0
1
0
0
1
0
0
0
1
-1
-1
1
0
0
0
-1
0
0
1
0
0
0
0
0
0
-1
0
0
0
-1
0
0
1
1
-1
0
0
0
0
0
0
0
0
0
-1
1
0
0
1
0
0
0
0
1
-1
0
0
0
0
-1
1
0
0
-1
0
0
0
0
0
-1
0
-1
1
0
0
1
0
0
0
0
0
0
0
0
-1
0
0
0
1
0
1
0
0
0
0
-1
0
0
1
1
0
0
0
-1
-1
0
0
0
-1
0
0
1
0
1
0
0
1
0
0
1
0
0
0
0
0
0
0
0
0
0
0
-1
1
0
0
0
0
0
0
0
0
0
0
-1
0
-1
0
0
0
0
0
-1
0
0
0
1
0
0
0
0
0
0
0
0
0
-1
1
1
-1
0
0
0
0
0
0
0
0
0
0
0
0
0
-1
0
0
0
0
0
0
0
0
-1
0
0
0
0
-1
0
-1
0
0
0
0
0
-1
0
0
-1
0
0
0
1
0
0
0
0
0
0
1
0
0
0
0
0
1
0
0
0
1
1
0
0
0
0
0
0
0
0
1
1
1
0
0
-1
0
0
0
-1
-1
0
0
0
0
0
0
0
0
0
0
0
0
0
0
0
0
0
0
0
0
0
1
1
1
0
-1
0
0
0
0
0
0
1
-1
-1
0
0
0
0
0
1
0
-1
0
0
0
0
0
0
0
0
-1
0
0
0
0
1
0
0
0
0
0
-1
1
1
0
0
0
0
1
0
0
0
0
0
0
0
0
0
0
0
0
1
0
0
0
0
0
0
1
0
0
0
0
0
0
0
0
0
0
1
0
-1
0
0
0
0
-1
0
0
0
0
0
0
-1
0
0
-1
0
0
0
-1
1
0
0
0
0
0
0
0
0
0
0
0
0
0
-1
0
-1
0
0
0
0
0
0
0
0
0
1
0
0
0
0
0
0
0
0
0
0
0
1
0
0
0
0
0
0
0
0
0
-1
0
0
1
0
0
0
0
0
0
0
1
0
0
0
0
0
0
-1
0
1
0
0
0
0
0
0
0
0
-1
0
0
0
0
0
0
0
0
1
0
-1
0
1
0
0
-1
0
0
0
0
-1
0
0
0
0
1
0
0
0
0
0
0
0
0
-1
0
0
0
0
0
0
0
0
0
1
0
0
0
0
0
1
0
0
1
0
1
-1
0
0
0
0
0
0
0
0
-1
0
-1
-1
0
0
0
0
0
0
0
0
0
0
-1
0
-1
0
0
0
0
0
0
-1
0
0
0
0
0
0
0
0
0
0
0
0
0
0
0
0
0
1
1
0
-1
0
0
0
0
0
0
0
0
0
0
0
0
0
0
0
0
1
0
0
0
0
0
1
0
0
0
0
0
0
0
-1
-1
0
0
0
0
0
-1
-1
0
0
0
-1
1
0
0
-1
0
0
0
0
0
0
0
0
0
0
0
0
0
0
0
0
1
0
0
-1
0
0
0
0
0
0
1
0
0
-1
-1
0
0
0
0
-1
0
0
0
0
0
1
0
0
1
0
1
0
0
0
0
0
0
-1
0
0
0
0
0
0
1
0
0
0
0
0
0
-1
-1
0
-1
0
0
0
0
0
0
0
0
0
0
0
0
0
0
-1
0
0
0
0
1
0
0
0
0
0
0
0
0
0
0
-1
1
-1
0
0
0
0
0
0
0
0
1
0
1
0
0
0
1
-1
0
0
0
0
0
0
0
0
0
0
-1
0
0
0
0
1
1
0
1
0
0
0
0
0
0
0
0
0
0
-1
-1
-1
-1
0
0
0
0
0
-1
0
0
0
0
0
-1
0
-1
0
1
0
0
1
0
0
-1
0
-1
0
0
0
-1
0
1
-1
0
0
0
0
-1
0
1
0
-1
1
1
0
1
-1
0
0
1
0
0
-1
1
0
0
1
0
0
0
0
1
0
0
0
0
1
0
-1
0
-1
0
1
0
1
-1
0
1
0
0
0
0
0
-1
0
0
0
0
0
0
0
0
0
0
-1
0
1
0
1
0
-1
0
0
1
0
0
0
0
0
0
-1
0
-1
0
0
0
0
0
0
0
1
0
1
0
0
0
0
0
-1
0
0
0
0
0
-1
0
0
0
0
0
0
1
0
0
0
0
1
0
0
0
0
0
0
0
0
0
-1
0
1
0
0
0
0
0
0
0
0
0
0
0
0
0
0
0
-1
1
0
0
0
-1
0
0
0
1
0
0
0
-1
0
0
0
0
1
1
0
1
0
0
-1
0
-1
0
0
0
0
0
0
0
0
0
0
0
0
0
1
0
0
0
0
0
0
0
0
0
0
0
0
0
0
0
0
0
0
1
0
0
0
1
0
0
0
0
0
0
0
0
1
1
0
0
1
0
0
0
0
0
1
0
0
-1
1
0
-1
-1
0
0
0
0
0
1
0
1
0
0
0
1
0
-1
0
-1
0
0
-1
0
0
0
-1
0
0
0
0
0
0
0
0
1
-1
0
0
0
0
-1
0
0
0
0
0
1
0
0
0
0
0
0
0
0
1
1
0
0
0
0
0
0
0
0
0
1
0
-1
0
0
0
0
0
0
0
0
0
0
1
0
1
1
1
0
0
0
0
0
0
0
0
0
0
0
0
-1
0
0
0
-1
0
-1
0
0
0
0
0
0
0
-1
1
0
1
0
0
0
0
1
1
0
-1
0
1
-1
0
0
0
0
0
0
0
0
0
0
0
0
0
1
-1
0
0
0
0
0
0
0
-1
0
-1
0
0
0
0
0
-1
0
1
0
0
0
1
0
0
0
0
0
0
0
0
0
0
0
0
0
0
1
0
1
0
-1
-1
-1
0
0
0
0
0
0
0
-1
0
0
1
-1
0
1
0
0
0
0
0
0
0
-1
0
0
0
0
0
0
0
0
0
0
0
0
0
0
0
0
0
0
0
0
0
0
1
0
1
0
0
0
1
0
0
-1
1
0
-1
0
0
-1
0
0
0
0
-1
0
0
0
0
1
0
0
0
1
0
0
1
-1
0
0
0
0
0
0
-1
0
1
0
0
0
1
-1
0
0
0
-1
0
0
0
-1
0
1
0
-1
0
0
-1
-1
0
0
0
0
-1
-1
-1
0
0
0
0
0
0
0
0
0
1
0
-1
0
1
0
1
0
0
0
-1
0
0
0
0
0
0
-1
1
0
0
0
0
1
0
0
0
-1
0
1
0
0
0
0
0
0
0
0
0
0
-1
1
-1
0
1
0
0
0
0
0
0
0
0
0
0
0
0
0
0
0
1
0
0
0
0
-1
1
0
0
0
0
0
0
0
0
0
0
0
0
-1
0
0
0
-1
0
0
1
1
0
0
0
0
-1
0
1
0
-1
0
0
0
0
-1
0
0
0
0
0
-1
-1
0
0
0
0
1
0
0
0
0
-1
0
0
0
0
0
0
0
0
1
0
-1
0
0
-1
0
0
0
0
0
0
0
0
0
0
0
1
0
0
0
0
-1
-1
0
-1
0
0
0
-1
0
0
0
0
1
1
-1
0
0
-1
-1
0
0
-1
0
0
-1
0
0
-1
1
-1
0
0
-1
0
0
0
0
0
0
0
1
0
0
-1
1
1
0
0
0
0
0
0
0
0
0
1
0
0
0
0
0
0
-1
0
0
-1
0
0
1
0
0
1
0
0
0
1
0
0
0
0
0
0
1
-1
0
0
0
1
0
-1
0
0
0
0
0
-1
0
0
0
0
1
0
0
1
0
0
0
1
0
0
0
0
0
1
0
0
0
0
0
0
0
1
0
0
0
0
-1
0
0
-1
-1
0
-1
0
0
0
1
1
0
0
0
-1
1
0
0
0
0
1
0
1
0
0
1
1
0
0
0
0
0
-1
0
0
0
-1
0
0
1
0
0
0
0
1
0
1
0
0
0
0
-1
0
0
0
0
0
-1
0
0
0
1
1
0
0
-1
0
0
1
0
0
-1
1
0
0
0
0
-1
0
0
0
0
0
0
0
0
0
0
0
1
0
0
0
-1
0
1
0
0
1
-1
0
-1
-1
0
0
0
0
0
0
0
0
-1
0
-1
1
0
1
1
0
0
0
0
0
0
0
0
0
0
0
0
0
0
1
0
-1
0
0
0
0
0
0
-1
0
0
-1
0
0
0
0
0
0
0
1
1
0
0
0
0
0
0
0
-1
0
0
0
0
0
0
-1
-1
0
0
0
0
0
1
0
1
-1
0
0
-1
0
0
0
1
0
0
0
0
0
0
0
1
0
1
0
0
0
-1
-1
0
0
0
0
1
0
-1
0
0
0
0
1
0
-1
0
0
0
0
0
1
0
0
0
0
0
0
0
0
0
0
1
0
0
0
0
0
0
0
0
0
0
0
0
0
-1
-1
0
0
0
0
0
0
-1
0
0
-1
0
0
0
0
0
0
0
0
0
0
0
0
0
0
0
0
0
-1
0
0
1
0
0
-1
1
0
0
0
0
0
0
0
0
0
0
-1
1
0
0
-1
0
0
0
1
0
-1
0
0
0
0
0
0
0
1
-1
0
-1
0
-1
-1
0
0
0
1
0
0
0
0
0
1
0
-1
-1
0
0
0
0
0
0
0
-1
0
-1
0
1
0
0
0
0
1
0
0
0
0
0
-1
-1
0
0
0
0
-1
0
1
0
1
0
0
0
0
-1
0
0
0
-1
0
0
0
0
0
0
0
0
-1
0
0
0
1
0
1
0
-1
0
1
0
0
-1
0
0
0
0
0
0
1
0
1
0
0
0
0
0
1
0
1
0
0
0
1
0
0
0
0
0
-1
0
0
0
0
0
0
0
0
0
-1
0
0
0
0
0
0
0
0
0
0
1
0
1
0
0
1
0
0
1
0
0
1
0
0
1
0
0
0
0
0
0
0
0
0
0
0
1
0
0
-1
0
0
-1
0
-1
0
0
1
1
0
0
0
-1
0
0
0
0
0
0
1
0
0
-1
0
0
0
0
-1
0
1
0
0
0
0
0
-1
0
0
0
0
0
0
0
1
0
0
0
0
0
-1
0
0
0
0
0
1
0
0
0
0
0
0
0
1
0
-1
0
-1
1
0
0
0
0
-1
0
-1
0
0
0
0
-1
1
0
0
0
1
0
-1
0
1
1
0
-1
0
0
0
0
0
0
0
0
-1
0
0
0
0
1
-1
0
0
-1
0
0
0
0
0
1
1
0
0
0
-1
-1
0
0
0
1
0
0
0
0
0
0
1
0
0
-1
0
0
1
0
0
0
0
0
1
0
0
-1
0
0
0
0
0
0
0
0
1
0
0
0
0
0
0
0
0
1
0
0
0
0
0
0
-1
0
0
0
0
1
0
0
1
0
0
0
1
-1
0
-1
0
0
0
1
0
0
0
0
0
0
1
0
0
0
0
0
0
0
0
0
-1
0
0
0
1
0
0
0
1
0
0
0
0
0
0
0
0
0
0
1
0
1
0
-1
0
0
-1
0
0
0
-1
0
0
0
-1
0
-1
1
-1
1
0
0
0
0
0
1
0
1
0
0
0
0
0
0
0
0
0
0
0
1
0
0
-1
0
0
0
0
0
0
0
0
0
0
-1
0
0
1
0
0
-1
0
0
0
0
0
0
0
0
-1
0
1
0
0
0
0
1
0
0
0
0
0
-1
0
0
-1
0
0
0
0
0
0
0
0
0
0
0
1
1
1
1
0
0
-1
1
0
0
0
0
0
0
0
0
0
0
0
0
1
0
0
1
0
1
0
0
1
0
0
0
0
1
0
0
-1
0
0
1
1
0
0
-1
0
-1
-1
0
0
0
1
1
0
-1
0
1
0
0
0
0
1
0
1
-1
0
1
0
0
0
-1
0
0
0
1
0
-1
0
-1
-1
0
0
1
0
0
0
1
1
0
0
1
1
-1
0
-1
0
0
0
1
0
0
0
0
-1
0
0
-1
0
0
-1
-1
1
0
0
0
0
-1
0
1
0
0
0
-1
1
0
1
0
1
-1
0
0
0
-1
0
0
0
0
0
0
0
0
0
0
0
0
0
0
0
0
0
1
0
0
0
0
1
0
0
0
0
0
0
0
0
0
0
0
0
0
0
0
0
0
0
0
0
1
0
0
0
0
-1
0
0
1
0
0
0
0
0
-1
0
0
0
0
0
0
-1
0
0
-1
0
0
0
-1
0
0
0
0
-1
0
0
0
0
0
0
0
0
0
0
0
0
0
0
0
-1
0
0
0
-1
0
-1
0
-1
0
0
0
0
1
0
0
0
0
-1
1
0
0
0
0
0
1
0
0
0
0
0
0
1
0
0
0
0
-1
0
-1
0
0
0
0
0
0
0
0
0
0
0
0
0
0
0
0
0
1
0
1
1
0
1
0
0
0
0
0
1
0
1
0
0
0
1
0
0
-1
0
0
1
0
-1
0
0
0
0
-1
-1
1
0
0
1
0
0
1
0
0
0
-1
1
0
0
0
0
0
0
-1
0
0
0
0
0
0
0
0
0
0
0
0
0
0
0
0
0
0
0
0
-1
0
-1
0
-1
0
0
0
0
0
-1
0
-1
1
0
0
0
0
0
-1
0
-1
0
-1
0
0
0
0
-1
0
-1
0
1
0
0
0
0
0
0
1
0
0
0
0
0
0
-1
0
0
0
0
0
0
0
0
1
0
1
1
0
0
0
0
0
0
0
0
0
0
1
0
1
0
0
0
0
0
0
0
1
0
0
0
1
0
1
1
0
0
0
0
-1
0
0
1
0
0
0
0
0
0
0
0
0
0
0
0
0
-1
0
0
0
0
0
0
0
0
0
-1
0
1
0
0
0
0
0
0
0
-1
1
0
0
0
1
0
1
0
0
0
0
0
0
0
-1
0
1
0
0
0
1
0
0
0
0
-1
1
1
0
0
1
0
0
0
0
0
0
0
0
-1
0
0
0
0
1
0
0
0
0
0
0
-1
-1
1
0
0
1
0
0
-1
0
-1
1
0
1
0
0
0
0
1
-1
0
0
0
0
0
0
0
0
0
0
0
0
0
0
-1
0
0
0
0
1
0
0
0
0
0
0
0
0
-1
0
0
0
-1
0
0
1
0
-1
0
0
0
0
1
1
1
0
0
-1
0
0
-1
0
0
0
0
-1
0
0
0
0
0
0
1
0
0
0
0
0
1
0
0
0
0
0
0
0
-1
1
-1
0
-1
0
0
0
0
-1
0
0
0
0
0
0
0
0
0
1
0
0
0
0
0
0
0
0
0
0
0
0
0
0
-1
0
0
0
1
0
0
0
0
-1
0
-1
0
1
0
0
1
0
0
0
0
0
0
0
0
0
0
1
-1
0
-1
0
0
-1
0
0
0
0
-1
0
0
0
0
0
1
0
0
0
0
0
0
0
-1
0
0
0
0
0
0
-1
0
0
0
0
0
0
-1
0
-1
0
0
0
0
1
0
0
0
0
0
0
0
0
0
0
0
0
1
0
0
0
0
1
0
-1
0
1
0
0
0
0
0
0
0
-1
-1
0
0
0
1
0
-1
0
0
-1
0
0
0
-1
0
0
1
0
0
0
0
0
0
1
0
0
0
0
1
0
0
0
1
1
0
0
0
0
0
0
1
0
1
0
0
0
1
0
0
0
-1
1
1
0
-1
0
0
0
0
0
0
0
0
0
0
0
1
0
1
0
0
0
0
0
-1
0
1
0
0
-1
0
-1
0
0
-1
0
0
0
0
0
0
0
0
0
0
0
0
0
0
0
0
0
0
0
0
0
0
0
0
0
0
0
0
0
0
0
0
0
-1
0
0
0
0
0
0
0
-1
0
0
0
0
0
0
0
0
0
0
0
0
0
0
0
0
0
0
0
0
0
0
1
-1
0
0
0
0
0
0
0
1
0
0
0
0
0
-1
0
0
0
0
0
0
0
0
0
0
-1
-1
-1
-1
0
-1
0
0
0
0
0
0
-1
-1
0
-1
0
0
0
-1
0
0
0
0
0
0
0
1
0
0
0
0
0
0
0
0
0
0
1
1
0
0
0
0
0
0
0
0
0
0
0
1
0
0
0
0
0
1
1
0
0
0
0
0
-1
0
0
0
0
0
0
1
0
0
1
0
0
0
1
0
0
1
0
1
1
0
0
0
0
0
0
0
0
0
0
1
0
1
1
-1
0
0
0
0
0
0
0
0
0
0
0
1
0
0
1
0
0
0
1
0
0
0
-1
0
0
0
0
0
0
0
0
0
0
1
0
0
0
-1
-1
0
0
0
0
0
0
0
0
0
0
-1
0
1
0
0
0
0
0
0
0
-1
0
1
0
0
0
0
-1
0
-1
-1
0
0
0
0
1
0
0
0
0
0
0
0
0
1
1
0
1
-1
0
0
0
0
0
0
0
0
0
0
0
0
0
0
0
0
0
0
0
0
0
0
0
0
0
0
0
0
-1
1
0
1
0
0
1
0
0
0
0
0
1
-1
0
0
0
0
0
1
0
0
-1
0
0
0
0
1
0
0
1
-1
-1
0
0
0
0
0
0
0
0
0
0
0
-1
0
0
0
1
0
0
0
0
1
0
-1
-1
0
0
0
-1
0
0
0
0
0
-1
0
0
0
0
-1
0
0
0
0
0
0
0
0
0
0
0
0
0
0
-1
0
0
0
0
0
0
0
0
0
1
0
-1
0
0
0
0
0
0
0
0
0
0
0
0
0
0
0
0
0
0
0
-1
0
0
0
0
0
0
0
0
0
0
0
0
0
1
0
0
0
0
0
0
0
1
0
0
0
1
1
0
0
0
-1
1
1
0
0
0
0
0
0
0
1
0
0
0
1
0
0
0
0
0
-1
0
0
0
0
0
0
0
0
0
0
-1
-1
-1
0
0
0
0
-1
0
0
0
0
0
0
0
0
0
1
0
1
0
0
0
0
0
0
1
-1
0
1
-1
0
0
0
0
0
0
0
-1
0
0
0
-1
0
-1
0
0
0
0
0
-1
0
0
0
0
0
0
-1
0
0
0
0
0
0
0
0
-1
-1
0
0
0
0
0
1
0
0
0
0
0
-1
0
0
0
0
0
0
0
0
0
1
0
1
0
0
1
-1
1
0
0
0
-1
-1
0
0
0
-1
0
-1
0
0
0
-1
0
0
0
0
1
0
0
0
0
0
0
1
0
1
0
0
0
0
0
0
1
0
0
0
1
1
0
0
0
0
0
0
0
0
-1
1
0
0
0
0
0
0
0
1
0
0
-1
0
0
0
-1
-1
0
0
1
0
-1
0
0
0
0
0
0
-1
-1
0
0
-1
1
0
1
0
0
0
0
0
0
1
0
0
0
-1
0
0
0
0
0
1
-1
0
0
0
0
0
0
0
0
0
1
0
0
0
0
0
0
-1
0
0
-1
0
0
-1
0
0
0
0
0
0
0
0
1
0
0
-1
1
0
0
-1
-1
0
0
0
1
-1
0
0
0
-1
1
0
0
0
1
-1
0
0
0
0
0
0
0
0
0
0
0
-1
0
0
0
0
0
0
0
0
0
0
1
-1
0
0
-1
1
0
0
0
0
0
0
0
0
0
0
0
0
0
0
-1
0
0
0
0
0
0
0
-1
0
0
0
-1
0
0
-1
-1
0
0
0
0
0
1
1
-1
0
-1
0
0
0
0
0
0
0
0
1
0
0
0
0
-1
1
0
0
1
0
0
0
0
0
1
1
0
0
0
0
0
-1
0
-1
1
0
1
0
0
1
0
0
1
0
0
0
1
-1
-1
1
0
0
0
-1
0
0
1
0
0
0
0
0
0
-1
0
0
0
-1
0
0
1
1
-1
0
0
0
0
0
0
0
0
0
-1
1
0
0
1
0
0
0
0
1
-1
0
0
0
0
-1
1
0
0
-1
0
0
0
0
0
-1
0
-1
1
0
0
1
0
0
0
0
0
0
0
0
-1
0
0
0
1
0
1
0
0
0
0
-1
0
0
1
1
0
0
0
-1
-1
0
0
0
-1
0
0
1
0
1
0
0
1
0
0
1
0
0
0
0
0
0
0
0
0
0
0
-1
1
0
0
0
0
0
0
0
0
0
0
-1
0
-1
0
0
0
0
0
-1
0
0
0
1
0
0
0
0
0
0
0
0
0
-1
1
1
-1
0
0
0
0
0
0
0
0
0
0
0
0
0
-1
0
0
0
0
0
0
0
0
-1
0
0
0
0
-1
0
-1
0
0
0
0
0
-1
0
0
-1
0
0
0
1
0
0
0
0
0
0
1
0
0
0
0
0
1
0
0
0
1
1
0
0
0
0
0
0
0
0
1
1
1
0
0
-1
0
0
0
-1
-1
0
0
0
0
0
0
0
0
0
0
0
0
0
0
0
0
0
0
0
0
0
1
1
1
0
-1
0
0
0
0
0
0
1
-1
-1
0
0
0
0
0
1
0
-1
0
0
0
0
0
0
0
0
-1
0
0
0
0
1
0
0
0
0
0
-1
1
1
0
0
0
0
1
0
0
0
0
0
0
0
0
0
0
0
0
1
0
0
0
0
0
0
1
0
0
0
0
0
0
0
0
0
0
1
0
-1
0
0
0
0
-1
0
0
0
0
0
0
-1
0
0
-1
0
0
0
-1
1
0
0
0
0
0
0
0
0
0
0
0
0
0
-1
0
-1
0
0
0
0
0
0
0
0
0
1
0
0
0
0
0
0
0
0
0
0
0
1
0
0
0
0
0
0
0
0
0
-1
0
0
1
0
0
0
0
0
0
0
1
0
0
0
0
0
0
-1
0
1
0
0
0
0
0
0
0
0
-1
0
0
0
0
0
0
0
0
1
0
-1
0
1
0
0
-1
0
0
0
0
-1
0
0
0
0
1
0
0
0
0
0
0
0
0
-1
0
0
0
0
0
0
0
0
0
1
0
0
0
0
0
1
0
0
1
0
1
-1
0
0
0
0
0
0
0
0
-1
0
-1
-1
0
0
0
0
0
0
0
0
0
0
-1
0
-1
0
0
0
0
0
0
-1
0
0
0
0
0
0
0
0
0
0
0
0
0
0
0
0
0
1
1
0
-1
0
0
0
0
0
0
0
0
0
0
0
0
0
0
0
0
1
0
0
0
0
0
1
0
0
0
0
0
0
0
-1
-1
0
0
0
0
0
-1
-1
0
0
0
-1
1
0
0
-1
0
0
0
0
0
0
0
0
0
0
0
0
0
0
0
0
1
0
0
-1
0
0
0
0
0
0
1
0
0
-1
-1
0
0
0
0
-1
0
0
0
0
0
1
0
0
1
0
1
0
0
0
0
0
0
-1
0
0
0
0
0
0
1
0
0
0
0
0
0
-1
-1
0
-1
0
0
0
0
0
0
0
0
0
0
0
0
0
0
-1
0
0
0
0
1
0
0
0
0
0
0
0
0
0
0
-1
1
-1
0
0
0
0
0
0
0
0
1
0
1
0
0
0
1
-1
0
0
0
0
0
0
0
0
0
0
-1
0
0
0
0
1
1
0
1
0
0
0
0
0
0
0
0
0
0
-1
-1
-1
-1
0
0
0
0
0
-1
0
0
0
0
0
-1
0
-1
0
1
0
0
1
0
0
-1
0
-1
0
0
0
-1
0
1
-1
0
0
0
0
-1
0
1
0
-1
1
1
0
1
-1
0
0
1
0
0
-1
1
0
0
1
0
0
0
0
1
0
0
0
0
1
0
-1
0
-1
0
1
0
1
-1
0
1
0
0
0
0
0
-1
0
0
0
0
0
0
0
0
0
0
-1
0
1
0
1
0
-1
0
0
1
0
0
0
0
0
0
-1
0
-1
0
0
0
0
0
0
0
1
0
1
0
0
0
0
0
-1
0
0
0
0
0
-1
0
0
0
0
0
0
1
0
0
0
0
1
0
0
0
0
0
0
0
0
0
-1
0
1
0
0
0
0
0
0
0
0
0
0
0
0
0
0
0
-1
1
0
0
0
-1
0
0
0
1
0
0
0
-1
0
0
0
0
1
1
0
1
0
0
-1
0
-1
0
0
0
0
0
0
0
0
0
0
0
0
0
1
0
0
0
0
0
0
0
0
0
0
0
0
0
0
0
0
0
0
1
0
0
0
1
0
0
0
0
0
0
0
0
1
1
0
0
1
0
0
0
0
0
1
0
0
-1
1
0
-1
-1
0
0
0
0
0
1
0
1
0
0
0
1
0
-1
0
-1
0
0
-1
0
0
0
-1
0
0
0
0
0
0
0
0
1
-1
0
0
0
0
-1
0
0
0
0
0
1
0
0
0
0
0
0
0
0
1
1
0
0
0
0
0
0
0
0
0
1
0
-1
0
0
0
0
0
0
0
0
0
0
1
0
1
1
1
0
0
0
0
0
0
0
0
0
0
0
0
-1
0
0
0
-1
0
-1
0
0
0
0
0
0
0
-1
1
0
1
0
0
0
0
1
1
0
-1
0
1
-1
0
0
0
0
0
0
0
0
0
0
0
0
0
1
-1
0
0
0
0
0
0
0
-1
0
-1
0
0
0
0
0
-1
0
1
0
0
0
1
0
0
0
0
0
0
0
0
0
0
0
0
0
0
1
0
1
0
-1
-1
-1
0
0
0
0
0
0
0
-1
0
0
1
-1
0
1
0
0
0
0
0
0
0
-1
0
0
0
0
0
0
0
0
0
0
0
0
0
0
0
0
0
0
0
0
0
0
1
0
1
0
0
0
1
0
0
-1
1
0
-1
0
0
-1
0
0
0
0
-1
0
0
0
0
1
0
0
0
1
0
0
1
-1
0
0
0
0
0
0
-1
0
1
0
0
0
1
-1
0
0
0
-1
0
0
0
-1
0
1
0
-1
0
0
-1
-1
0
0
0
0
-1
-1
-1
0
0
0
0
0
0
0
0
0
1
0
-1
0
1
0
1
0
0
0
-1
0
0
0
0
0
0
-1
1
0
0
0
0
1
0
0
0
-1
0
1
0
0
0
0
0
0
0
0
0
0
-1
1
-1
0
1
0
0
0
0
0
0
0
0
0
0
0
0
0
0
0
1
0
0
0
0
-1
1
0
0
0
0
0
0
0
0
0
0
0
0
-1
0
0
0
-1
0
0
1
1
0
0
0
0
-1
0
1
0
-1
0
0
0
0
-1
0
0
0
0
0
-1
-1
0
0
0
0
1
0
0
0
0
-1
0
0
0
0
0
0
0
0
1
0
-1
0
0
-1
0
0
0
0
0
0
0
0
0
0
0
1
0
0
0
0
-1
-1
0
-1
0
0
0
-1
0
0
0
0
1
1
-1
0
0
-1
-1
0
0
-1
0
0
-1
0
0
-1
1
-1
0
0
-1
0
0
0
0
0
0
0
1
0
0
-1
1
1
0
0
0
0
0
0
0
0
0
1
0
0
0
0
0
0
-1
0
0
-1
0
0
1
0
0
1
0
0
0
1
0
0
0
0
0
0
1
-1
0
0
0
1
0
-1
0
0
0
0
0
-1
0
0
0
0
1
0
0
1
0
0
0
1
0
0
0
0
0
1
0
0
0
0
0
0
0
1
0
0
0
0
-1
0
0
-1
-1
0
-1
0
0
0
1
1
0
0
0
-1
1
0
0
0
0
1
0
1
0
0
1
1
0
0
0
0
0
-1
0
0
0
-1
0
0
1
0
0
0
0
1
0
1
0
0
0
0
-1
0
0
0
0
0
-1
0
0
0
1
1
0
0
-1
0
0
1
0
0
-1
1
0
0
0
0
-1
0
0
0
0
0
0
0
0
0
0
0
1
0
0
0
-1
0
1
0
0
1
-1
0
-1
-1
0
0
0
0
0
0
0
0
-1
0
-1
1
0
1
1
0
0
0
0
0
0
0
0
0
0
0
0
0
0
1
0
-1
0
0
0
0
0
0
-1
0
0
-1
0
0
0
0
0
0
0
1
1
0
0
0
0
0
0
0
-1
0
0
0
0
0
0
-1
-1
0
0
0
0
0
1
0
1
-1
0
0
-1
0
0
0
1
0
0
0
0
0
0
0
1
0
1
0
0
0
-1
-1
0
0
0
0
1
0
-1
0
0
0
0
1
0
-1
0
0
0
0
0
1
0
0
0
0
0
0
0
0
0
0
1
0
0
0
0
0
0
0
0
0
0
0
0
0
-1
-1
0
0
0
0
0
0
-1
0
0
-1
0
0
0
0
0
0
0
0
0
0
0
0
0
0
0
0
0
-1
0
0
1
0
0
-1
1
0
0
0
0
0
0
0
0
0
0
-1
1
0
0
-1
0
0
0
1
0
-1
0
0
0
0
0
0
0
1
-1
0
-1
0
-1
-1
0
0
0
1
0
0
0
0
0
1
0
-1
-1
0
0
0
0
0
0
0
-1
0
-1
0
1
0
0
0
0
1
0
0
0
0
0
-1
-1
0
0
0
0
-1
0
1
0
1
0
0
0
0
-1
0
0
0
-1
0
0
0
0
0
0
0
0
-1
0
0
0
1
0
1
0
-1
0
1
0
0
-1
0
0
0
0
0
0
1
0
1
0
0
0
0
0
1
0
1
0
0
0
1
0
0
0
0
0
-1
0
0
0
0
0
0
0
0
0
-1
0
0
0
0
0
0
0
0
0
0
1
0
1
0
0
1
0
0
1
0
0
1
0
0
1
0
0
0
0
0
0
0
0
0
0
0
1
0
0
-1
0
0
-1
0
-1
0
0
1
1
0
0
0
-1
0
0
0
0
0
0
1
0
0
-1
0
0
0
0
-1
0
1
0
0
0
0
0
-1
0
0
0
0
0
0
0
1
0
0
0
0
0
-1
0
0
0
0
0
1
0
0
0
0
0
0
0
1
0
-1
0
-1
1
0
0
0
0
-1
0
-1
0
0
0
0
-1
1
0
0
0
1
0
-1
0
1
1
0
-1
0
0
0
0
0
0
0
0
-1
0
0
0
0
1
-1
0
0
-1
0
0
0
0
0
1
1
0
0
0
-1
-1
0
0
0
1
0
0
0
0
0
0
1
0
0
-1
0
0
1
0
0
0
0
0
1
0
0
-1
0
0
0
0
0
0
0
0
1
0
0
0
0
0
0
0
0
1
0
0
0
0
0
0
-1
0
0
0
0
1
0
0
1
0
0
0
1
-1
0
-1
0
0
0
1
0
0
0
0
0
0
1
0
0
0
0
0
0
0
0
0
-1
0
0
0
1
0
0
0
1
0
0
0
0
0
0
0
0
0
0
1
0
1
0
-1
0
0
-1
0
0
0
-1
0
0
0
-1
0
-1
1
-1
1
0
0
0
0
0
1
0
1
0
0
0
0
0
0
0
0
0
0
0
1
0
0
-1
0
0
0
0
0
0
0
0
0
0
-1
0
0
1
0
0
-1
0
0
0
0
0
0
0
0
-1
0
1
0
0
0
0
1
0
0
0
0
0
-1
0
0
-1
0
0
0
0
0
0
0
0
0
0
0
1
1
1
1
0
0
-1
1
0
0
0
0
0
0
0
0
0
0
0
0
1
0
0
1
0
1
0
0
1
0
0
0
0
1
0
0
-1
0
0
1
1
0
0
-1
0
-1
-1
0
0
0
1
1
0
-1
0
1
0
0
0
0
1
0
1
-1
0
1
0
0
0
-1
0
0
0
1
0
-1
0
-1
-1
0
0
1
0
0
0
1
1
0
0
1
1
-1
0
-1
0
0
0
1
0
0
0
0
-1
0
0
-1
0
0
-1
-1
1
0
0
0
0
-1
0
1
0
0
0
-1
1
0
1
0
1
-1
0
0
0
-1
0
0
0
0
0
0
0
0
0
0
0
0
0
0
0
0
0
1
0
0
0
0
1
0
0
0
0
0
0
0
0
0
0
0
0
0
0
0
0
0
0
0
0
1
0
0
0
0
-1
0
0
1
0
0
0
0
0
-1
0
0
0
0
0
0
-1
0
0
-1
0
0
0
-1
0
0
0
0
-1
0
0
0
0
0
0
0
0
0
0
0
0
0
0
0
-1
0
0
0
-1
0
-1
0
-1
0
0
0
0
1
0
0
0
0
-1
1
0
0
0
0
0
1
0
0
0
0
0
0
1
0
0
0
0
-1
0
-1
0
0
0
0
0
0
0
0
0
0
0
0
0
0
0
0
0
1
0
1
1
0
1
0
0
0
0
0
1
0
1
0
0
0
1
0
0
-1
0
0
1
0
-1
0
0
0
0
-1
-1
1
0
0
1
0
0
1
0
0
0
-1
1
0
0
0
0
0
0
-1
0
0
0
0
0
0
0
0
0
0
0
0
0
0
0
0
0
0
1
1
0
0
-1
0
-1
0
1
1
1
0
-1
0
-1
2
2
5
7
6
3
2
4
3
4
6
6
5
7
8
6
4
4
4
-1
-4
-1
1
0
-1
-1
-1
-3
-5
-6
-5
-7
-11
-13
-7
0
0
0
2
0
-5
-4
0
-5
-8
-6
-5
-5
-4
-4
-7
-10
-9
-6
-3
-3
-4
-7
-8
-8
-1
5
2
-5
-8
-7
-4
-3
-6
-10
2
20
26
22
28
34
16
0
8
15
-11
-38
-37
-22
-17
-14
-4
5
7
6
8
20
31
24
18
43
62
26
-14
-7
3
-17
-20
6
10
-12
-8
28
53
45
18
-2
-3
0
-9
-19
-14
-7
-10
-12
11
27
12
-10
9
47
50
24
19
29
17
3
26
54
35
-9
-24
-7
7
-2
-10
23
79
78
19
-3
31
35
-12
-46
-37
-26
-32
-38
-36
-33
-25
-18
-12
-3
13
18
11
3
-2
-13
-30
-46
-60
-68
-73
-70
-60
-49
-32
-16
0
5
6
3
7
8
2
-18
-42
-53
-50
-41
-39
-41
-37
-35
-56
-107
-150
-126
-31
50
25
-93
-191
-194
-155
-182
-289
-370
-291
-47
183
172
-93
-332
-277
32
342
500
501
348
116
21
179
366
361
360
675
1101
1092
552
31
16
462
1043
1383
1177
508
-54
19
612
1129
1191
928
596
334
284
409
357
5
-265
-246
-285
-848
-2164
-3972
-5561
-6663
-7452
-6814
-2923
2661
4649
632
-4830
-5557
-753
5556
9422
9215
5517
1073
-730
1143
4608
6728
5954
2824
-655
-2894
-3938
-4248
-3616
-2328
-1673
-2402
-4241
-6586
-7973
-6252
-1447
3263
5040
3927
1292
-1305
-1588
1653
6119
8124
6627
3285
89
-1404
-527
1487
2482
1670
-209
-2354
-4102
-4654
-3806
-2408
-1320
-712
-726
-1505
-2326
-2081
-559
1597
3443
3876
2635
1095
682
1327
2322
3114
2977
1684
70
-1070
-1623
-1602
-1234
-1189
-1702
-2312
-2835
-3373
-3502
-2765
-1575
-638
-124
-41
-407
-679
-110
1197
2429
2981
2752
2084
1555
1470
1721
2080
2236
1824
889
-64
-622
-765
-696
-673
-909
-1427
-2030
-2388
-2304
-1884
-1398
-1012
-751
-597
-494
-320
54
637
1235
1591
1626
1472
1322
1293
1413
1562
1541
1231
703
175
-211
-494
-741
-921
-1068
-1292
-1573
-1782
-1849
-1723
-1383
-976
-676
-491
-377
-259
39
524
936
1157
1301
1381
1341
1281
1307
1332
1240
1000
621
154
-238
-404
-396
-427
-594
-835
-1118
-1421
-1553
-1287
-741
-363
-398
-599
-564
-218
146
360
578
862
1063
1144
1170
1137
1007
765
514
442
526
478
152
-264
-550
-683
-746
-735
-640
-625
-859
-1150
-1107
-714
-312
-131
-175
-285
-180
198
536
610
621
768
905
802
515
327
379
486
417
206
-14
-250
-469
-562
-461
-215
-63
-263
-692
-887
-669
-299
16
250
335
219
-34
-256
-183
261
748
913
760
502
289
176
127
99
186
396
484
243
-280
-837
-1108
-935
-450
-9
21
-376
-887
-1141
-887
-215
399
549
292
-58
-252
-139
259
665
821
752
604
452
311
189
144
253
447
498
265
-149
-524
-676
-540
-235
-27
-137
-539
-945
-1057
-778
-273
151
236
-30
-374
-444
-121
380
753
843
706
524
445
473
511
500
439
345
261
171
-13
-256
-350
-227
-75
-63
-177
-375
-619
-736
-542
-127
185
165
-102
-373
-432
-205
113
291
309
222
97
23
18
80
197
347
477
392
115
-17
25
-13
-18
180
274
40
-198
-222
-186
-109
36
79
-7
-94
-189
-261
-130
169
332
238
77
37
141
268
316
255
31
-258
-333
-184
-8
74
-71
-419
-686
-685
-436
-101
72
-51
-318
-456
-320
18
329
421
355
311
341
456
573
497
348
415
505
288
-30
-186
-260
-178
121
203
-208
-701
-881
-763
-437
-85
-22
-291
-613
-719
-535
-196
42
75
1
-43
21
180
303
293
229
215
214
138
-16
-184
-298
-280
-61
242
300
-56
-519
-630
-338
26
231
322
323
133
-164
-220
151
632
764
524
315
396
554
504
348
384
613
781
747
667
651
611
568
753
1175
1448
1231
669
319
569
1132
1335
944
443
330
373
105
-254
-351
-551
-1008
-1298
-1951
-4036
-7115
-9787
-10456
-6680
1279
6578
2767
-6266
-10416
-5545
3882
11115
12051
6891
12
-3073
-176
5972
10325
9734
5098
-27
-2734
-2883
-1932
-690
410
107
-2370
-5866
-8615
-9341
-6965
-2054
2108
2696
362
-2552
-4308
-3321
1018
6166
8097
5664
1378
-1420
-794
2743
6308
6992
4471
636
-2323
-2875
-963
1406
1976
513
-1792
-3845
-4627
-3480
-1266
349
739
51
-1545
-2965
-2539
-314
1894
2800
2280
678
-940
-1168
229
2140
3285
2846
918
-1126
-1720
-828
266
629
285
-519
-1535
-2221
-2150
-1556
-885
-371
-364
-1041
-1824
-1977
-1293
109
1615
2056
1173
220
117
561
1300
2308
2938
2607
1684
752
89
17
597
1101
729
-407
-1581
-2238
-2130
-1370
-593
-504
-1161
-1981
-2374
-2085
-1157
-43
596
522
55
-240
106
1005
1855
2205
1991
1395
785
574
867
1277
1313
839
39
-730
-1038
-817
-529
-575
-886
-1269
-1624
-1813
-1691
-1236
-622
-188
-137
-350
-517
-325
296
971
1256
1158
985
953
1153
1502
1683
1474
991
493
271
423
520
103
-567
-888
-789
-731
-1023
-1476
-1629
-1300
-856
-619
-490
-452
-659
-888
-644
144
881
1049
823
623
517
457
643
1159
1557
1310
537
-159
-313
9
341
279
-234
-881
-1208
-1146
-970
-777
-545
-476
-765
-1187
-1285
-866
-173
347
477
384
263
160
220
632
1281
1729
1599
998
450
356
656
1029
1234
1106
559
-241
-884
-981
-543
-118
-162
-563
-985
-1185
-1121
-951
-819
-670
-406
-137
-86
-270
-505
-580
-306
352
1064
1279
797
60
-252
130
866
1335
1181
534
-176
-545
-424
29
391
267
-224
-648
-825
-773
-594
-437
-292
-152
-184
-385
-528
-504
-294
157
680
888
645
202
-98
-45
337
789
998
784
243
-240
-362
-143
250
561
477
4
-446
-596
-469
-163
110
67
-245
-499
-536
-361
-28
297
417
309
98
-32
16
123
165
253
404
424
227
-69
-319
-382
-251
-143
-245
-454
-632
-766
-775
-665
-598
-531
-389
-317
-341
-354
-278
-92
59
93
209
442
493
347
331
445
522
629
678
540
366
144
-138
-215
-76
9
-88
-380
-737
-934
-833
-495
-215
-276
-631
-940
-824
-242
418
680
407
-53
-107
511
1291
1566
1448
1436
1563
1691
1827
1852
1781
1838
1811
1531
1455
1562
1226
704
658
772
444
-319
-1160
-1518
-1295
-1310
-1996
-3149
-5023
-7056
-7244
-5553
-4264
-3317
-1072
312
-2250
-5622
-4070
1636
5868
6154
3967
1280
269
2441
6193
8444
7914
5019
1406
-124
1315
3004
2701
1297
-295
-2563
-4725
-5054
-3952
-3084
-2676
-2523
-3265
-4481
-4498
-3137
-1775
-947
-392
-313
-765
-879
118
1851
3172
3369
2656
1778
1615
2550
3748
4047
3464
2544
1373
517
864
1828
1923
949
-219
-1113
-1578
-1458
-1110
-1049
-1300
-1842
-2664
-3253
-3061
-2316
-1662
-1351
-1433
-1945
-2256
-1597
-379
545
1069
1134
561
91
669
1904
2834
3167
2759
1658
848
1031
1585
1762
1527
858
-231
-1041
-1056
-824
-801
-838
-1132
-1829
-2260
-1950
-1298
-749
-421
-510
-926
-1028
-581
42
672
1139
1056
598
424
697
1059
1295
1371
1202
847
564
470
490
577
651
538
158
-289
-582
-725
-700
-490
-478
-898
-1260
-1278
-1274
-1252
-1024
-802
-738
-650
-459
-261
-78
57
136
324
693
993
1041
967
935
968
1056
1171
1225
1094
780
406
109
-26
5
64
-32
-308
-698
-1144
-1434
-1264
-681
-256
-400
-895
-1275
-1193
-702
-244
-26
114
264
325
261
289
607
931
902
737
772
814
607
379
431
655
752
562
219
47
50
-31
-177
-246
-388
-732
-1053
-1094
-858
-551
-562
-992
-1288
-1024
-547
-296
-243
-248
-265
-184
35
280
513
769
980
1021
927
894
1021
1128
1081
1039
1049
877
497
192
179
336
285
-173
-663
-691
-439
-415
-623
-794
-872
-853
-776
-785
-841
-762
-619
-553
-456
-291
-213
-185
0
331
597
636
495
414
535
738
871
847
654
495
532
604
515
237
-115
-323
-326
-235
-166
-306
-707
-1030
-945
-628
-482
-567
-697
-763
-662
-337
-1
44
-182
-343
-182
204
538
622
496
349
296
352
474
636
774
695
417
262
301
348
394
414
276
36
-166
-279
-238
-83
2
-39
-128
-222
-259
-209
-190
-230
-162
20
140
130
-54
-382
-516
-274
62
251
254
41
-299
-465
-244
145
353
382
305
67
-169
-126
132
346
469
531
417
140
-50
-63
12
154
285
184
-169
-454
-484
-388
-282
-150
-107
-303
-591
-652
-444
-215
-136
-212
-363
-425
-260
22
159
72
-80
-161
-111
140
461
501
237
68
140
246
340
413
281
3
-123
-96
-66
-14
-1
-152
-287
-253
-251
-383
-423
-318
-239
-228
-207
-206
-273
-328
-279
-151
-10
131
165
-33
-241
-113
191
287
201
76
-129
-230
21
348
420
420
530
651
780
962
1144
1350
1581
1705
1763
1878
1919
1787
1608
1483
1496
1622
1471
837
180
-100
-150
-223
-495
-1071
-1899
-2956
-4113
-4747
-4404
-3518
-2975
-3640
-5534
-6523
-4334
-621
574
-1277
-2879
-2158
106
2532
4015
3729
2296
1601
2616
4540
5890
5522
3622
2059
2245
3142
3138
2357
1468
343
-884
-1416
-1085
-660
-877
-1842
-3059
-3734
-3470
-2678
-2163
-2342
-2933
-3273
-2962
-2233
-1535
-1008
-689
-641
-562
-74
652
1318
1883
2129
1983
2016
2527
3023
3249
3341
3127
2623
2372
2534
2690
2579
2086
1113
115
-221
-49
-121
-679
-1496
-2404
-3047
-3018
-2602
-2445
-2633
-2971
-3407
-3574
-3040
-2160
-1628
-1501
-1442
-1271
-893
-268
424
972
1308
1440
1516
1781
2217
2571
2797
2942
2826
2484
2359
2497
2405
2007
1637
1296
861
501
259
-65
-491
-941
-1397
-1700
-1739
-1800
-2158
-2550
-2570
-2295
-2116
-2140
-2143
-2012
-1849
-1620
-1154
-494
52
250
213
294
720
1392
2014
2377
2366
2003
1692
1789
2104
2334
2296
1806
1077
610
510
500
366
46
-425
-919
-1298
-1489
-1498
-1492
-1642
-1867
-1993
-1974
-1802
-1560
-1408
-1359
-1280
-1109
-825
-437
-23
342
578
608
589
848
1365
1779
1884
1673
1294
1102
1276
1557
1630
1439
1063
654
387
312
341
306
47
-360
-698
-972
-1211
-1230
-1034
-947
-1119
-1422
-1627
-1508
-1174
-1027
-1097
-1021
-758
-537
-406
-240
34
333
470
453
559
867
1104
1127
1114
1170
1227
1261
1273
1239
1158
1048
966
854
549
165
-10
-52
-162
-336
-597
-978
-1273
-1300
-1161
-1012
-963
-1128
-1358
-1307
-984
-695
-515
-364
-258
-152
48
279
445
574
738
907
987
965
895
791
742
819
864
709
446
192
-12
-55
56
39
-233
-521
-616
-547
-401
-311
-396
-539
-574
-522
-368
-89
102
8
-192
-243
-126
92
329
386
186
-65
-116
88
367
504
432
182
-94
-172
-15
219
325
198
-46
-150
-31
115
80
-55
-106
-64
-23
-12
13
14
-67
-88
71
238
261
202
127
84
114
155
147
125
64
-50
-107
-103
-167
-303
-410
-406
-284
-210
-320
-472
-496
-424
-284
-92
-53
-244
-396
-369
-254
-30
224
229
19
-75
-18
74
243
423
420
293
213
173
140
182
287
327
228
85
45
56
-36
-177
-293
-443
-548
-549
-605
-774
-941
-1103
-1298
-1447
-1313
-765
-172
-86
-442
-582
-59
913
1754
2062
1905
1716
1857
2365
2962
3206
2916
2488
2385
2525
2531
2258
1838
1465
1199
911
467
-63
-603
-1170
-1788
-2484
-3254
-3824
-3817
-3387
-3260
-3874
-4785
-5104
-4428
-3236
-2442
-2486
-2897
-2809
-1893
-570
523
1038
1090
1120
1556
2422
3301
3711
3547
3207
3199
3571
3922
3830
3227
2509
2096
2050
2146
1982
1232
80
-858
-1159
-961
-794
-1155
-2092
-3074
-3448
-3033
-2303
-1991
-2356
-2916
-3102
-2765
-2006
-1131
-663
-788
-1010
-760
-39
832
1519
1783
1738
1748
1981
2341
2671
2920
2987
2766
2425
2217
2133
2031
1810
1423
969
593
288
-77
-492
-848
-1214
-1612
-1859
-1984
-2188
-2434
-2627
-2803
-2841
-2658
-2443
-2323
-2213
-2093
-1954
-1667
-1158
-599
-257
-143
8
381
890
1358
1699
1888
1982
2104
2277
2417
2505
2508
2334
2040
1835
1775
1683
1446
1117
748
387
134
7
-149
-477
-893
-1197
-1336
-1395
-1435
-1479
-1577
-1708
-1739
-1587
-1359
-1230
-1229
-1230
-1112
-886
-626
-372
-178
-79
-8
113
285
490
702
798
722
666
793
998
1098
1087
1026
937
878
893
918
861
713
488
273
229
298
222
-18
-195
-276
-392
-520
-570
-575
-558
-534
-590
-738
-830
-781
-662
-567
-527
-543
-572
-521
-374
-240
-204
-194
-126
-30
82
236
355
372
393
502
596
627
684
770
805
802
764
625
451
427
525
520
332
93
-81
-150
-114
-92
-222
-437
-589
-679
-763
-802
-746
-661
-650
-715
-757
-702
-589
-457
-284
-117
-69
-122
-90
134
449
623
557
387
287
289
408
633
773
638
329
90
67
256
471
461
223
-24
-157
-185
-126
-57
-102
-264
-424
-520
-572
-581
-538
-478
-470
-521
-583
-647
-743
-816
-737
-493
-288
-331
-574
-727
-581
-254
-32
-29
-79
40
337
647
869
1063
1294
1497
1639
1837
2140
2398
2452
2342
2255
2296
2367
2385
2389
2240
1747
1162
905
948
948
611
-129
-979
-1674
-2402
-3106
-3284
-3127
-3464
-4386
-5284
-5632
-4877
-3211
-2444
-3700
-5061
-4231
-2032
-512
73
40
-780
-1255
210
2631
3712
3075
1808
1118
2037
3982
4795
3864
2660
1979
1747
2355
3484
3554
2056
480
165
869
1571
1508
537
-809
-1710
-1690
-906
-147
-443
-1861
-3071
-2990
-2061
-1290
-1194
-1837
-2728
-2985
-2278
-1166
-439
-552
-1240
-1565
-891
348
1234
1348
968
664
904
1692
2557
2914
2527
1745
1321
1709
2451
2663
2114
1268
589
341
544
788
572
-139
-934
-1416
-1412
-1110
-1098
-1626
-2197
-2410
-2364
-2195
-1964
-1849
-1992
-2220
-2128
-1618
-997
-653
-691
-741
-435
131
654
977
1138
1156
1089
1255
1752
2128
2094
1888
1779
1777
1831
1913
1862
1615
1326
1031
732
611
580
282
-233
-571
-663
-741
-880
-1069
-1344
-1566
-1579
-1451
-1355
-1410
-1600
-1724
-1595
-1262
-992
-959
-1012
-977
-840
-547
-94
266
328
277
402
697
998
1213
1311
1332
1353
1353
1308
1338
1441
1390
1140
933
859
749
548
386
278
109
-134
-352
-462
-458
-443
-563
-801
-936
-884
-813
-828
-856
-860
-855
-817
-738
-640
-557
-497
-455
-382
-184
59
117
56
133
263
251
250
411
534
458
323
302
411
553
592
465
279
148
122
197
248
132
-72
-179
-147
-73
-33
-44
-120
-267
-399
-359
-152
-18
-108
-283
-349
-239
-36
74
33
-6
15
29
63
137
119
-35
-153
-124
3
110
83
-59
-153
-108
29
206
277
77
-213
-270
-94
78
113
5
-166
-250
-146
35
82
-31
-169
-265
-285
-193
-92
-179
-440
-631
-592
-460
-460
-654
-954
-1160
-1049
-598
-24
354
316
-1
-157
292
1358
2320
2384
1713
1234
1527
2363
3089
3151
2464
1577
1249
1696
2348
2351
1457
331
-205
-13
315
90
-895
-2223
-3147
-3111
-2303
-1705
-2180
-3395
-4171
-3894
-2952
-2054
-1744
-2166
-2791
-2795
-1909
-691
10
-176
-722
-713
74
993
1506
1569
1305
1052
1274
1945
2466
2386
1890
1509
1589
2002
2310
2234
1819
1280
893
856
1083
1159
697
-80
-539
-482
-267
-240
-501
-986
-1449
-1560
-1265
-934
-950
-1290
-1614
-1605
-1249
-808
-582
-642
-790
-753
-425
74
469
580
488
406
492
756
1078
1201
966
657
650
875
1041
999
743
414
203
213
346
347
109
-247
-526
-553
-360
-256
-441
-767
-982
-1013
-871
-612
-478
-681
-969
-938
-662
-461
-345
-251
-292
-390
-285
-24
147
201
212
188
208
331
462
518
526
502
463
450
434
382
323
286
250
206
160
110
72
40
-1
-40
-39
9
66
60
-40
-180
-254
-201
-80
-3
-50
-211
-399
-492
-436
-317
-256
-286
-363
-430
-423
-286
-21
202
223
137
174
355
560
787
1045
1177
1140
1185
1473
1846
2155
2412
2592
2623
2531
2382
2204
2024
1743
1147
206
-978
-2426
-3683
-3453
-1511
-447
-2799
-6690
-7625
-4690
-1442
-760
-2265
-4416
-5753
-4599
-813
2560
2122
-1469
-3872
-2097
2202
4902
4016
1229
-704
-496
1702
4597
5584
3043
-740
-1573
1346
4609
5088
2972
292
-1283
-773
1706
3939
3167
-282
-2891
-2309
238
2071
1667
-654
-3079
-3572
-1801
414
959
-642
-3011
-4021
-2660
-168
1133
185
-1878
-2975
-2038
193
1942
1888
331
-1083
-974
589
2311
2831
1813
233
-419
454
1933
2577
1867
505
-442
-364
558
1440
1322
104
-1183
-1412
-569
278
206
-681
-1685
-2170
-1808
-873
-243
-554
-1464
-2044
-1770
-925
-216
-181
-686
-1092
-1013
-488
277
772
535
-58
-128
493
1153
1377
1203
859
653
814
1229
1527
1418
993
602
537
849
1210
1147
692
300
161
139
191
280
144
-333
-768
-767
-463
-315
-531
-924
-1192
-1200
-986
-731
-698
-954
-1220
-1196
-899
-573
-432
-531
-711
-711
-436
-61
177
198
95
58
229
536
750
774
719
710
780
881
918
832
737
776
845
707
402
265
435
612
481
164
-15
-20
32
115
165
15
-305
-513
-428
-175
-57
-227
-490
-576
-491
-381
-300
-279
-351
-472
-510
-351
-70
23
-196
-387
-281
-80
32
107
88
-106
-250
-120
141
256
155
-44
-150
-49
168
313
303
168
-18
-82
110
368
385
180
28
51
190
328
341
234
125
61
77
228
378
316
114
-24
-86
-53
109
202
-1
-337
-437
-252
-82
-149
-389
-637
-785
-712
-405
-187
-388
-800
-948
-719
-369
-139
-163
-432
-681
-602
-250
70
156
-17
-297
-333
46
448
441
121
-171
-268
-122
147
185
-173
-614
-735
-347
493
1301
1274
246
-621
43
1946
3210
2647
1142
421
1119
2526
3527
3360
2046
633
460
1651
2782
2451
814
-729
-1070
-371
304
-1
-1422
-3100
-3682
-2632
-1138
-980
-2406
-3938
-4219
-3246
-1890
-1045
-1231
-2257
-3082
-2621
-985
418
382
-725
-1473
-1044
128
1162
1461
911
109
19
854
1818
2148
1787
1112
730
1155
2129
2669
2240
1370
882
1016
1471
1800
1651
983
257
5
249
585
597
90
-618
-945
-744
-447
-445
-715
-1133
-1593
-1691
-1216
-719
-714
-1021
-1286
-1323
-969
-377
-10
-57
-318
-512
-357
188
673
681
422
255
268
512
886
1044
847
481
245
367
722
835
452
-76
-265
-134
96
272
103
-430
-812
-712
-368
-155
-283
-712
-1040
-894
-439
-147
-239
-586
-838
-699
-262
87
107
-122
-335
-270
151
681
886
595
191
185
568
914
975
759
376
135
337
763
915
670
299
90
159
352
380
175
-77
-208
-122
142
287
80
-277
-417
-234
113
322
166
-231
-458
-229
311
738
788
618
564
824
1340
1729
1539
917
473
356
131
-437
-1221
-1993
-2243
-1467
-283
-326
-2186
-4252
-4376
-2263
223
868
-839
-3190
-3830
-1966
961
2561
1590
-814
-2103
-927
1510
2957
2444
824
-384
-319
724
1696
1750
960
169
119
751
1357
1369
849
292
132
455
934
1022
448
-301
-401
226
758
559
-132
-748
-957
-667
-116
109
-366
-1168
-1539
-1173
-453
10
-57
-469
-787
-621
-23
510
623
459
336
393
606
815
844
755
761
850
840
693
515
348
209
175
246
237
-24
-434
-694
-653
-450
-328
-427
-720
-1032
-1121
-922
-668
-595
-672
-777
-867
-824
-568
-297
-252
-349
-341
-174
25
150
205
248
263
240
324
589
806
745
551
509
609
680
689
658
534
332
222
291
394
348
218
54
-57
-61
7
35
-82
-177
-268
-353
-348
-230
-96
-161
-342
-508
-479
-277
-101
-93
-274
-440
-502
-350
-96
64
25
-159
-217
-121
73
177
152
85
14
4
25
99
163
170
173
180
164
119
107
149
246
340
290
62
-122
-61
120
175
53
-137
-268
-209
28
199
114
-97
-213
-171
-14
168
233
139
-17
-121
-74
133
304
275
147
66
7
-13
108
294
326
161
-44
-154
-142
-45
28
-27
-198
-391
-501
-429
-218
-104
-229
-460
-610
-606
-434
-202
-117
-233
-371
-371
-245
-100
-26
-33
-49
5
115
224
284
279
242
280
438
582
568
444
374
427
553
646
582
373
221
296
467
458
217
-47
-114
28
187
179
-9
-276
-469
-415
-158
-37
-283
-654
-785
-621
-362
-202
-243
-460
-661
-629
-348
-44
29
-161
-379
-372
-134
104
151
18
-144
-177
-3
258
330
122
-114
-85
157
329
330
233
153
115
199
341
411
290
108
20
97
243
307
255
141
56
32
117
228
218
80
-20
10
67
58
5
-20
-18
-24
-34
-26
-17
-20
12
92
137
73
-44
-108
-75
-10
8
-47
-141
-237
-267
-185
-87
-126
-282
-368
-310
-208
-147
-125
-151
-251
-343
-280
-81
53
19
-84
-141
-146
-102
22
158
190
86
-4
63
237
374
399
379
305
216
183
289
430
450
322
126
20
33
140
211
196
77
-86
-185
-142
-13
13
-85
-206
-259
-285
-266
-169
-74
-107
-241
-305
-241
-156
-134
-148
-141
-105
-67
-45
-51
-61
-36
39
106
101
36
-27
-44
-3
77
134
114
29
-58
-71
27
174
242
179
52
-23
22
142
202
137
30
-44
-83
-83
-13
80
86
-3
-78
-70
-5
46
27
-44
-93
-90
-75
-88
-121
-127
-82
-21
-11
-55
-84
-71
-47
-16
8
-35
-135
-168
-61
68
98
44
-27
-77
-56
81
243
257
88
-73
-39
124
212
162
83
47
55
114
188
176
66
-12
34
129
134
28
-78
-93
-33
-4
-44
-110
-161
-202
-197
-120
-42
-52
-112
-131
-80
1
56
67
61
58
59
92
168
219
197
166
200
263
274
236
212
220
209
151
102
108
132
103
8
-100
-166
-159
-94
-45
-91
-215
-307
-293
-227
-206
-260
-345
-422
-453
-387
-227
-107
-144
-266
-313
-237
-96
22
57
5
-46
-4
118
211
193
119
100
160
234
277
286
260
221
205
210
207
175
121
72
51
38
-11
-88
-150
-182
-207
-245
-276
-272
-242
-231
-259
-303
-332
-322
-266
-196
-188
-269
-349
-304
-152
-29
-43
-153
-227
-156
23
188
239
167
69
84
227
368
417
420
434
464
499
538
556
545
549
612
690
694
613
530
528
596
665
666
575
418
289
273
317
268
80
-152
-334
-423
-419
-398
-459
-590
-690
-708
-672
-635
-642
-684
-695
-627
-542
-515
-539
-543
-504
-461
-434
-423
-409
-392
-370
-348
-333
-357
-404
-401
-320
-237
-220
-244
-239
-197
-146
-95
-28
42
89
129
201
306
407
486
551
609
643
654
681
740
794
801
748
664
600
580
599
607
532
377
254
249
308
310
222
84
-45
-85
-4
100
77
-90
-253
-285
-221
-174
-194
-265
-365
-442
-439
-377
-347
-371
-400
-390
-365
-361
-377
-378
-346
-300
-268
-249
-224
-171
-108
-63
-44
-33
-13
26
93
148
142
77
27
32
75
114
112
55
-31
-62
7
113
140
60
-26
-29
33
95
127
132
105
76
95
162
206
193
153
141
163
184
176
147
128
133
141
135
109
76
54
54
61
40
-26
-98
-115
-75
-48
-89
-172
-222
-210
-150
-97
-95
-149
-207
-198
-116
-39
-39
-101
-141
-116
-48
5
16
-11
-55
-73
-41
18
39
6
-39
-48
-26
-7
-12
-38
-75
-96
-73
-13
27
13
-23
-26
19
71
102
121
140
159
180
211
234
218
189
185
204
212
193
152
101
63
50
50
40
1
-47
-75
-79
-82
-91
-99
-105
-119
-140
-153
-143
-107
-63
-39
-59
-109
-141
-118
-46
18
20
-52
-139
-148
-49
66
84
-6
-113
-138
-48
84
145
83
-43
-110
-56
71
165
155
60
-42
-67
2
101
132
64
-48
-113
-87
-1
64
47
-33
-104
-101
-26
52
68
17
-41
-51
-1
62
81
38
-21
-33
7
57
64
26
-21
-31
-2
32
39
17
-7
-14
-4
0
-4
5
40
64
46
1
-19
14
78
115
83
-4
-76
-67
13
77
50
-55
-144
-147
-72
8
26
-34
-112
-131
-72
10
42
6
-50
-67
-30
25
51
39
11
1
26
65
90
91
76
65
63
76
99
116
110
85
62
61
70
69
47
20
2
-7
-23
-49
-74
-87
-88
-88
-89
-100
-107
-105
-88
-70
-63
-71
-82
-87
-84
-62
-26
2
1
-20
-27
0
48
93
117
114
91
80
106
153
174
140
76
33
39
71
84
49
-15
-67
-70
-35
-8
-24
-79
-131
-147
-128
-106
-103
-121
-152
-181
-187
-161
-109
-68
-68
-101
-126
-106
-39
31
58
34
-6
-1
57
129
155
124
84
84
130
173
166
120
81
95
147
180
149
74
23
40
104
137
93
-7
-83
-73
2
61
35
-66
-157
-161
-76
14
25
-49
-133
-148
-75
21
57
14
-61
-97
-64
6
51
44
-1
-42
-51
-29
3
21
17
-4
-25
-36
-30
-15
2
9
-2
-29
-54
-56
-35
-11
-9
-30
-59
-74
-59
-26
-4
-19
-55
-77
-62
-23
5
-4
-34
-47
-19
41
91
90
57
44
84
153
195
177
125
92
113
169
197
161
83
29
38
85
112
75
-4
-72
-83
-47
-13
-21
-75
-135
-159
-134
-83
-51
-59
-105
-144
-141
-93
-40
-22
-48
-88
-95
-56
4
39
27
-13
-27
7
66
100
83
39
17
46
103
138
115
61
27
44
89
108
78
23
-11
-4
15
10
-34
-85
-113
-106
-91
-103
-139
-171
-170
-140
-116
-120
-142
-153
-134
-90
-49
-31
-36
-43
-29
4
33
46
47
48
59
75
91
104
114
123
128
125
113
98
93
100
108
96
64
28
15
30
50
45
7
-45
-75
-67
-35
-16
-39
-88
-120
-106
-58
-18
-14
-41
-65
-54
-8
36
45
24
8
21
53
77
80
64
54
55
66
72
64
50
42
46
45
33
12
-5
-11
-11
-9
-14
-25
-40
-51
-53
-45
-35
-37
-54
-79
-92
-82
-56
-33
-39
-66
-93
-92
-61
-24
-8
-22
-44
-49
-32
2
29
39
30
16
10
25
53
76
80
65
50
49
66
85
87
69
46
40
54
67
60
36
13
9
22
32
23
-4
-26
-27
-11
2
-4
-26
-45
-55
-50
-43
-41
-49
-62
-72
-76
-69
-57
-48
-48
-55
-60
-57
-44
-30
-25
-29
-37
-38
-28
-13
-7
-10
-13
-8
-2
4
2
-1
5
15
23
23
17
13
19
33
45
45
37
34
44
59
68
61
46
40
48
61
66
53
31
22
29
41
39
21
-2
-14
-7
9
15
3
-18
-28
-17
7
20
11
-10
-25
-18
4
19
11
-15
-35
-33
-13
2
-8
-36
-59
-61
-44
-27
-26
-36
-46
-43
-30
-17
-9
-6
-8
-10
-9
-4
3
12
17
18
16
17
23
30
33
29
26
30
38
41
30
17
7
14
32
41
28
1
-17
-12
12
28
18
-14
-46
-52
-30
-2
-1
-30
-64
-81
-66
-41
-25
-29
-49
-63
-58
-38
-16
-2
2
0
-3
2
16
35
46
48
43
42
44
51
60
65
60
51
47
50
52
49
39
32
30
34
37
29
12
-4
-5
6
16
6
-14
-34
-37
-22
-4
-1
-24
-54
-66
-48
-22
-16
-37
-68
-82
-65
-37
-29
-48
-74
-82
-61
-33
-23
-39
-62
-64
-40
-9
5
-8
-25
-27
-7
18
26
19
7
6
23
45
56
52
43
43
56
73
81
77
72
71
79
87
90
83
75
71
69
66
56
47
42
38
31
15
-4
-21
-26
-22
-20
-35
-61
-80
-76
-59
-50
-62
-86
-102
-95
-69
-49
-52
-75
-87
-72
-43
-24
-28
-45
-51
-35
-10
3
-4
-19
-21
-6
14
19
7
-9
-7
12
32
39
27
13
15
32
51
57
50
41
43
54
65
68
63
59
64
71
75
69
62
62
71
78
77
67
56
49
49
50
42
23
3
-14
-22
-22
-23
-34
-53
-73
-86
-88
-89
-91
-97
-105
-113
-116
-113
-106
-97
-93
-92
-97
-98
-88
-67
-46
-37
-38
-40
-30
-8
17
33
34
24
20
35
62
84
86
73
62
65
81
97
100
86
67
55
60
69
68
52
27
10
7
16
14
0
-26
-51
-53
-40
-27
-30
-48
-64
-62
-42
-17
-9
-21
-37
-35
-12
22
40
34
14
5
18
49
71
66
41
19
19
39
60
56
28
-5
-17
-5
15
19
-3
-35
-54
-49
-27
-11
-17
-40
-63
-65
-45
-21
-14
-30
-50
-56
-37
-9
7
-3
-26
-39
-26
5
26
24
0
-20
-16
8
34
36
15
-11
-19
-1
27
36
19
-10
-23
-11
16
33
23
-3
-19
-11
15
35
35
15
-3
-3
17
38
43
29
9
5
19
39
48
39
24
17
26
39
47
42
28
19
20
29
32
24
9
-1
-1
3
3
-2
-15
-24
-26
-23
-25
-34
-45
-50
-50
-46
-47
-52
-59
-63
-62
-55
-49
-47
-48
-51
-49
-41
-35
-32
-32
-31
-28
-23
-15
-8
-6
-9
-8
-4
6
14
18
18
19
26
36
44
43
38
36
41
55
62
60
52
49
54
55
56
52
46
38
34
40
43
33
15
5
6
8
1
-9
-17
-26
-34
-35
-35
-42
-47
-41
-30
-30
-46
-60
-62
-60
-60
-59
-60
-66
-71
-60
-38
-21
-23
-29
-30
-25
-17
-5
5
6
-2
2
9
13
14
26
38
38
26
18
20
29
28
17
7
5
16
33
48
44
23
8
15
31
30
15
0
-14
-28
-32
-22
-5
5
4
-1
10
32
40
28
10
16
35
43
38
35
36
45
61
73
70
55
40
31
22
8
-10
-12
-1
3
-2
-1
-6
-30
-47
-31
-8
-6
-20
-33
-51
-61
-45
-16
-13
-37
-50
-32
-10
-19
-57
-76
-57
-21
6
24
30
13
-15
-18
14
58
71
44
11
8
16
10
4
14
23
12
2
6
6
-11
-31
-43
-53
-56
-48
-38
-37
-56
-79
-91
-81
-68
-70
-79
-74
-50
-15
21
50
56
41
22
35
85
133
135
84
22
6
43
98
113
69
3
-23
15
87
136
125
61
7
6
44
83
84
24
-51
-73
-56
-36
-30
-58
-125
-181
-188
-156
-78
4
-1
-42
-8
8
-149
-362
-383
-204
-35
33
72
130
113
-20
-114
-66
-18
-106
-163
-53
48
7
27
124
-93
-452
168
1941
2879
1310
-1319
-2222
-1077
113
224
11
181
217
-457
-1187
-903
213
915
662
86
-284
-501
-443
126
576
79
-551
474
2812
3792
2195
12
-656
-213
75
188
462
411
-273
-953
-1078
-913
-744
-394
208
581
160
-890
-1637
-1496
-1085
-1217
-1481
-973
-7
284
-233
-658
-630
-557
-466
-25
399
132
-497
-523
52
321
79
76
619
1115
1151
995
874
646
287
83
184
358
358
284
265
72
-418
-702
-297
433
779
552
68
-319
-459
-393
-195
64
185
41
-174
-267
-343
-433
-301
24
140
-28
-82
70
36
-278
-415
-120
325
630
795
800
523
92
-100
103
419
577
588
486
185
-242
-516
-498
-313
-167
-157
-245
-339
-439
-612
-803
-836
-651
-357
-37
217
222
-32
-255
-215
-17
160
308
463
556
465
200
-34
-28
178
383
477
464
328
79
-144
-202
-147
-148
-210
-170
3
105
-9
-212
-302
-245
-142
-41
91
231
236
51
-152
-174
-32
124
224
284
299
224
80
-34
-68
-87
-131
-156
-130
-73
-6
15
-92
-287
-394
-307
-93
101
143
-7
-223
-298
-185
-43
2
15
108
250
291
149
-35
-56
58
101
17
-49
-2
106
162
81
-122
-280
-211
24
164
87
-35
-39
-24
-132
-239
-127
140
299
264
174
111
37
-45
-61
1
71
96
87
68
34
-56
-184
-251
-195
-63
60
124
94
-52
-241
-314
-188
32
186
243
239
144
-45
-185
-126
70
225
277
273
232
136
1
-120
-161
-94
24
98
81
-22
-190
-346
-379
-259
-57
112
165
116
29
-56
-122
-121
-29
85
170
239
260
169
26
-70
-86
-27
103
235
230
86
-48
-139
-232
-257
-183
-93
-22
45
63
-19
-161
-246
-211
-111
-3
96
154
130
7
-126
-103
53
179
248
294
256
128
-11
-106
-131
-65
45
110
85
27
-10
-50
-97
-108
-70
-16
14
-22
-105
-160
-160
-144
-122
-62
15
48
29
-19
-68
-76
-25
36
71
95
103
57
-14
-20
35
76
88
91
54
-26
-69
-28
39
71
82
78
52
28
26
29
21
8
-19
-57
-56
4
34
-23
-96
-109
-81
-52
-6
40
20
-58
-106
-87
-44
-4
33
62
77
80
66
33
13
26
55
73
73
52
24
13
8
-14
-40
-31
6
27
6
-32
-60
-76
-85
-98
-95
-53
20
61
27
-38
-68
-63
-58
-43
-4
43
62
51
21
-14
-26
1
52
103
135
129
83
40
28
32
34
40
40
18
1
7
8
-17
-35
-42
-62
-73
-22
51
58
-6
-66
-75
-48
-34
-54
-72
-53
-20
-16
-23
-10
6
-17
-54
-36
30
75
76
57
17
-36
-40
28
90
81
38
24
31
16
-29
-61
-53
-28
-26
-30
-5
20
0
-43
-53
-25
16
61
92
72
17
-20
-19
-2
25
61
84
81
52
8
-29
-26
-2
0
-19
-18
-7
-20
-48
-63
-64
-50
-21
1
-7
-20
-18
-27
-56
-62
-22
27
49
52
38
-1
-40
-49
-36
-22
-3
23
27
9
3
12
-1
-31
-28
23
69
68
28
-29
-71
-70
-24
30
56
52
24
-8
-24
-19
-3
7
10
10
7
4
4
9
15
9
-10
-13
10
29
15
-12
-23
-15
-1
19
51
69
53
18
-2
2
12
19
29
31
10
-36
-75
-76
-42
-15
-22
-44
-64
-85
-97
-74
-34
-12
-10
-4
7
6
6
31
67
80
60
40
35
51
77
84
60
28
17
19
17
14
2
-23
-43
-46
-51
-60
-54
-28
-19
-36
-48
-33
-3
14
13
0
-6
1
16
26
31
37
48
56
46
32
29
34
26
4
-16
-23
-16
-2
4
-7
-29
-45
-36
-8
17
19
0
-30
-59
-73
-58
-23
6
15
7
-12
-18
1
27
33
20
9
16
30
40
28
3
-20
-29
-30
-17
16
40
24
-34
-81
-78
-40
-2
17
15
-3
-26
-43
-38
-13
5
22
38
46
34
18
14
19
9
-4
2
26
43
28
-11
-40
-47
-35
-20
4
26
22
-5
-20
-15
-8
-13
-15
0
12
17
12
0
-16
-27
-29
-22
-6
20
34
26
4
-13
-24
-26
-13
13
32
32
22
12
5
4
5
13
33
48
44
21
3
-6
-12
-12
0
14
19
5
-20
-43
-49
-39
-20
-8
-9
-19
-28
-31
-34
-27
-13
-5
-1
2
-1
-7
0
13
12
5
22
54
69
57
35
16
2
-11
-2
29
49
30
-12
-37
-38
-34
-28
-10
11
19
9
-11
-19
-17
-20
-32
-32
-5
33
55
49
16
-25
-41
-15
38
79
80
50
9
-21
-44
-49
-29
6
31
25
-2
-21
-21
-8
0
-3
-8
-9
-2
4
2
-8
-22
-24
-13
0
-2
1
11
6
-26
-47
-41
-29
-26
-26
-27
-24
-14
-1
6
4
-2
-8
-5
9
29
42
49
46
28
3
-6
11
37
46
29
7
-5
-15
-33
-44
-31
-4
7
-4
-23
-33
-36
-39
-43
-37
-19
-5
-4
-9
-17
-31
-35
-13
26
44
40
38
43
34
11
-5
4
24
36
30
12
-2
1
11
9
0
0
12
21
20
4
-24
-47
-40
-8
19
31
32
31
25
9
-5
-2
18
34
39
43
44
29
6
-1
8
10
13
24
29
6
-29
-44
-42
-39
-29
-9
11
13
-4
-37
-68
-71
-40
-2
21
26
15
-7
-21
-21
-10
2
18
36
39
22
-1
-18
-28
-29
-13
19
43
38
8
-28
-50
-37
1
27
24
14
6
-3
-16
-21
-18
-14
-7
10
28
29
7
-25
-46
-46
-25
16
44
36
-1
-30
-38
-28
-12
9
27
33
22
-4
-28
-28
-10
14
27
32
27
15
-2
-24
-40
-37
-16
10
25
27
3
-32
-47
-37
-17
4
21
20
-3
-27
-36
-31
-11
18
43
48
40
28
11
-6
-9
1
15
21
25
26
17
0
-18
-24
-12
7
22
25
12
-5
-22
-28
-20
-1
20
34
36
23
-2
-27
-34
-20
-1
11
18
22
18
-6
-29
-24
5
32
34
21
5
-12
-27
-32
-22
-3
8
12
12
11
0
-17
-19
-8
0
8
27
44
34
0
-27
-24
-1
22
33
30
11
-15
-29
-26
-14
-3
6
14
12
-6
-27
-37
-32
-18
-4
2
1
-1
-6
-14
-20
-15
0
14
13
9
7
8
2
-9
-11
2
15
18
12
2
-6
-11
-9
0
5
1
-2
-1
0
-8
-18
-23
-23
-17
-14
-3
14
23
16
-3
-11
-6
-1
2
7
15
9
-5
-17
-15
-2
19
35
42
31
10
-8
-15
-13
-13
-19
-19
-8
0
-8
-19
-20
-11
-5
0
9
13
-2
-26
-35
-22
-6
5
15
23
15
-3
-6
10
27
31
18
6
0
-4
0
12
24
23
11
2
5
17
16
2
-12
-18
-13
-6
6
11
2
-13
-19
-12
3
13
14
5
-10
-21
-17
0
17
21
20
14
12
9
5
7
13
15
11
5
0
-2
-7
-11
-9
-1
6
3
-6
-14
-19
-16
-12
-7
-5
-2
-7
-15
-25
-31
-27
-15
-4
-3
-5
-3
4
10
8
8
16
31
39
33
14
-2
-5
0
9
14
16
13
10
3
-8
-17
-17
-10
-5
-8
-20
-28
-30
-25
-20
-18
-17
-11
-4
-3
-7
-9
-6
0
5
10
15
20
21
12
2
-1
5
12
14
11
10
11
10
7
1
-3
-1
1
2
0
-7
-10
-8
-5
-7
-7
3
15
13
4
0
4
5
1
0
2
7
5
1
-3
-5
-6
-1
8
12
9
3
2
0
-6
-6
3
13
12
3
-8
-10
-4
2
3
7
6
5
1
-4
-4
-5
-4
2
6
1
-13
-21
-21
-12
-5
2
6
6
3
-3
-7
-4
2
6
5
3
0
-4
-6
-3
1
7
12
16
20
15
6
2
1
4
4
5
7
2
-5
-9
-7
-5
-3
-1
2
1
-3
-6
-10
-9
-6
-3
-3
-8
-12
-10
-7
-7
-10
-10
-8
-7
-7
-5
1
7
4
-1
-2
-1
4
10
11
6
-1
-2
3
8
11
11
12
12
9
5
3
3
3
1
-1
-2
-1
-2
-2
-1
0
3
6
4
2
-1
0
3
3
0
-2
-2
-1
4
3
2
1
2
3
0
0
0
0
-3
-5
-5
-1
0
-3
-8
-9
-5
-2
-1
-3
-3
-4
-1
1
4
5
5
5
2
2
1
3
3
4
2
3
0
-1
-1
-1
-2
0
2
3
0
-3
-3
0
1
0
0
3
2
-1
-4
-1
1
3
3
2
0
0
-1
0
1
3
3
3
0
-2
-3
-3
0
0
1
0
-2
-3
-2
-4
-3
-1
-1
0
0
-2
-2
-3
-2
-1
0
1
1
1
-1
-1
-1
3
3
6
5
3
2
3
4
4
3
1
0
-1
-1
-1
-1
-3
-3
-1
-1
0
1
0
-1
0
0
1
1
1
0
-2
0
0
0
0
0
0
1
2
2
2
2
1
1
1
0
0
-2
-1
-1
-1
-1
-2
-1
-1
-1
1
0
1
1
1
3
1
1
0
3
4
3
2
0
-1
1
1
2
2
1
0
-1
-2
-1
-1
1
1
0
-1
-3
-3
-1
0
1
1
2
1
-1
-1
-2
-1
0
3
4
3
3
0
0
-1
0
2
1
0
-1
-3
-3
-3
-1
1
1
0
1
-1
-1
0
0
1
1
1
1
1
1
1
1
1
0
0
1
1
0
0
0
0
-1
0
0
-1
0
-1
-2
-2
-2
-2
-1
0
0
1
1
1
1
1
1
1
1
1
2
1
2
0
-1
-2
1
1
2
2
1
0
-1
-1
0
0
1
1
2
0
-1
-3
-1
-1
0
2
1
0
1
0
0
1
1
1
1
2
-1
0
-1
1
0
0
0
0
-1
0
0
1
2
2
2
3
1
-1
-1
0
0
0
0
0
0
0
-1
0
-1
0
1
0
1
1
1
2
1
1
1
1
1
0
-1
1
1
1
0
-1
-1
0
0
2
1
1
1
1
-1
-1
-1
-2
-3
-1
-1
-1
0
0
0
1
1
0
1
1
1
2
0
1
0
-1
0
1
0
0
-1
0
0
0
0
0
0
1
1
2
1
1
1
0
0
1
0
2
1
1
1
2
1
2
3
4
5
4
4
3
1
0
-1
-1
-1
-2
-2
-3
-3
-2
-1
1
2
2
1
0
-1
-2
0
-1
1
1
1
2
1
1
2
2
2
3
1
0
0
-1
-2
-1
0
0
0
0
0
-1
-1
-1
0
-1
0
0
1
1
-1
0
-1
2
2
2
2
1
1
2
1
1
1
1
1
1
0
1
0
0
-1
0
0
0
0
-1
0
1
0
0
0
0
0
-1
0
0
0
0
0
0
0
1
0
0
0
0
0
-1
0
1
1
0
0
0
-1
-1
0
0
0
0
1
3
2
-1
-1
-3
0
0
1
0
0
-2
0
-1
0
0
0
0
-1
1
0
0
0
1
0
-1
0
1
1
0
-1
0
0
0
0
0
0
0
0
-1
0
0
0
0
1
-1
0
0
-1
0
0
0
0
0
1
1
0
0
0
-1
-1
0
0
0
1
0
0
0
0
0
0
1
0
0
-1
0
0
1
0
0
0
0
0
1
0
0
-1
0
0
0
0
0
0
0
0
1
0
0
0
0
0
0
0
0
1
0
0
0
0
0
0
-1
0
0
0
0
1
0
0
1
0
0
0
1
-1
0
-1
0
0
0
1
0
0
0
0
0
0
1
0
0
0
0
0
0
0
0
0
-1
0
0
0
1
0
0
0
1
0
0
0
0
0
0
0
0
0
0
1
0
1
0
-1
0
0
-1
0
0
0
-1
0
0
0
-1
0
-1
1
-1
1
0
0
0
0
0
1
0
1
0
0
0
0
0
0
0
0
0
0
0
1
0
0
-1
0
0
0
0
0
0
0
0
0
0
-1
0
0
1
0
0
-1
0
0
0
0
0
0
0
0
-1
0
1
0
0
0
0
1
0
0
0
0
0
-1
0
0
-1
0
0
0
0
0
0
0
0
0
0
0
1
1
1
1
0
0
-1
1
0
0
0
0
0
0
0
0
0
0
0
0
1
0
0
1
0
1
0
0
1
0
0
0
0
1
0
0
-1
0
0
1
1
0
0
-1
0
-1
-1
0
0
0
1
1
0
-1
0
1
0
0
0
0
1
0
1
-1
0
1
0
0
0
-1
0
0
0
1
0
-1
0
-1
-1
0
0
1
0
0
0
1
1
0
0
1
1
-1
0
-1
0
0
0
1
0
0
0
0
-1
0
0
-1
0
0
-1
-1
1
0
0
0
0
-1
0
1
0
0
0
-1
1
0
1
0
1
-1
0
0
0
-1
0
0
0
0
0
0
0
0
0
0
0
0
0
0
0
0
0
1
0
0
0
0
1
0
0
0
0
0
0
0
0
0
0
0
0
0
0
0
0
0
0
0
0
1
0
0
0
0
-1
0
0
1
0
0
0
0
0
-1
0
0
0
0
0
0
-1
0
0
-1
0
0
0
-1
0
0
0
0
-1
0
0
0
0
0
0
0
0
0
0
0
0
0
0
0
-1
0
0
0
-1
0
-1
0
-1
0
0
0
0
1
0
0
0
0
-1
1
0
0
0
0
0
1
0
0
0
0
0
0
1
0
0
0
0
-1
0
-1
0
0
0
0
0
0
0
0
0
0
0
0
0
0
0
0
0
1
0
1
1
0
1
0
0
0
0
0
1
0
1
0
0
0
1
0
0
-1
0
0
1
0
-1
0
0
0
0
-1
-1
1
0
0
1
0
0
1
0
0
0
-1
1
0
0
0
0
0
0
-1
0
0
0
0
0
0
0
0
0
0
0
0
0
0
0
0
0
0
0
0
-1
0
-1
0
-1
0
0
0
0
0
-1
0
-1
1
0
0
0
0
0
-1
0
-1
0
-1
0
0
0
0
-1
0
-1
0
1
0
0
0
0
0
0
1
0
0
0
0
0
0
-1
0
0
0
0
0
0
0
0
1
0
1
1
0
0
0
0
0
0
0
0
0
0
1
0
1
0
0
0
0
0
0
0
1
0
0
0
1
0
1
1
0
0
0
0
-1
0
0
1
0
0
0
0
0
0
0
0
0
0
0
0
0
-1
0
0
0
0
0
0
0
0
0
-1
0
1
0
0
0
0
0
0
0
-1
1
0
0
0
1
0
1
0
0
0
0
0
0
0
-1
0
1
0
0
0
1
0
0
0
0
-1
1
1
0
0
1
0
0
0
0
0
0
0
0
-1
0
0
0
0
1
0
0
0
0
0
0
-1
-1
1
0
0
1
0
0
-1
0
-1
1
0
1
0
0
0
0
1
-1
0
0
0
0
0
0
0
0
0
0
0
0
0
0
-1
0
0
0
0
1
0
0
0
0
0
0
0
0
-1
0
0
0
-1
0
0
1
0
-1
0
0
0
0
1
1
1
0
0
-1
0
0
-1
0
0
0
0
-1
0
0
0
0
0
0
1
0
0
0
0
0
1
0
0
0
0
0
0
0
-1
1
-1
0
-1
0
0
0
0
-1
0
0
0
0
0
0
0
0
0
1
0
0
0
0
0
0
0
0
0
0
0
0
0
0
-1
0
0
0
1
0
0
0
0
-1
0
-1
0
1
0
0
1
0
0
0
0
0
0
0
0
0
0
1
-1
0
-1
0
0
-1
0
0
0
0
-1
0
0
0
0
0
1
0
0
0
0
0
0
0
-1
0
0
0
0
0
0
-1
0
0
0
0
0
0
-1
0
-1
0
0
0
0
1
0
0
0
0
0
0
0
0
0
0
0
0
1
0
0
0
0
1
0
-1
0
1
0
0
0
0
0
0
0
-1
-1
0
0
0
1
0
-1
0
0
-1
0
0
0
-1
0
0
1
0
0
0
0
0
0
1
0
0
0
0
1
0
0
0
1
1
0
0
0
0
0
0
1
0
1
0
0
0
1
0
0
0
-1
1
1
0
-1
0
0
0
0
0
0
0
0
0
0
0
1
0
1
0
0
0
0
0
-1
0
1
0
0
-1
0
-1
0
0
-1
0
0
0
0
0
0
0
0
0
0
0
0
0
0
0
0
0
0
0
0
0
0
0
0
0
0
0
0
0
0
0
0
0
-1
0
0
0
0
0
0
0
-1
0
0
0
0
0
0
0
0
0
0
0
0
0
0
0
0
0
0
0
0
0
0
1
-1
0
0
0
0
0
0
0
1
0
0
0
0
0
-1
0
0
0
0
0
0
0
0
0
0
-1
-1
-1
-1
0
-1
0
0
0
0
0
0
-1
-1
0
-1
0
0
0
-1
0
0
0
0
0
0
0
1
0
0
0
0
0
0
0
0
0
0
1
1
0
0
0
0
0
0
0
0
0
0
0
1
0
0
0
0
0
1
1
0
0
0
0
0
-1
0
0
0
0
0
0
1
0
0
1
0
0
0
1
0
0
1
0
1
1
0
0
0
0
0
0
0
0
0
0
1
0
1
1
-1
0
0
0
0
0
0
0
0
0
0
0
1
0
0
1
0
0
0
1
0
0
0
-1
0
0
0
0
0
0
0
0
0
0
1
0
0
0
-1
-1
0
0
0
0
0
0
0
0
0
0
-1
0
1
0
0
0
0
0
0
0
-1
0
1
0
0
0
0
-1
0
-1
-1
0
0
0
0
1
0
0
0
0
0
0
0
0
1
1
0
1
-1
0
0
0
0
0
0
0
0
0
0
0
0
0
0
0
0
0
0
0
0
0
0
0
0
0
0
0
0
-1
1
0
1
0
0
1
0
0
0
0
0
1
-1
0
0
0
0
0
1
0
0
-1
0
0
0
0
1
0
0
1
-1
-1
0
0
0
0
0
0
0
0
0
0
0
-1
0
0
0
1
0
0
0
0
1
0
-1
-1
0
0
0
-1
0
0
0
0
0
-1
0
0
0
0
-1
0
0
0
0
0
0
0
0
0
0
0
0
0
0
-1
0
0
0
0
0
0
0
0
0
1
0
-1
0
0
0
0
0
0
0
0
0
0
0
0
0
0
0
0
0
0
0
-1
0
0
0
0
0
0
0
0
0
0
0
0
0
1
0
0
0
0
0
0
0
1
0
0
0
1
1
0
0
0
-1
1
1
0
0
0
0
0
0
0
1
0
0
0
1
0
0
0
0
0
-1
0
0
0
0
0
0
0
0
0
0
-1
-1
-1
0
0
0
0
-1
0
0
0
0
0
0
0
0
0
1
0
1
0
0
0
0
0
0
1
-1
0
1
-1
0
0
0
0
0
0
0
-1
0
0
0
-1
0
-1
0
0
0
0
0
-1
0
0
0
0
0
0
-1
0
0
0
0
0
0
0
0
-1
-1
0
0
0
0
0
1
0
0
0
0
0
-1
0
0
0
0
0
0
0
0
0
1
0
1
0
0
1
-1
1
0
0
0
-1
-1
0
0
0
-1
0
-1
0
0
0
-1
0
0
0
0
1
0
0
0
0
0
0
1
0
1
0
0
0
0
0
0
1
0
0
0
1
1
0
0
0
0
0
0
0
0
-1
1
0
0
0
0
0
0
0
1
0
0
-1
0
0
0
-1
-1
0
0
1
0
-1
0
0
0
0
0
0
-1
-1
0
0
-1
1
0
1
0
0
0
0
0
0
1
0
0
0
-1
0
0
0
0
0
1
-1
0
0
0
0
0
0
0
0
0
1
0
0
0
0
0
0
-1
0
0
-1
0
0
-1
0
0
0
0
0
0
0
0
1
0
0
-1
1
0
0
-1
-1
0
0
0
1
-1
0
0
0
-1
1
0
0
0
1
-1
0
0
0
0
0
0
0
0
0
0
0
-1
0
0
0
0
0
0
0
0
0
0
1
-1
0
0
-1
1
0
0
0
0
0
0
0
0
0
0
0
0
0
0
-1
0
0
0
0
0
0
0
-1
0
0
0
-1
0
0
-1
-1
0
0
0
0
0
1
1
-1
0
-1
0
0
0
0
0
0
0
0
1
0
0
0
0
-1
1
0
0
1
0
0
0
0
0
1
1
0
0
0
0
0
-1
0
-1
1
0
1
0
0
1
0
0
1
0
0
0
1
-1
-1
1
0
0
0
-1
0
0
1
0
0
0
0
0
0
-1
0
0
0
-1
0
0
1
1
-1
0
0
0
0
0
0
0
0
0
-1
1
0
0
1
0
0
0
0
1
-1
0
0
0
0
-1
1
0
0
-1
0
0
0
0
0
-1
0
-1
1
0
0
1
0
0
0
0
0
0
0
0
-1
0
0
0
1
0
1
0
0
0
0
-1
0
0
1
1
0
0
0
-1
-1
0
0
0
-1
0
0
1
0
1
0
0
1
0
0
1
0
0
0
0
0
0
0
0
0
0
0
-1
1
0
0
0
0
0
0
0
0
0
0
-1
0
-1
0
0
0
0
0
-1
0
0
0
1
0
0
0
0
0
0
0
0
0
-1
1
1
-1
0
0
0
0
0
0
0
0
0
0
0
0
0
-1
0
0
0
0
0
0
0
0
-1
0
0
0
0
-1
0
-1
0
0
0
0
0
-1
0
0
-1
0
0
0
1
0
0
0
0
0
0
1
0
0
0
0
0
1
0
0
0
1
1
0
0
0
0
0
0
0
0
1
1
1
0
0
-1
0
0
0
-1
-1
0
0
0
0
0
0
0
0
0
0
0
0
0
0
0
0
0
0
0
0
0
1
1
1
0
-1
0
0
0
0
0
0
1
-1
-1
0
0
0
0
0
1
0
-1
0
0
0
0
0
0
0
0
-1
0
0
0
0
1
0
0
0
0
0
-1
1
1
0
0
0
0
1
0
0
0
0
0
0
0
0
0
0
0
0
1
0
0
0
0
0
0
1
0
0
0
0
0
0
0
0
0
0
1
0
-1
0
0
0
0
-1
0
0
0
0
0
0
-1
0
0
-1
0
0
0
-1
1
0
0
0
0
0
0
0
0
0
0
0
0
0
-1
0
-1
0
0
0
0
0
0
0
0
0
1
0
0
0
0
0
0
0
0
0
0
0
1
0
0
0
0
0
0
0
0
0
-1
0
0
1
0
0
0
0
0
0
0
1
0
0
0
0
0
0
-1
0
1
0
0
0
0
0
0
0
0
-1
0
0
0
0
0
0
0
0
1
0
-1
0
1
0
0
-1
0
0
0
0
-1
0
0
0
0
1
0
0
0
0
0
0
0
0
-1
0
0
0
0
0
0
0
0
0
1
0
0
0
0
0
1
0
0
1
0
1
-1
0
0
0
0
0
0
0
0
-1
0
-1
-1
0
0
0
0
0
0
0
0
0
0
-1
0
-1
0
0
0
0
0
0
-1
0
0
0
0
0
0
0
0
0
0
0
0
0
0
0
0
0
1
1
0
-1
0
0
0
0
0
0
0
0
0
0
0
0
0
0
0
0
1
0
0
0
0
0
1
0
0
0
0
0
0
0
-1
-1
0
0
0
0
0
-1
-1
0
0
0
-1
1
0
0
-1
0
0
0
0
0
0
0
0
0
0
0
0
0
0
0
0
1
0
0
-1
0
0
0
0
0
0
1
0
0
-1
-1
0
0
0
0
-1
0
0
0
0
0
1
0
0
1
0
1
0
0
0
0
0
0
-1
0
0
0
0
0
0
1
0
0
0
0
0
0
-1
-1
0
-1
0
0
0
0
0
0
0
0
0
0
0
0
0
0
-1
0
0
0
0
1
0
0
0
0
0
0
0
0
0
0
-1
1
-1
0
0
0
0
0
0
0
0
1
0
1
0
0
0
1
-1
0
0
0
0
0
0
0
0
0
0
-1
0
0
0
0
1
1
0
1
0
0
0
0
0
0
0
0
0
0
-1
-1
-1
-1
0
0
0
0
0
-1
0
0
0
0
0
-1
0
-1
0
1
0
0
1
0
0
-1
0
-1
0
0
0
-1
0
1
-1
0
0
0
0
-1
0
1
0
-1
1
1
0
1
-1
0
0
1
0
0
-1
1
0
0
1
0
0
0
0
1
0
0
0
0
1
0
-1
0
-1
0
1
0
1
-1
0
1