-39
3231
4750
4163
2724
2200
3524
5851
7919
8204
6156
3537
2545
3681
5033
4944
3424
1125
-906
-1789
-1100
232
446
-1008
-2998
-4003
-3763
-3071
-2650
-2845
-3686
-4497
-4345
-3359
-2440
-2008
-1907
-1853
-1422
-446
499
963
1215
1545
1865
2201
2747
3397
3959
4187
3992
3677
3526
3565
3474
3105
2537
1775
1037
503
196
-167
-871
-1591
-2021
-2200
-2391
-2711
-2976
-3154
-3165
-3055
-2965
-2801
-2578
-2388
-2197
-1780
-1155
-700
-501
-351
-94
284
716
1116
1439
1711
1883
1974
2207
2707
3073
2957
2702
2613
2582
2482
2465
2475
2096
1440
854
556
530
470
186
-355
-886
-1144
-1064
-844
-801
-991
-1352
-1800
-1986
-1555
-899
-713
-1089
-1532
-1606
-1228
-691
-482
-645
-979
-1298
-1478
-1333
-1097
-1382
-2143
-2942
-3082
-2537
-1682
-988
-1165
-1854
-2376
-1979
-710
312
635
244
-172
149
1047
2024
2455
2316
2052
1889
2139
2659
2867
2567
2033
1767
1779
1752
1550
1117
643
330
261
289
96
-346
-975
-1455
-1501
-1313
-1125
-1261
-1598
-1773
-1716
-1298
-836
-540
-458
-716
-699
-125
635
1122
1047
923
1049
1461
2106
2444
2352
2121
2087
2238
2252
2103
1882
1587
1276
1049
850
578
271
83
70
60
-160
-618
-964
-813
-371
-115
-89
-119
-343
-810
-1043
-630
128
623
518
-59
-626
-734
-266
412
720
238
-895
-2006
-2506
-2587
-2682
-2927
-3789
-5417
-7006
-7263
-5642
-3215
-1430
-1661
-3770
-5244
-4097
-526
3200
4645
3450
1137
326
2223
5452
7769
7510
5097
2703
2236
3765
5523
5804
4179
1502
-574
-755
550
1593
1106
-645
-2357
-2985
-2547
-1926
-1942
-2737
-3822
-4375
-3933
-2953
-2377
-2607
-3163
-3205
-2417
-1340
-686
-534
-526
-349
279
1511
2840
3350
2889
2375
2683
3727
4766
5101
4506
3388
2523
2434
2919
3165
2444
927
-399
-866
-717
-620
-1068
-2119
-3321
-4038
-3949
-3289
-2770
-3002
-3708
-4036
-3635
-2852
-2106
-1700
-1744
-1852
-1429
-408
687
1333
1457
1446
1752
2418
3117
3596
3822
3867
3815
3778
3827
3875
3755
3417
3031
2779
2623
2344
1870
1346
845
284
-360
-1011
-1534
-1780
-1858
-2127
-2653
-3073
-3186
-3091
-2878
-2712
-2880
-3324
-3652
-3749
-3879
-4210
-4776
-5511
-5917
-5192
-3342
-1677
-1445
-2303
-2853
-2202
-388
1977
3762
3922
2742
1856
2629
4797
6754
7045
5699
4015
3216
3599
4618
5112
4053
1739
-208
-530
307
819
286
-824
-1955
-2864
-3061
-2374
-1831
-2484
-3780
-4398
-4052
-3346
-2725
-2359
-2376
-2630
-2655
-2086
-996
100
632
581
515
795
1265
1814
2451
2888
2889
2720
2705
2859
3044
3077
2881
2584
2237
1733
1189
824
566
239
-213
-785
-1296
-1528
-1619
-1820
-2038
-2135
-2212
-2226
-1991
-1626
-1437
-1411
-1273
-896
-359
192
633
939
1194
1452
1769
2263
2838
3132
3105
3129
3326
3463
3433
3241
2898
2540
2274
2004
1649
1152
474
-176
-515
-656
-932
-1501
-2366
-3323
-3881
-3899
-3985
-4836
-6487
-8291
-9242
-8482
-6287
-4304
-4090
-5501
-6875
-6485
-3818
-106
2392
2335
623
-419
864
4058
7008
7746
6232
4208
3584
4933
7049
7938
6594
3969
2035
1935
3089
3938
3388
1592
-305
-1104
-589
203
-10
-1407
-3002
-3776
-3530
-2810
-2445
-2994
-4150
-4867
-4437
-3198
-2128
-1989
-2653
-3046
-2268
-764
232
277
-2
164
1016
2254
3241
3377
2696
2081
2462
3693
4575
4210
2892
1609
1118
1495
2146
2165
1088
-572
-1705
-1707
-1072
-774
-1285
-2328
-3249
-3486
-2995
-2330
-2102
-2389
-2776
-2750
-2118
-1191
-537
-400
-425
-109
667
1593
2305
2664
2819
3093
3707
4470
4910
4841
4604
4553
4617
4489
4066
3519
3046
2642
2165
1529
704
-274
-1176
-1759
-2131
-2633
-3437
-4478
-5624
-6647
-7321
-7727
-8227
-8913
-9176
-8269
-6557
-5438
-5644
-6300
-6034
-4312
-1637
801
1849
1403
756
1494
3915
6615
7809
7082
5696
5181
6009
7464
8306
7595
5498
3431
2827
3606
4292
3678
1944
162
-771
-709
-293
-516
-1874
-3724
-4759
-4446
-3575
-3302
-4008
-5100
-5626
-5192
-4237
-3379
-2900
-2827
-2839
-2347
-1309
-400
16
334
869
1498
2109
2716
3196
3410
3420
3428
3570
3759
3745
3437
3058
2821
2594
2185
1671
1167
605
-6
-454
-646
-800
-1222
-1868
-2388
-2603
-2661
-2633
-2455
-2287
-2335
-2413
-2207
-1756
-1306
-944
-624
-269
201
778
1351
1856
2245
2477
2692
3159
3797
4191
4217
4117
3961
3688
3476
3492
3491
3084
2235
1329
742
405
10
-517
-1114
-1880
-2780
-3476
-3866
-4374
-5309
-6398
-7277
-7925
-8240
-7814
-6687
-5792
-5871
-6432
-6415
-5386
-3598
-1606
-191
118
-252
-119
1328
3569
5198
5431
4846
4468
4787
5766
6915
7282
6313
4756
3958
4322
4997
5009
4162
2852
1628
1051
1272
1514
746
-939
-2394
-2838
-2550
-2286
-2612
-3629
-4835
-5348
-4728
-3519
-2782
-3095
-4020
-4495
-3834
-2396
-1160
-760
-1038
-1303
-888
341
1791
2609
2500
2021
1997
2708
3660
4109
3784
3050
2484
2424
2816
3172
2890
1894
795
239
322
556
327
-452
-1262
-1699
-1778
-1612
-1429
-1600
-2080
-2319
-2067
-1620
-1261
-1054
-981
-907
-585
80
852
1366
1536
1690
2158
2821
3235
3162
2807
2604
2817
3295
3573
3256
2379
1447
1036
1224
1453
1064
-35
-1317
-2174
-2478
-2622
-3123
-4179
-5570
-6836
-7477
-7210
-6396
-5959
-6373
-6980
-6830
-5872
-4719
-3663
-2683
-1958
-1508
-791
503
1803
2495
2885
3581
4435
4906
5040
5312
5734
5869
5648
5428
5248
4834
4278
4041
4155
3957
3133
2210
1647
1240
606
-25
-430
-1049
-2025
-2740
-2744
-2587
-3054
-3863
-4217
-4012
-3661
-3468
-3416
-3429
-3462
-3191
-2473
-1673
-1285
-1331
-1185
-486
414
1008
1265
1441
1620
1832
2239
2758
2945
2658
2303
2356
2669
2736
2391
1814
1322
1017
924
979
823
267
-462
-869
-836
-727
-770
-1015
-1357
-1611
-1567
-1185
-829
-771
-923
-975
-658
-35
620
1028
1141
1182
1403
1895
2398
2576
2419
2274
2415
2730
2946
2838
2421
1908
1539
1460
1438
1167
506
-341
-979
-1369
-1744
-2287
-2989
-3797
-4660
-5412
-5955
-6243
-6204
-6013
-6092
-6418
-6360
-5641
-4753
-4108
-3482
-2712
-2018
-1370
-393
786
1539
1827
2317
3212
3951
4236
4426
4762
4975
4890
4818
4993
5073
4643
4009
3783
3825
3522
2915
2532
2264
1581
661
197
102
-438
-1516
-2256
-2268
-2199
-2570
-3047
-3297
-3503
-3640
-3290
-2592
-2369
-2827
-3139
-2683
-1818
-1149
-848
-802
-822
-593
115
1086
1727
1653
1223
1183
1772
2497
2793
2556
2072
1716
1738
2105
2422
2231
1504
783
600
874
1089
900
359
-279
-705
-705
-415
-301
-644
-1143
-1314
-1096
-798
-613
-537
-558
-571
-351
136
577
689
593
672
1099
1608
1807
1660
1469
1465
1628
1793
1788
1529
1099
734
639
690
446
-312
-1201
-1725
-1926
-2224
-2846
-3696
-4566
-5176
-5189
-4648
-4281
-4731
-5513
-5500
-4476
-3345
-2757
-2507
-2311
-2139
-1653
-468
946
1616
1442
1341
1969
2977
3674
3900
3921
3818
3604
3685
4284
4671
4137
3261
3034
3327
3380
3088
2711
2081
1086
376
527
951
606
-486
-1375
-1585
-1503
-1505
-1585
-1846
-2454
-3037
-2959
-2320
-1952
-2274
-2802
-2892
-2485
-1908
-1420
-1129
-1100
-1206
-1037
-359
425
706
494
382
723
1290
1734
1935
1867
1602
1432
1626
2021
2158
1837
1301
930
905
1107
1217
948
376
-83
-89
257
535
420
-40
-466
-462
4
525
659
377
21
-80
157
581
898
882
637
515
678
917
972
857
761
730
657
494
318
158
-78
-424
-747
-945
-1152
-1554
-2099
-2588
-3048
-3579
-3954
-3847
-3520
-3644
-4339
-4923
-4688
-3731
-2650
-1999
-2039
-2476
-2597
-1736
-168
1030
1170
600
308
851
1995
3052
3364
2853
2110
1972
2687
3617
3880
3254
2341
1930
2271
2940
3276
2877
1914
1093
1007
1602
2084
1751
769
-174
-469
-180
203
193
-418
-1269
-1808
-1712
-1250
-1041
-1379
-1993
-2337
-2172
-1716
-1364
-1351
-1614
-1814
-1611
-1056
-552
-400
-493
-491
-196
324
828
1111
1102
930
894
1195
1639
1833
1664
1383
1234
1234
1314
1423
1429
1196
824
640
772
953
867
551
251
80
22
51
82
-61
-388
-620
-515
-181
73
50
-192
-382
-276
73
370
400
181
-160
-405
-341
-74
-48
-417
-847
-1071
-1217
-1459
-1759
-2088
-2468
-2708
-2602
-2391
-2544
-3029
-3282
-2972
-2329
-1750
-1530
-1747
-2033
-1756
-767
241
500
68
-305
-40
763
1585
1963
1730
1169
938
1485
2420
2850
2455
1814
1620
1975
2529
2845
2629
1977
1386
1332
1775
2183
2056
1369
594
250
455
840
883
363
-420
-942
-945
-632
-411
-602
-1206
-1812
-1918
-1521
-1153
-1177
-1455
-1700
-1760
-1548
-1106
-705
-600
-717
-732
-455
-16
350
551
601
560
559
731
1038
1286
1322
1188
1103
1227
1439
1519
1464
1372
1251
1125
1095
1116
983
683
459
449
492
424
298
211
115
-36
-130
-57
65
39
-132
-301
-451
-661
-830
-763
-578
-661
-1165
-1824
-2300
-2441
-2276
-2062
-2180
-2707
-3231
-3322
-3012
-2608
-2281
-2076
-2027
-2043
-1860
-1348
-723
-299
-152
-94
70
404
850
1252
1409
1295
1168
1316
1695
1956
1858
1534
1325
1400
1637
1822
1811
1569
1266
1176
1348
1520
1460
1215
978
868
858
852
788
673
534
400
331
362
404
340
200
110
104
133
170
182
79
-114
-207
-109
11
-50
-270
-466
-504
-412
-348
-439
-621
-743
-750
-691
-608
-567
-635
-741
-711
-545
-420
-398
-362
-289
-271
-261
-132
33
55
-5
24
145
266
373
431
370
277
348
618
887
945
746
454
347
519
737
738
545
303
50
-184
-310
-361
-498
-749
-974
-1130
-1297
-1464
-1533
-1529
-1593
-1728
-1785
-1693
-1551
-1469
-1424
-1332
-1163
-976
-815
-662
-483
-297
-125
61
231
269
190
221
475
738
787
696
642
656
719
844
980
993
849
721
774
923
973
924
921
954
909
841
875
946
893
764
736
809
818
724
643
632
640
651
682
672
549
400
373
466
519
444
287
145
84
113
138
58
-133
-351
-488
-467
-365
-379
-610
-903
-1028
-933
-778
-754
-889
-1085
-1212
-1160
-924
-689
-671
-830
-936
-866
-655
-371
-125
-58
-176
-267
-139
149
386
458
400
300
293
460
694
770
629
451
433
582
764
808
642
363
173
163
247
281
168
-106
-411
-549
-472
-367
-423
-621
-833
-962
-970
-892
-843
-927
-1082
-1143
-1052
-920
-850
-838
-840
-823
-744
-583
-402
-281
-229
-196
-143
-33
155
360
480
507
534
636
770
879
943
993
1045
1087
1115
1127
1104
1046
999
985
969
930
884
841
789
726
665
619
590
556
504
439
369
302
242
198
178
176
162
102
9
-75
-125
-126
-106
-117
-181
-264
-327
-341
-316
-308
-384
-506
-584
-605
-627
-677
-748
-815
-864
-877
-846
-810
-819
-848
-817
-727
-654
-644
-667
-673
-630
-533
-417
-324
-273
-245
-210
-134
-10
138
273
353
366
360
401
511
636
715
719
672
619
612
672
745
739
630
487
394
365
358
317
207
45
-104
-180
-196
-227
-331
-484
-606
-641
-616
-603
-638
-704
-765
-773
-695
-563
-473
-470
-481
-408
-268
-147
-72
-10
75
172
269
368
446
484
511
574
665
734
771
792
800
775
731
717
746
786
778
692
563
466
437
433
397
327
245
164
110
102
102
54
-30
-85
-107
-117
-125
-127
-152
-224
-297
-302
-254
-209
-183
-179
-220
-303
-356
-321
-241
-205
-240
-308
-374
-439
-470
-433
-387
-442
-575
-673
-685
-660
-647
-654
-683
-738
-775
-718
-575
-472
-481
-534
-521
-433
-306
-168
-40
42
67
94
201
377
521
588
623
655
678
721
804
867
845
764
718
742
780
754
672
597
550
500
436
373
302
206
101
23
-38
-105
-192
-292
-395
-468
-487
-479
-496
-557
-624
-647
-610
-541
-478
-443
-426
-408
-370
-288
-163
-51
-3
7
52
146
246
334
407
426
388
374
450
558
594
539
459
404
370
368
407
426
352
218
125
110
131
140
105
6
-116
-178
-142
-72
-84
-203
-330
-370
-323
-251
-209
-229
-303
-357
-335
-242
-141
-107
-148
-201
-210
-181
-138
-96
-86
-130
-209
-262
-263
-232
-217
-247
-314
-385
-411
-364
-281
-236
-269
-339
-361
-296
-182
-96
-74
-94
-103
-68
8
93
148
166
172
210
287
365
406
412
427
481
566
633
648
623
604
613
647
685
672
594
503
453
434
410
364
291
185
75
1
-36
-81
-159
-258
-351
-426
-470
-481
-491
-523
-564
-575
-555
-526
-498
-462
-423
-394
-376
-337
-261
-175
-110
-70
-56
-51
-7
105
214
241
205
180
192
235
308
380
381
296
207
200
248
275
265
225
139
38
14
72
115
75
-13
-92
-140
-136
-74
-12
-53
-196
-307
-289
-189
-122
-133
-187
-263
-308
-251
-146
-96
-143
-218
-231
-189
-152
-134
-147
-180
-200
-214
-210
-179
-148
-145
-164
-175
-153
-125
-114
-108
-84
-53
-32
-17
-1
19
56
111
167
200
209
209
231
289
373
431
445
443
456
479
513
570
630
625
543
467
471
516
522
459
355
241
150
118
131
109
8
-127
-225
-266
-271
-265
-268
-321
-414
-476
-461
-404
-374
-381
-401
-414
-401
-340
-261
-232
-257
-268
-218
-146
-96
-66
-63
-85
-96
-56
12
48
33
8
7
29
63
100
117
92
57
62
101
128
119
90
67
57
51
44
42
33
2
-29
-37
-40
-57
-75
-84
-97
-111
-114
-122
-146
-171
-176
-159
-147
-157
-184
-196
-184
-158
-136
-133
-142
-147
-132
-94
-57
-43
-51
-56
-33
7
42
56
60
68
86
116
156
191
211
220
239
274
312
336
349
356
367
384
411
434
436
417
401
404
420
425
403
357
313
291
282
263
218
158
102
69
50
25
-17
-74
-132
-171
-190
-196
-213
-246
-288
-325
-342
-332
-303
-290
-315
-363
-383
-354
-298
-262
-266
-303
-336
-324
-261
-193
-179
-220
-267
-270
-224
-159
-114
-117
-165
-208
-195
-118
-36
-3
-23
-59
-66
-16
72
146
162
127
95
115
181
247
268
237
185
158
178
222
246
216
150
95
93
129
158
129
57
-12
-34
-10
16
-3
-70
-144
-178
-163
-126
-122
-161
-214
-235
-210
-164
-134
-140
-164
-175
-150
-96
-43
-21
-27
-32
-1
65
141
183
190
185
203
253
313
351
355
333
320
327
342
341
319
288
260
239
219
196
171
143
117
96
81
62
42
21
6
-10
-27
-41
-52
-67
-80
-93
-101
-112
-126
-135
-136
-133
-133
-141
-154
-166
-171
-163
-154
-159
-176
-199
-213
-216
-215
-219
-232
-256
-279
-288
-277
-262
-255
-262
-267
-258
-229
-190
-156
-131
-114
-95
-61
-18
30
62
80
97
122
152
184
206
216
213
212
223
240
244
229
204
191
192
197
190
165
131
106
97
99
92
65
26
-5
-19
-19
-22
-39
-69
-100
-115
-112
-98
-93
-108
-133
-147
-138
-112
-86
-70
-71
-81
-80
-53
-5
35
53
53
54
72
112
171
218
230
215
203
221
264
300
307
281
235
202
200
211
208
173
117
64
27
11
4
-14
-56
-107
-143
-158
-161
-171
-188
-211
-231
-236
-231
-221
-218
-215
-207
-191
-174
-164
-154
-133
-107
-83
-71
-72
-75
-69
-54
-35
-29
-39
-61
-79
-80
-71
-61
-65
-84
-104
-115
-111
-94
-78
-72
-77
-81
-73
-54
-27
-1
22
38
52
68
91
118
144
165
178
183
188
195
206
214
215
209
199
187
175
164
152
133
111
88
65
47
29
12
-4
-21
-40
-58
-79
-95
-106
-112
-119
-133
-148
-164
-168
-160
-146
-137
-133
-129
-118
-96
-66
-35
-8
13
34
62
94
123
145
159
174
195
216
228
227
221
215
218
218
205
180
148
121
104
88
65
28
-14
-47
-65
-75
-87
-110
-139
-161
-164
-156
-150
-157
-174
-185
-182
-162
-145
-140
-149
-157
-152
-130
-105
-89
-89
-97
-95
-75
-48
-25
-21
-25
-28
-16
7
31
44
42
36
35
42
57
69
70
59
42
32
34
43
46
36
15
-5
-14
-9
1
4
-9
-30
-46
-42
-25
-8
-6
-23
-38
-35
-9
19
34
28
20
25
50
82
99
99
91
89
99
114
121
111
91
71
57
50
41
22
-4
-31
-52
-66
-79
-95
-109
-121
-125
-124
-121
-115
-103
-83
-60
-37
-15
7
33
63
95
123
143
160
173
188
203
211
208
200
189
180
169
153
127
95
61
35
7
-19
-53
-83
-113
-138
-157
-176
-192
-203
-209
-209
-209
-209
-207
-199
-183
-162
-141
-126
-113
-98
-72
-36
-3
22
35
47
65
93
124
147
154
150
144
146
154
160
156
134
105
78
62
52
42
18
-16
-51
-77
-87
-92
-102
-125
-151
-169
-175
-164
-149
-142
-144
-147
-139
-115
-83
-53
-35
-23
-10
13
47
78
99
109
115
124
137
151
158
154
142
128
114
104
94
79
59
32
9
-12
-28
-39
-51
-64
-80
-96
-106
-106
-100
-93
-92
-92
-91
-80
-58
-35
-17
-11
-7
0
15
38
58
67
68
63
64
71
82
85
79
66
56
54
56
57
50
39
31
28
32
38
37
29
19
15
18
22
25
23
16
12
9
11
10
10
7
0
-5
-7
-9
-6
-7
-10
-12
-15
-16
-12
-10
-9
-10
-13
-15
-17
-15
-15
-16
-23
-31
-36
-37
-38
-43
-49
-60
-66
-69
-69
-69
-73
-77
-80
-80
-77
-71
-65
-60
-53
-46
-39
-28
-13
0
12
22
31
41
54
67
75
80
82
82
86
87
87
80
72
61
52
44
35
21
6
-9
-22
-33
-44
-56
-69
-80
-86
-91
-94
-98
-101
-101
-96
-89
-81
-74
-70
-62
-50
-35
-20
-11
-4
3
14
27
40
48
51
53
58
66
74
79
79
79
79
83
88
90
91
90
86
84
84
84
82
78
73
67
61
57
53
47
40
31
23
16
11
6
1
-7
-16
-22
-25
-27
-28
-32
-38
-44
-43
-41
-39
-40
-44
-46
-45
-41
-39
-39
-43
-46
-48
-47
-46
-47
-52
-57
-61
-62
-63
-60
-60
-61
-64
-62
-60
-53
-48
-41
-36
-31
-25
-16
-6
4
13
19
23
31
39
48
55
59
60
61
63
66
68
66
62
55
51
47
44
38
30
17
8
-3
-7
-14
-22
-33
-45
-53
-59
-63
-67
-71
-76
-79
-80
-79
-76
-72
-68
-63
-58
-48
-38
-30
-20
-13
-5
5
16
26
38
47
58
68
79
89
99
103
108
112
117
120
123
120
117
116
115
111
105
94
84
77
68
60
50
34
18
8
0
-7
-18
-32
-43
-55
-61
-64
-66
-70
-75
-80
-80
-77
-74
-70
-68
-67
-65
-61
-56
-52
-50
-50
-50
-49
-47
-45
-46
-49
-51
-52
-52
-50
-49
-47
-48
-47
-45
-40
-34
-30
-25
-16
-8
4
11
20
31
42
51
60
71
80
88
94
100
104
106
104
100
98
96
96
92
77
60
45
34
22
7
-8
-26
-42
-55
-66
-76
-88
-99
-104
-106
-109
-111
-109
-107
-103
-94
-76
-56
-40
-31
-19
-2
13
28
49
76
99
111
123
142
163
173
175
175
183
189
185
173
160
149
137
124
113
102
85
59
37
20
1
-14
-25
-36
-54
-74
-80
-82
-98
-114
-127
-127
-116
-113
-101
-93
-106
-103
-89
-79
-63
-65
-67
-40
-25
-39
-53
-55
-44
-42
-58
-62
-59
-85
-110
-92
-77
-110
-153
-164
-153
-151
-156
-150
-141
-156
-162
-136
-112
-97
-75
-73
-80
-50
-4
27
46
55
68
97
120
139
166
172
162
154
141
158
200
196
155
114
77
68
85
88
62
16
-17
-34
-57
-46
-15
-48
-113
-137
-118
-69
-30
-39
-56
-59
-39
14
42
46
64
66
59
94
134
173
218
216
204
225
251
257
255
239
220
212
205
205
200
178
155
135
117
105
90
72
52
33
16
-1
-20
-39
-56
-75
-94
-115
-134
-152
-166
-175
-180
-181
-179
-172
-164
-156
-147
-140
-136
-136
-137
-142
-147
-154
-159
-159
-156
-152
-145
-136
-125
-113
-100
-88
-78
-72
-73
-77
-80
-80
-77
-72
-72
-78
-89
-99
-104
-93
-65
-37
-30
-47
-89
-136
-159
-145
-93
-20
38
71
71
21
-49
-73
-17
66
129
143
112
66
-2
-72
1
181
169
-94
-224
-15
122
-5
-58
-87
-205
-48
222
110
-165
-289
-397
-713
-698
802
2416
1057
-1910
-2384
-365
1421
1320
-689
-1680
665
2862
1619
-771
-1536
-98
1952
2296
1879
862
-1544
-1157
2509
3575
1601
-122
-487
140
22
-105
1616
2643
1067
-969
-1619
-950
-7
711
1075
49
-2050
-3143
-2739
-1434
537
1499
31
-2272
-3819
-3863
-1542
927
964
-70
-1181
-2308
-2275
-1532
-638
564
986
1259
1687
-66
-2440
-1823
498
2342
3461
2897
559
-1822
-2440
-257
3059
4072
2331
220
-924
-1468
-1519
-351
1431
1887
951
-153
-1348
-2506
-2558
-1072
965
1942
1054
-804
-2104
-2393
-1742
-10
1787
2004
898
-197
-1061
-1608
-909
1093
2833
2970
1663
-67
-1257
-1236
167
2053
2821
1935
436
-712
-1304
-1097
-51
1000
1221
705
-271
-1677
-2691
-2173
-527
717
820
18
-1361
-2522
-2333
-1105
-58
654
958
345
-752
-1413
-1142
-37
1127
1768
1764
968
-117
-550
-108
934
1925
2077
1547
675
-349
-666
-41
793
1300
1040
272
-384
-1081
-1423
-831
71
598
423
-393
-1196
-1720
-1725
-878
97
410
198
-372
-1098
-1343
-901
-172
575
956
635
-11
-594
-787
-150
712
1045
1023
612
-12
-360
-479
-61
832
1079
533
-41
-369
-519
-655
-534
151
635
284
-352
-771
-854
-623
-379
-73
392
364
-295
-711
-511
-12
398
544
714
812
361
-109
41
433
765
928
800
602
287
-162
-290
-87
184
438
419
22
-473
-754
-732
-549
-238
129
194
-223
-816
-1059
-840
-443
22
367
320
-90
-534
-486
-12
303
494
515
139
-118
49
298
305
77
143
523
500
139
-98
-166
-34
162
259
304
140
-234
-359
-94
125
41
-98
-50
26
-45
-95
26
179
152
-22
-58
98
180
165
155
103
58
33
-58
-98
-12
95
108
-73
-361
-478
-353
-146
-33
-145
-356
-446
-406
-314
-241
-234
-187
-46
48
-44
-216
-224
-91
109
390
467
209
-20
-35
89
285
386
277
56
-52
76
224
128
-108
-218
-94
141
173
-136
-430
-345
-64
74
73
-2
-167
-262
-194
-75
129
325
223
-10
-26
80
116
174
385
535
307
-4
54
218
163
150
325
394
185
-62
-91
-25
1
79
133
39
-24
-61
-299
-532
-392
-4
175
-5
-264
-390
-442
-394
-167
85
137
-64
-288
-240
-11
102
76
87
189
214
47
-54
115
283
252
179
169
200
197
91
-2
-3
27
99
173
103
-69
-199
-210
-103
-45
-129
-190
-152
-128
-209
-392
-448
-209
25
-27
-197
-268
-233
-158
-90
-18
43
42
18
31
73
121
158
211
260
218
175
246
275
183
133
189
268
219
56
-2
22
-31
-84
-86
-127
-185
-161
-95
-154
-340
-389
-231
-93
-127
-235
-272
-207
-83
-2
-54
-135
-56
128
190
99
24
54
143
245
304
254
135
81
134
202
223
224
207
109
-16
-62
-6
27
-34
-69
-1
88
12
-180
-278
-190
-21
60
46
-45
-92
-105
-41
95
20
-36
111
193
136
-12
-116
-8
273
418
232
-22
-58
38
138
175
104
-8
-118
-142
-81
-39
-73
-134
-105
-63
-75
-108
-171
-186
-103
-27
-3
-26
-108
-131
-43
8
30
69
34
-33
-16
33
54
53
61
105
131
101
27
-69
-103
1
150
182
47
-132
-170
-86
-19
30
38
-40
-112
-111
-48
-5
-64
-113
-71
-38
-24
-19
-78
-107
-23
61
22
-72
-84
-26
54
105
79
34
-4
-24
39
87
37
-8
-9
14
37
8
-36
-58
-67
-43
-7
-17
-54
-69
-47
-29
-47
-59
-33
7
25
32
47
40
-2
-8
58
128
135
100
60
33
48
104
136
103
52
39
42
36
38
51
42
1
-34
-51
-67
-70
-29
22
25
-29
-95
-144
-140
-64
47
103
56
-46
-105
-74
7
84
132
133
91
39
10
6
34
89
141
139
72
-14
-59
-28
44
85
63
0
-53
-66
-36
-1
6
-29
-66
-65
-27
0
-15
-48
-57
-27
18
40
24
-28
-63
-35
35
85
83
38
-16
-44
-26
11
35
43
48
22
-45
-104
-97
-27
56
85
31
-71
-141
-127
-50
27
39
-19
-86
-110
-89
-47
-16
-15
-29
-55
-74
-59
-37
-34
-30
-18
-11
-28
-57
-55
-21
3
3
3
6
-3
-23
-11
38
59
54
63
67
51
34
37
67
91
87
99
101
79
58
51
76
105
108
98
59
16
33
78
76
40
18
14
-6
-40
-60
-46
-21
-21
-48
-78
-104
-118
-99
-59
-41
-56
-83
-97
-82
-43
-11
0
-5
-16
-27
-18
15
49
60
48
30
24
24
23
36
62
81
67
25
-14
-29
-24
-9
10
20
-16
-77
-105
-85
-56
-27
-5
-13
-43
-63
-63
-44
-4
36
50
36
9
-9
13
67
106
103
76
43
38
64
91
82
55
46
54
41
4
-28
-39
-37
-32
-36
-53
-81
-107
-117
-103
-73
-58
-64
-79
-90
-97
-91
-66
-27
7
14
-4
-25
-33
-12
37
91
114
92
56
38
44
69
105
130
126
101
70
42
26
36
72
105
106
56
-10
-47
-29
16
55
61
27
-30
-72
-75
-39
7
31
20
-15
-61
-89
-84
-48
-6
17
1
-36
-62
-65
-58
-39
-10
2
-20
-50
-57
-41
-30
-31
-39
-41
-36
-26
-22
-28
-41
-45
-38
-25
-19
-23
-31
-41
-35
-21
-19
-29
-31
-24
-27
-36
-31
-11
8
10
1
-11
-15
-11
0
17
32
34
27
23
25
20
17
36
64
64
41
25
26
35
48
62
65
57
45
22
-5
-17
7
39
44
25
-1
-28
-48
-46
-25
-12
-12
-14
-13
-24
-42
-49
-30
-6
1
-2
-7
-14
-23
-20
-2
18
31
32
26
18
10
13
27
51
67
66
44
18
12
27
50
61
56
50
40
28
22
32
41
35
31
31
29
28
29
28
16
8
12
18
12
-1
-7
-6
-5
0
-2
-13
-29
-32
-29
-29
-24
-16
-17
-37
-58
-61
-47
-32
-29
-38
-43
-46
-47
-44
-39
-34
-33
-31
-25
-32
-46
-50
-40
-28
-24
-22
-31
-44
-52
-44
-34
-32
-39
-47
-53
-51
-42
-25
-26
-37
-43
-41
-35
-24
-5
6
-4
-18
-10
9
20
16
14
24
35
39
35
38
48
54
53
56
61
59
50
45
50
51
46
48
49
37
22
18
27
33
29
19
15
15
13
9
5
9
14
14
11
6
-1
-8
-7
1
10
14
14
10
0
-1
9
25
29
22
15
10
8
13
27
34
23
9
6
12
11
9
18
29
26
14
3
-1
1
5
12
13
5
-8
-15
-10
-3
-3
-11
-18
-24
-25
-14
-6
-7
-16
-24
-27
-25
-19
-15
-15
-18
-17
-18
-25
-30
-27
-19
-13
-15
-20
-22
-22
-24
-22
-19
-16
-13
-12
-11
-21
-34
-39
-27
-7
0
-13
-33
-45
-41
-27
-16
-9
-8
-13
-22
-28
-26
-16
-4
5
4
-1
-9
-11
-7
5
14
22
22
16
8
4
11
27
41
43
37
28
21
20
24
31
36
37
31
25
20
17
19
27
34
32
24
16
10
4
5
16
32
35
20
1
-9
-9
-4
3
14
23
19
1
-19
-24
-13
3
12
9
1
-13
-24
-24
-14
1
11
6
-5
-15
-18
-10
2
9
10
6
4
4
2
1
1
4
5
4
1
-3
-2
-3
-7
-14
-16
-13
-5
-3
-9
-20
-27
-24
-18
-11
-6
-8
-14
-18
-19
-12
-3
1
0
-2
-3
-3
-1
1
5
8
10
6
2
-1
0
3
4
2
-2
-4
-5
-8
-11
-14
-13
-10
-7
-5
-8
-16
-19
-9
2
6
1
-4
3
12
17
16
15
17
19
22
26
32
39
38
31
23
22
22
23
24
23
19
12
4
-2
-4
-5
-7
-13
-20
-26
-29
-33
-35
-36
-35
-31
-29
-32
-40
-43
-37
-24
-16
-13
-15
-17
-17
-13
-6
1
8
11
11
10
8
11
15
20
23
21
16
10
7
7
10
12
11
6
-2
-8
-9
-8
-9
-13
-13
-13
-14
-16
-16
-11
-6
-8
-11
-12
-9
-3
-1
2
6
12
13
9
5
10
18
24
24
20
16
16
18
19
15
10
9
10
6
0
-5
-2
1
1
-3
-10
-13
-14
-13
-11
-10
-10
-8
-6
-8
-10
-9
-5
-3
-3
-2
1
5
8
8
7
6
6
9
13
11
8
6
7
9
9
7
6
5
1
0
-1
1
2
3
4
6
6
6
6
7
11
12
12
12
14
16
18
17
15
15
16
15
12
8
8
6
6
3
-2
-6
-9
-12
-13
-14
-18
-22
-23
-25
-26
-26
-27
-29
-28
-25
-24
-25
-24
-24
-23
-18
-12
-11
-12
-14
-12
-9
-5
-2
-1
-2
-4
-3
-2
-2
-1
-1
-1
-2
-5
-7
-5
-5
-4
-5
-6
-7
-5
-5
-3
-2
-1
-1
1
5
7
8
10
12
14
17
19
18
19
22
24
26
24
24
23
23
22
22
18
15
14
13
10
6
3
1
1
1
-2
-6
-10
-11
-11
-10
-10
-10
-11
-10
-10
-8
-6
-4
-2
1
0
1
1
3
6
8
8
8
6
6
7
7
8
8
8
5
4
4
3
4
2
1
0
-1
-1
-2
-3
-3
-3
-2
-1
-1
-1
0
-1
1
2
2
0
-1
-2
-2
1
0
1
1
1
-1
-2
-2
-3
-4
-4
-5
-6
-7
-7
-8
-10
-10
-11
-11
-11
-10
-12
-13
-12
-10
-8
-7
-7
-8
-7
-6
-5
-2
-3
-2
-2
-2
-1
0
1
3
3
5
5
6
5
5
5
7
5
6
6
7
7
7
7
6
6
7
7
6
6
5
4
4
6
6
4
4
2
2
2
2
1
1
1
1
1
1
-2
-2
-2
-2
0
0
-1
-2
-2
-4
-1
0
0
0
-1
-2
-2
-3
0
2
1
1
1
-1
0
-1
2
1
1
0
0
-1
1
2
0
1
1
2
2
1
2
3
1
1
4
4
1
1
-2
0
1
2
1
0
-1
2
1
1
2
0
0
0
0
0
-1
-2
-2
-2
-1
-3
-3
-3
-3
-3
-1
-2
-1
-3
-1
0
-1
-1
0
0
0
-1
0
0
1
0
1
1
0
1
1
0
0
0
1
1
2
1
0
1
1
3
2
2
2
3
2
3
1
2
1
2
3
4
3
2
1
1
3
3
4
2
1
-1
-1
0
-1
0
0
-1
-2
-2
-3
-2
-2
-3
-3
-3
-3
-2
-3
-3
-2
-2
-1
-2
-2
-1
-1
-1
0
-1
-1
0
-1
0
1
0
0
1
1
2
2
0
0
1
2
2
1
0
-1
-1
-1
3
3
2
0
0
2
1
0
1
1
2
1
-1
1
2
3
2
3
2
1
1
0
0
-1
1
0
1
1
0
0
0
0
1
0
0
-1
-1
-2
-1
1
0
1
1
1
1
0
0
0
0
1
1
1
1
1
0
1
1
1
2
1
1
1
2
1
2
2
2
2
3
2
3
3
4
2
2
3
2
1
1
1
1
1
0
1
-1
1
0
-1
-1
0
-1
-1
-1
-1
0
-1
-1
-2
-2
-2
-1
-2
-3
-2
-3
-2
-2
-3
-2
-2
-2
-3
-2
-1
-1
-1
-1
-1
0
0
1
-1
0
0
0
-1
-1
0
-1
0
0
0
1
0
0
1
1
1
1
0
1
2
1
1
0
1
1
1
2
2
2
2
4
2
1
2
2
1
1
1
0
0
0
0
0
1
0
1
1
1
0
0
0
0
0
0
0
0
0
0
0
0
-1
1
1
1
0
1
0
1
1
1
1
1
1
1
0
2
1
2
1
1
1
1
2
2
1
1
1
2
0
1
1
1
0
0
0
0
0
0
0
0
0
0
2
-1
0
0
0
0
0
0
0
-1
-1
-3
-2
-2
-2
-1
0
-1
0
1
-1
-1
-1
0
-1
-1
-1
-2
-2
-2
-1
-1
0
1
1
1
1
0
1
1
2
1
0
0
0
1
0
0
0
0
0
0
-1
0
0
1
-1
0
1
0
0
0
0
0
0
0
-1
0
0
0
0
0
0
0
0
0
0
0
0
0
0
0
0
0
0
0
0
0
0
1
0
1
0
0
0
1
0
0
-1
1
0
-1
0
0
-1
0
0
0
0
-1
0
0
0
0
1
0
0
0
1
0
0
1
-1
0
0
0
0
0
0
-1
0
1
0
0
0
1
-1
0
0
0
-1
0
0
0
-1
0
1
0
-1
0
0
-1
-1
0
0
0
0
-1
-1
-1
0
0
0
0
0
0
0
0
0
1
0
-1
0
1
0
1
0
0
0
-1
0
0
0
0
0
0
-1
1
0
0
0
0
1
0
0
0
-1
0
1
0
0
0
0
0
0
0
0
0
0
-1
1
-1
0
1
0
0
0
0
0
0
0
0
0
0
0
0
0
0
0
1
0
0
0
0
-1
1
0
0
0
0
0
0
0
0
0
0
0
0
-1
0
0
0
-1
0
0
1
1
0
0
0
0
-1
0
1
0
-1
0
0
0
0
-1
0
0
0
0
0
-1
-1
0
0
0
0
1
0
0
0
0
-1
0
0
0
0
0
0
0
0
1
0
-1
0
0
-1
0
0
0
0
0
0
0
0
0
0
0
1
0
0
0
0
-1
-1
0
-1
0
0
0
-1
0
0
0
0
1
1
-1
0
0
-1
-1
0
0
-1
0
0
-1
0
0
-1
1
-1
0
0
-1
0
0
0
0
0
0
0
1
0
0
-1
1
1
0
0
0
0
0
0
0
0
0
1
0
0
0
0
0
0
-1
0
0
-1
0
0
1
0
0
1
0
0
0
1
0
0
0
0
0
0
1
-1
0
0
0
1
0
-1
0
0
0
0
0
-1
0
0
0
0
1
0
0
1
0
0
0
1
0
0
0
0
0
1
0
0
0
0
0
0
0
1
0
0
0
0
-1
0
0
-1
-1
0
-1
0
0
0
1
1
0
0
0
-1
1
0
0
0
0
1
0
1
0
0
1
1
0
0
0
0
0
-1
0
0
0
-1
0
0
1
0
0
0
0
1
0
1
0
0
0
0
-1
0
0
0
0
0
-1
0
0
0
1
1
0
0
-1
0
0
1
0
0
-1
1
0
0
0
0
-1
0
0
0
0
0
0
0
0
0
0
0
1
0
0
0
-1
0
1
0
0
1
-1
0
-1
-1
0
0
0
0
0
0
0
0
-1
0
-1
1
0
1
1
0
0
0
0
0
0
0
0
0
0
0
0
0
0
1
0
-1
0
0
0
0
0
0
-1
0
0
-1
0
0
0
0
0
0
0
1
1
0
0
0
0
0
0
0
-1
0
0
0
0
0
0
-1
-1
0
0
0
0
0
1
0
1
-1
0
0
-1
0
0
0
1
0
0
0
0
0
0
0
1
0
1
0
0
0
-1
-1
0
0
0
0
1
0
-1
0
0
0
0
1
0
-1
0
0
0
0
0
1
0
0
0
0
0
0
0
0
0
0
1
0
0
0
0
0
0
0
0
0
0
0
0
0
-1
-1
0
0
0
0
0
0
-1
0
0
-1
0
0
0
0
0
0
0
0
0
0
0
0
0
0
0
0
0
-1
0
0
1
0
0
-1
1
0
0
0
0
0
0
0
0
0
0
-1
1
0
0
-1
0
0
0
1
0
-1
0
0
0
0
0
0
0
1
-1
0
-1
0
-1
-1
0
0
0
1
0
0
0
0
0
1
0
-1
-1
0
0
0
0
0
0
0
-1
0
-1
0
1
0
0
0
0
1
0
0
0
0
0
-1
-1
0
0
0
0
-1
0
1
0
1
0
0
0
0
-1
0
0
0
-1
0
0
0
0
0
0
0
0
-1
0
0
0
1
0
1
0
-1
0
1
0
0
-1
0
0
0
0
0
0
1
0
1
0
0
0
0
0
1
0
1
0
0
0
1
0
0
0
0
0
-1
0
0
0
0
0
0
0
0
0
-1
0
0
0
0
0
0
0
0
0
0
1
0
1
0
0
1
0
0
1
0
0
1
0
0
1
0
0
0
0
0
0
0
0
0
0
0
1
0
0
-1
0
0
-1
0
-1
0
0
1
1
0
0
0
-1
0
0
0
0
0
0
1
0
0
-1
0
0
0
0
-1
0
1
0
0
0
0
0
-1
0
0
0
0
0
0
0
1
0
0
0
0
0
-1
0
0
0
0
0
1
0
0
0
0
0
0
0
1
0
-1
0
-1
1
0
0
0
0
-1
0
-1
0
0
0
0
-1
1
0
0
0
1
0
-1
0
1
1
0
-1
0
0
0
0
0
0
0
0
-1
0
0
0
0
1
-1
0
0
-1
0
0
0
0
0
1
1
0
0
0
-1
-1
0
0
0
1
0
0
0
0
0
0
1
0
0
-1
0
0
1
0
0
0
0
0
1
0
0
-1
0
0
0
0
0
0
0
0
1
0
0
0
0
0
0
0
0
1
0
0
0
0
0
0
-1
0
0
0
0
1
0
0
1
0
0
0
1
-1
0
-1
0
0
0
1
0
0
0
0
0
0
1
0
0
0
0
0
0
0
0
0
-1
0
0
0
1
0
0
0
1
0
0
0
0
0
0
0
0
0
0
1
0
1
0
-1
0
0
0
-1
0
1
-2
-1
1
0
-1
-1
-1
3
-3
0
1
0
1
-2
0
4
-2
-2
11
-5
-18
30
2
-48
37
31
-66
12
58
-56
-18
65
-36
-36
57
-12
-43
40
7
-39
22
14
-30
8
18
-19
1
16
-9
-5
12
-1
-5
8
5
-5
3
8
-3
-3
10
3
-8
5
9
-8
-2
12
-5
-9
11
1
-14
3
8
-9
-5
8
-2
-8
4
3
-8
0
6
-5
-4
7
2
-5
1
3
-3
-1
3
2
-2
0
4
3
-1
1
5
2
-1
5
3
-2
4
3
-2
4
2
-1
3
2
0
1
1
1
0
0
-2
0
-2
-1
3
-2
-4
2
-1
-4
2
0
-2
1
1
1
-1
-2
1
0
-1
1
1
1
0
1
5
-2
0
4
0
0
1
-1
1
-1
-2
2
-1
-4
0
-1
-4
-1
-1
-1
0
0
-2
1
2
-1
0
1
1
-1
-2
-2
2
-2
-2
3
0
-2
1
2
0
0
2
1
0
0
2
-1
-1
1
1
-2
0
1
0
0
1
3
-1
-4
6
1
-7
3
7
-10
-3
8
-6
-6
6
-1
-4
3
1
-2
0
1
-1
-1
1
-1
-1
0
0
0
1
1
0
2
0
-1
5
2
-3
2
5
-2
-1
6
1
-3
3
4
-3
-1
5
-1
-5
4
2
-6
0
6
-6
-4
7
-2
-9
5
3
-8
3
6
-7
1
7
-4
-1
5
0
-2
3
2
-3
0
2
-3
0
1
0
0
0
0
4
0
-2
4
1
-1
2
0
-1
1
0
-1
2
0
-2
1
1
-2
-1
1
0
-1
-1
0
-2
0
-1
0
0
0
0
1
1
1
1
1
0
2
1
1
1
1
1
2
1
1
1
1
1
1
1
0
0
0
-1
-2
0
-2
-2
-1
0
-2
-2
1
0
-2
1
1
-1
0
1
-1
0
1
-1
0
1
1
-1
0
2
-1
0
1
0
-1
1
0
0
0
0
0
1
0
0
-1
0
0
1
0
-1
0
0
0
0
-1
-1
1
0
0
1
0
0
1
0
0
0
-1
1
0
0
0
0
0
0
0
1
1
1
1
1
1
1
1
1
0
0
0
0
0
0
0
0
0
0
-1
0
0
-2
1
-2
-1
2
-1
-1
1
-1
-1
-1
2
1
0
1
2
1
0
2
0
1
0
1
1
1
1
0
0
-1
0
1
0
0
0
0
0
0
1
0
0
0
0
0
0
-1
0
0
0
0
0
0
0
0
1
0
1
1
0
0
0
0
0
0
0
0
0
0
1
0
1
0
0
0
0
0
0
0
1
0
0
0
1
0
1
1
0
0
0
0
-1
0
0
1
0
0
0
0
0
0
0
0
0
0
0
0
0
-1
0
0
0
0
0
0
0
0
0
-1
0
1
0
0
0
0
0
0
0
-1
1
0
0
0
1
0
1
0
0
0
0
0
0
0
-1
0
1
0
0
0
1
0
0
0
0
-1
1
1
0
0
1
0
0
0
0
0
0
0
0
-1
0
0
0
0
1
0
0
0
0
0
0
-1
-1
1
0
0
1
0
0
-1
0
-1
1
0
1
0
0
0
0
1
-1
0
0
0
0
0
0
0
0
0
0
0
0
0
0
-1
0
0
0
0
1
0
0
0
0
0
0
0
0
-1
0
0
0
-1
0
0
1
0
-1
0
0
0
0
1
1
1
0
0
-1
0
0
-1
0
0
0
0
-1
0
0
0
0
0
0
1
0
0
0
0
0
1
0
0
0
0
0
0
0
-1
1
-1
0
-1
0
0
0
0
-1
0
0
0
0
0
0
0
0
0
1
0
0
0
0
0
0
0
0
0
0
0
0
0
0
-1
0
0
0
1
0
0
0
0
-1
0
-1
0
1
0
0
1
0
0
0
0
0
0
0
0
0
0
1
-1
0
-1
0
0
-1
0
0
0
0
-1
0
0
0
0
0
1
0
0
0
0
0
0
0
-1
0
0
0
0
0
0
-1
0
0
0
0
0
0
-1
0
-1
0
0
0
0
1
0
0
0
0
0
0
0
0
0
0
0
0
1
0
0
0
0
1
0
-1
0
1
0
0
0
0
0
0
0
-1
-1
0
0
0
1
0
-1
0
0
-1
0
0
0
-1
0
0
1
0
0
0
0
0
0
1
0
0
0
0
1
0
0
0
1
1
0
0
0
0
0
0
1
0
1
0
0
0
1
0
0
0
-1
1
1
0
-1
0
0
0
0
0
0
0
0
0
0
0
1
0
1
0
0
0
0
0
-1
0
1
0
0
-1
0
-1
0
0
-1
0
0
0
0
0
0
0
0
0
0
0
0
0
0
0
0
0
0
0
0
0
0
0
0
0
0
0
0
0
0
0
0
0
-1
0
0
0
0
0
0
0
-1
0
0
0
0
0
0
0
0
0
0
0
0
0
0
0
0
0
0
0
0
0
0
1
-1
0
0
0
0
0
0
0
1
0
0
0
0
0
-1
0
0
0
0
0
0
0
0
0
0
-1
-1
-1
-1
0
-1
0
0
0
0
0
0
-1
-1
0
-1
0
0
0
-1
0
0
0
0
0
0
0
1
0
0
0
0
0
0
0
0
0
0
1
1
0
0
0
0
0
0
0
0
0
0
0
1
0
0
0
0
0
1
1
0
0
0
0
0
-1
0
0
0
0
0
0
1
0
0
1
0
0
0
1
0
0
1
0
1
1
0
0
0
0
0
0
0
0
0
0
1
0
1
1
-1
0
0
0
0
0
0
0
0
0
0
0
1
0
0
1
0
0
0
1
0
0
0
-1
0
0
0
0
0
0
0
0
0
0
1
0
0
0
-1
-1
0
0
0
0
0
0
0
0
0
0
-1
0
1
0
0
0
0
0
0
0
-1
0
1
0
0
0
0
-1
0
-1
-1
0
0
0
0
1
0
0
0
0
0
0
0
0
1
1
0
1
-1
0
0
0
0
0
0
0
0
0
0
0
0
0
0
0
0
0
0
0
0
0
0
0
0
0
0
0
0
-1
1
0
1
0
0
1
0
0
0
0
0
1
-1
0
0
0
0
0
1
0
0
-1
0
0
0
0
1
0
0
1
-1
-1
0
0
0
0
0
0
0
0
0
0
0
-1
0
0
0
1
0
0
0
0
1
0
-1
-1
0
0
0
-1
0
0
0
0
0
-1
0
0
0
0
-1
0
0
0
0
0
0
0
0
0
0
0
0
0
0
-1
0
0
0
0
0
0
0
0
0
1
0
-1
0
0
0
0
0
0
0
0
0
0
0
0
0
0
0
0
0
0
0
-1
0
0
0
0
0
0
0
0
0
0
0
0
0
1
0
0
0
0
0
0
0
1
0
0
0
1
1
0
0
0
-1
1
1
0
0
0
0
0
0
0
1
0
0
0
1
0
0
0
0
0
-1
0
0
0
0
0
0
0
0
0
0
-1
-1
-1
0
0
0
0
-1
0
0
0
0
0
0
0
0
0
1
0
1
0
0
0
0
0
0
1
-1
0
1
-1
0
0
0
0
0
0
0
-1
0
0
0
-1
0
-1
0
0
0
0
0
-1
0
0
0
0
0
0
-1
0
0
0
0
0
0
0
0
-1
-1
0
0
0
0
0
1
0
0
0
0
0
-1
0
0
0
0
0
0
0
0
0
1
0
1
0
0
1
-1
1
0
0
0
-1
-1
0
0
0
-1
0
-1
0
0
0
-1
0
0
0
0
1
0
0
0
0
0
0
1
0
1
0
0
0
0
0
0
1
0
0
0
1
1
0
0
0
0
0
0
0
0
-1
1
0
0
0
0
0
0
0
1
0
0
-1
0
0
0
-1
-1
0
0
1
0
-1
0
0
0
0
0
0
-1
-1
0
0
-1
1
0
1
0
0
0
0
0
0
1
0
0
0
-1
0
0
0
0
0
1
-1
0
0
0
0
0
0
0
0
0
1
0
0
0
0
0
0
-1
0
0
-1
0
0
-1
0
0
0
0
0
0
0
0
1
0
0
-1
1
0
0
-1
-1
0
0
0
1
-1
0
0
0
-1
1
0
0
0
1
-1
0
0
0
0
0
0
0
0
0
0
0
-1
0
0
0
0
0
0
0
0
0
0
1
-1
0
0
-1
1
0
0
0
0
0
0
0
0
0
0
0
0
0
0
-1
0
0
0
0
0
0
0
-1
0
0
0
-1
0
0
-1
-1
0
0
0
0
0
1
1
-1
0
-1
0
0
0
0
0
0
0
0
1
0
0
0
0
-1
1
0
0
1
0
0
0
0
0
1
1
0
0
0
0
0
-1
0
-1
1
0
1
0
0
1
0
0
1
0
0
0
1
-1
-1
1
0
0
0
-1
0
0
1
0
0
0
0
0
0
-1
0
0
0
-1
0
0
1
1
-1
0
0
0
0
0
0
0
0
0
-1
1
0
0
1
0
0
0
0
1
-1
0
0
0
0
-1
1
0
0
-1
0
0
0
0
0
-1
0
-1
1
0
0
1
0
0
0
0
0
0
0
0
-1
0
0
0
1
0
1
0
0
0
0
-1
0
0
1
1
0
0
0
-1
-1
0
0
0
-1
0
0
1
0
1
0
0
1
0
0
1
0
0
0
0
0
0
0
0
0
0
0
-1
1
0
0
0
0
0
0
0
0
0
0
-1
0
-1
0
0
0
0
0
-1
0
0
0
1
0
0
0
0
0
0
0
0
0
-1
1
1
-1
0
0
0
0
0
0
0
0
0
0
0
0
0
-1
0
0
0
0
0
0
0
0
-1
0
0
0
0
-1
0
-1
0
0
0
0
0
-1
0
0
-1
0
0
0
1
0
0
0
0
0
0
1
0
0
0
0
0
1
0
0
0
1
1
0
0
0
0
0
0
0
0
1
1
1
0
0
-1
0
0
0
-1
-1
0
0
0
0
0
0
0
0
0
0
0
0
0
0
0
0
0
0
0
0
0
1
1
1
0
-1
1
1
1
1
1
1
2
0
0
1
1
1
1
1
2
0
-1
0
0
0
0
0
0
0
0
-1
0
0
0
0
1
0
0
0
0
0
-1
1
1
0
0
0
0
1
0
0
0
0
0
0
0
0
0
0
0
0
1
0
0
0
0
0
0
1
0
0
0
0
0
0
0
0
0
0
1
0
-1
0
0
0
0
-1
0
0
0
0
0
0
-1
0
0
-1
0
0
0
-1
1
0
0
0
0
0
0
0
0
0
0
0
0
0
-1
0
-1
0
0
0
0
0
0
0
0
0
1
0
0
0
0
0
0
0
0
0
0
0
1
0
0
0
0
0
0
0
0
0
-1
0
0
1
0
0
0
0
0
0
0
1
0
0
0
0
0
0
-1
0
1
0
0
0
0
0
0
0
0
-1
0
0
0
0
0
0
0
0
1
0
-1
0
1
0
0
-1
0
0
0
0
-1
0
0
0
0
1
0
0
0
0
0
0
0
0
-1
0
0
0
0
0
0
0
0
0
1
0
0
0
0
0
1
0
0
1
0
1
-1
0
0
0
0
0
0
0
0
-1
0
-1
-1
0
0
0
0
0
0
0
0
0
0
-1
0
-1
0
0
0
0
0
0
-1
0
0
0
0
0
0
0
0
0
0
0
0
0
0
0
0
0
1
1
0
-1
0
0
0
0
0
0
0
0
0
0
0
0
0
0
0
0
1
0
0
0
0
0
1
0
0
0
0
0
0
0
-1
-1
0
0
0
0
0
-1
-1
0
0
0
-1
1
0
0
-1
0
0
0
0
0
0
0
0
0
0
0
0
0
1
1
1
2
1
1
0
0
1
1
1
1
1
2
0
1
0
1
2
3
3
4
3
5
5
5
4
3
3
0
-1
-1
-3
-2
-4
-5
-6
-6
-5
-4
-4
-2
0
0
1
1
1
2
2
2
2
2
2
2
0
0
0
-1
0
0
0
0
0
0
0
0
1
0
0
0
0
0
-1
0
0
0
1
2
1
1
0
0
-1
-2
-3
-4
-5
-5
-6
-4
-6
-3
-2
-1
1
3
4
5
6
8
8
10
9
8
7
7
4
3
1
1
0
-1
-1
-2
-2
-2
-3
-5
-4
-4
-4
-4
-3
-2
-2
0
-1
0
0
1
2
2
3
3
3
3
2
1
1
-1
-1
-2
-3
-4
-5
-7
-7
-6
-5
-4
-4
-5
-4
-3
0
2
1
1
3
3
5
5
9
10
14
16
17
17
17
17
13
10
6
3
0
-3
-6
-8
-11
-14
-13
-14
-16
-15
-17
-13
-11
-9
-10
-10
-10
-6
-4
0
3
5
7
10
11
13
14
16
15
14
13
11
10
11
11
13
14
10
8
6
9
10
6
5
5
9
13
14
16
16
17
19
19
15
12
13
15
13
9
10
13
10
5
0
-4
-8
-18
-24
-28
-34
-40
-47
-54
-63
-70
-66
-57
-47
-42
-35
-27
-23
-20
-11
9
26
36
38
38
35
26
13
-1
-11
-20
-26
-26
-24
-25
-29
-34
-31
-19
-2
18
34
31
12
0
10
34
46
48
53
57
48
27
15
15
12
3
3
15
20
14
4
-5
-12
-7
16
36
27
-4
-18
-2
19
25
27
41
67
80
79
65
50
47
45
33
7
-16
-16
1
13
11
9
28
58
74
66
53
51
45
30
23
40
45
12
-32
-33
9
41
44
40
41
33
20
22
30
19
4
25
64
52
-15
-72
-94
-108
-122
-122
-118
-141
-197
-259
-304
-332
-355
-376
-392
-414
-441
-465
-486
-528
-641
-810
-841
-530
-11
303
272
240
509
895
1036
915
813
881
1015
1053
893
495
-24
-358
-293
-46
-57
-450
-896
-1052
-902
-625
-381
-269
-292
-306
-136
214
524
638
643
689
716
564
262
28
-14
8
-74
-278
-522
-721
-754
-519
-160
-10
-203
-464
-463
-192
126
334
392
333
257
301
488
691
793
777
702
596
453
371
499
790
995
982
821
634
543
637
844
967
911
738
558
422
319
278
361
478
406
103
-229
-422
-505
-625
-912
-1501
-2524
-3743
-4298
-3559
-2231
-1738
-2491
-3591
-4054
-3531
-2188
-676
210
448
880
1812
2305
1718
1140
1991
3785
4643
3744
1971
404
-479
-324
753
1461
479
-1687
-3239
-3232
-2224
-1123
-342
-50
-434
-1160
-1199
-44
1355
1932
1917
1935
1843
1447
1201
1381
1499
1146
704
607
444
-284
-1051
-1073
-628
-443
-572
-759
-937
-849
-228
603
1049
981
718
615
853
1333
1784
1953
1693
1103
552
366
544
777
686
156
-510
-941
-983
-691
-361
-357
-608
-653
-322
110
357
359
348
616
995
1087
978
950
900
706
498
131
-734
-1939
-2938
-3514
-3853
-4301
-5333
-7335
-9655
-9891
-5666
1488
5603
2375
-4730
-7473
-2216
6469
11763
11081
6131
348
-2295
572
6518
9623
6804
983
-3154
-4198
-3498
-2161
-861
-760
-2335
-4204
-4787
-4342
-3736
-2318
825
4182
4895
2589
-161
-1257
-461
1878
4797
6085
3809
-898
-4075
-3189
434
3482
3453
623
-2547
-3946
-2856
-164
1735
1342
-391
-1720
-1646
-111
1735
2499
2275
1948
1552
1023
854
1082
1390
1628
1345
312
-615
-771
-585
-305
77
-68
-831
-1305
-1211
-878
-469
-183
76
528
876
887
1004
1739
2685
2942
2446
1670
857
460
745
1215
1320
849
-194
-1318
-1872
-1812
-1560
-1622
-2616
-4586
-6542
-7864
-8994
-9712
-8621
-5399
-1914
-297
-896
-2422
-2955
-873
3766
8462
9965
7369
3224
1211
2678
5792
7812
7253
4231
316
-2300
-2616
-1631
-990
-1495
-2933
-4612
-5868
-6211
-5239
-3050
-524
1316
1932
1316
133
-324
739
2672
4133
4272
2979
848
-712
-489
1159
2534
2287
562
-1362
-2045
-1251
-27
522
138
-903
-1735
-1460
-458
683
1480
1781
1342
342
90
636
1559
2150
1899
1292
467
-11
-96
115
640
715
254
-650
-1608
-1820
-1471
-741
-106
-99
-364
-815
-608
568
1929
2972
2735
1924
1432
1443
1944
1884
1521
1147
978
1104
732
290
-108
-494
-531
-600
-1041
-2278
-3821
-4754
-5284
-5574
-6465
-8327
-9322
-7992
-4905
-2481
-1691
-1205
-722
-220
691
2662
5545
7021
6392
5184
4585
4680
4605
4625
4767
3801
1787
-333
-1485
-1777
-2318
-2930
-3462
-3859
-4360
-4947
-4329
-2700
-1143
-359
31
561
650
788
1522
2261
2316
1963
2012
2186
1879
1263
999
1235
1410
1056
316
-482
-983
-715
-10
323
85
-550
-1167
-1027
-45
963
1334
946
196
-113
428
1343
1775
1298
395
-86
123
655
1012
907
234
-843
-1480
-949
131
612
278
-341
-736
-537
283
1114
1330
940
486
675
1665
2659
2801
2090
1258
933
1207
1904
2313
1564
59
-952
-841
-2
347
-517
-1950
-2918
-3031
-2796
-2924
-3595
-4667
-5827
-6812
-7517
-7347
-5911
-4111
-3276
-3516
-3142
-797
2028
2888
1950
1637
3336
5752
6793
6028
4547
3517
3371
3823
4155
3404
1152
-1458
-2622
-2133
-1536
-1978
-3276
-4710
-5366
-4519
-2638
-1113
-760
-1099
-1091
-352
624
1475
2276
2588
1863
960
1235
2456
3270
2901
1673
655
689
1457
1940
1652
1006
415
-112
-466
-535
-357
111
507
204
-536
-960
-902
-425
355
852
574
-205
-705
-367
578
1260
1085
313
-318
-410
-50
590
1061
811
54
-403
-233
306
769
903
937
1037
997
750
747
1144
1398
1194
962
947
875
948
1161
989
350
-111
-53
149
239
-202
-762
-1014
-1030
-1036
-1462
-2027
-2951
-3339
-2965
-3061
-4046
-5998
-7305
-7046
-5333
-3224
-2803
-3453
-3326
-1572
794
2108
2639
3002
3485
4159
4588
4989
4997
4192
3273
2661
2550
2078
779
-391
-1431
-2273
-2770
-3077
-3127
-3594
-4253
-4282
-3495
-2197
-1470
-1014
-401
-123
413
1634
2899
3131
2472
2159
2606
3467
3874
3132
1877
1342
1700
2248
2184
1256
105
-540
-530
-280
-210
-561
-1434
-2240
-2247
-1676
-1095
-705
-642
-840
-867
-454
246
1003
1531
1316
558
356
879
1299
1561
1886
1748
1052
537
583
902
1095
1042
924
779
404
-123
-323
70
634
827
622
108
-529
-630
19
687
909
866
565
105
39
518
1127
1535
1419
667
-86
-319
-407
-637
-792
-959
-1411
-2044
-2826
-3993
-5370
-6330
-6550
-6140
-5413
-4918
-5184
-5812
-5304
-2787
372
1972
1660
1051
1517
2985
4617
5623
5574
4549
3141
2230
2198
2388
2003
1053
9
-1015
-2124
-2815
-2521
-1949
-2077
-2505
-2403
-1808
-1190
-679
61
1086
1579
1095
707
1424
2545
3074
3080
2793
2254
1915
1972
2071
2163
2085
1373
477
62
-333
-983
-1255
-1054
-1087
-1563
-2111
-2495
-2346
-1458
-516
-45
65
-262
-700
-290
1011
2095
2232
1684
1033
870
1517
2307
2387
1952
1323
459
-155
-59
265
189
-228
-657
-900
-806
-500
-219
104
299
71
-283
-245
285
1013
1449
1352
976
796
1048
1473
1743
1834
1670
1186
652
344
184
-132
-756
-1465
-1860
-1891
-2041
-2686
-3594
-4440
-5249
-5986
-6282
-5976
-5382
-4961
-5062
-5521
-5215
-3071
115
2062
1643
231
84
1924
4457
5993
5907
4598
3006
2246
2798
3900
4252
3211
1234
-521
-1203
-1042
-864
-1089
-1665
-2321
-2650
-2499
-2054
-1424
-531
365
749
562
386
589
968
1367
1743
2221
2393
1889
1261
996
1407
2046
2248
1889
901
-180
-768
-769
-308
-65
-592
-1581
-2421
-2194
-970
17
203
-337
-768
-836
-568
222
830
917
515
219
503
1128
1627
1510
1200
983
715
460
576
993
1048
599
118
-175
-348
-135
370
774
741
402
101
-267
-280
210
924
1382
1009
239
-69
614
1736
2199
1705
773
202
240
609
848
683
76
-925
-1743
-2073
-2165
-2229
-2507
-2989
-3893
-5033
-5600
-5856
-6168
-6222
-5597
-4389
-3727
-4070
-4462
-3420
-657
1764
2320
1771
1464
1972
3171
4640
5609
5431
4206
2898
2599
3287
3788
3373
2418
1255
-68
-1058
-1183
-813
-790
-1290
-1842
-2029
-1729
-1173
-716
-291
196
287
-64
-34
521
848
963
1236
1275
1025
1023
1144
1125
1274
1534
1442
1008
497
-132
-643
-545
-157
-137
-483
-1060
-1628
-1520
-689
65
234
-146
-762
-850
52
1102
1317
957
576
387
737
1427
1598
1090
640
611
590
376
269
259
111
-167
-478
-557
-212
73
-107
-304
-192
-61
63
433
876
1106
1098
966
1003
1503
2121
2276
2047
1837
1599
1202
907
840
666
115
-792
-1891
-2619
-2444
-1949
-2411
-3934
-5157
-5010
-3919
-3384
-4403
-6122
-6786
-5727
-3716
-2182
-2197
-3439
-4150
-2648
600
3184
3344
1540
35
793
3244
5311
5832
4785
2920
1668
2092
3736
4877
4292
2440
667
-67
222
809
1004
471
-756
-1799
-1546
-432
-16
-600
-1086
-975
-729
-747
-922
-997
-892
-725
-522
1
278
-233
-584
-175
577
1005
1083
1117
860
523
258
69
478
1156
1316
697
-176
-449
-108
548
1072
891
71
-722
-848
-318
328
503
-16
-828
-1183
-815
-239
-84
-460
-877
-902
-619
-244
158
442
484
520
778
1173
1583
1952
2070
1883
1715
1818
2116
2373
2319
1863
1340
1174
1366
1554
1424
992
525
166
-57
-99
-111
-523
-1464
-2373
-2689
-2465
-2251
-2482
-2962
-3131
-3169
-3648
-4317
-4741
-4836
-4854
-4757
-4290
-3885
-3756
-4008
-4139
-2938
-662
1214
1585
885
679
1627
3360
5099
5735
5165
4137
3441
3738
4679
5461
5198
3668
1975
922
728
1013
1062
490
-725
-1852
-2252
-2077
-1774
-1731
-1818
-1797
-1801
-1953
-1960
-1839
-1810
-1493
-990
-501
-32
-39
-279
-188
469
1426
1743
1389
1083
1010
1145
1291
1372
1371
1043
758
692
503
403
237
-67
-173
-414
-662
-886
-1180
-1214
-1355
-1490
-1322
-1095
-888
-942
-1014
-733
-513
-314
172
532
619
654
855
1294
1685
2105
2522
2581
2548
2600
2497
2280
2090
2113
2359
2449
2120
1384
642
423
742
1263
1353
559
-534
-1005
-764
-274
-136
-754
-1771
-2491
-2702
-2593
-2376
-2548
-3254
-3763
-3779
-3973
-4740
-5355
-5392
-5115
-4678
-4283
-3881
-3719
-3674
-2923
-1306
589
1547
1173
823
1589
3239
4857
5582
5389
4552
3739
3937
4896
5778
5531
3972
2523
1782
1408
1167
981
669
-173
-1350
-2082
-2105
-1922
-1993
-2303
-2510
-2524
-2643
-2825
-2731
-2387
-2055
-1743
-1388
-1115
-932
-613
-150
185
525
1103
1538
1543
1432
1337
1291
1547
1793
1587
1245
1078
865
511
248
188
115
-127
-354
-583
-795
-957
-1188
-1293
-1159
-1006
-1008
-1001
-1074
-1133
-842
-405
24
181
360
800
1145
1441
1644
1851
2096
2301
2541
2677
2719
2602
2287
2244
2622
2821
2630
2201
1604
1215
1359
1754
1714
948
-94
-845
-978
-645
-626
-1374
-2390
-3068
-3351
-3281
-3111
-3215
-3675
-4221
-4452
-4445
-4365
-4478
-4870
-5177
-4905
-4098
-3354
-2798
-2831
-2845
-1785
27
1750
2100
1682
1899
2810
4238
5376
5655
5243
4354
3788
4153
4856
5046
4091
2491
1405
938
842
717
205
-689
-1721
-2342
-2312
-1860
-1638
-2065
-2808
-3172
-2880
-2254
-1620
-1400
-1699
-2026
-1911
-1166
-223
101
-184
-293
125
703
1057
1246
1357
1329
1345
1507
1551
1345
1091
982
1040
1134
1005
569
130
-25
-15
-44
-179
-381
-572
-755
-927
-1011
-920
-722
-636
-705
-642
-361
-121
-14
12
306
787
1067
1198
1256
1518
1773
1875
2258
2555
2475
2293
2207
2401
2690
2781
2582
2191
2080
2091
1767
1535
1417
979
377
-203
-528
-730
-1189
-1752
-2315
-2617
-2804
-3238
-3557
-3657
-3686
-3834
-4168
-4449
-4730
-5264
-5824
-5689
-4704
-3739
-3713
-4432
-4658
-3309
-811
1072
1354
834
685
1336
2776
4644
5881
5584
4286
3435
3742
4737
5471
5242
4118
2777
1769
1356
1642
2007
1424
29
-973
-1144
-1043
-1064
-1268
-1694
-2209
-2575
-2609
-2231
-1816
-1983
-2566
-2643
-2012
-1526
-1640
-1792
-1475
-861
-339
-131
-197
-195
121
609
1128
1581
1623
1287
1268
1772
2125
1962
1590
1322
1288
1416
1354
951
520
261
89
-58
-263
-671
-1163
-1371
-1170
-887
-911
-1228
-1407
-1146
-605
-103
224
370
383
487
932
1662
2309
2595
2559
2452
2554
2935
3380
3564
3351
2873
2476
2461
2651
2515
1931
1334
1014
765
377
-142
-817
-1620
-2241
-2469
-2539
-2820
-3444
-4253
-4798
-4674
-4115
-3892
-4463
-5533
-6368
-6354
-5480
-4395
-3873
-4192
-4902
-4985
-3564
-1036
907
1079
200
-102
938
2915
4887
5828
5277
3981
3397
4297
5938
6741
5950
4341
3121
2672
2764
3080
3054
2055
303
-1007
-1088
-556
-522
-1176
-1953
-2581
-3094
-3247
-2841
-2347
-2481
-3248
-3801
-3412
-2388
-1684
-1670
-1841
-1713
-1299
-665
165
799
802
482
555
1150
1802
2146
2118
1829
1537
1494
1798
2309
2483
1822
754
290
618
992
877
376
-283
-931
-1271
-1000
-327
-56
-647
-1468
-1558
-847
-18
399
356
131
132
609
1402
2045
2158
1840
1630
1955
2574
2894
2762
2519
2372
2261
2213
2312
2391
2178
1649
1075
723
568
302
-234
-845
-1243
-1465
-1748
-2087
-2449
-2892
-3220
-3297
-3350
-3584
-4060
-4623
-5007
-5068
-4955
-5094
-5313
-5063
-4759
-4873
-4858
-4213
-2969
-1735
-1366
-1729
-1924
-1437
31
2915
6290
7194
4572
1897
2602
5989
9173
10006
8005
4437
1857
2322
5293
7739
6730
2402
-1551
-1896
342
2154
2250
447
-2943
-5756
-5466
-2605
-529
-1588
-4537
-6342
-5717
-3938
-2484
-1707
-2238
-4258
-5367
-3535
-533
818
155
-932
-1169
-415
966
2444
3434
3412
2191
1003
1514
3168
4033
3571
2634
1812
1130
982
1692
2347
1815
323
-920
-1057
-430
-72
-412
-1009
-1465
-1808
-1882
-1326
-505
-372
-983
-1300
-770
-31
378
739
1214
1357
1058
1057
1855
2813
3035
2582
2192
2232
2515
2784
2910
2711
2070
1317
1081
1412
1546
940
-30
-748
-1067
-1173
-1322
-1705
-2282
-2898
-3390
-3550
-3488
-3728
-4404
-4967
-5176
-5385
-5654
-5594
-5186
-4829
-4704
-4654
-4462
-3885
-2694
-1054
250
642
647
1205
2455
3907
5059
5457
5128
4792
4983
5559
6178
6306
5484
4253
3622
3555
3366
2961
2412
1442
272
-393
-442
-510
-1094
-1955
-2640
-2939
-2878
-2795
-2938
-3262
-3774
-4108
-3676
-2932
-2697
-2896
-2920
-2583
-2096
-1525
-1044
-791
-723
-574
-75
814
1707
1787
1425
1450
1897
2720
3380
3410
2912
2166
1954
2571
3281
3225
1966
437
17
533
1162
1217
291
-950
-1732
-1591
-650
-60
-356
-1270
-2017
-1772
-933
-204
116
-172
-826
-962
-174
1040
1814
1550
908
753
1177
2058
2837
2959
2432
1657
1438
2004
2617
2651
1851
759
263
247
330
247
-464
-1623
-2538
-2780
-2479
-2389
-3050
-4211
-5264
-5573
-5114
-4623
-4607
-4996
-5481
-5530
-4843
-3848
-3130
-2645
-2003
-1278
-754
-66
997
1914
2671
3517
4021
4046
4186
4687
5201
5411
5319
4978
4480
4130
4022
3858
3456
2826
2030
1347
1046
879
376
-419
-1104
-1549
-1857
-2117
-2376
-2720
-3226
-3662
-3644
-3364
-3374
-3546
-3413
-3138
-3004
-2803
-2382
-1859
-1338
-970
-774
-400
214
645
935
1498
2043
2104
2017
2331
2879
3010
2667
2468
2667
2870
2622
2079
1851
1789
1347
889
747
430
-272
-766
-573
-262
-706
-1562
-1847
-1500
-1216
-1220
-1103
-836
-891
-1085
-640
309
695
300
207
967
1781
1996
2015
2209
2220
1922
1944
2519
2846
2299
1412
1011
1075
1040
720
304
-184
-884
-1606
-1910
-1855
-2090
-2918
-3827
-4342
-4622
-4912
-5040
-4902
-4827
-5058
-5306
-5172
-4634
-3862
-2938
-2078
-1624
-1477
-1009
142
1593
2627
2908
2819
3041
3802
4745
5378
5382
4791
4160
4094
4511
4793
4482
3614
2619
2057
2073
2203
1890
1024
-72
-903
-1152
-1037
-1139
-1736
-2564
-3276
-3653
-3504
-3004
-2829
-3324
-3951
-4022
-3521
-2902
-2489
-2281
-2162
-2000
-1580
-836
-115
253
488
899
1302
1466
1610
2035
2660
3138
3120
2595
2085
2160
2692
3032
2782
2004
1006
369
575
1222
1294
468
-598
-1203
-1144
-571
-1
-109
-944
-1685
-1572
-761
3
250
17
-357
-405
128
948
1494
1518
1194
968
1258
1936
2367
2269
1910
1495
1162
1232
1602
1563
835
48
-254
-260
-360
-667
-1171
-1817
-2414
-2803
-3045
-3372
-3952
-4588
-4855
-4758
-4768
-4958
-4926
-4681
-4498
-4102
-3144
-2155
-1828
-1832
-1320
-208
864
1561
2102
2560
2730
2817
3401
4395
4888
4460
3846
3836
4188
4255
4027
3798
3377
2628
2133
2250
2259
1506
491
-14
-71
-199
-607
-1156
-1747
-2403
-2912
-2865
-2464
-2520
-3191
-3708
-3608
-3227
-2916
-2683
-2528
-2498
-2432
-2021
-1271
-646
-439
-306
116
595
854
1146
1701
2211
2346
2242
2167
2184
2332
2668
2896
2558
1784
1282
1377
1654
1640
1265
653
0
-340
-164
212
229
-247
-811
-1014
-788
-424
-212
-194
-283
-394
-331
70
580
826
850
925
1032
1107
1331
1730
1961
1809
1494
1293
1225
1202
1237
1244
931
209
-516
-811
-778
-837
-1274
-2110
-3119
-3872
-4077
-3926
-3954
-4435
-5085
-5424
-5299
-4852
-4161
-3363
-2947
-3184
-3366
-2537
-929
340
813
931
1036
1261
1985
3320
4420
4332
3394
2936
3549
4447
4741
4452
3913
3183
2586
2764
3536
3706
2656
1273
631
640
647
469
149
-577
-1767
-2679
-2568
-1893
-1810
-2592
-3415
-3691
-3569
-3208
-2646
-2299
-2585
-3105
-3016
-2138
-1124
-611
-650
-841
-755
-195
676
1405
1575
1205
837
1028
1722
2323
2398
2048
1619
1394
1530
1941
2201
1925
1269
773
706
859
927
790
442
-9
-294
-203
104
234
44
-203
-251
-153
-31
166
424
529
447
490
808
1100
1179
1262
1458
1484
1283
1251
1498
1549
1169
776
706
683
408
36
-235
-546
-1004
-1429
-1764
-2272
-3029
-3747
-4214
-4464
-4556
-4553
-4680
-5080
-5426
-5097
-4003
-2960
-2782
-3117
-2918
-1849
-503
528
1071
1158
1094
1484
2612
3866
4304
3840
3319
3365
3788
4178
4360
4178
3552
2892
2792
3166
3313
2821
1986
1304
975
872
790
556
-13
-956
-1795
-1896
-1493
-1491
-2128
-2789
-3070
-3076
-2897
-2641
-2648
-3037
-3386
-3235
-2611
-1889
-1494
-1629
-1929
-1668
-660
409
806
590
380
615
1237
1913
2224
1930
1370
1334
2054
2738
2599
1854
1202
993
1239
1734
1925
1357
422
32
412
838
690
172
-185
-197
-7
186
188
-64
-305
-184
250
594
656
659
795
960
1076
1266
1549
1668
1467
1197
1179
1337
1357
1158
866
510
52
-342
-476
-532
-925
-1713
-2424
-2735
-2948
-3478
-4212
-4724
-4834
-4658
-4438
-4478
-4797
-4867
-4215
-3234
-2708
-2663
-2418
-1611
-542
323
756
891
1114
1691
2539
3342
3734
3614
3360
3446
3857
4224
4286
4013
3557
3195
3143
3324
3402
3059
2373
1747
1385
1160
960
692
184
-518
-1061
-1245
-1290
-1496
-1933
-2447
-2817
-2933
-2848
-2730
-2779
-3029
-3228
-3104
-2772
-2533
-2408
-2213
-1946
-1676
-1266
-660
-197
-149
-197
137
764
1241
1431
1500
1517
1519
1713
2126
2313
1901
1280
1173
1654
2040
1817
1141
450
143
459
1132
1339
620
-400
-677
35
915
1011
284
-475
-574
57
978
1471
1123
416
240
809
1563
1961
1872
1438
937
744
1082
1700
1948
1468
594
-75
-244
20
349
202
-662
-1831
-2624
-2747
-2530
-2572
-3167
-4046
-4666
-4684
-4241
-3870
-3982
-4330
-4279
-3598
-2722
-2211
-2118
-1996
-1469
-615
226
788
989
1065
1401
2024
2597
2956
3150
3155
3013
2991
3205
3473
3589
3472
3158
2820
2644
2648
2682
2542
2116
1523
1016
763
719
614
203
-407
-881
-1106
-1249
-1393
-1510
-1661
-1909
-2157
-2259
-2253
-2244
-2216
-2127
-2065
-2103
-2109
-1917
-1600
-1360
-1224
-1085
-932
-808
-621
-282
70
295
454
602
642
594
677
989
1317
1410
1236
972
833
927
1166
1297
1132
769
512
532
727
864
751
400
64
61
394
710
691
372
44
-6
287
685
810
537
127
-46
172
618
884
657
131
-123
178
678
853
577
137
-104
23
370
576
402
-5
-268
-185
46
107
-77
-352
-609
-814
-881
-809
-825
-1101
-1484
-1712
-1776
-1809
-1798
-1695
-1659
-1848
-2059
-1973
-1658
-1436
-1354
-1175
-875
-665
-569
-401
-126
142
398
695
930
972
886
895
1096
1342
1437
1359
1255
1199
1144
1086
1097
1146
1075
843
630
543
486
365
252
214
151
0
-133
-177
-219
-347
-465
-476
-456
-509
-594
-620
-626
-675
-693
-576
-398
-335
-386
-376
-233
-66
46
164
321
436
472
504
594
706
810
917
973
885
719
673
799
930
900
720
500
365
382
472
458
276
35
-133
-190
-151
-94
-151
-356
-576
-671
-625
-509
-425
-466
-646
-829
-846
-652
-407
-308
-410
-579
-635
-508
-258
-25
40
-87
-240
-221
-32
142
180
125
58
13
29
120
223
214
83
-30
-6
100
147
93
10
-45
-65
-43
39
110
87
-2
-57
-56
-28
22
71
35
-97
-171
-102
-15
-53
-163
-190
-104
-14
-19
-98
-156
-127
-33
50
66
-9
-119
-136
-19
85
27
-141
-255
-252
-196
-153
-161
-270
-449
-541
-429
-244
-218
-363
-466
-388
-212
-50
54
67
15
34
232
493
613
576
533
585
737
951
1129
1152
1026
938
1025
1201
1281
1202
1068
988
962
936
881
794
666
518
416
384
343
214
16
-153
-248
-315
-419
-557
-693
-824
-943
-1012
-1047
-1145
-1321
-1471
-1528
-1509
-1461
-1425
-1461
-1572
-1661
-1605
-1390
-1161
-1082
-1140
-1158
-1006
-734
-468
-288
-210
-198
-136
86
408
636
678
651
693
803
921
1047
1157
1144
997
898
999
1183
1229
1112
976
908
896
934
1000
1013
902
733
653
691
725
657
522
406
325
259
220
200
143
25
-104
-188
-228
-266
-326
-379
-416
-480
-585
-655
-655
-657
-735
-836
-864
-823
-796
-817
-867
-911
-926
-893
-811
-731
-705
-722
-720
-671
-594
-493
-365
-259
-227
-213
-114
74
241
334
402
492
594
692
807
916
964
949
938
963
988
973
927
874
809
727
645
575
510
438
359
266
144
29
-47
-113
-209
-323
-419
-504
-592
-667
-722
-765
-799
-807
-801
-815
-854
-858
-783
-665
-576
-535
-519
-489
-408
-277
-142
-60
-33
-27
21
135
279
372
384
373
391
425
458
515
579
581
494
406
390
416
415
376
315
235
150
104
112
138
122
44
-58
-127
-125
-57
21
35
-31
-121
-159
-114
-8
82
79
-13
-92
-81
-7
52
58
-1
-101
-164
-139
-87
-97
-162
-218
-251
-298
-341
-343
-328
-349
-399
-426
-404
-372
-362
-371
-362
-316
-244
-182
-151
-127
-69
29
134
214
260
279
316
409
544
645
663
645
651
690
728
755
772
756
704
653
624
590
537
481
416
332
231
136
50
-30
-101
-171
-276
-422
-558
-624
-617
-610
-658
-744
-815
-845
-807
-705
-615
-610
-668
-681
-617
-514
-401
-292
-238
-272
-312
-241
-61
93
139
122
113
139
212
331
439
452
373
314
355
458
529
505
417
331
297
312
343
342
270
158
88
94
110
72
-4
-68
-101
-110
-97
-85
-112
-177
-203
-146
-72
-67
-111
-126
-97
-64
-36
-11
-21
-83
-129
-96
-33
-48
-144
-223
-226
-196
-181
-191
-230
-291
-311
-251
-180
-180
-211
-195
-141
-99
-74
-39
13
74
130
157
155
167
226
309
370
397
402
379
347
366
447
509
476
404
377
392
391
378
377
364
310
254
227
201
155
114
79
12
-83
-164
-212
-242
-277
-336
-413
-473
-502
-519
-535
-533
-519
-532
-577
-577
-497
-424
-430
-441
-389
-348
-352
-301
-176
-99
-118
-117
-27
75
125
153
201
252
284
317
366
423
443
411
367
358
388
434
453
403
298
222
238
297
307
254
180
117
84
81
80
41
-26
-86
-116
-129
-141
-168
-212
-254
-272
-264
-236
-217
-244
-310
-335
-285
-229
-228
-250
-245
-236
-252
-254
-207
-147
-126
-139
-149
-129
-84
-29
27
68
75
51
59
118
183
203
188
176
186
212
242
265
275
264
243
241
274
322
358
355
319
278
259
281
327
347
308
234
180
174
184
177
144
93
33
-18
-42
-56
-88
-148
-210
-245
-261
-282
-321
-363
-388
-390
-383
-387
-406
-425
-424
-397
-361
-340
-342
-347
-331
-288
-236
-198
-184
-177
-161
-114
-43
15
40
44
61
106
161
207
233
244
241
242
259
286
300
289
273
259
248
237
228
221
206
188
173
160
133
103
92
89
80
51
22
1
-8
-16
-21
-36
-60
-80
-84
-76
-77
-91
-101
-106
-111
-117
-113
-101
-100
-110
-113
-102
-84
-68
-56
-42
-34
-28
-19
0
22
39
46
50
55
62
66
69
78
90
99
98
91
85
85
96
111
117
103
83
72
78
90
89
73
42
12
-2
8
24
18
-16
-56
-77
-72
-54
-43
-53
-88
-125
-135
-110
-76
-66
-96
-136
-155
-139
-106
-83
-85
-115
-146
-148
-116
-78
-70
-95
-122
-125
-106
-74
-47
-45
-68
-88
-68
-19
15
21
14
14
22
43
81
117
123
104
97
115
139
153
159
156
143
125
119
125
126
111
92
75
56
33
13
6
6
-7
-35
-69
-92
-94
-82
-72
-78
-107
-140
-149
-122
-82
-69
-88
-109
-105
-77
-40
-8
1
-9
-16
6
47
83
91
83
80
90
111
132
142
136
125
124
134
142
139
129
122
119
122
128
128
112
91
84
91
96
84
59
36
23
24
27
19
-5
-39
-57
-56
-49
-58
-79
-104
-117
-120
-119
-123
-134
-148
-157
-157
-149
-146
-154
-164
-166
-157
-144
-135
-135
-142
-147
-139
-120
-100
-94
-103
-112
-104
-80
-55
-40
-39
-41
-37
-18
9
32
44
49
56
66
82
104
127
145
145
134
127
142
169
189
183
157
129
120
133
152
146
115
75
53
52
54
44
24
1
-22
-41
-52
-59
-66
-74
-85
-97
-115
-126
-120
-101
-91
-100
-114
-118
-105
-79
-49
-28
-24
-29
-23
1
42
80
95
88
73
74
105
148
171
154
117
95
106
139
160
148
115
87
83
99
115
112
90
63
50
51
53
51
45
36
18
0
-7
-1
1
-4
-17
-34
-51
-60
-56
-49
-60
-84
-109
-117
-116
-115
-121
-135
-151
-164
-166
-161
-158
-164
-173
-169
-158
-150
-149
-150
-145
-132
-117
-106
-100
-99
-96
-83
-57
-38
-32
-37
-31
-10
15
34
45
48
49
56
82
110
122
115
110
117
132
144
150
151
140
124
116
121
125
116
97
74
52
37
35
37
26
-3
-33
-46
-40
-34
-34
-50
-75
-88
-77
-52
-37
-45
-66
-73
-55
-22
1
3
-12
-20
-9
23
54
64
55
43
47
67
89
98
93
85
79
80
88
97
99
95
88
81
72
65
66
73
76
66
46
26
19
27
37
34
12
-17
-32
-23
-5
1
-12
-35
-53
-51
-35
-16
-14
-31
-52
-62
-54
-34
-27
-38
-58
-76
-80
-72
-60
-59
-75
-100
-110
-101
-88
-90
-105
-122
-134
-129
-120
-117
-128
-143
-147
-138
-125
-120
-126
-127
-118
-100
-82
-66
-60
-53
-36
-8
20
39
52
67
86
106
124
140
152
159
165
170
171
169
166
161
152
137
119
100
85
72
59
40
17
-5
-19
-25
-32
-39
-46
-53
-61
-59
-52
-42
-35
-31
-22
-13
-3
6
19
35
46
53
53
57
66
79
91
94
89
81
77
83
90
87
78
64
56
54
54
51
43
31
23
18
17
11
6
1
-6
-11
-15
-19
-23
-27
-29
-32
-36
-40
-44
-46
-46
-45
-42
-40
-44
-45
-43
-39
-38
-35
-34
-33
-38
-44
-44
-39
-37
-44
-54
-61
-68
-74
-78
-79
-86
-100
-116
-122
-119
-115
-117
-128
-137
-140
-133
-119
-106
-102
-105
-102
-84
-59
-37
-24
-17
-4
14
36
59
77
87
94
107
124
138
144
146
145
145
145
142
134
124
111
101
91
77
58
39
24
13
-1
-16
-29
-43
-55
-59
-61
-63
-66
-69
-68
-60
-49
-38
-30
-23
-12
3
23
41
53
60
68
82
97
113
122
124
122
125
129
134
137
133
124
113
107
103
98
91
79
64
50
42
35
25
14
0
-16
-28
-41
-44
-48
-61
-76
-90
-94
-93
-94
-97
-103
-106
-108
-105
-100
-95
-95
-96
-94
-89
-84
-81
-80
-79
-76
-72
-69
-71
-75
-78
-77
-74
-72
-76
-82
-87
-89
-83
-78
-76
-81
-85
-81
-72
-60
-51
-46
-45
-38
-23
-4
13
24
31
37
52
71
88
100
103
105
113
122
131
135
133
127
123
118
113
106
98
85
71
56
41
28
15
4
-9
-22
-34
-44
-51
-54
-59
-62
-63
-63
-59
-53
-45
-36
-28
-19
-8
3
15
29
41
54
68
84
95
105
113
119
126
133
137
140
139
136
135
132
129
122
114
104
93
86
76
65
52
36
22
10
-1
-13
-27
-42
-55
-66
-75
-84
-91
-100
-106
-114
-118
-122
-124
-125
-128
-128
-127
-127
-125
-123
-122
-119
-115
-110
-107
-104
-103
-99
-95
-91
-86
-84
-82
-80
-79
-75
-71
-68
-66
-63
-60
-53
-50
-45
-40
-34
-25
-14
-5
3
11
22
35
48
60
69
78
89
101
109
117
122
125
130
134
133
131
126
116
110
100
90
78
62
45
31
17
4
-11
-26
-41
-52
-62
-67
-75
-81
-85
-87
-85
-81
-77
-72
-64
-53
-40
-25
-11
1
14
30
47
66
80
91
104
116
128
138
146
150
153
157
158
156
153
149
143
136
128
118
108
97
86
72
59
46
32
19
4
-9
-23
-34
-46
-58
-70
-81
-92
-101
-108
-114
-122
-128
-134
-138
-140
-143
-143
-146
-144
-143
-141
-136
-132
-127
-121
-116
-110
-105
-99
-94
-88
-83
-76
-72
-67
-63
-58
-53
-50
-45
-39
-34
-28
-23
-16
-10
-4
5
14
21
30
41
50
59
68
78
86
93
100
106
109
112
113
112
110
105
100
92
84
73
63
49
36
23
10
-3
-17
-30
-40
-49
-57
-65
-73
-76
-76
-72
-66
-62
-58
-51
-40
-25
-12
2
14
26
42
61
80
94
102
109
121
136
147
152
152
150
150
152
153
149
140
125
114
106
101
91
78
59
42
27
18
9
-6
-23
-37
-46
-55
-69
-81
-89
-89
-93
-101
-110
-114
-113
-108
-104
-107
-108
-105
-99
-94
-89
-83
-79
-75
-69
-63
-54
-52
-52
-53
-50
-45
-43
-43
-43
-46
-48
-51
-53
-54
-54
-56
-58
-58
-56
-55
-52
-47
-42
-39
-34
-25
-13
-4
5
14
23
33
41
52
65
73
76
76
77
80
82
83
82
75
67
58
48
40
30
17
4
-13
-26
-37
-44
-52
-61
-72
-79
-80
-74
-69
-68
-70
-67
-55
-37
-19
-8
2
14
32
55
73
88
100
114
129
144
155
163
163
164
166
173
179
176
162
147
136
131
125
116
98
74
57
50
42
27
1
-26
-46
-55
-66
-77
-88
-104
-120
-132
-137
-139
-140
-135
-129
-130
-135
-130
-111
-97
-94
-89
-78
-73
-69
-50
-28
-24
-36
-47
-40
-22
-7
-7
-13
-26
-44
-47
-24
-12
-28
-48
-55
-48
-44
-50
-53
-50
-50
-53
-52
-46
-45
-41
-29
-17
-8
7
21
10
2
29
70
85
76
74
67
59
72
92
93
80
67
49
29
37
64
61
27
-3
-19
-28
-31
-18
-5
-7
-29
-60
-61
-30
-20
-28
-19
-13
-15
-5
8
21
39
56
80
95
83
73
86
116
139
133
114
115
134
153
172
170
158
165
154
130
139
143
111
98
105
100
82
52
12
-38
-75
-68
-28
-6
-45
-132
-151
-110
-132
-179
-172
-165
-182
-179
-148
-118
-133
-167
-159
-132
-143
-149
-92
-48
-80
-104
-74
-56
-55
-35
-38
-79
-90
-65
-38
12
56
26
-27
-27
-6
-20
-39
-23
-2
-6
-5
18
23
5
-1
4
0
-18
-37
-25
18
38
4
-19
18
83
134
115
13
-54
-14
17
-38
-85
-88
-65
-67
-130
-203
-264
-266
-158
-131
-228
-242
-186
-27
295
175
-641
-864
-273
-792
-975
2585
5666
2001
-4095
-4951
-1028
3053
4373
2487
-221
-1076
-294
266
-468
-1356
506
4478
4493
-1323
-5875
-4052
401
2323
1117
-789
-1091
-302
-529
-1542
-1754
-1243
-566
715
2515
2788
97
-2565
-1592
1084
2278
2311
1264
-675
-894
654
777
-955
-1839
-423
1414
986
-1154
-2149
-1117
140
414
465
380
-447
-543
744
966
-174
-432
-83
-249
-466
-480
-304
-403
-1349
-1687
-361
651
-187
-1504
-1375
94
1341
1584
988
-85
-573
428
2065
2629
1529
-26
-298
469
539
-205
-415
61
227
-311
-1013
-1419
-1477
-1093
-283
349
127
-650
-1012
-824
-560
-167
358
655
702
588
267
-117
-341
-212
390
1109
1342
802
-258
-956
-635
166
642
732
574
227
-90
-254
-426
-582
-326
419
934
565
-344
-969
-971
-604
-134
379
611
260
-273
-521
-523
-359
52
700
1135
892
389
128
-70
-91
410
1047
1181
780
267
-110
-375
-476
-304
83
448
378
-240
-828
-961
-866
-657
-208
269
341
-1
-361
-570
-587
-204
292
442
482
537
328
-68
-383
-399
-37
357
457
321
12
-380
-602
-507
-157
194
203
-77
-168
-37
-151
-445
-429
-138
48
99
95
-40
-261
-344
-169
-35
-160
-151
153
223
-93
-269
-28
210
94
12
252
351
83
-104
44
273
311
73
-268
-324
-21
233
216
51
-107
-151
-183
-305
-218
196
457
190
-224
-226
-35
-112
-236
-55
264
341
53
-309
-453
-388
-160
134
273
127
-166
-284
-133
-17
-89
-62
228
487
442
231
31
-108
34
542
887
574
49
57
412
420
62
-160
-30
207
262
92
-203
-402
-345
-225
-157
-59
-18
-108
-199
-221
-185
-134
-59
49
135
178
110
-41
-57
36
93
191
298
253
98
-16
-1
93
109
5
-127
-154
-19
50
-131
-360
-478
-497
-336
-82
22
-95
-309
-379
-261
-157
-107
-19
83
129
155
218
120
-232
-345
99
604
593
157
-144
-47
93
-46
-183
-9
243
303
226
-42
-494
-627
-216
172
102
-134
-160
-103
-188
-275
-175
-2
91
210
351
267
32
-100
-230
-279
72
510
529
223
-123
-368
-369
-157
46
211
379
280
-123
-354
-215
-4
105
203
332
271
-28
-153
42
182
149
143
150
99
132
227
115
-180
-320
-126
232
356
121
-139
-211
-196
-185
-159
1
290
400
124
-295
-392
3
478
451
0
-236
-22
170
32
-137
-84
29
62
11
-114
-180
-113
-25
-34
-148
-188
-51
35
-51
-162
-192
-140
-77
-53
4
98
87
-46
-114
-3
150
166
78
4
-4
98
216
147
-91
-231
-112
113
163
29
-132
-231
-186
-89
-106
-162
-176
-133
13
82
-88
-304
-300
-44
209
202
8
-94
12
180
213
97
-8
72
296
388
218
11
-14
52
27
-19
30
71
-16
-130
-87
22
-57
-232
-213
-24
141
146
-41
-217
-168
21
176
153
-54
-150
38
214
144
-45
-126
-20
149
238
180
-5
-98
12
148
145
-2
-81
31
135
113
34
-100
-170
-27
178
179
-24
-134
-27
89
90
30
-70
-183
-177
9
140
-3
-234
-274
-149
-55
-74
-89
-29
-8
-58
-64
-28
-3
45
96
101
118
145
94
-12
-64
-13
55
34
-31
-36
6
17
-31
-117
-174
-142
-26
84
72
-43
-131
-149
-93
33
102
26
-57
-40
30
73
13
-95
-71
99
208
125
-51
-119
-38
62
89
51
10
10
26
10
-27
-36
-7
39
64
46
-22
-109
-130
-28
99
87
-58
-152
-126
-55
43
123
105
35
-22
-34
28
110
154
137
75
25
14
5
-11
-20
3
41
33
-20
-37
-2
8
-41
-77
-39
26
59
58
45
30
-4
-49
-47
41
144
162
74
-52
-119
-60
79
166
119
-10
-102
-85
-9
29
6
-28
-55
-74
-61
-22
-15
-53
-74
-46
-22
-47
-78
-59
-14
-7
-54
-91
-74
-13
32
24
-33
-72
-47
33
95
91
38
-14
-26
-4
36
67
59
11
-29
-16
22
20
-20
-40
-19
13
24
2
-46
-69
-32
31
46
6
-30
-18
13
19
2
-13
-13
12
56
73
27
-36
-48
-6
25
17
-3
-3
15
32
47
37
-13
-53
-18
54
74
46
32
28
-5
-42
-44
-27
-13
12
48
44
-23
-96
-113
-86
-36
38
107
101
2
-111
-144
-78
27
107
129
91
17
-37
-47
-33
-6
68
151
142
28
-77
-86
-30
27
60
61
33
-2
-25
-48
-72
-59
7
51
27
-3
3
-10
-59
-78
-31
21
26
7
2
7
3
-14
-31
-40
-31
9
52
51
9
-35
-68
-70
-24
39
45
-15
-60
-31
15
-2
-67
-100
-57
28
78
48
-25
-73
-60
-24
-17
-22
22
113
141
45
-92
-136
-41
102
161
92
-20
-72
-50
-4
13
-1
4
41
64
43
4
-29
-33
14
86
111
55
-27
-61
-22
34
35
-14
-50
-36
-12
-20
-62
-83
-44
32
65
29
-29
-49
-26
12
53
86
91
52
-7
-44
-32
-8
-9
-3
64
133
73
-104
-214
-140
27
125
96
5
-61
-63
-35
-31
-37
5
73
79
18
-33
-36
-20
-5
12
22
17
11
7
10
15
16
1
-9
7
37
52
43
30
7
-36
-71
-47
23
51
4
-43
-29
-5
-42
-103
-103
-21
71
92
27
-58
-90
-70
-23
15
27
39
75
73
-8
-73
-49
-6
-13
-4
70
128
79
-36
-124
-145
-87
39
147
139
36
-66
-110
-104
-40
59
109
77
24
11
3
-49
-93
-46
60
105
66
25
16
-5
-48
-69
-43
32
128
153
44
-102
-136
-59
19
51
54
19
-47
-72
-30
2
-30
-72
-49
19
61
45
0
-29
-24
-5
-3
-6
29
91
97
8
-91
-80
15
62
16
-36
-21
24
20
-33
-67
-38
16
31
10
4
27
34
-5
-52
-39
32
79
51
-6
-27
-15
-8
-19
-29
-26
1
36
54
30
-24
-61
-48
-1
37
53
44
15
-17
-35
-33
-25
-5
32
53
24
-34
-62
-41
-3
12
5
-6
-6
0
-7
-29
-48
-39
-3
30
33
6
-11
0
7
-5
-18
4
46
65
35
-15
-39
-17
19
30
14
-2
2
8
-5
-23
-20
2
15
4
-14
-13
5
11
-5
-15
0
15
10
2
5
8
3
-3
1
9
17
19
14
2
-8
-11
-4
5
8
6
3
-1
-5
-11
-14
-8
5
14
10
-8
-21
-17
-3
12
14
7
-4
-5
1
3
-2
-6
-3
10
17
9
-7
-14
-10
-2
1
3
9
8
3
-5
-11
-6
3
12
13
4
-7
-9
-4
-2
-2
0
3
-1
-4
-1
4
4
-4
-8
-4
3
6
4
4
1
-3
-6
-3
2
4
3
3
3
1
-5
-9
-5
0
4
1
-2
1
5
3
-7
-14
-11
5
20
19
4
-12
-16
-9
-1
4
9
14
10
-4
-14
-14
-8
1
12
19
14
1
-13
-16
-10
-2
6
12
11
2
-6
-9
-8
-4
3
11
16
15
8
-1
-4
-6
-1
3
5
7
5
-1
-11
-16
-10
4
14
14
6
-1
-2
0
1
2
6
8
5
-2
-5
-1
3
3
-1
-1
1
6
5
3
0
-2
-4
-6
-5
-1
1
-1
-3
-7
-5
-3
-2
-2
1
5
5
2
-2
-1
-1
-1
1
5
7
5
-1
-7
-6
-1
1
1
3
3
-1
-7
-8
-3
4
5
-1
-4
-3
-2
0
-1
1
5
6
5
1
-1
0
2
2
2
5
6
1
-7
-8
0
8
10
5
-1
-3
-2
2
2
0
-1
3
7
5
-4
-10
-6
5
11
6
-3
-7
-3
1
0
-2
0
4
5
1
-5
-7
-5
-2
3
4
3
2
1
0
2
5
6
5
5
4
4
0
-4
-3
2
6
2
-5
-7
-5
-3
-2
0
0
0
-1
-1
0
0
-1
-1
1
2
4
3
-2
-4
-2
2
4
1
-2
-3
0
2
0
-3
-3
-1
4
2
-3
-6
-3
3
5
2
-2
-1
1
3
1
0
-1
1
3
2
1
0
3
2
-1
-2
0
4
4
1
-1
-1
0
0
0
2
4
4
2
-2
-2
-1
1
2
1
-1
-1
0
1
1
-3
-2
0
3
4
2
0
0
2
0
0
0
-1
2
3
0
-3
-4
-2
0
1
0
-2
-3
-1
2
0
-1
0
2
3
2
0
-1
-2
-1
0
2
2
-1
-1
0
0
-1
-2
0
3
3
-1
-4
-4
-2
0
2
2
3
2
0
-1
0
2
1
1
0
0
1
1
-1
-2
-2
0
0
-2
-1
-2
-1
0
0
3
2
0
0
-2
-3
0
2
3
2
3
0
-1
-1
1
2
2
0
0
1
2
0
-1
0
1
0
-1
0
-1
1
1
2
2
1
-1
-1
0
-1
1
1
2
1
0
0
0
-2
-1
2
4
3
1
1
0
1
1
1
2
3
0
0
0
0
-1
1
1
-1
-3
0
1
-1
-1
0
0
0
-1
0
1
1
0
0
0
1
1
0
2
1
2
1
1
1
0
0
0
1
0
0
0
-1
1
1
1
1
1
2
0
1
1
1
1
1
1
0
0
-1
0
-1
0
0
0
1
1
0
1
0
-2
-1
1
2
3
2
0
-1
0
1
1
1
1
-1
-1
-2
1
1
2
1
0
1
-1
-1
0
-1
0
1
1
0
1
0
0
0
1
-1
0
-1
-1
0
0
1
1
2
2
2
2
-1
-1
-1
1
3
3
2
1
0
0
0
1
-1
0
0
-1
1
0
0
0
0
0
0
1
1
1
1
0
0
1
2
1
1
0
-1
0
1
1
0
-1
-1
0
0
-1
0
0
-1
-1
0
0
0
0
0
1
1
-1
0
-1
0
0
0
0
0
0
0
0
1
0
0
0
0
-1
1
0
0
1
0
0
0
0
0
1
1
0
0
0
0
0
-1
0
-1
1
0
1
0
0
1
0
0
1
0
0
0
1
-1
-1
1
0
0
0
-1
0
0
1
0
0
0
0
0
0
-1
0
0
0
-1
0
0
1
1
-1
0
0
0
0
0
0
0
0
0
-1
1
0
0
1
0
0
0
0
1
-1
0
0
0
0
-1
1
0
0
-1
0
0
0
0
0
-1
0
-1
1
0
0
1
0
0
0
0
0
0
0
0
-1
0
0
0
1
0
1
0
0
0
0
-1
0
0
1
1
0
0
0
-1
-1
0
0
0
-1
0
0
1
0
1
0
0
1
0
0
1
0
0
0
0
0
0
0
0
0
0
0
-1
1
0
0
0
0
0
0
0
0
0
0
-1
0
-1
0
0
0
0
0
-1
0
0
0
1
0
0
0
0
0
0
0
0
0
-1
1
1
-1
0
0
0
0
0
0
0
0
0
0
0
0
0
-1
0
0
0
0
0
0
0
0
-1
0
0
0
0
-1
0
-1
0
0
0
0
0
-1
0
0
-1
0
0
0
1
0
0
0
0
0
0
1
0
0
0
0
0
1
0
0
0
1
1
0
0
0
0
0
0
0
0
1
1
1
0
0
-1
0
0
0
-1
-1
0
0
0
0
0
0
0
0
0
0
0
0
0
0
0
0
0
0
0
0
0
1
1
1
0
-1
0
0
0
0
0
0
1
-1
-1
0
0
0
0
0
1
0
-1
0
0
0
0
0
0
0
0
-1
0
0
0
0
1
0
0
0
0
0
-1
1
1
0
0
0
0
1
0
0
0
0
0
0
0
0
0
0
0
0
1
0
0
0
0
0
0
1
0
0
0
0
0
0
0
0
0
0
1
0
-1
0
0
0
0
-1
0
0
0
0
0
0
-1
0
0
-1
0
0
0
-1
1
0
0
0
0
0
0
0
0
0
0
0
0
0
-1
0
-1
0
0
0
0
0
0
0
0
0
1
0
0
0
0
0
0
0
0
0
0
0
1
0
0
0
0
0
0
0
0
0
-1
0
0
1
0
0
0
0
0
0
0
1
0
0
0
0
0
0
-1
0
1
0
0
0
0
0
0
0
0
-1
0
0
0
0
0
0
0
0
1
0
-1
0
1
0
0
-1
0
0
0
0
-1
0
0
0
0
1
0
0
0
0
0
0
0
0
-1
0
0
0
0
0
0
0
0
0
1
0
0
0
0
0
1
0
0
1
0
1
-1
0
0
0
0
0
0
0
0
-1
0
-1
-1
0
0
0
0
0
0
0
0
0
0
-1
0
-1
0
0
0
0
0
0
-1
0
0
0
0
0
0
0
0
0
0
0
0
0
0
0
0
0
1
1
0
-1
0
0
0
0
0
0
0
0
0
0
0
0
0
0
0
0
1
0
0
0
0
0
1
0
0
0
0
0
0
0
-1
-1
0
0
0
0
0
-1
-1
0
0
0
-1
1
0
0
-1
0
0
0
0
0
0
0
0
0
0
0
0
0
0
0
0
1
0
0
-1
0
0
0
0
0
0
1
0
0
-1
-1
0
0
0
0
-1
0
0
0
0
0
1
0
0
1
0
1
0
0
0
0
0
0
-1
0
0
0
0
0
0
1
0
0
0
0
0
0
-1
-1
0
-1
0
0
0
0
0
0
0
0
0
0
0
0
0
0
-1
0
0
0
0
1
0
0
0
0
0
0
0
0
0
0
-1
1
-1
0
0
0
0
0
0
0
0
1
0
1
0
0
0
1
-1
0
0
0
0
0
0
0
0
0
0
-1
0
0
0
0
1
1
0
1
0
0
0
0
0
0
0
0
0
0
-1
-1
-1
-1
0
0
0
0
0
-1
0
0
0
0
0
-1
0
-1
0
1
0
0
1
0
0
-1
0
-1
0
0
0
-1
0
1
-1
0
0
0
0
-1
0
1
0
-1
1
1
0
1
-1
0
0
1
0
0
-1
1
0
0
1
0
0
0
0
1
0
0
0
0
1
0
-1
0
-1
0
1
0
1
-1
0
1
0
0
0
0
0
-1
0
0
0
0
0
0
0
0
0
0
-1
0
1
0
1
0
-1
0
0
1
0
0
0
0
0
0
-1
0
-1
0
0
0
0
0
0
0
1
0
1
0
0
0
0
0
-1
0
0
0
0
0
-1
0
0
0
0
0
0
1
0
0
0
0
1
0
0
0
0
0
0
0
0
0
-1
0
1
0
0
0
0
0
0
0
0
0
0
0
0
0
0
0
-1
1
0
0
0
-1
0
0
0
1
0
0
0
-1
0
0
0
0
1
1
0
1
0
0
-1
0
-1
0
0
0
0
0
0
0
0
0
0
0
0
0
1
0
0
0
0
0
0
0
0
0
0
0
0
0
0
0
0
0
0
1
0
0
0
1
0
0
0
0
0
0
0
0
1
1
0
0
1
0
0
0
0
0
1
0
0
-1
1
0
-1
-1
0
0
0
0
0
1
0
1
0
0
0
1
0
-1
0
-1
0
0
-1
0
0
0
-1
0
0
0
0
0
0
0
0
1
-1
0
0
0
0
-1
0
0
0
0
0
1
0
0
0
0
0
0
0
0
1
1
0
0
0
0
0
0
0
0
0
1
0
-1
0
0
0
0
0
0
0
0
0
0
1
0
1
1
1
0
0
0
0
0
0
0
0
0
0
0
0
-1
0
0
0
-1
0
-1
0
0
0
0
0
0
0
-1
1
0
1
0
0
0
0
1
1
0
-1
0
1
-1
0
0
0
0
0
0
0
0
0
0
0
0
0
1
-1
0
0
0
0
0
0
0
-1
0
-1
0
0
0
0
0
-1
0
1
0
0
0
1
0
0
0
0
0
0
0
0
0
0
0
0
0
0
1
0
1
0
-1
-1
-1
0
0
0
0
0
0
0
-1
0
0
1
-1
0
1
0
0
0
0
0
0
0
-1
0
0
0
0
0
0
0
0
0
0
0
0
0
0
0
0
0
0
0
0
0
0
1
0
1
0
0
0
1
0
0
-1
1
0
-1
0
0
-1
0
0
0
0
-1
0
0
0
0
1
0
0
0
1
0
0
1
-1
0
0
0
0
0
0
-1
0
1
0
0
0
1
-1
0
0
0
-1
0
0
0
-1
0
1
0
-1
0
0
-1
-1
0
0
0
0
-1
-1
-1
0
0
0
0
0
0
0
0
0
1
0
-1
0
1
0
1
0
0
0
-1
0
0
0
0
0
0
-1
1
0
0
0
0
1
0
0
0
-1
0
1
0
0
0
0
0
0
0
0
0
0
-1
1
-1
0
1
0
0
0
0
0
0
0
0
0
0
0
0
0
0
0
1
0
0
0
0
-1
1
0
0
0
0
0
0
0
0
0
0
0
0
-1
0
0
0
-1
0
0
1
1
0
0
0
0
-1
0
1
0
-1
0
0
0
0
-1
0
0
0
0
0
-1
-1
0
0
0
0
1
0
0
0
0
-1
0
0
0
0
0
0
0
0
1
0
-1
0
0
-1
0
0
0
0
0
0
0
0
0
0
0
1
0
0
0
0
-1
-1
0
-1
0
0
0
-1
0
0
0
0
1
1
-1
0
0
-1
-1
0
0
-1
0
0
-1
0
0
-1
1
-1
0
0
-1
0
0
0
0
0
0
0
1
0
0
-1
1
1
0
0
0
0
0
0
0
0
0
1
0
0
0
0
0
0
-1
0
0
-1
0
0
1
0
0
1
0
0
0
1
0
0
0
0
0
0
1
-1
0
0
0
1
0
-1
0
0
0
0
0
-1
0
0
0
0
1
0
0
1
0
0
0
1
0
0
0
0
0
1
0
0
0
0
0
0
0
1
0
0
0
0
-1
0
0
-1
-1
0
-1
0
0
0
1
1
0
0
0
-1
1
0
0
0
0
1
0
1
0
0
1
1
0
0
0
0
0
-1
0
0
0
-1
0
0
1
0
0
0
0
1
0
1
0
0
0
0
-1
0
0
0
0
0
-1
0
0
0
1
1
0
0
-1
0
0
1
0
0
-1
1
0
0
0
0
-1
0
0
0
0
0
0
0
0
0
0
0
1
0
0
0
-1
0
1
0
0
1
-1
0
-1
-1
0
0
0
0
0
0
0
0
-1
0
-1
1
0
1
1
0
0
0
0
0
0
0
0
0
0
0
0
0
0
1
0
-1
0
0
0
0
0
0
-1
0
0
-1
0
0
0
0
0
0
0
1
1
0
0
0
0
0
0
0
-1
0
0
0
0
0
0
-1
-1
0
0
0
0
0
1
0
1
-1
0
0
-1
0
0
0
1
0
0
0
0
0
0
0
1
0
1
0
0
0
-1
-1
0
0
0
0
1
0
-1
0
0
0
0
1
0
-1
0
0
0
0
0
1
0
0
0
0
0
0
0
0
0
0
1
0
0
0
0
0
0
0
0
0
0
0
0
0
-1
-1
0
0
0
0
0
0
-1
0
0
-1
0
0
0
0
0
0
0
0
0
0
0
0
0
0
0
0
0
-1
0
0
1
0
0
-1
1
0
0
0
0
0
0
0
0
0
0
-1
1
0
0
-1
0
0
0
1
0
-1
0
0
0
0
0
0
0
1
-1
0
-1
0
-1
-1
0
0
0
1
0
0
0
0
0
1
0
-1
-1
0
0
0
0
0
0
0
-1
0
-1
0
1
0
0
0
0
1
0
0
0
0
0
-1
-1
0
0
0
0
-1
0
1
0
1
0
0
0
0
-1
0
0
0
-1
0
0
0
0
0
0
0
0
-1
0
0
0
1
0
1
0
-1
0
1
0
0
-1
0
0
0
0
0
0
1
0
1
0
0
0
0
0
1
0
1
0
0
0
1
0
0
0
0
0
-1
0
0
0
0
0
0
0
0
0
-1
0
0
0
0
0
0
0
0
0
0
1
0
1
0
0
1
0
0
1
0
0
1
0
0
1
0
0
0
0
0
0
0
0
0
0
0
1
0
0
-1
0
0
-1
0
-1
0
0
1
1
0
0
0
-1
0
0
0
0
0
0
1
0
0
-1
0
0
0
0
-1
0
1
0
0
0
0
0
-1
0
0
0
0
0
0
0
1
0
0
0
0
0
-1
0
0
0
0
0
1
0
0
0
0
0
0
0
1
0
-1
0
-1
1
0
0
0
0
-1
0
-1
0
0
0
0
-1
1
0
0
0
1
0
-1
0
1
1
0
-1
0
0
0
0
0
0
0
0
-1
0
0
0
0
1
-1
0
0
-1
0
0
0
0
0
1
1
0
0
0
-1
-1
0
0
0
1
0
0
0
0
0
0
1
0
0
-1
0
0
1
0
0
0
0
0
1
0
0
-1
0
0
0
0
0
0
0
0
1
0
0
0
0
0
0
0
0
1
0
0
0
0
0
0
-1
0
0
0
0
1
0
0
1
0
0
0
1
-1
0
-1
0
0
0
1
0
0
0
0
0
0
1
0
0
0
0
0
0
0
0
0
-1
0
0
0
1
0
0
0
1
0
0
0
0
0
0
0
0
0
0
1
0
1
0
-1
0
0
-1
0
0
0
-1
0
0
0
-1
0
-1
1
-1
1
0
0
0
0
0
1
0
1
0
0
0
0
0
0
0
0
0
0
0
1
0
0
-1
0
0
0
0
0
0
0
0
0
0
-1
0
0
1
0
0
-1
0
0
0
0
0
0
0
0
-1
0
1
0
0
0
0
1
0
0
0
0
0
-1
0
0
-1
0
0
0
0
0
0
0
0
0
0
0
1
1
1
1
0
0
-1
1
0
0
0
0
0
0
0
0
0
0
0
0
1
0
0
1
0
1
0
0
1
0
0
0
0
1
0
0
-1
0
0
1
1
0
0
-1
0
-1
-1
0
0
0
1
1
0
-1
0
1
0
0
0
0
1
0
1
-1
0
1
0
0
0
-1
0
0
0
1
0
-1
0
-1
-1
0
0
1
0
0
0
1
1
0
0
1
1
-1
0
-1
0
0
0
1
0
0
0
0
-1
0
0
-1
0
0
-1
-1
1
0
0
0
0
-1
0
1
0
0
0
-1
1
0
1
0
1
-1
0
0
0
-1
0
0
0
0
0
0
0
0
0
0
0
0
0
0
0
0
0
1
0
0
0
0
1
0
0
0
0
0
0
0
0
0
0
0
0
0
0
0
0
0
0
0
0
1
0
0
0
0
-1
0
0
1
0
0
0
0
0
-1
0
0
0
0
0
0
-1
0
0
-1
0
0
0
-1
0
0
0
0
-1
0
0
0
0
0
0
0
0
0
0
0
0
0
0