-28
-15
-7
-8
-5
3
10
19
30
43
50
52
56
60
56
43
30
20
9
2
0
-6
-16
-30
-42
-52
-57
-54
-46
-42
-47
-61
-70
-69
-61
-58
-70
-93
-109
-108
-102
-98
-106
-112
-120
-121
-111
-75
-33
-17
-10
-1
17
22
42
67
87
126
147
131
77
119
258
357
354
230
128
76
122
210
196
133
71
63
28
-47
-68
-50
-16
-1
-16
-46
-78
-59
-18
-32
-69
-103
-119
-115
-100
-54
-25
-32
-53
-75
-63
-48
-31
1
10
11
27
63
78
62
63
64
50
46
61
78
64
50
38
8
-21
-21
-17
-37
-63
-59
-44
-55
-72
-76
-82
-97
-106
-99
-90
-82
-64
-48
-55
-73
-73
-57
-39
-26
-16
-18
-28
-16
10
25
24
20
10
-1
13
43
58
50
40
35
27
29
43
63
72
61
43
37
37
41
54
58
34
11
7
11
18
38
45
27
2
-10
-10
-5
4
4
-3
-9
-10
-7
-7
-15
-19
-11
-1
4
11
19
19
15
13
14
5
-11
-20
-23
-26
-26
-24
-28
-35
-29
-21
-13
-9
0
13
19
15
6
2
8
14
9
-1
-12
-18
-13
-9
-18
-41
-61
-69
-69
-57
-40
-26
-22
-21
-18
-21
-20
-4
13
14
10
17
24
23
23
24
15
4
1
-2
-11
-12
3
12
7
-8
-14
-14
-12
-6
0
4
13
31
47
47
45
53
67
69
65
65
68
69
74
71
53
40
42
46
40
38
41
42
43
45
43
38
34
28
19
8
3
-6
-24
-50
-67
-72
-71
-74
-83
-90
-93
-90
-88
-85
-83
-79
-78
-75
-63
-41
-19
-8
-9
-10
-8
-2
1
-1
-2
2
4
-1
-10
-12
-3
10
15
9
2
5
15
21
25
26
26
20
9
-1
-5
0
3
-3
-17
-30
-38
-38
-33
-28
-27
-32
-31
-28
-21
-11
-4
-3
-4
1
12
21
28
32
33
36
30
25
21
22
28
30
26
18
12
10
12
16
18
24
25
27
22
18
16
16
18
23
29
33
31
28
27
25
22
18
15
16
20
23
26
25
23
24
24
28
32
39
42
37
29
23
22
20
15
7
0
-3
-8
-16
-29
-33
-33
-33
-35
-40
-42
-39
-37
-38
-39
-36
-34
-31
-30
-28
-27
-27
-33
-39
-39
-34
-27
-25
-25
-26
-22
-16
-11
-12
-11
-9
-3
0
-2
-5
-6
-4
-1
-4
-9
-17
-21
-24
-24
-30
-39
-41
-35
-29
-25
-26
-28
-28
-27
-25
-23
-22
-20
-12
-4
0
2
5
11
16
18
14
12
13
16
20
25
28
30
31
30
31
34
37
39
39
39
42
44
44
42
39
39
38
37
32
28
28
30
31
30
27
23
20
19
19
22
24
24
22
20
20
21
19
16
13
13
11
8
4
3
-1
-4
-8
-8
-9
-8
-9
-13
-17
-18
-19
-19
-20
-21
-21
-24
-30
-36
-36
-33
-34
-38
-42
-43
-41
-40
-43
-43
-43
-41
-37
-35
-34
-33
-30
-27
-26
-25
-24
-18
-15
-11
-13
-13
-14
-13
-8
-4
-1
1
2
4
5
7
11
13
14
14
13
14
14
15
18
17
14
13
14
16
14
12
11
10
11
11
14
22
28
28
23
20
21
23
26
27
26
24
21
19
18
20
22
22
18
13
9
5
5
7
8
11
13
15
18
17
17
11
8
4
1
2
1
0
-3
-8
-12
-16
-17
-17
-16
-14
-12
-11
-10
-10
-10
-8
-7
-4
-1
1
2
2
3
1
-2
-3
-4
-5
-6
-6
-10
-13
-13
-13
-12
-11
-11
-11
-12
-13
-13
-13
-13
-15
-15
-15
-15
-16
-16
-19
-20
-21
-22
-23
-22
-20
-17
-13
-8
-4
-1
2
5
8
10
10
9
10
13
16
17
18
16
14
16
16
16
15
12
10
8
7
7
8
9
12
12
12
11
9
7
5
3
1
0
-3
-5
-7
-6
-7
-7
-7
-6
-6
-5
-4
-2
-1
2
3
8
9
11
12
15
16
16
16
13
11
10
9
9
10
11
11
11
11
8
9
8
10
9
10
10
10
9
10
9
8
7
6
3
2
-3
-7
-10
-11
-12
-13
-14
-14
-15
-14
-14
-12
-12
-9
-7
-6
-7
-7
-8
-8
-10
-9
-8
-9
-10
-14
-14
-14
-12
-11
-9
-9
-7
-4
-3
-1
0
0
2
4
4
4
2
1
0
1
1
1
0
0
0
1
1
-1
-1
-1
-1
0
-1
0
0
-1
0
0
-1
0
0
1
1
0
-1
-2
-4
-6
-9
-9
-8
-6
-4
-3
-2
1
1
4
4
5
4
5
4
5
5
5
5
4
6
6
6
5
4
4
5
6
6
4
4
4
4
6
6
7
7
8
8
7
8
6
6
4
3
3
2
1
2
2
2
3
2
3
3
2
3
3
4
4
4
5
5
5
5
5
6
5
3
1
1
0
-1
-1
-1
0
0
1
0
-1
-1
-1
-3
-2
-1
0
-1
-2
-3
-2
-4
-3
-4
-5
-6
-7
-7
-6
-5
-3
-4
-4
-4
-5
-5
-6
-4
-5
-5
-5
-6
-7
-7
-6
-8
-9
-9
-9
-9
-10
-9
-8
-7
-7
-6
-4
-4
-3
-2
-1
0
1
1
3
2
1
3
2
3
3
2
2
2
1
3
3
5
5
6
7
6
8
8
8
9
10
9
8
8
9
9
9
9
9
8
6
5
4
4
4
4
4
6
7
7
7
7
5
7
8
7
7
5
4
3
3
3
3
1
0
0
-1
-1
0
-1
0
1
-1
-1
-1
-1
-1
-2
-1
-2
-2
-4
-3
-3
-2
-4
-5
-6
-7
-7
-7
-8
-8
-8
-6
-6
-5
-5
-5
-5
-6
-5
-3
-3
-3
-2
-2
-2
-3
-3
-4
-4
-6
-6
-6
-6
-4
-4
-4
-2
-2
-1
-1
1
0
1
2
1
0
1
1
-1
1
0
1
0
0
1
0
1
2
3
4
4
6
5
4
4
4
4
5
5
5
5
4
5
5
6
7
6
6
6
7
6
7
7
7
7
8
8
8
8
9
9
8
9
7
6
7
6
5
5
4
3
1
1
1
1
-1
1
0
2
-1
1
-1
-2
-3
-3
-3
-2
-3
-2
-3
-4
-4
-6
-6
-8
-8
-9
-9
-8
-8
-6
-6
-6
-7
-6
-5
-5
-5
-4
-4
-5
-5
-6
-6
-7
-5
-4
-3
-4
-4
-5
-4
-4
-4
-4
-3
-2
-2
-2
-2
-1
0
-1
-1
-1
-1
0
-1
-1
-1
-1
-1
-2
-1
-1
-1
0
1
1
2
2
3
4
4
4
5
5
6
6
6
6
5
5
4
6
5
5
5
4
5
5
6
7
8
8
8
8
9
7
7
8
7
8
7
6
6
5
4
4
3
4
3
2
0
1
0
2
2
0
0
-1
0
-1
-1
-1
-1
-1
-1
-2
-3
-4
-4
-3
-4
-5
-5
-5
-3
-5
-4
-5
-4
-3
-4
-3
-3
-4
-3
-3
-3
-2
-4
-6
-5
-6
-5
-3
-3
-2
-2
-3
-3
-1
-1
-1
-1
0
-1
-3
-2
-2
0
0
1
2
1
-1
-1
-1
-3
-2
-1
-2
-1
-1
-2
-2
1
0
1
1
1
0
1
2
1
1
1
1
3
2
2
2
2
1
2
2
2
1
2
3
2
2
2
3
4
5
4
3
2
3
4
4
3
2
1
2
2
2
2
1
2
2
2
1
2
2
2
1
1
1
1
0
0
0
0
0
0
0
0
0
0
1
0
0
0
0
-1
0
0
1
0
0
0
0
0
-1
0
0
0
0
0
-1
-2
-1
-1
-2
-1
-1
-1
-2
0
0
0
0
-1
0
0
0
0
0
-1
-1
-1
-1
-1
-1
-1
-1
-1
-1
-2
-1
-1
-1
-2
-1
-2
-1
-1
0
0
0
0
1
1
1
1
1
0
2
1
1
1
1
1
2
1
1
1
1
1
1
2
1
1
1
1
0
1
0
1
1
1
1
1
1
2
2
2
1
0
0
0
0
1
2
2
3
2
2
1
0
1
0
0
0
0
0
1
0
1
0
0
0
1
0
0
-1
0
0
1
0
-1
0
0
0
1
0
-1
1
-1
-2
-1
-1
0
1
1
1
1
0
2
1
1
2
1
1
0
-1
-1
0
0
1
1
1
1
0
0
0
0
0
0
0
0
0
0
0
0
0
-1
0
-1
0
-1
0
0
0
0
0
-1
0
-1
1
0
0
0
0
0
-1
0
-1
0
-1
0
0
0
0
-1
0
-1
0
1
0
0
0
0
0
0
1
0
0
0
0
0
0
-1
0
0
0
0
0
0
0
0
1
0
1
1
0
0
0
0
0
0
0
0
0
0
1
0
1
0
0
0
0
0
0
0
1
0
0
0
1
0
1
1
0
0
0
0
-1
0
0
1
0
0
0
0
0
0
0
0
0
0
0
0
0
-1
0
0
0
0
0
0
0
0
0
-1
0
1
0
0
0
0
0
0
0
-1
1
0
0
0
1
0
1
0
0
0
0
0
0
0
-1
0
1
0
0
0
1
0
0
0
0
-1
1
1
0
0
1
0
0
0
0
0
0
0
0
-1
0
0
0
0
1
0
0
0
0
0
0
-1
-1
1
0
0
1
0
0
-1
0
-1
1
0
1
0
0
0
0
1
-1
0
0
0
0
0
0
0
0
0
0
0
0
0
0
-1
0
0
0
0
1
0
0
0
0
0
0
0
0
-1
0
0
0
-1
0
0
1
0
-1
0
0
0
0
1
1
1
0
0
-1
0
0
-1
0
0
0
0
-1
0
0
0
0
0
0
1
0
0
0
0
0
1
0
0
0
0
0
0
0
-1
1
-1
0
-1
0
0
0
0
-1
0
0
0
0
0
0
0
0
0
1
0
0
0
0
0
0
0
0
0
0
0
0
0
0
-1
0
0
0
1
0
0
0
0
-1
0
-1
0
1
0
0
1
0
0
0
0
0
0
0
0
0
0
1
-1
0
-1
0
0
-1
0
0
0
0
-1
0
0
0
0
0
1
0
0
0
0
0
0
0
-1
0
0
0
0
0
0
-1
0
0
0
0
0
0
-1
0
-1
0
0
0
0
1
0
0
0
0
0
0
0
0
0
0
0
0
1
0
0
0
0
1
0
-1
0
1
0
0
0
0
0
0
0
-1
-1
0
0
0
1
0
-1
0
0
-1
0
0
0
-1
0
0
1
0
0
0
0
0
0
1
0
0
0
0
1
0
0
0
1
1
0
0
0
0
0
0
1
0
1
0
0
0
1
0
0
0
-1
1
1
0
-1
0
0
0
0
0
0
0
0
0
0
0
1
0
1
0
0
0
0
0
-1
0
1
0
0
-1
0
-1
0
0
-1
0
0
0
0
0
0
0
0
0
0
0
0
0
0
0
0
0
0
0
0
0
0
0
0
0
0
0
0
0
0
0
0
0
-1
0
0
0
0
0
0
0
-1
0
0
0
0
0
0
0
0
0
0
0
0
0
0
0
0
0
0
0
0
0
0
1
-1
0
0
0
0
0
0
0
1
0
0
0
0
0
-1
0
0
0
0
0
0
0
0
0
0
-1
-1
-1
-1
0
-1
0
0
0
0
0
0
-1
-1
0
-1
0
0
0
-1
0
0
0
0
0
0
0
1
0
0
0
0
0
0
0
0
0
0
1
1
0
0
0
0
0
0
0
0
0
0
0
1
0
0
0
0
0
1
1
0
0
0
0
0
-1
0
0
0
0
0
0
1
0
0
1
0
0
0
1
0
0
1
0
1
1
0
0
0
0
0
0
0
0
0
0
1
0
1
1
-1
0
0
0
0
0
0
0
0
0
0
0
1
0
0
1
0
0
0
1
0
0
0
-1
0
0
0
0
0
0
0
0
0
0
1
0
0
0
-1
-1
0
0
0
0
0
0
0
0
0
0
-1
0
1
0
0
0
0
0
0
0
-1
0
1
0
0
0
0
-1
0
-1
-1
0
0
0
0
1
0
0
0
0
0
0
0
0
1
1
0
1
-1
0
0
0
0
0
0
0
0
0
0
0
0
0
0
0
0
0
0
0
0
0
0
0
0
0
0
0
0
-1
1
0
1
0
0
1
0
0
0
0
0
1
-1
0
0
0
0
0
1
0
0
-1
0
0
0
0
1
0
0
1
-1
-1
0
0
0
0
0
0
0
0
0
0
0
-1
0
0
0
1
0
0
0
0
1
0
-1
-1
0
0
0
-1
0
0
0
0
0
-1
0
0
0
0
-1
0
0
0
0
0
0
0
0
0
0
0
0
0
0
-1
0
0
0
0
0
0
0
0
0
1
0
-1
0
0
0
0
0
0
0
0
0
0
0
0
0
0
0
0
0
0
0
-1
0
0
0
0
0
0
0
0
0
0
0
0
0
1
0
0
0
0
0
0
0
1
0
0
0
1
1
0
0
0
-1
1
1
0
0
0
0
0
0
0
1
0
0
0
1
0
0
0
0
0
-1
0
0
0
0
0
0
0
0
0
0
-1
-1
-1
0
0
0
0
-1
0
0
0
0
0
0
0
0
0
1
0
1
0
0
0
0
0
0
1
-1
0
1
-1
0
0
0
0
0
0
0
-1
0
0
0
-1
0
-1
0
0
0
0
0
-1
0
0
0
0
0
0
-1
0
0
0
0
0
0
0
0
-1
-1
0
0
0
0
0
1
0
0
0
0
0
-1
0
0
0
0
0
0
0
0
0
1
0
1
0
0
1
-1
1
0
0
0
-1
-1
0
0
0
-1
0
-1
0
0
0
-1
0
0
0
0
1
0
0
0
0
0
0
1
0
1
0
0
0
0
0
0
1
0
0
0
1
1
0
0
0
0
0
0
0
0
-1
1
0
0
0
0
0
0
0
1
0
0
-1
0
0
0
-1
-1
0
0
1
0
-1
0
0
0
0
0
0
-1
-1
0
0
-1
1
0
1
0
0
0
0
0
0
1
0
0
0
-1
0
0
0
0
0
1
-1
0
0
0
0
0
0
0
0
0
1
0
0
0
0
0
0
-1
0
0
-1
0
0
-1
0
0
0
0
0
0
0
0
1
0
0
-1
1
0
0
-1
-1
0
0
0
1
-1
0
0
0
-1
1
0
0
0
1
-1
0
0
0
0
0
0
0
0
0
0
0
-1
0
0
0
0
0
0
0
0
0
0
1
-1
0
0
-1
1
0
0
0
0
0
0
0
0
0
0
0
0
0
0
-1
0
0
0
0
0
0
0
-1
0
0
0
-1
0
0
-1
-1
0
0
0
0
0
1
1
-1
0
-1
0
0
0
0
0
0
0
0
1
0
0
0
0
-1
1
0
0
1
0
0
0
0
0
1
1
0
0
0
0
0
-1
0
-1
1
0
1
0
0
1
0
0
1
0
0
0
1
-1
-1
1
0
0
0
-1
0
0
1
0
0
0
0
0
0
-1
0
0
0
-1
0
0
1
1
-1
0
0
0
0
0
0
0
0
0
-1
1
0
0
1
0
0
0
0
1
-1
0
0
0
0
-1
1
0
0
-1
0
0
0
0
0
-1
0
-1
1
0
0
1
0
0
0
0
0
0
0
0
-1
0
0
0
1
0
1
0
0
0
0
-1
0
0
1
1
0
0
0
-1
-1
0
0
0
-1
0
0
1
0
1
0
0
1
0
0
1
0
0
0
0
0
0
0
0
0
0
0
-1
1
0
0
0
-1
-1
0
0
2
2
2
0
1
0
1
1
0
-1
0
-1
0
-2
-2
0
0
2
2
2
1
0
0
1
1
0
2
2
0
1
0
0
0
0
0
0
0
0
0
0
0
0
-1
0
0
0
0
1
1
1
1
0
2
2
1
2
1
1
0
1
0
0
0
-1
-2
-1
-1
-2
-1
-1
0
2
1
1
1
1
1
1
2
2
2
1
1
0
1
-1
0
0
2
2
1
0
0
0
0
0
-1
0
1
2
2
0
-1
-2
1
3
3
1
0
0
1
1
0
0
0
0
0
-2
-2
-2
0
2
2
2
1
0
0
1
1
1
2
2
2
1
-1
-1
-1
0
0
1
1
2
-1
-1
-1
-1
-1
0
0
2
1
-1
-1
-1
-1
-1
0
1
1
2
1
1
1
0
-1
1
0
0
0
0
-1
-3
-2
-1
0
2
3
4
4
1
-1
-1
0
0
2
2
2
0
-2
-3
-4
-1
1
3
4
2
0
-2
0
-1
0
1
1
1
1
-1
-2
-3
-1
4
6
5
4
0
-3
-3
-2
1
2
1
0
-2
-3
-4
-3
-3
-2
1
2
3
2
3
1
1
1
1
1
2
2
1
-2
-3
-4
-2
0
1
3
1
0
-2
-3
-2
-1
2
3
3
2
1
-1
-1
0
2
4
5
4
2
-1
-3
-3
-1
0
1
0
-1
-2
-3
-3
-3
-1
0
4
5
6
3
1
0
0
0
1
0
2
1
0
-2
-5
-5
-4
-1
3
5
2
0
-2
-2
-1
2
4
5
2
1
-1
-2
-1
2
3
4
2
2
0
-2
-1
1
1
0
-1
-1
-1
-1
-1
-1
0
0
1
3
6
5
4
2
0
-2
-2
-2
0
-1
-1
-2
-4
-6
-5
-3
0
4
5
5
3
1
-1
0
1
4
4
4
2
-1
-2
-4
-1
1
2
2
2
1
0
-1
-3
-1
-2
0
1
2
1
1
0
0
0
2
3
5
5
4
0
-2
-4
-4
-2
0
1
-2
-2
-5
-5
-3
1
5
8
8
5
2
-2
-3
0
3
6
4
1
-2
-5
-6
-4
0
2
3
1
0
0
0
0
1
1
1
0
0
0
1
1
1
-2
-2
-1
2
5
7
4
-1
-5
-8
-7
-2
3
5
3
-2
-7
-10
-5
5
15
20
16
4
-8
-14
-8
1
8
8
2
-8
-16
-16
-9
0
7
9
5
1
-1
0
3
5
4
1
-1
-2
0
1
2
-2
-6
-7
-4
3
9
10
6
-2
-10
-11
-7
-1
6
7
5
-1
-7
-8
-5
3
10
14
13
5
-2
-8
-8
-5
0
3
2
-3
-6
-8
-6
-2
2
6
9
7
5
4
4
3
2
-2
-4
-4
-2
2
2
0
-5
-8
-8
-4
4
10
10
6
-2
-8
-8
-5
3
8
8
4
-2
-8
-8
-4
3
8
9
6
1
-5
-7
-8
-3
0
3
3
0
-4
-5
-4
0
4
8
7
6
2
0
0
2
0
-1
-3
-5
-6
-4
-1
1
1
-2
-4
-5
0
5
9
10
6
0
-6
-6
-2
4
8
6
0
-6
-8
-6
0
6
8
6
-1
-7
-9
-7
-1
3
5
1
-3
-6
-4
1
7
8
7
1
-3
-1
1
5
6
1
-5
-12
-12
-8
0
5
5
-1
-5
-7
-5
5
14
16
10
-1
-8
-8
-4
3
9
8
1
-5
-10
-8
-2
5
8
7
1
-2
-7
-6
-1
3
5
3
-2
-5
-5
0
7
10
10
4
-3
-4
-3
2
6
4
0
-9
-13
-13
-10
-2
6
10
7
-2
-8
-8
0
11
18
16
5
-7
-14
-11
-4
5
9
5
-1
-8
-11
-7
1
8
10
6
-1
-6
-6
-3
2
6
4
0
-3
-4
-2
4
9
10
7
-2
-6
-7
-2
4
6
1
-10
-16
-16
-9
2
10
10
6
-2
-6
-2
7
15
18
11
1
-9
-12
-8
-1
3
2
-2
-7
-8
-5
1
6
6
5
2
-1
-2
1
3
4
3
1
-2
-2
0
4
6
6
3
-1
-5
-3
-2
1
2
-1
-4
-8
-8
-4
1
6
8
4
0
-2
0
5
10
11
6
0
-7
-10
-9
-4
-1
1
0
-4
-6
-7
-3
2
7
9
7
4
1
-1
0
1
2
3
3
1
-2
-5
-5
-3
1
4
4
2
-1
-4
-5
-5
-3
0
1
3
2
3
1
0
0
2
5
6
7
5
3
-1
-5
-7
-4
-3
-1
0
-1
-3
-3
-5
-2
2
11
14
12
6
0
-5
-5
-2
3
6
3
-1
-7
-9
-8
-3
2
4
5
2
1
0
-1
0
0
-1
-2
0
2
3
2
1
-2
-3
-2
4
6
8
6
-1
-9
-13
-11
-4
3
7
6
1
-6
-8
-3
5
12
15
13
5
0
-5
-6
-3
0
2
0
-3
-4
-5
-3
1
0
0
1
3
5
8
6
2
-3
-6
-4
1
6
6
5
-1
-6
-9
-5
2
8
11
7
0
-7
-11
-8
-2
3
5
5
1
-3
-6
-4
-1
5
9
11
7
2
-3
-6
-8
-5
-3
0
1
1
-1
-3
-2
-1
1
3
7
9
6
4
-1
-5
-6
-4
1
3
3
1
-3
-5
-4
-1
3
2
3
2
1
0
0
0
-1
-3
-2
-2
2
4
4
1
-3
-5
-1
5
10
10
5
-3
-9
-9
-4
2
5
3
-1
-5
-4
0
6
9
9
6
3
-1
0
0
0
0
-2
-3
-5
-5
-3
-1
2
4
2
0
-1
0
1
5
6
2
-2
-5
-6
-4
0
3
2
0
-4
-4
-1
3
6
6
1
-4
-8
-7
-3
2
3
1
-4
-7
-5
1
7
11
10
7
2
1
0
1
1
2
-1
-3
-6
-5
-5
-3
1
4
4
4
5
5
4
1
0
0
1
2
2
-1
-3
-3
-1
-1
0
2
2
5
5
0
-4
-6
-4
-2
3
4
1
-2
-4
-4
-4
6
15
20
11
-4
-15
-12
1
14
15
1
-17
-24
-22
-13
-2
7
9
8
3
-1
-2
1
5
6
6
8
9
6
-6
-21
-28
-18
4
23
26
8
-17
-29
-20
2
21
25
18
4
-10
-20
-20
-10
3
16
15
8
3
2
4
-2
-7
-6
5
20
21
6
-13
-24
-23
-15
-5
6
15
19
16
3
-10
-19
-9
10
26
31
23
5
-19
-40
-44
-22
13
40
38
7
-30
-47
-31
5
33
39
23
-2
-25
-30
-22
-3
13
17
8
-3
-7
0
8
10
3
-5
-6
5
12
8
-10
-25
-32
-22
-4
12
19
17
9
0
-4
-3
7
20
29
25
10
-8
-23
-27
-24
-11
5
18
18
1
-26
-44
-30
11
48
52
24
-13
-34
-29
-7
14
26
26
18
1
-17
-25
-12
8
17
13
1
-5
-5
-10
-21
-28
-20
-1
17
22
14
3
-2
-2
-4
-1
11
31
40
25
-8
-38
-43
-28
-7
3
9
8
4
-9
-26
-35
-23
10
41
52
41
14
-16
-38
-38
-15
20
49
45
6
-42
-69
-49
-1
38
46
20
-14
-32
-28
-8
13
25
22
9
-7
-12
-4
13
27
24
8
-9
-13
-7
2
8
10
6
-2
-17
-35
-40
-21
15
48
45
8
-31
-43
-16
26
56
54
22
-16
-40
-40
-22
4
21
15
-11
-35
-33
-11
17
25
10
-6
-10
3
18
20
8
-7
-11
-7
-1
3
6
10
8
-6
-22
-22
-7
15
23
10
-13
-27
-22
-5
10
17
13
7
1
-4
-6
2
15
26
22
6
-13
-25
-23
-8
7
15
12
-1
-24
-36
-26
5
39
52
35
1
-28
-37
-13
18
39
38
12
-20
-44
-42
-19
12
33
33
16
-4
-18
-19
-7
12
30
32
16
-11
-33
-39
-22
6
32
34
10
-27
-54
-46
-7
42
65
46
-6
-53
-65
-33
20
57
52
15
-29
-49
-34
0
29
33
10
-16
-27
-12
10
21
8
-17
-39
-35
-5
36
59
51
13
-33
-61
-50
-2
58
91
73
11
-62
-109
-106
-49
33
99
117
72
-16
-98
-123
-70
40
139
167
103
-21
-132
-167
-108
7
102
121
58
-33
-96
-91
-38
23
54
49
29
14
6
-2
-16
-34
-45
-38
-6
38
72
72
29
-38
-94
-98
-42
41
102
107
54
-28
-100
-128
-97
-18
78
142
140
66
-48
-138
-147
-64
62
157
166
80
-55
-163
-183
-109
11
112
143
96
4
-78
-107
-73
0
71
106
91
40
-23
-70
-87
-70
-29
25
64
66
33
-17
-50
-50
-25
10
40
55
50
22
-19
-49
-51
-22
15
35
30
10
-5
-11
-15
-16
-7
17
35
26
-14
-60
-73
-36
26
70
68
24
-39
-82
-73
-6
85
137
109
7
-105
-150
-102
-2
77
89
41
-20
-63
-70
-47
0
51
80
69
27
-19
-39
-28
-4
9
2
-10
-14
-12
-7
0
15
29
27
5
-21
-27
-4
29
45
30
-5
-38
-55
-52
-31
8
58
89
69
1
-65
-77
-25
44
78
55
-2
-52
-68
-56
-24
9
38
43
18
-23
-39
-11
41
67
39
-22
-56
-42
4
33
24
-4
-17
-12
-12
-26
-35
-16
29
65
59
12
-39
-59
-43
-6
25
43
42
23
-12
-48
-58
-30
16
47
43
18
-4
-8
-5
-12
-28
-34
-16
23
54
49
6
-47
-77
-61
-10
52
91
84
34
-37
-89
-88
-31
51
104
92
25
-55
-96
-82
-27
37
78
77
35
-29
-79
-81
-33
38
82
70
14
-41
-62
-45
-9
27
53
63
48
4
-51
-82
-63
-7
53
73
45
-6
-56
-78
-71
-37
20
75
99
78
20
-41
-76
-70
-30
30
86
109
70
-21
-121
-162
-113
2
111
150
97
-4
-96
-127
-86
2
89
129
99
19
-61
-101
-83
-31
25
61
67
46
7
-38
-69
-67
-29
18
47
49
35
16
-7
-34
-54
-49
-10
43
82
77
32
-23
-60
-62
-40
-11
23
52
59
35
-10
-52
-62
-40
-5
23
34
34
33
24
3
-29
-54
-53
-21
26
67
78
50
-2
-60
-90
-77
-19
52
92
75
13
-54
-80
-61
-15
26
43
39
27
11
-5
-23
-35
-35
-17
12
39
50
39
4
-34
-54
-45
-13
19
35
27
5
-13
-20
-18
-16
-11
-1
18
37
44
36
13
-11
-30
-36
-27
-11
8
24
34
31
9
-27
-60
-68
-36
23
84
111
81
8
-76
-120
-102
-31
52
106
100
44
-33
-89
-101
-66
-2
59
93
88
48
-11
-65
-89
-75
-29
29
73
85
55
-1
-56
-85
-73
-27
33
76
85
54
-3
-56
-77
-60
-12
38
64
60
30
-8
-40
-54
-47
-21
11
38
42
22
-9
-32
-36
-23
-2
12
18
18
16
16
15
11
-1
-16
-28
-26
-8
22
40
33
-3
-46
-68
-52
-12
32
55
51
28
1
-19
-29
-25
-10
15
40
50
39
5
-37
-66
-66
-37
7
44
53
34
-1
-35
-48
-36
-6
31
54
54
32
2
-24
-35
-31
-17
1
19
31
29
15
-13
-40
-55
-44
-10
29
53
46
14
-24
-43
-34
-6
24
41
39
23
2
-16
-26
-25
-18
-5
5
10
9
1
-6
-12
-13
-10
-3
6
15
21
22
15
2
-13
-21
-17
-4
16
27
25
11
-9
-26
-27
-18
-4
8
15
14
6
-5
-14
-21
-18
-12
5
18
30
32
22
3
-17
-30
-24
-7
15
28
25
7
-17
-34
-40
-30
-8
18
40
42
27
-3
-29
-40
-28
1
30
44
35
12
-13
-27
-28
-20
-10
1
9
17
20
15
-2
-24
-41
-39
-19
15
46
59
49
17
-25
-53
-55
-27
20
59
71
45
-8
-60
-86
-71
-28
24
63
73
53
11
-33
-60
-56
-21
25
59
64
40
-3
-43
-64
-60
-30
11
47
58
41
5
-32
-52
-46
-15
24
52
58
37
0
-35
-55
-46
-12
28
58
57
27
-19
-59
-69
-44
2
45
61
46
8
-29
-50
-43
-15
18
41
42
26
-1
-22
-28
-22
-10
1
5
3
1
3
9
11
6
-8
-25
-32
-19
14
48
65
46
-1
-50
-72
-56
-6
45
70
58
13
-36
-63
-60
-28
16
50
61
44
10
-25
-46
-46
-28
1
27
39
33
16
-11
-32
-42
-33
-4
30
58
63
37
-9
-50
-67
-49
-8
30
44
35
14
-10
-24
-27
-19
-2
20
34
30
14
-6
-17
-16
-15
-14
-16
-9
3
21
30
28
14
-2
-22
-35
-34
-11
27
58
58
22
-32
-70
-68
-30
23
63
74
51
6
-44
-73
-64
-20
34
64
56
16
-30
-56
-55
-30
7
43
61
52
14
-31
-58
-49
-12
27
44
30
1
-22
-28
-15
4
17
18
13
6
3
0
-1
-6
-11
-14
-9
1
10
14
9
-2
-12
-15
-8
5
17
24
20
4
-18
-32
-30
-10
19
37
34
9
-23
-41
-37
-12
18
33
28
8
-10
-17
-11
0
4
-3
-11
-7
15
42
52
29
-16
-61
-74
-48
7
59
78
52
-3
-55
-78
-58
-5
49
79
70
29
-21
-54
-56
-26
13
35
27
0
-21
-25
-7
15
24
13
-9
-28
-29
-12
16
41
48
27
-13
-49
-57
-32
13
50
56
26
-17
-45
-46
-23
1
17
20
12
4
-6
-11
-10
0
13
23
17
4
-7
-6
1
4
-3
-11
-12
-1
13
20
10
-7
-18
-18
-8
7
16
20
17
2
-17
-30
-31
-13
18
41
44
24
-7
-26
-28
-11
9
20
15
3
-8
-10
-5
1
5
-2
-17
-29
-23
4
39
56
43
6
-34
-51
-34
6
42
53
35
-4
-44
-67
-57
-23
20
45
42
16
-15
-34
-25
-2
25
36
34
20
-2
-23
-33
-27
-13
4
10
8
-1
-9
-13
-12
-6
-2
7
17
22
20
12
-2
-17
-25
-19
-3
19
32
29
8
-21
-43
-40
-14
24
51
51
19
-24
-55
-51
-21
23
54
56
33
-4
-37
-50
-37
-9
19
34
30
11
-17
-35
-38
-22
5
32
46
40
21
3
-14
-23
-30
-27
-17
4
21
22
7
-15
-28
-24
-2
22
39
43
35
16
-10
-29
-32
-19
-1
9
5
-9
-21
-23
-14
3
16
24
23
14
-2
-15
-16
-2
19
33
26
0
-29
-43
-36
-13
12
28
27
15
-7
-23
-25
-10
11
28
30
21
7
-4
-11
-16
-17
-13
-2
6
7
4
-1
-4
-7
-6
0
6
11
17
15
4
-5
-6
-3
2
4
2
-3
-9
-10
-7
-1
6
7
3
-2
-3
-1
6
13
11
3
-5
-10
-10
-6
-1
5
7
0
-11
-21
-20
-6
15
28
28
14
-2
-13
-17
-12
-2
14
22
18
2
-17
-30
-29
-17
0
12
16
16
13
7
-2
-5
-1
5
8
10
6
1
-6
-10
-13
-13
-11
-6
-2
0
0
4
11
17
14
8
0
-3
1
6
7
1
-5
-10
-10
-12
-14
-15
-10
-3
2
7
10
15
20
18
11
-1
-7
-4
5
10
7
-3
-12
-17
-18
-19
-15
-8
4
14
16
9
1
-2
-2
4
5
9
12
15
11
1
-12
-22
-22
-18
-9
-1
8
12
10
0
-10
-10
2
20
33
30
15
-5
-19
-21
-14
-3
8
13
7
-9
-24
-23
-5
16
30
26
11
-8
-22
-26
-15
3
22
33
24
0
-26
-40
-30
-7
13
24
22
12
-4
-19
-25
-17
-1
20
28
22
5
-11
-17
-17
-13
-7
1
9
12
9
1
-8
-11
-6
5
13
14
10
3
-7
-16
-12
0
12
15
7
-6
-16
-15
-7
4
9
7
3
-4
-7
-9
1
11
15
9
2
-3
-4
-4
-4
-4
-3
-2
0
0
-3
-3
3
14
16
10
0
-6
-6
-4
-4
-1
1
1
3
3
-2
-8
-9
-4
-1
2
5
8
9
7
-1
-8
-9
-5
2
10
12
10
3
-4
-12
-16
-18
-11
2
17
24
18
4
-12
-20
-15
-3
11
18
17
7
-5
-15
-18
-10
3
12
15
12
7
-1
-5
-11
-13
-10
-1
7
12
13
9
7
3
-2
-7
-7
-4
4
11
10
2
-7
-12
-11
-6
1
9
14
16
10
0
-11
-16
-12
-5
3
7
7
5
3
2
-2
-4
-6
-5
0
3
6
5
1
-4
-7
-7
-2
6
11
9
1
-9
-14
-11
0
12
17
14
3
-8
-12
-7
4
14
15
7
-7
-20
-24
-17
-3
10
18
15
6
-4
-8
-7
-1
3
7
8
8
5
-1
-8
-12
-11
-6
2
8
9
6
-1
-9
-14
-11
-2
11
20
18
8
-4
-13
-12
-5
3
8
9
5
-4
-10
-14
-9
1
10
12
7
2
-2
-5
-5
-4
-1
5
10
12
7
-3
-11
-13
-11
-5
0
5
7
6
3
-2
-6
-6
-2
4
6
8
7
4
-4
-9
-13
-11
-4
5
10
8
4
-2
-3
-2
2
5
8
7
3
-5
-11
-10
-2
8
14
11
1
-10
-16
-15
-7
8
22
28
20
-2
-25
-34
-23
3
30
41
30
4
-24
-41
-39
-21
6
27
33
22
2
-15
-21
-17
-3
13
22
22
13
0
-17
-26
-23
-13
4
17
20
14
1
-11
-17
-12
0
14
23
21
11
-4
-12
-13
-8
1
5
5
-2
-10
-14
-13
-5
5
13
15
12
6
3
5
7
7
1
-5
-12
-15
-12
-7
1
5
6
3
-1
-2
2
8
11
10
5
-3
-6
-5
-2
2
3
0
-5
-10
-12
-9
-2
5
8
6
-2
-7
-7
-3
5
13
16
14
6
-4
-13
-16
-14
-8
-1
6
9
7
3
-3
-7
-8
-4
2
9
17
16
10
-2
-15
-19
-13
2
14
20
12
-2
-14
-23
-20
-9
8
23
28
23
8
-9
-17
-15
-5
6
14
15
8
-5
-20
-29
-28
-15
5
24
34
31
18
1
-13
-20
-18
-5
8
18
17
7
-6
-18
-24
-21
-11
4
19
24
21
7
-10
-20
-18
-4
11
22
21
13
-2
-16
-21
-15
-2
10
14
5
-8
-16
-14
-4
9
17
16
9
0
-7
-9
-4
2
8
8
2
-5
-11
-9
-2
6
11
8
2
-4
-7
-6
-2
2
6
5
2
-1
-2
0
3
4
1
-3
-7
-6
-3
1
4
5
4
2
-1
-2
-1
2
3
1
-2
-5
-4
-4
-3
-2
-1
1
5
10
13
12
5
-3
-10
-16
-16
-6
7
13
9
0
-7
-11
-11
-5
7
18
20
12
-2
-13
-17
-13
-4
6
12
14
10
1
-8
-13
-13
-8
-1
8
13
13
6
-1
-5
-9
-10
-3
7
14
9
2
-5
-9
-12
-12
-5
6
14
18
12
1
-9
-12
-7
-1
4
6
7
2
-1
-3
-1
1
5
6
4
1
-2
-2
-1
-2
-3
-4
-4
-2
2
5
7
5
1
-3
-5
-6
-3
1
2
4
1
-2
-4
-2
0
2
3
3
3
0
0
-3
-3
-4
-5
-6
-5
1
5
11
12
5
-1
-6
-7
-4
1
5
8
5
1
-6
-11
-12
-6
0
6
8
5
2
0
-1
1
1
2
3
4
4
1
1
-1
-4
-7
-9
-9
-7
-1
3
7
8
5
0
-3
-2
2
5
7
5
1
-4
-8
-8
-6
-2
1
4
5
3
1
0
0
-1
0
0
2
5
5
6
3
0
-2
-4
-3
-1
0
1
-1
-2
-6
-6
-5
0
4
10
11
8
3
-1
-5
-6
-3
0
4
3
3
-2
-3
-4
-2
2
4
6
5
4
-1
-4
-4
-1
3
4
4
3
-1
-3
-5
-3
-2
-1
2
2
1
-1
-1
-1
1
3
5
6
5
0
-2
-5
-7
-6
-3
2
4
6
1
-4
-5
-5
-1
4
8
9
4
-1
-4
-6
-5
1
3
5
2
-2
-6
-6
-5
-1
5
6
5
3
0
0
2
3
3
1
0
-4
-4
-3
-1
0
1
0
-2
-3
-3
1
3
5
6
4
2
0
-3
-2
-3
-2
0
2
2
3
1
-3
-6
-6
-4
1
5
9
6
3
-2
-3
-4
-1
2
4
5
2
-1
-3
-6
-3
0
4
4
5
1
-1
-3
-1
-1
1
1
0
0
-1
0
0
1
2
2
2
0
1
1
2
1
0
-2
-5
-4
-2
1
4
3
3
1
-3
-1
-2
-2
0
1
2
2
1
-1
-2
-2
0
2
4
4
2
0
-3
-5
-4
-4
-1
1
2
3
2
1
-1
1
2
1
1
1
1
1
1
1
2
1
-3
-2
-2
-1
-1
-1
-1
0
0
0
1
3
3
4
3
2
-1
0
-2
-3
-3
-3
-2
-1
0
1
2
3
1
1
0
0
0
-1
1
-1
0
-1
1
1
2
2
0
-1
1
1
2
0
-1
-5
-5
-1
2
5
7
4
2
-1
-2
-3
-1
2
3
2
-1
-4
-5
-3
1
4
5
2
-1
-2
-4
-1
1
2
1
0
0
-1
0
1
1
4
2
1
1
-1
-1
0
1
2
0
1
0
0
0
-1
3
3
2
1
1
0
0
-2
-2
-3
1
4
6
3
-1
-4
-5
-3
0
2
4
4
3
2
-1
-1
-1
0
1
0
1
0
0
1
1
-1
0
0
2
3
2
1
1
-1
-2
-1
-1
0
-1
1
1
2
1
2
1
1
2
1
2
3
2
0
-2
-3
-3
-2
0
3
4
5
3
-1
-3
-6
-5
-1
3
5
5
2
-1
-3
-3
-3
1
3
7
6
3
-1
-5
-8
-7
-3
1
4
4
3
1
-2
-4
-4
-2
1
5
5
7
4
0
-2
-2
-2
-1
0
1
1
-1
-2
-4
-4
-1
2
4
5
5
3
1
0
1
1
0
-1
-1
-2
-1
-1
-1
1
0
2
3
3
2
1
-1
-2
-3
-4
-3
-2
0
4
4
4
3
1
-1
-1
2
1
1
-1
-2
-3
-2
-3
-2
0
3
5
4
3
2
0
-1
-1
0
0
1
1
0
-1
0
-1
0
0
1
1
1
0
-2
-4
-3
-1
1
3
4
3
2
-1
-2
-1
0
2
3
1
0
-2
-3
-3
-1
0
1
1
1
2
0
-1
-2
-2
-1
1
0
0
2
2
2
1
1
1
0
-1
0
0
0
-1
-1
-1
0
1
1
2
2
2
1
1
0
0
1
0
0
-2
0
0
-1
0
1
1
2
1
0
0
0
0
0
0
0
0
0
0
0
1
0
0
0
0
0
-1
1
0
0
0
0
0
0
0
1
2
2
2
1
-1
-1
-1
0
1
1
2
1
0
-1
-1
-1
-1
0
1
0
1
0
0
-1
1
0
0
0
-1
-1
-1
0
1
0
1
1
1
1
-2
-2
-3
-2
0
2
3
2
1
-1
-2
-1
2
2
3
3
2
0
-1
-3
-3
-2
1
2
5
4
2
0
-1
-2
-1
0
2
3
2
3
1
-1
-4
-5
-3
0
3
4
3
1
-3
-4
-3
1
3
6
4
3
0
-4
-5
-3
0
3
4
3
1
-3
-2
0
1
3
3
2
1
-1
-1
-2
-2
1
3
2
1
-2
-2
-2
0
1
1
1
1
0
-1
1
0
1
2
2
2
1
0
0
-1
-1
-2
-2
-3
-2
-1
1
1
2
3
2
2
1
0
-1
1
1
2
2
0
-1
-4
-3
-2
0
2
3
2
1
0
-2
-1
0
2
3
2
0
-2
-2
-2
-1
1
1
1
-2
-2
-3
-1
1
3
4
4
2
-2
-3
-3
-2
0
2
3
2
0
-1
-2
-2
-1
0
1
1
1
0
1
1
1
1
2
1
0
0
0
1
1
1
-1
-2
-3
-1
0
1
2
1
2
0
1
1
2
2
3
1
-1
-2
-2
-1
1
3
2
1
-1
-2
-3
-1
1
2
4
5
3
2
-1
0
-1
1
1
2
2
1
-1
-1
-2
-2
1
4
8
9
8
5
2
0
-1
0
0
2
2
3
1
-1
0
5
15
24
28
25
15
3
-4
-6
-3
1
2
1
-5
-11
-14
-15
-14
-13
-13
-12
-12
-12
-13
-14
-17
-20
-23
-22
-18
-9
-2
-2
-13
-32
-51
-62
-61
-47
-28
-11
-4
-8
-20
-29
-28
-20
-3
13
22
19
6
-14
-33
-44
-43
-31
-13
5
14
12
2
-9
-14
-9
7
29
45
51
42
24
5
-5
0
17
38
53
54
45
24
10
7
19
40
61
68
55
28
0
-18
-11
12
41
58
55
31
3
-15
-13
11
41
65
69
55
29
5
-9
-9
-6
-5
-11
-18
-23
-19
-9
-3
-8
-26
-50
-70
-73
-57
-29
-6
0
-18
-51
-87
-108
-104
-81
-50
-25
-22
-45
-84
-129
-162
-171
-151
-108
-53
-10
13
6
-26
-60
-76
-62
-18
35
76
76
38
-26
-83
-105
-78
-12
60
115
129
102
58
24
24
61
116
166
190
176
131
83
47
43
65
101
131
146
141
130
115
108
109
110
111
107
103
105
110
116
114
100
76
48
31
37
59
87
101
85
43
-14
-59
-79
-70
-43
-16
-9
-27
-64
-102
-130
-138
-131
-115
-102
-95
-96
-103
-114
-128
-138
-142
-135
-115
-92
-78
-82
-109
-145
-173
-172
-139
-85
-42
-33
-68
-127
-180
-195
-160
-91
-24
7
-11
-63
-114
-135
-111
-61
-12
3
-20
-71
-119
-141
-128
-92
-52
-25
-18
-16
-8
17
55
89
106
99
77
60
65
96
148
199
234
243
229
206
189
193
216
252
285
308
311
291
260
230
220
240
290
350
396
399
350
261
164
98
87
129
193
240
230
161
61
-25
-52
-8
86
185
240
230
162
72
9
0
46
120
177
184
127
28
-80
-155
-182
-164
-129
-106
-119
-169
-241
-311
-365
-398
-420
-447
-487
-540
-601
-662
-719
-772
-820
-861
-895
-921
-944
-968
-999
-1036
-1073
-1098
-1100
-1075
-1025
-962
-896
-828
-754
-661
-544
-403
-252
-111
6
102
191
291
415
558
702
826
921
986
1035
1084
1139
1191
1231
1246
1238
1216
1197
1189
1191
1190
1179
1147
1105
1065
1039
1021
999
955
876
769
649
546
475
441
426
406
355
273
180
93
35
5
-7
-16
-37
-65
-88
-91
-68
-26
18
45
47
29
3
-16
-29
-33
-49
-89
-158
-252
-353
-450
-535
-611
-690
-787
-915
-1075
-1263
-1466
-1667
-1853
-2008
-2126
-2208
-2269
-2322
-2375
-2421
-2437
-2387
-2246
-2007
-1688
-1327
-962
-624
-315
-23
265
558
851
1122
1349
1512
1612
1663
1690
1718
1755
1811
1875
1938
1982
1997
1974
1906
1796
1648
1477
1297
1114
932
751
569
390
225
91
-3
-57
-85
-114
-163
-247
-361
-487
-604
-701
-781
-860
-946
-1045
-1136
-1202
-1221
-1188
-1111
-1013
-916
-833
-760
-688
-607
-517
-420
-331
-259
-204
-152
-89
1
122
262
406
542
666
787
918
1059
1203
1321
1386
1383
1323
1236
1162
1122
1119
1120
1094
1015
889
752
643
588
586
594
561
452
259
17
-226
-417
-532
-575
-580
-584
-611
-662
-711
-721
-665
-537
-359
-176
-36
24
0
-86
-185
-251
-260
-218
-166
-151
-213
-359
-558
-761
-919
-1009
-1057
-1108
-1215
-1398
-1646
-1910
-2121
-2229
-2216
-2103
-1935
-1760
-1602
-1453
-1290
-1077
-801
-470
-117
217
501
717
874
987
1077
1158
1232
1300
1356
1396
1416
1410
1374
1307
1221
1132
1054
998
950
891
800
663
493
318
168
69
16
-7
-22
-49
-87
-115
-118
-89
-34
26
80
118
145
173
213
263
318
364
391
401
403
408
420
445
471
488
489
488
491
511
547
592
636
675
706
734
761
798
841
888
931
973
1013
1048
1076
1086
1062
989
873
730
578
425
273
106
-91
-322
-574
-821
-1039
-1225
-1396
-1581
-1805
-2083
-2414
-2781
-3155
-3516
-3851
-4144
-4380
-4529
-4562
-4463
-4230
-3871
-3417
-2883
-2275
-1594
-858
-115
567
1123
1523
1790
1989
2186
2404
2635
2839
2977
3034
3017
2967
2922
2907
2921
2926
2860
2686
2391
2002
1576
1169
823
547
321
125
-63
-248
-433
-598
-722
-784
-790
-771
-774
-829
-937
-1072
-1202
-1302
-1360
-1385
-1391
-1389
-1384
-1365
-1312
-1199
-1012
-772
-516
-289
-115
-1
85
174
289
427
567
689
778
845
914
1025
1204
1445
1715
1954
2118
2189
2182
2119
2032
1941
1851
1756
1633
1470
1263
1034
809
616
477
391
318
217
57
-160
-407
-648
-853
-1005
-1111
-1192
-1273
-1358
-1430
-1454
-1409
-1302
-1174
-1061
-985
-941
-906
-867
-835
-836
-896
-1035
-1259
-1557
-1901
-2253
-2583
-2871
-3105
-3285
-3397
-3421
-3325
-3081
-2675
-2123
-1466
-750
-21
672
1270
1724
2022
2201
2335
2472
2607
2682
2651
2516
2329
2171
2094
2107
2168
2210
2171
2023
1765
1420
1033
656
341
87
-143
-388
-658
-914
-1093
-1161
-1138
-1070
-993
-918
-853
-813
-821
-868
-923
-948
-920
-859
-797
-747
-694
-609
-483
-322
-140
66
299
554
798
989
1102
1158
1209
1287
1375
1423
1407
1352
1296
1254
1236
1243
1287
1365
1453
1514
1524
1490
1457
1461
1475
1435
1294
1072
832
623
458
320
189
63
-38
-104
-154
-212
-279
-325
-357
-407
-530
-747
-1028
-1315
-1547
-1699
-1797
-1885
-1988
-2109
-2243
-2394
-2576
-2792
-3031
-3286
-3562
-3865
-4194
-4510
-4733
-4778
-4580
-4135
-3489
-2724
-1912
-1073
-177
796
1802
2701
3342
3678
3801
3843
3861
3818
3685
3501
3335
3199
3051
2840
2583
2362
2241
2207
2178
2039
1724
1243
664
85
-426
-851
-1192
-1436
-1574
-1638
-1719
-1867
-2014
-2014
-1778
-1378
-980
-710
-597
-599
-667
-769
-868
-917
-881
-754
-570
-385
-228
-85
90
346
683
1049
1368
1586
1692
1707
1659
1555
1409
1264
1186
1199
1261
1320
1387
1499
1638
1734
1758
1744
1733
1713
1643
1504
1308
1062
789
533
332
183
59
-58
-147
-196
-222
-274
-388
-537
-658
-745
-848
-1007
-1195
-1355
-1485
-1619
-1744
-1820
-1847
-1859
-1896
-1982
-2124
-2340
-2670
-3099
-3521
-3885
-4278
-4754
-5191
-5455
-5479
-5240
-4719
-3911
-2856
-1640
-396
768
1867
2981
4050
4810
5079
5008
4928
4917
4751
4279
3661
3138
2779
2531
2322
2119
1934
1777
1614
1425
1205
868
298
-429
-1045
-1386
-1591
-1919
-2383
-2680
-2616
-2361
-2168
-2066
-1878
-1453
-858
-348
-84
42
176
293
330
315
296
244
120
-34
-89
21
201
331
466
741
1150
1502
1647
1654
1703
1815
1829
1645
1384
1229
1209
1218
1209
1265
1448
1703
1931
2115
2277
2397
2417
2303
2090
1859
1622
1322
937
530
176
-83
-267
-432
-618
-759
-832
-957
-1252
-1658
-2022
-2287
-2514
-2739
-2902
-2950
-2917
-2858
-2795
-2739
-2677
-2625
-2699
-3011
-3481
-3951
-4428
-5006
-5616
-6060
-6215
-6106
-5712
-4877
-3504
-1777
-36
1511
2904
4316
5793
7023
7511
7182
6568
6163
5817
5085
3951
2850
2108
1700
1458
1271
1076
871
712
640
601
458
8
-835
-1807
-2487
-2785
-3053
-3550
-3989
-3902
-3266
-2533
-2033
-1586
-837
219
1223
1866
2169
2308
2294
2022
1553
1087
655
176
-294
-578
-606
-485
-369
-297
-114
343
962
1423
1550
1486
1450
1447
1311
1012
771
787
1037
1351
1638
1925
2241
2541
2772
2934
3045
3069
2927
2589
2138
1668
1184
642
80
-365
-603
-714
-857
-1064
-1218
-1288
-1388
-1632
-2039
-2443
-2635
-2654
-2748
-2929
-3007
-2951
-2829
-2623
-2405
-2301
-2248
-2185
-2343
-2923
-3729
-4500
-5324
-6301
-7165
-7520
-7362
-6952
-6259
-4909
-2709
42
2784
5084
6889
8518
10162
11240
10871
9196
7459
6376
5345
3694
1763
259
-631
-1056
-1121
-957
-756
-635
-646
-789
-916
-1030
-1610
-3005
-4575
-5245
-4952
-4632
-4711
-4597
-3604
-1794
166
1683
2796
3918
5035
5713
5730
5223
4351
3171
1746
337
-789
-1700
-2616
-3282
-3231
-2570
-1822
-1260
-836
-317
476
1264
1560
1430
1367
1554
1762
1798
1729
1830
2250
2843
3424
3954
4349
4541
4569
4383
3939
3345
2578
1542
523
-117
-573
-1232
-2017
-2568
-2660
-2400
-2151
-2207
-2421
-2455
-2256
-2058
-2062
-2188
-2173
-1947
-1705
-1557
-1388
-1177
-1102
-1190
-1308
-1468
-1764
-2257
-3079
-4216
-5273
-6079
-7229
-9001
-10419
-10500
-9490
-8200
-6782
-4545
-1024
3321
7430
10227
11835
13367
14726
14663
12727
9562
6483
4478
2777
371
-2078
-3715
-4538
-4600
-4073
-3260
-2352
-1795
-1920
-2381
-2543
-2386
-2901
-4622
-6282
-6318
-4925
-3484
-2523
-1206
1243
4372
7052
8659
9391
9615
9223
7926
5852
3474
982
-1738
-4310
-5874
-6238
-6144
-6158
-5888
-4699
-2728
-835
229
547
912
1834
2792
2916
2342
2134
2860
3983
4811
5284
5673
6096
6467
6558
6132
5172
3847
2284
600
-887
-1993
-2966
-3970
-4519
-4151
-3269
-2695
-2607
-2461
-1866
-1079
-644
-705
-735
-257
524
1072
1215
1366
1730
1879
1545
980
414
-364
-1569
-2833
-3966
-5089
-6051
-7195
-8672
-9659
-10006
-10487
-11885
-13713
-13676
-11179
-8044
-5141
-2227
1763
7622
13176
15920
16202
15570
15153
14837
13130
9200
4543
1168
-1250
-3932
-6320
-7491
-7698
-7472
-6871
-5534
-3694
-2426
-2291
-2794
-2881
-2136
-1577
-2137
-3020
-2632
-526
2113
4067
5478
7108
9002
10400
10585
9489
7493
4920
1851
-1483
-4529
-6936
-8864
-10266
-10434
-8961
-6634
-4555
-2849
-947
1237
3069
3953
3994
3885
4108
4485
4655
4703
4975
5516
6048
6341
6355
5958
4856
3047
1089
-495
-1863
-3509
-5303
-6418
-6275
-5277
-4278
-3484
-2370
-644
1140
2219
2496
2490
2559
2538
2220
1814
1603
1526
1415
1260
1149
1118
857
-115
-1652
-3109
-4268
-5523
-7051
-8389
-9069
-8961
-8489
-8457
-8744
-8481
-7589
-7169
-8222
-9347
-8038
-4511
-893
1816
4759
9669
14981
17437
17048
15502
13836
12382
9754
4918
-646
-5050
-8017
-10323
-11918
-11787
-10156
-8275
-6459
-4095
-1084
1545
2620
2121
1319
1544
2386
2208
928
552
2303
5022
6987
7873
8320
8562
8051
6223
3257
-251
-4004
-7743
-10859
-12705
-12977
-11931
-10173
-7724
-4005
534
4224
6269
7395
8216
8483
7768
6120
4276
3150
2788
2539
2295
2532
3182
3455
2892
1936
1085
6
-1896
-4155
-5516
-5591
-5182
-4845
-4039
-2088
635
3033
4499
5298
5801
5825
5075
3699
2233
1103
290
-442
-986
-1103
-920
-750
-868
-1183
-1461
-1883
-2930
-4731
-6358
-6972
-7084
-7109
-6900
-6187
-4524
-2714
-1891
-2008
-2559
-2638
-3341
-6626
-9771
-9407
-6342
-2714
-194
2675
8588
14809
17471
17027
14813
11967
9289
5483
-602
-7025
-10828
-12051
-12392
-11672
-9032
-5148
-1563
863
2817
5114
6610
5520
2319
-429
-1104
-620
-638
-1069
-125
3074
6974
9336
9587
8614
6914
4047
-138
-4666
-8438
-11314
-13463
-14170
-12337
-8201
-3593
43
3078
6487
9759
11070
9600
6730
4384
2876
1241
-754
-1980
-1495
211
1961
3218
4101
4434
3689
1935
61
-1312
-2526
-4028
-5174
-4712
-2466
196
1935
2955
4314
6038
6784
5617
3323
1411
348
-508
-1513
-2098
-1757
-853
-148
169
443
544
-102
-1534
-2974
-3706
-3998
-4665
-5648
-5785
-4405
-2653
-1801
-1451
-1057
-653
-395
-1187
-3431
-6080
-8072
-9731
-12401
-15018
-14283
-9640
-3413
1849
6080
11720
17198
18587
16979
14222
10171
6167
2554
-1991
-6857
-9818
-10051
-8996
-7426
-4759
-1753
288
1077
1029
1213
1721
955
-1517
-3492
-2662
400
3143
4518
5851
8294
10731
10978
8577
4941
1131
-2895
-6896
-9945
-11514
-11698
-10779
-9072
-6314
-2058
2361
4661
4952
5277
5975
5637
3809
1595
372
568
1331
1755
2110
2867
3547
3563
3078
2407
1391
-174
-1953
-3174
-3380
-2906
-2276
-1453
-28
1951
3616
4022
3189
2103
1579
1414
926
22
-601
-425
297
938
1190
1201
1112
725
-52
-803
-1323
-2068
-3092
-3668
-3317
-2442
-1744
-1624
-1668
-1133
-438
-763
-2070
-3151
-3622
-3822
-4182
-4648
-5138
-5899
-6322
-7025
-9179
-12154
-12784
-8885
-2805
2798
6578
10599
15872
18162
17255
14724
9698
4771
1533
-2497
-7138
-10329
-10832
-9432
-7720
-5071
-1964
364
898
156
609
1953
2288
557
-1562
-834
2770
6392
7873
7919
8186
8668
7745
4529
111
-3911
-7029
-9614
-11282
-11152
-9525
-7648
-5849
-3064
1152
4983
5993
4583
3693
4476
4968
3834
2214
1494
1930
2923
3335
2678
1828
1312
541
-538
-1241
-1563
-2017
-2377
-1859
-173
1821
2681
2117
1518
1937
2557
2026
522
-448
-50
917
1340
1340
1693
2413
2708
2196
1277
292
-933
-2419
-3487
-3375
-2264
-1213
-854
-670
81
878
469
-1317
-3110
-3667
-3507
-3892
-4706
-4483
-3150
-2133
-2178
-2397
-2928
-4755
-6843
-8867
-11639
-14756
-14787
-9514
-1293
6031
10611
14858
17858
17633
15940
11733
5245
39
-3103
-6371
-9683
-11091
-10119
-7374
-4363
-1494
1321
2702
1876
189
-548
-81
184
-601
-724
1969
6761
10353
10617
8809
7041
5449
2683
-1612
-5995
-9043
-10666
-11113
-10012
-7278
-4086
-1755
-151
1875
4421
5718
4404
2004
1211
2307
3432
3432
2808
2795
3785
4304
2861
423
-1292
-2490
-3746
-4166
-3129
-1537
-256
900
2405
3981
4458
3099
955
-208
-113
14
-523
-890
37
2011
3568
3775
3052
2216
1328
65
-1436
-2599
-3092
-3061
-2593
-1457
371
1991
2173
942
-322
-850
-1370
-2635
-4254
-4914
-4024
-2344
-1173
-1083
-1065
-598
-652
-1834
-3540
-5371
-7243
-8824
-9808
-11096
-13421
-12560
-6149
2692
10052
13402
15162
16579
16568
14807
9740
2208
-3812
-6189
-7393
-9160
-9985
-8204
-4601
-1734
387
2235
2388
280
-2276
-2641
-289
2424
3364
3724
6121
10346
12807
11033
6428
1902
-1255
-3912
-6979
-9802
-11065
-10414
-8419
-5575
-2380
108
981
822
1279
2856
3993
3303
1923
2270
4680
6763
6434
4399
2794
2169
1082
-1497
-4548
-6213
-5763
-3889
-1556
700
2486
3403
3527
3502
3617
3129
1301
-1019
-1848
-476
1468
2111
1741
2043
3307
3895
2588
213
-1570
-2055
-1688
-1137
-758
-578
-343
281
1032
1091
199
-1155
-2291
-2633
-1990
-1056
-972
-1490
-1283
-78
851
72
-2177
-3936
-4131
-3789
-3883
-4322
-4344
-4707
-5964
-6561
-7361
-10509
-14375
-13557
-6225
3657
10650
13441
15766
17309
16929
14154
7360
-734
-6152
-8117
-8768
-9106
-8695
-6422
-2966
23
2479
3270
2295
-368
-2561
-1620
1257
3659
3990
4575
7542
11152
12123
8671
2641
-2844
-6052
-7560
-8718
-9946
-10209
-8285
-4537
-643
1681
2053
1378
913
1319
2192
2721
2736
3013
4289
6123
6970
5720
2902
49
-1874
-3166
-4614
-6115
-6460
-4667
-1105
2809
5435
5917
4937
3785
2846
1848
606
-879
-1785
-802
1602
3242
3338
2920
2485
1758
700
-717
-2364
-3403
-3071
-1582
244
1453
1459
717
273
292
-84
-1336
-2787
-3249
-2285
-685
353
308
-360
-765
-781
-1004
-1981
-3394
-4087
-3940
-3671
-3589
-3704
-4427
-5832
-7200
-8333
-11053
-15331
-15475
-8478
2453
11008
14225
15874
16930
16303
13164
6476
-1272
-6695
-8723
-8449
-6899
-4926
-2602
-106
1472
2452
2630
856
-2618
-5064
-3560
985
5056
7008
7919
9169
10455
9817
6080
349
-5271
-9143
-10364
-8923
-6298
-4450
-3726
-2789
-810
1029
913
-1073
-2719
-2129
491
3446
5450
6492
7098
7276
6444
4235
966
-2470
-4971
-5745
-4852
-3237
-1862
-813
562
2532
4291
4642
3318
1461
572
980
1701
1811
1536
1607
2033
2125
1480
317
-1000
-2018
-2063
-915
511
1128
1069
1249
1674
1390
66
-1476
-2415
-2568
-1889
-557
577
724
273
112
159
-449
-1903
-3311
-3737
-3079
-2047
-1477
-1465
-1507
-1643
-2350
-3435
-4746
-6867
-9317
-10693
-11881
-14389
-15101
-9170
1788
10856
14613
15347
15644
15015
11712
5569
-1348
-6241
-7679
-6513
-4586
-2619
-427
1091
700
-709
-1401
-1938
-3770
-5499
-3901
1542
7565
10807
11044
10130
8870
6365
2209
-2429
-6136
-8352
-8782
-6991
-3511
-557
-243
-2086
-3517
-3174
-2397
-2807
-3601
-2460
1345
5955
8921
9387
8060
5870
3290
652
-1580
-3102
-3909
-3943
-2920
-947
908
1418
677
95
645
1776
2372
2348
2657
3758
4788
4747
3593
1926
275
-1099
-2011
-2119
-1271
-145
510
1074
2075
2642
1742
-47
-1559
-2562
-2968
-2296
-816
464
1248
1809
1854
1029
-320
-1770
-3122
-3944
-3879
-3149
-2147
-1270
-968
-1137
-1350
-2100
-4030
-6110
-7052
-7604
-8661
-9328
-9801
-12114
-14680
-11568
-1268
9409
14158
14470
14760
15240
13112
7484
481
-4764
-6444
-5449
-4086
-3076
-1435
512
765
-937
-2237
-2014
-2124
-3256
-2450
2213
7803
10636
10834
10037
8192
4751
437
-3235
-5025
-5128
-5125
-5473
-4420
-1457
439
-1299
-4934
-6996
-6564
-4851
-2524
474
3770
6577
8308
8846
8096
5683
1787
-1848
-3114
-1983
-515
-290
-827
-810
-51
411
-171
-1274
-1675
-526
1933
4457
5848
5906
5116
3771
1933
0
-1394
-1943
-1785
-1041
313
1942
3013
3021
2154
745
-801
-1936
-2521
-2768
-2480
-1422
69
1321
1784
1394
732
388
-166
-1456
-2651
-2891
-2568
-2324
-1969
-1213
-779
-1545
-2639
-3315
-3761
-4490
-5900
-6868
-6925
-7003
-7899
-9135
-11857
-15750
-15031
-6857
5122
13160
14882
15210
15617
13851
8213
632
-5310
-7644
-6158
-3268
-1264
253
1962
2252
115
-2698
-4277
-4694
-4617
-2912
1853
8158
12076
12011
10119
7913
4387
-677
-5057
-6505
-5034
-3048
-2784
-3465
-2804
-1365
-2086
-5286
-7918
-7997
-6213
-3429
143
3745
6521
8379
9174
8453
6171
2801
-556
-2114
-1115
848
1705
1164
152
-789
-1796
-2940
-3588
-2828
-592
2233
4655
6077
6250
5283
3565
1532
-341
-1480
-1487
-501
882
2071
2755
2780
1999
462
-1406
-2905
-3440
-2840
-1465
-40
911
1544
2101
2095
1088
-338
-1461
-2199
-2457
-2004
-1057
-334
-325
-732
-912
-948
-1876
-3650
-4445
-3931
-3799
-4491
-4937
-4944
-5934
-7950
-9185
-10687
-14409
-17044
-12920
-1468
9970
14269
14007
14327
14231
10973
4281
-2895
-6356
-5122
-1285
1781
1916
1062
1042
139
-2632
-5331
-6036
-5033
-2898
1319
7198
11516
11989
9745
7215
4975
1859
-2237
-5164
-4623
-1420
746
-116
-2157
-3411
-4804
-7520
-10046
-10252
-8277
-5053
-472
4768
8174
8466
7240
6271
5406
3742
1431
6
789
2756
3471
2130
-197
-2420
-3902
-4538
-4672
-3882
-1339
2282
5488
7352
7145
5139
3051
1457
-280
-1096
90
1589
2061
2599
3253
2339
-139
-2439
-3622
-3829
-3392
-2484
-1100
492
1509
1526
1018
536
153
-273
-786
-1136
-976
-285
367
272
-728
-2186
-3195
-2890
-1979
-2150
-3286
-3630
-2958
-2993
-4131
-5321
-6865
-8784
-9757
-10805
-13823
-16181
-11909
-103
10926
14182
13212
13212
12795
9114
2907
-2505
-4336
-2179
1924
4238
2893
259
-1241
-2479
-4595
-6278
-6085
-4366
-1170
4067
9611
12041
10288
6712
4170
3066
1629
-1017
-3010
-2157
596
1992
303
-3224
-6437
-8501
-9702
-9996
-8800
-6013
-2318
1467
4619
6243
5784
4069
2962
3361
4139
3953
3378
3866
5040
4739
1979
-1742
-4363
-5276
-4981
-3947
-2354
-158
2749
5720
7121
5947
3437
1777
1472
1361
972
1191
2423
3683
3908
2996
1258
-1004
-3125
-4245
-4255
-3759
-3003
-1605
406
2004
2179
1055
-137
-406
222
913
1040
943
1095
1390
1047
-145
-1792
-2879
-2717
-1844
-1173
-1474
-1915
-2506
-3534
-4920
-6009
-5779
-5856
-6586
-7395
-7361
-8979
-14649
-17315
-11563
325
10081
12353
12025
12737
12913
9489
2529
-3097
-4102
-410
4319
4901
1805
-632
-1430
-3125
-5635
-6319
-4715
-2480
96
4884
10486
11966
8219
3758
2535
3203
2328
-111
-1253
7
1687
1363
-1181
-4416
-7261
-9342
-9967
-8512
-5812
-3410
-1473
804
3076
3915
2968
1875
2461
4481
6007
5975
5236
4808
4267
2583
-297
-3349
-5498
-6169
-5110
-2484
772
3369
4667
4917
4506
3475
1917
597
682
2406
4408
5072
4197
2786
1549
84
-2207
-4579
-5415
-4420
-2750
-947
1080
2506
2337
1079
-87
-736
-881
-498
176
945
1995
3001
2825
1083
-999
-2182
-2615
-3028
-3404
-3167
-2329
-1811
-2165
-2848
-3439
-4246
-5147
-5655
-6047
-6611
-7192
-8874
-12685
-15269
-11059
-719
8301
11510
11782
12366
11720
7648
1715
-2501
-2731
674
4685
5683
3159
-187
-2468
-4187
-5426
-5009
-3162
-1476
453
4454
9317
10973
8049
3703
1291
1053
1434
1362
925
969
1830
2124
-1
-4390
-8905
-11611
-11731
-9361
-5598
-2226
-191
987
1976
2529
2071
1086
1160
3291
6485
8618
8458
6429
3738
1208
-1081
-3271
-5081
-5725
-4448
-1361
2090
4011
3782
2610
1975
2059
2119
2019
2499
3783
4876
4839
3802
2354
811
-731
-2233
-3429
-3821
-3364
-2462
-1142
489
1453
1085
23
-908
-1287
-686
747
1967
2346
2315
2363
2116
726
-1597
-3156
-3082
-2583
-2550
-2353
-1858
-1742
-1836
-1691
-1817
-2771
-4075
-4839
-4927
-5145
-6017
-7314
-9578
-13165
-14758
-9938
-544
6676
9394
10860
12094
10289
5142
374
-1310
-152
2884
6196
6962
4035
-213
-3275
-5054
-5718
-4661
-2541
-706
1406
4862
8060
8230
5254
1804
271
714
1677
2260
2653
2997
2742
1162
-2105
-6444
-10115
-11369
-9643
-5836
-2024
-8
375
394
348
-80
-487
-169
1309
4083
7291
8991
8032
5272
2274
-263
-2354
-3747
-3935
-2957
-1152
1379
3775
4165
2198
62
-535
-119
550
1724
3419
4893
5427
4763
3027
705
-1508
-2897
-3105
-2465
-1712
-1211
-763
-171
317
239
-487
-1295
-1463
-732
572
1814
2408
2278
1927
1744
1383
331
-1135
-2153
-2245
-1595
-740
-237
-191
-203
-158
-553
-1620
-2890
-3831
-4136
-3713
-3375
-4370
-6378
-7857
-9208
-12241
-15312
-13481
-5575
3533
9509
12318
12538
9821
5650
2442
518
-134
1987
6275
8481
6024
1223
-2719
-5104
-6064
-5263
-3380
-1792
-185
2773
6343
8050
6896
4057
1127
-477
172
2271
3660
3298
2012
544
-1549
-4574
-7402
-8342
-6907
-4174
-1811
-1149
-2231
-3492
-3460
-2464
-1379
-78
1672
3414
4941
6347
6976
5832
3062
136
-1420
-1334
-661
-234
499
2151
3602
3156
1064
-768
-1201
-491
971
2853
4277
4445
3587
2395
1072
-411
-1702
-2248
-1788
-535
863
1641
1542
934
148
-810
-1777
-2202
-1673
-275
1360
2207
1673
433
-336
-437
-455
-552
-446
-273
-496
-876
-530
480
783
-158
-1135
-1399
-1790
-2773
-3505
-3331
-2823
-3164
-4847
-6893
-8225
-9697
-12535
-14814
-12688
-5580
2699
8379
10732
10493
8185
4803
1863
216
487
3501
7912
9676
6806
1985
-1706
-4068
-5326
-4785
-3068
-1689
-170
2771
5886
6707
5005
2285
-372
-1925
-1214
1206
3227
3854
3758
3218
1514
-1520
-4732
-6554
-6217
-4406
-2817
-2549
-3035
-3160
-2787
-2389
-1965
-1313
-552
417
1948
3685
4635
4404
3495
2502
1683
1084
670
605
1271
2578
3657
3714
2753
1165
-541
-1555
-1262
-179
554
613
580
777
872
617
279
196
419
858
1365
1696
1666
1362
975
434
-359
-991
-957
-516
-290
-282
-270
-495
-1021
-1295
-957
-322
59
-57
-354
-327
-35
81
-6
-77
-176
-371
-601
-850
-1062
-1230
-1483
-1843
-2515
-3989
-5884
-6986
-7309
-8080
-9127
-8704
-6040
-2145
1617
4452
5901
5658
4014
1959
343
-382
590
3415
5870
5438
2900
985
450
278
184
426
633
682
1308
2526
2926
1777
273
-410
-626
-783
-387
571
1388
2032
2746
2818
1597
-198
-1466
-1900
-1652
-1023
-669
-957
-1335
-1177
-892
-1332
-2392
-3072
-2742
-1738
-735
-45
426
859
1274
1549
1583
1394
1141
1181
1841
2858
3304
2606
1356
374
-437
-1371
-1918
-1576
-794
-132
486
1041
1075
640
414
593
717
632
674
995
1447
1849
1895
1353
625
330
340
34
-547
-729
-339
112
275
211
-29
-360
-484
-333
-238
-278
-117
264
459
330
123
20
72
300
481
218
-515
-1167
-1235
-905
-815
-1252
-1861
-2229
-2428
-2705
-3003
-3256
-3832
-4891
-5536
-4745
-3063
-2060
-2133
-2329
-2061
-1522
-665
680
1915
2080
1230
523
749
1435
1698
1418
1104
1121
1404
1561
1289
965
1304
2168
2591
2186
1570
1282
1303
1688
2608
3594
3725
2819
1672
910
335
-391
-1023
-1022
-316
479
613
15
-677
-912
-732
-463
-312
-205
145
772
1156
801
-95
-978
-1594
-1964
-2076
-1914
-1598
-1254
-825
-270
110
-39
-499
-650
-244
407
907
1118
1161
1226
1291
1123
687
360
490
917
1191
1185
1132
1139
1105
1078
1225
1413
1308
967
831
1051
1306
1349
1317
1377
1394
1114
545
32
-136
-107
-235
-582
-945
-1277
-1647
-1877
-1773
-1516
-1389
-1405
-1604
-2090
-2608
-2808
-2900
-3268
-3781
-4269
-4971
-5688
-5393
-3670
-1615
-534
-562
-1131
-1791
-2081
-1496
-165
1008
1319
1053
988
1369
1724
1575
969
417
507
1301
2150
2524
2709
3193
3807
4012
3658
3081
2653
2500
2661
3062
3219
2561
1318
334
-132
-547
-1050
-1268
-1002
-478
-70
-29
-405
-970
-1219
-831
-73
374
87
-640
-1253
-1563
-1664
-1748
-1869
-1798
-1475
-1164
-965
-758
-600
-648
-787
-619
-49
501
828
1243
1794
1972
1400
369
-369
-294
428
1271
1894
2222
2255
1978
1413
687
114
89
638
1272
1547
1531
1487
1454
1417
1453
1513
1345
889
385
48
-160
-354
-560
-760
-924
-935
-751
-586
-661
-836
-906
-1025
-1470
-2119
-2611
-2814
-2868
-2902
-2948
-3003
-3115
-3430
-4077
-4824
-4952
-3968
-2291
-889
-401
-776
-1522
-1984
-1572
-365
679
796
323
121
506
1036
1223
1098
986
1134
1627
2361
3076
3576
3921
4284
4553
4362
3642
2674
1787
1305
1352
1611
1635
1314
907
620
329
-67
-475
-827
-1055
-1035
-832
-725
-831
-977
-1002
-1015
-1194
-1498
-1787
-1911
-1731
-1237
-632
-298
-462
-869
-1107
-1072
-841
-529
-245
31
350
689
935
901
544
167
13
-13
72
542
1410
2128
2276
2012
1565
1016
584
533
945
1609
2084
2131
1892
1517
1039
551
239
213
396
536
470
335
327
353
203
-56
-239
-373
-503
-435
-80
263
276
9
-364
-814
-1332
-1759
-1868
-1577
-1147
-1087
-1577
-2230
-2678
-3037
-3502
-3915
-4171
-4450
-4666
-4274
-3052
-1672
-1042
-1351
-2120
-2660
-2450
-1548
-545
1
81
178
647
1340
2000
2502
2762
2815
2910
3228
3557
3649
3606
3507
3182
2638
2103
1662
1353
1400
1850
2262
2143
1530
851
372
-29
-471
-798
-916
-942
-892
-703
-517
-573
-848
-1101
-1183
-1157
-1139
-1098
-909
-574
-251
-89
-147
-390
-647
-703
-541
-338
-222
-160
-74
42
134
151
75
-52
-59
182
496
614
573
629
869
1161
1370
1456
1436
1354
1212
1026
895
890
935
898
768
646
636
733
864
936
885
711
528
487
593
680
616
427
240
152
124
4
-244
-438
-468
-486
-604
-707
-782
-998
-1306
-1519
-1781
-2347
-3002
-3294
-3186
-3038
-3108
-3487
-4217
-5042
-5321
-4699
-3624
-2815
-2496
-2456
-2384
-1883
-707
744
1682
1819
1568
1413
1485
1682
1861
1931
1978
2217
2681
3133
3367
3417
3364
3171
2782
2270
1755
1351
1228
1513
1977
2100
1652
950
409
60
-258
-540
-618
-444
-169
-3
-85
-451
-1002
-1446
-1552
-1424
-1294
-1171
-884
-421
-41
-35
-412
-867
-1082
-1015
-820
-599
-309
87
518
808
778
393
-157
-504
-398
80
648
1069
1265
1280
1219
1118
877
492
253
443
894
1155
1039
778
646
678
764
837
904
986
1083
1143
1112
963
743
583
588
709
819
882
924
904
781
606
368
8
-387
-646
-821
-1111
-1507
-1791
-1869
-1898
-2094
-2511
-2992
-3368
-3697
-4142
-4663
-5064
-5317
-5443
-5181
-4208
-2736
-1433
-777
-757
-1064
-1225
-870
-99
611
976
1118
1327
1733
2213
2495
2452
2234
2131
2380
2919
3327
3285
2995
2799
2606
2147
1494
1009
954
1316
1847
2179
2100
1754
1433
1174
788
221
-329
-656
-661
-423
-232
-372
-799
-1222
-1409
-1352
-1229
-1211
-1180
-898
-502
-382
-584
-812
-915
-914
-775
-518
-345
-289
-120
211
401
279
66
8
72
134
193
283
355
388
500
734
923
977
1036
1139
1136
1038
1009
1073
1124
1159
1197
1133
901
683
730
1012
1234
1256
1222
1239
1220
1082
876
682
528
383
217
48
-128
-357
-621
-872
-1177
-1618
-2042
-2207
-2144
-2089
-2151
-2291
-2495
-2748
-2986
-3164
-3285
-3315
-3303
-3481
-3923
-4191
-3805
-2915
-2104
-1650
-1462
-1406
-1298
-822
66
918
1269
1230
1284
1632
2044
2309
2443
2484
2434
2370
2354
2304
2182
2097
2114
2168
2181
2088
1864
1629
1580
1678
1629
1280
816
488
337
276
224
62
-255
-569
-687
-632
-548
-479
-422
-424
-516
-656
-806
-923
-932
-821
-721
-726
-727
-587
-395
-320
-321
-224
-53
2
-116
-260
-290
-223
-154
-64
184
577
845
810
675
711
850
859
735
687
790
940
1044
1117
1211
1286
1238
1106
1049
1119
1218
1284
1341
1347
1235
1027
828
713
672
629
478
167
-243
-658
-1001
-1234
-1336
-1329
-1303
-1364
-1519
-1671
-1723
-1679
-1606
-1560
-1586
-1710
-1887
-2086
-2361
-2744
-3137
-3515
-3969
-4393
-4388
-3718
-2703
-1902
-1555
-1496
-1425
-1112
-505
207
742
998
1117
1266
1454
1618
1721
1772
1837
2034
2386
2753
2962
2988
2911
2775
2550
2186
1724
1355
1282
1469
1653
1627
1415
1149
853
505
177
4
9
86
131
89
-74
-344
-607
-728
-672
-556
-503
-518
-549
-586
-603
-554
-514
-632
-885
-1060
-1056
-961
-795
-472
-47
273
367
278
131
53
101
247
446
643
766
807
839
879
850
727
620
665
882
1157
1342
1375
1287
1137
982
862
809
833
925
1048
1122
1070
879
596
291
41
-115
-210
-297
-383
-467
-587
-754
-926
-1067
-1176
-1224
-1201
-1170
-1190
-1216
-1246
-1430
-1855
-2366
-2732
-2919
-3045
-3156
-3242
-3391
-3682
-3903
-3693
-3005
-2204
-1697
-1587
-1665
-1615
-1188
-406
393
858
967
1018
1266
1667
1986
2093
2094
2147
2315
2552
2783
2937
2981
2895
2647
2263
1868
1561
1374
1367
1563
1760
1673
1286
861
565
332
92
-103
-166
-83
70
151
12
-358
-789
-1080
-1157
-1097
-994
-910
-879
-926
-1036
-1166
-1253
-1234
-1065
-764
-419
-121
86
200
261
292
277
212
172
273
521
770
868
825
759
740
756
793
845
898
980
1116
1248
1263
1160
1036
953
927
981
1101
1236
1340
1363
1225
929
608
363
159
-36
-153
-153
-153
-265
-421
-492
-515
-650
-946
-1282
-1540
-1698
-1757
-1709
-1607
-1605
-1817
-2172
-2514
-2802
-3076
-3311
-3437
-3540
-3773
-4032
-4020
-3597
-2922
-2265
-1842
-1698
-1619
-1271
-565
226
777
1018
1102
1179
1333
1602
1958
2282
2521
2736
2951
3061
2965
2734
2527
2446
2440
2353
2102
1804
1672
1757
1851
1720
1372
1028
862
833
782
636
440
248
54
-174
-463
-793
-1063
-1159
-1090
-994
-1004
-1105
-1185
-1157
-1041
-910
-812
-748
-680
-550
-329
-79
77
107
123
205
273
241
182
210
308
389
423
433
445
469
491
521
584
692
797
883
994
1142
1252
1278
1272
1284
1278
1209
1093
994
931
882
800
664
508
383
319
283
223
101
-79
-296
-509
-677
-799
-933
-1100
-1235
-1280
-1278
-1335
-1497
-1723
-1990
-2313
-2636
-2857
-2965
-3067
-3242
-3508
-3852
-4164
-4217
-3849
-3152
-2424
-1923
-1683
-1523
-1222
-690
-12
620
1053
1268
1376
1550
1873
2240
2462
2506
2535
2671
2850
2940
2892
2747
2572
2413
2250
2027
1762
1582
1620
1798
1889
1745
1398
991
659
432
243
32
-170
-341
-526
-734
-925
-1110
-1294
-1390
-1304
-1118
-997
-975
-944
-823
-667
-592
-626
-654
-545
-314
-66
149
310
361
264
107
38
99
188
205
169
170
244
365
492
599
669
714
762
842
945
1042
1106
1121
1095
1049
1010
986
982
1019
1104
1182
1183
1098
967
808
632
466
305
115
-94
-251
-307
-321
-390
-562
-845
-1182
-1459
-1611
-1674
-1709
-1724
-1756
-1905
-2189
-2503
-2804
-3150
-3496
-3717
-3858
-4063
-4229
-4066
-3515
-2825
-2252
-1880
-1682
-1513
-1151
-495
263
842
1167
1366
1544
1731
1937
2133
2254
2325
2461
2689
2869
2874
2737
2604
2538
2462
2282
2036
1844
1759
1752
1774
1746
1573
1222
811
508
342
223
81
-48
-138
-236
-402
-615
-787
-846
-812
-748
-707
-699
-704
-679
-617
-574
-602
-642
-594
-440
-263
-125
-25
40
40
-18
-91
-136
-142
-88
54
238
387
470
502
508
482
413
340
338
434
589
748
887
975
1003
1033
1111
1204
1241
1206
1162
1145
1123
1052
938
806
672
535
369
138
-133
-356
-484
-562
-661
-801
-981
-1189
-1369
-1457
-1470
-1489
-1594
-1854
-2244
-2636
-2910
-3077
-3211
-3347
-3509
-3741
-3976
-4000
-3656
-3036
-2385
-1881
-1539
-1275
-960
-504
57
580
943
1153
1317
1507
1740
1974
2160
2292
2419
2526
2556
2527
2519
2564
2598
2537
2335
2037
1774
1645
1624
1603
1497
1298
1060
854
705
594
478
316
111
-84
-213
-273
-326
-422
-561
-689
-769
-810
-823
-795
-717
-616
-551
-556
-604
-640
-634
-584
-497
-386
-282
-215
-151
-33
124
243
281
242
165
110
112
170
260
363
470
561
621
654
712
814
916
992
1060
1112
1120
1111
1128
1144
1115
1043
955
855
748
631
492
309
90
-133
-348
-538
-678
-748
-786
-859
-987
-1141
-1304
-1453
-1567
-1654
-1779
-2001
-2306
-2622
-2889
-3085
-3215
-3341
-3512
-3667
-3631
-3298
-2769
-2251
-1885
-1671
-1487
-1181
-687
-105
388
714
948
1198
1486
1760
1971
2109
2212
2340
2492
2595
2577
2469
2361
2280
2179
2047
1907
1787
1705
1667
1642
1537
1311
1042
852
782
772
730
593
376
156
10
-72
-168
-322
-490
-598
-641
-672
-740
-834
-916
-957
-942
-881
-800
-711
-597
-453
-311
-212
-162
-136
-118
-103
-70
5
115
228
306
323
288
269
338
503
701
849
915
916
906
933
995
1048
1063
1051
1029
1000
959
911
852
784
696
571
409
246
121
21
-103
-278
-480
-645
-726
-735
-738
-813
-981
-1194
-1368
-1447
-1484
-1590
-1828
-2157
-2483
-2732
-2884
-2976
-3066
-3198
-3352
-3415
-3246
-2828
-2320
-1909
-1655
-1490
-1286
-922
-391
161
567
810
1002
1250
1536
1787
1952
2041
2074
2093
2128
2155
2141
2083
2002
1899
1774
1657
1596
1623
1707
1752
1687
1522
1337
1216
1174
1142
1053
899
736
603
480
333
137
-98
-340
-541
-679
-756
-798
-829
-853
-869
-883
-896
-880
-792
-620
-426
-277
-191
-139
-93
-57
-48
-44
-17
45
122
206
298
386
460
535
621
718
796
851
910
1007
1125
1190
1151
1052
960
895
845
820
811
769
661
511
345
154
-64
-278
-456
-580
-676
-777
-903
-1045
-1196
-1348
-1505
-1661
-1793
-1893
-1991
-2131
-2311
-2497
-2640
-2729
-2798
-2908
-3049
-3110
-2966
-2617
-2212
-1924
-1803
-1737
-1555
-1161
-615
-76
336
621
856
1102
1349
1567
1743
1890
2025
2151
2244
2281
2286
2292
2277
2186
2006
1797
1654
1621
1663
1699
1673
1592
1486
1376
1260
1128
995
898
848
806
678
423
91
-208
-405
-525
-628
-740
-820
-838
-806
-778
-787
-819
-826
-780
-683
-561
-450
-355
-258
-152
-57
-13
-16
-12
46
156
266
349
419
517
648
779
860
881
884
918
1000
1090
1130
1102
1039
986
950
892
782
629
475
346
212
24
-223
-474
-649
-722
-739
-793
-933
-1133
-1333
-1482
-1574
-1650
-1735
-1830
-1930
-2035
-2130
-2215
-2295
-2366
-2424
-2482
-2559
-2604
-2534
-2313
-2008
-1729
-1536
-1408
-1273
-1066
-767
-430
-111
175
449
712
944
1145
1324
1499
1690
1888
2043
2116
2118
2088
2052
2002
1912
1779
1646
1558
1534
1556
1585
1583
1535
1451
1335
1200
1076
980
916
851
752
599
406
190
-15
-187
-325
-443
-541
-614
-665
-701
-717
-702
-661
-612
-567
-516
-434
-306
-147
3
92
105
70
44
63
120
187
249
315
404
518
636
728
778
802
830
878
936
979
986
947
864
760
660
573
482
364
218
49
-118
-263
-381
-497
-644
-833
-1034
-1212
-1345
-1444
-1526
-1607
-1697
-1802
-1922
-2038
-2129
-2186
-2223
-2260
-2302
-2348
-2388
-2399
-2358
-2244
-2064
-1842
-1614
-1389
-1165
-933
-680
-411
-141
104
307
481
659
854
1053
1243
1427
1610
1784
1927
2027
2083
2106
2105
2077
2001
1869
1701
1554
1460
1420
1401
1373
1323
1253
1162
1062
948
821
686
551
417
293
189
117
68
13
-80
-213
-356
-476
-560
-624
-682
-729
-741
-703
-619
-509
-384
-262
-140
-28
67
142
201
255
315
370
411
442
482
553
650
751
838
900
935
942
915
868
815
767
727
677
600
481
328
161
-3
-167
-339
-517
-685
-827
-931
-1010
-1082
-1170
-1289
-1446
-1628
-1817
-1980
-2085
-2121
-2096
-2046
-2005
-1982
-1958
-1912
-1844
-1786
-1761
-1750
-1707
-1589
-1389
-1144
-892
-648
-409
-160
85
299
460
571
655
741
840
960
1104
1277
1465
1641
1775
1851
1871
1848
1791
1703
1586
1462
1359
1294
1256
1214
1144
1038
907
761
613
468
338
225
131
51
-18
-72
-106
-132
-165
-221
-286
-337
-356
-345
-326
-316
-319
-310
-277
-212
-141
-80
-35
6
60
134
227
329
430
526
611
675
715
736
742
728
695
651
621
618
635
643
625
580
526
483
445
381
265
101
-64
-186
-254
-309
-403
-544
-704
-833
-915
-972
-1031
-1100
-1163
-1213
-1259
-1322
-1392
-1446
-1459
-1435
-1405
-1393
-1388
-1350
-1258
-1145
-1062
-1037
-1052
-1064
-1046
-1000
-927
-819
-660
-454
-233
-34
115
224
308
369
393
381
367
400
505
658
819
960
1083
1193
1270
1275
1187
1019
828
667
558
500
487
523
607
708
780
774
679
528
362
206
71
-31
-82
-68
4
96
172
198
164
72
-49
-165
-232
-226
-144
-11
135
258
338
381
399
404
410
419
437
465
501
538
574
601
613
594
544
480
427
399
390
379
347
291
222
157
104
54
0
-62
-119
-154
-169
-185
-216
-266
-321
-365
-394
-419
-459
-535
-658
-803
-932
-1020
-1057
-1052
-1015
-963
-905
-860
-833
-831
-844
-860
-863
-839
-790
-719
-641
-572
-523
-503
-509
-524
-524
-483
-396
-281
-169
-89
-50
-48
-68
-100
-125
-122
-66
49
212
387
536
630
657
621
541
450
386
377
436
546
676
783
840
830
763
658
538
423
328
262
234
254
323
431
539
610
608
528
397
244
101
-11
-81
-96
-53
48
190
350
496
600
633
590
484
357
255
210
225
286
366
441
498
520
495
417
299
157
24
-83
-142
-150
-123
-93
-96
-153
-255
-367
-456
-505
-522
-521
-504
-466
-401
-324
-263
-253
-310
-420
-547
-646
-687
-667
-608
-542
-494
-473
-473
-487
-509
-546
-599
-655
-700
-709
-676
-609
-523
-437
-369
-324
-300
-286
-263
-223
-169
-105
-39
26
89
144
180
184
154
105
68
70
128
223
331
419
475
504
504
474
409
322
250
225
270
372
493
592
639
626
553
426
260
82
-74
-172
-183
-107
37
205
352
443
462
415
310
165
-1
-158
-271
-303
-231
-64
164
387
548
611
578
476
345
210
91
8
-20
23
128
259
365
407
368
264
124
-11
-108
-147
-128
-77
-21
14
11
-32
-108
-210
-328
-442
-525
-554
-522
-435
-320
-214
-146
-129
-161
-219
-279
-323
-347
-350
-333
-296
-239
-168
-113
-97
-141
-241
-376
-511
-611
-651
-622
-532
-392
-231
-79
40
109
126
95
33
-34
-78
-75
-20
75
183
272
316
302
240
143
46
-22
-44
-21
37
113
189
255
293
297
273
241
227
248
301
359
395
389
346
277
194
104
26
-26
-37
-10
48
128
212
276
293
251
156
31
-85
-168
-206
-210
-183
-129
-53
34
108
154
165
148
114
75
41
24
35
74
125
164
177
168
151
130
103
70
38
20
24
48
74
82
61
9
-75
-185
-305
-409
-467
-458
-383
-256
-108
30
126
152
97
-30
-197
-355
-461
-484
-421
-289
-116
57
182
217
145
-18
-230
-441
-611
-708
-711
-606
-403
-139
126
329
431
422
320
158
-34
-224
-376
-457
-445
-337
-152
74
300
480
576
573
478
326
161
25
-56
-76
-44
29
129
239
332
390
410
400
368
321
260
199
143
96
53
17
-8
-16
2
50
117
189
243
260
224
133
-6
-175
-345
-491
-589
-625
-587
-482
-323
-144
20
141
198
187
115
3
-126
-234
-288
-260
-144
33
232
407
512
519
425
259
62
-124
-263
-332
-317
-218
-58
128
294
393
406
343
239
129
39
-22
-54
-70
-79
-92
-114
-146
-188
-238
-280
-299
-285
-233
-159
-88
-46
-39
-61
-100
-133
-151
-150
-130
-96
-58
-23
-2
-7
-40
-100
-172
-231
-255
-222
-140
-27
95
200
274
312
316
294
258
226
211
216
239
271
295
304
287
238
160
67
-22
-93
-131
-135
-110
-59
6
73
131
170
187
180
150
99
29
-51
-136
-207
-255
-274
-262
-228
-189
-154
-133
-129
-142
-167
-190
-201
-188
-149
-84
-6
71
136
180
196
186
154
110
57
4
-47
-90
-114
-112
-84
-38
20
80
137
184
209
207
173
115
44
-22
-70
-91
-85
-55
-14
29
65
88
90
72
24
-45
-129
-210
-272
-304
-299
-258
-186
-91
11
99
152
157
109
17
-99
-210
-284
-299
-254
-167
-69
13
60
69
42
-11
-72
-116
-117
-69
26
144
259
346
385
376
325
249
170
108
66
53
61
82
105
119
116
93
60
29
14
19
44
83
130
172
202
206
171
99
-3
-121
-232
-313
-352
-342
-291
-212
-123
-45
7
20
-4
-61
-130
-188
-217
-204
-151
-75
5
65
89
71
13
-69
-155
-222
-254
-246
-200
-124
-29
67
152
211
243
251
245
233
214
184
140
79
6
-68
-129
-164
-165
-130
-66
11
86
145
180
183
157
105
36
-34
-92
-122
-120
-93
-53
-10
28
54
65
57
29
-12
-56
-93
-120
-134
-130
-107
-66
-16
38
91
138
172
184
168
128
68
2
-55
-89
-90
-59
-4
66
138
195
218
197
135
41
-58
-142
-189
-186
-132
-37
79
192
287
347
359
312
215
82
-63
-201
-308
-376
-399
-379
-325
-252
-178
-121
-92
-89
-101
-113
-116
-112
-104
-87
-69
-66
-93
-153
-227
-294
-328
-314
-248
-141
-7
142
290
404
455
442
399
373
385
432
497
563
607
593
491
292
27
-248
-474
-615
-657
-605
-483
-322
-165
-40
32
48
15
-43
-103
-154
-188
-202
-188
-142
-79
-14
45
94
128
141
129
98
53
9
-17
-8
37
118
217
315
391
428
412
348
244
127
20
-57
-93
-94
-69
-41
-28
-48
-105
-190
-284
-362
-403
-396
-341
-254
-156
-65
4
45
58
53
42
38
50
79
125
175
219
245
244
211
148
63
-29
-108
-156
-153
-99
-2
118
226
300
312
262
160
34
-82
-163
-195
-180
-132
-68
-19
-5
-43
-127
-236
-333
-391
-388
-317
-188
-26
136
258
310
278
171
19
-144
-274
-345
-338
-262
-138
-3
107
165
155
89
-10
-113
-190
-220
-192
-111
5
129
236
306
330
309
260
192
124
66
26
3
-6
-6
-2
1
6
11
23
40
63
90
117
141
156
159
144
113
69
16
-39
-86
-117
-128
-118
-87
-45
-1
31
46
31
-7
-63
-118
-153
-150
-101
-7
116
235
324
351
302
181
9
-179
-339
-435
-444
-365
-211
-21
166
310
385
384
318
207
81
-37
-132
-191
-218
-216
-195
-166
-134
-101
-71
-45
-21
-5
-1
-11
-37
-75
-117
-151
-168
-156
-115
-51
20
85
125
135
109
60
-4
-62
-98
-102
-71
-14
46
98
118
96
32
-57
-157
-236
-271
-248
-175
-61
64
174
246
267
236
166
82
8
-36
-41
-11
41
92
124
123
85
18
-62
-128
-156
-126
-37
93
242
373
456
474
413
283
108
-79
-242
-349
-384
-345
-243
-103
45
167
235
233
161
38
-111
-251
-350
-384
-346
-242
-95
66
203
289
308
262
163
36
-90
-186
-234
-225
-163
-64
50
153
222
247
218
145
39
-76
-174
-235
-247
-208
-126
-16
91
174
211
194
132
47
-45
-117
-156
-158
-128
-83
-46
-35
-52
-94
-140
-168
-158
-102
-3
116
230
300
303
228
91
-79
-237
-342
-368
-302
-161
16
185
301
339
287
167
12
-142
-249
-286
-246
-143
-10
119
207
235
199
110
-4
-115
-192
-216
-185
-106
2
117
213
276
297
274
222
149
72
1
-57
-98
-123
-131
-126
-112
-88
-62
-29
12
57
108
152
181
187
159
107
35
-40
-98
-126
-111
-61
16
96
162
193
180
125
40
-60
-148
-209
-227
-204
-146
-67
11
72
106
108
84
47
8
-23
-42
-51
-60
-75
-99
-133
-167
-192
-198
-179
-137
-79
-16
38
73
84
74
55
35
19
15
20
28
31
21
-4
-43
-89
-132
-156
-156
-129
-79
-19
41
87
106
101
79
52
35
36
57
89
121
137
127
83
17
-64
-135
-177
-177
-134
-55
38
123
171
171
119
28
-80
-176
-236
-242
-188
-83
47
176
270
312
294
218
106
-19
-126
-191
-198
-147
-55
54
153
222
244
219
162
90
26
-11
-12
20
71
120
147
139
93
20
-64
-138
-180
-182
-144
-78
-2
59
90
79
27
-50
-135
-204
-236
-223
-164
-75
29
122
183
200
169
99
9
-85
-161
-203
-207
-176
-116
-41
36
102
147
166
156
123
70
11
-44
-87
-112
-119
-111
-91
-64
-37
-17
-7
-6
-10
-14
-15
-12
-7
-3
-6
-17
-35
-56
-74
-84
-81
-70
-55
-45
-42
-49
-63
-75
-76
-61
-28
21
79
135
179
200
195
168
125
73
18
-33
-73
-98
-108
-105
-92
-72
-44
-8
37
88
137
179
209
217
198
154
86
15
-49
-95
-113
-102
-62
-2
66
126
167
178
156
105
36
-39
-106
-149
-160
-132
-70
13
96
162
193
187
144
72
-15
-101
-165
-197
-189
-141
-64
26
110
167
189
169
112
30
-58
-135
-187
-201
-175
-115
-36
43
97
112
77
-3
-115
-230
-319
-356
-325
-233
-98
44
160
219
206
124
-3
-137
-242
-284
-249
-146
0
150
264
312
278
170
19
-135
-251
-298
-258
-142
23
201
344
417
401
306
150
-28
-191
-299
-327
-272
-157
-15
122
224
265
239
158
49
-58
-141
-177
-162
-103
-19
67
134
169
164
127
72
14
-30
-48
-38
-6
38
80
106
110
90
51
5
-40
-73
-86
-78
-53
-17
22
56
79
89
88
75
56
30
6
-17
-37
-53
-63
-66
-59
-47
-33
-19
-10
-6
-9
-22
-42
-63
-82
-87
-75
-51
-20
9
26
23
-6
-55
-119
-181
-222
-228
-194
-122
-24
79
163
211
214
173
100
18
-54
-97
-106
-84
-41
4
40
55
48
25
0
-18
-17
7
49
98
140
162
154
114
53
-17
-78
-116
-123
-100
-61
-21
5
10
-10
-45
-84
-112
-112
-79
-18
58
130
174
182
146
86
13
-54
-96
-99
-63
-3
62
110
131
114
66
1
-66
-114
-128
-102
-40
45
135
206
240
225
164
65
-47
-151
-225
-252
-228
-160
-66
34
113
151
145
96
24
-51
-107
-128
-109
-56
18
92
145
163
138
74
-12
-104
-184
-233
-239
-205
-138
-54
26
84
112
109
80
38
-4
-34
-43
-29
1
36
65
74
64
34
-8
-52
-91
-117
-122
-104
-66
-18
28
61
73
69
51
22
-8
-35
-51
-55
-45
-25
-1
22
38
49
48
41
32
26
22
23
26
34
44
57
70
78
78
71
58
41
24
7
-8
-19
-28
-31
-31
-25
-20
-18
-20
-27
-36
-43
-49
-51
-49
-39
-20
6
35
61
75
74
56
21
-27
-82
-134
-173
-187
-171
-129
-64
10
85
147
186
196
174
124
57
-16
-82
-125
-137
-114
-59
12
85
138
155
127
59
-40
-145
-232
-278
-262
-182
-48
113
268
381
427
395
289
127
-56
-215
-321
-356
-317
-209
-64
79
184
228
204
121
5
-115
-201
-230
-195
-102
26
156
253
296
267
179
48
-93
-215
-290
-307
-266
-179
-68
40
126
173
178
149
98
41
0
-19
-14
11
42
65
70
51
9
-46
-101
-138
-150
-132
-90
-33
21
59
77
66
36
1
-25
-32
-18
15
59
98
113
94
47
-18
-93
-158
-196
-193
-152
-79
7
93
158
188
178
132
63
-7
-62
-86
-77
-44
5
55
91
103
88
51
-4
-59
-104
-128
-128
-102
-61
-21
16
36
40
30
13
3
1
8
22
42
53
51
36
-1
-44
-88
-117
-125
-102
-56
10
73
122
143
126
76
5
-73
-135
-165
-152
-93
0
108
200
254
256
197
92
-38
-169
-265
-310
-286
-200
-71
74
207
299
334
304
222
103
-25
-135
-207
-229
-201
-132
-40
52
124
163
158
110
38
-42
-103
-127
-109
-50
32
118
185
214
196
134
44
-53
-136
-185
-195
-167
-112
-47
11
48
56
35
-1
-42
-68
-72
-51
-11
34
74
94
88
54
-4
-72
-134
-174
-183
-157
-103
-34
36
89
118
118
91
50
7
-23
-33
-22
6
42
73
88
80
47
-3
-59
-109
-140
-144
-121
-77
-20
36
82
109
116
108
92
76
65
59
55
50
29
-6
-55
-110
-155
-182
-179
-142
-78
4
88
152
186
180
137
74
10
-37
-54
-33
14
76
129
157
142
83
-13
-125
-225
-285
-287
-227
-119
15
142
233
272
250
178
73
-32
-114
-152
-140
-87
-13
57
102
110
77
10
-75
-155
-209
-221
-187
-116
-24
66
140
181
188
158
103
38
-24
-74
-107
-124
-126
-113
-91
-63
-33
-6
13
25
31
33
33
33
35
41
51
69
85
97
99
87
58
17
-31
-76
-111
-130
-126
-104
-63
-16
30
62
79
85
81
75
70
68
72
78
82
77
61
28
-19
-74
-123
-155
-163
-144
-103
-53
0
41
62
61
41
15
-8
-18
-10
13
44
69
78
65
27
-29
-88
-138
-163
-157
-120
-61
8
70
110
120
101
60
11
-32
-55
-54
-28
18
66
105
119
103
57
-11
-85
-145
-175
-164
-114
-30
68
159
222
242
210
132
28
-78
-160
-200
-191
-136
-48
51
134
181
175
120
28
-72
-159
-209
-211
-164
-78
22
111
168
179
147
79
-6
-90
-148
-167
-144
-89
-20
45
86
93
62
1
-64
-121
-153
-148
-108
-40
36
103
145
153
129
80
22
-29
-65
-71
-52
-13
32
71
92
90
65
27
-18
-52
-71
-68
-44
-4
39
78
101
102
82
48
7
-32
-56
-60
-46
-18
14
42
61
67
59
37
7
-26
-54
-68
-69
-52
-25
6
34
51
53
41
19
-6
-29
-45
-51
-48
-34
-15
4
14
19
15
5
-7
-16
-21
-21
-15
-5
4
10
7
-5
-20
-32
-37
-33
-19
0
22
41
52
47
26
-9
-48
-81
-97
-93
-67
-26
22
64
89
92
66
20
-35
-84
-114
-114
-84
-22
51
120
170
183
151
84
-7
-100
-173
-208
-194
-135
-45
52
134
179
182
144
79
3
-61
-95
-96
-60
-3
59
109
133
126
87
29
-36
-95
-131
-140
-122
-85
-36
10
48
69
78
73
61
48
40
35
30
22
8
-13
-39
-65
-85
-100
-102
-90
-66
-35
-3
21
33
37
36
34
35
39
46
55
61
57
43
17
-18
-59
-96
-123
-131
-117
-86
-39
11
57
91
110
111
95
72
41
15
-1
-5
3
15
25
27
17
-3
-33
-67
-93
-103
-92
-58
-11
42
89
123
136
125
92
41
-13
-57
-83
-84
-62
-25
15
46
57
42
3
-52
-108
-151
-166
-147
-92
-9
84
171
228
242
205
127
19
-91
-183
-236
-242
-199
-119
-21
71
136
160
142
88
16
-60
-120
-149
-137
-88
-12
70
138
178
178
137
62
-27
-114
-181
-212
-200
-151
-75
13
96
161
196
196
165
109
42
-23
-70
-96
-94
-66
-21
29
73
97
96
67
19
-40
-95
-131
-137
-109
-52
20
94
149
175
167
124
56
-21
-88
-131
-141
-120
-77
-25
19
45
46
24
-14
-58
-91
-101
-81
-37
22
80
122
142
131
91
31
-35
-91
-126
-135
-118
-86
-48
-9
19
33
34
27
16
7
6
8
13
24
34
42
50
50
50
48
41
30
10
-17
-50
-84
-111
-122
-112
-80
-25
45
120
181
212
207
165
97
16
-63
-124
-155
-151
-114
-58
0
46
68
64
35
-13
-63
-103
-114
-90
-39
28
90
138
161
153
116
56
-15
-85
-138
-168
-170
-148
-108
-58
-13
25
47
55
51
38
24
14
11
17
29
43
50
49
35
10
-20
-49
-75
-92
-97
-90
-67
-32
9
44
70
86
91
87
77
61
46
36
33
35
39
37
28
7
-20
-51
-79
-101
-107
-98
-72
-31
20
67
105
124
120
97
61
18
-20
-49
-66
-69
-64
-51
-34
-20
-13
-17
-26
-38
-45
-44
-35
-22
-5
15
34
49
57
62
60
52
38
23
1
-24
-54
-80
-103
-120
-126
-117
-86
-43
10
64
108
134
140
121
86
39
-5
-33
-37
-22
8
44
74
86
75
40
-13
-75
-127
-158
-153
-116
-47
36
117
176
198
178
125
49
-34
-103
-143
-148
-120
-67
-6
44
70
69
40
-7
-60
-106
-129
-121
-82
-16
62
129
177
190
168
116
42
-39
-112
-162
-181
-166
-124
-68
-8
42
76
85
75
49
16
-12
-28
-30
-17
5
30
55
72
76
65
41
6
-33
-68
-98
-112
-108
-87
-50
-4
42
81
105
113
103
77
46
11
-19
-37
-42
-36
-24
-11
-3
0
-3
-14
-31
-49
-62
-66
-58
-39
-12
18
49
76
91
93
83
65
41
14
-15
-43
-64
-78
-80
-74
-58
-39
-18
4
23
37
45
42
34
23
13
6
2
0
1
2
6
4
-2
-14
-30
-43
-49
-48
-39
-25
-4
15
34
49
54
51
41
28
14
3
-2
-5
-2
4
12
15
9
-7
-28
-50
-67
-74
-70
-52
-22
16
56
86
103
104
85
53
12
-31
-65
-85
-86
-69
-38
0
36
63
75
68
44
10
-27
-58
-77
-74
-53
-17
28
69
99
107
92
56
6
-48
-94
-124
-128
-109
-70
-18
36
79
105
109
91
55
10
-35
-68
-85
-78
-57
-24
12
44
65
69
57
30
-4
-38
-66
-79
-79
-62
-32
7
44
70
83
78
58
30
-6
-40
-65
-77
-75
-58
-32
-5
22
41
52
50
39
25
9
-3
-8
-8
0
13
25
33
35
25
8
-13
-32
-47
-54
-51
-36
-14
13
36
53
56
48
32
11
-9
-23
-30
-25
-15
1
15
24
26
17
1
-18
-38
-51
-55
-49
-31
-7
15
39
54
62
58
41
15
-12
-36
-51
-56
-50
-38
-22
-7
7
16
20
17
8
-1
-10
-14
-12
-5
9
23
38
50
56
50
37
15
-8
-33
-53
-64
-65
-56
-35
-11
16
37
52
56
50
37
21
4
-7
-14
-14
-10
-2
4
11
12
7
-4
-20
-32
-41
-44
-38
-26
-8
11
28
38
39
36
26
14
1
-10
-18
-20
-16
-10
-5
-1
-1
-3
-11
-19
-25
-30
-26
-15
-3
11
25
34
40
41
33
22
9
-5
-15
-22
-26
-24
-20
-12
-4
4
8
12
11
11
9
6
7
6
9
12
16
18
18
16
12
4
-3
-11
-18
-22
-23
-19
-11
-3
7
13
19
20
17
11
3
-3
-8
-12
-13
-12
-8
-4
0
3
3
2
-2
-8
-14
-20
-23
-25
-23
-18
-9
1
10
19
25
26
24
16
7
-7
-19
-28
-33
-31
-23
-10
6
20
30
36
33
27
14
0
-12
-19
-20
-13
-3
10
20
26
26
18
9
-5
-15
-23
-23
-20
-11
2
15
25
28
27
22
12
0
-11
-17
-21
-18
-13
-5
3
9
11
12
9
2
-3
-8
-13
-14
-14
-11
-8
-5
-1
1
0
0
0
0
1
3
4
3
2
-2
-6
-10
-12
-12
-10
-4
1
8
13
19
21
22
17
11
3
-6
-12
-15
-16
-12
-7
2
10
15
19
18
16
11
6
1
-5
-7
-8
-7
-5
-3
-1
-1
-1
-5
-7
-7
-7
-6
-3
-1
1
2
2
2
2
1
1
3
4
5
4
4
-2
-6
-11
-14
-15
-13
-7
-1
8
15
20
20
15
8
-3
-12
-19
-22
-21
-14
-3
9
18
21
20
15
8
0
-11
-21
-27
-25
-19
-9
3
15
25
31
32
26
16
4
-3
-9
-11
-13
-13
-11
-7
-2
5
10
12
9
6
2
0
-2
0
-1
1
1
3
3
3
3
1
-1
-3
-6
-7
-8
-6
-4
-1
1
3
4
4
4
5
5
5
3
0
-5
-7
-9
-10
-8
-5
-2
1
4
5
5
3
3
-1
-5
-10
-13
-14
-11
-5
3
10
16
19
17
12
3
-5
-12
-19
-20
-19
-13
-5
3
13
19
22
21
15
9
1
-6
-9
-9
-6
-2
3
8
12
13
13
10
6
2
-4
-8
-11
-12
-10
-8
-2
2
5
8
9
9
7
5
2
-1
-5
-7
-8
-6
-3
1
7
9
11
8
4
0
-7
-13
-16
-17
-14
-10
-2
5
14
20
26
25
17
5
-6
-13
-22
-29
-28
-19
-9
1
10
17
23
23
19
9
-1
-10
-18
-19
-17
-9
-2
10
19
23
22
18
9
1
-10
-18
-20
-21
-19
-14
-8
0
6
8
9
8
7
3
0
-3
-3
-3
0
3
3
6
6
6
4
2
0
-3
-4
-4
-3
-3
0
2
3
6
8
8
9
11
8
4
-1
-7
-13
-15
-15
-15
-12
-6
-1
7
9
10
8
7
1
-5
-10
-12
-13
-9
-5
0
6
11
13
12
10
5
3
0
-1
0
1
3
5
5
5
2
0
-2
-4
-3
-2
2
6
9
11
10
6
0
-6
-11
-14
-14
-11
-6
0
6
9
11
10
7
4
-2
-6
-6
-4
0
6
11
15
14
13
9
1
-10
-20
-24
-23
-16
-9
-1
5
9
13
11
4
-4
-14
-21
-27
-25
-19
-10
1
11
22
28
28
22
14
4
-6
-15
-16
-12
-5
1
6
13
19
21
19
10
1
-9
-13
-17
-18
-19
-15
-8
-2
2
4
3
0
-5
-7
-7
-4
-5
-3
2
12
21
24
21
19
18
14
8
3
3
1
0
-1
-2
-2
0
0
1
-3
-6
-7
-8
-12
-17
-19
-15
-12
-11
-9
-4
1
3
3
3
4
3
3
3
1
3
6
11
12
12
15
19
17
13
6
5
4
1
-5
-6
-6
-5
-7
-8
-10
-11
-9
-10
-11
-10
-8
-4
-2
-4
-2
3
4
1
1
2
4
4
1
4
7
10
12
12
13
14
14
12
7
4
4
3
-2
-7
-8
-7
-8
-12
-14
-12
-9
-8
-9
-8
-5
-3
-4
-6
-5
-4
-2
-2
1
3
6
9
10
10
10
8
10
8
6
4
3
3
0
0
-1
0
-2
-3
-3
-2
-3
-8
-11
-14
-12
-9
-10
-11
-12
-12
-9
-5
-1
0
3
7
9
10
9
9
12
11
8
7
9
11
12
10
11
12
12
8
2
-1
-3
-6
-10
-12
-11
-9
-8
-8
-6
-5
-4
-6
-7
-7
-7
-6
-7
-5
0
2
5
8
11
11
11
10
8
6
4
3
4
7
8
11
11
10
6
1
-1
-3
-7
-14
-19
-18
-16
-16
-17
-16
-9
-5
-4
-4
-5
-5
-5
-5
-5
-4
-1
3
5
7
8
10
10
12
12
12
13
10
10
9
9
7
7
5
3
1
0
-2
-6
-7
-7
-7
-8
-12
-12
-9
-7
-10
-10
-7
-2
-2
-1
0
3
8
11
11
11
12
13
14
13
12
10
6
5
4
4
4
4
3
3
2
1
0
-2
-5
-7
-7
-10
-11
-11
-13
-12
-14
-12
-13
-9
-10
-7
-6
-4
-2
0
3
3
4
5
6
6
6
6
7
6
7
7
7
8
8
8
7
7
5
3
1
-1
-5
-6
-7
-7
-7
-7
-6
-6
-6
-4
-3
-3
-3
-2
-2
-1
-1
0
2
5
6
7
9
9
9
7
8
6
6
5
2
2
2
2
3
2
2
1
-2
-5
-8
-9
-8
-9
-8
-7
-6
-6
-5
-5
-5
-6
-7
-7
-7
-7
-6
0
1
6
9
13
15
14
13
9
7
4
3
2
2
3
5
5
5
6
3
1
-2
-5
-8
-9
-10
-10
-9
-8
-6
-5
-3
-1
-2
0
0
-1
0
-1
0
2
5
6
10
10
11
11
10
9
10
8
7
6
5
4
3
3
2
1
-1
-2
-6
-7
-10
-11
-12
-13
-12
-12
-12
-11
-11
-8
-6
-3
-2
0
2
1
3
3
3
4
4
5
4
5
6
7
8
9
9
8
7
6
3
1
-2
-4
-8
-9
-11
-10
-10
-9
-8
-6
-5
-5
-5
-6
-6
-5
-4
-3
-1
0
2
5
8
11
13
16
18
20
18
16
15
13
10
8
7
6
5
4
3
0
-3
-5
-8
-11
-13
-15
-17
-15
-13
-12
-10
-9
-9
-10
-8
-8
-5
-4
-3
0
2
4
7
10
11
13
13
13
13
10
8
6
5
4
2
0
-1
-3
-3
-4
-5
-7
-8
-10
-12
-12
-12
-14
-14
-12
-10
-8
-8
-5
0
3
3
6
11
14
13
11
12
12
11
10
10
8
8
8
8
7
6
7
6
2
-2
-6
-6
-9
-13
-15
-11
-9
-12
-12
-10
-8
-7
-6
-6
-3
-2
0
2
5
7
8
10
11
10
9
8
8
7
6
6
5
4
3
3
2
0
-1
-3
-5
-8
-9
-12
-14
-15
-14
-12
-13
-13
-9
-5
-1
-2
0
4
6
4
3
3
5
6
6
7
9
10
11
12
12
12
10
9
6
4
1
-3
-3
-4
-5
-5
-5
-6
-6
-6
-8
-8
-8
-7
-6
-6
-4
-2
0
2
3
4
4
3
3
4
3
4
5
6
8
6
7
6
4
3
1
-1
-4
-5
-5
-7
-5
-5
-5
-5
-4
-4
-4
-5
-6
-7
-6
-5
-5
-4
-2
-1
1
2
3
4
5
5
7
7
7
7
6
6
5
3
2
1
1
0
0
1
-1
-1
-2
-2
-2
-1
-2
-3
-3
-3
-4
-4
-4
-2
-1
0
1
1
1
2
2
3
4
3
4
4
5
4
4
5
4
5
3
1
1
0
0
-1
0
0
-1
-1
-2
-2
-3
-2
-2
-4
-3
-3
-3
-3
-1
0
1
2
2
1
1
1
0
1
2
1
1
1
2
1
1
2
2
3
3
3
1
0
0
-1
-1
-1
-1
0
-1
-1
0
-1
-1
0
0
0
0
0
0
0
0
0
1
0
2
3
2
3
3
3
2
1
1
-1
1
2
1
1
1
1
-1
0
-2
-2
-1
-1
-1
-1
0
-1
0
0
0
0
0
0
0
1
1
0
1
0
1
1
2
2
3
3
4
3
2
1
0
-1
-1
-1
0
0
0
0
0
-1
0
0
1
0
0
0
-1
-2
-2
1
0
2
1
1
2
0
0
0
0
1
2
0
1
1
1
2
2
3
1
1
-1
0
0
1
1
2
1
1
1
-1
-2
-1
-1
-1
-1
-1
-1
-1
0
0
0
0
-1
0
0
0
1
0
0
0
0
1
0
-1
-1
0
0
0
-1
0
0
0
0
0
-1
0
0
0
0
-1
0
0
0
0
0
0
0
0
0
0
0
0
0
0
-1
0
0
0
0
0
0
0
0
0
1
0
-1
0
0
0
0
0
0
0
0
0
0
0
0
0
0
0
0
0
0
0
-1
0
0
0
0
0
0
0
0
0
0
0
0
0
1
0
0
0
0
0
0
0
1
0
0
0
1
1
0
0
0
-1
1
1
0
0
0
0
0
0
0
1
0
0
0
1
0
0
0
0
0
-1
0
0
0
0
0
0
0
0
0
0
-1
-1
-1
0
0
0
0
-1
0
0
0
0
0
0
0
0
0
1
0
1
0
0
0
0
0
0
1
-1
0
1
-1
0
0
0
0
0
0
0
-1
0
0
0
-1
0
-1
0
0
0
0
0
-1
0
0
0
0
0
0
-1
0
0
0
0
0
0
0
0
-1
-1
0
0
0
0
0
1
0
0
0
0
0
-1
0
0
0
0
0
0
0
0
0
1
0
1
0
0
1
-1
1
0
0
0
-1
-1
0
0
0
-1
0
-1
0
0
0
-1
0
0
0
0
1
0
0
0
0
0
0
1
0
1
0
0
0
0
0
0
1
0
0
0
1
1
0
0
0
0
0
0
0
0
-1
1
0
0
0
0
0
0
0
1
0
0
-1
0
0
0
-1
-1
0
0
1
0
-1
0
0
0
0
0
0
-1
-1
0
0
-1
1
0
1
0
0
0
0
0
0
1
0
0
0
-1
0
0
0
0
0
1
-1
0
0
0
0
0
0
0
0
0
1
0
0
0
0
0
0
-1