Transition Matrix:
4.7175231043e-001 5.2824768957e-001 0.0000000000e+000 0.0000000000e+000 0.0000000000e+000 
0.0000000000e+000 8.2322709240e-001 1.7677290760e-001 0.0000000000e+000 0.0000000000e+000 
0.0000000000e+000 0.0000000000e+000 8.5845819703e-001 1.4154180297e-001 0.0000000000e+000 
0.0000000000e+000 0.0000000000e+000 0.0000000000e+000 5.2498435900e-001 4.7501564100e-001 
0.0000000000e+000 0.0000000000e+000 0.0000000000e+000 0.0000000000e+000 1.0000000000e+000 

Emission Matrix:
1.0000000000e-015 1.0000000000e-015 1.0000000000e-015 1.0000000000e-015 1.0000000000e-015 1.0000000000e-015 1.9444444444e-002 8.3333333333e-003 1.0000000000e-015 1.0000000000e-015 1.0000000000e-015 1.2059642703e-002 1.0000000000e-015 1.0000000000e-015 1.0192133175e-002 1.0000000000e-015 1.0000000000e-015 1.0000000000e-015 1.6082788515e-002 2.0258512574e-002 1.7496469181e-001 2.1932163240e-001 2.9887980759e-001 1.9824079124e-001 1.1111111111e-002 1.1111111111e-002 1.0000000000e-015 1.0000000000e-015 1.0000000000e-015 1.0000000000e-015 1.0000000000e-015 1.0000000000e-015 
1.0000000000e-015 1.0000000000e-015 1.0000000000e-015 1.0000000000e-015 1.0000000000e-015 1.0000000000e-015 1.0000000000e-015 1.0000000000e-015 1.0000000000e-015 1.0000000000e-015 1.0000000000e-015 2.3416834997e-002 1.0000000000e-015 1.0000000000e-015 1.0000000000e-015 1.0000000000e-015 1.0000000000e-015 1.0000000000e-015 8.7194765285e-002 2.7580322159e-002 2.3391300711e-001 2.5685499166e-001 2.5574336919e-001 1.0271057189e-001 1.0000000000e-015 1.0000000000e-015 1.0000000000e-015 1.0000000000e-015 1.0000000000e-015 1.2586137711e-002 1.0000000000e-015 1.0000000000e-015 
1.0000000000e-015 1.0000000000e-015 1.0000000000e-015 1.0000000000e-015 1.0000000000e-015 1.0000000000e-015 1.0000000000e-015 1.0171873700e-011 1.0000000000e-015 1.0000000000e-015 1.0000000000e-015 1.6593431977e-002 1.0000000000e-015 1.0000000000e-015 6.1438674093e-003 3.7198363596e-006 1.0000000000e-015 1.0000000000e-015 2.8029263082e-002 3.2078351388e-002 2.0332645094e-001 2.7846303529e-001 2.2266683791e-001 1.8751777199e-001 1.0000000000e-015 1.9551500996e-002 1.0000000000e-015 1.0000000000e-015 1.0000000000e-015 2.1195923741e-003 3.5061767994e-003 1.0000000000e-015 
1.0000000000e-015 1.0000000000e-015 1.0000000000e-015 6.1407402476e-003 1.0000000000e-015 1.0000000000e-015 1.0000000000e-015 9.1261717801e-003 1.0000000000e-015 4.8125166117e-002 1.5516975202e-001 6.3055757591e-002 1.7626359726e-001 5.5555555556e-003 6.2236171125e-002 4.9599853586e-003 2.3634011540e-002 4.7431199148e-002 1.8259355582e-001 7.9110077561e-002 4.4665409515e-002 2.3860331550e-002 3.2258794899e-002 3.5813722912e-002 1.0000000000e-015 1.0000000000e-015 1.0000000000e-015 1.0000000000e-015 1.0000000000e-015 1.0000000000e-015 1.0000000000e-015 1.0000000000e-015 
1.0000000000e-015 6.7460317460e-003 1.0000000000e-015 1.0000000000e-015 1.0000000000e-015 1.0000000000e-015 2.4003097174e-003 1.0000000000e-015 2.8679714656e-001 1.2718313809e-001 1.4644643020e-002 4.7050640077e-003 4.2469665832e-003 4.2429120003e-003 9.4822001466e-003 4.2103023454e-003 2.5771406064e-001 1.4271559329e-001 4.5716800924e-002 1.1061573274e-002 1.2187180469e-002 2.5764542036e-002 1.7403145412e-002 1.1433195431e-002 1.0000000000e-015 9.2592592593e-004 1.0000000000e-015 1.0000000000e-015 5.3606237817e-003 4.2456364738e-003 8.1300813008e-004 1.0000000000e-015 

Initial Probabilities:
1.0000000000e+000 0.0000000000e+000 0.0000000000e+000 0.0000000000e+000 0.0000000000e+000 
