Transition Matrix:
8.5254185172e-001 1.4745814828e-001 0.0000000000e+000 0.0000000000e+000 0.0000000000e+000 
0.0000000000e+000 8.6126964791e-001 1.3873035209e-001 0.0000000000e+000 0.0000000000e+000 
0.0000000000e+000 0.0000000000e+000 7.4282564082e-001 2.5717435918e-001 0.0000000000e+000 
0.0000000000e+000 0.0000000000e+000 0.0000000000e+000 9.2963034932e-001 7.0369650675e-002 
0.0000000000e+000 0.0000000000e+000 0.0000000000e+000 0.0000000000e+000 1.0000000000e+000 

Emission Matrix:
1.0000000000e-015 1.0000000000e-015 1.0000000000e-015 1.0000000000e-015 1.0000000000e-015 1.0000000000e-015 1.0000000000e-015 1.0000000000e-015 1.0000000000e-015 1.0000000000e-015 1.0000000000e-015 2.6846761416e-003 1.0000000000e-015 1.0000000000e-015 1.0000000000e-015 1.0000000000e-015 1.0000000000e-015 1.0000000000e-015 5.7152198599e-002 6.7582589463e-002 2.2267213542e-001 2.8348538443e-001 2.0078604727e-001 1.6418364925e-001 1.0000000000e-015 1.0000000000e-015 1.0000000000e-015 1.0000000000e-015 1.0000000000e-015 1.0000000000e-015 1.4533194193e-003 1.0000000000e-015 
1.0000000000e-015 1.0000000000e-015 1.0000000000e-015 1.8515055943e-003 1.0000000000e-015 1.0000000000e-015 1.0000000000e-015 1.0000000000e-015 1.0000000000e-015 1.0000000000e-015 1.0000000000e-015 1.4829222896e-003 1.0000000000e-015 1.0000000000e-015 3.3333333333e-002 1.0000000000e-015 1.0000000000e-015 1.0000000000e-015 9.3071598196e-002 3.3879967298e-002 1.8649833593e-001 2.1009435175e-001 2.1958289871e-001 2.2020508689e-001 1.0000000000e-015 1.0000000000e-015 1.0000000000e-015 1.0000000000e-015 1.0000000000e-015 1.0000000000e-015 1.0000000000e-015 1.0000000000e-015 
3.7037037037e-003 7.4074074074e-003 6.9739455930e-002 2.1889373893e-001 2.6190539955e-002 2.4997249520e-001 1.0000000000e-015 4.3573525107e-003 1.0000000000e-015 1.0000000000e-015 1.0000000000e-015 1.0000000000e-015 1.0000000000e-015 1.0000000000e-015 1.0000000000e-015 1.0000000000e-015 1.0000000000e-015 1.0000000000e-015 2.5165032862e-001 2.8477489751e-002 1.8061181839e-002 1.6080919267e-002 1.2743915285e-002 6.9374330768e-002 1.0000000000e-015 1.9687094366e-002 1.0000000000e-015 1.0000000000e-015 1.0000000000e-015 3.6600464702e-003 1.0000000000e-015 1.0000000000e-015 
1.0000000000e-015 8.4061228830e-003 1.0000000000e-015 4.0448703209e-003 5.8675888756e-002 1.8393752470e-001 1.3888888889e-003 1.2557483942e-002 1.0000000000e-015 1.0000000000e-015 1.0000000000e-015 1.0000000000e-015 1.0000000000e-015 1.0000000000e-015 1.0000000000e-015 2.4498341898e-002 1.0000000000e-015 1.0000000000e-015 1.0000000000e-015 1.0000000000e-015 1.0000000000e-015 1.0000000000e-015 1.0000000000e-015 7.5285670191e-003 3.1797958640e-001 3.3206765776e-001 4.1647476773e-002 3.3324044582e-003 1.0000000000e-015 1.0000000000e-015 3.9351861999e-003 1.0000000000e-015 
1.0000000000e-015 1.0000000000e-015 1.0000000000e-015 1.0000000000e-015 1.0000000000e-015 1.0000000000e-015 1.0000000000e-015 1.0000000000e-015 1.0000000000e-015 1.0000000000e-015 1.0000000000e-015 2.6062235389e-002 1.0000000000e-015 6.5396429599e-003 1.5436709599e-001 3.7748687252e-001 1.0000000000e-015 4.2386720711e-003 7.0405321675e-002 4.6386367843e-002 6.7204772227e-002 8.9269269902e-002 9.2649170796e-002 4.8659635140e-002 1.0000000000e-015 2.3424778785e-011 1.0099775441e-007 1.2064318559e-003 5.8823529412e-003 5.4375122065e-003 4.2045454545e-003 1.0000000000e-015 

Initial Probabilities:
1.0000000000e+000 0.0000000000e+000 0.0000000000e+000 0.0000000000e+000 0.0000000000e+000 
