Transition Matrix:
8.8463949668e-001 1.1536050332e-001 0.0000000000e+000 0.0000000000e+000 0.0000000000e+000 
0.0000000000e+000 5.1146801237e-001 4.8853198763e-001 0.0000000000e+000 0.0000000000e+000 
0.0000000000e+000 0.0000000000e+000 8.9458080273e-001 1.0541919727e-001 0.0000000000e+000 
0.0000000000e+000 0.0000000000e+000 0.0000000000e+000 9.2119982806e-001 7.8800171941e-002 
0.0000000000e+000 0.0000000000e+000 0.0000000000e+000 0.0000000000e+000 1.0000000000e+000 

Emission Matrix:
1.0000000000e-015 1.0000000000e-015 1.0000000000e-015 1.0000000000e-015 1.0000000000e-015 1.0000000000e-015 1.0000000000e-015 1.0000000000e-015 1.0000000000e-015 1.0000000000e-015 1.0000000000e-015 7.9381483049e-003 1.0000000000e-015 1.0000000000e-015 1.0000000000e-015 1.0000000000e-015 1.0000000000e-015 1.0000000000e-015 2.0638360046e-002 4.7619047619e-003 2.9558145672e-001 2.8054640754e-001 2.5229159570e-001 1.0074212692e-001 1.0000000000e-015 1.0000000000e-015 1.0000000000e-015 1.0000000000e-015 3.7500000000e-002 1.0000000000e-015 1.0000000000e-015 1.0000000000e-015 
1.0000000000e-015 1.0000000000e-015 1.0000000000e-015 4.8456844666e-002 1.0000000000e-015 1.2578548362e-002 1.0000000000e-015 1.0000000000e-015 1.0000000000e-015 1.0000000000e-015 1.0000000000e-015 1.0000000000e-015 1.0000000000e-015 3.3333333333e-002 1.2744985098e-002 1.0000000000e-015 1.0000000000e-015 1.0000000000e-015 5.9560692832e-001 3.7322138222e-002 6.7691436808e-002 6.2261187948e-002 3.7792992775e-002 5.5899818655e-002 1.0000000000e-015 1.0000000000e-015 1.0000000000e-015 1.0000000000e-015 1.2335224972e-010 3.6311785685e-002 1.0000000000e-015 1.0000000000e-015 
1.0000000000e-015 1.0000000000e-015 2.3809523816e-003 3.0746279934e-003 1.0000000000e-015 1.0000000000e-015 1.0000000000e-015 1.0000000000e-015 7.5163398693e-003 1.4141414141e-002 1.0000000000e-015 1.0000000000e-015 1.6666666667e-002 1.0000000000e-015 7.4074074074e-003 1.0000000000e-015 1.0000000000e-015 1.0000000000e-015 2.4908536780e-002 3.0303030303e-003 3.9215686695e-003 5.8823529412e-003 5.2941176471e-003 1.0000000000e-015 1.0000000000e-015 1.0000000000e-015 1.0000000000e-015 1.0000000000e-015 8.9138321112e-001 1.4392501350e-002 1.0000000000e-015 1.0000000000e-015 
1.0000000000e-015 1.0816554665e-002 1.0000000000e-015 1.0000000000e-015 1.0000000000e-015 1.0000000000e-015 1.7112264278e-002 1.0000000000e-015 1.0000000000e-015 5.4257973842e-002 1.1452991453e-002 5.1760669182e-002 2.3187429006e-001 4.9314727428e-001 1.0700002412e-002 9.8812014057e-002 1.0000000000e-015 1.0000000000e-015 1.0000000000e-015 1.0000000000e-015 1.0000000000e-015 1.0000000000e-015 1.0000000000e-015 1.0000000000e-015 1.0000000000e-015 1.0000000000e-015 1.0000000000e-015 1.0000000000e-015 1.0000000000e-015 1.7288187994e-002 2.7777777778e-003 1.0000000000e-015 
7.0091570490e-003 1.1128648780e-001 1.0000000000e-015 3.2672587293e-002 2.4884132529e-001 1.3836672934e-001 3.6640513874e-002 4.3040482818e-003 1.0000000000e-015 1.0000000000e-015 1.0000000000e-015 1.5110012686e-002 1.0000000000e-015 1.0000000000e-015 9.2824757733e-003 4.9325106728e-003 1.0000000000e-015 9.8039215686e-004 2.0093133605e-002 1.3828688960e-001 3.2079747902e-002 5.8166484405e-002 6.0275074667e-002 7.3393234420e-002 1.0000000000e-015 1.0000000000e-015 1.0000000000e-015 1.0101010101e-003 5.3928995936e-003 8.2295359134e-004 1.0532410004e-003 1.0000000000e-015 

Initial Probabilities:
1.0000000000e+000 0.0000000000e+000 0.0000000000e+000 0.0000000000e+000 0.0000000000e+000 
