Transition Matrix:
6.4640282662e-001 3.5359717338e-001 0.0000000000e+000 0.0000000000e+000 0.0000000000e+000 
0.0000000000e+000 8.7426807715e-001 1.2573192285e-001 0.0000000000e+000 0.0000000000e+000 
0.0000000000e+000 0.0000000000e+000 4.7744796681e-001 5.2255203319e-001 0.0000000000e+000 
0.0000000000e+000 0.0000000000e+000 0.0000000000e+000 8.6953906633e-001 1.3046093367e-001 
0.0000000000e+000 0.0000000000e+000 0.0000000000e+000 0.0000000000e+000 1.0000000000e+000 

Emission Matrix:
1.0000000000e-015 1.0000000000e-015 1.0000000000e-015 1.0000000000e-015 1.0000000000e-015 1.0000000000e-015 1.0000000000e-015 1.0000000000e-015 1.0000000000e-015 1.0000000000e-015 1.0000000000e-015 1.0000000000e-015 1.0000000000e-015 1.0000000000e-015 1.0000000000e-015 1.0000000000e-015 1.0000000000e-015 1.0000000000e-015 4.3442313098e-002 7.5569976376e-003 1.7879412676e-001 3.9491516567e-001 2.5133945689e-001 1.2395193994e-001 1.0000000000e-015 1.0000000000e-015 1.0000000000e-015 1.0000000000e-015 1.0000000000e-015 1.0000000000e-015 1.0000000000e-015 1.0000000000e-015 
1.0000000000e-015 1.0000000000e-015 1.0000000000e-015 1.0000000000e-015 1.0000000000e-015 1.0000000000e-015 1.0000000000e-015 3.3333333333e-002 1.0000000000e-015 1.0000000000e-015 1.0000000000e-015 2.5497093851e-003 1.0000000000e-015 1.0000000000e-015 1.4366597443e-003 1.0000000000e-015 1.0000000000e-015 1.0000000000e-015 2.7603700713e-002 8.2326590363e-003 3.3165732461e-001 2.5312414705e-001 3.1047936883e-001 2.8673693361e-002 1.0000000000e-015 1.0000000000e-015 1.0000000000e-015 1.0000000000e-015 1.0000000000e-015 2.9094039421e-003 1.0000000000e-015 1.0000000000e-015 
1.0000000000e-015 1.0000000000e-015 1.0000000000e-015 1.0000000000e-015 1.0000000000e-015 1.0000000000e-015 1.5676976119e-003 1.0000000000e-015 1.0000000000e-015 1.0000000000e-015 1.0000000000e-015 3.5629044006e-003 1.0000000000e-015 1.0000000000e-015 1.0000000000e-015 1.0000000000e-015 1.0000000000e-015 1.0000000000e-015 2.3096279411e-002 5.1768100797e-002 2.7665366365e-002 2.1661792428e-003 1.9439914582e-002 1.2103804376e-001 1.0000000000e-015 1.0000000000e-015 1.0000000000e-015 3.5629044006e-003 1.8394294734e-001 3.8028827733e-001 3.5629044006e-003 1.7833848036e-001 
1.0000000000e-015 1.0000000000e-015 1.0000000000e-015 1.0000000000e-015 1.0000000000e-015 1.0000000000e-015 1.0000000000e-015 1.0000000000e-015 1.0000000000e-015 1.0000000000e-015 1.0000000000e-015 1.3214292394e-002 1.0411574906e-005 1.3286038959e-009 8.0180947334e-003 2.3345725504e-002 1.0000000000e-015 1.0000000000e-015 1.0000000000e-015 1.0000000000e-015 1.0000000000e-015 1.0000000000e-015 2.6634349497e-003 1.0000000000e-015 1.0000000000e-015 2.8910527830e-003 1.0000000000e-015 1.0000000000e-015 8.5673211697e-002 1.6999619339e-002 7.4479477100e-001 1.0238938470e-001 
1.0000000000e-015 1.0000000000e-015 1.0000000000e-015 1.0000000000e-015 1.0000000000e-015 1.0000000000e-015 1.0000000000e-015 7.7519379845e-004 1.0000000000e-015 1.0000000000e-015 3.9691543095e-003 2.2317323020e-002 9.6852538735e-002 1.6787238469e-001 7.3473552085e-003 2.4677814499e-003 1.0000000000e-015 1.0000000000e-015 1.9416292618e-002 8.9611834525e-003 7.5451815600e-002 7.9213407098e-002 4.0563023573e-002 2.9431775896e-002 1.0000000000e-015 1.0000000000e-015 1.0000000000e-015 1.6463414634e-003 2.0795947835e-002 3.6905040475e-001 2.6045459605e-002 2.7822616895e-002 

Initial Probabilities:
1.0000000000e+000 0.0000000000e+000 0.0000000000e+000 0.0000000000e+000 0.0000000000e+000 
