Transition Matrix:
6.1337964653e-001 3.8662035347e-001 0.0000000000e+000 0.0000000000e+000 0.0000000000e+000 
0.0000000000e+000 9.3617330024e-001 6.3826699758e-002 0.0000000000e+000 0.0000000000e+000 
0.0000000000e+000 0.0000000000e+000 8.1451239713e-001 1.8548760287e-001 0.0000000000e+000 
0.0000000000e+000 0.0000000000e+000 0.0000000000e+000 9.1825338106e-001 8.1746618936e-002 
0.0000000000e+000 0.0000000000e+000 0.0000000000e+000 0.0000000000e+000 1.0000000000e+000 

Emission Matrix:
1.0000000000e-015 1.0000000000e-015 1.0000000000e-015 1.0000000000e-015 1.0000000000e-015 1.0000000000e-015 1.0000000000e-015 1.0000000000e-015 1.0000000000e-015 1.0000000000e-015 1.0000000000e-015 1.0000000000e-015 1.0000000000e-015 1.0000000000e-015 5.8412677019e-003 1.0000000000e-015 1.0000000000e-015 1.0000000000e-015 3.2770943905e-002 9.0462636330e-002 2.7067000630e-001 2.2045529656e-001 3.6500171549e-001 9.5373636700e-003 1.0000000000e-015 1.0000000000e-015 1.0000000000e-015 1.0000000000e-015 1.0000000000e-015 5.2607700474e-003 1.0000000000e-015 1.0000000000e-015 
1.0000000000e-015 1.0000000000e-015 1.0000000000e-015 1.0000000000e-015 1.0000000000e-015 1.0000000000e-015 1.0000000000e-015 1.0000000000e-015 1.0000000000e-015 1.0000000000e-015 1.0000000000e-015 1.0000000000e-015 1.0000000000e-015 1.0000000000e-015 4.8665742131e-003 1.0000000000e-015 1.0000000000e-015 1.0000000000e-015 4.5884653077e-002 1.7947859951e-002 2.7903919744e-001 3.5937278530e-001 2.0786152886e-001 7.6338596949e-002 1.0000000000e-015 1.0000000000e-015 1.0000000000e-015 1.0000000000e-015 7.0772606472e-003 1.0000000000e-015 1.6115435742e-003 1.0000000000e-015 
1.0000000000e-015 3.2644880936e-002 1.0000000000e-015 1.0000000000e-015 1.0000000000e-015 8.2838608551e-003 4.8618465831e-002 1.9962239751e-002 1.0000000000e-015 3.8579770378e-003 1.0000000000e-015 2.2417487087e-002 1.0000000000e-015 1.0000000000e-015 1.0000000000e-015 1.0000000000e-015 1.0000000000e-015 1.0000000000e-015 6.4697277757e-003 4.4282750592e-002 5.5555555556e-003 9.4120333322e-002 9.6858920444e-003 6.5957683715e-002 1.0000000000e-015 3.6666666667e-002 1.0000000000e-015 1.0000000000e-015 2.4268547765e-002 2.4453207402e-001 3.3267585704e-001 1.0000000000e-015 
1.0000000000e-015 1.8483954292e-015 1.0000000000e-015 1.0000000000e-015 1.0000000000e-015 1.1175981755e-010 2.2875756489e-013 1.3585877525e-002 1.0000000000e-015 1.0000000000e-015 1.0000000000e-015 1.0000000000e-015 1.0000000000e-015 2.5641025641e-003 1.0000000000e-015 1.0000000000e-015 6.2442809301e-008 1.0000000000e-015 1.0000000000e-015 4.0133779264e-003 1.0000000000e-015 1.0000000000e-015 1.0000000000e-015 9.0909090909e-003 3.5230517346e-001 3.4888312124e-001 5.0702822658e-002 1.9560574562e-001 1.0000000000e-015 1.0000000000e-015 2.3248807358e-002 1.0000000000e-015 
1.0000000000e-015 1.0000000000e-015 1.0000000000e-015 1.0000000000e-015 1.0000000000e-015 1.0000000000e-015 9.2592592593e-004 1.0000000000e-015 5.8625470390e-003 4.6875625902e-002 4.7680337533e-001 4.2355254073e-002 3.1363317954e-002 4.6605008370e-003 2.6606182051e-002 1.0000000000e-015 8.8503119433e-003 1.3115807769e-001 4.4517271512e-002 1.8573251725e-002 5.1714777164e-002 3.0277217961e-002 5.6486360836e-002 8.7923054526e-003 1.0000000000e-015 1.0000000000e-015 1.0000000000e-015 1.0000000000e-015 1.0473992900e-002 2.7777777778e-003 1.0000000000e-015 9.2592592593e-004 

Initial Probabilities:
1.0000000000e+000 0.0000000000e+000 0.0000000000e+000 0.0000000000e+000 0.0000000000e+000 
