Transition Matrix:
9.2968918767e-001 7.0310812326e-002 0.0000000000e+000 0.0000000000e+000 0.0000000000e+000 
0.0000000000e+000 6.4748967486e-001 3.5251032514e-001 0.0000000000e+000 0.0000000000e+000 
0.0000000000e+000 0.0000000000e+000 3.6465737169e-001 6.3534262831e-001 0.0000000000e+000 
0.0000000000e+000 0.0000000000e+000 0.0000000000e+000 9.2914971001e-001 7.0850289995e-002 
0.0000000000e+000 0.0000000000e+000 0.0000000000e+000 0.0000000000e+000 1.0000000000e+000 

Emission Matrix:
1.0000000000e-015 1.0000000000e-015 1.0000000000e-015 1.0000000000e-015 1.0000000000e-015 1.0000000000e-015 1.0000000000e-015 1.0000000000e-015 1.0000000000e-015 1.0000000000e-015 1.0000000000e-015 4.4428085311e-003 1.0000000000e-015 1.0000000000e-015 1.0000000000e-015 1.0000000000e-015 1.0000000000e-015 1.0000000000e-015 2.2176121096e-002 4.8088669585e-002 2.2497491577e-001 2.0277152077e-001 2.1266238491e-001 2.8488357933e-001 1.0000000000e-015 1.0000000000e-015 1.0000000000e-015 1.0000000000e-015 1.0000000000e-015 1.0000000000e-015 1.0000000000e-015 1.0000000000e-015 
1.0000000000e-015 1.0000000000e-015 1.0000000000e-015 1.0000000000e-015 1.0000000000e-015 1.1060727024e-002 1.0000000000e-015 1.0000000000e-015 1.0000000000e-015 1.0000000000e-015 1.0000000000e-015 3.2820483924e-003 1.0000000000e-015 1.0000000000e-015 1.0000000000e-015 1.0000000000e-015 1.0000000000e-015 1.0000000000e-015 9.4950730472e-002 6.4251737334e-002 9.8182235128e-002 2.6331961681e-001 1.0988512195e-001 2.5294531402e-001 1.0000000000e-015 3.3333333266e-002 1.0000000000e-015 1.0000000000e-015 1.0000000000e-015 6.8789135603e-002 1.0000000000e-015 1.0000000000e-015 
1.0000000000e-015 1.0000000000e-015 1.0000000000e-015 1.0000000000e-015 1.0000000000e-015 5.6451369462e-005 1.0000000000e-015 1.0000000000e-015 1.0000000000e-015 1.0000000000e-015 1.0000000000e-015 3.8062218848e-002 1.0000000000e-015 1.0000000000e-015 5.4555951555e-002 1.1111111111e-002 1.0000000000e-015 1.0000000000e-015 7.6576435758e-003 2.1826208926e-001 2.3730716824e-001 2.1164488147e-002 1.8740904330e-002 1.7682262561e-001 1.6666666667e-002 4.4870083397e-002 1.0000000000e-015 4.5841772402e-003 1.2515253349e-001 2.4985887153e-002 1.0000000000e-015 9.1477763751e-012 
1.0000000000e-015 1.0000000000e-015 1.0000000000e-015 1.0000000000e-015 1.0000000000e-015 1.0000000000e-015 1.0000000000e-015 7.2033241955e-002 1.0000000000e-015 1.0000000000e-015 1.0000000000e-015 1.0000000000e-015 1.0000000000e-015 1.0000000000e-015 1.0000000000e-015 6.1876195377e-002 1.0000000000e-015 1.0000000000e-015 1.0000000000e-015 1.8677528983e-009 1.0000000000e-015 1.0000000000e-015 1.0000000000e-015 1.0000000000e-015 1.0000000000e-015 8.8201228570e-002 2.1888251194e-001 5.5555555556e-003 7.4437442907e-003 4.7619047619e-003 5.2978100016e-002 4.8826751567e-001 
1.0000000000e-015 1.0000000000e-015 1.0000000000e-015 1.0000000000e-015 1.0000000000e-015 1.0000000000e-015 6.4824292536e-003 2.6217427043e-001 1.0000000000e-015 2.7527527528e-003 8.4782860763e-003 3.4535664929e-001 2.1180740545e-003 2.2988505747e-003 1.3894605718e-001 1.9679103308e-002 8.2668953690e-004 1.7009002420e-002 2.3025143175e-002 8.5571998420e-003 3.9058996544e-002 1.4271743860e-002 3.2788658500e-002 3.4386650969e-003 1.0000000000e-015 1.0000000000e-015 2.2172802943e-003 6.4468568370e-002 1.0000000000e-015 6.0515794426e-003 1.0000000000e-015 1.0000000000e-015 

Initial Probabilities:
1.0000000000e+000 0.0000000000e+000 0.0000000000e+000 0.0000000000e+000 0.0000000000e+000 
