SAMPLES:	9029
BITSPERSAMPLE:	16
CHANNELS:	1
SAMPLERATE:	16000
NORMALIZED:	FALSE
-1
0
-1
0
1
0
0
0
-1
-1
-1
0
-1
0
-1
-1
-1
-1
0
0
0
1
0
0
0
1
0
0
1
0
0
1
-1
0
0
0
0
0
-1
-1
0
0
-1
1
0
1
0
0
0
1
1
0
0
0
0
0
0
1
0
0
1
0
1
1
1
2
1
1
0
0
0
-1
0
-1
-1
0
-1
0
-1
-1
-1
-1
0
-1
-1
-2
-3
-3
-3
-2
-2
-2
-1
-1
0
0
1
1
1
2
1
0
2
2
1
2
2
2
2
2
2
3
2
3
3
3
3
2
2
1
0
-1
0
0
-1
-1
0
1
1
0
0
-2
-3
-2
-3
-4
-2
-3
-2
-1
-1
0
0
0
0
0
0
0
-1
0
-1
-2
-1
-2
-1
-1
-1
-1
0
1
1
2
1
1
1
0
0
0
-1
-1
-1
-2
0
0
1
1
2
2
2
2
2
2
0
0
0
-1
-1
-1
0
0
1
2
1
1
1
0
0
-2
-2
-3
-3
-2
0
1
4
5
5
4
2
0
-1
-3
-5
-6
-5
-5
-3
0
2
3
3
2
1
0
-3
-5
-5
-6
-5
-6
-4
-3
-1
2
3
5
6
7
7
7
7
7
6
5
2
1
-2
-4
-6
-7
-8
-7
-6
-5
-4
-3
-2
-2
-1
-1
-2
-1
-1
0
1
3
6
7
7
8
9
8
8
7
5
4
3
1
-2
-4
-5
-7
-8
-9
-9
-7
-2
4
9
12
14
11
7
3
-2
-6
-10
-12
-11
-12
-12
-11
-8
-4
2
6
8
7
4
2
0
-1
0
0
1
2
2
1
2
1
-1
-2
0
2
5
6
8
11
10
11
11
9
4
3
1
-2
-6
-10
-12
-12
-12
-11
-9
-7
-5
-4
-3
-3
-3
-5
-5
-5
-6
-9
-10
-9
-10
-9
-5
-3
-1
0
1
4
6
7
8
9
10
12
12
12
13
13
14
13
11
10
8
6
4
3
-1
-5
-7
-7
-6
-1
9
14
18
19
17
14
8
-4
-18
-29
-34
-34
-33
-31
-26
-21
-15
-6
-1
-1
-3
-4
-6
-11
-15
-13
-9
-3
5
14
20
25
29
30
30
26
19
13
6
-3
-9
-15
-16
-13
-8
-3
1
6
8
10
10
12
11
10
7
3
0
-1
2
6
6
5
0
-3
-2
-4
-1
5
7
9
15
24
30
31
30
27
27
25
23
14
1
-7
-8
-7
-5
-5
-3
-2
-2
-4
-8
-15
-21
-27
-30
-30
-24
-16
-14
-17
-24
-32
-39
-44
-49
-55
-59
-60
-57
-54
-55
-55
-53
-46
-42
-40
-36
-27
-14
-9
-12
-19
-23
-20
-9
7
20
28
30
26
20
18
13
5
0
8
19
33
48
64
78
90
100
113
122
120
111
98
85
84
84
79
70
63
64
71
82
95
100
85
63
46
43
40
29
5
-20
-32
-30
-17
-7
-9
-21
-26
-26
-25
-31
-47
-61
-69
-75
-88
-106
-110
-91
-63
-60
-85
-112
-124
-117
-105
-102
-123
-173
-230
-257
-254
-223
-197
-205
-214
-188
-134
-116
-151
-201
-217
-183
-133
-102
-117
-163
-182
-114
8
97
124
133
170
237
291
309
307
320
351
383
394
399
416
415
395
357
317
301
316
338
328
273
191
123
106
120
128
122
122
146
170
140
61
-25
-87
-114
-131
-151
-163
-187
-227
-262
-264
-206
-112
-14
78
151
184
176
154
121
89
77
88
85
57
34
54
95
81
2
-86
-89
26
128
-13
-443
-877
-955
-682
-418
-476
-803
-1059
-1018
-819
-789
-1030
-1307
-1321
-1089
-879
-975
-1346
-1625
-1482
-980
-542
-398
-330
-5
497
804
711
441
423
814
1357
1614
1408
1034
943
1228
1526
1481
1192
1085
1417
1927
2139
1834
1269
901
946
1209
1304
1134
926
874
862
661
295
-36
-187
-201
-243
-446
-747
-953
-1024
-1064
-1161
-1309
-1334
-1111
-775
-599
-678
-874
-941
-821
-664
-609
-636
-653
-609
-516
-442
-410
-391
-284
-66
145
239
229
183
146
205
366
549
731
910
1052
1120
1062
921
825
823
857
792
462
-122
-731
-1054
-975
-792
-905
-1375
-1803
-1797
-1441
-1191
-1350
-1751
-1986
-1863
-1548
-1438
-1732
-2120
-2157
-1742
-1209
-949
-950
-860
-465
-6
223
266
421
954
1737
2374
2576
2437
2358
2583
2893
2910
2631
2415
2548
2817
2744
2145
1318
736
680
1009
1216
1075
822
727
757
672
303
-178
-447
-430
-337
-419
-705
-1018
-1167
-1163
-1143
-1172
-1122
-805
-413
-304
-526
-868
-1088
-1063
-947
-1013
-1236
-1403
-1327
-1038
-794
-704
-660
-560
-372
-152
-48
-84
-133
-73
98
275
363
429
568
703
781
828
900
1109
1385
1367
876
155
-300
-132
392
623
222
-490
-945
-928
-776
-953
-1466
-1940
-2069
-1935
-1885
-2170
-2590
-2670
-2234
-1600
-1231
-1116
-845
-313
120
111
-283
-627
-445
240
981
1305
1158
1021
1332
1922
2235
2114
1936
2126
2696
3170
3112
2524
1728
1161
1042
1154
1217
1239
1300
1405
1405
1127
688
319
200
348
510
414
50
-393
-765
-1044
-1318
-1606
-1702
-1530
-1317
-1210
-1209
-1271
-1314
-1289
-1207
-1122
-1122
-1097
-917
-697
-550
-434
-287
-150
-112
-198
-249
-174
23
346
757
1112
1327
1497
1655
1750
1730
1608
1535
1572
1542
1234
517
-514
-1390
-1571
-1068
-585
-757
-1369
-1709
-1527
-1250
-1432
-2045
-2632
-2821
-2595
-2326
-2432
-2931
-3284
-2946
-2136
-1541
-1332
-1055
-381
387
762
685
430
400
857
1583
2032
1853
1457
1527
2048
2379
2231
1963
2011
2442
2927
3128
2958
2590
2327
2357
2497
2438
2165
1970
1898
1667
1151
573
165
-129
-450
-825
-1176
-1487
-1728
-1896
-2002
-2118
-2232
-2132
-1754
-1359
-1206
-1223
-1242
-1258
-1396
-1607
-1781
-1859
-1780
-1522
-1205
-936
-668
-283
164
431
568
729
974
1250
1521
1731
1789
1722
1721
1905
2134
2222
2232
2294
2349
2264
1820
977
-33
-818
-1013
-742
-674
-1124
-1685
-1990
-2149
-2386
-2617
-2708
-2802
-2961
-2914
-2699
-2714
-3030
-3229
-3072
-2764
-2551
-2191
-1392
-507
-58
18
109
241
403
747
1352
1799
1757
1624
1880
2238
2185
1894
1839
2116
2451
2805
3264
3624
3619
3362
3014
2583
2088
1756
1766
1857
1710
1309
913
539
101
-325
-536
-601
-718
-903
-1064
-1223
-1462
-1690
-1814
-1831
-1824
-1715
-1521
-1405
-1497
-1739
-1971
-2098
-2097
-2016
-1826
-1451
-995
-659
-436
-289
-174
-35
222
569
860
1027
1202
1456
1639
1742
1857
2066
2324
2534
2635
2668
2605
2378
1913
1084
17
-684
-512
160
297
-603
-1820
-2444
-2521
-2712
-3291
-3953
-4282
-4132
-3654
-3294
-3453
-3944
-4016
-3340
-2535
-2233
-2212
-1746
-716
180
380
123
-101
62
746
1645
2095
1903
1812
2420
3317
3610
3204
2775
2827
3287
3811
4043
3873
3516
3230
3010
2571
1888
1334
1247
1441
1512
1307
952
622
335
9
-461
-1001
-1387
-1450
-1354
-1473
-1861
-2236
-2383
-2347
-2271
-2193
-2022
-1676
-1230
-893
-840
-1016
-1218
-1266
-1105
-791
-487
-216
84
291
268
133
93
181
314
453
691
1018
1354
1689
1960
2014
1900
1813
1828
1882
1841
1653
1258
585
-323
-1089
-1273
-868
-471
-700
-1361
-1793
-1857
-1977
-2379
-2968
-3504
-3648
-3284
-2811
-2823
-3395
-3872
-3643
-2959
-2452
-2264
-2000
-1392
-626
-46
233
248
188
497
1243
1885
1982
1860
2092
2615
2889
2679
2352
2317
2744
3505
4205
4450
4281
4088
4005
3778
3189
2405
1781
1501
1402
1204
808
423
205
81
-49
-300
-652
-949
-1068
-1249
-1659
-2126
-2453
-2614
-2764
-2970
-3130
-3048
-2675
-2152
-1713
-1493
-1413
-1297
-1079
-807
-517
-235
-17
159
349
482
487
465
521
650
849
1169
1627
2143
2543
2722
2752
2751
2697
2519
2207
1761
1217
701
124
-803
-1845
-2222
-1575
-651
-486
-1182
-1957
-2219
-2211
-2385
-2945
-3680
-4117
-3891
-3218
-2918
-3419
-4163
-4231
-3489
-2601
-2084
-1683
-1003
-147
478
738
732
629
832
1473
2133
2325
2277
2566
3271
3837
3785
3325
2951
3025
3473
3888
3911
3572
3166
2908
2669
2183
1513
1051
969
994
851
574
435
417
273
-120
-739
-1354
-1670
-1662
-1662
-1837
-2065
-2179
-2101
-2010
-2086
-2255
-2277
-2061
-1802
-1705
-1700
-1573
-1238
-838
-555
-431
-344
-162
68
228
187
75
189
528
822
960
1089
1312
1710
2184
2477
2544
2547
2535
2408
2140
1788
1424
1089
684
-49
-1047
-1695
-1416
-552
-164
-772
-1792
-2363
-2419
-2532
-3081
-3828
-4295
-4226
-3758
-3389
-3534
-4043
-4216
-3634
-2757
-2196
-1902
-1300
-274
690
1100
903
590
637
1105
1608
1775
1676
1878
2797
3957
4544
4300
3754
3607
3920
4210
4095
3586
3056
2909
3091
3068
2487
1628
1010
833
763
526
216
35
0
-84
-445
-1100
-1731
-2038
-2020
-2024
-2294
-2576
-2499
-2134
-1833
-1859
-2098
-2227
-2086
-1782
-1575
-1534
-1465
-1084
-502
-76
39
-26
-15
98
131
89
284
801
1336
1555
1441
1253
1275
1537
1830
1969
1967
2050
2264
2454
2318
1769
1109
676
356
-393
-1632
-2648
-2505
-1301
-481
-1091
-2302
-2558
-1880
-1738
-2999
-4868
-5975
-5599
-4170
-2918
-2753
-3405
-3721
-3024
-1874
-1465
-1754
-1579
-389
1044
1768
1769
1419
1252
1589
2193
2419
2265
2533
3642
4977
5530
5139
4558
4458
4484
3960
2862
1885
1615
2050
2583
2516
1746
898
596
551
165
-757
-1596
-1763
-1347
-921
-858
-1027
-1331
-1688
-2189
-2872
-3489
-3511
-2812
-1846
-1202
-950
-579
42
564
513
-25
-574
-657
-232
376
836
987
1030
1125
1244
1192
1036
965
1091
1277
1276
1128
1156
1682
2387
2669
2367
1994
1915
1942
1637
900
68
-458
-648
-1362
-3545
-6996
-9494
-8818
-5667
-3327
-3715
-4943
-4281
-2113
-1385
-3202
-5612
-6048
-4182
-1686
-442
-866
-1244
121
2656
3707
2210
219
458
2916
4981
5022
4073
4029
4962
5425
4355
2329
873
1140
2680
3855
3805
3345
3664
4364
4246
2861
1100
-32
-437
-644
-965
-1154
-1086
-1020
-1277
-1971
-3001
-3897
-4254
-4030
-3562
-2820
-1752
-701
-14
184
318
379
176
-437
-1118
-1281
-950
-402
30
472
1023
1507
1747
1708
1585
1594
1787
1915
1919
1999
2185
2164
1771
1280
1110
1288
1384
1055
416
13
166
587
792
708
702
1081
1705
1895
1183
12
-832
-1120
-1457
-2565
-5095
-9008
-12181
-11972
-8524
-5732
-5848
-6099
-3432
390
662
-2456
-4444
-3135
-1014
-852
-1639
-1168
1008
3288
4248
3892
3252
3050
3112
3007
2723
2633
3049
4035
4748
4825
4683
4415
3349
1743
1564
2809
3235
2115
1518
2775
4149
3868
2251
844
365
-88
-1347
-2998
-3587
-2809
-1951
-1941
-2546
-2883
-2815
-2763
-3119
-3631
-3330
-2132
-1028
-510
-28
694
1051
744
375
238
87
-239
-581
-521
64
762
920
822
1327
2183
2580
2284
1953
2003
2272
2673
2889
3026
3363
3715
3469
2469
1400
409
-572
-1373
-1761
-1614
-1130
-459
280
1140
2016
2285
1794
980
154
-908
-2865
-6115
-10487
-14040
-14173
-11157
-8096
-7126
-6143
-2519
1589
2138
-768
-2527
-1467
-874
-2393
-3829
-2636
82
2105
3128
3720
4592
5174
4922
4239
3693
3490
3172
2951
3147
3719
4734
5223
4264
2757
2652
3850
3738
2053
1218
2094
2896
2091
869
591
703
-151
-2251
-3914
-4019
-3405
-3246
-3585
-3456
-2752
-1982
-1466
-1400
-1320
-976
-565
-403
-381
29
514
717
688
852
1194
910
33
-656
-494
86
241
199
683
1784
2767
3074
2970
3023
3270
3183
2512
1703
1204
996
910
921
1076
1312
1305
762
-164
-878
-1156
-1388
-1727
-1950
-1690
-1047
-390
123
545
1029
1191
716
-645
-3386
-7633
-11964
-13596
-11842
-9258
-8314
-7534
-3959
993
3190
1746
280
765
922
-749
-2809
-3079
-1715
0
1605
3102
4799
6180
6735
6518
5816
4884
3621
2445
1652
1316
1818
2565
2455
1851
2286
3930
4636
3618
2662
2874
3218
2102
58
-1175
-1207
-1191
-2092
-2977
-2805
-2298
-2509
-3411
-3876
-3656
-3280
-2870
-2760
-2678
-2317
-1581
-700
-77
848
1814
2360
2506
2436
2491
2203
1630
905
318
290
292
184
209
844
1740
2146
2431
2887
3459
3787
3541
2973
2373
1875
1384
793
333
-77
-616
-1150
-1586
-1777
-1730
-1491
-1223
-976
-552
-111
-1
-112
-81
-57
-377
-1468
-3637
-7068
-10879
-12891
-12188
-10290
-9495
-8953
-5936
-991
2344
2434
1970
2798
3000
1247
-1122
-2294
-2340
-2048
-1006
799
3008
5247
7006
8324
9002
8807
7495
5541
3862
2405
1217
472
21
63
1176
3244
4647
4564
4426
4958
5032
3461
803
-1351
-2642
-3549
-4375
-4866
-4588
-3848
-3071
-2485
-2378
-2606
-2826
-2728
-2635
-3029
-3414
-3296
-2648
-1864
-1013
125
1171
1861
2358
2717
2699
2165
1625
1503
1396
1073
615
537
1088
1782
2337
2676
3168
3879
4452
4694
4286
3488
2772
2243
1728
896
35
-670
-1223
-1694
-2308
-2656
-2550
-2062
-1412
-791
-214
-22
-169
-269
-260
-514
-1491
-3489
-6551
-10204
-12676
-12615
-11031
-9976
-9433
-6675
-1944
1387
1951
2294
4361
5421
3789
1152
-224
-638
-1595
-2190
-1438
663
3022
4892
6743
8415
9406
9035
7604
6147
4548
2639
534
-1214
-2020
-1600
149
1913
2785
3603
5058
5997
4955
2834
1215
-136
-2291
-4903
-6362
-6120
-5289
-4857
-4426
-3298
-1807
-951
-819
-745
-747
-1159
-1971
-2537
-2777
-2813
-2392
-1639
-519
667
1940
2894
3215
3326
3207
2740
1740
878
589
573
522
473
978
2022
3125
3788
4025
4225
4400
4082
3176
2174
1489
886
-132
-1173
-1779
-1964
-2003
-2053
-1841
-1519
-1189
-833
-607
-411
-466
-366
-78
-124
-402
-1495
-3564
-7072
-10773
-12047
-11238
-10094
-10471
-9962
-6105
-1594
829
1002
2587
5311
5622
3745
1463
831
271
-1034
-1454
-732
1284
2993
4568
6912
9111
10273
9536
8307
7358
5659
2971
-252
-2475
-3084
-2621
-1476
-290
1307
3646
5855
6932
6415
5336
4033
1569
-1848
-5070
-6940
-7880
-8697
-8772
-7581
-5431
-3347
-1845
-472
734
1166
691
-357
-1300
-2128
-2941
-3267
-3113
-2312
-1282
-98
1319
2526
3647
4193
4243
3802
2915
2059
1053
425
434
972
1747
2452
3333
4255
4857
4909
4473
3831
3142
2168
794
-771
-2107
-2866
-3225
-3393
-3416
-3189
-2655
-1914
-1030
4
787
1124
1052
875
804
112
-1060
-2662
-4788
-7659
-10864
-12037
-11362
-10380
-9975
-8613
-4528
-647
1393
2312
4082
6113
5477
3663
2345
2170
1516
-237
-615
355
2010
3116
4235
6433
8480
9490
8914
7766
6602
4783
2218
-428
-2258
-3125
-3087
-2146
-566
1071
2835
4373
5026
4808
4071
3060
893
-2130
-4720
-6477
-7764
-8998
-9220
-7950
-6038
-4138
-2363
-365
1246
1627
1258
850
555
-329
-1716
-2518
-2558
-2243
-1864
-868
821
2373
3373
3925
4405
4554
4058
2990
1774
1003
799
809
813
1000
1603
2487
3250
3956
4481
4643
4348
3541
2578
1460
-27
-1851
-3562
-4517
-4737
-4625
-4221
-3339
-1933
-462
460
935
1366
1892
2354
2196
1410
-420
-3484
-7163
-10463
-11761
-11676
-11357
-11059
-9617
-5739
-1895
269
1570
3478
5955
6345
5388
4498
3866
3048
1187
365
531
1263
1977
2701
4621
6225
6966
6680
6459
6400
5110
2631
136
-1140
-1588
-1969
-2247
-1562
-238
1229
2288
2949
3628
3922
3671
2196
-126
-2400
-4451
-6280
-7859
-8570
-8363
-7911
-6986
-5170
-2814
-837
256
1261
2362
3070
2778
1551
450
-238
-804
-1576
-2025
-1504
-313
793
1598
2413
3160
3665
3543
3269
3101
2926
2650
1906
1474
1457
1792
2031
1842
1935
2200
2505
2460
2145
1795
1160
244
-833
-1895
-2865
-3624
-3917
-3599
-3050
-2440
-1801
-876
434
1602
2409
2767
2943
3074
2428
652
-2577
-6447
-9280
-10542
-10533
-10897
-10957
-9258
-5738
-2300
-380
1613
4020
6053
6144
5718
5549
4874
3363
1632
1317
909
288
-91
1042
3037
4109
4660
4961
5808
6098
5243
3492
1558
273
-807
-1878
-2745
-3075
-2754
-1883
-658
618
1680
2608
3018
2439
1171
-237
-1645
-3343
-5205
-6845
-8159
-8929
-8685
-7353
-5355
-3295
-1389
568
2543
4207
4929
4995
4770
4220
3014
1207
-239
-1189
-1491
-1505
-1098
-285
649
1789
2750
3596
4084
4561
4906
4751
3925
2707
1846
1164
553
-109
-517
-464
-84
480
954
1297
1283
940
205
-935
-2121
-3241
-3825
-3885
-3613
-3059
-2537
-1698
-571
785
2345
3530
4207
3863
2228
-625
-4269
-7204
-8878
-9923
-11104
-11861
-10582
-7689
-4997
-2669
3
3411
5857
6738
7513
7783
7293
5346
3575
2666
1258
-201
-1415
-919
343
1243
2112
3254
5216
6678
6656
5488
3990
2649
1043
-837
-2249
-3158
-3550
-3466
-2913
-1939
-930
217
1168
1639
1598
1052
106
-1206
-2666
-4207
-5930
-7537
-8231
-7738
-6368
-4901
-3284
-989
1586
3570
4311
4608
4935
4986
4237
3013
2042
1162
258
-671
-1008
-833
-367
393
1312
2264
2924
3496
4050
4322
4129
3624
3118
2715
2240
1613
847
146
-333
-618
-753
-827
-885
-1009
-1211
-1510
-1796
-2041
-2204
-2272
-2223
-1923
-1577
-1214
-668
202
1224
1845
2114
2124
1398
-589
-3576
-6131
-7259
-7910
-8974
-9883
-9130
-6383
-4053
-2467
-786
1701
4231
5178
5978
6244
5796
4489
2985
2521
1483
158
-947
-795
394
883
910
1094
2272
3722
4060
3549
3025
2872
2622
1599
400
-611
-1321
-1592
-1649
-1430
-1380
-1351
-1047
-516
-151
-167
-395
-622
-721
-1012
-1654
-2725
-3561
-3839
-3851
-3972
-4011
-3324
-1958
-281
1047
2101
3024
3732
4076
3827
3543
3150
2543
1739
652
-234
-966
-1101
-683
-115
651
1419
2577
3646
4226
4331
4087
3937
3443
2520
1410
302
-422
-940
-1324
-1564
-1743
-1601
-1384
-1271
-1256
-1337
-1308
-1288
-1218
-1079
-969
-809
-488
63
607
994
1328
1698
1730
657
-1634
-4240
-6073
-6724
-7430
-8704
-9497
-8748
-6581
-5001
-3585
-1624
886
3069
4185
5652
6466
6319
5172
4191
3843
2464
721
-603
-447
78
-174
-353
192
1550
2547
2593
2299
2248
2329
2167
1688
1254
759
65
-422
-478
-423
-612
-915
-1004
-968
-1012
-925
-753
-502
-455
-801
-1465
-2218
-2525
-2644
-2739
-2816
-2578
-1915
-1299
-782
-135
840
1880
2415
2399
2248
2066
2005
1865
1711
1533
1175
979
898
1047
1144
1210
1455
1809
2074
2005
2007
2297
2791
3107
2997
2645
2209
1772
1164
275
-594
-1201
-1600
-1972
-2265
-2376
-2433
-2355
-1991
-1289
-530
79
702
1119
1224
984
714
757
560
-209
-1810
-3940
-5847
-7078
-7340
-7652
-8445
-8789
-7829
-5868
-4500
-3357
-1591
654
2399
3167
4062
4654
4741
4336
4157
4232
3357
2161
1432
1738
1875
1109
401
478
1265
1671
1672
1808
2150
2293
2069
2050
2243
1921
1050
383
264
30
-743
-1355
-1388
-1283
-1461
-1780
-1836
-1652
-1588
-1741
-1976
-2039
-1946
-1957
-1992
-1977
-1832
-1652
-1421
-1014
-456
195
688
1043
1265
1760
2310
2756
3060
3209
3480
3421
3249
2708
2083
1521
922
649
449
575
814
1266
2058
2730
3142
3069
2676
2281
1826
1309
534
-361
-1148
-1853
-2441
-2940
-3257
-3319
-3043
-2578
-2080
-1590
-1007
-348
277
861
1350
1708
1926
1898
1398
343
-1430
-3722
-6000
-7392
-7830
-8442
-9262
-9408
-7894
-5757
-4347
-2875
-963
1448
3048
4065
5194
5604
5438
4633
4264
3688
2236
901
254
564
592
192
86
550
1465
1950
1950
1858
1844
2083
2169
2279
2258
1845
1371
1022
937
442
-352
-904
-1200
-1622
-2251
-2634
-2807
-2801
-2629
-2190
-1755
-1426
-917
-411
-185
-376
-617
-610
-520
-498
-528
-374
181
947
1732
2513
3329
4086
4398
4363
3999
3255
2288
1362
821
330
-256
-553
-303
369
996
1622
2348
2882
3074
2887
2516
1948
1203
392
-535
-1586
-2683
-3542
-3968
-3937
-3719
-3421
-2854
-1877
-706
191
771
1223
1647
1819
1600
1213
788
463
66
-626
-1963
-4010
-5992
-7021
-6968
-7008
-7495
-7550
-6178
-4241
-3099
-2354
-1300
251
1400
2285
3225
3793
4033
4207
4740
4843
3820
2523
1900
2030
1697
501
-522
-725
-334
-269
-455
-314
304
1146
1845
2471
2939
3015
2826
2634
2283
1436
158
-884
-1587
-2284
-3017
-3469
-3387
-2869
-2086
-1309
-736
-272
249
594
576
246
-59
-175
-191
-208
-184
107
662
1212
1689
2332
3154
3779
3876
3696
3330
2739
1876
1010
405
-106
-570
-826
-589
-59
587
1254
1899
2355
2417
2157
1568
809
-1
-826
-1715
-2528
-3011
-3210
-3262
-3189
-2953
-2595
-2093
-1428
-658
-17
331
481
540
643
630
566
530
565
670
596
283
-733
-2283
-3661
-4347
-4527
-5239
-6215
-6556
-5818
-4772
-4346
-3796
-2660
-966
656
2155
3805
4780
5150
5228
5433
5185
3787
2235
1342
1119
402
-1029
-2000
-1983
-1455
-1244
-1160
-621
328
1425
2337
2944
3148
2856
2479
2156
1782
1145
383
23
-133
-454
-971
-1295
-1303
-1222
-1206
-1281
-1286
-1161
-835
-503
-317
-245
-38
448
964
1334
1629
2047
2445
2618
2636
2625
2480
2092
1498
865
265
-280
-663
-853
-946
-1131
-1240
-996
-500
-15
464
1090
1760
2081
1901
1394
750
85
-589
-1266
-1735
-1785
-1635
-1497
-1310
-880
-418
-267
-282
-225
-53
-74
-283
-386
-391
-365
-386
-146
331
834
1296
1610
1653
827
-829
-2736
-4035
-4635
-5524
-6897
-7830
-7471
-6503
-5891
-5140
-3696
-1786
12
1656
3378
4510
5124
5455
5595
4989
3214
1415
299
-65
-631
-1524
-1948
-1632
-715
132
773
1415
2128
2898
3343
3399
3214
2876
2823
2953
2953
2446
1724
1356
1110
690
87
-425
-823
-1176
-1568
-2005
-2392
-2489
-2191
-1823
-1553
-1299
-783
-17
620
982
1160
1364
1480
1354
1216
1168
1071
803
411
44
-401
-872
-1118
-1109
-934
-893
-705
-103
723
1389
1673
2001
2325
2385
2039
1376
702
109
-333
-603
-724
-562
-231
75
361
628
882
877
618
196
-364
-960
-1556
-1932
-2038
-1895
-1523
-921
-132
596
1204
1586
1604
942
-477
-2298
-3965
-4867
-5447
-6322
-7350
-7588
-6653
-5583
-4763
-3706
-2008
-77
1396
2620
3366
3428
3157
3016
3055
2384
1218
358
257
505
353
103
270
1055
1919
2242
2198
2244
2510
2847
2914
2818
2676
2557
2734
2924
2770
2202
1750
1659
1433
898
288
-223
-750
-1356
-1962
-2658
-3345
-3523
-3080
-2489
-2108
-1744
-1004
-104
496
757
986
1362
1602
1466
1109
796
588
256
-202
-499
-649
-686
-644
-440
-92
201
576
1015
1431
1635
1535
1388
1320
1317
1152
752
483
453
547
472
286
353
590
775
638
323
91
-48
-254
-747
-1354
-1778
-1985
-2037
-1991
-1802
-1517
-1154
-568
144
746
1111
1266
1192
708
-406
-2101
-3949
-5065
-5452
-5936
-6822
-7187
-6076
-4346
-2967
-1904
-535
875
1693
2240
2755
2935
2605
2240
2209
1952
1092
208
35
621
1043
956
855
1324
2128
2415
2055
1552
1382
1423
1471
1701
2047
2266
2403
2598
2721
2303
1568
1010
722
432
-83
-669
-1330
-1856
-2133
-2309
-2492
-2496
-1970
-1155
-608
-278
107
666
1049
1122
1235
1347
1485
1447
1414
1392
1202
985
681
488
263
16
-202
-388
-334
-224
-131
-56
120
443
599
692
865
1140
1381
1300
1010
646
379
110
-280
-610
-864
-1031
-1172
-1185
-1076
-988
-890
-843
-870
-1050
-1310
-1515
-1566
-1448
-1368
-1300
-1156
-749
-169
271
649
951
1214
1173
668
-311
-1878
-3257
-3791
-3694
-3947
-4710
-4680
-3741
-2819
-2424
-2088
-1273
-672
-153
596
1242
1500
1324
1660
2140
2135
1670
1209
1541
2061
2170
1659
1090
1130
1244
1002
546
314
434
526
788
1277
1723
2058
2274
2557
2503
2043
1493
947
370
-382
-1015
-1466
-1720
-1620
-1256
-827
-489
72
795
1264
1394
1450
1719
1877
1780
1471
1194
1043
912
797
749
921
1062
985
702
425
218
9
-215
-434
-646
-851
-960
-949
-798
-676
-562
-422
-241
-116
-117
-96
-11
93
133
76
-51
-132
-192
-419
-909
-1492
-1937
-2230
-2332
-2288
-2157
-1868
-1485
-1058
-809
-646
-452
-318
-146
25
271
472
633
834
925
959
888
600
57
-731
-1428
-1992
-2508
-2876
-3197
-3349
-3527
-3530
-3199
-2817
-2419
-2060
-1350
-521
118
589
1007
1595
2017
2149
1992
1748
1672
1658
1563
1296
962
762
764
974
1210
1337
1467
1699
2066
2363
2479
2425
2340
2384
2404
2289
2016
1838
1800
1622
1282
950
795
611
225
-224
-614
-942
-1222
-1298
-1167
-934
-733
-485
-100
286
531
689
913
1024
851
445
67
-229
-532
-814
-1009
-1081
-1049
-886
-646
-403
-237
-22
213
419
587
730
855
844
720
505
215
-132
-394
-527
-612
-749
-822
-814
-870
-986
-1123
-1228
-1359
-1480
-1647
-1854
-2012
-2086
-2074
-1997
-1775
-1444
-1117
-850
-643
-487
-420
-414
-369
-332
-305
-285
-228
-169
-173
-272
-463
-572
-623
-655
-721
-762
-742
-693
-670
-658
-541
-326
-73
91
199
209
249
419
666
877
943
1015
1061
1094
1057
968
863
801
924
1058
1141
1238
1496
1854
2100
2225
2290
2349
2395
2384
2268
2025
1703
1456
1300
1199
1116
1067
1163
1260
1288
1190
1010
860
688
498
136
-323
-759
-1122
-1386
-1637
-1793
-1871
-1854
-1710
-1466
-1206
-982
-765
-524
-335
-224
-177
-184
-186
-236
-336
-493
-627
-716
-747
-670
-532
-349
-168
6
176
280
322
324
269
142
-122
-432
-804
-1172
-1477
-1707
-1816
-1871
-1809
-1644
-1338
-967
-571
-179
115
277
341
293
134
-145
-482
-813
-1162
-1381
-1484
-1424
-1275
-1023
-729
-506
-311
-101
134
263
300
274
270
247
233
185
164
160
171
189
99
-20
-220
-348
-433
-469
-446
-340
-127
133
449
764
1156
1557
1952
2246
2427
2484
2389
2238
2008
1710
1343
1045
850
756
767
854
1028
1231
1470
1674
1806
1826
1801
1729
1522
1260
958
716
474
267
84
-76
-177
-278
-325
-448
-636
-869
-1039
-1172
-1294
-1351
-1356
-1266
-1150
-999
-824
-617
-419
-265
-210
-291
-490
-724
-892
-1010
-1108
-1220
-1291
-1275
-1215
-1128
-1030
-925
-823
-771
-746
-747
-691
-590
-470
-358
-295
-240
-182
-67
25
55
16
-55
-135
-215
-316
-418
-486
-503
-461
-388
-266
-164
-32
44
37
-66
-251
-446
-656
-828
-968
-1008
-925
-715
-467
-206
-3
191
368
505
592
566
491
347
225
79
-2
-22
-13
47
176
436
740
1148
1573
1901
2052
2090
2096
2050
1904
1681
1455
1158
855
673
637
630
626
664
647
561
420
326
295
212
72
-111
-215
-262
-206
-85
26
143
188
202
180
172
118
47
-14
-104
-248
-439
-570
-658
-703
-740
-730
-686
-623
-567
-492
-400
-300
-162
-105
-155
-307
-496
-662
-775
-858
-951
-1074
-1140
-1154
-1117
-1020
-854
-593
-352
-149
13
189
349
480
541
502
395
286
270
285
288
255
256
249
226
188
103
-56
-284
-506
-722
-878
-962
-926
-834
-769
-720
-697
-670
-628
-569
-457
-324
-152
32
189
247
170
73
-32
-119
-203
-238
-212
-72
175
505
954
1361
1688
1856
1907
1835
1687
1489
1229
973
657
409
326
437
595
738
833
832
724
497
312
138
-65
-309
-542
-734
-897
-920
-813
-658
-557
-534
-538
-535
-499
-438
-357
-303
-265
-270
-351
-455
-572
-644
-680
-638
-525
-392
-215
-9
194
355
479
559
601
547
385
172
-25
-147
-230
-267
-295
-289
-221
-108
45
179
265
297
279
200
86
-13
-118
-212
-312
-389
-399
-354
-249
-165
-105
-100
-65
3
54
107
92
56
0
-40
-97
-143
-191
-259
-326
-398
-377
-282
-118
30
159
235
264
328
396
442
461
476
481
485
506
557
622
645
622
561
422
243
105
42
-33
-112
-143
-157
-147
-119
-13
111
265
441
600
671
648
588
452
265
39
-144
-331
-465
-527
-579
-608
-608
-522
-433
-356
-313
-277
-276
-337
-416
-540
-694
-830
-874
-853
-792
-634
-400
-129
119
322
456
489
480
381
216
0
-208
-357
-473
-526
-549
-525
-488
-384
-241
-89
54
153
220
195
132
57
25
-3
-54
-103
-145
-153
-126
-32
55
114
164
218
255
300
366
377
358
303
218
171
161
198
244
285
308
341
428
548
660
699
709
708
681
605
529
456
337
277
258
260
264
277
272
230
163
50
-70
-206
-349
-493
-615
-673
-657
-593
-518
-447
-366
-282
-148
20
144
183
159
111
38
6
30
85
79
39
14
38
148
308
478
529
496
420
345
266
189
112
-7
-133
-298
-441
-535
-600
-652
-692
-705
-705
-626
-482
-355
-261
-233
-242
-257
-259
-268
-301
-374
-449
-457
-436
-360
-269
-211
-195
-181
-166
-167
-133
-124
-147
-211
-292
-356
-385
-393
-397
-381
-386
-364
-277
-161
-34
87
198
274
317
358
394
422
427
443
473
556
657
731
767
744
703
649
642
612
544
464
377
329
335
438
537
607
638
616
547
460
428
361
252
73
-141
-369
-551
-637
-681
-640
-589
-487
-350
-171
31
195
317
350
328
217
133
47
-60
-155
-229
-253
-244
-136
11
184
353
482
567
569
514
408
255
43
-192
-408
-623
-764
-850
-896
-862
-718
-503
-282
-56
95
154
113
63
-6
-142
-298
-470
-648
-809
-847
-829
-768
-616
-408
-177
76
363
601
740
779
722
600
427
257
69
-148
-334
-494
-589
-598
-517
-404
-270
-157
-93
-45
-10
40
19
-17
-76
-124
-159
-189
-167
-156
-109
-53
50
175
299
398
443
447
384
334
272
248
252
248
256
284
343
411
519
596
628
607
568
517
433
358
269
170
81
59
86
122
191
243
224
180
121
7
-129
-260
-426
-574
-627
-613
-541
-386
-165
27
190
336
448
481
434
336
174
-18
-175
-297
-414
-478
-508
-482
-390
-237
-38
173
353
466
517
507
443
327
171
-25
-251
-488
-666
-772
-826
-846
-770
-655
-533
-381
-248
-148
-111
-91
-134
-217
-301
-371
-462
-514
-517
-509
-461
-357
-182
-39
96
203
265
270
265
252
212
161
134
127
87
102
154
204
247
318
388
453
529
611
642
600
527
420
303
188
89
7
-36
-40
-4
81
211
328
396
413
371
264
163
82
8
-32
-37
32
115
217
291
315
287
223
124
15
-90
-220
-347
-454
-484
-489
-457
-386
-296
-217
-140
-54
19
88
122
114
43
-31
-102
-147
-181
-218
-242
-233
-197
-127
-20
105
209
253
281
266
219
171
107
6
-87
-181
-256
-278
-266
-250
-218
-143
-91
-58
-25
-22
-70
-111
-164
-249
-316
-343
-351
-407
-447
-444
-442
-429
-387
-360
-348
-335
-307
-256
-186
-87
24
119
177
215
241
232
211
183
128
118
186
279
369
464
527
532
541
576
602
579
584
609
583
555
543
516
438
391
349
257
184
141
62
-50
-114
-156
-178
-145
-74
-67
-107
-133
-213
-323
-381
-423
-504
-533
-507
-479
-421
-295
-179
-86
63
224
342
462
549
543
508
448
348
189
34
-116
-266
-360
-392
-407
-402
-347
-303
-257
-217
-161
-118
-102
-122
-162
-226
-327
-385
-386
-385
-389
-326
-240
-126
-4
94
158
185
186
151
99
72
53
14
-17
-35
-50
-54
-16
22
66
103
134
111
68
9
-95
-192
-271
-335
-392
-408
-431
-445
-426
-377
-315
-199
-24
131
266
386
473
517
564
594
575
522
508
486
454
467
483
474
486
506
479
450
432
390
317
246
153
63
18
-2
-26
-37
-29
-35
-40
-43
-69
-121
-157
-212
-286
-352
-423
-505
-561
-606
-646
-645
-582
-492
-388
-240
-97
16
127
231
262
263
259
230
189
157
125
88
84
88
93
142
215
273
342
402
400
358
319
272
188
86
-22
-158
-268
-335
-406
-461
-470
-489
-528
-546
-564
-580
-570
-541
-541
-537
-507
-464
-417
-343
-258
-183
-104
-25
53
108
172
231
293
353
404
439
446
416
359
307
275
263
254
251
246
232
204
206
218
204
172
139
89
19
-32
-69
-110
-144
-147
-136
-107
-72
-51
-68
-105
-152
-188
-170
-114
-60
10
81
141
217
281
333
369
402
410
430
423
389
335
264
196
137
129
137
125
74
18
-59
-116
-137
-122
-109
-90
-64
-44
-45
-99
-154
-209
-261
-318
-305
-278
-263
-240
-217
-228
-250
-227
-195
-165
-155
-149
-164
-147
-98
-43
6
64
120
174
227
242
224
176
106
32
-13
-27
-4
38
82
89
72
60
48
17
3
-13
-59
-109
-144
-192
-270
-304
-311
-319
-303
-256
-229
-234
-241
-234
-258
-274
-239
-200
-174
-120
-37
33
116
174
219
253
290
348
413
445
436
407
348
295
254
227
211
212
213
218
207
195
179
142
88
46
25
-9
-21
-9
-19
-54
-54
-41
-38
-32
3
12
-15
-16
-13
-63
-117
-150
-211
-262
-279
-284
-312
-327
-326
-312
-272
-205
-158
-126
-90
-81
-74
-64
-83
-138
-172
-186
-196
-182
-146
-112
-74
-8
53
84
145
220
270
289
271
227
187
188
189
183
177
193
229
277
324
362
391
400
401
395
373
345
322
293
265
222
201
196
187
168
165
150
113
76
27
-28
-106
-162
-206
-250
-298
-315
-314
-323
-310
-291
-284
-306
-334
-391
-478
-567
-619
-631
-626
-599
-547
-483
-404
-292
-193
-105
-7
97
182
232
257
266
250
231
224
235
268
327
391
458
510
531
540
515
470
422
343
228
116
12
-93
-184
-237
-254
-269
-278
-272
-292
-335
-362
-395
-455
-501
-514
-538
-561
-560
-538
-516
-485
-427
-358
-292
-216
-123
-59
-7
50
94
133
185
227
256
290
323
360
380
368
367
381
386
393
404
424
449
475
497
487
448
407
357
286
228
184
139
105
90
78
64
57
50
31
2
-29
-62
-92
-123
-141
-148
-141
-122
-84
-36
14
72
126
153
147
135
99
55
22
0
-17
-9
15
43
67
76
73
53
21
-14
-54
-79
-72
-55
-45
-38
-43
-57
-65
-85
-113
-144
-183
-226
-271
-310
-336
-333
-314
-281
-242
-207
-178
-158
-146
-139
-144
-162
-171
-178
-189
-190
-189
-190
-176
-160
-149
-139
-130
-122
-122
-115
-100
-85
-73
-63
-69
-85
-95
-104
-125
-145
-159
-158
-145
-120
-89
-46
16
87
158
215
255
278
294
306
305
292
278
266
245
219
203
191
186
192
203
216
229
248
267
279
278
265
234
186
127
73
30
6
-10
-20
-22
-15
0
8
16
18
10
1
-13
-36
-63
-83
-92
-87
-68
-29
24
88
163
237
297
345
370
372
357
326
274
211
150
80
7
-56
-103
-146
-174
-188
-197
-206
-210
-210
-219
-233
-252
-276
-296
-305
-309
-306
-290
-263
-224
-172
-118
-68
-22
10
23
15
-11
-41
-72
-102
-127
-144
-137
-111
-76
-43
-10
14
20
8
-18
-50
-76
-92
-112
-135
-156
-174
-184
-188
-187
-176
-161
-143
-130
-129
-130
-128
-120
-111
-98
-85
-67
-47
-19
18
56
83
104
123
143
159
173
192
210
228
253
288
321
354
384
406
413
402
377
340
293
233
176
117
58
8
-28
-52
-57
-46
-21
14
55
85
108
120
110
78
39
7
-29
-61
-77
-76
-65
-41
-7
19
40
60
69
67
60
55
53
54
50
39
27
12
-4
-23
-34
-39
-37
-30
-19
-12
-9
-7
-8
-13
-28
-43
-56
-64
-77
-92
-113
-145
-183
-218
-244
-257
-253
-244
-235
-231
-240
-260
-282
-300
-309
-313
-300
-281
-268
-258
-247
-234
-216
-188
-157
-128
-103
-87
-75
-66
-52
-32
-5
31
70
110
153
191
217
243
271
293
312
331
350
359
354
341
325
302
272
243
215
193
179
168
160
147
124
99
79
63
45
32
19
-3
-29
-55
-73
-84
-90
-90
-86
-84
-73
-52
-24
2
15
24
31
40
52
73
89
98
98
96
89
79
64
42
23
5
-8
-16
-28
-51
-73
-83
-79
-72
-73
-79
-83
-83
-80
-72
-67
-67
-65
-50
-21
13
38
43
31
10
-17
-47
-71
-87
-100
-114
-117
-120
-142
-173
-193
-207
-212
-198
-169
-138
-117
-104
-104
-119
-136
-134
-110
-85
-72
-69
-64
-56
-44
-23
8
40
75
124
177
214
227
225
217
201
183
162
142
120
111
114
123
125
118
101
82
57
26
-1
-24
-49
-77
-94
-99
-96
-99
-108
-127
-145
-156
-148
-126
-104
-94
-89
-63
-16
38
92
146
186
212
243
272
282
273
262
258
249
236
224
209
191
182
192
202
189
150
97
48
-8
-59
-107
-164
-240
-302
-320
-310
-291
-277
-269
-267
-258
-231
-197
-169
-163
-174
-192
-207
-217
-232
-240
-231
-207
-167
-105
-30
48
117
168
205
238
264
289
312
326
323
306
280
247
210
171
136
107
72
36
-6
-65
-132
-186
-226
-252
-263
-261
-261
-264
-261
-242
-221
-218
-232
-256
-273
-266
-230
-177
-132
-100
-62
1
78
162
231
268
278
279
287
298
308
313
310
309
333
388
452
489
496
482
451
408
358
296
211
122
44
-10
-54
-109
-171
-223
-258
-264
-252
-253
-272
-294
-301
-296
-284
-273
-275
-298
-328
-328
-291
-247
-216
-197
-193
-197
-191
-163
-128
-104
-83
-56
-25
9
37
57
59
44
23
5
-2
-3
1
6
3
-4
-5
11
47
101
152
188
206
213
205
183
145
90
29
-25
-50
-40
-17
16
48
70
86
101
106
88
52
12
-12
-26
-44
-67
-101
-130
-133
-113
-85
-61
-42
-18
9
28
33
21
-11
-47
-60
-47
-12
37
97
152
182
185
184
192
201
210
221
227
226
226
236
249
255
251
234
213
194
186
181
163
124
68
-3
-64
-99
-121
-136
-164
-198
-221
-228
-217
-198
-191
-216
-262
-308
-331
-321
-297
-273
-254
-242
-233
-221
-205
-193
-184
-171
-147
-114
-87
-75
-82
-96
-103
-88
-57
-12
29
59
78
89
85
70
51
37
35
49
79
115
136
136
124
108
98
98
103
99
80
50
23
7
6
17
30
31
12
-8
-18
-11
0
6
7
2
-1
5
20
32
36
33
31
38
61
95
122
134
133
127
128
141
162
173
163
132
96
66
51
45
45
47
42
34
28
26
20
12
-3
-27
-50
-65
-75
-78
-78
-78
-80
-77
-71
-67
-72
-91
-118
-152
-176
-189
-190
-182
-169
-154
-130
-86
-34
20
63
90
110
123
133
132
120
96
73
58
56
60
63
57
49
48
55
66
69
52
16
-30
-66
-86
-94
-101
-107
-114
-115
-104
-83
-64
-54
-51
-48
-40
-31
-24
-29
-46
-70
-89
-98
-86
-61
-28
3
25
41
54
65
71
71
61
46
33
33
45
63
80
90
96
100
98
93
82
63
41
16
-12
-37
-55
-65
-67
-65
-60
-48
-33
-22
-16
-20
-28
-36
-43
-45
-41
-36
-33
-34
-34
-31
-23
-11
4
23
37
42
44
49
53
63
83
105
124
133
134
121
93
60
35
18
19
31
37
31
17
5
-1
-7
-14
-26
-43
-62
-79
-93
-112
-136
-163
-182
-183
-163
-131
-100
-84
-78
-71
-52
-29
-13
-8
-8
-9
-3
8
24
38
51
58
65
74
84
94
102
112
120
124
122
110
91
66
40
10
-18
-47
-71
-79
-74
-63
-53
-46
-42
-35
-23
-14
-14
-22
-27
-27
-15
6
31
51
63
75
92
113
130
136
128
106
72
42
22
10
6
6
8
17
38
60
71
62
39
11
-11
-28
-44
-67
-95
-120
-130
-126
-117
-109
-102
-95
-80
-60
-41
-27
-21
-22
-19
-8
5
13
10
0
-9
-12
-8
-2
0
-6
-20
-27
-25
-20
-25
-42
-62
-78
-84
-83
-83
-91
-105
-117
-121
-116
-101
-85
-78
-75
-67
-49
-24
-2
18
34
57
80
101
115
121
121
121
122
125
126
127
131
144
165
186
201
205
201
196
187
170
147
116
77
43
16
0
-14
-26
-39
-51
-64
-71
-71
-74
-79
-86
-90
-88
-83
-79
-86
-101
-117
-125
-127
-124
-117
-109
-102
-94
-85
-74
-58
-42
-25
-13
-9
-7
-8
-10
-17
-20
-20
-9
7
25
40
50
55
56
61
65
67
64
57
53
53
57
61
66
70
74
81
86
83
73
59
48
39
31
21
8
-8
-26
-40
-44
-46
-49
-53
-50
-44
-40
-41
-48
-61
-70
-71
-61
-50
-48
-52
-57
-60
-63
-65
-69
-70
-70
-61
-50
-38
-28
-17
-5
9
28
48
61
64
58
49
35
23
9
-3
-11
-15
-16
-12
-2
9
21
33
45
54
55
52
46
34
24
15
8
4
3
4
8
10
10
10
12
16
19
20
18
15
12
12
14
15
14
14
20
25
30
31
30
25
19
13
6
-2
-6
-12
-16
-17
-18
-17
-16
-13
-10
-5
0
5
4
-1
-6
-11
-20
-27
-31
-29
-25
-18
-11
-8
-4
4
17
26
31
27
20
12
4
-2
-8
-16
-21
-22
-14
-8
-3
-5
-10
-16
-22
-24
-24
-26
-31
-40
-48
-52
-51
-50
-48
-48
-47
-45
-41
-36
-29
-23
-22
-19
-16
-12
-6
-1
3
7
13
21
32
41
51
60
66
69
71
73
76
78
75
67
54
44
38
35
34
30
27
25
22
23
25
22
19
13
5
-4
-15
-26
-39
-53
-64
-74
-78
-80
-78
-76
-71
-65
-56
-43
-30
-20
-13
-10
-10
-7
-6
-1
6
10
9
10
20
30
42
50
57
60
60
63
62
58
49
38
33
31
30
29
24
17
7
-1
-5
-9
-13
-18
-25
-31
-36
-38
-34
-35
-40
-42
-43
-42
-42
-42
-40
-39
-40
-42
-41
-32
-21
-10
1
11
19
30
39
43
40
35
32
31
30
31
31
31
28
24
23
24
27
30
28
23
15
7
0
-11
-20
-25
-29
-34
-39
-44
-46
-48
-48
-48
-45
-45
-49
-49
-51
-55
-59
-60
-54
-43
-30
-17
-6
1
11
22
35
43
47
46
42
40
36
32
32
32
38
46
58
70
76
75
72
70
67
64
59
51
42
33
22
10
0
-10
-16
-20
-21
-27
-31
-35
-38
-42
-48
-51
-52
-48
-44
-38
-35
-30
-26
-23
-17
-14
-11
-9
-9
-8
-5
-2
-1
-4
-8
-13
-17
-15
-6
5
14
22
31
37
42
42
37
29
19
8
1
-4
-11
-19
-26
-29
-32
-30
-23
-14
-3
8
16
20
18
11
3
-6
-15
-19
-20
-17
-11
-7
-8
-11
-14
-13
-8
-4
-1
-1
-5
-13
-24
-33
-39
-39
-34
-25
-14
4
19
29
33
30
25
21
17
16
12
6
2
0
0
3
6
14
26
36
48
55
60
60
56
48
37
26
16
11
7
4
2
1
-3
-7
-9
-9
-11
-12
-14
-16
-20
-24
-27
-34
-41
-49
-55
-55
-50
-42
-33
-26
-20
-13
-11
-10
-8
-8
-5
1
10
20
26
25
23
20
19
17
16
17
14
12
9
7
7
13
19
28
35
44
50
52
47
34
19
1
-18
-35
-51
-63
-67
-67
-60
-51
-39
-25
-15
-6
3
8
9
3
-5
-16
-29
-34
-31
-23
-13
2
16
30
41
51
61
62
61
53
39
20
4
-8
-13
-8
4
22
38
52
64
69
71
63
46
24
-1
-28
-54
-79
-99
-113
-119
-117
-107
-91
-71
-47
-24
-4
10
17
16
11
4
-1
-1
1
4
9
12
21
25
31
34
35
38
39
40
39
34
25
15
2
-5
-9
-10
-5
1
11
17
20
15
5
-6
-20
-30
-36
-41
-42
-41
-40
-39
-41
-41
-36
-23
-4
18
42
63
73
74
65
50
40
35
36
41
43
40
32
19
3
-16
-28
-35
-35
-32
-27
-21
-21
-28
-36
-45
-47
-40
-25
-5
15
30
37
35
27
16
5
-2
-3
2
9
14
16
11
5
0
-1
5
13
20
24
25
20
11
3
-8
-21
-31
-40
-43
-41
-36
-30
-30
-33
-40
-48
-53
-50
-43
-33
-22
-12
-5
-2
-1
-2
3
15
28
42
54
59
58
51
42
33
26
21
19
16
14
13
11
7
6
8
6
4
1
-2
-4
-11
-22
-36
-48
-57
-59
-53
-44
-33
-20
-11
-5
0
5
13
16
16
14
8
-1
-8
-14
-15
-16
-8
7
24
43
56
66
70
74
75
71
61
47
29
9
-11
-26
-37
-45
-45
-37
-28
-19
-11
-3
3
6
3
1
-4
-10
-16
-23
-27
-28
-24
-25
-22
-17
-8
2
9
13
10
8
7
7
15
23
26
29
31
29
24
13
5
-5
-12
-15
-19
-24
-28
-30
-24
-16
-8
-2
2
1
-5
-15
-27
-43
-57
-64
-69
-69
-66
-58
-49
-32
-11
10
31
49
60
62
58
50
38
22
10
1
-3
0
5
16
24
32
45
55
64
67
61
47
32
16
-2
-23
-42
-54
-60
-54
-43
-29
-16
-6
3
8
13
15
13
10
0
-10
-20
-28
-30
-28
-21
-9
7
27
43
51
54
54
54
54
49
38
23
8
-2
-9
-16
-24
-29
-26
-16
-3
6
10
8
4
1
-7
-18
-31
-42
-46
-46
-45
-44
-41
-38
-30
-21
-13
-8
-9
-10
-12
-14
-19
-19
-17
-12
-8
-1
3
9
13
14
13
11
13
18
23
25
25
25
27
29
30
27
24
18
16
12
5
-6
-16
-24
-30
-32
-33
-30
-23
-16
-9
-5
-4
-5
-9
-11
-15
-19
-22
-20
-15
-8
-4
2
16
31
47
58
65
68
67
60
48
32
19
11
10
15
21
27
32
35
33
25
13
-2
-18
-30
-40
-50
-62
-70
-71
-71
-69
-65
-56
-40
-23
-10
-1
-1
-2
-4
-8
-11
-12
-11
-3
7
15
22
33
42
48
53
60
65
68
67
60
49
30
10
-6
-19
-29
-34
-33
-27
-19
-13
-12
-13
-16
-21
-24
-31
-39
-45
-54
-61
-67
-68
-60
-54
-45
-29
-8
16
35
50
58
63
61
51
39
24
12
2
-8
-13
-14
-10
-3
6
19
37
56
67
72
67
54
38
14
-12
-40
-63
-79
-80
-73
-57
-38
-19
-1
17
30
36
37
34
29
22
9
-9
-34
-52
-64
-69
-63
-48
-26
-2
22
41
57
68
70
64
53
42
31
16
-3
-25
-39
-48
-52
-52
-43
-28
-9
11
28
39
44
41
34
24
17
6
-12
-24
-32
-39
-40
-38
-31
-18
-1
17
30
39
45
43
30
7
-15
-34
-48
-59
-63
-56
-45
-29
-10
7
23
34
39
40
35
23
5
-12
-28
-35
-31
-22
-5
20
48
71
87
97
97
90
72
42
16
-11
-35
-54
-67
-69
-59
-40
-16
10
35
53
60
54
37
11
-25
-62
-97
-117
-122
-122
-113
-96
-71
-38
-6
20
43
56
63
62
54
44
34
21
6
-6
-11
-11
-10
-4
6
20
30
36
40
48
57
69
79
87
89
89
81
67
46
19
-11
-40
-63
-72
-72
-70
-66
-56
-40
-24
-10
-5
-7
-14
-24
-42
-65
-95
-131
-156
-168
-166
-147
-117
-77
-38
2
38
65
80
84
78
65
47
26
5
-7
-14
-14
-4
19
49
83
112
131
140
145
144
137
120
98
81
66
51
37
21
5
-10
-21
-32
-42
-55
-69
-78
-85
-89
-90
-92
-90
-85
-84
-79
-73
-69
-69
-74
-76
-73
-63
-50
-39
-26
-9
16
44
72
97
119
135
143
149
148
135
116
94
79
68
61
56
48
40
32
29
27
20
3
-17
-45
-78
-111
-134
-154
-167
-171
-166
-156
-141
-123
-102
-80
-55
-32
-9
13
29
40
54
63
71
75
76
81
88
94
95
93
84
73
61
54
48
40
28
16
7
0
-8
-15
-24
-33
-40
-45
-49
-53
-57
-61
-66
-68
-67
-66
-63
-62
-65
-65
-61
-55
-51
-48
-44
-38
-29
-15
0
15
35
54
70
83
89
88
82
74
64
54
48
44
40
39
38
33
27
24
22
21
23
26
26
23
14
5
-2
-9
-12
-17
-23
-28
-33
-34
-35
-40
-46
-48
-49
-47
-46
-45
-42
-41
-39
-36
-29
-19
-8
3
15
26
38
46
47
44
36
31
26
20
15
13
15
20
26
30
26
20
15
9
2
-6
-12
-17
-17
-15
-12
-10
-7
0
5
13
21
27
26
17
2
-12
-24
-39
-52
-59
-64
-66
-62
-51
-35
-15
5
27
48
66
75
73
62
45
26
6
-11
-24
-33
-35
-35
-30
-25
-25
-25
-24
-24
-20
-18
-18
-19
-23
-27
-26
-17
-6
6
19
30
38
45
48
45
37
30
26
26
26
23
19
15
13
10
8
7
5
1
-3
-7
-13
-18
-25
-29
-30
-31
-28
-22
-13
-3
4
7
2
-9
-22
-38
-50
-50
-46
-44
-36
-20
1
22
40
53
62
68
69
69
64
52
31
12
-5
-16
-19
-17
-13
-15
-20
-24
-28
-28
-28
-28
-24
-16
-6
4
11
10
3
-2
-5
-5
-3
0
6
12
14
16
17
20
23
27
25
20
15
9
1
-11
-20
-23
-23
-23
-22
-18
-13
-7
0
7
12
14
15
16
14
8
1
-8
-17
-23
-28
-33
-37
-34
-26
-16
-5
8
19
27
32
30
23
14
5
-5
-13
-18
-22
-21
-17
-11
-5
-1
3
7
11
15
19
21
17
7
-2
-9
-11
-8
-3
3
7
14
26
38
50
59
64
60
51
36
17
-2
-20
-34
-42
-44
-39
-31
-19
-8
-1
1
0
-2
-6
-11
-19
-26
-35
-40
-46
-49
-46
-39
-33
-26
-19
-12
-3
6
16
26
30
30
29
26
20
8
-6
-19
-31
-37
-39
-32
-20
-4
15
34
53
68
75
73
59
40
19
-1
-18
-32
-43
-47
-48
-42
-28
-11
7
23
36
43
44
42
33
18
-2
-19
-30
-37
-41
-37
-34
-30
-22
-10
6
23
35
43
46
43
30
10
-11
-27
-35
-41
-37
-28
-15
1
17
31
46
57
63
64
61
52
36
20
-1
-20
-35
-44
-48
-49
-51
-52
-49
-44
-35
-26
-13
0
14
20
16
7
-8
-20
-31
-37
-40
-38
-32
-25
-16
-5
4
12
18
24
29
31
28
22
15
9
5
5
11
22
32
37
41
44
49
52
53
50
43
36
26
12
-5
-24
-42
-56
-66
-70
-69
-62
-51
-35
-18
-5
2
7
12
16
18
15
10
2
-5
-11
-19
-25
-33
-39
-39
-37
-31
-22
-16
-7
5
14
22
28
33
35
34
31
25
20
21
23
24
27
30
33
35
29
18
4
-10
-22
-30
-35
-38
-38
-39
-33
-23
-10
-1
6
12
18
20
21
20
13
6
-2
-12
-19
-25
