SAMPLES:	8829
BITSPERSAMPLE:	16
CHANNELS:	1
SAMPLERATE:	16000
NORMALIZED:	FALSE
3
3
3
4
3
3
2
1
1
0
0
-1
0
-1
-2
-1
-1
-1
-1
-1
0
0
0
0
0
-2
-2
-2
-2
-2
-2
-1
-1
-1
-1
-1
0
0
1
1
0
0
1
1
0
1
0
0
1
1
1
2
1
1
2
2
1
1
0
-1
-2
-2
-2
-1
-1
-1
-1
-1
-1
-1
0
0
-2
-2
-2
-2
-2
-2
-2
-1
0
0
1
3
2
2
2
3
3
4
3
2
3
2
2
2
3
1
1
1
0
-1
-3
-4
-4
-5
-3
-3
-2
-1
-1
-1
-1
0
-1
-1
-2
-3
-3
-3
-3
-2
-3
-1
0
1
2
4
4
4
4
6
6
5
5
6
4
2
1
1
1
1
0
-1
-1
0
1
1
1
1
-1
-1
-3
-5
-7
-9
-10
-11
-9
-8
-6
-4
-3
0
2
4
5
7
7
7
5
3
1
0
-1
-2
-2
-4
-3
-3
0
3
6
7
7
7
7
6
4
1
-4
-7
-9
-10
-8
-5
-3
-1
1
2
2
2
2
5
4
5
3
2
1
0
0
-1
0
-1
-1
-2
-1
0
1
0
-1
-2
-2
-1
-1
-2
-4
-5
-4
-1
2
5
7
9
10
11
10
8
5
1
-3
-6
-9
-10
-11
-11
-10
-7
-2
3
4
5
3
1
-1
-1
-2
-4
-6
-6
-4
0
3
4
5
6
6
6
5
5
2
0
-1
-2
-3
-3
0
0
-1
-2
-2
-2
-2
-2
0
2
4
4
4
2
1
1
1
0
-3
-4
-5
-6
-4
-5
-4
-4
-4
-3
-2
-2
-1
-1
0
0
2
4
6
8
7
5
4
2
0
-3
-5
-4
-4
-2
0
2
4
5
6
6
6
5
2
-2
-4
-6
-6
-5
-3
-1
1
1
1
1
2
1
2
2
2
3
2
2
1
0
-1
-1
-1
0
1
1
1
0
0
0
0
0
0
-1
-2
-3
-4
-3
-2
-1
-1
-1
-3
-3
-3
-3
-5
-7
-5
-7
-6
-4
-2
-2
0
1
2
2
4
4
4
2
2
3
5
6
7
8
8
8
9
8
6
4
1
-1
-1
1
1
-2
-5
-6
-6
-5
-1
0
-2
-5
-6
-6
-4
-4
-3
-4
-4
-4
-4
-3
-3
-3
-2
-1
-2
1
2
6
7
6
7
8
10
12
9
6
4
3
4
4
3
1
-1
-1
-2
0
1
0
0
2
4
0
-4
-9
-15
-18
-20
-21
-22
-21
-16
-9
-5
-3
0
2
4
3
3
2
2
3
6
6
8
13
16
16
14
12
12
11
12
12
9
11
10
8
8
8
9
3
-5
-10
-9
-6
-8
-15
-21
-24
-18
-14
-15
-15
-15
-10
-3
-1
-2
-2
-3
-1
5
8
13
16
15
12
8
4
7
12
18
22
21
20
18
16
13
9
4
-7
-19
-28
-32
-32
-33
-35
-35
-31
-25
-15
-10
-7
-5
0
3
4
3
4
4
3
6
7
11
17
21
23
23
27
36
40
37
31
23
16
9
9
8
4
-6
-16
-25
-27
-24
-23
-21
-20
-19
-18
-19
-21
-25
-29
-27
-22
-16
-11
-7
-3
1
5
3
0
1
4
8
14
20
25
26
26
27
29
34
34
28
17
1
-7
-9
-7
-8
-10
-9
-7
-6
-3
-3
-9
-11
-8
-5
-3
-3
-4
-9
-14
-12
-9
-8
-10
-11
-6
-2
2
1
0
0
1
5
9
11
12
14
12
7
1
-5
-10
-12
-6
-3
-4
-3
-1
0
-2
-5
-9
-12
-11
-6
-1
-1
-4
-7
-9
-7
-1
4
7
10
13
17
18
17
16
11
10
7
8
10
10
8
3
0
0
4
7
9
5
1
-1
-2
-5
-7
-2
4
9
11
9
5
-1
-8
-15
-21
-24
-25
-25
-22
-23
-22
-17
-10
-6
-1
4
7
6
4
1
-7
-13
-13
-9
-1
7
13
15
15
17
17
14
9
2
0
1
2
-1
-5
-8
-9
-5
1
3
6
8
12
13
12
9
9
10
10
10
6
6
4
1
-2
-3
-4
-3
-1
1
4
7
6
3
0
-4
-5
-8
-12
-19
-24
-24
-22
-17
-12
-8
-6
-4
-3
-2
-1
-1
-2
-3
-6
-5
-4
6
10
10
9
10
9
3
0
-2
0
3
5
7
5
3
3
4
3
2
7
15
18
18
16
10
5
6
11
12
10
10
7
1
-7
-15
-19
-23
-20
-14
-9
-8
-8
-6
0
5
7
6
2
1
-1
-4
-9
-13
-12
-9
-5
-2
1
1
2
2
1
0
-3
-8
-9
-10
-11
-9
-5
1
4
7
4
-2
-3
3
9
14
12
3
-6
-12
-11
-11
-8
-3
4
10
12
11
7
6
9
11
11
13
16
17
12
6
-1
-4
-5
-4
0
-1
-3
-2
-2
-1
3
8
12
15
21
22
15
9
5
1
-5
-6
-8
-6
-4
0
1
-3
-4
0
2
-2
-8
-16
-22
-28
-28
-30
-39
-45
-41
-33
-26
-28
-37
-44
-52
-56
-59
-62
-61
-52
-37
-25
-20
-20
-16
-5
8
19
22
27
35
43
51
54
53
57
70
88
100
104
106
106
102
95
88
81
79
88
99
103
103
100
96
91
83
66
46
31
16
4
-12
-31
-50
-59
-60
-63
-72
-85
-98
-103
-108
-118
-137
-158
-170
-170
-167
-165
-172
-179
-184
-179
-167
-156
-148
-138
-122
-107
-99
-93
-86
-70
-43
-12
15
35
56
73
85
96
103
103
114
135
163
187
198
198
196
194
188
181
175
171
168
165
157
138
120
106
98
97
100
100
93
80
58
28
-6
-36
-57
-69
-70
-70
-74
-80
-84
-92
-102
-106
-109
-113
-121
-132
-146
-162
-176
-178
-173
-161
-144
-123
-106
-96
-90
-88
-85
-75
-59
-42
-25
-9
3
13
23
35
48
60
76
90
98
101
100
98
96
100
101
102
103
102
102
93
81
69
56
46
34
25
22
21
23
23
17
8
4
2
-3
-11
-24
-40
-52
-62
-70
-79
-81
-72
-59
-46
-38
-35
-38
-43
-49
-56
-61
-61
-59
-53
-42
-36
-34
-31
-18
0
19
37
47
51
50
42
32
25
21
22
25
29
30
30
29
27
28
26
22
17
17
21
23
21
13
6
6
6
7
6
8
7
-1
-10
-15
-18
-21
-16
-7
-1
5
6
4
6
1
-8
-20
-28
-33
-35
-35
-28
-18
-9
0
7
15
24
23
17
6
-4
-13
-15
-11
-5
4
12
19
25
33
39
38
40
40
32
25
16
9
5
-1
-9
-17
-22
-19
-13
-3
5
4
-6
-15
-16
-14
-11
-12
-11
-4
4
0
-8
-21
-30
-34
-41
-44
-45
-40
-31
-25
-18
-16
-20
-23
-15
-3
5
6
3
-3
0
7
16
26
33
36
36
38
39
37
33
33
32
30
21
8
2
4
9
12
15
17
20
22
20
11
-3
-20
-37
-47
-50
-53
-56
-53
-42
-33
-29
-24
-14
-8
-7
-9
-12
-10
-10
-19
-29
-36
-39
-41
-44
-41
-23
-4
6
4
-6
-13
-10
-1
14
27
36
43
47
46
43
36
33
39
55
66
71
68
63
56
54
57
55
52
48
44
38
29
13
-1
2
19
39
46
41
40
42
41
37
29
25
31
44
51
38
14
-9
-18
-13
-4
1
0
2
3
-3
-21
-46
-68
-86
-100
-118
-137
-153
-157
-159
-158
-152
-150
-153
-160
-156
-147
-143
-147
-154
-150
-141
-132
-129
-123
-110
-92
-79
-70
-65
-55
-47
-34
-21
-14
-10
-6
13
35
52
54
44
33
36
56
95
136
167
180
189
218
257
291
314
337
368
406
451
480
468
428
398
402
413
412
406
390
367
351
333
295
238
189
164
163
163
143
96
38
-18
-66
-109
-146
-181
-227
-282
-341
-410
-496
-598
-699
-785
-836
-853
-870
-921
-997
-1053
-1072
-1078
-1080
-1057
-1006
-944
-880
-807
-740
-695
-645
-556
-416
-251
-97
20
119
235
372
489
571
656
770
906
1026
1112
1151
1169
1198
1231
1239
1193
1139
1130
1151
1138
1071
983
908
855
800
718
628
539
438
345
262
146
-37
-234
-379
-469
-530
-577
-615
-655
-698
-756
-828
-863
-819
-756
-748
-755
-706
-600
-497
-455
-464
-464
-396
-254
-97
3
56
153
331
513
617
650
673
723
816
894
897
850
809
788
731
523
76
-390
-443
-46
215
-139
-837
-1252
-1205
-980
-901
-1118
-1544
-1880
-1846
-1536
-1388
-1694
-2162
-2250
-1827
-1311
-1127
-1250
-1304
-1056
-657
-371
-292
-290
-116
390
1006
1246
984
730
951
1493
1882
1977
1928
1912
2043
2267
2369
2179
1822
1659
1918
2290
2292
1868
1390
1170
1206
1304
1236
937
549
293
198
129
-72
-408
-731
-910
-1027
-1211
-1427
-1604
-1760
-1891
-1931
-1900
-1848
-1784
-1661
-1484
-1342
-1306
-1281
-1040
-596
-261
-238
-368
-410
-239
134
497
611
560
631
865
1073
1124
1132
1327
1689
1956
1923
1636
1310
1169
1247
1292
859
-149
-1095
-1141
-365
177
-261
-1255
-1824
-1671
-1262
-1087
-1286
-1765
-2132
-1973
-1516
-1517
-2233
-2996
-3017
-2286
-1569
-1441
-1707
-1682
-1093
-277
256
323
162
260
873
1611
1886
1557
1197
1367
1991
2453
2505
2386
2299
2248
2229
2153
1844
1469
1408
1772
2120
2103
1804
1494
1228
954
625
265
-49
-303
-495
-738
-1130
-1592
-1792
-1606
-1235
-1009
-1009
-1031
-896
-665
-600
-816
-1175
-1465
-1586
-1525
-1378
-1295
-1372
-1354
-1024
-447
119
485
694
875
1050
1148
1186
1173
1259
1535
1859
1951
1798
1689
1797
1992
2004
1569
583
-516
-966
-478
100
-229
-1317
-2113
-2064
-1541
-1129
-1164
-1654
-2203
-2230
-1829
-1801
-2618
-3695
-4071
-3489
-2574
-2098
-2161
-2178
-1694
-933
-370
-168
-95
117
693
1497
1945
1668
1134
1199
1955
2744
3080
3175
3315
3463
3496
3313
2775
2014
1553
1714
2131
2171
1723
1218
1083
1229
1300
1101
725
383
198
49
-329
-1019
-1729
-2049
-1964
-1800
-1842
-2039
-2143
-2026
-1858
-1839
-1963
-1968
-1700
-1319
-1144
-1309
-1582
-1588
-1120
-418
76
153
151
397
841
1143
1082
836
800
1186
1782
2196
2256
2253
2442
2740
2915
2936
2828
2598
2237
1662
696
-493
-1241
-1128
-623
-719
-1622
-2589
-2876
-2599
-2257
-2293
-2813
-3414
-3508
-3068
-2830
-3360
-4293
-4744
-4308
-3293
-2391
-1970
-1907
-1642
-980
-270
132
318
563
1042
1786
2412
2522
2218
2187
2670
3283
3569
3563
3467
3399
3460
3552
3290
2524
1885
1965
2599
2993
2890
2477
1987
1562
1297
1050
487
-236
-700
-787
-918
-1302
-1835
-2269
-2374
-2074
-1680
-1586
-1758
-1909
-1965
-2148
-2458
-2678
-2550
-2137
-1613
-1189
-1004
-951
-732
-265
93
186
196
362
678
1057
1328
1320
1128
1155
1611
2252
2784
3035
3085
3013
2936
2746
2198
1128
-156
-974
-875
-203
27
-716
-1899
-2451
-2177
-1684
-1620
-2065
-2668
-3031
-3004
-2917
-3365
-4505
-5441
-5266
-4019
-2769
-2242
-2321
-2319
-1834
-1144
-659
-427
-124
504
1564
2688
3239
2850
2224
2213
2887
3551
3740
3670
3608
3596
3570
3503
3180
2672
2422
2852
3492
3617
3083
2331
1699
1236
908
512
-103
-769
-1070
-1119
-1279
-1697
-2069
-2171
-1959
-1577
-1312
-1336
-1584
-1900
-2305
-2804
-3277
-3428
-3173
-2603
-1996
-1555
-1352
-1141
-671
-90
291
466
748
1164
1530
1663
1572
1305
1143
1333
1788
2221
2517
2800
3089
3244
3215
3065
2679
1871
614
-518
-835
-239
423
47
-1426
-2917
-3413
-3029
-2542
-2466
-2852
-3432
-3662
-3398
-3219
-3821
-4926
-5411
-4755
-3509
-2583
-2268
-2265
-2102
-1612
-901
-247
200
653
1445
2608
3391
3202
2373
1899
2244
3015
3672
3988
4029
3960
3997
4145
4073
3408
2546
2252
2731
3305
3335
2812
2086
1501
1156
892
450
-62
-344
-292
-328
-803
-1679
-2506
-2880
-2759
-2376
-2066
-1925
-1908
-2010
-2329
-2798
-3270
-3469
-3209
-2541
-1832
-1425
-1220
-880
-361
116
383
516
680
930
1280
1462
1305
981
931
1287
1812
2332
2880
3415
3850
4094
4055
3573
2439
747
-960
-1800
-1380
-352
-83
-1108
-2591
-3240
-2890
-2373
-2322
-2747
-3289
-3561
-3316
-3118
-3794
-5318
-6391
-6015
-4507
-3050
-2248
-1891
-1532
-973
-409
-27
99
355
1135
2502
3744
4095
3510
2817
2756
3268
3867
4244
4490
4636
4754
4816
4681
4072
3171
2545
2581
2908
3015
2761
2215
1600
951
306
-472
-1268
-1707
-1518
-980
-775
-1284
-2187
-2961
-3306
-3236
-3020
-2777
-2592
-2409
-2283
-2346
-2704
-3162
-3300
-2862
-1997
-1186
-640
-212
256
556
565
493
604
939
1428
1945
2251
2211
2027
1975
2078
2253
2489
2894
3354
3679
3702
3433
2893
1896
372
-1260
-2043
-1466
-334
-170
-1298
-2697
-3313
-3272
-3191
-3365
-3852
-4473
-4726
-4266
-3830
-4443
-5950
-6845
-6256
-4697
-3292
-2445
-1922
-1383
-646
119
595
525
302
619
1857
3271
3970
3752
3334
3371
3852
4432
4843
5113
5210
5383
5717
5845
5141
3961
3129
2973
3053
2985
2716
2260
1807
1396
915
39
-1020
-1772
-1780
-1372
-1164
-1516
-2277
-3013
-3421
-3447
-3390
-3351
-3283
-3048
-2759
-2537
-2527
-2592
-2577
-2354
-1983
-1534
-973
-368
270
698
815
631
407
404
771
1348
1796
1989
2137
2359
2588
2845
3120
3328
3396
3474
3611
3654
3241
2187
409
-1654
-2874
-2420
-1073
-763
-1943
-3274
-3600
-3273
-3037
-3187
-3895
-4922
-5326
-4540
-3504
-3705
-5158
-6342
-6102
-4734
-3308
-2382
-1888
-1422
-645
359
1147
1277
972
967
1839
3117
3941
4083
4054
4286
4571
4734
4798
4834
4739
4716
5046
5348
4989
4138
3415
2994
2650
2295
1975
1570
1223
1026
795
182
-722
-1574
-2066
-2157
-2092
-2127
-2442
-2836
-3080
-3113
-3173
-3344
-3507
-3545
-3415
-3101
-2700
-2324
-2031
-1790
-1591
-1479
-1250
-738
42
792
1341
1574
1513
1346
1386
1749
2173
2433
2570
2785
3141
3615
3997
4049
3770
3454
3316
3295
2912
1757
-242
-2395
-3256
-2206
-700
-897
-2652
-4023
-3958
-3215
-2773
-3154
-4477
-5920
-6053
-4759
-3760
-4359
-5904
-6648
-5815
-4000
-2464
-1904
-2006
-1704
-459
1086
1881
1543
776
545
1413
2816
3790
3998
4036
4393
4880
5117
5016
4739
4497
4681
5215
5481
5029
4341
3955
3768
3360
2630
1687
711
111
79
266
-21
-751
-1444
-1735
-1813
-1950
-2173
-2505
-2865
-3121
-3143
-3174
-3426
-3794
-4049
-4159
-4130
-3861
-3232
-2322
-1333
-473
70
385
667
985
1163
1243
1312
1460
1694
1918
2036
2004
1977
2064
2387
2973
3647
4087
4173
4082
4022
3964
3723
3096
1841
-223
-2623
-3945
-3233
-1608
-1271
-2636
-4125
-4417
-3814
-3266
-3372
-4345
-5703
-6189
-5081
-3579
-3495
-4937
-6256
-6194
-5022
-3818
-3169
-2979
-2709
-1849
-402
949
1344
947
722
1417
2611
3639
4335
4941
5665
6310
6572
6289
5653
5006
4749
4913
5100
4915
4548
4425
4604
4626
4039
2941
1808
1044
564
165
-316
-780
-1065
-1122
-1283
-1987
-2982
-3678
-3845
-3749
-3587
-3501
-3597
-3631
-3368
-3030
-2972
-3162
-3158
-2815
-2277
-1740
-1233
-631
61
683
1014
1097
1019
1003
1234
1630
1821
1752
1765
2043
2379
2596
2747
2874
3058
3343
3665
3718
3491
3068
2558
1964
842
-1244
-3525
-4134
-2676
-1094
-1256
-2687
-3884
-4181
-3942
-3782
-4363
-5795
-6975
-6554
-4614
-2942
-3046
-4369
-5085
-4431
-3101
-2206
-2061
-2173
-1731
-295
1497
2597
2584
2104
2147
2794
3242
2968
2570
2975
4083
5189
5729
5609
5144
4924
5076
5096
4488
3456
2756
2828
3367
3428
2618
1403
522
210
174
58
-340
-913
-1192
-1207
-1504
-2437
-3765
-4506
-4202
-3115
-2263
-2233
-2586
-2634
-2158
-1474
-989
-867
-894
-785
-566
-737
-882
-401
742
1821
2162
1724
892
507
710
988
816
703
1321
2717
4184
5095
5306
5189
5080
4780
4204
3333
2531
1213
-1771
-7405
-13712
-15944
-11917
-5280
-2499
-4579
-6779
-5266
-1377
600
-1676
-6411
-9153
-6292
88
4022
2479
-1513
-2215
911
3875
2927
-833
-2434
406
5296
7828
6374
3521
2251
3143
4120
2902
858
614
3505
7105
8185
6893
5037
4256
3466
1428
-1229
-2925
-2688
-1245
-195
-10
-290
-265
-248
-1658
-4245
-6784
-7250
-5980
-4679
-4031
-3603
-1926
507
2032
1459
-468
-1506
-789
408
678
141
357
1778
3171
3240
1561
-57
-262
504
923
636
1118
2871
5047
6313
6177
5232
4191
3312
2020
68
-1674
-2199
-1572
-558
347
1370
2745
4015
4534
3891
2584
1518
973
477
-1171
-5191
-11807
-18644
-21443
-18008
-11575
-7618
-7333
-6193
-1143
4030
4685
812
-2734
-3541
-2430
-722
99
567
1115
2692
4140
4149
3296
2625
2494
2256
2148
2896
4186
4636
4381
3914
4607
5549
5466
4332
3253
4213
5756
6442
5447
4030
3407
2858
1674
-646
-3404
-5009
-5085
-4286
-3821
-3931
-3382
-2436
-1466
-1716
-2944
-4125
-4642
-4219
-3751
-3250
-2633
-1665
-283
1026
1734
1865
1389
988
304
-261
-496
-603
-266
-21
1090
2152
2881
3246
3251
3588
3785
3989
3949
3782
4013
4501
5071
5255
4522
3280
1711
452
-734
-1895
-2355
-2261
-1299
282
2113
3430
3549
3046
2441
1735
57
-4146
-10966
-18414
-22209
-20138
-15251
-11710
-10494
-7617
-1611
3625
4685
2322
564
-480
-1977
-3194
-3082
-1341
-138
779
2210
4276
6339
6553
5000
3254
2811
3309
2958
1651
1394
3008
5937
7470
7837
7975
8014
8479
7448
5417
2797
829
91
-358
-768
-1228
-1853
-2504
-2618
-2445
-2681
-4006
-4998
-5185
-4242
-3416
-3579
-4318
-5061
-4060
-2399
-1043
-717
-959
-849
-139
605
647
156
109
664
1176
1755
1630
1418
1161
1711
2859
3650
4176
4113
4398
4940
5440
5368
4725
3986
3440
3351
3653
3351
2384
1216
165
-390
-1063
-1637
-2250
-2346
-1786
-710
520
1155
1409
1342
1225
460
-2133
-7555
-14959
-20763
-21471
-18346
-15415
-14044
-11470
-5402
1174
5207
6260
6316
5484
3041
923
-290
-791
-2158
-3139
-1911
768
3636
5278
6349
7209
7841
7618
6087
3706
1820
823
1059
2198
3667
5298
6181
7351
8366
8582
6882
3827
1312
-476
-1658
-3043
-4632
-5697
-5392
-3837
-2438
-2248
-2061
-1702
-1548
-1898
-2811
-3914
-5285
-5804
-5097
-3473
-1787
-612
333
1572
3040
3617
2939
1892
1203
957
766
259
-392
-542
274
1759
3239
4204
4787
5181
5445
5169
4289
3260
2467
1993
1853
2072
2143
1940
1651
1218
479
-367
-1276
-2383
-3476
-3772
-2873
-1346
42
786
1240
1860
2732
3097
1884
-2055
-8943
-16056
-19725
-19258
-17608
-16734
-15460
-10907
-3849
2421
6365
8133
9012
7991
5957
4010
1839
-1201
-4264
-4969
-3965
-2124
198
3324
6415
8830
9926
9790
8509
6263
3850
1501
540
-24
-203
72
1588
4547
7187
8451
8069
7437
6496
4304
970
-2668
-6001
-8206
-9012
-8223
-6810
-5169
-2941
-577
1726
2942
2644
1186
-431
-2096
-4042
-5828
-6785
-6697
-5313
-2926
-568
1479
3247
5097
6091
5681
4164
2122
509
-698
-1426
-1795
-1764
-939
585
2701
4546
5556
6062
6310
6272
5686
4660
3428
2202
1216
491
-125
-700
-1217
-1459
-1502
-1317
-1014
-500
218
594
679
687
925
1228
990
-965
-5382
-11426
-16329
-17813
-16792
-15873
-15569
-13770
-9260
-3681
906
4365
6845
7902
7096
6161
5315
3234
-558
-4135
-5272
-5004
-3831
-1796
1278
4731
8177
10759
11936
11774
10532
8530
5970
3706
1404
-442
-1474
-645
1717
4028
5618
6563
7358
7349
5726
2754
-731
-4327
-7239
-9267
-10241
-10484
-9667
-7706
-4919
-1730
710
2271
2999
3002
1962
302
-1275
-2719
-4192
-5086
-4954
-4100
-2689
-927
1085
2834
4115
4681
4427
3763
2796
1803
930
432
370
735
1996
3647
5063
6031
6380
6162
5721
5253
4516
3233
1792
532
-645
-1826
-2997
-3484
-3390
-3076
-2889
-2671
-2297
-1755
-679
639
1548
1746
1647
1329
372
-2130
-6546
-11987
-15882
-16707
-15728
-14988
-14716
-12699
-8238
-3240
822
3943
6712
8097
7788
7437
6408
3872
27
-2544
-3129
-3044
-2075
-273
2627
5840
9099
11718
12782
12111
10508
8493
6136
3275
48
-2462
-3736
-3013
-1183
584
1998
3873
6278
7461
6498
4166
1581
-1088
-3764
-6385
-8634
-10156
-10309
-8904
-6358
-3600
-1688
-399
910
2080
2265
1547
438
-1050
-2601
-3596
-3653
-3295
-2647
-1393
462
2366
3549
3927
3875
3988
3785
2839
1716
1277
1697
2484
3146
3395
3591
4262
5174
5595
5363
4653
3900
3087
2238
1030
-686
-2444
-3845
-4377
-4408
-4364
-4415
-4057
-2918
-1448
12
1065
1677
2060
2318
1907
-222
-4619
-10157
-14479
-16232
-16204
-16349
-16492
-14960
-10628
-5359
-1009
2412
5224
7453
7893
8012
7552
5940
2965
118
-945
-1387
-1067
-538
1199
3799
7030
10022
11522
11652
11085
10578
9211
6558
3017
349
-992
-1151
-1056
-882
-390
957
3031
4314
4423
3448
2300
754
-1254
-3547
-6063
-8436
-9781
-9637
-8487
-7184
-5897
-4425
-2704
-735
389
701
593
567
584
325
-80
-739
-1074
-521
510
1323
1613
1841
2463
3111
3494
3330
3165
3324
3630
4184
4741
5072
4832
4476
4307
3779
2844
1836
1110
597
249
-45
-514
-1182
-1926
-2567
-2939
-3031
-3169
-3487
-3907
-3926
-3413
-2475
-1547
-958
-325
503
1330
1339
-86
-3298
-7689
-11490
-13042
-12971
-13007
-13516
-13060
-10023
-5818
-1681
1729
4622
6916
7957
9179
9712
8753
6065
3376
2198
1273
752
315
764
1918
3496
5150
5847
6103
6656
7527
7461
6152
4366
3007
1994
1371
739
-129
-1168
-1692
-1204
-714
-599
-995
-1123
-976
-870
-1091
-1931
-3070
-3958
-4298
-4510
-5003
-5488
-5419
-4793
-3844
-3278
-2704
-1728
-344
1026
1710
2007
2112
2392
2806
3085
3106
2765
2278
1949
1915
2026
2028
2093
2571
3156
3522
3680
3756
3817
3683
3413
2808
1916
1172
851
706
91
-667
-1247
-1548
-1864
-2519
-3289
-3844
-3848
-3546
-3194
-2958
-2592
-1896
-972
-208
287
623
756
704
-73
-2036
-5491
-9050
-10929
-10962
-10629
-10998
-11132
-9403
-5999
-2777
32
2434
4614
5619
6561
8193
8895
8008
6070
5461
4927
3903
2604
1683
1548
1546
2048
2075
2034
2583
3913
5032
5273
5025
4952
4805
4247
3239
1731
146
-1284
-1734
-2109
-2852
-3775
-4043
-3337
-2572
-2052
-1990
-2094
-1951
-1702
-1986
-2801
-3782
-4231
-4309
-4234
-4398
-4621
-4127
-3037
-1537
-302
674
1416
2101
2944
3495
3325
2811
2517
2605
2781
2608
2223
1838
1952
2291
2480
2387
2266
2602
3130
3492
3162
2328
1658
1551
1658
1248
445
-173
-261
-80
-124
-393
-909
-1654
-2199
-2510
-2557
-2561
-2439
-1962
-1231
-389
58
379
766
1187
1147
-319
-3193
-6412
-8402
-8697
-8676
-9501
-10442
-9938
-7641
-5132
-2950
-970
1059
2686
3962
5895
6959
6768
5618
4982
4787
3843
2914
1964
1734
1752
2030
2145
1807
2062
2802
3450
3337
2933
3059
3568
3898
4100
3808
3110
2188
1767
1420
181
-1366
-2736
-3329
-3779
-4163
-4710
-5446
-5536
-4803
-3863
-3451
-3207
-2703
-1890
-1039
-473
-631
-1219
-1591
-1533
-1452
-1797
-2155
-1980
-1153
98
1114
1715
2188
2732
3568
4101
4188
3899
3706
3688
3321
2708
1963
1683
1857
2183
2349
2056
1761
1871
2270
2498
2072
1208
461
57
-233
-802
-1390
-1787
-1790
-1502
-1297
-1350
-1560
-1382
-995
-718
-654
-415
197
825
1089
366
-1547
-4309
-6420
-6901
-6793
-7739
-9388
-9707
-8005
-5928
-4368
-2753
-1005
636
2025
4118
5695
5937
5515
5436
5820
5154
4123
2818
1825
1318
1123
878
11
-141
768
1775
2024
1906
2157
2668
2973
3271
3176
2725
2152
1952
1925
851
-829
-2374
-3050
-3326
-3759
-4291
-4819
-4864
-4206
-3452
-2932
-2497
-1718
-655
172
887
1030
839
611
535
271
-479
-1332
-1842
-1649
-1124
-572
-214
313
1009
1895
2696
2931
2745
2508
2753
2927
2841
2788
2897
3217
3349
3311
3010
2543
2096
1685
1273
572
-160
-573
-568
-515
-749
-1167
-1629
-2041
-2157
-2025
-1909
-1880
-1804
-1417
-756
9
528
900
1254
1644
1874
1685
831
-1075
-3599
-5835
-6754
-6787
-7272
-8368
-8908
-7696
-5827
-4335
-2936
-1577
-245
905
2846
4798
5493
5361
5307
5973
6030
5313
4077
2781
2023
1646
1153
-87
-1409
-1707
-1187
-806
-778
-597
192
1077
2303
3393
3712
3284
2772
2817
2264
891
-661
-1568
-2009
-2595
-3375
-4180
-4650
-4453
-3782
-2982
-2257
-1617
-698
247
1131
1478
1366
1315
1433
1553
1191
430
-294
-556
-386
-96
59
216
522
1119
1790
2200
2267
2151
2134
1933
1555
1079
776
802
973
1190
1196
1118
1142
1320
1538
1523
1263
911
431
-65
-426
-549
-546
-715
-846
-913
-829
-706
-705
-725
-820
-716
-189
700
1519
1904
1957
2008
2012
1789
767
-1370
-4190
-6632
-7405
-7244
-7571
-8823
-9433
-8115
-6338
-4946
-3747
-2291
-1130
-265
1443
3001
3439
3186
3488
4126
3832
3019
2420
2258
2390
2416
1921
823
50
444
825
515
-30
177
1172
1966
2888
3530
3683
3636
3924
4424
3771
2307
1053
332
-251
-1320
-2486
-3449
-3899
-3585
-3070
-2629
-2423
-2027
-1267
-614
-334
-513
-774
-798
-556
-237
-19
110
370
756
1395
2024
2380
2477
2361
2257
1836
1318
833
520
428
319
377
743
1533
2171
2404
2361
2307
2166
1755
1244
636
132
-341
-603
-694
-830
-1117
-1455
-1565
-1398
-1101
-783
-600
-627
-589
-565
-518
-575
-503
-239
16
223
255
293
368
403
271
-111
-1070
-2729
-4779
-5904
-5691
-5213
-5617
-6582
-6307
-5224
-4358
-3747
-2842
-1887
-1620
-707
938
2035
2151
2222
3161
3753
3637
3084
2469
2310
2251
1894
811
-347
-510
0
398
358
284
702
1178
1890
2686
3284
3571
3678
4207
4380
3798
2634
1536
1079
833
236
-620
-1296
-1404
-1453
-1674
-1758
-1880
-1769
-1555
-1200
-1045
-926
-294
466
1020
1137
1053
915
776
841
942
700
207
-151
-49
252
261
57
-75
20
154
278
598
965
1244
1400
1487
1490
1359
1278
1189
987
670
339
190
178
204
275
199
82
-62
-151
-124
-212
-518
-1078
-1679
-2228
-2574
-2799
-3102
-3445
-3523
-3036
-2070
-873
234
1041
1493
1694
1671
1272
370
-1288
-3548
-5388
-5891
-5512
-5730
-6507
-5936
-3970
-2393
-1851
-1333
-436
-293
114
1098
1723
1430
1275
2397
2978
3088
2814
2610
2503
2527
2583
1532
184
-331
84
158
-360
-731
-34
1161
2463
3390
3868
4179
4347
4961
5160
4592
3286
2214
1799
1299
280
-721
-1199
-1088
-947
-1026
-1197
-1580
-1437
-1047
-779
-1104
-1363
-1037
-660
-403
-174
144
419
682
1116
1603
1613
1447
1075
619
-50
-828
-1179
-1326
-1263
-1361
-1523
-1356
-975
-341
157
560
995
1218
1453
1435
1323
1201
1053
961
540
131
-193
-640
-1079
-1432
-1516
-1632
-1708
-1505
-1314
-1131
-1105
-997
-834
-760
-634
-580
-534
-505
-344
-61
58
12
-5
34
33
2
-56
-525
-1656
-3198
-4298
-4369
-4023
-4251
-4980
-4991
-4241
-3600
-3164
-2440
-1659
-1166
-402
561
1099
1101
1344
1880
2053
1968
1878
1857
1938
2286
2467
2138
1715
1892
2569
3006
3137
3361
3945
4503
4809
4900
4887
4823
4702
4694
4442
3589
2508
1707
1234
632
-240
-1084
-1748
-2053
-2188
-2402
-2689
-2732
-2474
-2284
-2322
-2444
-2322
-1937
-1502
-1153
-845
-608
-481
-511
-527
-563
-868
-1276
-1537
-1486
-1269
-1065
-899
-694
-272
270
779
1341
1980
2545
2783
2760
2593
2290
1879
1423
1081
822
481
4
-399
-649
-690
-604
-514
-611
-885
-1062
-1185
-1348
-1620
-1813
-1937
-1896
-1655
-1396
-1191
-1157
-1187
-1289
-1448
-1724
-2028
-2104
-1952
-1733
-1635
-1496
-1215
-938
-644
-321
-25
-61
-400
-684
-899
-1177
-1580
-1909
-2136
-2207
-2140
-2037
-1836
-1330
-545
247
909
1486
2072
2494
2778
2881
2888
2809
2634
2489
2413
2389
2319
2383
2623
2858
2920
2888
2837
2866
2836
2630
2196
1685
1322
1105
1090
1051
892
656
489
356
257
129
-14
-202
-434
-664
-1029
-1321
-1558
-1776
-1969
-2077
-2071
-2005
-1726
-1355
-1098
-830
-569
-301
-82
148
404
516
633
768
962
1111
1086
879
672
566
429
174
-38
-127
-159
-73
13
75
23
-44
-127
-267
-322
-397
-558
-840
-1210
-1546
-1854
-2067
-2218
-2374
-2545
-2760
-2804
-2576
-2156
-1720
-1367
-958
-552
-270
-146
-196
-295
-434
-486
-479
-506
-496
-463
-304
-106
160
401
557
662
812
1068
1254
1276
1253
1288
1255
1116
919
809
711
588
385
120
-93
-209
-270
-414
-550
-653
-696
-675
-545
-359
-164
-14
73
240
494
745
836
907
974
950
923
961
1035
1027
1003
986
1009
1105
1210
1240
1229
1320
1483
1660
1753
1762
1693
1602
1434
1141
829
487
233
106
145
144
34
2
17
31
-20
-110
-283
-504
-636
-699
-795
-932
-1011
-958
-835
-727
-672
-638
-575
-497
-430
-451
-547
-647
-690
-701
-733
-821
-973
-1062
-1049
-986
-947
-911
-816
-750
-713
-762
-864
-945
-960
-893
-821
-700
-652
-645
-547
-343
-163
-103
2
173
308
372
455
506
467
314
113
-100
-330
-506
-643
-708
-746
-716
-619
-509
-390
-319
-246
-229
-277
-357
-466
-573
-685
-697
-591
-374
-75
241
591
898
1136
1238
1214
1128
1010
929
842
805
834
945
1095
1195
1258
1297
1332
1307
1222
1103
969
829
727
667
653
645
625
683
784
878
855
749
611
471
349
155
-31
-183
-263
-315
-370
-406
-416
-384
-316
-244
-205
-185
-230
-282
-292
-268
-314
-396
-428
-455
-495
-550
-571
-598
-597
-572
-558
-579
-580
-566
-517
-462
-427
-373
-333
-205
-77
51
115
144
194
179
165
109
65
4
-68
-129
-244
-366
-458
-523
-570
-614
-652
-686
-702
-687
-709
-721
-712
-699
-682
-659
-597
-560
-512
-434
-402
-416
-464
-511
-542
-548
-503
-414
-288
-104
84
295
510
712
912
1056
1163
1202
1220
1190
1142
1121
1096
1087
1070
1090
1097
1081
1035
964
884
809
749
675
634
621
606
560
525
487
384
236
73
-74
-220
-363
-440
-480
-500
-529
-562
-575
-600
-587
-595
-627
-675
-729
-742
-730
-647
-539
-419
-304
-217
-140
-135
-175
-262
-385
-511
-653
-748
-800
-780
-685
-523
-296
-70
127
282
392
441
418
338
251
158
69
12
9
46
90
166
233
259
262
248
206
118
40
-41
-112
-132
-121
-68
-5
97
182
229
240
186
110
-16
-161
-352
-526
-660
-739
-751
-700
-611
-518
-385
-268
-145
-19
135
281
401
525
623
713
792
882
971
1060
1117
1118
1067
1004
913
809
703
587
458
358
304
243
222
226
230
208
185
168
125
98
78
62
34
4
-62
-152
-217
-292
-375
-490
-598
-732
-860
-954
-1031
-1031
-969
-824
-644
-441
-258
-119
-11
31
4
-100
-202
-331
-445
-517
-562
-564
-540
-485
-442
-369
-302
-284
-304
-330
-357
-403
-395
-336
-237
-97
45
189
305
409
466
473
448
363
255
135
29
-79
-169
-242
-308
-338
-333
-301
-259
-189
-132
-107
-69
-31
-10
7
30
36
34
50
64
93
153
231
324
465
627
733
812
859
865
833
812
811
790
780
771
763
738
727
719
728
779
816
841
832
821
765
679
586
427
274
111
-40
-162
-260
-347
-453
-520
-580
-634
-680
-696
-708
-724
-720
-744
-759
-754
-712
-655
-565
-428
-296
-183
-103
-75
-137
-239
-359
-479
-574
-635
-644
-599
-478
-306
-97
141
345
478
518
459
294
61
-182
-397
-557
-644
-645
-543
-384
-210
-56
56
106
78
-17
-186
-395
-640
-838
-973
-1044
-1028
-957
-811
-639
-440
-259
-104
-2
37
52
42
65
92
154
229
304
381
435
500
591
725
848
953
1021
1068
1096
1091
1058
1007
972
938
926
929
924
897
855
794
694
551
397
260
123
-5
-101
-186
-244
-275
-275
-229
-173
-112
-51
12
54
44
5
-60
-121
-143
-141
-122
-96
-68
-44
-23
-34
-80
-152
-221
-274
-334
-370
-406
-442
-481
-521
-524
-493
-420
-327
-246
-188
-154
-159
-209
-266
-331
-377
-409
-427
-395
-333
-240
-175
-126
-82
-56
-28
-28
-43
-81
-126
-181
-230
-274
-299
-308
-307
-296
-294
-270
-241
-213
-206
-209
-212
-209
-190
-143
-96
-53
-3
46
101
151
190
212
238
265
305
341
382
400
419
470
529
582
616
658
690
706
685
639
592
552
504
431
361
310
283
281
284
269
226
177
134
85
48
-15
-96
-178
-234
-259
-263
-229
-201
-170
-130
-93
-67
-58
-47
-35
-24
-37
-75
-109
-123
-117
-124
-136
-126
-94
-49
-5
32
38
38
10
-29
-71
-129
-199
-269
-336
-401
-459
-488
-505
-522
-499
-475
-459
-449
-434
-422
-406
-384
-362
-331
-285
-234
-207
-178
-149
-121
-102
-84
-76
-72
-37
5
45
95
165
219
286
353
402
430
435
436
413
407
414
422
442
447
426
380
331
271
213
182
179
161
136
135
130
125
123
103
58
-4
-60
-110
-148
-155
-163
-149
-79
20
140
270
379
419
403
348
260
160
77
1
-59
-76
-78
-77
-64
-35
-5
26
73
106
109
99
54
-34
-140
-250
-365
-472
-549
-602
-625
-593
-527
-456
-375
-298
-222
-143
-80
-36
-3
25
9
-40
-71
-100
-132
-151
-144
-124
-90
-43
-2
14
15
-12
-70
-95
-100
-79
-24
44
109
162
217
231
211
186
159
104
49
-4
-68
-116
-160
-192
-205
-183
-123
-45
30
83
89
88
91
81
91
126
178
219
258
293
281
238
212
188
159
161
159
156
163
174
176
175
189
188
181
186
172
151
156
141
102
66
60
78
99
146
173
161
142
128
123
119
99
65
38
20
-2
-65
-109
-131
-153
-162
-165
-156
-143
-118
-96
-92
-104
-112
-116
-120
-131
-149
-160
-145
-142
-145
-129
-127
-126
-108
-85
-109
-146
-180
-244
-300
-335
-361
-389
-383
-342
-305
-252
-191
-140
-90
-46
-25
-6
41
93
146
194
233
252
248
230
198
136
65
12
-11
-38
-74
-96
-116
-117
-107
-63
19
96
131
146
160
122
62
4
-67
-126
-157
-187
-249
-327
-397
-464
-500
-498
-461
-350
-187
-10
158
307
425
512
581
633
652
627
591
553
501
429
354
302
246
213
226
232
228
198
168
160
138
123
128
156
183
183
175
162
141
117
78
-6
-107
-210
-320
-404
-485
-566
-620
-621
-588
-547
-476
-389
-309
-202
-79
43
144
203
228
198
140
89
36
-6
-23
-1
51
109
162
186
177
153
122
78
30
-40
-111
-150
-181
-177
-123
-24
115
271
391
455
465
428
324
174
7
-172
-329
-445
-511
-559
-578
-553
-484
-382
-266
-160
-74
12
73
100
80
37
-3
-42
-92
-145
-176
-180
-165
-128
-94
-68
-7
73
153
193
168
118
63
3
-61
-142
-223
-284
-297
-277
-235
-180
-138
-104
-62
-15
-19
-43
-53
-52
-33
-11
4
20
40
55
70
80
113
157
229
307
373
436
496
549
602
657
670
653
615
565
505
425
340
261
205
178
154
137
86
-4
-104
-232
-348
-465
-563
-608
-610
-568
-500
-390
-267
-153
-31
84
172
221
236
205
139
74
21
9
45
110
193
283
383
443
485
505
483
461
409
328
219
99
-12
-113
-178
-222
-240
-223
-194
-161
-157
-201
-287
-385
-489
-624
-765
-928
-1051
-1122
-1159
-1123
-1020
-853
-646
-399
-153
36
184
270
289
269
213
145
105
111
136
196
289
379
493
613
706
740
723
658
540
400
236
66
-71
-185
-254
-285
-302
-302
-303
-279
-233
-154
-46
43
118
153
141
105
46
-30
-94
-143
-184
-192
-181
-174
-146
-109
-53
31
126
197
227
252
249
228
232
250
276
312
355
411
464
498
501
485
445
373
284
182
64
-57
-164
-267
-334
-382
-416
-410
-383
-325
-254
-188
-128
-60
10
39
35
29
3
-40
-91
-153
-205
-235
-238
-209
-143
-83
-60
-37
-8
1
-7
-3
1
9
33
41
35
35
52
114
193
264
293
270
223
160
96
28
-38
-75
-88
-68
-45
-48
-49
-50
-41
-12
15
5
-43
-93
-126
-144
-146
-129
-109
-95
-73
-53
-32
-13
-5
5
7
9
11
13
30
30
10
-14
-28
-31
-23
-11
-10
3
22
52
86
92
72
37
11
-9
-25
-49
-89
-121
-141
-146
-133
-135
-140
-131
-118
-99
-74
-57
-58
-50
-34
-25
-39
-75
-121
-167
-200
-220
-209
-170
-138
-117
-100
-85
-66
-31
2
18
25
14
-11
-14
-7
-9
13
71
154
236
282
281
254
229
216
206
185
157
141
148
175
210
238
251
276
316
344
348
342
318
274
235
196
156
127
90
52
37
36
36
60
90
102
114
121
135
167
191
174
130
81
18
-50
-98
-144
-194
-232
-247
-245
-238
-239
-243
-222
-173
-112
-65
-40
-35
-34
-31
-27
-6
-5
-42
-77
-92
-91
-80
-76
-77
-74
-89
-132
-160
-167
-174
-187
-190
-195
-212
-243
-283
-315
-332
-334
-331
-318
-303
-319
-373
-423
-438
-419
-381
-341
-286
-220
-172
-135
-102
-88
-78
-65
-36
17
60
61
44
39
39
46
53
65
87
119
153
192
241
290
327
368
433
493
531
548
539
520
499
467
424
390
355
321
284
241
200
172
160
174
196
221
242
247
230
193
150
108
74
48
19
-12
-37
-64
-73
-64
-56
-50
-35
-4
30
56
62
46
18
-5
-25
-36
-32
-21
-3
21
41
41
23
-1
-20
-34
-48
-60
-66
-60
-51
-53
-63
-80
-113
-163
-208
-232
-240
-232
-226
-243
-278
-325
-372
-401
-417
-424
-431
-433
-431
-422
-404
-384
-368
-343
-311
-283
-254
-229
-213
-204
-196
-178
-168
-162
-157
-148
-133
-107
-75
-41
0
48
100
153
207
236
244
246
233
202
170
138
103
76
69
86
124
170
218
268
321
361
381
395
388
350
281
206
158
128
100
87
88
105
123
134
134
128
114
101
109
133
149
156
160
156
152
147
134
130
143
164
183
211
239
253
256
255
252
252
248
232
205
174
136
100
71
53
46
42
40
48
60
56
22
-34
-100
-159
-227
-307
-370
-417
-449
-457
-442
-420
-392
-362
-329
-293
-258
-238
-244
-256
-281
-314
-363
-428
-487
-514
-492
-434
-352
-256
-158
-81
-25
26
70
107
138
152
143
112
79
53
51
77
100
102
91
87
82
69
43
19
5
-2
-23
-61
-104
-139
-159
-157
-148
-160
-194
-219
-212
-176
-143
-122
-100
-64
-10
49
109
169
225
272
315
360
393
406
424
451
480
490
469
440
416
403
393
387
390
397
393
363
317
270
244
238
236
221
199
178
155
137
115
61
-16
-105
-200
-288
-376
-472
-568
-615
-606
-572
-534
-492
-443
-377
-304
-234
-175
-147
-136
-126
-100
-54
-3
50
108
179
244
281
293
276
242
195
130
66
9
-46
-102
-138
-146
-146
-144
-131
-126
-142
-164
-188
-205
-223
-266
-344
-426
-495
-527
-523
-485
-426
-338
-224
-102
9
89
145
176
208
235
227
162
72
5
-23
-9
27
56
92
152
229
316
428
539
605
614
588
545
493
428
354
280
214
148
82
44
30
37
59
100
179
251
282
248
187
137
100
53
-18
-102
-185
-241
-263
-242
-205
-173
-137
-89
-24
30
72
106
122
96
5
-154
-344
-498
-595
-648
-674
-679
-670
-635
-559
-459
-339
-226
-138
-87
-78
-95
-126
-144
-137
-117
-96
-69
-23
54
151
262
383
492
576
633
663
655
621
561
488
413
323
214
85
-33
-114
-137
-128
-138
-174
-229
-284
-306
-283
-256
-247
-270
-320
-353
-373
-382
-376
-346
-308
-258
-194
-145
-78
13
105
200
296
387
468
532
569
577
560
531
482
425
375
333
310
296
301
323
328
302
262
217
171
134
104
64
14
-50
-136
-207
-245
-261
-271
-274
-280
-281
-279
-293
-301
-303
-314
-314
-311
-304
-293
-271
-243
-211
-173
-154
-143
-132
-108
-87
-70
-56
-48
-36
-25
-8
6
20
25
28
39
40
31
4
-31
-71
-106
-145
-175
-190
-194
-187
-174
-150
-123
-88
-47
-12
10
20
22
17
27
45
58
70
92
125
154
188
217
243
260
275
282
278
270
250
227
196
165
131
110
92
73
62
52
46
43
44
34
17
-2
-17
-26
-28
-23
-14
-3
-3
-4
2
7
17
21
13
-1
-22
-41
-46
-32
-20
-4
21
49
73
95
109
114
109
102
100
96
91
89
85
70
52
41
25
-1
-24
-42
-63
-85
-108
-130
-148
-174
-193
-206
-211
-206
-193
-171
-160
-153
-149
-145
-146
-156
-175
-196
-202
-203
-193
-178
-159
-147
-128
-101
-67
-30
-7
6
9
5
-3
-12
-16
-17
-16
-12
-2
17
35
58
87
113
133
148
152
153
149
136
122
109
97
87
90
101
107
121
137
147
155
151
135
115
94
77
60
41
12
-13
-26
-29
-23
-16
-9
-3
6
9
11
18
19
17
17
15
10
4
-4
-11
-12
-15
-22
-23
-21
-17
-15
-11
-10
-4
4
10
24
38
51
58
61
54
44
28
11
0
-8
-11
-12
-7
-3
1
6
10
16
19
15
5
-4
-20
-42
-58
-76
-89
-97
-97
-91
-86
-82
-81
-77
-75
-77
-79
-80
-81
-87
-99
-108
-107
-95
-79
-60
-42
-27
-11
3
10
5
-4
-16
-19
-17
-13
-9
-2
12
29
53
77
96
108
110
109
101
88
64
41
20
4
-3
-4
7
26
52
68
77
83
81
77
66
46
19
-13
-38
-59
-68
-70
-71
-64
-50
-36
-24
-20
-26
-34
-46
-54
-58
-59
-60
-57
-50
-44
-34
-18
-2
14
29
44
57
70
79
85
90
90
90
92
92
90
87
81
72
62
47
33
22
10
4
3
3
5
7
13
23
28
29
27
23
16
3
-13
-29
-45
-56
-58
-53
-51
-48
-46
-45
-51
-58
-65
-75
-84
-90
-93
-92
-89
-91
-89
-77
-58
-37
-19
-7
0
6
10
9
8
6
3
1
3
8
16
21
27
33
33
37
44
50
51
49
42
36
29
22
15
15
19
22
26
31
33
37
37
33
29
22
16
7
-1
-10
-21
-30
-35
-34
-30
-23
-18
-16
-20
-25
-34
-47
-62
-80
-88
-87
-73
-57
-37
-9
24
56
85
101
108
105
95
79
60
41
17
3
-4
-5
1
13
22
31
35
34
29
17
8
1
4
6
8
6
5
14
27
34
37
36
29
18
9
-6
-29
-59
-94
-120
-132
-145
-159
-162
-154
-139
-113
-81
-49
-18
11
40
64
85
94
96
90
81
74
63
54
46
41
40
39
39
38
38
43
45
40
35
28
19
1
-22
-45
-54
-57
-62
-56
-44
-36
-23
-9
4
7
1
-10
-24
-35
-53
-66
-71
-75
-78
-71
-61
-47
-25
0
32
65
87
98
108
113
116
112
99
88
82
73
61
48
35
22
19
22
24
24
23
13
-2
-22
-46
-68
-91
-110
-123
-125
-122
-120
-112
-98
-83
-73
-69
-64
-55
-46
-39
-35
-34
-32
-27
-20
-7
17
44
77
110
136
145
148
144
131
114
93
74
58
45
35
27
20
13
12
14
17
20
15
5
-5
-15
-21
-25
-28
-30
-33
-37
-42
-49
-68
-100
-129
-147
-162
-176
-181
-170
-146
-120
-96
-74
-56
-31
-4
27
56
78
103
133
159
178
193
206
222
236
241
232
209
170
123
68
11
-44
-92
-126
-142
-145
-143
-139
-130
-114
-96
-82
-71
-65
-59
-52
-47
-41
-36
-23
-4
25
54
76
87
85
72
44
5
-40
-84
-117
-127
-116
-95
-69
-29
21
66
103
130
150
166
169
158
137
107
76
50
31
15
-4
-25
-46
-63
-85
-115
-148
-178
-191
-188
-175
-158
-142
-123
-100
-67
-36
-11
4
13
18
20
19
23
37
65
103
145
181
200
197
171
130
84
33
-20
-65
-89
-94
-83
-56
-17
32
82
126
154
164
160
141
106
50
-25
-98
-157
-192
-199
-187
-160
-123
-76
-21
32
77
109
133
149
152
136
102
54
0
-58
-112
-152
-171
-172
-155
-129
-102
-80
-63
-42
-21
0
13
13
4
-15
-37
-62
-86
-110
-130
-145
-150
-140
-113
-71
-19
35
82
112
131
145
161
173
178
169
150
130
114
109
112
126
147
175
209
245
276
298
303
286
244
182
103
15
-76
-158
-226
-278
-315
-334
-334
-316
-284
-244
-200
-154
-113
-74
-43
-31
-31
-41
-55
-64
-73
-77
-77
-71
-63
-56
-49
-43
-34
-16
5
27
39
41
32
16
0
-8
-9
-6
-2
9
26
51
78
104
128
147
159
162
159
155
143
126
105
77
42
5
-24
-47
-64
-72
-75
-74
-69
-57
-43
-27
-13
-3
6
11
11
8
3
-2
-13
-28
-43
-56
-62
-66
-68
-67
-67
-61
-53
-39
-21
-9
-1
4
4
3
1
3
9
19
32
45
60
77
99
119
138
149
149
142
127
104
74
42
11
-15
-35
-49
-52
-50
-41
-30
-22
-19
-21
-29
-38
-46
-60
-80
-105
-128
-144
-149
-142
-122
-92
-58
-29
-3
17
30
41
46
48
49
46
46
44
45
44
44
43
42
42
41
37
31
22
7
-12
-34
-53
-67
-73
-71
-65
-54
-40
-25
-11
3
13
19
24
27
30
33
37
42
43
46
50
53
55
56
58
53
44
31
17
3
-9
-16
-18
-13
-5
1
4
6
6
3
0
-3
-7
-15
-26
-38
-52
-68
-84
-99
-112
-121
-123
-120
-110
-97
-81
-64
-46
-30
-16
0
16
36
56
76
94
111
122
129
128
123
111
98
85
74
61
45
26
12
7
7
9
15
21
24
22
21
15
6
-8
-20
-31
-42
-52
-55
-46
-33
-18
-5
5
11
15
14
7
-5
-23
-44
-64
-81
-93
-97
-93
-83
-67
-44
-20
1
21
35
40
39
36
30
22
11
0
-12
-25
-33
-36
-38
-37
-33
-25
-12
-2
10
26
40
50
55
59
61
61
59
60
63
67
68
70
69
65
59
49
39
28
18
10
3
-1
-8
-22
-41
-59
-73
-81
-82
-85
-93
-102
-109
-112
-110
-106
-103
-98
-86
-68
-42
-15
11
25
32
36
36
38
45
58
70
79
85
94
103
110
115
118
115
105
86
68
49
27
3
-23
-45
-64
-78
-88
-89
-87
-87
-88
-87
-82
-83
-87
-92
-91
-84
-66
-46
-26
-13
-6
0
12
27
45
66
85
99
102
101
101
103
108
112
111
104
100
100
104
104
96
80
63
41
20
3
-13
-27
-42
-58
-72
-91
-114
-136
-147
-151
-152
-147
-141
-132
-123
-111
-101
-91
-79
-65
-54
-49
-42
-28
-12
9
29
42
49
54
60
67
78
88
96
99
98
101
106
113
115
113
112
108
98
81
63
45
30
16
7
-5
-23
-43
-59
-71
-79
-84
-88
-92
-99
-110
-117
-119
-117
-115
-111
-104
-96
-85
-68
-47
-23
-5
10
23
35
46
52
56
62
68
74
77
77
79
83
85
85
84
78
70
63
57
51
44
36
27
17
10
3
-5
-15
-28
-38
-40
-39
-38
-37
-38
-41
-42
-44
-44
-44
-42
-39
-38
-36
-29
-21
-16
-13
-11
-7
-3
1
4
4
9
15
19
21
23
26
28
24
18
13
12
14
20
26
27
25
19
11
4
-2
-3
-3
-6
-8
-8
-4
-2
1
1
-3
-8
-14
-20
-23
-22
-18
-13
-13
-14
-16
-20
-24
-28
-26
-18
-9
-4
-1
-1
-3
-6
-6
-8
-10
-8
-4
-4
-3
-1
0
0
0
2
6
11
13
17
17
20
22
23
23
23
23
24
23
20
18
17
15
14
15
16
16
17
19
20
16
7
-6
-16
-24
-26
-24
-21
-17
-15
-14
-13
-14
-16
-16
-16
-15
-14
-12
-7
-7
-8
-12
-18
-21
-21
-20
-16
-11
-2
8
17
22
22
20
17
13
15
17
20
22
22
19
16
12
9
7
6
4
3
3
3
2
-1
-1
-3
-6
-9
-10
-11
-12
-13
-15
-16
-16
-15
-15
-14
-14
-12
-9
-6
-5
-4
-4
-2
2
5
10
12
13
11
8
3
-1
0
-1
2
5
8
9
9
9
8
5
4
0
-2
-5
-8
-11
-13
-16
-16
-14
-10
-6
-1
1
3
7
8
7
3
-1
-6
-9
-10
-10
-9
-8
-4
0
3
6
9
11
13
14
14
11
8
7
4
1
-1
0
1
4
5
6
5
7
9
8
6
2
-3
-5
-7
-5
0
1
3
3
2
1
0
0
-3
-2
-2
-2
-3
-3
0
0
-1
-3
-5
-5
-5
-3
2
3
1
1
-1
-4
-5
-7
-6
-6
-5
-4
-3
-1
1
0
1
3
6
8
7
3
0
-4
-6
-7
-7
-4
-4
-1
3
5
6
5
0
-5
-9
-8
-6
-2
1
4
6
5
3
3
5
7
8
7
4
0
-2
-5
-7
-8
-5
-1
3
7
9
9
9
7
5
3
3
2
-1
-3
-3
-4
-3
-4
-4
-4
0
4
9
12
14
12
5
-2
-10
-14
-15
-14
-11
-4
2
7
11
12
11
8
6
5
2
-2
-8
-16
-20
-24
-22
-16
-10
-4
1
8
14
17
16
12
5
-3
-9
-14
-15
-13
-12
-9
-7
-4
1
5
9
11
10
8
5
2
-4
-7
-7
-6
-1
2
8
15
18
21
21
18
14
9
2
-3
-7
-8
-8
-6
-5
-2
1
4
7
9
9
7
5
-4
-11
-18
-23
-24
-22
