SAMPLES:	9530
BITSPERSAMPLE:	16
CHANNELS:	1
SAMPLERATE:	16000
NORMALIZED:	FALSE
0
-1
0
0
0
0
0
0
-1
0
-1
0
0
0
0
1
0
0
0
0
0
0
0
0
0
0
0
0
1
0
0
0
0
1
0
-1
0
1
0
0
0
0
0
0
0
-1
-1
0
0
0
1
0
-1
0
0
-1
0
0
0
-1
0
0
1
0
0
0
0
0
0
1
0
0
0
0
1
0
0
0
1
1
0
0
0
0
0
0
1
0
1
0
0
0
1
0
0
0
-1
1
1
0
-1
0
0
0
0
0
0
0
0
0
0
0
1
0
1
0
0
0
0
0
-1
0
1
0
0
-1
0
-1
0
0
-1
0
0
0
0
0
0
0
0
0
0
0
0
0
0
0
0
0
0
0
0
0
0
0
0
0
0
0
0
0
0
0
0
0
-1
0
0
0
0
0
0
0
-1
0
0
0
0
0
0
0
0
0
0
0
0
0
0
0
0
0
0
0
0
0
0
1
-1
0
0
0
0
0
0
0
1
0
0
0
0
0
-1
0
0
0
0
0
0
0
0
0
0
-1
-1
-1
-1
0
-1
0
0
0
0
0
0
-1
-1
0
-1
0
0
0
-1
0
0
0
0
0
0
0
1
0
0
0
0
0
0
0
0
0
0
1
1
0
0
0
0
0
0
0
0
0
0
0
1
0
0
0
0
0
1
1
0
0
0
0
0
-1
0
0
0
0
-1
0
1
0
0
1
-1
0
0
1
0
0
1
0
1
0
0
0
0
-7
-12
-10
-5
-1
0
2
2
5
14
25
31
39
40
34
28
21
15
10
9
12
15
23
32
34
41
44
41
35
31
26
17
5
-10
-24
-35
-42
-46
-45
-40
-31
-23
-20
-20
-23
-21
-20
-21
-22
-24
-27
-28
-28
-27
-25
-20
-14
-6
4
13
21
20
21
19
13
8
6
8
9
14
19
22
25
25
23
22
23
21
18
12
5
2
-1
-1
-1
-2
0
4
11
15
12
4
-2
-9
-14
-12
-12
-14
-14
-14
-13
-11
-12
-13
-13
-14
-15
-16
-19
-18
-15
-13
-8
-3
2
10
17
20
21
17
8
3
-1
-3
-3
-6
-10
-9
-5
4
12
17
21
26
27
27
24
19
14
10
7
3
1
-5
-8
-13
-16
-15
-19
-20
-19
-20
-19
-22
-25
-24
-22
-19
-13
-8
-3
4
7
7
6
9
11
16
18
19
17
7
-1
-5
-7
-4
1
3
4
6
6
5
5
4
6
9
11
19
25
29
28
22
14
7
2
0
-1
-6
-13
-21
-29
-33
-34
-29
-15
0
11
17
14
8
5
-1
-7
-14
-20
-22
-22
-22
-22
-21
-19
-16
-11
-5
1
6
10
14
12
8
4
5
10
19
25
27
25
18
13
7
-2
-7
-9
-10
-9
-8
-8
-9
-6
-1
7
14
18
19
19
18
11
1
-8
-14
-15
-13
-9
-7
-7
-8
-13
-17
-19
-21
-18
-11
-6
-4
-6
-6
-4
3
12
20
27
35
43
48
48
45
41
37
30
22
16
11
7
5
1
-5
-6
-6
-6
-6
-7
-9
-10
-16
-25
-39
-51
-60
-60
-58
-57
-55
-52
-48
-41
-32
-27
-26
-24
-20
-14
-7
-3
-1
1
6
11
18
24
32
42
48
48
44
35
23
17
18
19
23
25
28
32
40
46
46
43
40
38
34
28
20
11
6
-1
-7
-11
-13
-15
-14
-15
-15
-21
-30
-37
-40
-39
-40
-39
-37
-33
-33
-32
-29
-26
-22
-19
-15
-9
-5
-5
-8
-11
-11
-6
0
6
11
19
26
31
33
32
31
28
34
40
45
43
41
37
33
34
30
27
21
21
21
17
7
-8
-22
-32
-39
-43
-49
-55
-60
-61
-59
-55
-54
-56
-54
-43
-31
-26
-29
-33
-34
-31
-28
-23
-11
0
12
22
28
26
23
28
32
35
37
39
43
46
49
51
51
51
52
58
61
56
46
30
17
10
7
6
4
0
-4
-9
-13
-17
-22
-30
-35
-39
-40
-41
-42
-48
-59
-64
-60
-51
-40
-30
-23
-20
-13
-6
1
4
7
17
28
37
34
28
31
38
46
55
62
68
75
80
76
58
29
6
3
12
16
-2
-28
-43
-40
-32
-36
-52
-68
-74
-70
-70
-86
-114
-134
-133
-115
-96
-86
-82
-74
-62
-50
-44
-41
-34
-17
14
40
49
52
64
91
115
125
131
139
152
163
168
161
143
133
144
165
175
164
145
129
118
108
94
70
42
20
8
-10
-42
-86
-123
-143
-151
-159
-168
-177
-187
-197
-206
-219
-234
-246
-247
-239
-235
-234
-228
-212
-187
-153
-118
-87
-52
-18
12
39
48
55
72
102
141
177
210
242
276
306
328
340
337
328
317
306
286
257
226
203
190
183
173
154
130
98
61
16
-39
-104
-159
-210
-258
-294
-327
-353
-374
-393
-413
-428
-441
-447
-449
-442
-434
-426
-411
-382
-345
-309
-271
-223
-161
-92
-26
43
104
159
217
271
319
365
410
453
493
521
537
560
590
612
621
616
600
571
535
484
420
342
267
210
160
104
39
-27
-85
-138
-189
-259
-348
-440
-533
-605
-654
-682
-688
-663
-617
-568
-528
-503
-486
-461
-424
-388
-334
-264
-172
-72
30
126
218
312
409
514
618
697
742
759
752
732
721
728
731
728
709
672
632
570
461
307
147
19
-64
-136
-256
-435
-642
-815
-911
-970
-1040
-1130
-1202
-1230
-1212
-1195
-1227
-1295
-1346
-1327
-1248
-1143
-1039
-927
-784
-607
-426
-226
-1
233
468
657
752
774
804
903
1061
1217
1358
1505
1658
1767
1835
1819
1700
1553
1463
1442
1395
1281
1100
892
683
503
364
276
210
109
-42
-225
-461
-751
-1030
-1254
-1408
-1505
-1523
-1474
-1423
-1458
-1529
-1562
-1532
-1411
-1233
-1049
-916
-827
-750
-657
-550
-424
-273
-50
235
531
764
901
960
979
1065
1216
1379
1485
1539
1548
1543
1544
1554
1525
1443
1391
1413
1442
1291
900
366
-129
-419
-483
-394
-399
-673
-1059
-1307
-1367
-1466
-1731
-2034
-2219
-2213
-2104
-2039
-2196
-2592
-2917
-2843
-2403
-1915
-1571
-1337
-1146
-989
-877
-776
-646
-475
-177
282
774
1112
1282
1449
1671
1854
1995
2224
2552
2826
2932
2827
2549
2194
1974
2032
2179
2228
2141
2021
1966
1891
1676
1293
875
523
308
270
215
-67
-563
-1039
-1316
-1438
-1478
-1475
-1513
-1672
-1883
-2058
-2222
-2385
-2441
-2311
-2107
-1902
-1707
-1528
-1375
-1260
-1139
-978
-735
-459
-192
81
248
298
359
561
896
1272
1684
2068
2383
2557
2578
2476
2290
2186
2132
2086
1955
1763
1576
1308
1019
675
313
-20
-212
-224
-357
-864
-1728
-2518
-2890
-2974
-2995
-3079
-3174
-3230
-3120
-2848
-2691
-2853
-3241
-3393
-3116
-2672
-2391
-2261
-2091
-1809
-1434
-991
-473
-6
482
1175
2018
2618
2699
2568
2596
2779
2996
3218
3458
3599
3663
3732
3697
3479
3108
2890
2919
2961
2771
2373
1953
1536
1102
678
331
40
-145
-189
-191
-407
-875
-1386
-1771
-2051
-2308
-2482
-2551
-2511
-2467
-2481
-2516
-2560
-2508
-2250
-1844
-1482
-1305
-1180
-1000
-759
-524
-306
-23
299
706
1098
1415
1580
1615
1658
1752
1892
2004
2112
2226
2339
2307
2131
1951
1823
1730
1656
1618
1435
943
181
-683
-1397
-1867
-2096
-2110
-2152
-2458
-3007
-3378
-3481
-3598
-3839
-3983
-3817
-3501
-3244
-3160
-3261
-3500
-3612
-3315
-2593
-1868
-1420
-1107
-658
-78
299
535
856
1312
1794
2385
3104
3587
3635
3536
3579
3657
3644
3715
3916
4027
3884
3571
3240
2872
2541
2332
2246
2064
1703
1320
1092
928
568
91
-276
-464
-588
-610
-615
-810
-1220
-1614
-1819
-1984
-2164
-2261
-2225
-2154
-2187
-2242
-2220
-2114
-1921
-1653
-1255
-939
-756
-597
-372
-152
-114
-74
82
339
643
949
1188
1268
1258
1313
1492
1797
2084
2274
2342
2264
2078
1868
1785
1801
1776
1680
1606
1477
1099
293
-748
-1641
-2085
-2073
-1949
-2032
-2569
-3289
-3712
-3615
-3356
-3455
-3752
-3840
-3572
-3271
-3258
-3529
-3978
-4218
-3971
-3241
-2315
-1655
-1249
-848
-285
224
487
768
1231
1740
2205
2713
3201
3413
3404
3513
3753
3920
3918
3928
4007
3947
3745
3466
3200
2950
2682
2517
2410
2289
2058
1806
1617
1244
618
-78
-523
-721
-864
-1034
-1345
-1798
-2262
-2526
-2585
-2564
-2528
-2471
-2359
-2262
-2289
-2433
-2460
-2225
-1758
-1235
-845
-635
-544
-345
-30
237
310
300
430
698
1043
1285
1363
1380
1424
1612
1913
2291
2669
2948
3093
3007
2713
2308
1926
1627
1430
1308
1187
864
138
-935
-1937
-2340
-2177
-1886
-2071
-2810
-3692
-4158
-3992
-3630
-3595
-3969
-4259
-4102
-3592
-3187
-3262
-3690
-3949
-3714
-3025
-2258
-1711
-1410
-1032
-407
210
562
720
1143
1901
2841
3633
4086
4176
4113
4143
4265
4395
4412
4432
4474
4479
4235
3634
2950
2542
2439
2437
2362
2203
1914
1586
1234
742
35
-773
-1320
-1618
-1792
-2017
-2268
-2527
-2756
-2961
-3226
-3457
-3530
-3360
-3025
-2696
-2567
-2584
-2573
-2293
-1774
-1236
-855
-557
-184
196
430
458
474
694
1093
1546
1816
1825
1862
2092
2523
2876
3048
3038
2952
2954
3006
3004
2814
2531
2216
1827
1435
1177
989
638
-200
-1504
-2779
-3352
-3106
-2593
-2515
-3067
-3853
-4302
-4144
-3804
-3758
-4033
-4220
-4055
-3690
-3565
-3905
-4438
-4568
-4026
-3048
-2071
-1383
-906
-366
342
884
1062
1085
1467
2232
3158
4022
4534
4663
4645
4744
4888
4918
4911
5018
5209
5272
4967
4321
3528
2909
2475
2117
1795
1504
1294
1119
948
652
176
-391
-862
-1229
-1652
-2095
-2501
-2871
-3159
-3401
-3570
-3747
-3837
-3723
-3384
-2984
-2747
-2498
-2207
-1864
-1596
-1446
-1419
-1447
-1312
-1027
-699
-384
-7
476
953
1416
1790
2056
2247
2321
2365
2405
2581
2744
2731
2577
2462
2468
2473
2385
2039
1419
864
705
702
166
-1257
-2814
-3351
-2585
-1583
-1478
-2341
-3311
-3542
-3098
-2708
-3036
-3895
-4447
-4077
-3086
-2509
-3028
-4157
-4698
-4073
-2946
-2067
-1636
-1257
-604
295
1124
1458
1421
1522
2212
3208
4017
4418
4594
4875
5196
5230
4896
4475
4303
4349
4368
4104
3525
2868
2444
2337
2104
1622
1124
1049
1318
1500
1212
503
-124
-469
-710
-1182
-1856
-2523
-2973
-3164
-3272
-3570
-3963
-4143
-3950
-3596
-3261
-3072
-2841
-2311
-1592
-975
-794
-814
-740
-421
-128
-22
-58
76
582
1236
1721
1871
1886
1921
2065
2222
2327
2250
2134
2126
2216
2228
2123
2059
2069
2088
2005
1831
1578
1151
341
-897
-2207
-2959
-2929
-2563
-2655
-3272
-3900
-4012
-3719
-3546
-3809
-4289
-4427
-4006
-3249
-2914
-3223
-3939
-4264
-3715
-2726
-2004
-1719
-1394
-885
-293
228
665
1017
1413
2143
3139
3996
4529
4851
5191
5383
5311
4932
4486
4248
4168
4167
4091
4002
3870
3793
3654
3294
2577
1755
1224
1093
1126
1014
667
68
-533
-1064
-1518
-2056
-2627
-3064
-3337
-3536
-3633
-3522
-3246
-2996
-2946
-3079
-3200
-3164
-2910
-2420
-1950
-1614
-1444
-1167
-672
-140
214
418
654
975
1345
1674
1867
1851
1802
1794
1822
1702
1560
1567
1791
2188
2605
2883
2801
2515
2240
2116
2030
1769
1105
-101
-1558
-2588
-2816
-2514
-2489
-3185
-4126
-4560
-4305
-3849
-3571
-3522
-3574
-3479
-3119
-2801
-3025
-3868
-4576
-4454
-3653
-2817
-2228
-1706
-978
-18
1008
1825
2260
2431
2574
2779
2885
2955
3097
3454
3838
4076
4342
4689
5053
5126
4889
4509
4054
3796
3890
4315
4416
3678
2501
1406
959
886
731
205
-556
-989
-962
-759
-997
-1877
-3037
-3914
-4228
-4141
-3983
-3867
-3763
-3469
-2991
-2407
-1976
-1770
-1649
-1535
-1270
-1006
-677
-306
53
314
487
651
912
1309
1728
1981
1995
2057
2267
2328
2004
1409
1073
1589
2847
4053
4119
3224
2216
1889
2220
2126
340
-3647
-8054
-10291
-9058
-5975
-4192
-4909
-6360
-5972
-3990
-2904
-4026
-6040
-6254
-3985
-717
1188
940
45
26
1178
1879
1408
678
1302
3428
5339
5742
4942
4263
4174
4139
3579
2829
2710
3680
5038
5748
5393
4692
4179
3636
2497
941
-48
-128
215
128
-300
-783
-1172
-1817
-2935
-4225
-4928
-4695
-3930
-3318
-3035
-2446
-1408
-249
144
-230
-911
-1092
-777
-457
-215
-157
-67
-174
-415
-767
-886
-537
227
1072
1836
2628
3352
3827
3789
3251
2413
1583
922
613
643
948
1137
1083
825
545
340
66
-269
-605
-597
-278
164
490
744
780
336
-506
-1290
-1542
-1822
-3350
-6821
-10997
-13049
-11560
-7918
-5418
-5048
-4642
-2637
-156
95
-1331
-2197
-1268
270
1243
2017
2946
3882
3824
3281
2796
2837
2909
2890
3240
4024
4791
4807
4275
3742
3688
3728
3457
2823
2849
3811
4924
5050
4378
3774
3469
2969
1854
542
-830
-1909
-2802
-3028
-2957
-2975
-3311
-3974
-4779
-5818
-6407
-6053
-4620
-2760
-1054
413
1611
2367
2482
1804
753
-392
-1198
-1799
-2155
-2217
-2055
-1481
-920
-88
830
1954
2876
3352
3656
3885
4101
3995
3651
3218
2776
2301
1958
1865
1891
1747
1379
926
626
393
179
-173
-639
-930
-924
-564
-276
-462
-1013
-1600
-1777
-1802
-2944
-6073
-10892
-14347
-14322
-11543
-9006
-8201
-6915
-4153
-999
28
-531
-920
-805
-707
-725
354
1835
2670
2679
3285
4914
5848
5212
3988
3997
4882
5099
4536
4208
4787
5447
5387
4901
4414
4327
4408
4452
4276
3852
3295
2753
2370
1885
1034
-355
-1616
-2256
-2465
-3045
-4006
-4585
-4535
-4495
-5186
-6114
-6282
-5091
-3295
-1684
-442
909
2310
3205
3304
2686
1831
886
250
-281
-851
-1434
-1868
-1686
-754
723
2195
3306
4262
5154
5669
5387
4399
3362
2628
2165
1587
859
179
-94
44
164
-127
-892
-1621
-2083
-2380
-2728
-3036
-2991
-2438
-1559
-855
-758
-1143
-1509
-1483
-1419
-2215
-4726
-8935
-12781
-13726
-11580
-9079
-8090
-6869
-3501
502
2359
2240
2247
2699
2276
901
179
636
1282
1439
2094
4068
6013
6396
5683
5736
6441
5998
4176
2776
2853
3299
2992
2424
2553
3422
4314
4634
4384
3904
3431
2738
1869
1005
114
-1189
-2630
-3345
-3242
-3167
-3735
-4286
-4276
-4039
-4424
-5323
-5789
-5187
-3914
-2742
-1665
-257
1542
3098
3941
3991
3500
2640
1638
699
-90
-818
-1461
-1596
-849
676
2163
3129
3837
4704
5491
5471
4657
3684
2951
2383
1606
671
-94
-303
32
538
882
730
139
-700
-1523
-2326
-3168
-3803
-3931
-3317
-2315
-1535
-1366
-1634
-1600
-1300
-1497
-3513
-7781
-12524
-14716
-13121
-10432
-9163
-8346
-5216
-351
2918
3779
3996
4510
4045
2420
1078
560
-57
-1036
-870
1290
4095
5644
6098
7324
9316
9800
7826
5388
4348
3744
2363
777
307
1097
2288
3366
4267
4987
5343
4994
4019
2764
1122
-1088
-3378
-4619
-4871
-5220
-6065
-6350
-5360
-4224
-4090
-4661
-4657
-3827
-3024
-2794
-2608
-1716
-300
964
1904
2691
3102
2893
2240
1676
1116
291
-727
-1458
-1466
-911
115
1477
3307
5192
6412
6785
6726
6739
6436
5266
3371
1579
311
-556
-1193
-1455
-1255
-758
-336
-259
-546
-1216
-2138
-3077
-3625
-3733
-3529
-3334
-3156
-2906
-2540
-2058
-1664
-1885
-3790
-7832
-12223
-13965
-12688
-11101
-11028
-10298
-6842
-2159
1032
2878
5168
7189
7398
6131
5030
4052
2114
-228
-1009
276
1966
2840
3996
6748
9850
10789
9566
8582
8335
7202
4414
1682
334
-30
-46
170
901
1827
2625
3272
3762
3801
2676
459
-1733
-3186
-4351
-5994
-7333
-7337
-6275
-5512
-5703
-5878
-5290
-4017
-2910
-2298
-1611
-489
733
1529
2071
2636
2837
2568
2167
1963
1595
768
-75
-564
-614
-583
-357
400
1912
3751
5120
5983
6648
7095
6710
5342
3699
2345
1229
136
-747
-1186
-1317
-1273
-1136
-932
-889
-1194
-1700
-2260
-2796
-3354
-3886
-4194
-4123
-3831
-3557
-3193
-2541
-2119
-3179
-6165
-9388
-10398
-9245
-8391
-8986
-9058
-6770
-3679
-1821
-484
1848
4218
5013
4974
5213
5109
3540
1538
868
1514
2099
2221
3210
5745
8320
8940
8232
8256
8873
8032
5358
2697
1283
466
-344
-679
-235
600
1380
2342
3440
3970
3313
1827
532
-515
-2181
-4719
-6972
-7820
-7738
-7760
-8046
-7608
-5960
-3879
-2259
-1167
59
1306
1933
1971
2062
2059
1372
369
-106
-55
-171
-444
-331
288
1033
1660
2207
2965
3869
4588
4879
5074
5400
5307
4574
3528
2802
2319
1746
1095
618
356
-77
-708
-1337
-1710
-1897
-2098
-2383
-2665
-2712
-2433
-1979
-1622
-1534
-1671
-2077
-2527
-3074
-4481
-7421
-10889
-12187
-10846
-9235
-9338
-9345
-7004
-3722
-1683
-710
959
2832
3745
4099
4671
4939
4085
2966
2698
3104
3062
2513
2771
4547
6516
7005
6469
6877
8108
8318
6778
4849
3565
2346
1236
532
240
-141
-302
277
1118
1528
1247
787
452
57
-907
-2565
-4133
-4965
-5414
-6204
-7244
-7574
-6981
-6004
-5193
-4308
-2884
-1208
173
1076
1767
2270
2452
2303
2150
2112
2039
1683
1150
687
377
289
645
1559
2625
3589
4348
5130
5859
6218
5955
5139
4224
3334
2245
975
-71
-570
-702
-1024
-1688
-2440
-2749
-2565
-2319
-2385
-2720
-2720
-2316
-1886
-1777
-1931
-1969
-1896
-1750
-2357
-4620
-8179
-10963
-10977
-9529
-9010
-9759
-9218
-6303
-3216
-1496
-175
2089
4128
5064
5500
5685
5056
3579
2591
2414
2102
1315
814
1872
3998
5544
5864
6154
7708
9157
8947
7357
5929
5017
3919
2725
1538
461
-338
-424
-2
113
-152
-382
-217
42
-317
-1478
-2978
-3918
-4375
-5056
-6138
-7209
-7531
-7076
-6353
-5863
-5074
-3365
-1402
-34
689
1332
1913
2301
2634
2741
2541
2155
1708
1185
601
218
161
487
1222
2234
3244
4139
5053
5882
6285
6048
5469
4850
4061
2931
1706
817
216
-329
-1009
-1844
-2576
-2926
-2881
-2856
-3025
-3152
-2866
-2287
-1939
-1909
-2024
-1918
-1657
-1545
-2146
-4110
-7100
-9732
-10303
-9321
-9037
-10193
-10359
-7671
-4354
-2674
-1643
677
3347
4859
5834
6601
6530
5423
4390
3982
3482
2628
1988
2519
4091
5307
5408
5495
6961
8766
8969
7681
6512
5960
5008
3442
1763
185
-1235
-2059
-1952
-1713
-2036
-2612
-2603
-1909
-1438
-1761
-2437
-2782
-3071
-3887
-5102
-6081
-6487
-6420
-6225
-6252
-6049
-4936
-3157
-1484
39
1527
2624
3157
3447
3832
3961
3648
3096
2449
1761
1097
892
1288
1983
2724
3422
4159
4889
5492
5634
5086
4212
3391
2539
1495
563
-27
-500
-1062
-1616
-2027
-2409
-2832
-3229
-3614
-4000
-4322
-4415
-4162
-3582
-2843
-2194
-1584
-713
388
1038
560
-1268
-4159
-6850
-7817
-7325
-7578
-9057
-9184
-6779
-4066
-2638
-1140
1604
4229
5692
6598
7154
6831
5712
4735
3890
2633
1185
591
1357
2645
3346
3160
3368
4725
6057
5899
4667
3943
3745
3139
2122
1144
194
-700
-963
-626
-574
-1039
-1458
-1299
-1101
-1512
-2341
-2897
-2855
-2863
-3178
-3641
-3943
-4038
-4012
-3920
-4014
-4016
-3523
-2616
-1756
-999
-174
670
1464
2281
3055
3376
3318
3220
3061
2556
1815
1352
1224
1135
1117
1534
2335
3091
3625
4001
4156
4021
3772
3549
3187
2529
1558
410
-615
-1263
-1522
-1757
-2165
-2461
-2540
-2633
-2933
-3229
-3154
-2704
-2127
-1742
-1555
-1252
-614
69
-15
-1467
-4257
-7029
-7850
-6865
-6569
-8165
-8952
-6816
-3939
-2653
-2012
-200
1915
3282
4539
5569
5676
4911
4594
4781
4304
3043
2032
2346
3274
3616
3068
2649
3385
4467
4582
3732
3200
3268
3016
2425
1899
1410
897
805
1051
647
-423
-1471
-1989
-2269
-2741
-3359
-3885
-3984
-3893
-3748
-3572
-3379
-3189
-2968
-2715
-2758
-2900
-2595
-2021
-1791
-1795
-1400
-488
436
1166
1775
2320
2800
3091
3145
2874
2476
2128
1923
1726
1506
1663
2093
2508
2766
2929
2950
2844
2901
2931
2617
2062
1646
1369
903
244
-344
-697
-1015
-1547
-2199
-2750
-2971
-2973
-2959
-2931
-2782
-2339
-1693
-1010
-451
74
606
966
781
-565
-3211
-6214
-7514
-6856
-6528
-7717
-8330
-6155
-3190
-1879
-1478
-234
1374
2160
2940
3682
3647
3052
3081
3785
3830
3278
2990
3703
4756
4810
3761
2721
2696
2952
2404
1245
501
766
1307
1620
1920
2229
2502
2890
3456
3107
1542
49
-686
-1329
-2568
-3921
-4796
-4946
-4557
-4166
-3968
-3642
-3036
-2439
-2178
-2235
-2432
-2397
-1848
-1410
-1288
-880
20
800
1157
1630
2174
2627
3107
3441
3189
2363
1704
1434
1347
1122
748
741
1193
1839
2457
3058
3419
3279
2853
2237
1515
842
385
-20
-574
-1023
-1289
-1273
-1216
-1339
-1535
-1608
-1507
-1626
-1983
-2343
-2325
-1945
-1468
-1008
-595
-32
635
1234
1352
638
-1047
-3365
-4855
-4619
-4118
-5290
-6926
-6334
-4263
-3341
-3550
-2795
-1107
84
989
2024
2835
3216
3730
4376
4378
3646
2828
2790
3382
3301
2067
868
888
1380
1253
624
207
569
1284
1839
2112
2345
2548
2709
2958
2827
1982
901
299
-109
-962
-2106
-2887
-3047
-2871
-3025
-3520
-3697
-3309
-2790
-2535
-2289
-2064
-1688
-969
-344
-226
-66
742
1429
1445
1331
1466
1507
1341
1148
916
708
689
800
792
682
604
926
1666
2184
2246
2329
2794
3053
2758
2151
1495
1071
1058
1219
979
392
-99
-393
-653
-1042
-1579
-2049
-2258
-2176
-2140
-2175
-2085
-1773
-1225
-626
-79
269
773
1552
2134
1908
647
-1537
-3944
-4992
-4369
-4239
-6037
-7492
-6273
-4034
-3416
-3624
-2809
-1360
-240
750
1707
2266
2562
3038
3425
3247
2634
2176
2548
3167
3001
1940
1230
1490
1854
1602
822
371
519
899
1054
1098
1351
1659
1995
2441
2679
2303
1651
1356
1158
453
-537
-1170
-1455
-1993
-2839
-3452
-3437
-3122
-2927
-2857
-2744
-2428
-1719
-686
31
127
-55
-77
43
129
228
390
657
874
942
929
861
853
915
950
739
446
594
1005
1318
1488
1800
2280
2712
3147
3399
3351
3075
2824
2602
2100
1416
673
-106
-904
-1438
-1522
-1441
-1513
-1683
-1676
-1554
-1483
-1428
-1215
-968
-731
-440
-129
36
53
162
226
-265
-1913
-4243
-5559
-4879
-4098
-5347
-7168
-6760
-4795
-3973
-4160
-3530
-2084
-1014
-113
871
1440
1650
2234
3295
3868
3607
3176
3623
4693
4941
3964
2836
2454
2299
1680
673
-172
-289
219
847
1293
1653
2084
2696
3412
3642
3086
2280
1678
973
-115
-1226
-1828
-1954
-2203
-2876
-3323
-3049
-2649
-2610
-2492
-2088
-1832
-1748
-1574
-1551
-1913
-2228
-2110
-1573
-856
-250
262
1003
1920
2364
2329
2218
2031
1843
1824
1808
1442
1257
1489
1643
1679
1880
2321
2584
2782
2872
2684
2326
1857
1413
1055
889
689
475
244
-145
-542
-784
-1112
-1712
-2173
-2247
-2324
-2583
-2771
-2608
-2074
-1511
-1078
-834
-497
54
707
956
166
-1802
-4104
-5011
-4424
-4360
-6011
-7179
-5906
-3870
-3321
-3557
-2922
-1703
-604
448
1290
1584
1883
2763
3667
3803
3305
2983
3439
4097
3919
2925
2243
2350
2455
1931
892
149
276
926
1251
1129
1137
1442
1932
2426
2438
1778
1088
860
565
-345
-1448
-2026
-1917
-1645
-1669
-1805
-1691
-1449
-1382
-1483
-1655
-1867
-1843
-1564
-1406
-1356
-1131
-763
-582
-393
19
610
1402
2311
3051
3288
3160
2958
2806
2541
1865
1174
938
951
810
608
737
923
979
1022
1064
929
649
582
635
577
379
198
102
-58
-311
-548
-689
-804
-1097
-1529
-1998
-2307
-2395
-2385
-2376
-2269
-1796
-1140
-492
31
519
971
1351
1496
1009
-340
-2437
-4214
-4524
-3894
-4314
-5858
-6063
-4237
-2723
-2543
-2247
-1203
-388
124
763
1117
1204
1519
2045
2007
1627
1525
1967
2755
3028
2417
1479
1294
1693
1716
1042
174
-42
434
895
863
604
642
991
1568
2025
1826
1260
1022
1108
767
73
-321
-281
-149
-192
-365
-529
-580
-632
-775
-990
-1255
-1418
-1182
-697
-344
-35
577
1347
1962
2438
2779
2874
2818
2686
2375
1946
1462
929
407
49
-191
-321
-233
-160
-187
-176
-129
-265
-434
-419
-515
-749
-843
-761
-827
-965
-911
-744
-628
-603
-557
-446
-204
-82
-259
-545
-675
-748
-1030
-1511
-1895
-1845
-1508
-1162
-804
-206
431
746
907
1174
1442
1478
1243
625
-719
-2334
-2961
-2370
-2196
-3405
-4312
-3744
-2877
-2852
-2996
-2772
-2656
-2390
-1777
-1410
-1394
-975
-30
511
614
843
1395
2250
2936
3084
2665
2374
2352
2113
1539
755
242
211
539
742
881
1284
1765
2209
2629
2820
2709
2766
3061
2973
2407
2019
1925
1727
1386
978
330
-343
-607
-575
-659
-838
-925
-885
-824
-968
-1192
-1161
-839
-516
-169
329
697
769
780
787
575
163
-147
-310
-415
-478
-585
-735
-839
-784
-710
-685
-649
-584
-446
-158
202
460
552
564
740
1120
1463
1500
1303
990
561
162
-153
-517
-980
-1359
-1467
-1456
-1476
-1520
-1448
-1249
-1092
-1071
-1250
-1437
-1388
-1103
-914
-861
-654
-198
244
440
336
-68
-585
-1023
-1415
-2097
-2906
-3409
-3461
-3410
-3469
-3469
-3262
-2778
-2164
-1556
-996
-381
339
1106
1701
2021
2065
2043
2032
1979
1925
1882
1977
2129
2257
2231
2154
2205
2317
2411
2546
2712
2809
2839
2881
2741
2388
2090
1923
1825
1571
1349
1274
1255
1096
789
423
-127
-700
-1075
-1316
-1559
-1697
-1778
-1889
-1942
-1805
-1613
-1377
-1113
-931
-788
-663
-572
-592
-547
-432
-280
-77
92
148
123
178
291
330
349
460
579
635
688
752
797
887
1037
1143
1114
991
830
678
473
169
-151
-421
-688
-924
-1070
-1236
-1447
-1601
-1668
-1747
-1770
-1688
-1533
-1368
-1221
-1169
-1201
-1291
-1435
-1553
-1598
-1583
-1613
-1570
-1389
-1100
-749
-380
-143
-113
-131
-134
-243
-470
-707
-920
-985
-877
-651
-407
-84
243
466
613
729
827
894
951
886
800
782
810
849
978
1169
1284
1326
1344
1286
1215
1231
1288
1319
1325
1347
1330
1303
1279
1317
1328
1232
1055
909
831
698
570
529
550
469
329
268
348
509
643
662
537
405
359
363
319
188
19
-92
-114
-166
-318
-468
-555
-597
-625
-714
-832
-785
-560
-344
-223
-140
-69
-37
-33
-92
-209
-317
-380
-398
-360
-319
-292
-155
102
279
272
169
88
-51
-318
-669
-1064
-1426
-1708
-1849
-1870
-1809
-1679
-1487
-1249
-1054
-942
-830
-697
-621
-631
-672
-742
-798
-759
-697
-663
-612
-496
-375
-240
-145
-106
-74
-12
48
35
-20
-72
-13
138
266
315
409
586
803
998
1076
1016
919
866
749
509
240
84
-1
-45
-48
29
167
295
407
485
504
453
442
454
376
220
161
173
153
130
178
269
387
600
863
1123
1319
1472
1566
1581
1528
1437
1352
1229
1057
928
870
811
744
708
682
603
554
557
510
344
144
-29
-228
-448
-676
-851
-944
-950
-916
-890
-849
-779
-647
-525
-455
-450
-491
-551
-637
-736
-853
-918
-878
-779
-668
-546
-416
-307
-237
-204
-240
-345
-455
-564
-686
-808
-883
-915
-887
-816
-722
-580
-396
-207
-67
32
50
-39
-138
-216
-299
-377
-405
-395
-359
-233
-73
55
119
148
155
112
59
-26
-133
-272
-403
-485
-526
-501
-425
-356
-315
-265
-189
-82
50
199
344
479
596
709
824
889
886
876
863
750
572
425
304
169
52
35
65
147
304
518
737
901
1025
1109
1158
1122
1042
991
949
911
878
853
818
766
700
611
491
336
160
-25
-247
-470
-649
-751
-769
-722
-618
-493
-334
-154
-10
96
144
136
50
-89
-228
-389
-512
-604
-628
-627
-575
-460
-369
-306
-286
-281
-346
-427
-527
-651
-790
-908
-985
-994
-925
-793
-592
-395
-216
-86
39
105
114
46
-61
-192
-315
-373
-372
-303
-231
-119
-4
123
244
373
457
463
430
379
314
241
183
139
106
89
114
119
128
88
43
-16
-43
-69
-102
-90
-55
-1
32
113
208
303
405
517
600
664
690
719
705
652
553
453
415
316
203
113
69
-25
-91
-99
-81
-52
11
98
151
170
193
216
211
201
169
166
145
130
91
60
-37
-158
-250
-309
-340
-356
-307
-275
-250
-266
-254
-243
-250
-311
-330
-327
-311
-264
-195
-124
-105
-71
-67
-72
-123
-166
-264
-357
-459
-573
-651
-709
-728
-709
-612
-480
-328
-177
-39
20
67
97
123
119
132
107
54
8
-47
-85
-133
-141
-176
-142
-71
1
47
130
198
260
318
344
356
337
346
336
333
296
275
243
233
197
163
144
116
95
88
129
192
267
308
340
365
414
440
469
476
444
380
400
440
451
485
508
554
591
658
672
668
644
543
408
326
236
127
25
-99
-260
-414
-519
-612
-679
-762
-773
-740
-640
-532
-451
-349
-260
-190
-139
-124
-155
-206
-267
-315
-373
-408
-408
-362
-315
-276
-252
-201
-180
-232
-276
-325
-381
-411
-405
-440
-470
-483
-470
-437
-376
-337
-298
-210
-154
-161
-165
-170
-208
-225
-248
-239
-201
-159
-114
-43
16
77
160
246
331
375
440
485
493
475
426
389
349
269
204
136
81
40
34
61
66
69
95
132
134
167
214
270
309
335
365
403
443
456
468
484
456
381
350
300
239
207
190
190
191
200
234
274
294
325
368
419
441
435
436
406
360
324
288
229
136
42
-36
-99
-150
-165
-189
-207
-223
-251
-251
-284
-344
-413
-491
-571
-628
-660
-679
-702
-725
-709
-667
-598
-516
-439
-355
-293
-233
-150
-101
-67
-33
-13
4
31
36
7
-53
-119
-152
-170
-159
-158
-177
-202
-227
-242
-222
-206
-175
-165
-168
-167
-175
-164
-199
-256
-307
-328
-323
-293
-278
-306
-310
-294
-247
-153
-53
40
128
234
319
382
470
525
549
545
539
523
532
534
555
602
642
692
710
711
679
638
604
569
507
448
383
339
303
286
276
245
197
152
135
106
123
114
86
61
58
40
-7
-39
-79
-129
-150
-143
-159
-175
-200
-231
-247
-224
-217
-194
-219
-266
-319
-340
-311
-321
-308
-306
-305
-305
-295
-301
-306
-327
-333
-292
-251
-230
-227
-231
-244
-256
-217
-100
-26
36
69
96
110
124
147
126
61
-25
-101
-160
-195
-245
-276
-302
-347
-386
-397
-416
-419
-432
-430
-406
-376
-320
-248
-142
-47
71
176
242
234
203
167
128
95
67
40
8
9
46
145
245
378
505
630
735
806
837
833
815
769
723
674
634
573
486
397
329
278
215
142
78
-4
-71
-97
-108
-131
-149
-177
-195
-197
-221
-239
-288
-345
-413
-429
-390
-345
-299
-238
-181
-121
-46
4
42
41
22
16
25
14
1
-18
-32
-48
-33
28
81
121
149
179
172
137
109
88
40
-6
-62
-146
-235
-297
-334
-342
-339
-327
-318
-314
-321
-358
-388
-434
-470
-488
-470
-445
-378
-293
-212
-134
-88
-35
15
56
58
54
7
-43
-88
-127
-141
-139
-107
-44
31
97
170
220
216
187
186
157
114
82
53
10
4
48
123
210
303
411
514
603
669
736
767
774
758
749
711
657
600
530
459
365
282
208
140
56
-7
-79
-153
-218
-256
-288
-316
-331
-347
-329
-310
-284
-231
-174
-144
-122
-117
-148
-187
-214
-261
-329
-399
-447
-464
-454
-422
-365
-295
-234
-163
-109
-62
-28
5
14
13
2
-9
-3
-21
-48
-76
-94
-125
-138
-149
-181
-197
-186
-156
-111
-40
32
79
113
135
139
152
149
122
94
74
44
19
9
-3
-32
-58
-60
-48
-51
-52
-43
-35
-9
16
44
70
90
109
139
158
165
184
199
196
188
194
186
174
162
151
124
97
78
49
18
-9
-19
-6
16
29
47
92
136
174
220
259
270
253
233
198
151
106
77
40
11
23
55
80
101
130
145
156
154
157
146
110
67
44
30
6
-17
-45
-89
-145
-194
-264
-336
-412
-493
-581
-661
-717
-759
-791
-821
-836
-832
-797
-741
-664
-569
-455
-327
-179
-7
148
266
369
459
518
549
572
579
564
546
534
536
542
549
555
564
550
513
484
419
325
240
171
99
30
-14
-56
-95
-112
-117
-122
-147
-177
-218
-265
-315
-376
-440
-492
-510
-515
-506
-488
-468
-434
-376
-309
-237
-141
-36
64
147
234
307
362
399
402
381
343
299
266
247
223
207
213
232
246
284
319
319
300
277
245
195
146
88
12
-67
-125
-175
-223
-255
-274
-292
-298
-281
-248
-208
-163
-114
-68
-24
-1
18
39
63
81
99
121
134
137
133
117
75
29
-34
-95
-153
-208
-245
-265
-258
-246
-209
-156
-106
-65
-39
-37
-66
-86
-102
-115
-128
-131
-126
-128
-108
-75
-39
1
45
91
120
132
134
132
130
145
156
173
185
183
177
171
174
174
175
165
134
90
48
-2
-42
-65
-81
-83
-81
-84
-97
-115
-140
-161
-180
-196
-218
-231
-218
-196
-162
-117
-63
-15
25
58
67
49
37
22
2
-5
9
39
77
125
171
207
246
275
276
259
221
173
135
96
55
20
5
-8
-17
-18
-14
-8
-1
11
10
-5
-25
-38
-44
-45
-48
-57
-64
-69
-68
-59
-40
-28
-13
1
6
-3
-9
-15
-35
-51
-58
-62
-60
-34
-3
26
54
82
102
111
109
91
65
22
-33
-96
-146
-180
-187
-159
-119
-76
-38
-3
11
5
-6
-23
-51
-96
-144
-191
-218
-229
-218
-181
-121
-58
0
47
64
60
53
46
29
21
21
15
26
54
100
151
210
278
344
396
428
427
393
331
249
184
126
74
27
-3
-25
-41
-38
-21
-6
-11
-31
-77
-127
-169
-197
-227
-261
-282
-292
-286
-260
-227
-202
-202
-227
-249
-267
-285
-296
-295
-278
-249
-206
-143
-70
10
98
184
256
305
324
312
278
245
219
203
200
206
218
239
258
273
288
304
311
291
252
190
111
27
-60
-140
-208
-268
-309
-326
-327
-314
-287
-241
-184
-131
-75
-26
9
24
21
0
-29
-57
-80
-102
-116
-120
-114
-87
-34
27
74
106
131
153
168
164
148
122
88
55
39
35
29
19
10
4
3
5
2
-2
-12
-14
-16
-23
-30
-41
-50
-59
-53
-39
-22
-16
-20
-19
-4
29
69
98
111
116
120
121
112
93
63
20
-13
-31
-40
-51
-59
-58
-46
-27
-7
10
13
5
-13
-31
-49
-67
-85
-97
-95
-82
-58
-37
-24
-25
-32
-40
-45
-49
-56
-70
-87
-100
-108
-107
-91
-57
-11
41
92
137
171
189
192
183
166
141
113
81
46
16
-11
-30
-35
-31
-28
-29
-39
-66
-112
-159
-193
-206
-194
-166
-124
-76
-20
42
97
134
146
140
119
90
62
39
13
-9
-25
-25
-20
-7
8
19
22
19
22
21
23
33
47
62
74
85
86
75
56
42
35
35
33
27
13
-11
-33
-47
-55
-62
-74
-90
-101
-107
-106
-94
-75
-43
2
52
101
140
169
181
181
168
132
79
22
-34
-77
-104
-113
-108
-90
-69
-50
-27
-15
-29
-58
-87
-113
-132
-142
-141
-132
-115
-88
-54
-21
0
6
9
19
32
44
60
69
71
71
72
72
71
71
63
57
55
55
61
73
87
94
98
99
92
70
28
-30
-90
-136
-162
-169
-162
-157
-156
-152
-138
-108
-77
-48
-32
-30
-36
-38
-26
-6
7
12
17
30
54
87
116
122
110
96
97
111
124
125
109
90
74
67
65
57
35
8
-5
10
35
52
50
26
-4
-28
-45
-63
-83
-113
-139
-147
-135
-114
-99
-90
-85
-68
-38
-2
28
41
38
32
43
70
106
133
146
139
125
113
108
105
99
83
60
36
20
12
7
-1
-22
-57
-85
-97
-95
-94
-102
-121
-142
-160
-169
-162
-151
-143
-136
-123
-111
-103
-98
-98
-104
-100
-76
-36
5
30
37
31
23
27
40
54
63
72
86
108
133
153
149
132
113
109
114
123
122
112
98
86
89
105
121
115
95
64
28
-1
-15
-19
-20
-19
-16
-9
-3
-2
-10
-28
-55
-84
-110
-126
-132
-140
-152
-164
-169
-161
-140
-105
-64
-28
-5
3
5
-4
-13
-14
-13
-15
-14
-8
-4
-1
-1
0
11
28
37
39
41
39
29
12
-9
-29
-37
-33
-13
18
52
85
126
169
203
219
219
200
165
123
83
52
31
15
5
10
32
52
57
46
29
6
-14
-32
-54
-86
-125
-156
-173
-178
-186
-198
-211
-221
-226
-213
-186
-164
-157
-159
-155
-141
-110
-73
-40
-12
3
16
38
71
109
142
172
198
220
236
248
252
241
209
171
140
122
110
95
77
61
48
42
40
31
11
-14
-41
-65
-82
-93
-102
-108
-117
-128
-134
-129
-123
-123
-125
-129
-131
-126
-113
-93
-74
-59
-45
-25
-1
26
53
81
108
133
148
158
164
162
148
126
100
73
41
5
-26
-51
-68
-69
-58
-45
-42
-50
-62
-76
-89
-100
-102
-98
-89
-75
-55
-27
5
32
54
73
85
92
92
87
79
71
71
79
96
109
111
101
88
68
43
19
-4
-28
-50
-67
-79
-85
-94
-100
-100
-100
-97
-96
-104
-120
-138
-152
-150
-137
-114
-82
-46
-6
30
60
82
96
100
93
82
73
61
45
24
-4
-27
-38
-31
-12
20
54
79
105
129
140
141
137
119
88
49
9
-26
-46
-47
-40
-25
-6
9
25
40
48
54
62
70
77
82
85
78
60
36
18
11
13
17
13
-3
-26
-52
-79
-105
-134
-162
-185
-203
-213
-222
-234
-244
-245
-242
-234
-221
-202
-184
-170
-152
-125
-84
-39
2
38
61
71
78
84
89
96
108
131
168
215
263
304
338
361
377
388
388
370
335
280
215
155
100
52
19
4
2
9
18
18
9
-16
-48
-84
-116
-143
-162
-179
-201
-231
-260
-283
-290
-279
-261
-242
-229
-227
-234
-247
-261
-271
-276
-269
-249
-218
-180
-139
-94
-44
9
67
126
182
220
238
234
217
190
166
157
161
172
183
188
187
181
174
170
172
184
194
201
205
211
217
229
236
232
220
201
175
135
82
21
-42
-103
-158
-208
-241
-254
-252
-250
-257
-268
-278
-276
-264
-241
-210
-179
-146
-106
-60
-21
12
32
33
22
8
-11
-35
-66
-93
-110
-113
-95
-65
-30
-2
8
-7
-36
-70
-100
-119
-125
-120
-110
-101
-89
-65
-33
5
46
87
123
152
188
226
265
300
323
331
335
335
331
316
289
254
223
211
211
230
260
288
308
316
302
258
187
90
-33
-174
-314
-433
-515
-560
-574
-573
-570
-564
-550
-525
-495
-457
-412
-362
-324
-285
-236
-180
-123
-66
-16
29
72
113
158
213
275
328
370
396
403
398
388
373
353
329
303
278
265
265
262
251
222
186
153
126
102
76
35
-21
-85
-153
-213
-262
-306
-347
-381
-405
-427
-438
-429
-407
-372
-308
-203
-66
89
239
361
434
435
376
281
170
59
-45
-130
-196
-242
-267
-267
-236
-178
-98
-5
77
132
152
126
61
-18
-91
-148
-189
-207
-198
-159
-84
17
127
228
298
328
322
274
196
101
5
-72
-114
-104
-30
86
209
311
395
465
509
535
534
485
379
233
63
-110
-269
-396
-490
-559
-593
-591
-555
-501
-451
-414
-388
-351
-287
-196
-79
37
115
142
119
53
-29
-101
-165
-223
-261
-268
-237
-170
-63
73
215
360
498
609
676
690
651
560
429
300
188
109
68
55
65
91
117
139
147
116
29
-102
-236
-357
-456
-515
-532
-508
-457
-383
-296
-199
-106
-26
31
60
75
72
43
-14
-85
-157
-203
-203
-156
-86
-19
40
77
98
111
129
151
163
171
189
217
258
299
328
340
342
339
325
310
272
191
76
-69
-205
-305
-350
-343
-303
-252
-218
-206
-214
-248
-309
-390
-457
-484
-458
-376
-255
-123
-3
107
211
301
368
418
438
414
359
303
264
257
275
300
321
327
311
272
206
118
20
-75
-159
-215
-231
-223
-208
-186
-159
-127
-103
-93
-110
-167
-246
-319
-358
-358
-329
-262
-171
-95
-36
13
49
62
35
-23
-96
-156
-185
-189
-172
-147
-103
-24
81
199
308
386
424
426
404
388
381
375
358
324
287
268
264
264
241
184
102
15
-52
-98
-126
-150
-177
-218
-260
-278
-281
-283
-304
-343
-384
-412
-414
-379
-342
-326
-317
-290
-231
-153
-76
-26
-10
-14
-6
27
72
101
112
109
84
86
137
214
276
315
336
343
338
323
300
265
216
156
122
120
126
139
140
127
123
141
172
195
183
124
47
-22
-91
-161
-225
-280
-325
-342
-299
-214
-119
-52
-34
-52
-92
-128
-152
-190
-246
-301
-338
-345
-323
-290
-268
-254
-229
-173
-76
44
137
179
165
118
94
103
129
161
187
204
225
258
296
339
357
346
330
323
330
349
367
350
296
215
126
54
-7
-75
-155
-238
-311
-368
-412
-435
-451
-466
-464
-438
-392
-351
-324
-305
-296
-288
-247
-174
-81
15
103
179
257
342
413
460
475
462
432
396
352
301
239
169
130
130
140
165
188
192
174
135
79
2
-89
-177
-254
-324
-390
-458
-501
-502
-463
-402
-349
-309
-261
-199
-120
-36
28
51
41
33
39
56
61
40
-6
-62
-109
-104
-47
21
91
178
286
404
487
506
458
354
212
44
-140
-309
-404
-386
-268
-73
163
384
582
730
782
710
525
282
35
-193
-395
-575
-727
-807
-783
-644
-436
-249
-127
-60
-32
-31
-65
-160
-298
-436
-516
-495
-391
-256
-132
-23
90
224
378
532
650
708
686
617
549
506
485
466
429
371
296
243
242
253
234
179
108
41
-5
-12
6
-7
-73
-190
-312
-382
-410
-446
-516
-602
-654
-656
-626
-590
-580
-565
-491
-331
-140
-8
18
-44
-148
-224
-250
-251
-220
-166
-80
38
163
283
397
507
617
708
762
775
745
684
570
415
247
97
8
-17
-9
-2
-10
-14
6
51
99
115
96
48
-28
-96
-134
-154
-166
-187
-216
-231
-203
-128
-27
56
97
103
85
48
-19
-117
-235
-335
-391
-422
-454
-472
-457
-393
-286
-162
-42
50
128
192
226
209
156
98
65
60
74
87
87
93
116
146
185
237
286
309
297
249
174
92
35
4
-19
-51
-79
-65
-24
9
14
-13
-60
-86
-79
-52
-50
-81
-121
-159
-179
-200
-228
-258
-270
-259
-236
-212
-195
-178
-162
-142
-109
-57
11
89
152
176
163
143
150
177
215
239
241
236
241
259
273
273
260
240
227
220
203
158
75
-28
-116
-182
-215
-210
-187
-177
-182
-178
-161
-129
-97
-85
-98
-126
-151
-157
-147
-141
-143
-155
-159
-143
-101
-46
-2
27
53
77
107
145
176
189
179
156
133
119
116
117
109
102
104
115
128
132
127
111
89
70
50
20
-21
-65
-99
-122
-134
-145
-160
-171
-181
-184
-178
-168
-161
-155
-148
-135
-114
-88
-65
-42
-18
4
29
58
85
99
111
119
122
119
121
127
130
134
138
143
136
124
112
102
90
78
68
52
37
30
35
38
33
23
4
-20
-38
-45
-47
-50
-58
-73
-101
-139
-174
-200
-219
-234
-244
-244
-239
-222
-195
-159
-125
-93
-68
-50
-34
-16
-1
11
20
27
36
57
91
126
157
178
189
201
219
246
270
280
275
262
245
227
206
184
155
131
113
88
50
5
-40
-77
-102
-111
-117
-131
-152
-177
-200
-225
-242
-257
-274
-282
-277
-264
-251
-241
-232
-224
-212
-197
-173
-137
-86
-26
37
90
132
168
197
213
212
195
169
152
150
158
169
184
199
213
222
228
228
221
211
193
165
122
78
37
1
-26
-47
-59
-65
-66
-65
-65
-70
-77
-87
-108
-140
-178
-212
-236
-248
-254
-254
-255
-249
-232
-209
-184
-162
-144
-131
-121
-110
-95
-74
-49
-18
22
67
118
174
224
268
301
321
327
327
325
318
311
301
288
276
262
243
224
194
151
103
50
-4
-61
-122
-183
-232
-265
-287
-304
-315
-317
-307
-293
-278
-270
-269
-276
-283
-282
-277
-262
-232
-190
-137
-75
-9
58
123
184
235
271
291
301
301
297
286
269
252
242
241
247
258
269
274
265
242
200
147
87
31
-20
-67
-117
-162
-198
-224
-239
-250
-256
-258
-257
-252
-246
-243
-239
-233
-223
-206
-190
-173
-150
-122
-93
-57
-20
14
44
74
101
120
134
144
149
157
171
187
191
191
186
174
157
137
116
93
71
58
51
49
50
47
34
14
-7
-28
-51
-75
-102
-136
-170
-193
-200
-194
-177
-153
-130
-106
-77
-53
-38
-29
-24
-17
-6
6
13
16
22
33
50
69
85
104
124
143
153
146
122
89
64
54
51
53
47
39
39
44
48
49
46
33
15
-2
-21
-36
-52
-64
-72
-78
-76
-78
-84
-91
-98
-106
-113
-113
-112
-108
-102
-87
-73
-55
-29
-1
24
49
77
99
108
99
80
59
52
56
62
60
57
58
61
62
59
46
23
4
-3
-11
-26
-47
-65
-80
-86
-82
-77
-69
-62
-50
-39
-28
-21
-15
-5
9
22
31
36
37
33
26
22
25
32
40
42
42
46
57
67
71
69
65
61
58
48
27
0
-16
-21
-21
-24
-34
-48
-60
-63
-61
-62
-67
-71
-73
-71
-67
-66
-71
-74
-66
-52
-38
-24
-7
3
9
17
27
38
50
62
71
75
72
73
77
77
71
59
49
45
47
39
24
8
3
6
5
-3
-24
-42
-44
-35
-31
-43
-58
-62
-58
-57
-63
-76
-90
-90
-78
-66
-59
-51
-33
-4
25
38
40
38
46
58
69
67
56
46
44
48
52
55
56
57
57
45
29
16
10
11
11
5
0
4
10
13
4
-7
-17
-18
-17
-24
-41
-59
-68
-66
-59
-50
-37
-25
-11
6
11
7
-5
-13
-13
-9
-11
-22
-36
-40
-29
-14
1
9
15
15
20
20
20
17
14
13
10
14
26
38
45
48
44
36
25
21
20
13
3
-8
-13
-14
-11
-10
-11
-12
-11
-16
-27
-33
-30
-22
-14
-8
-5
0
9
22
29
26
12
-3
-16
-19
-19
-24
-35
-44
-50
-41
-21
4
26
42
51
48
44
40
35
24
14
6
6
6
6
8
13
18
21
16
8
-2
-14
-28
-41
-46
-41
-34
-25
-15
-7
0
6
1
-9
-20
-25
-21
-12
-6
-6
-7
-4
3
7
4
-2
-11
-12
-8
-4
-3
-1
5
14
24
34
44
50
54
55
45
25
1
-17
-28
-34
-34
-32
-25
-15
-2
11
19
22
26
27
23
16
7
-6
-21
-31
-36
-40
-41
-37
-34
-34
-32
-27
-18
-8
-4
-4
-4
-5
2
9
16
18
18
16
18
22
24
24
20
16
12
11
11
10
12
14
15
12
13
18
23
27
28
28
22
12
2
-8
-17
-25
-30
-32
-31
-27
-18
-10
-9
-11
-16
-21
-18
-14
-15
-20
-25
-27
-24
-14
-6
-2
0
-2
-2
0
6
10
15
20
25
25
21
18
14
8
3
-2
-4
-6
-6
-2
2
8
21
31
42
50
54
56
50
41
33
27
18
10
4
-4
-17
-29
-40
-51
-57
-60
-62
-63
-58
-52
-43
-34
-28
-26
-27
-24
-22
-18
-20
-24
-28
-26
-23
-18
-13
-5
3
14
27
40
55
67
76
77
71
67
65
63
59
53
43
33
26
22
18
11
0
-10
-17
-25
-31
-32
-31
-31
-35
-44
-55
-60
-56
-50
-46
-47
-49
-48
-45
-35
-28
-21
-11
1
17
30
37
40
40
34
28
25
23
24
22
19
15
12
13
21
31
33
29
25
22
18
13
7
-1
-8
-12
-13
-16
-17
-18
-20
-23
-31
-39
-39
-25
-6
11
21
27
32
38
41
35
21
4
-12
-25
-30
-32
-29
-24
-19
-12
-8
-4
2
12
19
22
20
17
15
14
11
-4
-27
-46
-56
-53
-46
-39
-32
-24
-10
7
21
29
36
38
39
35
29
22
17
13
11
8
4
6
14
23
28
30
30
33
39
43
37
23
4
-15
-31
-44
-53
-58
-57
-51
-47
-44
-42
-40
-36
-34
-30
-28
-27
-21
-14
-12
-15
-19
-20
-17
-8
4
15
24
28
28
29
33
38
43
45
45
38
31
24
20
15
5
-5
-11
-11
-4
6
13
14
12
7
4
0
-7
-13
-16
-20
-21
-19
-16
-11
-9
-9
-14
-18
-18
-15
-9
-4
-6
-9
-8
-7
-6
-2
-2
1
5
8
12
14
11
10
9
11
13
16
21
24
24
16
4
-3
-3
2
6
7
5
3
3
7
7
3
-5
-14
-22
-27
-30
-33
-32
-28
-21
-9
11
33
52
66
69
63
53
44
38
29
17
7
2
3
1
-1
-4
-8
-12
-17
-23
-24
-26
-22
-16
-14
-18
-25
-26
-24
-20
-21
-23
-26
-27
-27
-27
-30
-35
-39
-37
-31
-23
-13
-4
0
0
-5
-8
-5
-1
3
7
8
9
15
24
34
42
48
58
70
79
85
85
76
59
43
28
19
15
16
18
19
20
16
10
1
-11
-29
-52
-71
-87
-98
-105
-109
-110
-105
-95
-79
-61
-46
-36
-28
-21
-19
-17
-16
-14
-9
0
8
18
35
52
68
84
95
97
95
92
89
84
70
55
41
33
29
29
30
32
33
34
33
29
23
15
3
-16
-37
-58
-74
-85
-91
-97
-104
-106
-103
-94
-83
-81
-85
-87
-86
-82
-74
-65
-53
-40
-22
-3
13
25
39
62
84
100
107
108
111
115
113
105
93
86
86
90
87
77
61
43
20
-6
-36
-63
-74
-75
-69
-64
-61
-58
-50
-42
-35
-29
-26
-24
-22
-23
-28
-35
-42
-45
-43
-37
-25
-9
7
16
17
14
8
2
2
2
-1
-5
-7
0
7
16
29
42
57
70
81
89
89
86
72
54
39
29
25
22
19
19
16
8
-5
-15
-25
-30
-37
-39
-40
-38
-37
-34
-32
-33
-40
-49
-51
-47
-39
-36
-41
-50
-57
-59
-57
-54
-51
-46
-36
-24
-15
-11
-10
-9
-8
-4
1
10
19
28
38
47
56
65
75
90
103
112
113
105
89
72
54
37
18
0
-10
-15
-19
-24
-29
-32
-31
-31
-29
-27
-24
-29
-39
-55
-74
-87
-94
-93
-90
-82
-69
-53
-36
-22
-8
4
16
26
31
37
41
43
40
39
40
43
51
60
71
82
92
99
102
100
92
77
59
38
16
-5
-26
-39
-50
-56
-58
-60
-61
-58
-51
-45
-45
-49
-53
-51
-52
-55
-57
-52
-43
-33
-26
-26
-31
-33
-33
-28
-23
-15
-3
10
25
37
42
39
35
34
39
45
50
50
45
39
30
20
13
11
16
22
30
32
26
17
4
-14
-38
-56
-67
-68
-65
-58
-51
-42
-33
-23
-10
-1
8
13
14
10
4
-4
-11
-19
-23
-22
-15
-7
2
13
28
43
49
47
43
43
42
35
23
14
10
6
6
6
7
10
12
14
18
20
23
21
21
20
19
17
15
12
6
-2
-6
-6
-5
-4
-3
0
7
13
20
27
32
33
30
21
12
2
-11
-23
-35
-46
-53
-56
-53
-50
-47
-46
-39
-29
-27
-27
-30
-34
-40
-43
-45
-44
-42
-38
-27
-14
1
12
21
33
42
43
38
35
32
27
19
11
3
-5
-11
-10
-2
5
13
21
30
35
32
26
19
12
6
3
-2
-7
-14
-22
-32
-39
-42
-39
-31
-22
-13
-3
2
2
-1
-2
-6
-7
-4
-1
2
4
4
0
-3
-4
-1
3
6
14
25
33
34
31
26
19
13
8
8
8
8
6
7
9
12
12
14
18
23
25
22
21
16
5
-5
-13
-18
-23
-24
-23
-20
-19
-16
-13
-8
-5
1
4
9
13
12
7
0
-5
-9
-13
-13
-12
-10
-9
-5
1
2
4
6
6
10
13
16
15
15
11
4
-1
-5
-8
-7
-3
4
7
7
6
5
4
3
5
6
8
12
10
5
-2
-7
-13
-18
-18
-16
-12
-9
-5
-2
-3
-5
-4
-3
-2
-1
-3
-6
-10
-13
-16
-19
-19
-14
-8
-3
1
6
10
11
7
3
-2
-6
-9
-11
-10
-8
-9
-12
-10
-9
-8
-7
-4
-3
-4
-7
-8
-5
-1
2
0
-1
-2
1
2
4
6
7
4
2
2
2
4
6
6
4
4
5
3
6
9
12
12
11
10
8
4
3
3
3
3
1
-2
-4
-2
2
7
10
11
12
10
10
9
7
4
-3
-6
-6
-6
-6
-8
-8
-5
1
6
9
14
17
16
13
10
6
-1
-7
-11
-12
-13
-13
-11
-9
-6
-2
4
10
18
22
21
14
3
-6
-12
-19
-27
-30
-27
-25
-21
-17
-10
-4
2
10
17
21
17
13
8
3
-4
-9
-15
-16
-15
-11
-7
-2
4
10
14
17
18
17
15
14
7
0
-8
-14
-19
-22
-22
-17
-11
-6
3
12
18
22
26
25
20
13
4
-4
-12
-23
-32
-33
-28
-23
-17
-8
4
16
26
31
28
21
12
3
-2
-10
-13
-13
-11
-8
-2
3
11
21
27
31
29
24
20
12
-1
-12
-19
-19
-17
-14
-9
-6
-2
4
12
19
25
31
35
32
24
15
9
3
-5
-12
-16
-15
-11
-6
-3
1
1
2
4
6
1
-8
-15
-20
-21
-23
-25
-27
-27
-26
-24
-21
-17
-14
-12
-6
-2
1
2
0
-2
-4
-7
-11
-14
-15
-12
-9
-8
-7
-5
-4
3
9
13
13
