SAMPLES:	9150
BITSPERSAMPLE:	16
CHANNELS:	1
SAMPLERATE:	16000
NORMALIZED:	FALSE
0
0
-1
1
0
0
0
0
0
0
0
0
0
0
0
0
1
0
0
1
0
1
0
0
1
0
0
0
0
1
0
0
-1
0
0
1
1
0
0
-1
0
-1
-1
0
0
0
1
1
0
-1
0
1
0
0
0
0
1
0
1
-1
0
1
0
0
0
-1
0
0
0
1
0
-1
0
-1
-1
0
0
1
0
0
0
1
1
0
0
1
1
-1
0
-1
0
0
0
1
0
0
0
0
-1
0
0
-1
0
0
-1
-1
1
0
0
0
0
-1
0
1
0
0
0
-1
1
0
1
0
1
-1
0
0
0
-1
0
0
0
0
0
0
0
0
0
0
0
0
0
0
0
0
0
1
0
0
0
0
1
0
0
0
0
0
0
0
0
0
0
0
0
0
0
0
0
0
0
0
0
1
0
0
0
0
-1
0
0
1
0
0
0
0
0
-1
0
0
0
0
0
0
-1
0
0
-1
0
0
0
-1
0
0
0
0
-1
0
0
0
0
0
0
0
0
0
0
0
0
0
0
0
-1
0
0
0
-1
0
-1
0
-1
0
0
0
0
1
0
0
0
0
-1
1
0
0
0
0
0
1
0
0
0
0
0
0
1
0
0
0
0
-1
0
-1
0
0
0
0
0
0
0
0
0
0
0
0
0
0
0
0
0
1
0
1
1
0
1
0
0
0
0
0
1
0
1
0
0
0
1
0
0
-1
0
0
1
0
-1
0
0
0
0
-1
-1
1
0
0
1
0
0
1
0
0
0
-1
1
0
0
0
0
0
0
-1
0
0
0
0
0
0
0
0
0
0
0
0
0
0
0
0
0
0
0
0
-1
0
-1
0
-1
0
0
0
0
0
-1
0
-1
1
0
0
0
0
0
-1
0
-1
0
-1
0
0
0
0
-1
0
-1
0
1
0
0
0
0
0
0
1
0
0
0
0
0
0
-1
0
0
0
0
0
0
0
0
1
0
1
1
0
0
0
0
0
0
0
0
0
0
1
0
1
0
0
0
0
0
0
0
1
0
0
0
1
0
1
1
0
0
0
0
-1
0
0
1
0
0
0
0
0
0
0
0
0
0
0
0
0
-1
0
0
0
0
0
0
0
0
0
-1
0
1
0
0
0
0
0
0
0
-1
1
0
0
0
1
0
1
0
0
0
0
0
0
0
-1
0
1
0
0
0
1
0
0
0
0
-1
1
1
0
0
1
0
0
0
0
0
0
0
0
-1
0
0
0
0
1
0
0
0
0
0
0
-1
-1
1
0
0
1
0
0
-1
0
-1
1
0
1
0
0
0
0
1
-1
0
0
0
0
0
0
0
0
0
0
0
0
0
0
-1
0
0
0
0
1
0
0
0
0
0
0
0
0
-1
0
0
0
-1
0
0
1
0
-1
0
0
0
0
1
1
1
0
0
-1
0
0
-1
0
0
0
0
-1
0
0
0
0
0
0
1
0
0
0
0
0
1
0
0
0
0
0
0
0
-1
1
-1
0
-1
0
0
0
0
-1
0
0
0
0
0
0
0
0
0
1
0
0
0
0
0
0
0
0
0
0
0
0
0
0
-1
0
0
0
1
0
0
0
0
-1
0
-1
0
1
0
0
1
0
0
0
0
0
0
0
0
0
0
1
-1
0
-1
0
0
-1
0
0
0
0
-1
0
0
0
0
0
1
0
0
0
0
0
0
0
-1
0
0
0
0
0
0
-1
0
0
0
0
0
0
-1
0
-1
0
0
0
0
1
0
0
0
0
0
0
0
0
0
0
0
0
1
0
0
0
0
1
0
-1
0
1
0
0
0
0
0
0
0
-1
-1
0
0
0
1
0
-1
0
0
-1
0
0
0
-1
0
0
1
0
0
0
0
0
0
1
0
0
0
0
1
0
0
0
1
1
0
0
0
0
0
0
1
0
1
0
0
0
1
0
0
0
-1
1
1
0
-1
0
0
0
0
0
0
0
0
0
0
0
1
0
1
0
0
0
0
0
-1
0
1
0
0
-1
0
-1
0
0
-1
0
0
0
0
0
0
0
0
0
0
0
0
0
0
0
0
0
0
0
0
0
0
0
0
0
0
0
0
0
0
0
0
0
-1
0
0
0
0
0
0
0
-1
0
0
0
0
0
0
0
0
0
0
0
0
0
0
0
0
0
0
0
0
0
0
1
-1
0
0
0
0
0
0
0
1
0
0
0
0
0
-1
0
0
0
0
0
0
0
0
0
0
-1
-1
-1
-1
0
-1
0
0
0
0
0
0
-1
-1
0
-1
0
0
0
-1
0
0
0
0
0
0
0
1
0
0
0
0
0
0
0
0
0
0
1
1
0
0
0
0
0
0
0
0
0
0
0
1
0
0
0
0
0
1
1
0
0
0
0
0
-1
0
0
0
0
-1
1
0
0
0
1
-1
0
0
1
0
0
1
0
1
0
1
-2
3
-28
-55
-65
-83
-90
-92
-85
-75
-60
-42
-21
-3
16
29
39
45
44
39
32
28
25
23
22
25
33
48
61
64
60
57
55
51
46
35
17
0
-8
-9
-8
-11
-17
-23
-21
-13
-7
-4
-9
-15
-26
-41
-53
-59
-57
-51
-44
-36
-31
-28
-25
-19
-14
-12
-12
-14
-16
-13
-9
-11
-12
-10
-5
-4
-2
7
21
36
50
58
60
59
57
60
64
61
51
34
15
-1
-13
-19
-15
-4
6
6
3
5
11
14
12
7
4
2
4
7
6
-3
-19
-35
-47
-53
-56
-58
-56
-48
-39
-31
-24
-20
-19
-19
-15
-3
8
13
12
8
6
8
10
13
13
14
15
19
27
36
39
37
31
25
22
17
12
0
-14
-30
-39
-36
-31
-23
-15
-3
13
29
37
39
34
25
14
4
-4
-11
-18
-23
-25
-27
-31
-30
-18
0
10
6
-3
-6
-3
6
14
13
5
-3
-7
-5
-7
-15
-23
-22
-12
1
10
14
15
17
19
13
-2
-17
-31
-36
-30
-20
-14
-11
-4
8
22
33
39
46
50
47
38
26
15
4
-8
-21
-30
-30
-22
-11
2
12
20
29
38
40
33
23
19
26
29
18
-6
-28
-44
-48
-51
-57
-66
-73
-71
-62
-52
-45
-38
-20
3
19
21
17
19
28
36
36
25
5
-10
-14
-10
-7
-4
0
8
18
26
35
43
50
61
66
62
47
31
18
9
0
-14
-28
-33
-30
-20
-7
-1
-1
-6
-10
-12
-13
-15
-18
-23
-30
-40
-42
-34
-23
-13
-9
-3
5
17
26
27
16
-1
-14
-21
-28
-39
-52
-60
-61
-54
-40
-26
-13
0
13
29
46
63
76
84
84
74
61
47
44
45
44
30
8
-10
-21
-22
-20
-19
-24
-28
-22
-8
9
20
21
17
14
14
14
10
2
-8
-16
-25
-33
-40
-41
-37
-30
-24
-19
-16
-10
-5
0
-2
-11
-20
-27
-31
-36
-40
-44
-41
-37
-35
-29
-19
-10
-1
10
22
32
36
40
44
44
40
37
36
35
33
31
27
25
33
47
57
59
54
44
35
31
35
37
36
26
14
4
-5
-14
-24
-36
-45
-55
-55
-50
-42
-36
-36
-37
-40
-42
-45
-51
-61
-72
-78
-82
-86
-91
-95
-95
-93
-85
-72
-59
-46
-30
-9
13
33
47
61
79
101
125
150
172
185
191
191
183
171
162
155
144
121
88
53
20
-4
-16
-23
-39
-61
-72
-73
-72
-75
-81
-94
-110
-126
-138
-149
-162
-176
-182
-178
-165
-152
-138
-125
-110
-90
-70
-52
-33
-12
5
19
29
39
49
65
84
103
119
130
139
149
162
175
179
171
161
148
136
121
112
107
101
95
91
83
71
55
37
18
-4
-30
-52
-71
-84
-96
-112
-131
-149
-157
-160
-160
-155
-144
-137
-132
-125
-119
-118
-121
-118
-107
-97
-87
-74
-53
-32
-12
5
16
21
24
30
40
52
67
78
83
86
92
97
102
107
111
112
116
117
114
106
99
91
80
69
62
58
53
46
46
43
32
21
12
4
-5
-15
-28
-40
-51
-59
-57
-56
-59
-62
-70
-76
-83
-91
-98
-102
-100
-92
-85
-81
-81
-82
-79
-69
-59
-49
-41
-31
-19
-10
-4
-1
1
4
13
24
33
42
50
60
70
76
78
78
73
72
76
84
89
94
93
89
84
80
73
64
56
48
43
36
27
19
15
15
16
17
8
-3
-10
-13
-11
-11
-13
-24
-43
-62
-77
-87
-94
-101
-108
-115
-120
-124
-118
-110
-97
-91
-93
-99
-107
-111
-109
-104
-96
-89
-80
-72
-65
-59
-57
-48
-32
-9
21
52
80
100
113
121
125
129
136
147
161
172
175
169
161
156
158
162
164
166
165
156
143
126
115
107
98
85
64
38
11
-13
-29
-43
-57
-69
-80
-91
-104
-116
-128
-135
-142
-149
-154
-164
-176
-185
-186
-181
-180
-182
-187
-192
-196
-198
-189
-177
-166
-150
-132
-112
-98
-84
-67
-46
-23
4
34
66
94
118
144
167
185
192
190
184
180
175
175
176
176
174
170
171
180
185
186
187
185
176
161
149
139
129
117
107
90
67
37
9
-11
-23
-31
-36
-36
-39
-46
-60
-72
-87
-102
-115
-121
-121
-125
-135
-147
-162
-187
-210
-218
-211
-210
-215
-214
-213
-213
-216
-212
-201
-193
-189
-183
-183
-186
-186
-172
-146
-122
-98
-61
-15
36
94
157
215
255
284
304
315
322
328
333
333
321
296
264
237
225
224
223
213
197
179
159
135
107
71
30
-8
-52
-98
-141
-171
-180
-175
-166
-156
-143
-120
-96
-86
-89
-96
-97
-93
-80
-62
-47
-39
-26
-7
7
20
33
48
51
37
20
15
20
36
63
87
95
92
86
79
66
46
17
-42
-128
-219
-284
-324
-344
-348
-342
-336
-332
-325
-314
-318
-339
-357
-364
-369
-372
-365
-343
-306
-251
-168
-68
24
103
191
295
390
460
513
562
605
637
653
658
645
617
593
576
554
520
495
482
453
388
308
234
154
66
-2
-30
-37
-42
-42
-43
-65
-102
-142
-185
-244
-317
-388
-449
-508
-572
-626
-659
-649
-591
-497
-388
-281
-190
-123
-73
-29
13
45
60
73
96
122
161
233
345
473
586
661
676
617
522
426
310
134
-102
-324
-482
-590
-696
-796
-850
-846
-800
-741
-702
-709
-717
-667
-557
-465
-445
-471
-488
-471
-424
-351
-273
-202
-114
51
285
503
636
713
808
944
1091
1204
1260
1269
1276
1281
1246
1135
980
843
763
703
623
502
341
166
-9
-147
-254
-337
-410
-457
-467
-446
-419
-411
-417
-417
-383
-327
-281
-279
-299
-325
-341
-374
-441
-545
-632
-646
-596
-520
-469
-419
-313
-114
117
299
395
436
457
485
524
563
597
635
687
719
689
541
321
122
31
13
-61
-267
-566
-854
-1070
-1222
-1354
-1483
-1569
-1538
-1402
-1241
-1149
-1118
-1072
-940
-770
-645
-563
-488
-357
-211
-80
2
63
145
289
497
727
915
1029
1105
1200
1368
1586
1855
2098
2224
2175
1956
1636
1339
1185
1148
1104
961
746
538
375
246
131
47
2
-57
-176
-369
-589
-788
-926
-966
-928
-851
-760
-659
-557
-498
-540
-685
-870
-993
-1049
-1023
-935
-862
-880
-938
-892
-708
-432
-140
146
377
501
525
538
606
784
972
1078
1074
996
948
956
1011
989
769
342
-75
-230
-100
47
-28
-342
-703
-913
-956
-961
-1137
-1428
-1617
-1498
-1269
-1262
-1553
-1879
-1879
-1552
-1120
-877
-846
-858
-738
-513
-394
-520
-705
-548
36
716
1100
1174
1160
1264
1503
1765
1864
1792
1747
1840
1956
1844
1479
1135
1073
1236
1405
1418
1322
1180
1090
987
711
328
59
64
153
91
-179
-467
-615
-594
-522
-583
-685
-695
-604
-626
-905
-1345
-1691
-1812
-1754
-1707
-1738
-1737
-1536
-1032
-432
23
223
354
565
807
870
657
291
33
63
156
109
66
370
987
1541
1801
1897
1988
2138
2320
2209
1444
197
-552
-238
347
13
-1110
-1860
-1748
-1326
-1183
-1408
-1932
-2408
-2192
-1288
-831
-1640
-2871
-3064
-2198
-1516
-1611
-1988
-2161
-2080
-1661
-972
-604
-765
-583
578
1902
2172
1578
1218
1485
1994
2407
2663
2601
2308
2339
2786
2833
2007
1197
1356
2176
2658
2555
2295
2029
1791
1653
1461
818
-110
-520
-204
54
-359
-1101
-1517
-1481
-1324
-1270
-1408
-1665
-1820
-1708
-1559
-1800
-2387
-2783
-2622
-2218
-2004
-2023
-2027
-1858
-1551
-1217
-1011
-953
-740
-127
687
1269
1413
1357
1403
1643
1844
1871
1843
1951
2205
2419
2440
2258
2071
2054
2199
2325
2305
2092
1727
1241
658
-41
-730
-1028
-936
-974
-1593
-2444
-2927
-2914
-2745
-2673
-2745
-2978
-3165
-3066
-2834
-3002
-3620
-4106
-3896
-3192
-2566
-2200
-1903
-1469
-888
-213
340
567
658
1189
2247
3185
3412
3151
3015
3160
3423
3705
3920
3933
3810
3641
3364
2733
1879
1358
1427
1795
2008
1907
1624
1265
888
642
420
83
-325
-592
-695
-865
-1256
-1793
-2305
-2647
-2697
-2558
-2350
-2313
-2429
-2548
-2689
-2905
-3125
-3103
-2750
-2111
-1461
-964
-669
-461
-260
-101
133
523
1009
1555
2107
2571
2862
2974
3079
3185
3289
3369
3367
3295
3261
3328
3348
3096
2420
1391
248
-530
-527
-8
95
-798
-2233
-3122
-3241
-3242
-3555
-4095
-4551
-4770
-4608
-4273
-4409
-5190
-5763
-5321
-4216
-3372
-2874
-2305
-1658
-1192
-845
-431
-177
-44
523
1752
2858
3155
3093
3424
3979
4255
4283
4404
4569
4658
4774
4709
4115
3103
2509
2590
2801
2653
2287
2003
1773
1425
937
302
-527
-1221
-1409
-1139
-1022
-1258
-1623
-1949
-2392
-2915
-3293
-3511
-3588
-3577
-3438
-3319
-3281
-3234
-2935
-2418
-1872
-1407
-907
-276
339
758
858
790
708
778
1032
1427
1813
2154
2458
2756
2981
3095
3308
3733
4204
4426
4441
4311
4084
3689
3011
1836
180
-1328
-1779
-1036
-330
-780
-2002
-2679
-2563
-2450
-2855
-3629
-4466
-4987
-4750
-4050
-4079
-5328
-6550
-6419
-5139
-3954
-3307
-2779
-2145
-1469
-691
53
244
-36
202
1432
2632
2889
2682
2916
3508
3864
3921
3917
3960
4207
4878
5516
5283
4170
3179
2797
2487
1893
1275
943
891
1027
1158
846
-96
-1158
-1736
-1863
-1991
-2290
-2525
-2543
-2536
-2753
-3153
-3528
-3684
-3499
-3077
-2727
-2583
-2426
-2079
-1718
-1569
-1643
-1739
-1477
-700
259
906
1150
1290
1525
1797
1933
1833
1641
1775
2399
3175
3650
3788
3894
4139
4407
4504
4452
4356
4169
3606
2391
608
-953
-1337
-685
-321
-1060
-2151
-2447
-1993
-1635
-1906
-2801
-3911
-4526
-4143
-3479
-3884
-5489
-6686
-6343
-5170
-4328
-3868
-3182
-2237
-1161
-38
724
603
130
418
1418
2052
1920
1827
2343
3035
3420
3543
3507
3382
3542
4267
4880
4627
3755
3175
3071
2852
2230
1418
831
693
1013
1287
962
166
-485
-701
-842
-1365
-2078
-2508
-2546
-2408
-2464
-2845
-3381
-3718
-3749
-3643
-3607
-3552
-3249
-2613
-1902
-1479
-1418
-1428
-1125
-574
-131
-2
94
486
1174
1745
1855
1675
1617
2005
2618
3022
3107
3150
3347
3546
3557
3433
3325
3323
3242
2853
1988
719
-336
-444
329
608
-417
-1825
-2332
-2042
-1827
-2026
-2566
-3217
-3541
-3166
-2582
-2946
-4414
-5548
-5295
-4355
-3892
-3611
-2868
-1912
-1002
56
981
993
480
627
1554
2127
2003
1921
2354
2915
3211
3320
3205
2827
2695
3268
3909
3839
3355
3263
3370
3059
2346
1635
1006
521
355
338
180
-192
-508
-738
-1071
-1675
-2287
-2631
-2711
-2707
-2766
-2835
-2859
-2781
-2733
-2896
-3218
-3384
-3235
-2777
-2153
-1512
-985
-523
-109
166
282
343
549
868
1174
1254
1149
1076
1220
1523
1781
1942
2119
2398
2817
3384
3861
4110
4109
3961
3666
3073
2076
673
-709
-1277
-878
-530
-1083
-1901
-1998
-1581
-1637
-2358
-3219
-3926
-4166
-3610
-2553
-2335
-3458
-4486
-4230
-3429
-3273
-3260
-2519
-1450
-520
427
1157
957
319
616
1634
2069
1639
1555
2336
3232
3758
3903
3730
3251
3098
3529
3775
3125
2260
2372
3090
3274
2729
1949
1229
683
382
121
-488
-1224
-1615
-1557
-1672
-2247
-2962
-3408
-3466
-3478
-3480
-3315
-2819
-2142
-1557
-1378
-1629
-2059
-2317
-2396
-2378
-2396
-2465
-2338
-1945
-1105
91
1525
2793
3320
3026
2247
1394
1156
1735
3188
4485
5046
4904
4345
4377
4628
4989
4663
3929
3061
2097
1128
-918
-4166
-7297
-7909
-5790
-3924
-3909
-4320
-3535
-1666
-904
-1452
-3444
-5461
-5675
-3330
-15
126
-1809
-2724
-858
988
468
-856
-1290
-311
1699
3824
4335
2568
1078
2100
3509
3072
1054
967
3036
5183
6090
5378
4094
2831
2692
2815
1575
-686
-1779
-632
943
660
-824
-2257
-2782
-2839
-3186
-3712
-4268
-3593
-2015
-558
-405
-1214
-1593
-1468
-1553
-2349
-3174
-2866
-1503
-19
786
640
395
309
460
247
-317
-573
-246
845
1711
2155
2306
2580
2918
2751
2308
1915
1998
2176
2167
1966
1907
2419
3137
3499
3305
2874
2487
2030
1372
795
575
422
-1283
-5781
-12136
-16345
-14977
-10186
-7175
-7732
-7076
-2096
3638
4675
899
-2484
-2910
-564
1820
2549
1885
1641
3977
5799
4604
1029
-399
1080
1980
1680
1725
3496
4438
3980
3286
2998
2428
1509
1002
1156
2074
3999
5938
5563
3537
2147
2755
2155
-1080
-4635
-5487
-3823
-2698
-3022
-4304
-4786
-4082
-3037
-3190
-4426
-5076
-3905
-1963
-595
234
1215
2464
2719
1950
683
-271
-952
-1467
-1141
71
1364
1816
1390
1157
1427
1686
1101
27
67
1582
3640
4585
4459
4232
4280
3942
2444
271
-1242
-1159
-124
847
1692
2708
3723
3905
2918
1265
-271
-791
-846
-1098
-2951
-7222
-12498
-15777
-13996
-10233
-8578
-8960
-7422
-2102
2153
2950
1285
338
223
-399
80
1041
1704
1023
1098
3017
4143
3622
2210
1894
2253
2327
2294
1678
1022
1402
3110
4586
4019
2877
3120
4277
4820
4607
4602
4475
3882
3403
2774
1220
-1307
-3297
-3667
-3627
-3961
-4750
-5163
-4940
-4530
-3990
-3968
-4185
-4381
-3856
-2645
-1752
-799
18
1039
1727
1740
1609
882
391
-5
-68
-92
-489
-384
88
928
1525
1824
2100
2271
2779
3398
3843
4086
4078
4497
4958
5058
4602
3347
2242
1324
595
125
-103
158
549
1199
1779
1649
1075
314
233
414
-791
-4641
-11371
-16718
-17017
-13671
-11185
-11851
-10542
-4676
2004
4587
3036
2471
2446
963
-1299
-1770
-205
-372
-1172
416
4061
6367
5558
4799
5502
6380
5441
2293
-72
-44
2032
3476
2931
2671
4486
7246
7964
6677
5495
4577
2949
1253
549
-86
-2159
-3996
-3861
-2673
-2675
-4516
-5875
-5623
-4524
-4621
-6121
-6916
-6166
-4293
-3116
-2993
-2665
-1514
405
1380
1604
1523
1421
1298
1218
1774
1467
571
-198
177
1077
1284
1337
1659
2905
4189
4765
4875
5067
5665
5877
5476
4839
3853
2693
1273
161
-460
-756
-911
-1208
-935
-8
825
464
-647
-1427
-1608
-1759
-2487
-3647
-6148
-10142
-14101
-15401
-13429
-11890
-11772
-10670
-5855
-26
2238
2431
3012
4612
3888
1465
762
1341
1245
-307
50
2897
5210
5741
5777
7029
8273
7430
5012
2419
1216
1118
1047
978
1313
3030
5112
6443
7253
7860
7520
5337
2641
1209
-31
-2577
-5301
-5892
-4535
-3966
-4679
-5009
-3979
-2933
-3213
-4090
-4687
-4790
-4938
-4867
-4100
-3092
-1907
-661
1144
2866
3567
3294
2556
2470
2096
985
-537
-1089
-60
949
1430
1686
2641
3833
4410
4654
4760
4738
4399
4047
4163
4180
3628
2493
1549
1121
410
-751
-1851
-2101
-1852
-1578
-1369
-881
-257
164
274
263
370
-316
-2360
-6103
-10359
-13728
-15431
-15522
-15163
-13912
-11018
-6481
-1930
1015
3171
4657
5174
4176
2401
1231
-109
-1453
-2181
-1012
1333
3360
5369
7482
9266
9475
8084
5877
3284
951
-642
-1582
-1793
-1254
781
3813
6837
8903
9684
9482
8060
5890
3014
-293
-3640
-5915
-6598
-6159
-5249
-3948
-2477
-1203
-528
-920
-2215
-4250
-6175
-7626
-8422
-8274
-7085
-4719
-1404
1794
4524
6066
6986
6991
5682
3653
950
-755
-1898
-2109
-1724
-761
948
2598
4430
5863
6669
6670
6204
5702
4975
3684
2339
1269
1049
1240
1528
1865
1985
2169
1879
1405
566
-378
-1347
-2468
-3178
-3407
-3034
-2670
-2863
-4256
-7334
-11019
-13475
-13980
-14017
-15000
-15066
-12357
-7693
-3507
-791
2407
5413
6973
6726
6121
5640
3317
480
-1100
-508
385
834
2456
5256
7714
8502
8105
7450
6287
4447
2321
101
-1408
-1941
-642
1553
3902
6084
7833
9057
9021
7745
4805
875
-2869
-5457
-7380
-9063
-10063
-9287
-7271
-5138
-3478
-2356
-1329
-1143
-1421
-2111
-3013
-3871
-4246
-3364
-1650
-34
1496
3087
4844
5954
5538
4371
2745
1437
242
-866
-1315
-1319
-473
912
2687
4421
5548
6344
6871
7020
6062
4051
2044
592
-316
-1091
-1634
-1415
-619
499
1404
2138
2888
3002
2169
462
-1251
-2396
-3115
-3573
-4016
-5643
-8432
-11383
-12429
-11516
-11321
-12283
-12929
-10621
-6782
-4228
-2467
-191
2777
4754
5396
6365
6422
4798
2259
854
1104
355
-487
-139
2369
4908
5764
5930
6131
6634
6291
4736
2620
795
39
346
751
1713
2784
4337
5909
7369
8402
7438
4997
2074
13
-1982
-4769
-7418
-8520
-8243
-7606
-7334
-6429
-4711
-2945
-1785
-1608
-1390
-1433
-1280
-1085
-822
-510
-299
316
1132
1883
2053
1896
1694
1727
1533
925
120
-337
21
700
1568
2356
3451
4775
5818
6160
5813
5172
4335
3277
2104
1011
49
-553
-793
-393
73
773
1642
2543
3049
2520
1609
366
-672
-1886
-3986
-7314
-11680
-14904
-15350
-14217
-13697
-14368
-13123
-8976
-4579
-1923
-226
2409
4572
4900
4417
4431
3749
1728
-268
-193
469
2
-385
1199
4515
6460
6839
6605
7110
7288
6383
4416
2007
347
-247
244
1117
2262
3453
5092
6898
8777
9115
7461
4810
2564
746
-2090
-5449
-8068
-8929
-8931
-8586
-8033
-7030
-5747
-4175
-2357
-1205
-941
-1419
-1321
-585
-520
-763
-1214
-540
590
1208
1923
1913
2514
2799
2909
2760
1963
1433
1019
1114
1392
1866
2377
3374
4610
5663
6053
6023
5774
5289
4101
2380
757
-522
-991
-1368
-1233
-886
-422
84
589
1135
1480
1203
726
-152
-1642
-4446
-8991
-13039
-15600
-15750
-16388
-17420
-16533
-12903
-8029
-4972
-2003
1695
5363
6710
6794
7222
6731
4340
1161
21
-105
-1177
-2035
-597
2774
5458
6478
7610
9091
9762
8848
6784
4421
1968
-94
-1238
-1263
-613
599
2406
4780
7285
8757
8545
7214
5844
4170
1077
-3188
-6858
-8812
-9872
-10542
-10394
-8955
-6653
-4397
-2261
-494
486
581
292
225
-334
-1681
-3045
-3047
-1906
-1014
-261
406
1801
3197
3872
4004
3515
2872
2207
1609
1249
1102
944
1532
2646
3984
4921
5429
6024
6497
6289
5083
3435
1966
975
-110
-1102
-1349
-930
-574
-275
-82
312
696
822
1083
432
-1574
-5116
-9527
-12698
-14751
-16080
-17701
-18334
-16253
-12549
-8449
-5598
-1739
2049
5268
6706
7198
7934
6579
4453
1739
460
-1021
-2369
-2221
-114
2593
4291
6047
8010
9812
9919
8954
7031
5066
2773
1006
-287
-1024
-1084
-389
1491
3682
5853
7141
7881
7926
7489
5662
2656
-958
-4097
-6819
-9419
-11208
-11691
-10550
-8750
-6637
-4517
-2451
-703
878
1836
2043
1098
-220
-1345
-1920
-2299
-2691
-2381
-1609
145
1669
3026
3924
4216
4572
4459
3936
3069
1930
1444
1592
1872
2265
2546
3316
4425
5320
5750
5601
4792
3876
2782
1444
-22
-1562
-2345
-2329
-1946
-1580
-1095
-509
444
885
572
-690
-3205
-6397
-10031
-12380
-14227
-16130
-17617
-17411
-14356
-11044
-8078
-4519
-118
4253
6299
7596
9241
9193
7617
4980
3480
2012
-668
-2358
-2127
-253
1090
2554
4854
7504
9275
9875
9933
9108
7198
4803
2472
393
-1391
-2819
-2944
-2297
-617
1150
2573
3964
5335
6271
5613
3724
1327
-1164
-4076
-6734
-8566
-9721
-10707
-10719
-9421
-7158
-4782
-2559
-170
1980
3394
3994
4222
3734
2804
1177
68
-688
-1251
-1287
-1008
28
1037
1914
2862
3863
4527
4995
4945
4787
4375
3641
2933
2389
2119
1851
1630
1489
1707
1674
1563
1258
859
533
151
-123
-151
-539
-1147
-1430
-1585
-1189
-1108
-1452
-2081
-3807
-6070
-8636
-10883
-11871
-13629
-14728
-15149
-13591
-10308
-8030
-4234
-842
3179
5672
6852
8738
8710
7809
5444
3577
2243
77
-1485
-1606
-396
1082
2036
4025
6546
8859
10105
10144
9935
8234
6258
3681
1395
-558
-2434
-3105
-2944
-1760
-464
617
1824
3134
3973
3669
2541
1478
258
-1555
-3958
-5995
-7556
-8729
-9241
-8954
-7961
-7061
-5607
-3456
-928
983
2094
3166
3884
4346
3763
2665
1741
529
-214
-1161
-1415
-1200
-1000
6
1098
2864
4219
4972
5762
6057
5779
4863
3695
2892
1976
1029
497
348
556
516
626
738
866
638
279
28
-406
-689
-1176
-1378
-1393
-1367
-1323
-1459
-1887
-2802
-4450
-6924
-8909
-10022
-11037
-12188
-13212
-11970
-9337
-7136
-4271
-1220
2717
5229
6403
8432
8938
8099
5688
3902
2886
575
-1333
-1805
-661
491
1528
3687
6147
8065
9138
9590
9464
7806
5829
3734
1606
-437
-2440
-3337
-3735
-3217
-2469
-1749
-847
404
1714
2084
1801
1338
769
-544
-2297
-3718
-4754
-6012
-7123
-7540
-7308
-6980
-6152
-4598
-2641
-765
677
2464
3844
4679
4685
4140
3660
2582
1517
341
-659
-981
-1185
-728
3
873
1843
2710
3731
4402
4528
4027
3628
3360
2875
2080
1207
906
821
526
211
-163
-322
-425
-695
-811
-1132
-1497
-1933
-1965
-1653
-1083
-426
-79
-24
-693
-2054
-3999
-6227
-7761
-8848
-10232
-11346
-11685
-9800
-7760
-5708
-3078
-178
3079
4401
6251
7669
7760
6682
4760
4058
2513
624
-120
287
1264
1593
2454
4348
5963
7323
8091
8723
8212
6863
5628
3814
1922
-625
-2456
-3660
-4395
-4221
-3742
-2782
-1596
-61
1267
1761
1919
1862
1258
-177
-2079
-3570
-5205
-6597
-7520
-7594
-7091
-6391
-4832
-2990
-1122
84
1131
1961
2300
2184
1595
944
248
-295
-686
-757
-643
-53
737
1605
2595
3283
3925
4455
4823
4958
4425
3676
3127
2640
2201
1627
1233
986
830
851
941
815
184
-479
-1001
-1319
-1614
-2087
-2154
-1952
-1532
-949
-326
642
1394
1511
1072
90
-1578
-4029
-6683
-8240
-9642
-11232
-12417
-12077
-9791
-8266
-6161
-3458
-244
2431
3511
5840
7326
7358
6430
5657
5795
4384
2656
2192
2654
3171
3145
4165
5560
6512
7191
7467
7577
6150
4646
3115
1344
-340
-2228
-3140
-3905
-3981
-3424
-2916
-2326
-1437
-37
764
533
103
-306
-958
-2229
-3300
-3963
-4784
-5215
-5219
-4540
-4208
-3932
-3268
-2514
-1922
-2006
-2029
-2081
-1991
-1711
-1337
-672
46
957
2020
2765
3539
3941
4279
4601
4576
4632
4283
4124
4108
4047
3902
3542
3219
3075
2764
2423
1988
1338
831
163
-288
-805
-1448
-2011
-2465
-2722
-2830
-2733
-2298
-1735
-1110
-440
268
1135
1751
2238
2100
1183
-251
-2251
-4528
-6927
-8844
-10066
-11209
-11830
-11315
-9424
-7511
-5651
-3114
-245
2377
3537
5435
7088
7507
7306
6926
7351
6550
5140
4555
4501
4157
3453
3191
3419
3191
3019
3144
3251
2731
2170
2041
1552
1126
266
-282
-1217
-2209
-2711
-3289
-3623
-3705
-3229
-2806
-2607
-2065
-1245
-673
-351
-156
-36
-700
-1561
-2296
-3025
-4026
-4887
-4925
-4632
-4100
-3528
-2316
-1038
2
947
1846
2758
3270
3357
3289
2998
2525
1971
1560
1639
1843
2081
2406
3141
3724
3967
3945
3765
3552
2793
1778
883
42
-755
-1421
-1882
-1942
-1822
-1508
-956
-436
34
440
628
713
505
-198
-886
-1249
-1191
-896
-761
-403
-9
36
-207
-839
-1823
-3442
-4864
-5795
-6829
-7930
-8818
-8262
-7217
-6512
-4984
-3107
-484
1554
3507
5998
6978
7366
7242
7517
7169
5484
4101
3114
2302
1214
522
530
485
634
1125
1720
1992
1755
2114
2090
1673
798
-144
-682
-1543
-1912
-2407
-2826
-2962
-2763
-2178
-1894
-1555
-930
-339
131
200
170
-146
-601
-819
-1102
-1586
-2303
-2421
-2153
-1649
-1333
-1053
-484
68
710
1122
1494
1789
1905
2038
1997
1900
1607
1333
1498
1591
1625
1280
1218
1450
1416
1344
1036
814
587
296
26
-222
-516
-625
-447
-244
-125
-124
-82
205
218
-83
-542
-982
-1033
-1118
-1041
-795
-488
-31
491
1140
1732
2095
2362
2304
1811
702
-938
-2645
-4168
-5212
-6399
-7588
-8325
-7858
-6684
-5724
-4150
-2325
-63
1622
3118
5190
5975
5942
5411
5126
4617
2979
1891
1582
1252
536
-80
131
313
271
555
870
874
411
535
675
385
-122
-544
-610
-1040
-1248
-1442
-1716
-2033
-2059
-1684
-1572
-1393
-810
-70
651
1275
1964
2436
2621
2799
2618
1918
677
-268
-1118
-1977
-2700
-3068
-2937
-2757
-2116
-1140
-90
882
1792
2699
3158
2990
2432
1636
955
149
-401
-775
-814
-455
-93
539
912
1328
1399
1424
1439
1215
812
87
-437
-838
-1163
-1330
-1258
-912
-564
-295
162
532
916
1000
1153
1372
1325
1218
1153
1422
1593
1696
1866
2250
2400
2034
1357
374
-1175
-3213
-5177
-6660
-8245
-9678
-10387
-9998
-8869
-7803
-5733
-3333
-602
1523
3500
5773
6740
7009
6560
6069
4943
3046
1533
556
-295
-1125
-1378
-903
-431
91
775
1467
1771
1652
1914
1734
1400
677
85
-314
-869
-931
-1145
-1174
-1121
-671
-12
303
718
1212
1576
1754
1828
1842
1430
729
56
-466
-1208
-2051
-2431
-2752
-2891
-3121
-2976
-2439
-1927
-1076
-143
911
1747
2420
3077
3361
3328
2913
2395
1865
1245
772
341
34
-204
-365
-327
-114
225
551
819
987
1049
918
606
421
356
390
488
592
676
601
475
231
-37
-487
-896
-1078
-1123
-965
-735
-361
58
488
950
1328
1522
1563
1301
657
-448
-1907
-3563
-5107
-6188
-6981
-7697
-8016
-7636
-6451
-5192
-3923
-2332
-893
575
1792
3372
4525
4844
4935
4826
4575
3553
2474
1792
1237
577
167
87
90
-28
154
665
1036
1147
1469
1934
2062
1887
1301
859
151
-439
-860
-1188
-1290
-1207
-746
-354
-52
195
482
674
769
811
719
336
-107
-558
-958
-1548
-1936
-2004
-1912
-1606
-1292
-501
304
1051
1846
2496
2937
3034
2955
2976
2638
2063
1446
916
412
-363
-915
-1345
-1512
-1616
-1466
-963
-381
206
708
1166
1453
1518
1361
1162
957
697
463
198
-126
-398
-682
-784
-768
-716
-837
-1053
-1180
-1215
-1258
-1414
-1531
-1564
-1465
-1178
-585
172
865
1199
1290
995
348
-702
-1907
-2908
-3845
-4712
-5568
-5805
-5272
-4592
-3713
-2513
-1114
320
1200
2407
3382
3597
3433
3067
2931
2115
1161
584
184
-382
-853
-736
-308
75
591
1425
2074
2248
2278
2391
2291
1922
1284
846
306
-243
-619
-1012
-1122
-1143
-1012
-848
-711
-424
-60
334
788
1177
1418
1567
1677
1751
1727
1484
1311
1137
1041
993
851
822
609
433
250
129
185
187
223
328
388
396
299
205
92
-185
-531
-895
-1143
-1338
-1493
-1626
-1540
-1290
-1043
-796
-494
-83
271
544
786
960
932
744
450
28
-548
-1137
-1544
-1855
-2194
-2344
-2287
-2035
-1632
-1170
-542
-35
298
609
850
1039
1055
909
841
707
434
63
-380
-781
-1246
-1811
-2213
-2461
-2595
-2633
-2516
-2253
-2000
-1710
-1303
-781
-431
-71
324
804
1172
1305
1396
1309
1140
839
526
291
102
23
183
516
984
1351
1697
2126
2494
2747
2746
2643
2407
2018
1539
1103
730
538
461
492
603
718
888
1061
1244
1341
1272
1077
873
667
517
266
62
-130
-353
-473
-556
-544
-589
-678
-799
-894
-991
-1197
-1446
-1666
-1787
-1849
-1840
-1622
-1274
-933
-678
-416
-130
94
259
437
654
751
850
957
1014
1009
851
654
389
82
-170
-393
-539
-663
-684
-677
-663
-678
-794
-981
-1211
-1289
-1356
-1363
-1355
-1304
-1238
-1109
-838
-482
-128
178
491
684
741
609
358
-112
-580
-1021
-1324
-1594
-1724
-1610
-1507
-1365
-1380
-1252
-1183
-1114
-1064
-965
-752
-505
-84
350
784
1121
1376
1537
1690
1779
1807
1684
1555
1494
1495
1489
1538
1638
1761
2005
2163
2472
2631
2750
2771
2625
2431
1991
1535
1060
602
113
-333
-649
-750
-684
-531
-274
37
316
487
584
609
435
29
-447
-977
-1470
-1934
-2241
-2333
-2272
-2063
-1789
-1464
-1155
-865
-620
-476
-446
-475
-557
-626
-649
-569
-392
-183
91
394
661
818
948
1045
1044
924
801
653
408
138
-91
-217
-294
-317
-262
-164
-228
-363
-585
-863
-1155
-1498
-1655
-1769
-1715
-1515
-1187
-725
-303
125
402
563
585
486
296
-15
-364
-756
-1095
-1356
-1514
-1540
-1440
-1182
-862
-499
-212
-13
150
210
303
427
621
828
1039
1290
1440
1543
1492
1347
1191
945
726
555
458
469
502
579
680
767
878
1012
1132
1228
1236
1148
1033
819
516
128
-253
-541
-733
-755
-647
-447
-244
-67
135
285
333
384
422
411
327
138
-92
-373
-642
-841
-936
-923
-773
-508
-189
115
411
700
876
979
1021
1001
912
772
624
439
212
41
-59
-113
-118
-92
14
114
196
266
221
64
-196
-509
-782
-1069
-1340
-1516
-1606
-1598
-1513
-1362
-1157
-938
-748
-604
-553
-553
-596
-628
-596
-593
-586
-562
-455
-327
-195
-33
115
295
485
692
828
834
713
535
326
118
-54
-175
-228
-280
-279
-226
-94
97
316
520
627
640
650
630
515
330
17
-363
-767
-1100
-1317
-1456
-1492
-1392
-1139
-792
-407
40
513
896
1202
1455
1638
1654
1552
1375
1110
788
480
320
268
272
339
481
605
668
691
700
686
632
618
622
576
474
386
321
228
120
52
20
-23
-51
-105
-150
-176
-158
-48
35
51
2
-47
-73
-105
-158
-276
-485
-712
-891
-1002
-1066
-1083
-1004
-890
-802
-722
-592
-455
-371
-393
-485
-628
-781
-848
-859
-783
-737
-638
-447
-218
42
252
436
577
720
882
1010
1054
1028
930
818
697
566
507
467
447
423
376
310
223
142
45
-88
-273
-438
-575
-684
-788
-855
-846
-766
-594
-403
-213
-129
-132
-213
-414
-686
-1052
-1418
-1701
-1850
-1818
-1587
-1221
-722
-160
403
917
1346
1733
1976
2054
1936
1685
1414
1160
967
861
832
861
966
1130
1304
1386
1381
1305
1139
935
712
509
319
115
-76
-226
-336
-409
-460
-498
-550
-615
-680
-726
-729
-708
-653
-571
-489
-397
-312
-288
-293
-323
-411
-570
-782
-946
-1036
-1081
-1103
-1115
-1079
-963
-786
-543
-270
-5
242
449
618
683
669
598
481
333
175
64
32
95
224
391
527
652
759
830
846
740
536
256
-46
-337
-606
-820
-961
-1005
-929
-772
-552
-325
-140
-43
-47
-116
-254
-404
-557
-687
-791
-876
-883
-808
-642
-416
-180
28
201
355
483
581
632
620
543
463
417
413
457
514
610
719
804
868
900
897
875
867
885
931
969
982
989
963
855
689
515
336
171
14
-148
-306
-445
-539
-616
-691
-737
-733
-678
-556
-405
-273
-171
-109
-75
-73
-88
-123
-173
-220
-252
-276
-324
-407
-506
-611
-695
-722
-692
-572
-392
-215
-77
13
91
151
177
167
122
47
-49
-154
-233
-283
-330
-331
-249
-80
164
431
638
731
701
530
254
-57
-359
-621
-814
-960
-1011
-956
-808
-568
-339
-150
-35
25
52
32
-52
-222
-425
-595
-694
-697
-585
-399
-191
56
299
507
674
791
842
848
832
779
719
672
654
643
612
567
555
593
666
766
832
870
874
831
774
736
675
608
574
529
466
373
267
127
-30
-218
-400
-526
-571
-530
-447
-338
-255
-192
-174
-165
-197
-291
-416
-565
-685
-806
-882
-911
-886
-797
-655
-481
-280
-64
132
293
397
433
399
351
286
228
154
78
19
-24
-14
-22
-47
-46
-14
-2
-16
-37
-89
-155
-241
-363
-509
-648
-776
-859
-896
-887
-851
-798
-703
-592
-486
-367
-263
-187
-107
-29
33
48
50
32
3
-12
-35
-44
-33
28
104
179
266
379
485
602
719
814
906
972
1036
1066
1068
1040
975
894
796
678
554
422
282
144
17
-108
-255
-360
-403
-398
-349
-273
-192
-116
-45
-4
16
4
1
0
-9
-5
12
34
72
148
213
264
305
310
281
225
146
24
-100
-191
-278
-336
-355
-361
-345
-307
-238
-183
-154
-126
-127
-125
-131
-149
-162
-185
-215
-267
-337
-410
-485
-554
-581
-587
-594
-580
-529
-455
-368
-276
-239
-230
-203
-183
-181
-206
-243
-270
-291
-288
-266
-223
-154
-61
35
116
186
245
308
359
392
385
344
299
265
235
224
194
132
109
112
125
137
158
175
231
317
389
458
499
502
475
426
346
255
170
125
111
101
112
139
184
232
280
300
284
253
223
200
159
93
5
-51
-73
-65
-34
11
76
154
239
281
299
291
272
260
227
169
108
55
5
-9
-28
-30
-9
18
59
104
137
130
121
93
39
-41
-150
-262
-361
-440
-494
-540
-574
-599
-603
-589
-575
-564
-569
-578
-593
-624
-667
-727
-777
-792
-774
-728
-663
-575
-479
-387
-293
-215
-158
-105
-59
-19
25
76
154
249
354
454
539
601
634
648
653
639
616
593
553
512
467
449
448
443
439
420
384
341
295
250
197
127
44
-37
-103
-147
-181
-223
-261
-289
-311
-321
-301
-259
-205
-134
-69
-18
22
56
70
87
98
94
79
72
93
118
158
188
211
245
285
317
329
318
292
274
260
246
222
195
157
96
36
-26
-80
-135
-190
-243
-297
-345
-388
-427
-452
-455
-463
-483
-513
-529
-523
-488
-438
-390
-337
-283
-213
-134
-53
13
69
112
144
169
190
199
195
193
194
202
195
173
162
155
151
136
103
69
60
59
43
8
-43
-93
-137
-171
-203
-231
-256
-271
-254
-225
-198
-190
-180
-170
-153
-132
-120
-95
-63
-12
45
100
135
175
233
292
355
400
434
467
509
534
544
536
508
482
454
439
418
388
361
333
309
272
219
152
88
43
-10
-80
-163
-241
-300
-334
-350
-361
-362
-344
-311
-273
-250
-248
-269
-297
-315
-325
-326
-328
-307
-272
-233
-199
-174
-142
-106
-65
-39
-40
-65
-91
-101
-92
-87
-79
-65
-39
7
69
124
150
165
170
168
167
165
152
131
109
79
48
18
9
16
22
22
20
11
3
6
-5
-38
-83
-142
-193
-232
-256
-244
-214
-169
-114
-51
13
62
103
123
116
83
34
-12
-44
-61
-65
-50
-14
50
120
178
214
228
226
208
176
138
104
75
58
37
27
30
62
108
152
192
211
213
201
190
176
155
128
99
75
57
35
11
-16
-29
-19
-8
-5
5
14
26
33
18
-12
-52
-84
-101
-117
-136
-151
-159
-150
-140
-124
-114
-129
-130
-127
-129
-150
-172
-192
-200
-186
-168
-156
-147
-127
-103
-86
-92
-95
-98
-101
-83
-44
4
58
124
185
240
269
273
263
252
237
215
181
126
73
28
-15
-51
-75
-95
-106
-109
-116
-135
-157
-176
-189
-191
-186
-185
-183
-192
-191
-176
-168
-155
-123
-77
-27
27
73
96
105
119
126
136
155
170
192
207
219
225
220
210
207
192
171
147
117
87
56
34
18
6
-3
-5
-5
-10
-17
-23
-35
-46
-48
-47
-45
-43
-44
-53
-59
-55
-44
-30
-25
-15
3
16
34
55
73
89
104
99
74
45
13
1
-3
11
25
36
46
56
73
69
61
49
29
5
-24
-62
-98
-117
-132
-147
-167
-188
-203
-205
-206
-207
-209
-214
-208
-178
-127
-65
3
59
96
125
134
130
119
90
53
14
-19
-40
-36
-21
-10
0
7
21
44
70
91
102
98
76
47
16
-19
-44
-60
-73
-75
-76
-70
-50
-23
1
31
63
98
138
164
168
145
102
48
4
-32
-69
-91
-106
-112
-107
-91
-74
-53
-30
-4
24
41
43
40
34
27
24
14
-4
-20
-27
-27
-9
11
25
28
26
27
14
11
18
33
47
43
19
-27
-66
-84
-90
-85
-74
-57
-26
22
75
130
169
192
214
238
258
270
276
262
221
172
124
89
69
48
23
-11
-52
-89
-132
-173
-202
-223
-233
-237
-232
-214
-200
-174
-160
-166
-181
-203
-217
-219
-209
-203
-206
-209
-209
-190
-165
-150
-133
-110
-105
-98
-90
-81
-57
-20
36
93
153
220
295
371
439
485
505
505
501
490
460
411
341
269
219
173
115
51
-16
-80
-123
-156
-188
-222
-244
-258
-266
-254
-249
-252
-246
-233
-207
-180
-155
-154
-158
-156
-155
-150
-138
-107
-71
-41
-12
24
63
106
135
137
125
119
135
151
155
133
93
62
45
46
57
59
43
23
7
1
-1
-17
-47
-73
-85
-98
-108
-107
-92
-60
-20
18
55
98
139
190
240
268
275
263
244
225
200
162
105
35
-31
-92
-145
-185
-203
-213
-220
-225
-220
-213
-200
-180
-163
-155
-147
-136
-139
-142
-155
-164
-160
-149
-130
-111
-90
-80
-71
-58
-40
-14
8
26
47
70
111
159
208
252
281
306
335
371
391
382
340
275
215
165
122
66
2
-50
-85
-101
-110
-117
-129
-141
-151
-166
-174
-181
-185
-183
-162
-134
-101
-70
-40
-3
37
68
82
97
113
128
140
142
127
103
85
74
67
59
42
8
-29
-67
-95
-120
-144
-163
-182
-192
-201
-211
-219
-224
-231
-225
-200
-160
-109
-65
-38
-9
31
79
118
146
152
155
162
171
186
192
186
162
127
99
87
73
57
30
-12
-44
-53
-48
-41
-44
-65
-99
-119
-120
-102
-74
-55
-46
-25
9
50
92
134
173
201
226
236
229
202
158
97
37
-14
-62
-103
-141
-166
-173
-164
-145
-127
-101
-78
-59
-42
-26
-14
-12
-16
-21
-25
-21
3
37
71
101
116
114
99
75
50
29
0
-38
-72
-92
-97
-83
-56
-29
-5
17
35
48
60
65
63
47
22
-2
-24
-32
-30
-21
-5
4
8
6
2
-1
-7
-18
-36
-57
-78
-99
-111
-108
-90
-68
-51
-40
-31
-17
3
15
16
8
-12
-27
-27
-15
-2
9
9
9
8
10
15
23
26
22
14
4
-5
-6
4
18
31
40
49
57
58
57
58
59
60
58
46
32
20
15
15
17
15
16
23
34
49
58
57
45
24
6
-6
-11
-19
-32
-48
-53
-51
-45
-33
-22
-16
-11
-11
-22
-37
-55
-74
-87
-90
-86
-78
-72
-64
-51
-34
-11
15
39
62
79
84
83
82
82
88
86
71
48
30
14
0
-13
-33
-53
-63
-57
-39
-18
-4
1
-1
7
14
19
18
10
0
-16
-31
-46
-55
-57
-49
-37
-25
-11
6
20
33
37
34
30
30
26
19
6
-11
-25
-27
-14
7
27
39
43
44
41
39
33
24
9
-9
-20
-27
-27
-23
-26
-30
-30
-22
-11
-1
0
-7
-19
-30
-35
-36
-29
-22
-16
-16
-14
-12
-3
18
41
63
72
77
80
84
79
66
43
10
-20
-42
-55
-59
-58
-53
-44
-28
-8
13
24
23
12
-8
-33
-52
-60
-55
-42
-34
-36
-44
-48
-42
-27
-8
9
16
5
-10
-19
-15
0
20
44
67
84
91
89
80
64
43
19
2
-4
6
13
10
-10
-36
-55
-60
-48
-28
-6
16
29
33
28
23
18
13
3
-8
-15
-21
-29
-42
-53
-55
-50
-41
-23
-3
1
-12
-24
-29
-23
-12
-4
-5
-11
-18
-27
-32
-27
-13
-4
3
3
1
5
19
42
70
95
111
113
103
88
64
29
-11
-38
-46
-41
-34
-32
-27
-11
14
45
65
76
79
77
64
38
-5
-60
-115
-156
-164
-152
-129
-100
-73
-43
-10
23
54
91
122
133
116
83
49
25
11
-6
-30
-55
-69
-72
-64
-52
-39
-28
-18
-4
12
28
31
19
-5
-29
-47
-59
-67
-64
-50
-31
-16
-5
6
26
51
73
92
103
107
106
94
74
47
19
-9
-32
-52
-57
-52
-40
-16
13
41
57
59
55
53
50
36
10
-29
-73
-113
-142
-145
-119
-78
-31
5
29
50
74
88
87
74
49
21
-11
-38
-55
-64
-67
-62
-47
-30
-5
19
34
41
39
32
22
13
6
5
9
15
22
28
36
41
42
44
44
42
33
11
-14
-36
-49
-54
-52
-45
-38
-39
-44
-39
-24
-12
-10
-20
-33
-46
-53
-54
-49
-34
-8
20
37
46
49
44
34
21
8
0
-3
0
3
4
3
5
8
20
42
58
65
63
52
36
14
-12
-38
-52
-51
-38
-22
-9
5
19
27
27
24
22
16
3
-10
-18
-24
-25
-32
-45
-55
-54
-50
-38
-24
-8
4
13
20
24
28
26
17
4
-9
-15
-17
-14
-7
-2
0
1
8
17
32
42
42
33
18
5
-5
-9
-14
-22
-27
-29
-29
-22
-17
-17
-14
-11
-11
-12
-13
-15
-15
-9
-2
1
2
6
9
12
13
7
-2
-9
-7
-2
6
13
12
6
-1
-6
-6
-4
4
9
10
6
0
-9
-9
-4
3
11
15
16
18
25
30
33
33
26
25
30
35
29
17
1
-17
-27
-28
-29
-34
-31
-29
-25
-19
-14
-13
-12
-4
2
8
13
17
21
23
29
33
36
37
37
35
26
21
14
14
17
18
16
11
8
7
7
6
4
-4
-16
-30
-38
-39
-39
-44
-54
-63
-63
-50
-37
-26
-21
-18
-15
-9
1
6
8
5
2
1
4
10
13
19
30
35
36
36
38
43
48
47
44
36
25
9
-8
-23
-30
-28
-19
-3
11
13
11
3
-4
-11
-20
-34
-52
-70
-80
-82
-79
-77
-77
-73
-57
-35
-10
15
33
42
45
43
40
39
43
50
61
68
63
47
29
22
20
13
4
-5
-10
-9
-4
-1
-1
-3
-12
-23
-33
-44
-53
-61
-66
-66
-60
-49
-33
-13
16
45
67
80
86
87
81
71
57
41
27
14
8
2
2
2
1
1
1
0
1
2
-1
-5
-11
-19
-28
-42
-51
-57
-56
-54
-48
-39
-34
-29
-25
-21
-20
-17
-11
-4
3
13
23
29
34
36
37
31
27
25
23
26
30
28
26
27
35
40
43
42
33
22
14
8
0
-8
-21
-34
-41
-45
-47
-49
-49
-48
-47
-46
-43
-40
-35
-27
-22
-22
-24
-23
-21
-17
-13
-5
2
11
21
31
38
43
50
54
54
55
53
45
38
35
33
26
17
8
0
-5
-6
-4
-4
-4
-4
-4
-12
-20
-27
-35
-43
-49
-52
-54
-53
-53
-48
-42
-34
-22
-13
-3
8
20
27
28
25
20
13
11
12
17
24
32
40
48
56
63
67
72
72
66
50
31
13
-2
-17
-29
-39
-48
-55
-56
-53
-45
-34
-26
-22
-18
-17
-21
-27
-32
-34
-36
-36
-35
-32
-23
-12
1
12
23
34
44
52
61
66
64
57
46
32
18
9
-1
-11
-17
-20
-20
-19
-17
-11
-4
0
1
-3
-10
-12
-16
-19
-21
-23
-26
-34
-40
-44
-45
-43
-34
-20
-5
10
22
24
22
19
15
10
7
8
11
15
18
20
16
11
8
6
10
14
17
19
19
16
13
6
-1
-7
-10
-11
-11
-11
-14
-15
-15
-15
-16
-16
-14
-10
-3
5
12
17
17
15
13
10
5
1
-2
-5
-7
-8
-9
-7
-2
4
10
19
29
34
36
32
25
15
5
-6
-13
-17
-19
-20
-23
-27
-28
-27
-22
-16
-13
-11
-9
-4
0
3
1
-2
-5
-5
-6
-5
-1
5
13
23
30
33
33
29
26
21
13
5
-1
-6
-9
-12
-13
-15
-19
-23
-22
-19
-16
-12
-5
1
6
11
11
9
9
7
5
3
-3
-9
-13
-19
-21
-20
-18
-15
-10
-4
6
16
25
31
31
29
24
20
16
10
4
-2
-9
-17
-23
-23
-17
-7
2
10
14
13
9
6
-1
-8
-18
-25
-28
-27
-21
-14
-9
-5
-1
5
10
16
22
25
25
23
20
11
1
-7
-12
-14
-14
-12
-8
1
11
17
20
19
18
15
11
8
3
1
-2
-2
-4
-7
-13
-16
-18
-17
-14
-10
-8
-6
-5
-6
-8
-13
-18
-17
-14
-12
-10
-7
-7
-8
-6
-4
-4
-5
-3
4
10
15
13
8
2
-3
-4
-3
1
6
11
16
17
15
9
6
6
8
8
9
10
11
14
12
7
-2
-9
-12
-11
-9
-9
-7
-5
-6
-8
-11
-12
-11
-6
3
11
14
12
8
6
5
6
6
4
3
2
1
0
0
-1
-3
-7
-7
-4
3
8
12
15
17
13
10
4
0
-2
-3
-5
-6
-6
-5
0
3
5
8
9
8
4
-1
-3
-3
-5
-6
-13
-20
-26
-26
-24
-19
-11
-5
1
7
11
15
16
13
6
-2
-8
-11
-11
-8
-3
0
2
4
4
3
5
4
4
2
-2
-4
-5
-3
-3
-2
-2
-3
-4
-1
3
4
4
2
1
1
4
7
8
8
3
-3
-11
-16
-16
-13
-5
3
6
5
1
-3
-6
-6
-4
-1
2
7
11
14
15
13
6
0
-3
-5
-2
3
5
7
6
3
-1
-4
-1
6
14
16
13
6
-2
-9
-9
-6
-4
-1
-1
-6
-10
-10
-6
-3
0
4
7
8
12
10
3
-7
-17
-22
-18
-9
1
10
16
14
10
6
5
9
13
18
17
14
7
0
-6
-10
-11
-9
-6
-4
0
1
1
-2
-6
-8
-10
-8
-6
-5
-9
-14
-17
-16
-10
0
11
17
15
7
-4
-16
-26
-31
-28
-23
-11
3
14
19
17
9
4
2
4
11
19
23
22
15
4
-9
-14
-10
1
13
22
27
26
21
9
1
-8
-13
-12
-8
-5
-2
-4
-7
-12
-17
-19
-19
-12
-3
4
7
5
-2
-9
-13
-16
-14
-7
2
11
19
22
19
11
1
-10
-18
-23
-25
-26
-18
-6
6
15
19
16
9
0
-5
-6
-4
0
4
6
9
11
14
19
21
22
25
29
34
30
20
4
-16
-36
-53
-61
-57
-45
-26
-6
9
17
17
13
9
8
9
9
6
3
2
-2
-5
-2
3
9
15
21
23
26
26
27
21
9
-9
-27
-39
-44
-38
-27
-15
-6
-5
-4
-4
-1
4
7
8
8
9
10
12
17
15
9
2
-5
-12
-11
-4
5
10
8
3
-7
-15
-19
-16
-10
-2
4
7
8
6
1
-5
-10
-11
-7
0
11
25
35
41
39
28
12
-2
-12
-18
-19
-19
-17
-17
-19
-23
-23
-21
-14
-7
-1
5
8
9
8
5
2
1
-5
-10
-10
-5
0
8
12
18
25
24
23
19
16
10
2
-5
-10
-17
-23
-25
-25
-22
-19
-13
-7
2
9
14
13
7
-3
-10
-17
-20
-17
-12
-5
3
15
24
32
33
27
16
6
0
-4
-4
-4
-5
-6
-5
-6
-4
-3
1
5
9
12
13
12
8
6
2
-2
-8
-12
-11
-7
0
4
5
6
5
3
1
-1
-5
-10
-14
-18
-23
-28
-29
-26
-17
-6
5
15
21
21
21
19
16
12
10
10
12
16
22
