SAMPLES:	9778
BITSPERSAMPLE:	16
CHANNELS:	1
SAMPLERATE:	16000
NORMALIZED:	FALSE
0
-1
0
-1
0
0
-1
0
0
0
0
0
0
0
0
0
0
0
0
0
0
0
0
0
0
0
0
0
0
0
0
0
0
0
0
0
0
0
0
0
-1
0
0
0
0
0
0
0
-1
0
0
0
0
0
0
0
0
0
0
0
0
0
0
0
0
0
0
0
0
0
0
1
-1
0
0
0
0
0
0
0
1
0
0
0
0
0
-1
0
0
0
0
0
0
0
0
0
0
-1
-1
-1
-1
0
-1
0
0
0
0
0
0
-1
-1
0
-1
0
0
0
-1
0
0
0
0
0
0
0
1
0
0
0
0
0
0
0
0
0
0
1
1
0
0
0
0
0
0
0
0
0
0
0
1
0
0
0
0
0
1
1
0
0
0
0
0
-1
0
0
0
0
0
0
1
0
0
1
-1
0
0
1
0
1
0
1
0
1
-1
1
-3
20
60
83
105
121
135
134
127
110
83
49
9
-31
-69
-97
-109
-101
-77
-42
-7
20
35
41
35
14
-7
-29
-51
-69
-82
-88
-92
-85
-68
-45
-10
35
77
114
140
151
143
118
87
51
21
-6
-26
-43
-57
-69
-79
-81
-77
-63
-51
-38
-20
3
26
42
49
41
24
0
-21
-37
-48
-47
-43
-31
-22
-6
9
21
37
52
65
70
70
59
42
22
-5
-29
-51
-64
-69
-60
-39
-13
9
26
34
35
37
37
39
40
34
23
6
-12
-28
-42
-49
-49
-48
-40
-27
-7
20
43
52
41
23
7
-3
-8
-11
-16
-22
-27
-26
-19
-9
6
21
34
44
44
38
24
10
-3
-16
-26
-38
-50
-57
-54
-41
-19
-1
10
13
11
10
6
5
4
0
-3
-5
4
20
34
44
48
51
52
52
47
37
26
13
-1
-19
-36
-53
-65
-76
-77
-66
-48
-26
-8
4
8
10
9
9
8
8
9
12
14
13
5
-5
-14
-15
-13
-6
4
18
26
29
28
29
33
35
41
39
28
13
-7
-28
-47
-59
-63
-61
-51
-36
-23
-13
-5
3
12
18
17
14
8
-1
-8
-13
-12
-7
3
15
32
51
67
75
67
49
24
2
-11
-17
-18
-21
-24
-28
-29
-26
-27
-24
-20
-11
-2
0
-3
-7
-10
-13
-13
-8
-1
1
4
3
0
-4
-11
-14
-15
-16
-14
-13
-7
2
11
21
33
48
59
60
55
39
17
-2
-16
-23
-25
-18
-8
0
1
-1
-7
-18
-30
-45
-59
-68
-67
-59
-42
-22
-1
17
37
54
61
65
61
49
33
17
1
-18
-31
-37
-37
-29
-12
5
16
20
16
12
9
14
17
12
1
-12
-20
-20
-12
-2
3
8
13
18
22
21
13
4
-3
-7
-7
-4
-2
-3
-8
-15
-21
-22
-20
-15
-7
11
31
45
49
40
23
6
-8
-16
-29
-43
-49
-46
-27
-1
22
35
40
41
41
37
23
1
-24
-48
-62
-65
-59
-44
-25
-4
19
40
52
52
40
19
-10
-34
-52
-60
-62
-54
-36
-9
20
45
53
45
36
29
29
31
33
37
42
48
48
35
18
-3
-19
-36
-53
-66
-79
-83
-82
-79
-73
-63
-47
-26
1
26
46
59
63
59
44
31
21
19
21
22
19
14
13
9
6
7
13
24
36
46
49
45
37
22
5
-19
-45
-63
-70
-67
-62
-56
-48
-35
-24
-13
-7
-3
1
8
10
3
-1
-1
0
1
3
7
13
24
35
43
46
47
47
43
36
25
16
11
14
14
5
-11
-32
-51
-65
-72
-69
-58
-43
-25
-6
9
22
30
33
32
26
17
5
0
-2
-2
0
6
14
20
21
18
13
4
-6
-20
-35
-44
-45
-38
-29
-21
-12
-3
3
4
1
-2
-5
-3
0
1
4
9
17
25
33
40
44
40
33
22
6
-11
-29
-41
-45
-42
-28
-13
-2
4
8
5
3
3
2
0
-2
0
2
9
11
5
-1
-5
-3
7
20
28
33
36
37
32
20
8
-3
-10
-13
-11
-9
-13
-17
-23
-26
-22
-22
-21
-24
-31
-41
-48
-48
-43
-34
-24
-14
-6
3
13
21
29
34
33
31
30
31
33
38
48
55
57
51
40
25
7
-11
-29
-50
-66
-75
-75
-62
-42
-22
0
17
31
40
46
46
42
35
28
22
13
3
-3
-6
-3
1
8
10
8
6
2
-5
-15
-27
-41
-53
-62
-65
-61
-53
-43
-31
-21
-11
-1
10
17
25
34
42
46
47
45
38
25
10
-6
-21
-35
-47
-52
-51
-40
-20
4
33
66
96
115
121
117
108
97
83
62
34
-5
-48
-87
-111
-117
-111
-94
-72
-43
-12
15
43
59
60
44
16
-22
-60
-90
-117
-139
-148
-149
-140
-118
-82
-38
8
58
101
131
144
138
117
81
36
-8
-43
-67
-78
-71
-46
-10
33
73
109
131
140
141
133
124
112
94
66
27
-17
-60
-94
-104
-94
-72
-44
-20
-3
4
1
-17
-43
-72
-98
-118
-126
-124
-112
-92
-69
-53
-48
-49
-47
-35
-8
31
75
111
135
147
132
104
72
37
7
-10
-19
-20
-17
-9
5
26
53
78
100
118
129
128
120
97
63
15
-41
-96
-136
-159
-165
-151
-123
-92
-59
-30
-13
-16
-34
-55
-66
-58
-30
6
42
76
102
119
128
127
107
63
12
-40
-77
-96
-98
-90
-74
-57
-45
-34
-20
-3
8
8
-3
-16
-22
-7
30
78
115
134
135
117
84
42
-6
-53
-91
-114
-112
-91
-57
-20
8
23
20
7
-12
-28
-32
-20
-4
13
31
40
38
32
19
3
-15
-36
-63
-80
-74
-46
-2
46
90
120
139
147
140
111
67
18
-23
-54
-73
-89
-106
-123
-136
-141
-134
-124
-114
-102
-82
-49
-8
33
75
113
144
150
125
72
4
-63
-108
-121
-110
-73
-26
18
53
85
106
118
138
164
183
184
162
114
48
-20
-79
-122
-139
-123
-75
-5
67
121
141
129
108
86
53
22
-7
-41
-87
-141
-200
-265
-330
-378
-389
-352
-259
-125
21
157
260
325
355
355
320
244
137
23
-74
-139
-181
-212
-234
-246
-224
-162
-76
8
67
108
140
176
214
235
231
194
129
41
-45
-103
-130
-120
-87
-48
-20
-4
7
24
53
97
151
186
187
144
55
-58
-153
-187
-161
-108
-56
-16
18
68
131
174
166
109
25
-62
-142
-225
-329
-434
-491
-480
-410
-304
-185
-72
36
149
260
340
374
376
363
350
321
254
133
-18
-149
-216
-208
-133
-29
59
111
138
159
180
187
150
63
-68
-194
-263
-278
-247
-195
-130
-47
50
131
171
163
141
149
189
256
317
327
281
190
74
-71
-248
-423
-551
-579
-506
-400
-318
-278
-250
-203
-126
-4
136
269
391
497
546
499
356
142
-81
-260
-362
-375
-311
-208
-106
-18
49
111
178
229
251
221
143
39
-62
-146
-231
-312
-349
-301
-166
-7
92
120
117
150
263
419
550
585
503
335
150
-27
-198
-350
-462
-493
-464
-403
-340
-297
-249
-175
-29
168
370
505
511
396
216
42
-107
-207
-249
-230
-167
-66
65
168
192
136
57
-8
-30
-32
-70
-149
-240
-292
-292
-252
-197
-145
-91
2
130
239
279
245
192
170
172
178
154
90
3
-78
-147
-212
-279
-342
-374
-345
-222
-22
228
491
707
823
803
663
446
208
-20
-218
-381
-491
-541
-545
-516
-464
-381
-260
-65
197
464
674
763
692
457
99
-283
-579
-724
-709
-572
-383
-212
-101
-42
-35
-56
-87
-99
-58
37
142
199
179
105
39
31
78
143
185
186
152
104
44
-33
-121
-188
-199
-148
-59
48
149
240
325
393
445
455
400
277
127
-5
-75
-72
-14
44
51
-20
-155
-300
-409
-461
-462
-408
-298
-147
-4
80
94
48
-8
-40
-31
-15
-39
-116
-225
-315
-349
-299
-173
-8
165
304
385
410
377
305
213
115
35
-20
-50
-65
-66
-61
-49
-18
21
56
73
66
50
47
71
112
153
164
135
83
27
-18
-54
-83
-100
-109
-100
-87
-89
-111
-141
-161
-162
-139
-97
-53
-27
-19
-27
-47
-74
-97
-101
-81
-37
29
103
165
201
205
177
132
84
44
6
-20
-30
-27
-11
7
25
31
32
42
66
97
118
110
84
56
31
15
3
-15
-45
-76
-98
-114
-115
-114
-112
-112
-110
-104
-90
-66
-28
19
59
84
94
94
82
58
27
-4
-37
-55
-58
-49
-41
-38
-38
-40
-31
-12
9
27
42
54
66
78
88
89
80
63
42
25
10
-5
-25
-46
-60
-63
-55
-45
-35
-30
-22
-9
5
19
25
17
1
-9
-5
7
18
24
22
16
6
-11
-34
-60
-82
-100
-102
-90
-73
-52
-31
-12
3
17
27
40
61
85
104
106
98
85
75
65
51
35
23
10
4
5
6
4
-4
-14
-22
-31
-37
-40
-38
-31
-26
-22
-22
-24
-24
-20
-16
-13
-9
-5
-4
-3
-2
-4
-7
-16
-21
-22
-20
-18
-17
-19
-33
-53
-65
-61
-41
-14
12
29
37
44
48
45
43
40
38
42
53
63
68
73
80
85
87
79
63
46
33
22
7
-16
-43
-63
-75
-80
-85
-88
-86
-74
-54
-31
-10
2
4
4
4
0
-10
-25
-42
-57
-70
-85
-102
-116
-118
-106
-83
-47
-8
29
62
90
112
125
129
125
115
103
92
79
63
49
37
28
19
14
11
9
7
7
11
18
24
23
18
7
0
-6
-12
-19
-32
-49
-70
-90
-105
-119
-127
-124
-115
-96
-74
-49
-26
-4
15
32
41
42
44
47
51
53
54
51
44
39
37
38
37
33
30
28
28
31
31
31
26
21
14
8
5
7
12
15
9
-8
-34
-62
-82
-85
-72
-53
-35
-20
-9
1
15
28
36
38
32
19
2
-19
-42
-59
-65
-59
-51
-37
-24
-14
-6
5
15
19
19
15
11
14
20
28
28
24
15
4
-5
-7
-1
11
19
23
27
31
40
50
55
46
29
12
0
3
12
17
16
6
-2
-4
3
13
18
13
-5
-31
-59
-79
-91
-95
-92
-84
-65
-40
-14
11
30
43
46
42
34
16
-4
-20
-26
-22
-12
-4
-2
-1
2
11
22
30
32
29
28
28
28
33
38
38
34
33
33
31
27
15
-5
-27
-51
-64
-62
-49
-32
-11
7
21
31
37
36
29
18
9
-1
-14
-29
-41
-50
-55
-56
-56
-60
-66
-64
-48
-25
-1
18
30
35
38
40
42
41
40
36
33
23
13
10
12
20
29
38
45
53
58
59
56
41
16
-13
-42
-66
-78
-76
-67
-58
-49
-44
-44
-48
-48
-36
-28
-31
-37
-40
-40
-36
-27
-15
-7
4
18
38
55
72
85
89
82
70
63
55
46
33
22
11
2
5
23
45
57
62
64
64
56
38
11
-21
-58
-87
-111
-133
-149
-156
-147
-129
-103
-77
-55
-44
-35
-20
4
15
15
10
12
15
19
37
63
89
105
109
100
79
58
40
25
9
-3
-8
-7
-1
15
29
37
41
45
52
52
36
16
-3
-20
-37
-49
-60
-73
-88
-102
-111
-113
-105
-84
-53
-20
6
33
51
58
57
59
58
56
50
40
26
8
-3
-7
-2
1
0
-8
-15
-20
-24
-26
-33
-44
-53
-45
-24
6
35
54
64
68
67
59
43
16
-9
-27
-37
-37
-32
-23
-12
0
13
24
31
36
40
43
50
56
55
50
36
16
-2
-12
-22
-31
-37
-41
-44
-41
-33
-27
-28
-39
-54
-65
-71
-75
-81
-87
-97
-102
-97
-81
-58
-32
-5
22
46
66
78
82
72
54
37
28
20
12
10
15
23
36
60
86
105
116
120
113
101
88
73
53
31
13
-4
-21
-39
-57
-68
-80
-86
-78
-62
-46
-34
-25
-18
-18
-20
-22
-18
-15
-16
-26
-39
-53
-62
-57
-43
-27
-11
5
17
26
35
48
60
61
54
47
43
38
29
17
3
-9
-14
-12
-7
-3
2
2
-2
-13
-22
-33
-50
-71
-88
-97
-101
-101
-93
-76
-51
-34
-23
-13
-7
-2
0
7
18
29
37
42
44
43
41
42
52
62
73
81
83
83
88
99
104
102
93
79
62
44
29
18
10
6
8
13
25
33
45
58
62
56
50
41
23
-2
-28
-54
-83
-105
-112
-108
-114
-126
-132
-140
-156
-166
-155
-138
-134
-134
-116
-100
-102
-105
-95
-78
-78
-77
-59
-43
-45
-48
-25
9
39
70
113
145
150
146
159
170
162
160
173
190
192
191
197
194
171
147
144
136
113
78
50
19
-12
-29
-27
-26
-36
-49
-60
-77
-109
-133
-148
-163
-187
-200
-200
-191
-184
-172
-152
-135
-121
-106
-84
-63
-52
-43
-28
-6
20
54
86
107
114
113
103
87
74
67
64
65
63
62
65
72
85
105
126
142
147
131
100
65
36
8
-15
-36
-58
-80
-98
-103
-97
-88
-81
-78
-87
-97
-104
-110
-116
-120
-119
-119
-117
-102
-80
-61
-52
-48
-45
-37
-23
0
33
64
85
104
121
134
150
166
172
166
155
143
129
109
89
80
78
77
69
62
51
32
18
13
9
-6
-30
-59
-92
-120
-129
-126
-125
-127
-126
-120
-112
-101
-84
-71
-68
-67
-55
-34
-21
-14
-4
1
-6
-9
-2
9
13
15
15
15
12
15
28
44
56
69
91
106
99
80
63
46
26
15
11
4
-10
-20
-25
-23
-25
-22
-23
-29
-35
-27
-7
9
16
12
5
-9
-12
-8
-7
-13
-18
-17
-15
-10
-6
4
11
20
36
52
56
48
38
24
7
-3
2
9
7
7
11
22
29
30
23
9
-6
-20
-27
-33
-44
-55
-65
-71
-75
-70
-51
-32
-22
-15
-5
-2
-2
-6
-12
-20
-25
-16
-6
-2
-4
-8
-9
-8
-3
3
8
11
17
26
34
43
46
39
29
18
9
4
0
-6
-14
-16
-11
3
18
34
44
54
68
79
78
59
41
25
12
-2
-10
-17
-27
-41
-44
-34
-22
-14
-7
-1
-4
-12
-15
-16
-21
-36
-49
-56
-63
-74
-76
-72
-70
-71
-60
-43
-40
-43
-33
-9
0
-6
3
35
52
39
37
59
68
53
40
44
43
33
37
57
65
55
53
70
88
93
108
135
135
102
81
83
73
44
17
-2
-31
-69
-94
-109
-129
-147
-146
-121
-94
-81
-70
-52
-36
-24
-4
14
11
-8
-23
-33
-47
-68
-86
-101
-109
-105
-85
-51
-12
16
33
49
68
83
92
96
97
93
87
75
65
49
34
28
32
37
40
40
40
39
36
26
14
-2
-23
-48
-67
-76
-83
-92
-102
-110
-110
-97
-78
-53
-29
-10
-1
0
-6
-12
-14
-17
-22
-24
-20
-13
-5
4
20
42
71
104
130
142
144
141
132
119
105
87
65
43
24
9
-8
-20
-25
-32
-41
-46
-41
-34
-30
-33
-40
-49
-65
-79
-81
-82
-95
-106
-101
-88
-77
-68
-55
-34
-17
-6
-1
2
4
5
11
20
19
10
9
17
21
23
32
52
66
62
53
48
43
31
12
-5
-17
-28
-35
-37
-45
-56
-58
-40
-16
4
26
51
66
73
82
94
94
81
70
66
63
54
51
64
82
96
110
135
152
147
128
113
100
74
36
-13
-62
-96
-116
-124
-123
-113
-106
-98
-74
-41
-20
-20
-27
-31
-35
-40
-47
-53
-64
-84
-102
-96
-76
-72
-87
-107
-117
-104
-76
-74
-113
-151
-165
-171
-178
-171
-167
-210
-274
-291
-242
-189
-171
-152
-97
-42
-10
44
141
197
163
124
146
171
134
87
78
72
55
75
151
233
282
319
390
468
502
491
470
441
391
322
256
193
126
90
93
89
75
79
58
5
-18
14
19
-54
-152
-236
-307
-373
-423
-450
-464
-466
-435
-388
-336
-297
-249
-176
-119
-100
-65
18
97
137
161
192
212
238
281
317
311
330
401
472
485
430
361
331
328
283
183
98
76
27
-57
-142
-223
-350
-465
-430
-316
-416
-703
-833
-670
-533
-684
-844
-808
-780
-985
-1131
-996
-798
-800
-823
-666
-518
-506
-376
-38
121
37
106
545
865
808
721
840
914
829
898
1169
1316
1274
1371
1630
1785
1690
1594
1586
1439
1068
752
691
674
478
202
-31
-313
-618
-742
-597
-513
-690
-936
-1061
-1134
-1314
-1583
-1774
-1826
-1818
-1844
-1689
-1163
-762
-868
-1049
-695
-151
-128
-443
-440
-148
-1
-132
-153
116
407
512
574
824
1026
1085
1294
1683
1779
1556
1493
1661
1495
1103
1029
1117
1027
849
827
704
370
94
-27
-168
-381
-597
-610
-424
-317
-450
-615
-566
-560
-796
-1033
-981
-738
-516
-379
-345
-529
-1052
-1510
-786
853
983
-1090
-2345
-749
840
-374
-1906
-1118
-186
-1444
-2685
-1320
376
-381
-1815
-1211
118
-236
-876
493
1770
421
-1138
292
2582
1994
378
999
2425
2000
1248
2227
3072
1935
771
1449
2305
1491
333
699
1331
577
-525
-159
708
122
-1102
-1124
-544
-852
-1533
-1441
-1221
-1919
-2623
-2372
-1721
-1688
-2032
-1891
-1284
-918
-873
-572
-34
-34
-439
-132
883
1443
1163
1008
1232
1296
1206
1426
1777
1780
1462
1386
1781
2192
2136
1719
1478
1252
789
390
335
198
-286
-625
-479
-320
-406
-423
-328
-389
-690
-882
-816
-716
-930
-1325
-1510
-1486
-1584
-1686
-1516
-1191
-1021
-945
-608
-193
-38
-113
-148
-165
-487
-1071
-1207
-523
490
883
348
-272
-197
244
287
-27
-56
7
-506
-1213
-1316
-929
-928
-1398
-1585
-1344
-1173
-925
-15
1141
1344
806
921
1780
2160
1740
1496
1610
1473
1208
1428
1896
1937
1597
1531
1681
1577
1270
1248
1586
1458
728
159
86
-48
-564
-1023
-1210
-1556
-1976
-1957
-1633
-1500
-1655
-1669
-1514
-1426
-1377
-1247
-1060
-815
-446
-165
-235
-553
-764
-682
-417
-218
25
539
1165
1552
1733
2190
2642
2615
2320
2053
1829
1556
1360
1156
651
110
-12
77
196
110
-241
-542
-476
-100
-31
-265
-514
-900
-1345
-1474
-1376
-1397
-1506
-1381
-1159
-972
-498
33
293
280
337
730
1082
1152
698
-114
-1075
-1858
-788
1867
2226
-1436
-4518
-2817
106
-677
-2318
-1488
-803
-3159
-5439
-3679
-873
-874
-2389
-1882
-272
-658
-1572
849
3951
2793
-549
-169
3158
3535
2162
2660
3904
2791
1440
2812
4685
4075
2437
2389
3086
2298
463
809
2375
2136
-326
-1370
-407
-644
-2157
-2539
-1868
-2462
-3641
-3404
-2217
-2364
-3171
-3334
-2415
-1739
-1844
-1585
-628
285
116
2
726
1359
1325
1770
2616
2817
2090
1909
2435
2475
1986
1426
1368
1284
760
93
-63
191
178
-371
-660
-650
-723
-929
-1122
-1178
-1440
-1692
-1655
-1327
-1180
-1414
-1391
-783
-426
-445
-140
616
1063
994
1080
1347
1645
1922
1897
1649
1482
1445
1458
1618
1821
1601
1061
840
569
-386
-1985
-3846
-3907
-1265
702
-2121
-6668
-6755
-3699
-3069
-4059
-3024
-2030
-4010
-6479
-5019
-1674
-291
-784
-263
1217
861
-419
1611
6265
7339
4471
3203
5339
5838
4572
5081
6490
5182
2233
1702
2810
2650
1060
698
1399
794
-1988
-3391
-2166
-1266
-2597
-3850
-3349
-3709
-5181
-5192
-3145
-2238
-3164
-3708
-2710
-1929
-1720
-883
883
2351
2310
1964
2304
3239
3586
3525
3715
3796
2951
2028
2034
2479
2155
1143
625
340
-241
-988
-1017
-621
-817
-1609
-2091
-2063
-1982
-2161
-2079
-1618
-1418
-1381
-1158
-556
58
442
807
1259
1535
1307
772
898
1543
1890
1832
1690
1528
1217
1122
1293
1310
1116
895
619
255
-450
-1199
-1418
-1102
-1275
-2493
-4026
-5836
-6545
-3716
332
-556
-5982
-8219
-5533
-3839
-4019
-2188
370
-557
-3617
-3488
-292
2044
2532
3221
4997
4650
1508
548
4270
7492
5996
3561
4019
4165
2377
2263
4475
5262
2903
868
646
412
-979
-1809
-402
935
-911
-4060
-4425
-2625
-1886
-2157
-980
-328
-2093
-3898
-2797
-575
-252
-570
91
741
57
-479
659
2718
3409
2755
1928
1577
953
112
595
1643
1493
-286
-1458
-1263
-1116
-1593
-1520
-1079
-1225
-2070
-2436
-1619
-741
41
287
621
807
605
890
1769
2426
2049
1478
1623
2061
1967
1976
2125
2241
1712
902
643
288
-87
-573
-759
-822
-1023
-1312
-1522
-1236
-732
-836
-1317
-1416
-1328
-1112
-1073
-906
-1493
-3034
-5226
-6882
-4925
-141
1868
-1844
-5772
-5257
-3611
-3507
-1527
2127
2714
-948
-3526
-1806
628
1515
2032
4272
5588
3046
-64
1019
4346
5070
3957
4634
5344
2918
543
1406
3800
3594
1781
1111
827
-889
-3135
-2848
-772
-471
-2484
-3418
-2556
-2605
-3780
-2724
146
991
-639
-1134
468
957
169
490
1989
2122
638
90
1041
1628
1358
1356
2041
1882
583
220
962
969
-294
-1146
-957
-1088
-1930
-2459
-2103
-1386
-1307
-1267
-700
-85
-150
-219
722
1506
1199
701
1233
1615
1181
759
1053
1359
1193
928
819
1099
1257
1315
1055
836
255
-518
-708
-379
-329
-913
-1105
-918
-801
-913
-743
-516
-452
-490
-107
487
680
204
-1063
-3226
-6148
-6912
-2891
2580
2149
-3237
-6377
-5610
-5573
-5804
-2402
1671
1237
-2545
-3496
-1723
-652
-512
2194
6954
8298
4581
908
1714
3489
3460
3799
6119
6054
2354
-401
519
2165
1507
739
1204
987
-1840
-4387
-3779
-1803
-1928
-2976
-2283
-1057
-1894
-3351
-2142
205
624
-388
316
1772
1452
329
1252
3020
3051
2300
2799
3918
3383
1912
1209
1445
764
-558
-1023
-787
-1246
-2340
-2777
-2592
-2528
-2715
-2260
-1273
-597
-777
-653
455
1673
1763
1522
1959
2295
2081
1748
1830
1571
880
294
277
245
-247
-843
-849
-406
-432
-814
-1077
-946
-1019
-1050
-917
-896
-1062
-1083
-642
-22
494
636
694
753
725
592
873
1508
2025
1700
-76
-3006
-6347
-7352
-3646
1694
2041
-2614
-5974
-6314
-6875
-6946
-3757
492
1405
-695
-1740
-1325
-1324
-1612
849
6300
9757
7983
4159
2658
2540
2261
3473
6652
7659
4914
1702
643
378
-807
-1378
-360
855
-81
-2299
-3457
-3441
-3711
-3903
-2394
-253
107
-1302
-1913
-1139
-826
-1091
111
2216
2834
2002
1383
1258
850
449
1009
2414
3136
2328
1074
441
-592
-2113
-2783
-2218
-1483
-1578
-2064
-2516
-2601
-2239
-1071
390
1364
1801
1626
1713
1933
1797
1283
1309
2126
2464
2016
1266
776
306
196
509
749
185
-924
-1375
-1438
-1681
-2300
-2301
-1755
-1593
-1754
-1762
-1463
-1051
-315
534
807
354
154
695
1435
1950
2236
2129
1962
1404
-396
-3222
-6029
-7171
-4957
-242
1458
-1746
-5210
-5860
-5942
-6057
-3785
-75
1648
560
-209
-246
-1065
-2359
-1124
4010
9153
10040
7126
4412
2719
1508
1967
4875
6990
5856
3399
1786
688
-1298
-3043
-2768
-856
105
-609
-1956
-3187
-4446
-5057
-3659
-901
1083
1080
599
803
770
-289
-504
972
2463
2941
3083
3065
1990
317
-512
123
1184
1523
930
169
-1134
-3010
-4081
-3408
-1843
-835
-166
105
-777
-2552
-3373
-2748
-1296
491
1912
2598
2505
2016
1403
1341
2232
3263
3532
3051
2083
557
-1107
-2060
-2179
-2077
-2166
-2110
-1789
-1462
-1504
-1570
-1168
-905
-780
-427
68
153
-36
128
510
480
270
680
1342
1795
1707
1247
1078
1447
1449
115
-2740
-6134
-7130
-3757
593
173
-3783
-5960
-6259
-7402
-7667
-4609
-642
754
630
1550
2086
347
-1675
289
5853
9985
9801
7570
5783
3673
1496
1754
4388
5541
4207
2743
2162
665
-2300
-4412
-3980
-2215
-928
-356
-632
-2049
-4298
-5326
-3857
-953
773
1015
1627
2450
1874
278
-51
822
1697
2341
3175
3332
1936
-18
-758
-13
507
57
-496
-493
-1222
-2936
-3776
-3480
-3232
-2776
-1233
420
521
-464
-1025
-548
479
1510
2340
2614
2219
1293
705
955
1658
1997
2153
2362
2090
1163
-109
-792
-1056
-1460
-1849
-1720
-1626
-2090
-2281
-1500
-413
-311
-532
-250
-194
-781
-1055
-486
-17
-118
182
1256
1955
1658
1287
1308
1435
1762
2205
1631
-1786
-6892
-8637
-3956
1449
785
-2757
-3426
-3341
-5386
-6175
-4031
-1577
-911
-138
1665
1969
-289
-2743
-1309
3777
8448
9752
8875
7276
4530
1764
1364
3002
3710
3161
2513
1942
492
-2284
-5007
-5713
-4538
-3087
-1727
-647
-1154
-3677
-5458
-4600
-2666
-1470
-522
1109
2790
2856
1527
498
209
425
1336
3170
4290
3270
876
-652
-780
-717
-805
-141
1204
1470
657
-151
-672
-1212
-1043
123
1305
1322
247
-721
-1328
-1714
-1814
-1053
105
867
1108
1227
1322
1137
868
900
1373
1452
909
344
132
-335
-1185
-1579
-1324
-1189
-1428
-1232
-655
-591
-1213
-1372
-809
-494
-665
-393
556
1111
892
760
1090
1133
899
958
1366
1551
1548
1655
1236
-673
-4148
-6824
-5636
-1994
-601
-1614
-2337
-3144
-4703
-4987
-3776
-2415
-799
930
2167
2201
890
-1254
-1978
375
4228
6937
7739
7315
5529
3216
2005
2193
2673
3106
3639
3726
2773
607
-1908
-3345
-3300
-2784
-1970
-766
-464
-1755
-3066
-3454
-3520
-3029
-1558
322
1699
1886
877
-361
-1093
-1110
-410
1064
2545
2843
1996
785
-195
-918
-1087
-515
265
403
-165
-880
-1537
-1844
-1783
-1357
-673
21
474
535
322
-77
-328
-204
456
1201
1500
1504
1464
1329
971
556
106
-118
-48
161
399
293
-371
-1264
-1960
-2315
-2135
-1477
-764
-720
-1303
-1733
-1701
-1220
-352
648
1473
1867
1557
841
387
434
659
763
894
1058
729
-24
-520
-631
-441
-111
277
542
358
-505
-1797
-2812
-3125
-2654
-1876
-1116
-313
259
156
-380
-865
-902
-321
392
1025
1407
1358
889
457
427
922
1750
2408
2762
2710
2290
1334
474
202
270
480
649
826
781
460
149
6
-90
-21
342
688
653
421
129
-143
-256
-309
-400
-514
-500
-461
-260
-134
-313
-553
-539
-358
-259
-346
-625
-847
-955
-777
-309
161
216
-36
-394
-643
-773
-763
-440
-193
-229
-320
-141
-98
92
649
1041
1230
1128
730
507
297
-157
-129
33
-115
-286
-551
-952
-873
-492
-499
-420
-295
-523
-666
-472
-398
-425
-318
-62
-18
-354
-712
-725
-563
-459
-255
-273
-227
-195
-115
27
57
-7
-179
-230
-387
-404
-535
-732
-810
-524
-157
121
573
958
1117
925
710
526
831
732
428
455
423
206
-33
84
-36
141
353
612
905
921
333
38
115
-305
-423
-444
-68
133
329
553
847
960
786
1111
1368
1765
1908
1686
883
77
-554
-944
-553
-49
249
509
729
280
-68
-83
-6
183
461
156
-592
-767
-1096
-1246
-1099
-1191
-1105
-982
-1324
-1269
-767
-636
-763
-478
-125
7
136
-258
128
596
326
18
130
144
-323
-60
378
902
675
271
-123
-407
-306
-575
-66
83
-283
-795
-732
-394
-358
-192
-16
406
126
-243
-433
-395
-587
-584
-598
-597
-57
-539
-362
-27
-222
-259
152
372
173
526
-52
-388
-426
-629
-701
-651
-282
172
647
505
522
385
652
838
830
1055
1300
1346
891
1099
601
546
438
260
581
213
401
226
506
474
48
7
-249
-101
-368
-252
-222
-675
-760
-865
-407
-167
-122
379
415
15
-60
92
18
617
635
156
237
237
-419
-331
396
-407
335
180
-698
20
-291
-700
-477
175
170
516
-254
-883
-304
-1036
-1525
-1001
-258
-310
-276
139
863
982
608
288
253
479
78
-84
87
500
-592
-1071
54
-246
-331
748
1087
698
831
319
-404
-392
-877
-1138
-646
-390
-625
-581
151
-93
-263
295
525
371
214
365
-19
-288
-687
-208
-51
-157
408
834
774
596
629
-533
-41
-520
-1223
-591
-67
-296
-659
374
-263
-146
458
418
-174
640
606
-389
641
29
-105
426
182
159
1223
918
612
1076
520
317
190
173
-299
206
-785
-960
385
-1363
-842
200
-689
99
-36
-820
173
-13
-733
264
354
-496
-248
169
-612
-294
101
-309
381
221
-166
410
241
-82
235
426
269
-870
-553
43
-733
-802
-217
-25
130
106
-221
445
395
158
-229
513
153
-480
485
452
559
434
995
652
253
299
417
466
343
210
42
384
-238
-456
-108
214
143
-564
-2
256
-593
-238
-61
-164
-480
-142
-707
-645
270
-385
-258
516
802
-342
291
320
-521
56
648
-14
236
869
-77
-73
326
568
-394
79
265
-541
-555
-88
-838
-678
359
-900
-2
123
-203
152
-161
93
7
-99
167
805
51
603
1105
-426
87
275
-198
-1005
-117
-431
-1180
123
-1232
-795
-335
-220
-334
363
799
127
-96
-355
237
-1175
-535
-440
-649
-3
-4
11
526
736
-54
715
215
497
300
-822
-788
-80
-1332
-1500
463
-961
16
906
-183
136
1516
135
-474
1460
48
384
633
1155
1121
1361
622
396
995
-569
982
-826
36
404
-729
-608
-50
81
-1036
1585
-163
37
692
-290
-527
-189
-344
-799
618
-922
-159
-105
-1051
-162
-128
-455
364
476
-845
1082
1145
-473
1195
849
-270
432
-157
-1101
149
-246
-961
417
88
-1
530
543
529
1202
479
546
847
403
-321
-129
24
-1312
-233
-498
-724
-673
59
-350
161
391
-609
381
131
-388
-870
388
-276
-731
-482
-446
-503
-702
-653
-486
85
-372
-448
320
376
-415
65
139
536
-78
330
291
534
-17
-218
1081
230
392
104
767
-178
89
-433
-680
210
-1043
-862
216
29
-122
756
290
748
-89
20
-188
-440
-69
-212
-575
-196
-127
-872
253
-517
348
613
712
455
484
975
180
-7
-504
331
-562
-754
-197
-346
-254
61
122
-31
847
264
67
1116
500
260
480
67
90
-430
-728
207
-418
-1052
597
-26
36
699
144
349
636
414
-148
427
289
-87
-181
263
61
-249
273
335
-332
-212
283
-502
-443
-372
-129
-398
-360
-161
-195
92
-386
-483
-406
61
-205
-854
185
897
-206
198
961
222
196
126
172
384
-115
-127
-264
-352
-448
-1308
-438
-126
-762
-117
196
11
50
223
-168
433
266
-524
291
324
-575
-189
613
-654
-14
564
-454
178
426
-302
-246
671
-326
155
749
-300
380
315
-565
-14
-318
-939
-49
-557
-714
344
237
-57
1099
827
447
1106
972
716
228
784
596
-120
44
-280
-786
-495
-685
-588
-168
-189
-591
-372
402
-247
-312
366
712
85
-299
207
409
-200
-218
19
131
493
-309
-101
844
134
-298
517
637
69
-314
101
21
-201
-340
-371
-233
-222
-441
-341
78
-492
-16
176
216
209
-16
114
465
-115
-236
986
16
-113
311
-257
-166
-309
-309
166
-26
-302
-161
-59
-571
-487
-677
-255
314
-785
-15
-6
-1193
-314
230
-1151
300
656
-579
1018
669
-185
670
853
-349
436
716
-434
33
499
329
264
537
224
306
-397
-727
291
-460
-783
97
-188
-720
-121
-667
-500
905
-88
-228
1291
944
-795
621
468
-575
1089
250
-216
829
358
-712
745
89
-845
283
68
-572
-560
351
-629
-273
372
-86
-258
12
-82
-206
246
-210
332
177
-290
-294
458
123
-230
351
583
1112
-297
-219
624
585
-588
-348
610
194
-369
-1359
105
-290
-987
-900
156
99
-385
511
168
1107
-28
119
291
431
-416
-430
788
-393
54
-271
331
-410
-770
-415
-56
-231
-654
495
-294
-206
-147
-101
-292
-105
-384
-556
753
-213
-177
120
377
537
-318
166
389
66
-526
474
-478
-266
503
-711
331
87
234
-266
510
-419
-38
361
-496
734
-581
511
124
263
-576
342
978
-785
330
609
916
-29
740
259
346
260
-273
16
-287
505
-10
245
309
277
-159
-283
775
-224
-890
1144
-127
-1251
548
-157
-712
473
-51
-388
963
-88
-210
305
258
-78
-122
-326
-25
388
-967
181
338
-222
-731
-209
-436
-536
224
-468
40
131
272
-1216
15
288
-923
-171
507
90
-471
769
-845
54
251
-208
-36
58
565
-277
103
61
521
-726
-219
11
-782
-607
-3
96
-902
220
-174
-690
-328
148
-276
502
1016
-182
447
881
-542
-757
1004
365
-354
100
771
46
-59
228
-157
902
358
-71
66
429
36
-577
-109
86
-157
-602
-135
-192
93
922
592
-80
578
669
-490
-122
294
189
430
50
-234
446
231
-343
-180
196
-42
-270
64
-685
-871
97
102
-356
400
722
-324
86
790
-622
15
740
-545
-677
313
37
-915
39
182
429
-209
-107
260
51
137
318
680
-63
1007
-435
-668
710
-335
-1253
104
-96
-1311
-109
-450
205
92
-249
390
1267
-479
-507
1163
-335
-259
251
39
-574
-62
-800
-69
339
-602
-153
-157
204
-7
240
-164
401
235
-290
547
-23
-316
118
-334
-413
156
-355
-206
25
-39
317
433
264
226
368
390
-65
161
408
-310
-134
293
112
-428
-49
175
-494
-848
201
-559
-1053
253
-290
-34
441
1042
145
409
837
264
-252
-439
218
-617
-114
-105
577
-318
-78
898
115
182
556
617
-435
228
-13
168
-460
-380
-378
-569
-105
-497
-139
-238
803
-81
-24
1187
432
-376
251
921
-198
-408
-44
27
-282
-1169
-29
456
-539
-471
165
-22
-247
224
-437
570
440
-160
-6
658
-199
-945
-122
-650
-130
-520
-201
100
1166
35
338
1225
52
313
-175
248
-569
-190
-500
-216
-203
-485
159
-580
-199
186
553
59
457
561
58
447
-149
-454
86
279
-485
-731
199
49
-413
-394
211
349
239
613
74
-8
-64
41
-122
-267
144
-152
-661
-385
-4
-307
-155
-263
-185
627
445
-174
558
1189
220
67
458
-120
-283
166
-292
-273
468
-291
-146
215
-274
-120
461
145
95
24
-452
118
-492
-764
-388
-318
-271
358
-23
105
495
-238
96
412
309
151
951
402
724
337
-556
-19
-532
-574
-577
-153
-269
-251
-17
795
166
-891
328
-453
-898
-572
135
450
-61
387
-66
695
-123
-402
499
694
222
-448
475
-312
-300
-1095
455
607
-295
162
-31
287
-652
555
-322
205
-585
-691
-52
-170
541
-340
1256
432
708
282
220
548
-270
-241
-528
-49
-1608
-553
-428
-289
910
-132
715
571
339
109
232
605
-24
22
-343
-78
-66
-203
-568
713
95
-1141
716
-246
-321
-272
85
335
223
149
-150
613
10
-46
-507
30
-732
-671
-525
-430
788
-804
367
592
4
161
617
282
67
837
-176
377
-486
-538
-304
-370
53
-493
31
98
393
-46
169
407
179
-152
-616
508
-130
-152
38
-711
198
-256
-603
-210
136
-291
-17
547
89
897
786
815
564
1161
441
-85
366
-768
158
-95
-771
-504
353
-506
-422
157
-188
433
-299
-244
98
628
-348
-348
326
-460
-596
-437
-168
-179
216
-48
620
651
-554
323
91
-356
-68
-431
-277
-642
-320
-7
220
349
63
358
689
260
-42
684
229
-99
-715
-435
224
-869
-677
-135
-332
-149
-367
-464
389
798
208
-89
961
725
-534
-590
30
635
-254
-1149
-25
-185
-781
-366
-571
-108
555
-184
-333
1145
507
-62
446
521
418
-5
-113
-221
37
-156
163
-26
-517
263
113
202
798
490
425
1030
245
-666
397
-574
-1354
-600
-723
-648
-202
289
353
795
1083
887
560
911
-17
-362
193
-293
-714
-692
360
-125
-970
286
1033
-313
-3
576
536
291
-206
-133
-95
-42
-752
-676
262
-210
-912
88
210
274
-406
-25
1137
259
-184
625
727
-270
-269
-335
301
-361
-865
-83
192
-205
-439
52
-95
-259
-307
-144
39
239
-204
144
435
103
-245
-59
326
-260
-251
204
420
-424
-396
536
-210
-309
122
30
8
68
-44
-536
-105
-309
-462
-640
-219
-70
-225
224
359
654
435
858
-151
-210
451
-23
-758
109
351
-547
122
120
354
-35
-94
0
219
-142
-417
252
551
386
74
564
867
-118
-407
228
-266
-766
-947
-191
-364
-577
-562
22
406
7
167
779
1048
158
108
186
672
-471
-585
264
-39
-320
-98
-139
-43
529
-204
539
329
315
229
-16
19
-283
335
33
-71
235
468
-27
33
-438
128
497
-593
-142
-72
255
-650
-734
-193
-509
-818
-750
-190
-163
92
-597
904
616
162
641
97
722
-115
-342
-112
382
-486
-506
-275
-126
-584
-343
943
11
562
508
587
296
-44
-42
271
97
-365
104
-150
-50
-804
-132
162
-341
-52
-342
386
24
-403
355
256
-346
-169
263
-358
-279
-680
-142
252
-97
-151
-50
715
-283
167
508
310
-65
203
570
115
-25
-17
519
-225
-434
-369
37
-77
-278
-138
420
1037
105
-284
957
667
-667
-256
230
93
-827
-833
-123
-43
-813
-837
171
659
22
248
921
843
248
-608
257
530
-677
-907
421
304
-468
-692
318
556
-173
46
382
575
-198
-446
-2
421
-381
-292
-162
-291
-62
-175
-123
395
356
-93
444
94
-349
-218
430
-285
-426
43
-8
-195
-189
105
297
486
-318
275
62
95
-40
-383
524
87
-288
-197
-344
-344
73
-783
-185
489
33
376
-199
62
-26
-208
-284
-7
287
349
135
8
658
-70
20
-500
579
423
-751
-12
-135
-6
-280
183
-140
284
-119
-86
-46
-137
273
-154
372
-175
-117
-170
0
-661
-86
560
-74
-164
-78
859
371
86
558
903
712
327
-745
-40
259
-1157
-703
-226
2
-270
-401
96
436
-233
-110
-60
-2
228
-779
-211
-437
-498
-292
-321
682
604
452
1236
983
40
619
286
185
-472
-548
-54
-702
-486
-384
235
488
382
-191
786
660
-467
-680
-160
75
-1097
-275
-288
-88
138
251
199
361
258
-58
631
-227
-189
-62
256
185
-229
-448
-467
-57
-730
-369
-94
-259
50
393
262
-191
60
38
275
93
96
432
215
0
-40
218
-308
23
281
464
440
176
193
216
257
-229
-415
-671
156
-392
-744
-1
-111
-77
-34
-9
-168
190
118
-277
64
158
-775
-490
-74
-474
-315
-346
-387
494
799
268
517
831
690
371
294
126
132
-178
-556
-487
-134
-451
-495
23
203
914
292
4
956
951
83
139
511
13
80
-466
-815
-348
-618
-572
-464
111
277
366
916
468
-34
-174
71
-81
-473
-882
159
-118
-1109
-549
-466
-217
-717
-132
619
652
348
556
1022
974
661
-113
549
-63
-642
-482
-222
87
-787
-441
70
74
-248
73
263
606
435
-390
507
256
-250
-618
151
196
-318
-514
-334
277
-633
-321
-534
233
-170
-619
-210
-4
-137
-886
-362
-79
298
-358
849
911
1006
852
289
753
264
-131
-433
282
-289
-132
-586
-128
-286
-447
81
-616
58
323
297
303
997
460
587
336
398
519
-53
317
-380
-307
-229
-524
-1175
-557
-272
-301
70
2
315
2
511
193
-110
325
174
-274
-562
-697
-598
-269
-710
-38
146
515
753
106
706
591
102
-215
33
-42
-237
-471
-67
204
-274
69
-366
-11
46
-196
316
241
232
699
772
478
331
-10
391
146
-325
-10
-17
29
-648
-926
-670
-912
-691
-457
-100
167
379
91
80
148
44
158
108
463
5
281
270
90
131
0
146
217
38
-356
69
-376
-104
-276
-232
-7
-404
-195
-142
253
-158
303
334
369
391
121
586
531
308
-185
116
7
-346
-647
-342
-30
-384
-264
-212
124
168
191
43
536
495
-48
-95
-266
-9
-541
-381
-193
-295
-91
129
347
168
207
289
62
-285
-359
-751
-63
-106
-643
-52
365
232
36
583
570
637
18
9
148
-30
-36
-475
167
112
14
0
201
352
452
382
261
462
-269
-174
-150
-445
-446
-180
-251
-435
-493
-693
-371
-433
-321
-419
-79
165
203
774
653
686
572
92
-34
-114
-1065
-732
186
-327
-601
-308
591
567
306
426
1182
1446
615
-58
-302
521
-649
-1527
-663
329
-36
-732
375
726
419
-217
-43
99
274
-325
-668
218
313
64
-642
56
301
5
-188
9
-417
-803
53
-507
-529
-18
441
83
73
15
-152
662
602
340
326
922
360
-231
-101
-51
-175
-467
-281
-286
-108
-346
-58
-164
-116
70
-342
139
49
108
275
409
176
-21
31
79
136
-445
-286
-66
-110
-361
-460
-104
367
391
109
187
566
983
332
-56
116
126
-350
-957
-820
-535
-540
-572
-127
219
444
479
539
813
765
67
-324
102
-376
-576
-304
-186
13
-21
107
221
403
170
242
83
74
-32
-294
59
-289
-197
-225
128
91
-257
156
198
281
313
93
116
358
-477
-283
-201
-428
230
-2
160
377
30
-201
85
-195
-281
47
88
190
-157
-132
-498
-655
-428
-542
-15
-16
59
649
615
393
493
691
694
361
-334
-200
-54
-269
-560
-541
77
-282
-472
-103
218
163
-94
-172
214
301
-354
72
177
92
129
-95
76
58
-6
-99
166
-44
-200
100
157
-28
-297
267
154
-403
-377
-6
334
-26
-111
447
756
180
-262
196
777
-78
-983
-424
-113
-524
-1010
-361
657
327
-306
114
628
296
-379
-62
894
392
-625
-192
643
169
-651
-403
636
629
-322
-414
338
532
-449
-835
-132
298
-541
-835
186
602
310
-78
292
651
403
-25
-46
330
115
-333
-506
-344
-448
-388
-337
-203
-48
-94
334
315
225
102
402
576
254
-48
132
530
-184
-458
-396
-70
-203
-653
-477
-124
339
11
-70
405
663
125
-79
385
381
142
-119
-16
-268
-399
-442
-518
-121
-356
-342
28
131
-22
31
419
402
72
-49
473
587
170
-357
122
530
-197
-479
-489
114
348
-268
-380
528
659
-214
-358
-157
-89
-200
-313
-303
420
431
-445
-112
96
-415
-308
-312
-195
496
359
110
501
487
23
48
-44
-185
320
200
-268
-50
86
-302
-2
177
-48
361
207
-171
-78
-261
-578
-274
-143
-242
-53
369
554
453
396
70
166
-145
-725
-657
-206
-409
-673
-262
32
225
21
314
724
941
672
352
504
218
-386
-776
-600
-484
-424
-542
-104
478
157
49
546
787
370
160
219
183
-20
-779
-1130
-471
-207
-776
-745
93
176
82
74
271
1018
847
197
162
573
400
-215
-398
-162
-52
-431
-693
-398
113
37
-16
258
532
615
175
228
490
214
-271
-332
-156
-310
-626
-597
-139
-132
-110
-194
130
662
241
21
191
346
-20
-197
116
164
-35
-229
-5
158
-22
-364
-160
177
-142
-684
-663
173
125
-520
-273
450
460
-161
-122
484
767
203
-104
295
564
-142
-701
-18
141
-517
-947
-228
223
-289
-342
184
639
317
-7
159
516
296
-141
15
432
386
-249
72
396
47
0
238
431
-28
-332
-164
-136
-396
-566
-367
-60
-214
-314
137
504
588
408
740
999
249
-339
-182
-305
-795
-1097
-525
152
-139
-173
254
638
484
-57
-102
263
6
-493
-340
256
242
-296
-255
-131
-37
-338
-514
-292
-57
-54
-96
256
432
463
312
445
433
175
214
163
92
-259
-630
-568
-359
-405
-540
-93
399
533
312
128
280
171
-354
-655
-291
-144
-317
-523
-331
-39
90
-117
-117
538
421
70
37
400
519
279
33
41
305
-87
-604
-637
-347
-475
-531
-341
-75
510
614
509
784
712
373
219
-67
-315
-408
-587
-733
-615
-519
-538
-128
260
296
818
1169
838
717
738
273
-68
-200
-305
-277
-387
-527
-484
3
-155
-413
48
360
185
-110
8
461
538
-32
144
584
274
-220
-90
230
208
-47
-410
110
615
-28
-407
454
512
-380
-521
-147
45
-455
-855
-570
140
-20
-735
-198
573
303
-377
-99
538
548
-127
-348
381
494
-84
-432
9
298
11
-408
-337
300
178
-553
-479
136
161
99
7
70
334
298
-36
-255
-78
-262
-662
-789
-672
-325
-65
-169
-64
446
559
533
563
567
635
402
7
-403
-276
-332
-910
-716
-193
51
266
341
323
637
697
343
58
136
30
-296
-458
-549
-279
-176
-412
-506
-4
351
407
195
61
453
271
-157
-3
394
105
-336
-347
-42
217
-29
-331
6
424
-58
-252
162
314
70
-211
-236
55
162
-212
-24
175
1
24
158
162
48
120
232
472
287
-210
-324
-265
-631
-890
-348
41
79
97
464
900
915
610
561
674
237
-302
-532
-350
-399
-803
-997
-576
-145
-354
-295
127
502
623
593
551
550
493
38
-241
-289
-370
-438
-538
-472
-271
2
35
195
482
422
342
243
127
176
255
60
-183
-202
-286
-464
-517
-675
-654
-328
-225
-358
-192
310
540
523
285
414
665
318
-191
-309
4
-120
-543
-736
-374
-79
-528
-564
202
729
533
362
515
779
655
-24
-241
224
148
-695
-866
-283
-77
-430
-511
-163
257
440
229
293
464
311
3
55
230
28
-348
-511
-374
-454
-524
-239
199
347
390
469
505
690
584
249
279
460
142
-284
-455
-565
-647
-560
-294
-80
76
-17
58
530
713
499
300
293
126
-230
-432
-293
-126
-228
-304
-123
146
144
20
-34
111
150
-85
-155
-122
-259
-465
-300
-44
43
17
96
301
339
262
189
232
182
-21
-248
-134
17
-166
-182
66
170
16
-75
-178
-218
-143
-108
-35
30
3
-39
-64
-204
-309
-200
-48
-9
-27
-54
20
74
-72
-80
194
356
280
47
-202
-184
13
96
105
208
286
208
-22
-207
-138
-14
-86
-189
-21
141
-6
-215
-169
161
390
327
173
207
162
-211
-428
-362
-154
-149
-288
-221
33
247
144
145
331
371
227
137
136
37
-133
-335
-273
-103
-115
-133
44
298
355
305
222
164
135
-79
-295
-252
-213
-309
-327
-192
87
353
402
340
382
381
141
7
1
-27
-68
-267
-442
-400
-372
-448
-312
-78
146
326
188
-32
-10
135
101
-18
48
151
94
-90
-211
-50
126
4
-37
153
180
-56
-275
-203
-14
-158
-370
-130
226
159
-148
-28
371
415
92
-39
333
485
55
-276
-72
10
-354
-596
-431
-85
-72
-226
-96
142
108
-41
77
232
158
-37
-128
-37
3
-15
85
235
228
68
64
-20
-203
-215
-94
98
94
22
118
250
151
-15
59
268
236
-110
-205
-3
57
-120
-197
-4
131
25
-146
-77
116
60
-236
-293
-94
-70
-216
-154
252
463
346
290
392
390
156
-190
-335
-239
-368
-592
-451
-108
29
31
130
275
323
269
187
225
187
16
-35
-36
-137
-273
-53
245
268
61
-47
30
-151
-489
-449
-54
95
-51
-151
61
278
129
-214
-258
-63
-100
-175
-82
28
18
41
121
189
241
203
160
143
122
92
26
-103
-263
-252
-184
-183
-183
-22
204
117
-26
36
232
129
-257
-331
-127
-52
-205
-253
-57
94
-25
-145
45
279
245
186
291
348
206
134
166
88
-113
-249
-125
-9
-126
-296
-150
52
-34
-69
98
259
247
95
77
187
162
-15
-117
-123
-246
-292
-250
-171
-93
-95
-37
141
292
278
337
299
73
-55
-23
3
-33
-172
-262
-119
-13
-28
31
197
137
-25
-63
9
109
45
-69
-24
151
56
-151
-216
-172
-87
-107
-95
35
180
72
-90
-35
73
121
38
-63
-54
-62
-175
-189
-44
25
-21
-52
-41
33
113
93
72
80
9
-55
4
25
-54
-86
-101
-99
-47
7
50
71
37
0
76
147
116
78
104
121
67
1
0
96
106
22
31
84
41
-58
-114
-129
-79
-40
-51
-47
-49
-87
-122
-95
-54
-27
-39
-67
-7
107
129
81
58
34
47
27
5
24
73
75
8
45
112
126
64
0
-2
20
-30
-134
-124
-67
-53
-81
-89
-79
-104
-163
-189
-113
-10
21
23
19
-12
-45
-57
-32
8
22
-15
-20
-6
1
6
-11
-57
-88
-62
-8
66
115
137
133
113
92
77
74
50
14
2
7
22
64
75
77
83
59
39
32
31
9
-5
-7
-21
-37
-53
-71
-79
-89
-102
-62
-35
-73
-110
-124
-109
-74
-52
-34
-1
45
94
143
176
165
138
131
110
80
54
37
40
39
26
35
76
101
94
76
37
-14
-40
-50
-63
-61
-68
-86
-92
-118
-111
-63
-41
-24
-3
33
52
21
-24
-68
-91
-120
-142
-100
-61
-47
-40
-44
-51
-42
-15
4
47
74
85
100
69
25
-7
-5
-6
-28
-63
-82
-56
-48
-38
-10
20
17
1
28
38
34
9
-34
-60
-109
-128
-123
-107
-124
-121
-68
8
87
101
122
139
139
116
112
118
99
65
23
21
13
3
-10
9
33
44
70
96
101
80
62
50
42
19
-19
-37
-35
-37
-30
-12
24
27
20
13
8
15
6
6
-12
-15
-31
-42
-34
-30
-18
-28
-40
-47
-56
-40
-14
1
5
0
2
15
30
22
12
6
16
23
28
36
26
1
-41
-42
-31
-29
-31
-48
-51
-57
-62
-66
-59
-60
-69
-58
-41
-24
-16
-6
19
39
42
45
35
19
0
-6
12
22
23
6
9
12
12
2
-1
18
29
36
25
21
0
-16
-25
-29
-37
-42
-36
-26
-11
-15
-17
-22
-10
5
11
20
20
27
22
13
12
12
5
-6
-8
-2
14
40
60
71
71
56
34
16
1
-10
-22
-29
-28
-26
-24
-25
-18
-6
1
-5
-3
8
33
50
54
44
29
14
-11
-24
-45
-49
-48
-31
-13
-6
1
-9
-18
-20
-14
-9
9
29
41
39
27
7
3
7
6
1
-6
-1
3
11
18
23
27
25
21
0
-18
-27
-25
-24
-31
-37
-43
-41
-51
-56
-55
-37
-6
14
38
45
49
30
30
38
36
21
-1
-11
-23
-27
-37
-34
-23
-3
18
33
43
48
41
28
13
3
2
-3
-6
-15
-12
-20
-24
-21
-18
-7
-11
-20
-28
-26
-22
-21
-22
-25
-29
-37
-37
-17
10
30
41
57
63
51
28
0
-16
-24
-24
-15
2
24
36
32
26
19
16
22
28
25
14
0
-15
-29
-44
-63
-75
-69
-56
-35
-8
21
40
46
33
22
7
1
-11
-21
-25
-34
-26
-16
4
14
26
38
56
76
80
74
62
55
42
34
23
14
2
-12
-19
-24
-17
-14
-8
-7
-7
-19
-29
-31
-33
-43
-52
-47
-37
-29
-23
-20
-18
-21
-24
-22
-21
-23
-26
-26
-28
-27
-20
-7
13
24
29
29
35
46
52
50
39
33
35
27
20
8
-4
-14
-16
-13
-15
-15
-15
-9
-7
-8
-7
-4
-3
-5
-16
-25
-27
-22
-10
-13
-18
-26
-31
-31
-24
-18
-14
-9
0
12
21
22
20
14
8
4
-2
1
6
13
18
21
15
19
34
39
43
41
42
40
31
16
2
-7
-12
-11
-11
-12
-17
-17
-16
-13
-4
6
11
15
18
19
11
-1
-10
-9
-12
-18
-15
-7
6
14
17
18
17
18
17
20
22
25
20
8
1
-4
0
-3
-1
5
10
14
13
11
-2
-20
-32
-45
-52
-57
-54
-45
-34
-21
-8
1
0
-8
-13
-11
-12
-13
-11
-11
-10
-13
-11
1
11
12
8
4
2
2
0
1
7
9
12
16
24
28
25
26
24
27
15
3
-10
-24
-34
-49
-56
-64
-61
-59
-46
-28
-14
-6
0
7
0
1
4
9
14
13
14
15
18
20
26
32
38
43
41
42
41
40
32
26
26
24
23
24
27
33
35
30
22
15
10
0
-7
-17
-28
-42
-51
-59
-60
-56
-48
-35
-26
-19
-14
-8
-1
2
5
6
3
-2
-8
-13
-16
-15
-8
3
14
22
27
32
33
32
33
34
31
27
22
23
24
23
25
23
17
10
1
-5
-9
-10
-13
-20
-29
-32
-37
-44
-51
-56
-58
-57
-50
-40
-29
-22
-13
-9
-6
-3
-1
3
7
11
10
10
6
2
3
4
6
9
12
14
16
19
27
33
38
39
39
34
30
25
21
20
20
17
6
-6
-22
-33
-40
-42
-41
-39
-38
-40
-40
-37
-29
-21
-12
-7
-2
7
16
21
22
22
19
12
5
2
-3
-10
-12
-12
-8
-1
11
32
56
76
89
94
90
77
55
28
4
-15
-28
-39
-46
-45
-39
-29
-20
-12
-8
-7
-9
-13
-18
-24
-29
-32
-37
-40
-40
-36
-28
-22
-18
-11
-5
6
18
32
45
51
48
37
20
2
-14
-19
-19
-15
-11
-6
0
12
25
40
54
65
67
56
33
2
-27
-54
-74
-84
-81
-67
-48
-25
-5
12
21
24
26
20
12
1
-12
-23
-35
-46
-48
-43
-34
-22
-11
-2
8
18
27
37
43
48
50
44
32
18
6
-2
-8
-9
-12
-16
-15
-7
9
28
46
56
52
42
28
14
2
-10
-20
-35
-50
-58
-56
-45
-32
-15
-2
9
18
23
26
23
21
16
11
6
-2
-8
-13
-17
-23
-24
-19
-13
-3
6
7
2
-2
-4
-4
-3
3
10
17
19
16
11
9
9
11
11
5
-2
-6
-8
-9
-9
-8
-9
-10
-13
-14
-10
-5
2
7
13
13
9
4
2
1
-2
-1
2
6
5
-2
-11
-16
-18
-19
-14
-8
-5
-4
-5
-8
-14
-16
-13
-9
-4
2
9
13
14
15
20
22
21
17
11
1
-6
-10
-7
0
5
8
11
14
19
25
30
33
32
27
20
10
0
-14
-26
-33
-33
-27
-14
-2
3
0
-5
-9
-11
-12
-14
-17
-22
-23
-22
-19
-16
-12
-10
-7
-1
4
10
17
19
21
18
13
7
-1
-8
-12
-9
-2
5
11
12
15
14
12
12
15
20
22
19
18
11
1
-8
-15
-20
-24
-23
-17
-12
-10
-12
-15
-15
-15
-10
-5
-1
1
-1
-6
-12
-15
-17
-15
-12
-6
-5
-4
3
12
19
23
26
30
34
35
32
25
16
10
9
7
9
6
3
1
0
1
2
7
13
17
13
6
-3
-9
-16
-20
-21
-21
-21
-20
-21
-26
-35
-42
-43
-40
-34
-27
-18
-14
-11
-3
2
7
12
19
25
26
26
25
21
17
15
16
16
16
16
13
8
10
15
22
25
28
