SAMPLES:	11935
BITSPERSAMPLE:	16
CHANNELS:	1
SAMPLERATE:	16000
NORMALIZED:	FALSE
0
0
0
0
0
0
1
0
0
0
0
1
0
-1
0
1
0
0
0
0
0
0
0
-1
-1
0
0
0
1
0
-1
0
0
-1
0
0
0
-1
0
0
1
0
0
0
0
0
0
1
0
0
0
0
1
0
0
0
1
1
0
0
0
0
0
0
1
0
1
0
0
0
1
0
0
0
-1
1
1
0
-1
0
0
0
0
0
0
0
0
0
0
0
1
0
1
0
0
0
0
0
-1
0
1
0
0
-1
0
-1
0
0
-1
0
0
0
0
0
0
0
0
0
0
0
0
0
0
0
0
0
0
0
0
0
0
0
0
0
0
0
0
0
0
0
0
0
-1
0
0
0
0
0
0
0
-1
0
0
0
0
0
0
0
0
0
0
0
0
0
0
0
0
0
0
0
0
0
0
1
-1
0
0
0
0
0
0
0
1
0
0
0
0
0
-1
0
0
0
0
0
0
0
0
0
0
-1
-1
-1
-1
0
-1
0
0
0
0
0
0
-1
-1
0
-1
0
0
0
-1
0
0
0
0
0
0
0
1
0
0
0
0
0
0
0
0
0
0
1
1
0
0
0
0
0
0
0
0
0
0
0
1
0
0
0
0
0
1
1
0
0
0
0
0
-1
0
0
0
0
0
0
1
0
0
1
0
0
0
1
0
1
0
1
0
2
-2
3
-7
58
87
59
48
23
12
-2
-8
-15
-15
-15
-12
-19
-36
-54
-67
-75
-72
-58
-39
-23
-12
-11
-17
-28
-37
-46
-49
-43
-32
-18
-7
2
5
4
5
10
20
28
36
43
45
38
26
14
6
-5
-22
-40
-55
-66
-70
-63
-47
-26
-2
23
47
66
75
75
71
66
59
52
44
36
24
13
3
-3
-4
3
5
0
-2
-2
-6
-13
-17
-21
-30
-38
-44
-49
-59
-72
-86
-93
-93
-85
-69
-41
-10
20
40
51
54
56
58
60
61
54
40
26
21
22
28
40
54
71
84
88
84
74
60
40
20
5
-10
-25
-38
-53
-68
-77
-80
-76
-67
-58
-49
-48
-46
-43
-37
-27
-19
-16
-20
-36
-56
-64
-65
-56
-42
-21
0
13
20
22
24
23
23
32
47
57
62
63
61
62
65
65
59
47
31
16
5
0
-5
-10
-13
-9
-4
-3
-6
-11
-12
-16
-25
-38
-49
-53
-47
-37
-25
-18
-21
-26
-24
-12
5
16
20
16
9
-2
-11
-20
-23
-21
-12
3
15
21
17
9
7
13
22
35
49
61
64
59
51
39
26
12
3
-3
-12
-24
-31
-25
-10
15
38
50
56
53
43
28
10
-15
-39
-55
-61
-66
-71
-77
-80
-74
-63
-52
-44
-40
-35
-24
-10
0
3
0
-6
-8
-5
-3
-1
5
17
33
48
59
66
72
76
81
88
90
81
70
58
51
44
32
18
2
-15
-32
-44
-49
-56
-66
-71
-72
-73
-76
-80
-78
-68
-59
-54
-54
-57
-61
-60
-54
-48
-42
-37
-30
-19
-2
10
18
25
35
51
67
78
86
93
94
88
79
68
58
52
52
56
59
52
34
21
16
11
7
4
-3
-14
-28
-40
-51
-61
-71
-71
-55
-37
-20
-12
-15
-20
-31
-46
-59
-66
-70
-69
-62
-49
-38
-27
-14
3
23
45
62
77
84
81
69
54
38
29
24
24
32
41
51
57
57
51
41
30
24
27
35
45
49
42
30
9
-17
-42
-65
-84
-97
-103
-100
-90
-77
-61
-39
-17
-4
3
4
-5
-24
-48
-74
-94
-106
-108
-92
-67
-40
-18
7
31
51
71
88
99
105
103
96
84
72
57
44
31
20
11
7
6
10
12
7
0
-4
-3
2
2
-5
-18
-42
-69
-93
-103
-99
-86
-65
-44
-26
-14
-5
-1
6
14
19
24
30
32
30
27
27
37
46
55
66
77
90
99
104
103
86
64
46
35
26
8
-17
-39
-51
-55
-54
-48
-42
-40
-37
-31
-29
-31
-37
-45
-48
-50
-59
-67
-66
-61
-49
-34
-14
11
35
51
59
54
34
2
-27
-47
-58
-57
-49
-34
-16
-4
-2
-4
-1
6
15
20
23
30
34
29
23
18
11
7
8
18
33
46
57
65
72
73
62
49
39
28
17
5
-11
-33
-53
-71
-77
-70
-55
-33
-10
1
1
-9
-23
-37
-51
-67
-80
-86
-76
-56
-30
-3
18
27
32
41
52
50
39
22
11
5
4
7
11
11
9
9
10
18
33
51
71
88
96
92
73
45
15
-18
-51
-78
-93
-99
-95
-80
-67
-55
-45
-35
-17
8
32
55
71
78
78
71
55
31
-1
-35
-63
-90
-112
-123
-122
-109
-82
-43
2
46
77
93
93
79
62
45
28
14
5
1
8
32
71
110
134
148
153
151
133
102
67
32
0
-19
-24
-27
-42
-71
-107
-134
-152
-168
-185
-194
-186
-158
-119
-80
-33
19
62
86
89
71
36
-11
-58
-97
-117
-125
-118
-95
-55
-3
60
115
158
183
186
165
128
87
47
9
-31
-60
-71
-70
-58
-39
-15
11
39
67
88
97
92
71
40
-3
-52
-103
-146
-176
-185
-179
-160
-120
-60
4
61
103
129
137
129
102
63
25
-14
-45
-59
-63
-53
-30
4
46
91
131
152
157
152
139
116
78
37
-2
-30
-53
-78
-108
-136
-153
-160
-156
-144
-129
-105
-76
-43
-11
14
22
14
7
12
27
42
60
76
94
114
124
126
121
112
95
72
41
11
-15
-30
-35
-25
-14
-8
1
12
19
9
-12
-37
-60
-82
-101
-108
-102
-84
-50
-11
26
53
67
69
63
49
18
-25
-71
-106
-126
-133
-125
-102
-67
-22
25
66
96
120
140
159
172
180
179
167
138
99
46
-19
-90
-159
-211
-241
-252
-243
-215
-173
-122
-73
-31
1
21
24
8
-17
-50
-79
-103
-112
-105
-79
-37
17
78
141
204
249
265
255
224
174
123
82
53
29
4
-16
-28
-26
-12
3
15
22
26
26
19
6
-14
-41
-69
-94
-111
-126
-139
-138
-117
-82
-37
10
56
99
132
146
136
99
46
-9
-55
-84
-105
-118
-119
-101
-72
-37
0
30
49
64
69
68
65
59
51
41
26
5
-23
-59
-99
-127
-134
-117
-82
-39
4
48
86
125
154
170
167
141
100
50
7
-34
-72
-102
-115
-107
-77
-30
22
66
92
96
84
56
13
-38
-89
-124
-139
-132
-114
-88
-51
-10
34
74
103
119
120
111
99
85
62
27
-16
-57
-85
-99
-105
-105
-105
-103
-93
-74
-48
-23
-1
17
31
42
45
39
24
1
-29
-57
-72
-69
-52
-24
8
36
55
64
65
57
39
16
-2
-21
-39
-51
-52
-43
-19
6
27
44
51
49
44
38
27
16
4
1
5
15
28
39
47
52
58
63
64
55
37
14
-4
-10
-6
9
26
42
59
68
70
67
53
30
-2
-31
-52
-61
-62
-62
-64
-66
-61
-56
-55
-58
-63
-65
-60
-53
-45
-42
-46
-57
-70
-78
-83
-82
-74
-58
-40
-19
10
40
70
104
131
152
162
158
142
117
91
61
37
22
9
1
-6
-8
-4
-1
2
-3
-12
-27
-40
-50
-58
-55
-51
-42
-34
-31
-32
-28
-26
-29
-36
-48
-66
-81
-88
-81
-62
-35
-2
28
49
59
49
20
-19
-61
-100
-127
-135
-124
-89
-37
33
113
190
263
322
356
353
310
233
129
16
-90
-179
-245
-285
-297
-279
-241
-183
-118
-51
12
64
98
111
108
88
57
16
-37
-93
-141
-170
-170
-148
-109
-60
-3
55
106
150
181
193
182
156
122
87
52
21
-3
-16
-17
-4
19
46
76
98
117
126
125
109
79
42
5
-28
-52
-66
-74
-78
-76
-71
-66
-66
-72
-76
-75
-69
-56
-43
-37
-41
-51
-61
-71
-80
-92
-106
-118
-121
-108
-78
-36
17
72
121
161
187
191
174
139
92
44
5
-18
-27
-33
-39
-42
-46
-51
-60
-71
-81
-88
-88
-80
-66
-46
-19
13
49
81
102
104
93
80
71
67
64
51
30
10
-2
-4
1
1
-8
-21
-29
-29
-16
7
28
43
49
46
29
1
-32
-69
-100
-116
-120
-117
-107
-94
-82
-75
-70
-61
-44
-22
6
38
66
86
93
89
78
66
49
32
19
6
-8
-21
-29
-24
-3
32
69
103
128
140
147
145
123
79
23
-29
-63
-70
-59
-42
-35
-32
-31
-29
-25
-33
-54
-83
-112
-129
-136
-136
-131
-116
-88
-50
-9
27
51
67
80
91
99
104
102
98
98
99
97
84
57
25
-1
-19
-27
-30
-31
-29
-23
-15
-4
7
14
17
15
9
-6
-25
-51
-76
-97
-113
-122
-121
-103
-69
-32
-3
12
9
-2
-9
-9
-4
2
7
8
16
31
46
59
70
77
81
82
79
65
44
24
9
-3
-15
-30
-41
-44
-36
-23
-10
-5
-7
-4
0
6
6
1
-13
-36
-61
-79
-90
-100
-104
-94
-72
-44
-17
6
25
40
56
71
87
100
104
98
89
78
60
38
15
-2
-11
-5
9
26
43
56
62
68
75
83
93
96
89
74
49
20
-10
-38
-63
-81
-95
-100
-94
-77
-58
-44
-31
-27
-35
-54
-82
-113
-144
-169
-186
-188
-182
-170
-146
-111
-70
-34
-4
19
38
60
87
113
136
149
149
139
128
118
112
111
114
121
134
148
155
152
136
106
68
29
-4
-26
-47
-67
-90
-113
-132
-145
-146
-140
-129
-121
-119
-117
-110
-102
-93
-82
-67
-51
-31
-9
19
49
77
104
124
129
119
99
77
54
34
19
7
1
6
21
46
64
69
52
24
-6
-30
-42
-44
-38
-32
-22
-14
-10
-13
-21
-34
-43
-45
-41
-28
-11
5
16
23
20
9
-5
-15
-16
-13
-12
-9
-4
2
7
15
25
33
35
30
20
8
-1
-5
-4
1
2
-3
-10
-22
-36
-52
-68
-80
-87
-89
-83
-72
-60
-46
-35
-20
0
28
53
75
94
106
112
108
98
86
76
73
73
78
87
90
87
77
67
56
46
36
28
25
19
6
-18
-49
-85
-121
-148
-163
-161
-151
-138
-125
-112
-98
-82
-62
-40
-16
4
11
8
-4
-20
-32
-37
-36
-24
-6
10
21
30
46
65
80
90
90
85
79
72
71
70
65
52
35
20
12
12
11
9
-2
-15
-22
-19
-10
7
30
45
48
37
16
-11
-45
-73
-95
-104
-108
-111
-110
-101
-85
-66
-50
-34
-17
4
28
46
56
56
52
50
52
59
66
66
62
54
47
40
34
30
34
46
60
72
83
91
88
66
31
-12
-51
-82
-102
-111
-113
-108
-103
-99
-85
-67
-54
-47
-44
-49
-65
-81
-86
-75
-55
-32
-11
7
23
32
40
52
65
76
85
89
90
91
93
92
81
58
34
9
-14
-23
-25
-24
-25
-28
-34
-38
-39
-30
-8
25
54
69
65
44
14
-15
-40
-60
-78
-91
-89
-76
-51
-17
22
56
81
98
102
98
87
72
49
21
-14
-46
-70
-77
-67
-43
-13
15
36
50
58
57
55
53
42
18
-9
-35
-60
-78
-86
-83
-74
-53
-27
2
27
41
47
37
15
-10
-37
-68
-97
-119
-132
-139
-135
-126
-105
-77
-43
-4
42
85
113
127
126
118
101
81
55
27
0
-22
-32
-34
-33
-31
-27
-20
-2
21
40
44
39
25
9
-7
-20
-22
-22
-21
-20
-14
-1
16
34
49
59
71
86
100
106
98
78
49
21
5
3
11
22
32
40
41
40
33
28
20
5
-11
-31
-51
-67
-76
-80
-81
-85
-90
-94
-95
-87
-68
-46
-33
-32
-42
-56
-62
-55
-43
-43
-54
-77
-96
-104
-97
-79
-52
-24
1
28
61
96
124
139
143
136
124
111
95
74
37
0
-30
-44
-38
-20
2
18
33
47
61
79
93
100
94
75
51
26
3
-24
-49
-75
-101
-117
-114
-94
-68
-44
-26
-15
-5
7
22
29
27
21
14
6
2
-1
-10
-22
-31
-33
-20
1
26
42
42
23
-8
-40
-59
-70
-78
-86
-89
-87
-74
-52
-26
2
24
39
49
58
66
69
70
69
67
59
50
47
55
72
90
101
107
110
113
110
100
90
70
41
9
-18
-43
-57
-64
-69
-78
-82
-84
-84
-83
-87
-96
-112
-127
-131
-124
-112
-105
-103
-103
-95
-78
-55
-32
-15
-3
0
-2
-3
-3
1
2
1
3
8
16
26
38
45
50
62
77
96
117
138
155
164
168
163
146
118
88
58
32
10
-12
-35
-54
-71
-86
-99
-106
-102
-93
-79
-63
-49
-35
-24
-18
-14
-13
-16
-24
-36
-46
-53
-53
-44
-30
-14
2
20
37
55
72
80
83
80
74
63
43
14
-19
-48
-64
-74
-76
-68
-54
-36
-17
3
22
39
48
57
64
62
53
38
23
11
4
-3
-5
-5
0
10
21
26
24
13
-9
-31
-48
-56
-54
-48
-34
-16
6
35
62
79
82
76
60
39
17
-7
-34
-60
-88
-106
-111
-107
-93
-77
-57
-36
-15
5
19
29
30
29
27
29
31
29
23
18
15
17
23
25
20
8
-2
-10
-16
-25
-38
-54
-65
-69
-65
-58
-50
-41
-31
-14
13
44
71
86
93
92
86
73
56
38
22
11
4
-2
-12
-18
-17
-11
-2
5
8
6
0
-1
0
-5
-18
-38
-61
-75
-75
-62
-45
-27
-7
12
30
52
78
95
100
89
64
32
1
-29
-55
-73
-83
-82
-71
-49
-20
2
12
7
-2
-10
-8
1
11
19
28
36
50
66
79
90
91
79
64
52
40
33
25
17
4
-12
-26
-41
-52
-64
-74
-82
-88
-88
-85
-80
-74
-67
-57
-46
-33
-20
-6
5
9
9
9
13
19
30
40
46
50
48
40
33
26
17
5
-6
-13
-16
-19
-20
-22
-26
-24
-15
-2
18
42
60
70
73
68
51
26
-7
-40
-75
-100
-117
-119
-104
-73
-34
10
50
85
111
123
114
90
60
24
-14
-49
-68
-74
-70
-56
-37
-17
2
19
29
38
50
65
78
87
91
84
64
36
5
-23
-48
-72
-95
-109
-115
-105
-86
-57
-21
14
43
61
70
62
39
5
-35
-66
-78
-70
-46
-15
14
34
47
49
46
40
30
15
-6
-26
-48
-69
-86
-95
-90
-74
-44
-6
40
86
124
151
160
153
133
105
77
50
24
-5
-42
-80
-111
-124
-122
-108
-83
-51
-21
6
25
36
33
13
-9
-26
-28
-23
-19
-21
-28
-40
-47
-49
-39
-20
1
24
49
74
89
89
75
51
29
10
-5
-17
-28
-42
-53
-54
-38
-10
23
59
89
110
119
114
93
67
41
11
-22
-52
-79
-100
-114
-120
-114
-100
-78
-47
-10
29
61
76
74
56
36
16
-4
-23
-41
-60
-78
-86
-80
-57
-23
15
50
80
106
121
116
98
70
39
8
-20
-43
-65
-87
-103
-109
-104
-90
-70
-44
-9
28
59
78
86
86
76
57
33
6
-22
-44
-61
-69
-72
-67
-58
-40
-18
8
35
52
57
55
48
37
24
12
0
-12
-15
-4
9
20
23
21
22
24
31
40
47
51
53
53
51
43
32
22
18
17
18
12
-9
-42
-75
-101
-114
-123
-129
-133
-134
-129
-114
-92
-70
-47
-25
-5
9
18
25
28
28
32
41
51
65
76
81
81
75
64
58
55
57
64
72
74
64
48
38
37
44
54
59
56
42
19
-3
-25
-41
-53
-59
-58
-55
-53
-53
-56
-58
-61
-60
-56
-52
-51
-48
-45
-43
-41
-39
-39
-37
-35
-32
-33
-35
-33
-27
-19
-12
-7
0
3
2
11
31
56
85
111
123
118
100
83
71
67
70
73
75
71
65
52
41
30
19
6
-8
-20
-32
-46
-63
-81
-103
-123
-136
-139
-127
-111
-106
-107
-114
-122
-120
-105
-78
-50
-28
-12
7
27
52
77
93
102
102
96
96
102
110
120
123
114
103
92
82
72
59
45
26
4
-15
-29
-43
-55
-68
-82
-93
-97
-91
-76
-59
-45
-39
-39
-35
-28
-17
-5
7
15
18
19
16
14
14
22
33
43
48
42
35
29
27
27
27
19
0
-20
-35
-42
-44
-42
-42
-43
-41
-28
-10
9
23
26
22
21
24
30
35
37
33
23
9
-2
-5
2
13
25
36
42
41
32
24
16
5
-11
-25
-40
-51
-55
-57
-60
-63
-58
-45
-22
3
26
34
31
20
4
-14
-32
-46
-60
-70
-72
-70
-65
-58
-50
-36
-16
5
24
40
49
53
56
62
68
68
60
50
38
28
24
21
18
13
15
23
36
51
60
58
47
29
6
-21
-48
-73
-90
-95
-91
-77
-60
-42
-22
0
24
45
59
64
58
42
20
-5
-34
-52
-59
-52
-36
-18
-3
4
7
13
19
28
35
39
33
21
10
-5
-18
-27
-35
-36
-32
-17
0
14
30
44
60
75
84
83
79
70
53
28
-4
-36
-61
-75
-75
-69
-62
-52
-40
-27
-14
-3
3
2
-7
-15
-25
-31
-34
-36
-32
-28
-21
-13
-1
9
14
15
15
13
11
10
10
11
8
5
-6
-21
-28
-28
-23
-14
-4
7
21
39
49
49
40
26
17
13
11
4
-8
-19
-26
-27
-16
-8
-5
-2
-1
-1
1
6
7
3
-1
-3
-2
2
11
18
20
18
21
31
50
69
82
83
79
69
58
45
27
2
-26
-49
-63
-70
-69
-69
-73
-72
-62
-45
-24
-1
12
10
1
-6
-11
-18
-27
-37
-43
-39
-27
-7
15
27
27
24
24
26
23
15
-1
-26
-47
-58
-57
-47
-30
-16
-3
13
29
42
51
51
49
48
47
43
37
27
7
-21
-43
-57
-65
-70
-65
-51
-30
-10
9
28
41
48
49
46
32
3
-34
-66
-79
-82
-79
-65
-43
-15
19
54
75
67
47
31
24
24
18
-2
-29
-56
-76
-72
-48
-23
1
35
74
111
146
167
160
127
94
69
51
47
49
38
35
54
89
132
163
180
174
146
108
59
7
-36
-52
-52
-61
-80
-77
-44
-40
-82
-99
-63
-65
-139
-183
-145
-135
-193
-243
-251
-292
-374
-394
-356
-360
-452
-515
-455
-352
-288
-207
-57
69
102
145
259
322
270
195
179
142
82
88
190
295
313
352
488
609
624
608
615
571
440
344
329
280
139
16
0
19
-10
-69
-81
-66
-82
-102
-122
-211
-351
-499
-572
-570
-569
-592
-615
-614
-620
-629
-579
-465
-385
-302
-132
102
307
465
593
670
691
629
567
509
439
378
306
279
294
329
440
563
661
737
761
708
523
234
-101
-307
-292
-325
-592
-901
-983
-901
-938
-985
-941
-998
-1190
-1248
-943
-688
-735
-766
-544
-356
-455
-462
-185
-25
-143
-227
-63
172
274
542
937
1158
1176
1281
1623
1831
1732
1556
1489
1341
1059
922
1014
1005
777
491
339
153
-255
-588
-722
-797
-1024
-1284
-1364
-1420
-1619
-1742
-1610
-1421
-1400
-1332
-1005
-673
-532
-456
-265
-95
-51
54
225
306
336
383
494
528
460
528
852
1282
1573
1639
1549
1399
1241
1223
1224
1104
840
621
488
443
519
561
432
127
-108
-164
-195
-291
-180
-49
-381
-1279
-1914
-1546
-976
-1299
-2202
-2519
-2173
-2160
-2322
-1973
-1665
-2036
-2493
-1778
-648
-420
-670
-368
368
519
343
816
1482
1457
1187
1549
2170
1896
1517
1934
2580
2551
2190
2427
2746
2542
2100
1953
1959
1458
602
227
165
-149
-792
-1076
-1051
-1439
-1994
-2114
-1629
-1270
-1544
-1919
-1865
-1675
-1803
-1941
-1668
-1608
-1859
-1836
-1181
-566
-546
-626
-447
-109
-44
-144
32
498
780
971
1225
1469
1400
1460
1903
2182
2069
1642
1439
1366
1174
713
270
112
-22
-271
-242
-32
38
1
115
421
474
509
592
784
908
591
91
-138
-103
-74
-279
-486
-583
-626
-651
-1016
-1304
-1260
-1063
-865
-847
-992
-1589
-2077
-1883
-1752
-1899
-2297
-2448
-2299
-2082
-1600
-1203
-1066
-1017
-678
255
1336
1885
2277
2629
3012
3014
2988
3200
3070
2897
2678
2539
2254
1904
1770
1764
1747
1590
1191
979
811
523
171
-325
-832
-1680
-2302
-2494
-2615
-2923
-3330
-3604
-3742
-3958
-3946
-3554
-2930
-2343
-2142
-1889
-1547
-1031
-451
283
933
1136
1246
1562
1991
2342
2551
2536
2412
2288
2338
2330
2324
2335
2162
1985
1916
1778
1451
1248
1325
1241
854
467
130
-91
-295
-598
-963
-1097
-974
-894
-895
-1015
-1299
-1395
-1020
-460
-399
-1209
-2481
-2969
-1832
-489
-753
-2001
-2696
-2864
-2819
-2064
-675
-359
-1526
-2354
-1553
-296
-171
-443
124
1023
996
809
1527
2344
2320
2558
3667
4245
3466
2672
3038
3494
3313
2827
2437
1688
508
-87
530
1253
759
-546
-1451
-1841
-2205
-2233
-1796
-1536
-2135
-2983
-3253
-2914
-2363
-1887
-1760
-2122
-2794
-3212
-3061
-2229
-971
-283
-314
-689
-568
331
1603
2529
2692
2525
2153
1727
1740
2166
2267
1774
1402
1462
1348
1170
1282
1482
1505
1387
1198
839
464
352
413
581
419
-392
-1126
-1272
-993
-693
-257
-3
-360
-700
-544
-114
341
742
734
47
-631
-818
-830
-840
-1027
-1613
-2682
-3610
-3342
-1874
-712
-1446
-3198
-3836
-3210
-2508
-1954
-807
-266
-1217
-2034
-1056
590
1027
1282
2572
3987
3959
3242
3210
3938
4334
4462
4822
4706
3399
1891
2146
3066
2956
1806
879
50
-1077
-1525
-906
-398
-1067
-2432
-3405
-3570
-3558
-3562
-3608
-3550
-4104
-4855
-4449
-3392
-3082
-3116
-2151
-746
-52
199
553
1070
1675
2111
2464
2653
2468
1697
1619
2523
2964
2334
1775
1704
1480
1584
2100
2265
1685
1204
797
442
194
-34
-496
-606
-317
-562
-818
-661
-408
-477
2
727
816
399
-40
-280
-100
332
39
-760
-1168
-1039
-1051
-1160
-1232
-1699
-2051
-1815
-1149
-770
-1325
-2615
-3465
-2233
-543
-511
-1887
-2732
-2615
-2576
-1991
-749
297
-38
-789
-257
1347
2263
2167
2751
4443
5211
4385
3846
3837
3267
2214
2516
3518
3024
1274
143
307
539
201
19
-51
-871
-2346
-2991
-2146
-1735
-2408
-3063
-2983
-2804
-3058
-2865
-2010
-1398
-1315
-1297
-907
-573
-581
-437
7
640
1009
1503
1931
1890
1408
1033
1231
1609
1824
1574
1215
819
669
859
1347
1595
1308
892
653
522
327
223
-19
-45
124
350
466
581
690
343
4
72
200
78
-128
-419
-828
-1164
-1116
-937
-987
-1466
-2372
-2589
-1928
-1653
-1907
-1949
-1739
-2099
-2367
-2003
-1816
-1967
-2378
-2549
-1941
-607
10
-612
-1219
-723
-51
599
1646
2384
2790
2832
3113
3466
3859
3722
2990
3169
4228
4256
3039
2090
1502
799
574
1461
1578
432
-1012
-1851
-1861
-1688
-1754
-2165
-2464
-2815
-3388
-3246
-2252
-2010
-2387
-2329
-1643
-1412
-1311
-523
-52
-216
-295
263
797
840
580
510
922
1542
1731
1566
1305
955
702
1052
1883
2061
1509
1200
1388
1539
1565
1525
1182
549
284
447
673
712
553
310
233
458
547
356
138
-162
-622
-813
-780
-881
-1126
-1182
-1337
-1713
-2008
-2331
-2675
-2715
-2335
-1797
-1427
-1488
-1993
-2330
-1972
-1288
-455
222
296
-166
-734
-1278
-1580
-1371
-751
-146
517
912
315
-683
-1087
-476
397
1480
2521
2860
2462
1718
1023
888
1590
2436
3113
3739
3814
2644
1514
1251
1216
938
947
1064
246
-1049
-2011
-2438
-2402
-1907
-1299
-869
-721
-1003
-1555
-1511
-979
-810
-945
-794
-754
-1435
-1941
-1580
-887
-409
-44
257
251
-31
-93
248
1100
1981
2373
2251
2109
1976
1562
1544
2152
2517
2085
1670
1394
846
188
52
275
555
756
685
482
223
94
-82
-39
71
-153
-572
-732
-737
-928
-1050
-952
-1129
-1696
-2041
-2100
-2178
-2122
-1574
-1070
-1185
-1622
-1914
-1998
-1723
-1567
-1615
-1605
-1166
-836
-1157
-1306
-1539
-1720
-1589
-710
534
1349
1271
199
-611
-201
548
777
1354
2417
2953
2310
1850
1868
1686
1421
1709
2961
3730
3068
1461
272
-101
-497
-599
229
626
-358
-1661
-1748
-1338
-1631
-1740
-1366
-898
-949
-1036
-626
-398
-747
-1395
-1279
-336
90
-252
-381
-12
127
29
571
1145
1007
817
1139
1706
1884
1830
1748
1677
1817
1939
1930
1775
1374
781
479
745
937
710
612
686
545
417
637
819
547
242
-53
-303
-369
-593
-1170
-1672
-1693
-1552
-1345
-1088
-1283
-2075
-2963
-3189
-2586
-2016
-1826
-1682
-1120
-571
-659
-1263
-2086
-2228
-1648
-874
-218
74
-179
-902
-1232
-932
-642
-293
416
1154
1324
1068
877
498
148
317
1066
2217
3171
3412
2943
2358
1782
979
974
1971
2514
1915
960
317
-557
-1505
-1814
-1529
-1040
-818
-825
-990
-1442
-2030
-2457
-1993
-1071
-721
-821
-795
-611
-844
-1090
-770
-189
306
744
1178
1331
1022
697
603
776
894
891
1017
1111
1052
730
557
665
1075
1564
1971
2110
1878
1463
1023
774
608
522
382
376
322
234
182
235
354
418
539
543
509
450
370
117
-256
-809
-1464
-1984
-2112
-2113
-2271
-2403
-2569
-2885
-3169
-2798
-1911
-1003
-361
70
159
-98
-438
-642
-714
-456
44
143
-159
-661
-1291
-2124
-2463
-2129
-1512
-761
32
439
527
848
1103
1261
1866
3123
3925
3989
3721
3133
2165
1306
1073
988
887
842
845
794
647
137
-678
-1181
-1175
-1222
-1339
-1194
-1193
-1612
-1936
-1742
-1587
-1535
-1241
-746
-412
-425
-634
-956
-1107
-960
-625
-195
289
560
466
373
491
593
778
1353
1954
2080
1932
1906
1899
1831
1777
1582
1187
802
613
473
297
106
-33
42
389
731
789
733
683
618
600
733
699
394
142
-69
-436
-998
-1518
-1919
-2118
-2120
-2126
-2203
-2239
-2111
-1819
-1437
-919
-374
-115
4
254
609
756
360
-751
-2133
-2889
-2826
-2204
-1105
-61
47
-678
-1161
-1043
-907
-858
-442
437
1307
1521
1096
615
441
552
1201
2675
4097
4318
3564
2917
2430
1569
743
531
709
758
671
505
-64
-1282
-2686
-3254
-2716
-1892
-1370
-1089
-1065
-1598
-2216
-2047
-1327
-860
-796
-502
176
660
487
-65
-283
-131
247
1045
1975
2255
1784
1391
1424
1483
1379
1334
1527
1843
2128
2140
1826
1193
455
70
244
501
194
-462
-985
-1195
-1230
-1020
-667
-478
-494
-448
-253
-217
-424
-650
-634
-467
-246
-194
-522
-1061
-1343
-1308
-1120
-828
-660
-686
-707
-674
-867
-987
-792
-358
162
672
1083
1107
956
822
491
-178
-795
-1072
-1131
-895
-283
15
-523
-1396
-1867
-1706
-1338
-949
-522
73
677
823
636
449
441
554
1102
2247
3074
2808
1868
1030
450
72
108
436
612
591
538
558
355
-338
-1253
-1750
-1476
-914
-477
-347
-717
-1464
-2115
-2267
-1959
-1521
-1096
-629
-115
208
254
261
331
698
1506
2574
3298
3243
2703
2095
1632
1334
1229
1191
1117
1086
1056
949
833
670
429
267
322
415
225
-145
-636
-1179
-1497
-1483
-1244
-920
-472
-110
31
34
-51
-96
-197
-381
-586
-870
-1263
-1758
-2232
-2530
-2534
-2245
-1898
-1538
-1155
-752
-276
248
870
1288
1309
1192
1145
1187
1141
726
-182
-1282
-1921
-1846
-1236
-350
249
252
-106
-327
-471
-724
-808
-612
-182
348
682
606
144
-243
-191
300
1172
1865
2012
1692
1339
985
422
-122
-469
-429
-60
379
419
-78
-840
-1497
-1738
-1403
-740
-169
136
320
510
544
316
-75
-208
-45
404
880
1024
775
294
3
66
516
1102
1553
1824
1964
1879
1570
1164
763
477
478
818
1011
795
391
14
-294
-437
-317
-171
-220
-376
-602
-797
-904
-1049
-1225
-1068
-592
-344
-292
-268
-508
-873
-833
-475
-264
-195
-165
-115
59
64
-378
-769
-818
-841
-740
-522
-439
-598
-613
-200
459
891
914
786
650
683
570
141
-699
-1524
-1942
-1686
-935
-565
-704
-964
-901
-684
-435
-387
-433
-584
-491
-111
124
-67
-819
-1429
-1457
-728
69
614
801
877
1131
1555
1972
2056
1818
1475
1356
1381
1384
849
-33
-846
-1084
-830
-369
121
465
776
1013
1182
1040
735
407
195
51
23
-163
-642
-974
-872
-446
75
541
741
831
968
1088
1067
1039
932
804
713
754
726
364
67
-173
-578
-680
-320
-666
-1037
-739
-1017
-984
-502
-329
-105
339
259
142
327
-416
-942
-1234
-1118
-754
-665
-729
-401
-163
-487
-108
34
188
-37
-315
-302
7
-12
85
452
342
938
961
1014
1066
470
-223
-236
-595
-1053
-1061
-1851
-2451
-2457
-1622
-132
866
527
240
-94
-747
-941
-1044
-1171
-993
-756
-619
-673
-1248
-1620
-1536
-891
353
1523
1805
1530
923
322
99
310
629
1004
1544
2027
2045
1505
1240
912
588
958
1791
2151
2128
1939
1365
404
-178
-153
-137
-135
160
472
348
134
-238
-622
-680
-353
27
734
807
456
260
-366
-649
-784
-766
-830
-492
-100
-664
-292
-335
-1357
-794
-88
-399
-125
574
88
-45
-132
-436
-394
-876
-226
249
-559
-324
232
-621
-1030
273
-48
48
1740
561
614
1292
413
-724
-123
-87
-961
-182
-620
65
-859
-1016
-783
-789
-1030
-978
-347
-1410
-250
-601
-455
-466
-729
-989
-634
-2
-827
-868
-338
-20
-678
35
205
408
-112
169
527
561
556
463
1027
484
457
-232
-183
-653
-477
-582
-380
122
-295
8
-52
262
-248
139
437
400
331
522
973
822
897
1196
1036
818
1313
1023
895
935
817
599
1023
856
570
1156
1222
1175
1150
1364
1018
345
286
590
101
-98
-186
141
-478
-548
932
301
901
1653
747
796
1157
-716
-1341
-221
-1231
-2003
-698
-720
-1616
-1176
-1311
-1016
-1209
-733
-489
-87
-597
-1066
-642
-1706
-299
-561
-83
1092
419
-339
204
107
-1232
-916
-1148
-541
-1147
-394
-268
-712
-575
-797
-149
-149
334
-567
-95
-218
-604
-554
-420
-170
-156
-331
-166
261
-495
149
-142
520
419
692
321
-352
353
-115
-33
-695
-91
-71
-701
-804
-432
-829
-881
-924
-484
-47
41
199
-38
785
188
502
304
1292
664
298
1359
1027
1061
1263
2000
1108
1305
803
1166
1300
949
682
1258
1081
532
1179
667
1035
136
415
382
580
-415
-285
-54
-650
-71
-581
602
114
637
300
496
783
-179
-51
-325
-71
-909
-468
-56
-927
-831
-431
-1069
-498
-287
-344
0
-369
-386
-43
685
-645
285
1147
-26
527
709
32
14
17
-797
12
-392
-746
-865
-1102
-891
-1269
-607
-1297
-371
-446
-1166
-706
-958
-945
-1269
-575
-982
-260
-347
-267
-383
-602
326
-362
728
289
952
533
399
748
-42
344
-825
-403
-770
-582
-1439
-701
-620
-1220
-149
-1171
360
-220
174
86
390
909
-540
1246
54
639
492
236
1142
817
1507
134
1545
645
963
1149
1081
1416
30
1262
252
1465
89
579
1076
494
911
-592
560
-435
-533
-420
-115
-75
36
133
162
749
564
110
577
637
-89
167
-225
-350
-571
-76
-1265
-460
-440
-704
195
-251
152
-769
489
-671
-630
324
-960
240
-344
276
135
264
702
100
1336
454
1612
489
806
228
-548
-350
-1786
-84
-2272
-754
-1565
-1206
-576
-1019
-35
-1491
-15
-929
-696
-686
-1014
-675
-398
143
-79
335
1165
-428
439
350
-100
-121
-572
458
-63
476
-603
749
-393
630
-17
154
676
-79
1020
-459
1341
-1
579
-148
921
311
-371
263
501
-27
-484
1222
-1585
-7
-257
-252
-365
178
1
479
345
-201
740
-482
350
-554
667
-544
531
276
-92
609
-591
625
-301
-30
246
-147
140
549
-467
657
862
681
752
1292
774
-340
915
14
343
455
457
239
872
-106
93
185
-383
388
-799
338
-516
202
-1276
-647
357
-2171
-578
-828
-865
-1407
-347
-1067
-1336
-407
-1028
-499
-563
189
-95
1031
439
407
487
-12
-223
-1130
-54
-327
-540
-740
162
-374
3
248
24
1129
-80
567
-56
706
458
372
1132
60
1016
-280
103
-81
-280
-417
-77
691
-246
0
661
684
-1194
1063
249
-396
599
-443
-331
-411
-302
-1888
203
-297
-1221
439
334
458
1198
593
1227
1541
-41
523
352
-157
-820
531
-1271
2
220
-1221
397
-920
325
-290
729
195
459
986
66
514
414
877
224
131
31
1490
-782
6
231
-788
297
-1085
35
-777
199
-428
-411
743
-167
432
-30
869
-232
-336
109
-401
72
-1012
172
-334
-866
-371
-784
118
-1257
-1013
-406
-659
-1154
-650
69
-1009
120
-373
-759
246
44
-708
546
270
257
920
-388
1148
503
209
349
638
101
208
967
-251
194
248
889
-347
890
107
-451
844
-801
-228
-24
305
-334
-77
-99
-61
-753
-526
-299
-501
535
-330
480
121
184
509
429
96
523
952
164
508
830
627
134
579
-164
-43
345
-917
-485
609
-426
-24
737
188
956
971
-447
1111
563
-1179
873
-400
-418
-37
440
34
246
726
-201
406
-569
112
-625
-413
-394
-840
-896
-639
-444
-1339
-42
-168
-549
476
670
39
12
223
261
-787
-382
-787
-550
-676
-1239
-664
-427
80
-879
558
-10
-31
181
-374
-522
345
244
-868
1290
-17
-309
228
-265
-1069
-503
-446
-1619
-117
-563
-694
220
-170
442
1524
936
1469
2170
1019
918
1389
133
-325
-68
-498
-709
-711
-16
-468
181
1253
244
551
1341
695
-226
397
186
-908
354
-273
-1007
197
-109
-858
-303
12
68
722
135
962
1016
349
645
731
-264
-611
641
-1362
-948
-382
-744
-576
-264
494
-954
1436
948
-45
1304
1156
801
-152
950
-108
-410
71
-306
-542
-113
74
-569
-307
-471
-547
-804
177
-372
-563
-116
-38
135
-657
363
580
-315
-61
10
-466
-305
-417
-1350
-504
-57
-1325
13
-523
-196
-334
-677
564
-377
289
776
1012
-507
1172
-59
-877
112
-1127
-693
-626
455
-2147
574
156
-967
584
111
786
235
1017
-445
1461
60
446
1191
-818
1489
514
-127
630
713
157
789
597
126
574
873
7
-43
436
-429
159
-818
-779
249
-887
-1030
-33
-529
-159
372
-237
417
366
-603
263
-45
-792
846
-212
-504
506
120
-132
587
822
32
1039
932
-83
398
731
85
-297
-163
315
-386
67
304
-132
578
414
280
-369
501
46
-489
-158
117
396
-717
111
-62
-1008
-792
-513
-921
-1384
-323
-903
-875
80
-970
71
206
-638
-800
259
-603
-997
575
-709
652
274
-21
559
1177
277
26
989
-385
245
-433
-537
-525
-588
-1023
135
12
-132
1314
1149
558
526
653
-568
435
-733
-341
116
-171
-42
52
272
21
409
-259
447
272
202
-249
444
-309
-331
518
-289
149
456
138
71
518
-465
220
-220
-757
-61
-24
62
1121
97
393
1541
-792
-116
354
-189
-817
-252
-222
-581
33
-99
36
433
1034
366
433
636
658
-170
-300
178
-541
-485
-525
-291
-485
-241
275
622
141
454
1203
-406
737
707
-599
-437
-306
-1577
-1598
-92
-1963
-1137
-316
-578
-539
182
436
547
889
316
959
-170
-55
-665
-834
-909
-761
-678
-749
74
-843
337
36
349
773
194
779
185
306
837
210
-160
714
121
-499
665
354
-710
408
696
-356
587
1090
486
407
1097
1083
-380
575
752
-632
-663
135
-401
-1474
677
-513
-651
1156
-12
789
549
724
261
89
274
-26
262
-835
355
-441
74
61
-79
453
-282
581
-861
97
-269
-479
-699
-257
-447
-754
59
-1232
576
-529
-362
197
878
127
-216
1126
-328
361
-160
40
-521
-221
-278
-531
261
-298
-240
-808
-325
-339
-680
-515
139
165
-122
308
-8
241
387
223
422
446
505
282
495
43
341
177
-713
96
154
-374
-528
620
-397
-80
-297
-691
376
-926
-524
-196
238
-754
589
-5
-118
1176
-850
851
341
-639
-281
-34
-1524
-750
440
-1247
268
702
38
398
1476
484
270
1996
711
-360
895
945
58
319
701
435
336
164
910
1048
-183
761
673
23
330
587
-124
-302
-18
-1053
-1166
-294
-868
-1633
171
-852
-1754
-1254
-1207
-1634
-1573
-490
-806
-353
-275
366
-170
-52
90
2
694
-344
-161
197
171
135
444
586
669
391
87
222
940
645
27
614
480
28
-526
433
475
308
210
624
542
-348
523
-496
-270
-54
-442
-487
-849
-201
-302
-349
-230
487
11
-576
248
-33
-71
-265
455
233
-95
1514
324
731
1246
1159
85
65
594
-1092
324
-680
57
-192
-51
142
-322
770
-487
750
-1020
-84
-325
-853
-247
-387
465
-195
1020
-371
889
111
-265
446
-483
-79
-1034
-460
-764
-872
-586
-21
-63
0
286
578
174
296
602
-352
243
-169
-399
-308
572
-329
-348
1017
-653
79
398
131
530
327
181
-745
-249
-684
-1071
-196
-706
-558
-691
-189
-271
-473
749
-37
546
819
-152
-74
378
-16
-686
482
-384
-187
232
-796
624
706
666
1316
603
509
1196
-152
-715
963
-31
-985
301
77
-567
419
88
-30
371
22
334
-338
143
549
-154
-16
1208
-200
-861
1212
-829
-938
85
-228
-457
542
-17
-402
958
39
408
8
596
-16
202
-194
91
363
-1297
189
-702
-470
-273
93
-534
-129
607
-242
515
660
734
355
352
-805
-547
-196
-527
-326
-64
-504
-400
-333
-725
-331
-257
300
129
577
199
288
66
-60
-104
-215
54
-133
-202
-672
295
-610
-369
506
-70
18
615
-8
128
335
-99
679
-921
-121
-750
-679
-55
-594
79
-164
812
-404
844
791
895
445
-8
441
-1100
250
-932
-324
-235
-55
-439
168
646
-734
617
-217
342
-148
658
160
-106
656
-238
377
-151
461
329
356
130
-631
-418
-444
-700
-240
499
412
423
499
883
760
-330
683
711
-468
17
-49
-777
-887
-90
-959
-321
-9
-451
85
552
-500
-551
918
-513
228
-96
-686
252
-470
-976
1025
194
-505
913
-504
1168
476
-96
740
127
-87
-376
423
-61
6
-131
234
91
-410
27
-505
140
-567
-618
544
-1
247
267
359
-34
-272
-43
144
-104
-322
-210
-987
72
-1133
-597
58
-757
847
262
1017
238
292
654
362
439
359
959
-468
316
-135
-151
43
-47
312
43
32
-71
135
-426
291
-183
67
-499
1
355
-521
466
-610
-818
-266
-512
-1279
-317
-15
-437
713
972
116
456
700
134
176
24
40
-1062
-307
203
-694
-165
994
638
-77
1402
354
-305
662
205
-361
-322
-54
-655
-222
-492
-443
-90
-640
340
297
-298
440
819
-760
-44
907
-786
-622
989
-207
-964
875
-189
-581
212
644
-360
221
977
-280
790
-189
60
654
-792
-74
230
-926
-982
246
-502
-1246
542
-37
491
531
597
1021
-802
620
-515
-811
-143
23
-99
306
208
-1077
510
-466
540
390
-270
225
422
-354
-1426
372
-529
-15
-183
-32
624
-774
196
217
222
675
967
331
-301
1003
-922
-415
-123
-1025
390
-1301
843
52
-794
1485
1440
-16
-80
3036
-592
-46
825
-785
-918
-814
141
-1596
977
-625
-112
56
-422
591
-1241
409
-530
309
-987
383
470
-1159
715
159
655
105
1081
-603
21
547
-1153
380
558
-460
-31
986
-257
129
350
74
204
493
-290
-196
97
-616
-497
-230
-154
-962
744
78
-41
730
-184
261
98
-270
-394
474
-394
-987
380
-177
-890
-276
-351
28
-261
109
318
230
734
551
106
-94
1100
-921
-145
644
-909
-445
-42
-436
-313
934
-328
742
337
435
409
-380
243
-99
146
-384
1012
-384
-645
587
-651
-775
405
-180
-592
366
18
-268
-138
73
-663
251
-47
152
-396
-170
513
-545
426
-102
721
550
871
1055
346
708
117
-282
-367
21
-766
-398
-91
-289
18
-30
460
3
-86
425
365
-272
-562
117
-419
-93
5
-431
-229
-77
454
-832
64
626
-652
-597
-15
433
-1080
483
827
-127
1345
382
186
457
476
-672
-154
-111
-670
-66
-717
666
-389
-545
129
485
-351
-99
298
-778
666
-969
-22
248
-235
337
246
487
-634
375
-1039
-647
619
-1120
-55
189
449
-59
368
847
-387
761
-5
894
492
-617
-574
-450
-444
-952
352
-113
534
580
105
15
647
-378
-807
485
-362
-458
416
-4
-327
1130
-408
-84
950
464
-169
730
541
-710
295
-483
94
-1014
-170
143
-796
264
-566
149
-611
181
615
70
1230
626
649
339
574
-240
-3
-94
-859
290
-788
-692
-556
-232
-357
-66
-15
143
825
-98
701
166
86
-57
-77
-276
-155
886
-1046
-100
530
-777
-137
-201
-527
65
406
-1142
500
822
-1153
182
-130
-305
129
130
-52
38
146
-93
-183
3
89
-510
-373
364
-221
-56
927
132
243
267
920
64
170
704
266
193
-26
667
-564
-101
97
-196
-976
81
408
-1121
-236
166
-183
-519
97
-59
276
171
-218
-65
533
359
-248
57
614
-229
-167
682
-148
-92
131
361
-620
228
374
-273
-72
131
-292
-451
697
-148
296
155
202
271
-642
66
851
-635
-975
750
-604
-1487
-107
-268
-486
-416
-327
493
253
206
14
507
335
-248
-255
3
410
-391
154
136
178
412
-425
146
709
-567
-111
847
-247
54
787
27
-413
406
109
-62
101
-252
568
-516
-548
491
-893
-633
457
-502
-1028
818
192
-729
410
640
-194
-351
437
7
-504
-130
707
-895
130
829
-733
608
660
-214
83
964
-117
227
454
525
317
-722
779
-471
-926
312
64
-678
200
601
-1099
266
205
-507
-601
148
197
-708
991
-522
-9
282
-119
-186
-621
775
-194
-69
-150
855
-42
-372
436
-401
425
-201
-191
-486
167
160
-876
231
225
165
251
-162
108
531
-307
-528
1149
80
-94
497
-286
567
-131
-691
24
-222
-790
29
-396
-212
77
-338
222
-1
292
-56
280
-51
93
-11
-135
468
-899
378
360
-740
236
253
-193
-601
713
-732
-256
1344
-550
941
196
501
498
5
-48
-22
636
-1192
1113
-605
-560
706
-829
-692
-343
908
-1024
-84
17
367
-90
-440
1127
-586
79
-383
205
-330
-644
691
-576
-236
-59
298
73
207
314
-197
783
229
-423
189
870
341
-838
1025
226
-615
513
107
529
-366
108
51
17
-765
33
500
-978
-211
-618
535
-600
-1207
376
365
-903
-519
427
27
-84
-177
169
639
666
-711
560
1034
-192
-382
296
688
209
-1012
63
970
-689
-444
1159
395
-1092
1060
-510
326
258
-222
-226
-392
790
-1850
512
60
-949
-794
673
-169
-1171
624
-180
600
-513
155
439
-57
197
902
-274
332
1038
-1051
201
942
-836
-776
1379
-767
-186
767
-129
-502
302
726
-676
193
-243
108
-968
276
387
-671
-294
130
911
-913
938
-53
421
534
-716
493
-84
-97
-1081
422
-285
-380
-775
-381
967
-682
722
-44
433
731
-619
-224
831
77
-781
689
442
-107
-853
124
118
315
-293
127
847
-568
123
-194
330
-1017
667
-489
68
1085
-1637
735
90
95
-1295
632
207
-1027
90
419
197
-1229
761
-5
266
-323
734
-313
-237
162
129
294
-423
850
-1375
804
-191
-230
-243
-265
1119
-387
215
286
201
-805
244
221
-252
56
100
-236
-260
247
-125
117
708
307
-483
529
602
-655
-524
55
-5
-430
-220
415
-284
17
-91
1
284
293
202
250
335
288
308
-442
585
-750
-207
54
-290
68
-430
274
-380
239
-219
364
-380
-585
220
-843
233
318
15
295
684
163
-108
439
319
-477
312
657
-564
389
-535
-177
-252
-473
396
-673
221
-341
655
-466
95
790
-1006
519
-201
147
-493
461
-173
-663
1260
-327
-561
286
-144
-666
233
-167
-92
-133
-11
504
-233
-320
63
48
126
581
202
49
707
175
-332
-257
74
279
-1017
524
199
-58
-343
-111
371
-652
859
-556
506
-355
-10
-49
37
674
-737
515
-378
539
-1769
383
561
-1044
422
-150
489
-613
557
-336
424
-14
-318
950
-308
491
282
-378
609
300
-309
399
-225
-348
-433
78
-274
-167
-78
-71
652
-471
396
178
-343
395
-333
-175
120
72
-630
-289
479
-445
147
-183
417
27
68
113
-252
586
-416
212
-245
399
-464
35
-407
155
877
-684
899
264
450
-384
1054
-887
160
712
-1189
471
-778
-120
-802
1137
-1180
193
994
-1069
553
-802
499
-267
66
-600
559
210
-866
248
-125
387
-443
111
112
257
-660
438
429
152
-125
-307
951
-396
177
-405
862
371
-516
265
635
302
-1102
174
302
35
-852
-27
202
-78
-8
-453
85
-36
-3
-853
289
359
-474
-148
507
552
-1098
635
598
-698
43
694
35
-978
644
-107
-272
-195
-378
-587
85
738
-1150
530
1095
138
-927
941
1002
-858
-137
921
1004
-1098
429
235
-123
-236
6
22
-175
344
-645
-490
318
398
-1370
576
416
-635
-577
924
368
-1213
657
181
161
-1030
246
192
181
-351
-544
641
170
-73
-740
541
345
531
-893
950
642
-778
-221
156
222
-1340
777
-886
222
-218
-245
602
-51
170
-890
1126
-281
62
-29
439
797
-376
316
549
188
-752
219
-185
149
50
-488
229
423
-853
-330
638
-410
-470
-298
780
225
-86
-199
623
100
-857
-59
-157
478
-992
-318
531
-24
-679
-227
836
-506
-336
-26
263
216
-354
-252
771
-1
-329
455
165
198
-518
-169
596
543
-790
626
964
-87
605
205
648
-28
-254
-395
165
-88
-798
-207
-33
-8
-298
228
119
930
615
406
996
295
-157
-404
-452
-848
-878
-1273
-1099
-742
-816
-757
-191
469
503
455
531
315
261
-197
-731
298
-197
-748
-626
-102
-124
-239
448
549
1134
898
1080
793
1290
606
-60
1469
3
-790
-180
-135
-506
-631
-492
-198
393
-387
-513
100
283
398
-262
6
576
85
-1287
-789
632
-870
-779
-169
-578
-480
-192
-804
-280
976
-432
116
982
626
-246
15
568
39
-361
-728
673
114
-726
7
967
557
-336
457
995
723
-284
166
718
301
-164
-467
-51
241
-649
-768
463
378
-658
171
924
-94
-258
-673
-129
-392
-1340
-553
446
-261
-915
415
-261
24
77
221
948
223
381
595
550
-330
55
-14
103
11
-724
588
611
-580
-154
1360
65
-542
204
-54
-117
-722
-292
283
88
-672
-183
254
-182
-275
-157
578
-49
-576
118
449
-533
-541
114
271
-244
-260
617
195
111
-156
564
576
49
-290
65
739
-34
165
32
790
-352
-931
75
-151
-674
-860
420
-195
-166
-393
-201
607
-168
358
920
667
-40
231
16
-516
-336
-1187
-720
-45
-821
-879
-142
379
-233
52
778
774
549
75
771
598
396
-148
-413
463
-247
-281
-73
417
386
17
159
267
585
-867
-350
428
-422
-461
-260
-113
-291
19
-488
100
693
13
203
979
769
-11
443
-104
-469
-666
-959
-987
-657
-698
-1218
-319
114
284
-54
810
1369
546
730
899
911
314
-179
-35
328
-329
-798
-301
93
25
-189
191
785
397
-488
152
422
-30
-276
-232
-82
-123
-523
-810
-251
-544
-847
-244
81
-378
-321
266
166
-337
-191
288
-93
-30
224
469
825
597
171
318
616
-255
-323
349
535
242
-130
244
25
-648
-541
321
-239
-417
442
22
-199
-369
-233
-11
227
-179
-226
330
-459
-700
-480
8
75
-33
145
259
339
15
321
442
425
386
220
79
-78
-414
-780
-277
-184
-371
-35
446
219
157
601
389
393
227
-155
-185
109
-195
-531
-28
-31
-169
-282
98
551
279
205
453
479
107
148
-29
-464
-548
-507
-473
-715
-362
-247
-319
4
-40
6
-83
-76
-201
-140
20
-200
-371
-391
154
-56
-113
601
680
542
555
784
792
706
440
468
682
-154
-603
-152
-183
-546
-100
303
69
-24
-305
-225
-161
-499
-468
-69
-36
-396
-452
-133
181
-196
142
756
466
208
120
134
-41
-294
-358
-13
-166
-437
-314
-375
-153
-193
-162
83
32
7
22
102
43
79
292
310
317
220
129
161
307
95
-108
428
241
-297
-112
344
164
-250
53
125
49
-151
-309
-162
-99
-148
-287
-91
182
111
-210
136
549
67
-62
279
170
-186
-256
-335
-467
-490
-484
-315
-134
38
123
87
289
224
-61
75
179
-5
-79
153
-65
-319
-28
63
-26
64
364
282
131
87
5
57
-183
-213
-37
-3
-104
-65
199
237
165
75
260
276
-75
-200
114
83
-460
-78
332
-93
-213
73
58
-62
-51
-22
136
151
8
-57
111
114
-246
-301
121
86
-257
-57
203
-46
-287
-97
-133
-304
-180
3
-102
-109
75
100
21
-59
130
91
19
81
91
239
179
-24
31
301
175
-169
-5
352
126
-282
64
322
-98
-260
-34
107
-47
-154
-5
194
153
-71
-33
113
29
-176
-186
-27
-13
-280
-250
-19
-144
-213
-49
32
-43
54
87
-15
65
142
59
20
114
88
25
71
118
123
98
64
-10
-57
-14
-137
-214
-10
14
-120
-90
72
84
-47
3
151
118
15
65
21
-37
-28
-174
-194
-116
-174
-253
-122
64
-1
-22
194
303
182
169
264
198
137
160
77
-17
29
-47
-264
-160
-49
-138
-131
-35
71
38
-58
-42
37
6
-84
-129
-108
-100
-190
-307
-201
-21
-83
-106
53
163
64
65
191
215
171
76
71
113
42
10
39
-29
-16
90
75
57
126
101
138
197
59
36
124
69
-90
-58
48
-90
-242
-227
-110
-168
-311
-303
-206
-176
-238
-195
-97
16
20
-32
35
145
82
-8
84
89
34
6
71
68
99
173
86
177
263
235
226
275
256
237
234
102
93
23
-45
-72
-95
-123
-205
-224
-196
-147
-198
-159
-24
-25
-115
-24
38
-42
-58
-85
-35
-24
-145
-224
-143
-90
-155
-200
-65
31
-54
-36
82
111
-2
-6
41
95
87
23
82
120
72
4
73
160
121
98
176
249
178
99
131
134
58
-10
-43
-50
-61
-113
-111
-46
-40
-89
-58
40
58
56
63
57
32
-3
-44
-69
-108
-129
-142
-146
-97
-105
-56
-4
-31
-46
19
43
23
25
28
42
32
6
-22
-7
-51
-113
-167
-132
-106
-158
-145
-64
31
5
54
109
136
152
123
126
124
113
29
23
83
60
14
21
77
73
66
69
46
32
-10
-2
-6
-42
-56
-65
-50
-46
-15
-24
-13
18
-13
-20
-22
-70
-83
-83
-97
-87
-77
-68
-81
-70
-40
-47
-79
-60
-51
-50
-31
1
41
64
81
109
174
173
163
156
173
180
131
126
111
79
25
-7
-2
33
3
-44
-6
2
-51
-80
-38
-19
-47
-74
-60
-54
-98
-113
-102
-61
-48
-79
-90
-75
-84
-133
-115
-73
-58
-34
23
78
72
64
85
94
100
126
106
102
85
43
53
45
9
-45
-43
-59
-93
-77
-36
3
-19
-2
47
45
8
7
40
33
-9
-21
-1
9
-27
-24
33
35
-8
-23
13
-14
-68
-91
-61
-52
-64
-45
2
55
20
46
79
77
44
13
0
-42
-88
-104
-88
-116
-100
-82
-78
-76
-92
-95
-59
-70
-81
-30
-6
17
14
70
171
211
197
234
262
238
223
228
240
208
180
152
143
132
91
30
5
-20
-59
-80
-112
-122
-156
-181
-209
-238
-248
-251
-250
-264
-260
-252
-263
-252
-220
-169
-150
-132
-116
-133
-118
-102
-61
-25
17
58
74
123
182
258
329
379
401
425
418
404
406
388
407
394
328
271
213
146
81
40
-11
-85
-160
-228
-263
-300
-325
-329
-324
-299
-280
-255
-222
-208
-221
-220
-202
-196
-200
-204
-190
-187
-199
-170
-129
-109
-73
-19
24
75
138
194
244
277
304
299
292
284
271
263
248
234
199
199
183
172
149
113
88
23
-25
-61
-94
-129
-157
-184
-187
-181
-188
-184
-183
-177
-184
-196
-202
-189
-183
-177
-161
-122
-85
-67
-43
-15
17
48
77
80
94
104
95
101
128
154
166
163
158
151
134
129
111
101
75
28
-10
-26
-15
-9
-3
-3
-8
-23
-35
-19
-5
0
2
-3
-26
-48
-52
-57
-64
-83
-94
-106
-111
-106
-90
-56
-38
-32
-23
-1
16
27
38
47
40
25
27
41
46
57
69
73
80
85
90
83
67
36
12
0
-6
-6
-2
12
4
-13
-22
-21
-18
-30
-41
-50
-62
-77
-76
-58
-39
-34
-33
-21
-6
7
19
35
34
18
3
-7
-8
-13
-14
-17
-29
-41
-39
-17
0
14
32
46
46
45
53
58
53
41
29
15
-2
-20
-25
-16
-9
-5
9
17
17
12
15
22
13
-5
-23
-37
-59
-79
-82
-78
-71
-65
-47
-20
5
19
28
32
24
11
3
8
17
16
14
17
22
15
12
11
10
11
17
27
32
39
41
39
31
29
30
32
26
13
-1
-16
-31
-40
-35
-30
-32
-36
-28
-19
-16
-11
-3
6
-5
-17
-25
-30
-42
-52
-58
-58
-54
-50
-36
-14
9
17
24
28
31
28
32
41
42
40
32
25
14
13
17
23
27
30
33
31
36
40
45
39
23
5
-8
-11
-11
2
19
27
20
5
-3
-6
-13
-22
-27
-37
-51
-60
-50
-34
-13
3
12
20
14
9
5
5
-3
-20
-36
-50
-62
-65
-53
-31
-9
7
14
18
21
19
17
14
8
3
-4
-6
-8
-4
4
17
28
40
53
63
66
57
41
16
0
-13
-20
-23
-29
-34
-31
-23
-19
-12
-6
2
7
17
26
29
21
6
-5
-16
-23
-34
-44
-53
-62
-69
-69
-69
-71
-80
-85
-78
-60
-32
-4
23
47
66
86
104
113
110
94
70
48
32
31
38
44
54
60
67
70
70
72
65
55
37
20
1
-15
-27
-40
-54
-66
-76
-90
-100
-109
-113
-117
-114
-108
-98
-85
-81
-72
-62
-43
-24
-1
24
45
68
84
99
107
111
107
96
88
78
60
38
17
-2
-23
-40
-40
-35
-26
-20
-18
-11
-3
7
18
28
33
33
28
23
15
13
6
0
-3
-4
0
2
3
-8
-17
-24
-33
-43
-54
-62
-67
-70
-70
-63
-58
-51
-48
-47
-38
-32
-19
-9
-3
5
11
21
28
33
44
54
65
75
88
94
93
95
100
101
94
84
75
64
51
44
38
29
17
5
-5
-14
-30
-47
-70
-94
-108
-119
-125
-126
-120
-110
-99
-87
-81
-81
-90
-96
-101
-97
-88
-80
-71
-61
-42
-12
22
46
67
81
88
88
89
92
85
79
75
76
75
83
97
106
112
118
122
124
126
119
102
77
54
31
12
-5
-22
-38
-52
-62
-70
-69
-68
-63
-59
-57
-57
-60
-55
-53
-52
-48
-42
-36
-30
-18
-2
6
9
7
0
-8
-9
-7
-7
-10
-17
-20
-20
-20
-19
-18
-12
-7
2
10
10
3
-10
-13
-11
-1
3
-4
-20
-37
-48
-45
-38
-41
-47
-56
-62
-55
-42
-26
-16
-10
-3
7
24
41
51
55
54
54
56
58
58
51
34
13
-3
-16
-24
-22
-13
-3
9
23
33
44
49
53
52
50
44
35
26
20
19
14
11
7
4
4
2
0
-4
-4
0
9
19
28
26
19
6
-10
-23
-27
-27
-26
-23
-22
-17
-13
-6
3
11
15
13
6
-9
-26
-43
-55
-56
-51
-43
-31
-19
-4
14
35
53
65
72
72
68
54
34
11
-13
-35
-52
-63
-67
-68
-68
-60
-52
-45
-34
-21
-4
9
16
16
7
-8
-27
-44
-55
-63
-69
-75
-76
-75
-69
-54
-32
-7
16
40
58
66
66
66
66
65
71
75
80
78
78
78
78
78
79
79
70
54
28
0
-28
-54
-73
-85
-91
-91
-84
-72
-54
-35
-18
-8
1
4
3
-1
-7
-13
-17
-14
-2
17
34
46
53
59
59
58
54
42
28
15
4
-10
-27
-45
-60
-64
-55
-34
-12
7
20
26
25
21
16
8
1
-9
-15
-18
-18
-15
-11
-8
7
29
58
83
100
109
107
98
82
55
19
-30
-80
-122
-157
-181
-196
-196
-184
-161
-128
-96
-66
-41
-19
2
17
25
27
25
21
16
16
20
31
50
76
106
132
154
164
168
166
158
145
123
90
45
2
-35
-69
-101
-128
-146
-152
-146
-128
-111
-101
-101
-108
-109
-105
-100
-96
-92
-82
-60
-22
29
80
127
162
189
209
220
217
202
176
135
90
46
8
-23
-42
-48
-42
-27
0
32
59
74
70
53
29
7
-11
-26
-45
-69
-88
-100
-101
-94
-80
-66
-56
-50
-47
-47
-53
-66
-89
-119
-147
-171
-182
-183
-174
-151
-116
-64
0
69
131
181
212
228
234
225
202
170
128
83
36
-3
-32
-52
-58
-53
-37
-21
-2
20
41
62
75
80
73
55
25
-6
-42
-76
-104
-121
-127
-119
-102
-78
-54
-35
-18
-7
3
9
9
4
-7
-18
-27
-32
-33
-32
-28
-18
-4
17
37
55
69
81
88
88
81
62
37
9
-13
-27
-36
-46
-53
-60
-58
-50
-34
-17
1
22
43
63
79
89
82
64
41
17
0
-10
-17
-27
-41
-53
-59
-60
-55
-50
-45
-43
-36
-23
-6
8
16
17
11
5
6
13
22
27
29
31
36
43
48
47
41
31
24
19
21
26
32
36
40
41
34
25
14
5
-3
-12
-18
-25
-35
-44
-52
-59
-66
-70
-67
-63
-55
-46
-40
-35
-35
-31
-24
-12
0
6
9
7
4
-3
-4
-5
-9
-10
-6
1
8
17
27
36
43
48
51
45
36
26
23
24
27
27
23
18
15
15
15
12
4
-4
-8
-9
-6
-7
-9
-18
-27
-32
-32
-29
-26
-27
-31
-36
-40
-39
-32
-23
-13
-5
-1
0
3
5
7
6
5
1
-3
-5
-2
1
2
1
0
5
14
24
30
27
18
13
15
22
27
27
21
11
5
2
0
-3
-13
-23
-28
-27
-28
-28
-28
-22
-12
2
13
13
3
-8
-13
-12
-8
-7
-7
-9
-4
6
17
22
20
13
6
5
6
10
11
11
8
8
16
28
42
51
56
55
51
47
41
30
17
5
-5
-13
-20
-24
-32
-41
-48
-55
-58
-60
-59
-53
-45
-36
-25
-17
-12
-7
-4
0
0
0
4
14
26
37
41
38
29
16
3
-8
-17
-23
-24
-22
-14
-3
9
27
47
70
86
94
93
84
68
44
9
-34
-76
-108
-121
-120
-106
-89
-69
-50
-30
-8
13
31
40
43
38
30
20
10
-4
-23
-37
-46
-42
-24
2
25
42
54
63
69
67
54
33
13
-9
-26
-39
-50
-53
-49
-37
-22
-8
5
19
35
44
44
30
13
-5
-18
-24
-24
-28
-32
-33
-32
-31
-29
-24
-18
-7
4
14
20
26
29
31
23
4
-18
-39
-50
-51
-44
-31
-19
-8
2
14
22
27
28
25
17
5
-1
-5
-1
7
10
7
-1
-4
0
9
19
26
31
38
53
72
91
99
96
81
64
49
31
10
-14
-36
-55
-64
-65
-56
-45
-34
-29
-30
-35
-43
-48
-50
-46
-36
-23
-9
4
13
17
19
20
19
12
4
-6
-8
0
15
28
29
20
8
-1
-5
-5
-10
-17
-26
-28
-20
-5
16
33
46
54
56
53
43
28
6
-17
-35
-39
-28
-11
8
25
36
42
41
35
23
5
-18
-39
-48
-49
-46
-40
-34
-32
-34
-37
-38
-34
-27
-19
-12
-9
-9
-11
-16
-18
-15
-12
-7
-4
-5
-7
-7
-3
8
21
37
51
60
60
55
41
20
-3
-27
-41
-43
-32
-10
17
44
64
71
68
57
38
17
-8
-31
-54
-76
-100
-114
-122
-121
-110
-95
-71
-43
-14
13
30
37
41
45
48
51
46
40
27
13
2
-3
-5
-3
3
9
19
27
30
25
13
-2
-18
-29
-34
-30
-18
-4
11
25
35
40
40
36
30
26
25
18
3
-22
-49
-74
-91
-94
-85
-67
-48
-28
-4
22
48
71
85
90
82
67
49
30
5
-22
-44
-51
-48
-31
-5
24
52
73
93
102
106
98
82
63
38
4
-30
-63
-88
-107
-116
-115
-109
-95
-67
-29
16
56
89
113
130
139
140
131
109
79
46
13
-15
-34
-43
-44
-34
-22
-17
-16
-16
-19
-28
-39
-52
-59
-60
-54
-40
-23
-2
20
46
72
90
93
87
73
57
34
4
-27
-58
-79
-89
-91
-92
-94
-90
-80
-64
-47
-28
-9
13
38
60
77
80
67
42
14
-10
-30
-44
-51
-50
-41
-25
-2
23
51
75
87
88
74
47
10
-30
-72
-112
-142
-158
-165
-164
-158
-147
-137
-124
-110
-96
-84
-74
-67
-54
-34
-11
13
34
51
67
77
82
75
61
45
26
13
9
18
37
62
89
114
135
153
168
180
181
172
152
120
81
41
7
-21
-48
-75
-102
-130
-156
-178
-194
-203
-202
-191
-175
-151
-124
-96
-63
-29
4
35
58
78
97
113
128
140
147
153
155
154
150
144
136
127
118
105
86
63
44
32
29
28
28
30
29
24
10
-12
-36
-56
-71
-78
-84
-84
-79
-68
-46
-19
7
29
46
56
58
48
28
1
-29
-51
-63
-67
-63
-53
-43
-32
-21
-10
3
19
35
46
51
52
47
39
28
18
3
-16
-33
-44
-52
-59
-69
-78
-85
-88
-89
-83
-75
-68
-59
-50
-41
-33
-27
-19
-7
8
20
32
37
34
25
7
-14
-33
-46
-48
-41
-32
-26
-20
-11
1
16
32
44
47
36
14
-16
-46
-67
-78
-82
-80
-77
-77
-74
-70
-62
-52
-37
-22
-7
5
13
17
17
13
9
5
1
-6
-12
-14
-11
0
16
39
60
79
92
100
106
112
119
121
117
106
91
76
66
66
69
74
75
71
60
44
28
15
6
1
-7
-18
-29
-38
-40
-40
-40
-42
-41
-39
-34
-26
-23
-20
-17
-10
0
12
28
50
73
90
98
94
80
60
41
29
19
8
-3
-9
-16
-23
-30
-36
-36
-33
-24
-13
-3
3
9
13
17
19
20
21
21
17
4
-13
-25
-31
-29
-23
-15
-10
-11
-19
-31
-44
-59
-73
-85
-90
-89
-84
-80
-74
-61
-46
-30
-13
1
8
11
10
4
-4
-14
-19
-15
-7
-1
3
4
2
-1
-4
-5
-4
-4
-6
-7
-11
-13
-12
-10
-10
-11
-16
-24
-29
-34
-38
-45
-51
-55
-56
-54
-50
-47
-45
-46
-44
-42
-39
-35
-27
-12
3
21
39
55
72
83
93
98
98
91
77
56
31
7
-13
-22
-25
-23
-15
-3
12
22
25
22
14
5
-11
-30
-50
-69
-77
-71
-51
-25
6
37
67
89
102
105
98
87
72
58
44
31
19
7
-2
-7
-7
-4
5
16
24
22
10
-5
-17
-22
-20
-16
-9
-2
4
5
2
-2
-8
-10
-7
-3
0
2
6
15
22
27
27
26
28
29
32
35
40
47
57
72
87
99
103
102
95
86
70
51
26
-1
-22
-32
-33
-28
-23
-21
-24
-29
-31
-28
-21
-13
-11
-18
-31
-45
-52
-50
-39
-28
-21
-16
-14
-13
-12
-12
-12
-11
-11
-12
-18
-28
-39
-48
-53
-58
-61
-63
-60
-55
-52
-50
-50
-48
-44
-36
-29
-24
-26
-34
-46
-52
-52
-47
-42
-40
-40
-38
-33
-28
-21
-18
-21
-27
-34
-35
-30
-18
-7
2
6
7
9
12
17
19
21
21
19
20
23
32
39
40
34
24
13
4
-2
-3
-1
4
7
9
17
28
40
48
48
43
33
27
24
22
20
17
14
11
12
21
32
46
54
55
49
41
33
25
20
18
21
25
28
29
28
23
16
7
1
-3
-6
-6
-4
1
6
12
21
28
36
39
33
20
5
-11
-21
-26
-27
-27
-27
-27
-24
-20
-12
-3
5
10
10
10
8
7
2
-4
-12
-23
-29
-33
-29
-25
-19
-16
-13
-7
-1
6
9
7
-1
-8
-15
-22
-25
-27
-27
-28
-25
-21
-14
-5
1
1
-3
-11
-20
-28
-32
-31
-25
-20
-18
-18
-13
-6
5
14
18
15
10
0
-8
-12
-12
-10
-6
-6
-9
-10
-11
-11
-9
-5
-3
0
3
7
10
13
15
13
8
-2
-13
-21
-27
-32
-29
-21
-11
3
16
28
37
41
42
40
34
25
15
4
-2
-3
-5
-1
6
14
23
29
31
31
28
27
25
25
25
22
18
13
8
0
-6
-10
-17
-22
-24
-23
-16
-8
1
9
13
13
8
1
-4
-7
-10
-10
-11
-12
-11
-11
-10
-7
-4
-3
-3
-2
-3
-1
1
5
9
12
14
18
22
27
28
27
18
5
-6
-15
-21
-25
-26
-25
-22
-17
-12
-5
1
6
9
8
2
-4
-9
-13
-14
-14
-14
-16
-18
-19
-19
-15
-8
-2
4
10
13
15
16
18
17
13
6
-3
-13
-19
-23
-23
-19
-15
-10
-5
0
6
9
10
10
8
4
0
-3
-5
-6
-9
-12
-16
-17
-14
-8
-3
1
4
7
10
12
11
9
4
-3
-11
-16
-19
-17
-9
2
16
28
34
36
36
31
23
15
5
-2
-7
-11
-10
-7
-4
0
4
10
15
18
20
17
12
4
-6
-16
-22
-21
-16
-9
-1
7
14
20
24
25
23
18
16
9
5
2
3
7
11
13
12
6
-4
-14
-19
-22
-20
-16
-9
-4
0
3
3
5
6
5
0
-7
-16
-23
-25
-26
-24
-19
-15
-8
-2
0
