SAMPLES:	10506
BITSPERSAMPLE:	16
CHANNELS:	1
SAMPLERATE:	16000
NORMALIZED:	FALSE
-9
-1
2
0
-4
-7
-9
-11
-15
-22
-26
-25
-22
-20
-19
-14
-4
4
8
6
3
3
10
19
24
20
12
5
0
3
8
6
1
-1
3
11
20
30
36
35
32
26
18
6
-7
-22
-38
-50
-53
-49
-43
-37
-33
-28
-28
-27
-21
-11
4
18
29
37
43
49
50
44
29
11
-6
-13
-9
-5
-3
0
4
8
9
9
3
-8
-19
-25
-31
-35
-34
-27
-18
-11
-9
-13
-21
-24
-17
-2
6
11
14
15
12
13
22
34
46
56
62
63
56
47
34
20
9
-2
-13
-21
-27
-30
-29
-23
-14
-5
-2
-7
-14
-26
-37
-45
-47
-37
-22
-9
-5
-4
-7
-14
-25
-32
-33
-35
-34
-29
-18
-7
3
20
38
54
65
68
63
53
48
46
40
35
39
42
42
40
39
37
24
3
-19
-39
-56
-67
-70
-68
-65
-54
-36
-19
-9
-4
-2
-4
-9
-13
-16
-19
-21
-23
-25
-29
-35
-40
-37
-30
-22
-16
-9
-3
1
10
23
35
43
54
62
60
52
45
44
44
43
38
33
27
27
29
34
36
35
35
28
10
-12
-39
-62
-77
-76
-63
-50
-38
-30
-26
-29
-29
-25
-15
-3
7
14
16
10
0
-13
-27
-37
-42
-44
-43
-36
-26
-12
2
18
32
41
46
53
62
68
70
64
51
37
19
0
-14
-17
-12
-5
2
7
12
16
18
17
15
12
7
-5
-16
-28
-39
-44
-41
-29
-16
-10
-9
-4
0
1
-3
-4
-2
-3
-13
-29
-46
-57
-55
-44
-29
-14
0
14
26
39
50
51
48
42
34
23
10
-2
-4
-3
-3
-6
-5
-3
1
12
28
39
43
42
27
10
-1
-9
-13
-16
-19
-23
-27
-29
-24
-14
-1
6
8
8
4
-8
-19
-30
-38
-47
-57
-60
-56
-45
-33
-19
-5
8
23
37
47
45
38
31
21
15
12
6
-5
-17
-21
-19
-10
1
14
26
34
39
38
38
39
42
45
38
20
1
-14
-19
-20
-22
-22
-20
-13
-3
5
11
9
1
-9
-25
-40
-53
-59
-52
-38
-21
-13
-14
-14
-6
7
23
40
55
66
64
45
18
-4
-18
-26
-35
-44
-45
-39
-29
-17
-6
6
18
29
42
51
56
55
52
49
42
28
10
-11
-27
-40
-46
-44
-33
-18
-4
0
-8
-21
-32
-32
-28
-31
-40
-42
-31
-12
3
10
10
10
19
29
42
56
63
55
36
13
-6
-21
-34
-44
-44
-34
-15
4
18
24
24
20
22
30
36
29
8
-19
-42
-55
-63
-62
-49
-28
1
25
38
44
45
37
21
0
-15
-18
-12
-6
-8
-13
-18
-15
-5
7
13
12
13
26
40
48
44
35
28
25
23
18
10
2
-7
-20
-32
-37
-29
-16
-6
-2
0
1
3
3
-4
-23
-45
-59
-65
-69
-74
-75
-70
-54
-32
-3
25
46
60
69
70
64
56
51
46
33
12
-9
-17
-14
-10
-10
-10
-2
14
30
37
30
22
16
12
3
-9
-23
-34
-36
-29
-17
-9
-5
-5
-4
1
4
5
0
-7
-14
-20
-28
-33
-34
-30
-30
-33
-36
-32
-26
-21
-20
-15
-5
14
37
57
65
62
47
30
17
2
-12
-21
-25
-25
-15
0
17
34
50
60
62
53
38
31
25
17
4
-8
-14
-10
0
11
18
22
22
19
12
3
-5
-10
-17
-25
-32
-38
-40
-39
-32
-29
-30
-34
-38
-38
-36
-38
-41
-47
-49
-47
-41
-34
-28
-19
-8
2
11
20
29
38
42
41
36
28
25
31
39
44
43
40
38
39
43
48
50
45
41
42
47
46
42
43
43
40
32
23
18
9
-10
-36
-62
-83
-93
-96
-96
-95
-95
-90
-86
-82
-82
-82
-81
-80
-78
-70
-56
-34
-8
17
38
55
66
73
73
68
59
45
31
21
14
9
13
21
37
51
61
68
74
77
76
75
74
69
62
51
41
29
13
-1
-12
-20
-31
-36
-40
-48
-56
-62
-63
-63
-68
-77
-85
-91
-97
-98
-94
-86
-73
-57
-39
-26
-18
-12
-7
-4
-1
3
10
20
26
27
28
33
44
60
78
93
106
114
119
118
113
106
94
79
60
36
15
-5
-18
-26
-25
-21
-11
-2
2
-1
-5
-13
-23
-31
-38
-46
-53
-58
-61
-60
-60
-60
-59
-57
-54
-56
-61
-70
-78
-81
-76
-65
-51
-37
-19
2
27
55
76
91
95
92
87
83
75
62
46
32
24
23
26
33
43
48
47
40
28
14
-2
-19
-36
-48
-53
-49
-42
-32
-23
-14
-6
-3
-7
-15
-27
-41
-54
-65
-71
-68
-65
-57
-45
-29
-11
5
17
24
24
19
11
7
7
9
11
14
16
19
26
30
35
39
40
36
27
15
4
-1
2
9
20
26
27
17
5
-9
-19
-30
-39
-44
-47
-46
-44
-43
-37
-28
-14
-2
10
23
34
42
44
40
40
45
53
60
63
56
41
24
6
-7
-11
-10
-6
1
10
21
30
31
22
8
-5
-12
-13
-12
-12
-21
-31
-37
-39
-33
-29
-30
-34
-41
-48
-56
-61
-64
-64
-61
-56
-45
-31
-14
2
12
23
33
45
54
56
53
47
38
29
22
18
16
17
18
17
18
18
20
23
22
23
25
24
22
17
13
12
9
8
2
-6
-14
-22
-25
-25
-28
-34
-45
-57
-60
-57
-49
-41
-32
-21
-7
7
20
28
31
25
16
7
3
-1
-12
-27
-36
-37
-26
-8
8
18
23
25
29
32
31
29
24
20
15
16
22
24
21
13
10
11
13
14
9
4
-6
-10
-9
-4
4
10
11
9
6
4
-2
-12
-23
-29
-28
-24
-21
-20
-23
-27
-29
-26
-23
-23
-26
-30
-30
-25
-13
3
13
16
15
14
12
7
-1
-12
-18
-15
-1
18
38
50
56
61
64
63
57
42
20
-2
-17
-23
-16
-4
7
12
10
2
-2
-2
-3
-8
-17
-27
-35
-45
-49
-49
-44
-35
-24
-14
-11
-13
-17
-21
-27
-34
-36
-30
-18
-5
3
8
10
10
14
22
36
57
77
87
80
63
48
40
34
26
14
3
-5
-9
-10
-9
-10
-13
-20
-27
-30
-29
-27
-28
-31
-36
-37
-33
-27
-18
-7
-1
1
-2
-6
-11
-18
-24
-27
-27
-21
-12
-4
5
13
19
24
26
33
44
52
52
45
32
19
5
-6
-6
1
9
16
21
25
28
32
30
20
5
-10
-21
-27
-34
-39
-43
-44
-41
-33
-18
-4
4
1
-5
-14
-21
-25
-23
-18
-12
-7
-3
4
9
13
12
13
16
20
24
22
14
7
2
-3
-5
-6
-5
-5
-7
-6
-1
9
18
26
28
31
31
29
27
20
10
-2
-18
-32
-40
-40
-32
-21
-11
-4
0
-2
-10
-20
-29
-35
-38
-38
-37
-31
-23
-13
-1
13
29
47
60
63
56
46
32
20
13
10
9
9
12
17
20
20
16
7
-4
-16
-24
-29
-34
-36
-33
-22
-13
-4
5
11
10
5
-4
-12
-20
-29
-39
-48
-50
-42
-24
-4
17
30
37
36
32
27
21
19
14
7
3
0
2
4
9
12
12
9
9
13
18
28
37
38
32
21
8
-9
-30
-43
-48
-52
-53
-47
-33
-13
8
27
32
25
13
1
-14
-31
-46
-52
-53
-46
-33
-15
6
25
35
40
45
46
36
18
-6
-26
-36
-33
-20
-4
12
25
35
44
52
57
56
43
21
-3
-26
-42
-52
-54
-47
-34
-19
-3
15
34
56
71
74
67
57
41
18
-9
-32
-56
-85
-111
-125
-124
-112
-90
-59
-23
15
49
74
88
90
80
62
39
16
-1
-12
-17
-21
-23
-14
6
31
50
63
66
60
45
31
14
-5
-21
-33
-42
-50
-50
-43
-36
-28
-19
-9
-8
-12
-16
-21
-26
-37
-45
-52
-57
-60
-52
-33
-7
20
41
57
66
73
79
81
76
60
45
30
18
8
-1
-9
-14
-16
-12
-1
8
10
5
-8
-18
-19
-9
1
2
-11
-30
-45
-53
-48
-41
-40
-41
-37
-28
-18
-9
-1
-3
-14
-25
-25
-13
7
29
44
46
44
47
58
68
74
73
69
62
52
40
26
14
-2
-21
-31
-27
-11
7
20
20
9
-7
-13
-17
-25
-36
-47
-59
-75
-85
-87
-85
-78
-69
-60
-52
-37
-14
7
16
21
23
30
44
61
73
74
64
55
46
36
25
16
10
7
7
0
-4
-4
-1
-1
-6
-10
-7
3
8
0
-17
-32
-37
-32
-27
-19
-7
7
14
12
3
-6
-18
-30
-40
-45
-43
-33
-21
-15
-13
-2
12
28
40
51
52
48
43
34
17
-2
-20
-33
-38
-32
-20
-9
0
10
17
19
22
31
40
44
43
36
26
19
18
13
6
5
12
20
23
24
20
8
-8
-23
-36
-42
-45
-48
-56
-62
-63
-55
-42
-28
-12
1
13
16
14
7
0
-8
-19
-27
-32
-28
-12
9
23
29
27
27
29
32
35
34
34
30
28
26
26
26
28
34
34
30
22
13
3
-12
-21
-25
-29
-31
-29
-30
-39
-49
-60
-73
-83
-84
-78
-63
-43
-18
3
24
44
57
63
62
55
46
34
21
6
-4
-8
-12
-10
1
19
38
53
59
56
43
32
23
13
4
-4
-10
-15
-20
-25
-30
-34
-40
-47
-49
-44
-39
-37
-36
-42
-49
-53
-52
-50
-47
-41
-29
-18
-1
16
32
47
58
60
57
53
50
46
45
44
42
40
44
48
45
37
30
26
18
12
7
4
2
1
-3
-13
-23
-31
-34
-38
-44
-49
-53
-56
-56
-53
-48
-45
-42
-37
-31
-21
-12
0
4
1
-3
3
17
31
46
59
75
93
107
117
119
112
99
85
71
53
39
33
32
27
15
2
-6
-15
-25
-34
-46
-58
-65
-66
-74
-92
-112
-127
-141
-154
-165
-170
-173
-168
-151
-125
-102
-80
-59
-40
-25
-13
0
12
26
39
54
77
94
100
99
103
111
126
146
162
168
169
174
180
178
174
170
159
144
131
121
109
88
64
40
15
-4
-10
-3
-9
-39
-72
-92
-112
-148
-190
-229
-266
-291
-294
-284
-281
-287
-279
-255
-224
-200
-182
-163
-139
-114
-90
-59
-29
-9
16
50
94
137
183
224
251
268
289
312
329
329
316
294
267
249
234
210
174
140
121
106
90
69
38
-2
-45
-75
-92
-114
-143
-171
-193
-215
-233
-239
-241
-244
-246
-235
-220
-209
-209
-210
-204
-190
-168
-133
-92
-56
-29
0
34
65
92
122
154
181
205
229
248
247
228
201
174
150
131
117
99
71
43
31
32
34
32
27
21
17
20
16
4
-15
-28
-34
-39
-47
-58
-76
-97
-115
-124
-129
-136
-141
-138
-127
-117
-111
-105
-98
-92
-84
-66
-41
-20
-7
9
30
53
75
98
114
114
100
86
77
66
48
32
23
18
19
27
40
48
53
58
61
62
58
53
42
27
12
1
-5
-8
-10
-16
-25
-31
-33
-33
-31
-32
-31
-25
-20
-20
-28
-39
-46
-51
-50
-47
-45
-47
-47
-41
-29
-17
-10
-1
8
20
30
38
38
29
22
11
1
-8
-13
-16
-19
-22
-23
-24
-25
-20
-5
5
6
5
7
10
12
15
17
17
13
14
16
17
11
1
-11
-20
-26
-35
-39
-32
-17
-3
6
11
8
5
9
18
23
18
11
7
8
18
31
38
37
37
41
49
51
53
52
48
44
43
46
45
42
37
29
16
1
-10
-17
-22
-29
-36
-48
-59
-68
-77
-86
-91
-93
-90
-79
-66
-55
-50
-42
-29
-15
-2
12
22
28
32
34
30
15
3
-1
-1
3
12
18
19
22
31
45
56
60
59
54
51
50
49
47
47
45
44
44
41
30
13
-3
-18
-35
-50
-61
-65
-68
-73
-77
-79
-80
-76
-65
-47
-27
-8
10
24
30
25
17
10
5
1
-4
-10
-14
-12
-9
-5
-5
-9
-18
-22
-18
-7
-1
-1
-1
1
7
16
28
41
51
54
50
44
36
27
20
14
7
1
-3
-4
0
3
5
7
8
7
11
11
8
2
-8
-17
-24
-27
-27
-22
-15
-9
-4
0
4
9
19
27
31
26
15
0
-13
-27
-40
-48
-54
-49
-39
-27
-15
-3
6
10
19
23
24
19
13
11
7
-2
-12
-14
-15
-15
-14
-8
-1
3
5
8
11
11
12
17
24
26
24
22
24
30
27
18
3
-16
-33
-42
-42
-40
-43
-44
-35
-20
-1
23
45
58
63
60
49
34
19
6
-5
-18
-27
-25
-14
1
10
7
-1
-9
-8
-3
-2
-11
-29
-47
-58
-60
-57
-52
-43
-26
-10
-2
-2
-4
-4
-2
8
21
33
42
54
63
67
61
47
31
18
12
2
-10
-16
-21
-28
-31
-24
-9
8
23
32
31
24
6
-11
-27
-42
-51
-49
-37
-24
-16
-14
-12
-5
7
22
34
40
35
31
37
48
49
37
15
-7
-19
-16
-11
-17
-29
-41
-50
-51
-33
-13
-4
-2
8
16
15
10
1
-20
-42
-51
-49
-47
-42
-27
-7
7
20
34
44
39
21
3
-7
-12
-19
-28
-33
-29
-8
38
89
122
134
140
137
115
75
29
-8
-37
-70
-99
-116
-122
-111
-87
-61
-47
-34
-16
3
10
20
46
77
93
96
102
111
123
145
159
145
110
70
30
-14
-63
-111
-158
-191
-208
-200
-173
-139
-99
-61
-39
-41
-56
-74
-88
-122
-187
-253
-297
-310
-299
-260
-205
-142
-42
100
226
282
293
303
301
273
257
241
193
143
119
97
79
114
194
248
265
283
308
338
354
296
139
-65
-210
-257
-239
-216
-231
-269
-283
-259
-211
-151
-109
-111
-122
-71
41
140
162
121
98
145
238
342
419
373
162
0
62
163
61
-115
-149
-120
-87
67
266
174
-148
-283
-174
-157
-354
-579
-831
-1133
-1336
-1289
-1123
-1081
-1154
-1111
-846
-507
-186
125
346
347
310
492
769
826
686
578
529
549
737
1046
1207
1195
1241
1441
1661
1783
1741
1473
1066
704
481
284
-37
-468
-897
-1221
-1327
-1136
-776
-552
-517
-496
-349
-155
-41
-97
-396
-853
-1241
-1415
-1475
-1536
-1631
-1657
-1518
-1147
-588
3
519
897
1088
1113
1092
1041
925
652
237
-194
-478
-507
-437
-372
-246
30
424
862
1257
1453
1398
1187
950
717
454
99
-354
-782
-999
-991
-863
-699
-535
-348
-111
221
534
699
677
500
326
220
123
-6
-146
-262
-326
-315
-178
14
167
330
576
886
1149
1259
1239
1085
823
635
467
54
-534
-897
-949
-1042
-1304
-1385
-1256
-1110
-1013
-868
-690
-642
-639
-683
-788
-1005
-1231
-1327
-1283
-1231
-1226
-1092
-734
-313
13
331
626
875
1078
1316
1391
1236
1064
1030
1087
1075
1052
1025
1019
1012
1034
1043
1096
1148
1097
987
826
618
396
253
94
-168
-371
-423
-532
-693
-740
-781
-1077
-1450
-1548
-1443
-1351
-1343
-1384
-1380
-1176
-823
-544
-388
-234
-107
-11
124
338
429
438
504
614
782
984
1218
1384
1509
1668
1841
1820
1674
1613
1675
1535
1091
794
644
129
-376
252
940
-339
-2234
-1657
384
192
-1684
-1960
-1191
-1670
-2520
-1952
-1420
-2523
-3543
-3012
-2081
-2219
-2597
-2046
-1291
-1502
-1920
-1057
430
550
-288
-138
719
1010
1237
2163
2373
1527
1349
2383
3054
2854
2742
2676
2283
2101
2649
2931
2428
1711
1293
1034
893
1064
1184
710
-78
-457
-353
-191
-222
-339
-804
-1478
-1781
-1413
-1106
-1478
-2026
-2315
-2373
-2262
-1860
-1494
-1534
-1776
-1822
-1662
-1336
-920
-712
-962
-1268
-1144
-607
-28
209
77
-23
393
996
1334
1432
1468
1217
791
757
1029
1048
814
639
513
499
799
1198
1254
1145
1059
1032
1050
1171
1142
690
187
-43
-75
-1
133
115
-92
-192
40
190
58
-153
-182
-14
203
360
27
-1000
-2038
-1383
962
1480
-1482
-3676
-1457
1485
445
-1910
-1755
-995
-1808
-2036
-657
-645
-2496
-3165
-1932
-1170
-1696
-1681
-568
-66
-917
-1419
-85
1512
1385
513
549
971
1142
1976
3063
2630
1219
1059
2257
3110
3206
2998
2384
1671
1763
2524
2773
2287
1487
723
133
103
530
487
-225
-1136
-1674
-1627
-989
-365
-631
-1728
-2688
-2823
-2239
-1914
-2462
-3321
-3494
-2969
-2570
-2268
-1810
-1431
-1353
-902
-135
365
733
1320
1614
1123
634
964
1681
1944
1852
1498
1235
1453
2341
2971
2711
2178
2077
2407
2696
2662
1948
984
521
578
378
54
-103
-173
-317
-418
-560
-1298
-2354
-2403
-544
692
-1841
-5493
-4906
-1036
-351
-3427
-4526
-3281
-3041
-3712
-2540
-1171
-2155
-3413
-2512
-605
-386
-911
-433
691
270
-1032
-635
1582
2463
1417
948
1635
2351
3013
4599
5135
3969
2703
3217
4223
4451
3818
2504
1375
887
1391
1687
1663
1056
216
-435
-442
55
282
-72
-752
-1548
-2232
-2332
-1965
-1614
-2253
-3246
-3881
-3425
-2538
-2043
-2149
-2631
-2691
-2521
-2071
-1193
-261
-164
-740
-1008
-550
66
996
1602
1152
332
724
2234
3030
3135
2640
1826
1491
2409
3490
3264
2353
1658
1100
861
1430
1771
1101
287
285
384
392
725
958
412
-524
-768
-672
-375
-57
-373
-1575
-2914
-3777
-3823
-1624
1266
-297
-5499
-6588
-1753
1130
-1465
-3354
-2563
-2456
-3453
-2177
3
-691
-2752
-3238
-1486
-464
-668
-454
1037
1590
-36
-647
1857
4344
3867
2642
2552
2642
2351
3819
5587
5244
2785
1536
2544
3831
4323
3318
2029
647
227
304
656
626
-347
-1610
-2326
-2167
-2062
-2001
-1827
-2139
-3475
-4485
-4267
-3108
-2685
-2934
-3698
-4533
-4511
-3195
-1316
-991
-1586
-2070
-1834
-890
614
1490
1150
1044
1538
1541
1797
3093
3982
3321
2581
2919
3181
3676
4573
4791
3475
2385
2893
3794
4092
3821
2700
826
-66
468
513
-465
-995
-1275
-2059
-2483
-1607
-957
-1245
-1625
-1865
-2199
-2035
-870
-442
-1696
-3531
-4984
-5445
-3326
731
693
-4848
-7774
-3716
867
97
-1646
-1656
-1927
-2714
-1545
923
866
-838
-2072
-1271
-70
74
-152
911
2449
1696
-11
871
3610
4481
3871
3627
3335
2171
3052
5649
6498
4097
1575
1488
2394
3389
3337
2391
532
-611
-811
-683
-556
-927
-1829
-2809
-3227
-3825
-4308
-3648
-2697
-3290
-4593
-5078
-4281
-3455
-2451
-1875
-2534
-3324
-2919
-1221
-245
307
391
-162
-246
1055
2472
2487
2721
3369
2705
1987
3056
4631
4516
3677
3482
2875
2415
3205
4394
3866
2318
1805
1835
1511
1417
1366
270
-1002
-1244
-1438
-1999
-1675
-1115
-1880
-2843
-2320
-1590
-1314
-876
-518
-1359
-2203
-1231
8
-216
-1904
-3985
-5489
-3708
1385
2670
-2708
-7108
-4250
485
694
-535
-1115
-2310
-3981
-3224
-711
-421
-2025
-3481
-2372
-265
295
-638
-44
2565
3238
1785
1930
4202
5105
4625
5141
5590
3802
2739
4383
6133
4860
2442
1318
1256
1886
2213
1933
511
-281
-702
-1141
-1178
-1486
-2448
-3674
-3629
-3847
-5197
-5727
-5067
-4575
-4698
-4217
-3454
-3641
-2942
-1246
-165
-401
-408
461
675
1222
2137
2255
1597
1949
3272
3641
3833
4392
4067
3189
3288
4077
3660
2790
2693
2280
1357
1117
1498
703
-263
175
384
-979
-1894
-1505
-1755
-2353
-1916
-1638
-2584
-2898
-1831
-1287
-1381
-943
-618
-950
-1085
-380
-36
-134
85
304
83
-806
-2372
-3862
-2071
3252
4667
-1503
-6932
-4707
-231
-10
-1091
-1454
-3150
-5644
-5102
-1729
-52
-1273
-3190
-2230
342
1263
260
884
3815
4878
3528
3356
5276
5697
5003
6265
7794
5739
2691
3027
5072
4814
3009
1885
968
76
-320
-409
-1283
-2301
-3427
-4485
-4871
-4986
-6014
-7132
-6199
-5086
-5697
-6295
-5177
-3919
-3357
-1870
-214
-611
-1591
-663
1502
2609
3111
3417
2716
2379
3705
5472
5703
5618
5915
5467
4744
4926
5062
3995
3129
2993
1924
209
-383
-493
-1305
-1737
-1362
-2145
-3524
-3189
-2006
-2314
-3016
-2755
-2960
-3780
-3207
-1673
-1623
-2054
-1449
-948
-1208
-856
345
946
926
1229
1680
1824
1985
2513
2576
936
-2956
-6821
-5577
1308
4935
-1360
-9535
-9617
-4715
-2498
-1957
-885
-2024
-5699
-6643
-2497
1690
1701
-709
-267
2968
4431
2462
1370
3998
6565
6689
6915
8163
7197
4587
5414
9189
9386
5534
2835
2798
2197
727
98
-466
-1771
-3379
-4795
-5981
-6130
-5852
-5759
-5280
-4567
-5646
-7601
-7073
-4843
-3849
-3671
-2482
-1926
-2712
-1865
1303
3374
3677
4139
4638
4030
4343
6354
6970
5946
5871
6531
5714
4696
4630
3862
2036
1141
888
-338
-1502
-1384
-1433
-2331
-2675
-2817
-3723
-3838
-2232
-1724
-3055
-3541
-2678
-2665
-2630
-1022
-149
-1294
-1790
-670
-392
-748
-32
736
204
-12
810
1260
1013
1404
2317
2556
2190
1751
1076
-1255
-5456
-9127
-7570
-429
3738
-1932
-10894
-12160
-7093
-3233
-1292
532
-47
-4249
-6261
-2805
2243
3532
1320
1531
4722
6630
4194
1811
3618
6619
7833
8211
9160
7099
2050
565
4577
7653
5700
1968
-520
-2619
-3937
-3230
-1620
-1161
-2417
-4698
-6861
-7232
-6496
-5563
-4034
-1693
-1456
-4017
-5428
-4018
-1687
296
2837
4052
2323
776
2060
4357
5757
6910
7149
4837
2556
2927
4572
5164
5024
4512
2697
931
630
1135
686
245
126
-805
-1884
-1841
-1498
-2056
-1924
-891
-1362
-2907
-2601
-1085
-620
-786
-63
-189
-1519
-1703
-661
-373
-878
-287
408
13
-432
35
754
1122
1080
613
-93
-86
738
1160
-266
-4467
-10336
-12614
-6297
3258
4274
-4992
-12379
-10932
-5588
-1407
1301
2350
-373
-4439
-4760
-973
2734
1920
-35
2134
6747
8195
4117
808
1437
4275
7181
9686
10184
5327
-830
-1835
2372
5358
4260
1357
-1448
-3763
-5209
-5123
-4008
-2915
-2619
-2818
-2521
-2880
-5135
-6765
-4518
178
2244
1277
-631
-2181
-2759
-1067
2906
5718
5699
3990
2680
2405
3077
4116
4466
4288
3963
3030
1732
996
1380
1764
2021
2364
1700
-131
-1661
-1247
-202
514
619
-59
-1694
-2961
-2277
-1043
-692
-894
-861
-901
-824
45
604
3
-358
-12
136
-677
-1422
-1643
-1691
-1207
-367
349
418
313
523
827
932
1162
1758
1974
-248
-6205
-12580
-11747
-2255
5616
2560
-6129
-10401
-9415
-6612
-3441
181
1812
131
-2276
-2613
-624
555
109
1548
5988
10184
9074
3504
-763
-1078
2104
6595
10773
10316
4194
-2040
-3264
-151
3224
4915
4189
1494
-2158
-4978
-6032
-5121
-3173
-1516
-543
-752
-2585
-5231
-6408
-4521
-1034
1781
2659
1287
-1137
-2878
-2115
427
3165
4568
4100
2230
70
-711
289
2268
3927
4704
4443
3173
1391
533
983
2114
2682
2399
1457
57
-1199
-1430
-136
1505
2336
1975
1261
361
-550
-1109
-783
158
445
-101
-1091
-2269
-3293
-3202
-1777
-647
-990
-1974
-2791
-3037
-2719
-1428
248
1077
834
174
-129
17
1065
2535
2439
-937
-6630
-9819
-6045
1398
3516
-1645
-6656
-7361
-6062
-5117
-3753
-1789
-764
-216
720
1437
671
-960
-900
1968
6742
10395
9155
4098
-448
-1200
1484
5920
9497
8752
4573
657
-955
-1370
-799
626
1348
257
-1693
-3500
-5600
-7280
-7087
-4553
-1453
124
-569
-2804
-4893
-5156
-2998
363
2634
2923
1603
114
-253
491
1699
2840
3707
3589
3111
3031
3121
2842
2375
2384
3037
3726
3336
1555
-277
-928
-382
749
1424
1177
131
-514
-441
186
1041
1639
1906
1461
496
-529
-1142
-1346
-1009
-50
653
60
-1400
-2677
-3416
-3564
-2928
-1875
-1493
-1841
-1977
-1716
-1259
-544
-78
284
1067
1945
2421
2344
1170
-2124
-6903
-9318
-5442
1625
3907
-62
-4854
-7166
-7276
-5417
-2560
-511
494
1072
954
74
-856
-1757
-1778
703
5642
9283
8369
4638
1471
436
1594
5100
8529
8510
5483
2232
-431
-2578
-2857
-1104
825
1286
300
-1958
-4861
-6655
-6194
-4274
-2205
-509
-73
-1535
-3773
-5036
-4675
-2776
108
2289
2353
812
-736
-1246
-382
1685
3805
4755
4202
3504
3268
2657
1692
1432
2707
4205
4555
3270
981
-901
-1332
-76
1679
2711
2393
1167
72
-154
396
845
915
1100
1274
599
-921
-2121
-2624
-2492
-1329
258
791
-328
-1703
-2501
-3115
-3300
-2747
-2108
-1893
-1589
-1672
-2512
-3000
-2063
-49
1807
2697
2481
1928
1136
-641
-3926
-7569
-7530
-2780
1579
1300
-1880
-4932
-7113
-6911
-4135
-1133
329
663
915
1253
1470
697
-394
57
3083
7191
8810
6736
2999
137
-867
629
3807
5544
4708
3286
2374
869
-835
-1186
-288
916
1964
1917
-337
-3591
-5655
-5644
-4076
-1862
-273
-435
-1590
-2291
-2070
-1579
-1020
-92
784
1411
2003
2280
1397
76
215
1829
3825
5112
4849
3135
1559
1621
2411
2695
2520
2408
2033
1036
-85
-1137
-1660
-1245
-186
662
786
390
-303
-883
-879
-263
364
550
257
-489
-1623
-2556
-2740
-2122
-1209
-605
-324
-655
-1557
-2348
-2224
-1272
-439
-61
-187
-727
-1414
-1952
-2028
-1300
-79
572
1053
1980
2155
687
-2234
-4954
-4849
-1859
316
-207
-1812
-3546
-4213
-3134
-2289
-2359
-1954
-664
716
1426
1247
-439
-2122
-2168
-394
2443
3875
3590
2483
1342
769
1581
3035
3499
3556
3885
3636
2290
749
-687
-1227
-488
626
663
-657
-1798
-2121
-2023
-1553
-800
-473
-655
-602
-222
-216
-522
-613
-199
578
1488
1917
1521
804
861
1698
2198
2177
1791
1731
1740
1682
1457
1017
1033
1410
1784
1861
1797
1349
372
-441
-399
91
258
-122
-425
-516
-749
-788
-742
-668
-700
-747
-725
-828
-1214
-1997
-2187
-1954
-2118
-1875
-1695
-1224
-382
-214
-308
-684
-614
-535
220
1223
791
285
-646
-943
-498
-375
112
482
1136
1565
1479
1287
376
-29
214
521
811
311
-324
-1225
-1901
-2070
-2262
-1937
-1497
-1023
-895
-1149
-1265
-1365
-1329
-1388
-1645
-1603
-1422
-1222
-1171
-1298
-1199
-843
-358
16
513
1119
1304
981
751
773
1152
1518
1615
1369
992
1102
1437
1699
1331
965
969
1291
1581
1657
1430
815
399
119
475
1029
1179
884
702
796
763
55
-719
-279
559
1242
1334
991
759
251
-471
-553
-205
-21
411
715
-1
-701
-1003
-1309
-586
187
126
189
-466
-1285
-913
-1004
-770
51
-103
-254
279
-264
-700
113
-124
383
1063
466
157
24
-488
-207
559
-179
-520
32
-98
-302
-710
-1225
-1133
-1059
-572
-241
-223
-322
-649
-921
-720
-333
-626
-407
-595
-722
-282
-257
-807
-424
89
166
728
338
-41
-328
106
124
336
591
-32
-91
-321
-374
-561
-188
-211
-601
-642
-1321
-1747
-1537
-2108
-2169
-936
-216
360
673
741
430
469
273
271
1364
1688
1922
1763
1256
1176
1377
1510
1357
2026
2361
2032
1613
945
555
510
870
1260
1696
1363
561
-22
-562
-1145
-802
-99
-388
33
-475
-1246
-1327
-1313
-1281
-588
1049
337
-105
-242
-811
-562
-1277
-1586
-300
631
79
498
759
33
101
299
556
1666
1343
614
1126
155
-35
-138
-375
198
344
190
-233
-190
-997
-1539
-1153
-967
-740
-643
-492
-560
-1754
-1867
-1487
-1652
-1169
-654
-109
-51
-768
-1232
-28
26
-263
-240
165
594
-349
-327
-578
-400
65
110
10
638
780
-210
-376
134
-243
-388
275
-886
-464
-490
-857
50
-138
417
901
1097
812
212
1092
1657
1008
2257
2273
1397
1365
279
383
69
363
167
-197
678
-1146
-312
413
-1135
442
386
181
696
102
-630
-682
728
-710
-475
1299
-188
371
241
-313
664
586
139
-134
968
-121
-335
1157
-226
-363
728
377
639
1596
747
633
241
-445
-339
-394
-1
-679
153
-447
-1422
-151
-1301
-1263
-2
-1188
-203
725
-550
-302
-710
-340
-904
-220
-34
-955
385
-2070
-1346
-803
-1254
-908
-1300
511
-1141
124
746
-908
816
257
317
1105
320
1119
-30
599
588
-1148
1155
-707
-172
-322
-1399
-478
-1491
-38
-1466
-341
-140
-1405
472
21
-345
255
614
734
340
831
1373
563
1590
565
872
1634
-99
941
467
536
1281
733
636
469
593
209
-27
323
-1
212
270
-460
402
461
13
733
-334
-378
84
-672
-399
-449
426
-262
-587
912
-651
-276
1238
-403
465
888
-1062
-121
293
-396
-511
822
-21
-863
936
-1052
-968
1474
-203
-159
1537
321
-186
-239
-38
-1494
-359
615
-2034
336
113
-1419
-2
-82
-488
113
186
-553
-823
102
-1012
-1305
82
-1472
-519
-648
-452
-413
-478
16
-536
651
-293
249
-724
-71
1054
-980
589
530
333
374
-441
-161
-572
450
-865
-842
936
-1235
-328
483
-572
433
783
1141
825
837
1566
212
786
884
28
814
554
-112
280
190
-499
487
209
554
276
631
385
48
1018
-672
364
50
-26
11
-323
1294
444
149
511
1163
1466
293
1105
1140
-183
453
-499
-976
-186
-551
-842
-1036
-548
-840
-529
-82
-1141
64
-84
-313
-165
-568
-322
-1259
-698
-899
-1121
-798
-154
-1278
-792
874
71
-325
719
959
-1218
903
174
-713
661
-349
-373
216
27
-693
559
464
62
435
1271
-182
249
1169
-1106
306
107
-635
387
-428
-361
-641
-254
458
-681
129
-113
21
93
-1387
-16
-5
-812
-448
-204
-156
-777
122
-28
-1101
339
724
-486
326
738
-623
436
904
-193
25
1956
427
-540
1530
735
453
260
746
-807
543
721
-1710
1024
1221
-376
438
1702
-944
297
1959
-833
447
2317
194
-87
2217
15
-335
1313
320
-457
558
735
-894
-96
69
-207
-802
-475
-46
-1653
-771
-1175
-722
-379
-257
213
-949
66
96
-1186
-1306
-660
-1225
-671
-1620
-1000
10
-803
-377
-6
1245
-110
1121
682
-139
696
298
71
-813
182
-719
-904
-217
-330
-513
248
309
585
122
-216
1379
-156
-117
303
479
-704
-232
1075
-1358
-374
1132
223
-643
826
826
-206
547
34
-277
562
-130
-596
-122
-268
-231
-1140
140
-590
-629
540
-694
-40
-571
-206
-439
-968
-70
-365
-366
1051
396
262
2219
1189
1062
1473
1306
975
21
1080
-520
-849
1027
-711
298
729
919
871
1072
2261
667
1393
884
191
451
-795
-615
-52
-1467
-989
-908
-937
-546
-460
7
-228
1499
-262
-60
473
-606
-1362
-795
-819
-1722
93
-2290
-680
61
-1856
-442
630
-406
-821
1439
929
-1377
1422
2299
-1658
1736
428
-1033
98
-1402
-631
-1230
324
-671
-504
935
-492
-229
529
-834
28
456
-966
-480
-808
-546
-965
-389
-329
125
510
-78
680
804
1066
768
957
1193
737
-244
269
488
-148
-87
228
847
284
-223
-746
383
152
-1313
403
459
-747
-85
330
-261
-28
990
278
97
825
-236
-338
-3
-375
-93
248
290
-356
108
457
-446
139
519
904
1133
416
875
837
700
374
292
833
123
152
358
-565
-539
402
-191
-516
-151
583
-547
-1059
551
-923
-407
-88
-633
-628
-824
-334
-937
-485
-528
-774
107
-470
-1238
421
50
-16
770
22
612
850
72
-418
527
278
-382
-14
73
-484
-642
178
-371
-448
-118
-178
413
-1023
-1046
-95
-946
-1061
-600
-538
-1340
390
667
-1626
-19
1773
-767
-216
1145
-397
558
166
-413
-390
251
100
-737
747
590
735
1751
373
842
1739
127
650
588
-38
389
638
531
266
1272
986
547
1221
784
643
794
447
714
31
-835
-146
-661
-1433
-717
-577
-879
-689
-344
-664
-147
160
-3
70
-13
183
-616
-597
-536
-714
-1025
-972
-702
-380
-164
-376
454
488
630
160
431
569
-274
-262
-323
-184
-546
-313
254
-34
322
1110
154
1039
1252
59
551
561
-113
-1205
174
-685
-1176
243
-609
201
117
68
146
43
350
-379
34
-639
-715
182
-1025
-1006
-697
-181
18
-1121
358
686
366
933
255
1132
839
180
-39
-788
190
-1165
-1773
-252
-1340
-677
-255
-651
477
598
1163
312
460
1718
-54
-156
476
125
124
-733
-141
171
-353
75
-98
861
864
-186
1346
1068
-108
1151
766
-110
-69
698
-35
-977
928
276
-423
1122
815
-148
778
904
-435
-24
765
-827
-871
339
-918
-658
-22
-468
-219
489
-248
-1052
264
-160
-2145
-473
-62
-2167
-641
-201
-1261
-941
621
164
10
1708
219
486
1402
-332
-342
564
320
-141
112
284
-123
385
-21
-133
843
779
136
370
431
-682
124
-141
-772
-167
-603
-607
-764
-380
-558
-775
957
461
-757
253
661
-496
-621
-140
-1051
-355
-175
-1256
-239
358
-313
348
1271
67
468
1450
-99
-193
456
311
-106
-4
136
-583
169
147
-739
611
1250
258
487
946
268
-424
72
-275
-797
-38
-532
-968
-229
-127
-731
-47
659
277
258
369
-14
398
320
-394
530
893
-295
-346
636
-206
-9
764
360
746
880
125
-57
533
48
-199
714
413
-72
656
-5
-324
567
402
-381
121
486
-335
-389
120
69
-605
61
-31
-928
-502
-501
-868
-320
-491
-876
-133
-649
-1470
-1123
-605
-590
-364
-96
-66
186
282
-487
-646
235
-161
-469
-312
157
78
-676
366
376
81
915
508
530
363
28
206
-69
515
86
-210
832
-55
-219
300
22
312
13
-42
224
10
-33
-121
505
406
-291
643
-192
-663
150
-168
-239
40
847
-229
-581
711
-381
-504
400
53
57
195
642
-169
285
530
-450
1405
503
-404
909
678
-471
-304
630
-469
-131
575
-535
41
561
-362
183
714
46
-54
532
-329
-666
113
-639
-461
17
-636
-389
305
-560
-475
656
-526
-235
517
-839
-454
183
-553
-926
588
162
-749
1146
-41
-107
1067
-160
133
429
292
-679
-474
427
-1325
-426
55
-875
153
-98
-174
-11
459
249
-331
874
281
-336
433
-618
-654
157
-615
-769
667
369
-715
794
886
-442
380
577
-1067
162
423
-1625
-400
598
-643
-463
884
78
105
972
-489
-65
743
-900
-436
389
-867
-572
1032
-95
62
1819
250
589
1390
-189
309
707
-285
1
366
-76
-566
448
-170
-672
724
-303
103
929
108
121
406
44
-247
-147
90
-613
-20
840
-608
94
755
67
-179
102
551
-568
-317
470
-770
-677
-629
-953
-927
-995
-500
-675
-236
36
-162
36
-207
115
-295
-799
380
-535
-509
603
-246
-85
585
599
527
771
601
279
631
339
-580
570
190
-317
709
266
588
824
508
166
133
463
-322
-968
155
-172
-903
-23
-180
-833
-92
-9
-283
263
125
-28
392
512
-1125
-506
450
-1088
-993
-560
-502
-222
-528
-508
-338
308
192
-539
779
790
400
730
802
719
50
714
381
-647
280
98
-474
131
308
-187
21
1042
-314
-391
1000
-94
-110
634
-163
-124
887
-35
-1059
916
741
-1127
40
570
-100
-188
668
140
115
995
-302
-69
406
-214
-214
-86
18
-553
-264
148
-541
58
-100
-352
233
-168
-234
73
-9
-490
-218
76
-342
-693
-542
-431
-672
-757
-856
-455
-374
-486
-295
-558
85
590
-41
-525
86
520
-583
-589
263
-30
-296
-46
-142
246
295
-212
482
1087
371
212
953
724
518
536
286
697
968
-154
-421
550
160
-730
-211
382
51
641
332
16
1171
815
-147
159
677
-296
-324
8
-471
-101
-895
-991
-562
-897
-618
-439
279
0
316
777
-555
311
-48
-915
-22
-44
318
57
593
492
-144
325
-654
179
87
-1134
176
-67
-72
305
304
507
-125
767
426
-311
910
598
-265
-313
78
-143
-746
71
-539
-253
1117
46
-4
714
558
-125
-88
11
-313
65
-229
-1168
-523
71
-990
-1045
-18
-337
-883
31
-76
-312
90
497
391
-111
428
492
-67
-383
-660
-321
-388
-1284
-561
456
-148
-255
886
685
651
1289
886
418
662
397
-444
-115
-875
-729
-486
-1620
-283
370
-84
669
1237
1440
706
1218
1243
76
100
-678
2
-108
-1356
-426
114
-259
-421
263
686
-166
295
501
-124
73
-209
329
51
-763
-207
-214
-529
-355
-415
-240
-135
449
496
-46
630
942
540
-84
606
687
-290
-112
57
-662
-725
-261
-311
-438
-318
126
464
349
137
703
176
-257
-710
-921
-899
-1308
-487
-873
-756
97
134
100
145
1023
615
-340
586
418
-637
-433
-74
-819
-969
67
-292
-184
567
-3
503
1146
-33
517
1328
-152
-7
722
-369
-452
358
135
-814
144
429
-147
1154
69
246
1738
567
-326
367
616
-1138
-990
-186
-1498
-526
68
-943
82
612
136
-145
915
700
-468
-320
-530
-412
-487
-686
-957
-59
578
-809
227
1752
521
485
1484
1115
-43
423
334
-988
161
-284
-699
803
329
-180
383
420
-222
226
1142
207
-444
423
-280
-601
-496
-1322
-905
-894
-859
-1005
-303
944
264
516
979
542
740
31
-688
-145
-817
-937
-770
-639
-854
-1109
168
-34
458
1293
1173
1262
873
225
-358
-402
-148
-723
-1077
-571
-524
-51
248
439
709
769
711
345
367
489
-180
-413
165
-369
-641
-34
-666
-1433
-597
-346
-688
-87
91
-71
398
217
-192
443
649
-169
-162
56
-353
-32
1018
581
-552
1204
1402
-139
491
1005
338
183
739
304
40
519
72
-103
551
-309
172
665
-267
-538
-632
-341
-1046
-491
-452
-1191
194
74
-573
230
751
381
-325
-90
1
-699
-1057
-727
-586
-982
-484
158
105
419
416
223
1050
540
-222
642
451
-744
-173
495
-418
-35
308
-513
306
1057
-224
482
1354
68
321
624
-379
-332
517
-408
-802
354
-464
-503
146
-648
-605
-232
148
-262
-273
99
-128
25
-555
-523
-269
-627
-463
-540
-294
74
-257
70
392
398
242
489
543
154
332
-429
73
419
-680
69
823
379
72
541
641
40
242
-67
363
854
-340
457
504
-458
-87
-410
-349
-375
87
490
46
770
559
382
604
-350
-265
-43
-258
-361
-859
-394
-274
-496
-268
-506
176
86
512
585
-389
477
142
-789
-833
-511
-474
-400
214
372
212
259
386
285
-76
-444
231
349
-168
-223
-168
-39
-353
-252
-112
-37
199
218
611
312
118
582
495
97
-335
-168
367
69
-489
-222
167
151
-419
-29
224
-11
398
-296
-267
-27
-386
-310
-609
-491
-23
101
-128
-544
157
286
-461
211
430
316
525
222
-78
-49
-8
-196
-252
-411
-249
-107
127
248
-279
414
678
109
-28
146
411
-454
30
349
-644
39
-95
230
546
-659
677
994
422
-90
-598
734
-100
-227
-51
-49
1116
-15
-460
425
42
-308
-376
-314
-147
-246
-29
-713
260
717
-877
439
708
-403
142
-87
-704
-207
64
-678
-674
492
-157
-493
695
131
137
407
9
-163
-93
-127
-947
-60
54
-856
-186
234
-231
-137
866
18
41
801
-82
-89
105
-330
-167
847
-22
-492
1203
563
-558
284
396
-2
563
379
-325
677
477
-839
15
147
-973
-583
-14
-641
-395
472
20
-20
342
-112
-8
-155
-524
-340
10
-66
-222
134
107
39
-337
-142
-122
-346
65
-36
-319
-127
346
241
398
365
317
676
414
-62
120
216
-121
-24
-190
-370
197
304
-279
228
574
159
581
957
62
-55
452
-774
-575
-155
-1209
-827
-71
-348
-295
772
411
381
845
-43
37
185
-142
-272
-157
-218
-326
-435
-878
-551
-356
-1143
-291
662
-78
267
809
512
-117
408
360
-233
272
-700
-764
62
-831
-922
293
504
194
834
1359
667
977
1305
96
-84
337
-394
-652
-478
-865
-527
-221
-251
-57
689
324
82
874
232
-313
75
-56
-554
-527
-594
-163
-160
-437
-433
-111
-41
-751
-183
22
-488
80
413
-226
499
1016
477
606
483
194
247
7
-776
-518
-25
-416
-303
342
540
558
610
643
567
277
202
346
-175
-372
-163
-466
-364
-959
-1209
-547
-57
-202
-386
686
640
102
694
245
20
705
397
-166
-342
-250
-843
-1104
-879
-927
-311
-164
-5
689
921
795
834
1411
1228
70
332
361
-632
-856
-702
-721
-824
-356
-318
-207
232
110
304
864
454
189
784
-18
-799
-115
-41
-977
-220
111
-660
396
56
-425
534
563
30
404
954
124
310
491
-683
-445
45
-774
-959
-621
-292
-309
-440
-27
346
444
-80
287
517
202
438
409
291
322
-23
-309
260
52
-341
75
362
323
233
-75
-77
277
178
43
107
-10
-190
41
-118
-624
-388
462
462
-28
-186
-336
-471
-624
-966
-1291
-580
-255
-492
-7
-144
175
1009
588
363
923
1472
620
39
248
-192
-283
-292
-295
-145
188
188
541
642
372
641
965
286
-467
257
-177
-1084
-903
-700
-1358
-1197
-427
-679
-347
474
471
369
1069
669
158
546
26
-725
-167
-233
-1289
-943
-679
-992
-349
453
136
519
1722
825
-109
852
394
-637
-184
-402
-632
-206
-216
-238
513
653
232
986
821
275
390
-312
-744
-189
-356
-699
130
155
18
239
287
392
187
64
234
268
-371
-423
-292
-582
-664
-422
-352
-115
459
44
-219
70
68
-370
-533
-285
-318
-8
294
-293
-393
562
260
-282
927
946
209
1071
970
30
575
592
-700
49
1031
-344
-645
259
-334
-565
89
-402
1
1066
464
-495
305
596
-931
-665
44
-667
-528
-93
-392
-69
348
-434
-517
773
74
-821
440
-59
-1025
-69
-86
-864
-130
631
148
382
1332
918
659
1041
461
165
136
-175
-428
-313
-693
-1075
-65
-167
-607
277
671
145
233
708
-174
-587
-12
-107
-335
-172
280
549
65
-287
-259
154
-3
-552
359
104
-732
-162
43
-580
-505
172
-150
163
854
-152
-418
633
-284
-874
299
168
-76
1066
633
-24
1353
543
-759
463
198
-1330
-454
-257
-1576
-780
-416
-1225
-17
595
-312
982
1760
564
605
1176
259
-149
429
-948
-897
710
-668
-1340
15
-322
-1046
-179
125
-623
261
676
-545
-53
357
-341
-283
230
329
-12
328
367
-46
452
210
-471
299
786
42
190
1141
783
220
447
240
-66
166
-332
-682
-89
-349
-441
-43
94
22
281
372
126
117
-398
-368
-496
-1121
-987
-937
-1215
-300
262
-200
522
1123
626
797
738
-303
363
312
-871
-322
-134
-857
-511
142
-255
300
1396
695
331
1143
733
211
-46
-245
462
299
-693
-321
257
-206
-332
-14
177
368
235
-389
191
-12
-1203
-74
338
-854
-662
-168
-632
-688
-299
-366
20
870
485
287
687
246
72
-228
-594
-181
51
-427
-777
-214
135
-282
-219
711
962
528
680
948
713
211
122
-99
-467
-324
-453
-403
-372
-401
255
62
29
114
43
368
-64
137
238
-318
-384
-261
-706
-601
-20
-133
69
679
166
-327
457
-459
-653
185
-400
-433
370
493
-129
129
446
444
364
283
286
486
-3
-574
112
55
-65
107
240
636
306
-198
-212
-106
-621
-579
63
-178
-148
37
-546
-200
154
-484
124
335
91
489
393
-39
142
50
-682
20
113
-460
-175
-120
-385
-126
-293
-476
176
471
643
450
640
710
621
606
109
162
405
-251
-514
-312
-848
-808
-356
-582
-482
522
45
-151
1135
424
-55
745
100
-301
512
154
-670
291
211
-1077
-159
300
-797
-530
278
-268
-153
272
-213
315
794
-202
-123
542
-347
-529
-281
-671
-670
-278
-601
-363
515
231
284
824
923
513
470
396
-5
139
-62
-578
-194
269
-366
-336
120
24
91
-16
-39
-3
242
74
-156
15
-242
-126
8
-239
-260
119
233
-63
-100
239
-236
-470
-243
-318
-29
-397
-9
643
523
294
362
515
57
-55
-175
-143
321
-32
-251
362
19
-321
-83
-224
130
515
-97
90
1120
495
-337
652
485
-664
-278
-396
-617
-359
-776
-945
-15
-133
-933
-219
311
36
-60
183
384
339
-138
-279
-293
-286
-190
-311
37
814
1180
833
927
877
519
514
107
-62
105
-267
-236
-378
-819
-742
-133
279
-367
-43
466
99
-57
-114
114
237
-142
-301
38
223
-497
-734
5
-150
-465
-877
-900
-1
235
-233
-269
533
649
134
47
-103
111
170
-509
-484
84
57
-289
68
408
581
606
41
479
934
200
-157
440
520
377
602
281
26
175
139
-129
1
-281
-222
334
-99
-513
-362
90
-399
-697
-470
-901
-641
-544
-1045
-315
264
-389
-25
751
479
-123
205
227
76
400
-267
-178
218
2
-196
-267
138
292
219
405
631
724
324
17
52
-458
-651
-596
-341
247
678
740
560
740
428
-59
-313
-744
-569
-367
-764
-413
71
-2
162
627
541
237
930
764
-19
124
-71
-668
-920
-1012
-846
-507
-574
-454
358
539
42
714
1044
207
289
529
-39
-303
-388
-722
-642
-577
-784
-415
218
-30
61
864
542
237
907
697
66
710
628
-428
-254
1
-547
-657
-517
-298
346
147
-311
402
421
-567
-157
455
-305
-518
69
-12
-310
-55
-38
-359
-240
-106
56
271
-62
234
614
-21
69
341
-171
34
133
-352
0
305
-75
239
611
-44
207
530
53
611
505
-284
36
-37
-839
-930
-455
-349
-169
58
-229
228
680
-48
-203
251
-30
-422
-300
-593
-768
-299
-237
-207
297
650
631
501
333
145
-223
-366
-721
-1024
-318
-119
-30
469
527
795
1217
564
90
1034
773
-334
114
428
-271
-380
-100
22
167
41
-333
50
442
51
-179
-295
-337
-485
-598
-743
-502
66
-402
-431
299
7
-186
231
299
10
-16
126
-141
-25
10
-455
-389
-372
-645
-188
30
-111
155
724
691
229
562
357
311
371
-431
-471
20
-121
-305
-269
-18
346
537
417
416
1110
628
64
530
507
-179
-414
62
-127
-279
-66
-42
-189
-358
-190
-31
-352
-452
-122
-305
-593
-368
-539
-974
-574
-126
-124
-185
-127
323
8
-293
212
70
-158
-53
424
563
421
557
457
365
87
152
389
11
328
678
-19
84
77
-353
6
268
72
202
715
165
-76
250
-366
-164
310
-217
-248
52
-339
-711
-473
-787
-971
-157
-103
-338
201
323
-39
201
93
-603
-71
181
-608
-255
83
-402
-207
180
-116
274
673
134
578
1019
264
112
223
-101
62
165
95
170
328
209
393
540
-16
44
23
-283
-312
-457
-531
-146
153
-160
-109
358
-83
-269
284
47
-443
-438
-356
-564
-671
-968
-838
28
-380
-912
257
430
-353
412
1098
435
726
1448
524
603
1158
-13
-318
276
-111
-352
-163
-337
-153
623
195
-32
1054
593
235
993
263
-822
-199
-113
-1200
-1084
-555
-713
-320
-15
-363
13
156
-366
-402
-244
-523
-985
-783
-197
-433
-353
236
322
622
959
538
261
685
396
-45
221
162
-155
330
223
-104
345
271
321
450
206
-126
138
695
259
-89
566
393
-466
-379
-135
-887
-1152
-262
-313
-320
150
-362
-241
457
-252
-550
399
213
-220
297
-371
-1070
-299
-661
-946
737
637
-614
486
922
-161
-219
149
66
426
350
-16
921
1036
181
615
1020
214
96
129
-344
71
29
-1129
-946
75
-57
-302
-41
424
612
86
-187
393
217
-345
176
348
-10
-14
-49
-138
-321
-634
-685
-590
-536
-419
-184
-258
-116
614
736
465
733
948
206
-37
321
-373
-884
-497
-389
-718
-676
-623
-189
241
-215
127
840
706
439
913
878
-16
88
175
-564
-687
-520
-817
-1022
-646
-362
-423
36
341
607
764
345
544
942
374
-218
240
185
-752
-698
-74
-210
-354
-129
-242
-166
196
-128
-130
293
27
105
440
69
140
743
439
146
311
-192
-539
15
-354
-1039
-531
-185
-182
-129
-4
234
637
494
90
359
252
-262
-119
356
372
94
28
345
202
-349
-472
-437
-354
-167
-180
24
738
528
171
845
633
176
403
-91
-367
-171
-751
-1048
-426
-269
-441
46
158
116
734
603
301
721
336
-347
-209
-271
-786
-448
-43
-458
2
297
-35
241
354
266
566
712
32
-79
50
-395
-618
-666
-429
-74
149
237
278
191
174
104
-230
-169
-153
-595
-465
-400
-774
-546
-309
-189
231
487
259
337
715
213
-119
230
243
210
95
118
147
-42
-108
-489
-554
28
289
183
366
433
227
145
-69
-225
214
132
-238
340
189
-434
-154
-91
-192
192
235
-59
-137
-77
-97
-37
-17
-15
-44
-359
-376
-154
-13
45
167
267
327
215
-292
-571
-342
-510
-820
-615
-623
-410
261
387
385
1101
1150
823
1280
940
156
189
-201
-693
-274
-361
-717
-80
192
-137
274
543
336
308
783
955
258
-78
-158
-331
-490
-555
-630
-747
-425
-671
-1103
-358
-246
-265
688
642
168
561
423
-590
-178
471
-553
-418
321
-364
-506
-233
-432
-365
-10
-141
-99
744
589
155
792
772
117
281
397
-3
-72
181
-243
-608
-35
-129
-314
163
360
288
452
448
17
240
413
-156
101
237
-529
-293
-95
-761
-822
-166
-101
-305
289
214
-132
239
267
107
118
57
-303
-400
-260
-599
-758
-611
-612
-422
-67
-235
-44
497
442
626
852
645
296
300
193
-453
-631
-352
-343
-449
-404
33
332
397
794
842
950
1056
678
531
528
50
-265
-235
-316
-469
-517
-358
-435
109
78
-261
495
483
100
187
122
-184
-165
-51
-545
-584
-414
-909
-465
-281
-1026
-588
-44
-308
268
890
320
506
875
109
125
393
-515
-427
232
-473
-446
272
-430
-353
444
187
417
747
322
262
868
89
-675
73
1
-399
-174
-9
166
448
364
368
648
450
57
267
386
-63
-433
-594
-674
-556
-324
-277
-204
50
220
14
-146
-53
-277
-435
-192
-339
-514
-404
-533
-467
-154
-20
99
343
148
-57
528
497
-271
-36
436
173
-186
-463
-260
206
65
-144
232
677
218
81
519
389
492
325
241
702
536
99
134
314
123
-279
-494
-474
-249
-263
-440
83
246
-279
-117
67
-158
-53
-280
-312
146
-46
-520
-525
-322
-351
-194
-251
-408
249
429
-225
141
486
265
332
122
6
-39
-42
-27
18
60
-192
-94
97
-63
295
516
396
682
851
696
278
317
167
-558
-532
-243
-504
-648
-680
-577
-216
-387
-575
52
373
9
353
568
16
72
263
-539
-696
-148
-351
-285
-108
-11
368
522
293
313
704
328
53
356
-50
-79
384
19
-552
-509
-408
-601
-259
-32
-110
231
368
405
509
279
71
168
39
-174
32
-84
-434
-334
-88
-22
-62
-14
30
124
191
311
285
90
225
213
-147
-467
-511
-426
-605
-726
-390
-128
-154
30
348
328
402
334
85
400
422
-138
-370
-266
-181
132
120
-160
369
901
547
551
955
572
223
195
-84
-46
30
-520
-589
-17
-11
-293
-107
-99
-215
-41
-314
-580
-445
-601
-849
-723
-630
-511
-209
47
227
445
498
513
637
434
182
-115
-465
-591
-623
-736
-585
-272
-31
452
855
967
1116
1264
932
602
587
206
-342
-413
-454
-658
-702
-546
-299
-44
288
556
927
1125
997
948
713
-6
-692
-931
-1124
-1456
-1366
-976
-808
-294
180
72
232
820
770
244
235
230
-24
-281
-687
-854
-638
-794
-929
-375
61
225
615
844
685
825
867
170
-240
-59
-84
-334
-273
-11
137
285
395
505
820
1014
831
544
354
214
81
-97
-423
-424
-92
-184
-405
-184
84
-59
-252
-236
-372
-347
-334
-800
-920
-573
-561
-752
-504
-226
-17
311
334
272
469
377
167
369
138
-287
-210
-202
-419
-379
-168
71
433
676
682
637
658
628
554
354
150
47
-203
-377
-409
-556
-570
-512
-362
10
331
443
488
638
648
493
254
-47
-221
-237
-459
-764
-963
-934
-625
-332
-30
163
368
518
429
248
147
66
-94
-71
22
-284
-507
-254
-179
-216
-62
164
382
589
670
634
649
466
177
129
-74
-314
-192
-154
-319
-258
-17
-114
-266
-89
96
205
129
-169
-158
-39
-279
-496
-378
-58
183
208
-12
-53
304
237
-184
-181
-79
-78
-101
-218
-228
-76
-95
-234
40
275
81
112
323
254
129
-21
-141
29
192
123
177
380
319
215
333
327
276
328
244
119
50
-101
-309
-310
-205
-222
-248
-204
-233
-354
-470
-542
-564
-607
-607
-531
-247
-11
11
152
276
205
188
318
211
-31
23
207
266
318
364
386
316
162
193
349
368
333
454
518
254
-118
-282
-286
-269
-307
-326
-264
-185
-152
-162
-59
97
35
-187
-289
-215
-262
-429
-339
-16
164
112
118
176
83
-55
-25
65
29
-5
135
312
269
126
37
-25
-47
1
-16
-98
-79
-47
-168
-284
-261
-229
-191
-114
13
98
143
263
354
333
247
197
216
87
-38
52
177
52
-167
-79
23
-46
-157
-189
-92
24
-26
-127
34
251
221
80
81
73
-60
-198
-230
-187
-108
-97
-69
33
35
-60
-111
-81
-116
-80
29
83
80
37
-27
-70
-97
-143
-100
95
229
159
77
106
101
-143
-291
-174
-23
37
27
133
284
238
104
129
210
211
138
120
66
-51
-185
-376
-352
-190
-122
-116
-78
47
106
13
-18
98
156
40
-94
-115
-179
-282
-307
-210
-4
30
-14
109
193
181
225
286
250
132
29
-20
-44
-56
-108
-60
43
82
128
139
155
144
90
71
108
125
62
-54
-96
-98
-176
-223
-210
-202
-218
-159
-52
-37
-47
-70
-80
-32
-40
-73
-60
-38
-43
-48
-18
17
43
84
113
139
173
143
109
76
15
-85
-133
-56
23
65
118
198
218
231
271
230
131
11
-85
-119
-162
-211
-234
-191
-121
-86
-34
26
72
75
47
-8
-64
-128
-236
-248
-172
-150
-172
-157
-71
-9
7
46
90
155
217
217
169
83
44
45
-2
-46
-28
38
43
37
101
157
146
120
149
198
172
48
-46
-62
-34
-58
-140
-167
-115
-81
-106
-111
-68
-12
-13
-30
-21
-32
-96
-127
-69
-1
21
34
54
51
59
79
85
78
71
49
26
-5
-33
-43
-48
-34
-33
-55
-65
-28
16
29
23
13
-2
-18
-49
-68
-81
-102
-60
17
52
50
68
53
20
25
52
57
33
2
-18
-22
-35
-21
11
25
23
22
18
22
44
62
57
58
56
6
-59
-78
-29
5
8
9
29
27
7
6
16
24
1
-23
-41
-62
-68
-64
-64
-67
-63
-46
-41
-43
-27
-15
-18
-35
-37
-22
-12
-5
-6
3
32
53
45
32
36
54
72
88
95
77
56
47
34
17
-8
-27
-26
-7
16
27
15
-8
-16
-6
1
-2
-11
-23
-45
-62
-55
-33
-25
-24
-19
-21
-29
-18
8
17
18
25
22
8
-2
-9
-18
-19
-8
-1
1
7
4
1
9
22
30
40
45
30
19
4
1
6
5
2
-1
7
6
-6
-13
-14
-20
-20
-11
-10
-19
-22
-29
-37
-37
-27
-14
-8
4
10
0
-20
-28
-16
-1
6
8
18
28
30
28
28
29
30
30
27
18
7
3
12
25
41
42
29
8
-18
-34
-44
-49
-40
-27
-21
-30
-38
-45
-43
-31
-16
-5
-2
-7
-13
-11
-8
-22
-28
-21
-8
1
11
25
38
46
46
44
35
28
29
30
25
18
16
18
27
36
44
44
45
52
57
49
31
10
-3
-16
-31
-47
-64
-74
-78
-72
-64
-54
-47
-40
-36
-34
-36
-45
-50
-50
-48
-41
-29
-11
11
29
37
40
42
50
54
54
49
43
37
38
48
53
52
45
37
25
11
1
-6
-12
-18
-24
-30
-36
-39
-30
-12
5
15
15
2
-16
-27
-32
-33
-34
-36
-42
-45
-43
-32
-12
9
18
18
11
2
-2
1
11
24
33
37
35
28
23
17
16
15
12
13
14
17
22
23
19
10
-5
-21
-34
-41
-43
-38
-35
-32
-25
-15
-4
5
15
20
18
12
6
1
-3
-4
2
9
9
4
-4
-9
-7
4
15
22
21
14
7
-1
2
9
12
8
1
-9
-18
-22
-23
-24
-30
-36
-39
-35
-28
-24
-20
-14
-3
10
20
28
33
39
44
46
45
38
29
19
12
4
-3
-6
-6
-1
9
18
25
24
17
8
-4
-15
-27
-42
-54
-60
-57
-51
-42
-35
-31
-22
-14
-2
10
18
27
35
38
40
37
33
30
23
15
5
-5
-14
-17
-16
-11
-2
10
22
31
34
30
22
10
-1
-14
-30
-42
-46
-42
-33
-20
-7
7
23
40
51
48
30
9
-12
-30
-40
-45
-44
-37
-26
-15
-5
2
11
25
38
42
36
19
1
-13
-19
-21
-18
-15
-11
-9
-6
-4
-1
7
12
14
11
7
0
-8
-15
-20
-23
-23
-17
-3
8
13
14
17
21
28
32
34
29
22
15
6
-2
-11
-15
-14
-8
-3
-4
-5
-6
1
6
7
8
3
-3
-12
-19
-24
-27
-24
-15
-1
7
11
9
7
4
-3
-6
-7
-7
-7
-10
-14
-16
-18
-13
-6
5
10
15
23
26
22
11
2
-4
-6
-5
-5
-7
-8
-7
1
11
19
22
21
19
18
20
21
19
12
5
-1
-6
-5
-5
-5
0
4
3
-3
-13
-19
-21
-18
-18
-20
-25
-33
-38
-36
-28
-17
-7
4
12
16
15
13
9
3
-1
-1
-3
-3
0
6
14
23
27
29
24
18
11
7
6
7
8
4
-3
-11
-16
-17
-19
-16
-10
-2
7
11
14
14
12
12
14
16
13
3
-6
-12
-15
-18
-18
-13
-4
6
17
20
18
13
7
1
-6
-16
-22
-24
-22
-18
-14
-8
-3
4
9
10
7
2
-3
-10
-14
-18
-21
-21
-18
-13
-10
-10
-6
-3
0
0
2
7
12
17
22
26
26
21
14
14
13
13
14
17
21
23
24
23
22
18
13
6
-5
-16
-26
-33
-34
-33
-28
-22
-20
-19
-19
-15
-12
-12
-12
-15
-18
-17
-14
-10
-3
5
10
14
16
15
12
9
7
8
14
18
20
22
21
19
17
17
16
15
9
1
-7
-13
-14
-14
-14
-11
-8
-5
4
8
9
6
2
-1
-8
-12
-11
-6
-3
-4
-8
-14
-17
-21
-20
-15
-10
-5
-1
9
17
21
25
27
23
15
5
-3
-8
-12
-15
-14
-10
-6
0
8
11
12
8
3
-4
-13
-22
-27
-26
-20
-11
-2
3
8
11
12
10
9
9
13
18
23
25
25
21
14
8
3
-2
-5
-8
-8
-6
-1
2
4
3
-2
-8
-13
-16
-18
-22
-27
-29
-27
-20
-12
-5
-2
-1
0
2
4
6
6
7
5
9
16
23
26
27
27
25
21
15
7
-1
-7
-7
-6
-4
-5
-6
-6
-5
-5
-5
-8
-13
-15
-17
-14
-8
-4
-1
1
0
-4
-6
-12
-15
