SAMPLES:	8750
BITSPERSAMPLE:	16
CHANNELS:	1
SAMPLERATE:	16000
NORMALIZED:	FALSE
7
5
3
1
-1
-3
-7
-10
-10
-8
-4
-1
-1
-2
0
1
4
5
8
8
7
4
-1
-3
-4
-6
-8
-9
-10
-11
-13
-13
-13
-7
-2
1
2
0
-1
-3
-3
-4
-7
-7
-7
-7
-6
-7
-5
-4
-2
0
3
5
6
8
8
6
3
-1
-3
-6
-10
-12
-15
-14
-11
-6
-2
0
1
0
-1
1
1
2
4
3
1
-1
-1
0
1
1
2
3
3
2
2
3
3
2
2
3
3
3
3
4
3
1
-3
-3
-3
-1
2
5
7
10
10
9
7
5
4
1
-1
-4
-5
-7
-6
-6
-4
-4
-4
-1
1
3
2
1
-1
-2
-1
-3
-1
-1
1
2
4
5
7
9
12
11
10
10
8
5
1
-2
-4
-6
-7
-7
-7
-6
-3
-1
0
2
3
2
1
1
0
-3
-6
-6
-7
-7
-7
-4
-3
-3
-2
-2
-1
1
1
1
0
-2
-1
1
1
0
-1
-1
-2
-1
0
1
2
1
2
4
5
3
3
5
3
-1
-6
-6
-7
-9
-12
-13
-11
-8
-4
-1
2
6
9
11
13
10
7
2
-2
-6
-8
-8
-7
-7
-4
1
7
13
19
22
20
18
18
15
11
5
-1
-7
-11
-13
-14
-15
-16
-15
-13
-14
-17
-16
-13
-11
-11
-11
-7
-3
-6
-10
-11
-10
-7
-4
1
8
14
19
23
30
36
35
29
24
17
11
4
-2
-3
-2
-3
-4
0
10
20
20
18
18
17
11
2
-5
-13
-17
-18
-18
-20
-23
-25
-22
-14
-9
-9
-11
-2
5
8
12
16
18
17
12
10
11
11
6
2
2
-7
-20
-14
5
0
-31
-47
-30
-22
-49
-73
-66
-51
-62
-77
-60
-30
-29
-43
-30
-2
-2
-16
4
34
29
10
25
59
64
43
48
77
91
83
81
97
103
95
97
117
113
82
64
72
68
33
12
16
10
-22
-46
-49
-48
-59
-74
-84
-89
-99
-107
-103
-101
-111
-121
-111
-96
-93
-93
-81
-65
-52
-42
-32
-21
-7
8
18
24
30
46
67
82
82
76
76
90
100
96
88
89
95
96
94
86
82
77
66
48
30
11
-8
-22
-37
-57
-73
-76
-71
-74
-81
-82
-78
-72
-70
-75
-85
-88
-81
-71
-63
-62
-62
-53
-36
-22
-19
-17
-6
7
12
11
14
34
58
69
62
56
62
68
62
50
42
39
36
33
35
39
36
32
40
48
35
11
8
25
23
-3
-22
-17
-7
-12
-25
-28
-24
-18
-16
-16
-18
-23
-19
-5
3
-5
-10
-4
-2
-16
-24
-20
-14
-19
-24
-27
-26
-19
-8
2
4
-3
-11
-4
4
2
-4
-3
1
1
3
8
11
11
16
17
13
11
14
16
13
13
18
27
31
25
16
15
17
14
10
5
-1
-6
-5
-5
-9
-14
-15
-15
-18
-21
-23
-25
-23
-21
-22
-24
-22
-14
-10
-5
-3
0
2
4
4
7
9
3
0
5
15
15
11
16
23
23
17
20
23
22
16
12
9
8
5
-4
-11
-17
-23
-27
-23
-20
-21
-26
-27
-24
-16
-9
-5
-8
-10
-11
-14
-14
-10
-7
-9
-11
-8
-3
4
9
13
15
17
20
27
33
33
29
32
36
37
34
30
28
19
7
-2
-4
-4
-7
-10
-10
-9
-8
-8
-9
-14
-24
-29
-29
-27
-28
-33
-37
-37
-31
-21
-17
-20
-21
-19
-19
-18
-10
8
18
17
9
6
12
23
28
30
26
18
19
28
30
21
15
17
25
32
34
26
16
13
14
8
-1
-7
-9
-14
-24
-34
-35
-27
-24
-38
-50
-50
-47
-37
-27
-26
-35
-39
-24
-3
3
-10
-30
-33
-16
8
22
26
31
27
24
27
36
41
40
52
72
89
97
93
83
91
108
110
84
49
26
24
27
10
-13
-25
-22
-40
-71
-73
-54
-51
-56
-50
-52
-61
-60
-64
-99
-140
-153
-144
-137
-144
-153
-150
-115
-67
-16
41
88
103
118
170
210
196
156
140
138
136
141
141
133
120
104
90
115
164
170
117
70
34
-11
-46
-64
-136
-245
-279
-246
-246
-332
-409
-382
-305
-300
-356
-345
-262
-254
-320
-280
-150
-91
-75
6
108
128
107
146
232
266
227
205
252
314
330
370
470
513
447
367
347
344
347
331
248
110
28
29
20
-84
-239
-335
-340
-341
-403
-429
-374
-325
-346
-344
-265
-168
-96
-52
-26
12
134
256
251
171
139
190
283
395
483
515
499
445
437
550
686
672
427
68
-104
107
390
100
-664
-981
-527
-245
-822
-1460
-1256
-724
-868
-1393
-1352
-845
-816
-1301
-1369
-875
-642
-815
-654
-158
-65
-310
-12
735
949
618
677
1264
1570
1409
1442
1829
1903
1548
1469
1820
1868
1427
1215
1426
1378
913
735
898
677
27
-313
-230
-354
-853
-1164
-1077
-1089
-1393
-1587
-1511
-1539
-1805
-1904
-1733
-1719
-1888
-1787
-1448
-1365
-1495
-1371
-1000
-724
-575
-337
-29
168
296
524
831
1012
1016
1041
1175
1296
1455
1716
1768
1474
1349
1614
1725
1362
993
1026
1152
1039
797
657
602
445
135
-102
-153
-245
-431
-550
-678
-917
-989
-792
-714
-948
-1146
-1134
-1104
-1082
-969
-893
-962
-1032
-1016
-842
-554
-409
-475
-429
-195
-59
-21
119
229
166
159
302
391
360
342
322
344
533
721
722
620
509
418
465
601
571
472
531
571
438
301
339
388
271
156
84
-18
-53
-51
-103
-164
-209
-265
-327
-373
-454
-503
-436
-394
-488
-535
-424
-382
-511
-566
-458
-430
-440
-364
-282
-239
-255
-239
-142
-37
45
88
137
235
308
380
486
506
426
402
486
568
603
578
454
295
254
349
404
346
273
231
137
-4
-102
-126
-75
-59
-204
-415
-455
-297
-174
-269
-477
-564
-455
-329
-363
-522
-615
-568
-467
-352
-278
-269
-272
-236
-118
111
283
259
187
273
454
565
648
833
1043
1055
933
917
1036
1133
1096
951
885
916
924
912
803
645
310
-460
-965
-82
1176
263
-2453
-3280
-1009
339
-1726
-3729
-2647
-1051
-2062
-3561
-2523
-796
-1538
-3075
-2238
-569
-862
-1526
-101
1192
-46
-1056
1030
3314
2479
898
1715
3410
3408
2791
3356
3975
3120
2231
2941
3735
2824
1569
1736
2017
911
-142
325
666
-593
-1846
-1650
-1299
-1927
-2657
-2739
-2948
-3711
-3980
-3288
-2734
-3136
-3575
-3205
-2578
-2380
-2135
-1436
-989
-1118
-960
-116
527
682
869
1251
1514
1743
2282
2864
2952
2638
2481
2711
3123
3244
2968
2562
2227
2053
2146
2257
1920
1205
692
629
598
300
-101
-373
-566
-839
-1242
-1844
-2572
-2766
-1780
-878
-2276
-5025
-5233
-2251
-734
-3039
-5173
-3855
-1869
-2560
-3716
-2305
-392
-1090
-2403
-1089
1032
766
-47
1470
3014
1889
826
2933
5205
4118
2194
2954
4816
4760
3697
3879
4398
3442
2419
3072
3695
2212
443
778
1501
335
-1081
-720
-238
-1486
-3064
-3159
-2592
-2821
-3564
-3793
-3689
-4185
-4855
-4460
-3371
-3090
-3625
-3731
-3229
-2701
-2047
-1331
-1138
-1276
-826
189
1142
1775
2019
2014
2287
2920
3385
3637
3792
3692
3374
3307
3514
3590
3432
3008
2355
1874
1820
1768
1438
956
268
-511
-700
-264
-96
-587
-1238
-1612
-1600
-1246
-973
-1313
-1982
-2182
-1843
-1442
-1430
-2076
-2979
-2943
-1509
-471
-1761
-4041
-4080
-1539
-95
-1704
-3422
-2464
-734
-1203
-2335
-1394
299
-102
-1100
77
1837
1545
804
2280
3797
2766
1430
2975
5414
5092
3170
2969
4305
4541
3758
3798
4152
3037
1582
1918
2718
1626
-77
15
625
-522
-2304
-2499
-1800
-2125
-3320
-4025
-4090
-4195
-4429
-4511
-4658
-5055
-4960
-3931
-3221
-3775
-4429
-3740
-2341
-1652
-1494
-1127
-458
117
622
1265
1888
2323
2632
3116
3635
3916
4085
4573
5009
4761
4166
3876
4134
4310
3949
3157
2305
1859
1720
1526
1071
298
-460
-699
-490
-495
-1177
-2006
-2386
-2378
-2320
-2469
-2633
-2588
-2410
-2268
-1979
-1574
-1502
-1889
-2053
-1665
-1748
-2638
-3130
-1567
736
201
-3149
-5098
-2575
777
260
-2517
-3216
-1558
-1044
-1816
-1456
-74
-72
-1004
66
2533
3097
1587
1893
4183
4829
3249
2974
5174
6214
4992
4078
4660
4864
3999
3748
4261
3633
1740
736
1236
1295
-187
-1386
-1325
-1444
-2666
-3748
-3783
-3919
-4801
-5399
-5230
-5071
-5267
-5438
-5324
-5052
-4519
-3835
-3494
-3214
-2534
-1532
-670
-167
545
1392
2112
2475
2837
3674
4404
4733
4776
4892
4833
4744
4985
5200
4819
4149
3817
3418
2718
1996
1583
911
-147
-1064
-1629
-1888
-2062
-2215
-2346
-2595
-3096
-3422
-3302
-3000
-3002
-3010
-2686
-2473
-2444
-1986
-980
-194
27
316
785
1042
989
643
437
-15
-778
-1157
165
2087
950
-2884
-5023
-2501
613
13
-2627
-3611
-2584
-2646
-3203
-2187
-235
-397
-2044
-1093
1809
2613
842
1172
3724
4212
2324
2101
4524
5769
4886
4433
5216
5132
3772
3202
3963
3754
1905
625
960
1019
-435
-1526
-1424
-1800
-3345
-4505
-4646
-4651
-4994
-5231
-5303
-5456
-5507
-5330
-4819
-4009
-3045
-2180
-1513
-927
-323
621
1663
2411
3059
3711
4361
4578
4893
5328
5291
4940
4654
4601
4249
3831
3523
3102
2337
1518
962
494
-202
-1049
-1591
-1976
-2513
-3102
-3322
-3193
-3092
-3039
-2735
-2467
-2486
-2440
-2107
-1681
-1385
-1098
-761
-530
-214
453
1085
1200
1162
1513
1819
995
-610
-1919
-2372
-1513
83
549
-2216
-6137
-6849
-3381
-546
-1595
-3929
-4288
-3177
-3458
-3275
-1227
878
394
-572
1334
3872
4214
3542
5197
7504
7461
5665
5539
7014
7504
6681
5997
5829
4471
2351
1194
1306
1052
-109
-1318
-2232
-3379
-4296
-4228
-3898
-4297
-5480
-6585
-7039
-6647
-5659
-4950
-4991
-5046
-4457
-3509
-2649
-1374
613
2348
2861
2538
2705
3926
5089
5780
6012
6019
5777
5292
5401
5334
4714
3609
2662
1925
1144
488
-19
-377
-943
-1543
-2290
-2767
-2930
-2939
-2797
-2703
-2767
-3123
-3280
-2973
-2515
-1974
-1517
-1301
-1280
-1123
-423
612
1272
1134
707
556
930
1211
1186
1303
1463
1492
815
-762
-2601
-4164
-4280
-2802
-941
-1491
-5542
-9505
-9365
-5254
-2102
-1803
-3257
-4059
-3849
-3119
-905
1730
3590
3522
3547
4839
6189
6480
6722
8010
9095
9027
7820
6554
5331
5001
5360
5112
3682
1263
-1187
-2967
-3514
-3005
-2767
-3895
-5859
-7320
-7221
-6176
-5358
-4963
-4745
-4733
-4792
-4456
-3409
-2179
-888
385
989
1023
1409
2793
4321
5445
6262
6694
6345
5446
4927
5172
5614
5378
4296
2943
1757
818
264
-15
-539
-1613
-2594
-3009
-2967
-2707
-1992
-1256
-1075
-1328
-1497
-1296
-1095
-795
-314
253
257
-310
-731
-506
-94
-67
-171
-160
-350
-828
-910
-640
-698
-1446
-1886
-1573
-1210
-1148
-1169
-1090
-863
-777
-784
-1481
-3370
-5156
-5597
-3460
-471
317
-1909
-5031
-5577
-3086
-162
1496
1359
356
-97
-199
549
1552
2424
3063
3550
4509
4793
3713
2801
3259
4491
5338
5092
4001
1758
-512
-1155
-680
-191
-646
-2054
-3664
-5146
-5507
-4395
-2802
-1925
-2406
-2852
-2298
-1426
-603
257
1033
1545
1411
1304
1216
923
1101
1856
2952
3228
2595
2148
2478
3366
4187
4224
3507
2388
1830
1976
1855
1420
647
-118
-781
-1220
-1271
-1242
-1020
-506
-30
113
-392
-1149
-1298
-594
287
654
429
-196
-997
-1424
-865
-274
-281
-641
-867
-1025
-1428
-1410
-827
-260
14
-220
-654
-748
-425
208
488
453
33
-357
112
874
-34
-3366
-6166
-5500
-1486
1856
818
-3799
-7526
-7096
-4410
-1792
-291
-127
-1034
-1791
-804
499
1010
1385
3079
5852
7427
6519
3655
1228
836
2407
4759
5957
4252
574
-2029
-2052
-667
444
492
-1018
-3411
-4858
-4535
-3547
-3076
-3123
-2810
-1895
-1024
-881
-1389
-1423
-368
1286
2727
3021
2015
675
303
1228
2510
3465
3768
3406
2598
1746
1228
1114
1489
2160
2543
2257
1233
192
-256
-108
279
233
-215
-984
-1586
-1525
-843
-36
409
349
87
-78
-173
-129
-115
29
168
94
-317
-1278
-2255
-2443
-1809
-743
-61
-67
-458
-963
-985
-570
154
930
1278
1120
593
-46
-260
138
487
-628
-3356
-5723
-5773
-3073
20
102
-2805
-5146
-4939
-3424
-2068
-900
-74
100
74
196
235
170
482
1829
4263
6393
6525
4700
2769
1842
1939
3135
4750
4855
2914
398
-1342
-2056
-1977
-1433
-1269
-1626
-2139
-2665
-3205
-3582
-3639
-2998
-1480
227
985
364
-503
-679
-17
1181
2183
2448
1948
1431
1290
971
811
1356
2180
2489
2002
1243
521
44
115
476
975
1116
689
196
-323
-677
-872
-353
692
1113
663
4
-92
292
1178
2108
2184
1209
167
-310
-548
-646
-395
276
645
121
-927
-1691
-1720
-1301
-935
-782
-953
-1424
-1920
-1886
-1450
-1247
-978
-522
12
395
643
1069
1239
694
-1572
-4706
-6323
-4905
-1368
491
-787
-3872
-6054
-6344
-5348
-3469
-1672
-202
569
900
826
158
-557
57
2948
6760
9265
8891
6342
3275
1209
1242
2899
4634
4856
3632
1882
-29
-1534
-2374
-2793
-2905
-2703
-2250
-2207
-3255
-4865
-5730
-4714
-2259
90
1363
1269
438
-240
-67
903
1868
2444
2726
2588
1873
940
235
34
571
1632
2391
2381
1747
923
326
343
836
1308
1555
1369
827
169
-181
-57
377
928
1273
1158
674
433
446
517
819
1214
1168
412
-450
-1163
-1573
-1438
-1004
-764
-1055
-1474
-1755
-1887
-1917
-1744
-1218
-551
-187
-366
-737
-902
-665
-74
647
900
629
718
1136
622
-1588
-4596
-6520
-5597
-2162
400
-376
-3143
-5324
-6179
-5846
-4310
-2411
-757
820
2228
2628
1706
344
-310
1238
5150
8939
9913
7950
4625
1479
-62
717
2468
3128
2497
1395
292
-912
-2233
-3373
-4143
-4028
-2818
-1456
-1213
-2416
-4085
-4743
-3773
-1720
415
1744
1975
1399
708
342
221
435
1096
2215
3279
3341
2257
1029
432
564
1401
2329
2484
1772
977
430
106
62
326
782
1002
928
668
369
145
172
470
814
1003
886
638
494
483
502
619
604
220
-163
-279
-266
-460
-918
-1385
-1627
-1636
-1640
-1697
-1738
-1743
-1742
-1682
-1507
-1268
-905
-211
669
1117
938
728
947
1353
1072
-877
-4152
-6525
-5508
-1974
257
-359
-2187
-3793
-4819
-4537
-3181
-2265
-1746
-375
1401
2173
1708
391
-817
-118
3157
6765
8274
7738
5831
3134
1343
1637
2596
2718
2574
2415
1377
-434
-2176
-3955
-5553
-5430
-3398
-1283
-596
-1429
-3033
-4273
-3899
-1940
35
946
1049
809
318
-208
-517
-501
244
1797
3252
3760
3249
2136
1132
791
1225
2040
2669
2758
2184
1148
50
-519
-388
178
913
1401
1264
545
-265
-766
-717
-162
564
1132
1227
612
-448
-1201
-1285
-834
-348
-171
-235
-548
-975
-1348
-1585
-1647
-1521
-1135
-562
-154
-185
-612
-1092
-1230
-851
17
785
1002
1001
900
587
548
1026
1381
1143
176
-1934
-4500
-5266
-3853
-2175
-1355
-1171
-1571
-2684
-3595
-3878
-3835
-2972
-984
1124
2235
2186
1026
-591
-1042
513
3026
5218
6415
5960
4028
1972
894
654
1020
1916
2694
2763
2195
1070
-747
-2674
-3688
-3147
-1449
173
573
-356
-1863
-3112
-3269
-2485
-1575
-873
-295
12
-190
-667
-1074
-1030
-377
824
2024
2536
2358
1911
1675
1879
2499
3030
3247
3276
3001
2420
1813
1424
1010
500
258
304
28
-487
-752
-862
-995
-1042
-681
-232
-41
-184
-611
-1077
-1500
-1498
-1095
-749
-449
-248
-584
-1201
-1570
-1716
-1202
-333
25
-61
-185
-363
-545
-202
344
658
651
664
736
366
-100
-494
-516
-201
-82
-478
-1593
-2768
-3025
-2215
-1143
-535
-830
-1945
-2634
-2361
-1968
-1578
-1123
-1046
-879
-196
363
185
-528
-823
-227
796
1950
2660
2077
842
189
302
816
1448
1857
1626
1175
1034
965
874
835
834
918
1282
1636
1374
581
-189
-569
-458
16
350
96
-616
-1036
-720
-196
84
173
206
216
436
845
982
909
916
1121
1514
1945
2132
1842
1202
804
785
851
899
747
447
351
356
-236
-860
-1192
-1459
-1288
-1008
-791
-1012
-1457
-1740
-1442
-411
198
551
475
125
137
-15
-371
-453
-308
-371
-171
-165
-417
-493
-292
-100
267
878
355
132
45
-329
-75
57
-98
-297
-422
-863
-1058
-1317
-1500
-1356
-1182
-919
-917
-983
-1422
-1409
-975
-616
-159
232
311
32
-199
-798
-1369
-1543
-1201
-903
-527
-175
-686
-1037
-1082
-831
-654
-450
-200
-153
-21
15
39
-142
103
813
1736
2509
2810
2760
2415
2213
2031
1916
2132
2447
2401
2186
1825
1223
476
-18
-99
-39
455
788
642
392
-275
-706
-312
68
516
1266
867
-253
-724
-1128
-1245
-794
-516
-359
268
407
61
114
157
51
406
657
116
9
-700
-1124
-665
-981
-769
-267
-359
-431
-272
149
-34
-506
119
11
99
628
294
474
176
-603
-635
-351
-560
-257
-182
-630
-842
-1038
-1230
-1370
-871
-1293
-657
26
-1102
-1011
-1033
-1427
-839
-347
-680
354
242
-928
445
300
-226
575
439
-53
176
-35
-761
-463
-819
-1047
-160
-328
-965
-278
-539
-1287
-959
-733
-203
-32
314
226
512
986
688
1214
1510
1497
1149
1604
1539
1187
1503
1348
1664
1784
1738
1197
1387
843
108
858
779
270
84
307
-443
-734
-237
-303
-296
-33
-297
-228
341
-380
-275
-237
-524
-322
271
651
589
831
290
873
324
-30
648
320
419
403
606
-324
-789
-784
-846
-570
-100
-59
-406
547
-103
-323
818
637
78
425
204
-371
-160
-1134
-827
-351
-1110
-1099
-802
-1281
-1757
-748
-918
-545
-115
-324
-336
-588
-628
-1248
-554
-1219
-1299
-1108
-798
-164
-1098
895
467
-440
1389
714
312
1284
726
121
808
-181
-1281
-905
-1175
-1177
-620
-201
-119
-42
-685
-353
394
-244
720
1160
655
605
679
-17
565
558
17
1528
325
562
1095
532
768
632
717
610
886
-243
427
598
-342
177
-370
-228
-313
122
-513
655
1362
-58
1095
9
-172
-404
73
32
61
673
-236
782
-402
212
808
802
579
709
1517
-263
253
-134
-753
-203
160
-425
-550
596
-1051
-702
-366
-549
241
-366
467
210
-57
172
415
-119
-211
366
-370
-205
-733
-853
-585
-747
-579
-426
-188
-394
-948
-465
-603
-502
-861
-744
-915
-1388
351
-762
215
970
25
499
824
-129
-490
363
-1115
-472
-621
-1646
-430
-447
-659
1082
1379
674
1082
655
-156
430
387
-328
-14
-728
-663
-596
-315
62
446
1032
1062
1666
972
1176
1132
425
612
-202
-578
-1087
-1249
-1084
-914
-703
-227
281
-430
430
466
429
1105
981
948
1563
867
-369
946
-365
-546
84
-235
139
604
899
-66
1335
931
936
1384
768
969
375
170
-1164
-496
-1442
-1946
-590
-1502
-1069
-697
-152
-617
-86
1054
153
453
382
-492
-62
-944
-1049
-682
-1313
-456
-49
356
-526
827
441
-644
1298
-240
-223
121
-348
-829
-1146
-376
-1612
-962
181
-550
939
712
186
652
252
627
190
1053
142
-75
396
-1309
-160
-944
-589
102
-475
690
-137
673
-459
197
286
-846
761
-1087
178
-429
-179
105
-559
745
-717
747
83
690
926
197
889
-363
496
-358
357
16
-598
633
-659
409
228
-219
305
-186
413
-21
397
511
25
1343
482
1095
1487
555
1412
670
1383
922
721
408
-514
61
-1342
-613
-646
-1136
-48
-455
16
112
-59
25
-561
-305
-767
-315
-538
-949
188
-1019
-478
260
-267
624
540
738
130
160
230
-935
208
-1030
-550
-314
-1155
-52
-940
-21
-818
-177
-262
-922
168
-869
158
-220
151
335
-103
391
-259
231
-323
492
188
2
700
-114
581
-78
614
-13
317
49
-443
684
-847
521
-311
-254
-616
-480
35
-1068
899
-686
310
290
-589
405
-304
354
-595
829
-134
-450
840
-1122
390
-116
-108
236
236
579
142
1186
24
784
918
560
1250
497
557
339
2
-80
133
132
196
444
235
264
664
117
8
607
-52
286
533
-107
-299
-147
-212
-773
-136
-573
-973
-558
-495
-628
-412
222
-443
-18
-41
-494
-332
-306
-564
-445
-10
-389
305
31
125
503
-135
255
-123
165
79
144
172
-485
125
-952
-367
-670
-713
137
-474
324
-186
213
-278
-227
-408
-681
-112
-487
460
-175
499
440
-195
563
-6
302
4
153
68
73
246
-378
158
-810
-1
221
-110
854
504
642
282
570
48
143
-124
-702
170
-607
-681
102
-797
-655
524
-228
-54
1126
715
229
1066
572
-199
491
53
-114
438
79
866
356
375
1414
484
878
792
750
-132
450
409
-1274
314
-16
-871
-204
-41
-1135
-707
427
-733
-405
674
-197
-661
-58
-763
-937
-286
-502
-334
-322
163
-315
-168
-101
-543
739
-464
635
574
-97
720
-491
132
-560
174
-203
-236
329
-839
669
-686
-168
-2
-749
433
-833
147
-290
-161
-286
-365
342
-718
625
-634
-320
176
-501
-23
-68
-120
-330
637
-386
242
554
158
615
687
664
-263
807
-36
-369
405
-86
-416
-102
714
-628
220
553
-279
599
792
25
-8
661
-1201
-411
-46
-858
545
560
185
759
961
-466
657
-35
-757
848
-20
-492
315
683
-1033
425
639
-737
1319
906
321
828
1145
54
-121
384
-860
-558
-765
-1033
-616
-533
-191
66
-134
234
103
-417
-166
-444
-321
-135
589
-374
93
267
-1055
10
-1036
-507
-367
37
165
-107
871
-623
597
-300
-239
252
-566
410
-919
290
-690
-362
-254
-1190
914
-599
482
-33
79
534
-482
943
-833
590
255
-355
623
-99
961
-142
730
-131
-188
691
-1007
486
-406
-484
133
43
-137
-554
1081
-380
278
1062
121
653
154
548
-246
-169
-58
-300
-74
88
419
-521
352
-25
-215
154
-158
-94
-116
694
-233
92
76
-5
561
-88
365
297
442
28
201
94
-628
723
364
-491
492
707
-455
321
449
-1183
214
331
-1094
333
733
-617
794
562
-697
1169
183
-754
282
-433
-1701
-982
-1022
-2250
-491
-835
-746
417
-106
707
259
477
556
479
520
-87
74
-329
-44
-918
-678
-543
-1001
43
-558
-4
-79
144
722
191
403
701
786
-289
551
-78
-1069
111
-622
-772
22
341
-364
720
795
38
1541
261
649
1063
-351
15
-364
-433
-559
-234
-353
-95
300
-89
829
-68
349
616
-528
205
-186
-257
-263
-25
-135
-61
703
-177
903
789
207
1165
662
128
407
700
-729
41
-122
-1246
-415
-596
-759
-994
25
-601
-293
680
479
946
868
1240
98
775
112
-660
368
-513
61
-38
75
-286
41
133
-514
510
-262
48
-267
-900
-637
-863
-607
-537
143
41
200
247
88
-211
-743
-529
-484
-687
-472
-30
-772
8
-26
-332
361
179
570
305
458
-181
457
116
-472
763
-446
93
118
-179
-111
15
426
-219
784
167
272
18
-632
138
-852
-188
-182
-258
48
-86
-413
-809
166
-611
26
329
-149
341
218
496
-130
548
518
191
865
380
462
468
316
84
383
355
20
808
-16
-149
268
-528
-76
-186
-168
218
266
426
200
826
287
388
1024
-362
458
313
-799
-246
-529
-1075
-722
-340
-1527
-96
-6
-1444
470
-69
-382
784
486
88
708
979
-199
726
486
-642
367
-276
-677
-185
-490
-811
-330
-467
-460
322
-38
647
963
198
904
934
-113
13
97
-1022
-915
-308
-1198
-341
-123
-459
562
330
335
508
448
-492
232
-95
-1092
-58
-568
-521
-584
-236
-505
-376
187
-150
535
-11
407
594
10
250
90
-276
-424
228
-542
-436
243
-353
-75
-112
254
-58
329
855
181
1054
604
507
799
191
31
330
347
-238
773
-22
-215
404
-345
-18
-99
36
-343
67
-48
-123
234
-365
429
-50
-41
280
-374
-401
-14
-531
-1413
-190
-698
-840
-28
-713
-192
244
281
324
1167
692
-99
1165
65
-889
572
-409
-1109
775
-47
-630
836
259
-286
1003
592
210
1872
859
176
912
-269
-855
-203
-551
-1471
122
-140
-1435
834
307
-738
697
568
-769
-45
296
-1270
-326
-658
-1143
-46
-575
-474
571
-64
-515
1073
-120
-540
776
-156
-603
56
355
-637
243
228
-359
277
-85
228
-11
1124
102
-50
1112
-122
216
-74
345
-680
537
924
-750
1284
268
-166
-45
-111
-437
-275
602
-850
670
-100
-745
364
-787
-87
-106
73
223
738
421
-480
340
-1092
-853
-437
-1303
-408
-392
311
130
216
1049
-19
313
611
302
-190
565
265
-831
740
-628
-841
649
-179
127
796
448
-69
1022
372
-676
684
-277
-541
42
-133
-271
-452
486
-378
-225
466
-135
65
61
350
-239
226
-30
-415
464
-1130
61
-63
-1174
314
-257
-434
-564
-22
-578
-171
281
-729
685
-59
98
496
249
819
409
1024
468
674
613
24
336
-161
167
-163
-153
-199
-428
-290
-471
-311
-231
102
5
-72
41
-36
-407
-15
-17
-249
-52
-79
132
-379
199
-230
-475
797
203
221
922
445
-361
246
-38
-1127
-39
-508
-929
96
-332
-519
-107
325
289
562
856
297
757
625
-94
243
35
-80
225
5
-370
282
72
-679
384
139
-476
180
-39
-347
-82
-311
-391
-320
-211
-233
-444
-148
-57
-257
-152
95
-460
-19
198
-468
201
398
33
241
645
175
238
393
-86
129
-86
50
-33
41
262
-125
280
141
415
215
-80
374
253
309
-400
368
135
-855
512
-225
-769
-97
-260
-659
-316
396
-556
241
173
-486
459
-828
-335
-5
-474
-300
-239
170
-539
626
129
-378
687
-191
515
509
393
546
491
710
-133
722
90
-64
675
-288
388
114
-52
4
-16
31
-694
164
-262
-603
176
-61
-203
-46
390
-442
-242
237
-903
-65
-321
-762
-173
-619
-405
-259
337
1
523
714
-81
764
41
-73
-114
-151
-391
-358
284
-641
60
177
-135
-84
499
526
2
1276
345
118
898
-6
-571
223
205
-1197
-29
-84
-941
28
103
-47
2
588
86
86
347
-193
282
-235
-77
-5
-394
-430
-234
-110
-815
291
141
-501
625
665
-118
233
1000
-253
-451
240
-867
-1084
-372
-715
-829
54
-17
-102
796
480
92
742
754
285
715
746
162
423
173
-225
-4
6
-63
487
206
-85
676
-10
-530
31
-42
-478
-237
-100
-248
37
-226
-357
-12
-34
-317
-503
-314
-376
-418
-276
-425
-133
-170
-356
35
-153
-385
483
490
-318
562
649
-255
159
348
-222
-3
355
123
460
381
539
740
180
501
593
-73
189
487
-422
-13
250
-506
-170
-87
-403
-250
-172
-342
144
-80
-200
124
-388
-421
-585
-809
-934
-793
-401
-640
-584
-150
405
-189
-190
835
36
280
582
345
477
595
826
258
326
118
197
-239
-317
376
-201
398
371
11
719
316
110
481
349
177
454
257
-218
308
-134
-329
-29
-922
-789
-458
-508
-774
-441
151
-309
-198
-188
-155
-209
-149
-92
-183
423
73
196
199
-156
65
104
-181
-249
437
-218
-109
244
-489
103
494
-48
193
1047
524
265
735
274
328
47
-78
253
-308
-291
-179
-343
-585
-119
-170
-522
197
-156
-145
23
15
35
-281
256
-99
-484
49
-213
-523
132
427
-307
512
530
-304
931
318
-261
659
179
-546
-65
-378
-1196
-344
-548
-501
147
-456
97
565
-77
450
809
212
465
322
-176
87
-227
-509
64
-295
-580
223
145
-221
478
527
-57
484
748
73
116
520
-414
-209
529
-471
-200
696
131
-267
224
-172
-195
-20
-528
-248
-190
-339
-441
-622
-352
71
-339
-174
441
-220
-152
379
-25
-14
501
-1
-753
-126
340
-36
246
600
489
438
605
342
45
656
318
-78
-34
-340
-122
-517
-547
-207
-305
-464
-31
331
-464
30
735
250
10
259
127
-577
-547
-238
-646
-900
-462
-343
-534
17
306
25
381
528
531
788
787
602
649
630
66
-121
-164
-470
46
-152
-1163
57
734
-743
-93
1005
-467
-174
1155
-33
-393
606
10
-368
-181
-809
-404
-533
-989
0
353
-456
-162
239
-170
444
356
120
743
439
-154
-224
-377
-527
-80
-539
-844
329
245
88
966
840
211
1346
1064
-683
321
505
-757
-545
136
-508
-454
-119
-344
211
-88
-106
726
141
-266
487
-270
-381
447
-475
-744
424
-586
-898
509
-431
-774
317
88
-294
735
120
-199
733
-20
-120
454
-141
-790
364
67
-958
234
349
50
647
922
648
714
515
-330
-69
-557
-945
-489
-579
-171
143
-120
207
869
-261
-205
927
-367
-603
494
-265
-903
-102
-229
-593
-70
-229
-108
233
-223
47
322
-124
-28
377
7
-9
373
97
210
194
-291
219
328
-239
285
500
132
528
987
701
877
670
272
852
-101
-785
-524
-1285
-1060
-312
-856
-793
914
105
-668
739
-203
-649
-140
-476
-985
-476
-263
-828
-464
-539
205
-56
-110
958
355
522
969
388
98
1003
538
-393
748
340
-285
194
100
73
57
9
35
265
-26
181
564
368
235
391
445
-383
-706
-471
-743
-1275
-565
-450
-1235
-328
216
-430
122
937
-45
-265
502
-78
-610
-138
281
-164
-98
616
75
35
682
421
235
283
298
225
-40
-185
-174
-208
2
177
-132
-16
379
-49
-218
141
-340
-341
172
-142
-212
-262
-14
153
-32
-34
195
549
46
303
322
-227
-350
-53
-28
-474
229
-133
-217
586
74
-61
755
375
-211
779
211
-361
477
84
-238
94
-548
-840
-163
-983
-917
-40
-324
-75
168
289
126
252
117
71
178
-148
205
-165
-140
40
-203
-7
144
372
93
659
838
-26
113
317
-134
-715
0
-167
-668
72
-300
-419
-53
249
-301
-190
192
-519
331
181
-408
324
326
-184
287
633
-149
546
591
16
398
-120
-282
23
8
-224
197
133
107
835
120
-138
59
-271
-426
-476
-533
-866
-673
-386
-221
-304
-463
121
538
239
-119
259
41
-295
111
40
-223
88
604
3
-407
27
180
3
254
364
2
16
344
548
307
619
963
697
25
47
-87
-1160
-771
-381
-703
-355
-65
-275
223
688
-240
346
866
25
447
468
-21
-479
-61
-14
-749
-417
-314
-356
-241
446
-101
-556
390
26
-375
62
361
-150
54
201
-156
-16
-606
-256
-133
-392
39
359
68
-61
1151
35
-224
702
69
-57
334
-72
-1424
159
93
-1291
-238
720
530
309
1350
394
281
592
109
46
-417
-66
-52
-199
-761
174
256
-971
331
293
-613
206
711
-429
104
750
-701
-150
89
-806
-701
-261
-436
-511
49
-12
273
582
243
527
896
375
-2
-18
-46
-607
-926
-668
-537
-520
-530
393
793
584
753
1235
899
270
784
187
-675
-295
-262
-1098
-781
-277
-927
-229
261
-192
445
776
169
156
478
56
88
198
-133
148
-21
-501
-268
-208
-452
6
302
11
230
911
535
47
446
-22
-392
-188
-642
-1190
-432
-106
-741
-262
-15
128
476
542
723
816
859
367
42
-324
-431
-239
-877
-1018
-499
-118
-565
-642
330
645
376
488
696
412
299
275
64
-193
63
287
-645
-476
226
-104
29
370
463
-211
123
517
-514
-311
272
-83
-784
107
391
-581
98
347
-256
-61
355
59
-139
343
198
-166
336
558
-7
-58
392
-380
-589
6
-638
-1034
-313
104
-197
76
576
487
177
212
-68
-128
-4
-209
-152
-162
-49
-250
-137
-80
-207
-189
-607
100
442
-232
235
656
488
727
936
0
-19
428
-542
-358
-252
-878
-228
484
-195
75
1298
578
7
749
355
-544
-386
-322
-308
-372
-698
-175
259
-239
-104
272
-194
-1
564
-153
-547
-125
-675
-621
203
-222
-449
987
798
-752
285
652
-745
-402
134
-291
166
132
-586
339
581
-758
-260
866
185
-177
324
425
406
75
-78
752
645
-145
371
319
-320
248
-243
-1363
-392
-7
-936
-409
307
-112
276
503
-89
309
524
100
267
517
135
51
-226
-492
-37
-331
-871
-89
181
-833
-551
-146
-531
-418
191
215
310
837
614
935
1064
439
289
487
135
-547
-388
-235
-586
-621
42
238
-630
-213
644
190
159
702
438
129
339
-302
-629
-310
-548
-722
-653
-648
-262
46
-207
-240
354
331
-467
-189
269
97
-586
-440
-54
-263
-1
23
87
132
765
838
333
576
926
510
100
858
323
-74
664
177
-580
-78
117
-748
-426
103
39
126
301
357
531
505
-359
-161
226
-490
-1178
-1115
-897
-1287
-1321
-913
-616
-306
40
390
544
400
546
252
41
184
204
73
-302
237
449
16
-36
349
462
175
421
746
909
838
225
450
627
-262
29
664
259
-257
38
-11
-402
-282
-536
-304
-20
-172
-136
-57
132
-255
-786
-581
-143
-492
-927
-64
-79
-486
50
-37
-164
416
479
-296
273
762
-136
-198
54
-295
-503
-135
69
-8
399
312
-8
283
158
-102
82
334
33
240
622
-211
-84
342
-507
-522
265
-206
-802
200
275
-733
-101
506
-96
-41
783
450
-253
214
309
-458
-564
279
184
-287
446
536
-137
447
644
-350
-170
572
-263
-776
-32
-617
-829
-205
-231
-177
211
460
217
273
102
185
230
-119
-200
-125
-16
-249
-383
-418
241
107
-323
548
697
263
234
341
211
447
161
-274
336
22
-432
-78
-224
-603
-643
-624
-395
-237
-579
-264
268
21
-33
130
254
392
180
193
239
125
195
122
-293
-175
564
-79
-359
507
404
-9
218
617
257
418
872
230
-71
305
231
-419
-436
-271
-709
-360
-310
-789
-480
25
-125
-509
183
555
11
-36
501
205
-243
-108
-511
-687
-176
-319
-1074
7
151
-969
-201
493
154
36
925
553
202
598
451
241
-301
325
184
-418
299
643
-243
-149
1126
418
155
707
-3
-340
303
-145
-553
182
-106
-424
-381
-434
-443
-109
-64
-74
321
-58
-114
-63
-644
-490
-45
-465
-279
160
-297
-261
-1
-456
-44
524
-411
18
615
-333
-118
725
292
16
964
636
226
571
33
45
435
249
13
-95
-228
-267
-462
-433
-121
34
-26
73
423
203
265
227
26
217
121
-13
-295
-483
-434
-548
-759
-754
-564
-356
-312
-68
311
496
452
544
965
485
261
458
69
-412
-570
-341
-739
-889
-765
-260
56
-254
414
755
941
1062
989
1081
901
331
-282
-100
-515
-1109
-936
-477
-384
-449
-287
-280
28
437
848
465
432
875
69
-440
-429
-468
-693
-830
-242
27
-322
-356
97
17
102
600
224
413
718
-109
-212
518
-53
-679
50
-66
-515
-385
-384
-31
191
-183
86
613
135
273
832
398
180
452
435
-88
-421
-467
-391
-545
-798
-237
-60
-261
120
441
335
713
1006
499
478
904
-14
-879
-353
-922
-1237
-848
-775
-665
-329
270
381
670
633
955
1066
165
325
479
-379
-736
-280
-537
-1371
-745
-69
-533
-408
253
448
202
514
652
215
204
376
255
-165
131
320
-431
-195
561
68
-14
970
563
120
799
246
-247
317
-87
-716
-437
-317
-657
-1030
-717
-363
-543
-572
14
453
465
451
-204
52
406
-70
-71
99
-115
151
591
-339
-99
703
-163
-600
359
386
-577
182
623
-339
-177
317
-355
-560
51
-30
-292
-73
247
297
221
199
484
465
171
317
92
145
-84
-400
-19
-171
-623
-369
89
-498
-72
677
-223
-258
829
287
-800
-96
308
-336
-93
550
199
-164
-167
-534
-406
48
-385
-460
229
172
158
846
612
106
474
454
183
143
-84
-198
-90
-354
-516
-282
-192
-261
-458
-454
-28
-32
-336
-185
-25
-99
-120
163
192
263
452
309
267
89
-185
-60
218
-103
-135
345
-126
-197
575
207
186
1147
537
-323
294
112
-734
-569
-436
-636
-333
-166
-106
148
-250
-205
559
502
82
215
253
99
129
-309
-364
-224
-905
-847
-94
-144
-331
594
707
333
650
136
236
414
-195
-386
-22
-384
-882
-284
-355
-213
164
168
693
979
530
528
957
387
-163
-135
20
-127
-747
-637
191
38
-693
228
851
-76
-220
237
-202
-610
-2
-228
-429
-13
-302
-459
-48
-10
-353
70
195
-21
283
359
110
183
-145
-164
294
-67
-332
-92
172
-55
110
42
-129
47
-177
101
219
216
871
823
-53
237
569
-478
-802
-22
-276
-730
-425
-392
-274
-74
-101
-51
517
776
518
670
659
184
-401
-353
-250
-897
-815
-275
-411
-671
-166
71
-363
77
547
473
427
523
679
638
241
16
169
-131
-249
-74
-253
-145
-3
-66
120
28
28
346
374
362
577
237
-370
-46
-188
-694
-657
-599
-625
-401
-137
-739
-568
290
137
-148
320
507
97
524
662
165
403
307
-124
-91
-22
47
-26
-21
131
286
-92
-133
376
21
119
359
326
326
58
-238
-276
-349
-1102
-732
15
-418
-491
348
509
61
410
443
135
183
62
-133
128
2
-752
-626
-46
-76
-392
27
642
496
160
145
147
-217
-286
-285
-232
-63
-280
-228
207
373
194
280
484
533
401
-70
-217
35
-267
-864
-435
396
309
117
652
894
235
-71
121
-160
-610
-550
-495
-716
-801
-641
-280
-144
1
172
588
735
242
220
576
261
-229
169
2
-565
-386
-136
-69
31
1
246
731
257
-51
376
31
-456
-73
98
-223
-425
-232
46
-241
-443
-126
28
3
257
258
151
506
263
-61
284
121
-97
296
203
-510
-388
-43
-376
-585
-277
183
182
37
317
615
350
244
411
109
-254
-203
-405
-583
-417
-380
-35
297
269
402
698
460
298
259
-80
-133
-356
-616
-577
-441
-509
-475
-107
64
306
580
753
535
380
574
120
-535
-496
-136
-285
-493
-355
160
226
-242
25
447
336
25
-186
-137
284
-265
-986
-282
186
-130
-67
272
194
131
21
-7
492
435
100
609
618
-111
47
354
-345
-491
-48
-503
-1059
-995
-716
-669
-460
9
451
678
593
673
508
218
124
-257
-425
-366
-652
-645
239
345
-59
861
1297
633
619
921
485
165
-53
-282
-63
-468
-982
-573
-233
-521
-504
-23
467
493
106
329
940
401
-422
-166
-106
-731
-1172
-937
-433
-373
-645
-130
728
510
164
483
665
526
190
-124
70
205
-448
-444
355
-56
-261
540
523
91
348
405
67
-46
-218
-110
-31
-415
-377
142
-31
-270
17
222
190
-125
-265
-181
-57
-280
-556
-347
-149
-150
-63
28
45
181
300
165
19
192
339
245
-94
10
364
-59
-357
118
510
268
102
218
508
391
-397
-128
450
-120
-640
-388
-142
-403
-562
-466
-165
-112
-266
-5
153
93
96
181
354
498
255
306
602
232
40
216
-172
-599
-401
-445
-586
-450
-234
4
270
475
591
839
597
310
299
14
-343
-539
-815
-995
-565
-502
-461
197
224
145
657
633
138
388
467
-63
-118
-358
-516
-277
-533
-588
-178
-169
-146
350
554
758
865
400
385
381
-275
-666
-509
-729
-960
-700
-685
-527
-78
325
547
663
694
798
873
468
240
197
-82
-232
-112
-207
-296
-185
-255
-51
144
-48
77
315
202
236
261
40
181
211
-47
41
90
134
194
40
70
298
65
-223
-33
-163
-472
-592
-671
-705
-779
-743
-490
-184
-14
32
200
428
585
445
281
341
339
297
165
237
293
312
398
242
92
218
155
-264
-257
-35
-50
-180
-217
-208
-59
-28
-143
129
371
215
-29
147
385
70
-243
62
99
-528
-806
-634
-763
-1167
-1035
-447
-209
-357
-210
262
493
340
212
513
717
310
53
304
197
-332
-385
65
324
214
241
493
521
436
385
212
53
14
-209
-357
-311
-510
-544
-249
-33
51
174
398
625
528
278
338
135
-209
-117
-130
-425
-456
-389
-572
-425
-102
-60
46
278
287
85
67
74
-147
-245
-136
-234
-389
-226
-50
-135
-48
221
246
469
842
539
127
418
384
-354
-517
-218
-348
-570
-388
-61
120
180
379
699
664
434
351
284
55
-154
-157
-65
-90
-356
-355
84
94
-344
-295
95
50
-368
-431
-88
-57
-410
-420
-82
-71
-237
-255
-82
250
200
-89
224
579
142
-174
253
399
65
40
397
490
67
-179
-79
-105
-396
-499
-306
-137
-75
-227
-52
328
212
-2
138
402
207
-94
-141
-73
-66
-294
-394
-282
-60
57
124
214
310
386
360
256
96
181
329
223
59
167
338
184
-124
-84
112
-113
-447
-357
-123
-97
-149
-215
6
228
50
-152
-81
-109
-326
-351
-333
-261
-176
-39
108
83
84
122
59
-63
107
248
62
51
209
213
72
35
-17
0
93
-74
-197
-95
22
-123
-254
-134
-15
-70
-112
106
278
236
184
229
154
116
-44
-348
-245
-35
-49
-39
204
238
55
-21
-38
-50
-143
-155
47
150
-116
-279
-219
-136
-155
-367
-301
97
106
-278
-170
173
84
-135
-34
191
180
20
33
299
228
-145
-134
141
118
-55
-27
166
264
96
119
465
473
134
105
206
17
-176
-173
-68
35
34
29
164
150
-104
-108
-10
-195
-357
-204
-6
-34
-101
-9
101
-70
-251
-99
32
-122
-204
-26
55
-133
-343
-249
-3
-39
-169
52
340
282
94
103
161
31
-120
-115
-34
-20
14
123
152
231
425
576
532
319
163
133
-8
-387
-465
-179
-62
-223
-240
54
217
96
-20
64
67
-132
-346
-342
-271
-366
-396
-256
-86
6
80
209
298
161
40
105
15
-219
-234
-160
-229
-213
-72
55
200
236
101
45
61
20
-19
52
172
213
153
54
20
-17
-8
47
-11
-12
84
67
-44
46
170
79
74
120
89
46
50
-58
-240
-240
-127
8
13
-15
63
138
24
-143
-61
84
-2
-228
-245
-26
-15
-250
-170
160
175
-88
-155
14
91
-50
-155
15
138
20
-66
77
235
188
34
-29
18
-10
-86
-92
-19
74
175
181
145
216
251
150
36
-12
-12
42
1
-58
-34
-24
-90
-188
-157
-65
-57
-157
-178
-122
-143
-137
-53
-14
-31
-15
28
69
135
110
18
20
51
38
9
60
141
120
35
35
56
19
-21
-32
-15
20
-16
-109
-54
56
-14
-155
-148
-109
-148
-210
-182
-88
-81
-160
-138
14
115
82
20
88
159
138
49
100
184
118
58
102
203
205
172
151
168
136
19
-51
-17
-1
-41
-62
-75
-106
-156
-149
-133
-140
-182
-203
-209
-161
-91
-76
-82
-62
5
-1
-1
48
34
10
55
32
-5
72
143
114
105
177
201
144
86
148
227
248
188
110
135
190
125
-54
-112
-69
-112
-205
-179
-106
-132
-202
-235
-148
-46
-45
-99
-97
-17
-9
-90
-117
-75
-81
-121
-83
-16
-28
-19
67
103
95
85
62
57
64
45
63
100
68
19
30
91
107
42
22
91
126
75
26
9
-27
-47
-50
-41
-39
-85
-113
-79
-36
-34
-51
-49
-70
-59
-40
-48
-61
-91
-96
-83
-49
-47
-40
-39
-37
-20
-13
24
40
38
39
105
101
25
33
73
88
82
78
69
83
103
86
66
93
79
2
1
54
29
-83
-123
-62
-27
-41
-65
-44
-13
-29
-57
-51
-4
3
-12
10
65
62
-28
-42
39
74
40
18
43
43
26
48
63
63
68
46
7
-22
-37
-38
-43
-41
-34
-16
-50
-92
-93
-58
-32
-69
-77
-55
-14
-32
-72
-68
-42
-46
-66
-15
30
7
-53
-32
22
65
75
64
88
80
48
1
-21
4
6
-24
-19
-21
-33
-52
-48
-32
-14
17
21
27
52
102
107
73
39
36
40
29
23
-3
-15
-36
-83
-105
-95
-84
-93
-93
-59
-16
-7
17
61
86
85
56
59
40
22
29
48
73
70
90
140
182
166
142
111
84
53
4
-12
-17
-19
-19
-18
-13
-21
-43
-54
-51
-55
-92
-117
-143
-145
-151
-172
-175
-184
-141
-91
-47
-33
-5
11
21
45
47
27
-15
-21
-30
-32
-18
3
37
112
150
147
120
110
113
110
145
142
129
84
48
16
-30
-59
-85
-74
-29
24
47
48
3
-76
-179
-262
-311
-313
-270
-230
-202
-194
-189
-160
-112
-54
-14
21
49
41
35
19
13
16
22
64
123
193
271
321
334
313
281
269
270
270
246
189
109
68
49
32
11
-11
-4
17
58
71
22
-67
-154
-224
-246
-220
-175
-138
-120
-122
-169
-212
-231
-217
-162
-106
-71
-50
-19
5
0
-4
-13
-28
-14
28
87
100
84
74
75
88
86
74
35
29
36
64
135
184
184
127
50
-3
-4
50
108
121
114
86
63
50
46
22
-47
-103
-121
-108
-68
-40
-53
-85
-121
-120
-99
-41
1
4
-33
-110
-160
-191
-202
-220
-265
-327
-379
-391
-344
-254
-155
-84
-20
48
112
192
253
297
291
242
192
163
169
176
165
142
124
117
167
255
320
337
323
296
250
194
137
62
-34
-113
-178
-224
-238
-239
-233
-218
-191
-168
-144
-100
-57
-30
-33
-81
-152
-203
-196
-162
-126
-102
-95
-78
-34
35
105
153
176
179
164
145
123
84
48
25
24
39
72
97
128
154
156
150
139
138
136
117
84
41
-9
-55
-93
-129
-155
-175
-184
-188
-189
-187
-175
-139
-95
-55
-35
-20
0
16
30
19
-13
-55
-81
-90
-87
-83
-80
-76
-69
-56
-38
-6
26
69
91
114
126
120
124
135
143
137
127
106
93
96
106
108
96
76
57
43
36
29
1
-42
-94
-141
-172
-177
-177
-177
-171
-158
-135
-106
-76
-47
-26
-9
4
9
9
10
1
-2
5
15
36
62
93
118
132
132
116
98
87
81
69
62
48
35
30
30
32
27
17
1
-11
-20
-24
-31
-43
-59
-73
-80
-74
-62
-47
-30
-17
-14
-12
-11
-15
-26
-34
-36
-35
-39
-45
-52
-54
-45
-36
-22
-6
10
22
30
35
35
30
20
14
9
11
11
14
17
22
29
35
42
50
57
58
57
50
35
19
-3
-25
-42
-55
-62
-66
-59
-48
-36
-23
-20
-20
-19
-11
-2
9
14
13
11
8
10
13
15
13
8
10
17
25
26
22
14
5
-4
-8
-11
-13
-9
-3
5
13
19
17
9
6
5
9
21
30
36
39
36
26
13
5
-1
-5
-4
-4
-10
-18
-27
-35
-40
-40
-38
-34
-27
-18
-7
-1
6
12
17
23
29
31
30
28
19
9
1
-13
-29
-42
-47
-45
-36
-26
-19
-17
-16
-12
-6
2
1
-1
-5
-13
-19
-26
-31
-33
-27
-13
3
19
29
37
45
52
58
62
60
51
37
23
11
-1
-12
-17
-19
-18
-20
-20
-22
-25
-25
-20
-13
-8
-3
-1
-1
-3
-9
-16
-25
-31
-33
-32
-30
-29
-25
-16
1
26
50
65
71
71
64
53
34
11
-11
-28
-38
-41
-36
-28
-16
-2
13
23
29
25
16
6
-6
-18
-33
-45
-48
-45
-36
-27
-19
-8
1
14
26
37
43
44
42
40
35
29
19
9
0
-6
-11
-15
-17
-16
-11
-3
4
14
24
34
39
37
29
19
5
-6
-14
-19
-24
-32
-38
-41
-39
-33
-23
-12
-1
10
18
18
12
5
-7
-18
-25
-31
-33
-32
-28
-23
-18
-9
-1
7
12
14
13
11
10
11
13
13
13
14
19
22
21
19
19
15
11
10
3
-7
-15
-17
-17
-15
-12
-9
-7
-6
-1
2
3
1
-1
-4
-6
-9
-14
-14
-15
-15
-13
-10
-8
-7
-3
3
8
12
13
9
4
-2
-7
-10
-10
-7
0
8
16
25
33
39
41
41
38
32
28
23
17
9
-2
-12
-21
-29
-32
-30
-23
-13
-4
4
6
1
-5
-12
-17
-20
-20
-18
-17
-15
-17
-19
-19
-15
-10
-6
1
5
9
12
12
10
7
4
5
10
17
21
22
21
21
24
27
28
26
21
15
9
3
-2
-8
-13
-18
-20
-20
-21
-21
-23
-22
-19
-15
-15
-17
-16
-15
-16
-15
-11
-6
0
7
10
13
15
14
13
9
4
1
3
7
8
6
4
4
6
7
9
9
9
11
11
9
7
4
-1
-5
-7
-9
-10
-12
-13
-14
-13
-13
-13
-15
-15
-13
-13
-13
-10
-6
-2
3
8
14
16
20
24
30
32
33
29
23
17
11
4
-6
-12
-15
-15
-15
-14
-14
-14
-13
-12
-11
-10
-10
-10
-12
-14
-16
-19
-22
-22
-18
-14
-9
-5
-4
-3
-2
-1
0
2
3
6
7
13
18
23
27
33
40
46
51
51
46
35
24
12
2
-9
-19
-25
-30
-32
-32
-29
-26
-25
-22
-20
-19
-21
-25
-29
-32
-32
-31
-28
-22
-14
-3
8
13
16
18
18
19
22
24
26
28
32
34
35
37
39
43
47
51
52
49
40
30
20
9
-3
-15
-25
-32
