-11
-5
6
12
7
5
9
15
14
4
2
9
8
-1
-13
-17
-15
-21
-25
-26
-18
-11
-16
-28
-34
-23
-11
-9
-14
-18
-16
-16
-19
-20
-16
-13
-22
-41
-48
-36
-18
-8
-13
-21
-25
-27
-26
-25
-20
-11
-4
-4
-6
2
8
9
7
4
6
7
6
11
19
28
34
32
20
6
-3
-7
-15
-22
-25
-27
-29
-32
-31
-27
-13
3
21
27
26
23
17
15
13
15
21
20
7
-6
-13
-11
2
16
21
21
20
21
19
18
19
17
16
12
9
13
25
42
48
47
45
36
24
18
14
8
-1
-5
-8
-11
-9
-7
-4
1
-4
-15
-29
-24
-11
-3
-5
-10
-9
-9
-11
-17
-22
-24
-29
-35
-34
-27
-19
-15
-16
-12
-8
-7
-17
-29
-30
-24
-18
-9
-8
-5
-1
0
-7
-16
-5
7
9
-5
-22
-25
-22
-21
-23
-22
-17
-20
-22
-20
-14
1
5
-8
-25
-34
-34
-32
-18
2
16
18
14
14
17
23
25
30
39
39
28
14
6
5
1
-16
-30
-25
-12
-1
5
12
16
17
8
-1
4
22
31
16
-5
-18
-14
-4
1
8
18
29
32
24
19
17
16
14
14
22
35
38
32
26
21
17
14
14
16
23
28
18
1
0
14
27
26
21
18
18
11
-2
-12
-13
-8
-5
-1
7
22
27
16
8
8
14
14
4
-8
-15
-16
-10
-4
0
1
-2
-7
-7
-8
-15
-23
-28
-27
-33
-39
-40
-31
-18
-17
-19
-20
-17
-9
1
8
9
3
-3
-8
-10
-5
-5
-6
-7
-3
-2
-3
-1
6
18
23
17
3
-12
-18
-20
-18
-8
0
3
-1
-9
-12
-15
-21
-28
-30
-31
-23
-8
1
4
2
0
0
4
2
-3
-9
-20
-29
-28
-18
-3
13
22
20
7
-3
-10
-14
-11
-6
0
4
6
13
19
13
8
10
12
14
23
29
32
37
35
25
8
-5
-11
-15
-15
-4
12
24
26
20
15
9
7
9
-2
-15
-24
-30
-32
-34
-31
-25
-21
-19
-19
-18
-14
-12
-13
-13
-10
4
22
31
34
32
30
29
33
35
36
38
28
12
0
0
2
-3
-13
-15
-20
-24
-30
-34
-31
-23
-17
-20
-21
-16
-10
-4
2
6
7
7
9
10
14
22
25
26
26
31
36
28
12
3
1
-4
-16
-30
-40
-37
-28
-21
-17
-14
-9
-18
-32
-35
-24
-11
-8
-15
-27
-38
-39
-33
-26
-20
-15
-13
-19
-24
-19
-5
9
19
27
25
23
24
16
4
-3
-5
-3
3
15
34
46
47
50
55
57
54
41
26
17
25
33
27
12
2
2
2
-2
4
11
10
9
2
-12
-22
-26
-20
-13
-6
3
4
-7
-14
-12
-1
10
11
3
-6
-8
1
8
14
23
37
49
54
54
50
46
38
37
37
39
37
21
4
-3
3
7
-3
-12
-12
-12
-14
-20
-24
-22
-21
-16
-16
-18
-15
-20
-34
-51
-57
-46
-34
-28
-31
-35
-39
-42
-48
-52
-51
-48
-44
-43
-35
-23
-17
-18
-21
-29
-40
-41
-33
-16
1
19
28
21
12
6
-1
-11
-16
-16
-20
-26
-25
-19
-18
-20
-24
-31
-28
-15
3
16
20
16
13
13
13
8
-2
11
39
59
61
49
45
49
52
54
52
49
49
50
46
41
49
60
64
75
91
93
78
57
39
27
21
24
29
19
8
3
-9
-23
-37
-45
-43
-34
-15
-6
-9
-20
-24
-12
-3
-7
-12
-19
-20
-18
-21
-15
-1
7
2
-17
-37
-43
-33
-21
-16
-9
1
5
1
-13
-29
-38
-40
-40
-37
-41
-45
-42
-37
-38
-35
-24
-12
-2
4
5
-1
-9
-14
-19
-27
-30
-26
-26
-33
-36
-34
-32
-29
-25
-23
-24
-25
-23
-23
-24
-18
-5
9
18
23
27
40
47
42
33
20
11
7
0
-1
3
15
26
32
24
15
7
-5
-16
-17
-5
0
-7
-17
-16
-4
5
16
27
33
36
37
37
41
47
47
37
22
16
18
15
14
22
24
25
25
21
13
7
10
16
20
19
11
4
1
4
7
9
11
19
22
19
9
-5
-12
-18
-15
-10
-10
-11
-18
-25
-26
-21
-10
4
10
9
0
-14
-22
-22
-17
-11
-2
2
-1
-10
-13
-6
-2
-6
-12
-9
2
7
-1
-10
-11
-4
0
-9
-14
-4
6
5
-3
-8
-2
6
12
9
-2
-1
4
2
-3
-1
7
8
1
-6
-3
6
8
0
-10
-16
-21
-28
-31
-30
-24
-14
-15
-18
-12
2
11
9
-3
-10
-9
-9
-13
-13
-5
2
8
6
5
7
12
22
21
16
7
-3
-13
-21
-21
-11
1
3
-1
-11
-18
-15
-4
6
14
26
31
24
11
0
-5
-7
-7
1
12
18
15
8
2
5
13
17
15
11
6
-1
-12
-13
-10
-6
-6
-7
-7
-13
-18
-18
-17
-16
-14
-13
-17
-23
-22
-21
-18
-13
0
12
16
15
19
21
14
5
-1
0
10
22
29
24
14
4
0
-4
-10
-13
-10
-3
0
-2
-6
-14
-20
-19
-12
6
15
21
22
15
10
7
5
2
-2
1
3
0
-3
-5
-3
-1
2
5
8
7
10
9
7
9
17
27
31
37
42
39
38
31
23
15
15
20
18
9
6
3
-5
-15
-30
-46
-52
-42
-28
-24
-28
-16
2
12
10
7
6
1
-9
-20
-12
5
16
18
9
6
6
-4
-13
-13
-4
5
-4
-15
-14
-5
4
5
3
9
17
13
3
-5
-7
-3
0
-1
-5
-16
-28
-36
-34
-20
-11
-16
-30
-32
-17
4
11
-1
-12
-16
-13
-8
-4
3
17
26
28
26
22
12
3
-5
-10
-15
-19
-20
-21
-22
-17
-8
-4
-3
-2
1
6
7
4
2
5
10
17
19
25
31
28
17
9
14
17
11
2
-14
-23
-29
-36
-42
-43
-32
-17
-15
-18
-7
10
16
11
-1
-14
-22
-22
-14
2
17
28
23
12
1
1
10
5
4
9
19
20
11
5
2
5
11
8
7
11
12
5
-2
-2
7
7
4
5
10
9
1
-10
-11
5
22
32
33
27
18
8
-2
-6
-3
8
14
14
12
8
9
3
0
1
2
4
4
6
6
-3
-9
-13
-10
-4
4
6
4
6
11
11
8
2
1
-6
-14
-14
-8
7
16
12
6
3
5
4
0
3
5
3
-7
-22
-25
-20
-9
-7
-13
-7
1
5
2
-4
-5
-8
-14
-22
-20
-14
-9
-12
-21
-25
-28
-29
-28
-19
3
21
29
21
10
0
-10
-20
-24
-18
-7
3
14
21
25
24
17
4
-5
-7
-7
-8
-17
-27
-26
-19
-16
-14
-2
15
28
25
18
16
10
4
-3
-14
-20
-16
-9
-11
-12
-5
6
9
7
7
8
7
1
-7
-10
-11
-8
-5
6
21
27
23
12
8
13
15
10
-1
-10
-15
-21
-35
-47
-48
-44
-39
-34
-19
-1
9
8
8
15
18
15
5
-5
-8
-7
-9
-6
2
14
20
18
12
7
4
1
0
0
5
6
5
10
18
23
22
20
23
26
31
31
28
28
18
4
-5
-8
-9
-12
-9
3
16
17
14
12
16
18
22
19
16
14
6
-3
-5
1
12
14
7
3
8
17
19
12
0
-13
-20
-20
-15
-9
-5
-9
-15
-22
-26
-30
-33
-29
-22
-16
-11
-8
-11
-21
-28
-28
-23
-21
-16
-12
-12
-8
2
3
-1
-10
-16
-24
-34
-31
-20
-7
2
7
10
12
13
17
20
15
9
7
7
11
17
22
28
37
42
46
49
41
27
17
4
0
4
11
21
25
16
8
4
4
8
12
10
6
0
-6
-9
-7
-9
-6
-2
-2
-4
-6
-4
-1
1
-2
-7
-14
-17
-15
-11
-10
-15
-30
-38
-42
-47
-46
-36
-25
-16
-14
-18
-26
-36
-40
-36
-27
-8
9
19
18
9
6
10
12
7
-1
-10
-15
-12
-2
1
1
5
9
10
6
6
11
17
13
3
-2
-3
-8
-21
-25
-13
3
15
18
24
30
31
28
22
17
22
25
19
16
13
2
-16
-26
-24
-12
4
19
17
2
-13
-26
-34
-37
-29
-10
9
26
40
49
49
42
32
23
20
17
21
21
16
12
8
2
-6
-8
6
22
28
23
15
6
-14
-28
-31
-25
-18
-16
-19
-25
-31
-32
-29
-24
-13
-4
0
-6
-11
-9
-4
-2
-4
-11
-22
-26
-27
-26
-17
-9
-1
3
-1
-3
1
6
4
-2
3
14
18
12
10
15
28
37
37
30
21
19
21
20
22
22
16
7
2
4
6
4
-2
-6
-6
-3
-3
-4
-2
6
10
4
-5
-8
-4
1
-4
-8
-8
-13
-9
-3
-9
-18
-23
-20
-7
-9
-13
-13
-11
-4
-1
4
-4
-20
-21
-20
-10
-1
-4
-2
11
20
24
17
7
3
-2
-7
-11
-17
-16
-15
-13
-8
-6
-4
-6
-8
0
0
-7
-5
6
18
13
3
6
18
29
22
11
17
32
38
27
11
3
0
-8
-11
-9
2
6
-1
-11
-23
-25
-16
-5
10
23
27
17
5
4
12
12
7
3
3
6
9
11
7
-10
-28
-36
-29
-17
-9
-6
-8
-14
-20
-21
-21
-23
-28
-32
-28
-22
-24
-27
-21
-9
2
7
11
12
14
17
10
-2
-10
-16
-19
-26
-31
-28
-17
-2
13
23
25
18
8
4
-3
-12
-18
-15
-6
1
6
8
15
20
23
27
35
48
52
47
31
18
15
7
5
7
10
16
17
10
5
3
1
1
1
2
4
2
-8
-19
-19
-11
1
6
5
0
-8
-14
-16
-13
-2
5
4
0
-8
-13
-11
-16
-20
-19
-16
-2
2
-4
-8
-10
-4
0
-8
-13
-12
-6
2
10
21
28
32
32
25
21
21
16
3
-10
-14
-5
4
9
10
14
18
11
-2
-9
-11
-7
-9
-18
-18
-13
-3
-1
-1
2
8
12
7
-2
-9
-6
-3
4
9
13
16
13
3
-6
-12
-22
-28
-22
-8
9
23
30
24
21
23
21
15
14
15
20
22
14
2
-7
-13
-15
-16
-17
-21
-24
-30
-35
-34
-28
-18
-8
-5
-8
-12
-8
-3
0
3
6
6
1
-1
-2
-1
-2
-4
-5
-4
-1
-1
-5
-7
-7
-10
-13
-16
-17
-14
-8
-3
3
10
13
12
7
4
5
6
7
7
8
2
-8
-19
-23
-16
2
23
32
32
28
23
12
5
12
27
32
16
-2
-16
-19
-22
-21
-12
-8
-6
-8
-16
-23
-27
-22
-16
-8
3
6
4
3
1
-1
4
8
9
2
-12
-20
-21
-20
-23
-24
-15
0
11
16
20
22
26
26
28
31
33
35
37
29
24
23
14
-2
-18
-15
-4
0
8
19
21
13
-1
-14
-16
-13
-5
-4
-7
-1
12
12
-1
-10
-7
0
-4
-10
-19
-27
-27
-23
-13
-5
2
4
1
-3
0
6
7
3
-4
-10
-16
-20
-18
-13
-3
7
14
15
11
3
-8
-14
-17
-14
-12
-7
-3
-7
-12
-17
-20
-17
-13
-6
-1
-1
-5
-3
4
13
13
2
-5
-3
9
19
31
37
33
26
21
15
9
5
0
-10
-22
-21
-13
-5
5
18
28
27
16
8
14
31
44
45
31
15
4
-11
-19
-15
1
13
11
8
6
2
-8
-21
-24
-17
-8
-11
-22
-34
-43
-44
-44
-47
-41
-28
-12
-7
0
15
24
17
2
-13
-25
-30
-29
-12
12
33
42
33
16
-1
-8
-8
0
18
28
28
16
5
1
-10
-13
-6
9
21
23
21
17
11
2
-11
-26
-32
-30
-26
-29
-30
-13
7
12
3
-3
1
5
11
4
-7
-10
-14
-14
-16
-16
-11
-6
-8
-12
-9
3
13
10
0
-6
-11
-18
-27
-25
-18
-14
-15
-11
1
14
20
14
4
-2
-1
0
1
5
12
19
14
8
10
11
11
2
2
10
15
15
7
3
7
6
1
0
5
19
28
33
30
24
22
15
5
3
11
24
27
19
12
9
10
14
13
14
15
13
4
-5
-4
5
12
13
11
16
22
26
21
21
23
16
7
-2
-6
-3
0
3
-1
-3
3
5
1
2
5
4
-1
-10
-13
-21
-36
-46
-46
-37
-26
-20
-16
-10
0
10
8
-10
-28
-36
-37
-31
-29
-29
-40
-47
-47
-40
-34
-26
-24
-31
-36
-33
-19
-3
7
7
5
5
4
2
5
15
29
44
52
50
40
28
12
-1
-5
5
16
23
21
16
11
12
14
8
-8
-23
-31
-31
-25
-14
-5
-3
-9
-13
-4
15
25
26
21
21
27
28
26
29
35
30
10
-11
-14
-3
9
10
0
-6
-6
-9
-11
-7
7
19
27
24
17
13
6
-9
-29
-41
-44
-39
-38
-39
-35
-29
-30
-24
-23
-22
-30
-42
-44
-33
-19
-13
-12
-12
-10
-7
-13
-26
-31
-26
-19
-12
-3
6
11
10
2
-7
-9
-2
1
-4
-15
-16
-10
-4
-7
-11
-8
-3
1
2
7
19
30
30
29
30
31
31
26
25
37
55
69
71
72
82
94
96
87
87
90
89
77
60
48
44
48
55
59
59
57
52
37
27
28
40
50
55
52
48
48
46
39
25
13
2
-13
-30
-45
-56
-66
-83
-104
-124
-138
-144
-149
-153
-149
-130
-107
-89
-85
-91
-103
-118
-138
-148
-144
-139
-132
-126
-121
-114
-108
-111
-120
-125
-113
-98
-85
-69
-45
-16
4
8
9
14
20
21
16
19
27
36
45
49
57
75
91
99
95
89
93
103
109
114
121
123
121
113
106
102
103
104
110
122
143
162
169
164
160
167
181
194
204
207
201
194
185
172
163
160
156
153
156
169
190
203
196
164
106
26
-67
-158
-210
-229
-238
-243
-246
-241
-239
-245
-258
-267
-264
-254
-243
-235
-224
-212
-216
-241
-271
-290
-294
-289
-286
-272
-246
-216
-188
-169
-146
-120
-97
-85
-68
-42
-15
7
26
43
61
74
75
70
67
72
74
70
65
70
79
84
87
91
101
112
113
107
96
95
102
104
101
98
92
75
53
37
39
52
62
68
65
63
62
73
87
104
123
134
140
150
157
159
154
139
119
97
90
93
101
110
112
110
101
97
94
76
51
30
18
17
22
28
26
13
-9
-35
-51
-51
-39
-28
-29
-45
-62
-68
-73
-87
-105
-119
-126
-129
-127
-117
-107
-108
-114
-111
-98
-75
-51
-44
-56
-62
-50
-32
-26
-32
-39
-46
-63
-91
-113
-131
-155
-181
-202
-200
-185
-169
-162
-160
-149
-126
-100
-81
-60
-44
-45
-62
-80
-85
-74
-65
-61
-53
-43
-32
-18
-3
8
21
39
59
73
89
116
138
148
149
144
133
122
120
127
138
153
163
163
162
169
178
182
180
181
186
195
202
199
189
180
175
166
163
170
178
168
141
109
89
84
89
104
128
154
172
179
183
193
199
194
182
176
181
182
148
70
-42
-172
-312
-450
-553
-599
-595
-556
-491
-409
-320
-243
-200
-187
-185
-180
-167
-151
-136
-124
-137
-172
-219
-274
-325
-371
-396
-394
-369
-318
-240
-157
-83
-24
16
49
70
88
105
118
126
131
138
141
134
122
105
87
66
56
63
81
114
147
166
171
169
161
146
130
123
120
118
114
118
125
128
117
95
68
32
3
-8
7
38
69
97
113
115
111
108
103
93
87
92
97
98
90
82
73
64
63
72
82
88
93
87
72
53
38
32
28
24
10
-18
-49
-72
-83
-81
-66
-54
-57
-66
-73
-66
-63
-75
-95
-121
-143
-154
-143
-116
-86
-62
-49
-49
-54
-59
-62
-62
-66
-68
-65
-57
-48
-33
-14
-8
-12
-17
-20
-19
-26
-38
-41
-39
-24
-6
3
7
3
-8
-22
-30
-25
-15
-9
-13
-11
1
14
11
-1
-8
-7
-4
-4
5
23
40
57
59
53
48
47
51
55
61
68
73
70
50
23
6
3
7
20
40
55
49
25
13
19
30
31
19
-4
-16
-2
24
44
51
43
22
-9
-35
-52
-57
-48
-38
-27
-15
-3
5
-6
-34
-60
-66
-58
-42
-22
-2
16
25
22
7
-6
-9
-6
2
8
12
10
-4
-21
-33
-33
-31
-23
-3
17
31
42
63
87
105
105
50
-42
-95
-93
-63
-39
-39
-45
-29
7
33
30
-17
-101
-142
-124
-64
27
70
50
21
-7
-6
32
32
-19
-63
-56
-16
43
102
128
128
98
57
65
87
62
18
-24
-62
-67
-47
-38
-27
-36
-83
-123
-144
-161
-167
-156
-135
-99
-65
-59
-67
-79
-110
-146
-161
-161
-147
-128
-108
-87
-65
-55
-62
-67
-68
-57
-36
-15
5
27
45
51
52
55
62
70
74
79
89
106
131
160
190
221
242
242
234
237
250
278
295
298
302
310
319
327
327
326
330
334
338
345
356
375
409
447
471
475
468
456
434
373
243
54
-164
-376
-546
-654
-721
-771
-813
-841
-834
-782
-694
-591
-481
-375
-272
-166
-75
-15
-5
-46
-132
-237
-339
-417
-458
-477
-479
-461
-417
-353
-285
-225
-171
-113
-50
14
80
137
182
215
230
229
216
195
163
114
64
32
22
26
39
54
71
95
123
150
169
178
178
169
165
167
167
149
117
82
48
22
10
14
15
12
9
15
30
48
77
104
117
118
108
100
99
101
100
91
80
80
90
108
130
143
139
121
91
65
44
27
17
15
27
60
89
119
152
183
215
252
286
302
289
256
233
229
245
286
354
439
531
615
670
684
658
576
411
160
-162
-529
-905
-1220
-1402
-1426
-1331
-1170
-968
-724
-467
-231
-35
108
183
188
151
105
61
-1
-91
-195
-306
-420
-531
-624
-685
-704
-681
-624
-526
-381
-216
-64
64
160
214
236
235
223
208
188
171
154
133
111
93
76
55
39
38
53
80
114
158
196
224
239
249
255
253
234
198
165
149
144
144
143
135
121
90
54
32
28
32
35
49
71
92
110
121
124
121
112
102
100
117
150
172
179
167
145
114
84
68
60
58
68
83
108
137
169
199
221
241
255
265
275
293
321
353
399
444
484
517
540
557
576
598
587
495
272
-110
-605
-1099
-1483
-1705
-1772
-1714
-1537
-1246
-873
-463
-77
201
332
340
278
204
139
73
-2
-78
-146
-221
-307
-402
-513
-633
-748
-809
-774
-648
-459
-238
-26
149
277
357
382
356
286
196
116
72
64
83
102
104
83
43
4
-24
-45
-46
-25
23
98
186
273
336
351
323
268
205
150
112
83
73
89
123
156
174
165
135
90
50
28
21
30
63
116
170
208
220
209
181
143
120
119
128
140
140
138
145
149
152
159
173
182
191
215
247
290
346
398
430
427
395
375
398
475
601
748
869
935
953
915
799
536
102
-439
-983
-1415
-1678
-1772
-1755
-1691
-1602
-1456
-1198
-835
-466
-167
48
191
297
387
444
430
313
102
-136
-336
-489
-612
-715
-797
-845
-839
-756
-603
-430
-285
-171
-66
47
175
300
390
428
426
399
363
316
249
152
37
-61
-119
-121
-78
-17
31
55
68
87
101
107
113
124
149
183
222
264
288
281
238
172
89
10
-53
-92
-86
-42
24
96
152
190
207
203
182
158
148
157
182
213
238
251
246
222
187
153
120
83
62
77
132
222
317
381
397
381
356
333
319
310
305
318
369
473
629
799
919
943
890
800
702
615
550
510
417
149
-300
-828
-1314
-1690
-1938
-2080
-2156
-2150
-1992
-1616
-1058
-467
9
316
474
530
524
458
333
143
-88
-290
-410
-453
-478
-527
-616
-733
-826
-846
-782
-654
-507
-338
-120
139
386
569
656
641
545
402
262
157
81
17
-28
-32
4
57
91
85
44
-1
-31
-39
-27
-15
17
83
177
284
371
413
393
310
205
117
59
6
-40
-52
-16
51
113
149
153
129
90
57
55
85
130
174
208
234
257
271
263
233
191
147
124
138
181
248
336
412
445
429
381
325
290
281
303
348
402
465
549
648
728
772
782
769
753
745
731
714
687
646
582
409
40
-499
-1121
-1696
-2103
-2309
-2375
-2356
-2242
-1987
-1527
-928
-339
134
417
514
505
456
383
272
100
-110
-288
-390
-440
-483
-559
-703
-875
-993
-1003
-898
-716
-508
-288
-45
212
452
626
690
647
534
396
283
214
170
126
86
59
54
65
66
37
-17
-66
-77
-39
28
104
172
225
262
289
311
313
287
236
170
116
77
42
25
24
32
53
78
96
99
93
85
89
115
166
226
275
299
297
281
261
241
221
202
189
189
214
262
321
365
370
340
294
260
243
242
245
257
291
354
446
554
654
732
783
803
805
795
764
714
644
561
495
472
517
591
526
162
-503
-1302
-2021
-2522
-2786
-2883
-2842
-2622
-2153
-1436
-603
125
580
734
679
543
410
295
173
10
-166
-286
-306
-285
-328
-487
-735
-990
-1159
-1188
-1075
-862
-598
-293
61
427
730
891
877
725
509
304
161
85
57
52
62
91
131
151
124
46
-60
-136
-142
-70
52
167
249
311
364
403
393
321
213
103
25
3
35
97
165
222
252
253
221
154
62
-31
-91
-86
-21
78
183
266
318
337
328
292
244
197
155
142
183
273
366
406
376
320
283
268
258
255
280
328
383
439
496
561
620
669
716
761
801
831
860
883
873
813
720
623
542
502
508
433
106
-508
-1287
-2047
-2653
-3067
-3279
-3273
-3023
-2491
-1680
-736
101
670
938
966
872
722
518
263
-14
-263
-407
-419
-372
-369
-475
-690
-942
-1140
-1235
-1208
-1066
-828
-502
-90
355
736
964
996
862
639
403
206
66
-17
-50
-31
27
93
137
131
65
-34
-131
-176
-142
-42
88
228
356
456
506
470
356
207
57
-55
-104
-87
4
139
265
356
406
405
342
235
122
36
-9
-22
-1
65
163
251
306
323
324
323
318
324
343
373
403
425
423
392
345
288
228
185
175
210
286
388
500
604
684
732
752
757
765
771
763
756
779
821
829
775
694
645
643
672
654
430
-137
-1011
-1991
-2843
-3447
-3777
-3825
-3565
-2981
-2107
-1040
4
771
1155
1214
1086
876
606
294
-13
-264
-410
-431
-367
-330
-415
-646
-952
-1222
-1378
-1391
-1262
-1018
-675
-241
251
714
1036
1141
1037
802
523
265
64
-60
-93
-44
53
156
226
220
121
-41
-202
-297
-292
-191
-20
187
382
514
579
586
536
428
270
98
-37
-87
-35
89
228
333
393
412
379
292
154
1
-122
-173
-134
-22
126
261
363
433
475
485
450
380
312
280
281
311
364
416
442
434
396
347
306
280
284
326
382
449
545
653
749
810
835
853
895
941
983
986
902
764
644
581
591
651
640
345
-365
-1397
-2471
-3339
-3934
-4232
-4174
-3736
-2935
-1847
-630
478
1234
1546
1511
1294
984
600
190
-171
-427
-543
-524
-427
-364
-456
-717
-1033
-1282
-1410
-1408
-1276
-1000
-588
-87
451
927
1216
1254
1079
794
480
187
-52
-201
-231
-159
-27
134
255
264
139
-79
-298
-433
-447
-334
-107
187
486
743
924
978
879
639
329
36
-174
-261
-233
-120
38
214
373
477
495
402
224
26
-118
-155
-83
51
190
302
403
501
565
557
469
338
237
223
294
398
474
484
441
378
332
319
302
259
211
210
297
467
676
865
987
1031
1040
1056
1044
969
837
704
637
639
657
646
630
615
467
-7
-876
-2007
-3119
-3999
-4523
-4600
-4197
-3387
-2287
-1029
191
1151
1698
1821
1622
1231
724
192
-231
-478
-567
-542
-438
-327
-332
-520
-840
-1189
-1480
-1660
-1663
-1440
-1006
-433
205
817
1279
1485
1414
1134
746
340
-22
-265
-342
-266
-101
90
251
320
249
48
-220
-451
-564
-507
-283
49
411
737
984
1105
1066
849
512
163
-117
-275
-298
-207
-28
186
384
533
601
555
396
176
-22
-123
-105
4
160
315
437
518
547
509
409
270
149
110
166
283
416
506
531
508
453
379
295
220
176
180
234
337
473
615
747
868
964
1028
1061
1063
1018
922
790
668
594
543
515
568
667
590
79
-884
-2043
-3117
-3978
-4553
-4725
-4414
-3658
-2547
-1194
173
1241
1814
1944
1800
1455
929
316
-226
-601
-787
-774
-581
-352
-290
-447
-729
-1024
-1289
-1505
-1605
-1504
-1179
-655
9
709
1278
1567
1564
1340
985
566
143
-199
-402
-440
-320
-91
134
251
231
112
-41
-189
-329
-411
-362
-167
142
505
833
1047
1073
911
661
399
133
-122
-297
-334
-220
-15
203
393
504
501
405
273
139
21
-61
-80
-2
162
362
552
680
712
654
531
384
262
202
215
295
401
494
555
586
578
511
395
293
254
303
438
636
853
1029
1135
1180
1180
1121
999
844
683
552
475
474
569
665
515
-101
-1155
-2381
-3505
-4354
-4831
-4858
-4421
-3564
-2335
-871
545
1591
2096
2130
1851
1375
781
154
-390
-771
-921
-815
-555
-325
-280
-442
-731
-1065
-1377
-1594
-1646
-1500
-1136
-561
171
906
1448
1691
1647
1386
986
515
57
-299
-481
-485
-337
-96
129
239
214
86
-99
-300
-457
-501
-383
-119
233
607
914
1074
1073
932
689
380
61
-191
-307
-280
-145
57
263
415
482
461
372
247
106
-10
-61
-36
64
229
408
545
626
644
608
528
421
328
287
307
371
463
551
597
588
525
435
352
295
278
319
426
593
794
990
1154
1256
1266
1185
1040
878
741
648
592
565
574
591
427
-160
-1213
-2510
-3749
-4725
-5273
-5252
-4652
-3608
-2288
-806
653
1787
2376
2439
2118
1536
800
77
-479
-813
-931
-848
-614
-363
-264
-384
-677
-1056
-1440
-1745
-1860
-1713
-1297
-658
123
923
1559
1886
1880
1616
1178
637
86
-353
-590
-621
-478
-219
61
253
307
237
75
-158
-408
-568
-527
-264
139
564
912
1113
1141
1011
758
415
45
-266
-419
-370
-169
96
348
523
580
523
384
198
-7
-200
-301
-242
-36
248
523
727
849
877
822
704
536
345
184
115
164
306
478
617
691
705
660
562
438
326
271
297
421
635
905
1168
1357
1447
1433
1327
1153
941
712
529
458
468
388
-13
-841
-1970
-3159
-4222
-4993
-5311
-5082
-4345
-3196
-1743
-169
1229
2172
2594
2569
2171
1500
697
-66
-661
-1041
-1160
-1018
-746
-516
-445
-549
-779
-1083
-1405
-1650
-1706
-1507
-1050
-383
397
1137
1669
1894
1824
1517
1030
447
-103
-509
-722
-727
-555
-279
-2
197
288
245
68
-193
-421
-494
-367
-80
283
647
945
1111
1118
972
690
322
-57
-332
-427
-348
-150
97
344
555
676
664
528
312
64
-128
-199
-127
48
267
484
663
769
792
727
592
431
290
232
262
347
472
604
691
714
649
525
398
302
268
311
433
629
875
1128
1318
1412
1417
1332
1165
930
667
476
388
370
346
96
-571
-1621
-2822
-3917
-4768
-5269
-5265
-4694
-3643
-2247
-658
857
1983
2568
2666
2399
1840
1050
191
-545
-1047
-1257
-1193
-939
-636
-450
-466
-638
-901
-1206
-1496
-1665
-1591
-1235
-633
118
886
1501
1835
1879
1678
1273
717
109
-416
-737
-820
-685
-403
-80
167
255
188
29
-145
-284
-335
-255
-37
266
594
885
1068
1085
913
602
245
-74
-302
-400
-351
-166
108
388
616
748
749
608
374
140
-20
-86
-63
42
219
434
641
801
870
832
696
519
373
303
317
387
482
568
633
668
656
587
471
364
357
474
678
932
1196
1420
1544
1516
1356
1126
882
687
548
471
409
250
-200
-1082
-2302
-3587
-4667
-5387
-5636
-5296
-4382
-3075
-1550
50
1497
2495
2895
2769
2272
1523
631
-211
-842
-1200
-1297
-1160
-865
-568
-435
-535
-800
-1129
-1454
-1701
-1757
-1527
-1014
-287
541
1333
1914
2154
2037
1633
1048
391
-225
-685
-903
-876
-652
-313
26
263
344
264
62
-188
-391
-461
-346
-69
312
711
1041
1231
1220
1007
637
188
-229
-524
-642
-568
-340
-31
286
565
751
801
727
557
344
148
27
36
164
361
574
761
879
901
820
666
485
333
255
279
396
543
663
715
713
681
642
600
549
525
591
769
1028
1295
1503
1585
1527
1381
1208
1020
803
564
283
-196
-1024
-2155
-3371
-4463
-5275
-5650
-5456
-4707
-3555
-2156
-635
821
1964
2622
2785
2529
1940
1133
286
-419
-900
-1154
-1197
-1056
-827
-655
-633
-763
-993
-1276
-1541
-1669
-1558
-1186
-593
140
899
1540
1927
2010
1810
1377
798
187
-336
-680
-804
-723
-488
-189
81
241
248
117
-92
-280
-350
-265
-50
234
532
801
996
1068
983
738
380
-1
-300
-454
-459
-332
-110
156
406
583
645
577
414
226
87
32
65
169
338
545
752
901
954
898
754
585
441
340
280
256
283
376
511
632
699
699
654
619
628
668
743
870
1047
1235
1379
1477
1543
1542
1392
1099
764
489
214
-300
-1204
-2393
-3623
-4661
-5330
-5512
-5185
-4449
-3405
-2078
-559
899
1982
2547
2619
2315
1758
1057
337
-317
-844
-1159
-1193
-998
-750
-634
-709
-898
-1136
-1381
-1565
-1615
-1486
-1146
-579
177
967
1592
1923
1950
1736
1342
823
257
-250
-598
-742
-679
-449
-152
91
221
221
107
-83
-271
-357
-303
-123
159
493
815
1056
1152
1080
855
511
116
-236
-463
-534
-469
-305
-66
212
463
623
672
617
488
339
220
180
233
345
496
655
790
878
888
809
677
529
405
337
337
391
484
582
653
691
706
720
747
786
853
961
1087
1201
1297
1378
1449
1481
1409
1199
926
641
187
-685
-2005
-3479
-4757
-5610
-5891
-5551
-4726
-3622
-2308
-783
767
1991
2635
2707
2369
1792
1102
398
-247
-768
-1104
-1195
-1021
-725
-551
-617
-861
-1163
-1436
-1628
-1696
-1600
-1310
-798
-72
758
1488
1926
2013
1814
1442
959
410
-123
-540
-766
-763
-556
-254
12
163
191
118
-15
-166
-273
-265
-117
150
466
760
969
1029
917
680
378
57
-228
-406
-434
-318
-97
165
402
550
580
509
371
204
54
-39
-44
66
271
519
761
945
1036
1023
926
782
625
486
390
354
374
431
493
541
566
564
553
555
612
726
883
1082
1294
1479
1600
1630
1589
1467
1243
936
607
301
-98
-809
-1884
-3152
-4376
-5335
-5790
-5605
-4896
-3854
-2542
-989
594
1898
2713
2968
2718
2118
1345
537
-209
-826
-1245
-1393
-1251
-944
-686
-607
-705
-923
-1211
-1478
-1625
-1611
-1407
-972
-299
517
1291
1838
2064
1983
1662
1169
581
3
-475
-790
-886
-746
-450
-133
109
260
300
207
11
-204
-321
-272
-74
231
579
893
1087
1110
974
706
338
-70
-410
-586
-578
-407
-130
171
423
577
626
591
481
295
96
-22
-4
136
354
602
836
999
1051
999
869
680
464
275
179
199
298
430
568
696
776
811
806
771
734
757
903
1140
1367
1505
1553
1556
1538
1436
1182
824
431
-79
-883
-1990
-3221
-4397
-5338
-5793
-5593
-4844
-3786
-2514
-1064
424
1701
2545
2862
2694
2182
1471
696
-15
-591
-1015
-1250
-1239
-1044
-849
-782
-857
-1036
-1264
-1468
-1572
-1532
-1312
-888
-270
476
1203
1744
1985
1933
1656
1201
630
57
-422
-747
-875
-790
-544
-253
-22
117
168
134
12
-152
-263
-231
-47
236
562
854
1022
1030
916
716
437
96
-237
-449
-489
-385
-208
-9
200
392
524
580
563
473
349
250
234
301
414
555
716
868
969
985
908
760
580
420
333
334
377
424
473
550
635
694
742
807
900
980
1044
1116
1199
1318
1465
1611
1694
1622
1393
1097
761
239
-697
-2057
-3603
-5011
-5981
-6332
-6027
-5191
-3992
-2472
-726
987
2325
3056
3195
2892
2303
1571
800
78
-522
-916
-1029
-888
-676
-618
-807
-1159
-1556
-1907
-2157
-2248
-2107
-1685
-975
-35
964
1781
2250
2347
2154
1749
1173
505
-116
-574
-797
-779
-592
-349
-163
-71
-38
-52
-176
-429
-670
-720
-511
-118
322
729
1026
1158
1138
990
719
325
-128
-502
-671
-626
-444
-208
37
262
446
576
616
528
333
110
-16
-3
102
268
477
716
950
1116
1182
1145
1000
791
618
530
498
468
446
506
654
773
784
734
758
973
1321
1642
1875
2041
2191
2337
2340
2093
1595
927
267
-445
-1567
-3420
-6045
-8960
-11363
-12555
-12279
-10904
-8877
-6254
-2864
1187
5236
8358
9836
9563
8096
6109
3911
1527
-1059
-3534
-5246
-5710
-5029
-3974
-3327
-3274
-3582
-3873
-3922
-3878
-3859
-3667
-2869
-1082
1537
4322
6504
7625
7709
6971
5601
3698
1351
-1084
-3077
-4118
-4027
-3116
-1924
-896
-134
416
641
365
-308
-993
-1183
-687
305
1510
2555
3257
3635
3707
3362
2442
1064
-364
-1394
-1735
-1414
-682
133
793
1259
1520
1553
1268
642
-69
-458
-236
608
1777
2893
3743
4338
4660
4589
4070
3191
2163
1264
717
607
870
1257
1591
1769
1750
1688
1685
1674
1664
1882
2584
3684
4750
5578
6360
7027
7288
7081
6381
5348
4151
2457
-343
-4376
-9096
-13856
-18048
-20750
-21142
-19401
-16245
-12054
-6860
-1279
3703
7400
9337
9542
8398
6301
3693
1108
-1086
-2797
-3890
-4073
-3506
-2841
-2513
-2663
-3295
-4209
-4999
-5456
-5618
-5319
-4247
-2262
444
3305
5652
7083
7518
7030
5672
3681
1494
-561
-2274
-3343
-3475
-2845
-1912
-1018
-281
327
658
460
-100
-580
-579
-53
662
1497
2338
2972
3273
3093
2347
1077
-382
-1625
-2354
-2435
-2019
-1224
-206
816
1852
2836
3463
3453
2704
1613
821
515
553
776
1183
1848
2667
3373
3663
3374
2662
1817
1169
917
856
804
811
1106
1873
2782
3425
3770
3929
4178
4548
4810
4898
4796
4673
4706
4904
5081
4866
4113
3081
2169
1111
-1332
-6033
-12542
-19167
-23850
-25562
-24613
-21853
-17858
-12552
-5749
1901
8755
13043
14109
12652
9913
6834
3681
325
-3042
-5643
-6622
-5783
-4048
-2725
-2552
-3393
-4470
-5289
-5986
-6745
-7404
-7334
-5870
-2815
1320
5331
8181
9584
9745
9015
7458
4943
1732
-1390
-3488
-4064
-3389
-2183
-1132
-404
198
671
696
-68
-1426
-2578
-2712
-1690
45
1869
3347
4401
5048
5231
4706
3278
1122
-1161
-2816
-3424
-3083
-2101
-755
744
2214
3362
3843
3481
2389
1023
-9
-315
63
885
2016
3375
4739
5725
5988
5370
4119
2720
1588
952
706
623
736
1202
1989
2859
3519
3821
3914
4157
4703
5408
6090
6621
7086
7712
8320
8340
7317
5376
3378
1627
-954
-5585
-12325
-19624
-25237
-27695
-26780
-23372
-18602
-13019
-6675
236
6713
11296
12977
11970
9490
6686
3995
1345
-1306
-3559
-4778
-4655
-3524
-2419
-2366
-3503
-5164
-6441
-6934
-6977
-6992
-6774
-5542
-2792
1144
5227
8320
9895
10168
9624
8471
6580
3868
709
-2160
-3969
-4404
-3910
-3303
-2996
-2792
-2238
-1309
-586
-571
-1090
-1294
-478
1181
2952
4259
4916
5093
5055
4799
4008
2386
180
-1838
-2918
-2982
-2603
-2323
-2183
-1890
-1215
-285
472
760
625
560
1122
2399
3921
5063
5651
5936
6194
6293
5778
4392
2486
818
-28
-86
68
-7
-223
-172
415
1330
2059
2269
2126
2271
3236
4789
6224
7098
7684
8571
9624
9923
8728
6320
3787
1440
-1894
-7183
-13898
-20394
-24968
-26781
-25746
-22463
-17749
-12034
-5624
981
6890
10992
12620
12003
9991
7425
4591
1660
-1052
-3262
-4494
-4550
-3969
-3559
-3842
-4811
-6029
-6944
-7391
-7520
-7318
-6475
-4611
-1667
1987
5575
8314
9838
10271
9800
8361
5983
2924
-322
-3128
-5015
-5915
-6081
-5796
-5291
-4529
-3307
-1769
-434
359
802
1477
2704
4158
5230
5502
5158
4681
4240
3598
2459
834
-942
-2259
-2843
-2859
-2493
-1950
-1315
-497
477
1460
2155
2316
2176
2138
2546
3347
4116
4635
5059
5489
5686
5362
4577
3584
2684
1958
1192
488
61
88
478
767
738
609
600
754
1118
1839
3001
4370
5767
7484
9641
11275
11178
9322
6795
4764
2891
-646
-6719
-14046
-20490
-24555
-25971
-25101
-22541
-18786
-13607
-6906
444
6785
10709
12191
12136
11316
9711
7045
3617
145
-2677
-4269
-4643
-4569
-4924
-6041
-7286
-7945
-8060
-8053
-8169
-8029
-6847
-4389
-1042
2672
6019
8453
9917
10578
10430
9151
6556
3107
-303
-2951
-4654
-5737
-6483
-6865
-6653
-5630
-3915
-2022
-632
59
633
1661
3211
4822
5829
5976
5503
4909
4399
3682
2373
448
-1465
-2544
-2774
-2810
-2993
-3059
-2643
-1811
-845
90
849
1373
1768
2287
3168
4261
5138
5557
5620
5543
5246
4505
3387
2187
1246
745
508
255
-101
-341
-153
387
923
1103
971
905
1199
1951
3143
4645
6213
7736
9305
10693
11060
10040
8099
5917
3660
452
-4661
-11605
-18936
-24511
-27053
-26525
-23810
-19957
-15038
-8716
-1185
6350
12041
14780
14837
13309
11177
8525
5157
1397
-2051
-4354
-5196
-4960
-4544
-4843
-5934
-7165
-7821
-7794
-7638
-7647
-7348
-5900
-2909
1087
5076
8254
10295
11276
11354
10449
8415
5328
1652
-1785
-4328
-5792
-6490
-6889
-6998
-6478
-5097
-3095
-1246
-140
355
954
2215
3903
5300
5885
5727
5237
4707
4084
3065
1490
-461
-2280
-3447
-3837
-3896
-4068
-4191
-3769
-2527
-831
629
1521
2101
2796
3740
4743
5525
5877
5781
5367
4811
4163
3234
1978
641
-296
-563
-520
-557
-770
-775
-312
310
755
899
992
1389
2004
2860
4447
6654
8942
10589
11380
11257
10176
8226
5633
2950
-715
-6523
-14223
-21892
-27118
-28835
-27639
-24634
-20175
-14375
-7382
466
8101
13820
16515
16436
14743
12329
9307
5556
1400
-2318
-4738
-5699
-5630
-5301
-5559
-6612
-7813
-8416
-8379
-8208
-8102
-7537
-5863
-2766
1293
5430
8938
11420
12807
13108
12236
10072
6761
2946
-613
-3493
-5588
-6994
-7866
-8131
-7517
-5924
-3781
-1879
-703
8
1057
2843
4844
6208
6558
6191
5600
5031
4377
3361
1778
-266
-2292
-3725
-4286
-4268
-4154
-4087
-3686
-2650
-1187
309
1522
2428
3225
4043
4830
5438
5692
5452
4751
3810
2893
2051
1197
359
-274
-530
-407
-151
76
400
894
1386
1504
1201
872
825
1251
2127
3457
5334
7425
9172
9994
9754
8825
7470
5820
3207
-1674
-8858
-16715
-22908
-26039
-26383
-24809
-21795
-17172
-10667
-2840
4934
11123
14553
15328
14441
12686
10130
6371
1857
-2180
-4683
-5331
-4878
-4417
-4481
-5081
-5757
-6169
-6488
-7104
-8069
-8687
-8110
-5988
-2651
1194
4898
8116
10763
12651
13338
12385
9801
6277
2694
-462
-3244
-5830
-7966
-9209
-9215
-7977
-6071
-4227
-2853
-1739
-161
2157
4729
6732
7506
7286
6738
6184
5503
4306
2390
52
-2148
-3660
-4343
-4502
-4316
-3891
-3171
-2024
-576
921
2202
3167
3965
4722
5402
5761
5529
4796
3809
2806
1920
1087
328
-200
-305
139
960
1799
2474
2915
3049
2843
2305
1543
833
379
415
1285
2978
5201
7537
9343
10159
9882
8532
6403
3467
-808
-6791
-14166
-21175
-25599
-26451
-24221
-20347
-15700
-9996
-3097
4215
10330
13775
14211
12398
9639
6779
3860
678
-2608
-5174
-6060
-5197
-3563
-2482
-2720
-3935
-5290
-6238
-6814
-7461
-8196
-8276
-6879
-3765
402
4475
7723
10059
11632
12367
11934
10060
6880
3089
-416
-3081
-4992
-6545
-7900
-8707
-8422
-6923
-4797
-3058
-2106
-1343
205
2891
5796
7670
8119
7683
7214
6812
5783
3788
1112
-1483
-3213
-3999
-4161
-4189
-4325
-4198
-3395
-1836
-165
902
1471
2212
3535
5175
6442
6913
6782
6288
5617
4711
3444
2000
656
-213
-336
178
942
1579
1959
2307
2713
2954
2700
1757
590
54
706
2421
4484
6259
7865
9479
10592
10617
9236
6827
3933
211
-4791
-11091
-17856
-23325
-26160
-25723
-22537
-18031
-12864
-7115
-876
5233
9845
11947
11599
9614
6986
4175
1376
-1238
-3513
-4916
-5096
-4179
-2843
-2052
-2344
-3435
-4679
-5580
-6093
-6531
-6792
-6468
-5039
-2339
1096
4460
7132
8916
9843
9885
8982
7121
4455
1485
-1209
-3257
-4705
-5808
-6617
-6849
-6209
-4879
-3407
-2162
-1010
420
2378
4648
6663
7848
8000
7456
6661
5721
4233
1885
-994
-3543
-4977
-5283
-4896
-4223
-3369
-2093
-425
1290
2639
3369
3665
3933
4472
5210
5725
5708
5140
4335
3616
3034
2437
1673
846
310
298
803
1619
2367
2848
3044
3045
2985
2749
2213
1589
1368
2042
3674
5806
7889
9413
10038
9767
8741
7275
5137
1257
-4978
-13138
-21254
-26716
-28372
-27006
-24236
-20504
-14999
-7642
352
7114
11144
12242
11175
9034
6594
3865
692
-2630
-5156
-5746
-4396
-2394
-1067
-1022
-1963
-3118
-4057
-4923
-6103
-7532
-8395
-7815
-5475
-1971
1561
4492
6785
8500
9504
9505
8249
5887
3006
387
-1534
-2880
-3941
-4850
-5358
-5089
-4081
-2857
-2010
-1574
-1042
121
2067
4151
5619
6255
6325
6247
6039
5368
3959
1881
-448
-2318
-3342
-3657
-3634
-3537
-3099
-2007
-363
1312
2459
3060
3520
4130
4915
5587
5824
5596
5078
4526
3936
3145
2207
1360
851
749
937
1302
1885
2694
3607
4342
4630
4360
3667
3009
2787
2950
3144
3367
4157
5892
8098
9598
9455
7938
6022
4263
2054
-2149
-9030
-17487
-24955
-28993
-29103
-26613
-23172
-19100
-13635
-6333
1828
8584
12041
12035
10051
7788
5798
3517
461
-2902
-5203
-5372
-3696
-1549
-393
-775
-2144
-3488
-4294
-4964
-6150
-7715
-8672
-7929
-5286
-1652
1818
4560
6654
8305
9385
9435
8173
5796
2987
576
-1118
-2332
-3471
-4592
-5222
-4909
-3767
-2516
-1824
-1535
-902
630
2821
4738
5643
5571
5092
4701
4266
3313
1711
-258
-1943
-2821
-2923
-2567
-2131
-1652
-892
210
1432
2329
2670
2763
3026
3638
4434
4963
4975
4532
3931
3511
3238
2841
2159
1325
816
903
1578
2635
3684
4495
4901
4906
4785
4680
4509
4106
3559
3354
3859
5105
6613
7565
7455
6473
5112
3860
2228
-1218
-7240
-15249
-22817
-27344
-28182
-26438
-23715
-20455
-15657
-8743
-605
6688
11131
12294
11179
9287
7420
5267
2288
-1257
-4133
-5060
-3983
-2185
-1264
-1876
-3350
-4597
-5097
-5304
-6042
-7319
-8150
-7404
-4722
-919
2721
5425
7228
8552
9533
9720
8551
6028
2937
364
-1164
-1952
-2578
-3339
-4010
-4123
-3526
-2485
-1604
-1307
-1312
-896
459
2499
4300
5183
5228
4940
4655
4175
3084
1277
-932
-2877
-3979
-4106
-3511
-2596
-1597
-454
864
2156
3122
3496
3390
3213
3297
3704
4127
4261
4091
3795
3510
3111
2456
1689
1106
1024
1452
2133
2933
3763
4589
5328
5781
5849
5468
4657
3697
2980
2905
3510
4421
5404
6332
6933
6884
6006
4611
2992
484
-3999
-10798
-18521
-24577
-27283
-26743
-24166
-20748
-16427
-10577
-3438
3698
8890
11087
10646
8745
6617
4603
2371
-242
-2832
-4397
-4123
-2479
-854
-554
-1697
-3269
-4382
-4992
-5644
-6675
-7669
-7712
-6205
-3197
544
4002
6570
8185
9166
9557
9059
7450
4937
2255
105
-1378
-2464
-3458
-4360
-4781
-4474
-3596
-2652
-2073
-1694
-984
464
2489
4356
5472
5696
5288
4646
3766
2475
712
-1307
-2985
-3835
-3758
-3021
-2057
-1085
-83
968
1973
2646
2806
2655
2567
2896
3583
4192
4366
4121
3824
3668
3471
2925
1988
1098
747
1156
2178
3391
4436
5099
5368
5446
5484
5375
4834
3840
2886
2668
3410
4692
5989
6836
6997
6480
5463
4419
3245
579
-4808
-12576
-20256
-24923
-25880
-24354
-22028
-19339
-15202
-9091
-1786
4880
8926
9870
8586
6600
5011
3502
1397
-1314
-3714
-4447
-3216
-1177
85
-364
-2016
-3634
-4474
-4805
-5508
-6816
-7866
-7542
-5348
-1830
1837
4785
6760
8065
8972
9256
8425
6366
3664
1323
-164
-1124
-2078
-3190
-4049
-4209
-3687
-2880
-2366
-2283
-2067
-1075
899
3239
4933
5614
5610
5466
5274
4582
3066
891
-1374
-3128
-4063
-4217
-3813
-3051
-2034
-757
702
1988
2782
3024
2997
3124
3573
4153
4519
4501
4182
3768
3285
2721
2079
1588
1446
1566
1839
2255
2969
3959
4894
5422
5526
5363
5127
4898
4682
4521
4497
4781
5532
6718
7857
8258
7472
5694
3862
2641
1204
-2281
-8777
-16911
-23553
-26438
-25754
-23314
-20660
-17586
-12942
-6362
977
6690
9074
8361
6240
4497
3445
2137
-159
-2965
-4741
-4266
-1939
532
1428
385
-1460
-2793
-3266
-3709
-4997
-6858
-8029
-7293
-4532
-857
2433
4717
6238
7539
8597
8785
7542
5091
2402
362
-846
-1706
-2712
-3806
-4438
-4135
-3028
-1842
-1309
-1479
-1538
-567
1433
3561
4793
4867
4390
3975
3735
3216
1885
-118
-2153
-3368
-3381
-2678
-1847
-1200
-631
180
1171
2024
2447
2439
2450
2917
3855
4801
5181
4870
4230
3677
3308
2841
2050
1145
613
812
1731
2966
4082
4906
5384
5572
5545
5274
4766
4067
3506
3584
4452
5899
7451
8439
8399
7340
5872
4741
3454
244
-6153
-14940
-23091
-27798
-28549
-26546
-23594
-20201
-15390
-8601
-603
6368
10129
10326
8409
6344
4916
3378
987
-1984
-4246
-4352
-2347
211
1432
562
-1490
-3264
-4091
-4550
-5614
-7261
-8361
-7752
-5113
-1310
2307
4834
6343
7451
8396
8678
7600
5176
2328
234
-737
-1117
-1648
-2531
-3310
-3423
-2741
-1852
-1529
-1856
-2102
-1415
394
2552
4057
4548
4458
4423
4579
4421
3257
1024
-1401
-2937
-3198
-2716
-2311
-2202
-1951
-1058
451
1873
2538
2422
2142
2457
3468
4559
5068
4836
4349
4056
3905
3579
2787
1686
817
651
1260
2246
3139
3834
4507
5264
5816
5836
5416
4881
4417
4037
3956
4482
5657
7193
8444
8770
7906
5999
3950
2446
481
-3867
-11281
-19825
-26239
-28817
-28191
-25835
-22762
-18715
-13010
-5810
1789
7714
10430
10238
8647
7110
5733
3669
711
-2317
-4100
-3776
-1944
-120
341
-756
-2352
-3464
-4041
-4771
-6101
-7546
-8108
-7101
-4480
-1024
2190
4626
6359
7771
8802
8877
7643
5376
2923
951
-533
-1818
-3109
-4260
-4748
-4278
-3151
-2065
-1518
-1238
-516
1025
2993
4554
5160
4799
3982
3251
2685
2034
938
-564
-1909
-2566
-2430
-1908
-1462
-1166
-808
-113
876
1783
2349
2635
2997
3707
4546
5035
4861
4107
3216
2573
2178
1821
1326
867
858
1559
2828
4149
5067
5435
5400
5204
4971
4694
4292
3772
3402
3574
4424
5768
7181
8065
7971
6774
4920
3185
1478
-1547
-7258
-15238
-22841
-27275
-27841
-25848
-23121
-20120
-15949
-9929
-2458
4688
9457
10998
10073
8522
7392
6165
3953
700
-2363
-3675
-2893
-1162
-181
-876
-2704
-4417
-5191
-5321
-5806
-6999
-8100
-7897
-5808
-2360
1260
4099
6003
7442
8674
9328
8757
6807
4136
1737
113
-1051
-2302
-3775
-5003
-5286
-4429
-2975
-1826
-1385
-1061
-24
1924
4038
5349
5477
4837
4182
3837
3526
2585
731
-1453
-2895
-3103
-2525
-2043
-2000
-1961
-1354
-15
1465
2425
2703
2706
3157
4216
5250
5519
4824
3715
2905
2546
2352
1943
1278
766
823
1590
2796
3934
4664
5001
5160
5217
5031
4492
3656
2826
2512
3064
4410
6082
7507
8244
7977
6722
4980
3439
2106
-399
-5650
-13296
-20779
-25264
-26062
-24477
-22145
-19638
-15936
-10218
-3069
3755
8305
9919
9436
8320
7369
6091
3719
477
-2523
-3855
-3114
-1499
-639
-1337
-3019
-4490
-5166
-5482
-6191
-7433
-8422
-8181
-6216
-2875
794
3877
6077
7683
8951
9593
9072
7235
4598
2040
42
-1578
-3153
-4701
-5801
-5973
-5173
-3897
-2811
-2110
-1350
49
2175
4446
6022
6421
5948
5270
4725
4236
3327
1765
10
-1329
-1909
-1970
-2005
-2064
-1905
-1324
-379
558
1261
1817
2469
3451
4638
5575
5820
5271
4291
3333
2626
2067
1444
782
436
736
1611
2732
3749
4533
5123
5439
5377
4903
4016
2922
2014
1774
2620
4376
6357
7925
8547
8049
6628
4778
3350
2193
-433
-5936
-13745
-20968
-24767
-24935
-22941
-20567
-18070
-14193
-8522
-1686
4643
8513
9406
8357
6983
5968
4604
2126
-1223
-4140
-4985
-3606
-1496
-395
-1119
-2882
-4299
-4706
-4701
-5310
-6632
-7711
-7502
-5458
-1988
1683
4526
6230
7288
8175
8682
8129
6214
3556
1166
-536
-1846
-3121
-4424
-5451
-5701
-4954
-3660
-2589
-2035
-1462
-46
2348
4843
6375
6646
6223
5744
5245
4431
3026
1130
-672
-1840
-2143
-1845
-1466
-1232
-1045
-596
213
1056
1622
1854
2060
2616
3588
4646
5305
5338
4907
4377
3907
3384
2620
1673
932
819
1439
2486
3508
4274
4742
4938
4907
4557
3841
2917
2140
2033
2862
4255
5782
7297
8577
9162
8576
6833
4800
3008
583
-3802
-10712
-18651
-24760
-27124
-25687
-22464
-19408
-16019
-11077
-4337
2787
7795
9614
8771
6834
5224
3882
2112
-504
-3472
-5101
-4320
-1978
79
366
-1030
-2932
-4274
-4841
-5380
-6523
-7878
-8384
-7063
-3868
26
3324
5433
6698
7652
8276
8139
6734
4200
1470
-564
-1797
-2654
-3650
-4702
-5191
-4739
-3570
-2397
-1645
-1116
-214
1517
3796
5729
6575
6295
5557
4939
4387
3537
2106
360
-1080
-1780
-1698
-1231
-908
-832
-720
-204
664
1360
1636
1762
2270
3384
4646
5459
5620
5313
4839
4352
3831
3137
2226
1315
753
818
1568
2617
3493
4020
4232
4302
4270
3892
2964
1893
1434
2057
3543
5166
6727
8238
9116
8742
7158
5383
4098
1802
-3423
-11495
-20108
-26084
-28185
-27153
-24276
-20852
-16583
-10595
-3184
4281
9526
11261
10283
8220
6368
4640
2180
-1048
-4214
-5774
-4776
-2323
-370
-182
-1535
-3128
-4141
-4733
-5546
-6885
-8114
-8247
-6602
-3288
514
3568
5475
6666
7596
8041
7453
5690
3201
815
-865
-1870
-2541
-3298
-4126
-4412
-3738
-2447
-1412
-1110
-1014
-266
1365
3353
4814
5349
5188
4678
4121
3527
2645
1408
4
-1022
-1271
-934
-383
-80
-84
31
444
1007
1383
1363
1310
1711
2663
3837
4687
5001
4917
4584
4182
3737
3109
2241
1277
652
793
1606
2611
3355
3799
4123
4233
4020
3471
2694
1845
1127
884
1733
3723
6123
8097
8801
8315
7213
6126
5174
3122
-1554
-9358
-18452
-25433
-28339
-27566
-25076
-22322
-18428
-12221
-3985
4332
10125
12372
11768
9961
8289
6516
3809
72
-3676
-5648
-4972
-2675
-657
-374
-1674
-3277
-4284
-4748
-5535
-7126
-8707
-8973
-7224
-3877
-200
2889
5133
6765
8079
8797
8381
6601
3919
1388
-275
-1241
-2140
-3342
-4461
-4803
-4140
-2825
-1626
-1167
-1165
-754
635
2743
4500
5058
4579
3868
3558
3518
3128
2053
540
-727
-1165
-876
-375
-128
-196
-144
312
1007
1516
1605
1545
1827
2636
3690
4411
4481
4114
3735
3597
3455
2948
2064
1211
916
1336
2228
3222
3957
4273
4203
3860
3401
2821
2033
1204
772
1180
2525
4371
6206
7481
7742
7077
6103
5494
4713
1800
-4418
-13005
-20954
-25571
-26782
-25543
-23083
-19809
-14901
-8064
-96
6983
11297
12546
11600
9834
7972
5464
2001
-1817
-4783
-5621
-4388
-2485
-1505
-2027
-3246
-4302
-5001
-5644
-6680
-7909
-8496
-7673
-5206
-1686
1857
4678
6647
8087
9004
8906
7526
5152
2519
396
-1031
-2039
-2940
-3825
-4358
-4159
-3238
-2006
-1163
-956
-905
-331
1103
2988
4496
5047
4664
3883
3293
2904
2328
1234
-192
-1235
-1473
-986
-258
236
496
741
1140
1622
1839
1706
1463
1517
2125
3047
3840
4216
4192
3993
3781
3460
2882
2044
1300
1194
1817
2753
3474
3758
3849
3974
3997
3682
2932
1910
1010
650
1203
2566
4174
5742
6932
7387
7089
6220
5344
4054
582
-5993
-14417
-21522
-25030
-25311
-23735
-21390
-18095
-12813
-5615
2155
8456
11636
11739
10081
8197
6476
4054
611
-3009
-5400
-5500
-3800
-1976
-1441
-2376
-3756
-4588
-4839
-5139
-6057
-7280
-7643
-6374
-3464
254
3502
5647
6889
7796
8464
8231
6599
3955
1328
-425
-1320
-1926
-2629
-3407
-3853
-3679
-2914
-1894
-1185
-964
-814
-120
1388
3181
4381
4655
4242
3699
3290
2705
1678
312
-881
-1342
-1088
-406
335
825
1147
1349
1417
1395
1140
752
578
850
1704
2775
3634
4142
4287
4308
4240
3911
3238
2371
1684
1488
1838
2576
3394
3931
4089
4002
3835
3562
2897
1842
948
763
1537
3045
4972
6970
8171
8060
6989
5865
5355
4442
1243
-4818
-12613
-19610
-23800
-24948
-23738
-21632
-18942
-14386
-7546
365
6876
10126
10439
9204
7714
6259
3989
652
-3007
-5619
-5853
-4086
-2009
-1099
-1642
-2624
-3219
-3439
-3783
-4865
-6376
-7181
-6351
-3770
-456
2425
4470
5883
7073
7874
7664
6184
3700
1003
-912
-1755
-1992
-2287
-2845
-3150
-2718
-1651
-572
-147
-424
-803
-596
482
2026
3190
3468
3157
2890
2967
3018
2450
1241
-106
-865
-782
-225
345
673
866
1173
1602
1857
1655
1068
546
534
1158
2127
2977
3495
3782
4050
4336
4325
3763
2817
2021
1833
2218
2855
3450
3830
3944
3868
3721
3529
2985
1875
736
541
1818
3992
6016
7326
7826
7752
7328
6760
6228
4718
490
-6880
-15498
-22225
-25511
-25979
-24899
-23045
-19615
-13517
-5259
3093
9055
11461
11104
9580
7922
5927
2857
-1099
-4776
-6625
-5812
-3326
-1139
-559
-1293
-2029
-2107
-2090
-2901
-4746
-6551
-7019
-5723
-3036
-20
2406
4117
5436
6573
7170
6556
4601
1998
-197
-1323
-1633
-1706
-1841
-1984
-1760
-1006
-171
158
-155
-665
-776
-330
480
1303
1958
2435
2669
2774
2725
2332
1503
367
-554
-900
-733
-275
218
779
1499
2151
2440
2169
1457
684
237
260
596
1103
1717
2427
3223
3940
4372
4314
3779
3164
2860
2951
3166
3139
2973
3110
3566
3983
3976
3377
2459
1502
887
1048
1968
3271
4643
6162
7815
8875
8585
7251
6022
5101
2523
-3670
-12802
-21708
-27126
-28346
-26925
-24578
-21420
-16064
-8026
1097
8706
12723
12982
11155
8953
6921
4450
933
-3050
-5928
-6205
-4024
-1355
-146
-724
-1997
-2734
-2844
-3249
-4568
-6309
-7162
-6233
-3586
-139
2825
4660
5668
6393
6840
6434
4685
2016
-469
-1799
-1928
-1613
-1444
-1447
-1252
-576
337
860
628
-130
-826
-893
-242
724
1466
1703
1669
1796
2123
2255
1734
641
-390
-821
-582
-29
423
742
1077
1516
1960
2029
1506
590
-168
-263
275
1020
1672
2211
2828
3581
4198
4323
3851
3047
2435
2333
2628
2987
3202
3291
3344
3452
3583
3522
2940
1948
1101
1076
2044
3518
4746
5756
6669
7108
7095
6667
6205
5022
1104
-6224
-15088
-22179
-25797
-26902
-26575
-24980
-21285
-14581
-5866
2899
9664
13086
13627
12633
11047
8877
5384
787
-3474
-5900
-5744
-3914
-2286
-1939
-2569
-3097
-2985
-2836
-3478
-5033
-6539
-6764
-5302
-2555
564
3113
4867
6150
7165
7552
6644
4372
1622
-528
-1556
-1805
-1859
-1884
-1725
-1185
-327
468
741
398
-230
-652
-575
-87
554
1158
1596
1906
2144
2187
1860
1020
-113
-979
-1271
-1021
-449
227
972
1689
2236
2467
2219
1522
633
-53
-263
-31
471
1109
1897
2822
3696
4242
4233
3725
3057
2615
2528
2680
2894
3103
3420
3820
4047
3881
3365
2774
2282
1855
1495
1392
1925
3384
5406
7009
7339
6530
5770
5684
4894
1089
-6295
-15054
-21874
-25266
-25822
-24801
-23069
-19765
-13797
-5374
3676
10438
13268
12889
11375
10030
8292
5092
602
-3710
-5946
-5385
-3342
-1769
-1700
-2626
-3311
-3251
-3035
-3646
-5245
-6773
-6891
-5043
-1760
1551
3830
5144
6232
7350
7804
6752
4210
1273
-857
-1736
-1795
-1644
-1625
-1651
-1288
-430
491
809
224
-765
-1328
-1069
-195
703
1280
1641
1937
2304
2557
2252
1250
-110
-1136
-1421
-1108
-526
43
643
1410
2187
2662
2523
1655
445
-436
-604
-174
430
996
1665
2583
3676
4483
4588
4021
3128
2491
2452
2744
2925
2852
2796
3040
3474
3729
3564
3024
2435
2146
2360
3024
3881
4867
5846
6474
6484
5940
5395
4933
3252
-1216
-8484
-16323
-22033
-24700
-24899
-23727
-21584
-17602
-11136
-2894
5121
10628
12723
12178
10606
8922
6609
3234
-769
-4254
-5837
-5136
-3256
-1864
-1792
-2497
-2968
-2886
-2844
-3661
-5231
-6438
-6206
-4196
-1048
2098
4420
5887
6988
7785
7726
6325
3759
896
-1227
-2168
-2242
-1974
-1759
-1562
-1072
-205
655
891
343
-563
-1199
-1109
-416
380
979
1360
1638
1891
2003
1744
994
-35
-856
-1202
-1044
-455
275
1058
1810
2303
2428
2090
1260
220
-554
-765
-381
369
1338
2449
3597
4560
4988
4766
4083
3296
2725
2461
2391
2464
2697
3104
3646
4158
4397
4174
3532
2740
2226
2321
2929
3880
5063
6186
6820
6743
6288
6001
5482
3106
-2414
-10523
-18530
-23693
-25489
-25025
-23647
-21246
-16441
-8901
-54
7529
11811
12648
11276
9212
7144
4521
868
-3193
-6175
-6638
-4785
-2315
-892
-904
-1492
-1767
-1685
-2004
-3313
-5167
-6287
-5742
-3463
-343
2447
4413
5725
6741
7339
6922
5113
2332
-354
-1943
-2314
-2044
-1696
-1403
-888
0
915
1282
832
-128
-954
-1249
-995
-465
102
711
1335
1941
2372
2297
1573
393
-742
-1347
-1404
-1112
-637
59
1125
2277
3032
3044
2269
1098
7
-659
-777
-458
217
1186
2396
3756
4864
5342
5072
4226
3326
2746
2490
2389
2356
2643
3388
4233
4762
4836
4515
3883
2983
2143
1952
2544
3734
5209
6446
7116
7074
6733
6774
6424
3695
-2673
-11614
-19861
-25000
-26909
-26591
-25204
-22417
-17011
-8986
207
7893
12013
12556
10985
9005
6934
3985
2
-4037
-6565
-6402
-4125
-1556
-220
-316
-822
-993
-1005
-1617
-3319
-5400
-6497
-5772
-3336
-270
2285
4007
5279
6479
7172
6590
4552
1718
-746
-2007
-2174
-1802
-1371
-1005
-381
596
1582
1920
1269
107
-795
-1014
-699
-321
-100
180
738
1574
2235
2223
1454
236
-775
-1235
-1236
-936
-430
343
1407
2524
3269
3268
2419
1097
-152
-934
-1172
-1041
-517
502
1939
3496
4741
5331
5240
4682
3995
3427
3024
2713
2463
2560
3201
4085
4624
4359
3602
2972
2679
2640
2712
3024
3722
4685
5595
6222
6549
6581
6401
5572
2795
-3062
-11475
-19937
-25762
-27989
-27532
-25871
-22939
-17583
-9506
-39
8212
13114
14292
12916
10593
8024
4834
815
-3370
-6265
-6638
-4842
-2375
-761
-516
-914
-1154
-1200
-1703
-3229
-5229
-6423
-5891
-3638
-609
2155
4167
5527
6513
6975
6368
4390
1551
-1040
-2444
-2592
-2073
-1426
-784
36
1033
1906
2194
1610
430
-739
-1414
-1443
-1099
-707
-305
229
998
1790
2137
1776
898
-7
-550
-679
-520
-162
399
1167
1949
2429
2426
1877
985
131
-417
-521
-216
420
1352
2483
3591
4349
4583
4365
3933
3533
3256
2984
2655
2467
2739
3502
4296
4584
4206
3479
2815
2372
2117
2174
2663
3593
4726
5685
6073
5999
5962
5931
4834
837
-6557
-15392
-22556
-26272
-26986
-26131
-24401
-20841
-14378
-5437
3910
11033
14439
14576
12971
10855
8282
4589
-85
-4410
-6726
-6382
-4424
-2613
-1980
-2187
-2256
-1903
-1812
-2746
-4630
-6292
-6374
-4535
-1546
1388
3566
5109
6466
7595
7745
6244
3344
202
-1914
-2553
-2257
-1821
-1580
-1232
-281
1176
2363
2446
1301
-225
-1083
-996
-495
-240
-379
-451
25
943
1776
1931
1215
90
-806
-1035
-692
-191
296
809
1479
2227
2694
2590
1882
866
-4
-473
-523
-222
429
1447
2649
3652
4171
4207
3971
3694
3460
3165
2734
2315
2240
2679
3420
3950
3893
3333
2637
2207
2170
2401
2700
3031
3679
4876
6182
6825
6607
6169
5975
4914
997
-6309
-15011
-21963
-25435
-25976
-25003
-23153
-19581
-13385
-5061
3552
10139
13383
13593
12209
10310
7890
4391
-54
-4067
-6047
-5543
-3836
-2591
-2421
-2730
-2696
-2248
-2199
-3284
-5173
-6670
-6543
-4483
-1310
1707
3884
5489
7064
8445
8697
7051
3882
582
-1578
-2312
-2246
-2112
-2102
-1830
-871
652
1944
2122
1115
-287
-1071
-806
37
724
856
552
321
533
979
1070
363
-884
-1838
-1945
-1148
41
1044
1763
2297
2745
3036
2825
1928
551
-809
-1591
-1593
-943
132
1391
2691
3853
4609
4841
4604
4083
3526
3048
2592
2229
2210
2638
3389
4087
4403
4230
3562
2624
1789
1514
2028
3111
4414
5627
6516
6937
6905
6599
5985
4251
89
-6790
-14812
-21335
-24767
-25444
-24520
-22546
-18764
-12530
-4556
3334
9232
12169
12491
11258
9351
6810
3419
-468
-3924
-5625
-5176
-3610
-2382
-2175
-2475
-2544
-2282
-2374
-3450
-5175
-6384
-6056
-4074
-1140
1717
3902
5560
7081
8305
8464
6946
4015
884
-1228
-2027
-2124
-2141
-2225
-2044
-1177
229
1444
1686
855
-320
-912
-541
332
964
1040
864
941
1375
1753
1449
287
-1158
-2242
-2569
-2240
-1551
-593
567
1876
3065
3715
3588
2725
1422
198
-671
-1141
-1090
-463
718
2223
3625
4493
4694
4499
4236
4038
3731
3134
2489
2268
2684
3521
4317
4649
4362
3628
2914
2662
2922
3334
3631
4114
5244
6712
7649
7573
6933
6439
5445
2194
-4311
-12793
-20204
-24531
-25887
-25396
-23832
-20646
-15039
-7387
755
7314
10926
11609
10417
8621
6509
3607
-84
-3641
-5624
-5290
-3486
-1738
-980
-1052
-1216
-1160
-1300
-2225
-3973
-5794
-6519
-5496
-3040
-172
2222
4046
5709
7310
8180
7479
5177
2194
-273
-1549
-1857
-1842
-1918
-1966
-1569
-539
708
1405
1128
133
-718
-735
-66
657
937
865
906
1189
1413
1139
200
-983
-1838
-2006
-1455
-568
414
1442
2457
3340
3757
3410
2303
770
-600
-1418
-1702
-1521
-906
294
2022
3834
5200
5810
5676
5046
4253
3561
3074
2692
2461
2521
2999
3779
4408
4573
4216
3525
2883
2551
2703
3256
4004
5060
6333
7372
7756
7409
6889
6197
3914
-1439
-9741
-18485
-24643
-27349
-27347
-25909
-23419
-18812
-11697
-3004
5151
10486
12347
11635
9860
7903
5383
1862
-2042
-5010
-5745
-4294
-2131
-745
-626
-1080
-1244
-1145
-1527
-2958
-5044
-6497
-6281
-4345
-1549
1032
2953
4497
6043
7292
7408
5875
3113
368
-1231
-1536
-1273
-1187
-1435
-1430
-621
693
1669
1564
542
-501
-839
-369
383
745
585
357
596
1296
1659
960
-571
-1958
-2370
-1815
-945
-183
564
1567
2832
3919
4247
3503
1950
269
-922
-1462
-1538
-1358
-785
458
2300
4223
5452
5682
5275
4784
4449
4055
3414
2736
2411
2579
3026
3423
3581
3460
3048
2570
2337
2513
3099
3858
4770
5971
7042
7296
6697
6103
6033
5093
968
-6926
-16262
-23403
-26761
-27217
-26195
-24331
-20768
-14557
-6019
3044
9998
13260
13231
11650
9890
7789
4451
-4
-4085
-6020
-5278
-3221
-1652
-1332
-1678
-1727
-1385
-1436
-2596
-4656
-6428
-6663
-5005
-2158
612
2590
4056
5613
7181
7754
6477
3697
778
-1050
-1538
-1383
-1346
-1564
-1580
-868
482
1648
1733
640
-729
-1395
-1149
-563
-365
-659
-876
-466
595
1624
1878
1274
308
-299
-265
77
359
451
558
1000
1660
2078
1842
997
60
-459
-468
-188
241
877
1832
2988
4093
4847
5057
4794
4265
3764
3468
3293
3077
2852
2804
3105
3619
3903
3712
3119
2560
2459
2779
3326
4038
4762
5312
5496
5512
5872
6406
5766
2179
-4729
-13181
-20430
-24784
-26277
-26051
-24834
-21852
-16092
-7678
1527
8910
13093
14239
13475
11878
9489
5964
1448
-2984
-5623
-5653
-3980
-2263
-1591
-1718
-1782
-1519
-1459
-2453
-4523
-6587
-7286
-5917
-3027
94
2630
4656
6593
8314
8970
7845
5098
1806
-792
-2105
-2345
-2106
-1851
-1547
-869
197
1178
1342
504
-737
-1523
-1542
-1226
-1015
-946
-628
236
1314
2063
2056
1288
257
-591
-981
-1037
-1023
-853
-312
730
1949
2621
2387
1505
513
-111
-351
-423
-324
126
1111
2498
3831
4679
4860
4506
3953
3474
3109
2725
2302
2095
2444
3297
4126
4404
4049
3421
2864
2557
2527
2731
3181
3922
4803
5440
5537
5254
5275
5502
4371
76
-7458
-15767
-21957
-24873
-25260
-24468
-22671
-18926
-12589
-4153
4389
10608
13300
13046
11553
9820
7438
3787
-760
-4663
-6291
-5478
-3564
-2128
-1824
-2080
-2134
-1891
-1997
-3110
-4981
-6531
-6555
-4567
-1323
1834
4158
5840
7446
8794
8936
7283
4286
1206
-917
-1892
-2072
-1952
-1817
-1530
-823
283
1212
1284
462
-576
-1047
-866
-537
-421
-438
-217
503
1506
2206
2090
1194
68
-684
-841
-696
-551
-337
196
1141
2150
2630
2233
1195
183
-330
-376
-213
51
583
1585
2947
4253
5045
5083
4514
3790
3329
3155
2983
2699
2510
2723
3371
4146
4649
4581
3880
2918
2337
2482
3176
4001
4772
5376
5651
5772
6095
6619
6327
3431
-2731
-10702
-17950
-22651
-24740
-25049
-24168
-21716
-16777
-9369
-912
6342
10715
12122
11668
10369
8418
5403
1330
-2792
-5479
-5851
-4512
-2864
-1933
-1754
-1714
-1499
-1505
-2330
-4024
-5856
-6700
-5864
-3563
-677
1970
4207
6228
7893
8598
7781
5572
2813
378
-1268
-2169
-2524
-2455
-2008
-1170
-153
626
756
216
-580
-1126
-1287
-1357
-1439
-1282
-597
497
1487
1991
1961
1515
895
244
-302
-644
-812
-674
-65
924
1901
2372
2158
1495
743
210
-117
-347
-315
223
1345
2816
4116
4887
5090
4840
4376
3901
3481
3101
2751
2535
2713
3379
4275
4930
4952
4431
3748
3205
3012
3105
3499
4334
5493
6575
7103
7104
7082
7031
5783
1762
-5380
-13820
-20912
-25099
-26463
-26027
-24362
-20966
-15141
-7126
1382
7990
11305
11687
10549
8912
6643
3315
-780
-4428
-6158
-5555
-3607
-1773
-895
-771
-758
-678
-962
-2163
-4137
-5959
-6556
-5404
-2919
-82
2379
4444
6330
7851
8342
7293
4954
2269
163
-1060
-1629
-1909
-1991
-1654
-734
474
1335
1402
777
11
-379
-313
-62
108
88
52
354
1032
1647
1623
853
-53
-483
-311
94
353
587
1086
1923
2779
3039
2405
1163
-31
-630
-680
-512
-272
172
1104
2555
4104
5149
5259
4594
3795
3382
3315
3240
2924
2594
2703
3340
4192
4638
4189
3052
1942
1538
1963
2801
3772
4865
5945
6691
7009
7144
7284
6708
3803
-2190
-10449
-18696
-24616
-27592
-28144
-27188
-24751
-19843
-12344
-3431
4699
10123
12494
12540
11245
9184
6186
2254
-1865
-4939
-5883
-4918
-3236
-1956
-1434
-1220
-968
-897
-1495
-2964
-4792
-5926
-5646
-3975
-1565
852
3048
5051
6799
7834
7582
5940
3466
1038
-644
-1516
-1913
-2008
-1757
-983
183
1273
1821
1630
922
177
-244
-336
-293
-305
-301
-80
301
600
574
169
-361
-787
-933
-777
-470
1
679
1550
2487
3068
2939
2163
1032
39
-556
-766
-667
-286
552
1879
3468
4856
5564
5505
4956
4390
4139
4099
3945
3549
3177
3278
3940
4728
5136
4865
3978
2921
2281
2466
3360
4370
5203
5851
6302
6644
6809
6849
6083
2922
-3413
-11980
-20042
-25196
-27344
-27553
-26590
-24004
-18634
-10624
-1603
6213
11149
13049
12858
11531
9440
6295
2106
-2134
-5079
-5770
-4643
-3108
-2200
-2035
-2025
-1818
-1802
-2564
-4167
-5916
-6732
-6055
-4039
-1324
1304
3551
5510
7155
8050
7571
5593
2832
348
-1195
-1924
-2291
-2428
-2134
-1239
44
1116
1506
1159
391
-263
-522
-508
-540
-693
-683
-204
622
1230
1207
572
-292
-909
-1166
-1150
-943
-540
241
1352
2424
3008
2837
2095
1205
451
-79
-410
-526
-243
550
1787
3189
4316
4900
4947
4641
4269
3943
3674
3473
3347
3394
3647
4005
4314
4430
4311
3980
3490
3026
2853
3191
4075
5152
5920
6119
5851
5613
5641
4995
1893
-4549
-13021
-20547
-24934
-26146
-25609
-24415
-21816
-16546
-8511
603
8136
12417
13500
12686
11271
9362
6282
1942
-2608
-5518
-5820
-4281
-2581
-1920
-2155
-2384
-2133
-1879
-2490
-4183
-6082
-6855
-5735
-3086
-26
2558
4554
6328
7918
8711
7949
5584
2515
-73
-1544
-2093
-2241
-2286
-2059
-1263
18
1183
1579
1023
21
-674
-848
-817
-910
-1057
-867
-142
790
1406
1312
557
-369
-1049
-1264
-1170
-998
-633
75
1151
2294
2952
2810
1946
804
-77
-513
-640
-612
-391
322
1601
3101
4313
4862
4736
4236
3688
3304
3061
2815
2629
2718
3244
4058
4691
4842
4537
3890
3149
2627
2552
3014
3805
4567
5091
5343
5564
6052
6340
4989
649
-6451
-14225
-20338
-23913
-25387
-25462
-23995
-20189
-13800
-5635
2478
8636
11995
12888
12256
10714
8131
4394
67
-3621
-5394
-5069
-3636
-2347
-1804
-1667
-1459
-1282
-1692
-3035
-4908
-6348
-6514
-5131
-2571
368
3098
5444
7423
8820
9059
7747
5180
2273
-90
-1591
-2415
-2777
-2715
-2105
-964
322
1195
1279
697
-53
-520
-670
-814
-1055
-1081
-625
215
1017
1396
1234
644
-82
-695
-1055
-1178
-1125
-786
31
1188
2252
2753
2495
1750
901
218
-242
-481
-405
137
1153
2465
3716
4557
4873
4757
4400
3935
3470
3117
2971
3088
3445
3928
4373
4673
4773
4623
4149
3413
2830
2863
3670
4939
5965
6314
6156
6022
6317
6299
4179
-1208
-9165
-17070
-22424
-24830
-25239
-24647
-22833
-18628
-11754
-3262
4625
9789
11722
11320
9939
8209
5631
1915
-2222
-5363
-6178
-4869
-2831
-1397
-1031
-1106
-996
-872
-1422
-3042
-5195
-6674
-6587
-4822
-2046
815
3286
5352
7154
8380
8367
6760
3974
1114
-915
-1979
-2437
-2615
-2516
-1906
-744
582
1406
1289
463
-451
-922
-934
-921
-991
-899
-451
407
1335
1848
1662
831
-88
-659
-775
-626
-484
-158
630
1768
2836
3244
2718
1596
408
-369
-636
-581
-258
403
1536
3104
4683
5733
5939
5457
4807
4357
4021
3537
2958
2710
3080
3822
4504
4886
4927
4707
4244
3747
3635
3958
4498
5028
5409
5765
6045
6223
6430
5928
3280
-2429
-10492
-18269
-23478
-25827
-26165
-25470
-23347
-18544
-10965
-2000
5806
10465
11929
11289
9777
7782
4766
744
-3344
-6063
-6284
-4492
-2198
-668
-211
-138
56
3
-947
-2999
-5441
-6973
-6730
-4730
-1855
900
3245
5331
7200
8341
7968
5981
3104
414
-1357
-2227
-2509
-2450
-2073
-1195
135
1439
2097
1774
793
-168
-766
-1074
-1291
-1434
-1286
-693
269
1244
1758
1583
835
-76
-692
-879
-813
-625
-226
541
1601
2548
2857
2359
1358
359
-285
-562
-547
-250
413
1535
2982
4375
5280
5433
5017
4508
4201
4016
3725
3375
3234
3476
4014
4586
4819
4448
3562
2663
2344
2788
3723
4707
5433
5783
5787
5826
6356
6681
4733
-1004
-9724
-18390
-24227
-26777
-27186
-26530
-24526
-19980
-12525
-3271
5411
11198
13378
12842
11124
9071
6260
2222
-2376
-5864
-6706
-5072
-2618
-952
-528
-609
-510
-450
-1098
-2829
-5158
-6866
-6885
-4984
-1962
1002
3339
5202
6908
8106
7923
6007
3009
149
-1671
-2378
-2421
-2197
-1789
-968
284
1574
2273
1902
750
-379
-923
-896
-823
-1043
-1159
-746
196
1209
1623
1304
523
-268
-650
-663
-439
-118
273
1033
2110
3019
3235
2520
1314
278
-355
-587
-564
-227
636
1919
3369
4652
5367
5415
4890
4116
3512
3143
2921
2802
2948
3533
4350
4967
5145
4952
4572
3995
3304
2808
2762
3216
4070
4950
5501
5597
5478
5721
5844
4086
-1161
-9534
-18159
-24078
-26539
-26658
-25804
-23881
-19632
-12442
-3288
5356
11133
13294
12817
11322
9584
7044
3204
-1333
-4947
-6122
-4938
-2898
-1553
-1323
-1577
-1594
-1433
-1827
-3284
-5382
-6956
-6923
-4990
-1947
1033
3369
5244
6975
8236
8196
6419
3493
642
-1241
-2078
-2259
-2187
-1903
-1208
-68
1222
2016
1816
785
-368
-962
-934
-850
-1131
-1462
-1273
-407
652
1156
905
235
-411
-693
-714
-619
-430
-118
562
1580
2541
2945
2482
1414
401
-151
-285
-279
-186
298
1298
2646
3907
4629
4746
4409
3905
3539
3419
3422
3407
3351
3492
4002
4590
4807
4426
3726
3143
2767
2619
2822
3436
4344
5045
5187
4989
4941
5322
4953
1840
-4601
-12798
-19884
-24080
-25567
-25375
-24230
-21528
-16297
-8548
323
7823
12104
13166
12274
10767
8860
5879
1814
-2336
-4991
-5240
-3854
-2265
-1498
-1600
-1859
-1884
-2000
-2836
-4598
-6546
-7388
-6317
-3569
-306
2503
4763
6757
8462
9206
8308
5884
2830
185
-1457
-2165
-2316
-2220
-1858
-1002
282
1458
1883
1348
320
-457
-728
-831
-1036
-1167
-937
-288
507
1061
1144
812
345
-72
-327
-374
-237
185
980
1941
2766
3153
2926
2180
1200
338
-240
-511
-388
179
1172
2436
3642
4471
4788
4647
4248
3783
3352
2996
2750
2760
3072
3572
4075
4419
4555
4363
3725
2899
2392
2493
3137
4009
4838
5397
5353
4800
4485
4818
4529
1208
-5876
-14467
-21106
-24097
-24387
-23711
-22693
-20210
-14952
-7111
1402
7939
10989
10984
9735
8603
7286
4704
661
-3468
-5662
-5063
-2913
-1201
-976
-1630
-2002
-1785
-1633
-2489
-4444
-6486
-7266
-6016
-3146
1
2404
4124
5863
7771
8889
8197
5711
2594
206
-957
-1282
-1410
-1672
-1821
-1351
-183
1094
1549
874
-369
-1332
-1496
-1122
-759
-606
-411
172
1073
1872
2034
1382
378
-412
-683
-520
-221
52
464
1270
2300
2984
2861
1933
698
-202
-559
-477
-105
483
1320
2380
3547
4514
4911
4617
3888
3165
2782
2720
2721
2809
3183
3955
4931
5677
5843
5422
4655
3763
2973
2539
2651
3357
4464
5485
6008
6018
6040
6379
5812
2409
-4497
-13193
-20441
-24387
-25421
-24868
-23556
-20658
-15064
-7134
1323
7817
10925
11027
9520
7804
5974
3240
-455
-4022
-5815
-5043
-2730
-629
200
-54
-454
-669
-1115
-2350
-4475
-6640
-7569
-6543
-3874
-723
1888
3841
5590
7309
8310
7716
5471
2440
-126
-1508
-1866
-1762
-1590
-1381
-821
147
1086
1419
794
-387
-1487
-2048
-1934
-1535
-1146
-702
-90
799
1696
2087
1761
842
-107
-628
-675
-344
99
567
1207
1978
2652
2839
2266
1191
143
-408
-364
55
716
1574
2609
3774
4797
5312
5204
4584
3808
3256
3071
3197
3465
3828
4293
4875
5484
5866
5702
4856
3636
2637
2401
3009
4100
5304
6274
6737
6625
6366
6485
6133
3315
-3139
-12009
-20154
-25188
-27049
-26897
-25676
-22992
-17778
-10102
-1455
5839
10048
11129
10291
8776
6994
4440
859
-2867
-5220
-5085
-3076
-909
141
1
-441
-647
-948
-1999
-3977
-6222
-7568
-7195
-5139
-2279
382
2547
4442
6234
7470
7388
5757
3210
771
-802
-1416
-1471
-1372
-1226
-730
208
1202
1685
1280
256
-796
-1540
-1868
-1837
-1625
-1241
-676
132
1123
1807
1899
1382
588
51
-164
-161
16
329
868
1612
2327
2626
2241
1375
472
-156
-337
-129
357
1157
2214
3385
4442
5069
5064
4521
3825
3352
3186
3248
3407
3554
3792
4266
4964
5592
5625
4869
3667
2687
2441
2854
3658
4691
5690
6317
6450
6433
6686
6596
4329
-1403
-9874
-18461
-24624
-27568
-27883
-26726
-24321
-19756
-12516
-3456
5090
10760
12824
12291
10707
8798
6185
2532
-1576
-4703
-5507
-4085
-1865
-365
-107
-520
-910
-1242
-2037
-3752
-6049
-7790
-7887
-6065
-3137
-257
2059
3973
5767
7140
7372
6099
3677
1119
-659
-1401
-1387
-1138
-904
-472
352
1346
1905
1545
456
-697
-1270
-1187
-1020
-1152
-1252
-929
-57
1017
1665
1721
1291
772
532
464
494
496
539
1006
1803
2498
2688
2178
1338
642
283
265
422
772
1384
2258
3354
4334
4812
4695
4118
3442
2954
2680
2562
2548
2752
3358
4211
5016
5457
5312
4700
3759
2760
2039
1852
2270
3100
4088
5081
5609
5529
5330
5470
5391
2889
-3440
-12290
-20356
-25120
-26677
-26559
-25691
-23326
-18267
-10410
-1303
6489
11071
12302
11541
10242
8661
6065
2064
-2332
-5234
-5463
-3716
-1781
-976
-1207
-1546
-1556
-1654
-2585
-4526
-6819
-8256
-7866
-5650
-2599
190
2410
4465
6555
8084
8140
6433
3726
1200
-399
-1055
-1245
-1337
-1345
-981
-69
1023
1537
1058
-132
-1341
-1961
-1911
-1495
-1021
-539
73
884
1743
2286
2191
1504
639
41
-111
21
192
443
1036
1963
2846
3252
2954
2134
1269
684
451
534
878
1463
2289
3323
4354
5041
5120
4611
3895
3340
3083
3028
3047
3175
3497
4060
4734
5204
5268
4865
4090
3247
2637
2497
2836
3495
4259
4814
5062
5177
5541
5986
5081
1140
-5950
-14079
-20548
-24276
-25665
-25633
-24470
-21281
-15434
-7364
1162
7829
11405
12190
11466
10178
8156
4884
666
-3273
-5399
-5183
-3637
-2210
-1748
-1965
-2106
-2070
-2382
-3653
-5817
-7894
-8705
-7635
-5019
-1913
854
3266
5605
7734
8910
8439
6419
3690
1308
-208
-997
-1382
-1656
-1743
-1302
-402
417
541
-114
-987
-1482
-1445
-1326
-1388
-1311
-782
171
1101
1610
1628
1281
840
407
76
-53
-79
103
656
1519
2454
2965
2765
2083
1269
652
221
-112
-121
351
1334
2625
3820
4682
5070
4950
4477
3836
3223
2726
2427
2450
2797
3364
3967
4454
4798
4949
4824
4347
3566
2802
2392
2703
3815
5175
6025
5941
5404
5203
5400
4837
1830
-4190
-11933
-18928
-23270
-24772
-24525
-23464
-21118
-16361
-9043
-686
6211
10016
10942
10364
9419
8008
5432
1638
-2344
-4806
-4856
-3249
-1521
-798
-1090
-1562
-1696
-1822
-2725
-4771
-7194
-8595
-7959
-5461
-2278
586
2988
5306
7638
9339
9512
7850
5070
2350
514
-441
-1056
-1690
-2136
-1949
-1108
-120
319
-102
-1020
-1860
-2149
-1833
-1325
-856
-352
425
1489
2397
2737
2374
1554
720
110
-284
-445
-346
29
769
1672
2369
2532
2090
1286
472
-38
-192
-54
376
1122
2185
3461
4547
5039
4914
4380
3760
3245
2821
2475
2324
2579
3258
4105
4719
4848
4533
3970
3360
2831
2570
2695
3216
4239
5613
6755
7129
6760
6348
6032
4440
-25
-7371
-15494
-21706
-24975
-25777
-24981
-22963
-19201
-13327
-5804
1853
7566
10202
10227
9014
7549
5660
2832
-641
-3568
-4636
-3653
-1714
-202
185
-192
-680
-1128
-1897
-3414
-5556
-7512
-8253
-7160
-4537
-1448
1318
3697
5971
8050
9197
8785
6914
4349
2039
493
-363
-842
-1235
-1462
-1236
-641
-108
-152
-844
-1706
-2286
-2330
-1955
-1439
-860
-150
787
1834
2608
2821
2413
1620
789
115
-316
-535
-509
-121
644
1557
2152
2097
1492
724
165
-82
-87
183
814
1854
3208
4502
5365
5593
5203
4462
3638
2913
2360
1997
1936
2335
3250
4415
5345
5627
5191
4353
3504
2881
2602
2696
3212
4270
5736
7200
8095
8078
7567
6902
5373
1343
-6066
-15193
-22924
-27189
-28036
-26903
-24690
-20918
-15014
-7247
873
7236
10540
10754
9191
7257
5252
2771
-314
-3159
-4363
-3392
-1150
866
1622
1245
405
-559
-1744
-3471
-5742
-7915
-9002
-8235
-5704
-2367
762
3318
5563
7578
8794
8546
6765
4218
1905
349
-501
-924
-1156
-1220
-953
-333
323
480
-152
-1290
-2142
-2150
-1486
-791
-648
-817
-452
635
1843
2324
1807
950
359
305
526
549
482
520
928
1826
2553
2498
1561
231
-580
-600
-173
275
657
1464
2894
4514
5679
5862
5176
4246
3504
3051
2695
2250
1966
2129
2863
3932
4811
5186
4901
4122
3280
2724
2556
2719
3165
4196
5863
7476
8343
8218
7599
6811
4792
127
-7362
-16159
-23669
-28213
-29535
-28308
-25531
-21183
-14912
-6938
1510
8199
11652
12010
10502
8500
6326
3582
337
-2596
-3966
-3259
-1321
562
1399
1074
173
-909
-2174
-3843
-5979
-7991
-8927
-8132
-5712
-2550
536
3208
5480
7320
8332
8058
6481
4175
1964
550
-22
-183
-343
-552
-508
-131
264
229
-464
-1563
-2529
-2910
-2572
-1812
-1029
-301
488
1393
2211
2538
2164
1307
378
-255
-492
-444
-240
99
647
1350
1938
2069
1624
832
123
-223
-156
235
886
1815
2948
4069
4898
5184
4900
4220
3412
2754
2384
2290
2432
2765
3337
4106
4811
5107
4694
3801
2966
2492
2326
2436
2958
4188
5867
7077
7454
7335
7255
6553
3416
-3066
-11649
-19776
-25496
-28257
-28444
-26767
-23497
-18249
-10842
-1988
6210
11487
13177
12332
10576
8574
5868
2239
-1559
-4114
-4407
-2815
-659
765
947
323
-525
-1466
-2816
-4918
-7416
-9177
-9132
-7069
-3831
-554
2291
4822
7156
8871
9265
8079
5789
3259
1275
173
-269
-489
-724
-797
-423
224
485
-108
-1238
-2178
-2435
-2237
-2153
-2140
-1785
-862
431
1447
1853
1673
1143
677
315
106
-12
-158
21
659
1480
2061
1958
1258
462
-143
-419
-488
-364
141
1090
2481
3982
5057
5395
5012
4291
3610
3027
2464
1890
1520
1664
2360
3379
4365
4957
5006
4544
3877
3377
3069
2835
2684
2923
3998
5649
6960
7392
7108
6638
5646
2765
-2866
-10619
-18522
-24484
-27605
-27951
-26177
-22966
-18076
-11230
-2944
5103
10719
13045
12731
11092
9043
6423
3052
-506
-3248
-4175
-3314
-1647
-292
112
-292
-1047
-1946
-3116
-4826
-6926
-8548
-8699
-6929
-3809
-445
2536
5102
7401
9163
9692
8664
6464
3897
1793
493
-212
-606
-896
-1016
-795
-345
-61
-366
-1321
-2501
-3278
-3245
-2585
-1795
-1088
-248
905
2102
2847
2771
1985
935
3
-612
-854
-823
-568
-49
741
1655
2258
2202
1499
547
-115
-298
-146
249
899
1881
3126
4297
5025
5101
4626
3893
3210
2730
2381
2099
2018
2341
3069
3925
4512
4645
4428
4079
3762
3506
3321
3370
3901
4903
5943
6423
6188
5667
5185
4046
776
-5225
-12828
-19733
-24175
-25953
-25711
-24087
-20990
-15807
-8548
-367
6731
10990
12142
11264
9664
7804
5218
1712
-1908
-4288
-4516
-3023
-1143
-42
-58
-669
-1340
-2056
-3217
-5148
-7405
-8812
-8374
-6035
-2678
649
3490
6007
8281
9865
10106
8719
6164
3378
1207
-57
-698
-1101
-1391
-1420
-1031
-439
-177
-617
-1665
-2805
-3422
-3279
-2633
-1876
-1139
-147
1239
2651
3488
3251
2169
906
-37
-482
-692
-838
-742
-233
703
1674
2082
1809
1061
367
110
208
501
930
1627
2716
4014
5066
5481
5121
4267
3379
2815
2615
2525
2391
2405
2944
3996
5042
5495
5236
4617
3934
3342
2952
2891
3262
4041
5050
6043
6774
7042
6819
5749
3032
-1930
-8868
-16265
-22299
-25933
-26965
-25878
-23067
-18437
-12097
-4642
2573
7949
10669
10887
9557
7515
4995
2083
-876
-3138
-3878
-3060
-1391
171
878
735
9
-1109
-2564
-4452
-6548
-8180
-8591
-7332
-4650
-1331
2027
5057
7604
9458
10164
9486
7608
5082
2616
717
-479
-1120
-1417
-1456
-1268
-1001
-822
-969
-1494
-2206
-2935
-3322
-3190
-2641
-1749
-674
556
1816
2728
3032
2661
1884
1052
298
-272
-603
-628
-248
445
1229
1818
1908
1491
805
235
100
361
903
1647
2662
3955
5223
6033
6165
5719
4927
4059
3238
2614
2298
2367
2824
3567
4454
5212
5660
5721
5415
4913
4408
4012
3762
3815
4409
5599
6845
7392
7123
6480
5722
3886
-443
-7356
-15391
-22295
-26563
-28127
-27485
-25193
-21382
-15773
-8636
-1075
5186
8703
9360
8272
6634
4929
2868
339
-1946
-3035
-2453
-740
938
1713
1400
396
-826
-2174
-3802
-5790
-7719
-8668
-7929
-5546
-2330
799
3498
5835
7763
8925
8835
7421
5189
2873
1148
216
-177
-394
-629
-746
-575
-298
-322
-959
-2127
-3214
-3613
-3247
-2453
-1646
-846
199
1485
2703
3279
2928
1942
760
-126
-520
-599
-533
-354
149
1054
2000
2462
2115
1168
295
-39
190
766
1414
2169
3237
4574
5776
6316
6013
5109
4034
3156
2530
2252
2383
2783
3333
3953
4688
5486
5925
5676
4935
4137
3730
3822
4293
5213
6305
7001
7117
6878
6656
6027
3511
-1828
-9505
-17584
-23959
-27841
-29267
-28623
-26190
-21633
-14935
-6867
1067
6984
9975
10431
9439
7906
5824
3018
-55
-2429
-3151
-2140
-302
1227
1725
1261
329
-826
-2308
-4335
-6694
-8575
-9107
-7959
-5482
-2413
683
3591
6155
8129
9101
8741
7178
4989
2969
1607
821
296
-129
-318
-180
83
120
-316
-1153
-2161
-3082
-3540
-3374
-2720
-1856
-954
130
1354
2414
2888
2556
1757
885
104
-498
-875
-900
-466
298
1153
1811
2074
1870
1249
554
161
183
558
1177
2068
3301
4697
5787
6169
5831
5052
4103
3160
2356
1858
1827
2243
3023
4013
5008
5779
6115
6006
5624
5108
4533
4055
3858
4212
5153
6136
6605
6472
6081
5571
4046
163
-6465
-14643
-22120
-27186
-29465
-29360
-27497
-23965
-18366
-10802
-2321
5151
9836
11386
10738
9216
7455
5152
2185
-765
-2652
-2773
-1432
270
1297
1170
173
-1114
-2423
-3918
-5870
-7978
-9269
-8849
-6657
-3442
-129
2818
5397
7543
8912
9123
8055
6057
3814
2029
1023
600
367
136
12
102
200
-57
-832
-1928
-2994
-3700
-3791
-3309
-2484
-1539
-531
636
1776
2507
2530
1812
830
-11
-562
-757
-757
-589
-126
631
1549
2226
2283
1787
1064
625
677
1005
1461
2053
2904
4036
5099
5678
5578
4895
3983
3160
2593
2332
2280
2460
3024
4013
5190
6108
6376
5965
5224
4471
3906
3591
3526
3740
4384
5349
6257
6711
6580
5882
4259
862
-4848
-12244
-19667
-25375
-28602
-29293
-27848
-24554
-19350
-12490
-4630
2874
8431
11247
11555
10350
8531
6235
3462
559
-1697
-2509
-1843
-475
555
596
-270
-1570
-2971
-4486
-6243
-8082
-9333
-9232
-7444
-4364
-840
2473
5284
7540
9081
9594
8923
7250
5093
3071
1657
935
590
363
209
166
169
-50
-738
-1772
-2804
-3544
-3762
-3452
-2757
-1813
-743
425
1530
2283
2476
1997
1144
296
-362
-682
-701
-492
-51
561
1262
1801
1955
1700
1182
753
648
865
1377
2093
2978
3992
4881
5372
5302
4748
3977
3228
2599
2146
1973
2247
3014
4067
5068
5699
5945
5860
5422
4722
3886
3129
2726
2930
3891
5340
6519
6785
6225
5494
4788
3032
-1157
-7895
-15614
-22100
-26128
-27669
-27210
-25243
-21717
-16344
-9269
-1576
4920
8776
9934
9507
8551
7203
5056
2216
-473
-1992
-1919
-834
277
630
0
-1224
-2510
-3688
-5080
-6896
-8670
-9389
-8301
-5621
-2281
989
3987
6716
8979
10313
10369
9126
6951
4524
2549
1338
656
53
-490
-593
-219
39
-460
-1678
-2908
-3534
-3664
-3697
-3590
-3114
-2137
-798
629
1876
2509
2321
1514
601
115
-84
-376
-665
-607
41
1054
1832
2087
1867
1417
990
667
654
976
1525
2302
3328
4515
5537
5981
5725
5076
4336
3627
2851
2116
1798
2118
3026
4159
5111
5785
6157
6220
6050
5688
5189
4556
3985
3912
4606
5774
6622
6514
5693
4793
3754
1612
-2717
-9145
-16247
-22227
-25832
-26836
-25833
-23530
-20084
-15101
-8507
-1330
4576
7900
8756
8236
7281
5967
4035
1604
-630
-1862
-1756
-711
385
687
-102
-1498
-2869
-4052
-5390
-7154
-8823
-9302
-7959
-5110
-1629
1754
4806
7474
9536
10638
10437
8935
6528
3996
2091
984
353
-223
-697
-753
-405
-38
-268
-1351
-2867
-4206
-4912
-4782
-4082
-3104
-1987
-675
972
2582
3576
3451
2285
850
-210
-725
-901
-1074
-1164
-756
305
1649
2604
2684
2032
1212
781
952
1463
2048
2646
3376
4379
5477
6166
6091
5314
4281
3394
2779
2402
2286
2693
3651
4781
5756
6466
6960
7196
6861
5864
4553
3605
3558
4365
5552
6432
6663
6498
6333
6069
4714
1035
-5188
-12610
-19238
-23921
-26611
-27556
-26792
-24099
-19347
-12957
-5963
192
4390
6421
6914
6605
5698
4061
1888
-85
-1075
-832
174
1193
1678
1407
462
-946
-2638
-4560
-6645
-8553
-9599
-9160
-7161
-4136
-794
2493
5552
8145
9876
10376
9590
7835
5672
3731
2358
1504
938
519
396
562
674
309
-721
-2138
-3470
-4490
-5017
-4917
-4251
-3135
-1811
-294
1393
2792
3467
3149
1976
612
-521
-1256
-1480
-1269
-692
178
1227
2330
3156
3378
2927
2080
1456
1417
1785
2333
2977
3793
4821
5749
6182
5924
5153
4252
3484
2930
2611
2592
3043
4075
5458
6785
7683
7892
7470
6747
6022
5482
5188
5106
5297
5870
6591
6960
6682
5956
4775
2229
-2687
-9679
-16964
-22794
-26694
-28815
-28993
-26979
-22819
-17020
-10345
-3666
1839
5280
6627
6578
5862
4613
2739
664
-752
-928
-70
1030
1795
1982
1511
360
-1409
-3470
-5552
-7507
-9009
-9473
-8459
-6103
-3040
163
3272
6060
8169
9231
9161
8174
6582
4763
3180
2162
1650
1368
1158
1032
916
541
-280
-1423
-2678
-3899
-4852
-5208
-4824
-3857
-2641
-1296
163
1627
2717
2820
2002
809
-227
-773
-950
-916
-613
56
1093
2304
3328
3752
3351
2472
1780
1641
1988
2402
2729
3284
4316
5606
6522
6611
5902
4780
3736
3084
2864
2956
3266
3828
4832
6330
7929
8992
9030
8159
7050
6191
5586
4993
4442
4376
4869
5464
5652
5326
4680
3078
-697
-6946
-14339
-20904
-25800
-29099
-30469
-29432
-25922
-20463
-13900
-6907
-417
4375
6844
7331
6711
5480
3612
1380
-466
-1236
-827
189
1216
1883
1929
1238
-202
-2186
-4353
-6473
-8285
-9295
-9042
-7368
-4665
-1471
1879
4991
7399
8779
9104
8599
7419
5779
4154
2941
2258
1909
1678
1566
1550
1338
642
-384
-1388
-2264
-3124
-3804
-3912
-3299
-2393
-2019
-2136
-1927
-1157
-283
79
-52
-223
-157
334
960
1516
2050
2230
2114
2227
2528
2523
1922
1033
636
1167
2332
3365
3930
4401
5053
5720
6144
6065
5411
4469
3596
3058
3054
3599
4337
5030
5847
6870
7814
8254
7892
6948
5957
5299
4918
4659
4567
4463
4196
3771
3288
2868
1989
-743
-5985
-12578
-18534
-22776
-25758
-27748
-28148
-26257
-21903
-15779
-9014
-2740
2139
5231
6797
7396
7099
5582
3080
537
-1075
-1289
-609
162
585
557
196
-477
-1579
-3221
-5240
-7213
-8522
-8587
-7289
-5015
-2301
643
3764
6649
8638
9363
8990
7949
6559
5086
3790
2815
2236
1853
1532
1407
1368
1065
224
-1165
-2637
-3655
-4171
-4309
-4210
-3760
-2774
-1442
-71
909
1210
978
421
-184
-525
-615
-600
-510
-140
751
1933
2869
3185
2869
2439
2304
2346
2357
2323
2449
2977
3864
4867
5655
5960
5887
5577
5204
4886
4532
4186
4038
4257
4992
6099
7111
7615
7463
6836
6055
5330
4603
3771
3066
2814
2909
2999
2849
2537
2048
699
-2357
-7036
-12196
-16638
-19985
-22344
-23399
-22672
-20133
-16233
-11441
-6186
-1417
1895
3560
4113
4149
3574
2082
182
-1201
-1540
-1037
-246
493
1028
1167
683
-366
-1709
-3219
-4829
-6187
-6732
-6135
-4553
-2521
-325
2010
4324
6165
7070
7029
6342
5341
4225
3250
2618
2195
1778
1425
1337
1403
1285
678
-300
-1288
-2319
-3284
-3846
-3837
-3295
-2565
-1823
-987
-95
687
961
656
165
-315
-642
-634
-393
2
541
1131
1764
2322
2754
2997
2954
2834
2792
2818
3040
3385
3727
4138
4540
4812
4874
4781
4643
4480
4309
4082
3894
4100
4787
5672
6380
6686
6537
5946
5119
4252
3494
2922
2295
1674
1386
1552
1903
1977
1697
774
-1476
-5083
-9199
-12742
-15363
-17553
-19152
-19340
-17718
-14530
-10586
-6503
-2765
-5
1648
2436
2565
2110
890
-795
-1995
-2189
-1584
-764
-98
446
808
817
305
-702
-1941
-3243
-4411
-4985
-4621
-3440
-1858
-166
1662
3605
5201
5974
5889
5312
4629
3860
3061
2396
1939
1717
1574
1541
1623
1431
703
-430
-1523
-2191
-2484
-2592
-2587
-2380
-1827
-1042
-277
257
398
105
-428
-935
-1272
-1427
-1396
-1139
-617
185
1106
1917
2541
2862
2828
2681
2578
2443
2315
2306
2572
3120
3740
4222
4454
4557
4633
4614
4417
4058
3667
3469
3609
4030
4498
4768
4787
4607
4358
4077
3642
2982
2186
1563
1410
1534
1464
954
320
-78
-520
-1800
-4305
-7329
-9855
-11526
-12701
-13507
-13550
-12638
-10871
-8508
-5824
-3211
-1326
-443
-122
144
314
12
-867
-1726
-1942
-1465
-693
-129
116
134
9
-221
-544
-982
-1597
-2224
-2506
-2196
-1340
-309
620
1477
2370
3218
3767
3881
3618
3143
2643
2280
2086
1927
1622
1278
1130
1153
963
278
-610
-1219
-1412
-1410
-1379
-1266
-1052
-755
-421
-124
84
-33
-572
-1158
-1374
-1270
-1123
-1068
-888
-371
409
1184
1656
1882
2031
2148
2231
2316
2406
2451
2479
2597
2890
3315
3652
3733
3646
3644
3779
3872
3761
3449
3168
3178
3411
3577
3598
3518
3332
3053
2717
2288
1836
1434
1037
676
469
376
196
-197
-696
-1142
-1806
-3062
-4838
-6578
-7760
-8497
-9043
-9312
-9086
-8211
-6892
-5422
-3941
-2699
-1872
-1380
-1078
-864
-841
-1174
-1615
-1789
-1579
-1148
-771
-539
-414
-331
-284
-328
-438
-586
-834
-1056
-941
-451
190
758
1162
1575
2073
2469
2580
2436
2201
1983
1783
1592
1441
1374
1272
988
654
458
395
257
-61
-352
-447
-394
-300
-263
-285
-293
-312
-386
-514
-645
-777
-910
-905
-731
-443
-79
250
506
774
1054
1288
1425
1468
1506
1611
1785
1965
2119
2279
2470
2697
2930
3134
3259
3287
3225
3081
2879
2632
2398
2271
2250
2269
2260
2186
2059
1899
1720
1519
1271
952
611
313
101
-39
-221
-530
-916
-1258
-1569
-1965
-2533
-3297
-4142
-4878
-5384
-5661
-5729
-5622
-5384
-4935
-4270
-3456
-2665
-2098
-1767
-1510
-1229
-1028
-986
-1093
-1182
-1119
-976
-817
-645
-492
-372
-282
-208
-122
-45
-11
-9
54
245
481
677
826
1011
1251
1463
1545
1471
1339
1219
1117
1023
872
632
369
198
202
302
329
274
186
115
117
113
27
-157
-379
-519
-545
-505
-474
-489
-474
-354
-156
60
227
314
373
472
633
815
956
1026
1081
1211
1409
1571
1659
1728
1841
2050
2282
2458
2570
2601
2521
2330
2098
1919
1807
1716
1615
1556
1590
1638
1590
1425
1252
1119
926
619
277
-9
-195
-357
-539
-671
-740
-826
-1026
-1315
-1582
-1788
-1994
-2241
-2547
-2867
-3131
-3309
-3376
-3360
-3252
-3058
-2844
-2602
-2299
-1965
-1675
-1490
-1400
-1279
-1093
-913
-802
-765
-708
-590
-460
-402
-392
-337
-222
-127
-84
-44
6
55
100
151
254
415
554
630
678
755
864
884
725
480
327
301
345
384
414
492
576
633
628
576
488
326
113
-54
-130
-158
-212
-243
-164
-5
181
311
367
440
545
600
584
541
515
547
622
731
879
1064
1253
1412
1547
1667
1762
1775
1690
1578
1481
1375
1231
1072
1001
1050
1149
1242
1289
1276
1203
1063
867
654
478
308
117
-35
-109
-128
-158
-232
-330
-417
-505
-643
-817
-991
-1126
-1227
-1317
-1392
-1444
-1474
-1489
-1504
-1583
-1732
-1905
-2053
-2110
-2091
-2004
-1858
-1666
-1436
-1225
-1051
-902
-796
-701
-603
-535
-472
-437
-414
-375
-324
-254
-181
-134
-108
-96
-97
-105
-117
-113
-84
-6
99
176
225
226
226
263
304
335
355
388
431
469
506
518
516
488
429
384
360
329
267
203
175
206
261
306
342
382
439
475
471
447
431
432
439
463
530
621
716
799
887
1003
1093
1141
1140
1107
1057
980
841
662
526
473
518
594
669
753
829
868
835
712
523
315
104
-87
-213
-261
-273
-261
-219
-160
-98
-67
-85
-162
-287
-415
-554
-695
-792
-834
-840
-848
-846
-821
-773
-714
-678
-683
-723
-741
-746
-748
-733
-740
-762
-800
-851
-869
-852
-821
-777
-713
-609
-483
-385
-312
-246
-213
-216
-258
-322
-385
-415
-413
-390
-358
-328
-271
-197
-108
-31
0
-1
-42
-71
-75
-64
-24
40
120
198
265
324
374
404
422
437
451
461
447
396
356
351
364
361
334
306
296
294
285
276
296
358
438
522
603
690
758
794
817
830
830
800
731
635
539
455
376
308
294
370
490
587
633
631
589
503
375
214
54
-72
-158
-198
-204
-171
-100
-17
66
119
112
58
-26
-124
-233
-346
-452
-532
-574
-567
-522
-463
-405
-361
-340
-350
-391
-433
-473
-514
-538
-525
-486
-451
-406
-360
-322
-310
-316
-338
-356
-360
-376
-390
-394
-394
-387
-379
-364
-344
-335
-363
-402
-410
-404
-401
-403
-399
-370
-335
-294
-244
-200
-157
-120
-86
-57
-23
31
64
86
115
151
193
210
207
207
208
217
216
194
195
225
269
306
338
374
408
425
408
385
383
382
374
373
391
434
489
544
603
667
713
714
661
560
438
319
216
156
140
173
241
310
376
421
423
388
314
216
94
-45
-167
-243
-250
-210
-149
-85
-9
72
127
132
75
-2
-90
-184
-267
-333
-372
-400
-410
-387
-340
-285
-243
-235
-250
-251
-234
-225
-225
-212
-204
-204
-225
-279
-337
-365
-357
-326
-290
-245
-205
-174
-146
-119
-92
-65
-66
-109
-162
-211
-248
-284
-316
-312
-288
-245
-197
-175
-160
-150
-155
-177
-179
-139
-77
-27
8
51
84
99
97
77
55
53
61
57
56
56
64
61
53
54
65
91
122
141
150
173
197
213
222
226
254
290
316
329
331
325
320
322
330
336
337
320
288
263
244
228
201
161
123
95
81
69
67
89
126
152
160
156
148
129
87
34
-20
-51
-55
-52
-39
-1
45
50
31
2
-19
-31
-68
-103
-132
-140
-127
-122
-134
-133
-110
-86
-78
-94
-109
-122
-142
-174
-196
-193
-159
-110
-77
-66
-64
-80
-118
-151
-173
-170
-162
-154
-124
-90
-65
-68
-86
-121
-154
-179
-197
-207
-209
-210
-213
-203
-179
-139
-88
-59
-46
-37
-16
14
32
39
40
31
12
-5
-9
-14
-25
-42
-52
-59
-69
-60
-52
-43
-12
22
49
70
78
96
124
144
159
158
166
188
194
188
184
188
186
154
116
91
73
80
100
117
139
137
96
47
4
-25
-43
-53
-51
-23
32
86
110
111
107
118
142
132
102
90
88
68
27
-12
-39
-46
-42
-21
10
44
72
58
26
2
-8
-19
-32
-43
-46
-44
-42
-50
-50
-27
-11
2
4
3
15
1
-16
-23
-19
-15
-32
-58
-80
-94
-101
-127
-168
-182
-165
-134
-106
-75
-29
5
20
20
3
-19
-39
-56
-56
-45
-17
12
25
18
2
-18
-43
-71
-77
-60
-47
-36
-37
-37
-27
-25
-35
-58
-66
-44
-12
22
45
53
71
83
98
107
104
99
92
77
50
41
40
33
16
5
8
10
5
10
11
-3
-13
-25
-38
-43
-40
-31
-22
-23
-22
-8
19
47
57
53
40
30
15
-4
-20
-21
-16
-11
-11
-15
-13
-6
3
3
3
5
-4
-19
-35
-46
-46
-39
-26
-1
23
41
49
30
0
-5
7
20
30
46
59
47
21
-12
-30
-13
29
67
71
52
35
12
-18
-33
-34
-35
-38
-36
-29
-13
25
58
66
67
74
87
83
77
71
62
40
0
-30
-42
-42
-32
-26
-32
-53
-82
-99
-90
-66
-53
-62
-85
-97
-78
-38
6
26
26
24
26
32
43
68
93
109
101
82
65
44
9
-29
-44
-45
-34
-23
-22
-37
-45
-44
-54
-66
-77
-82
-77
-77
-72
-58
-40
-18
4
14
12
13
10
-7
-20
-31
-40
-48
-52
-54
-64
-56
-40
-33
-18
-5
1
10
18
18
9
4
11
32
57
75
87
98
102
93
82
77
66
51
45
44
64
81
83
65
31
9
-7
-13
-16
-13
2
13
9
-5
-11
-9
-7
-11
-10
-1
13
21
21
27
33
36
24
5
-10
-19
-32
-61
-88
-98
-89
-83
-81
-78
-63
-40
-23
-19
-11
-1
-3
-8
-11
-5
7
26
36
34
41
46
45
51
59
69
75
62
34
2
-20
-24
-15
0
16
30
42
39
40
41
34
17
7
7
-5
-26
-44
-44
-35
-29
-30
-26
-3
12
11
1
-18
-31
-38
-51
-61
-61
-50
-36
-31
-29
-26
-20
-34
-57
-76
-84
-80
-78
-82
-74
-54
-31
-1
27
33
27
13
-9
-34
-49
-36
-8
15
35
46
46
33
12
-13
-24
-18
-8
0
3
-1
4
20
35
51
58
47
46
60
84
105
115
110
93
77
60
46
46
54
43
16
-18
-47
-59
-60
-51
-37
-19
-7
1
2
0
12
31
44
44
42
51
65
68
71
69
58
43
25
12
6
-5
-26
-51
-58
-52
-47
-38
-28
-16
-3
0
-10
-16
7
22
3
-26
-43
-39
-27
-18
-2
15
21
3
-23
-46
-63
-76
-97
-108
-102
-79
-61
-50
-42
-36
-36
-39
-42
-29
0
11
-3
-25
-38
-34
-26
-13
11
46
75
83
83
72
55
23
-11
-23
-12
14
22
2
-19
-29
-33
-29
-19
-2
19
27
9
-23
-39
-28
-4
8
11
24
50
70
75
67
66
70
68
57
39
11
-9
-26
-43
-46
-35
-28
-43
-56
-51
-50
-38
-13
21
55
75
76
49
17
10
23
41
46
32
18
20
13
-4
-15
-13
-5
-8
-22
-31
-30
-21
-6
-8
-17
-18
-2
22
36
37
33
14
-17
-29
-26
-19
-15
-28
-28
-11
9
28
30
29
41
48
43
32
27
21
17
13
1
-6
-12
-20
-26
-28
-17
-11
-9
-15
-24
-24
-27
-28
-30
-33
-27
-19
-17
-16
-14
-10
-2
4
6
19
29
24
13
-5
-32
-61
-80
-80
-70
-63
-58
-46
-37
-22
-3
18
31
29
36
39
37
28
16
-4
-32
-50
-58
-51
-39
-37
-39
-31
-20
-7
6
13
23
25
21
27
36
37
35
28
23
22
37
56
56
42
18
3
3
10
18
18
22
36
42
36
40
52
56
48
32
14
11
12
5
-22
-58
-67
-67
-67
-59
-36
4
27
36
41
49
59
57
50
36
18
15
12
-3
-16
-24
-24
-19
-10
8
21
15
-3
-8
-8
0
14
18
19
16
2
-14
-25
-24
-18
1
27
42
39
14
-19
-43
-47
-53
-63
-75
-89
-89
-71
-51
-29
-5
16
22
10
-11
-19
-7
13
27
33
40
55
57
47
41
33
28
19
-2
-23
-34
-36
-33
-33
-30
-23
-20
-34
-53
-58
-53
-55
-63
-52
-34
-17
1
10
21
41
59
69
71
71
70
60
43
35
26
10
2
-8
0
13
14
14
5
1
-7
-22
-30
-43
-63
-68
-65
-49
-28
-11
-6
-5
2
1
-8
-21
-19
-19
-31
-43
-40
-31
-24
-17
-17
-19
-17
-5
8
13
13
21
26
23
19
22
31
38
55
71
80
78
70
65
62
55
40
28
15
2
-10
-25
-32
-26
-10
-4
-3
-8
-15
-12
-8
-5
2
15
21
29
31
40
51
48
47
45
47
42
26
18
4
-10
-26
-52
-72
-80
-82
-68
-52
-36
-13
-5
-16
-28
-37
-51
-62
-69
-73
-64
-46
-22
9
44
61
60
51
31
8
-21
-47
-50
-40
-21
-6
4
19
32
40
41
30
28
42
56
60
42
21
3
-16
-17
-9
4
19
31
46
59
62
39
9
-12
-17
-14
-6
-6
-12
-17
-12
0
6
8
5
-8
-23
-30
-27
-24
-33
-48
-56
-52
-37
-33
-36
-31
-23
-10
-4
-3
0
6
4
-6
-11
-4
12
20
25
24
25
25
12
-6
-15
-10
-6
-5
-4
4
17
11
-3
0
24
43
49
49
46
42
38
17
6
10
10
5
-10
-16
0
11
4
-8
-16
-17
-9
-9
-17
-25
-34
-61
-101
-123
-103
-59
-28
-5
-1
-3
-15
-39
-58
-53
-28
-16
-3
10
21
16
6
9
8
1
-2
-7
-11
-8
1
-1
-7
2
19
38
51
58
66
62
53
54
50
38
23
17
16
14
9
-11
-27
-35
-32
-36
-35
-18
3
17
10
-8
-22
-18
-8
4
17
30
50
47
33
35
43
47
44
32
32
34
27
10
-8
-17
-15
-13
-20
-28
-30
-26
-30
-34
-22
1
19
19
24
35
42
44
43
50
58
71
72
62
39
23
15
1
-10
-22
-22
-19
-17
-9
-4
2
16
15
-3
-21
-32
-29
-28
-29
-33
-34
-31
-38
-41
-37
-35
-31
-31
-36
-42
-42
-32
-17
-12
-12
-13
-20
-22
-21
-24
-25
-26
-20
-13
-19
-29
-33
-29
-17
-7
3
17
44
68
72
64
49
37
27
11
-3
-11
-12
-13
-10
-17
-27
-21
-22
-35
-43
-40
-26
-15
-8
1
10
18
21
17
15
13
1
0
4
6
11
14
19
12
7
-3
-14
-14
-8
-12
-34
-53
-58
-52
-33
-14
7
28
30
25
11
-6
5
29
45
50
53
54
45
26
-2
-19
-26
-33
-33
-31
-21
-10
-15
-25
-29
-23
-18
-16
-12
1
31
57
61
53
50
55
54
38
30
34
42
40
28
15
7
8
7
0
-12
-14
-12
-18
-25
-16
0
-5
-28
-42
-39
-34
-32
-29
-22
-19
-13
-8
8
25
39
48
36
12
-14
-29
-40
-39
-11
18
35
37
23
15
15
15
10
3
1
-14
-37
-46
-49
-46
-34
-16
-1
4
9
6
-11
-16
4
24
25
19
15
9
0
-2
2
2
-8
-17
-21
-22
-9
3
6
0
-1
13
28
37
46
65
76
67
42
22
12
10
8
4
-9
-26
-40
-44
-47
-49
-36
-26
-28
-38
-50
-46
-28
-3
16
21
20
25
36
42
44
44
44
37
25
17
20
24
21
9
2
-5
-16
-26
-38
-39
-37
-25
-9
4
5
4
7
-7
-27
-41
-45
-40
-35
-19
5
13
13
1
-9
-8
-2
14
28
30
21
8
-7
-28
-38
-26
-14
-14
-12
-6
-1
-12
-26
-26
-18
-10
4
24
44
48
44
29
17
16
16
4
-18
-24
-22
-29
-31
-15
-5
-5
-16
-43
-63
-64
-57
-50
-45
-26
-8
-1
-6
-8
7
17
11
-9
-12
2
18
24
25
33
32
25
7
-7
-5
-10
-28
-51
-48
-9
36
51
48
51
45
27
8
5
21
34
34
20
17
26
28
10
-19
-28
-26
-30
-38
-37
-16
9
21
24
22
29
36
35
36
46
66
70
57
40
38
42
36
30
22
21
23
24
20
12
-4
-19
-29
-30
-22
-14
-6
6
10
5
-11
-31
-36
-36
-33
-18
-8
3
16
23
28
20
-2
-21
-33
-30
-7
9
12
8
0
2
-3
-9
-1
9
5
-20
-37
-40
-34
-33
-38
-44
-52
-50
-53
-59
-65
-54
-35
-32
-34
-25
-17
-12
-8
-5
4
12
18
15
12
20
29
32
25
26
34
35
27
13
2
-4
-3
-5
-12
-17
-28
-28
-22
-13
3
18
25
24
15
13
15
7
1
0
-2
-5
-4
-4
-5
-4
5
20
22
14
-6
-23
-39
-45
-38
-38
-34
-31
-26
-17
1
28
43
47
43
38
32
21
10
4
7
14
29
42
47
44
42
49
44
31
17
5
4
13
23
23
16
14
17
8
0
4
13
13
12
5
-7
-15
-18
-21
-22
-12
2
3
-5
-17
-22
-16
-20
-19
-12
-3
15
20
1
-21
-30
-31
-25
-11
1
9
12
12
16
20
18
8
-9
-21
-26
-34
-38
-44
-51
-58
-58
-51
-45
-44
-41
-36
-31
-20
-2
13
23
27
24
12
-2
-7
4
19
30
34
43
47
45
44
40
32
25
25
20
15
9
4
3
-5
-7
2
5
1
-13
-30
-30
-21
-7
0
5
15
26
28
21
17
9
-4
-12
-17
-18
-18
-24
-40
-55
-49
-46
-56
-65
-58
-48
-33
-13
3
8
9
23
45
57
72
96
101
88
73
70
68
56
45
38
33
30
21
6
-11
-26
-41
-50
-50
-40
-31
-35
-50
-55
-43
-25
-11
-11
-13
-17
-29
-36
-33
-14
4
2
-11
-20
-24
-28
-37
-37
-23
-7
7
11
22
32
40
41
28
13
12
13
6
8
27
56
72
63
52
32
13
-3
-18
-18
-20
-24
-22
-23
-13
3
1
-18
-44
-58
-53
-49
-52
-51
-48
-33
-16
-9
-1
2
0
-5
-18
-32
-37
-39
-34
-20
-1
8
2
-4
0
8
10
19
31
31
35
45
46
37
32
30
22
16
12
16
21
23
22
22
21
15
7
11
25
35
34
29
26
20
15
13
16
20
30
37
28
11
-5
-16
-38
-52
-46
-29
-21
-22
-16
-3
11
19
21
19
23
28
23
8
-3
-4
0
2
-1
6
8
-10
-34
-39
-13
4
-2
-19
-22
-18
-20
-23
-24
-15
-8
-13
-36
-62
-61
-48
-39
-36
-21
2
8
3
-2
-3
-3
-10
-17
-4
18
31
21
-4
-20
-19
-8
2
4
2
2
-1
-15
-19
-8
1
-10
-34
-41
-35
-28
-19
-3
10
12
17
18
12
16
34
47
48
46
45
37
21
12
17
19
21
33
37
30
22
29
33
28
33
49
59
58
48
37
27
15
5
-3
-8
2
9
7
-4
-12
-13
-16
-27
-41
-49
-43
-30
-25
-9
6
10
3
-1
4
14
19
17
6
-8
-19
-28
-31
-30
-24
-18
-23
-27
-21
-18
-15
-13
-12
-23
-42
-53
-53
-46
-38
-18
-1
7
14
8
-4
-16
-23
-20
-16
-10
5
18
29
31
24
10
2
-1
-12
-15
-8
-18
-29
-25
-7
14
15
6
2
-6
-12
-2
16
20
23
35
39
28
16
11
0
-21
-31
-29
-32
-31
-10
6
7
-1
-3
4
2
1
12
19
16
22
31
34
34
32
27
7
0
11
23
18
14
21
24
12
-8
-28
-45
-52
-51
-48
-47
-41
-26
-17
-17
-10
2
4
-4
-7
3
15
30
39
36
20
0
-8
-8
-2
17
38
53
52
42
23
3
-6
2
19
36
51
60
64
57
39
18
4
5
15
24
38
49
58
50
28
13
13
16
6
-18
-32
-36
-31
-27
-33
-35
-26
-22
-29
-48
-54
-42
-31
-32
-32
-21
-15
-20
-27
-35
-36
-22
-14
-14
-13
4
27
26
0
-22
-27
-21
-5
6
4
-4
-16
-29
-39
-31
-16
-12
-24
-41
-48
-53
-59
-61
-51
-30
-12
-5
-6
-2
8
20
19
19
27
35
39
31
17
0
-14
-24
-15
-5
-8
-11
-5
6
12
13
10
3
-2
-2
3
1
3
13
18
13
5
6
9
15
23
31
33
36
34
24
15
13
4
-10
-20
-25
-16
-7
-8
0
12
18
10
8
14
34
61
68
56
46
52
58
54
41
33
18
-4
-16
-25
-23
-19
-16
-17
-22
-28
-35
-38
-31
-18
-11
-7
-7
-7
-8
-20
-32
-35
-27
-16
-11
-16
-23
-30
-35
-26
-16
-3
15
27
34
33
33
33
33
31
28
26
12
-4
-10
-1
14
16
21
27
15
10
3
-4
-9
-12
-5
0
0
6
10
2
-23
-57
-78
-86
-78
-48
-28
-16
-3
2
2
1
5
6
5
12
24
35
26
17
11
5
4
7
17
25
31
39
38
23
10
0
-16
-36
-34
-19
-12
0
16
26
25
11
-5
-13
-12
-3
-5
-16
-18
-16
-15
-19
-21
-10
-10
-18
-19
-6
9
9
-7
-26
-38
-42
-37
-31
-21
-6
5
7
0
-3
8
13
10
5
5
5
7
13
25
36
33
29
19
19
32
39
36
35
41
41
30
20
17
16
11
-5
-16
-18
-6
9
10
2
2
6
10
5
5
21
27
21
11
8
7
-8
-16
-11
-6
3
5
-4
-20
-32
-33
-39
-45
-40
-17
-6
-7
-3
5
11
5
2
1
-2
-4
-1
5
9
18
28
25
10
3
12
16
14
10
3
-7
-20
-35
-39
-30
-18
-4
2
-1
-4
-3
-6
-10
-13
-5
5
2
-9
-24
-35
-41
-49
-53
-60
-57
-36
-19
-13
-21
-25
-26
-32
-31
-28
-26
-24
-27
-27
-17
-8
3
11
7
0
-4
2
12
28
41
38
32
24
16
11
14
16
14
20
21
15
11
13
15
17
13
23
38
46
55
56
42
19
9
12
19
20
19
11
5
2
8
11
-2
-9
-10
-14
-20
-25
-20
-19
-22
-20
-16
-14
-11
-2
8
7
6
12
14
13
18
34
50
58
65
59
43
31
27
24
7
-4
4
14
24
25
15
-1
-11
-18
-26
-27
-9
14
17
0
-19
-24
-23
-21
-26
-40
-43
-33
-25
-29
-29
-27
-34
-47
-59
-59
-52
-36
-17
-3
3
10
17
6
-7
-9
-3
8
21
37
48
43
42
43
35
25
22
29
37
40
32
23
13
2
-14
-31
-40
-44
-36
-24
-18
-14
-3
5
6
9
16
26
30
22
8
3
0
-10
-20
-25
-23
-9
-1
-9
-14
-14
-9
-11
-23
-31
-32
-28
-22
-16
-18
-13
-4
-4
-11
-11
-3
2
-5
-13
-13
-12
-14
-17
-21
-21
-16
-12
-6
3
14
15
3
-6
-10
-5
7
8
5
11
13
2
-16
-27
-31
-34
-38
-29
-10
-6
-8
-12
-20
-22
-17
-6
-2
0
7
7
0
1
16
25
13
5
6
14
18
18
22
34
42
46
40
29
31
37
34
28
33
44
45
37
31
44
60
60
45
36
29
12
-1
-5
1
9
10
2
-7
-4
7
20
22
17
15
12
11
4
-3
0
0
-4
-10
-18
-17
-11
-14
-21
-25
-26
-22
-14
-13
-17
-16
-10
-9
-4
-1
-1
-1
7
16
8
-1
1
6
-3
-8
2
4
-13
-37
-49
-51
-48
-36
-24
-25
-20
-8
-8
-12
-14
-9
-9
-18
-21
-20
-7
12
19
23
22
17
10
1
-2
7
17
17
3
-14
-25
-36
-51
-66
-60
-39
-24
-17
-9
8
16
8
-7
-9
-3
-8
-27
-43
-47
-45
-41
-30
-17
8
31
36
35
39
55
55
41
26
22
23
8
-3
-1
21
40
33
9
-9
-14
-18
-15
-15
-8
6
3
-16
-32
-25
-7
-2
-8
-7
-1
2
-8
-27
-32
-23
-17
-15
-8
8
23
28
25
24
38
52
59
51
40
39
45
51
50
50
52
45
27
6
-10
-23
-25
-15
0
18
24
17
14
10
6
10
17
19
19
13
5
-4
-15
-30
-35
-28
-18
-17
-33
-43
-40
-37
-37
-46
-50
-39
-18
-6
-1
12
25
39
38
33
39
50
51
32
11
7
13
14
2
0
4
0
-20
-39
-43
-35
-27
-39
-46
-28
-10
-11
-26
-36
-36
-31
-31
-35
-27
-13
-7
-15
-23
-15
-2
4
-2
2
17
23
22
13
3
7
14
15
9
3
-2
-8
-11
-9
2
9
10
12
9
10
14
9
14
23
36
36
26
14
3
4
8
14
14
5
-2
-4
-4
-5
2
10
9
4
-1
-2
-6
-10
-15
-15
-14
-14
-19
-28
-28
-25
-22
-15
-13
0
12
10
4
4
14
10
-10
-30
-31
-17
-5
-1
4
15
18
1
-18
-20
-6
11
8
-8
-11
0
6
-1
-8
0
15
27
27
27
39
47
35
6
-12
-8
2
3
3
14
24
30
25
11
0
-13
-28
-34
-34
-23
-11
-7
-5
-3
-8
-18
-26
-31
-35
-35
-40
-41
-31
-18
-16
-21
-18
-9
-1
-3
-9
5
33
55
56
43
29
17
7
-7
-7
0
8
22
25
25
30
35
31
11
0
1
-2
-2
12
33
39
33
26
18
12
16
24
27
24
26
27
12
5
7
1
-11
-20
-13
6
17
19
11
-1
-9
-8
-6
1
20
34
30
15
2
3
-2
-11
-20
-30
-36
-42
-45
-47
-49
-45
-43
-39
-25
-4
1
1
4
5
-1
-10
-6
5
23
35
30
15
4
3
7
8
9
8
8
-1
-20
-44
-60
-61
-62
-62
-49
-37
-27
-30
-36
-37
-34
-24
-11
0
9
17
14
4
0
9
18
15
10
6
11
25
35
34
22
10
1
-4
0
3
3
8
6
1
2
4
5
0
-9
-21
-23
-19
-18
-13
-15
-20
-17
-9
-2
5
12
9
-5
-18
-14
3
16
21
26
25
22
13
4
2
10
27
36
29
21
19
18
13
11
9
8
12
18
21
24
23
17
17
22
24
13
-2
-6
-4
2
1
-6
-7
-2
4
7
5
1
-6
-14
-28
-35
-27
-15
-7
-19
-25
-13
-1
6
14
24
26
12
-1
-4
6
14
15
6
-6
-4
-6
-15
-5
21
49
57
43
34
24
11
-7
-20
-14
-3
0
-10
-17
-10
-4
-14
-35
-42
-36
-28
-26
-20
-13
-10
-15
-22
-18
2
20
15
2
0
8
6
-11
-19
-10
5
6
-10
-25
-34
-38
-39
-41
-24
5
20
18
2
-7
-4
-4
-13
-10
15
40
52
42
22
14
9
1
-7
-4
11
24
24
19
27
36
31
17
6
10
15
8
0
2
10
8
-9
-19
-15
-4
-5
-9
-10
-6
-1
-14
-33
-43
-38
-32
-29
-22
-12
-5
-9
-19
-10
-2
-4
-6
-5
-3
-6
-15
-19
-14
-2
11
19
27
32
29
19
7
-2
-8
-11
-13
-13
-7
-13
-34
-55
-56
-40
-21
-7
3
13
14
6
-10
-17
-9
-7
-8
-7
-4
7
13
6
6
14
15
15
13
12
19
23
25
23
25
24
25
21
9
0
-5
-6
-9
0
13
18
20
20
19
12
3
-12
-22
-16
-4
13
29
37
29
12
1
-1
4
13
18
20
21
18
12
18
22
23
16
-3
-11
-19
-26
-31
-29
-15
-5
0
10
17
16
15
9
3
3
6
6
-2
-13
-19
-18
-13
-9
-5
-1
-6
-8
0
4
0
-1
-1
3
2
1
11
22
26
16
2
-3
6
14
15
19
28
39
33
20
8
8
19
25
14
3
7
13
7
-5
-8
-6
-5
-11
-20
-29
-28
-22
-23
-26
-26
-20
-14
-15
-9
-10
-28
-40
-44
-39
-26
-18
-20
-31
-37
-35
-28
-14
1
12
7
-10
-28
-32
-26
-23
-18
-16
-8
-2
-3
2
6
11
14
6
-2
-10
-14
-13
-13
-12
-7
-5
-7
-9
0
12
9
5
4
11
21
26
25
20
17
13
2
-6
-3
13
21
12
2
3
12
19
23
23
15
9
-2
-14
-21
-19
-9
0
4
9
9
-6
-23
-27
-24
-15
6
26
37
30
12
-8
-21
-20
-15
-13
-10
-8
-10
-13
-13
-5
3
1
3
8
12
8
-4
-19
-23
-15
6
21
28
37
39
37
32
24
20
16
8
-3
-6
-4
-3
-5
-9
-2
13
18
16
9
9
17
22
29
32
44
61
62
51
39
32
23
12
2
-7
-7
-6
-7
-12
-21
-27
-32
-35
-30
-15
-8
-8
-13
-17
-18
-22
-20
-19
-19
-20
-22
-24
-22
-17
-5
-2
-4
-3
-5
-5
-4
3
9
2
-4
-12
-17
-9
2
10
17
18
20
17
5
-5
-19
-37
-42
-26
-8
0
-2
-9
-12
-8
6
17
16
14
5
-5
-10
-13
-13
-14
-15
-16
-12
-1
6
4
-5
-12
-10
-12
-11
-9
-8
-2
-8
-17
-17
-5
6
9
2
1
7
10
4
2
8
15
15
5
-2
1
4
2
-1
5
12
13
6
2
7
12
7
3
5
12
14
3
-1
4
6
10
11
13
20
19
17
16
14
19
18
17
9
7
7
-4
-13
-20
-23
-25
-24
-24
-25
-26
-25
-20
-17
-10
8
20
17
21
22
24
26
19
18
30
36
32
21
12
8
1
-10
-20
-19
-8
-3
4
13
28
26
7
-14
-22
-16
-11
-13
-5
6
17
19
13
7
4
-1
-8
-13
-15
-16
-15
-16
-20
-16
-16
-21
-24
-20
-7
-2
-5
-7
-9
-13
-21
-28
-28
-19
-8
2
8
6
-4
-12
