-2
4
14
17
12
12
17
18
9
-4
-5
-5
-7
-9
-12
-12
-14
-23
-37
-41
-32
-19
-15
-22
-24
-23
-22
-16
-10
-4
5
10
13
10
12
20
20
17
14
12
12
8
4
1
2
4
10
12
14
22
26
21
8
0
-1
2
-3
-6
0
8
17
17
13
13
19
18
11
6
8
9
-1
-18
-23
-14
-5
-6
-12
-9
-7
-8
-17
-15
1
14
16
9
6
5
6
9
7
6
10
11
3
-1
1
4
-4
-16
-21
-21
-20
-21
-17
-9
4
15
13
8
9
11
8
1
2
14
23
29
28
20
9
1
-11
-19
-14
-2
5
-2
-13
-21
-22
-22
-26
-26
-18
-8
-9
-18
-22
-19
-14
-11
-9
-7
-6
-7
-13
-16
-9
3
11
14
17
26
23
15
8
4
10
15
21
28
33
33
20
7
7
13
16
7
-4
-6
-3
-11
-26
-38
-42
-39
-39
-41
-41
-30
-17
-12
-12
-8
-3
-7
-15
-16
-6
3
5
1
-8
-12
-12
-11
-7
2
14
13
8
5
10
16
11
6
5
13
18
15
12
11
13
18
24
26
24
18
13
9
5
6
12
16
17
10
6
1
-4
-5
-4
0
-1
-2
-4
-14
-20
-14
-3
4
4
7
8
3
0
3
6
1
-9
-12
-7
0
2
-2
-3
-5
-3
5
11
14
14
14
16
17
14
9
1
-9
-15
-9
-4
4
10
11
16
15
9
5
-3
-7
-4
1
0
-7
-17
-23
-24
-14
2
12
11
3
-7
-13
-16
-18
-19
-12
-2
2
-6
-10
-15
-16
-18
-21
-16
-7
-2
-1
2
7
14
14
7
3
10
18
14
4
-4
-3
-1
-2
-2
-2
1
-2
-10
-12
-7
0
4
2
-1
1
8
12
9
2
3
9
15
15
16
19
20
18
11
5
2
-2
-11
-18
-17
-11
-2
1
2
-3
-7
-10
-11
-14
-16
-14
-9
-6
1
16
27
24
13
7
0
-3
1
3
3
1
-2
2
7
10
6
-3
-12
-19
-18
-16
-14
-10
-4
-1
-8
-17
-18
-7
8
16
17
14
7
0
-2
-1
-3
-6
-11
-15
-16
-14
-9
-4
-3
1
2
-2
-11
-16
-12
-8
-12
-16
-12
-4
-3
0
-1
-1
-1
3
4
-2
0
6
10
10
14
19
16
6
4
5
5
1
-5
-6
-2
5
9
8
0
-3
-3
-4
1
5
6
8
9
9
5
1
-7
-10
-12
-12
-9
0
13
24
29
22
15
16
16
15
14
15
14
11
7
5
9
16
19
16
14
14
17
20
15
11
11
11
7
7
8
6
-1
-10
-16
-15
-11
-7
-4
-3
-4
-7
-16
-23
-26
-20
-15
-10
-6
-7
-8
-17
-31
-37
-29
-8
10
15
18
17
10
-3
-8
-5
2
3
-4
-17
-21
-20
-20
-21
-26
-28
-25
-30
-33
-30
-22
-17
-14
-8
4
14
18
17
14
7
-1
-8
-15
-15
-9
-2
-5
-9
-1
5
7
6
4
7
14
14
10
5
2
3
5
8
12
20
23
22
23
21
13
2
-3
-2
5
14
20
21
20
14
6
1
0
10
14
8
3
4
7
11
10
9
14
18
18
12
5
7
9
-1
-11
-13
-10
-8
-11
-15
-14
-11
-9
-14
-19
-13
-10
-17
-32
-41
-35
-31
-30
-25
-14
-5
1
2
3
11
17
16
6
-2
-1
4
2
-6
-8
-2
4
9
11
10
15
14
9
14
21
27
21
7
-4
-10
-12
-5
3
9
15
20
16
7
2
0
2
0
1
-1
-3
-6
-10
-10
-10
-5
-3
-11
-15
-17
-12
-6
3
12
11
5
4
4
0
-2
4
11
13
15
16
13
10
11
5
2
-1
0
0
-6
-9
-13
-16
-15
-17
-23
-25
-20
-13
-6
-9
-12
-10
-5
0
2
8
11
9
2
-7
-5
3
1
-6
-10
-8
-6
-4
-2
1
1
0
-6
-10
-6
0
3
5
12
17
19
16
14
14
16
18
22
28
29
23
13
3
-7
-13
-16
-19
-19
-19
-12
-5
0
4
6
2
-2
-4
-7
-1
5
5
0
-8
-13
-11
-11
-10
-12
-16
-16
-16
-14
-11
-8
-4
-3
3
9
7
7
5
5
5
0
-5
-9
-3
4
14
25
35
38
23
4
-5
-9
-13
-13
-6
-2
-6
-10
-11
-9
-4
-4
-6
-3
2
3
-4
-11
-5
3
-6
-17
-14
2
14
13
6
7
11
11
2
-4
2
12
10
3
0
1
0
0
7
15
21
17
7
3
9
16
13
7
4
2
-2
-9
-14
-8
-5
-8
-10
-15
-17
-14
-12
-10
-8
-2
6
6
6
10
8
8
9
10
15
22
28
20
8
-7
-17
-21
-23
-19
-17
-19
-15
-9
-8
-10
-6
0
9
12
9
7
3
1
2
-3
-4
-1
2
3
4
3
4
5
8
6
0
-3
-2
0
-5
-10
-14
-14
-14
-10
-1
7
11
9
5
2
-1
-2
-4
-5
-6
-8
-8
-10
-4
-2
-2
1
0
-3
-4
-4
-1
-3
-6
-6
-3
3
10
12
9
1
-2
-3
-1
11
28
31
25
13
-1
-12
-22
-24
-20
-14
-6
0
-2
-3
-3
-4
0
9
11
10
-1
-18
-26
-25
-18
-10
-6
-4
-1
-6
-8
-9
-6
1
6
13
18
18
21
22
15
3
-10
-17
-11
2
17
21
22
23
18
13
9
10
15
13
14
21
20
15
8
0
0
8
17
20
17
16
14
7
-2
-5
0
4
4
3
4
3
-3
-11
-16
-21
-22
-16
-10
-8
-7
-4
-4
-9
-10
-5
-7
-20
-30
-37
-36
-35
-29
-22
-19
-18
-12
-6
-9
-15
-18
-20
-18
-11
-3
7
12
14
13
10
9
10
11
11
11
15
20
21
14
7
0
-5
-8
-9
-1
13
21
16
9
6
3
-2
-9
-9
-4
-1
0
-3
-8
-2
2
0
-3
5
20
23
14
9
9
6
0
-6
-7
-2
1
-3
-9
-5
4
9
5
1
4
8
3
-5
-7
-2
5
10
10
7
7
3
-6
-11
-9
3
8
5
2
0
3
3
-1
-1
-1
3
1
-12
-23
-25
-21
-15
-6
4
12
12
9
2
-6
-9
-11
-9
-10
-10
-8
-7
-6
-3
-1
1
1
3
7
2
-4
-2
8
17
19
19
19
16
18
19
16
16
17
14
7
-4
-9
-6
-8
-10
-2
10
15
10
-3
-12
-16
-21
-24
-30
-32
-24
-17
-19
-23
-20
-16
-15
-15
-11
0
9
10
11
18
25
17
-4
-19
-19
-15
-17
-15
-7
6
20
18
15
11
5
-3
-12
-8
2
7
3
-5
-5
5
14
14
12
17
20
13
8
15
24
29
31
27
20
15
7
-1
-7
-6
0
2
2
4
11
16
16
11
7
4
-1
-5
-9
-9
-6
-2
-1
-3
-3
2
8
8
5
2
3
0
-8
-8
-7
-9
-20
-26
-28
-25
-21
-17
-12
-9
-9
-13
-18
-17
-9
-5
-5
-4
-6
-12
-17
-20
-24
-25
-19
-10
-3
-1
-3
-7
-6
-3
-4
-7
-3
12
21
18
17
26
33
31
19
6
3
7
8
7
8
10
9
-1
-11
-8
0
-4
-10
-10
-1
10
9
2
-2
4
12
17
19
18
15
2
-6
-5
5
14
11
0
-8
-4
7
11
15
13
15
8
-5
-13
-17
-22
-27
-27
-22
-21
-24
-26
-21
-6
6
16
17
12
5
1
-1
-3
-4
0
6
8
7
8
10
8
-4
-13
-19
-22
-18
-10
4
17
29
26
12
0
-6
-4
1
2
5
9
9
6
-4
-11
-7
-1
-2
-6
3
10
8
0
-9
-7
0
9
15
12
14
18
20
14
2
-1
-1
-3
-2
4
10
12
10
8
8
9
6
-2
-10
-17
-20
-22
-23
-21
-17
-9
-9
-9
-8
-5
-2
-3
-5
-2
0
0
-2
4
9
11
5
0
-1
1
2
3
2
3
5
6
9
6
1
-2
-9
-12
-10
-4
1
1
1
-1
-2
5
12
14
9
-1
-7
-13
-19
-22
-23
-25
-20
-10
-1
5
10
15
15
15
18
20
17
10
8
11
12
8
5
1
-4
-6
-8
-13
-16
-16
-8
4
12
18
16
11
6
0
-4
-4
-4
-3
-5
-4
3
7
4
0
-5
-7
-10
-13
-16
-18
-17
-18
-21
-21
-14
-6
-5
-6
-4
-2
8
19
21
21
17
12
6
2
8
11
5
-5
-16
-19
-15
-7
-4
-5
-10
-18
-28
-37
-32
-21
-7
2
4
8
14
13
4
4
15
25
24
13
13
27
35
31
29
35
50
54
43
23
16
21
11
-15
-26
-12
5
6
-5
-20
-29
-35
-41
-44
-30
-1
13
12
0
-4
-3
-21
-49
-67
-66
-57
-43
-37
-37
-23
2
16
17
18
26
28
23
18
12
10
11
16
15
-2
-13
-13
-8
-1
6
13
24
43
61
61
56
59
72
63
39
23
30
39
43
33
25
41
51
44
18
-6
-12
-21
-51
-83
-83
-73
-65
-66
-77
-65
-21
22
34
23
23
38
42
14
-7
3
22
28
16
4
33
95
141
136
89
47
18
-15
-46
-74
-73
-62
-61
-68
-81
-53
-39
-69
-112
-136
-129
-136
-165
-171
-132
-66
-11
26
48
53
26
-22
-72
-120
-150
-175
-173
-142
-86
-21
26
65
104
121
107
93
85
87
83
75
72
77
99
105
82
53
46
40
24
5
20
59
58
40
43
73
116
145
133
122
103
84
67
27
14
6
-9
-24
-45
-45
-49
-58
-68
-89
-124
-146
-152
-147
-105
-7
105
151
136
121
111
84
37
-28
-94
-129
-137
-131
-109
-90
-59
-28
-12
-10
-22
-27
-14
22
42
16
-10
10
29
22
-7
-34
-35
-60
-127
-162
-129
-49
24
50
61
98
154
172
145
122
129
120
77
27
3
-4
-13
-40
-28
28
79
101
63
25
4
-13
-36
-50
-24
0
4
-14
-43
-57
-13
27
23
-9
-59
-94
-124
-114
-60
-11
-8
-49
-76
-63
-23
25
72
115
129
133
162
187
180
126
36
-58
-117
-123
-83
-59
-82
-85
-69
-91
-147
-187
-180
-153
-115
-72
-57
-38
-25
-30
-40
-11
81
179
181
121
53
-24
-54
-72
-81
-59
-14
25
25
21
40
66
77
64
72
87
95
126
160
177
170
132
65
37
43
44
11
-37
-64
-109
-141
-132
-95
-51
-27
-27
-53
-95
-146
-176
-171
-129
-64
-17
10
22
58
73
31
17
42
110
155
128
73
1
-94
-173
-183
-141
-97
-107
-169
-211
-177
-68
-7
-20
-47
-25
62
130
173
194
184
143
76
29
40
93
146
167
144
86
22
-31
-58
-56
-31
-34
-54
-47
-16
17
10
-8
-19
-1
65
148
179
109
16
-25
-52
-75
-59
-25
-1
28
65
114
138
139
150
136
91
44
8
-32
-74
-79
-79
-88
-97
-102
-71
-15
34
79
103
91
48
-31
-126
-195
-182
-119
-65
-30
-24
-36
-56
-58
-72
-83
-77
-64
-26
-16
-6
9
15
11
-39
-85
-119
-120
-69
-19
5
14
26
37
20
0
26
74
96
92
82
93
111
101
81
80
86
97
68
46
74
98
84
9
-39
-19
28
57
38
22
44
81
73
-14
-108
-158
-169
-147
-105
-37
22
22
-26
-80
-106
-100
-93
-81
-63
-20
34
13
-78
-154
-165
-116
-51
26
94
128
131
88
39
38
104
180
189
128
85
77
11
-106
-197
-227
-198
-164
-148
-127
-100
-54
-20
-17
-5
8
0
-52
-117
-163
-199
-222
-207
-124
26
164
224
208
150
75
-26
-138
-211
-178
-57
86
200
258
277
261
204
131
76
48
49
67
109
172
210
174
114
77
26
-40
-100
-77
15
101
149
117
60
39
28
4
-14
-12
-9
-15
-27
21
100
97
39
-7
19
95
147
131
75
19
-46
-129
-198
-211
-146
-67
-12
-2
-31
-55
-51
-54
-125
-212
-256
-247
-196
-140
-85
-29
17
59
51
39
50
71
76
55
62
72
28
-60
-97
-44
34
69
83
103
117
93
24
-6
7
31
33
-21
-49
-18
-4
-50
-144
-210
-225
-234
-223
-167
-60
17
26
32
44
60
47
22
16
27
19
-18
-38
-31
12
48
29
2
16
49
43
20
22
20
-14
-85
-148
-161
-140
-96
-52
-11
45
99
108
52
15
47
70
37
4
5
33
51
86
95
64
57
27
43
28
27
59
27
34
13
-7
-10
-71
-91
-82
-123
-129
-103
-58
-11
-4
9
44
88
99
72
71
105
108
74
27
29
96
122
103
82
84
110
60
-21
-56
-64
-44
-38
-20
21
57
59
-3
-32
-5
4
-16
-56
-66
-38
-48
-77
-67
-9
68
85
57
35
36
65
102
131
165
200
221
191
122
48
-35
-122
-180
-186
-165
-133
-95
-36
12
10
-1
-28
-63
-87
-129
-173
-201
-189
-135
-147
-193
-195
-143
-32
50
89
91
51
-4
-67
-134
-156
-101
-27
-8
-24
-25
26
100
157
182
174
162
131
96
54
5
-13
-50
-95
-99
-63
15
80
110
141
175
186
137
85
72
80
95
87
73
50
20
19
-5
-37
-67
-86
-72
-54
-49
-68
-63
-22
25
75
110
119
115
69
29
3
-20
-61
-148
-231
-295
-290
-218
-164
-142
-137
-110
-65
-37
-20
-17
-28
-47
-44
-7
27
68
124
176
204
188
144
81
17
-44
-90
-115
-135
-120
-93
-56
-26
-50
-110
-170
-172
-122
-49
-2
31
72
113
183
223
232
195
96
41
45
78
92
47
26
40
91
127
100
56
35
53
38
-14
-46
-62
-82
-117
-127
-65
2
22
-7
-54
-65
-33
-11
8
50
115
158
125
85
91
92
25
-88
-131
-66
31
86
101
111
123
106
38
-21
-32
-11
-13
-65
-114
-128
-123
-115
-80
-10
54
91
70
4
-50
-84
-118
-176
-218
-186
-94
-63
-103
-111
-73
-20
-9
-34
-24
-1
-3
-37
-70
-61
-30
-20
-47
-65
-8
92
124
134
171
171
107
-2
-71
-50
28
98
108
93
109
152
156
135
153
209
244
197
117
52
22
-1
-23
-43
-62
-73
-81
-69
-47
-4
4
-72
-125
-120
-65
-29
-71
-131
-155
-114
-56
-27
-22
-29
-25
-23
-33
-10
42
51
5
-60
-58
-2
20
-11
-42
-36
-22
-14
-10
20
71
113
125
88
27
-2
-32
-72
-87
-68
-24
-28
-115
-187
-190
-136
-78
-61
-67
-70
-43
-11
48
109
133
118
86
71
56
36
5
-33
-63
-69
-76
-45
35
105
120
70
15
12
46
48
7
4
75
145
137
69
7
3
17
22
51
101
115
67
-8
-15
59
80
-1
-131
-221
-234
-226
-223
-148
4
141
191
124
55
44
41
18
-9
-26
-26
-7
44
71
46
3
-48
-92
-143
-176
-141
-96
-58
-24
-36
-55
-32
18
73
142
228
254
179
84
36
49
58
42
41
91
151
154
137
134
176
189
114
-10
-103
-146
-197
-257
-289
-261
-210
-187
-176
-136
-72
8
33
-9
-67
-95
-74
-34
15
49
86
120
119
80
50
46
53
16
-58
-58
3
116
251
320
325
279
177
47
-68
-117
-135
-160
-206
-202
-133
-118
-100
-5
113
158
95
-12
-114
-165
-162
-146
-131
-136
-110
-26
57
124
116
52
0
-48
-101
-173
-198
-95
72
154
75
-71
-183
-208
-176
-125
-54
-4
33
62
80
120
191
244
268
262
220
166
96
56
30
-14
-59
-110
-110
-57
14
117
195
216
181
63
-58
-129
-144
-122
-126
-162
-173
-122
-50
-2
24
28
-20
-96
-133
-115
-42
27
20
-25
-76
-95
-93
-107
-90
-57
-5
2
-28
-37
-26
7
42
89
146
152
91
50
56
82
82
44
-3
0
36
78
127
159
189
180
122
51
-3
-29
-52
-58
-45
-11
75
159
199
184
150
113
74
55
41
1
-74
-130
-145
-112
-94
-110
-111
-75
-29
-52
-115
-179
-222
-236
-269
-273
-199
-102
-45
-22
1
36
43
9
-24
3
76
115
79
9
-5
35
78
93
91
89
69
9
-51
-33
50
104
90
15
-68
-94
-106
-124
-148
-162
-153
-137
-100
-31
61
118
107
68
41
16
-4
-5
-18
-38
-43
-41
-36
-19
53
162
247
265
243
203
166
139
103
92
110
143
149
92
54
99
167
201
186
160
161
155
151
153
155
141
78
7
-39
-47
-59
-115
-160
-143
-61
16
22
1
-21
-47
-100
-158
-148
-98
-72
-115
-195
-272
-336
-380
-407
-377
-321
-279
-247
-209
-140
-115
-176
-280
-344
-345
-353
-358
-342
-256
-144
-84
-91
-119
-88
-20
13
-40
-88
-36
75
138
111
72
56
27
-44
-136
-181
-125
-2
81
111
187
272
286
180
42
13
56
71
61
82
176
270
273
224
214
278
308
240
159
142
212
271
249
219
237
305
368
389
414
419
366
285
187
138
135
94
9
-73
-68
23
150
301
454
592
638
564
448
303
147
29
-37
-10
52
64
40
-33
-115
-195
-301
-411
-490
-507
-471
-395
-331
-314
-363
-478
-586
-662
-695
-663
-589
-514
-479
-412
-300
-203
-160
-177
-214
-303
-447
-571
-625
-549
-384
-238
-143
-89
-43
-12
-78
-194
-262
-261
-218
-170
-60
124
289
399
420
382
368
363
368
359
349
355
340
268
177
144
183
230
246
256
245
206
98
-32
-78
-12
116
217
294
370
463
495
433
376
366
387
385
395
472
566
636
651
672
716
756
798
861
990
1147
1251
1229
1119
1002
863
631
302
-3
-219
-438
-790
-1274
-1787
-2221
-2501
-2539
-2274
-1792
-1230
-748
-395
-164
-70
-107
-249
-392
-505
-633
-759
-816
-749
-633
-593
-636
-714
-779
-818
-771
-588
-343
-94
119
275
415
530
594
606
568
537
534
511
471
451
428
357
218
44
-82
-105
-88
-91
-82
17
243
458
540
504
439
386
280
132
23
-6
-1
-22
-2
104
242
310
246
151
137
230
335
387
463
615
735
714
573
454
448
482
521
622
793
973
1049
936
695
433
169
-73
-154
66
522
1007
1403
1666
1718
1364
536
-591
-1735
-2654
-3228
-3378
-3072
-2359
-1401
-494
128
412
393
149
-207
-539
-759
-865
-844
-677
-387
-102
-35
-232
-602
-1044
-1418
-1601
-1490
-1083
-491
153
688
1018
1124
994
667
238
-152
-394
-451
-270
89
474
728
793
716
507
221
-78
-302
-344
-192
117
461
706
811
732
501
196
-106
-331
-459
-426
-221
72
356
595
769
814
684
396
44
-250
-395
-356
-158
124
423
649
732
639
432
158
-167
-458
-635
-618
-409
-37
422
832
1109
1125
848
355
-198
-611
-746
-593
-222
268
750
1133
1319
1237
859
282
-301
-678
-674
-274
383
1073
1587
1817
1798
1554
1014
99
-1076
-2159
-2871
-3095
-2812
-2094
-1127
-226
355
527
404
168
-93
-338
-586
-786
-822
-652
-382
-193
-218
-445
-758
-1030
-1215
-1323
-1272
-1008
-555
-24
418
708
795
688
436
118
-139
-285
-299
-187
23
271
450
511
478
422
367
278
154
73
108
229
383
486
515
481
381
226
29
-155
-288
-312
-224
-77
103
299
498
653
693
565
274
-43
-231
-266
-223
-158
-51
109
275
356
325
251
160
36
-93
-121
52
365
620
721
732
706
563
292
57
-50
-32
73
241
507
788
931
915
826
769
727
568
272
35
85
445
988
1443
1465
868
-209
-1425
-2421
-2943
-2903
-2371
-1589
-863
-397
-104
81
116
22
-163
-345
-519
-672
-750
-672
-468
-382
-495
-641
-725
-817
-1012
-1211
-1196
-924
-539
-188
142
475
706
695
423
90
-119
-156
-45
153
391
539
502
343
178
26
-91
-111
-29
147
312
422
471
435
310
89
-114
-206
-153
31
229
318
281
185
112
104
122
156
201
227
233
216
193
177
120
30
-55
-55
61
192
272
300
346
398
374
299
287
406
543
532
361
217
240
376
487
525
578
666
628
379
112
80
332
689
961
1131
1179
1065
784
435
178
82
216
564
853
730
66
-971
-2031
-2777
-3027
-2764
-2137
-1407
-783
-302
57
206
106
-70
-211
-375
-546
-634
-539
-381
-398
-645
-870
-877
-854
-945
-1096
-1113
-898
-629
-451
-233
152
560
784
753
581
358
115
-24
22
218
425
492
413
294
235
232
207
172
126
38
-39
-60
51
255
424
461
331
137
-25
-90
-45
59
184
309
392
410
328
187
102
63
32
29
59
78
43
2
9
115
278
439
519
484
386
258
131
2
-79
-39
128
353
506
487
336
173
114
180
293
383
413
398
400
459
540
559
454
236
68
169
596
1140
1458
1351
895
279
-227
-345
105
990
1697
1545
382
-1179
-2354
-2834
-2722
-2273
-1833
-1612
-1575
-1481
-1040
-251
506
765
466
-131
-675
-863
-706
-434
-266
-307
-492
-643
-685
-691
-754
-950
-1244
-1373
-1102
-507
145
589
736
642
426
237
182
273
374
372
308
297
377
441
403
287
144
-24
-172
-214
-84
166
341
381
283
106
-22
-38
39
146
261
352
418
447
367
212
51
-50
-37
61
180
250
237
127
2
-15
80
219
320
357
334
216
48
-43
68
369
646
736
636
457
305
229
281
426
544
521
393
356
479
633
685
607
545
566
639
794
1004
1201
1261
1018
514
49
14
590
1320
1314
199
-1436
-2671
-3116
-2967
-2578
-2210
-1983
-1954
-1862
-1269
-213
743
1058
694
27
-490
-609
-459
-302
-315
-545
-772
-809
-735
-675
-708
-882
-1127
-1249
-1113
-676
-72
391
529
526
613
751
790
636
421
282
168
84
65
166
265
265
210
115
34
-23
-98
-197
-233
-159
73
364
518
472
299
188
188
221
228
234
285
299
215
123
111
148
155
101
16
-51
-8
116
231
315
354
358
350
343
351
362
300
173
152
316
580
759
746
605
398
217
207
381
584
641
481
228
75
221
643
1013
1071
829
541
392
503
885
1295
1377
947
208
-401
-489
123
971
1102
98
-1470
-2670
-3085
-2911
-2525
-2209
-2125
-2231
-2097
-1293
-52
871
984
467
-115
-372
-308
-179
-213
-456
-829
-1084
-1008
-693
-439
-493
-840
-1233
-1352
-1048
-457
128
400
383
399
597
795
815
714
569
380
157
27
107
254
235
61
-57
9
166
217
122
5
-46
-57
6
173
365
439
329
151
41
118
332
472
405
194
67
97
173
217
231
221
127
-55
-164
-68
179
402
503
506
464
373
230
179
321
561
692
638
510
352
225
251
500
831
979
791
350
-85
-262
-20
474
908
1123
1092
927
724
591
607
788
1005
1054
930
737
424
38
-26
465
959
598
-667
-2047
-2896
-3285
-3397
-3189
-2744
-2364
-2138
-1664
-713
281
760
704
457
207
-49
-248
-265
-218
-401
-821
-1047
-907
-752
-783
-903
-985
-1050
-1110
-972
-543
-52
255
440
672
887
944
832
701
570
337
83
9
139
233
141
26
14
46
80
120
125
44
-63
-93
-21
91
193
332
512
551
405
231
177
213
192
145
206
329
350
240
151
140
72
-52
-62
116
316
376
341
322
338
336
356
511
750
811
636
400
266
280
338
408
510
625
728
742
629
398
156
94
288
694
1141
1402
1336
951
459
251
520
1022
1436
1486
1034
74
-809
-742
266
1166
794
-721
-2372
-3593
-4241
-4175
-3488
-2669
-2261
-2112
-1525
-356
753
1199
1062
720
326
-48
-270
-339
-459
-801
-1111
-1072
-780
-532
-505
-678
-1044
-1501
-1648
-1187
-383
246
522
736
1049
1214
1083
852
701
527
236
11
35
143
79
-75
-74
79
209
243
189
36
-180
-306
-242
-14
299
596
769
739
522
266
140
106
78
76
176
358
432
357
296
270
163
-52
-172
-50
192
334
294
232
249
303
392
579
811
907
741
410
169
123
256
478
659
751
754
682
516
264
27
-27
203
597
968
1198
1217
1030
711
433
435
815
1334
1595
1344
616
-302
-847
-329
982
1649
690
-1293
-3094
-4159
-4408
-3905
-3115
-2716
-2836
-2818
-1887
-271
1009
1428
1204
631
-16
-266
-16
212
-94
-821
-1348
-1186
-653
-337
-317
-605
-1198
-1746
-1720
-1026
-247
93
192
467
903
1163
1180
1085
858
532
271
222
306
278
39
-204
-167
68
248
310
205
-84
-360
-336
0
361
460
376
402
505
547
538
479
321
86
-43
67
337
550
578
469
324
156
-11
-100
-70
55
215
415
559
517
316
167
280
605
858
846
615
316
120
125
302
532
680
734
781
765
548
165
-143
-105
352
1020
1552
1568
972
238
-24
426
1178
1597
1498
1092
658
341
132
24
143
490
537
-180
-1364
-2576
-3677
-4370
-4337
-3690
-2919
-2399
-2058
-1509
-620
294
1030
1440
1236
533
-67
-289
-313
-433
-718
-916
-903
-830
-800
-758
-792
-1087
-1526
-1667
-1280
-597
-12
366
702
958
1036
983
879
743
562
365
204
69
-57
-144
-161
-84
7
72
123
110
13
-120
-160
-80
29
168
418
701
824
706
466
283
146
51
83
309
603
693
530
292
162
155
154
126
138
177
213
233
261
351
476
594
709
770
733
602
443
383
388
418
448
466
504
623
862
902
527
25
-189
-15
407
978
1528
1734
1424
845
447
464
751
1090
1331
1313
923
143
-694
-870
59
1357
1614
286
-1984
-4068
-5154
-5055
-4135
-3158
-2663
-2498
-2017
-874
534
1563
1834
1341
467
-253
-432
-178
-107
-492
-966
-1031
-705
-360
-194
-392
-1017
-1755
-2108
-1754
-950
-229
219
541
901
1170
1275
1213
904
460
89
-32
45
114
58
-109
-196
-111
39
185
237
56
-298
-549
-457
-102
273
550
738
817
715
517
357
208
53
-41
23
268
527
626
535
351
160
12
-13
86
217
281
207
111
157
345
591
786
852
734
558
435
364
366
426
541
660
732
727
665
589
510
457
403
278
101
68
375
1035
1727
1912
1394
646
267
482
1097
1566
1432
692
-309
-941
-556
620
1366
806
-777
-2731
-4428
-5211
-4863
-3932
-3283
-3093
-2675
-1470
169
1425
1923
1706
1026
271
-194
-231
-111
-265
-790
-1159
-957
-449
-58
-93
-638
-1438
-2001
-1963
-1434
-809
-317
161
702
1157
1440
1572
1458
983
353
-33
-7
132
33
-195
-264
-134
18
106
140
60
-188
-450
-444
-106
282
461
529
589
631
671
714
633
301
-132
-325
-93
295
508
542
501
400
298
272
239
105
-57
-100
59
342
549
571
458
387
389
434
545
660
712
696
647
559
339
62
22
358
881
1157
925
367
-100
-101
359
1024
1570
1632
1247
766
424
281
295
590
1106
1518
1534
955
-4
-787
-708
323
1243
965
-699
-3036
-4933
-5632
-5072
-3908
-2990
-2612
-2370
-1536
-46
1314
1898
1637
913
242
-47
47
143
-176
-876
-1406
-1196
-444
101
-6
-675
-1521
-2062
-1964
-1300
-501
11
242
501
943
1407
1589
1329
735
146
-111
29
340
433
138
-277
-465
-267
162
449
367
-33
-464
-629
-402
41
413
643
758
757
708
620
459
205
-88
-209
-55
294
606
703
571
304
72
-41
-18
107
192
233
292
341
364
402
447
459
508
632
763
822
744
476
175
104
351
767
1082
1166
984
568
100
-152
-17
486
1101
1490
1496
1233
925
674
502
473
707
1119
1392
1257
620
-324
-1004
-692
481
1295
839
-767
-2886
-4769
-5686
-5299
-4171
-3139
-2516
-2047
-1237
-117
923
1598
1678
1222
568
126
21
-131
-596
-1116
-1236
-836
-301
21
-16
-515
-1377
-2119
-2185
-1512
-580
58
354
596
894
1249
1492
1397
947
360
-34
-60
155
270
66
-309
-520
-351
125
538
502
-14
-628
-831
-486
120
645
934
971
747
450
319
317
270
72
-156
-212
-29
246
449
538
516
428
306
195
203
351
467
443
327
218
220
345
459
533
669
792
720
450
215
247
509
813
1007
1057
933
699
523
400
258
121
136
496
1199
1767
1711
1081
348
91
488
1280
1878
1771
959
-148
-997
-986
47
1225
1401
124
-2096
-4219
-5380
-5384
-4798
-4143
-3509
-2839
-1897
-581
786
1738
1936
1481
879
492
271
12
-431
-955
-1233
-1013
-428
82
159
-310
-1099
-1783
-2098
-1929
-1354
-693
-115
389
910
1411
1638
1512
1160
804
568
382
164
-74
-285
-399
-348
-123
172
326
208
-98
-373
-451
-318
-53
235
518
742
837
827
727
575
367
52
-254
-333
-124
295
690
837
705
438
166
-5
68
330
496
379
130
-4
76
277
481
608
673
775
865
803
544
233
144
439
947
1321
1282
811
142
-347
-327
166
741
1102
1324
1512
1569
1340
767
170
99
722
1623
2023
1347
-247
-1687
-1540
265
2006
1865
-380
-3411
-5774
-6544
-5643
-4055
-2991
-2874
-2923
-1982
-58
1757
2575
2280
1333
389
4
216
330
-191
-1132
-1634
-1133
-174
437
292
-563
-1708
-2504
-2404
-1507
-576
-210
-133
300
1066
1689
1908
1663
1079
506
238
291
394
183
-313
-636
-509
-83
371
533
199
-429
-875
-758
-244
182
380
527
764
962
972
800
484
136
-91
-45
222
469
443
192
72
250
497
556
355
77
-25
84
306
451
390
207
111
325
809
1237
1247
771
169
-114
180
916
1513
1506
921
188
-125
126
609
853
657
393
447
837
1350
1609
1409
797
243
253
827
1549
1655
871
-363
-1153
-536
1083
1899
766
-1841
-4463
-5951
-6036
-5104
-3951
-3179
-2940
-2553
-1176
783
2184
2439
1826
1020
372
27
22
-7
-485
-1229
-1433
-748
96
286
-256
-1159
-1991
-2417
-2160
-1297
-480
-136
44
550
1319
1856
1907
1554
1019
490
131
84
158
-11
-401
-594
-341
153
477
404
-10
-522
-861
-777
-255
274
484
486
580
803
984
980
707
235
-202
-300
11
436
619
439
80
-102
62
374
555
497
270
91
71
221
432
537
525
544
671
810
844
729
500
241
152
382
824
1169
1170
867
398
19
-38
214
567
843
988
1120
1349
1450
1177
676
441
709
1298
1762
1664
701
-808
-1733
-749
1388
2273
1033
-1784
-4798
-6681
-6791
-5379
-3590
-2636
-2714
-2603
-1307
700
2317
2889
2426
1391
287
-291
-227
-165
-717
-1491
-1533
-701
231
512
-62
-1178
-2250
-2636
-2026
-968
-276
-98
53
595
1402
2064
2235
1803
982
227
-52
85
160
-165
-631
-727
-324
230
529
385
-93
-584
-799
-594
-126
296
496
588
732
913
1024
896
467
-48
-300
-136
271
549
451
151
-38
-21
165
406
514
415
159
-28
103
455
706
648
446
370
516
758
828
656
334
68
95
451
942
1322
1353
967
344
-176
-254
108
599
972
1172
1256
1245
1142
1053
981
899
1004
1331
1586
1329
291
-1003
-1272
16
1578
1709
-77
-2978
-5575
-6652
-6174
-4783
-3414
-2961
-2923
-2110
-270
1624
2664
2670
1886
894
270
203
237
-264
-1155
-1654
-1277
-327
395
343
-490
-1695
-2570
-2535
-1697
-797
-415
-301
95
930
1810
2257
2109
1501
781
333
310
395
193
-357
-880
-859
-272
453
730
326
-406
-970
-1016
-586
-56
305
530
781
1037
1089
896
585
276
55
-5
149
324
260
-2
-188
-76
227
456
502
430
315
199
135
94
118
284
568
825
949
907
718
448
192
92
238
631
1011
1102
930
662
439
322
358
592
890
1069
1073
941
756
707
891
1135
1335
1325
1151
1103
1111
776
-2
-475
-95
595
654
-466
-2567
-4942
-6632
-6787
-5450
-3705
-2628
-2195
-1573
-327
1100
2234
2739
2368
1300
156
-278
-149
-255
-797
-1252
-1122
-572
-53
86
-366
-1333
-2300
-2587
-2011
-1052
-258
243
603
954
1409
1868
2005
1661
1006
424
180
150
28
-263
-527
-560
-277
162
424
338
-77
-668
-1058
-906
-307
358
753
869
891
893
858
739
521
266
44
-81
-62
32
196
341
285
72
-68
132
514
676
528
168
-102
-68
232
624
832
827
702
587
623
616
468
279
219
499
998
1372
1312
754
51
-298
-53
594
1183
1394
1207
877
698
782
1025
1181
1202
1304
1557
1630
1106
-85
-1281
-1289
159
1601
1252
-1133
-4214
-6432
-6932
-5789
-3925
-2612
-2475
-2749
-1963
156
2300
3214
2730
1522
396
-83
134
364
-118
-1216
-1923
-1362
-82
667
292
-932
-2255
-2879
-2477
-1435
-536
-271
-282
122
1072
2083
2535
2136
1217
458
223
360
426
40
-636
-1003
-694
44
640
664
157
-509
-927
-788
-236
259
368
244
315
726
1167
1236
875
327
-113
-232
-11
326
462
300
50
-1
165
299
315
243
138
78
114
214
241
183
219
498
961
1246
1088
644
206
-23
73
459
935
1200
1066
641
239
148
302
465
551
564
689
974
1263
1472
1404
1051
751
799
1132
1399
1385
958
9
-1000
-1052
232
1563
1117
-1181
-3830
-5644
-6244
-5711
-4463
-3323
-3035
-2989
-1774
641
2676
3136
2388
1391
604
221
294
370
-198
-1346
-1972
-1318
-36
701
420
-665
-1933
-2611
-2395
-1549
-782
-476
-323
186
1135
2051
2405
2049
1324
632
234
167
222
20
-535
-907
-586
192
680
516
22
-430
-710
-717
-413
-49
99
134
415
962
1404
1342
778
103
-318
-238
228
599
527
156
-83
35
357
541
455
245
56
-27
52
260
387
295
155
319
878
1380
1378
917
301
-165
-230
207
948
1480
1411
860
265
8
87
401
806
1110
1258
1260
1126
878
590
486
860
1564
2122
1935
737
-1020
-2135
-1355
781
2087
1005
-1931
-4807
-6157
-5917
-4790
-3610
-3140
-3306
-3015
-1353
1056
2654
2755
1893
1011
561
490
558
236
-763
-1782
-1818
-760
384
589
-178
-1260
-2026
-2205
-1799
-1068
-602
-609
-523
264
1563
2420
2248
1457
784
572
651
648
328
-327
-979
-1073
-427
457
786
390
-274
-728
-763
-441
-24
128
-6
-17
414
1072
1380
1115
548
55
-110
54
339
473
289
-61
-202
56
436
509
294
116
158
313
397
422
394
287
253
510
982
1282
1172
722
263
63
165
550
1056
1345
1259
902
481
83
-57
277
865
1349
1397
1127
802
617
764
1145
1535
1690
1544
1150
404
-564
-1070
-433
802
1100
-155
-2273
-4357
-5860
-6357
-5678
-4442
-3633
-3253
-2250
-406
1361
2373
2632
2359
1660
902
510
310
-237
-1189
-1785
-1452
-551
175
239
-352
-1217
-1992
-2309
-1947
-1248
-786
-615
-254
623
1671
2218
2134
1761
1331
895
585
452
157
-511
-1155
-1168
-494
239
522
350
-133
-709
-954
-622
-53
239
211
287
632
955
961
744
494
234
76
177
439
541
319
-24
-144
76
391
561
537
361
157
19
28
199
408
553
710
910
1022
966
805
605
361
248
417
848
1273
1319
983
503
83
-27
270
814
1296
1402
1178
894
742
728
909
1368
1821
1944
1629
773
-601
-1750
-1384
519
2033
1311
-1523
-4790
-6837
-6983
-5663
-3994
-3172
-3413
-3448
-2023
519
2712
3474
2836
1553
518
197
331
215
-637
-1745
-2123
-1372
-73
693
293
-936
-2111
-2567
-2166
-1312
-663
-530
-521
47
1241
2307
2534
2031
1389
975
848
829
535
-249
-1123
-1374
-771
205
828
710
-21
-766
-948
-563
-68
149
132
169
529
1109
1408
1107
427
-55
-16
319
631
633
242
-240
-346
131
740
895
585
164
-24
62
196
302
363
373
501
887
1371
1546
1166
513
105
212
699
1191
1367
1186
865
664
649
663
611
626
802
991
1112
1168
1039
757
634
893
1465
1879
1817
1220
112
-1182
-1402
-69
1094
557
-1631
-4131
-5877
-6649
-6316
-4956
-3638
-3357
-3197
-1811
421
2091
2658
2486
1839
894
218
173
155
-554
-1485
-1706
-1150
-447
-79
-229
-897
-1750
-2289
-2206
-1599
-980
-668
-437
163
1212
2126
2348
2010
1552
1099
689
512
414
-57
-824
-1174
-728
43
476
386
-66
-632
-937
-699
-68
382
370
266
444
846
1150
1115
755
350
130
138
280
385
330
137
74
321
638
672
420
169
38
31
206
471
599
542
512
760
1193
1424
1246
764
301
249
717
1347
1639
1385
859
457
362
513
721
970
1225
1341
1182
858
824
1208
1672
1966
1909
1517
965
173
-707
-1041
-334
749
797
-787
-3311
-5528
-6659
-6613
-5668
-4757
-4562
-4316
-3007
-654
1651
2901
3039
2376
1348
609
469
406
-318
-1450
-2028
-1656
-783
-134
-83
-629
-1509
-2242
-2364
-1859
-1258
-1032
-957
-394
787
2005
2614
2532
2053
1455
992
791
675
264
-523
-1161
-1125
-513
186
581
466
-102
-707
-860
-506
-57
176
297
603
1035
1301
1282
943
529
302
326
556
734
642
305
13
103
509
856
921
680
336
59
-45
132
379
578
816
1112
1432
1587
1476
1231
922
711
842
1331
1806
1749
1200
644
403
561
914
1179
1283
1164
946
994
1316
1555
1477
1198
1157
1408
1467
892
-339
-1543
-1680
-458
878
599
-1694
-4894
-7405
-8083
-6999
-5332
-4443
-4606
-4511
-2840
14
2518
3484
2835
1367
226
104
468
327
-733
-2079
-2584
-1814
-446
363
-121
-1574
-2827
-3056
-2334
-1361
-857
-936
-972
-215
1305
2760
3321
2789
1733
901
648
785
677
-48
-954
-1348
-967
-67
655
659
-4
-767
-991
-580
27
378
400
392
647
1154
1560
1464
1023
650
507
594
726
734
550
242
198
565
1033
1218
980
545
171
104
348
648
884
1080
1308
1579
1797
1820
1641
1347
1138
1260
1713
2180
2189
1602
868
588
828
1172
1330
1351
1349
1343
1282
1225
1234
1395
1765
2179
2313
1791
627
-816
-1718
-1208
152
747
-528
-3487
-6777
-8896
-9004
-7533
-5964
-5315
-5189
-4269
-1981
752
2740
3410
2739
1410
465
307
392
-129
-1293
-2239
-2257
-1386
-394
-83
-778
-2081
-3101
-3295
-2678
-1794
-1256
-1075
-623
536
2021
3051
3202
2646
1788
1113
852
764
408
-392
-1163
-1294
-760
-44
286
44
-523
-1001
-1044
-659
-182
49
65
274
968
1805
2113
1650
850
333
311
627
968
974
567
113
81
524
1002
1121
882
515
250
204
384
663
877
1024
1285
1785
2305
2451
2033
1436
1232
1553
2149
2604
2563
1952
1199
891
1171
1627
1661
1211
826
944
1525
2113
2221
1890
1657
1937
2533
2685
1827
98
-1380
-1367
-255
345
-868
-3875
-7412
-9925
-10364
-8969
-7147
-6131
-5689
-4475
-1918
1111
3380
4077
3229
1724
582
268
326
-85
-1154
-2243
-2520
-1765
-735
-390
-1085
-2410
-3560
-3909
-3285
-2238
-1460
-1025
-407
827
2354
3452
3657
3075
2146
1359
960
740
253
-578
-1254
-1292
-699
43
361
45
-667
-1277
-1356
-895
-272
197
502
870
1375
1813
1939
1725
1417
1136
932
874
872
786
602
497
633
857
905
710
419
205
148
338
726
1126
1473
1743
1987
2257
2411
2372
2184
1894
1743
1920
2341
2645
2465
1831
1187
941
1042
1242
1346
1298
1118
979
1198
1817
2565
3005
2946
2567
2007
1344
566
-241
-733
-622
-197
-464
-2310
-5692
-9391
-11816
-12319
-11441
-10028
-8495
-6715
-4249
-1068
2181
4449
4889
3743
2122
994
521
178
-553
-1645
-2470
-2441
-1665
-861
-792
-1707
-3126
-4288
-4647
-4109
-3043
-1931
-862
424
2073
3775
4802
4722
3791
2645
1734
1063
434
-261
-875
-1147
-928
-257
429
599
92
-784
-1470
-1564
-1088
-426
171
729
1353
2051
2611
2782
2494
1904
1340
1066
1043
1029
921
758
598
555
665
795
722
325
-123
-222
127
722
1288
1724
2047
2279
2470
2582
2534
2291
1998
1925
2142
2370
2277
1821
1294
1060
1207
1424
1413
1243
1257
1694
2289
2673
2770
2893
3179
3501
3577
3078
1761
-187
-1515
-1239
104
757
-900
-4827
-9388
-12699
-13759
-12900
-11198
-9480
-7832
-5496
-1952
2007
4850
5683
4774
3199
1920
1223
736
-129
-1402
-2441
-2493
-1564
-635
-686
-1866
-3511
-4780
-5237
-4909
-4077
-3078
-2000
-546
1471
3612
4965
5078
4266
3204
2380
1809
1197
313
-675
-1335
-1307
-738
-174
-44
-524
-1352
-1960
-1970
-1490
-897
-387
231
1136
2153
2879
2948
2540
2061
1696
1476
1329
1220
1043
794
695
840
1084
1081
676
145
-239
-265
104
623
1080
1484
1934
2485
2984
3232
3145
2745
2279
2127
2404
2751
2733
2280
1679
1267
1252
1499
1662
1504
1209
1287
1907
2681
3224
3471
3524
3446
3206
2743
1852
404
-1144
-1806
-1072
-10
-503
-3302
-7536
-11635
-14441
-15338
-14371
-12518
-10591
-8303
-4819
-375
3572
5738
5903
4721
3006
1489
488
-227
-1087
-2125
-2708
-2301
-1261
-613
-1095
-2579
-4315
-5593
-6027
-5534
-4431
-3149
-1695
271
2713
4873
5986
5949
5061
3691
2289
1277
654
61
-636
-1119
-1019
-494
-111
-201
-718
-1429
-1996
-2162
-1768
-860
209
1144
1958
2686
3232
3467
3318
2906
2438
2017
1712
1512
1326
1163
1092
1104
1086
940
670
330
90
125
478
1109
1794
2306
2664
2992
3356
3655
3677
3473
3311
3247
3220
3138
2922
2553
2022
1517
1335
1526
1778
1820
1831
2206
3028
3944
4587
4813
4690
4358
3712
2459
616
-1159
-1850
-949
496
338
-2841
-8283
-13666
-17079
-17999
-17041
-15086
-12743
-9995
-6080
-848
4224
7210
7417
5856
3942
2323
1087
16
-1152
-2313
-2894
-2315
-956
-77
-681
-2688
-4986
-6512
-7039
-6750
-5906
-4667
-2933
-529
2511
5455
7086
6958
5751
4401
3246
2127
994
-158
-1207
-1692
-1304
-327
355
62
-1000
-2155
-2799
-2792
-2358
-1790
-1228
-502
606
2045
3374
3988
3743
3064
2438
2047
1783
1530
1223
834
558
663
988
1044
580
-132
-590
-578
-159
417
962
1466
2025
2788
3644
4244
4284
3815
3294
3162
3410
3609
3428
2868
2119
1520
1323
1563
2056
2414
2622
3063
3852
4677
4989
4659
4195
3871
3506
2670
1206
-371
-1286
-891
251
379
-2160
-7704
-14452
-19503
-21086
-19548
-16525
-13288
-9948
-5982
-1042
4234
8172
9256
7457
4430
1960
597
-95
-621
-1179
-1653
-1588
-783
56
-273
-2139
-4782
-7024
-8014
-7730
-6627
-5029
-2869
-23
3169
6011
7740
7922
6783
5012
3306
1942
808
-92
-662
-792
-380
337
754
341
-767
-1956
-2753
-3038
-2876
-2328
-1447
-314
1005
2361
3469
4051
3915
3196
2469
2129
2063
1964
1707
1452
1329
1319
1305
1079
474
-384
-962
-889
-327
412
1108
1713
2312
2985
3707
4274
4431
4074
3501
3236
3431
3784
3831
3362
2589
1854
1467
1547
1912
2292
2657
3166
3912
4902
5848
6344
6053
4924
3449
2014
652
-533
-1123
-871
-597
-1733
-5145
-10420
-16028
-20241
-21973
-21260
-18852
-15408
-11215
-6273
-740
4550
8211
9289
8153
6011
3820
1867
179
-1134
-2054
-2491
-2265
-1570
-1089
-1551
-3080
-5144
-7008
-8083
-8159
-7304
-5607
-3158
-114
3207
6164
7974
8262
7224
5513
3782
2284
1009
-32
-628
-601
-66
586
854
413
-711
-2102
-3107
-3451
-3191
-2453
-1433
-167
1281
2702
3847
4458
4409
3831
3057
2487
2240
2098
1870
1631
1523
1471
1325
1000
387
-385
-936
-941
-395
397
1201
1947
2679
3456
4244
4794
4768
4254
3792
3818
4228
4533
4288
3525
2696
2233
2300
2733
3077
3010
2822
3056
3952
5192
6145
6406
6001
5172
4106
2859
1478
216
-330
-100
-430
-3152
-8733
-15583
-21458
-24886
-25283
-23005
-19219
-14890
-9953
-3958
2384
7289
9513
9182
7336
5075
3088
1599
390
-729
-1524
-1659
-1150
-711
-1283
-3101
-5519
-7672
-9120
-9660
-9108
-7504
-5038
-1814
1968
5639
8153
8934
8323
7052
5654
4208
2614
1059
-111
-568
-211
602
1199
979
-144
-1589
-2672
-3224
-3366
-3096
-2381
-1303
90
1713
3296
4357
4566
4182
3665
3211
2834
2499
2215
2056
2067
2194
2239
1909
1072
-53
-977
-1335
-1112
-535
188
1052
2040
3084
4072
4765
4956
4692
4423
4476
4755
4964
4783
4167
3381
2808
2737
3143
3703
4013
4015
3986
4273
4986
5806
6226
5955
5043
3654
2095
703
-278
-772
-842
-990
-2466
-6206
-11854
-17873
-22640
-25194
-25142
-22737
-18746
-13716
-7746
-1257
4562
8357
9602
8744
6661
4177
1889
46
-1310
-2085
-2153
-1592
-868
-713
-1666
-3603
-5886
-7912
-9248
-9568
-8782
-6938
-4123
-528
3387
6715
8591
8879
8023
6502
4756
3114
1734
700
92
95
646
1302
1517
921
-446
-2122
-3507
-4212
-4163
-3406
-2085
-468
1208
2724
3875
4522
4560
4092
3461
2889
2509
2422
2549
2710
2759
2647
2299
1645
750
-225
-948
-1174
-915
-267
665
1770
2897
3844
4451
4735
4743
4616
4544
4578
4785
5059
5082
4651
3997
3610
3645
3815
3817
3726
3863
4338
5094
6028
6765
6885
6144
4660
2817
974
-572
-1538
-1698
-1513
-2277
-5265
-10675
-17149
-22637
-25688
-25915
-23835
-20195
-15432
-9694
-3213
3163
8036
10281
9837
7684
4955
2370
251
-1386
-2526
-2969
-2582
-1631
-889
-1217
-2866
-5299
-7595
-9043
-9475
-9043
-7734
-5408
-2096
1917
5900
8780
9798
9131
7508
5600
3838
2330
1032
19
-458
-141
799
1597
1512
378
-1417
-3136
-4144
-4307
-3786
-2770
-1483
-51
1568
3266
4603
5129
4835
4120
3432
3021
2904
2909
2800
2538
2299
2084
1755
1184
328
-623
-1264
-1322
-837
-22
947
1976
2977
3916
4730
5245
5346
5199
5091
5081
5061
4872
4386
3736
3254
3159
3415
3838
4246
4553
4793
5167
5845
6426
6189
4981
3344
1879
847
335
405
1031
1719
1298
-1527
-7097
-14180
-20679
-25059
-26684
-25436
-21841
-16837
-11078
-4746
1668
6810
9319
9011
6904
4220
1669
-379
-1762
-2509
-2576
-1971
-888
60
14
-1434
-3898
-6527
-8572
-9680
-9785
-8801
-6683
-3499
508
4713
8056
9617
9432
8142
6331
4387
2568
1114
156
-312
-215
416
1139
1275
450
-1114
-2764
-3906
-4335
-4046
-3147
-1877
-417
1171
2807
4239
5049
5068
4514
3807
3276
3070
3182
3325
3299
3095
2718
2205
1562
823
100
-461
-691
-515
22
842
1740
2574
3427
4322
5053
5370
5354
5371
5558
5614
5298
4786
4367
4177
4126
4109
4152
4319
4612
4971
5457
6125
6626
6466
5464
3991
2592
1367
402
-117
58
726
582
-1824
-7004
-13898
-20464
-25013
-26650
-25427
-22097
-17466
-12002
-5859
411
5543
8388
8602
6786
4082
1476
-558
-1969
-2798
-2969
-2408
-1251
-89
164
-991
-3231
-5739
-7803
-9049
-9301
-8497
-6713
-3954
-347
3532
6728
8420
8500
7434
5866
4214
2627
1266
250
-377
-538
-166
523
918
472
-699
-2060
-3177
-3765
-3632
-2793
-1534
-160
1220
2546
3685
4390
4458
4003
3326
2775
2554
2691
3039
3255
3134
2745
2212
1608
945
272
-265
-520
-383
168
1016
1995
2932
3727
4405
4968
5413
5740
5964
6067
5905
5463
4934
4501
4221
4037
3899
3673
3362
3234
3628
4605
5802
6703
6991
6741
6128
5280
4180
2835
1630
1088
1176
861
-1184
-5612
-12119
-19393
-25439
-28597
-28487
-25946
-21840
-16325
-9529
-2240
4191
8466
9917
8761
6105
3289
1032
-676
-2063
-3003
-3074
-2154
-763
133
-288
-2126
-4784
-7299
-8870
-9304
-8856
-7678
-5556
-2326
1609
5329
7873
8745
8128
6597
4845
3309
1985
774
-240
-702
-352
536
1259
1203
242
-1270
-2740
-3602
-3589
-2862
-1782
-635
493
1618
2675
3523
3923
3746
3244
2822
2707
2821
3000
3146
3165
2979
2605
2186
1795
1323
738
205
27
337
952
1674
2432
3192
3897
4505
4981
5350
5662
5860
5825
5520
5115
4797
4587
4372
4055
3713
3536
3606
4024
4892
5912
6594
6567
6059
5424
4601
3486
2059
789
324
549
551
-976
-4790
-10759
-17913
-24278
-27956
-28496
-26575
-22853
-17461
-10635
-3246
3548
8513
10649
9963
7540
4735
2253
117
-1704
-3055
-3580
-3067
-1905
-970
-1166
-2828
-5435
-7967
-9570
-10032
-9623
-8423
-6202
-2921
1011
4834
7708
8914
8303
6552
4549
2795
1357
156
-634
-748
-115
948
1781
1808
856
-779
-2469
-3580
-3836
-3384
-2574
-1525
-250
1151
2519
3545
4024
3908
3389
2856
2585
2624
2821
3011
3133
3141
3028
2794
2364
1736
998
347
32
147
642
1382
2205
3044
3833
4446
4868
5159
5336
5287
4958
4477
4076
3947
4087
4369
4579
4575
4454
4416
4643
5247
6100
6695
6506
5528
4239
2972
1654
387
-451
-495
100
293
-1319
-5692
-12369
-19587
-25173
-27658
-26975
-23844
-19061
-13133
-6310
752
6847
10633
11444
9773
6853
3940
1607
-294
-1955
-3144
-3406
-2658
-1441
-726
-1355
-3492
-6312
-8570
-9566
-9385
-8451
-6830
-4306
-874
3064
6712
9187
9922
8999
7167
5268
3585
2042
636
-393
-711
-292
510
1029
672
-572
-2099
-3226
-3678
-3523
-2885
-1870
-655
636
1873
2932
3634
3770
3385
2806
2454
2435
2536
2607
2641
2625
2499
2173
1694
1189
698
266
-9
-39
233
751
1380
2026
2668
3292
3843
4236
4443
4507
4533
4533
4384
4098
3879
3927
4146
4227
4058
3737
3536
3632
3904
4286
4748
5186
5300
4766
3727
2591
1666
991
566
392
52
-1413
-5061
-10907
-17533
-23099
-26308
-26741
-24543
-20180
-14461
-8099
-1564
4376
8548
10099
9313
7198
4609
2101
-22
-1617
-2657
-3119
-2903
-2100
-1300
-1364
-2765
-5127
-7449
-8944
-9343
-8661
-7041
-4649
-1644
1890
5571
8494
9896
9664
8294
6395
4368
2542
1153
248
-151
-36
493
1077
1149
382
-1002
-2382
-3241
-3423
-2939
-1956
-786
350
1428
2522
3486
3982
3914
3462
2949
2673
2729
2987
3236
3298
3119
2791
2430
2031
1523
969
464
133
140
599
1457
2448
3365
4203
4981
5579
5922
5994
5818
5423
4907
4535
4523
4817
5045
4977
4738
4553
4551
4720
5065
5498
5767
5628
5056
4249
3330
2319
1282
371
-130
-221
-537
-2256
-6358
-12476
-18936
-23862
-26234
-26014
-23553
-19368
-13916
-7557
-959
4732
8198
8739
6986
4242
1556
-618
-2376
-3765
-4584
-4528
-3481
-1855
-606
-726
-2452
-4988
-7182
-8342
-8479
-7842
-6497
-4379
-1417
2210
5812
8366
9196
8399
6654
4758
3039
1486
72
-1067
-1544
-1099
36
1147
1407
518
-965
-2208
-2767
-2737
-2343
-1678
-825
256
1610
3019
4041
4242
3670
2910
2494
2583
2897
3069
3081
3059
3088
3135
3056
2666
1899
1020
422
343
718
1276
1830
2351
2991
3899
4884
5603
5860
5684
5232
4773
4567
4659
4867
5017
5074
5081
5196
5480
5759
5956
6212
6555
6681
6266
5404
4398
3367
2383
1593
1349
1660
1612
-45
-4182
-10586
-17815
-23941
-27463
-27992
-26041
-22141
-16485
-9399
-1856
4773
9243
10771
9567
6774
3669
931
-1413
-3390
-4711
-4956
-3943
-2135
-618
-362
-1607
-3814
-6056
-7573
-8145
-8004
-7262
-5623
-2844
807
4562
7429
8735
8379
6879
5043
3264
1506
-172
-1451
-1905
-1417
-334
728
1145
661
-490
-1711
-2486
-2736
-2630
-2258
-1585
-567
678
1917
2864
3195
2899
2399
2111
2067
2095
2099
2099
2113
2143
2213
2246
2064
1566
879
315
109
306
777
1352
1986
2698
3438
4110
4626
4969
5182
5210
5049
4835
4684
4654
4683
4687
4638
4578
4578
4704
5019
5492
6108
6623
6687
6206
5317
4266
3098
1853
895
673
1154
1260
-551
-5129
-11925
-19240
-25190
-28519
-28890
-26660
-22318
-16205
-8746
-899
5794
10018
11276
10044
7405
4395
1600
-844
-2864
-4162
-4299
-3199
-1512
-322
-466
-2036
-4336
-6469
-7865
-8393
-8142
-7153
-5233
-2225
1580
5349
8041
9046
8446
6847
4890
2952
1217
-196
-1079
-1170
-423
753
1660
1716
878
-450
-1762
-2663
-2971
-2728
-2144
-1338
-230
1157
2510
3362
3468
3030
2418
1908
1653
1658
1866
2208
2580
2935
3215
3236
2798
1916
885
103
-210
-89
365
1038
1871
2798
3769
4656
5231
5385
5187
4811
4383
3976
3698
3676
3948
4407
4851
5143
5309
5374
5384
5441
5594
5665
5277
4348
3241
2296
1588
1101
952
1275
1554
625
-2593
-8242
-15159
-21665
-26362
-28444
-27662
-24275
-18943
-12339
-5064
1967
7436
10346
10638
9100
6637
3860
1215
-986
-2558
-3334
-3222
-2391
-1392
-1109
-2095
-4143
-6440
-8189
-9097
-9147
-8293
-6491
-3757
-268
3511
6800
8758
9072
8087
6346
4283
2273
636
-472
-1015
-903
-163
828
1401
1090
102
-1099
-2149
-2782
-2924
-2550
-1760
-738
468
1776
2953
3652
3671
3183
2553
2079
1860
1895
2200
2645
3089
3477
3641
3429
2812
1919
1042
406
165
414
1061
1937
2870
3722
4425
4890
5055
4945
4635
4260
3975
3978
4393
5023
5486
5589
5442
5277
5205
5251
5414
5609
5627
5268
4538
3625
2668
1703
812
150
-81
150
176
-1267
-5109
-11001
-17454
-22831
-25967
-26387
-24365
-20561
-15442
-9163
-2270
3984
8287
9949
9219
7030
4380
1892
-279
-2149
-3548
-4149
-3748
-2637
-1643
-1657
-2946
-4971
-6907
-8116
-8369
-7769
-6498
-4545
-1794
1667
5254
8024
9295
8945
7403
5377
3432
1818
568
-338
-825
-720
-85
616
818
307
-708
-1836
-2654
-2887
-2567
-1929
-1129
-94
1202
2561
3626
4069
3860
3237
2589
2200
2077
2127
2257
2436
2676
2891
2953
2733
2195
1409
594
91
159
737
1497
2250
2978
3699
4377
4910
5194
5123
4728
4214
3846
3818
4153
4646
4983
5071
5128
5453
6021
6572
6878
6706
5951
4878
3910
3025
1969
825
30
67
892
1740
1179
-2140
-8172
-15346
-21597
-25484
-26607
-25259
-21958
-17025
-10615
-3368
3424
8242
10088
9116
6444
3374
665
-1572
-3330
-4434
-4673
-3876
-2224
-531
100
-834
-2895
-5189
-6935
-7800
-7833
-7114
-5552
-2941
598
4436
7639
9331
9144
7516
5345
3338
1681
343
-587
-972
-688
170
1194
1783
1475
290
-1245
-2511
-3127
-3098
-2630
-1795
-565
1013
2664
3999
4656
4526
3868
3062
2448
2140
2064
2128
2274
2533
2895
3220
3270
2829
2002
1100
438
239
495
1077
1863
2713
3545
4338
5007
5420
5393
4916
4300
3925
3989
4468
5124
5603
5804
5951
6237
6628
7002
7170
6910
6205
5333
4538
3730
2702
1548
622
214
251
10
-1744
-5969
-12357
-19307
-24881
-27887
-28107
-25938
-21930
-16441
-9750
-2534
3908
8205
9648
8560
6016
3091
426
-1768
-3474
-4640
-5032
-4428
-3079
-1827
-1546
-2488
-4192
-5893
-7023
-7342
-6897
-5775
-3920
-1292
1936
5199
7685
8741
8249
6703
4748
2867
1311
154
-584
-839
-491
336
1195
1576
1259
363
-743
-1637
-2059
-1907
-1293
-416
623
1782
2950
3780
3983
3667
3152
2701
2429
2335
2348
2327
2238
2209
2314
2460
2417
2034
1392
724
343
413
806
1407
2151
2947
3755
4452
4895
5001
4837
4581
4313
4150
4211
4426
4594
4582
4559
4749
5079
5407
5716
6081
6479
6760
6641
5824
4376
2711
1392
730
566
697
895
598
-1211
-5499
-12100
-19451
-25503
-28892
-29402
-27291
-22908
-16826
-9677
-2171
4690
9531
11247
10015
7172
4033
1235
-1067
-2821
-3908
-4230
-3714
-2529
-1265
-741
-1502
-3347
-5444
-6953
-7544
-7250
-6100
-4099
-1294
2124
5596
8255
9353
8778
7083
4937
2822
1070
-156
-808
-902
-460
447
1447
1965
1655
629
-619
-1600
-2072
-1983
-1413
-505
541
1604
2599
3278
3410
3014
2371
1822
1490
1361
1396
1536
1745
1968
2142
2175
1915
1364
653
-18
-409
-424
-26
748
1697
2630
3454
4115
4524
4589
4307
3825
3377
3164
3270
3620
4073
4514
4829
5023
5220
5562
6057
6437
6418
5948
5065
3944
2917
2172
1587
1000
620
829
1334
894
-1766
-7023
-14010
-20967
-26084
-28320
-27703
-24762
-19968
-13582
-5998
1627
7695
11034
11416
9568
6589
3493
931
-1077
-2708
-3782
-3885
-3001
-1822
-1247
-1807
-3458
-5609
-7482
-8522
-8539
-7609
-5872
-3339
-15
3701
6978
8927
9154
7955
5987
3840
1844
172
-1022
-1566
-1425
-729
244
1069
1318
797
-264
-1403
-2227
-2520
-2318
-1746
-850
352
1741
2936
3536
3478
2933
2183
1508
1086
985
1094
1323
1708
2211
2664
2811
2484
1795
1040
493
335
572
1124
1908
2831
3772
4588
5114
5290
5187
4903
4563
4259
4076
4118
4406
4836
5212
5453
5627
5771
5910
6084
6246
6230
5856
5112
4137
3176
2482
2099
1799
1523
1627
1975
1343
-1682
-7370
-14437
-21028
-25625
-27388
-26299
-22948
-18036
-11873
-4774
2315
7882
10586
10254
7953
5024
2347
252
-1365
-2645
-3443
-3398
-2398
-1112
-604
-1444
-3387
-5643
-7429
-8287
-8129
-7134
-5441
-2960
386
4203
7518
9338
9343
7951
5895
3776
1872
267
-985
-1728
-1735
-1007
80
869
835
-17
-1274
-2394
-3013
-3060
-2599
-1792
-753
518
1902
3112
3789
3737
3115
2278
1561
1176
1117
1235
1437
1722
2083
2365
2360
1919
1126
274
-365
-594
-372
239
1095
1983
2847
3677
4371
4756
4746
4420
3951
3545
3327
3324
3484
3733
4061
4504
4971
5348
5633
5822
5846
5614
5116
4550
4057
3589
3053
2468
1970
1684
1653
1526
381
-2874
-8536
-15410
-21556
-25555
-26946
-25951
-22929
-18206
-12130
-5192
1623
6928
9617
9579
7691
5085
2514
290
-1551
-2907
-3493
-3100
-1926
-669
-172
-893
-2639
-4697
-6288
-7039
-7001
-6256
-4721
-2308
881
4400
7477
9282
9460
8363
6650
4810
2998
1282
-141
-967
-1000
-354
539
1157
1128
445
-543
-1391
-1861
-1935
-1624
-883
251
1542
2691
3487
3837
3738
3285
2682
2154
1810
1660
1686
1844
2112
2379
2448
2216
1748
1176
635
284
185
393
918
1684
2577
3441
4143
4611
4810
4759
4551
4317
4108
3941
3903
4123
4618
5206
5696
5927
5825
5498
5201
5141
5172
5014
4549
3950
3547
3391
3295
3063
2636
2268
2096
1518
-611
-5229
-12013
-19296
-25165
-28276
-28356
-25905
-21656
-16163
-9646
-2594
3784
8058
9436
8250
5644
2757
263
-1636
-2979
-3740
-3770
-2977
-1587
-331
-87
-1256
-3408
-5594
-7072
-7606
-7311
-6322
-4616
-2118
1050
4312
6774
7785
7294
5779
3881
2100
639
-564
-1576
-2228
-2183
-1352
-174
666
733
53
-928
-1733
-2103
-2029
-1665
-1090
-273
846
2206
3463
4212
4264
3758
3094
2581
2317
2217
2099
1962
1956
2163
2457
2577
2368
1871
1291
939
1003
1454
2137
2842
3492
4122
4726
5195
5432
5397
5118
4698
4282
4043
4075
4336
4676
4884
4905
4857
4855
4981
5263
5592
5695
5470
5078
4713
4341
3780
3081
2453
2120
2233
2370
1298
-2302
-8641
-16298
-23147
-27585
-29061
-27931
-24756
-19857
-13434
-5956
1468
7332
10369
10336
8279
5605
3082
777
-1349
-3002
-3761
-3393
-2028
-395
430
-229
-2152
-4449
-6268
-7240
-7411
-6933
-5746
-3602
-476
3173
6408
8312
8519
7364
5573
3749
2179
816
-449
-1460
-1811
-1256
-128
857
1164
746
-94
-940
-1507
-1727
-1714
-1616
-1404
-889
58
1272
2263
2658
2474
2029
1667
1501
1458
1402
1231
1052
1048
1231
1395
1269
792
160
-325
-389
27
748
1493
2089
2605
3184
3825
4362
4664
4698
4507
4195
3950
3955
4187
4459
4653
4788
4943
5204
5586
5980
6205
6118
5683
4985
4208
3595
3207
2877
2677
2934
3678
4117
2880
-1078
-7753
-15679
-22732
-27361
-29032
-27911
-24448
-19056
-12092
-4115
3653
9450
12117
11793
9541
6528
3504
825
-1410
-3051
-3722
-3173
-1690
-122
456
-536
-2752
-5206
-7043
-8003
-8170
-7565
-6069
-3556
-137
3595
6654
8216
8122
6795
4877
2955
1301
-190
-1545
-2440
-2426
-1453
-74
957
1146
488
-591
-1565
-2139
-2370
-2434
-2321
-1820
-773
652
1981
2786
2923
2517
1917
1483
1324
1284
1209
1145
1275
1645
2048
2225
2044
1541
950
540
501
838
1403
2047
2724
3446
4110
4574
4752
4658
4419
4147
3923
3824
3850
4033
4423
4915
5321
5527
5620
5739
5890
5916
5608
4899
3973
3132
2561
2217
1921
1612
1452
1632
1852
957
-2384
-8507
-16076
-22774
-26794
-27706
-26093
-22590
-17574
-11323
-4260
2723
8226
10945
10594
8294
5576
3210
1183
-644
-2134
-2984
-2898
-1904
-626
-121
-1089
-3266
-5632
-7204
-7674
-7285
-6330
-4773
-2402
806
4428
7579
9305
9192
7666
5646
3869
2460
1138
-223
-1326
-1700
-1179
-121
784
991
391
-658
-1537
-1862
-1697
-1395
-1172
-878
-239
822
1993
2772
2920
2589
2124
1816
1705
1688
1610
1417
1283
1390
1691
1897
1754
1249
607
205
282
737
1323
1860
2383
3003
3666
4240
4597
4641
4408
4040
3688
3507
3604
3955
4370
4706
5000
5293
5529
5573
5460
5366
5235
4888
4302
3620
2970
2418
1993
1784
1817
2032
2196
1579
-880
-5877
-12731
-19567
-24595
-26976
-26770
-24317
-19998
-14248
-7510
-534
5399
8970
9682
8209
5757
3227
975
-962
-2501
-3398
-3397
-2509
-1169
-228
-463
-2007
-4181
-6063
-7194
-7528
-7097
-5907
-3917
-1113
2315
5699
8056
8781
8016
6393
4544
2834
1399
185
-889
-1637
-1728
-1112
-175
401
235
-446
-1163
-1585
-1645
-1461
-1145
-752
-179
750
1914
2929
3432
3373
2976
2532
2262
2179
2091
1894
1700
1710
1973
2293
2407
2186
1738
1276
1017
1128
1601
2234
2808
3247
3652
4067
4382
4515
4481
4370
4263
4176
4141
4244
4543
5015
5503
5855
6140
6381
6415
6134
5539
4751
3893
3104
2646
2572
2685
2742
2638
2562
2657
2496
740
-3916
-11110
-18773
-24618
-27493
-27422
-25016
-20929
-15519
-8931
-1664
4934
9195
10196
8412
5306
2284
-45
-1820
-3227
-4132
-4176
-3105
-1231
443
743
-700
-3130
-5400
-6819
-7275
-6981
-6136
-4663
-2262
1122
4826
7664
8736
7992
6169
4197
2554
1259
155
-853
-1613
-1789
-1187
-144
574
471
-312
-1295
-2040
-2266
-1956
-1382
-804
-163
808
2109
3325
3938
3764
3075
2305
1779
1628
1749
1884
1849
1762
1911
2268
2442
2152
1500
803
346
356
928
1850
2729
3333
3731
4066
4372
4557
4494
4205
3860
3595
3547
3855
4457
5087
5512
5724
5824
5824
5707
5563
5368
5037
4649
4390
4371
4354
4038
3410
2636
1991
1716
1565
370
-3430
-10085
-17782
-24117
-27698
-28478
-26949
-23473
-18420
-12030
-4665
2532
7836
10015
9248
6903
4313
2032
5
-1875
-3347
-3958
-3398
-1826
-125
521
-467
-2537
-4551
-5849
-6443
-6500
-6029
-4890
-2882
101
3651
6740
8340
8198
6915
5270
3708
2314
973
-304
-1205
-1315
-520
736
1674
1762
1053
35
-825
-1334
-1456
-1291
-980
-481
397
1665
2940
3681
3679
3154
2518
2098
1906
1789
1646
1487
1475
1723
2122
2344
2102
1482
778
276
167
473
1086
1785
2399
2970
3595
4156
4440
4364
4059
3733
3485
3378
3481
3827
4361
4947
5456
5775
5840
5619
5186
4759
4436
4182
3877
3482
3134
2910
2706
2358
1921
1668
1516
509
-2658
-8531
-16097
-23215
-27966
-29599
-28470
-25265
-20393
-14100
-6847
491
6519
9911
10247
8350
5641
3052
840
-1068
-2659
-3640
-3650
-2663
-1275
-467
-951
-2655
-4821
-6551
-7393
-7439
-6870
-5712
-3790
-957
2494
5736
7804
8200
7187
5494
3765
2280
923
-429
-1496
-1796
-1156
59
1208
1729
1392
445
-532
-1152
-1394
-1385
-1214
-809
-28
1182
2583
3636
3999
3714
3092
2535
2255
2221
2235
2191
2238
2503
2941
3315
3284
2752
1983
1367
1153
1325
1747
2322
2978
3705
4468
5064
5314
5221
4892
4530
4297
4250
4348
4563
4883
5233
5520
5718
5815
5729
5434
5107
4961
4930
4775
4365
3731
3036
2409
1903
1511
1268
1224
854
-987
-5255
-11688
-18680
-24423
-27756
-28320
-26397
-22521
-17210
-10784
-3725
2856
7636
9836
9544
7597
4962
2308
-32
-1907
-3208
-3810
-3557
-2599
-1630
-1515
-2542
-4299
-6116
-7471
-8103
-7854
-6780
-4964
-2322
1013
4414
6982
8089
7729
6359
4595
2918
1489
247
-853
-1607
-1670
-1021
-96
526
533
-2
-803
-1517
-1869
-1886
-1763
-1537
-1025
-128
1023
2128
2902
3194
3016
2590
2181
1931
1812
1712
1604
1613
1828
2101
2169
1945
1545
1133
869
894
1206
1681
2212
2787
3401
3948
4354
4602
4680
4579
4345
4130
4101
4308
4678
5035
5284
5483
5677
5814
5857
5778
5522
5113
4548
3949
3468
3082
2698
2250
1890
1859
2155
2328
1336
-1995
-7958
-15304
-21835
-25874
-27073
-25888
-22804
-18070
-11932
-4909
2074
7667
10634
10701
8742
6062
3504
1257
-687
-2179
-2919
-2708
-1637
-295
322
-447
-2413
-4714
-6493
-7396
-7457
-6782
-5311
-2951
181
3689
6837
8763
8993
7796
5964
4210
2711
1299
-37
-1033
-1384
-1036
-298
297
308
-332
-1287
-2118
-2532
-2481
-2114
-1579
-881
53
1277
2525
3322
3421
2923
2197
1566
1143
949
926
1050
1315
1685
2108
2350
2170
1598
888
394
294
497
865
1314
1913
2683
3496
4170
4542
4582
4376
4063
3756
3559
3549
3751
4169
4711
5272
5779
6089
6093
5784
5298
4743
4150
3596
3177
2926
2736
2533
2358
2348
2523
2500
1359
-2042
-7970
-15220
-21837
-26252
-27797
-26613
-23248
-18313
-12264
-5485
1162
6399
9129
9081
7052
4248
1562
-611
-2168
-3029
-3201
-2712
-1602
-319
301
-331
-2077
-4243
-6105
-7180
-7307
-6559
-4981
-2552
572
3887
6674
8298
8490
7434
5687
3812
2103
661
-497
-1270
-1419
-818
166
850
818
166
-752
-1619
-2172
-2282
-1997
-1351
-389
735
1798
2624
3094
3110
2763
2309
1886
1541
1380
1473
1808
2290
2744
2956
2798
2333
1705
1075
621
484
737
1329
2117
2965
3745
4324
4640
4681
4535
4365
4256
4184
4157
4359
4915
5673
6310
6562
6422
6111
5817
5576
5365
5119
4848
4595
4432
4435
4474
4303
3760
3004
2371
2061
1710
82
-4127
-10935
-18449
-24237
-27151
-27513
-25957
-22723
-17853
-11512
-4297
2572
7438
9222
8234
5857
3455
1469
-324
-2052
-3425
-3927
-3285
-1760
-226
243
-806
-2794
-4685
-5869
-6358
-6312
-5729
-4451
-2312
644
3879
6455
7639
7331
6090
4640
3319
1983
496
-827
-1541
-1428
-615
434
1103
1007
311
-476
-1065
-1459
-1727
-1880
-1809
-1288
-187
1295
2650
3417
3515
3163
2684
2290
1954
1622
1339
1259
1495
1962
2450
2625
2251
1539
913
598
566
697
977
1459
2155
3065
4026
4753
5070
4989
4691
4375
4115
3936
3868
3971
4280
4831
5566
6198
6409
6172
5777
5389
4927
4321
3698
3181
2762
2452
2200
1874
1467
1299
1420
737
-2482
-8916
-17034
-24209
-28556
-29536
-27659
-23847
-18860
-12880
-5904
1335
7190
10124
9840
7414
4418
1853
-88
-1576
-2696
-3345
-3195
-1966
-171
886
301
-1600
-3759
-5394
-6230
-6230
-5527
-4252
-2310
412
3617
6459
7998
7862
6492
4750
3210
1885
617
-481
-1143
-1139
-374
843
1825
1978
1275
215
-708
-1272
-1514
-1539
-1419
-1057
-282
869
2075
2903
3119
2837
2362
1973
1785
1776
1856
1905
1934
2054
2258
2376
2119
1524
930
578
535
745
1144
1669
2233
2805
3409
3989
4415
4538
4328
3906
3524
3432
3701
4211
4718
5040
5213
5331
5411
5430
5345
5028
4377
3534
2949
2931
3167
3094
2609
2052
1787
2032
2420
1677
-1879
-8758
-17154
-24228
-28161
-28847
-27126
-23674
-18787
-12559
-5247
2220
8153
10917
10249
7605
4800
2590
767
-888
-2204
-2904
-2759
-1673
-187
489
-538
-2942
-5467
-7074
-7591
-7352
-6560
-5103
-2771
413
3999
7092
8681
8376
6729
4748
3115
1848
763
-177
-822
-894
-318
580
1173
985
112
-927
-1625
-1830
-1680
-1385
-1011
-449
389
1455
2471
3005
2867
2326
1829
1590
1504
1478
1534
1687
1936
2278
2640
2767
2454
1812
1169
819
838
1096
1448
1847
2361
3017
3681
4153
4331
4267
4095
3914
3744
3675
3863
4336
4897
5295
5523
5708
5842
5782
5477
5060
4645
4197
3636
3080
2821
2867
2841
2475
1990
1797
1536
-19
-4058
-10614
-18058
-24160
-27393
-27585
-25507
-21868
-17103
-11349
-4708
1980
7236
9745
9390
7355
4987
3014
1434
-75
-1540
-2617
-2854
-2207
-1378
-1283
-2380
-4357
-6328
-7521
-7672
-6981
-5753
-4059
-1767
1162
4347
6947
8174
7858
6501
4853
3413
2226
1078
-48
-909
-1145
-645
169
686
521
-239
-1136
-1740
-1898
-1763
-1590
-1354
-820
162
1441
2594
3286
3378
3000
2529
2245
2150
2069
1930
1814
1896
2225
2566
2603
2211
1592
1048
813
956
1353
1842
2325
2864
3511
4135
4552
4658
4485
4205
3957
3832
3899
4178
4654
5204
5698
6092
6304
6247
5976
5637
5332
5001
4536
3972
3443
3078
2812
2468
2104
1993
2132
1671
-759
-5897
-12888
-19757
-24676
-26804
-26273
-23659
-19608
-14429
-8157
-1246
4924
8752
9604
8165
5726
3276
1202
-538
-2026
-3153
-3551
-2913
-1597
-583
-775
-2275
-4332
-6111
-7141
-7326
-6765
-5552
-3644
-888
2518
5788
7953
8549
7795
6275
4542
2895
1374
-87
-1325
-1964
-1753
-850
62
344
-72
-814
-1409
-1690
-1775
-1810
-1771
-1422
-551
764
2102
2990
3261
3062
2655
2268
1980
1701
1420
1263
1410
1886
2418
2658
2456
1942
1401
1071
1006
1129
1368
1701
2193
2855
3551
4075
4341
4419
4398
4281
4036
3825
3929
4354
4879
5331
5706
6067
6360
6527
6554
6324
5710
4845
4015
3388
3019
2861
2804
2682
2506
2581
2775
1963
-1448
-7934
-15868
-22763
-26887
-27826
-26150
-22582
-17731
-11885
-5130
1757
7173
9670
9039
6480
3545
1147
-567
-1826
-2757
-3186
-2788
-1468
153
928
93
-2073
-4523
-6342
-7215
-7201
-6449
-5050
-2915
38
3475
6504
8131
8008
6614
4783
3122
1791
700
-255
-1039
-1371
-1021
-182
481
381
-405
-1354
-1984
-2139
-1924
-1501
-956
-322
454
1368
2200
2664
2638
2299
1953
1755
1724
1824
1985
2171
2362
2564
2709
2591
2104
1385
743
414
426
735
1264
1931
2641
3319
3938
4389
4545
4400
4190
4116
4169
4344
4662
5091
5493
5814
6082
6291
6344
6177
5933
5810
5834
5782
5521
5103
4613
4020
3227
2420
1960
1862
1274
-1267
-6687
-14189
-21581
-26826
-29011
-28363
-25567
-21240
-15702
-9006
-1618
5092
9387
10435
8870
6125
3418
1249
-475
-1978
-3182
-3700
-3149
-1758
-543
-559
-2036
-4189
-5986
-6935
-7031
-6435
-5256
-3440
-897
2261
5396
7588
8208
7323
5657
3936
2488
1246
43
-1024
-1562
-1305
-436
375
512
-93
-1052
-1821
-2103
-1956
-1497
-872
-184
602
1543
2500
3076
2990
2411
1767
1366
1227
1259
1420
1629
1863
2163
2430
2492
2265
1770
1183
733
586
786
1203
1689
2194
2737
3336
3868
4148
4147
4039
3972
3914
3888
4073
4506
4960
5191
5252
5354
5497
5570
5617
5706
5766
5620
5240
4786
4324
3883
3337
2637
2016
1749
1720
864
-2322
-8423
-16210
-23277
-27742
-29111
-27866
-24637
-19873
-13821
-6753
620
6838
10349
10678
8774
6172
3829
1843
-10
-1744
-3006
-3339
-2615
-1347
-547
-1031
-2795
-4991
-6618
-7273
-7112
-6374
-5059
-3017
-186
3169
6255
8118
8314
7226
5617
4012
2552
1210
-23
-1009
-1443
-1121
-271
482
592
-1
-881
-1507
-1675
-1504
-1142
-626
87
927
1775
2458
2738
2524
1963
1378
1047
998
1147
1378
1643
2000
2385
2639
2601
2184
1553
932
513
399
548
925
1438
2010
2624
3203
3652
3883
3915
3850
3764
3686
3669
3848
4282
4839
5277
5422
5336
5258
5356
5568
5601
5307
4790
4186
3599
3048
2606
2321
2084
1900
2005
2291
1650
-1557
-7862
-15624
-22333
-26439
-27691
-26419
-23106
-18384
-12597
-5814
1297
7183
10289
10279
8238
5637
3354
1494
-163
-1634
-2714
-3030
-2302
-1023
-358
-1165
-3197
-5419
-7052
-7821
-7678
-6730
-5139
-2898
97
3570
6715
8599
8768
7581
5841
4137
2608
1209
24
-789
-1068
-740
-49
442
258
-497
-1333
-1893
-2081
-1923
-1455
-771
8
868
1758
2495
2843
2694
2250
1828
1589
1527
1582
1782
2116
2434
2643
2673
2460
2008
1403
830
488
474
751
1258
1893
2567
3231
3778
4098
4147
4034
3905
3836
3769
3706
3844
4292
4920
5427
5598
5443
5112
4812
4702
4795
4902
4755
4270
3625
3087
2705
2254
1681
1210
1113
1219
299
-3184
-9447
-16695
-22482
-25577
-26107
-24561
-21410
-17041
-11517
-4881
2003
7308
9567
8857
6557
4167
2269
626
-982
-2421
-3328
-3293
-2252
-840
-244
-1210
-3268
-5305
-6574
-6984
-6732
-5953
-4615
-2518
463
3919
6894
8455
8370
7186
5678
4243
2829
1345
-48
-1012
-1239
-717
98
509
166
-668
-1486
-1989
-2113
-1920
-1542
-1052
-343
751
2121
3340
3960
3881
3353
2726
2192
1793
1565
1486
1521
1683
1998
2337
2413
2120
1640
1240
1030
1011
1196
1576
2088
2689
3344
3967
4397
4495
4299
3998
3742
3627
3722
4031
4464
4946
5503
6116
6636
6852
6702
6311
5779
5126
4346
3551
2860
2323
1980
1903
2056
2346
2617
2056
-717
-6422
-13974
-21012
-25756
-27663
-26921
-23994
-19346
-13395
-6515
554
6408
9637
9710
7412
4329
1565
-652
-2393
-3581
-4022
-3615
-2372
-677
455
126
-1603
-3905
-5906
-7138
-7417
-6780
-5356
-3155
-173
3282
6445
8468
8856
7839
6158
4359
2578
880
-520
-1393
-1630
-1200
-313
427
508
-37
-790
-1419
-1808
-1893
-1618
-954
-40
938
1859
2619
3117
3214
2921
2507
2146
1857
1730
1868
2229
2583
2733
2656
2368
1894
1314
762
406
316
560
1152
1939
2782
3573
4191
4535
4586
4456
4276
4056
3795
3681
3973
4659
5375
5778
5824
5748
5722
5685
5577
5427
5239
4985
4676
4434
4295
4046
3474
2696
1961
1529
1363
636
-1979
-7338
-14639
-21705
-26582
-28507
-27834
-25174
-20896
-15266
-8568
-1479
4672
8437
9116
7428
4897
2564
639
-1037
-2443
-3304
-3376
-2621
-1347
-341
-461
-1887
-3933
-5667
-6646
-6885
-6449
-5328
-3408
-677
2532
5523
7489
8008
7270
5878
4379
2862
1259
-212
-1180
-1410
-929
-26
802
1009
503
-262
-861
-1215
-1412
-1400
-1027
-216
897
1933
2570
2697
2428
2031
1729
1630
1637
1618
1666
1984
2577
3176
3411
3137
2454
1639
993
593
426
500
793
1367
2214
3198
4086
4620
4771
4709
4559
4384
4198
4028
4002
4299
4949
5705
6226
6346
6148
5843
5578
5428
5298
4993
4457
3774
3257
3129
3207
3124
2671
2145
1970
1833
462
-3663
-10666
-18662
-25196
-28861
-29477
-27485
-23534
-18308
-12077
-4946
2159
7536
9884
9292
7008
4375
2104
263
-1276
-2465
-3063
-2829
-1770
-525
-179
-1312
-3463
-5614
-7094
-7735
-7509
-6534
-4942
-2600
572
4033
6798
8107
7871
6603
4941
3307
1829
462
-719
-1465
-1540
-937
-54
516
426
-164
-793
-1153
-1213
-1043
-712
-279
245
849
1444
1878
2039
1916
1628
1369
1283
1386
1603
1896
2225
2510
2636
2521
2179
1661
1122
731
580
699
1049
1606
2298
2958
3492
3835
3989
4056
4097
4162
4229
4253
4309
4438
4677
5059
5427
5534
5349
5087
5048
5230
5381
5337
5063
4620
4131
3747
3452
2993
2254
1543
1336
1589
1166
-1551
-7242
-14710
-21657
-26334
-28089
-27193
-24308
-19950
-14334
-7463
-2
6400
10156
10786
9155
6667
4223
2069
137
-1609
-2902
-3352
-2717
-1418
-617
-1187
-2994
-5136
-6780
-7619
-7614
-6897
-5579
-3491
-484
3102
6379
8406
8808
7917
6414
4800
3226
1644
147
-973
-1434
-1122
-353
200
49
-697
-1518
-2032
-2164
-1976
-1536
-887
-23
1057
2110
2748
2773
2329
1778
1414
1276
1247
1230
1304
1610
2114
2603
2770
2476
1864
1222
812
667
686
852
1178
1680
2386
3217
3912
4155
3931
3634
3568
3690
3794
3787
3821
4099
4669
5369
5842
5851
5453
4884
4417
4135
3949
3703
3287
2858
2737
2990
3324
3316
2860
2401
2411
2442
1028
-3242
-10202
-17881
-23932
-26946
-26847
-24498
-20881
-16354
-10641
-3772
3047
7963
9791
8776
6309
3810
1952
605
-656
-1918
-2768
-2653
-1584
-454
-413
-1864
-4177
-6345
-7642
-7828
-7137
-5951
-4297
-1817
1563
5186
7986
9220
8853
7443
5744
4229
2947
1738
554
-356
-622
-190
389
325
-569
-1771
-2653
-2910
-2541
-1743
-821
-4
783
1697
2615
3205
3202
2725
2154
1789
1667
1633
1611
1632
1694
1795
1885
1825
1494
921
386
154
284
680
1213
1760
2302
2865
3437
3854
3935
3758
3565
3526
3624
3736
3858
4123
4617
5206
5621
5769
5664
5309
4819
4456
4482
4727
4720
4262
3579
3134
2995
2781
2262
1684
1516
1422
-34
-4163
-10778
-18034
-23663
-26435
-26233
-23674
-19687
-14832
-9129
-2576
3863
8390
9833
8516
5813
3121
1045
-468
-1661
-2639
-3162
-2836
-1624
-277
41
-1188
-3373
-5490
-6843
-7225
-6720
-5564
-3872
-1499
1647
5054
7727
8893
8465
7005
5225
3526
2012
693
-406
-1149
-1427
-1220
-817
-777
-1289
-2025
-2490
-2501
-2150
-1512
-670
309
1392
2513
3397
3644
3151
2186
1239
671
483
549
709
973
1494
2270
3069
3484
3185
2371
1535
1001
767
660
725
1059
1649
2477
3455
4323
4751
4696
4474
4356
4354
4363
4385
4582
5059
5684
6209
6470
6418
6110
5655
5240
5065
5046
4959
4663
4202
3758
3371
3018
2671
2428
2440
2118
86
-4797
-11989
-19309
-24747
-27459
-27527
-25337
-21386
-16141
-9747
-2644
3835
8065
9192
7802
5320
2813
669
-1155
-2693
-3746
-4014
-3236
-1690
-419
-449
-1870
-3878
-5600
-6659
-7018
-6691
-5675
-3916
-1343
1932
5293
7694
8442
7722
6287
4729
3153
1560
143
-847
-1239
-957
-212
416
363
-447
-1495
-2208
-2362
-2096
-1621
-979
-55
1170
2475
3460
3752
3341
2595
1970
1632
1437
1276
1194
1286
1565
1982
2383
2483
2096
1388
786
579
680
907
1235
1736
2472
3318
4057
4510
4598
4464
4340
4352
4448
4522
4533
4571
4795
5200
5538
5620
5471
5255
5144
5195
5434
5680
5629
5135
4355
3567
2939
2454
2033
1814
1991
2032
539
-3702
-10571
-18345
-24815
-28472
-29010
-27026
-23186
-17880
-11326
-4013
2968
8096
10186
9338
6812
4002
1619
-305
-1882
-3062
-3564
-3110
-1863
-581
-232
-1254
-3204
-5216
-6613
-7173
-6959
-6055
-4405
-1870
1405
4800
7402
8548
8188
6830
5138
3442
1808
327
-821
-1409
-1343
-764
-31
303
-58
-825
-1467
-1697
-1573
-1234
-742
-180
485
1266
2013
2514
2606
2355
1979
1697
1641
1703
1707
1658
1657
1754
1880
1909
1761
1423
1053
894
966
1165
1431
1753
2149
2630
3231
3839
4230
4350
4349
4376
4409
4323
4143
4046
4196
4594
5074
5418
5527
5443
5237
4997
4833
4799
4710
4375
3836
3260
2812
2445
2114
1996
2170
2175
769
-3251
-9810
-17308
-23719
-27674
-28768
-27252
-23693
-18666
-12386
-5136
2074
7646
10369
10281
8426
5931
3454
1205
-779
-2378
-3325
-3317
-2418
-1353
-1102
-2168
-4143
-6167
-7619
-8281
-8128
-7186
-5452
-2879
443
3982
6846
8330
8322
7247
5644
3853
2054
391
-948
-1713
-1714
-1048
-234
125
-163
-788
-1290
-1470
-1342
-972
-388
387
1291
2283
3196
3684
3485
2716
1847
1283
1084
1170
1444
1824
2279
2758
3203
3408
3179
2567
1802
1189
906
942
1199
1611
2135
2779
3470
4068
4429
4487
4415
4414
4527
4660
4688
4665
4761
4998
5223
5249
5073
4837
4673
4670
4815
4971
4929
4608
4120
3601
2997
2176
1261
671
722
1022
413
-2390
-7806
-14695
-21027
-25204
-26781
-26164
-23822
-19905
-14375
-7503
-298
5699
9185
9824
8393
6135
3879
1755
-396
-2412
-3746
-3969
-3178
-2036
-1471
-2046
-3572
-5346
-6677
-7308
-7284
-6660
-5322
-3026
240
3894
7021
8886
9282
8546
7193
5555
3746
1827
47
-1249
-1821
-1619
-975
-475
-477
-927
-1467
-1815
-1946
-1906
-1678
-1081
30
1498
2889
3733
3840
3296
2417
1613
1102
822
599
492
732
1389
2217
2813
2887
2447
1802
1278
975
804
717
797
1159
1856
2768
3679
4346
4593
4551
4504
4612
4694
4476
4105
4000
4351
4880
5191
5146
4912
4767
4809
4955
5043
4961
4663
4238
3889
3709
3486
2938
2164
1648
1727
1638
-257
-5075
-12154
-19210
-24175
-26287
-25914
-23808
-20353
-15575
-9405
-2319
4172
8316
9268
7718
5285
3103
1356
-263
-1888
-3174
-3607
-2936
-1556
-557
-884
-2521
-4633
-6290
-7071
-7131
-6688
-5698
-3834
-882
2813
6375
8806
9578
8934
7589
6106
4541
2814
1089
-268
-943
-883
-367
62
-69
-756
-1562
-2058
-2157
-2068
-1925
-1564
-694
771
2514
4004
4819
4743
3890
2660
1529
762
314
92
121
490
1158
1877
2339
2382
2033
1481
948
563
355
338
555
1041
1800
2729
3637
4315
4655
4711
4624
4473
4250
3960
3730
3766
4166
4755
5185
5335
5323
5308
5345
5446
5500
5291
4819
4335
4123
4126
3954
3422
2717
2231
2128
1658
-576
-5539
-12626
-19776
-24992
-27321
-26885
-24340
-20294
-15039
-8701
-1841
4165
7840
8572
7015
4569
2274
399
-1181
-2505
-3343
-3427
-2646
-1340
-378
-571
-1976
-3917
-5593
-6552
-6766
-6356
-5318
-3475
-761
2508
5614
7740
8397
7732
6382
4843
3236
1634
222
-763
-1152
-957
-438
-48
-152
-757
-1555
-2159
-2370
-2251
-1909
-1278
-248
1145
2612
3697
4062
3649
2807
1996
1406
1006
682
504
690
1263
2044
2730
3043
2875
2358
1768
1346
1152
1087
1111
1318
1895
2827
3818
4570
4931
4994
4985
5003
5038
5015
4887
4725
4616
4660
4871
5122
5302
5362
5304
5154
5020
4964
4914
4698
4249
3735
3290
2950
2757
2822
3209
3428
2296
-1356
-7685
-15350
-22310
-27021
-28875
-28100
-25262
-20729
-14617
-7360
-81
5644
8636
8751
6871
4276
1793
-348
-2113
-3317
-3709
-3127
-1727
-197
468
-286
-2096
-4171
-5914
-7038
-7479
-7180
-5970
-3679
-462
3015
5919
7593
7872
7099
5779
4271
2706
1185
-70
-774
-767
-178
537
862
519
-365
-1371
-2145
-2535
-2533
-2171
-1384
-116
1509
3151
4331
4735
4391
3587
2631
1678
775
33
-354
-173
595
1626
2493
2977
3113
3039
2834
2531
2157
1778
1558
1626
2049
2756
3520
4103
4385
4491
4611
4758
4748
4525
4275
4218
4487
5021
5504
5563
5169
4648
4330
4275
4347
4414
4442
4474
4574
4653
4467
3816
2847
2082
1910
1803
295
-3968
-10844
-18480
-24671
-28120
-28753
-27204
-24056
-19495
-13355
-5912
1482
7010
9534
9255
7373
5097
2945
878
-1211
-3063
-4131
-3993
-2796
-1493
-1191
-2216
-3980
-5590
-6580
-6954
-6818
-6155
-4719
-2268
1023
4435
7027
8184
7951
6885
5569
4197
2681
1079
-324
-1124
-1079
-388
371
629
246
-480
-1156
-1581
-1757
-1766
-1654
-1323
-534
802
2341
3466
3705
3164
2344
1713
1425
1297
1130
909
866
1258
1971
2613
2800
2435
1813
1323
1157
1208
1242
1268
1489
2073
3043
4130
4879
5041
4772
4466
4364
4372
4301
4132
4041
4181
4529
4912
5196
5310
5204
4903
4628
4623
4815
4849
4479
3840
3297
2940
2708
2609
2719
2960
2480
-48
-5398
-12744
-19970
-25256
-27840
-27824
-25602
-21590
-16200
-9677
-2516
4012
8402
9921
9050
6968
4589
2308
181
-1691
-2957
-3296
-2702
-1653
-975
-1334
-2755
-4613
-6210
-7215
-7534
-7135
-5959
-3900
-928
2600
5843
7926
8547
8032
6896
5441
3771
2009
425
-699
-1188
-997
-341
266
286
-352
-1164
-1693
-1920
-2031
-2027
-1675
-784
446
1580
2346
2678
2676
2494
2272
2096
1847
1446
1098
1083
1477
2085
2546
2611
2296
1867
1557
1348
1143
953
943
1289
1995
2885
3717
4288
4540
4580
4540
4549
4606
4619
4562
4480
4557
4886
5331
5625
5623
5363
4987
4660
4443
4307
4066
3565
2927
2412
2180
2165
2286
2602
2800
1887
-1237
-6881
-13916
-20501
-25189
-27244
-26691
-23982
-19626
-13988
-7375
-581
4982
8176
8752
7371
5060
2585
412
-1308
-2575
-3226
-3071
-2193
-1167
-853
-1666
-3309
-5168
-6717
-7669
-7845
-7121
-5493
-3009
211
3711
6741
8562
8894
8090
6690
5019
3226
1449
-53
-1021
-1314
-961
-305
131
58
-513
-1306
-2021
-2488
-2570
-2226
-1443
-302
990
2218
3129
3558
3511
3167
2725
2224
1693
1303
1220
1483
1981
2481
2762
2709
2384
1922
1457
1157
1067
1182
1505
2071
2882
3775
4543
4979
5074
5032
4998
4983
4924
4862
4921
5172
5579
5990
6166
5994
5592
5185
4965
4955
4979
4832
4460
3985
3561
3264
3083
2925
2766
2683
2258
431
-3821
-10340
-17393
-23085
-26379
-27070
-25445
-21862
-16784
-10670
-4023
2146
6503
8200
7454
5372
2974
712
-1228
-2725
-3566
-3588
-2830
-1633
-728
-850
-2088
-3867
-5471
-6567
-7116
-6991
-6025
-4114
-1329
2001
5252
7646
8664
8354
7231
5748
4067
2277
597
-680
-1364
-1420
-975
-381
-131
-423
-1036
-1626
-1996
-2126
-1980
-1470
-531
768
2100
3032
3347
3140
2724
2294
1890
1525
1197
1092
1339
1915
2626
3137
3225
2829
2185
1599
1167
865
670
698
1132
1964
2999
3909
4468
4663
4689
4752
4819
4730
4466
4248
4355
4814
5371
5778
5976
6028
6017
5941
5701
5286
4808
4441
4228
4005
3560
2930
2373
2131
2294
2714
2622
605
-4313
-11510
-18885
-24448
-27441
-28032
-26543
-23100
-17850
-11138
-3816
2642
6797
8026
6933
4804
2560
440
-1612
-3371
-4316
-4145
-2967
-1327
-168
-258
-1574
-3370
-4923
-5973
-6512
-6482
-5708
-3927
-1099
2299
5432
7469
8049
7479
6358
5051
3584
1962
466
-503
-738
-339
334
830
828
338
-348
-907
-1247
-1456
-1556
-1447
-1000
-284
567
1412
2094
2576
2856
3020
3090
2976
2701
2357
2086
2007
2061
2106
1979
1646
1286
1064
1074
1284
1545
1850
2325
2973
3646
4207
4571
4673
4592
4563
4703
4870
4911
4898
5082
5589
6241
6705
6767
6475
6020
5601
5370
5260
5052
4656
4202
3838
3522
3158
2809
2609
2579
2669
2330
239
-4721
-12114
-19834
-25742
-28838
-29146
-27202
-23520
-18393
-11978
-4815
1804
6333
7992
7250
5379
3389
1471
-385
-1965
-2957
-3168
-2583
-1464
-616
-971
-2609
-4635
-6141
-6874
-7049
-6786
-5882
-4082
-1342
1958
5021
7043
7625
7019
5856
4623
3402
2072
697
-362
-747
-426
235
672
509
-174
-952
-1497
-1827
-2081
-2163
-1798
-940
160
1241
2085
2549
2647
2564
2547
2512
2241
1790
1489
1619
2067
2495
2682
2597
2298
1887
1497
1292
1289
1369
1541
1950
2677
3548
4267
4663
4775
4790
4849
4884
4778
4546
4438
4713
5333
6038
6500
6585
6345
5957
5579
5286
5027
4579
3943
3374
3141
3160
2979
2474
2003
1925
2138
1628
-1029
-6529
-13960
-21026
-25948
-28277
-28219
-26155
-22340
-17007
-10410
-3143
3354
7507
8774
7831
5997
4105
2158
75
-1856
-3083
-3269
-2554
-1454
-885
-1550
-3241
-5114
-6454
-7148
-7324
-6955
-5807
-3680
-614
2927
6062
7955
8320
7568
6396
5114
3622
1969
445
-614
-953
-569
113
369
-118
-969
-1601
-1808
-1842
-1888
-1789
-1254
-181
1055
2021
2514
2582
2460
2387
2443
2415
2088
1617
1428
1750
2416
2984
3100
2714
2081
1571
1336
1275
1266
1277
1498
2152
3158
4173
4828
5026
4909
4718
4641
4631
4536
4352
4342
4767
5489
6132
6437
6400
6191
5958
5730
5407
4893
4171
3426
2923
2813
2922
2804
2319
1675
1239
1235
1138
-423
-4651
-11292
-18397
-23840
-26679
-26918
-25176
-22038
-17676
-12010
-5311
1121
5682
7592
7161
5544
3787
2166
559
-1120
-2566
-3268
-2950
-1861
-964
-1225
-2682
-4603
-6166
-6969
-7108
-6774
-5925
-4249
-1560
1782
5016
7328
8214
7756
6548
5232
3959
2583
1116
-137
-795
-677
-28
461
161
-863
-1922
-2435
-2405
-2179
-1893
-1445
-722
331
1600
2776
3487
3579
3287
2993
2806
2586
2190
1765
1617
1815
2250
2677
2808
2541
2030
1625
1564
1733
1945
2199
2566
3129
3815
4455
4837
4834
4600
4391
4387
4535
4708
4957
5431
6067
6539
6553
6140
5648
5430
5523
5646
5494
4922
4075
3338
2983
2973
2908
2558
2102
1824
1849
1477
-631
-5455
-12435
-19461
-24513
-26768
-26521
-24458
-20984
-16157
-10085
-3374
2609
6377
7336
6101
4045
2190
674
-782
-2202
-3164
-3221
-2333
-1037
-265
-796
-2575
-4776
-6483
-7320
-7431
-7000
-5930
-3965
-1050
2461
5704
7778
8312
7607
6340
4952
3532
2049
624
-418
-761
-420
186
485
142
-685
-1564
-2147
-2396
-2427
-2191
-1563
-533
707
1880
2761
3218
3250
3048
2816
2547
2220
1920
1800
1979
2413
2864
3039
2814
2290
1694
1228
996
1015
1263
1759
2484
3379
4285
4898
5066
4858
4527
4337
4302
4365
4547
4924
5518
6178
6717
6975
6890
6533
6099
5755
5492
5280
5048
4787
4487
3996
3326
2624
2166
2200
2580
2421
230
-4896
-12112
-19214
-24387
-27087
-27525
-25989
-22597
-17493
-10976
-3848
2423
6419
7622
6684
4828
2861
921
-972
-2575
-3471
-3378
-2358
-937
-84
-524
-2056
-3913
-5462
-6457
-6962
-6894
-5967
-3962
-964
2471
5550
7572
8243
7829
6875
5696
4252
2517
832
-300
-650
-316
234
446
121
-554
-1190
-1574
-1780
-1889
-1775
-1252
-326
854
2020
2873
3240
3184
2993
2778
2418
1875
1359
1156
1359
1836
2284
2440
2227
1748
1191
751
532
452
450
693
1354
2329
3273
3908
4153
4054
3813
3664
3708
3886
4183
4651
5242
5891
6474
6812
6774
6458
6065
5707
5371
5047
4783
4549
4239
3865
3553
3279
3009
2738
2531
2101
250
-4251
-11291
-18960
-24992
-28432
-29353
-27948
-24401
-19155
-12776
-5776
983
5999
8151
7723
6006
4082
2135
161
-1532
-2569
-2785
-2275
-1302
-437
-496
-1826
-3835
-5582
-6622
-7104
-7128
-6413
-4657
-1891
1465
4700
7013
7905
7541
6520
5289
3927
2381
824
-343
-829
-623
21
618
684
147
-579
-1019
-1135
-1212
-1314
-1174
-497
628
1701
2293
2312
1991
1662
1582
1812
2117
2211
2136
2225
2643
3195
3475
3201
2493
1728
1249
1090
1087
1170
1412
1959
2814
3822
4737
5247
5230
4871
4536
4486
4639
4834
5096
5536
6117
6679
7016
7021
6675
6050
5367
4861
4598
4436
4182
3784
3397
3067
2773
2511
2207
1870
1534
789
-1477
-6369
-13457
-20655
-25993
-28701
-28886
-26927
-23169
-17931
-11577
-4701
1558
5870
7581
7094
5565
3926
2327
674
-852
-1891
-2211
-1811
-998
-535
-1142
-2751
-4628
-6081
-6896
-7147
-6786
-5641
-3631
-911
2115
4888
6795
7445
6982
5987
4862
3600
2151
769
-145
-480
-443
-337
-365
-613
-1068
-1533
-1762
-1756
-1595
-1180
-360
742
1648
2062
2066
1829
1566
1442
1510
1665
1763
1833
2049
2496
3031
3328
3205
2793
2310
1893
1570
1343
1237
1275
1581
2238
3108
3899
4390
4545
4451
4296
4161
4064
4119
4513
5254
6062
6685
6976
6953
6706
6320
5806
5188
4619
4192
3933
3822
3798
3737
3406
2811
2266
1965
1886
1207
-1424
-6648
-13600
-20190
-24905
-27286
-27364
-25521
-22028
-17003
-10691
-3812
2207
6045
7313
6585
5073
3606
2186
683
-733
-1689
-1910
-1452
-739
-564
-1554
-3466
-5485
-6977
-7734
-7830
-7249
-5863
-3590
-544
2792
5729
7610
8104
7542
6526
5351
3987
2484
1144
205
-294
-458
-514
-720
-1179
-1741
-2167
-2312
-2216
-1994
-1546
-763
197
1079
1711
2065
2224
2225
2212
2320
2405
2362
2265
2293
2556
2921
3126
2969
2524
2050
1684
1462
1454
1626
1932
2392
3079
3955
4760
5216
5267
5112
4944
4780
4613
4557
4736
5239
6016
6785
7186
7117
6818
6510
6214
5861
5502
5115
4673
4283
3974
3653
3129
2451
1898
1629
1654
1307
-755
-5443
-12202
-18974
-23853
-26235
-26382
-24752
-21559
-16897
-11058
-4625
1224
5055
6275
5498
4030
2696
1450
50
-1430
-2538
-2805
-2168
-1130
-593
-1268
-3026
-4975
-6331
-6981
-7133
-6823
-5849
-4016
-1325
1862
4819
6811
7504
7159
6354
5440
4321
2875
1360
246
-257
-357
-378
-544
-946
-1516
-2036
-2279
-2285
-2214
-1971
-1336
-356
695
1566
2152
2465
2551
2557
2551
2496
2364
2208
2206
2451
2879
3265
3355
3119
2667
2136
1650
1289
1130
1240
1704
2498
3459
4367
5009
5319
5358
5241
5083
4966
4949
5123
5587
6290
6972
7292
7158
6800
6502
6363
6288
6146
5769
5093
4338
3744
3321
2858
2339
1974
1889
1929
1221
-1505
-6908
-14134
-21018
-25730
-27681
-27222
-24956
-21206
-16066
-9833
-3251
2356
5661
6281
4909
2851
998
-570
-1961
-3119
-3747
-3531
-2457
-1020
-275
-925
-2650
-4534
-5837
-6465
-6558
-6113
-5017
-3092
-340
2822
5649
7380
7727
7068
6051
5025
3916
2576
1198
266
21
169
197
-108
-657
-1308
-1858
-2028
-1785
-1331
-729
98
1151
2154
2782
2915
2632
2237
2043
2056
2151
2243
2392
2695
3095
3463
3626
3483
3019
2363
1767
1429
1368
1427
1599
2035
2788
3669
4370
4720
4744
4611
4532
4569
4686
4945
5442
6143
6841
7337
7558
7483
7219
6963
6716
6353
5806
5168
4593
4140
3821
3597
3285
2776
2144
1624
1093
-477
-4309
-10733
-18364
-24882
-28762
-29736
-28317
-25169
-20746
-15222
-8771
-2106
3280
6122
6335
4932
3181
1627
164
-1294
-2513
-3124
-2930
-2086
-1161
-1061
-2238
-4169
-5927
-6934
-7186
-6895
-6084
-4525
-2074
1018
4135
6578
7805
7654
6596
5330
4100
2817
1508
457
-108
-206
40
324
226
-367
-1155
-1704
-1862
-1755
-1440
-924
-200
702
1677
2571
3134
3242
3003
2600
2256
2124
2182
2344
2587
2938
3342
3617
3616
3294
2720
2098
1640
1480
1587
1914
2499
3291
4155
4942
5530
5767
5572
5081
4587
4340
4461
4971
5695
6423
7019
7351
7325
6956
6406
5879
5393
4845
4192
3519
3066
2831
2556
2207
1927
1740
1481
527
-2097
-7112
-14039
-20963
-26118
-28842
-29143
-27281
-23546
-18272
-11921
-5132
937
4997
6474
5853
4336
2766
1192
-431
-1803
-2533
-2521
-1993
-1293
-1025
-1759
-3412
-5336
-6838
-7621
-7713
-7097
-5676
-3441
-544
2623
5411
7170
7607
7022
5985
4820
3572
2304
1220
524
279
412
711
847
530
-214
-1028
-1563
-1776
-1756
-1466
-851
72
1113
2076
2841
3291
3399
3253
3001
2752
2537
2407
2474
2749
3088
3358
3485
3356
2905
2292
1773
1464
1379
1578
2094
2850
3707
4573
5294
5667
5648
5345
4911
4512
4351
4590
5210
6060
6866
7296
7273
7062
6863
6538
5972
5247
4514
3845
3233
2737
2393
2162
1996
1802
1575
1275
142
-2975
-8447
-15251
-21479
-25777
-27700
-27353
-25140
-21308
-16019
-9740
-3313
2011
5078
5687
4675
3192
1748
300
-1010
-1898
-2211
-1928
-1169
-434
-514
-1751
-3726
-5692
-7084
-7753
-7806
-7191
-5656
-3100
190
3546
6235
7704
7897
7252
6223
4961
3534
2123
864
-77
-459
-213
282
467
132
-518
-1146
-1502
-1547
-1447
-1352
-1130
-565
406
1621
2681
3232
3243
2970
2726
2642
2662
2705
2709
2744
2934
3235
3404
3204
2655
2032
1611
1476
1618
1977
2475
3074
3790
4572
5276
5692
5725
5490
5224
5117
5208
5482
5931
6490
7008
7374
7479
7284
6868
6346
5805
5288
4871
4586
4325
4050
3806
3439
2707
1698
860
424
-369
-2920
-7921
-14507
-20712
-24975
-26892
-26614
-24459
-20856
-16214
-10755
-4813
486
3741
4556
3770
2536
1378
236
-938
-1967
-2617
-2669
-2121
-1366
-1153
-2015
-3664
-5288
-6349
-6811
-6777
-6221
-4984
-2967
-244
2805
5449
7013
7301
6657
5717
4824
3812
2559
1355
617
436
558
669
489
-140
-1000
-1705
-2067
-2098
-1955
-1648
-1064
-142
1110
2378
3255
3613
3572
3400
3258
3085
2893
2732
2747
3040
3457
3768
3794
3505
2998
2440
2042
1936
2054
2254
2568
3172
4100
5038
5609
5713
5510
5273
5120
5056
5180
5597
6339
7250
7956
8163
7829
7168
6508
6039
5743
5470
5060
4543
4091
3764
3480
3031
2329
1525
869
511
-123
-2236
-6705
-13226
-20078
-25284
-27787
-27696
-25765
-22516
-18129
-12776
-6856
-1323
2505
3814
3004
1370
-63
-1154
-2113
-2998
-3606
-3547
-2647
-1282
-362
-635
-2044
-3886
-5330
-5999
-6064
-5734
-4906
-3339
-956
1954
4703
6522
7048
6529
5551
4548
3575
2464
1241
260
-141
80
649
1077
872
-10
-984
-1396
-1194
-847
-674
-519
-48
886
2100
3185
3755
3687
3263
2971
3049
3317
3405
3210
3043
3246
3798
4298
4330
3803
3065
2566
2499
2710
2890
2931
3031
3422
4079
4766
5259
5413
5240
5091
5411
6209
7075
7668
7899
7841
7580
7196
6824
6449
5995
5466
4974
4712
4640
4533
4148
3374
2396
1549
1083
851
549
-262
-2477
-6926
-13455
-20422
-25890
-29047
-29921
-28706
-25591
-20844
-14895
-8360
-2251
2201
4294
4231
2946
1398
-51
-1458
-2665
-3325
-3255
-2560
-1575
-834
-953
-2053
-3634
-5086
-6066
-6531
-6452
-5611
-3832
-1216
1797
4561
6523
7355
7116
6222
5065
3766
2350
1049
182
-79
167
614
868
708
239
-331
-847
-1214
-1423
-1457
-1161
-400
779
2054
3052
3584
3636
3388
3133
3019
2974
2856
2706
2778
3168
3670
3955
3844
3411
2834
2348
2149
2275
2627
3051
3538
4171
4908
5532
5768
5514
5010
4715
4874
5401
6092
6828
7541
8047
8189
8036
7708
7213
6510
5649
4792
4088
3624
3359
3145
2887
2577
2220
1889
1473
866
-19
-1836
-5488
-11309
-18184
-24100
-27877
-29355
-28684
-26061
-21759
-16344
-10500
-4768
29
2937
3752
3155
2193
1294
276
-797
-1577
-1869
-1743
-1394
-1192
-1627
-2903
-4648
-6243
-7251
-7563
-7271
-6352
-4657
-2220
640
3443
5657
6863
7003
6443
5651
4717
3546
2313
1376
941
939
1121
1221
966
278
-608
-1419
-1915
-2115
-2140
-1903
-1246
-152
1156
2348
3215
3646
3632
3449
3320
3204
3031
2847
2828
3051
3420
3779
3907
3687
3279
2906
2746
2840
3093
3432
3862
4398
5023
5608
5962
5947
5587
5231
5274
5822
6701
7551
8114
8348
8278
8010
7619
7156
6631
5986
5263
4641
4283
4091
3853
3336
2499
1532
611
-112
-713
-1233
-1869
-3620
-7480
-13234
-19315
-24026
-26721
-27369
-26079
-23268
-19336
-14533
-9159
-3856
225
2277
2538
1970
1319
587
-375
-1333
-2012
-2372
-2348
-1953
-1685
-2232
-3648
-5242
-6396
-6978
-7037
-6527
-5301
-3336
-801
2045
4752
6693
7447
7201
6525
5726
4712
3429
2095
1009
415
349
546
646
413
-159
-811
-1143
-1055
-859
-769
-609
-55
975
2202
3199
3606
3454
3145
3062
3212
3327
3296
3235
3334
3615
3904
4063
4005
3639
3127
2837
2952
3301
3604
3817
4116
4638
5287
5750
5771
5417
5092
5206
5831
6783
7749
8498
8912
8861
8396
7740
7037
6326
5615
5131
5116
5360
5444
5090
4377
3483
2444
1278
120
-914
-1660
-2348
-3958
-7278
-12289
-17900
-22705
-25871
-27000
-26262
-24222
-21189
-17152
-12191
-6908
-2473
187
1006
657
16
-585
-1258
-1999
-2665
-3042
-3024
-2649
-2173
-2212
-3073
-4428
-5626
-6169
-6037
-5448
-4455
-2894
-680
1955
4463
6286
7206
7289
6752
5889
4949
4122
3340
2463
1708
1377
1480
1636
1381
681
-81
-501
-475
-309
-217
-164
20
564
1455
2456
3233
3530
3514
3597
3909
4353
4744
4946
5022
5061
5089
4999
4568
3810
3016
2617
2825
3373
3953
4539
5245
6010
6687
7265
7518
7143
6366
5815
5893
6490
7393
8398
9324
9961
10238
10192
9572
8375
6960
5707
5011
4893
5027
4911
4291
3409
2503
1658
830
-330
-2083
-4038
-5939
-8409
-12298
-17403
-22294
-25911
-27876
-28023
-26581
-23972
-20571
-16620
-12239
-7944
-4577
-2716
-2289
-2439
-2490
-2509
-2596
-2669
-2723
-2736
-2615
-2373
-2407
-3131
-4327
-5500
-6243
-6285
-5646
-4583
-3189
-1370
872
3248
5276
6552
6877
6482
5924
5347
4536
3544
2654
2130
1962
2006
2085
1905
1394
831
556
625
667
367
-4
130
978
2053
2794
3088
3089
3102
3426
4153
4973
5462
5625
5804
6160
6522
6583
6129
5295
4530
4247
4434
4794
5130
5445
5891
6529
7191
7684
7824
7605
7249
7180
7782
8842
9786
10319
10658
10919
10788
10003
8829
7748
6817
5994
5390
5173
5269
5250
4815
3952
2796
1374
-429
-2579
-4831
-6648
-7997
-9983
-13639
-18659
-23566
-27149
-29104
-29455
-28465
-26624
-23971
-20246
-15674
-11028
-7275
-4978
-4017
-3792
-3548
-3187
-3207
-3730
-4302
-4385
-3876
-3116
-2667
-2940
-3762
-4565
-4899
-4683
-4106
-3369
-2457
-1148
660
2733
4585
5752
6055
5743
5297
4955
4579
3994
3370
2977
2913
3007
2985
2706
2177
1658
1381
1269
1067
610
222
389
1242
2460
3413
3808
3820
3848
4125
4494
4660
4656
4741
4973
5320
5728
6044
6025
5625
5165
5020
5160
5339
5503
5844
6620
7690
8638
9127
8967
8310
7620
7443
8044
9262
10671
11832
12525
12746
12568
11878
10503
8632
6738
5297
4452
4079
4031
3991
3758
3283
2428
1106
-837
-3426
-6344
-9196
-11388
-13002
-15228
-18605
-22386
-25467
-27439
-28585
-28805
-27952
-26324
-23868
-20415
-16402
-12586
-9596
-7568
-6221
-5175
-4378
-4155
-4534
-5094
-5444
-5471
-5048
-4381
-3991
-4042
-4240
-4268
-4166
-3941
-3352
-2326
-981
667
2580
4472
5909
6508
6355
5993
5867
5933
5739
5234
4755
4430
4205
4037
3947
3859
3609
3144
2465
1632
864
403
464
1137
2170
3273
4183
4735
4959
5012
5148
5372
5500
5501
5645
6020
6404
6632
6798
6946
6948
6944
7206
7715
8252
8678
9081
9577
10086
10487
10675
10455
9925
9634
9948
10803
11788
12502
12825
12723
12228
11442
10354
9003
7532
6078
4895
4173
3730
3112
2014
581
-773
-2118
-3734
-5646
-7712
-9827
-11888
-13386
-14320
-15664
-18189
-21281
-23537
-24624
-25179
-25453
-25221
-24303
-22508
-19660
-16226
-13220
-11379
-10378
-9455
-8439
-7535
-7012
-6871
-6846
-6565
-5782
-4730
-3836
-3494
-3677
-3809
-3427
-2699
-2120
-1677
-950
211
1514
2766
4018
5066
5636
5674
5518
5617
5796
5560
5009
4686
4807
5097
5187
4924
4412
3762
3045
2322
1608
1175
1277
1865
2659
3334
3831
4208
4346
4302
4411
4768
5112
5207
5252
5560
6183
6900
7458
7767
7935
8107
8255
8344
8525
8908
9364
9747
10106
10484
10616
10253
9617
9276
9602
10437
11279
11674
11517
11071
10627
10185
9489
8488
7299
5901
4539
3398
2513
1726
777
-231
-1251
-2286
-3508
-5136
-7160
-9346
-11149
-12265
-12803
-13225
-14196
-15868
-17681
-19008
-19832
-20350
-20570
-20508
-19993
-18769
-16888
-14769
-12966
-11661
-10621
-9566
-8524
-7819
-7643
-7679
-7477
-6946
-6234
-5364
-4513
-3976
-3657
-3180
-2425
-1733
-1298
-927
-329
636
1896
3091
3995
4656
5120
5409
5440
5178
4720
4298
4123
4162
4276
4418
4393
3991
3317
2772
2628
2558
2277
2012
2108
2561
3039
3332
3469
3620
3868
4167
4355
4471
4630
4717
4902
5445
6269
6997
7340
7429
7530
7740
8031
8314
8550
8767
9038
9373
9578
9529
9271
8942
8806
9073
9682
10314
10603
10450
10036
9547
8961
8186
7297
6299
5111
3840
2734
1900
1210
495
-338
-1302
-2451
-3725
-5117
-6741
-8373
-9609
-10467
-11199
-11664
-11795
-12148
-13268
-14934
-16313
-16962
-17051
-16923
-16739
-16329
-15471
-14234
-12932
-11709
-10637
-9811
-9227
-8851
-8569
-8238
-7833
-7416
-6942
-6217
-5160
-4042
-3290
-2933
-2574
-2014
-1481
-1060
-570
156
1162
2170
2908
3428
3819
4077
4142
4106
4232
4437
4456
4277
4161
4308
4479
4290
3790
3378
3273
3343
3359
3312
3299
3423
3693
4066
4439
4610
4556
4434
4445
4638
4894
5074
5173
5416
5900
6516
7026
7198
7082
6941
7018
7357
7757
8003
8092
8029
7835
7594
7426
7428
7550
7740
7928
8095
8173
7961
7455
6794
6168
5581
4868
3979
3038
2206
1472
718
-70
-766
-1337
-1909
-2703
-3701
-4700
-5603
-6461
-7297
-7965
-8409
-8755
-9020
-9198
-9574
-10414
-11574
-12580
-13113
-13292
-13361
-13388
-13308
-12955
-12293
-11455
-10598
-9753
-8947
-8299
-7854
-7591
-7418
-7253
-6908
-6256
-5481
-4807
-4260
-3788
-3369
-2972
-2536
-2091
-1709
-1342
-902
-354
249
770
1195
1660
2279
2911
3341
3616
3823
3908
3912
3950
3982
3959
3955
4036
4198
4430
4609
4662
4645
4631
4660
4708
4778
4910
5060
5197
5409
5666
5875
6083
6320
6583
6811
6939
7016
7045
7092
7230
7455
7654
7710
7671
7557
7286
6820
6282
5916
5837
5984
6178
6304
6274
6066
5769
5422
5024
4505
3838
3036
2270
1685
1204
748
210
-378
-892
-1351
-1888
-2676
-3693
-4710
-5532
-6155
-6630
-6973
-7182
-7335
-7566
-7892
-8254
-8583
-8917
-9336
-9810
-10142
-10370
-10598
-10626
-10314
-9761
-9269
-8920
-8560
-8099
-7630
-7265
-7008
-6848
-6672
-6354
-5893
-5322
-4772
-4291
-3874
-3516
-3188
-2877
-2553
-2181
-1725
-1281
-870
-448
-50
328
738
1245
1794
2283
2618
2746
2757
2738
2728
2799
3064
3493
3896
4147
4260
4349
4449
4551
4646
4725
4803
4891
4986
5039
5114
5344
5695
5965
6060
6117
6201
6261
6251
6208
6258
6436
6621
6689
6699
6719
6624
6225
5617
5131
4930
4920
4965
5006
5049
5068
4961
4645
4227
3890
3617
3188
2473
1711
1195
909
654
275
-124
-416
-723
-1243
-1966
-2661
-3221
-3749
-4268
-4685
-4911
-5074
-5343
-5646
-5856
-5921
-6032
-6350
-6824
-7234
-7354
-7300
-7298
-7396
-7484
-7513
-7554
-7637
-7713
-7710
-7590
-7406
-7196
-6870
-6417
-6001
-5725
-5461
-5102
-4738
-4512
-4409
-4287
-4036
-3662
-3274
-2910
-2555
-2133
-1665
-1264
-921
-598
-304
-10
327
700
1050
1288
1473
1740
2143
2630
3014
3257
3477
3754
4050
4212
4251
4304
4452
4655
4845
5036
5254
5466
5582
5571
5538
5629
5820
5983
6039
6048
6089
6078
6016
6027
6200
6408
6396
6109
5680
5264
4943
4681
4442
4326
4409
4546
4531
4325
4038
3724
3374
2970
2562
2217
1878
1425
914
514
309
176
-79
-414
-699
-927
-1232
-1754
-2361
-2884
-3296
-3632
-3957
-4194
-4300
-4389
-4583
-4851
-5068
-5182
-5303
-5562
-5869
-5992
-5958
-5996
-6119
-6157
-6042
-5933
-5916
-5896
-5816
-5754
-5772
-5797
-5698
-5460
-5187
-4989
-4861
-4735
-4595
-4424
-4204
-3914
-3587
-3292
-3046
-2785
-2458
-2065
-1633
-1275
-983
-692
-374
-46
246
501
709
904
1149
1482
1856
2210
2528
2794
3005
3131
3246
3431
3695
4006
4253
4379
4420
4505
4672
4819
4914
5006
5141
5207
5120
5013
5034
5132
5150
5102
5104
5134
5040
4696
4230
3901
3769
3690
3562
3451
3454
3507
3457
3293
3089
2896
2629
2223
1761
1375
1098
838
583
386
273
173
-24
-301
-542
-754
-1058
-1468
-1854
-2122
-2306
-2482
-2681
-2841
-2967
-3083
-3213
-3382
-3548
-3663
-3735
-3805
-3899
-4010
-4133
-4225
-4237
-4199
-4179
-4224
-4275
-4292
-4271
-4222
-4147
-4031
-3918
-3809
-3702
-3560
-3395
-3245
-3091
-2913
-2722
-2610
-2564
-2468
-2244
-1942
-1693
-1512
-1307
-1043
-827
-707
-598
-403
-162
74
310
531
726
862
981
1127
1308
1566
1830
1997
2070
2153
2311
2441
2493
2566
2705
2877
2973
3001
3027
3070
3133
3201
3266
3337
3392
3387
3330
3251
3242
3288
3329
3318
3239
3124
2961
2721
2463
2307
2282
2314
2309
2278
2233
2139
1964
1754
1567
1388
1200
1026
862
675
495
343
212
111
33
-61
-173
-321
-499
-706
-944
-1122
-1211
-1280
-1381
-1478
-1543
-1622
-1761
-1938
-2087
-2162
-2178
-2198
-2265
-2351
-2403
-2422
-2437
-2443
-2404
-2334
-2295
-2325
-2385
-2406
-2376
-2330
-2280
-2183
-2029
-1880
-1827
-1860
-1873
-1799
-1680
-1608
-1592
-1556
-1458
-1347
-1290
-1245
-1128
-944
-766
-658
-583
-468
-348
-278
-227
-146
38
242
360
404
426
497
562
596
659
762
895
992
1045
1115
1206
1299
1378
1426
1476
1547
1592
1576
1494
1447
1490
1561
1630
1670
1705
1748
1739
1667
1579
1526
1494
1443
1348
1260
1242
1271
1274
1219
1176
1182
1166
1073
936
838
784
704
567
409
351
375
341
216
82
32
-1
-113
-269
-366
-378
-409
-529
-686
-769
-750
-772
-856
-923
-919
-890
-959
-1079
-1116
-1047
-992
-1049
-1128
-1102
-1024
-1019
-1107
-1145
-1053
-953
-943
-1003
-1002
-915
-842
-821
-808
-756
-702
-694
-729
-732
-641
-536
-521
-578
-584
-494
-382
-311
-267
-187
-76
-18
-35
-46
19
115
146
130
159
250
335
354
348
381
455
516
521
527
572
636
657
629
613
638
671
662
640
674
750
780
737
678
672
721
744
722
712
714
690
610
508
466
481
500
478
428
402
377
317
236
191
219
263
257
195
115
58
10
-46
-92
-104
-96
-125
-201
-280
-304
-292
-290
-295
-303
-301
-319
-388
-467
-513
-502
-469
-452
-432
-395
-384
-438
-532
-570
-518
-429
-381
-397
-429
-445
-460
-464
-436
-359
-259
-200
-198
-219
-247
-270
-291
-304
-270
-190
-106
-73
-78
-70
-51
-33
-38
-35
15
71
93
69
66
96
127
148
159
221
303
327
287
236
208
185
167
168
195
221
222
213
192
178
191
215
221
208
201
200
168
135
147
200
257
289
301
289
234
165
117
92
87
102
138
163
131
72
53
74
95
92
64
61
46
4
-51
-97
-90
-69
-67
-85
-101
-90
-102
-137
-159
-145
-97
-66
-74
-106
-150
-176
-181
-184
-157
-99
-52
-61
-120
-150
-117
-68
-51
-46
-52
-66
-107
-165
-211
-221
-194
-165
-135
-102
-73
-61
-73
-77
-57
-26
6
13
-20
-58
-71
-49
-27
-24
0
47
69
47
6
-26
-38
-36
-26
-6
6
15
20
12
29
73
109
112
101
121
136
132
96
70
91
114
105
71
53
60
71
70
75
101
123
112
80
60
62
58
40
32
54
87
111
92
49
17
6
-4
-22
-30
-34
-28
-35
-54
-28
-2
8
19
7
-6
-11
-38
-48
-19
5
28
19
-4
-9
-22
-35
-45
-46
-42
-48
-61
-59
-45
-32
-34
-42
-31
-17
-11
-18
-26
-24
-27
-48
-56
-59
-45
-29
-31
-30
-26
-27
-38
-47
-40
-10
11
8
-3
-4
-13
-24
-31
-46
-52
-49
-51
-55
-58
-39
-23
-11
8
27
51
47
25
8
-1
-8
-6
3
18
43
70
82
69
46
41
45
41
25
18
25
24
3
-8
14
57
94
95
82
77
61
36
4
-3
33
70
76
53
24
9
1
-13
-23
-7
11
8
-29
-60
-42
-9
9
13
28
51
48
32
9
14
37
43
37
11
-4
-1
-5
-33
-61
-54
-29
-23
-40
-49
-28
-14
-35
-59
-68
-59
-54
-63
-71
-61
-38
-22
-22
-33
-30
-8
-14
-44
-60
-48
-23
-33
-50
-44
-14
6
8
16
21
30
30
14
4
11
25
24
-4
-7
11
17
3
-19
-10
12
8
-8
-11
7
33
38
36
35
37
36
15
-10
-20
-7
3
-8
-21
-10
6
-6
-27
-34
-16
4
6
2
5
5
-12
-35
-46
-23
11
15
5
11
16
13
-7
-19
-4
12
23
20
18
16
10
0
-19
-28
-8
19
31
25
15
23
20
-1
-15
9
38
39
18
-8
-11
8
21
23
37
54
44
9
-21
-7
26
37
38
17
2
-24
-43
-25
1
41
42
27
7
0
15
14
-16
-48
-45
-26
-24
-28
-10
10
9
-3
-9
5
25
33
21
3
-13
-22
-20
-18
-10
6
8
4
-17
-16
6
9
22
23
16
19
4
-8
1
15
32
36
21
4
-18
-33
-44
-46
-33
-18
-8
-16
-30
-43
-54
-61
-55
-44
-29
-11
-11
-10
-21
-32
-33
-39
-42
-32
-30
-24
-21
-8
27
33
44
45
26
24
4
-7
1
-8
-9
6
18
24
35
45
62
64
58
64
59
44
25
16
7
-4
-4
0
-9
-19
-13
-1
5
7
26
47
39
16
1
6
12
6
8
11
11
3
-12
-33
-41
-32
-10
5
-8
-14
-8
-21
-30
-23
5
40
42
29
5
-7
-8
-18
-16
-8
4
13
-10
-40
-35
-26
-17
-1
20
47
61
57
37
24
29
34
38
39
33
35
27
2
-5
-8
-3
2
-14
-31
-30
-29
-29
-12
-1
13
17
5
-3
-8
-3
-9
-10
-14
-13
-11
-20
-24
-32
-31
-29
-23
-19
-24
-29
-42
-55
-64
-60
-44
-31
-18
-14
-20
-32
-42
-40
-29
-22
-20
-25
-34
-31
-40
-51
-44
-34
-19
-8
-8
-19
-26
-26
-16
8
21
22
19
17
21
31
33
35
35
22
9
0
3
7
7
3
-3
-12
-13
-8
5
16
19
17
13
9
-7
-16
-25
-21
-10
-7
13
15
-3
-9
-16
-14
-13
2
19
14
9
15
15
9
11
-9
3
-8
-12
24
4
-8
4
-1
-3
13
4
12
27
9
9
18
17
15
31
34
41
51
53
75
73
65
60
63
45
49
39
42
52
36
65
22
41
55
34
54
57
28
68
70
29
139
106
161
140
81
134
57
109
70
71
109
36
80
52
30
44
25
43
32
-4
-32
-8
-28
-36
-28
-40
-44
-107
-85
-66
-77
-64
-77
-70
-72
-98
-89
-71
-76
-83
-101
-97
-94
-107
-104
-100
-90
-80
-92
-91
-89
-101
-107
-122
-127
-121
-130
-116
-109
-118
-114
-119
-120
-123
-108
-95
-83
-83
-88
-71
-62
-60
-70
-69
-33
-18
-8
-3
-3
0
-15
-18
-16
7
19
27
16
9
31
42
62
67
62
66
65
54
53
64
80
84
64
67
77
86
75
49
19
12
31
25
38
58
69
84
61
48
72
75
88
84
71
76
69
61
42
27
24
31
41
38
31
43
28
0
-16
-33
-27
-13
-5
-6
-4
0
-1
-13
-15
5
21
23
21
15
4
14
7
-7
2
3
29
48
45
61
60
67
90
91
84
68
35
34
35
30
41
37
48
44
28
24
17
24
27
15
23
6
5
-1
-29
-30
-28
-16
-27
-37
-35
-41
-30
-35
-36
-20
-10
1
-23
-35
-33
-33
-23
-39
-36
-21
-9
-15
-26
-27
-23
-27
-50
-62
-72
-62
-52
-70
-76
-69
-71
-72
-74
-73
-51
-47
-50
-39
-22
-14
-5
-21
-41
-39
-37
-43
-50
-49
-39
-8
-10
-9
-1
0
14
-3
-9
9
10
14
5
3
17
25
21
9
2
1
2
-12
-24
-26
-20
-26
-49
-61
-61
-48
-26
-2
13
16
10
-7
-10
-5
29
55
53
68
76
77
78
68
44
31
22
20
22
30
41
45
35
23
28
30
41
34
31
28
27
47
46
45
42
24
17
11
-1
-7
-8
-14
-14
-28
-42
-34
-35
-20
-21
-19
-11
-17
-30
-48
-50
-41
-24
-30
-29
-21
-2
24
34
43
40
42
31
11
9
9
15
20
12
5
7
26
42
51
56
51
48
39
11
11
13
17
40
22
25
23
-7
-7
-9
-3
8
-11
-16
-15
-6
17
8
7
-6
-23
-26
-42
-43
-50
-38
-34
-51
-44
-61
-53
-55
-53
-31
-27
-36
-50
-60
-80
-79
-74
-49
-20
-3
2
-11
-11
-27
-32
-19
-19
1
27
37
49
47
41
28
8
-7
-14
-5
13
24
27
32
15
9
8
-1
2
6
25
37
45
50
48
53
40
38
38
33
43
35
20
14
9
16
27
31
30
35
30
21
9
4
6
-3
-22
-37
-41
-45
-38
-27
-20
-8
-6
-3
0
-9
-15
-24
-31
-22
-9
3
12
18
8
20
23
25
16
-7
-12
-18
-4
3
3
2
-13
-6
1
4
16
9
13
-10
-12
-9
-8
9
5
8
-7
-18
-28
-31
-38
-44
-37
-48
-41
-28
-10
17
32
34
36
31
13
-15
-33
-37
-14
0
1
3
4
0
-9
-8
-15
-3
8
14
22
14
15
6
-8
-15
-3
9
8
12
8
17
17
11
10
-7
-7
-13
-16
-14
-21
-22
-14
-14
-17
-13
-17
-2
3
-7
1
21
28
32
39
34
36
28
16
-3
-10
-1
14
28
26
22
25
25
20
13
-6
-8
-2
3
15
16
24
16
3
4
-4
-18
-27
-37
-32
-19
-9
-2
5
13
1
-7
-21
-43
-33
-30
-23
-6
-8
9
15
12
10
10
17
16
14
7
13
22
35
32
8
-4
-11
-5
10
6
3
-1
-17
-25
-36
-46
-46
-45
-41
-35
-36
-39
-38
-47
-43
-37
-28
-13
-6
-3
-5
-12
-24
-36
-48
-56
-36
-29
-16
5
17
39
44
37
30
18
17
21
17
9
7
17
19
22
27
42
56
58
50
24
20
19
12
2
-7
3
14
22
26
21
24
19
7
8
7
14
11
-6
-16
-16
-20
-17
-20
-27
-16
-10
-6
-12
-18
-6
2
10
14
29
31
30
30
18
14
14
18
13
10
0
3
4
-5
-7
-14
2
9
-5
-2
0
7
10
2
7
19
20
10
-3
-4
5
4
6
7
7
19
15
9
5
0
-1
-25
-39
-50
-52
-42
-47
-42
-34
-22
-16
-23
-19
-4
13
21
19
13
16
12
13
7
-6
4
4
0
-3
-6
-12
-22
-32
-35
-21
-8
7
27
24
16
0
-24
-39
-49
-32
-18
-8
-8
-24
-22
-24
-30
-30
-20
9
28
37
31
24
31
27
20
12
5
15
15
-6
-19
-31
-26
-24
-31
-20
-8
14
18
4
-5
-4
-5
-2
-5
-4
13
18
29
29
24
32
27
30
37
41
63
54
37
20
-6
-6
-20
-22
-20
-23
-13
-12
-9
6
20
30
23
6
-5
-8
-4
4
16
21
30
27
15
8
4
6
0
2
3
-6
-8
-14
-21
-9
2
7
3
-10
-17
-29
-32
-29
-20
-18
-17
-10
-10
-2
4
-1
-1
2
-3
-10
-24
-28
-22
-23
-20
-5
5
9
-4
-22
-29
-28
-23
-13
-10
-14
-10
-23
-31
-36
-26
-11
-1
11
11
22
32
31
31
22
13
12
15
25
32
33
31
29
24
14
11
14
24
33
20
4
-3
-7
2
12
12
15
8
2
-8
-13
7
10
5
-9
-30
-33
-36
-40
-39
-27
-13
-10
-15
-20
-20
-16
-24
-24
-7
7
14
6
-14
-13
7
16
15
9
13
27
25
18
25
44
55
57
47
34
37
37
27
18
9
0
-17
-33
-34
-24
-5
1
5
3
8
10
-2
-12
-23
-18
3
16
30
37
29
19
-2
-14
-12
-1
9
6
-1
-15
-21
-19
-15
-1
10
20
17
6
3
-7
-8
-15
-25
-22
-23
-22
-21
-33
-42
-31
-23
-17
-18
-18
-7
-4
-10
-12
-7
1
-2
-7
-9
-8
-3
-6
-14
-3
7
12
9
-1
2
5
-8
-23
-33
-44
-45
-42
-44
-25
-14
-6
0
-13
-18
-26
-30
-36
-38
-34
-27
-24
-31
-26
-19
-2
7
7
17
27
29
25
21
20
33
43
50
50
38
41
47
47
55
65
77
68
54
49
43
54
58
45
34
20
14
0
-6
-1
2
3
-2
-2
-4
-9
-18
-26
-37
-34
-18
-11
-9
-21
-32
-44
-56
-54
-41
-25
-22
-26
-31
-34
-21
-3
8
15
28
41
42
32
22
24
28
32
37
35
34
38
38
25
10
9
9
-1
-12
-16
-6
3
0
-12
-28
-31
-26
-24
-24
-27
-20
-25
-41
-52
-50
-33
-13
6
13
16
19
15
0
-16
-13
-5
-5
0
12
18
27
31
34
39
34
25
10
-7
-15
-17
-9
-1
10
15
11
5
-3
-14
-21
-25
-14
-10
-18
-28
-39
-40
-43
-44
-45
-30
-16
-15
-13
-8
-2
3
-5
-17
-18
-25
-15
-7
3
15
23
25
16
12
10
16
21
24
21
17
12
15
18
19
19
10
7
3
6
20
12
0
-10
-25
-34
-37
-26
-12
2
8
7
9
2
-2
0
-2
9
20
22
25
25
25
19
9
1
-2
4
14
13
8
8
9
13
10
13
14
14
14
1
-8
-9
-9
0
2
5
9
3
-8
-18
-31
-46
-50
-46
-40
-34
-29
-28
-20
-11
-4
-3
-3
-14
-23
-30
-34
-23
-8
6
15
20
27
30
26
22
19
24
32
41
49
54
52
42
27
11
9
5
0
4
3
4
2
-3
-9
-8
2
7
7
4
-4
-3
4
7
15
18
12
6
-2
-12
-11
-13
-9
1
6
7
6
14
17
10
1
-11
-13
-17
-20
-19
-20
-11
0
5
6
0
6
13
15
14
4
-6
-11
-14
-12
-12
-18
-28
-34
-36
-32
-20
-22
-23
-12
-10
-12
-21
-35
-41
-40
-36
-23
-4
2
8
12
11
12
13
13
16
20
19
24
28
24
19
21
20
10
6
14
23
26
19
19
23
14
17
18
20
21
17
18
7
-3
-10
-21
-28
-32
-28
-28
-40
-38
-34
-27
-20
-17
-9
7
14
7
-6
-13
-7
-7
-17
-25
-28
-30
-29
-25
-14
-6
-3
-8
-15
-13
3
24
36
40
43
34
17
2
-7
-6
-8
-9
-7
8
18
10
-5
-21
-29
-19
-16
-14
-6
-14
-26
-39
-55
-52
-37
-23
-5
5
16
29
28
21
19
14
11
13
20
33
47
67
73
57
42
28
27
31
34
47
51
45
31
7
-1
1
1
3
-5
-11
-5
4
18
27
34
39
43
33
20
15
8
4
2
6
11
7
-6
-11
0
15
25
14
-9
-25
-40
-51
-54
-53
-42
-29
-20
-20
-27
-29
-31
-35
-35
-30
-27
-27
-21
-13
-11
-5
0
9
26
37
48
48
36
24
7
-13
-30
-39
-40
-40
-42
-33
-15
-1
-2
-8
-11
-16
-19
-24
-26
-16
-7
6
12
19
30
31
21
7
6
9
15
11
0
-2
-2
-1
5
13
17
20
4
-12
-22
-25
-19
-22
-18
-21
-11
-6
-20
-34
-39
-36
-33
-30
-21
0
18
29
26
13
7
4
3
-4
-6
5
14
19
23
27
34
32
18
6
-5
0
14
11
7
2
-8
-20
-36
-45
-40
-27
-8
0
6
5
-3
-10
-23
-26
-26
-24
-19
-14
-6
5
18
24
19
14
14
21
22
9
5
2
0
-3
-7
3
15
24
26
18
21
27
26
15
3
1
8
14
12
17
26
26
15
6
5
10
15
11
-4
-7
-3
-10
-19
-23
-20
-7
-4
-5
-3
6
16
19
25
38
44
35
24
16
10
8
-3
-11
-9
-5
8
9
8
10
7
5
-3
-6
4
12
13
14
4
7
7
-3
6
5
2
2
-5
-13
-22
-27
-24
-17
-19
-24
-30
-34
-38
-34
-29
-20
-9
-8
-10
-13
-3
4
0
5
5
8
10
2
8
5
-3
7
3
5
5
-2
-13
-28
-29
-27
-18
-10
-14
-15
-15
-6
-2
-6
-3
7
16
20
16
5
2
-3
-3
-1
-10
5
8
-1
-3
-15
-14
-14
-26
-23
-24
-28
-19
-20
-15
-9
-2
2
-4
-2
3
3
0
-3
-6
-9
-9
-14
-18
-23
-17
-3
8
19
30
32
30
25
26
31
28
25
25
28
26
24
27
22
23
15
2
-7
-16
-24
-25
-19
-10
-1
4
17
26
28
31
25
16
6
-2
-2
-6
-13
-12
-6
-3
2
7
11
7
-2
-1
-8
-11
-4
-14
-20
-26
-25
-20
-14
0
11
24
35
41
37
27
26
27
31
26
25
27
7
4
1
-12
-7
-6
-8
-10
-21
-4
11
9
16
-3
-12
-9
-22
-14
-15
-12
9
5
1
2
1
4
-2
-2
-2
-9
-18
-30
-34
-26
-6
7
8
21
22
9
2
-10
-8
-7
-19
-24
-37
-38
-20
-11
-4
1
0
4
-6
-22
-17
-9
3
18
12
9
9
-3
5
8
7
25
17
10
3
-5
-7
-13
-24
-41
-42
-29
-11
-1
-3
1
5
-5
-12
-10
2
17
23
19
15
16
16
6
0
2
0
-7
-18
-26
-20
-19
-26
-35
-48
-43
-30
-24
-13
0
13
19
5
2
5
7
8
3
13
29
33
34
25
14
26
29
17
21
18
17
21
15
21
21
11
6
-6
-15
-10
-6
-10
-22
-26
-20
-16
-13
-4
12
28
34
28
21
10
4
3
-12
-14
-9
-12
-11
0
0
5
14
10
5
-6
-14
-10
-7
1
16
18
20
22
16
16
13
16
21
8
9
14
6
-3
-12
-18
-20
-20
-14
-8
-2
7
4
-5
-10
-7
-8
-14
-6
13
21
25
19
8
8
9
7
6
6
19
32
17
1
-9
-17
-17
-26
-29
-16
7
24
30
14
-1
-9
-21
-26
-19
-4
10
10
7
-2
-14
-25
-42
-58
-57
-43
-37
-30
-29
-31
-30
-36
-40
-41
-37
-23
-11
-12
-3
4
10
10
5
6
5
1
6
16
26
35
34
28
22
15
18
20
20
25
20
24
21
12
6
-5
3
8
9
12
1
-2
-7
-13
-9
-6
-1
-1
-5
-7
-6
3
7
7
-2
-5
-3
-4
-1
3
13
21
22
23
16
8
0
-4
-11
-12
-7
-10
-12
-22
-27
-31
-28
-21
-7
5
16
27
27
23
19
11
2
-2
-8
-4
3
10
12
1
-4
0
4
7
10
12
11
13
9
-3
-17
-19
-15
-11
-3
3
11
15
7
7
5
8
16
21
17
12
13
5
-2
-1
8
19
20
16
5
-18
-27
-29
-22
-8
4
9
5
1
3
11
14
23
35
35
20
0
-13
-20
-26
-21
-17
-15
-8
-6
-4
-1
0
1
0
-6
-13
-17
-20
-19
-11
-15
-12
-6
-6
3
6
9
7
-6
-10
-14
-20
-15
-12
-12
-11
-12
-10
-8
-4
-2
8
19
23
27
13
6
6
1
6
0
-6
3
9
26
35
36
38
27
15
10
5
3
0
-12
-14
-12
-14
-12
-11
-17
-22
-24
-34
-38
-32
-24
-19
-22
-13
-15
-18
-16
-19
-12
-4
7
24
23
20
13
3
5
4
13
22
19
14
1
-13
-22
-25
-23
-12
2
9
14
18
18
14
1
0
1
-1
0
-4
0
1
-3
-6
-10
1
6
5
4
6
14
12
2
-4
-5
0
6
0
-8
0
8
11
7
-1
-2
-2
-6
-6
-8
-13
-12
-7
-5
1
9
10
8
3
-1
1
-2
4
10
9
13
20
22
23
28
34
34
23
10
3
-5
-5
-3
-5
-7
-9
-8
-12
-14
-7
-1
-2
-3
4
3
2
-3
-11
-9
-11
-8
-7
-14
-10
2
0
0
9
11
9
0
-12
-16
-19
-18
-11
-11
1
14
11
4
-7
-7
-9
-16
-17
-11
-9
15
23
-7
-1
-6
-16
-2
-10
-9
4
-7
-10
-5
-18
-2
-6
-5
3
2
30
24
35
54
45
35
24
26
17
-8
-14
-19
-16
-5
-3
6
-8
-8
5
-1
12
7
-10
-9
-12
0
5
-12
-13
-14
-13
-8
-6
1
6
16
1
-5
-17
-16
-4
-13
-10
-6
-12
-10
-5
-13
-6
-23
-21
-15
-24
-11
-18
-14
-7
-7
-8
-2
9
18
25
16
23
14
-5
-11
-17
-8
3
17
24
37
35
27
17
3
12
15
15
17
16
20
25
24
31
22
9
10
-4
-6
-10
-16
-17
-29
-26
-20
-19
-16
-19
-27
-21
-21
-20
-13
-16
-2
20
25
33
22
5
14
2
5
9
6
30
16
0
-5
-19
-9
-15
-19
-14
-21
-19
-17
-24
-16
-2
3
3
-6
5
10
5
7
-5
-10
-6
-12
-4
4
7
20
20
15
30
20
10
-5
-17
-3
-6
-4
-5
-9
0
-4
-5
-8
-10
4
5
1
0
-1
-11
-21
-31
-42
-45
-33
-21
-10
1
0
12
8
-4
-3
-15
-1
4
7
27
28
38
29
11
16
20
31
38
32
35
33
24
17
9
10
25
27
25
29
24
28
15
4
8
-6
-3
-8
-22
-16
-16
-16
-16
-31
-30
-20
-24
-20
-16
-9
-3
-8
-13
-23
-30
-25
-19
-15
-9
6
1
-6
6
-1
0
-2
-17
-11
-13
-18
-9
-8
-1
20
20
22
23
14
7
0
1
7
-3
-8
-9
-12
-9
-8
-3
0
-1
5
