-12
-7
-5
-5
-5
-5
-4
-1
2
4
2
1
-3
-4
-4
0
0
0
-1
-3
-4
-2
1
6
12
16
19
23
23
25
24
25
25
27
23
20
13
6
0
-6
-11
-19
-24
-29
-35
-41
-45
-48
-49
-47
-43
-38
-33
-28
-22
-14
-4
8
20
30
38
46
51
57
61
63
63
61
56
49
40
32
22
12
0
-10
-22
-32
-42
-53
-58
-63
-66
-66
-64
-59
-52
-45
-35
-25
-13
-1
10
21
30
38
45
51
57
62
63
62
56
48
41
32
25
17
8
-2
-11
-22
-32
-40
-46
-49
-49
-48
-48
-45
-46
-42
-38
-30
-21
-11
-1
5
12
16
21
28
36
41
41
38
34
30
25
22
17
11
4
-4
-11
-16
-19
-20
-21
-23
-25
-26
-26
-22
-16
-9
-3
0
2
3
5
7
12
12
13
12
9
7
5
2
-1
-1
-1
0
-1
-1
-3
-3
-1
3
6
12
15
19
18
16
17
20
22
22
18
14
8
4
0
-5
-10
-17
-23
-28
-33
-36
-39
-40
-40
-36
-32
-27
-23
-16
-9
-1
9
19
28
36
42
48
52
56
57
58
55
50
42
34
23
12
1
-10
-21
-33
-44
-54
-62
-67
-70
-70
-67
-64
-57
-48
-38
-25
-13
0
14
29
40
50
59
64
66
67
66
62
57
50
40
28
18
5
-6
-16
-26
-38
-47
-56
-62
-65
-64
-61
-54
-49
-42
-35
-27
-17
-7
5
14
22
29
37
43
47
50
50
51
49
44
38
31
23
16
10
5
-4
-10
-18
-23
-26
-27
-28
-28
-28
-28
-25
-23
-20
-17
-10
-5
-1
1
4
7
10
13
16
17
16
15
12
11
8
6
4
3
2
0
0
0
-2
-3
-4
-3
-4
-1
0
-1
1
2
2
3
3
2
1
0
-1
-3
-5
-6
-8
-9
-10
-11
-11
-10
-9
-8
-7
-5
-3
-1
1
4
7
10
13
15
17
18
17
16
16
15
13
11
8
5
2
-2
-4
-7
-10
-13
-16
-19
-21
-22
-21
-20
-18
-16
-14
-11
-9
-6
-2
2
5
9
11
13
15
15
16
17
17
16
14
11
9
6
2
-1
-4
-6
-9
-13
-14
-15
-15
-14
-12
-10
-8
-6
-3
0
2
5
8
10
14
15
17
17
18
17
16
14
11
8
6
2
0
-3
-5
-9
-9
-11
-11
-12
-11
-10
-9
-7
-6
-4
-2
0
3
4
6
8
8
8
10
9
7
6
4
2
0
-1
-3
-6
-9
-10
-10
-9
-9
-10
-11
-11
-10
-7
-5
-4
-1
2
4
6
8
11
12
13
12
11
10
9
7
4
3
1
-1
-2
-3
-7
-10
-11
-12
-11
-10
-11
-11
-9
-7
-4
-1
2
4
7
10
13
14
17
18
15
16
15
14
12
9
7
4
1
-3
-6
-10
-11
-13
-13
-12
-13
-12
-11
-9
-9
-6
-4
-3
0
2
3
4
5
6
7
8
8
9
10
8
7
5
3
0
-1
-2
-4
-5
-6
-6
-6
-7
-6
-5
-4
-1
-1
-3
-1
0
0
3
5
4
2
7
9
5
6
7
6
4
3
2
2
-1
-2
0
-3
-5
-4
-5
-6
-6
-6
-4
-4
-4
0
2
-1
4
2
6
2
7
7
4
6
6
4
5
2
3
2
-3
0
-2
-6
-3
-6
-7
-6
-7
-5
-7
-8
-2
-5
-4
1
-3
1
2
2
5
1
3
6
1
3
5
2
4
1
1
3
-1
1
1
-2
0
-1
-4
0
-2
-2
-1
-1
-1
-1
2
-2
-1
2
0
2
2
3
2
2
4
4
2
3
3
1
4
1
1
3
4
-2
-1
0
13
-21
5
11
-15
0
5
-2
-1
0
-10
26
-27
1
26
-34
24
-7
-11
21
-19
9
0
-3
4
-6
3
2
-2
-4
6
-4
0
0
-4
10
-10
1
8
-6
-1
4
4
-9
7
-5
6
-9
4
6
-11
9
-7
7
-5
0
3
1
-4
2
3
-4
1
-1
3
-6
4
-1
0
-2
1
2
-3
0
1
2
-4
2
3
-4
2
1
-3
1
1
-3
3
-1
0
-1
1
2
0
-2
1
0
-1
0
1
0
-1
0
1
0
-1
2
0
-1
1
0
0
2
-3
1
0
-2
3
-3
0
2
-1
0
1
2
1
-1
0
-1
-3
-2
0
1
-1
0
2
0
-1
0
0
-2
0
-1
0
2
-1
2
0
1
1
1
2
0
3
0
0
3
0
0
2
1
-1
3
0
1
1
-1
1
-1
-2
-2
-3
1
1
0
1
3
-1
1
2
2
3
0
4
-3
0
-1
-1
-1
0
0
0
0
-2
-2
-1
-1
-1
-2
-1
0
-2
-2
-1
-2
-2
-2
-1
-1
-1
0
0
0
1
0
1
2
1
2
2
0
4
-1
4
-2
0
0
-3
0
0
0
3
-1
0
0
-1
1
1
-1
1
2
0
2
1
0
2
-2
3
-1
1
2
1
2
3
0
3
-1
1
0
1
1
2
2
3
3
2
0
1
-1
1
-1
1
-1
0
0
0
0
0
0
0
0
0
1
0
0
-1
0
0
0
-1
-1
0
1
2
0
-1
-1
-1
-2
-1
0
0
0
0
1
1
-1
1
0
1
1
1
1
1
1
1
2
1
1
1
0
1
1
1
1
1
2
0
1
0
2
1
0
2
-1
3
0
3
1
1
1
2
1
1
0
0
1
-1
0
2
-3
2
-2
2
-1
0
0
-1
1
1
-1
1
-1
0
1
-1
-2
0
-1
0
0
1
0
0
0
0
-1
2
-1
0
3
-2
-1
2
-2
1
-1
0
0
0
-1
2
-2
2
-1
-1
1
0
-1
1
-1
-1
0
-1
0
1
-1
0
0
0
2
1
1
1
1
1
1
1
1
0
0
0
0
0
0
-1
0
0
0
0
0
0
0
-1
0
0
0
-1
0
0
-1
-1
0
0
0
0
0
1
1
-1
0
-1
0
0
0
0
0
0
-1
0
1
-1
1
0
-1
0
1
0
2
1
0
1
-1
-1
0
0
1
1
1
1
1
1
-1
0
-1
0
1
1
-1
1
1
-1
1
1
0
1
0
1
0
-1
1
0
0
0
-1
0
0
1
0
0
0
0
0
0
-1
0
0
0
-1
0
0
1
1
-1
0
0
0
0
0
0
0
0
0
-2
2
0
-1
2
0
0
1
0
0
0
0
-2
2
-1
-2
3
-2
1
-1
-1
1
-1
1
-1
-1
1
-3
2
1
-1
2
0
0
0
1
-4
3
0
-8
7
-5
-3
8
-7
6
1
-3
6
-1
3
1
3
1
3
5
0
4
2
-1
2
1
0
3
-3
1
1
-1
2
0
0
0
2
-1
0
3
-3
4
-1
1
3
-1
3
0
0
1
0
0
3
1
4
0
2
0
0
0
0
0
0
-1
0
-1
0
0
-1
1
0
-2
1
0
1
3
2
0
3
-1
1
0
0
1
2
1
3
3
0
0
0
0
0
0
0
0
0
0
0
0
0
0
-1
0
0
1
0
1
0
1
1
0
2
0
2
0
1
1
1
-1
3
0
1
1
-2
0
1
-2
1
1
-1
2
0
-1
1
0
0
1
1
0
0
0
0
0
1
0
0
0
1
1
0
0
0
0
1
0
1
0
1
1
-1
0
-2
-1
1
0
2
-1
0
0
0
1
-1
2
1
0
2
1
0
3
1
1
2
0
0
1
0
0
1
0
1
1
1
0
-1
0
0
0
0
0
0
1
-1
-1
0
0
0
0
0
1
0
-1
0
0
0
0
0
0
0
0
-1
0
0
0
0
1
0
0
0
0
0
-1
1
1
0
0
0
0
1
0
0
0
0
0
0
0
0
0
0
0
0
1
0
0
0
0
0
0
1
0
0
0
0
0
0
0
0
0
0
1
0
-1
0
0
0
0
-1
0
0
0
0
0
0
-1
0
0
-1
0
0
0
-1
1
0
0
0
0
0
0
0
0
0
0
0
0
0
-1
0
-1
0
0
0
0
0
0
0
0
0
1
0
0
0
0
0
0
0
0
0
0
0
1
0
0
0
0
0
0
0
0
0
-1
0
0
1
0
0
0
0
0
0
0
1
0
0
0
0
0
0
-1
0
1
0
0
-1
0
0
1
2
3
2
3
4
3
3
3
2
1
0
0
-2
-4
-4
-4
-6
-6
-6
-4
-2
-1
0
0
1
1
1
0
1
1
1
1
0
0
-1
-1
0
0
1
3
5
6
5
4
1
-1
-1
1
1
1
0
0
0
0
-3
-4
-4
-5
-2
-3
-1
0
0
0
1
1
2
3
3
5
4
4
3
2
0
0
2
3
4
4
3
1
-1
-1
-1
1
2
2
2
0
-1
-4
-4
-4
-3
-1
-1
-2
-4
-5
-5
-3
1
5
8
8
5
1
-3
-4
-3
1
6
12
13
9
2
-5
-8
-6
2
15
28
34
28
8
-18
-40
-49
-42
-25
-6
4
-1
-22
-53
-85
-99
-87
-47
8
59
90
89
66
31
2
-9
7
41
80
103
95
55
-10
-66
-101
-94
-55
7
63
91
77
25
-36
-95
-105
-91
-26
38
92
109
72
4
-81
-138
-153
-114
-47
30
82
92
72
8
-33
-68
-44
12
93
161
189
161
86
-11
-99
-134
-124
-55
18
75
83
38
-37
-116
-158
-158
-100
-19
66
119
118
72
-10
-81
-116
-103
-41
32
100
122
99
33
-48
-105
-123
-84
-11
69
127
134
95
21
-57
-100
-107
-54
14
82
119
98
50
-32
-95
-125
-106
-43
34
99
115
85
10
-67
-128
-136
-96
-23
60
112
121
80
11
-58
-90
-81
-19
58
129
155
130
57
-33
-106
-131
-108
-38
32
88
92
48
-28
-113
-148
-148
-75
11
103
147
132
72
-22
-91
-127
-99
-40
41
90
102
49
-15
-101
-131
-127
-58
32
106
165
131
98
0
-51
-77
-60
15
55
116
80
43
-53
-124
-158
-168
-88
-49
56
56
76
24
-21
-40
-52
7
39
108
100
102
36
-13
-58
-85
-50
-32
36
53
66
34
2
-34
-38
-18
14
65
65
79
34
7
-44
-68
-75
-65
-34
-25
-3
-25
-17
-40
-28
-11
10
62
56
90
42
40
-2
-14
-6
-24
12
-22
0
-38
-42
-56
-63
-34
-27
24
24
58
30
42
15
25
22
19
33
-9
2
-67
-44
-91
-46
-41
-12
34
1
55
-20
17
-26
-1
34
36
101
56
76
8
-6
-42
-46
-32
-22
5
0
7
-24
-28
-51
-33
-15
19
68
64
98
33
37
-42
-44
-78
-81
-59
-74
-20
-46
14
-8
34
27
35
50
30
70
41
84
46
65
18
1
-45
-79
-88
-97
-46
-31
38
23
56
-2
3
-34
-17
25
50
141
109
153
44
0
-99
-163
-144
-160
-41
-37
45
4
-18
-69
-112
-78
-43
79
148
241
219
192
61
-27
-119
-139
-88
-45
64
44
54
-69
-137
-210
-223
-142
-62
113
172
251
172
109
-4
-68
-63
-36
79
119
171
88
-2
-143
-234
-262
-226
-101
1
127
138
126
27
-53
-91
-69
45
145
267
260
220
65
-75
-200
-254
-202
-126
6
58
79
-1
-104
-193
-224
-141
-9
180
299
345
283
122
-23
-162
-169
-115
16
129
167
120
-40
-197
-365
-366
-302
-88
115
262
317
188
54
-153
-202
-181
-13
190
333
398
278
106
-143
-298
-337
-247
-38
148
257
239
60
-136
-343
-411
-334
-152
124
303
405
303
129
-105
-238
-241
-115
114
281
400
316
142
-129
-351
-437
-395
-192
1
201
236
185
9
-163
-246
-213
-18
190
405
462
401
201
-39
-231
-326
-270
-143
16
94
73
-41
-200
-315
-353
-257
-81
130
289
335
273
127
-3
-66
-33
61
159
213
190
82
-73
-214
-283
-260
-165
-47
48
77
45
-27
-100
-114
-88
28
125
215
202
134
35
-75
-98
-119
-29
29
115
129
71
-10
-136
-169
-185
-108
-13
91
147
127
37
-66
-142
-146
-80
11
141
199
241
171
69
-69
-172
-188
-125
14
121
175
127
30
-95
-202
-254
-221
-109
62
189
252
194
53
-98
-212
-219
-148
2
170
279
286
157
-28
-194
-269
-222
-90
94
246
307
243
49
-161
-333
-346
-257
-71
98
219
241
137
-22
-213
-277
-234
-59
143
289
364
290
159
-58
-213
-284
-234
-90
59
159
152
59
-59
-164
-195
-149
-32
145
273
353
287
157
-15
-155
-190
-194
-102
-44
37
56
-3
-101
-243
-281
-263
-141
2
139
254
286
238
119
-17
-84
-99
-30
83
198
294
257
147
-90
-281
-381
-325
-147
18
169
203
161
4
-204
-341
-354
-178
72
297
409
326
149
-106
-270
-316
-204
40
265
414
362
199
-57
-267
-393
-368
-208
13
222
278
199
-26
-203
-301
-225
-73
123
309
378
369
149
-67
-302
-342
-256
-71
134
231
255
100
-76
-300
-358
-299
-80
152
299
336
209
73
-132
-222
-242
-101
117
283
358
223
47
-188
-292
-300
-198
-33
112
235
241
161
-16
-177
-250
-197
-65
67
165
194
164
44
-105
-226
-244
-130
-13
123
126
138
55
-31
-135
-217
-136
-40
145
177
169
92
27
21
-14
53
98
225
235
168
9
-119
-160
-160
-137
-137
-119
-128
-162
-262
-324
-300
-142
66
242
325
306
224
118
29
16
67
187
288
304
213
-4
-221
-399
-433
-341
-179
9
96
117
5
-108
-223
-198
-85
128
309
417
406
252
68
-165
-236
-234
-71
71
154
127
-9
-131
-263
-269
-236
-81
68
177
203
102
17
-66
-21
55
167
231
236
172
55
-51
-135
-128
-108
-43
-38
-43
-105
-178
-230
-262
-185
-99
63
111
139
68
41
25
30
63
101
203
257
276
166
10
-148
-239
-227
-179
-89
-32
31
27
-24
-135
-175
-131
4
165
276
363
326
242
40
-154
-278
-273
-138
-6
86
65
13
-99
-220
-326
-323
-143
132
401
499
432
253
18
-158
-301
-257
-113
123
273
234
62
-215
-389
-499
-419
-237
54
347
497
497
293
59
-150
-239
-173
-20
171
298
260
102
-203
-481
-658
-641
-400
-76
261
447
479
333
121
-96
-164
-107
126
367
530
514
274
-17
-379
-554
-626
-446
-170
111
295
280
165
-44
-224
-320
-290
-104
138
348
424
329
124
-116
-288
-334
-256
-74
139
315
384
296
76
-140
-312
-256
-150
60
167
211
152
-2
-125
-302
-330
-323
-191
-35
91
147
129
97
66
66
68
97
138
171
194
159
93
11
-90
-186
-233
-254
-200
-118
-64
-24
-32
-10
33
90
158
137
133
122
118
164
121
114
58
5
-46
-195
-267
-325
-266
-112
-10
102
88
52
-3
-100
-63
-59
107
201
268
243
120
27
-109
-153
-179
-112
-2
105
153
106
19
-84
-130
-172
-129
-88
27
115
166
146
18
-102
-238
-221
-159
9
119
216
232
185
100
-57
-116
-139
12
135
221
192
53
-64
-233
-294
-350
-266
-145
-8
71
69
82
83
149
164
200
217
250
261
186
75
-53
-103
-131
-163
-253
-328
-389
-357
-293
-178
-43
60
159
180
206
191
199
226
276
357
378
325
154
-56
-254
-382
-428
-398
-299
-188
-83
-75
-91
-158
-141
-78
56
230
374
518
501
398
138
-86
-225
-240
-158
-94
-25
-31
-63
-169
-274
-335
-272
-104
119
307
398
385
258
110
-48
-93
-59
37
114
100
30
-91
-208
-300
-331
-259
-112
56
164
189
137
67
8
14
68
136
172
136
81
-8
-53
-110
-115
-115
-83
-45
-47
-43
-86
-67
-64
-1
34
62
53
1
-23
-56
9
68
150
167
143
111
52
9
-62
-53
-20
80
110
73
-30
-169
-228
-263
-200
-121
-35
56
75
87
33
-4
-19
1
74
170
234
263
185
92
-25
-122
-150
-159
-103
-57
-32
-12
-50
-82
-129
-154
-108
-43
78
134
152
88
7
-46
-72
-50
-36
19
60
110
98
46
-37
-80
-58
12
81
95
62
-4
-59
-99
-105
-87
-48
4
18
9
-48
-72
-75
-13
58
135
184
196
163
79
-14
-74
-76
-27
3
12
-51
-104
-193
-231
-244
-171
-50
80
175
198
191
132
82
16
10
42
117
179
181
121
5
-135
-248
-303
-265
-129
-2
106
80
23
-64
-103
-104
-64
21
142
241
256
165
0
-138
-214
-192
-107
3
99
119
94
3
-50
-74
-43
32
82
151
142
111
34
-51
-76
-103
-79
-85
-72
-68
-72
-61
-48
7
32
46
7
-6
12
78
130
152
119
78
20
-36
-78
-119
-89
-60
8
22
-3
-49
-119
-122
-113
-20
73
158
179
126
55
-21
-40
-59
-22
-17
30
22
17
-32
-95
-118
-123
-38
24
120
151
169
129
51
-30
-113
-118
-99
-6
58
96
66
-29
-133
-235
-234
-142
43
226
304
293
131
-7
-148
-136
-55
88
200
206
130
-51
-232
-365
-379
-256
-64
117
205
165
74
-53
-99
-81
25
168
247
260
132
9
-122
-151
-138
-94
-30
11
56
40
2
-47
-58
-25
21
46
59
63
72
51
9
-39
-59
-50
-26
-17
-20
-31
-33
-26
-33
-28
-17
42
112
145
124
35
-27
-75
-56
-28
10
27
-7
-63
-160
-189
-195
-89
9
123
171
141
85
-24
-58
-68
12
111
178
196
105
6
-111
-151
-148
-100
-42
9
41
47
10
-36
-95
-111
-90
-13
86
181
246
234
160
5
-112
-183
-129
-42
59
109
80
-7
-148
-252
-289
-226
-97
52
173
215
190
99
8
-58
-41
33
145
196
193
91
-22
-140
-208
-209
-189
-105
-55
29
56
61
25
-18
-16
15
80
125
127
95
46
17
1
-22
-60
-94
-109
-90
-74
-61
-68
-74
-56
-20
45
77
106
87
88
65
67
64
78
95
86
53
-28
-95
-159
-155
-134
-60
0
50
31
-52
-146
-207
-147
-27
119
194
189
135
55
10
-49
-59
-49
42
129
182
134
18
-115
-209
-223
-156
-19
114
198
160
51
-100
-202
-217
-168
-26
97
235
236
143
-53
-224
-237
-125
121
282
364
277
132
-29
-158
-195
-175
-68
28
97
62
-49
-206
-337
-358
-285
-90
79
227
259
255
215
177
140
88
74
71
124
130
97
-26
-183
-320
-403
-384
-292
-155
-29
61
92
110
88
87
86
122
195
254
279
212
96
-24
-101
-123
-139
-163
-206
-225
-202
-128
-26
66
118
110
62
0
-20
5
94
176
224
206
96
-35
-205
-272
-254
-92
94
226
219
81
-84
-216
-231
-180
-55
67
180
215
160
23
-122
-214
-199
-100
37
152
197
185
100
13
-94
-146
-162
-102
-6
111
194
177
77
-114
-221
-262
-142
5
150
221
177
87
-48
-118
-133
-95
-34
2
43
58
64
33
-14
-43
-26
27
70
76
46
37
53
95
89
18
-100
-204
-220
-180
-86
-28
24
17
10
-22
-26
-11
25
80
134
208
238
248
171
64
-58
-145
-166
-183
-163
-177
-134
-89
-24
-27
-73
-117
-86
43
189
316
339
301
200
58
-66
-169
-180
-128
-49
-2
-26
-88
-155
-184
-183
-144
-68
32
144
197
224
173
145
89
71
38
22
12
-10
-33
-92
-141
-185
-194
-167
-140
-88
-32
55
135
182
182
133
87
46
26
6
-1
6
28
41
19
-62
-166
-254
-271
-189
-73
84
154
196
135
55
5
-6
71
123
178
166
116
22
-117
-228
-290
-228
-100
49
126
123
40
-32
-80
-49
4
66
109
123
129
86
8
-101
-181
-173
-98
15
80
91
44
-16
-68
-88
-54
15
117
177
184
117
2
-111
-198
-198
-117
34
141
143
20
-130
-192
-146
-1
114
185
168
100
25
-66
-105
-121
-66
8
62
71
0
-78
-140
-112
-32
69
120
104
49
4
0
11
42
28
46
35
66
66
44
-16
-109
-160
-149
-80
1
11
-15
-84
-108
-100
-40
31
97
165
197
210
152
69
-6
-49
-28
5
71
88
39
-60
-178
-229
-241
-212
-162
-105
-9
67
143
164
135
93
38
54
98
196
254
224
100
-83
-213
-265
-250
-207
-158
-96
-41
-38
-85
-163
-172
-99
44
184
256
293
274
258
197
106
27
-57
-64
-79
-64
-58
-63
-76
-148
-242
-306
-275
-118
81
219
228
103
-33
-128
-93
29
196
349
385
312
98
-110
-237
-217
-68
81
191
178
39
-190
-419
-496
-361
-95
142
200
97
-51
-137
-99
-12
132
255
374
403
302
115
-100
-183
-153
-10
118
153
76
-99
-262
-352
-323
-215
-96
-25
3
-2
13
17
12
1
13
97
187
247
211
114
49
47
111
125
42
-100
-214
-198
-125
-59
-82
-154
-182
-158
-92
-65
-58
-17
81
223
290
254
139
19
-16
10
93
148
162
113
26
-73
-153
-221
-246
-236
-169
-69
0
37
-1
-24
-36
7
83
128
155
142
162
172
144
61
-69
-114
-114
-37
-19
-63
-127
-178
-123
-79
-29
-37
-15
53
132
169
118
39
-21
-16
24
48
25
-22
-60
-76
-78
-88
-80
-55
22
111
175
175
71
-59
-176
-175
-57
100
208
148
-23
-221
-316
-256
-108
64
184
248
253
180
45
-99
-152
-71
85
214
213
87
-86
-219
-239
-167
-36
71
97
48
-48
-94
-69
-3
45
39
34
56
99
103
31
-54
-94
-43
39
68
26
-63
-94
-77
-17
9
13
1
13
44
75
66
13
-42
-77
-48
-21
1
-23
-52
-49
-20
41
63
57
-6
-53
-48
20
131
175
150
28
-98
-170
-162
-56
53
138
137
55
-65
-187
-243
-210
-82
99
238
270
166
-3
-144
-183
-101
36
158
187
137
56
-32
-93
-142
-142
-76
28
142
176
123
-19
-159
-232
-210
-120
-31
41
70
101
105
87
18
-56
-67
16
158
237
197
49
-100
-180
-165
-101
-40
-4
20
41
47
5
-79
-153
-156
-64
64
133
91
-35
-128
-102
8
133
155
127
62
40
43
51
54
41
39
40
37
4
-68
-148
-202
-190
-126
-53
-26
-48
-78
-58
15
93
130
128
128
154
190
193
136
39
-52
-106
-107
-86
-54
-35
-39
-72
-124
-164
-175
-131
-82
-15
20
72
123
169
186
146
94
56
63
95
102
61
-16
-101
-153
-182
-180
-155
-102
-29
33
62
56
29
7
1
12
35
63
81
72
28
-33
-76
-78
-41
1
26
36
46
59
56
21
-31
-68
-58
-17
16
12
-29
-71
-89
-70
-28
26
75
98
81
40
11
9
18
13
-12
-32
-26
4
23
6
-38
-64
-46
5
53
71
69
55
31
-7
-45
-64
-53
-25
0
17
26
18
-18
-74
-114
-93
-8
92
137
106
27
-45
-67
-41
15
71
103
97
62
6
-54
-101
-114
-84
-30
18
27
-13
-72
-104
-88
-37
14
40
45
53
74
106
131
130
91
29
-24
-38
-17
7
1
-39
-88
-124
-135
-131
-116
-80
-20
49
93
87
44
10
20
67
113
128
112
87
63
40
3
-44
-83
-99
-94
-78
-67
-64
-63
-65
-70
-72
-54
-12
48
107
137
132
102
64
37
33
50
73
70
27
-50
-121
-151
-131
-88
-56
-42
-38
-38
-41
-47
-32
17
90
138
127
73
19
0
13
28
21
-3
-28
-40
-40
-39
-39
-37
-27
-12
4
16
25
34
44
47
31
-4
-41
-55
-34
8
40
42
17
-16
-35
-33
-12
20
49
67
64
36
-11
-55
-73
-55
-14
26
43
30
-3
-37
-57
-55
-32
2
31
40
30
15
7
9
13
11
8
11
21
28
16
-7
-29
-42
-48
-55
-60
-48
-10
38
68
58
13
-39
-66
-45
14
79
109
80
9
-61
-91
-75
-31
14
48
61
46
4
-51
-83
-68
-9
56
85
67
23
-14
-29
-32
-24
-9
13
31
35
17
-10
-34
-45
-41
-27
-4
19
37
42
30
3
-21
-24
2
38
58
46
6
-33
-48
-36
-18
-13
-22
-31
-30
-15
4
22
34
37
34
27
19
12
7
4
5
8
6
-7
-32
-58
-63
-42
-7
16
14
-2
-7
3
20
27
17
7
10
28
40
35
11
-18
-36
-44
-43
-31
-13
5
14
10
-2
-9
-4
10
28
40
50
49
30
-1
-30
-35
-14
12
18
-4
-35
-53
-51
-37
-18
-2
18
37
37
20
1
2
23
51
62
49
21
-9
-31
-41
-44
-40
-34
-25
-24
-32
-41
-42
-24
6
36
58
60
41
15
4
12
29
35
21
-4
-28
-38
-29
-12
2
6
0
-13
-25
-33
-30
-16
9
29
32
14
-18
-43
-40
-4
44
78
80
48
5
-26
-31
-17
3
16
13
-5
-31
-53
-63
-56
-36
-12
14
28
33
26
13
2
1
11
25
35
36
29
18
2
-14
-31
-40
-35
-13
15
31
24
-5
-38
-55
-43
-7
33
57
56
32
3
-22
-29
-23
-5
18
31
32
14
-15
-39
-45
-32
-2
27
44
42
25
3
-17
-24
-21
-8
5
11
7
-5
-23
-34
-29
-17
0
12
13
10
10
12
13
13
11
9
9
3
-9
-17
-18
-5
11
16
7
-9
-21
-20
-11
1
10
16
16
11
-1
-15
-30
-33
-19
8
35
47
34
3
-29
-44
-34
-8
21
40
41
23
-6
-34
-48
-38
-7
27
48
44
16
-16
-40
-41
-22
8
31
39
31
12
-6
-17
-18
-10
1
10
16
19
15
6
-7
-20
-27
-24
-12
7
22
27
19
0
-18
-26
-21
-2
18
31
28
11
-11
-29
-31
-19
0
16
20
11
-4
-19
-25
-21
-10
3
11
12
11
6
5
6
8
7
1
-2
-2
-1
4
3
-4
-12
-19
-23
-21
-13
-1
12
20
22
16
8
0
-1
7
18
26
24
16
2
-11
-20
-20
-15
-5
6
13
11
0
-14
-22
-18
-4
14
26
28
20
4
-13
-24
-24
-17
-4
7
9
3
-11
-20
-22
-13
4
21
31
29
17
-2
-13
-16
-12
0
10
14
8
-5
-20
-32
-35
-25
-7
12
24
25
15
3
-4
-1
10
24
31
30
18
2
-14
-23
-25
-20
-9
0
2
-4
-16
-26
-27
-20
-8
5
15
19
20
19
15
10
4
4
8
16
24
24
18
6
-7
-16
-20
-22
-22
-18
-12
-5
-3
-4
-11
-15
-13
-9
1
10
20
29
32
29
19
6
-4
-7
-1
6
11
9
-2
-20
-35
-45
-44
-32
-12
4
16
17
11
2
-6
-7
-1
12
24
32
33
25
11
-5
-17
-24
-22
-13
-2
5
4
-2
-11
-18
-18
-11
2
16
25
30
22
9
-5
-14
-14
-8
0
8
9
9
6
1
-7
-15
-19
-15
-3
8
17
17
11
4
-6
-15
-18
-13
-1
14
25
28
18
2
-10
-18
-11
2
20
32
34
23
5
-15
-29
-31
-22
-9
4
8
3
-8
-18
-21
-18
-7
5
16
20
20
14
6
-2
-8
-10
-9
-4
0
3
3
0
-7
-13
-19
-20
-11
1
12
20
19
12
3
-4
-5
-2
4
11
11
7
-2
-9
-14
-13
-8
-2
5
7
8
8
6
6
5
4
3
3
0
0
0
2
1
1
-2
-6
-9
-9
-3
6
13
15
13
8
2
0
0
1
3
5
4
-1
-8
-16
-22
-22
-21
-14
-8
-3
2
4
6
6
5
6
6
7
8
9
8
5
1
-3
-7
-9
-8
-5
-2
0
1
1
-1
-3
-3
-2
1
5
10
12
9
6
2
-2
-4
-3
-2
1
2
0
-1
-3
-2
-2
0
2
3
3
1
-1
-2
-4
-4
-3
-1
-1
1
-1
-1
1
1
3
5
6
7
8
8
6
6
4
3
2
-2
-4
-9
-9
-11
-9
-7
-3
0
1
1
3
2
3
5
8
7
8
9
6
2
-2
-6
-8
-8
-5
-5
-3
-3
-4
-6
-7
-7
-3
2
6
7
7
4
2
1
-1
0
1
2
3
3
1
-3
-6
-5
-2
4
5
5
3
1
1
2
2
2
0
1
1
1
0
-1
1
0
1
0
2
1
1
1
1
0
2
2
5
3
2
1
-1
-2
-3
-3
-2
-1
-1
0
-1
0
0
0
2
2
5
4
5
4
1
-2
-3
-4
-2
0
1
1
1
-2
-3
-3
-2
0
1
3
3
3
0
0
-1
0
2
3
3
3
1
0
-1
-2
-1
-1
0
1
1
1
1
0
1
0
0
0
1
1
1
2
1
1
1
-1
1
0
1
2
2
2
1
-1
-1
0
1
3
3
4
3
1
-1
-2
-2
-2
-1
-1
1
1
-1
0
0
1
1
1
1
1
1
1
0
0
0
0
-1
0
0
0
0
0
0
0
0
-1
1
0
1
1
-1
2
0
0
2
1
0
2
-1
0
1
-2
-2
-1
-1
2
2
1
1
0
-1
-1
0
0
1
1
1
0
1
-1
0
1
3
4
2
1
0
-1
-1
0
0
1
2
2
1
0
0
-1
1
1
0
-1
-2
-1
-1
0
1
1
1
1
0
0
0
0
0
0
0
-1
-1
-2
-1
0
0
1
2
2
2
1
-1
1
1
1
1
1
1
2
-1
-1
0
0
0
0
0
1
0
-1
0
0
0
0
0
0
0
0
-1
0
0
0
0
1
0
0
0
0
0
-1
1
1
0
0
0
0
1
0
0
0
0
0
0
0
0
0
0
0
0
1
0
0
0
0
0
0
1
0
0
0
0
0
0
0
0
0
0
1
0
-1
0
0
0
0
-1
0
0
0
0
0
0
-1
0
0
-1
0
0
0
-1
1
0
0
0
0
0
0
0
0
0
0
0
0
0
-1
0
-1
0
0
0
0
0
0
0
0
0
1
0
0
0
0
0
0
0
0
0
0
0
1
0
0
0
0
0
0
0
0
0
-1
0
0
1
0
0
0
0
0
0
0
1
0
0
0
0
0
0
-1
0
1
0
0
0
0
0
0
0
0
-1
0
0
0
0
0
0
0
0
1
0
-1
0
1
0
0
-1
0
0
0
0
-1
0
0
0
0
1
0
0
0
0
0
0
0
0
-1
0
0
0
0
0
0
0
0
0
1
0
0
0
0
0
1
0
0
1
0
1
-1
0
0
0
0
0
0
0
0
-1
0
-1
-1
0
0
0
0
0
0
0
0
0
0
-1
0
-1
0
0
0
0
0
0
-1
0
0
0
0
0
0
0
0
0
0
0
0
0
0
0
0
0
1
1
0
-1
0
0
0
0
0
0
0
0
0
0
0
0
0
0
0
0
1
0
0
0
0
0
1
0
0
0
0
0
0
0
-1
-1
0
0
0
0
0
-1
-1
0
0
0
-1
1
0
0
-1
0
0
0
0
0
0
0
0
0
0
0
0
0
0
0
0
1
0
0
-1
0
0
0
0
0
0
1
0
0
-1
-1
0
0
0
0
-1
0
0
0
0
0
1
0
0
1
0
1
0
0
0
0
0
0
-1
0
0
0
0
0
0
1
0
0
0
0
0
0
-1
-1
0
-1
0
0
0
0
0
0
0
0
0
0
0
0
0
0
-1
0
0
0
0
1
0
0
0
0
0
0
0
0
0
0
-1
1
-1
0
0
0
0
0
0
0
0
1
0
1
0
0
0
1
-1
0
0
0
0
0
0
0
0
0
0
-1
0
0
0
0
1
1
0
1
0
0
-1
1
0
0
1
-1
1
0
-1
0
-2
0
0
-1
0
0
0
-1
0
0
1
0
0
-1
1
0
-1
2
-2
4
1
-15
16
1
-27
23
3
-28
23
-2
-17
20
-9
-7
13
-8
-3
6
-1
-4
1
4
-6
1
6
-5
-2
7
-5
-3
7
-1
-8
8
4
-6
5
4
-7
-1
1
-6
2
2
-2
4
2
-1
0
-1
-1
0
1
1
1
-3
0
-1
0
3
-2
1
4
-4
0
3
-3
-1
2
-2
1
1
-2
2
1
-2
3
1
-1
0
-1
-2
1
3
-3
2
3
-5
3
0
-5
2
-2
0
0
1
2
-2
4
1
0
4
0
1
1
-1
2
0
-1
0
0
0
-2
0
2
0
1
4
1
1
1
1
0
0
0
0
1
1
-2
0
3
-3
0
2
-3
2
-1
0
2
-1
0
0
2
-1
-1
1
0
-1
0
1
-1
0
0
-1
0
1
-1
1
1
-2
0
1
0
1
-1
1
1
-3
2
0
-1
1
0
2
-1
0
1
-1
-1
0
-2
1
-1
1
1
0
1
1
2
1
-1
1
2
2
2
0
1
2
1
1
0
2
2
0
2
1
0
2
0
0
2
-1
1
2
-1
1
0
0
2
-1
-1
1
0
0
0
0
3
-1
-1
2
0
-1
1
0
0
-1
2
0
-1
0
1
0
0
-3
0
1
-2
1
1
0
1
1
-1
1
-1
0
0
-1
0
-2
0
0
-2
2
1
0
1
1
0
2
0
0
1
0
0
1
-1
0
0
0
0
-1
0
0
0
0
0
1
0
0
0
0
0
0
0
0
1
1
0
0
0
0
0
0
0
0
0
1
0
-1
0
0
0
0
0
0
0
0
0
0
1
0
1
1
1
0
0
0
0
0
0
0
0
0
0
0
0
-1
0
0
0
-1
0
-1
0
0
0
0
0
0
0
-1
1
0
1
0
0
0
0
1
1
0
-1
0
1
-1
0
0
0
0
0
0
0
0
0
0
0
0
0
1
-1
0
0
0
0
0
0
0
-1
0
-1
0
0
0
0
0
-1
0
1
0
0
0
1
0
0
0
0
0
0
0
0
0
0
0
0
0
0
1
0
1
0
-1
-1
-1
0
0
0
0
0
0
0
-1
0
0
1
-1
0
1
0
0
0
0
0
0
0
-1
0
0
0
0
0
0
0
0
0
0
0
0
0
0
0
0
0
0
0
0
0
0
1
0
1
0
0
0
1
0
0
-1
1
0
-1
0
0
-1
0
0
0
0
-1
0
0
0
0
1
0
0
0
1
0
0
1
-1
0
0
0
0
0
0
-1
0
1
0
0
0
1
-1
0
0
0
-1
0
0
0
-1
0
1
0
-1
0
0
-1
-1
0
0
0
0
-1
-1
-1
0
0
0
0
0
0
0
0
0
1
0
-1
0
1
0
1
0
0
0
-1
0
0
0
0
0
0
-1
1
0
0
0
0
1
0
0
0
-1
0
1
0
0
0
0
0
0
0
0
0
0
-1
1
-1
0
1
0
0
0
0
0
0
0
0
0
0
0
0
0
0
0
1
0
0
0
0
-1
1
0
0
0
0
0
0
0
0
0
0
0
0
-1
0
0
0
-1
0
0
1
1
0
0
0
0
-1
0
1
0
-1
0
0
0
0
-1
0
0
0
0
0
-1
-1
0
0
0
0
1
0
0
0
0
-1
0
0
0
0
0
0
0
0
1
0
-1
0
0
-1
0
0
0
0
0
0
0
0
0
0
0
1
0
0
0
0
-1
-1
0
-1
0
0
0
-1
0
0
0
0
1
1
-1
0
0
-1
-1
0
0
-1
0
0
-1
0
0
-1
1
-1
0
0
-1
0
0
0
0
0
0
0
1
0
0
-1
1
1
0
0
0
0
0
0
0
0
0
1
0
0
0
0
0
0
-1
0
0
-1
0
0
1
0
0
1
0
0
0
1
0
0
0
0
0
0
1
-1
0
0
0
1
0
-1
0
0
0
0
0
-1
0
0
0
0
1
0
0
1
0
0
0
1
0
0
0
0
0
1
0
0
0
0
0
0
0
1
0
0
0
0
-1
0
0
-1
-1
0
-1
0
0
0
1
1
0
0
0
-1
1
0
0
0
0
1
0
1
0
0
1
1
0
0
0
0
0
-1
0
0
0
-1
0
0
1
0
0
0
0
1
0
1
0
0
0
0
-1
0
0
0
0
0
-1
0
0
0
1
1
0
0
-1
0
0
1
0
0
-1
1
0
0
0
0
-1
0
0
0
0
0
0
0
0
0
0
0
1
0
0
0
-1
0
1
0
0
1
-1
0
-1
-1
0
0
0
0
0
0
0
0
-1
0
-1
1
0
1
1
0
0
0
0
0
0
0
0
0
0
0
0
0
0
1
0
-1
0
0
0
0
0
0
-1
0
0
-1
0
0
0
0
0
0
0
1
1
0
0
0
0
0
0
0
-1
0
0
0
0
0
0
-1
-1
0
0
0
0
0
1
0
1
-1
0
0
-1
0
0
0
1
0
0
0
0
0
0
0
1
0
1
0
0
0
-1
-1
0
0
0
0
1
0
-1
0
0
0
0
1
0
-1
0
0
0
0
0
1
0
0
0
0
0
0
0
0
0
0
1
0
0
0
0
0
0
0
0
0
0
0
0
0
-1
-1
0
0
0
0
0
0
-1
0
0
-1
0
0
0
0
0
0
0
0
0
0
0
0
0
0
0
0
0
-1
0
0
1
0
0
-1
1
0
0
0
0
0
0
0
0
0
0
-1
1
0
0
-1
0
0
0
1
0
-1
0
0
0
0
0
0
0
1
-1
0
-1
0
-1
-1
0
0
0
1
0
0
0
0
0
1
0
-1
-1
0
0
0
0
0
0
0
-1
0
-1
0
1
0
0
0
0
1
0
0
0
0
0
-1
-1
0
0
0
0
-1
0
1
0
1
0
0
0
0
-1
0
0
0
-1
0
0
0
0
0
0
0
0
-1
0
0
0
1
0
1
0
-1
0
1
0
0
-1
0
0
0
0
0
0
1
0
1
0
0
0
0
0
1
0
1
0
0
0
1
0
0
0
0
0
-1
0
0
0
0
0
0
0
0
0
-1
0
0
0
0
0
0
0
0
0
0
1
0
1
0
0
1
0
0
1
0
0
1
0
0
1
0
0
0
0
0
0
0
0
0
0
0
1
0
0
-1
0
0
-1
0
-1
0
0
1
1
0
0
0
-1
0
0
0
0
0
0
1
0
0
-1
0
0
0
0
-1
0
1
0
0
0
0
0
-1
0
0
0
0
0
0
0
1
0
1
0
-1
-1
-2
0
0
2
2
2
4
2
2
2
1
1
1
0
0
-1
-3
-3
-5
-2
-4
-4
-4
-4
-5
-3
-4
-2
-2
-1
-1
-1
1
1
1
1
2
1
-1
1
1
1
0
0
0
1
2
2
3
5
6
7
7
8
8
8
8
9
8
10
9
8
8
7
5
4
2
1
-1
-4
-6
-8
-11
-13
-13
-14
-15
-14
-15
-15
-15
-14
-14
-12
-11
-11
-11
-11
-9
-9
-7
-8
-8
-8
-8
-8
-6
-5
-3
-1
2
4
7
11
15
21
26
31
36
37
38
37
37
37
36
35
33
30
23
18
13
9
6
4
1
1
-1
-3
-3
-3
-5
-5
-6
-12
-17
-23
-26
-30
-32
-35
-35
-37
-37
-35
-36
-36
-36
-37
-37
-36
-31
-28
-22
-16
-11
-5
0
5
10
14
17
23
28
33
38
39
40
41
43
43
42
40
37
33
31
28
25
22
19
18
15
16
14
12
12
12
10
10
7
4
-2
-7
-13
-20
-28
-35
-42
-47
-55
-59
-65
-68
-69
-68
-66
-61
-56
-46
-37
-25
-13
-3
6
15
24
32
39
43
45
47
45
44
40
37
34
30
27
23
20
16
12
9
8
6
8
11
14
16
19
21
26
29
33
35
37
36
32
28
20
12
3
-10
-22
-37
-52
-65
-79
-91
-101
-107
-110
-111
-106
-98
-87
-69
-49
-27
-5
18
39
58
74
87
95
99
99
93
82
67
50
32
14
-1
-17
-31
-42
-49
-51
-49
-41
-28
-12
7
27
47
68
84
98
108
112
113
106
94
80
59
36
10
-18
-45
-73
-100
-127
-148
-165
-174
-178
-176
-164
-145
-117
-85
-51
-13
23
59
93
122
144
156
162
157
143
122
95
61
25
-13
-49
-83
-110
-129
-142
-144
-134
-118
-91
-60
-25
15
54
90
124
148
166
174
174
165
146
120
87
51
12
-29
-68
-100
-128
-150
-162
-168
-163
-152
-133
-106
-76
-43
-9
24
53
78
98
110
119
119
112
100
85
62
38
12
-15
-41
-61
-78
-91
-99
-100
-97
-86
-73
-54
-35
-11
9
34
55
73
87
98
104
104
99
89
74
56
34
12
-11
-32
-50
-66
-78
-86
-88
-86
-78
-67
-52
-35
-17
2
18
34
48
57
64
67
65
59
50
39
26
13
-1
-13
-26
-36
-44
-49
-51
-49
-44
-38
-30
-20
-10
0
10
18
25
29
32
33
31
27
21
16
8
0
-6
-12
-18
-23
-25
-26
-27
-25
-22
-17
-14
-7
-1
5
10
14
19
23
26
28
29
29
28
26
23
19
14
9
3
-2
-7
-12
-16
-19
-22
-25
-24
-23
-20
-17
-12
-7
-2
2
8
11
14
16
16
14
13
9
4
-1
-8
-14
-19
-25
-30
-32
-33
-32
-29
-24
-20
-14
-7
1
8
17
24
31
35
38
39
38
36
32
26
20
13
6
-1
-8
-12
-16
-19
-20
-19
-19
-16
-12
-7
-1
5
11
16
21
25
29
30
32
30
26
21
15
5
-4
-15
-24
-33
-40
-49
-55
-59
-61
-61
-59
-55
-48
-38
-30
-19
-6
6
18
31
41
51
58
63
67
66
64
60
53
45
35
23
14
4
-5
-12
-18
-24
-27
-29
-29
-28
-26
-23
-20
-16
-12
-9
-5
-1
3
4
5
6
4
3
1
1
-1
-2
-4
-6
-9
-10
-14
-12
-14
-15
-16
-18
-18
-20
-18
-17
-13
-10
-5
-1
3
7
11
17
22
29
34
37
39
40
41
40
39
37
33
28
22
15
7
1
-8
-13
-19
-25
-30
-32
-32
-31
-28
-23
-19
-11
-4
0
4
6
10
15
18
18
14
8
3
0
-5
-8
-12
-16
-19
-20
-19
-17
-13
-5
0
7
13
21
29
39
46
50
53
53
53
50
47
41
37
29
23
15
7
-2
-8
-14
-18
-22
-25
-29
-33
-37
-39
-38
-36
-34
-32
-32
-33
-32
-30
-24
-20
-14
-11
-11
-11
-12
-11
-11
-11
-13
-18
-20
-27
-32
-36
-38
-39
-37
-37
-37
-37
-36
-30
-22
-12
-3
4
8
12
18
26
35
39
41
39
37
36
41
45
44
42
39
37
38
39
39
37
35
31
26
20
19
21
21
16
8
-1
-4
-5
-7
-12
-20
-32
-45
-52
-56
-58
-63
-74
-85
-93
-94
-93
-84
-74
-58
-41
-24
-8
8
32
62
104
145
177
195
207
223
248
282
311
322
310
286
264
253
245
227
184
121
48
-20
-85
-144
-201
-264
-336
-414
-489
-542
-569
-573
-571
-569
-561
-531
-469
-377
-274
-177
-90
-9
77
170
257
321
354
359
352
335
310
264
200
129
58
-6
-65
-118
-155
-170
-162
-137
-102
-60
-8
56
134
215
284
333
363
378
390
393
381
346
286
207
129
66
13
-35
-91
-145
-187
-207
-203
-185
-160
-136
-109
-72
-25
22
62
90
107
122
133
137
127
100
60
18
-18
-49
-82
-121
-162
-200
-231
-256
-269
-268
-257
-244
-231
-221
-207
-184
-146
-96
-43
-8
11
26
43
68
100
129
139
119
85
67
69
72
60
36
9
-15
-31
-29
-21
-18
-20
-14
-2
2
-2
2
17
37
49
58
64
59
44
34
40
53
56
45
24
2
-12
-12
-6
-9
-28
-58
-88
-109
-119
-124
-131
-147
-166
-182
-188
-184
-181
-176
-156
-100
-13
72
116
128
150
226
360
494
556
533
479
465
516
588
620
592
525
439
377
372
380
343
287
244
174
58
-39
-77
-86
-95
-121
-231
-451
-681
-813
-842
-847
-931
-1187
-1568
-1815
-1702
-1302
-907
-714
-699
-678
-514
-175
278
648
837
881
869
863
793
759
862
1039
1152
968
526
88
-177
-206
-111
-45
-118
-426
-764
-875
-748
-430
-84
175
246
110
-11
12
188
460
696
789
699
503
330
253
294
424
543
524
299
-71
-368
-370
-93
196
249
81
-112
-146
30
309
496
511
470
487
522
479
362
246
169
138
91
-51
-304
-577
-755
-778
-709
-674
-719
-837
-899
-844
-718
-564
-484
-410
-309
-245
-207
-215
-192
-113
-57
6
65
74
42
-35
-40
46
101
112
60
5
-22
-67
-59
-29
-10
-33
-120
-162
-155
-126
-96
-104
-83
-58
-46
-11
31
114
185
210
240
257
303
362
403
428
370
266
207
252
332
306
185
104
173
351
479
453
357
328
378
437
488
562
598
561
551
661
858
1003
1028
997
965
949
942
888
783
589
353
309
334
235
33
-302
-708
-1259
-1841
-2274
-2829
-3496
-4346
-5328
-5726
-5277
-4218
-3416
-3321
-2793
-1131
845
1687
1533
2082
3464
4635
5303
5723
5582
4463
3318
3324
3841
3430
2035
488
-922
-2409
-3295
-3170
-3207
-3827
-4324
-4191
-3758
-3333
-2434
-1346
-492
350
1076
1548
1591
1593
2145
2807
3097
3157
3207
2773
1583
790
1213
1864
1552
568
-271
-903
-1448
-1621
-1375
-1204
-1315
-1486
-1589
-1586
-1357
-899
-460
-217
-28
320
592
421
166
502
1136
1235
881
689
591
251
-77
-92
-41
-227
-562
-865
-1136
-1374
-1407
-1203
-1047
-1082
-1101
-1012
-991
-994
-746
-290
30
155
329
596
761
864
1156
1576
1745
1628
1546
1526
1344
1069
934
789
489
154
-183
-580
-1027
-1337
-1396
-1343
-1403
-1522
-1598
-1660
-1772
-1629
-497
833
1047
146
-781
-417
626
1561
2212
2053
1561
923
362
391
643
980
946
504
21
-767
-1355
-1365
-1016
-563
-362
-525
-962
-1339
-1355
-962
-276
387
544
127
-326
-370
56
731
1334
1566
1298
683
77
-64
446
1082
1100
531
-33
-343
-538
-645
-599
-433
-267
-330
-761
-1259
-1301
-765
-77
269
174
-83
-203
-47
434
1082
1470
1315
904
743
900
1053
1070
1110
1175
1002
530
78
-65
19
98
49
-177
-575
-989
-1171
-1052
-807
-637
-615
-755
-996
-1158
-1058
-743
-464
-394
-537
-819
-1106
-1136
-708
20
556
501
-46
-560
-549
22
727
1022
729
214
-73
-56
101
239
232
68
-141
-325
-436
-399
-382
-600
-813
-703
-513
-618
-885
-923
-627
-202
76
131
113
113
88
150
463
866
987
746
438
370
573
880
1099
1079
807
523
489
647
711
608
550
665
788
744
592
514
594
795
1037
1222
1186
855
412
182
329
688
961
1023
973
841
623
426
459
776
1022
828
152
-562
-797
-515
-182
-163
-679
-1614
-2429
-3115
-3558
-3911
-4533
-5593
-7549
-9098
-8537
-5495
-1031
1663
672
-2772
-4825
-2213
3222
7785
9383
7642
4280
1948
2837
6141
8735
8755
6327
2981
420
-534
-283
144
26
-1105
-3124
-5168
-6236
-6082
-5074
-3370
-1648
-985
-1933
-3821
-4760
-3849
-1372
1778
3658
3169
1006
-1014
-844
1653
4830
6722
5905
3380
1465
1000
1816
2949
3384
2905
1286
-677
-1843
-2032
-1586
-1281
-1364
-1734
-2459
-3316
-3823
-3507
-2447
-1374
-922
-1084
-1417
-1495
-1179
-502
482
1470
1972
1711
1018
620
873
1545
2052
1979
1469
788
182
4
265
636
614
0
-671
-1032
-1005
-555
-250
-329
-377
-407
-458
-401
-233
174
555
658
583
369
227
191
164
255
387
267
-56
-404
-639
-598
-655
-650
-220
-5
-258
-845
-1186
-686
69
766
1073
649
160
-56
130
734
1257
1389
1147
775
532
510
741
1082
1206
977
485
9
-148
2
246
235
-132
-604
-969
-1049
-889
-776
-693
-653
-755
-784
-820
-919
-904
-837
-700
-568
-635
-821
-796
-692
-556
-313
-186
-62
-145
-324
-172
88
316
240
-19
-59
25
238
385
293
1
-230
-164
-100
-160
-552
-1001
-1112
-1113
-753
-235
-119
-559
-1395
-1802
-1241
-290
343
366
-43
-298
-282
80
702
1392
2210
2646
2610
2173
1601
1650
2131
2677
3088
2884
2209
1387
735
910
1599
2013
1807
952
143
-114
201
780
1155
1107
622
180
-10
91
478
751
696
278
-350
-668
-490
-140
153
15
-527
-1031
-1518
-1944
-2084
-2001
-2257
-3315
-5157
-7155
-8488
-8622
-7616
-6667
-5518
-3204
-1384
-2305
-4679
-4221
-170
4067
6419
6870
5685
3750
3099
5186
8620
10371
9098
5834
2779
1646
2349
3567
3551
1556
-1386
-3873
-4803
-4001
-2758
-2160
-2426
-3324
-4293
-5066
-5282
-4592
-3446
-2230
-1314
-1170
-1505
-1823
-1681
-382
2012
4268
4738
3278
1885
2055
3466
5094
5742
4966
3467
2084
1442
1865
2892
3293
2117
-109
-1845
-2126
-1409
-973
-1475
-2546
-3551
-4088
-4030
-3398
-2575
-2271
-2600
-2937
-2756
-1993
-1123
-598
-178
322
681
906
1166
1608
2256
2710
2777
2756
2705
2475
2188
2013
2058
2187
1974
1337
634
91
-134
-20
50
-125
-444
-846
-1117
-1185
-1165
-898
-499
-280
-243
-429
-609
-337
232
730
774
114
-635
-823
-494
3
135
-356
-1135
-1758
-2007
-2083
-2308
-2942
-4179
-5377
-5178
-3382
-1743
-1916
-3262
-4069
-3581
-1796
743
2779
3049
1679
600
1251
3172
5364
6525
5699
3843
2558
2503
3473
4424
4345
3032
998
-575
-829
-163
389
100
-929
-2069
-2798
-2927
-2617
-2216
-1979
-1945
-1996
-2097
-2285
-2411
-2119
-1252
-171
476
385
-85
-222
414
1606
2672
3068
2784
2274
2066
2338
2862
3150
2846
2080
1387
1143
1163
954
357
-318
-690
-724
-697
-876
-1339
-1926
-2280
-2107
-1483
-830
-512
-559
-704
-574
-56
625
1193
1477
1414
1160
844
539
548
1068
1623
1472
642
-201
-864
-1273
-1284
-1432
-2225
-3833
-6275
-8399
-8384
-5539
-1459
290
-1995
-5723
-7246
-5069
-193
4548
6147
3734
-253
-1937
390
5154
9035
9312
6069
2162
560
1956
4730
6392
5270
1866
-1464
-2711
-1772
-27
1056
824
-564
-2485
-4015
-4418
-3856
-3160
-2878
-3001
-3387
-3988
-4683
-4856
-3651
-1270
592
599
-586
-1266
-512
1583
4207
5891
5450
3486
2122
2846
5158
7174
7212
5170
2608
1319
1783
3047
3647
2638
365
-1747
-2509
-2000
-1276
-1367
-2449
-3830
-4608
-4428
-3654
-2936
-2670
-2791
-2940
-2794
-2271
-1506
-737
-154
220
487
735
1066
1627
2395
3074
3399
3385
3192
3039
3187
3636
4041
4041
3392
2155
996
685
1066
1111
165
-1320
-2540
-3380
-4081
-4496
-4742
-5580
-7241
-9173
-10890
-11053
-7656
-2249
-491
-4429
-8612
-7713
-2977
1945
5659
6942
4371
395
163
4787
10088
12042
10141
6327
3228
2730
4786
7470
8177
5412
552
-2830
-2635
-423
902
256
-1625
-3741
-5283
-5733
-5254
-4561
-4307
-4565
-4716
-4276
-3789
-3960
-4093
-2866
-405
1508
1513
462
437
2054
4044
5407
6098
5896
4767
3813
4227
5810
7014
6279
3719
1373
963
1935
2488
1670
-194
-2200
-3518
-3765
-3174
-2593
-3077
-4810
-6504
-6531
-4785
-2871
-2328
-3109
-4007
-4075
-3092
-1249
833
2038
1707
745
861
2472
4339
5273
5306
4986
4513
3941
3605
3834
4302
4172
3086
1611
418
-448
-1212
-1906
-2701
-4020
-6120
-8781
-10783
-9950
-5878
-2368
-3628
-8154
-10511
-8536
-4364
37
3440
3583
-5
-3172
-1457
4229
9149
10125
7559
4065
2428
3747
6837
9344
9148
5741
1335
-633
788
3105
3622
2033
-417
-2564
-3698
-3715
-3290
-3275
-3941
-4899
-5526
-5611
-5653
-6061
-6166
-5042
-3182
-2172
-2559
-3011
-2031
137
2043
2961
3299
3434
3435
3843
5314
7313
8170
7073
5225
4429
5008
5771
5611
4460
2802
1109
-104
-371
9
-172
-1720
-3859
-4992
-4621
-3793
-3620
-4112
-4680
-5034
-5119
-4690
-3625
-2396
-1694
-1655
-1715
-1280
-328
830
2019
3035
3473
3296
3150
3657
4756
5737
5801
4880
3793
3226
3080
3019
2861
2242
803
-1170
-2809
-3547
-3912
-4832
-6400
-8311
-10322
-11058
-8752
-4908
-3942
-6864
-9407
-8233
-4508
-721
2025
2948
1297
-921
41
4363
8398
9246
7451
5520
4626
5085
7173
9090
8647
5759
2068
485
1929
3732
3471
1159
-1343
-2625
-3164
-3250
-3115
-3838
-5398
-6775
-6941
-5650
-4551
-5044
-6245
-6342
-4637
-2386
-1145
-1032
-1116
-442
926
2508
4172
5250
5130
4339
4335
6046
7761
7547
6235
5125
4795
5077
4845
4000
2941
1475
88
-703
-824
-801
-1826
-3538
-4632
-4920
-4688
-4535
-4665
-4587
-4618
-4973
-4894
-3998
-2656
-1659
-1337
-1112
-404
649
1387
1991
3123
4080
4133
3830
3952
4763
5358
5101
4731
4247
3371
2577
1940
1545
1154
64
-1446
-2876
-4037
-4933
-6086
-7450
-8675
-9500
-8860
-6527
-4575
-5465
-8257
-8820
-6018
-2416
560
2199
1535
-634
-1366
1789
6789
9351
8654
6294
4001
3590
5579
8621
10001
7869
3668
413
193
2533
4440
3903
1361
-1708
-3701
-3942
-2783
-1591
-2226
-4583
-6640
-6829
-5393
-4244
-4421
-4925
-4865
-4222
-3310
-2298
-1070
-82
216
471
1408
2897
4013
4098
3986
4717
5689
5752
5141
4844
4840
4595
4148
3616
3036
2284
1128
95
-185
-221
-889
-2256
-3427
-3648
-3374
-3382
-3690
-3952
-4068
-4130
-3936
-3144
-2123
-1652
-1769
-1644
-776
340
1071
1495
1961
2470
2784
2973
3376
3945
4221
3973
3521
3220
2966
2686
2477
2169
1727
1064
-112
-1384
-2113
-2430
-2990
-4326
-6047
-7541
-8798
-8964
-6836
-3682
-2886
-5779
-8920
-8131
-4045
-67
2125
2167
-23
-2550
-1799
2944
7656
8561
6168
3404
2267
3218
5937
8569
8384
5030
1077
-501
1091
3607
4342
2692
-140
-2266
-2730
-1954
-744
-395
-1925
-4245
-5204
-4277
-3032
-2863
-3388
-3653
-3445
-2906
-2106
-1099
-247
-46
-197
246
1442
2464
2740
2818
3239
3681
3728
3633
3830
4158
4052
3417
2762
2406
2097
1566
1010
722
528
-22
-938
-1720
-2050
-2127
-2230
-2360
-2476
-2703
-3050
-3172
-2756
-2033
-1583
-1560
-1491
-1062
-544
-211
156
808
1373
1427
1315
1682
2448
2820
2576
2443
2708
2874
2658
2209
1890
1823
1588
1006
517
248
-225
-1166
-2183
-2671
-3009
-4029
-5288
-6113
-6798
-7061
-5850
-3596
-2731
-4517
-6424
-5689
-3263
-978
930
1827
700
-1255
-946
2339
5451
5938
4601
3022
2051
2385
4182
6074
6035
3723
931
-53
1239
2868
3074
1966
535
-459
-981
-1043
-508
-252
-1190
-2613
-3066
-2161
-1381
-2019
-2915
-2534
-1396
-848
-1145
-1417
-1150
-718
-169
798
1751
1764
827
305
1278
2978
3820
3299
2189
1415
1365
1982
2823
3125
2348
863
-157
121
1196
1669
757
-878
-1931
-1777
-939
-343
-514
-1447
-2625
-3163
-2493
-1104
-357
-989
-2187
-2566
-1724
-587
-63
25
37
38
242
705
1310
1815
1872
1747
1952
2388
2629
2447
2124
2033
2122
2180
1803
846
-98
-592
-734
-1053
-2187
-3957
-5868
-7297
-6801
-4070
-1622
-2475
-6110
-8365
-6883
-3591
-696
1090
816
-1753
-3960
-2465
2007
5288
5150
3072
1405
1129
2348
4751
6608
6035
3450
1030
679
2304
3997
4377
3283
1463
184
-141
185
662
473
-557
-1828
-2445
-1961
-1532
-2047
-2585
-2401
-1891
-1790
-2231
-2599
-2544
-1923
-803
127
441
-33
-860
-498
1350
3029
3325
2362
1184
889
1731
3130
3998
3534
2013
577
428
1596
2707
2598
1351
-205
-1228
-1254
-431
379
174
-1152
-2608
-3058
-2309
-1231
-785
-1186
-1997
-2597
-2461
-1538
-437
96
-102
-572
-606
157
1248
1850
1879
1908
2092
2134
2113
2309
2487
2277
1855
1553
1307
988
520
-188
-1001
-1781
-2769
-4075
-5339
-6013
-5546
-3862
-2471
-3465
-6043
-7007
-5329
-2716
-586
608
286
-1706
-3102
-1213
2512
4443
3814
2452
1726
1630
2421
4440
5917
4922
2441
856
1315
2886
3885
3735
2570
870
-247
-163
608
1002
311
-1098
-2238
-2349
-1661
-1308
-1857
-2656
-2830
-2373
-1966
-1740
-1465
-1316
-1286
-1116
-636
130
602
473
465
1160
2132
2532
2243
1945
2048
2555
3146
3233
2808
2228
1603
1257
1529
2115
2062
766
-813
-1286
-790
-269
-206
-764
-1914
-3012
-3129
-2234
-1288
-1110
-1768
-2650
-2987
-2467
-1406
-537
-333
-631
-937
-678
180
1015
1475
1592
1521
1589
1848
2189
2630
2847
2543
2059
1813
1759
1592
1301
1022
536
-268
-942
-1213
-1544
-2429
-3575
-4410
-4929
-5343
-5263
-4245
-3114
-3413
-5015
-5745
-4277
-1934
-560
-235
-304
-778
-1202
-84
2632
4467
3746
2032
1550
2331
3425
4576
5248
4354
2200
835
1501
3073
3684
2833
1300
-23
-503
70
972
986
-141
-1421
-1919
-1522
-671
-108
-529
-1690
-2353
-1771
-657
-96
-200
-416
-501
-488
-221
404
994
1047
735
701
1112
1482
1494
1377
1368
1368
1254
1055
835
610
413
308
287
218
-41
-426
-667
-637
-542
-625
-844
-1016
-1058
-979
-871
-906
-1145
-1387
-1371
-1029
-501
-65
13
-228
-397
-165
382
900
1128
1012
723
604
852
1228
1341
1089
662
283
137
243
290
-98
-879
-1669
-2210
-2531
-2846
-3323
-3699
-3418
-2522
-2011
-2624
-3633
-3659
-2418
-857
162
422
-36
-791
-780
636
2523
3297
2608
1505
991
1287
2217
3303
3580
2403
642
-29
813
2024
2511
2128
1136
3
-500
24
915
1098
269
-867
-1366
-908
-75
243
-213
-901
-1204
-991
-493
7
270
157
-236
-472
-99
702
1204
1090
815
800
902
920
1016
1300
1468
1258
907
791
848
816
733
732
586
92
-408
-504
-368
-384
-540
-722
-1039
-1385
-1367
-981
-772
-1058
-1507
-1629
-1302
-809
-492
-466
-610
-668
-394
163
623
709
566
510
669
928
1098
1058
780
368
117
166
182
-218
-908
-1537
-2044
-2515
-2942
-3228
-3126
-2484
-1856
-2143
-3217
-3715
-2724
-973
135
130
-423
-821
-611
445
1961
2860
2492
1530
1139
1641
2547
3307
3383
2436
1116
753
1707
2780
2738
1790
893
537
712
1112
1184
552
-560
-1295
-1034
-317
-203
-999
-1972
-2214
-1642
-818
-334
-608
-1420
-1799
-1114
133
913
808
221
-176
128
1136
2178
2454
1826
954
682
1306
2305
2719
2105
1007
362
613
1328
1602
998
-74
-808
-797
-437
-370
-793
-1532
-2242
-2468
-2045
-1447
-1395
-2020
-2654
-2673
-2159
-1553
-1144
-1032
-1168
-1297
-1041
-359
251
447
443
538
762
954
1086
1289
1490
1498
1347
1145
942
765
643
594
453
40
-538
-1063
-1436
-1622
-1635
-1632
-1753
-1900
-1920
-1911
-1985
-1904
-1374
-620
-206
-349
-674
-636
-31
832
1403
1408
1106
991
1280
1781
2211
2410
2332
2024
1729
1750
2070
2310
2187
1820
1446
1121
844
702
652
447
-28
-548
-840
-916
-990
-1121
-1185
-1153
-1142
-1232
-1314
-1231
-975
-632
-324
-134
-76
-134
-118
254
859
1229
1103
716
581
832
1216
1482
1401
983
586
466
590
770
821
623
109
-481
-710
-568
-413
-545
-1064
-1763
-2206
-2104
-1634
-1337
-1553
-2104
-2550
-2513
-1964
-1346
-1207
-1606
-2105
-2265
-1923
-1202
-566
-479
-803
-894
-404
395
991
1089
796
566
798
1430
1984
2031
1567
1047
970
1365
1782
1784
1334
710
268
220
442
525
232
-248
-562
-541
-303
-79
-20
-114
-231
-203
47
379
559
534
511
660
922
1101
1101
994
922
949
1042
1108
1032
765
425
248
319
437
341
29
-283
-435
-464
-465
-475
-515
-611
-718
-751
-705
-679
-698
-654
-501
-367
-343
-349
-259
-84
101
257
359
357
291
290
387
466
453
396
297
83
-160
-216
-118
-185
-538
-936
-1182
-1316
-1367
-1326
-1390
-1746
-2161
-2215
-1878
-1484
-1308
-1386
-1559
-1575
-1275
-800
-416
-211
-110
-29
120
412
773
1062
1246
1363
1409
1393
1423
1580
1792
1879
1752
1543
1432
1406
1375
1361
1354
1191
826
484
339
298
244
171
27
-251
-502
-494
-319
-267
-385
-480
-457
-368
-214
-8
102
26
-66
47
333
610
780
811
675
458
375
555
849
945
697
298
82
146
318
408
339
66
-349
-632
-589
-409
-421
-688
-1027
-1256
-1348
-1426
-1584
-1716
-1759
-1842
-1981
-1984
-1840
-1764
-1753
-1571
-1230
-958
-762
-482
-179
3
182
525
861
970
961
1043
1160
1179
1160
1178
1130
942
720
566
453
338
225
87
-80
-207
-237
-231
-249
-267
-263
-242
-162
26
280
461
499
475
532
734
1007
1207
1245
1155
1052
1040
1129
1244
1270
1143
912
682
531
480
466
366
110
-247
-558
-686
-622
-557
-719
-1060
-1306
-1316
-1196
-1112
-1140
-1259
-1369
-1363
-1223
-1004
-788
-687
-763
-870
-744
-368
-59
-15
-56
18
151
272
437
620
682
626
572
601
701
787
730
551
424
419
425
368
295
219
103
-23
-94
-100
-73
-52
-104
-210
-232
-113
17
73
131
191
147
77
194
456
580
496
411
448
518
550
595
646
598
430
280
259
291
239
84
-98
-243
-333
-382
-443
-580
-790
-962
-993
-935
-936
-1054
-1205
-1279
-1227
-1051
-843
-732
-742
-754
-659
-460
-204
37
154
150
180
353
575
725
813
868
862
829
853
915
909
808
681
578
490
426
380
293
127
-55
-152
-164
-215
-372
-540
-594
-546
-491
-463
-454
-473
-498
-439
-270
-91
-3
1
13
94
235
373
464
523
566
548
500
545
695
766
648
464
358
321
309
305
278
178
15
-157
-288
-349
-343
-355
-448
-566
-612
-605
-613
-618
-563
-482
-444
-416
-339
-237
-159
-58
122
301
346
278
259
386
571
665
609
460
315
248
280
360
383
273
67
-110
-169
-136
-117
-200
-376
-577
-707
-689
-546
-442
-527
-737
-841
-707
-449
-249
-175
-198
-260
-258
-91
211
468
537
458
381
396
527
732
879
831
614
423
401
508
584
522
348
138
-61
-161
-80
51
-38
-352
-593
-599
-523
-501
-504
-531
-640
-729
-633
-412
-275
-279
-295
-221
-66
107
229
252
223
232
327
466
568
564
463
373
383
474
538
490
326
120
-11
2
97
118
-12
-216
-374
-432
-395
-294
-211
-255
-431
-580
-551
-371
-197
-138
-163
-192
-158
-40
152
334
390
309
237
285
416
546
623
584
399
204
182
323
431
363
148
-87
-232
-238
-135
-43
-97
-313
-559
-661
-570
-405
-321
-372
-506
-641
-669
-517
-270
-130
-166
-247
-243
-152
-4
191
349
379
322
305
367
460
538
587
586
521
415
332
321
352
345
256
125
9
-61
-91
-127
-199
-289
-352
-390
-426
-453
-454
-453
-461
-453
-407
-355
-329
-310
-247
-125
8
78
73
75
169
339
477
500
447
396
390
433
501
521
441
309
211
173
156
146
127
38
-136
-285
-299
-212
-163
-218
-332
-420
-425
-342
-215
-127
-133
-201
-216
-105
86
221
237
197
193
265
386
492
524
463
352
276
307
392
398
272
103
-4
-49
-80
-118
-171
-270
-408
-512
-546
-552
-578
-605
-620
-647
-683
-682
-643
-608
-563
-474
-378
-338
-312
-232
-110
1
114
231
290
279
292
397
543
612
574
504
486
512
538
539
519
455
343
220
173
206
207
97
-62
-162
-190
-208
-227
-237
-264
-327
-372
-340
-254
-183
-157
-152
-128
-82
-29
27
107
196
243
233
211
236
311
394
444
444
398
338
307
342
400
396
287
139
54
65
104
83
-25
-171
-281
-319
-287
-234
-233
-314
-416
-435
-354
-259
-228
-251
-264
-236
-178
-109
-51
-25
-24
-9
49
114
137
123
116
125
120
92
63
41
4
-46
-81
-98
-133
-212
-293
-327
-313
-306
-341
-389
-418
-425
-406
-349
-283
-270
-307
-312
-228
-94
-1
27
38
66
118
201
305
384
393
367
379
445
518
546
526
483
452
445
449
427
365
293
230
177
124
62
-11
-77
-120
-152
-200
-259
-303
-320
-310
-279
-243
-230
-249
-260
-222
-132
-47
-10
-12
-16
8
69
138
195
234
252
254
246
236
242
267
288
277
228
164
102
56
40
42
20
-57
-157
-224
-239
-233
-226
-231
-257
-292
-305
-268
-204
-154
-127
-104
-76
-38
14
74
128
160
167
166
185
224
263
277
251
192
134
117
134
131
68
-52
-163
-215
-203
-193
-243
-358
-474
-523
-488
-427
-403
-438
-491
-502
-445
-344
-249
-200
-196
-191
-134
-23
89
159
192
215
243
284
340
400
441
441
418
405
415
429
425
395
345
282
218
169
138
105
50
-21
-93
-152
-189
-197
-195
-210
-247
-275
-273
-242
-191
-131
-93
-98
-120
-94
-2
106
158
142
105
98
146
235
312
317
246
168
147
193
251
253
181
76
-2
-29
-17
-7
-36
-104
-180
-224
-221
-197
-181
-183
-193
-199
-196
-178
-142
-93
-54
-38
-36
-18
26
78
108
111
110
132
167
189
176
140
104
91
101
112
85
6
-89
-141
-139
-121
-139
-209
-301
-367
-376
-335
-297
-306
-359
-406
-398
-333
-248
-189
-172
-182
-176
-122
-14
102
171
174
159
187
273
373
434
439
407
376
378
418
458
449
384
304
249
229
214
180
127
56
-14
-73
-113
-136
-147
-160
-184
-225
-261
-268
-236
-188
-150
-144
-159
-169
-142
-71
14
68
66
35
23
61
139
212
228
181
107
60
75
129
158
119
23
-69
-101
-77
-41
-44
-98
-169
-212
-206
-162
-123
-116
-135
-154
-145
-106
-62
-36
-29
-18
7
38
57
69
90
118
143
157
163
159
145
130
135
144
131
84
25
-17
-39
-59
-87
-132
-184
-239
-278
-294
-296
-303
-323
-342
-346
-330
-309
-279
-239
-191
-148
-116
-81
-31
38
108
163
198
221
247
289
343
388
401
390
375
375
387
390
371
335
294
259
228
199
163
116
64
18
-20
-52
-88
-124
-150
-164
-174
-188
-206
-216
-209
-191
-174
-164
-164
-156
-136
-100
-63
-38
-29
-24
-5
32
71
94
92
79
74
92
118
128
110
71
38
29
38
37
10
-38
-75
-85
-74
-65
-78
-109
-135
-135
-112
-86
-76
-85
-96
-84
-52
-13
14
23
26
42
73
109
134
147
147
140
141
150
157
147
118
79
44
21
-2
-31
-72
-122
-173
-210
-234
-250
-271
-297
-320
-328
-323
-310
-292
-271
-248
-220
-189
-147
-100
-48
2
51
97
142
178
211
251
299
335
348
338
328
330
342
351
340
301
245
195
172
167
151
100
28
-36
-68
-74
-76
-97
-138
-181
-207
-197
-163
-132
-121
-128
-132
-115
-70
-18
26
48
57
63
80
111
147
175
178
160
137
123
119
114
98
66
21
-25
-60
-84
-107
-138
-173
-211
-243
-267
-279
-282
-276
-267
-259
-253
-243
-223
-188
-141
-94
-60
-39
-21
13
61
114
151
165
164
163
175
200
222
224
200
161
128
111
109
103
76
31
-19
-58
-75
-77
-76
-87
-113
-141
-155
-144
-113
-83
-68
-69
-73
-59
-20
30
74
96
103
110
130
164
197
219
218
205
187
181
183
188
183
161
128
90
62
47
37
22
-8
-50
-91
-119
-130
-128
-130
-147
-174
-199
-204
-188
-162
-145
-144
-150
-147
-126
-89
-47
-21
-10
-6
2
25
56
82
90
86
74
68
69
72
69
58
36
12
-10
-27
-41
-56
-73
-93
-115
-136
-151
-160
-155
-150
-148
-154
-158
-149
-125
-91
-57
-35
-26
-16
12
58
106
137
146
150
161
185
216
237
237
219
202
196
199
197
179
146
109
84
69
56
34
1
-35
-62
-75
-83
-93
-109
-126
-133
-124
-109
-95
-88
-84
-72
-51
-22
5
22
32
42
60
85
106
116
116
111
112
117
119
112
93
67
45
31
21
5
-21
-53
-83
-101
-109
-117
-132
-152
-173
-184
-183
-178
-174
-173
-171
-164
-151
-130
-109
-88
-71
-53
-34
-14
5
22
40
53
66
75
81
86
89
92
93
90
80
65
54
46
39
29
13
-8
-28
-38
-42
-44
-51
-64
-79
-85
-78
-66
-51
-47
-49
-44
-26
2
31
50
58
65
81
109
139
160
164
161
158
167
180
188
180
158
133
115
108
103
86
56
18
-12
-33
-42
-52
-73
-101
-128
-142
-140
-130
-122
-124
-130
-129
-114
-87
-58
-37
-27
-17
0
28
59
86
100
105
109
119
132
142
141
128
108
90
78
68
54
31
0
-30
-56
-75
-91
-109
-131
-155
-176
-186
-188
-186
-182
-180
-178
-173
-161
-143
-122
-101
-82
-64
-45
-24
-2
20
39
53
62
69
75
84
88
90
83
72
61
54
48
41
28
9
-7
-18
-22
-25
-32
-40
-48
-49
-43
-32
-22
-15
-9
2
21
42
62
75
84
96
110
128
142
148
146
143
141
141
140
133
115
94
74
59
45
29
7
-21
-45
-64
-77
-87
-98
-113
-127
-135
-135
-127
-120
-114
-110
-104
-92
-71
-48
-29
-15
-2
11
28
48
66
78
83
86
91
100
105
105
98
85
70
59
50
40
28
11
-10
-29
-44
-53
-61
-70
-82
-95
-103
-104
-101
-95
-89
-87
-84
-80
-71
-60
-48
-35
-26
-16
-7
2
12
19
23
24
24
23
22
22
20
17
8
1
-7
-14
-18
-22
-27
-32
-38
-43
-43
-39
-34
-30
-27
-23
-17
-7
8
21
31
40
49
59
74
88
98
106
110
113
117
121
123
120
114
106
98
91
82
72
59
42
26
13
1
-11
-24
-38
-52
-64
-72
-78
-83
-89
-92
-95
-96
-94
-89
-83
-77
-70
-62
-53
-43
-31
-22
-14
-5
2
9
17
24
30
38
42
44
44
43
40
39
36
31
24
17
10
5
1
-3
-9
-15
-23
-27
-31
-34
-37
-40
-40
-38
-34
-29
-27
-26
-28
-27
-23
-16
-8
-2
0
0
0
3
6
8
10
8
5
3
2
-2
-2
-8
-11
-14
-14
-10
-11
-12
-15
-17
-16
-12
-9
-3
0
2
5
14
26
33
37
39
46
53
58
62
67
71
73
71
67
67
71
68
60
51
45
40
36
30
24
17
9
-1
-7
-13
-20
-26
-35
-42
-47
-50
-53
-60
-66
-68
-64
-59
-57
-59
-59
-59
-58
-55
-48
-39
-33
-33
-33
-25
-15
-9
-11
-12
-7
1
8
13
16
17
15
13
15
20
23
21
16
8
7
14
21
18
10
4
3
3
2
5
7
5
5
12
20
20
14
14
19
22
24
30
37
34
24
23
30
33
26
19
20
17
7
0
-1
-2
-6
-9
-11
-15
-22
-29
-31
-32
-37
-41
-42
-41
-42
-44
-45
-43
-43
-41
-38
-32
-28
-24
-16
-9
-2
9
18
27
36
45
54
61
68
74
80
82
85
84
83
78
72
65
58
51
42
32
17
-1
-20
-37
-51
-58
-62
-64
-67
-74
-81
-87
-89
-86
-80
-73
-70
-68
-68
-65
-55
-40
-21
-7
2
8
11
7
8
18
38
54
57
49
34
21
22
40
49
34
24
35
47
21
-29
-52
-30
-8
-12
-17
-35
-77
-88
-77
-68
-54
-28
-5
-12
-29
-12
26
42
-41
-147
22
409
553
320
-26
-225
-167
13
169
363
512
336
-139
-464
-322
19
164
160
116
-50
-241
-285
-226
-153
-116
-91
-17
-16
-146
-226
-214
-214
-202
-156
-79
-1
-48
-144
-115
-5
-2
-70
-47
120
355
407
371
383
332
238
176
246
559
871
758
375
96
-71
-189
-165
28
25
-182
-288
-416
-716
-870
-600
-261
-230
-348
-291
-212
-385
-481
-239
14
119
249
285
74
-104
-33
79
75
135
285
213
-58
-127
48
140
87
115
232
300
266
230
206
151
170
233
252
188
83
-2
-123
-221
-244
-201
-112
-84
-180
-321
-363
-306
-233
-139
-8
66
50
40
61
66
99
206
301
304
284
253
156
59
66
124
135
126
105
13
-106
-137
-112
-124
-127
-73
-58
-135
-220
-229
-192
-173
-153
-114
-121
-183
-208
-187
-166
-132
-75
-34
-24
-39
-60
-55
-8
75
160
218
240
214
153
133
180
208
184
163
151
115
61
10
-15
-34
-55
-59
-53
-61
-75
-103
-141
-145
-105
-56
-22
-27
-65
-86
-31
72
126
91
41
20
13
21
61
113
114
38
-27
-11
21
17
3
8
20
7
-29
-55
-57
-54
-60
-48
8
58
36
-42
-96
-86
-48
-5
31
50
53
40
13
0
13
37
60
90
121
135
108
40
-28
-46
-19
22
66
83
40
-47
-137
-189
-152
-32
52
24
-53
-96
-116
-130
-108
-44
12
19
-6
-28
-36
-28
-14
-2
5
19
45
66
58
25
1
14
44
68
77
78
58
24
-9
-26
-18
-2
8
13
12
-14
-62
-94
-84
-42
-2
11
7
-5
-17
-37
-41
-19
18
50
65
59
27
-11
-15
17
56
81
94
84
44
6
-1
21
49
55
41
20
2
-25
-51
-51
-29
-22
-36
-51
-51
-55
-73
-84
-69
-41
-22
-23
-38
-46
-39
-25
-17
-11
8
33
41
29
14
20
42
55
58
61
68
67
47
31
30
36
27
11
8
12
7
-9
-22
-27
-27
-26
-25
-25
-27
-37
-46
-46
-32
-14
-9
-6
0
2
-6
-10
5
26
30
25
28
34
26
9
8
18
26
22
7
-4
0
-2
-17
-26
-16
-4
-10
-29
-40
-36
-29
-26
-27
-22
-19
-24
-28
-23
-18
-12
-5
-5
-7
-2
7
16
16
19
29
32
26
23
30
36
34
31
34
35
35
30
22
18
23
24
13
2
-4
-8
-13
-17
-11
-1
-7
-27
-34
-25
-16
-17
-14
-9
-15
-22
-18
-6
2
0
-2
-1
0
-1
5
14
19
18
7
-2
-4
6
20
26
22
16
7
-6
-16
-15
-12
-11
-12
-17
-28
-35
-31
-26
-24
-18
-6
-3
-12
-19
-11
4
12
18
26
28
20
7
8
28
42
31
8
-3
4
15
18
14
3
-13
-22
-15
-2
-1
-10
-14
-8
0
3
-2
-4
-1
5
6
4
3
1
-4
-6
0
12
28
44
50
43
24
5
-3
8
22
22
9
-1
-9
-23
-37
-46
-49
-46
-35
-26
-26
-32
-35
-34
-29
-18
-2
8
3
-7
-6
-1
0
1
9
14
7
-5
-9
-11
-12
-4
9
17
22
20
11
6
11
14
10
13
25
21
10
16
32
31
9
-7
0
12
19
25
31
22
6
-3
-2
5
18
21
1
-25
-30
-12
3
-3
-28
-55
-69
-74
-81
-73
-41
-12
-15
-41
-57
-49
-21
18
50
68
77
75
70
78
102
123
123
112
90
56
13
-15
-16
-4
-2
-15
-32
-56
-84
-107
-106
-85
-61
-39
-19
-4
8
6
-14
-36
-37
-9
26
43
35
8
-29
-65
-81
-74
-53
-40
-35
-48
-75
-108
-131
-126
-67
39
128
144
109
71
42
37
87
178
241
245
217
169
93
5
-55
-70
-61
-69
-87
-107
-142
-198
-238
-230
-194
-156
-106
-34
33
66
82
107
135
149
160
188
217
222
200
165
127
88
47
7
-33
-68
-92
-114
-132
-149
-179
-214
-220
-185
-138
-96
-66
-57
-70
-74
-49
-15
23
66
109
139
147
137
124
108
86
66
55
50
34
5
-26
-52
-67
-68
-55
-37
-26
-30
-37
-40
-38
-27
-10
6
19
35
42
34
22
15
10
9
20
33
32
15
-7
-23
-33
-34
-26
-9
1
-5
-19
-22
-12
1
22
52
72
71
63
57
52
49
52
59
51
33
12
-10
-35
-58
-75
-87
-92
-94
-93
-93
-90
-86
-83
-74
-62
-47
-28
-5
11
20
28
37
52
70
89
102
107
101
83
61
46
42
41
31
13
-6
-25
-47
-62
-63
-57
-53
-52
-55
-62
-68
-70
-66
-51
-31
-12
1
11
16
20
27
38
49
60
67
69
67
62
55
47
40
35
32
30
22
12
-1
-12
-20
-23
-27
-31
-36
-40
-41
-38
-32
-28
-24
-20
-18
-15
-10
-5
-3
-1
0
1
1
1
2
1
2
4
9
12
13
12
10
11
15
21
27
28
23
13
5
0
0
2
4
0
-9
-20
-29
-37
-41
-41
-38
-33
-27
-25
-22
-21
-18
-11
-1
9
18
22
25
25
26
29
33
37
39
39
38
31
24
12
3
-3
-3
0
3
-1
-10
-23
-34
-38
-32
-21
-9
-5
-5
-11
-18
-21
-16
-6
3
8
7
8
7
5
3
6
16
25
25
17
7
0
-3
-4
2
13
23
22
12
0
-6
-8
-6
-3
1
1
-3
-9
-15
-17
-18
-19
-15
-12
-7
-9
-15
-20
-19
-13
-5
3
8
8
7
2
-1
3
12
18
21
18
14
10
8
7
9
13
16
16
11
6
-1
-5
-8
-10
-14
-17
-16
-20
-25
-29
-26
-18
-11
-9
-5
4
11
13
14
15
17
19
19
19
18
17
14
10
0
-9
-11
-10
-13
-12
-9
-2
-1
-7
-7
-1
0
-1
0
9
14
14
12
12
12
11
9
6
5
3
2
0
-7
-14
-19
-22
-23
-20
-18
-12
-6
-10
-10
-8
-4
1
10
13
11
9
9
5
4
12
12
11
17
16
7
-1
1
1
-6
-6
0
-3
-7
-8
-10
-10
-13
-9
-6
-5
-3
-2
-2
1
6
10
13
13
11
14
12
9
16
19
13
3
-6
-4
-5
-7
-1
5
0
-18
-24
-13
-23
-23
17
17
-16
-7
3
-22
-23
3
19
13
9
8
3
0
-8
-2
14
12
7
15
8
-9
-9
-6
-10
-9
2
6
-5
-13
-12
-18
-22
-11
0
4
6
6
7
8
6
16
19
14
16
20
15
9
9
3
-6
-6
-1
-2
-3
0
-4
-12
-13
-13
-13
-9
-6
-5
-2
1
-1
-2
2
2
4
9
10
11
9
7
7
5
3
-1
-1
1
0
0
-1
-5
-9
-8
-4
-5
-5
-6
-7
-9
-5
1
3
3
2
1
-1
0
6
9
6
5
7
6
3
7
10
6
3
5
2
-3
-3
-3
-8
-10
-6
-5
-7
-4
-3
-9
-11
-8
-5
-3
4
7
3
-2
0
3
3
6
11
12
8
6
8
7
3
4
6
1
-2
2
1
-1
-1
1
-3
-6
-3
-1
1
2
2
-1
-2
-3
-1
-1
-1
-3
-4
-6
-9
-7
-6
-1
-1
-2
-1
-3
-4
-2
4
9
9
5
4
5
3
2
5
11
14
10
6
4
1
1
2
1
1
1
-3
-10
-13
-11
-9
-8
-8
-9
-11
-12
-14
-14
-9
-4
-1
1
1
0
0
3
8
12
15
18
17
15
13
13
13
15
16
15
11
6
-1
-4
-5
-5
-7
-8
-10
-10
-11
-12
-13
-12
-9
-4
0
1
-1
-2
-2
1
3
7
7
6
5
3
2
2
4
5
3
3
-1
-1
-1
0
0
-1
-1
-1
-1
-1
0
1
-1
0
-1
-1
-1
-1
-1
-1
-1
-1
-2
-2
-2
-2
-1
-3
-1
-1
-1
-1
0
0
1
1
2
1
2
2
3
3
3
2
3
4
3
3
3
4
2
2
1
0
0
0
-1
0
-1
-1
-2
-3
-3
-3
0
0
2
1
0
0
0
0
0
1
2
3
3
2
0
1
0
1
-1
0
0
-2
-3
-3
-2
-2
-1
0
-1
0
0
-1
0
0
0
1
1
1
1
0
1
2
2
3
3
3
2
2
1
0
0
1
0
2
1
-1
-2
-1
-1
0
-1
1
-1
-3
-1
0
-1
0
0
0
0
-1
0
1
1
1
2
1
1
1
2
2
2
3
0
0
0
-1
0
0
1
0
1
2
1
0
0
1
-1
0
0
0
-1
-1
0
0
-1
0
1
0
-1
0
1
1
1
1
1
0
0
-1
-1
-1
1
2
2
2
2
1
1
1
1
2
1
0
1
2
0
1
0
-1
-1
-2
-2
-2
-1
-1
-1
-1
-2
0
-1
0
0
1
2
1
1
0
-1
0
2
1
3
3
2
1
0
-1
-1
0
0
0
2
0
0
1
0
0
1
1
0
-1
-1
-2
-1
0
0
1
1
1
1
2
0
1
1
1
0
1
0
0
0
1
1
1
0
0
-1
-1
0
1
1
2
2
2
0
0
0
1
1
0
0
0
0
-1
0
1
0
-1
0
0
0
0
-1
0
0
0
0
0
-1
-1
0
0
0
0
1
0
0
0
0
-1
0
0
0
0
0
0
0
0
1
0
-1
0
0
-1
0
0
0
0
0
0
0
0
0
0
0
1
0
0
0
0
-1
-1
0
-1
0
0
0
-1
0
0
0
0
1
1
-1
0
0
-1
-1
0
0
-1
0
0
-1
0
0
-1
1
-1
0
0
-1
0
0
0
0
0
0
0
1
0
0
-1
1
1
0
0
0
0
0
0
0
0
0
1
0
0
0
0
0
0
-1
0
0
-1
0
0
1
0
0
1
0
0
0
1
0
0
0
0
0
0
1
-1
0
0
0
1
0
-1
0
0
0
0
0
-1
0
0
0
0
1
0
0
1
0
0
0
1
0
0
0
0
0
1
0
0
0
0
0
0
0
1
0
0
0
0
-1
0
0
-1
-1
0
-1
0
0
0
1
1
0
0
0
-1
1
0
0
0
0
1
0
1
0
0
1
1
0
0
0
0
0
-1
0
0
0
-1
0
0
1
0
0
0
0
1
0
1
0
0
0
0
-1
0
0
0
0
0
-1
0
0
0
1
1
0
0
-1
0
0
1
0
0
-1
1
0
0
0
0
-1
0
0
0
0
0
0
0
0
0
0
0
1
0
0
0
-1
0
1
0
0
1
-1
0
-1
-1
0
0
0
0
0
0
0
0
-1
0
-1
1
0
1
1
0
0
0
0
0
0
0
0
0
0
0
0
0
0
1
0
-1
0
0
0
0
0
0
-1
0
0
-1
0
0
0
0
0
0
0
1
1
0
0
0
0
0
0
0
-1
0
0
0
0
0
0
-1
-1
0
0
0
0
0
1
0
1
-1
0
0
-1
0
0
0
1
0
0
0
0
0
0
0
1
0
1
0
0
0
-1
-1
0
0
0
0
1
0
-1
0
0
0
0
1
0
-1
0
0
0
0
0
1
0
0
0
0
0
0
0
0
0
0
1
0
0
0
0
0
0
0
0
0
0
0
0
0
-1
-1
0
0
0
-1
-1
-1
-1
1
2
0
0
0
1
2
2
1
0
0
0
0
0
0
0
0
0
0
0
-1
0
0
1
0
0
-1
1
0
0
0
0
0
0
0
0
0
0
-1
1
0
0
-1
0
0
0
1
0
-1
0
0
0
0
0
0
0
0
-1
0
-1
0
-1
-1
0
0
0
1
-1
0
1
3
3
3
0
-2
-1
1
2
1
0
-2
-3
-4
-5
-4
-3
1
5
8
9
9
9
10
10
11
12
13
11
5
0
-8
-17
-23
-29
-32
-32
-32
-34
-35
-36
-34
-25
-11
8
29
47
59
60
58
51
45
40
37
34
27
15
-5
-26
-49
-67
-76
-78
-68
-57
-45
-32
-24
-18
-8
6
29
53
75
87
87
75
57
33
16
2
-5
-9
-15
-25
-38
-56
-71
-80
-76
-62
-39
-16
3
15
20
23
23
29
39
52
64
69
65
49
26
1
-19
-31
-36
-35
-32
-32
-35
-41
-48
-50
-45
-30
-10
13
30
41
44
40
33
28
25
26
29
28
24
13
-3
-19
-31
-36
-33
-25
-17
-9
-5
-5
-7
-7
-6
0
8
17
23
24
22
16
11
7
8
10
12
13
13
7
3
-4
-9
-11
-9
-5
3
7
10
8
6
3
1
3
5
10
14
13
9
3
-5
-12
-17
-16
-12
-7
-2
0
0
-4
-9
-17
-21
-20
-15
-8
-3
1
0
-3
-8
-10
-7
-2
8
17
21
16
4
-13
-26
-36
-36
-26
-16
-7
-8
-16
-30
-41
-44
-32
-8
22
48
60
55
35
12
-9
-16
-8
11
27
33
23
0
-29
-50
-56
-39
-10
22
42
45
30
6
-16
-25
-13
12
40
60
62
42
12
-20
-40
-38
-19
10
34
41
30
3
-27
-43
-39
-18
13
40
52
43
22
-5
-23
-26
-11
12
32
39
29
7
-17
-29
-25
-5
18
36
40
27
5
-16
-28
-26
-13
4
14
9
-8
-29
-45
-47
-34
-12
7
15
10
-8
-26
-34
-24
-1
30
49
49
27
-10
-43
-61
-57
-33
-5
12
7
-18
-56
-84
-88
-62
-13
39
74
74
48
6
-26
-33
-11
33
75
97
82
33
-32
-88
-110
-94
-43
17
59
66
37
-11
-52
-61
-31
31
98
142
145
102
33
-34
-71
-69
-30
21
58
58
20
-40
-94
-118
-98
-40
29
86
105
85
38
-11
-41
-33
3
52
86
92
61
6
-53
-91
-96
-66
-23
19
34
21
-13
-50
-71
-65
-36
9
49
70
62
32
-7
-34
-40
-24
4
30
39
28
-1
-35
-61
-66
-52
-22
7
26
26
11
-11
-30
-35
-27
-5
19
36
39
29
10
-6
-18
-18
-8
7
19
25
21
8
-6
-20
-29
-30
-24
-13
1
10
13
12
7
0
-6
-4
6
19
35
42
38
21
-1
-20
-30
-25
-10
11
29
35
25
2
-22
-38
-37
-20
10
35
48
44
22
-5
-26
-30
-15
14
43
59
52
27
-11
-42
-55
-46
-18
13
34
37
16
-15
-44
-56
-44
-16
19
43
48
31
0
-31
-49
-44
-21
12
36
42
26
-6
-39
-57
-55
-33
-2
27
39
29
4
-24
-42
-39
-19
13
37
49
40
13
-16
-37
-41
-24
2
26
38
29
6
-20
-39
-39
-21
6
31
41
34
13
-11
-27
-28
-13
12
35
42
37
16
-7
-25
-28
-16
5
25
37
32
13
-9
-27
-33
-23
-4
15
27
28
15
-3
-19
-25
-20
-2
17
27
27
15
-3
-16
-23
-18
-6
11
21
23
14
-1
-17
-24
-21
-10
5
16
20
16
5
-6
-14
-16
-10
-1
8
13
11
5
-1
-8
-9
-5
3
11
14
12
7
0
-7
-10
-11
-8
-5
-1
-1
-1
-4
-7
-10
-10
-8
-2
4
10
15
13
10
6
1
-3
-4
-4
-2
-3
-2
-3
-6
-10
-13
-10
-6
-1
4
7
7
5
4
2
-1
0
1
3
4
6
4
0
-3
-7
-6
-5
-3
0
2
3
2
0
-3
-4
-4
0
5
8
9
7
5
2
-1
-4
-2
-1
3
4
6
4
1
-1
-1
-1
0
1
1
0
1
-1
-2
-1
0
1
3
3
4
4
5
5
5
4
2
1
0
0
-1
0
-2
-3
-6
-8
-10
-10
-8
-6
-3
-1
0
0
-1
-2
-1
1
4
6
8
8
7
3
-1
-3
-7
-8
-7
-5
-3
-1
-1
0
-1
0
1
4
5
6
5
6
4
3
0
-2
-2
-2
-1
0
-2
-2
-1
-3
-4
-2
-1
2
4
4
4
2
0
1
0
1
3
4
4
2
0
0
0
0
1
3
3
2
2
1
0
1
1
1
1
2
2
1
0
0
-1
-2
-1
-1
1
0
2
2
2
2
1
-1
0
-1
0
0
-1
-1
-2
-2
-4
-2
-4
-2
-2
0
0
1
1
0
0
-2
-2
-2
-4
-4
-4
-4
-4
-4
-3
-3
-3
-2
-1
0
1
1
3
3
3
2
2
2
1
1
1
-1
-1
-2
-4
-4
-4
-3
-2
0
0
1
2
3
5
5
6
6
4
3
1
0
0
1
2
1
0
-1
-1
-2
-1
1
1
3
5
6
4
4
3
3
3
4
4
3
1
0
-2
-2
-2
-2
-1
0
0
-1
0
0
-1
-1
1
2
3
3
3
1
1
1
0
0
0
0
0
0
0
-2
0
-1
-1
0
2
1
2
1
0
-1
-2
-2
-1
0
-1
0
1
-1
-2
-2
0
0
1
1
1
-1
0
0
-1
0
2
1
1
0
-1
-2
-1
-1
0
0
1
1
1
1
1
1
1
1
1
1
1
-1
-1
0
-1
-1
1
1
2
0
1
-1
1
-1
1
1
2
2
3
3
0
0
0
-1
0
0
1
1
1
0
0
0
0
0
1
2
3
4
3
2
1
0
0
1
1
1
1
1
-1
-3
0
1
0
1
3
2
2
1
0
0
0
0
0
1
0
0
-1
-2
-3
-2
0
-1
1
1
2
1
0
0
0
0
0
0
1
1
0
-1
-1
-2
-2
-1
-1
-1
0
1
1
1
1
0
2
0
1
0
1
1
0
0
-2
-2
-2
-2
-1
0
0
1
1
1
1
0
0
0
1
1
2
3
2
2
1
0
-1
-1
0
-1
1
1
1
2
0
0
1
2
2
4
2
2
1
0
0
2
1
2
1
0
-1
-2
-1
-1
0
1
2
0
1
0
0
1
0
1
1
1
1
0
0
0
0
0
0
1
0
0
0
0
0
0
0
-1
0
0
0
0
0
0
-1
0
0
-1
0
0
0
-1
0
-1
0
1
1
2
3
1
1
0
-1
-1
0
1
1
2
1
0
0
0
0
0
2
2
3
2
0
0
1
0
0
0
0
0
0
0
-1
-1
0
0
0
1
0
-1
0
0
-1
0
0
0
-1
0
0
1
0
0
0
0
0
0
1
0
0
0
0
1
0
0
0
1
1
0
0
0
0
0
0
1
0
1
0
0
0
1
0
0
0
-1
1
1
0
-1
0
0
0
0
0
0
0
0
0
0
0
1
0
1
0
0
0
0
0
-1
0
1
0
0
-1
0
-1
0
0
-1
0
0
0
0
0
0
0
0
0
0
0
0
0
0
0
0
0
0
0
0
0
0
0
0
0
0
0
0
0
0
0
0
0
-1
0
0
0
0
0
0
0
-1
0
0
0
0
0
0
0
0
0
0
0
0
0
0
0
0
0
0
0
0
0
0
1
-1
0
0
0
0
0
0
0
1
0
0
0
0
0
-1
0
0
0
0
0
0
0
0
0
0
-1
-1
-1
-1
0
-1
0
0
0
0
0
0
-1
-1
0
-1
0
0
0
-1
0
0
0
0
0
0
0
1
0
0
0
0
0
0
0
0
0
0
1
1
0
0
0
0
0
0
0
0
0
0
0
1
0
0
0
0
0
1
1
0
0
0
0
0
-1
0
0
0
0
0
0
1
0
0
1
0
0
0
1
0
0
1
0
1
1
0
0
0
0
0
0
0
0
0
0
1
0
1
1
-1
0
0
0
0
0
0
0
0
0
0
0
1
0
0
1
0
0
0
1
0
0
0
-1
0
0
0
0
0
0
0
0
0
0
1
0
0
0
-1
-1
0
0
0
0
0
0
0
0
0
0
-1
0
1
0
0
0
0
0
0
0
-1
0
1
0
0
0
0
-1
0
-1
-1
0
0
0
0
1
0
0
0
0
0
0
0
0
1
1
0
1
-1
0
0
0
0
0
0
0
0
0
0
0
0
0
0
0
0
0
0
0
0
0
0
0
0
0
0
0
0
-1
1
0
1
0
0
1
0
0
0
0
0
1
-1
0
0
0
0
0
1
0
0
-1
0
0
0
0
1
0
0
1
-1
-1
0
0
0
0
0
0
0
0
0
0
0
-1
0
0
0
1
0
0
0
0
1
0
-1
-1
0
0
0
-1
0
0
0
0
0
-1
0
0
0
0
-1
0
0
0
0
0
0
0
0
0
0
0
0
0
0
-1
0
0
0
0
0
0
0
0
0
1
0
-1
0
0
0
0
0
0
0
0
0
0
0
0
0
0
0
0
0
0
0
-1
0
0
0
0
0
0
0
0
0
0
0
0
0
1
0
0
0
0
0
0
0
1
0
0
0
1
1
0
0
0
-1
1
1
0
0
0
0
0
0
0
1
0
0
0
1
0
0
0
0
0
-1
0
0
0
0
0
0
0
0
0
0
-1
-1
-1
0
0
0
0
-1
0
0
0
0
0
0
0
0
0
1
0
1
0
0
0
0
0
0
1
-1
0
1
-1
0
0
0
0
0
0
0
-1
0
0
0
-1
0
-1
0
0
0
0
0
-1
0
0
0
0
0
0
-1
0
0
0
0
0
0
0
0
-1
-1
0
0
0
0
0
1
0
0
0
0
0
-1
0
0
0
0
0
0
0
0
0
1
0
1
0
0
1
-1
1
0
0
0
-1
-1
0
0
0
-1
0
-1
0
0
0
-1
0
0
0
0
1
0
0
0
0
0
0
1
0
1
0
0
0
0
0
0
1
0
0
0
1
1
0
0
0
0
0
0
0
0
-1
1
0
0
0
0
0
0
0
1
0
0
-1
0
0
0
-1
-1
0
0
1
0
-1
0
0
0
0
0
0
-1
-1
0
0
-1
1
0
1
0
0
0
0
0
0
1
0
0
0
-1
0
0
0
0
0
1
-1
0
0
0
0
0
0
0
0
0
1
0
0
0
0
0
0
-1
0
0
-1
0
0
-1
0
0
0
0
0
0
0
0
1
0
0
-1
1
0
0
-1
-1
0
0
0
1
-1
0
0
0
-1
1
0
0
0
1
-1
0
0
0
0
0
0
0
0
0
0
0
-1
0
0
0
0
0
0
0
0
0
0
1
-1
0
0
-1
1
0
0
0
0
0
0
0
0
0
0
0
0
0
0
-1
0
0
0
0
0
0
0
-1
0
0
0
-1
0
0
-1
-1
0
0
0
0
0
1
1
-1
0
-1
0
0
0
0
0
0
0
0
1
0
0
0
0
-1
1
0
0
1
0
0
0
0
0
1
1
0
0
0
0
0
-1
0
-1
1
0
1
0
0
1
0
0
1
0
0
0
1
-1
-1
1
0
0
0
-1
0
0
1
0
0
0
0
0
0
-1
0
0
0
-1
0
0
1
1
-1
0
0
0
0
0
0
0
0
0
-1
1
0
0
1
0
0
0
0
1
-1
0
0
0
0
-1
1
0
0
-1
0
0
0
0
0
-1
0
-1
1
0
0
1
0
0
0
0
0
0
0
0
-1
0
0
0
1
0
1
0
0
0
0
-1
0
0
1
1
0
0
0
-1
-1
0
0
0
-1
0
0
1
0
1
0
0
1
0
0
1
0
0
0
0
0
0
0
0
0
0
0
-1
1
0
0
0
0
0
0
0
0
0
0
-1
0
-1
0
0
0
0
0
-1
0
0
0
1
0
0
0
0
0
0
0
0
0
-1
1
1
-1
0
0
0
0
0
0
0
0
0
0
0
0
0
-1
0
0
0
0
0
0
0
0
-1
0
0
0
0
-1
0
-1
0
0
0
0
0
-1
0
0
-1
0
0
0
1
0
0
0
0
0
0
1
0
0
0
0
0
1
0
0
0
1
1
0
0
0
0
0
0
0
0
1
1
1
0
0
-1
0
0
0
-1
-1
0
0
0
0
0
0
0
0
0
0
0
0
0
0
0
0
0
0
0
0
0
1
1
1
0
-1
0
0
0
0
0
0
1
-1
-1
0
0
0
0
0
1
0
-1
0
0
0
0
0
0
0
0
-1
0
0
0
0
1
0
0
0
0
0
-1
1
1
0
0
0
0
1
0
0
0
0
0
0
0
0
0
0
0
0
1
0
0
0
0
0
0
1
0
0
0
0
0
0
0
0
0
0
1
0
-1
0
0
0
0
-1
0
0
0
0
0
0
-1
0
0
-1
0
0
0
-1
1
0
0
0
0
0
0
0
0
0
0
0
0
0
-1
0
-1
0
0
0
0
0
0
0
0
0
1
0
0
0
0
0
0
0
0
0
0
0
1
0
0
0
0
0
0
0
0
0
-1
0
0
1
0
0
0
0
0
0
0
1
0
0
0
0
0
0
-1
0
1
0
0
0
0
0
0
0
0
-1
0
0
0
0
0
0
0
0
1
0
-1
0
1
0
0
-1
0
0
0
0
-1
0
0
0
0
1
0
0
0
0
0
0
0
0
-1
0
0
0
0
0
0
0
0
0
1
0
0
0
0
0
1
0
0
1
0
1
-1
0
0
0
0
0
0
0
0
-1
0
-1
-1
0
0
0
0
0
0
0
0
0
0
-1
0
-1
0
0
0
0
0
0
-1
0
0
0
0
0
0
0
0
0
0
0
0
0
0
0
0
0
1
1
0
-1
0
0
0
0
0
0
0
0
0
0
0
0
0
0
0
0
1
0
0
0
0
0
1
0
0
0
0
0
0
0
-1
-1
0
0
0
0
0
-1
-1
0
0
0
-1
1
0
0
-1
0
0
0
0
0
0
0
0
0
0
0
0
0
0
0
0
1
0
0
-1
0
0
0
0
0
0
1
0
0
-1
-1
0
0
0
0
-1
0
0
0
0
0
1
0
0
1
0
1
0
0
0
0
0
0
-1
0
0
0
0
0
0
1
0
0
0
0
0
0
-1
-1
0
-1
0
0
0
0
0
0
0
0
0
0
0
0
0
0
-1
0
0
0
0
1
0
0
0
0
0
0
0
0
0
0
-1
1
-1
0
0
0
0
0
0
0
0
1
0
1
0
0
0
1
-1
0
0
0
0
0
0
0
0
0
0
-1
0
0
0
0
1
1
0
1
0
0
0
0
0
0
0
0
0
0
-1
-1
-1
-1
0
0
0
0
0
-1
0
0
0
0
0
-1
0
-1
0
1
0
0
1
0
0
-1
0
-1
0
0
0
-1
0
1
-1
0
0
0
0
-1
0
1
0
-1
1
1
0
1
-1
0
0
1
0
0
-1
1
0
0
1
0
0
0
0
1
0
0
0
0
1
0
-1
0
-1
0
1
0
1
-1
0
1
0
0
0
0
0
-1
0
0
0
0
0
0
0
0
0
0
-1
0
1
0
1
0
-1
0
0
1
0
0
0
0
0
0
-1
0
-1
0
0
0
0
0
0
0
1
0
1
0
0
0
0
0
-1
0
0
0
0
0
-1
0
0
0
0
0
0
1
0
0
0
0
1
0
0
0
0
0
0
0
0
0
-1
0
1
0
0
0
0
0
0
0
0
0
0
0
0
0
0
0
-1
1
0
0
0
-1
0
0
0
1
0
0
0
-1
0
0
0
0
1
1
0
1
0
0
-1
0
-1
0
0
0
0
0
0
0
0
0
0
0
0
0
1
0
0
0
0
0
0
0
0
0
0
0
0
0
0
0
0
0
0
1
0
0
0
1
0
0
0
0
0
0
0
0
1
1
0
0
1
0
0
0
0
0
1
0
0
-1
1
0
-1
-1
0
0
0
0
0
1
0
1
0
0
0
1
0
-1
0
-1
0
0
-1
0
0
0
-1
0
0
0
0
0
0
0
0
1
-1
0
0
0
0
-1
0
0
0
0
0
1
0
0
0
0
0
0
0
0
1
1
0
0
0
0
0
0
0
0
0
1
0
-1
0
0
0
0
0
0
0
0
0
0
1
0
1
1
1
0
0
0
0
0
0
0
0
0
0
0
0
-1
0
0
0
-1
0
-1
0
0
0
0
0
0
0
-1
1
0
1
0
0
0
0
1
1
0
-1
0
1
-1
0
0
0
0
0
0
0
0
0
0
0
0
0
1
-1
0
0
0
0
0
0
0
-1
0
-1
0
0
0
0
0
-1
0
1
0
0
0
1
0
0
0
0
0
0
0
0
0
0
0
0
0
0
1
0
1
0
-1
-1
-1
0
0
0
0
0
0
0
-1
0
0
1
-1
0
1
0
0
0
0
0
0
0
-1
0
0
0
0
0
0
0
0
0
0
0
0
0
0
0
0
0
0
0
0
0
0
1
0
1
0
0
0
1
0
0
-1
1
0
-1
0
0
-1
0
0
0
0
-1
0
0
0
0
1
0
0
0
1
0
0
1
-1
0
0
0
0
0
0
-1
0
1
0
0
0
1
-1
0
0
0
-1
0
0
0
-1
0
1
0
-1
0
0
-1
-1
0
0
0
0
-1
-1
-1
0
0
0
0
0
0
0
0
0
1
0
-1
0
1
0
1
0
0
0
-1
0
0
0
0
0
0
-1
1
0
0
0
0
1
0
0
0
-1
0
1
0
0
0
0
0
0
0
0
0
0
-1
1
-1
0
1
0
0
0
0
0
0
0
0
0
0
0
0
0
0
0
1
0
0
0
0
-1
1
0
0
0
0
0
0
0
0
0
0
0
0
-1
0
0
0
-1
0
0
1
1
0
0
0
0
-1
0
1
0
-1
0
0
0
0
-1
0
0
0
0
0
-1
-1
0
0
0
0
1
0
0
0
0
-1
0
0
0
0
0
0
0
0
1
0
-1
0
0
-1
0
0
0
0
0
0
0
0
0
0
0
1
0
0
0
0
-1
-1
0
-1
0
0
0
-1
0
0
0
0
1
1
-1
0
0
-1
-1
0
0
-1
0
0
-1
0
0
-1
1
-1
0
0
-1
0
0
0
0
0
0
0
1
0
0
-1
1
1
0
0
0
0
0
0
0
0
0
1
0
0
0
0
0
0
-1
0
0
-1
0
0
1
0
0
1
0
0
0
1
0
0
0
0
0
0
1
-1
0
0
0
1
0
-1
0
0
0
0
0
-1
0
0
0
0
1
0
0
1
0
0
0
1
0
0
0
0
0
1
0
0
0
0
0
0
0
1
0
0
0
0
-1
0
0
-1
-1
0
-1
0
0
0
1
1
0
0
0
-1
1
0
0
0
0
1
0
1
0
0
1