-26
-68
-74
-41
-6
-2
-38
-86
-107
-81
-28
13
14
-21
-54
-50
-4
54
82
64
20
-5
14
63
98
87
39
-6
-12
16
44
35
-7
-58
-80
-71
-51
-51
-79
-118
-141
-138
-116
-99
-101
-115
-118
-105
-78
-55
-43
-32
-11
19
49
68
75
88
116
155
183
191
178
165
167
189
209
208
177
132
100
94
102
100
69
17
-33
-57
-57
-51
-64
-100
-143
-169
-166
-149
-135
-143
-162
-173
-165
-138
-111
-96
-93
-87
-71
-41
-14
5
12
19
34
57
77
84
75
64
62
72
83
75
47
12
-11
-10
5
5
-20
-61
-95
-99
-73
-45
-41
-64
-94
-96
-63
-9
32
38
18
4
24
80
138
164
150
119
108
133
177
203
190
144
97
77
87
104
96
53
-11
-65
-88
-86
-81
-101
-144
-195
-227
-230
-210
-189
-187
-206
-226
-229
-199
-149
-103
-77
-76
-78
-63
-14
48
101
123
120
113
128
169
218
248
241
211
185
182
202
221
213
174
123
85
73
77
73
44
-4
-51
-78
-80
-79
-88
-112
-139
-155
-156
-150
-145
-148
-149
-140
-121
-98
-86
-84
-77
-52
-13
21
35
29
22
32
67
106
122
105
70
48
53
80
100
86
41
-10
-35
-27
-6
-3
-33
-80
-118
-125
-102
-69
-57
-73
-103
-116
-97
-52
-5
18
14
-1
0
32
84
128
141
124
102
100
124
161
183
171
131
89
74
85
100
89
43
-14
-55
-66
-59
-58
-83
-130
-170
-187
-175
-156
-153
-173
-196
-203
-186
-158
-136
-130
-133
-132
-114
-76
-34
-8
4
16
42
78
111
130
139
153
179
202
208
201
189
183
187
193
190
171
139
111
102
105
106
85
48
9
-18
-35
-44
-54
-73
-100
-128
-150
-150
-137
-135
-136
-141
-141
-131
-122
-99
-81
-79
-70
-50
-48
-37
-12
7
23
26
21
35
60
74
85
92
87
76
61
56
65
59
29
-1
-9
3
6
-7
-29
-58
-86
-89
-70
-52
-55
-78
-92
-88
-73
-42
4
27
3
-8
27
91
150
168
140
123
147
175
194
208
192
145
99
74
81
93
67
17
-23
-56
-87
-102
-108
-129
-180
-236
-250
-229
-219
-232
-247
-257
-259
-241
-202
-173
-147
-108
-85
-79
-54
-1
42
65
103
163
192
195
182
152
149
191
219
212
204
201
186
178
195
198
173
154
124
75
51
48
16
-26
-49
-67
-73
-52
-53
-94
-126
-122
-101
-80
-64
-55
-69
-110
-140
-132
-97
-65
-45
-30
-9
-2
-13
-13
3
15
23
38
45
22
-7
-10
12
35
36
15
-8
-18
-42
-59
-48
-48
-79
-96
-78
-62
-58
-45
-51
-57
-23
5
11
26
25
-9
-24
24
99
103
62
84
135
150
140
128
129
116
74
55
84
113
96
38
-16
-23
-17
-34
-43
-27
-46
-105
-140
-147
-139
-122
-120
-102
-75
-94
-127
-120
-93
-88
-93
-58
-5
12
19
32
39
72
98
94
116
166
191
189
153
97
92
131
152
156
171
166
121
65
29
-3
-39
-55
-52
-56
-66
-81
-92
-98
-91
-80
-81
-99
-125
-139
-123
-109
-127
-152
-165
-163
-133
-99
-140
-187
-91
25
0
-124
-279
-322
-136
53
0
-153
-158
42
257
137
-99
-75
-68
-28
185
188
151
-33
-426
-223
-190
-233
1607
2691
180
-1789
-498
1251
1640
490
-1364
-1486
37
598
36
-307
-344
-229
-140
9
938
1927
1637
453
-871
-1563
-917
70
417
118
-577
-79
1613
1407
-548
-922
21
208
114
408
333
-583
-1926
-2756
-2167
-255
1383
1188
-48
-609
-599
-791
-995
-698
-100
-31
-437
-417
70
313
-12
-189
446
1210
1823
2435
1784
-168
-1184
-545
520
1152
1122
678
303
51
-211
-431
-402
128
725
439
-504
-1063
-1216
-1342
-1020
-143
384
201
-99
-378
-794
-897
-349
467
1026
1147
845
177
-547
-716
8
1038
1440
1186
616
-244
-714
-399
-224
-267
238
673
303
-317
-778
-1095
-1012
-424
278
458
-22
-480
-634
-824
-844
-373
256
682
807
530
-85
-522
-260
380
679
625
555
406
54
-277
-350
-201
49
267
308
156
-106
-413
-594
-470
-124
166
225
83
-133
-295
-303
-114
207
473
531
387
151
-68
-166
-84
124
299
308
174
26
-84
-201
-323
-316
-129
66
60
-155
-389
-533
-607
-513
-217
62
135
2
-132
-72
-1
-58
2
244
472
548
355
109
235
437
223
26
349
745
619
154
-77
-14
-36
-151
-99
43
51
-94
-269
-300
-183
-187
-391
-477
-310
-138
-112
-170
-180
-112
-109
-137
-7
206
273
159
25
11
38
-6
-69
-58
58
155
137
117
108
34
-2
8
-78
-150
-27
173
175
-75
-259
-167
-27
11
29
32
58
95
70
74
70
-93
-234
-100
216
370
179
-105
-194
-163
-125
-15
102
81
-10
-63
-113
-113
19
126
96
79
132
147
110
37
-47
-48
61
230
331
187
-69
-148
-87
-57
-25
47
67
-10
-165
-358
-462
-362
-166
-90
-110
-100
-119
-256
-402
-379
-179
59
230
291
220
70
-52
-6
258
481
492
454
376
181
71
137
204
190
191
261
308
233
28
-226
-356
-266
-94
33
35
-187
-472
-524
-372
-218
-106
-10
73
21
-224
-363
-182
48
98
131
249
333
267
53
-154
-141
96
302
316
242
148
-36
-226
-216
11
184
116
54
95
-72
-331
-294
-122
-87
-109
-98
-50
19
2
-173
-271
-98
86
94
89
101
-22
-248
-358
-202
59
165
106
59
96
87
-28
-43
139
279
234
132
101
145
192
143
29
45
226
315
182
14
-62
-116
-151
-117
-105
-157
-137
-42
-107
-338
-409
-241
-82
-91
-200
-212
-112
-90
-140
-125
-21
137
217
157
115
166
234
264
260
263
289
309
293
204
74
34
109
160
89
-11
-40
-70
-172
-272
-278
-186
-85
-98
-228
-322
-283
-214
-203
-192
-147
-109
-64
18
78
51
26
94
174
197
196
163
116
94
86
86
68
44
65
91
63
27
14
-3
-54
-102
-80
-1
30
-52
-180
-227
-135
-3
17
-90
-144
-55
31
7
-27
14
62
73
72
58
57
90
97
65
42
1
-22
43
108
80
16
3
48
91
61
-4
-39
-30
6
20
-7
-26
-30
-69
-111
-70
20
36
-51
-137
-153
-120
-74
-47
-48
-67
-91
-86
-64
-48
-18
30
39
5
1
48
76
70
85
105
85
49
60
100
96
46
7
-9
1
64
108
47
-49
-72
-45
-33
-29
-10
5
-11
-46
-47
-14
0
-8
1
35
62
50
13
1
24
34
13
6
40
64
35
-18
-47
-41
-30
-26
-43
-74
-93
-93
-85
-74
-60
-56
-74
-80
-57
-14
24
48
57
45
21
31
71
91
88
89
93
66
23
32
70
48
8
4
3
-13
-30
-32
-25
-26
-47
-73
-77
-53
-42
-61
-66
-50
-47
-59
-48
-8
36
48
34
30
45
49
35
41
60
58
48
46
37
17
13
29
33
4
-23
-14
-1
-12
-37
-57
-70
-81
-66
-20
0
-20
-37
-42
-39
-22
-7
8
14
12
10
17
33
41
37
40
62
80
76
59
39
17
1
8
31
47
38
10
-5
-4
-3
-4
-8
-9
-10
-14
-26
-48
-57
-42
-33
-29
-26
-40
-53
-40
-28
-28
-29
-23
-20
-23
-31
-30
-9
9
8
11
22
18
1
5
20
32
36
37
39
41
38
31
27
34
35
28
18
10
3
1
-2
-6
-9
-4
-3
-4
-6
-14
-27
-37
-32
-13
-4
-14
-29
-29
-18
-7
1
7
12
14
17
23
31
31
18
11
13
16
21
16
3
-4
3
8
-4
-16
-14
-8
-16
-31
-38
-35
-33
-36
-32
-23
-17
-19
-21
-20
-18
-8
10
17
8
2
12
21
25
29
33
29
28
31
33
37
38
26
12
6
17
29
28
16
4
-2
-10
-17
-10
-1
-5
-15
-18
-18
-14
-14
-13
-11
-12
-14
-15
-10
-8
-12
-17
-15
-8
0
3
3
5
5
-6
-6
6
18
11
4
4
1
1
9
10
3
-2
6
9
6
1
1
3
-2
-8
-2
6
2
-9
-12
-6
-3
-5
-8
-7
-1
-2
-8
-5
8
8
-4
-7
4
13
7
5
9
10
4
1
0
2
4
5
2
2
5
6
6
2
-1
1
0
0
1
5
1
-8
-10
-12
-7
2
8
3
-3
-1
2
-1
-2
-1
4
5
6
4
-5
-9
-7
-3
2
5
4
-2
-9
-5
-1
0
0
0
4
6
5
2
-1
0
6
5
3
6
12
10
-2
-11
-9
0
4
3
-1
-3
-6
-10
-14
-7
0
3
0
-2
-3
-6
-11
-7
0
1
-1
0
5
7
5
3
4
5
11
17
18
11
3
2
5
8
8
7
6
4
2
-2
0
1
-2
-8
-9
-5
0
0
-3
-3
-6
-8
-7
-1
4
1
-7
-12
-9
-3
2
1
-2
1
4
4
0
-2
-1
0
-1
-1
3
8
4
-7
-15
-10
1
7
3
-4
-6
-3
-1
-3
-1
1
1
-1
-3
-1
0
1
0
-1
1
6
10
10
1
-8
-4
6
9
7
3
3
3
3
5
8
8
2
1
5
8
6
5
2
0
0
4
9
8
3
-2
-3
-2
-1
1
2
1
-5
-7
-4
0
-1
-6
-9
-8
-6
-7
-8
-8
-5
-4
-6
-6
-3
0
-1
-3
-4
-1
3
4
2
-1
-2
2
6
6
3
2
3
4
2
-1
0
2
3
1
-1
-2
0
-2
-3
-1
0
1
-1
-2
-1
0
0
2
3
2
2
1
1
1
2
4
7
4
1
1
5
4
3
4
8
7
1
-1
-1
0
0
0
0
0
-2
-2
-1
-1
0
2
2
1
0
-1
1
0
-1
-2
-1
0
-2
-3
-2
1
1
2
2
1
-1
-2
-1
-1
-1
1
4
2
-3
-4
-1
2
3
1
3
3
2
-1
-2
-4
-4
0
3
1
-2
-3
-2
-2
1
1
1
1
0
-2
-2
-1
-1
-1
0
1
2
1
0
0
-1
2
3
3
1
1
0
1
2
2
3
2
2
2
0
-1
-2
0
2
2
1
0
1
-1
-2
-1
0
1
0
-3
-5
-1
-1
-1
0
2
-1
-3
-2
-1
-1
0
2
2
0
-1
-1
0
0
2
2
2
2
0
0
0
0
3
4
2
0
-1
1
1
0
1
3
2
-2
-3
-1
-2
-3
-1
2
2
0
-3
-2
-1
-1
-1
-1
1
1
0
0
0
-2
0
2
3
3
2
0
0
0
2
3
4
4
2
0
-1
0
1
3
2
1
0
-2
-2
-1
-1
1
2
1
0
-4
-3
-2
-1
2
2
1
0
0
-1
0
-1
-1
1
2
2
2
0
0
1
2
2
2
0
0
-1
1
1
0
0
0
-1
-2
-1
-2
-2
-1
-1
-1
0
0
0
1
1
1
1
0
0
0
0
1
2
1
1
3
3
1
0
0
1
2
2
1
0
0
0
0
1
0
0
1
0
0
0
0
0
1
0
0
0
0
0
0
0
-1
-1
0
0
0
0
0
-1
-1
0
0
0
-1
1
0
0
-1
0
0
0
0
0
0
0
0
0
0
0
0
0
0
0
0
1
0
0
-1
0
0
0
0
0
0
1
0
0
-1
-1
0
0
0
0
-1
0
0
0
0
0
1
0
0
1
0
1
0
0
0
0
0
0
-1
0
0
0
0
0
0
1
0
0
0
0
0
0
-1
-1
0
-1
0
0
0
0
0
0
0
0
0
0
0
0
0
0
-1
0
0
0
0
1
0
0
0
0
0
0
0
0
0
0
-1
1
-1
0
0
0
0
0
0
0
0
1
0
1
0
0
0
1
-1
0
0
0
0
0
0
0
0
0
0
-1
0
0
0
0
1
1
0
1
0
0
0
0
0
0
0
0
0
0
-1
-1
-1
-1
0
0
0
0
0
-1
0
0
0
0
0
-1
0
-1
0
1
0
0
1
0
0
-1
0
-1
0
0
0
-1
0
1
-1
0
0
0
0
-1
0
1
0
-1
1
1
0
1
-1
0
0
1
0
0
-1
1
0
0
1
0
0
0
0
1
0
0
0
0
1
0
-1
0
-1
0
1
0
1
-1
0
1
0
0
0
0
0
-1
0
0
0
0
0
0
0
0
0
0
-1
0
1
0
1
0
-1
0
0
1
0
0
0
0
0
0
-1
0
-1
0
0
0
0
0
0
0
1
0
1
0
0
0
0
0
-1
0
0
0
0
0
-1
0
0
0
0
0
0
1
0
0
0
0
1
0
0
0
0
0
0
0
0
0
-1
0
1
0
0
0
0
0
0
0
0
0
0
0
0
0
0
0
-1
1
0
0
0
-1
0
0
0
1
0
0
0
-1
0
0
0
0
1
1
0
1
0
0
-1
0
-1
0
0
0
0
0
0
0
0
0
0
0
0
0
1
0
0
0
0
0
0
0
0
0
0
0
0
0
0
0
0
0
0
1
0
0
0
1
0
0
0
0
0
0
0
0
1
1
0
0
1
0
0
0
0
0
1
0
0
-1
1
0
-1
-1
0
0
0
0
0
1
0
1
0
0
0
1
0
-1
0
-1
0
0
-1
0
0
0
-1
0
0
0
0
0
0
0
0
1
-1
0
0
0
0
-1
0
0
0
0
0
1
0
0
0
0
0
0
0
0
1
1
0
0
0
0
0
0
0
0
0
1
0
-1
0
0
0
0
0
0
0
0
0
0
1
0
1
1
1
0
0
0
0
0
0
0
0
0
0
0
0
-1
0
0
0
-1
0
-1
0
0
0
0
0
0
0
-1
1
0
1
0
0
0
0
1
1
0
-1
0
1
-1
0
0
0
0
0
0
0
0
0
0
0
0
0
1
-1
0
0
0
0
0
0
0
-1
0
-1
0
0
0
0
0
-1
0
1
0
0
0
1
0
0
0
0
0
0
0
0
0
0
0
0
0
0
1
0
1
0
-1
-1
-1
0
0
0
0
0
0
0
-1
0
0
1
-1
0
1
0
0
0
0
0
0
0
-1
0
0
0
0
0
0
0
0
0
0
0
0
0
0
0
0
0
0
0
0
0
0
1
0
1
0
0
0
1
0
0
-1
1
0
-1
0
0
-1
0
0
0
0
-1
0
0
0
0
1
0
0
0
1
0
0
1
-1
0
0
0
0
0
0
-1
0
1
0
0
0
1
-1
0
0
0
-1
0
0
0
-1
0
1
0
-1
0
0
-1
-1
0
0
0
0
-1
-1
-1
0
0
0
0
0
0
0
0
0
1
0
-1
0
1
0
1
0
0
0
-1
0
0
0
0
0
0
-1
1
0
0
0
0
1
0
0
0
-1
0
1
0
0
0
0
0
0
0
0
0
0
-1
1
-1
0
1
0
0
0
0
0
0
0
0
0
0
0
0
0
0
0
1
0
0
0
0
-1
1
0
0
0
0
0
0
0
0
0
0
0
0
-1
0
0
0
-1
0
0
1
1
0
0
0
0
-1
0
1
0
-1
0
0
0
0
-1
0
0
0
0
0
-1
-1
0
0
0
0
1
0
0
0
0
-1
0
0
0
0
0
0
0
0
1
0
-1
0
0
-1
0
0
0
0
0
0
0
0
0
0
0
1
0
0
0
0
-1
-1
0
-1
0
0
0
-1
0
0
0
0
1
1
-1
0
0
-1
-1
0
0
-1
0
0
-1
0
0
-1
1
-1
0
0
-1
0
0
0
0
0
0
0
1
0
0
-1
1
1
0
0
0
0
0
0
0
0
0
1
0
0
0
0
0
0
-1
0
0
-1
0
0
1
0
0
1
0
0
0
1
0
0
0
0
0
0
1
-1
0
0
0
1
0
-1
0
0
0
0
0
-1
0
0
0
0
1
0
0
1
0
0
0
1
0
0
0
0
0
1
0
0
0
0
0
0
0
1
0
0
0
0
-1
0
0
-1
-1
0
-1
0
0
0
1
1
0
0
0
-1
1
0
0
0
0
1
0
1
0
0
1
1
0
0
0
0
0
-1
0
0
0
-1
0
0
1
0
0
0
0
1
0
1
0
0
0
0
-1
0
0
0
0
0
-1
0
0
0
1
1
0
0
-1
0
0
1
0
0
-1
1
0
0
0
0
-1
0
0
0
0
0
0
0
0
0
0
0
1
0
0
0
-1
0
1
0
0
1
-1
0
-1
-1
0
0
0
0
0
0
0
0
-1
0
-1
1
0
1
1
0
0
0
0
0
0
0
0
0
0
0
0
0
0
1
0
-1
0
0
0
0
0
0
-1
0
0
-1
0
0
0
0
0
0
0
1
1
0
0
0
0
0
0
0
-1
0
0
0
0
0
0
-1
-1
0
0
0
0
0
1
0
1
-1
0
0
-1
0
0
0
1
0
0
0
0
0
0
0
1
0
1
0
0
0
-1
-1
0
0
0
0
1
0
-1
0
0
0
0
1
0
-1
0
0
0
0
0
1
0
0
0
0
0
0
0
0
0
0
1
0
0
0
0
0
0
0
0
0
0
0
0
0
-1
-1
0
0
0
0
0
0
-1
0
0
-1
0
0
0
0
0
0
0
0
0
0
0
0
0
0
0
0
0
-1
0
0
1
0
0
-1
1
0
0
0
0
0
0
0
0
0
0
-1
1
0
0
-1
0
0
0
1
0
-1
0
0
0
0
0
0
0
1
-1
0
-1
0
-1
-1
0
0
0
1
0
0
0
0
0
1
0
-1
-1
0
0
0
0
0
0
0
-1
0
-1
0
1
0
0
0
0
1
0
0
0
0
0
-1
-1
0
0
0
0
-1
0
1
0
1
0
0
0
0
-1
0
0
0
-1
0
0
0
0
0
0
0
0
-1
0
0
0
1
0
1
0
-1
0
1
0
0
-1
0
0
0
0
0
0
1
0
1
0
0
0
0
0
1
0
1
0
0
0
1
0
0
0
0
0
-1
0
0
0
0
0
0
0
0
0
-1
0
0
0
0
0
0
0
0
0
0
1
0
1
0
0
1
0
0
1
0
0
1
0
0
1
0
0
0
0
0
0
0
0
0
0
0
1
0
0
-1
0
0
-1
0
-1
0
0
1
1
0
0
0
-1
0
0
0
0
0
0
1
0
0
-1
0
0
0
0
-1
0
1
0
0
0
0
0
-1
0
0
0
0
0
0
0
1
0
0
0
0
0
-1
0
0
0
0
0
1
0
0
0
0
0
0
0
1
0
-1
0
-1
1
0
0
0
0
-1
0
-1
0
0
0
0
-1
1
0
0
0
1
0
-1
0
1
1
0
-1
0
0
0
0
0
0
0
0
-1
0
0
0
0
1
-1
0
0
-1
0
0
0
0
0
1
1
0
0
0
-1
-1
0
0
0
1
0
0
0
0
0
0
1
0
0
-1
0
0
1
0
0
0
0
0
1
0
0
-1
0
0
0
0
0
0
0
0
1
0
0
0
0
0
0
0
0
1
0
0
0
0
0
0
-1
0
0
0
0
1
0
0
1
0
0
0
1
-1
0
-1
0
0
0
1
0
0
0
0
0
0
1
0
0
0
0
0
0
0
0
0
-1
0
0
0
1
0
0
0
1
0
0
0
0
0
0
0
0
0
0
1
0
1
0
-1
0
0
-1
0
0
0
-1
0
0
0
-1
0
-1
1
-1
1
0
0
0
0
0
1
0
1
0
0
0
0
0
0
0
0
0
0
0
1
0
0
-1
0
0
0
0
0
0
0
0
0
0
-1
0
0
1
0
0
-1
0
0
0
0
0
0
0
0
-1
0
1
0
0
0
0
1
0
0
0
0
0
-1
0
0
-1
0
0
0
0
0
0
0
0
0
0
0
1
1
1
1
0
0
-1
1
0
0
0
0
0
0
0
0
0
0
0
0
1
0
0
1
0
1
0
0
1
0
0
0
0
1
0
0
-1
0
0
1
1
0
0
-1
0
-1
-1
0
0
0
1
1
0
-1
0
1
0
0
0
0
1
0
1
-1
0
1
0
0
0
-1
0
0
0
1
0
-1
0
-1
-1
0
0
1
0
0
0
1
1
0
0
1
1
-1
0
-1
0
0
0
1
0
0
0
0
-1
0
0
-1
0
0
-1
-1
1
0
0
0
0
-1
0
1
0
0
0
-1
1
0
1
0
1
-1
0
0
0
-1
0
0
0
0
0
0
0
0
0
0
0
0
0
0
0
0
0
1
0
0
0
0
1
0
0
0
0
0
0
0
0
0
0
0
0
0
0
0
0
0
0
0
0
1
0
0
0
0
-1
0
0
1
0
0
0
0
0
-1
0
0
0
0
0
0
-1
0
0
-1
0
0
0
-1
0
0
0
0
-1
0
0
0
0
0
0
0
0
0
0
0
0
0
0
0
-1
0
0
0
-1
0
-1
0
-1
0
0
0
0
1
0
0
0
0
-1
1
0
0
0
0
0
1
0
0
0
0
0
0
1
0
0
0
0
-1
0
-1
0
0
0
0
0
0
0
0
0
0
0
0
0
0
0
0
0
1
0
1
1
0
1
0
0
0
0
0
1
0
1
0
0
0
1
0
0
-1
0
0
1
0
-1
0
0
0
0
-1
-1
1
0
0
1
0
0
1
0
0
0
-1
1
0
0
0
0
0
0
-1
0
0
0
0
0
0
0
0
0
0
0
0
0
0
0
0
0
0
0
0
-1
0
-1
0
-1
0
0
0
0
0
-1
0
-1
1
0
0
0
0
0
-1
0
-1
0
-1
0
0
0
0
-1
0
-1
0
1
0
0
0
0
0
0
1
0
0
0
0
0
0
-1
0
0
0
0
0
0
0
0
1
0
1
1
0
0
0
0
0
0
0
0
0
0
1
0
1
0
0
0
0
0
0
0
1
0
0
0
1
0
1
1
0
0
0
0
-1
0
0
1
0
0
0
0
0
0
0
0
0
0
0
0
0
-1
0
0
0
0
0
0
0
0
0
-1
0
1
0
0
0
0
0
0
0
-1
1
0
0
0
1
0
1
0
0
0
0
0
0
0
-1
0
1
0
0
0
1
0
0
0
0
-1
1
1
0
0
1
0
0
0
0
0
0
0
0
-1
0
0
0
0
1
0
0
0
0
0
0
-1
-1
1
0
0
1
0
0
-1
0
-1
1
0
1
0
0
0
0
1
-1
0
0
0
0
0
0
0
0
0
0
0
0
0
0
-1
0
0
0
0
1
0
0
0
0
0
0
0
0
-1
0
0
0
-1
0
0
1
0
-1
0
0
0
0
1
1
1
0
0
-1
0
0
-1
0
0
0
0
-1
0
0
0
0
0
0
1
0
0
0
0
0
1
0
0
0
0
0
0
0
-1
1
-1
0
-1
0
0
0
0
-1
0
0
0
0
0
0
0
0
0
1
0
0
0
0
0
0
0
0
0
0
0
0
0
0
-1
0
0
0
1
0
0
0
0
-1
0
-1
0
1
0
0
1
0
0
0
0
0
0
0
0
0
0
1
-1
0
-1
0
0
-1
0
0
0
0
-1
0
0
0
0
0
1
0
0
0
0
0
0
0
-1
0
0
0
0
0
0
-1
0
0
0
0
0
0
-1
0
-1
0
0
0
0
1
0
0
0
0
0
0
0
0
0
0
0
0
1
0
0
0
0
1
0
-1
0
1
0
0
0
0
0
0
0
-1
-1
0
0
0
1
0
-1
0
0
-1
0
0
0
-1
0
0
1
0
0
0
0
0
0
1
0
0
0
0
1
0
0
0
1
1
0
0
0
0
0
0
1
0
1
0
0
0
1
0
0
0
-1
1
1
0
-1
0
0
0
0
0
0
0
0
0
0
0
1
0
1
0
0
0
0
0
-1
0
1
0
0
-1
0
-1
0
0
-1
0
0
0
0
0
0
0
0
0
0
0
0
0
0
0
0
0
0
0
0
0
0
0
0
0
0
0
0
0
0
0
0
0
-1
0
0
0
0
0
0
0
-1
0
0
0
0
0
0
0
0
0
0
0
0
0
0
0
0
0
0
0
0
0
0
1
-1
0
0
0
0
0
0
0
1
0
0
0
0
0
-1
0
0
0
0
0
0
0
0
0
0
-1
-1
-1
-1
0
-1
0
0
0
0
0
0
-1
-1
0
-1
0
0
0
-1
0
0
0
0
0
0
0
1
0
0
0
0
0
0
0
0
0
0
1
1
0
0
0
0
0
0
0
0
0
0
0
1
0
0
0
0
0
1
1
0
0
0
0
0
-1
0
0
0
0
0
0
1
0
0
1
0
0
0
1
0
0
1
0
1
1
0
0
0
0
0
0
0
0
0
0
1
0
1
1
-1
0
0
0
0
0
0
0
0
0
0
0
1
0
0
1
0
0
0
1
0
0
0
-1
0
0
0
0
0
0
0
0
0
0
1
0
0
0
-1
-1
0
0
0
0
0
0
0
0
0
0
-1
0
1
0
0
0
0
0
0
0
-1
0
1
0
0
0
0
-1
0
-1
-1
0
0
0
0
1
0
0
0
0
0
0
0
0
1
1
0
1
-1
0
0
0
0
0
0
0
0
0
0
0
0
0
0
0
0
0
0
0
0
0
0
0
0
0
0
0
0
-1
1
0
1
0
0
1
0
0
0
0
0
1
-1
0
0
0
0
0
1
0
0
-1
0
0
0
0
1
0
0
1
-1
-1
0
0
0
0
0
0
0
0
0
0
0
-1
0
0
0
1
0
0
0
0
1
0
-1
-1
0
0
0
-1
0
0
0
0
0
-1
0
0
0
0
-1
0
0
0
0
0
0
0
0
0
0
0
0
0
0
-1
0
0
0
0
0
0
0
0
0
1
0
-1
0
0
0
0
0
0
0
0
0
0
0
0
0
0
0
0
0
0
0
-1
0
0
0
0
0
0
0
0
0
0
0
0
0
1
0
0
0
0
0
0
0
1
0
0
0
1
1
0
0
0
-1
1
1
0
0
0
0
0
0
0
1
0
0
0
1
0
0
0
0
0
-1
0
0
0
0
0
0
0
0
0
0
-1
-1
-1
0
0
0
0
-1
0
0
0
0
0
0
0
0
0
1
0
1
0
0
0
0
0
0
1
-1
0
1
-1
0
0
0
0
0
0
0
-1
0
0
0
-1
0
-1
0
0
0
0
0
-1
0
0
0
0
0
0
-1
0
0
0
0
0
0
0
0
-1
-1
0
0
0
0
0
1
0
0
0
0
0
-1
0
0
0
0
0
0
0
0
0
1
0
1
0
0
1
-1
1
0
0
0
-1
-1
0
0
0
-1
0
-1
0
0
0
-1
0
0
0
0
1
0
0
0
0
0
0
1
0
1
0
0
0
0
0
0
1
0
0
0
1
1
0
0
0
0
0
0
0
0
-1
1
0
0
0
0
0
0
0
1
0
0
-1
0
0
0
-1
-1
0
0
1
0
-1
0
0
0
0
0
0
-1
-1
0
0
-1
1
0
1
0
0
0
0
0
0
1
0
0
0
-1
0
0
0
0
0
1
-1
0
0
0
0
0
0
0
0
0
1
0
0
0
0
0
0
-1
0
0
-1
0
0
-1
0
0
0
0
0
0
0
0
1
0
0
-1
1
0
0
-1
-1
0
0
0
1
-1
0
0
0
-1
1
0
0
0
1
-1
0
0
0
0
0
0
0
0
0
0
0
-1
0
0
0
0
0
0
0
0
0
0
1
-1
0
0
-1
1
0
0
0
0
0
0
0
0
0
0
0
0
0
0
-1
0
0
0
0
0
0
0
-1
0
0
0
-1
0
0
-1
-1
0
0
0
0
0
1
1
-1
0
-1
0
0
0
0
0
0
0
0
1
0
0
0
0
-1
1
0
0
1
0
0
0
0
0
1
1
0
0
0
0
0
-1
0
-1
1
0
1
0
0
1
0
0
1
0
0
0
1
-1
-1
1
0
0
0
-1
0
0
1
0
0
0
0
0
0
-1
0
0
0
-1
0
0
1
1
-1
0
0
0
0
0
0
0
0
0
-1
1
0
0
1
0
0
0
0
1
-1
0
0
0
0
-1
1
0
0
-1
0
0
0
0
0
-1
0
-1
1
0
0
1
0
0
0
0
0
0
0
0
-1
0
0
0
1
0
1
0
0
0
0
-1
0
0
1
1
0
0
0
-1
-1
0
0
0
-1
0
0
1
0
1
0
0
1
0
0
1
0
0
0
0
0
0
0
0
0
0
0
-1
1
0
0
0
0
0
0
0
0
0
0
-1
0
-1
0
0
0
0
0
-1
0
0
0
1
0
0
0
0
0
0
0
0
0
-1
1
1
-1
0
0
0
0
0
0
0
0
0
0
0
0
0
-1
0
0
0
0
0
0
0
0
-1
0
0
0
0
-1
0
-1
0
0
0
0
0
-1
0
0
-1
0
0
0
1
0
0
0
0
0
0
1
0
0
0
0
0
1
0
0
0
1
1
0
0
0
0
0
0
0
0
1
1
1
0
0
-1
0
0
0
-1
-1
0
0
0
0
0
0
0
0
0
0
0
0
0
0
0
0
0
0
0
0
0
1
1
1
0
-1
0
0
0
0
0
0
1
-1
-1
0
0
0
0
0
1
0
-1
0
0
0
0
0
0
0
0
-1
0
0
0
0
1
0
0
0
0
0
-1
1
1
0
0
0
0
1
0
0
0
0
0
0
0
0
0
0
0
0
1
0
0
0
0
0
0
1
0
0
0
0
0
0
0
0
0
0
1
0
-1
0
0
0
0
-1
0
0
0
0
0
0
-1
0
0
-1
0
0
0
-1
1
0
0
0
0
0
0
0
0
0
0
0
0
0
-1
0
-1
0
0
0
0
0
0
0
0
0
1
0
0
0
0
0
0
0
0
0
0
0
1
0
0
0
0
0
0
0
0
0
-1
0
0
1
0
0
0
0
0
0
0
1
0
0
0
0
0
0
-1
0
1
0
0
0
0
0
0
0
0
-1
0
0
0
0
0
0
0
0
1
0
-1
0
1
0
0
-1
0
0
0
0
-1
0
0
0
0
1
0
0
0
0
0
0
0
0
-1
0
0
0
0
0
0
0
0
0
1
0
0
0
0
0
1
0
0
1
0
1
-1
0
0
0
0
0
0
0
0
-1
0
-1
-1
0
0
0
0
0
0
0
0
0
0
-1
0
-1
0
0
0
0
0
0
-1
0
0
0
0
0
0
0
0
0
0
0
0
0
0
0
0
0
1
1
0
-1
0
0
0
0
0
0
0
0
0
0
0
0
0
0
0
0
1
0
0
0
0
0
1
0
0
0
0
0
0
0
-1
-1
0
0
0
0
0
-1
-1
0
0
0
-1
1
0
0
-1
0
0
0
0
0
0
0
0
0
0
0
0
0
0
0
0
1
0
0
-1
0
0
0
0
0
0
1
0
0
-1
-1
0
0
0
0
-1
0
0
0
0
0
1
0
0
1
0
1
0
0
0
0
0
0
-1
0
0
0
0
0
0
1
0
0
0
0
0
0
-1
-1
0
-1
0
0
0
0
0
0
0
0
0
0
0
0
0
0
-1
0
0
0
0
1
0
0
0
0
0
0
0
0
0
0
-1
1
-1
0
0
0
0
0
0
0
0
1
0
1
0
0
0
1
-1
0
0
0
0
0
0
0
0
0
0
-1
0
0
0
0
1
1
0
1
0
0
0
0
0
0
0
0
0
0
-1
-1
-1
-1
0
0
0
0
0
-1
0
0
0
0
0
-1
0
-1
0
1
0
0
1
0
0
-1
0
-1
0
0
0
-1
0
1
-1
0
0
0
0
-1
0
1
0
-1
1
1
0
1
-1
0
0
1
0
0
-1
1
0
0
1
0
0
0
0
1
0
0
0
0
1
0
-1
0
-1
0
1
0
1
-1
0
1
0
0
0
0
0
-1
0
0
0
0
0
0
0
0
0
0
-1
0
1
0
1
0
-1
0
0
1
0
0
0
0
0
0
-1
0
-1
0
0
0
0
0
0
0
1
0
1
0
0
0
0
0
-1
0
0
0
0
0
-1
0
0
0
0
0
0
1
0
0
0
0
1
0
0
0
0
0
0
0
0
0
-1
0
1
0
0
0
0
0
0
0
0
0
0
0
0
0
0
0
-1
1
0
0
0
-1
0
0
0
1
0
0
0
-1
0
0
0
0
1
1
0
1
0
0
-1
0
-1
0
0
0
0
0
0
0
0
0
0
0
0
0
1
0
0
0
0
0
0
0
0
0
0
0
0
0
0
0
0
0
0
1
0
0
0
1
0
0
0
0
0
0
0
0
1
1
0
0
1
0
0
0
0
0
1
0
0
-1
1
0
-1
-1
0
0
0
0
0
1
0
1
0
0
0
1
0
-1
0
-1
0
0
-1
0
0
0
-1
0
0
0
0
0
0
0
0
1
-1
0
0
0
0
-1
0
0
0
0
0
1
0
0
0
0
0
0
0
0
1
1
0
0
0
0
0
0
0
0
0
1
0
-1
0
0
0
0
0
0
0
0
0
0
1
0
1
1
1
0
0
0
0
0
0
0
0
0
0
0
0
-1
0
0
0
-1
0
-1
0
0
0
0
0
0
0
-1
1
0
1
0
0
0
0
1
1
0
-1
0
1
-1
0
0
0
0
0
0
0
0
0
0
0
0
0
1
-1
0
0
0
0
0
0
0
-1
0
-1
0
0
0
0
0
-1
0
1
0
0
0
1
0
0
0
0
0
0
0
0
0
0
0
0
0
0
1
0
1
0
-1
-1
-1
0
0
0
0
0
0
0
-1
0
0
1
-1
0
1
0
0
0
0
0
0
0
-1
0
0
0
0
0
0
0
0
0
0
0
0
0
0
0
0
0
0
0
0
0
0
1
0
1
0
0
0
1
0
0
-1
1
0
-1
0
0
-1
0
0
0
0
-1
0
0
0
0
1
0
0
0
1
0
0
1
-1
0
0
0
0
0
0
-1
0
1
0
0
0
1
-1
0
0
0
-1
0
0
0
-1
0
1
0
-1
0
0
-1
-1
0
0
0
0
-1
-1
-1
0
0
0
0
0
0
0
0
0
1
0
-1
0
1
0
1
0
0
0
-1
0
0
0
0
0
0
-1
1
0
0
0
0
1
0
0
0
-1
0
1
0
0
0
0
0
0
0
0
0
0
-1
1
-1
0
1
0
0
0
0
0
0
0
0
0
0
0
0
0
0
0
1
0
0
0
0
-1
1
0
0
0
0
0
0
0
0
0
0
0
0
-1
0
0
0
-1
0
0
1
1
0
0
0
0
-1
0
1
0
-1
0
0
0
0
-1
0
0
0
0
0
-1
-1
0
0
0
0
1
0
0
0
0
-1
0
0
0
0
0
0
0
0
1
0
-1
0
0
-1
0
0
0
0
0
0
0
0
0
0
0
1
0
0
0
0
-1
-1
0
-1
0
0
0
-1
0
0
0
0
1
1
-1
0
0
-1
-1
0
0
-1
0
0
-1
0
0
-1
1
-1
0
0
-1
0
0
0
0
0
0
0
1
0
0
-1
1
1
0
0
0
0
0
0
0
0
0
1
0
0
0
0
0
0
-1
0
0
-1
0
0
1
0
0
1
0
0
0
1
0
0
0
0
0
0
1
-1
0
0
0
1
0
-1
0
0
0
0
0
-1
0
0
0
0
1
0
0
1
0
0
0
1
0
0
0
0
0
1
0
0
0
0
0
0
0
1
0
0
0
0
-1
0
0
-1
-1
0
-1
0
0
0
1
1
0
0
0
-1
1
0
0
0
0
1
0
1
0
0
1
1
0
0
0
0
0
-1
0
0
0
-1
0
0
1
0
0
0
0
1
0
1
0
0
0
0
-1
0
0
0
0
0
-1
0
0
0
1
1
0
0
-1
0
0
1
0
0
-1
1
0
0
0
0
-1
0
0
0
0
0
0
0
0
0
0
0
1
0
0
0
-1
0
1
0
0
1
-1
0
-1
-1
0
0
0
0
0
0
0
0
-1
0
-1
1
0
1
1
0
0
0
0
0
0
0
0
0
0
0
0
0
0
1
0
-1
0
0
0
0
0
0
-1
0
0
-1
0
0
0
0
0
0
0
1
1
0
0
0
0
0
0
0
-1
0
0
0
0
0
0
-1
-1
0
0
0
0
0
1
0
1
-1
0
0
-1
0
0
0
1
0
0
0
0
0
0
0
1
0
1
0
0
0
-1
-1
0
0
0
0
1
0
-1
0
0
0
0
1
0
-1
0
0
0
0
0
1
0
0
0
0
0
0
0
0
0
0
1
0
0
0
0
0
0
0
0
0
0
0
0
0
-1
-1
0
0
0
0
0
0
-1
0
0
-1
0
0
0
0
0
0
0
0
0
0
0
0
0
0
0
0
0
-1
0
0
1
0
0
-1
1
0
0
0
0
0
0
0
0
0
0
-1
1
0
0
-1
0
0
0
1
0
-1
0
0
0
0
0
0
0
1
-1
0
-1
0
-1
-1
0
0
0
1
0
0
0
0
0
1
0
-1
-1
0
0
0
0
0
0
0
-1
0
-1
0
1
0
0
0
0
1
0
0
0
0
0
-1
-1
0
0
0
0
-1
0
1
0
1
0
0
0
0
-1
0
0
0
-1
0
0
0
0
0
0
0
0
-1
0
0
0
1
0
1
0
-1
0
1
0
0
-1
0
0
0
0
0
0
1
0
1
0
0
0
0
0
1
0
1
0
0
0
1
0
0
0
0
0
-1
0
0
0
0
0
0
0
0
0
-1
0
0
0
0
0
0
0
0
0
0
1
0
1
0
0
1
0
0
1
0
0
1
0
0
1
0
0
0
0
0
0
0
0
0
0
0
1
0
0
-1
0
0
-1
0
-1
0
0
1
1
0
0
0
-1
0
0
0
0
0
0
1
0
0
-1
0
0
0
0
-1
0
1
0
0
0
0
0
-1
0
0
0
0
0
0
0
1
0
0
0
0
0
-1
0
0
0
0
0
1
0
0
0
0
0
0
0
1
0
-1
0
-1
1
0
0
0
0
-1
0
-1
0
0
0
0
-1
1
0
0
0
1
0
-1
0
1
1
0
-1
0
0
0
0
0
0
0
0
-1
0
0
0
0
1
-1
0
0
-1
0
0
0
0
0
1
1
0
0
0
-1
-1
0
0
0
1
0
0
0
0
0
0
1
0
0
-1
0
0
1
0
0
0
0
0
1
0
0
-1
0
0
0
0
0
0
0
0
1
0
0
0
0
0
0
0
0
1
0
0
0
0
0
0
-1
0
0
0
0
1
0
0
1
0
0
0
1
-1
0
-1
0
0
0
1
0
0
0
0
0
0
1
0
0
0
0
0
0
0
0
0
-1
0
0
0
1
0
0
0
1
0
0
0
0
0
0
0
0
0
0
1
0
1
0
-1
0
0
-1
0
0
0
-1
0
0
0
-1
0
-1
1
-1
1
0
0
0
0
0
1
0
1
0
0
0
0
0
0
0
0
0
0
0
1
0
0
-1
0
0
0
0
0
0
0
0
0
0
-1
0
0
1
0
0
-1
0
0
0
0
0
0
0
0
-1
0
1
0
0
0
0
1
0
0
0
0
0
-1
0
0
-1
0
0
0
0
0
0
0
0
0
0
0
1
1
1
1
0
0
-1
1
0
0
0
0
0
0
0
0
0
0
0
0
1
0
0
1
0
1
0
0
1
0
0
0
0
1
0
0
-1
0
0
1
1
0
0
-1
0
-1
-1
0
0
0
1
1
0
-1
0
1
0
0
0
0
1
0
1
-1
0
1
0
0
0
-1
0
0
0
1
0
-1
0
-1
-1
0
0
1
0
0
0
1
1
0
0
1
1
-1
0
-1
0
0
0
1
0
0
0
0
-1
0
0
-1
0
0
-1
-1
1
0
0
0
0
-1
0
1
0
0
0
-1
1
0
1
0
1
-1
0
0
0
-1
0
0
0
0
0
0
0
0
0
0
0
0
0
0
0
0
0
1
0
0
0
0
1
0
0
0
0
0
0
0
0
0
0
0
0
0
0
0
0
0
0
0
0
1
0
0
0
0
-1
0
0
1
0
0
0
0
0
-1
0
0
0
0
0
0
-1
0
0
-1
0
0
0
-1
0
0
0
0
-1
0
0
0
0
0
0
0
0
0
0
0
0
0
0
0
-1
0
0
0
-1
0
-1
0
-1
0
0
0
0
1
0
0
0
0
-1
1
0
0
0
0
0
1
0
0
0
0
0
0
1
0
0
0
0
-1
0
-1
0
0
0
0
0
0
0
0
0
0
0
0
0
0
0
0
0
1
0
1
1
0
1
-1
1
0
-1
1
1
0
1
-1
0
0
0
1
0
-1
1
1
0
0
-1
0
-1
-2
4
-1
-7
9
-2
-10
14
-6
-9
21
-10
-6
25
-17
-4
24
-20
-1
17
-16
1
10
-11
-1
10
-9
-1
10
-8
0
7
-5
1
6
-4
1
5
-4
3
2
-4
3
-2
-3
2
-1
-1
4
-1
1
2
-1
1
0
-2
2
-1
0
1
-2
1
0
-1
1
1
-1
2
1
0
2
-1
0
0
-1
1
1
0
0
1
0
1
3
1
1
1
1
0
0
-1
0
0
0
0
0
1
1
1
2
1
2
2
1
1
1
1
1
0
0
-1
-1
-1
0
0
2
1
1
1
1
0
0
0
1
0
0
-1
0
-2
0
1
-1
2
1
0
1
1
0
3
0
0
2
0
0
1
0
0
1
0
0
0
0
-1
0
0
0
0
0
0
0
0
0
-1
0
1
0
0
0
0
0
0
0
-1
1
0
0
-1
1
0
0
0
0
-1
1
0
0
2
-1
1
3
0
1
2
2
2
2
1
1
0
2
1
0
0
0
0
0
-1
2
1
0
3
1
0
2
0
-1
0
0
0
1
1
1
1
0
-1
-1
1
0
0
1
0
0
-1
0
-1
1
0
1
0
0
0
0
1
-1
0
0
0
0
0
0
0
0
0
0
0
0
0
0
-1
0
0
0
0
1
0
0
0
0
0
0
0
0
-1
0
0
0
-1
0
0
1
0
-1
0
0
0
0
1
1
1
0
0
-1
0
0
-1
0
0
0
0
-1
0
0
0
0
0
0
1
0
0
0
0
0
1
0
0
0
0
0
0
0
-1
1
-1
0
-1
0
0
0
0
-1
0
0
0
0
0
0
0
0
0
1
0
0
0
0
0
0
0
0
0
0
0
0
0
0
-1
0
0
0
1
0
0
0
0
-1
0
-1
0
1
0
0
1
0
0
0
0
0
0
0
0
0
0
1
-1
0
-1
0
0
-1
0
0
0
0
-1
0
0
0
0
0
1
0
0
0
0
0
0
0
-1
0
0
0
0
0
0
-1
0
0
0
0
0
0
-1
0
-1
0
0
0
0
1
0
0
0
0
0
0
0
0
0
0
0
0
1
0
0
0
0
1
0
-1
0
1
0
0
0
0
0
0
0
-1
-1
0
0
0
1
0
-1
0
0
-1
0
0
0
-1
0
0
1
0
0
0
0
0
0
1
0
0
0
0
1
0
0
0
1
1
0
0
0
0
0
0
1
0
1
0
0
0
1
0
0
0
-1
1
1
0
-1
0
0
0
0
0
0
0
0
0
0
0
1
0
1
0
0
0
0
0
-1
0
1
0
0
-1
0
-1
0
0
-1
0
0
0
0
0
0
0
0
0
0
0
0
0
0
0
0
0
0
0
0
0
0
0
0
0
0
0
0
0
0
0
0
0
-1
0
0
0
0
0
0
0
-1
0
0
0
0
0
0
0
0
1
1
1
1
1
0
0
0
0
0
-1
-1
-1
-1
-1
-3
-2
-3
-4
-4
-5
-5
-6
-6
-8
-9
-8
-8
-8
-9
-7
-4
-3
-4
-5
-5
-3
1
3
4
2
1
2
3
5
5
6
6
6
5
3
1
1
2
4
1
0
-1
-2
-2
-2
-3
-2
-3
-1
-2
-5
-1
0
2
8
3
0
3
0
4
8
3
4
2
-3
1
3
1
5
6
10
19
19
14
13
17
27
38
35
23
11
4
6
7
1
-8
-18
-21
-17
-10
-6
-6
-7
-6
-2
7
13
18
20
11
9
10
12
19
18
10
2
-12
-21
-17
-13
-2
9
-1
-16
-28
-36
-21
5
11
-3
-30
-58
-62
-44
-29
-22
-35
-65
-85
-81
-58
-29
-15
-25
-36
-32
-15
10
30
29
27
39
40
43
43
32
46
64
67
62
37
16
17
20
30
22
-1
-3
0
12
29
13
2
17
31
55
65
40
28
32
28
37
37
22
29
37
25
17
-1
-30
-28
-16
-10
3
-7
-36
-42
-39
-35
-23
-25
-40
-48
-63
-74
-60
-48
-53
-60
-66
-64
-51
-42
-43
-36
-33
-41
-33
-10
11
29
37
26
23
27
37
56
62
48
26
5
-7
-4
4
2
-10
-27
-40
-32
-3
16
22
20
13
14
21
22
21
23
13
2
-6
-19
-42
-59
-62
-46
-26
-21
-23
-18
3
23
41
47
37
37
56
66
73
65
31
17
7
-1
30
50
33
14
-9
-12
25
54
69
83
81
76
85
105
135
155
144
121
105
88
61
43
47
54
38
-3
-33
-25
-2
16
33
44
30
1
-21
-25
-25
-39
-66
-89
-104
-113
-118
-119
-119
-121
-118
-115
-114
-114
-113
-110
-107
-106
-106
-107
-111
-118
-130
-143
-157
-166
-170
-171
-169
-165
-159
-150
-135
-108
-75
-57
-62
-84
-114
-144
-171
-183
-170
-147
-136
-147
-167
-181
-186
-194
-227
-281
-294
-197
-12
117
59
-138
-265
-151
161
442
468
188
-235
-479
-237
487
1218
1299
547
-423
-696
27
1111
1619
1179
229
-481
-524
7
701
1165
1232
987
640
383
318
451
713
982
1086
889
436
-3
-103
258
868
1284
1153
495
-259
-566
-167
659
1234
1033
182
-738
-1257
-1294
-1035
-831
-1100
-2026
-3375
-4655
-5395
-5410
-4918
-4209
-3118
-1455
-57
-276
-1792
-2204
166
4044
6638
6584
4753
2864
2193
3171
5165
6497
5663
2906
-4
-1613
-1727
-1025
-621
-1492
-3444
-5092
-5451
-4873
-4034
-2968
-1716
-971
-1139
-1505
-1253
-582
72
1127
2922
4308
3804
1920
772
1428
3010
4156
4152
2927
1020
-519
-833
-69
716
557
-581
-1978
-2839
-2711
-1880
-1330
-1647
-2220
-2156
-1473
-869
-820
-1190
-1405
-1009
-115
680
803
290
-165
31
688
1266
1508
1296
601
-136
-254
329
992
1104
591
-91
-439
-321
36
350
432
225
-90
-235
-87
167
268
235
353
725
1036
939
571
427
738
1144
1135
673
198
69
205
269
55
-377
-818
-1050
-956
-650
-452
-592
-932
-1061
-729
-147
237
230
65
92
445
951
1340
1476
1431
1368
1450
1655
1663
1226
607
328
560
970
954
144
-1070
-1795
-1704
-1334
-1336
-1924
-2957
-4041
-4722
-4993
-5388
-6151
-6507
-5371
-2916
-755
-186
-788
-1091
-138
1940
4317
5996
6329
5497
4484
4231
4771
5401
5454
4637
3050
1284
0
-718
-1269
-1917
-2685
-3489
-4145
-4516
-4494
-3914
-2860
-1809
-1118
-884
-1152
-1522
-1095
389
1983
2684
2499
2042
1758
1808
2292
3056
3513
3185
2324
1528
1034
852
1013
1269
1166
548
-271
-817
-855
-584
-425
-539
-785
-982
-984
-655
-93
383
612
734
849
927
989
1128
1342
1534
1590
1432
1089
690
269
-234
-827
-1505
-2303
-3158
-3938
-4580
-5232
-6436
-8660
-10837
-10234
-5428
711
3004
-401
-5532
-6664
-2052
5102
10264
10980
7780
3445
1323
3116
7552
11151
10821
6424
928
-2190
-1797
268
1134
-385
-3130
-5524
-6973
-7177
-5835
-3684
-2279
-2233
-2865
-3561
-4287
-4575
-3261
-89
3106
3997
2361
103
-712
712
3635
6166
6553
4594
1725
-88
313
2423
4334
4289
2273
-49
-1072
-660
202
708
625
-99
-1266
-2134
-2032
-1273
-834
-1069
-1350
-1120
-688
-629
-908
-940
-387
477
1114
1186
715
58
-248
177
1075
1657
1401
644
127
133
367
617
849
806
275
-299
-166
718
1594
1793
1370
832
542
567
795
872
278
-1091
-2588
-3501
-3771
-3960
-4956
-7314
-9898
-9796
-5455
215
2049
-1516
-6444
-7498
-3237
3463
8331
8692
5027
575
-948
1910
7193
10847
9899
5031
-40
-1883
-92
2828
3823
1857
-1529
-4148
-5098
-4598
-3069
-1318
-635
-1428
-2623
-3268
-3662
-3944
-3083
-688
1552
1697
-79
-1889
-2043
-44
3266
5991
6395
4310
1407
40
1419
4438
6440
5662
2799
60
-845
192
1876
2541
1443
-791
-2818
-3510
-2665
-1379
-1186
-2404
-3747
-3901
-2842
-1531
-824
-864
-1160
-1126
-579
242
1040
1588
1763
1787
2170
2952
3440
3110
2417
2171
2393
2381
1731
785
94
-264
-614
-1103
-1655
-2303
-3159
-4100
-4862
-5419
-6147
-7563
-9466
-10116
-7431
-1975
2235
1604
-2726
-5775
-3789
2372
8539
10916
8729
4378
1485
2294
6178
10140
11011
7883
2860
-758
-1205
602
2175
1541
-1287
-4674
-6926
-7188
-5534
-3210
-2106
-2893
-4317
-4933
-4610
-3936
-3051
-1765
-342
478
378
-122
-263
343
1684
3384
4732
5154
4608
3510
2643
2870
4163
5211
4759
3059
1376
542
601
1223
1720
1268
-233
-1858
-2554
-2146
-1442
-1419
-2220
-3066
-3244
-2806
-2180
-1644
-1419
-1558
-1597
-1010
2
756
990
1001
1143
1503
1942
2294
2579
2894
3071
2874
2501
2377
2408
2091
1365
790
694
729
467
-104
-829
-1640
-2472
-3168
-3700
-4397
-5732
-7691
-9456
-9857
-8128
-4737
-1745
-1447
-3836
-6154
-5525
-1569
3623
7187
7385
4872
2280
2082
4717
8485
10835
10051
6627
2973
1338
2006
3474
3867
2276
-730
-3698
-5350
-5173
-3636
-2137
-2035
-3459
-5404
-6787
-6941
-5623
-3289
-1194
-611
-1700
-3268
-3683
-2081
993
3879
4969
4039
2507
2086
3257
5146
6551
6678
5423
3636
2638
2925
3720
3936
3110
1447
-373
-1496
-1560
-1092
-1035
-1871
-3205
-4105
-4009
-3293
-2742
-2615
-2649
-2622
-2324
-1542
-451
273
332
249
674
1573
2472
3007
3012
2922
3049
3358
3512
3235
2791
2076
1327
956
1006
1103
509
-565
-1413
-1614
-1568
-2122
-3366
-4733
-5821
-6759
-7796
-8688
-8675
-7508
-5511
-3664
-2871
-3058
-3742
-3561
-1481
2009
5277
6418
5376
3735
3292
4953
7546
9178
9075
7264
4680
2662
2093
2832
3173
2042
-192
-2523
-3779
-3841
-3315
-2910
-2952
-3370
-4223
-5231
-5715
-5361
-4451
-3267
-2063
-1418
-1704
-2343
-2269
-984
1250
3495
4519
3993
2994
2756
3523
4818
5926
6091
5159
3874
3041
2857
3157
3483
3065
1631
-37
-1042
-1388
-1508
-1640
-1934
-2505
-3204
-3775
-4064
-3943
-3413
-2754
-2208
-1759
-1466
-1443
-1346
-629
619
1776
2439
2608
2541
2676
3164
3656
3888
3942
3709
2964
2030
1534
1593
1719
1460
812
4
-845
-1648
-2193
-2458
-2894
-3882
-5240
-6663
-8118
-9231
-9102
-7490
-5398
-4030
-3822
-4470
-5002
-4074
-1198
2426
4911
5308
4226
3233
3673
5700
8217
9691
9165
6910
4350
3048
3370
4248
4240
2688
55
-2416
-3550
-3241
-2507
-2352
-2918
-3902
-5092
-6113
-6315
-5493
-4290
-3435
-3094
-3195
-3543
-3526
-2536
-752
1080
2329
2626
2099
1718
2509
4228
5675
6133
5729
4833
4015
3977
4709
5186
4531
3039
1634
876
692
561
-30
-1064
-2136
-3036
-3674
-3833
-3642
-3672
-4007
-4087
-3703
-3181
-2650
-2028
-1426
-876
-126
856
1728
2261
2512
2678
3144
4084
4885
4805
4004
3192
2732
2688
3021
3326
2998
1861
345
-820
-1145
-946
-1113
-2145
-3732
-5338
-6683
-7718
-8535
-9084
-8949
-7957
-6772
-6082
-5658
-5051
-4331
-3338
-1429
1287
3564
4484
4459
4586
5613
7376
8912
9346
8644
7335
6006
5273
5378
5554
4653
2480
-109
-2093
-2823
-2438
-2070
-2752
-4221
-5664
-6822
-7426
-6923
-5676
-4898
-4948
-5206
-5231
-4775
-3541
-1848
-460
419
1033
1426
1893
2978
4421
5379
5829
6289
6603
6454
6177
6070
5992
5865
5487
4446
2967
1802
1048
346
-271
-906
-2094
-3735
-4923
-5243
-5043
-4632
-4341
-4605
-5126
-5042
-4222
-3193
-2109
-1036
-382
-51
642
1700
2484
2931
3461
4050
4510
4974
5346
5209
4628
4105
3852
3778
3755
3438
2519
1270
253
-315
-634
-1134
-2232
-3908
-5608
-6836
-7667
-8527
-9532
-10197
-9998
-9083
-8040
-7067
-5942
-4801
-3994
-3148
-1427
1181
3699
5215
5640
5701
6321
7718
9234
10082
9906
8818
7370
6247
5709
5382
4550
2763
458
-1307
-1983
-2112
-2601
-3721
-5052
-6142
-6865
-7150
-6935
-6610
-6681
-6930
-6632
-5629
-4450
-3525
-2835
-2128
-1113
273
1790
3171
4256
4827
4920
5270
6495
7970
8565
8068
7101
6246
5816
5768
5491
4395
2643
850
-542
-1337
-1678
-2195
-3435
-5033
-6015
-5931
-5291
-4893
-5049
-5460
-5592
-5072
-3889
-2386
-1111
-471
-309
36
1060
2542
3825
4528
4784
4913
5090
5360
5648
5707
5337
4689
4095
3629
3097
2419
1708
1027
229
-840
-2112
-3402
-4578
-5508
-6230
-7117
-8474
-9940
-10680
-10105
-8492
-6952
-6325
-6192
-5614
-4410
-2860
-958
1193
3043
4242
4971
5610
6572
7994
9213
9351
8575
7843
7428
6875
6018
5016
3832
2444
1002
-354
-1423
-2119
-2788
-3667
-4392
-4784
-5394
-6465
-7294
-7283
-6724
-6154
-5657
-5143
-4729
-4340
-3574
-2305
-831
530
1552
2169
2828
3969
5121
5671
6030
6766
7488
7602
7198
6539
5750
5136
4869
4525
3571
2013
269
-1173
-2000
-2346
-2732
-3547
-4643
-5667
-6348
-6366
-5673
-4852
-4537
-4562
-4284
-3537
-2538
-1264
1
948
1726
2426
3025
3617
4500
5606
6387
6469
6236
6167
5920
5496
4913
4012
3365
3004
2542
1757
415
-1129
-2496
-3528
-3956
-4282
-5052
-6180
-7737
-9398
-10530
-10554
-9173
-7413
-6443
-6262
-6273
-5694
-4216
-2048
507
2466
3273
3467
3691
4718
6495
8264
9177
8713
7593
6583
6005
5907
5923
5427
3930
1759
-157
-1296
-1660
-1531
-1782
-2661
-3947
-5271
-6124
-6533
-6140
-5383
-5170
-5428
-5695
-5625
-4999
-3601
-1945
-795
-337
53
611
1357
2712
4092
4958
5167
4842
4540
4896
6143
7192
7096
5961
4478
3424
3237
3566
3255
1877
91
-1416
-2366
-2700
-2773
-3235
-4211
-5213
-5752
-5657
-5037
-4332
-4020
-3990
-3701
-2952
-1979
-917
174
1048
1661
2341
3180
3857
4308
4768
5243
5591
5827
5849
5435
4696
3942
3265
2667
2242
1855
1146
3
-1272
-2303
-2961
-3419
-3969
-4769
-5776
-6861
-7816
-8462
-8737
-8566
-7807
-6688
-5826
-5395
-4851
-3880
-2766
-1550
62
1848
3161
3881
4377
4908
5677
6737
7540
7464
6817
6260
5747
5038
4398
3892
3020
1673
400
-473
-1092
-1607
-2132
-2758
-3347
-3794
-4317
-4885
-5032
-4702
-4365
-4108
-3686
-3271
-3066
-2711
-1936
-1015
-153
677
1259
1503
1862
2567
3237
3708
4123
4265
4074
4196
4870
5329
4972
4030
2958
2199
2089
2266
1875
695
-693
-1754
-2257
-2169
-1974
-2436
-3554
-4505
-4717
-4301
-3571
-2887
-2597
-2671
-2650
-2138
-1102
117
989
1298
1438
1850
2421
2847
3160
3503
3810
4007
4152
4211
4061
3711
3265
2767
2251
1741
1188
613
180
-103
-512
-1282
-2262
-3081
-3529
-3746
-4075
-4788
-5965
-7393
-8380
-8040
-6393
-4717
-4191
-4638
-5066
-4803
-3582
-1396
1040
2419
2220
1481
1629
3025
4988
6567
6974
6029
4588
3913
4286
4852
4824
4063
2649
915
-281
-353
129
182
-420
-1314
-2246
-3037
-3392
-3194
-2754
-2596
-2937
-3449
-3636
-3364
-2798
-2039
-1222
-729
-731
-775
-351
464
1273
1871
2206
2274
2203
2168
2300
2773
3570
4165
3933
2987
2169
2053
2382
2584
2401
1805
831
-216
-808
-782
-546
-680
-1406
-2395
-3019
-2904
-2303
-1794
-1726
-2004
-2270
-2213
-1721
-923
-188
97
5
20
398
953
1476
1928
2231
2334
2410
2699
3161
3465
3375
3036
2705
2432
2210
2146
2223
2116
1530
544
-372
-773
-807
-1184
-2305
-3748
-4877
-5620
-6303
-6998
-7386
-7196
-6566
-5958
-5650
-5459
-5076
-4402
-3404
-2020
-517
547
1015
1375
2087
3174
4443
5493
5742
5107
4390
4356
4855
5216
4928
3854
2404
1445
1429
1831
1876
1337
369
-843
-1861
-2170
-1861
-1654
-2033
-2745
-3233
-3262
-3011
-2696
-2384
-2154
-2055
-1922
-1596
-1157
-735
-334
82
575
1122
1513
1626
1684
1975
2588
3383
3918
3741
3025
2476
2504
2906
3228
3009
2061
821
43
-46
54
-167
-773
-1549
-2182
-2397
-2264
-2158
-2320
-2651
-2916
-2865
-2416
-1821
-1427
-1247
-1035
-692
-273
223
757
1168
1445
1795
2273
2690
2997
3290
3471
3427
3326
3271
3068
2686
2393
2203
1845
1254
583
-88
-752
-1400
-2106
-2919
-3705
-4374
-5173
-6376
-7577
-7815
-6794
-5437
-4828
-5070
-5504
-5462
-4554
-2803
-821
536
913
737
787
1619
3196
4791
5451
4941
4088
3875
4376
4901
4952
4534
3728
2679
1892
1793
2042
1967
1397
582
-282
-1013
-1402
-1486
-1519
-1669
-1946
-2319
-2689
-2828
-2553
-2061
-1773
-1755
-1720
-1580
-1417
-1099
-547
-62
103
131
300
632
1050
1483
1799
1887
1859
1982
2302
2529
2454
2198
1949
1761
1661
1592
1331
775
189
-96
-110
-161
-422
-796
-1116
-1327
-1451
-1472
-1393
-1343
-1406
-1432
-1258
-985
-781
-611
-447
-377
-358
-198
121
436
690
900
1014
1035
1118
1371
1754
2156
2407
2305
1839
1357
1266
1571
1866
1749
1174
417
-178
-449
-518
-743
-1392
-2323
-3127
-3659
-4111
-4648
-5212
-5562
-5336
-4365
-3228
-2973
-3867
-4812
-4431
-2496
-144
1096
638
-580
-928
370
2542
4091
4146
3082
2045
1960
2882
4103
4670
4064
2689
1621
1622
2447
3202
3166
2271
1114
522
706
1038
876
296
-256
-605
-798
-887
-983
-1202
-1454
-1611
-1751
-1937
-2042
-1974
-1858
-1783
-1706
-1652
-1714
-1792
-1589
-1028
-445
-151
-76
32
299
714
1158
1485
1720
1985
2207
2203
2052
2038
2268
2473
2287
1699
1096
797
752
699
423
-112
-673
-984
-1046
-1074
-1236
-1573
-1951
-2136
-2044
-1854
-1761
-1801
-1880
-1839
-1535
-984
-388
13
158
238
518
1073
1702
2120
2223
2185
2260
2519
2797
2940
2929
2798
2529
2067
1463
918
589
336
-169
-1008
-1884
-2558
-3160
-3896
-4608
-4855
-4434
-3708
-3414
-4051
-5248
-5804
-4792
-2633
-826
-537
-1549
-2508
-2101
-233
1902
2922
2498
1498
1114
1841
3166
4111
4092
3328
2559
2374
2792
3420
3806
3664
3044
2338
1935
1824
1715
1462
1162
888
576
166
-313
-772
-1083
-1163
-1102
-1178
-1571
-2098
-2391
-2289
-1945
-1607
-1443
-1517
-1749
-1887
-1720
-1298
-849
-532
-376
-340
-302
-103
282
677
935
1051
1068
1027
984
963
942
906
847
725
513
244
23
-79
-103
-178
-364
-627
-900
-1078
-1050
-868
-741
-767
-827
-807
-720
-583
-351
-55
184
318
421
554
715
913
1147
1350
1460
1488
1487
1490
1485
1418
1266
1100
966
825
669
531
380
181
-3
-109
-181
-275
-411
-604
-813
-926
-895
-850
-947
-1198
-1487
-1688
-1707
-1526
-1338
-1400
-1689
-1908
-1886
-1709
-1500
-1330
-1298
-1391
-1426
-1250
-910
-542
-255
-146
-175
-72
345
886
1217
1266
1214
1248
1425
1692
1908
1971
1887
1722
1545
1416
1364
1345
1281
1153
983
793
605
430
247
63
-48
-69
-127
-345
-649
-827
-825
-770
-722
-642
-547
-480
-405
-321
-249
-112
125
297
307
289
348
442
540
631
632
524
442
464
508
496
411
211
-54
-197
-160
-123
-224
-389
-497
-529
-549
-614
-699
-748
-742
-660
-504
-358
-333
-384
-353
-167
99
299
318
183
58
50
60
-50
-258
-428
-485
-437
-345
-336
-510
-729
-736
-506
-291
-257
-364
-506
-603
-591
-496
-433
-487
-642
-817
-875
-723
-453
-294
-327
-437
-487
-402
-157
180
440
528
522
594
855
1257
1627
1847
1951
2006
2011
2015
2118
2301
2381
2241
1964
1687
1459
1264
1072
870
624
273
-178
-608
-917
-1111
-1219
-1273
-1355
-1526
-1732
-1843
-1748
-1483
-1274
-1288
-1433
-1478
-1314
-993
-643
-415
-381
-431
-388
-170
177
508
628
465
209
121
234
387
455
387
171
-99
-259
-230
-120
-100
-262
-557
-837
-955
-906
-820
-810
-858
-897
-878
-781
-621
-439
-262
-60
177
407
583
711
853
1056
1295
1488
1579
1594
1595
1623
1678
1706
1657
1509
1272
1000
799
714
691
615
394
16
-370
-572
-570
-541
-645
-915
-1242
-1467
-1504
-1387
-1221
-1141
-1204
-1306
-1278
-1067
-759
-476
-315
-271
-222
-47
227
484
665
792
871
892
871
859
896
978
1025
923
638
291
56
2
23
-46
-283
-618
-909
-1068
-1081
-989
-881
-856
-934
-1037
-1050
-900
-626
-379
-268
-247
-199
-67
149
437
719
881
894
868
916
1044
1170
1228
1199
1101
993
913
843
743
612
448
218
-76
-355
-545
-649
-746
-902
-1118
-1327
-1439
-1394
-1249
-1142
-1162
-1234
-1220
-1052
-758
-442
-219
-127
-91
12
259
629
991
1171
1113
959
908
1022
1206
1317
1259
1066
861
744
698
639
520
340
143
-24
-141
-235
-356
-522
-717
-878
-940
-913
-889
-930
-988
-963
-846
-727
-658
-615
-528
-375
-174
50
264
426
540
641
769
926
1070
1136
1094
996
898
807
707
614
531
407
196
-55
-239
-302
-306
-366
-539
-759
-914
-947
-905
-865
-850
-833
-780
-691
-591
-498
-382
-204
37
266
397
448
520
669
840
939
955
941
936
939
940
931
890
788
627
442
265
85
-105
-286
-449
-609
-773
-918
-1040
-1139
-1205
-1222
-1195
-1142
-1092
-1062
-1042
-983
-855
-676
-485
-297
-135
-27
51
170
353
530
615
580
474
411
472
602
662
596
475
408
448
553
623
568
392
196
107
154
264
317
246
84
-54
-70
24
119
136
80
-5
-70
-82
-46
-8
24
67
122
163
185
198
194
184
207
262
287
228
112
15
-12
27
72
59
-28
-151
-263
-330
-344
-329
-332
-391
-489
-577
-605
-560
-461
-356
-287
-265
-260
-218
-105
41
144
163
131
125
169
232
279
305
332
367
387
375
333
290
265
267
272
241
147
19
-93
-140
-143
-142
-165
-215
-287
-376
-471
-544
-576
-564
-530
-498
-494
-516
-531
-495
-405
-305
-240
-207
-166
-87
7
78
114
141
190
256
313
345
358
366
366
344
298
235
173
129
117
129
147
154
167
201
250
289
310
341
399
469
506
487
436
400
413
469
523
523
447
332
248
237
278
297
242
123
-12
-116
-178
-212
-248
-315
-424
-552
-661
-726
-761
-802
-861
-920
-958
-968
-960
-920
-839
-725
-622
-560
-517
-436
-281
-76
109
218
251
258
313
447
635
795
848
794
706
669
701
751
767
723
622
487
353
272
261
293
295
220
75
-74
-158
-156
-116
-122
-217
-370
-499
-541
-495
-419
-371
-367
-383
-385
-347
-262
-153
-50
24
66
99
133
184
244
298
329
320
273
214
161
114
51
-48
-165
-255
-305
-338
-395
-483
-560
-585
-551
-497
-456
-434
-408
-358
-285
-202
-109
6
140
281
403
491
561
635
721
800
847
860
858
844
807
737
646
567
517
471
385
244
73
-81
-188
-255
-327
-449
-610
-762
-846
-845
-811
-803
-854
-922
-942
-863
-711
-555
-462
-429
-402
-319
-165
20
177
279
335
374
419
481
552
613
639
618
564
505
465
443
426
385
315
229
153
109
89
68
21
-51
-126
-174
-185
-175
-169
-182
-213
-246
-259
-233
-176
-117
-86
-88
-95
-84
-48
2
55
100
138
164
189
218
252
275
273
247
212
189
174
149
90
-7
-116
-205
-252
-271
-296
-348
-424
-489
-517
-505
-474
-437
-397
-356
-311
-251
-163
-50
56
127
164
194
247
325
408
473
502
495
471
452
458
478
486
457
393
309
232
173
130
83
16
-67
-154
-228
-281
-323
-369
-427
-488
-540
-563
-564
-561
-569
-581
-575
-528
-450
-368
-303
-257
-208
-134
-24
104
216
283
314
338
387
453
505
512
470
408
360
333
307
261
199
141
103
79
58
36
14
-10
-36
-50
-50
-47
-52
-75
-100
-106
-81
-36
5
19
11
-5
-2
32
86
133
150
134
112
116
165
234
283
281
234
181
152
144
131
88
17
-56
-111
-159
-204
-252
-301
-344
-380
-411
-441
-475
-502
-512
-498
-462
-407
-339
-267
-204
-147
-79
13
122
216
267
276
271
284
327
386
432
446
428
402
386
382
377
350
295
210
117
31
-31
-80
-133
-200
-270
-326
-359
-379
-395
-420
-447
-467
-472
-458
-429
-385
-331
-264
-190
-106
-18
73
162
240
296
330
350
365
375
377
360
330
300
280
266
239
190
122
54
2
-28
-54
-92
-150
-208
-234
-207
-142
-83
-62
-73
-82
-50
20
91
122
99
51
27
47
101
150
170
155
129
116
133
160
174
155
113
70
39
20
2
-24
-48
-60
-58
-64
-91
-138
-182
-196
-188
-185
-209
-256
-295
-293
-248
-184
-138
-124
-124
-109
-65
0
55
79
71
57
66
109
169
214
224
206
187
192
225
257
252
194
108
37
11
23
32
-1
-77
-152
-182
-157
-113
-107
-157
-229
-272
-264
-220
-188
-190
-210
-210
-165
-85
-5
42
58
67
91
135
178
197
187
168
160
170
186
193
174
136
97
70
53
31
-4
-51
-97
-127
-137
-130
-121
-119
-120
-114
-94
-68
-49
-36
-25
-7
19
51
80
101
118
132
151
172
185
189
174
149
120
103
91
77
51
18
-13
-34
-45
-55
-66
-83
-99
-109
-115
-124
-137
-148
-148
-136
-118
-101
-89
-78
-65
-42
-16
10
32
43
44
41
42
53
68
77
72
58
45
44
49
52
43
26
9
5
9
13
11
2
-6
-6
-1
0
-10
-31
-50
-60
-54
-47
-55
-78
-105
-119
-110
-92
-85
-105
-139
-162
-154
-122
-86
-71
-74
-76
-57
-11
44
85
104
107
115
140
176
205
215
209
195
190
190
188
174
147
115
84
59
35
11
-13
-33
-52
-68
-84
-98
-110
-121
-127
-128
-128
-128
-129
-127
-117
-94
-62
-31
-7
9
26
47
77
103
118
121
117
117
124
134
139
137
128
119
108
92
67
34
-5
-40
-68
-91
-115
-140
-164
-177
-178
-169
-158
-156
-156
-156
-146
-128
-106
-81
-58
-35
-10
17
47
74
98
119
136
145
142
132
125
126
135
141
136
119
103
93
85
72
46
8
-38
-82
-124
-160
-190
-213
-230
-247
-263
-277
-277
-264
-241
-218
-198
-181
-156
-113
-56
9
66
112
152
195
246
295
329
341
332
319
310
302
289
258
217
175
137
103
70
35
-5
-47
-88
-125
-156
-181
-200
-214
-223
-224
-221
-214
-199
-182
-162
-138
-116
-96
-80
-62
-38
-6
28
58
81
101
122
149
175
188
187
175
159
147
133
116
93
65
34
5
-21
-43
-64
-85
-108
-129
-148
-157
-159
-152
-138
-121
-103
-82
-56
-25
11
43
68
86
103
119
134
150
160
163
158
149
140
131
122
110
92
71
44
17
-10
-34
-56
-75
-93
-113
-135
-157
-173
-181
-188
-192
-201
-213
-218
-214
-200
-180
-159
-138
-117
-90
-56
-17
24
60
92
120
146
171
194
213
226
233
233
227
215
197
176
153
129
102
71
35
0
-31
-52
-67
-79
-96
-115
-131
-139
-137
-128
-121
-118
-118
-112
-95
-75
-56
-41
-31
-25
-18
-6
14
35
51
59
62
63
67
79
94
102
95
75
50
37
33
30
20
-1
-30
-60
-79
-87
-89
-100
-117
-127
-129
-122
-110
-88
-60
-41
-28
-6
30
69
100
120
140
159
174
188
201
215
215
196
169
149
135
114
80
43
12
-8
-27
-52
-83
-112
-135
-144
-150
-161
-178
-195
-209
-217
-211
-192
-172
-160
-159
-147
-114
-88
-74
-54
-35
-10
29
53
69
88
95
108
141
164
167
167
167
170
181
177
148
117
108
110
95
66
31
-4
-23
-26
-30
-40
-52
-78
-112
-124
-114
-109
-109
-105
-100
-83
-55
-32
-33
-45
-46
-30
2
31
37
21
6
5
13
43
90
111
102
69
28
21
44
42
23
-2
-33
-37
-38
-64
-82
-96
-121
-112
-86
-103
-123
-103
-87
-88
-75
-66
-48
2
22
12
46
93
109
132
170
183
183
180
169
185
218
203
171
170
168
152
131
90
56
39
24
14
-1
-46
-117
-187
-212
-191
-154
-116
-124
-203
-277
-283
-246
-196
-173
-182
-165
-118
-84
-53
-24
-20
-8
26
63
108
151
143
112
115
136
166
194
181
140
128
122
94
70
62
53
23
-11
-16
-5
-1
-17
-47
-73
-91
-115
-106
-51
-30
-56
-63
-54
-49
-54
-83
-86
-24
32
43
39
38
34
20
1
12
52
66
51
35
2
-41
-41
-23
-2
1
-44
-82
-94
-113
-103
-66
-50
-62
-113
-135
-73
-29
-39
-29
-24
-42
-23
9
58
125
129
97
114
140
144
147
157
194
230
215
166
133
133
148
139
96
39
11
30
55
59
41
12
-10
-24
-40
-63
-91
-112
-125
-133
-139
-140
-133
-113
-90
-68
-49
-32
-20
-10
-6
-7
-10
-15
-17
-19
-18
-14
-7
2
11
18
22
22
17
6
-9
-27
-47
-63
-77
-86
-90
-85
-75
-59
-38
-17
7
26
42
58
71
80
87
91
88
81
76
75
82
90
89
71
38
11
9
5
-23
-59
-81
-98
-156
-246
-309
-292
-190
-72
-4
-45
-181
-241
-186
-187
-326
-457
-288
129
290
63
-168
-236
-169
41
124
-81
-197
38
401
532
539
510
-215
-1023
-492
960
3453
5794
2909
-3765
-5975
-3033
640
3450
3027
-208
-1208
-468
-1576
-2226
-516
1073
1675
1726
1016
352
-235
-1394
-1785
-543
1193
2546
2981
1999
-136
-2175
-2503
-1316
-307
377
1253
1542
706
-690
-1942
-2505
-2071
-1165
-734
-556
84
328
-823
-2313
-2693
-2048
-1066
60
1164
1706
1268
172
-578
-464
-79
214
1024
2471
3338
2637
857
-786
-1384
-700
806
2144
2458
1890
984
-180
-1394
-2014
-1667
-744
150
726
252
-1451
-2893
-3297
-2869
-1392
376
1335
1434
722
-280
-773
-605
324
1572
2300
2505
2348
1613
380
-555
-269
845
1599
1718
1421
623
-450
-1166
-1293
-998
-400
76
-164
-925
-1508
-1774
-1902
-1744
-1105
-285
130
1
-274
-465
-623
-460
242
1008
1288
1120
803
402
34
117
575
915
1128
1218
841
182
-224
-378
-436
-233
98
102
-242
-621
-962
-1213
-1160
-733
-128
244
134
-155
-267
-304
-292
-32
370
700
860
751
437
107
-140
-174
104
546
785
505
-172
-713
-839
-736
-403
116
239
-133
-461
-672
-764
-533
-170
182
529
581
300
-6
-129
77
418
551
631
809
809
457
-134
-559
-364
156
357
207
-23
-269
-555
-759
-705
-427
-92
170
220
24
-314
-591
-570
-209
314
651
554
325
267
222
143
156
261
459
578
371
120
99
-41
-471
-768
-594
-91
275
138
-396
-864
-885
-557
-293
-178
25
273
247
-127
-462
-305
311
857
919
604
374
484
669
560
159
-178
-111
188
297
169
-61
-416
-776
-853
-617
-323
-121
-75
-242
-453
-540
-526
-295
126
427
536
539
396
241
228
274
341
476
548
444
297
177
-41
-259
-226
-98
-147
-211
-187
-321
-599
-737
-717
-637
-427
-121
1
-136
-263
-207
-56
78
211
440
705
700
412
178
57
85
414
726
662
349
52
-58
-101
-280
-310
-40
166
155
13
-208
-379
-434
-398
-226
31
172
121
-72
-311
-368
-182
74
364
492
224
-41
10
39
-32
-23
-5
-8
14
-12
-88
-122
-157
-245
-229
-114
-77
-22
78
-27
-220
-164
91
284
280
127
29
163
359
278
35
11
215
385
315
36
-194
-232
-191
-214
-328
-382
-323
-328
-404
-374
-257
-205
-252
-261
-66
332
605
403
-9
-46
298
587
662
648
556
344
112
-3
36
139
120
-41
-209
-342
-421
-428
-454
-507
-551
-592
-500
-261
-145
-259
-404
-393
-180
103
290
379
375
253
191
316
478
547
529
448
372
345
303
174
39
32
127
188
85
-157
-336
-294
-140
-98
-215
-339
-354
-286
-231
-216
-203
-154
-86
-37
4
55
92
123
193
282
314
275
229
191
119
41
36
117
165
71
-123
-290
-370
-343
-226
-103
-65
-137
-254
-337
-326
-186
-8
86
74
9
22
146
237
198
87
15
53
93
53
67
163
159
-4
-184
-230
-139
-40
-5
5
-1
-50
-92
-49
52
116
125
147
227
326
319
155
-16
-58
25
138
173
96
-17
-145
-291
-392
-380
-247
-60
39
-74
-323
-464
-350
-84
108
104
26
30
68
49
8
24
136
286
356
316
242
174
93
23
59
210
280
156
-26
-137
-139
-54
-5
-61
-135
-159
-155
-180
-247
-255
-147
-21
34
36
1
-52
-43
53
176
234
181
70
11
73
233
348
305
175
57
-30
-73
-70
-24
31
11
-89
-190
-238
-233
-198
-167
-168
-198
-194
-138
-71
-44
-91
-142
-56
126
228
220
175
123
59
7
17
68
74
26
-1
-7
-49
-140
-201
-159
-68
-14
17
47
26
-42
-60
9
92
127
106
46
-10
-23
0
28
36
5
-54
-88
-48
37
84
57
2
-30
-50
-70
-59
-15
27
68
123
165
121
6
-67
-49
20
93
111
58
-15
-84
-129
-110
-41
11
17
12
-10
-85
-159
-106
52
172
193
163
106
2
-105
-120
-28
71
101
58
-24
-104
-149
-131
-56
18
72
88
45
-6
-11
25
68
83
81
104
131
125
67
-30
-98
-63
48
112
73
-15
-83
-121
-136
-131
-115
-94
-83
-88
-93
-74
-30
23
56
61
65
71
60
54
56
47
43
44
21
-34
-116
-186
-172
-73
17
17
-70
-127
-62
68
155
174
155
109
55
20
2
0
3
7
18
-8
-70
-100
-85
-80
-82
-63
-28
0
-7
-30
-29
4
42
59
65
69
58
27
14
57
130
151
82
-13
-48
-8
44
50
7
-54
-113
-156
-157
-112
-46
3
20
-2
-48
-80
-54
27
120
173
161
91
5
-54
-77
-75
-44
7
39
24
-23
-62
-77
-64
-14
69
136
139
80
10
-37
-43
0
68
99
63
3
-26
-25
-40
-79
-86
-35
22
15
-42
-82
-79
-56
-41
-31
-5
38
72
76
55
40
50
66
61
41
16
-13
-36
-36
-33
-71
-139
-181
-168
-117
-47
11
25
5
-3
21
59
99
154
209
223
186
115
47
-5
-43
-56
-26
29
43
-23
-133
-203
-197
-141
-84
-40
-2
12
-13
-57
-85
-68
3
93
147
156
141
109
55
6
3
50
109
128
87
5
-67
-95
-78
-29
19
26
-11
-53
-74
-77
-68
-46
-20
-8
-21
-43
-53
-43
-35
-35
-25
3
17
3
-12
-6
16
43
67
77
70
64
73
88
103
116
119
102
60
5
-42
-67
-73
-75
-84
-102
-119
-125
-120
-111
-96
-71
-33
10
45
62
70
78
91
102
105
85
43
-8
-34
-24
7
14
-21
-76
-113
-108
-68
-13
29
38
16
-10
-9
18
49
65
70
67
56
39
24
3
-25
-52
-61
-52
-48
-63
-84
-96
-97
-99
-99
-83
-50
-18
0
12
38
76
108
121
123
128
136
129
112
99
101
101
81
35
-18
-59
-71
-52
-18
-5
-35
-88
-121
-116
-84
-46
-13
1
-14
-47
-65
-60
-53
-55
-54
-32
6
32
31
15
3
4
22
61
110
142
135
101
77
80
96
109
108
83
36
-16
-51
-66
-83
-109
-129
-126
-107
-94
-95
-115
-124
-105
-56
-4
16
8
9
40
86
112
110
91
75
71
75
76
72
52
18
-18
-37
-28
-8
-3
-27
-61
-77
-59
-29
-15
-24
-34
-32
-21
-12
-12
-13
-17
-33
-56
-70
-65
-50
-38
-34
-33
-26
-12
7
20
24
32
54
83
100
105
100
95
86
77
72
71
58
36
10
-17
-42
-65
-81
-85
-85
-78
-69
-63
-71
-88
-100
-88
-56
-21
10
27
31
27
23
28
40
46
49
58
72
78
70
49
36
31
32
36
53
69
69
40
5
-15
-18
-11
-4
-6
-21
-51
-79
-94
-97
-94
-94
-91
-80
-66
-49
-32
-17
-1
12
32
60
84
102
111
119
125
118
99
76
61
55
51
36
10
-22
-52
-71
-81
-86
-94
-99
-91
-77
-70
-75
-88
-82
-48
-1
29
32
27
32
44
51
46
43
46
50
46
38
29
17
1
-18
-23
-15
-2
1
-8
-22
-27
-19
-9
-5
-7
-12
-21
-26
-27
-21
-15
-16
-28
-36
-27
-2
24
30
19
1
-8
0
21
46
58
47
18
-7
-16
-10
1
9
7
-6
-24
-33
-31
-29
-32
-32
-25
-13
-4
0
-2
-9
-14
-6
12
35
50
50
40
27
22
26
32
32
24
10
0
-8
-13
-19
-22
-25
-25
-19
-11
1
8
10
4
4
10
19
25
23
19
15
11
3
-6
-12
-12
-13
-14
-19
-19
-16
-11
-5
1
4
4
2
1
4
8
10
12
14
15
12
7
4
2
2
0
-1
-4
-9
-15
-20
-21
-20
-19
-17
-9
1
4
0
-5
-4
7
19
24
25
21
11
2
-2
2
2
-5
-12
-13
-9
-5
-4
-7
-10
-13
-10
-5
-1
2
4
2
-5
-9
-10
-4
1
-1
-5
-9
-8
-7
-5
-3
0
5
7
8
6
6
9
6
3
3
8
15
11
2
-4
-2
4
7
8
2
-6
-14
-14
-10
-8
-9
-8
-3
-2
-7
-6
3
11
14
14
15
17
17
14
12
11
11
6
2
1
0
-5
-11
-12
-8
-3
-1
-4
-3
0
3
1
-1
0
4
6
6
2
0
0
2
2
0
-2
-1
0
4
5
7
4
-1
-4
-1
2
8
11
3
-3
-8
-13
-6
0
1
2
-3
-8
-6
-5
-8
-8
-5
-3
3
4
-2
-5
-1
2
3
5
6
9
12
4
-3
1
1
1
0
-4
-5
-5
-13
-15
-8
-4
-5
0
-4
-4
0
1
7
16
16
13
12
7
8
11
15
16
10
3
-1
-2
-2
-5
-8
-10
-11
-11
-11
-11
-15
-17
-18
-12
-4
-2
-5
-9
-8
-4
1
7
11
10
11
10
12
10
11
14
14
13
8
5
5
6
5
2
2
0
-1
-3
-4
-6
-8
-8
-8
-8
-10
-11
-9
-5
-2
-2
-3
-4
-2
1
5
7
9
8
9
8
9
9
11
9
7
6
7
3
-1
-3
-2
-2
-2
-5
-6
-5
-6
-6
-8
-7
-2
1
-3
-6
-7
-3
-2
-2
-2
-6
-6
-4
-2
0
-1
-2
-4
-1
4
6
7
6
6
5
9
12
13
11
9
7
7
7
7
6
1
-3
-5
-5
-7
-9
-11
-14
-15
-15
-15
-12
-9
-5
-3
-3
-2
0
5
9
10
8
8
9
11
14
13
9
8
7
8
8
5
3
1
1
1
0
-3
-6
-6
-9
-9
-10
-10
-10
-10
-10
-9
-11
-10
-9
-8
-5
-2
1
2
2
3
5
7
8
9
14
14
16
16
12
8
5
4
6
6
5
0
-6
-10
-10
-8
-7
-6
-7
-7
-8
-8
-8
-6
-5
-1
-1
-1
0
2
3
3
1
0
0
3
7
8
5
2
-1
0
2
6
7
7
5
3
2
1
1
0
1
2
1
-1
0
-2
-3
-5
-8
-8
-8
-6
-5
-5
-6
-7
-6
-4
-2
1
5
6
7
6
5
5
7
9
10
11
10
9
6
3
2
1
1
3
2
-1
-4
-6
-6
-5
-4
-4
-5
-6
-6
-7
-6
-4
-4
-2
-1
-1
-1
1
3
3
4
4
5
7
9
11
9
8
7
7
5
5
3
0
-1
0
-1
-4
-5
-7
-10
-9
-7
-7
-5
-8
-8
-8
-7
-4
-2
0
2
4
4
3
4
5
7
8
11
9
7
5
4
4
3
3
1
0
0
1
-2
-3
-3
-4
-3
-3
-4
-4
-4
-6
-4
-3
0
0
0
1
-1
0
2
4
3
3
3
3
2
3
5
3
3
2
2
4
2
0
0
1
1
0
-2
-2
-1
0
-1
-2
-1
-2
-3
-1
-1
-1
0
2
1
1
1
0
0
1
0
1
1
0
1
1
0
2
1
1
1
1
1
2
1
1
1
1
0
1
1
1
1
1
0
0
-1
-4
-1
-1
-1
-3
-4
-1
-1
-1
-3
-2
0
1
0
0
1
1
1
1
2
3
3
2
3
3
4
3
3
3
2
3
1
2
0
0
-1
-1
-3
-2
-3
-4
-4
-4
-4
-3
-2
-1
-1
-1
-3
-3
-3
-1
1
3
3
3
1
4
3
4
6
6
6
6
5
4
3
2
1
0
-1
-1
-3
-4
-3
-5
-6
-6
-7
-6
-4
-4
-3
-2
-4
-2
-1
0
2
2
2
2
3
5
5
5
3
4
4
6
6
6
4
2
1
0
0
-1
0
0
0
-1
-2
-3
-3
-3
-3
-2
-4
-5
-5
-4
-3
-2
-2
0
0
2
2
1
2
3
5
7
8
8
7
7
7
5
5
4
2
1
0
-3
-5
-5
-6
-6
-6
-7
-7
-7
-7
-4
-4
-3
-2
-1
0
0
2
1
2
3
2
4
3
4
5
4
4
3
3
3
3
2
3
1
2
0
0
-1
-2
-3
-2
-3
-3
-4
-3
-5
-6
-5
-5
-5
-4
-2
-3
-3
0
1
2
3
4
6
6
7
7
7
7
7
6
5
4
3
2
-1
-2
-4
-4
-5
-6
-6
-6
-5
-4
-4
-3
-2
-3
-2
-1
0
1
1
2
2
1
3
3
1
3
2
2
2
2
2
2
1
1
1
1
1
0
0
0
0
0
-2
-2
-3
-1
-2
-2
-4
-3
-4
-3
-2
-1
-1
-1
-1
0
1
2
2
4
3
4
3
4
4
4
5
3
1
1
0
0
-1
-2
-2
-3
-3
-5
-4
-4
-2
-2
-1
0
0
0
1
0
0
0
0
1
2
1
-1
-1
0
0
0
0
0
0
0
-1
0
-1
0
1
0
0
0
0
1
0
0
0
0
-1
-2
-2
-1
-1
-1
-1
-2
-1
0
-1
1
0
1
1
2
1
2
2
2
2
2
2
1
1
0
1
0
0
-1
-1
-2
-2
-1
-1
1
0
0
1
2
1
1
-1
1
1
1
1
1
1
2
0
1
0
0
0
0
0
1
0
1
0
0
0
1
0
0
0
0
0
-1
0
0
0
0
0
0
0
0
0
-1
0
0
0
0
0
0
0
0
1
1
2
1
2
1
1
2
1
1
1
0
0
1
0
0
1
0
0
0
0
0
0
0
0
0
0
0
1
0
0
-1
0
0
-1
0
-1
0
0
1
1
0
0
1
0
1
1
1
1
1
0
2
1
1
1
2
3
2
2
1
1
2
1
1
0
0
-2
-4
-4
-5
-5
-5
-4
-4
-3
-1
0
1
4
6
8
9
11
10
9
7
3
0
-4
-7
-8
-9
-10
-12
-12
-8
-6
-1
6
10
15
13
10
5
2
-1
-2
-4
-4
-6
-9
-10
-11
-8
-6
-2
2
5
6
4
3
2
0
-2
-2
1
2
4
4
5
5
7
9
9
10
7
4
0
-5
-14
-22
-29
-35
-34
-30
-25
-20
-16
-10
-1
11
25
39
45
45
38
26
13
4
-6
-11
-15
-17
-16
-14
-8
-4
3
10
18
26
34
37
37
32
25
16
10
5
4
1
-3
-12
-25
-37
-44
-47
-46
-44
-41
-39
-36
-31
-24
-11
5
26
45
63
70
69
62
54
47
44
39
31
14
-11
-42
-68
-87
-92
-83
-69
-51
-39
-34
-37
-40
-40
-29
-9
18
46
66
77
78
75
71
72
77
81
82
75
56
24
-16
-61
-102
-131
-146
-142
-125
-102
-76
-54
-32
-9
18
43
65
81
87
85
77
67
56
43
28
16
2
-6
-10
-10
-3
4
10
15
18
17
13
8
1
-7
-12
-16
-23
-29
-43
-56
-71
-80
-82
-80
-76
-77
-91
-113
-144
-170
-180
-165
-123
-54
38
143
256
369
475
565
627
654
633
556
416
216
-26
-287
-530
-722
-840
-874
-830
-724
-573
-399
-216
-38
130
277
396
477
510
492
427
325
204
84
-19
-90
-129
-146
-144
-138
-132
-127
-122
-107
-75
-28
33
99
167
225
267
288
285
257
209
147
72
-13
-106
-203
-297
-379
-437
-464
-454
-404
-324
-215
-93
33
149
248
322
368
386
377
347
298
232
152
62
-33
-122
-197
-247
-268
-262
-230
-184
-125
-59
6
73
134
185
220
231
221
190
145
91
33
-24
-77
-122
-160
-185
-201
-205
-199
-187
-169
-145
-117
-83
-44
1
47
87
123
150
167
175
170
159
139
118
94
70
49
31
14
-1
-16
-28
-35
-40
-41
-40
-43
-47
-54
-64
-72
-78
-77
-70
-55
-41
-29
-20
-14
-13
-16
-15
-14
-8
2
14
28
40
53
67
80
90
99
100
93
82
66
45
24
6
-13
-29
-43
-56
-68
-78
-85
-92
-93
-88
-79
-61
-40
-16
7
30
46
59
64
62
53
40
23
4
-14
-29
-39
-43
-40
-30
-15
6
25
44
57
64
65
58
46
28
8
-12
-32
-48
-64
-74
-79
-80
-75
-65
-52
-34
-14
7
27
47
63
76
83
85
80
70
54
35
15
-7
-24
-38
-47
-51
-50
-45
-36
-28
-18
-9
0
6
10
16
19
20
19
17
13
9
6
1
-7
-13
-17
-18
-18
-13
-7
-1
7
13
19
21
23
24
23
21
16
9
-1
-11
-20
-24
-24
-19
-12
-6
1
5
8
10
12
11
10
6
3
-3
-11
-20
-25
-28
-23
-15
-8
-2
4
6
9
11
12
12
12
9
8
4
-1
-6
-11
-12
-11
-7
-1
6
11
16
17
19
15
10
5
-1
-7
-13
-18
-22
-23
-20
-16
-10
-5
1
5
8
11
10
10
8
6
4
1
-3
-6
-9
-10
-8
-6
0
5
11
16
21
22
24
24
25
23
20
13
4
-4
-11
-18
-23
-28
-31
-31
-33
-31
-25
-19
-11
-1
4
8
10
9
12
13
16
19
23
24
25
23
23
20
18
16
12
7
0
-9
-19
-28
-35
-39
-39
-34
-26
-17
-10
-4
0
2
3
8
11
15
16
17
14
11
7
4
1
1
0
4
4
4
4
2
1
-2
-1
-2
0
1
3
3
3
3
3
4
4
5
6
3
-1
-5
-11
-16
-19
-21
-23
-23
-21
-18
-14
-9
-4
2
8
13
18
23
27
30
32
33
30
26
20
11
4
-3
-9
-14
-17
-21
-24
-25
-25
-21
-18
-12
-8
-2
2
6
8
9
8
7
5
2
-1
-2
-5
-5
-6
-7
-7
-6
-5
-4
0
4
10
14
20
23
25
24
21
16
9
2
-5
-11
-15
-18
-20
-18
-16
-12
-8
-3
1
4
7
8
5
4
1
-3
-7
-9
-10
-10
-8
-6
-4
1
2
4
7
10
11
14
12
11
10
8
6
5
5
4
5
5
3
0
-3
-6
-10
-12
-13
-13
-13
-8
-6
-5
-3
1
4
7
10
13
14
13
10
6
0
-3
-7
-9
-11
-11
-12
-12
-11
-11
-9
-7
-5
-1
5
7
10
12
12
12
12
14
14
17
16
14
9
4
0
-4
-6
-9
-10
-11
-12
-12
-12
-10
-8
-5
-3
-1
0
0
1
0
-1
-1
-2
-2
-3
-3
-4
-4
-4
-2
1
4
7
11
13
17
19
20
18
17
13
10
3
-3
-7
-11
-14
-15
-14
-12
-8
-5
-1
1
3
2
-2
-5
-9
-11
-13
-15
-14
-14
-12
-9
-4
2
9
15
19
22
22
21
20
18
16
13
9
5
0
-6
-12
-15
-20
-21
-22
-19
-17
-14
-11
-10
-6
-3
1
6
10
13
16
15
15
14
13
13
13
14
13
11
7
2
-3
-8
-12
-14
-14
-14
-13
-10
-9
-7
-5
-5
-2
0
2
2
4
3
3
4
4
4
7
8
8
8
7
4
2
1
0
0
0
0
-3
-2
-3
-2
0
0
2
2
1
0
-2
-1
-2
-1
-1
0
2
1
0
-1
-3
-4
-4
-4
-4
-1
1
4
5
7
7
6
6
5
4
2
0
-2
-6
-6
-8
-6
-4
0
3
8
10
11
10
8
6
4
2
0
-3
-6
-9
-14
-16
-20
-22
-24
-23
-21
-19
-14
-7
2
9
16
22
25
25
24
21
16
12
8
3
-2
-4
-8
-10
-8
-6
-4
0
2
4
3
4
3
3
0
0
-2
-3
-4
-6
-7
-9
-11
-11
-10
-7
-5
-1
4
10
13
14
14
13
11
9
6
3
-1
-3
-7
-9
-11
-10
-10
-7
-4
0
7
11
12
13
13
12
9
6
3
1
-2
-4
-6
-8
-9
-9
-10
-7
-5
-1
3
6
8
8
9
9
7
5
2
2
0
1
0
-1
0
1
1
2
2
2
2
1
0
-1
-3
-4
-5
-5
-4
-3
-2
0
1
1
2
2
3
3
3
3
2
0
-1
-4
-6
-8
-9
-11
-9
-8
-7
-5
-3
-1
1
2
5
7
8
10
11
11
10
10
9
6
4
1
-3
-7
-11
-14
-15
-15
-14
-12
-9
-6
-1
1
6
10
12
14
13
12
10
9
5
3
0
-2
-4
-7
-8
-9
-9
-8
-7
-5
-4
-2
-1
1
1
3
5
7
8
8
9
8
7
6
5
3
1
0
-1
-4
-5
-7
-6
-6
-3
-3
-1
1
2
5
6
8
7
6
6
5
4
3
2
2
1
-1
0
0
-2
-2
-2
-3
-3
-4
-5
-5
-4
-3
-2
1
0
1
2
2
2
3
3
2
2
1
0
-1
-3
-3
-3
-3
-3
-3
-3
-1
-1
-1
1
0
0
0
1
0
0
1
0
1
1
-1
-1
-1
-1
0
0
1
1
1
1
1
0
1
1
-1
0
0
-1
-1
-1
-1
-1
0
0
1
1
3
2
2
4
2
2
2
2
1
0
-1
-2
-1
-1
-2
-2
-2
-1
-1
-1
0
0
2
1
1
2
1
2
3
3
3
3
3
2
2
2
1
1
0
0
1
0
-1
-1
-1
-1
-1
-1
-2
0
1
0
0
0
0
0
1
0
0
1
1
1
1
2
1
0
0
0
0
0
0
0
1
1
0
1
-1
0
0
0
0
0
0
0
0
0
0
0
0
0
0
0
0
0
0
1
1
1
1
1
1
1
1
1
1
-1
1
0
1
0
0
1
0
0
0
0
0
1
-1
0
0
0
0
0
1
0
0
-1
0
0
0
0
1
0
0
1
-1
-1
0
1
1
0
-1
-1
-1
0
0
2
2
1
2
1
1
2
1
1
1
0
0
-2
-3
-3
-1
-1
0
-1
0
0
0
0
0
0
1
1
1
1
0
0
1
1
0
0
0
-1
-1
-1
-1
-1
-1
-1
-1
-1
0
0
1
1
1
1
1
1
1
1
0
-1
0
0
0
0
0
0
0
0
0
0
0
0
0
0
0
0
0
0
0
-1
0
0
0
0
0
0
0
0
0
0
0
0
0
1
0
0
0
0
0
0
0
1
0
0
0
1
1
0
0
0
-1
1
1
0
0
0
0
0
0
0
1
0
0
0
1
0
0
0
0
0
0
1
1
1
1
1
1
1
2
2
2
0
-1
-1
0
0
0
1
0
1
1
0
0
0
0
0
0
0
1
0
1
0
0
0
0
0
0
1
-1
0
1
-1
0
0
0
0
0
0
0
-1
0
0
0
-1
0
-1
0
0
0
0
0
-1
0
0
0
0
0
0
-1
0
0
0
0
0
0
0
0
-1
-1
0
0
0
0
0
1
0
0
0
0
0
-1
0
0
0
0
0
0
0
0
0
1
0
1
0
0
1
-1
1
0
0
0
-1
-1
0
0
0
-1
0
-1
0
0
0
-1
0
0
0
0
1
0
0
0
0
0
0
1
0
1
0
0
0
0
0
0
1
0
0
0
1
1
0
0
0
0
0
0
0
0
-1
1
0
0
0
0
0
0
0
1
0
0
-1
0
0
0
-1
-1
0
0
1
0
-1
0
0
0
0
0
0
-1
-1
0
0
-1
1
0
1
0
0
0
0
0
0
1
0
0
0
-1
0
0
0
0
0
1
-1
0
0
0
0
0
0
0
0
0
1
0
0
0
0
0
0
-1
0
0
-1
0
0
-1
0
0
0
0
0
0
0
0
1
0
0
-1
1
0
0
-1
-1
0
0
0
1
-1
0
0
0
-1
1
0
0
0
1
-1
0
0
0
0
0
0
0
0
0
0
0
-1
0
0
0
0
0
0
0
0
0
0
1
-1
0
0
-1
1
0
0
0
0
0
0
0
0
0
0
0
0
0
0
-1
0
0
0
0
0
0
0
-1
0
0
0
-1
0
0
-1
-1
0
0
0
0
0
1
1
-1
0
-1
0
0
0
0
0
0
0
0
1
0
0
0
0
-1
1
0
0
1
0
0
0
0
0
1
1
0
0
0
0
0
-1
0
-1
1
0
1
0
0
1
0
0
1
0
0
0
1
-1
-1
1
0
0
0
-1
0
0
1
0
0
0
0
0
0
-1
0
0
0
-1
0
0
1
1
-1
0
0
0
0
0
0
0
0
0
-1
1
0
0
1
0
0
0
0
1
-1
0
0
0
0
-1
1
0
0
-1
0
0
0
0
0
-1
0
-1
1
0
0
1
0
0
0
0
0
0
0
0
-1
0
0
0
1
0
1
0
0
0
0
-1
0
0
1
1
0
0
0
-1
-1
0
0
0
-1
0
0
1
0
1
0
0
1
0
0
1
0
0
0
0
0
0
0
0
0
0
0
-1
1
0
0
0
0
0
0
0
0
0
0
-1
0
-1
0
0
0
0
0
-1
0
0
0
1
0
0
0
0
0
0
0
0
0
-1
1
1
-1
0
0
0
0
0
0
0
0
0
0
0
0
0
-1
0
0
0
0
0
0
0
0
-1
0
0
0
0
-1
0
-1
0
0
0
0
0
-1
0
0
-1
0
0
0
1
0
0
0
0
0
0
1
0
0
0
0
0
1
0
0
0
1
1
0
0
0
0
0
0
0
0
1
1
1
0
0
-1
0
0
0
-1
-1
0
0
0
0
0
0
0
0
0
0
0
0
0
0
0
0
0
0
0
0
0
1
1
1
0
-1
0
0
0
0
0
0
1
-1
-1
0
0
0
0
0
1
0
-1
0
0
0
0
0
0
0
0
-1
0
0
0
0
1
0
0
0
0
0
-1
1
1
0
0
0
0
1
0
0
0
0
0
0
0
0
0
0
0
0
1
0
0
0
0
0
0
1
0
0
0
0
0
0
0
0
0
0
1
0
-1
0
0
0
0
-1
0
0
0
0
0
0
-1
0
0
-1
0
0
0
-1
1
0
0
0
0
0
0
0
0
0
0
0
0
0
-1
0
-1
0
0
0
0
0
0
0
0
0
1
0
0
0
0
0
0
0
0
0
0
0
1
0
0
0
0
0
0
0
0
0
-1
0
0
1
0
0
0
0
0
0
0
1
0
0
0
0
0
0
-1
0
1
0
0
0
0
0
0
0
0
-1
0
0
0
0
0
0
0
0
1
0
-1
0
1
0
0
-1
0
0
0
0
-1
0
0
0
0
1
0
0
0
0
0
0
0
0
-1
0
0
0
0
0
0
0
0
0
1
0
0
0
0
0
1
0
0
1
0
1
-1
0
0
0
0
0
0
0
0
-1
0
-1
-1
0
0
0
0
0
0
0
0
0
0
-1
0
-1
0
0
0
0
0
0
-1
0
0
0
0
0
0
0
0
0
0
0
0
0
0
0
0
0
1
1
0
-1
0
0
0
0
0
0
0
0
0
0
0
0
0
0
0
0
1
0
0
0
0
0
1
0
0
0
0
0
0
0
-1
-1
0
0
0
0
0
-1
-1
0
0
0
-1
1
0
0
-1
0
0
0
0
0
0
0
0
0
0
0
0
0
0
0
0
1
0
0
-1
0
0
0
0
0
0
1
0
0
-1
-1
0
0
0
0
-1
0
0
0
0
0
1
0
0
1
0
1
0
0
0
0
0
0
-1
0
0
0
0
0
0
1
0
0
0
0
0
0
-1
-1
0
-1
0
0
0
0
0
0
0
0
0
0
0
0
0
0
-1
0
0
0
0
1
0
0
0
0
0
0
0
0
0
0
-1
1
-1
0
0
0
0
0
0
0
0
1
0
1
0
0
0
1
-1
0
0
0
0
0
0
0
0
0
0
-1
0
0
0
0
1
1
0
1
0
0
0
0
0
0
0
0
0
0
-1
-1
-1
-1
0
0
0
0
0
-1
0
0
0
0
0
-1
0
-1
0
1
0
0
1
0
0
-1
0
-1
0
0
0
-1
0
1
-1
0
0
0
0
-1
0
1
0
-1
1
1
0
1
-1
0
0
1
0
0
-1
1
0
0
1
0
0
0
0
1
0
0
0
0
1
0
-1
0
-1
0
1
0
1
-1
0
1
0
0
0
0
0
-1
0
0
0
0
0
0
0
0
0
0
-1
0
1
0
1
0
-1
0
0
1
0
0
0
0
0
0
-1
0
-1
0
0
0
0
0
0
0
1
0
1
0
0
0
0
0
-1
0
0
0
0
0
-1
0
0
0
0
0
0
1
0
0
0
0
1
0
0
0
0
0
0
0
0
0
-1
0
1
0
0
0
0
0
0
0
0
0
0
0
0
0
0
0
-1
1
0
0
0
-1
0
0
0
1
0
0
0
-1
0
0
0
0
1
1
0
1
0
0
-1
0
-1
0
0
0
0
0
0
0
0
0
0
0
0
0
1
0
0
0
0
0
0
0
0
0
0
0
0
0
0
0
0
0
0
1
0
0
0
1
0
0
0
0
0
0
0
0
1
1
0
0
1
0
0
0
0
0
1
0
0
-1
1
0
-1
-1
0
0
0
0
0
1
0
1
0
0
0
1
0
-1
0
-1
0
0
-1
0
0
0
-1
0
0
0
0
0
0
0
0
1
-1
0
0
0
0
-1
0
0
0
0
0
1
0
0
0
0
0
0
0
0
1
1
0
0
0
0
0
0
0
0
0
1
0
-1
0
0
0
0
0
0
0
0
0
0
1
0
1
1
1
0
0
0
0
0
0
0
0
0
0
0
0
-1
0
0
0
-1
0
-1
0
0
0
0
0
0
0
-1
1
0
1
0
0
0
0
1
1
0
-1
0
1
-1
0
0
0
0
0
0
0
0
0
0
0
0
0
1
-1
0
0
0
0
0
0
0
-1
0
-1
0
0
0
0
0
-1
0
1
0
0
0
1
0
0
0
0
0
0
0
0
0
0
0
0
0
0
1
0
1
0
-1
-1
-1
0
0
0
0
0
0
0
-1
0
0
1
-1
0
1
0
0
0
0
0
0
0
-1
0
0
0
0
0
0
0
0
0
0
0
0
0
0
0
0
0
0
0
0
0
0
1
0
1
0
0
0
1
0
0
-1
1
0
-1
0
0
-1
0
0
0
0
-1
0
0
0
0
1
0
0
0
1
0
0
1
-1
0
0
0
0
0
0
-1
0
1
0
0
0
1
-1
0
0
0
-1
0
0
0
-1
0
1
0
-1
0
0
-1
-1
0
0
0
0
-1
-1