-34
-66
-134
-277
-461
-613
-682
-684
-689
-761
-883
-986
-1028
-1031
-1018
-997
-980
-969
-958
-935
-877
-776
-657
-553
-461
-352
-211
-56
77
172
236
286
325
358
396
436
461
453
418
376
340
307
282
285
319
356
351
300
245
238
271
310
345
404
488
552
550
521
534
619
719
778
789
785
777
751
706
663
633
603
553
472
361
253
171
109
59
23
-19
-94
-189
-253
-261
-235
-216
-234
-279
-327
-337
-298
-246
-235
-272
-304
-284
-224
-165
-139
-146
-165
-160
-120
-62
-29
-32
-50
-63
-70
-75
-79
-106
-175
-265
-337
-376
-405
-431
-451
-479
-536
-613
-677
-689
-635
-532
-450
-444
-511
-589
-600
-502
-316
-149
-99
-156
-210
-169
-49
66
123
122
98
83
94
132
167
162
116
62
44
76
137
179
183
169
178
225
292
359
423
471
493
496
503
516
519
508
490
474
452
415
355
293
269
291
325
320
265
185
117
78
75
100
130
127
89
43
29
59
119
180
226
248
235
194
146
116
98
63
-14
-119
-218
-284
-315
-332
-368
-441
-515
-548
-514
-435
-360
-326
-336
-354
-334
-259
-160
-95
-94
-131
-146
-110
-44
-5
-24
-91
-152
-165
-132
-97
-95
-121
-144
-156
-169
-201
-238
-251
-221
-165
-115
-98
-123
-175
-219
-209
-126
-11
63
54
-17
-81
-80
-10
91
171
194
166
136
140
189
252
301
331
336
317
285
264
276
310
341
337
301
252
216
202
199
202
206
202
175
113
38
-5
7
50
75
59
12
-33
-56
-52
-25
23
71
105
115
112
124
161
204
224
208
172
141
118
75
-11
-134
-252
-330
-360
-365
-379
-415
-458
-469
-427
-346
-279
-242
-216
-169
-94
-16
27
28
3
-11
17
86
152
158
83
-16
-62
-23
55
105
89
9
-98
-185
-216
-190
-140
-118
-143
-202
-263
-297
-283
-215
-117
-27
17
4
-42
-85
-92
-48
32
97
98
31
-58
-109
-93
-28
40
78
79
54
27
22
44
81
120
162
203
222
201
160
141
178
263
343
363
300
186
96
88
150
209
200
124
33
-28
-42
-20
24
71
100
99
76
67
86
125
157
173
174
165
144
108
63
18
-16
-48
-80
-110
-145
-195
-261
-318
-336
-310
-275
-272
-300
-320
-314
-277
-228
-178
-132
-105
-95
-81
-44
11
65
104
117
111
97
92
103
125
141
126
77
16
-26
-34
-22
-9
-8
-22
-48
-78
-88
-57
5
54
61
28
-5
-7
9
22
13
-10
-39
-68
-88
-95
-96
-105
-110
-91
-50
-16
-16
-35
-42
-11
38
74
80
64
49
51
73
106
136
150
147
142
144
154
158
154
146
141
129
95
55
31
32
37
30
14
4
9
26
41
52
55
51
47
53
68
83
72
25
-40
-83
-84
-63
-68
-116
-184
-238
-260
-246
-210
-177
-173
-204
-239
-236
-184
-111
-51
-29
-35
-48
-48
-19
33
93
125
118
88
63
62
78
97
108
110
98
73
43
23
17
20
23
32
50
66
59
28
1
5
44
87
103
86
48
10
-11
-12
-6
-15
-53
-105
-139
-147
-147
-161
-191
-209
-189
-147
-121
-129
-140
-117
-50
24
68
67
49
47
80
139
198
219
195
151
129
143
173
185
170
143
120
102
83
64
42
17
-5
-17
-14
-10
-25
-65
-102
-116
-94
-59
-43
-58
-90
-113
-105
-73
-47
-48
-68
-78
-52
-9
21
13
-20
-40
-20
34
87
106
82
37
6
11
43
81
100
90
61
29
10
7
13
28
46
62
59
25
-25
-62
-56
-5
56
84
67
22
-12
-14
20
70
112
127
104
49
-11
-50
-54
-40
-30
-50
-100
-169
-236
-280
-291
-269
-234
-212
-221
-252
-276
-265
-214
-137
-67
-18
0
3
17
55
115
176
217
236
240
237
231
229
234
242
240
222
185
142
101
68
44
30
18
0
-30
-67
-99
-114
-106
-86
-68
-66
-79
-100
-108
-92
-62
-34
-24
-36
-54
-64
-57
-39
-22
-15
-14
-14
-6
9
23
30
33
41
61
87
103
101
88
77
78
88
97
101
92
71
46
24
10
4
1
-4
-12
-26
-41
-57
-69
-64
-47
-23
-5
-5
-18
-31
-28
-7
21
35
26
2
-22
-34
-38
-42
-51
-61
-76
-95
-114
-124
-124
-116
-111
-105
-97
-89
-83
-76
-63
-42
-16
7
24
42
58
80
106
133
155
166
170
170
170
174
171
156
131
102
81
67
53
27
-5
-38
-56
-62
-62
-72
-97
-128
-148
-149
-132
-117
-121
-143
-162
-160
-137
-107
-87
-76
-62
-39
-11
14
30
42
63
94
132
158
160
149
141
147
166
179
175
150
114
84
61
43
25
4
-21
-49
-78
-99
-112
-118
-117
-113
-104
-94
-87
-80
-69
-53
-33
-16
-2
2
1
1
5
12
17
18
13
7
1
-6
-11
-20
-27
-36
-42
-44
-45
-48
-50
-52
-49
-43
-32
-20
-9
-1
4
7
17
30
48
65
79
87
92
96
105
115
126
131
129
116
100
83
68
57
45
32
12
-12
-37
-58
-70
-73
-72
-73
-82
-97
-113
-118
-111
-94
-79
-72
-75
-79
-74
-56
-31
-4
15
29
41
53
68
83
92
97
97
94
89
81
66
49
33
20
9
-2
-13
-25
-35
-43
-49
-53
-56
-55
-52
-44
-37
-35
-34
-36
-33
-28
-18
-9
-6
-9
-18
-28
-31
-27
-19
-14
-16
-24
-34
-38
-33
-20
-4
4
5
1
-4
-2
6
15
21
20
12
3
-4
-3
0
4
8
13
19
25
31
35
42
55
71
83
86
84
79
75
73
72
69
62
51
40
26
11
-5
-17
-27
-36
-43
-50
-60
-69
-80
-86
-85
-74
-60
-46
-38
-33
-30
-20
-2
20
42
55
58
55
53
50
50
51
49
40
27
12
-1
-15
-26
-32
-33
-32
-33
-34
-37
-35
-30
-19
-7
5
12
20
25
26
27
25
22
19
16
11
1
-14
-33
-51
-66
-73
-74
-75
-77
-80
-84
-83
-75
-61
-44
-26
-10
1
9
13
18
26
38
51
63
68
64
56
50
50
58
68
76
74
66
56
51
51
54
56
57
52
46
38
29
21
17
14
11
5
-8
-20
-31
-39
-45
-51
-58
-63
-65
-63
-57
-51
-48
-44
-37
-27
-12
1
11
14
17
19
21
23
23
22
18
12
3
-8
-19
-27
-32
-39
-47
-56
-62
-65
-64
-60
-55
-50
-43
-29
-11
9
28
41
51
61
71
80
85
84
76
63
49
33
17
1
-14
-29
-43
-55
-67
-76
-82
-86
-88
-84
-78
-69
-60
-46
-33
-19
-5
12
30
52
69
86
94
98
102
107
113
118
117
112
102
92
83
76
69
60
49
36
20
1
-18
-34
-50
-62
-74
-84
-97
-106
-113
-113
-107
-97
-86
-75
-64
-54
-41
-27
-11
2
15
25
34
41
46
50
56
61
66
67
62
55
45
31
19
7
-4
-15
-30
-45
-59
-71
-76
-76
-69
-62
-57
-51
-45
-35
-21
-5
12
25
34
40
45
51
59
65
68
65
54
42
29
21
11
2
-10
-25
-40
-53
-61
-64
-63
-59
-55
-51
-46
-41
-31
-18
-4
10
18
23
27
29
36
44
53
60
60
58
53
52
53
55
55
49
40
26
15
4
-4
-10
-18
-27
-36
-45
-51
-55
-54
-52
-51
-49
-47
-45
-43
-41
-36
-32
-24
-16
-11
-6
-1
5
12
20
28
35
38
40
43
42
42
42
40
38
33
27
19
13
8
4
0
-3
-10
-20
-26
-30
-31
-33
-33
-33
-32
-29
-23
-16
-10
-2
5
12
21
27
31
33
35
34
34
33
30
24
19
14
9
6
2
-4
-8
-13
-14
-16
-15
-18
-20
-22
-23
-23
-19
-15
-10
-6
-3
-2
-1
1
3
6
9
11
9
5
1
-3
-3
-2
-2
-3
-5
-7
-8
-8
-7
-5
-2
0
0
0
-1
-2
-1
1
3
2
1
0
-2
-3
-5
-6
-7
-6
-7
-9
-10
-10
-10
-7
-3
2
6
11
16
20
23
22
26
29
31
31
28
20
11
4
-2
-8
-11
-16
-22
-31
-36
-40
-42
-40
-38
-33
-30
-27
-25
-20
-12
-3
6
12
16
18
21
25
28
29
28
26
22
16
11
7
3
1
-2
-2
-3
-4
-4
-2
-2
0
2
5
7
11
11
12
13
13
13
14
13
12
11
10
9
7
6
2
0
-2
-3
-4
-3
-4
-4
-3
-1
2
6
9
11
11
11
11
12
12
10
7
3
-2
-6
-9
-14
-17
-20
-23
-24
-26
-25
-23
-20
-16
-11
-8
-3
-1
4
9
15
18
20
20
20
18
17
13
9
6
1
-4
-10
-16
-21
-23
-26
-28
-27
-29
-29
-26
-24
-22
-19
-16
-9
-5
-2
0
1
3
6
8
10
11
11
11
11
11
11
11
10
11
11
10
11
10
10
10
10
11
12
13
12
14
13
14
12
13
11
8
6
4
1
0
-4
-5
-9
-8
-5
-2
-1
-2
-1
-2
2
6
11
13
12
9
7
7
5
5
4
0
-4
-6
-10
-12
-14
-15
-17
-18
-18
-18
-17
-14
-12
-8
-5
-1
3
6
10
13
16
19
19
21
20
16
13
9
4
0
-5
-11
-15
-19
-23
-24
-27
-25
-25
-24
-21
-18
-14
-10
-7
-2
0
4
6
9
10
13
15
14
15
15
14
12
12
10
9
6
3
1
0
-1
-2
-1
0
2
3
4
6
7
7
10
11
11
11
10
8
6
4
2
0
0
1
-1
-2
-3
-4
-3
-3
-3
-4
-2
-4
-4
-4
-3
-3
-1
-1
-1
-1
-2
-2
-3
-4
-6
-6
-7
-10
-12
-13
-13
-14
-13
-12
-11
-10
-6
-2
1
5
9
10
12
14
14
14
15
14
14
13
12
10
8
6
5
3
1
0
-2
-4
-6
-8
-9
-7
-9
-8
-7
-7
-7
-7
-5
-3
0
2
4
3
3
3
3
4
2
1
1
0
0
0
0
1
1
1
1
1
1
0
1
0
1
2
2
3
4
3
3
4
4
4
3
3
2
1
1
0
0
-1
-1
-1
-1
-1
-3
-1
-2
-2
-2
-1
-1
0
-1
-1
-2
-1
-1
-3
-2
-2
-1
-1
-1
1
1
1
1
1
0
2
1
1
1
0
0
1
-1
0
-1
0
0
0
1
0
2
0
2
1
2
2
3
2
1
2
2
2
2
2
3
3
3
2
2
0
0
0
0
-1
-3
-4
-4
-3
-2
-1
-2
-3
-3
-3
-1
0
1
2
0
0
0
1
0
2
1
2
3
2
2
3
2
2
2
2
2
1
1
1
1
0
1
-1
0
-1
0
0
-1
0
0
0
0
-1
0
1
1
1
1
2
1
1
1
1
1
1
1
0
2
2
1
1
1
1
-1
0
0
-1
-1
-2
-3
-4
-3
-5
-4
-4
-4
-3
-3
-3
-2
-2
-1
0
1
2
2
3
4
4
4
6
5
5
4
4
5
4
2
3
3
1
0
0
-1
-1
-1
-2
-3
-4
-3
-3
-3
-2
-3
-3
-2
-1
-2
-1
0
0
0
1
1
2
1
2
2
1
2
1
2
2
1
1
1
2
1
1
0
1
1
0
0
0
0
1
0
1
1
1
0
0
-1
0
-1
-1
-1
-2
0
0
-1
-1
0
0
0
0
0
0
0
0
0
-1
-1
0
-1
0
-2
-2
-1
-2
-2
-2
-2
-1
-1
-1
-2
0
-1
1
1
0
1
2
2
3
4
5
5
5
3
2
1
1
1
0
0
0
-1
-1
-1
-1
-1
0
-1
-1
0
0
0
1
1
1
1
1
1
0
1
1
1
1
1
1
1
0
0
0
0
0
0
0
0
0
0
0
0
0
0
0
0
0
0
0
0
0
0
0
1
-1
0
0
0
0
0
0
0
1
0
0
0
0
0
-1
0
0
0
0
0
0
0
0
0
0
-1
-2
-2
-2
-1
-2
-1
-1
-1
-1
-1
0
-1
-1
1
0
1
1
2
1
2
2
2
2
2
2
2
2
1
1
0
0
0
-1
-1
-1
-1
-1
0
0
0
1
1
1
1
1
1
1
1
2
2
4
3
3
2
2
1
2
2
0
0
-1
-1
-1
-3
-2
-2
-2
-2
-2
-1
0
-1
0
1
1
1
1
3
2
2
3
2
3
3
2
2
1
1
1
1
0
0
0
0
1
0
0
0
-2
-1
-1
-1
-1
-1
-1
-1
0
0
0
0
1
0
1
2
1
1
0
2
1
0
1
0
1
1
2
2
2
3
2
3
3
2
3
2
1
0
-1
-2
-2
-2
-3
-4
-4
-4
-5
-5
-4
-3
-4
-2
1
1
2
3
5
6
7
7
7
8
9
7
7
5
4
1
0
-3
-4
-5
-6
-7
-8
-7
-9
-8
-8
-7
-6
-5
-4
-2
1
2
2
5
4
5
6
6
6
7
7
6
5
4
2
0
0
-1
-1
-1
-1
-1
-1
-2
-2
-2
-2
-1
-1
-1
-1
-1
0
-1
1
0
1
-1
-1
-1
-3
-2
-1
0
0
2
0
1
1
2
3
3
5
5
5
4
5
5
5
5
4
2
1
0
-3
-3
-4
-4
-5
-6
-8
-8
-7
-6
-5
-3
-1
-1
1
2
3
5
5
6
8
8
10
9
7
6
6
5
4
1
1
-1
-3
-4
-5
-7
-7
-7
-8
-7
-8
-6
-6
-5
-4
-3
-2
-1
0
1
2
2
3
3
4
3
3
3
3
3
2
2
1
1
0
1
0
-1
0
0
0
0
0
0
0
0
0
0
0
0
0
0
-1
-1
-1
-2
-2
-3
-2
-2
-1
-1
-1
0
1
1
2
3
3
3
4
5
4
4
4
3
3
2
2
2
0
0
-1
-1
-1
-3
-3
-3
-4
-2
-1
-2
-1
-1
0
0
1
1
3
2
3
3
4
3
3
3
3
2
1
1
1
0
-1
-1
-2
-2
-3
-3
-3
-4
-4
-3
-2
-1
-1
-1
-1
0
0
0
0
0
1
1
1
0
1
0
1
0
1
1
0
0
-1
0
-2
0
2
1
2
2
2
2
1
0
0
-1
0
0
0
-2
-1
-2
-1
-1
-1
-1
-1
-2
-1
0
0
0
1
1
0
2
1
2
2
2
2
2
2
1
1
1
2
2
1
1
2
1
1
0
0
0
-1
0
0
0
0
0
0
0
0
0
1
0
1
0
0
1
-1
1
0
0
0
-1
-1
0
0
0
-1
0
-1
0
0
0
-1
0
0
0
0
1
0
0
0
0
0
0
1
0
1
0
0
0
0
0
0
1
0
0
0
1
1
0
0
0
0
0
0
0
0
-1
1
0
0
0
0
0
0
0
1
0
0
-1
0
0
0
-1
-1
0
0
1
0
-1
0
0
0
0
0
0
-1
-1
0
0
-1
1
0
1
0
0
0
0
0
0
1
0
0
0
-1
0
0
0
0
0
1
-1
0
0
0
0
0
0
0
0
0
1
0
0
0
0
0
0
-1
0
0
-1
0
0
-1
0
0
0
0
0
0
0
0
1
0
0
-1
1
0
0
-1
-1
0
0
0
1
-1
0
0
0
-1
1
0
0
0
1
-1
0
0
0
0
0
0
0
0
0
0
0
-1
0
0
0
0
0
0
0
0
0
0
1
-1
0
0
-1
1
0
0
0
0
0
0
0
0
0
0
0
0
0
0
-1
0
0
0
0
0
0
0
-1
0
0
0
-1
0
0
-1
-1
0
0
0
0
0
1
1
-1
0
-1
0
0
0
0
0
0
0
0
1
0
0
0
0
-1
1
0
0
1
0
0
0
0
0
1
1
0
0
0
0
0
-1
0
-1
1
0
1
0
0
1
0
0
1
0
0
0
1
-1
-1
1
0
0
0
-1
0
0
1
0
0
0
0
0
0
-1
0
0
0
-1
0
0
1
1
-1
0
0
0
0
0
0
0
0
0
-1
1
0
0
1
0
0
0
0
1
-1
0
0
0
0
-1
1
0
0
-1
0
0
0
0
0
-1
0
-1
1
0
0
1
0
0
0
0
0
0
0
0
-1
0
0
0
1
0
1
0
0
0
0
-1
0
0
1
1
0
0
0
-1
-1
0
0
0
-1
0
0
1
0
1
0
0
1
0
0
1
0
0
0
0
0
0
0
0
0
0
0
-1
1
0
0
0
0
0
0
0
0
0
0
-1
0
-1
0
0
0
0
0
-1
0
0
0
1
0
0
0
0
0
0
0
0
0
-1
1
1
-1
0
0
0
0
0
0
0
0
0
0
0
0
0
-1
0
0
0
0
0
0
0
0
-1
0
0
0
0
-1
0
-1
0
0
0
0
0
-1
0
0
-1
0
0
0
1
0
0
0
0
0
0
1
0
0
0
0
0
1
0
0
0
1
1
0
0
0
0
0
0
0
0
1
1
1
0
0
-1
0
0
0
-1
-1
0
0
0
0
0
0
0
0
0
0
0
0
0
0
0
0
0
0
0
0
0
1
1
1
0
-1
0
0
0
0
0
0
1
-1
-1
0
0
0
0
0
1
0
-1
0
0
0
0
0
0
0
0
-1
0
0
0
0
1
0
0
0
0
0
-1
1
1
0
0
0
0
1
0
0
0
0
0
0
0
0
0
0
0
0
1
0
0
0
0
0
0
1
0
0
0
0
0
0
0
0
0
0
1
0
-1
0
0
0
0
-1
0
0
0
0
0
0
-1
0
0
-1
0
0
0
-1
1
0
0
0
0
0
0
0
0
0
0
0
0
0
-1
0
-1
0
0
0
0
0
0
0
0
0
1
0
0
0
0
0
0
0
0
0
0
0
1
0
0
0
0
0
0
0
0
0
-1
0
0
1
0
0
0
0
0
0
0
1
0
0
0
0
0
0
-1
0
1
0
0
0
0
0
0
0
0
-1
0
0
0
0
0
0
0
0
1
0
-1
0
1
0
0
-1
0
0
0
0
-1
0
0
0
0
1
0
0
0
0
0
0
0
0
-1
0
0
0
0
0
0
0
0
0
1
0
0
0
0
0
1
0
0
1
0
1
-1
0
0
0
0
0
0
0
0
-1
0
-1
-1
0
0
0
0
0
0
0
0
0
0
-1
0
-1
0
0
0
0
0
0
-1
0
0
0
0
0
0
0
0
0
0
0
0
0
0
0
0
0
1
1
0
-1
0
0
0
0
0
0
0
0
0
0
0
0
0
0
0
0
1
0
0
0
0
0
1
0
0
0
0
0
0
0
-1
-1
0
0
0
0
0
-1
-1
0
0
0
-1
1
0
0
-1
0
0
0
0
0
0
0
0
0
0
0
0
0
0
0
0
1
0
0
-1
0
0
0
0
0
0
1
0
0
-1
-1
0
0
0
0
-1
0
0
0
0
0
1
0
0
1
0
1
0
0
0
0
0
0
-1
0
0
0
0
0
0
1
0
0
0
0
0
0
-1
-1
0
-1
0
0
0
0
0
0
0
0
0
0
0
0
0
0
-1
0
0
0
0
1
0
0
0
0
0
0
0
0
0
0
-1
1
-1
0
0
0
0
0
0
0
0
1
0
1
0
0
0
1
-1
0
0
0
0
0
0
0
0
0
0
-1
0
0
0
0
1
1
0
1
0
0
0
0
0
0
0
0
0
0
-1
-1
-1
-1
0
0
0
0
0
-1
0
0
0
0
0
-1
0
-1
0
1
0
0
1
0
0
-1
0
-1
0
0
0
-1
0
1
-1
0
0
0
0
-1
0
1
0
-1
1
1
0
1
-1
0
0
1
0
0
-1
1
0
0
1
0
0
0
0
1
0
0
0
0
1
0
-1
0
-1
0
1
0
1
-1
0
1
0
0
0
0
0
-1
0
0
0
0
0
0
0
0
0
0
-1
0
1
0
1
0
-1
0
0
1
0
0
0
0
0
0
-1
0
-1
0
0
0
0
0
0
0
1
0
1
0
0
0
0
0
-1
0
0
0
0
0
-1
0
0
0
0
0
0
1
0
0
0
0
1
0
0
0
0
0
0
0
0
0
-1
0
1
0
0
0
0
0
0
0
0
0
0
0
0
0
0
0
-1
1
0
0
0
-1
0
0
0
1
0
0
0
-1
0
0
0
0
1
1
0
1
0
0
-1
0
-1
0
0
0
0
0
0
0
0
0
0
0
0
0
1
0
0
0
0
0
0
0
0
0
0
0
0
0
0
0
0
0
0
1
0
0
0
1
0
0
0
0
0
0
0
0
1
1
0
0
1
0
0
0
0
0
1
0
0
-1
1
0
-1
-1
0
0
0
0
0
1
0
1
0
0
0
1
0
-1
0
-1
0
0
-1
0
0
0
-1
0
0
0
0
0
0
0
0
1
-1
0
0
0
0
-1
0
0
0
0
0
1
0
0
0
0
0
0
0
0
1
1
0
0
0
0
0
0
0
0
0
1
0
-1
0
0
0
0
0
0
0
0
0
0
1
0
1
1
1
0
0
0
0
0
0
0
0
0
0
0
0
-1
0
0
0
-1
0
-1
0
0
0
0
0
0
0
-1
1
0
1
0
0
0
0
1
1
0
-1
0
1
-1
0
0
0
0
0
0
0
0
0
0
0
0
0
1
-1
0
0
0
0
0
0
0
-1
0
-1
0
0
0
0
0
-1
0
1
0
0
0
1
0
0
0
0
0
0
0
0
0
0
0
0
0
0
1
0
1
0
-1
-1
-1
0
0
0
0
0
0
0
-1
0
0
1
-1
0
1
0
0
0
0
0
0
0
-1
0
0
0
0
0
0
0
0
0
0
0
0
0
0
0
0
0
0
0
0
0
0
1
0
1
0
0
0
1
0
0
-1
1
0
-1
0
0
-1
0
0
0
0
-1
0
0
0
0
1
0
0
0
1
0
0
1
-1
0
0
0
0
0
0
-1
0
1
0
0
0
1
-1
0
0
0
-1
0
0
0
-1
0
1
0
-1
0
0
-1
-1
0
0
0
0
-1
-1
-1
0
0
0
0
0
0
0
0
0
1
0
-1
0
1
0
1
0
0
0
-1
0
0
0
0
0
0
-1
1
0
0
0
0
1
0
0
0
-1
0
1
0
0
0
0
0
0
0
0
0
0
-1
1
-1
0
1
0
0
0
0
0
0
0
0
0
0
0
0
0
0
0
1
0
0
0
0
-1
1
0
0
0
0
0
0
0
0
0
0
0
0
-1
0
0
0
-1
0
0
1
1
0
0
0
0
-1
0
1
0
-1
0
0
0
0
-1
0
0
0
0
0
-1
-1
0
0
0
0
1
0
0
0
0
-1
0
0
0
0
0
0
0
0
1
0
-1
0
0
-1
0
0
0
0
0
0
0
0
0
0
0
1
0
0
0
0
-1
-1
0
-1
0
0
0
-1
0
0
0
0
1
1
-1
0
0
-1
-1
0
0
-1
0
0
-1
0
0
-1
1
-1
0
0
-1
0
0
0
0
0
0
0
1
0
0
-1
1
1
0
0
0
0
0
0
0
0
0
1
0
0
0
0
0
0
-1
0
0
-1
0
0
1
0
0
1
0
0
0
1
0
0
0
0
0
0
1
-1
0
0
0
1
0
-1
0
0
0
0
0
-1
0
0
0
0
1
0
0
1
0
0
0
1
0
0
0
0
0
1
0
0
0
0
0
0
0
1
0
0
0
0
-1
0
0
-1
-1
0
-1
0
0
0
1
1
0
0
0
-1
1
0
0
0
0
1
0
1
0
0
1
1
0
0
0
0
0
-1
0
0
0
-1
0
0
1
0
0
0
0
1
0
1
0
0
0
0
-1
0
0
0
0
0
-1
0
0
0
1
1
0
0
-1
0
0
1
0
0
-1
1
0
0
0
0
-1
0
0
0
0
0
0
0
0
0
0
0
1
0
0
0
-1
0
1
0
0
1
-1
0
-1
-1
0
0
0
0
0
0
0
0
-1
0
-1
1
0
1
1
0
0
0
0
0
0
0
0
0
0
0
0
0
0
1
0
-1
0
0
0
0
0
0
-1
0
0
-1
0
0
0
0
0
0
0
1
1
0
0
0
0
0
0
0
-1
0
0
0
0
0
0
-1
-1
0
0
0
0
0
1
0
1
-1
0
0
-1
0
0
0
1
0
0
0
0
0
0
0
1
0
1
0
0
0
-1
-1
0
0
0
0
1
0
-1
0
0
0
0
1
0
-1
0
0
0
0
0
1
0
0
0
0
0
0
0
0
0
0
1
0
0
0
0
0
0
0
0
0
0
0
0
0
-1
-1
0
0
0
0
0
0
-1
0
0
-1
0
0
0
0
0
0
0
0
0
0
0
0
0
0
0
0
0
-1
0
0
1
0
0
-1
1
0
0
0
0
0
0
0
0
0
0
-1
1
0
0
-1
0
0
0
1
0
-1
0
0
0
0
0
0
0
1
-1
0
-1
0
-1
-1
0
0
0
1
0
0
0
0
0
1
0
-1
-1
0
0
0
0
0
0
0
-1
0
-1
0
1
0
0
0
0
1
0
0
0
0
0
-1
-1
0
0
0
0
-1
0
1
0
1
0
0
0
0
-1
0
0
0
-1
0
0
0
0
0
0
0
0
-1
0
0
0
1
0
1
0
-1
0
1
0
0
-1
0
0
0
0
0
0
1
0
1
0
0
0
0
0
1
0
1
0
0
0
1
0
0
0
0
0
-1
0
0
0
0
0
0
0
0
0
-1
0
0
0
0
0
0
0
0
0
0
1
0
1
0
0
1
0
0
1
0
0
1
0
0
1
0
0
0
0
0
0
0
0
0
0
0
1
0
0
-1
0
0
-1
0
-1
0
0
1
1
0
0
0
-1
0
0
0
0
0
0
1
0
0
-1
0
0
0
0
-1
0
1
0
0
0
0
0
-1
0
0
0
0
0
0
0
1
0
0
0
0
0
-1
0
0
0
0
0
1
0
0
0
0
0
0
0
1
0
-1
0
-1
1
0
0
0
0
-1
0
-1
0
0
0
0
-1
1
0
0
0
1
0
-1
0
1
1
0
-1
0
0
0
0
0
0
0
0
-1
0
0
0
0
1
-1
0
0
-1
0
0
0
0
0
1
1
0
0
0
-1
-1
0
0
0
1
0
0
0
0
0
0
1
0
0
-1
0
0
1
0
0
0
0
0
1
0
0
-1
0
0
0
0
0
0
0
0
1
0
0
0
0
0
0
0
0
1
0
0
0
0
0
0
-1
0
0
0
0
1
0
0
1
0
0
0
1
-1
0
-1
0
0
0
1
0
0
0
0
0
0
1
0
0
0
0
0
0
0
0
0
-1
0
0
0
1
0
0
0
1
0
0
0
0
0
0
0
0
0
0
1
0
1
0
-1
0
0
-1
0
0
0
-1
0
0
0
-1
0
-1
1
-1
1
0
0
0
0
0
1
0
1
0
0
0
0
0
0
0
0
0
0
0
1
0
0
-1
0
0
0
0
0
0
0
0
0
0
-1
0
0
1
0
0
-1
0
0
0
0
0
0
0
0
-1
0
1
0
0
0
0
1
0
0
0
0
0
-1
0
0
-1
0
0
0
0
0
0
0
0
0
0
0
1
1
1
1
0
0
-1
1
0
0
0
0
0
0
0
0
0
0
0
0
1
0
0
1
0
1
0
0
1
0
0
0
0
1
0
0
-1
0
0
1
1
0
0
-1
0
-1
-1
0
0
0
1
1
0
-1
0
1
0
0
0
0
1
0
1
-1
0
1
0
0
0
-1
0
0
0
1
0
-1
0
-1
-1
0
0
1
0
0
0
1
1
0
0
1
1
-1
0
-1
0
0
0
1
0
0
0
0
-1
0
0
-1
0
0
-1
-1
1
0
0
0
0
-1
0
1
0
0
0
-1
1
0
1
0
1
-1
0
0
0
-1
0
0
0
0
0
0
0
0
0
0
0
0
0
0
0
0
0
1
0
0
0
0
1
0
0
0
0
0
0
0
0
0
0
0
0
0
0
0
0
0
0
0
0
1
0
0
0
0
-1
0
0
1
0
0
0
0
0
-1
0
0
0
0
0
0
-1
0
0
-1
0
0
0
-1
0
0
0
0
-1
0
0
0
0
0
0
0
0
0
0
0
0
0
0
0
-1
0
0
0
-1
0
-1
0
-1
0
0
0
0
1
0
0
0
0
-1
1
0
0
0
0
0
1
0
0
0
0
0
0
1
0
0
0
0
-1
0
-1
0
0
0
0
0
0
0
0
0
0
0
0
0
0
0
0
0
1
0
1
1
0
1
0
0
0
0
0
1
0
1
0
0
0
1
0
0
-1
0
0
1
0
-1
0
0
0
0
-1
-1
1
0
0
1
0
0
1
0
0
0
-1
1
0
0
0
0
0
0
-1
0
0
0
0
0
0
0
0
0
0
0
0
0
0
0
0
0
0
0
0
-1
0
-1
0
-1
0
0
0
0
0
-1
0
-1
1
0
0
0
0
0
-1
0
-1
0
-1
0
0
0
0
-1
0
-1
0
1
0
0
0
0
0
0
1
0
0
0
0
0
0
-1
0
0
0
0
0
0
0
0
1
0
1
1
0
0
0
0
0
0
0
0
0
0
1
0
1
0
0
0
0
0
0
0
1
0
0
0
1
0
1
1
0
0
0
0
-1
0
0
1
0
0
0
0
0
0
0
0
0
0
0
0
0
-1
0
0
0
0
0
0
0
0
0
-1
0
1
0
0
0
0
0
0
0
-1
1
0
0
0
1
0
1
0
0
0
0
0
0
0
-1
0
1
0
0
0
1
0
0
0
0
-1
1
1
0
0
1
0
0
0
0
0
0
0
0
-1
0
0
0
0
1
0
0
0
0
0
0
-1
-1
1
0
0
1
0
0
-1
0
-1
1
0
1
0
0
0
0
1
-1
0
0
0
0
0
0
0
0
0
0
0
0
0
0
-1
0
0
0
0
1
0
0
0
0
0
0
0
0
-1
0
0
0
-1
0
0
1
0
-1
0
0
0
0
1
1
1
0
0
-1
0
0
-1
0
0
0
0
-1
0
0
0
0
0
0
1
0
0
0
0
0
1
0
0
0
0
0
0
0
-1
1
-1
0
-1
0
0
0
0
-1
0
0
0
0
0
0
0
0
0
1
0
0
0
0
0
0
0
0
0
0
0
0
0
0
-1
0
0
0
1
0
0
0
0
-1
0
-1
0
1
0
0
1
0
0
0
0
0
0
0
0
0
0
1
-1
0
-1
0
0
-1
0
0
0
0
-1
0
0
0
0
0
1
0
0
0
0
0
0
0
-1
0
0
0
0
0
0
-1
0
0
0
0
0
0
-1
0
-1
0
0
0
0
1
0
0
0
0
0
0
0
0
0
0
0
0
1
0
0
0
0
1
0
-1
0
1
0
0
0
0
0
0
0
-1
-1
0
0
0
1
0
-1
0
0
-1
0
0
0
-1
0
0
1
0
0
0
0
0
0
1
0
0
0
0
1
0
0
0
1
1
0
0
0
0
0
0
1
0
1
0
0
0
1
0
0
0
-1
1
1
0
-1
0
0
0
0
0
0
0
0
0
0
0
1
0
1
0
0
0
0
0
-1
0
1
0
0
-1
0
-1
0
0
-1
0
0
0
0
0
0
0
0
0
0
0
0
0
0
0
0
0
0
0
0
0
0
0
0
0
0
0
0
0
0
0
0
0
-1
0
0
0
0
0
0
0
-1
0
0
0
0
0
0
0
0
0
0
0
0
0
0
0
0
0
0
0
0
0
0
1
-1
0
0
0
0
0
0
0
1
0
0
0
0
0
-1
0
0
0
0
0
0
0
0
0
0
-1
-1
-1
-1
0
-1
0
0
0
0
0
0
-1
-1
0
-1
0
0
0
-1
0
0
0
0
0
0
0
1
0
0
0
0
0
0
0
0
0
0
1
1
0
0
0
0
0
0
0
0
0
0
0
1
0
0
0
0
0
1
1
0
0
0
0
0
-1
0
0
0
0
0
0
1
0
0
1
0
0
0
1
0
0
1
0
1
1
0
0
0
0
0
0
0
0
0
0
1
0
1
1
-1
0
0
0
0
0
0
0
0
0
0
0
1
0
0
1
0
0
0
1
0
0
0
-1
0
0
0
0
0
0
0
0
0
0
1
0
0
0
-1
-1
0
0
0
0
0
0
0
0
0
0
-1
0
1
0
0
0
0
0
0
0
-1
0
1
0
0
0
0
-1
0
-1
-1
0
0
0
0
1
0
0
0
0
0
0
0
0
1
1
0
1
-1
0
0
0
0
0
0
0
0
0
0
0
0
0
0
0
0
0
0
0
0
0
0
0
0
0
0
0
0
-1
1
0
1
0
0
1
0
0
0
0
0
1
-1
0
0
0
0
0
1
0
0
-1
0
0
0
0
1
0
0
1
-1
-1
0
0
0
0
0
0
0
0
0
0
0
-1
0
0
0
1
0
0
0
0
1
0
-1
-1
0
0
0
-1
0
0
0
0
0
-1
0
0
0
0
-1
0
0
0
0
0
0
0
0
0
0
0
0
0
0
-1
0
0
0
0
0
0
0
0
0
1
0
-1
0
0
0
0
0
0
0
0
0
0
0
0
0
0
0
0
0
0
0
-1
0
0
0
0
0
0
0
0
0
0
0
0
0
1
0
0
0
0
0
0
0
1
0
0
0
1
1
0
0
0
-1
1
1
0
0
0
0
0
0
0
1
0
0
0
1
0
0
0
0
0
-1
0
0
0
0
0
0
0
0
0
0
-1
-1
-1
0
0
0
0
-1
0
0
0
0
0
0
0
0
0
1
0
1
0
0
0
0
0
0
1
-1
0
1
-1
0
0
0
0
0
0
0
-1
0
0
0
-1
0
-1
0
0
0
0
0
-1
0
0
0
0
0
0
-1
0
0
0
0
0
0
0
0
-1
-1
0
0
0
0
0
1
0
0
0
0
0
-1
0
0
0
0
0
0
0
0
0
1
0
1
0
0
1
-1
1
0
0
0
-1
-1
0
0
0
-1
0
-1
0
0
0
-1
0
0
0
0
1
0
0
0
0
0
0
1
0
1
0
0
0
0
0
0
1
0
0
0
1
1
0
0
0
0
0
0
0
0
-1
1
0
0
0
0
0
0
0
1
0
0
-1
0
0
0
-1
-1
0
0
1
0
-1
0
0
0
0
0
0
-1
-1
0
0
-1
1
0
1
0
0
0
0
0
0
1
0
0
0
-1
0
0
0
0
0
1
-1
0
0
0
0
0
0
0
0
0
1
0
0
0
0
0
0
-1
0
0
-1
0
0
-1
0
0
0
0
0
0
0
0
1
0
0
-1
1
0
0
-1
-1
0
0
0
1
-1
0
0
0
-1
1
0
0
0
1
-1
0
0
0
0
0
0
0
0
0
0
0
-1
0
0
0
0
0
0
0
0
0
0
1
-1
0
0
-1
1
0
0
0
0
0
0
0
0
0
0
0
0
0
0
-1
0
0
0
0
0
0
0
-1
0
0
0
-1
0
0
-1
-1
0
0
0
0
0
1
1
-1
0
-1
0
0
0
0
0
0
0
0
1
0
0
0
0
-1
1
0
0
1
0
0
0
0
0
1
1
0
0
0
0
0
-1
0
-1
1
0
1
0
0
1
0
0
1
0
0
0
1
-1
-1
1
0
0
0
-1
0
0
1
0
0
0
0
0
0
-1
0
0
0
-1
0
0
1
1
-1
0
0
0
0
0
0
0
0
0
-1
1
0
0
1
0
0
0
0
1
-1
0
0
0
0
-1
1
0
0
-1
0
0
0
0
0
-1
0
-1
1
0
0
1
0
0
0
0
0
0
0
0
-1
0
0
0
1
0
1
0
0
0
0
-1
0
0
1
1
0
0
0
-1
-1
0
0
0
-1
0
0
1
0
1
0
0
1
0
0
1
0
0
0
0
0
0
0
0
0
0
0
-1
1
0
0
0
0
0
0
0
0
0
0
-1
0
-1
0
0
0
0
0
-1
0
0
0
1
0
0
0
0
0
0
0
0
0
-1
1
1
-1
0
0
0
0
0
0
0
0
0
0
0
0
0
-1
0
0
0
0
0
0
0
0
-1
0
0
0
0
-1
0
-1
0
0
0
0
0
-1
0
0
-1
0
0
0
1
0
0
0
0
0
0
1
0
0
0
0
0
1
0
0
0
1
1
0
0
0
0
0
0
0
0
1
1
1
0
0
-1
0
0
0
-1
-1
0
0
0
0
0
0
0
0
0
0
0
0
0
0
0
0
0
0
0
0
0
1
1
1
0
-1
0
0
0
0
0
0
1
-1
-1
0
0
0
0
0
1
0
-1
0
0
0
0
0
0
0
0
-1
0
0
0
0
1
0
0
0
0
0
-1
1
1
0
0
0
0
1
0
0
0
0
0
0
0
0
0
0
0
0
1
0
0
0
0
0
0
1
0
0
0
0
0
0
0
0
0
0
1
0
-1
0
0
0
0
-1
0
0
0
0
0
0
-1
0
0
-1
0
0
0
-1
1
0
0
0
0
0
0
0
0
0
0
0
0
0
-1
0
-1
0
0
0
0
0
0
0
0
0
1
0
0
0
0
0
0
0
0
0
0
0
1
0
0
0
0
0
0
0
0
0
-1
0
0
1
0
0
0
0
0
0
0
1
0
0
0
0
0
0
-1
0
1
0
0
0
0
0
0
0
0
-1
0
0
0
0
0
0
0
0
1
0
-1
0
1
0
0
-1
0
0
0
0
-1
0
0
0
0
1
0
0
0
0
0
0
0
0
-1
0
0
0
0
0
0
0
0
0
1
0
0
0
0
0
1
0
0
1
0
1
-1
0
0
0
0
0
0
0
0
-1
0
-1
-1
0
0
0
0
0
0
0
0
0
0
-1
0
-1
0
0
0
0
0
0
-1
0
0
0
0
0
0
0
0
0
0
0
0
0
0
0
0
0
1
1
0
-1
0
0
0
0
0
0
0
0
0
0
0
0
0
0
0
0
1
0
0
0
0
0
1
0
0
0
0
0
0
0
-1
-1
0
0
0
0
0
-1
-1
0
0
0
-1
1
0
0
-1
0
0
0
0
0
0
0
0
0
0
0
0
0
0
0
0
1
0
0
-1
0
0
0
0
0
0
1
0
0
-1
-1
0
0
0
0
-1
0
0
0
0
0
1
0
0
1
0
1
0
0
0
0
0
0
-1
0
0
0
0
0
0
1
0
0
0
0
0
0
-1
-1
0
-1
0
0
0
0
0
0
0
0
0
0
0
0
0
0
-1
0
0
0
0
1
0
0
0
0
0
0
0
0
0
0
-1
1
-1
0
0
0
0
0
0
0
0
1
0
1
0
0
0
1
-1
0
0
0
0
0
0
0
0
0
0
-1
0
0
0
0
1
1
0
1
0
0
0
0
0
0
0
0
0
0
-1
-1
-1
-1
0
0
0
0
0
-1
0
0
0
0
0
-1
0
-1
0
1
0
0
1
0
0
-1
0
-1
0
0
0
-1
0
1
-1
0
0
0
0
-1
0
1
0
-1
1
1
0
1
-1
0
0
1
0
0
-1
1
0
0
1
0
0
0
0
1
0
0
0
0
1
0
-1
0
-1
0
1
0
1
-1
0
1
0
0
0
0
0
-1
0
0
0
0
0
0
0
0
0
0
-1
0
1
0
1
0
-1
0
0
1
0
0
0
0
0
0
-1
0
-1
0
0
0
0
0
0
0
1
0
1
0
0
0
0
0
-1
0
0
0
0
0
-1
0
0
0
0
0
0
1
0
0
0
0
1
0
0
0
0
0
0
0
0
0
-1
0
1
0
0
0
0
0
0
0
0
0
0
0
0
0
0
0
-1
1
0
0
0
-1
0
0
0
1
0
0
0
-1
0
0
0
0
1
1
0
1
0
0
-1
0
-1
0
0
0
0
0
0
0
0
0
0
0
0
0
1
0
0
0
0
0
-1
1
1
0
1
0
-2
0
-1
-1
2
0
0
3
0
0
0
-1
-2
0
1
2
2
1
-1
-2
0
2
3
3
4
1
0
-1
-1
-1
1
0
1
0
2
0
-2
-2
-1
-1
0
1
1
2
0
1
-1
-1
-1
1
0
-1
0
-1
0
0
-1
0
0
0
-1
0
0
0
0
0
0
0
-1
0
-1
0
0
1
1
0
0
-1
-1
-1
-1
0
0
1
1
1
1
0
-1
-2
-1
0
0
0
1
1
0
1
0
0
1
3
1
0
0
-1
0
1
2
2
2
1
0
-1
-1
-3
-1
2
3
4
4
2
-1
-4
-4
-3
0
2
4
4
2
-2
-4
-5
-3
-1
3
4
4
1
-2
-4
-4
-2
0
2
5
4
3
-1
-3
-4
-3
1
3
3
2
0
-1
-5
-3
-1
3
4
5
3
0
-2
-3
-4
-3
-2
0
2
3
5
5
4
2
0
-2
-3
-4
-3
-2
0
2
2
2
2
0
0
1
-1
-3
-3
-2
-1
2
4
7
7
5
2
-4
-8
-10
-7
0
6
9
10
5
2
-3
-5
-4
-2
1
1
-1
-3
-3
-2
3
8
12
11
3
-12
-22
-24
-17
1
22
35
33
17
-7
-30
-38
-29
-7
17
33
34
18
-5
-26
-34
-28
-8
13
27
30
19
3
-13
-22
-21
-13
-1
9
11
10
4
0
0
2
3
1
-6
-11
-16
-13
-2
11
20
23
16
3
-11
-19
-18
-10
1
8
9
1
-6
-9
-3
7
19
25
18
4
-17
-32
-34
-19
4
24
32
26
8
-7
-15
-14
-11
-4
1
3
2
2
2
5
8
11
11
3
-7
-15
-18
-17
-8
4
12
13
8
2
0
2
7
8
1
-9
-17
-18
-12
-2
7
12
12
9
7
3
-4
-6
-6
-2
5
8
6
-1
-10
-14
-10
1
12
22
18
9
-4
-14
-17
-18
-12
-3
7
20
30
28
16
-4
-26
-37
-31
-12
11
26
26
14
2
-9
-10
-6
-3
-1
2
6
10
10
5
-5
-14
-16
-10
3
14
18
14
6
-3
-8
-11
-11
-9
-1
6
12
14
9
0
-8
-10
-2
8
14
9
-7
-23
-28
-20
-1
18
31
32
24
9
-10
-26
-35
-31
-18
5
24
29
21
7
-7
-16
-16
-9
6
17
19
10
-6
-19
-22
-16
-4
10
23
31
27
12
-13
-33
-42
-31
-9
14
28
32
25
14
1
-12
-21
-23
-14
-1
11
16
9
-3
-13
-13
-3
9
18
18
11
1
-6
-13
-15
-16
-12
-6
5
15
16
13
5
-1
-4
-1
0
-5
-14
-22
-20
-7
15
34
39
28
6
-16
-33
-36
-30
-16
4
21
33
34
20
2
-16
-27
-25
-14
3
17
21
12
-5
-16
-18
-8
6
18
19
12
2
-6
-12
-14
-13
-7
2
11
17
14
8
1
-4
-7
-9
-11
-11
-8
-1
8
17
19
12
2
-5
-9
-7
-2
4
6
8
8
6
0
-7
-14
-20
-15
-4
8
19
20
14
6
-4
-12
-16
-15
-9
1
11
17
14
6
-8
-17
-17
-10
2
13
19
16
7
-2
-11
-14
-8
1
10
14
9
-1
-12
-18
-16
-8
6
18
22
15
3
-12
-20
-16
-4
8
17
16
6
-6
-15
-20
-15
-5
7
19
21
17
6
-6
-13
-14
-6
3
10
10
4
-6
-13
-13
-7
4
15
22
19
8
-8
-20
-26
-22
-11
5
20
28
26
13
-2
-17
-23
-21
-13
-2
9
14
15
12
7
1
-3
-5
-5
-2
0
-2
-5
-10
-12
-9
2
15
25
25
17
0
-16
-25
-26
-21
-9
3
15
22
22
15
3
-8
-14
-14
-9
-3
0
1
1
0
3
8
9
9
5
-3
-7
-10
-10
-5
-1
2
6
8
8
6
2
-3
-3
-4
-2
-4
-6
-8
-7
0
9
16
14
7
-3
-10
-11
-6
1
6
7
5
1
-5
-10
-8
-3
4
10
12
11
6
2
-4
-8
-9
-8
-5
0
3
6
8
10
10
4
-3
-11
-16
-15
-8
4
15
22
20
9
-8
-22
-23
-14
1
14
15
7
-3
-10
-9
-6
1
5
10
12
9
3
-7
-14
-15
-10
1
9
10
5
-2
-4
1
5
8
3
-4
-9
-8
0
8
9
4
-4
-7
-7
-4
1
3
4
5
7
4
0
-3
-7
-8
-5
0
7
9
9
5
-2
-8
-10
-8
-3
1
4
6
4
3
3
1
-1
-3
-3
-2
1
2
1
-2
-3
-4
0
3
3
0
-2
-2
0
2
4
2
-3
-4
-3
0
3
5
4
1
-3
-4
-4
-3
0
3
5
5
3
-1
-5
-5
-5
-2
0
2
4
7
5
3
-1
-5
-8
-7
-3
2
5
7
5
6
3
0
-4
-6
-6
-3
3
5
5
4
2
0
-2
-4
-3
-2
1
1
3
1
0
-2
-4
-3
-2
0
3
4
5
3
0
-3
-4
-4
-3
-1
1
1
3
5
6
6
3
-4
-8
-11
-6
1
6
8
4
-1
-3
-4
-2
-1
-1
-1
-1
1
5
4
1
-4
-8
-6
0
3
6
5
4
3
2
-1
-5
-9
-11
-7
6
18
24
19
4
-13
-25
-24
-14
2
14
19
16
5
-5
-13
-16
-10
1
10
15
14
6
-5
-13
-15
-10
-1
9
13
13
8
0
-7
-13
-13
-8
1
13
19
17
7
-5
-15
-16
-9
1
9
9
7
0
-6
-10
-10
-6
0
7
11
9
5
-3
-7
-6
-1
5
6
3
-3
-7
-6
-3
2
3
3
2
0
0
5
7
9
7
-1
-9
-13
-13
-6
5
14
15
9
-1
-10
-13
-12
-6
2
7
10
10
8
2
-6
-10
-11
-5
1
6
5
0
-3
-1
2
7
7
4
0
-1
2
6
5
0
-8
-12
-10
-3
5
10
10
6
-1
-6
-8
-7
-4
-1
4
8
9
6
0
-8
-13
-10
-6
3
9
11
8
1
-2
-3
-3
-1
1
4
4
4
1
-3
-7
-7
-3
3
7
5
2
-6
-7
-7
-1
7
12
13
10
0
-9
-18
-22
-17
-5
13
24
26
17
3
-13
-21
-17
-5
8
15
14
8
0
-8
-12
-10
-4
3
9
10
8
2
-4
-8
-9
-11
-7
0
7
16
17
10
-2
-16
-23
-21
-11
4
17
22
20
11
-1
-12
-17
-16
-6
8
18
19
11
-1
-13
-17
-12
-1
8
11
7
2
-1
-1
0
0
-3
-3
-2
3
5
3
-3
-9
-10
-4
5
13
11
4
-5
-9
-6
1
6
6
2
-5
-7
-5
2
7
9
6
1
-4
-6
-6
-3
-1
4
10
13
11
3
-9
-21
-21
-13
4
17
23
20
7
-6
-16
-19
-16
-6
6
14
18
13
2
-9
-13
-9
1
9
9
4
-4
-9
-7
-2
5
10
11
6
-2
-8
-12
-11
-6
2
10
14
13
9
1
-6
-12
-14
-10
-3
3
9
11
9
3
-1
-3
-5
-6
-4
-3
4
7
12
10
4
-4
-10
-11
-7
-2
3
4
5
7
7
6
1
-6
-10
-10
-5
3
9
10
7
1
-2
-5
-6
-5
-4
-2
0
4
7
9
6
1
-5
-8
-8
-2
3
8
8
3
-3
-8
-9
-7
-1
4
9
12
8
3
-5
-10
-10
-6
1
6
6
4
-1
-2
-3
-4
-2
-1
1
3
5
5
1
-3
-6
-4
1
7
9
5
0
-6
-7
-7
-1
0
1
1
3
5
7
7
5
0
-5
-10
-14
-12
-8
2
16
25
26
13
-6
-23
-33
-27
-11
8
25
29
26
14
1
-14
-22
-24
-18
-5
8
19
19
11
1
-7
-8
-1
8
11
6
-4
-16
-23
-18
-4
13
25
25
16
0
-12
-20
-20
-12
1
13
20
18
7
-4
-14
-17
-10
-1
9
15
11
4
-8
-15
-15
-7
3
12
20
21
14
-1
-15
-24
-23
-14
-1
11
15
16
12
5
-5
-12
-16
-13
-2
10
15
14
7
-5
-16
-20
-16
-5
11
22
23
14
0
-13
-17
-16
-7
2
10
11
11
7
1
-4
-3
-1
0
-2
-8
-16
-19
-12
7
28
42
40
20
-9
-36
-50
-46
-22
7
36
51
46
25
-7
-33
-42
-31
-7
15
24
19
7
-2
-3
0
2
1
-4
-9
-12
-11
-4
5
14
15
10
0
-10
-15
-9
0
10
13
11
3
-6
-14
-18
-14
-5
8
20
24
17
0
-17
-25
-22
-7
8
16
15
11
5
-1
-8
-17
-22
-20
-7
13
28
30
17
-3
-20
-26
-19
-6
4
12
16
16
14
4
-8
-21
-25
-19
-1
15
26
22
9
-8
-17
-17
-9
1
9
11
12
8
1
-7
-14
-15
-6
5
14
15
7
-4
-12
-12
-7
4
13
18
15
6
-9
-18
-22
-15
-2
14
23
25
16
2
-13
-21
-20
-11
1
10
15
14
12
5
-1
-7
-14
-15
-13
-3
7
15
15
10
-2
-7
-9
-5
1
5
4
1
-2
-3
-2
1
3
3
4
2
-1
-3
-5
-5
-2
-1
2
6
6
4
2
-4
-8
-8
-6
2
7
9
7
2
-2
-5
-7
-5
-3
-1
2
6
8
7
3
-1
-4
-5
-4
-3
-1
0
2
4
6
5
2
-3
-5
-6
-2
0
3
3
2
1
0
-2
-3
-5
-3
-2
2
7
10
8
4
-1
-6
-8
-6
-3
-1
0
3
5
5
1
0
0
-1
-1
-1
-1
-1
-1
1
2
1
-1
-1
0
0
-2
-1
0
1
0
-1
0
0
0
1
0
1
1
0
-1
-1
-1
-1
-1
-1
-2
-1
2
6
7
8
4
-1
-6
-8
-7
-4
0
4
4
3
1
1
-1
0
1
1
3
3
2
-2
-3
-5
-3
-1
4
6
6
4
0
-3
-6
-8
-6
-2
4
8
9
8
3
-2
-5
-7
-7
-5
-2
1
3
6
7
3
0
-3
-5
-4
-2
1
2
5
3
1
-2
-2
-3
0
1
3
4
4
4
2
0
-3
-4
-4
-4
-2
2
6
8
8
4
-1
-8
-9
-9
-6
1
9
11
11
7
1
-4
-7
-7
-4
-1
3
5
4
3
2
-1
-2
-1
0
3
4
2
-1
-2
-5
-5
-1
2
4
3
2
-2
-2
-3
-1
0
1
0
-2
0
-2
2
4
3
0
-3
-6
-4
0
4
5
4
1
-1
-3
-5
-4
-3
1
6
11
9
5
-2
-8
-10
-8
-2
3
6
9
8
4
-1
-4
-6
-5
-4
-1
4
7
6
3
-1
-3
-4
-2
1
3
5
5
2
0
-2
-4
-5
-4
1
5
7
6
2
-3
-6
-7
-4
2
7
11
12
6
-2
-11
-17
-16
-8
6
18
26
21
10
-6
-17
-23
-19
-10
-1
10
16
18
12
3
-7
-13
-14
-9
0
7
11
10
5
-2
-7
-8
-4
2
7
9
6
1
-5
-9
-7
-4
-1
3
4
6
7
5
0
-3
-6
-5
-3
-1
0
3
4
4
4
2
-1
-3
-3
-2
0
4
7
5
4
-1
-5
-7
-8
-3
1
4
5
5
4
2
0
-2
-3
-4
-5
-5
-3
2
7
12
13
8
1
-9
-16
-18
-12
-1
9
18
20
14
3
-8
-14
-15
-8
-1
6
7
4
-1
-2
-4
-1
2
4
5
3
1
-2
-4
-5
-3
0
4
5
3
0
-2
-3
-4
-2
2
5
3
2
0
-2
-3
-2
0
0
0
0
0
-1
1
1
1
1
0
-1
0
-1
-2
-3
-1
1
3
3
2
1
0
0
-1
-1
-3
-3
-3
-2
2
4
6
8
7
3
-3
-8
-10
-9
-5
1
7
9
9
4
-2
-5
-5
-4
0
3
4
6
5
1
-3
-3
-2
0
1
1
0
-1
0
1
2
2
2
0
0
-2
-2
-2
-1
1
1
2
3
1
0
-2
0
-1
0
1
0
2
2
1
1
0
0
-1
-1
-1
-1
0
0
0
1
1
2
1
1
0
-1
-2
-2
-1
-1
0
1
2
2
2
0
-1
-2
-3
-5
-2
0
2
4
3
2
0
-1
-1
-2
-3
-2
-1
1
3
4
2
0
-2
-3
-3
-2
0
2
3
3
3
0
-1
-3
-3
-4
-1
1
2
3
3
2
0
-1
-2
-2
-2
0
1
1
2
2
2
1
0
-1
-2
-2
-3
-2
-2
0
2
1
2
0
0
-1
-1
-1
0
1
0
0
0
-1
0
0
0
-1
0
0
0
0
0
1
1
2
0
0
-1
-1
-1
0
1
1
1
1
1
1
-1
-1
-1
-1
0
0
1
1
1
2
2
1
-1
-3
-4
-3
-1
2
3
3
3
2
0
-2
-4
-3
-1
1
3
3
2
0
-2
-2
0
1
1
1
1
-1
-1
0
-1
0
1
2
2
1
0
-1
-1
0
1
1
1
2
1
2
2
-1
-1
-2
-2
-1
0
2
2
2
1
0
-2
-1
-2
-1
1
1
2
3
3
0
-2
-3
-3
0
1
1
1
0
0
0
0
-1
-1
0
-1
0
0
0
0
1
0
-1
-1
-1
0
1
1
1
1
-1
-1
-1
-3
-2
0
2
3
2
1
-2
-2
-1
-2
-1
0
1
1
1
0
-1
-1
-3
-2
0
1
0
4
4
1
0
0
-2
-4
-2
0
-1
2
2
3
2
1
-1
-2
-2
-3
-1
0
1
2
2
2
0
-1
-1
-2
-1
-1
0
2
2
2
1
0
-1
-2
-2
-3
1
1
3
2
1
2
-1
-1
-2
-1
-1
1
-1
1
1
1
1
1
1
-1
-2
-3
-2
-2
-1
1
2
2
2
3
0
-1
-2
-2
-2
-1
0
1
1
1
0
0
-1
-2
-1
-1
0
1
0
0
-1
0
1
0
-1
-1
0
2
3
2
2
0
-1
-1
0
0
1
1
1
0
-1
0
0
0
0
0
0
0
0
0
0
0
0
0
0
-1
0
0
1
1
0
0
-1
-1
-1
1
1
0
2
1
0
-1
-1
-1
0
0
1
1
1
0
0
0
0
0
0
0
0
-1
0
0
0
0
0
0
0
0
0
0
0
0
0
1
0
0
0
0
0
0
0
1
0
0
0
1
1
0
0
0
-1
1
1
0
0
0
0
0
0
0
1
0
0
0
1
0
0
0
0
0
-1
0
0
0
0
0
0
0
0
0
0
-1
-1
-1
0
0
0
0
-1
0
0
0
0
0
0
0
0
0
1
0
1
0
0
0
0
0
0
1
-1
0
1
-1
0
0
0
0
0
0
0
-1
0
0
0
-1
0
-1
0
0
0
0
0
-1
0
0
0
0
0
0
-1
0
0
0
0
0
0
0
0
-1
-1
0
0
0
0
0
1
0
0
0
0
0
-1
0
0
0
0
0
0
0
0
0
1
0
1
0
0
1
-1
1
0
0
0
-1
-1
0
0
0
-1
0
-1
0
0
0
-1
0
0
0
0
1
0
0
0
0
0
0
1
0
1
0
0
0
0
0
0
1
0
0
0
1
1
0
0
0
0
0
0
0
0
-1
1
0
0
0
0
0
0
0
1
0
0
-1
0
0
0
-1
-1
0
0
1
0
-1
0
0
0
0
0
0
-1
-1
0
0
-1
1
0
1
0
0
0
0
0
0
1
0
0
0
-1
0
0
0
0
0
1
-1
0
0
0
0
0
0
0
0
0
1
0
0
0
0
0
0
-1
0
0
-1
0
0
-1
0
0
0
0
0
0
0
0
1
0
0
-1
1
0
0
-1
-1
0
0
0
1
-1
0
0
0
-1
1
0
0
0
1
-1
0
0
0
0
0
0
0
0
0
0
0
-1
0
0
0
0
0
0
0
0
0
0
1
-1
0
0
-1
1
0
0
0
0
0
0
0
0
0
0
0
0
0
0
-1
0
0
0
0
0
0
0
-1
0
0
0
-1
0
0
-1
-1
0
0
0
0
0
1
1
-1
0
-1
0
0
0
0
0
0
0
0
1
0
0
0
0
-1
1
0
0
1
0
0
0
0
0
1
1
0
0
0
0
0
-1
0
-1
1
0
1
0
0
1
0
0
1
0
0
0
1
-1
-1
1
0
0
0
-1
0
0
1
0
0
0
0
0
0
-1
0
0
0
-1
0
0
1
1
-1
0
0
0
0
0
0
0
0
0
-1
1
0
0
1
0
0
0
0
1
-1
0
0
0
0
-1
1
0
0
-1
0
0
0
0
0
-1
0
-1
1
0
0
1
0
0
0
0
0
0
0
0
-1
0
0
0
1
0
1
0
0
0
0
-1
0
0
1
1
0
0
0
-1
-1
0
0
0
-1
0
0
1
0
1
0
0
1
0
0
1
0
0
0
0
0
0
0
0
0
0
0
-1
1
0
0
0
0
0
0
0
0
0
0
-1
0
-1
0
0
0
0
0
-1
0
0
0
1
0
0
0
0
0
0
0
0
0
-1
1
1
-1
0
0
0
0
0
0
0
0
0
0
0
0
0
-1
0
0
0
0
0
0
0
0
-1
0
0
0
0
-1
0
-1
0
0
0
0
0
-1
0
0
-1
0
0
0
1
0
0
0
0
0
0
1
0
0
0
0
0
1
0
0
0
1
1
0
0
0
0
0
0
0
0
1
1
1
0
0
-1
0
0
0
-1
-1
0
0
0
0
0
0
0
0
0
0
0
0
0
0
0
0
0
0
0
0
0
1
1
1
0
-1
0
0
0
0
0
0
1
-1
-1
0
0
0
0
0
1
0
-1
0
0
0
0
0
0
0
0
-1
0
0
0
0
1
0
0
0
0
0
-1
1
1
0
0
0
0
1
0
0
0
0
0
0
0
0
0
0
0
0
1
0
0
0
0
0
0
1
0
0
0
0
0
0
0
0
0
0
1
0
-1
0
0
0
0
-1
0
0
0
0
0
0
-1
0
0
-1
0
0
0
-1
1
0
0
0
0
0
0
0
0
0
0
0
0
0
-1
0
-1
0
0
0
0
0
0
0
0
0
1
0
0
0
0
0
0
0
0
0
0
0
1
0
0
0
0
0
0
0
0
0
-1
0
0
1
0
0
0
0
0
0
0
1
0
0
0
0
0
0
-1
0
1
0
0
0
0
0
0
0
0
-1
0
0
0
0
0
0
0
0
1
0
-1
0
1
0
0
-1
0
0
0
0
-1
0
0
0
0
1
0
0
0
0
0
0
0
0
-1
0
0
0
0
0
0
0
0
0
1
0
0
0
0
0
1
0
0
1
0
1
-1
0
0
0
0
0
0
0
0
-1
0
-1
-1
0
0
0
0
0
0
0
0
0
0
-1
0
-1
0
0
0
0
0
0
-1
0
0
0
0
0
0
0
0
0
0
0
0
0
0
0
0
0
1
1
0
-1
0
0
0
0
0
0
0
0
0
0
0
0
0
0
0
0
1
0
0
0
0
0
1
0
0
0
0
0
0
0
-1
-1
0
0
0
0
0
-1
-1
0
0
0
-1
1
0
0
-1
0
0
0
0
0
0
0
0
0
0
0
0
0
0
0
0
1
0
0
-1
0
0
0
0
0
0
1
0
0
-1
-1
0
0
0
0
-1
0
0
0
0
0
1
0
0
1
0
1
0
0
0
0
0
0
-1
0
0
0
0
0
0
1
0
0
0
0
0
0
-1
-1
0
-1
0
0
0
0
0
0
0
0
0
0
0
0
0
0
-1
0
0
0
0
1
0
0
0
0
0
0
0
0
0
0
-1
1
-1
0
0
0
0
0
0
0
0
1
0
1
0
0
0
1
-1
0
0
0
0
0
0
0
0
0
0
-1
0
0
0
0
1
1
0
1
0
0
0
0
0
0
0
0
0
0
-1
-1
-1
-1
0
0
0
0
0
-1
0
0
0
0
0
-1
0
-1
0
1
0
0
1
0
0
-1
0
-1
0
0
0
-1
0
1
-1
0
0
0
0
-1
0
1
0
-1
1
1
0
1
-1
0
0
1
0
0
-1
1
0
0
1
0
0
0
0
1
0
0
0
0
1
0
-1
0
-1
0
1
0
1
-1
0
1
0
0
0
0
0
-1
0
0
0
0
0
0
0
0
0
0
-1
0
1
0
1
0
-1
0
0
1
0
0
0
0
0
0
-1
0
-1
0
0
0
0
0
0
0
1
0
1
0
0
0
0
0
-1
0
0
0
0
0
-1
0
0
0
0
0
0
1
0
0
0
0
1
0
0
0
0
0
0
0
0
0
-1
0
1
0
0
0
0
0
0
0
0
0
0
0
0
0
0
0
-1
1
0
0
0
-1
0
0
0
1
0
0
0
-1
0
0
0
0
1
1
0
1
0
0
-1
0
-1
0
0
0
0
0
0
0
0
0
0
0
0
0
1
0
0
0
0
0
0
0
0
0
0
0
0
0
0
0
0
0
0
1
0
0
0
1
0
0
0
0
0
0
0
0
1
1
0
0
1
0
0
0
0
0
1
0
0
-1
1
0
-1
-1
0
0
0
0
0
1
0
1
0
0
0
1
0
-1
0
-1
0
0
-1
0
0
0
-1
0
0
0
0
0
0
0
0
1
-1
0
0
0
0
-1
0
0
0
0
0
1
0
0
0
0
0
0
0
0
1
1
0
0
0
0
0
0
0
0
0
1
0
-1
0
0
0
0
0
0
0
0
0
0
1
0
1
1
1
0
0
0
0
0
0
0
0
0
0
0
0
-1
0
0
0
-1
0
-1
0
0
0
0
0
0
0
-1
1
0
1
0
0
0
0
1
1
0
-1
0
1
-1
0
0
0
0
0
0
0
0
0
0
0
0
0
1
-1
0
0
0
0
0
0
0
-1
0
-1
0
0
0
0
0
-1
0
1
0
0
0
1
0
0
0
0
0
0
0
0
0
0
0
0
0
0
1
0
1
0
-1
-1
-1
0
0
0
0
0
0
0
-1
0
0
1
-1
0
1
0
0
0
0
0
0
0
-1
0
0
0
0
0
0
0
0
0
0
0
0
0
0
0
0
0
0
0
0
0
0
1
0
1
0
0
0
1
0
0
-1
1
0
-1
0
0
-1
0
0
0
0
-1
0
0
0
0
1
0
0
0
1
0
0
1
-1
0
0
0
0
0
0
-1
0
1
0
0
0
1
-1
0
0
0
-1
0
0
0
-1
0
1
0
-1
0
0
-1
-1
0
0
0
0
-1
-1
-1
0
0
0
0
0
0
0
0
0
1
0
-1
0
1
0
1
0
0
0
-1
0
0
0
0
0
0
-1
1
0
0
0
0
1
0
0
0
-1
0
1
0
0
0
0
0
0
0
0
0
0
-1
1
-1
0
1
0
0
0
0
0
0
0
0
0
0
0
0
0
0
0
1
0
0
0
0
-1
1
0
0
0
0
0
0
0
0
0
0
0
0
-1
0
0
0
-1
0
0
1
1
0
0
0
0
-1
0
1
0
-1
0
0
0
0
-1
0
0
0
0
0
-1
-1
0
0
0
0
1
0
0
0
0
-1
0
0
0
0
0
0
0
0
0
0
0
0
1
0
1
1
0
1
0
0
0
0
0
1
0
1
0
0
0
1
0
0
-1
0
0
1
0
-1
0
0
0
0
-1
-1
1
0
0
1
0
0
1
0
0
0
-1
1
0
0
0
0
0
0
-1
0
0
0
0
0
0
0
0
0
0
0
0
0
0
0
0
0
0
0
0
-1
0
-1
0
-1
0
0
0
0
0
-1
0
-1
1
0
0
0
0
0
-1
0
-1
0
-1
0
0
0
0
-1
0
-1
0
1
0
0
0
0
0
0
1
0
0
0
0
0
0
-1
0
0
0
0
0
0
0
0
1
0
1
1
0
0
0
0
0
0
0
0
0
0
1
0
1
0
0
0
0
0
0
0
1
0
0
0
1
0
1
1
0
0
0
0
-1
0
0
1
0
0
0
0
0
0
0
0
0
0
0
0
0
-1
0
0
0
0
0
0
0
0
0
-1
0
1
0
0
0
0
0
0
0
-1
1
0
0
0
1
0
1
0
0
0
0
0
0
0
-1
0
1
0
0
0
1
0
0
0
0
-1
1
1
0
0
1
0
0
0
0
0
0
0
0
-1
0
0
0
0
1
0
0
0
0
0
0
-1
-1
1
0
0
1
0
0
-1
0
-1
1
0
1
0
0
0
0
1
-1
0
0
0
0
0
0
0
0
0
0
0
0
0
0
-1
0
0
0
0
1
0
0
0
0
0
0
0
0
-1
0
0
0
-1
0
0
1
0
-1
0
0
0
0
1
1
1
0
0
-1
0
0
-1
0
0
0
0
-1
0
0
0
0
0
0
1
0
0
0
0
0
1
0
0
0
0
0
0
0
-1
1
-1
0
-1
0
0
0
0
-1
0
0
0
0
0
0
0
0
0
1
0
0
0
0
0
0
0
0
0
0
0
0
0
0
-1
0
0
0
1
0
0
0
0
-1
0
-1
0
1
0
0
1
0
0
0
0
0
0
0
0
0
0
1
-1
0
-1
0
0
-1
0
0
0
0
-1
0
0
0
0
0
1
0
0
0
0
0
0
0
-1
0
0
0
0
0
0
-1
0
0
0
0
0
0
-1
0
-1
0
0
0
0
1
0
0
0
0
0
0
0
0
0
0
0
0
1
0
0
0
0
1
0
-1
0
1
0
0
0
0
0
0
0
-1
-1
0
0
0
1
0
-1
0
0
-1
0
0
0
-1
0
0
1
0
0
0
0
0
0
1
0
0
0
0
1
0
0
0
1
1
0
0
0
0
0
0
1
0
1
0
0
0
1
0
0
0
-1
1
1
0
-1
0
0
0
0
0
0
0
0
0
0
0
1
0
1
0
0
0
0
0
-1
0
1
0
0
-1
0
-1
0
0
-1
0
0
0
0
0
0
0
0
0
0
0
0
0
0
0
0
0
0
0
0
0
0
0
0
0
0
0
0
0
0
0
0
0
-1
0
0
0
0
0
0
0
-1
0
0
0
0
0
0
0
0
0
0
0
0
0
0
0
0
0
0
0
0
0
0
1
-1
0
0
0
0
0
0
0
1
0
0
0
0
0
-1
0
0
0
0
0
0
0
0
0
0
-1
-1
-1
-1
0
-1
0
0
0
0
0
0
-1
-1
0
-1
0
0
0
-1
0
0
0
0
0
0
0
1
0
0
0
0
0
0
0
0
0
0
1
1
0
0
0
0
0
0
0
0
0
0
0
1
0
0
0
0
0
1
1
0
0
0
0
0
-1
0
0
0
0
0
0
1
0
0
1
0
0
0
1
0
0
1
0
1
1
0
0
0
0
0
0
0
0
0
0
1
0
1
1
-1
0
0
0
0
0
0
0
0
0
0
0
1
0
0
1
0
0
0
1
0
0
0
-1
0
0
0
0
0
0
0
0
0
0
1
0
0
0
-1
-1
0
0
0
0
0
0
0
0
0
0
-1
0
1
0
0
0
0
0
0
0
-1
0
1
0
0
0
0
-1
0
-1
-1
0
0
0
0
1
0
0
0
0
0
0
0
0
1
1
0
1
-1
0
0
0
0
0
0
0
0
0
0
0
0
0
0
0
0
0
0
0
0
0
0
0
0
0
0
0
0
-1
1
0
1
0
0
1
0
0
0
0
0
1
-1
0
0
0
0
0
1
0
0
-1
0
0
0
0
1
0
0
1
-1
-1
0
0
0
0
0
0
0
0
0
0
0
-1
0
0
0
1
0
0
0
0
1
0
-1
-1
0
0
0
-1
0
0
0
0
0
-1
0
0
0
0
-1
0
0
0
0
0
0
0
0
0
0
0
0
0
0
-1
0
0
0
0
0
0
0
0
0
1
0
-1
0
0
0
0
0
0
0
0
0
0
0
0
0
0
0
0
0
0
0
-1
0
0
0
0
0
0
0
0
0
0
0
0
0
1
0
0
0
0
0
0
0
1
0
0
0
1
1
0
0
0
-1
1
1
0
0
0
0
0
0
0
1
0
0
0
1
0
0
0
0
0
-1
0
0
0
0
0
0
0
0
0
0
-1
-1
-1
0
0
0
0
-1
0
0
0
0
0
0
0
0
0
1
0
1
0
0
0
0
0
0
1
-1
0
1
-1
0
0
0
0
0
0
0
-1
0
0
0
-1
0
-1
0
0
0
0
0
-1
0
0
0
0
0
0
-1
0
0
0
0
0
0
0
0
-1
-1
0
0
0
0
0
1
0
0
0
0
0
-1
0
0
0
0
0
0
0
0
0
1
0
1
0
0
1
-1
1
0
0
0
-1
-1
0
0
0
-1
0
-1
0
0
0
-1
0
0
0
0
1
0
0
0
0
0
0
1
0
1
0
0
0
0
0
0
1
0
0
0
1
1
0
0
0
0
0
0
0
0
-1
1
0
0
0
0
0
0
0
1
0
0
-1
0
0
0
-1
-1
0
0
1
0
-1
0
0
0
0
0
0
-1
-1
0
0
-1
1
0
1
0
0
0
0
0
0
1
0
0
0
-1
0
0
0
0
0
1
-1
0
0
0
0
0
0
0
0
0
1
0
0
0
0
0
0
-1
0
0
-1
0
0
-1
0
0
0
0
0
0
0
0
1
0
0
-1
1
0
0
-1
-1
0
0
0
1
-1
0
0
0
-1
1
0
0
0
1
-1
0
0
0
0
0
0
0
0
0
0
0
-1
0
0
0
0
0
0
0
0
0
0
1
-1
0
0
-1
1
0
0
0
0
0
0
0
0
0
0
0
0
0
0
-1
0
0
0
0
0
0
0
-1
0
0
0
-1
0
0
-1
-1
0
0
0
0
0
1
1
-1
0
-1
0
0
0
0
0
0
0
0
1
0
0
0
0
-1
1
0
0
1
0
0
0
0
0
1
1
0
0
0
0
0
-1
0
-1
1
0
1
0
0
1
0
0
1
0
0
0
1
-1
-1
1
0
0
0
-1
0
0
1
0
0
0
0
0
0
-1
0
0
0
-1
0
0
1
1
-1
0
0
0
0
0
0
0
0
0
-1
1
0
0
1
0
0
0
0
1
-1
0
0
0
0
-1
1
0
0
-1
0
0
0
0
0
-1
0
-1
1
0
0
1
0
0
0
0
0
0
0
0
-1
0
0
0
1
0
1
0
0
0
0
-1
0
0
1
1
0
0
0
-1
-1
0
0
0
-1
0
0
1
0
1
0
0
1
0
0
1
0
0
0
0
0
0
0
0
0
0
0
-1
1
0
0
0
0
0
0
0
0
0
0
-1
0
-1
0
0
0
0
0
-1
0
0
0
1
0
0
0
0
0
0
0
0
0
-1
1
1
-1
0
0
0
0
0
0
0
0
0
0
0
0
0
-1
0
0
0
0
0
0
0
0
-1
0
0
0
0
-1
0
-1
0
0
0
0
0
-1
0
0
-1
0
0
0
1
0
0
0
0
0
0
1
0
0
0
0
0
1
0
0
0
1
1
0
0
0
0
0
0
0
0
1
1
1
0
0
-1
0
0
0
-1
-1
0
0
0
0
0
0
0
0
0
0
0
0
0
0
0
0
0
0
0
0
0
1
1
1
0
-1
0
0
0
0
0
0
1
-1
-1
0
0
0
0
0
1
0
-1
0
0
0
0
0
0
0
0
-1
0
0
0
0
1
0
0
0
0
0
-1
1
1
0
0
0
0
1
0
0
0
0
0
0
0
0
0
0
0
0
1
0
0
0
0
0
0
1
0
0
0
0
0
0
0
0
0
0
1
0
-1
0
0
0
0
-1
0
0
0
0
0
0
-1
0
0
-1
0
0
0
-1
1
0
0
0
0
0
0
0
0
0
0
0
0
0
-1
0
-1
0
0
0
0
0
0
0
0
0
1
0
0
0
0
0
0
0
0
0
0
0
1
0
0
0
0
0
0
0
0
0
-1
0
0
1
0
0
0
0
0
0
0
1
0
0
0
0
0
0
-1
0
1
0
0
0
0
0
0
0
0
-1
0
0
0
0
0
0
0
0
1
0
-1
0
1
0
0
-1
0
0
0
0
-1
0
0
0
0
1
0
0
0
0
0
0
0
0
-1
0
0
0
0
0
0
0
0
0
1
0
0
0
0
0
1
0
0
1
0
1
-1
0
0
0
0
0
0
0
0
-1
0
-1
-1
0
0
0
0
0
0
0
0
0
0
-1
0
-1
0
0
0
0
0
0
-1
0
0
0
0
0
0
0
0
0
0
0
0
0
0
0
0
0
1
1
0
-1
0
0
0
0
0
0
0
0
0
0
0
0
0
0
0
0
1
0
0
0
0
0
1
0
0
0
0
0
0
0
-1
-1
0
0
0
0
0
-1
-1
0
0
0
-1
1
0
0
-1
0
0
0
0
0
0
0
0
0
0
0
0
0
0
0
0
1
0
0
-1
0
0
0
0
0
0
1
0
0
-1
-1
0
0
0
0
-1
0
0
0
0
0
1
0
0
1
0
1
0
0
0
0
0
0
-1
0
0
0
0
0
0
1
0
0
0
0
0
0
-1
-1
0
-1
0
0
0
0
0
0
0
0
0
0
0
0
0
0
-1
0
0
0
0
1
0
0
0
0
0
0
0
0
0
0
-1
1
-1
0
0
0
0
0
0
0
0
1
0
1
0
0
0
1
-1
0
0
0
0
0
0
0
0
0
0
-1
0
0
0
0
1
1
0
1
0
0
0
0
0
0
0
0
0
0
-1
-1
-1
-1
0
0
0
0
0
-1
0
0
0
0
0
-1
0
-1
0
1
0
0
1
0
0
-1
0
-1
0
0
0
-1
0
1
-1
0
0
0
0
-1
0
1
0
-1
1
1
0
1
-1
0
0
1
0
0
-1
1
0
0
1
0
0
0
0
1
0
0
0
0
1
0
-1
0
-1
0
1
0
1
-1
0
1
0
0
0
0
0
-1
0
0
0
0
0
0
0
0
0
0
-1
0
1
0
1
0
-1
0
0
1
0
0
0
0
0
0
-1
0
-1
0
0
0
0
0
0
0
1
0
1
0
0
0
0
0
-1
0
0
0
0
0
-1
0
0
0
0
0
0
1
0
0
0
0
1
0
0
0
0
0
0
0
0
0
-1
0
1
0
0
0
0
0
0
0
0
0
0
0
0
0
0
0
-1
1
0
0
0
-1
0
0
0
1
0
0
0
-1
0
0
0
0
1
1
0
1
0
0
-1
0
-1
0
0
0
0
0
0
0
0
0
0
0
0
0
1
0
0
0
0
0
0
0
0
0
0
0
0
0
0
0
0
0
0
1
0
0
0
1
0
0
0
0
0
0
0
0
1
1
0
0
1
0
0
0
0
0
1
0
0
-1
1
0
-1
-1
0
0
0
0
0
1
0
1
0
0
0
1
0
-1
0
-1
0
0
-1
0
0
0
-1
0
0
0
0
0
0
0
0
1
-1
0
0
0
0
-1
0
0
0
0
0
1
0
0
0
0
0
0
0
0
1
1
0
0
0
0
0
0
0
0
0
1
0
-1
0
0
0
0
0
0
0
0
0
0
1
0
1
1
1
0
0
0
0
0
0
0
0
0
0
0
0
-1
0
0
0
-1
0
-1
0
0
0
0
0
0
0
-1
1
0
1
0
0
0
0
1
1
0
-1
0
1
-1
0
0
0
0
0
0
0
0
0
0
0
0
0
1
-1
0
0
0
0
0
0
0
-1
0
-1
0
0
0
0
0
-1
0
1
0
0
0
1
0
0
0
0
0
0
0
0
0
0
0
0
0
0
1
0
1
0
-1
-1
-1
0
0
0
0
0
0
0
-1
0
0
1
-1
0
1
0
0
0
0
0
0
0
-1
0
0
0
0
0
0
0
0
0
0
0
0
0
0
0
0
0
0
0
0
0
0
1
0
1
0
0
0
1
0
0
-1
1
0
-1
0
0
-1
0
0
0
0
-1
0
0
0
0
1
0
0
0
1
0
0
1
-1
0
0
0
0
0
0
-1
0
1
0
0
0
1
-1
0
0
0
-1
0
0
0
-1
0
1
0
-1
0
0
-1
-1
0
0
0
0
-1
-1
-1
0
0
0
0
0
0
0
0
0
1
0
-1
0
1
0
1
0
0
0
-1
0
0
0
0
0
0
-1
1
0
0
0
0
1
0
0
0
-1
0
1
0
0
0
0
0
0
0
0
0
0
-1
1
-1
0
1
0
0
0
0
0
0
0
0
0
0
0
0
0
0
0
1
0
0
0
0
-1
1
0
0
0
0
0
0
0
0
0
0
0
0
-1
0
0
0
-1
0
0
1
1
0
0
0
0
-1
0
1
0
-1
0
0
0
0
-1
0
0
0
0
0
-1
-1
0
0
0
0
1
0
0
0
0
-1
0
0
0
0
0
0
0
0
1
0
-1
0
0
-1
0
0
0
0
0
0
0
0
0
0
0
1
0
0
0
0
-1
-1
0
-1
0
0
0
-1
0
0
0
0
1
1
-1
0
0
-1
-1
0
0
-1
0
0
-1
0
0
-1
1
-1
0
0
-1
0
0
0
0
0
0
0
1
0
0
-1
1
1
0
0
0
0
0
0
0
0
0
1
0
0
0
0
0
0
-1
0
0
-1
0
0
1
0
0
1
0
0
0
1
0
0
0
0
0
0
1
-1
0
0
0
1
0
-1
0
0
0
0
0
-1
0
0
0
0
1
0
0
1
0
0
0
1
0
0
0
0
0
1
0
0
0
0
0
0
0
1
0
0
0
0
-1
0
0
-1
-1
0
-1
0
0
0
1
1
0
0
0
-1
1
0
0
0
0
1
0
1
0
0
1
1
0
0
0
0
0
-1
0
0
0
-1
0
0
1
0
0
0
0
1
0
1
0
0
0
0
-1
0
0
0
0
0
-1
0
0
0
1
1
0
0
-1
0
0
1
0
0
-1
1
0
0
0
0
-1
0
0
0
0
0
0
0
0
0
0
0
1
0
0
0
-1
0
1
0
0
1
-1
0
-1
-1
0
0
0
0
0
0
0
0
-1
0
-1
1
0
1
1
0
0
0
0
0
0
0
0
0
0
0
0
0
0
1
0
-1
0
0
0
0
0
0
-1
0
0
-1
0
0
0
0
0
0
0
1
1
0
0
0
0
0
0
0
-1
0
0
0
0
0
0
-1
-1
0
0
0
0
0
1
0
1
-1
0
0
-1
0
0
0
1
0
0
0
0
0
0
0
1
0
1
0
0
0
-1
-1
0
0
0
0
1
0
-1
0
0
0
0
1
0
-1
0
0
0
0
0
1
0
0
0
0
0
0
0
0
0
0
1
0
0
0
0
0
0
0
0
0
0
0
0
0
-1
-1
0
0
0
0
0
0
-1
0
0
-1
0
0
0
0
0
0
0
0
0
0
0
0
0
0
0
0
0
-1
0
0
1
0
0
-1
1
0
0
0
0
0
0
0
0
0
0
-1
1
0
0
-1
0
0
0
1
0
-1
0
0
0
0
0
0
0
1
-1
0
-1
0
-1
-1
0
0
0
1
0
0
0
0
0
1
0
-1
-1
0
0
0
0
0
0
0
-1
0
-1
0
1
0
0
0
0
1
0
0
0
0
0
-1
-1
0
0
0
0
-1
0
1
0
1
0
0
0
0
-1
0
0
0
-1
0
0
0
0
0
0
0
0
-1
0
0
0
1
0
1
0
-1
0
1
0
0
-1
0
0
0
0
0
0
1
0
1
0
0
0
0
0
1
0
1
0
0
0
1
0
0
0
0
0
-1
0
0
0
0
0
0
0
0
0
-1
0
0
0
0
0
0
0
0
0
0
1
0
1
0
0
1
0
0
1
0
0
1
0
0
1
0
0
0
0
0
0
0
0
0
0
0
1
0
0
-1
0
0
-1
0
-1
0
0
1
1
0
0
0
-1
0
0
0
0
0
0
1
0
0
-1
0
0
0
0
-1
0
1
0
0
0
0
0
-1
0
0
0
0
0
0
0
1
0
0
0
0
0
-1
0
0
0
0
0
1
0
0
0
0
0
0
0
1
0
-1
0
-1
1
0
0
0
0
-1
0
-1
0
0
0
0
-1
1
0
0
0
1
0
-1
0
1
1
0
-1
0
0
0
0
0
0
0
0
-1
0
0
0
0
1
-1
0
0
-1
0
0
0
0
0
1
1
0
0
0
-1
-1
0
0
0
1
0
0
0
0
0
0
1
0
0
-1
0
0
1
0
0
0
0
0
1
0
0
-1
0
0
0
0
0
0
0
0
1
0
0
0
0
0
0
0
0
1
0
0
0
0
0
0
-1
0
0
0
0
1
0
0
1
0
0
0
1
-1
0
-1
0
0
0
1
0
0
0
0
0
0
1
0
0
0
0
0
0
0
0
0
-1
0
0
0
1
0
0
0
1
0
0
0
0
0
0
0
0
0
0
1
0
1
0
-1
0
0
-1
0
0
0
-1
0
0
0
-1
0
-1
1
-1
1
0
0
0
0
0
1
0
1
0
0
0
0
0
0
0
0
0
0
0
1
0
0
-1
0
0
0
0
0
0
0
0
0
0
-1
0
0
1
0
0
-1
0
0
0
0
0
0
0
0
-1
0
1
0
0
0
0
1
0
0
0
0
0
-1
0
0
-1
0
0
0
0
0
0
0
0
0
0
0
1
1
1
1
0
0
-1
1
0
0
0
0
0
0
0
0
0
0
0
0
1
0
0
1
0
1
0
0
1
0
0
0
0
1
0
0
-1
0
0
1
1
0
0
-1
0
-1
-1
0
0
0
1
1
0
-1
0
1
0
0
0
0
1
0
1
-1
0
1
0
0
0
-1
0
0
0
1
0
-1
0
-1
-1
0
0
1
0
0
0
1
1
0
0
1
1
-1
0
-1
0
0
0
1
0
0
0
0
-1
0
0
-1
0
0
-1
-1
1
0
0
0
0
-1
0
1
0
0
0
-1
1
0
1
0
1
-1
0
0
0
-1
0
0
0
0
0
0
0
0
0
0
0
0
0
0
0
0
0
1
0
0
0
0
1
0
0
0
0
0
0
0
0
0
0
0
0
0
0
0
0
0
0
0
0
1
0
0
0
0
-1
0
0
1
0
0
0
0
0
-1
0
0
0
0
0
0
-1
0
0
-1
0
0
0
-1
0
0
0
0
-1
0
0
0
0
0
0
0
0
0
0
0
0
0
0
0
-1
0
0
0
-1
0
-1
0
-1
0
0
0
0
1
0
0
0
0
-1
1
0
0
0
0
0
1
0
0
0
0
0
0
1
0
0
0
0
-1
0
-1
0
0
0
0
0
0
0
0
0
0
0
0
0
0
0
0
0
1
0
1
1
0
1
0
0
0
0
0
1
0
1
0
0
0
1
0
0
-1
0
0
1
0
-1
0
0
0
0
-1
-1
1
0
0
1
0
0
1
0
0
0
-1
1
0
0
0
0
0
0
-1
0
0
0
0
0
0
0
0
0
0
0
0
0
0
0
0
0
0
0
0
-1
0
-1
0
-1
0
0
0
0
0
-1
0
-1
1
0
0
0
0
0
-1
0
-1
0
-1
0
0
0
0
-1
0
-1
0
1
0
0
0
0
0
0
1
0
0
0
0
0
0
-1
0
0
0
0
0
0
0
0
1
0
1
1
0
0
0
0
0
0
0
0
0
0
1
0
1
0
0
0
0
0
0
0
1
0
0
0
1
0
1
1
0
0
0
0
-1
0
0
1
0
0
0
0
0
0
0
0
0
0
0
0
0
-1
0
0
0
0
0
0
0
0
0
-1
0
1
0
0
0
0
0
0
0
-1
1
0
0
0
1
0
1
0
0
0
0
0
0
0
-1
0
1
0
0
0
1
0
0
0
0
-1
1
1
0
0
1
0
0
0
0
0
0
0
0
-1
0
0
0
0
1
0
0
0
0
0
0
-1
-1
1
0
0
1
0
0
-1
0
-1
1
0
1
0
0
0
0
1
-1
0
0
0
0
0
0
0
0
0
0
0
0
0
0
-1
0
0
0
0
1
0
0
0
0
0
0
0
0
-1
0
0
0
-1
0
0
1
0
-1
0
0
0
0
1
1
1
0
0
-1
0
0
-1
0
0
0
0
-1
0
0
0
0
0
0
1
0
0
0
0
0
1
0
0
0
0
0
0
0
-1
1
-1
0
-1
0
0
0
0
-1
0
0
0
0
0
0
0
0
0
1
0
0
0
0
0
0
0
0
0
0
0
0
0
0
-1
0
0
0
1
0
0
0
0
-1
0
-1
0
1
0
0
1
0
0
0
0
0
0
0
0
0
0
1
-1
0
-1
0
0
-1
0
0
0
0
-1
0
0
0
0
0
1
0
0
0
0
0
0
0
-1
0
0
0
0
0
0
-1
0
0
0
0
0
0
-1
0
-1
0
0
0
0
1
0
0
0
0
0
0
0
0
0
0
0
0
1
0
0
0
0
1
0
-1
0
1
0
0
0
0
0
0
0
-1
-1
0
0
0
1
0
-1
0
0
-1
0
0
0
-1
0
0
1
0
0
0
0
0
0
1
0
0
0
0
1
0
0
0
1
1
0
0
0
0
0
0
1
0
1
0
0
0
1
0
0
0
-1
1
1
0
-1
0
0
0
0
0
0
0
0
0
0
0
1
0
1
0
0
0
0
0
-1
0
1
0
0
-1
0
-1
0
0
-1
0
0
0
0
0
0
0
0
0
0
0
0
0
0
0
0
0
0
0
0
0
0
0
0
0
0
0
0
0
0
0
0
0
-1
0
0
0
0
0
0
0
-1
0
0
0
0
0
0
0
0
0
0
0
0
0
0
0
0
0
0
0
0
0
0
1
-1
0
0
0
0
0
0
0
1
0
0
0
0
0
-1
0
0
0
0
0
0
0
0
0
0
-1
-1
-1
-1
0
-1
0
0
0
0
0
0
-1
-1
0
-1
0
0
0
-1
0
0
0
0
0
0
0
1
0
0
0
0
0
0
0
0
0
0
1
1
0
0
0
0
0
0
0
0
0
0
0
1
0
0
0
0
0
1
1
0
0
0
0
0
-1
0
0
0
0
0
0
1
0
0
1
0
0
0
1
0
0
1
0
1
1
0
0
0
0
0
0
0
0
0
0
1
0
1
1
-1
0
0
0
0
0
0
0
0
0
0
0
1
0
0
1
0
0
0
1
0
0
0
-1
0
0
0
0
0
0
0
0
0
0
1
0
0
0
-1
-1
0
0
0
0
0
0
0
0
0
0
-1
0
1
0
0
0
0
0
0
0
-1
0
1
0
0
0
0
-1
0
-1
-1
0
0
0
0
1
0
0
0
0
0
0
0
0
1
1
0
1
-1
0
0
0
0
0
0
0
0
0
0
0
0
0
0
0
0
0
0
0
0
0
0
0
0
0
0
0
0
-1
1
0
1
0
0
1
0
0
0
0
0
1
-1
0
0
0
0
0
1
0
0
-1
0
0
0
0
1
0
0
1
-1
-1
0
0
0
0
0
0
0
0
0
0
0
-1
0
0
0
1
0
0
0
0
1
0
-1
-1
0
0
0
-1
0
0
0
0
0
-1
0
0
0
0
-1
0
0
0
0
0
0
0
0
0
0
0
0
0
0
-1
0
0
0
0
0
0
0
0
0
1
0
-1
0
0
0
0
0
0
0
0
0
0
0
0
0
0
0
0
0
0
0
-1
0
0
0
0
0
0
0
0
0
0
0
0
0
1
0
0
0
0
0
0
0
1
0
0
0
1
1
0
0
0
-1
1
1
0
0
0
0
0
0
0
1
0
0
0
1
0
0
0
0
0
-1
0
0
0
0
0
0
0
0
0
0
-1
-1
-1
0
0
0
0
-1
0
0
0
0
0
0
0
0
0
1
0
1
0
0
0
0
0
0
1
-1
0
1
-1
0
0
0
0
0
0
0
-1
0
0
0
-1
0
-1
0
0
0
0
0
-1
0
0
0
0
0
0
-1
0
0
0
0
0
0
0
0
-1
-1
0
0
0
0
0
1
0
0
0
0
0
-1
0
0
0
0
0
0
0
0
0
1
0
1
0
0
1
-1
1
0
0
0
-1
-1
0
0
0
-1
0
-1
0
0
0
-1
0
0
0
0
1
0
0
0
0
0
0
1
0
1
0
0
0
0
0
0
1
0
0
0
1
1
0
0
0
0
0
0
0
0
-1
1
0
0
0
0
0
0
0
1
0
0
-1
0
0
0
-1
-1
0
0
1
0
-1
0
0
0
0
0
0
-1
-1
0
0
-1
1
0
1
0
0
0
0
0
0
1
0
0
0
-1
0
0
0
0
0
1
-1
0
0
0
0
0
0
0
0
0
1
0
0
0
0
0
0
-1
0
0
-1
0
0
-1
0
0
0
0
0
0
0
0
1
0
0
-1
1
0
0
-1
-1
0
0
0
1
-1
0
0
0
-1
1
0
0
0
1
-1
0
0
0
0
0
0
0
0
0
0
0
-1
0
0
0
0
0
0
0
0
0
0
1
-1
0
0
-1
1
0
0
0
0
0
0
0
0
0
0
0
0
0
0
-1
0
0
0
0
0
0
0
-1
0
0
0
-1
0
0
-1
-1
0
0
0
0
0
1
1
-1
0
-1
0
0
0
0
0
0
0
0
1
0
0
0
0
-1
1
0
0
1
0
0
0
0
0
1
1
0
0
0
0
0
-1
0
-1
1
0
1
0
0
1
0
0
1
0
0
0
1
-1
-1
1
0
0
0
-1
0
0
1
0
0
0
0
0
0
-1
0
0
0
-1
0
0
1
1
-1
0
0
0
0
0
0
0
0
0
-1
1
0
0
1
0
0
0
0
1
-1
0
0
0
0
-1
1
0
0
-1
0
0
0
0
0
-1
0
-1
1
0
0
1
0
0
0
0
0
0
0
0
-1
0
0
0
1
0
1
0
0
0
0
-1
0
0
1
1
0
0
0
-1
-1
0
0
0
-1
0
0
1
0
1
0
0
1
0
0
1
0
0
0
0
0
0
0
0
0
0
0
-1
1
0
0
0
0
0
0
0
0
0
0
-1
0
-1
0
0
0
0
0
-1
0
0
0
1
0
0
0
0
0
0
0
0
0
-1
1
1
-1
0
0
0
0
0
0
0
0
0
0
0
0
0
-1
0
0
0
0
0
0
0
0
-1
0
0
0
0
-1
0
-1
0
0
0
0
0
-1
0
0
-1
0
0
0
1
0
0
0
0
0
0
1
0
0
0
0
0
1
0
0
0
1
1
0
0
0
0
0
0
0
0
1
1
1
0
0
-1
0
0
0
-1
-1
0
0
0
0
0
0
0
0
0
0
0
0
0
0
0
0
0
0
0
0
0
1
1
1
0
-1
0
0
0
0
0
0
1
-1
-1
0
0
0
0
0
1
0
-1
0
0
0
0
0
0
0
0
-1
0
0
0
0
1
0
0
0
0
0
-1
1
1
0
0
0
0
1
0
0
0
0
0
0
0
0
0
0
0
0
1
0
0
0
0
0
0
1
0
0
0
0
0
0
0
0
0
0
1
0
-1
0
0
0
0
-1
0
0
0
0
0
0
-1
0
0
-1
0
0
0
-1
1
0
0
0
0
0
0
0
0
0
0
0
0
0
-1
0
-1
0
0
0
0
0
0
0
0
0
1
0
0
0
0
0
0
0
0
0
0
0
1
0
0
0
0
0
0
0
0
0
-1
0
0
1
0
0
0
0
0
0
0
1
0
0
0
0
0
0
-1
0
1
0
0
0
0
0
0
0
0
-1
0
0
0
0
0
0
0
0
1
0
-1
0
1
0
0
-1
0
0
0
0
-1
0
0
0
0
1
0
0
0
0
0
0
0
0
-1
0
0
0
0
0
0
0
0
0
1
0
0
0
0
0
1
0
0
1
0
1
-1
0
0
0
0
0
0
0
0
-1
0
-1
-1
0
0
0
0
0
0
0
0
0
0
-1
0
-1
0
0
0
0
0
0
-1
0
0
0
0
0
0
0
0
0
0
0
0
0
0
0
0
0
1
1
0
-1
0
0
0
0
0
0
0
0
0
0
0
0
0
0
0
0
1
0
0
0
0
0
1
0
0
0
0
0
0
0
-1
-1
0
0
0
0
0
-1
-1
0
0
0
-1
1
0
0
-1
0
0
0
0
0
0
0
0
0
0
0
0
0
0
0
0
1
0
0
-1
0
0
0
0
0
0
1
0
0
-1
-1
0
0
0
0
-1
0
0
0
0
0
1
0
0
1
0
1
0
0
0
0
0
0
-1
0
0
0
0
0
0
1
0
0
0
0
0
0
-1
-1
0
-1
0
0
0
0
0
0
0
0
0
0
0
0
0
0
-1
0
0
0
0
1
0
0
0
0
0
0
0
0
0
0
-1
1
-1
0
0
0
0
0
0
0
0
1
0
1
0
0
0
1
-1
0
0
0
0
0
0
0
0
0
0
-1
0
0
0
0
1
1
0
1
0
0
0
0
0
0
0
0
0
0
-1
-1
-1
-1
0
0
0
0
0
-1
0
0
0
0
0
-1
0
-1
0
1
0
0
1
0
0
-1
0
-1
0
0
0
-1
0
1
-1
0
0
0
0
-1
0
1
0
-1
1
1
0
1
-1
0
0
1
0
0
-1
1
0
0
1
0
0
0
0
1
0
0
0
0
1
0
-1
0
-1
0
1
0
1
-1
0
1
0
0
0
0
0
-1
0
0
0
0
0
0
0
0
0
0
-1
0
1
0
1
0
-1
0
0
1
0
0
0
0
0
0
-1
0
-1
0
0
0
0
0
0
0
1
0
1
0
0
0
0
0
-1
0
0
0
0
0
-1
0
0
0
0
0
0
1
0
0
0
0
1
0
0
0
0
0
0
0
0
0
-1
0
1
0
0
0
0
0
0
0
0
0
0
0
0
0
0
0
-1
1
0
0
0
-1
0
0
0
1
0
0
0
-1
0
0
0
0
1
1
0
1
0
0
-1
0
-1
0
0
0
0
0
0
0
0
0
0
0
0
0
1
0
0
0
0
0
0
0
0
0
0
0
0
0
0
0
0
0
0
1
0
0
0
1
0
0
0
0
0
0
0
0
1
1
0
0
1
0
0
0
0
0
1
0
0
-1
1
0
-1
-1
0
0
0
0
0
1
0
1
0
0
0
1
0
-1
0
-1
0
0
-1
0
0
0
-1
0
0
0
0
0
0
0
0
1
-1
0
0
0
0
-1
0
0
0
0
0
1
0
0
0
0
0
0
0
0
1
1
0
0
0
0
0
0
0
0