-43
823
2603
3292
1775
-361
-1473
-1786
-1710
-864
363
628
-321
-1414
-2323
-3390
-3660
-1898
590
1286
212
-729
-1180
-1687
-1284
552
1971
2065
2355
2746
1347
-894
-1243
106
1347
2272
2720
1692
-272
-1434
-1482
-1113
-319
852
1426
786
-462
-1564
-2275
-2227
-1122
295
861
458
-259
-1017
-1709
-1791
-919
346
1162
1258
735
-253
-1154
-1202
-330
738
1352
1322
758
33
-480
-713
-560
154
1084
1492
1039
129
-613
-881
-623
111
1002
1378
856
78
-360
-756
-850
-89
789
983
666
101
-433
-790
-1032
-734
190
804
651
131
-568
-1174
-1189
-719
-172
352
691
600
-8
-739
-829
-434
-188
253
961
1105
615
-6
-511
-607
-289
210
767
941
512
-135
-817
-1163
-683
16
238
181
73
-10
-229
-754
-961
-401
324
612
480
287
236
156
-47
-145
108
651
1010
825
287
-97
-86
62
83
89
197
197
-49
-277
-266
-293
-559
-725
-476
-108
-124
-417
-492
-333
-234
-221
-234
-179
110
423
337
20
19
335
440
184
78
391
622
403
97
29
19
-96
-195
-122
21
-34
-255
-359
-343
-348
-322
-288
-314
-193
136
274
43
-185
-150
17
215
484
684
635
390
148
73
135
249
408
487
367
201
50
-164
-300
-291
-223
-26
122
-15
-205
-391
-651
-650
-317
-13
118
100
-43
-265
-397
-193
94
85
29
191
301
131
-145
-280
-248
-114
89
286
365
243
-63
-341
-329
-10
325
476
448
192
-114
-180
-138
-28
271
434
296
140
23
-118
-226
-238
-76
168
235
76
-125
-295
-461
-499
-349
-115
86
102
-89
-284
-380
-334
-137
17
114
331
481
271
-88
-118
129
250
278
438
536
347
37
-142
-184
-143
29
180
101
-122
-333
-443
-413
-296
-199
-216
-333
-326
-104
-44
-259
-342
-123
89
105
246
497
378
49
8
267
490
531
498
375
229
156
64
30
104
110
62
12
-159
-318
-295
-310
-369
-260
-114
-145
-283
-372
-377
-353
-264
-65
61
50
27
-14
-80
-37
124
216
190
206
301
297
158
17
-33
40
214
337
256
61
-49
-60
-65
-67
-23
74
156
116
-39
-144
-130
-100
-92
-39
61
131
77
-103
-267
-227
-32
57
-1
-4
85
90
-46
-138
-48
55
38
22
76
110
47
-58
-47
78
101
12
24
126
129
33
-38
-49
-2
35
-50
-173
-141
-5
10
-119
-202
-188
-174
-134
-48
-41
-113
-114
-39
8
-15
-54
1
137
183
118
112
198
231
153
85
93
104
94
119
136
53
-75
-126
-124
-132
-102
-43
-45
-91
-125
-151
-165
-125
-37
6
-32
-39
9
-4
-78
-79
27
103
96
102
107
44
-4
16
57
103
162
177
97
-12
-27
39
50
6
15
46
-3
-79
-103
-125
-180
-161
-50
12
-32
-70
-83
-123
-122
3
143
145
80
87
115
73
34
71
122
140
148
136
55
-39
-40
-4
-43
-72
-11
5
-84
-144
-113
-88
-109
-85
12
45
-44
-115
-97
-66
-54
-1
85
122
76
-7
-55
-34
43
126
163
140
77
11
-29
-21
42
116
137
87
16
-18
-30
-37
-34
-38
-46
-39
-26
-19
-42
-90
-122
-114
-69
3
79
110
60
-34
-72
-36
24
98
147
117
34
-25
-36
-13
10
20
27
18
-12
-36
-57
-82
-89
-77
-71
-76
-45
11
-9
-106
-144
-94
-44
-2
40
32
-18
-44
-31
-9
29
76
117
116
66
30
33
48
76
110
111
58
4
5
31
24
2
-8
-17
-34
-48
-58
-60
-54
-49
-55
-62
-51
-31
-26
-42
-42
3
62
89
74
36
7
23
74
110
114
110
100
53
-21
-67
-53
-10
24
23
-13
-75
-130
-152
-136
-103
-82
-79
-75
-69
-73
-96
-113
-100
-58
-10
27
63
74
39
-6
8
85
142
142
131
146
155
126
91
91
114
111
86
69
73
62
13
-45
-75
-70
-56
-49
-54
-72
-98
-127
-140
-126
-97
-76
-69
-57
-46
-49
-60
-55
-31
1
32
51
51
44
44
41
33
38
70
109
130
117
83
55
34
24
39
68
69
19
-41
-63
-54
-45
-51
-75
-101
-109
-92
-82
-81
-83
-92
-107
-113
-89
-40
11
36
13
-20
-14
28
67
107
154
172
135
90
77
107
153
174
142
93
62
31
-7
-20
-11
-26
-73
-107
-114
-114
-119
-125
-136
-151
-158
-137
-104
-88
-96
-96
-65
-35
-26
-24
-3
30
55
68
74
76
82
97
111
108
98
95
97
90
83
83
78
54
14
-23
-30
-9
14
1
-35
-63
-77
-90
-92
-65
-26
-6
-10
-22
-36
-46
-38
-13
22
47
51
38
22
7
-16
-32
-12
34
70
67
35
2
-13
-22
-24
-3
38
69
59
12
-41
-66
-54
-21
1
7
6
2
-15
-45
-73
-70
-35
18
47
43
19
-9
-32
-38
-20
23
68
90
67
12
-34
-39
-8
26
43
44
26
6
-6
-15
-29
-34
-15
17
35
29
-3
-37
-50
-39
-19
7
30
33
9
-24
-34
-16
3
6
-5
-12
-8
13
37
29
-10
-45
-45
-12
25
51
52
19
-26
-60
-64
-40
-4
22
18
-2
-22
-44
-70
-75
-45
-9
5
11
20
15
-22
-50
-36
7
56
98
115
83
16
-35
-32
18
76
100
84
46
5
-29
-46
-31
4
25
21
11
4
-11
-38
-60
-55
-24
17
48
42
-4
-64
-95
-77
-36
6
33
35
2
-45
-68
-52
-1
51
70
61
41
17
-8
-19
0
38
63
56
28
-5
-34
-48
-31
0
18
19
5
-22
-42
-40
-23
-6
14
24
20
7
-3
-11
-17
-8
18
43
50
30
-5
-25
-10
22
37
24
10
10
7
-12
-24
-18
-8
0
7
11
-1
-28
-44
-32
-9
2
0
-1
-9
-29
-48
-39
-8
21
25
4
-18
-22
-10
6
23
32
28
18
8
4
5
16
25
28
22
9
-9
-18
-17
-14
-14
-14
-12
-13
-24
-37
-43
-40
-24
-7
6
8
0
-14
-18
-1
28
51
54
38
20
14
16
18
21
30
36
25
3
-11
-7
5
12
14
12
3
-11
-20
-17
-12
-17
-27
-35
-33
-21
-13
-21
-38
-43
-30
-9
7
10
3
-2
4
12
19
30
40
38
26
18
20
29
30
15
-3
-15
-14
-5
1
-3
-16
-35
-40
-30
-18
-13
-10
-1
8
2
-10
-10
6
21
26
27
27
21
8
-3
-3
-1
3
9
14
14
7
-13
-38
-39
-7
31
41
22
-10
-37
-43
-28
-4
16
19
9
-5
-22
-32
-24
-4
15
35
48
37
3
-20
-20
-2
31
62
65
34
-7
-40
-53
-34
9
38
30
-3
-37
-64
-77
-61
-22
10
22
14
-14
-46
-63
-46
-6
36
60
55
27
-8
-29
-24
3
40
67
68
42
8
-16
-22
-4
29
54
56
37
13
-10
-29
-34
-19
7
19
11
-20
-51
-66
-63
-49
-30
-8
5
-2
-30
-53
-50
-21
15
42
52
40
7
-17
-4
36
63
65
51
37
24
9
-4
1
23
38
32
6
-23
-47
-57
-57
-42
-13
7
-9
-49
-80
-79
-55
-26
-1
16
19
7
-14
-25
-7
25
51
66
74
69
50
29
18
19
31
52
67
59
28
-9
-37
-45
-30
-2
16
8
-18
-51
-68
-67
-46
-19
-3
-5
-18
-29
-35
-31
-16
1
9
14
19
16
5
1
7
20
29
31
27
20
9
-3
-5
6
18
17
9
-1
-8
-15
-15
-4
12
15
1
-11
-14
-7
-3
0
4
3
-2
-7
-7
-6
-4
-7
-7
-3
0
1
1
-2
-9
-15
-15
-4
10
14
7
-4
-5
1
7
14
19
21
16
10
3
0
4
9
12
10
1
-9
-16
-17
-14
-9
-9
-14
-21
-23
-19
-12
-11
-12
-12
-8
-2
2
4
6
11
16
19
23
26
28
27
25
23
21
20
18
13
6
-2
-4
-3
-7
-15
-25
-27
-23
-20
-23
-28
-28
-21
-14
-11
-9
-8
-7
-3
6
16
21
19
16
14
17
22
28
27
20
13
7
6
7
6
0
-6
-11
-12
-12
-13
-16
-20
-23
-23
-19
-15
-13
-15
-15
-13
-6
2
7
6
5
7
14
22
26
24
18
12
13
16
19
19
14
8
-1
-5
-6
-7
-7
-8
-9
-11
-11
-12
-15
-17
-15
-10
-4
0
1
-2
-6
-9
-8
-2
5
9
8
4
1
1
2
6
9
11
12
11
9
5
1
0
1
4
7
7
3
-4
-6
-8
-7
-5
-2
-3
-4
-7
-11
-12
-12
-9
-5
-1
0
-2
-1
-4
-1
2
6
11
13
11
7
5
7
10
13
12
9
8
8
2
-3
-6
-3
2
3
-3
-10
-13
-15
-14
-12
-5
-3
-6
-10
-10
-9
-5
2
5
7
8
8
7
6
7
9
12
13
11
7
3
0
0
2
4
3
1
-1
-4
-9
-13
-11
-5
-4
-6
-10
-8
-6
-6
-6
-2
1
4
5
6
6
7
8
8
10
14
14
9
6
5
2
-2
-7
-7
-4
-3
-5
-6
-10
-13
-11
-10
-5
-2
1
-1
-2
-4
-1
0
4
8
8
7
5
4
5
5
8
10
10
10
6
1
-2
-4
-2
2
1
1
-5
-8
-10
-11
-9
-6
-3
-1
-2
-3
-4
-4
-1
3
6
8
9
7
5
2
3
5
6
8
7
3
-1
-5
-3
-2
-1
-2
-1
0
-4
-11
-12
-8
-2
0
1
0
-1
-2
-3
0
1
4
4
5
5
3
2
1
3
5
7
7
4
0
-2
-4
-4
-2
-1
0
0
-3
-7
-8
-7
-4
-1
1
2
2
1
0
1
3
5
5
7
7
5
3
3
2
2
1
1
1
0
-1
-2
-3
-4
-3
-1
-1
1
-2
-3
-4
-5
-2
-1
1
3
2
1
0
-1
1
3
4
3
4
3
0
1
0
0
-1
1
0
0
-2
-3
-3
-3
-1
-1
0
0
0
-1
-1
0
2
2
4
3
2
1
1
1
1
3
3
2
0
-1
-2
-2
-1
0
1
1
-1
-2
-2
0
0
1
2
1
0
-1
-1
-1
1
3
3
2
2
1
0
1
1
3
4
2
1
-2
-1
-2
-2
-1
1
0
-1
-2
-2
0
0
2
2
1
0
0
-1
-1
0
1
3
2
0
0
-1
0
0
2
3
2
1
0
-1
0
1
2
1
1
0
-1
-1
-2
0
1
2
1
1
1
-1
0
0
1
2
2
2
1
1
1
0
0
0
0
0
0
0
0
0
2
1
-1
0
-1
-1
0
1
2
2
2
2
1
1
0
1
2
1
0
-1
-1
-1
0
1
2
2
1
0
-1
-2
-2
-1
0
1
0
1
0
1
0
1
1
1
1
1
0
1
0
1
0
0
0
0
1
1
0
0
1
2
-1
-1
-1
-2
-1
0
0
1
1
1
1
1
0
1
2
0
1
1
1
1
0
0
0
-1
0
-1
0
0
0
0
0
-1
0
1
0
0
0
1
0
0
0
0
0
0
0
0
0
0
0
0
0
0
1
0
1
0
-1
-1
-1
0
0
0
0
0
0
0
-1
0
0
1
-1
0
1
0
0
0
0
0
0
0
-1
0
0
0
0
0
0
0
0
0
0
0
0
0
0
0
0
0
0
0
0
0
0
1
0
1
0
0
0
1
0
0
-1
1
0
-1
0
0
-1
0
0
0
0
-1
0
0
0
0
1
0
0
0
1
0
0
1
-1
0
0
0
0
0
0
-1
0
1
0
0
0
1
-1
0
0
0
-1
0
0
0
-1
0
1
0
-1
0
0
-1
-1
0
0
0
0
-1
-1
-1
0
0
0
0
0
0
0
0
0
1
0
-1
0
1
0
1
0
0
0
-1
0
0
0
0
0
0
-1
1
0
0
0
0
1
0
0
0
-1
0
1
0
0
0
0
0
0
0
0
0
0
-1
1
-1
0
1
0
0
0
0
0
0
0
0
0
0
0
0
0
0
0
1
0
0
0
0
-1
1
0
0
0
0
0
0
0
0
0
0
0
0
-1
0
0
0
-1
0
0
1
1
0
0
0
0
-1
0
1
0
-1
0
0
0
0
-1
0
0
0
0
0
-1
-1
0
0
0
0
1
0
0
0
0
-1
0
0
0
0
0
0
0
0
1
0
-1
0
0
-1
0
0
0
0
0
0
0
0
0
0
0
1
0
0
0
0
-1
-1
0
-1
0
0
0
-1
0
0
0
0
1
1
-1
0
0
-1
-1
0
0
-1
0
0
-1
0
0
-1
1
-1
0
0
-1
0
0
0
0
0
0
0
1
0
0
-1
1
1
0
0
0
0
0
0
0
0
0
1
0
0
0
0
0
0
-1
0
0
-1
0
0
1
0
0
1
0
0
0
1
0
0
0
0
0
0
1
-1
0
0
0
1
0
-1
0
0
0
0
0
-1
0
0
0
0
1
0
0
1
0
0
0
1
0
0
0
0
0
1
0
0
0
0
0
0
0
1
0
0
0
0
-1
0
0
-1
-1
0
-1
0
0
0
1
1
0
0
0
-2
0
-1
0
1
2
3
2
3
1
0
1
1
0
0
0
0
0
-1
0
0
1
-1
0
0
0
-1
-1
-1
-1
0
-1
0
-1
-1
0
0
0
2
2
3
3
2
0
0
-1
-2
0
1
0
0
-3
-3
-4
-3
-3
-1
-1
2
-1
-5
-9
-11
-12
-9
-5
-3
-2
0
2
5
8
11
12
11
11
8
7
7
7
8
8
4
1
0
-1
1
2
2
3
1
-3
-9
-16
-20
-19
-15
-10
-5
-5
-2
-2
1
4
6
11
14
16
13
10
4
2
4
7
11
12
11
9
7
6
6
9
9
7
2
-8
-18
-31
-37
-38
-32
-22
-14
-10
-10
-11
-10
-5
4
10
12
10
8
5
5
7
10
12
13
10
3
-5
-11
-10
-3
7
14
13
6
-4
-10
-8
-4
3
5
8
8
8
13
20
28
36
36
31
17
-3
-22
-33
-36
-34
-35
-39
-48
-52
-48
-39
-23
-4
11
20
23
21
17
16
25
40
55
63
62
53
39
24
14
12
13
11
6
-1
-7
-11
-8
9
30
38
32
20
5
-16
-47
-70
-76
-69
-54
-38
-23
-13
-5
7
21
32
42
57
79
88
66
11
-62
-136
-204
-268
-322
-362
-382
-384
-389
-404
-411
-368
-242
-39
202
433
634
799
907
926
842
689
528
402
300
195
71
-55
-171
-282
-410
-555
-687
-733
-648
-454
-231
-53
68
168
262
326
343
350
400
492
565
524
357
92
-191
-448
-650
-757
-789
-703
-570
-382
-270
-211
-215
-190
-108
10
184
360
586
735
825
760
623
384
143
-80
-211
-259
-256
-227
-226
-237
-328
-444
-573
-589
-501
-304
-75
144
316
381
355
232
111
15
38
146
331
472
515
437
265
54
-191
-377
-474
-396
-233
-20
125
221
223
144
11
-111
-137
-83
59
194
332
359
297
98
-121
-325
-396
-347
-196
-33
78
121
84
6
-161
-333
-475
-426
-231
68
262
332
247
118
-36
-183
-307
-344
-216
25
278
352
275
100
17
-23
-38
-102
-99
20
207
308
226
57
-87
-89
-28
66
127
210
289
334
235
-27
-352
-569
-553
-371
-136
50
238
395
461
305
23
-220
-247
-135
-15
20
8
14
0
-54
-180
-246
-223
-74
70
157
167
149
124
59
-38
-158
-189
-131
6
102
123
66
8
-28
-69
-114
-122
-12
150
269
213
72
-69
-97
-88
-77
-84
-25
103
204
144
-86
-313
-380
-271
-151
-88
-60
62
240
379
355
248
172
235
364
423
334
126
-42
-139
-180
-319
-522
-665
-556
-262
-17
-12
-179
-253
-154
-10
-73
-255
-302
31
541
866
786
482
299
299
325
110
-199
-406
-298
-118
-92
-342
-580
-543
-224
89
147
84
110
354
522
457
149
-73
-87
58
176
182
190
172
174
17
-168
-406
-503
-516
-389
-227
-72
1
-30
-73
-120
-102
-111
-39
63
270
409
441
280
11
-262
-440
-430
-305
-80
88
225
236
191
40
-121
-259
-301
-217
-86
42
22
-74
-254
-352
-412
-356
-209
85
464
743
781
497
107
-287
-521
-670
-636
-416
24
494
771
734
432
72
-247
-404
-426
-223
75
361
410
240
-60
-287
-361
-248
23
404
774
991
927
596
79
-438
-800
-873
-637
-197
323
743
983
909
590
142
-184
-290
-203
-18
176
344
383
273
31
-166
-231
-135
39
232
383
435
345
114
-153
-376
-467
-437
-266
-58
119
140
20
-232
-527
-802
-964
-982
-930
-897
-895
-751
-381
120
442
455
283
219
270
158
-338
-1042
-1489
-1334
-736
-164
113
201
302
421
351
35
-224
-75
501
1167
1526
1474
1227
988
768
479
109
-174
-153
161
486
516
169
-366
-787
-986
-1046
-996
-720
-139
613
1134
1138
729
241
-104
-298
-417
-417
-197
173
411
280
-216
-815
-1169
-1126
-786
-302
229
764
1238
1476
1323
857
336
23
6
149
265
282
224
103
-131
-497
-886
-1114
-1059
-769
-403
-123
-8
-49
-169
-298
-387
-389
-240
87
511
857
956
750
320
-165
-522
-639
-546
-373
-239
-161
-89
8
110
212
360
586
808
890
781
572
397
296
215
117
28
-15
-32
-58
-86
-89
-81
-105
-164
-207
-216
-215
-244
-305
-375
-434
-447
-346
-110
171
345
364
328
337
352
252
31
-112
-19
246
447
402
157
-121
-354
-560
-734
-790
-624
-261
74
163
-57
-482
-916
-1236
-1437
-1523
-1461
-1200
-722
-138
337
561
529
367
253
262
377
552
707
768
694
482
190
-60
-141
-1
331
686
841
734
464
183
-14
-175
-315
-309
-75
345
802
1090
1134
982
688
333
-13
-297
-437
-392
-240
-126
-162
-331
-488
-524
-451
-339
-195
21
276
437
386
167
-34
-68
49
205
307
363
448
545
524
279
-148
-551
-728
-682
-558
-476
-430
-329
-166
-62
-112
-266
-351
-268
-92
7
-34
-124
-110
29
164
174
86
28
72
164
210
167
68
-26
-94
-121
-97
-45
53
206
318
325
230
100
76
205
347
359
223
7
-185
-306
-394
-451
-392
-209
-32
30
-52
-178
-188
-97
-46
-67
-98
-47
96
159
-21
-347
-595
-623
-456
-232
-27
222
477
531
305
-75
-398
-456
-270
-65
87
206
275
284
154
-163
-497
-604
-419
-80
178
212
108
15
-57
-156
-231
-115
269
736
963
837
539
312
167
-68
-388
-558
-403
9
392
505
396
207
4
-165
-304
-377
-284
-10
316
556
537
214
-163
-412
-448
-326
-145
5
203
406
445
364
87
-203
-344
-218
-10
251
264
76
-125
-283
-441
-515
-481
-261
152
447
411
241
98
-16
-82
-158
-242
-107
154
240
134
-81
-288
-304
-235
-228
-138
101
389
611
596
333
-32
-326
-457
-311
-27
188
305
388
499
555
397
-76
-454
-599
-442
-216
-70
-79
32
122
109
-2
-178
-248
-115
153
301
352
71
-340
-646
-690
-560
-306
-73
97
326
320
76
-234
-362
-331
-58
230
460
629
536
173
-183
-386
-540
-504
-327
58
447
588
293
-68
-341
-457
-461
-289
70
515
861
882
752
424
16
-340
-418
-296
-34
133
75
23
-126
-399
-724
-817
-602
8
596
810
721
508
230
15
-84
-205
-309
-263
-132
51
265
261
-34
-245
-246
-138
36
66
-71
-92
-77
-248
-482
-604
-508
-146
272
480
476
427
426
491
558
501
386
406
451
264
-160
-564
-675
-425
-90
8
-84
-97
30
145
89
-134
-251
-33
368
629
605
434
280
131
-67
-323
-622
-715
-395
107
485
539
90
-563
-955
-1108
-964
-359
350
871
1187
1042
452
-178
-664
-837
-473
145
603
873
901
537
-95
-754
-1174
-1061
-527
29
410
531
347
-54
-564
-898
-745
-271
208
599
756
630
362
-78
-575
-731
-574
-348
-4
305
366
381
334
75
-135
-169
-102
215
599
640
372
-72
-601
-890
-810
-538
-125
328
638
792
706
321
-63
-221
-245
-194
-95
85
420
662
442
-177
-823
-1103
-799
-128
449
683
566
253
-4
-78
-42
46
207
369
345
61
-394
-768
-761
-430
-99
157
353
430
440
300
-69
-349
-338
-212
-81
86
248
361
318
26
-379
-591
-448
-39
443
819
948
723
182
-474
-992
-1171
-935
-388
256
738
870
700
405
37
-419
-776
-719
-199
443
819
761
432
70
-288
-594
-664
-424
11
359
460
395
169
-231
-655
-970
-1017
-707
-234
263
795
1141
963
392
-62
-147
9
190
230
213
242
126
-184
-415
-423
-310
-223
-192
-161
-185
-316
-354
-146
143
302
275
157
143
186
63
-86
31
298
468
438
192
-92
-271
-400
-495
-493
-429
-318
-123
131
262
91
-212
-323
-226
-107
-16
98
282
543
660
452
139
-92
-300
-350
-128
178
417
482
267
-95
-456
-754
-788
-423
119
522
648
544
305
-33
-400
-660
-671
-361
113
472
652
654
412
50
-228
-330
-185
82
275
467
630
510
99
-432
-926
-1092
-811
-237
417
837
743
258
-218
-428
-355
-133
89
274
393
362
167
-64
-163
-134
-110
-115
-104
-143
-263
-386
-456
-379
-144
21
71
186
248
79
-168
-298
-190
65
144
51
72
245
428
522
498
384
132
-241
-512
-496
-222
127
341
367
212
-119
-447
-542
-319
123
451
489
368
111
-239
-574
-800
-602
-17
478
825
1030
848
417
-36
-493
-697
-489
-195
19
197
55
-391
-579
-442
-218
126
362
390
555
615
256
-35
-146
-311
-246
-18
59
172
186
-81
-164
-28
58
209
230
-21
-211
-343
-470
-445
-545
-704
-437
15
334
583
544
334
317
211
-56
-126
-138
-79
254
375
119
-25
-143
-306
-158
5
-29
150
293
58
-178
-391
-613
-401
8
81
33
45
79
310
475
216
-106
-146
13
227
274
157
59
-155
-406
-380
-255
-117
106
101
6
134
96
-67
82
161
-23
11
198
284
279
-27
-450
-425
-106
150
400
555
484
245
-130
-438
-546
-627
-606
-344
-54
142
219
123
56
133
166
220
480
687
584
396
280
40
-347
-663
-772
-596
-237
8
172
356
261
-87
-269
-215
-91
-47
-55
90
237
204
195
207
85
-64
-132
-21
269
389
216
92
67
-174
-577
-781
-693
-430
-122
103
239
293
117
-161
-166
-53
-74
24
313
502
436
141
-106
-75
-5
-89
-89
147
349
207
-204
-598
-713
-513
-215
128
498
580
349
114
-33
-73
-26
-57
-58
87
128
22
-87
-214
-288
-296
-228
150
641
774
576
203
-194
-322
-269
-306
-345
-308
-263
-139
43
91
0
-96
-86
59
160
74
-48
-28
181
427
344
-13
-170
-72
67
202
201
-50
-333
-412
-341
-205
-105
-190
-200
136
424
398
256
133
115
85
-67
-123
-23
131
213
42
-150
-199
-280
-186
61
45
-9
127
176
176
165
-47
-162
49
163
-2
-233
-397
-291
118
501
687
779
747
490
101
-234
-395
-369
-271
-246
-361
-571
-729
-759
-638
-305
48
256
483
664
645
567
326
-152
-378
-227
-36
155
226
50
-109
-246
-407
-375
-308
-352
-251
-21
137
176
54
-64
-4
4
-99
-30
229
477
607
586
450
238
-26
-289
-394
-157
197
254
73
-102
-260
-425
-517
-451
-254
-49
75
116
194
305
216
45
72
79
-68
-14
265
514
636
441
-19
-263
-287
-481
-716
-594
-198
114
240
174
-160
-556
-617
-280
220
562
518
365
479
544
170
-253
-242
68
309
305
27
-393
-695
-798
-719
-405
-51
105
274
504
458
189
44
95
272
437
411
276
164
29
-234
-568
-657
-409
-131
105
342
415
294
16
-290
-301
-31
168
226
328
480
441
112
-204
-278
-218
-116
-44
-32
-4
-82
-259
-307
-292
-239
-115
56
435
670
396
49
-249
-563
-574
-320
31
292
219
24
-126
-184
-60
-37
-53
173
199
-12
37
65
-84
-117
-267
-391
-51
272
343
453
361
4
-261
-355
-305
-134
17
64
115
220
218
144
96
80
219
344
270
224
116
-121
-182
-248
-396
-283
-116
-39
190
199
-196
-380
-340
-420
-316
8
233
465
538
183
-122
-123
-152
-94
142
178
21
-121
-322
-424
-333
-293
-214
31
167
120
55
76
259
401
296
148
59
-137
-317
-252
-15
236
361
227
13
-57
-119
-214
-188
-59
144
352
343
135
-111
-351
-422
-206
74
228
266
201
91
-6
-171
-317
-194
148
454
574
461
214
10
-124
-206
-222
-237
-232
-97
73
85
-28
-135
-179
-95
129
349
457
511
489
310
15
-326
-603
-646
-498
-299
-2
278
246
-71
-384
-496
-335
-38
192
344
379
264
114
-41
-193
-308
-407
-379
-198
-58
40
163
167
0
-159
-174
-31
239
470
457
319
194
4
-174
-296
-466
-482
-219
20
56
-24
-54
72
238
347
418
333
152
155
230
159
28
-174
-366
-292
-174
-256
-232
-42
27
34
63
26
0
5
-38
-11
155
248
143
17
-8
-46
-160
-205
-72
109
138
16
-108
-141
-100
-123
-164
-8
198
170
-13
-225
-409
-417
-173
195
471
469
241
42
4
12
-45
-73
48
208
220
46
-159
-205
-173
-203
-173
-51
80
228
255
111
-23
-152
-215
-24
266
423
468
470
462
316
-68
-396
-432
-308
-144
-59
-113
-150
-232
-426
-426
-153
156
412
614
699
548
175
-202
-385
-340
-168
-43
-26
-50
-98
-180
-228
-194
-131
-94
-77
-61
-35
59
211
267
117
-182
-451
-454
-165
198
383
354
293
165
-90
-168
-50
51
228
339
170
-48
-288
-570
-548
-346
-275
-143
40
65
86
144
199
436
683
639
419
119
-137
-113
-46
-203
-328
-349
-412
-350
-231
-253
-126
130
194
277
335
101
-14
124
154
177
211
79
22
70
-75
-286
-344
-239
69
325
190
-97
-260
-349
-299
-133
-53
59
247
260
119
-54
-235
-142
196
299
215
241
199
36
-112
-344
-485
-251
50
157
204
118
-87
-72
98
129
92
64
25
85
136
29
-7
144
253
210
82
-25
-25
-68
-216
-285
-337
-367
-156
122
303
408
198
-134
-85
96
134
228
282
188
169
96
-234
-495
-522
-463
-214
75
38
-111
-130
-120
-57
-30
-90
32
315
483
470
264
15
-42
18
39
-9
-161
-280
-172
-25
-79
-234
-336
-275
-30
147
79
19
136
237
269
288
238
192
158
-9
-155
-117
-77
-64
-22
-94
-239
-296
-251
-99
118
195
94
-17
-70
-75
-35
16
69
119
143
108
49
0
-33
10
82
74
57
28
-58
-66
-37
-132
-202
-162
-134
-90
-4
29
51
94
105
121
140
83
10
73
234
283
151
-49
-203
-224
-172
-162
-151
-132
-128
-35
70
63
-6
-110
-111
106
289
299
257
158
4
-129
-231
-233
-61
106
125
83
37
-21
-24
30
56
39
16
-44
-89
-77
-133
-194
-97
25
39
3
-40
-17
96
209
280
277
146
-80
-263
-276
-148
-33
50
126
72
-136
-319
-363
-242
-23
130
183
207
164
52
8
66
125
157
211
234
134
-77
-297
-367
-228
-64
-61
-116
-68
12
30
41
111
212
246
152
3
-63
-58
-81
-108
-94
-101
-121
-73
33
112
89
14
13
84
127
78
9
19
51
14
-63
-143
-179
-143
-87
-23
57
73
21
-4
5
37
111
172
189
170
74
-64
-128
-118
-101
-83
-74
-81
-83
-91
-85
-9
100
154
145
109
52
-15
-83
-98
-8
83
40
-71
-120
-109
-85
-72
-34
84
189
180
97
7
-71
-104
-76
2
73
54
-38
-83
-76
-106
-143
-104
2
146
246
203
82
-18
-106
-115
-13
52
37
32
-2
-105
-186
-185
-94
38
98
77
50
45
69
94
66
4
-44
-40
44
101
31
-67
-77
-44
-29
-49
-102
-139
-87
32
97
86
31
-31
-5
75
70
27
24
45
83
95
57
27
16
20
36
-4
-94
-137
-95
-29
-1
-36
-92
-88
-45
-42
-47
-1
77
171
239
192
61
-9
22
83
86
-2
-101
-128
-107
-90
-92
-92
-70
-41
-36
-56
-83
-74
-19
39
65
68
61
54
62
80
78
49
28
45
68
34
-45
-102
-110
-112
-121
-111
-77
-29
18
54
66
38
-17
-29
37
131
158
75
-34
-94
-98
-39
36
63
65
56
29
28
43
12
-39
-43
-28
-37
-52
-71
-57
15
54
31
32
49
18
-16
-8
28
89
127
84
8
-76
-167
-181
-61
95
152
61
-86
-149
-132
-108
-79
-33
42
127
150
120
75
-12
-107
-109
-39
48
112
89
-3
-111
-220
-247
-114
81
202
190
56
-77
-115
-103
-40
81
158
155
109
30
-42
-91
-113
-44
88
137
58
-56
-125
-125
-48
66
139
143
72
-28
-49
4
39
36
17
15
13
-17
-30
-12
1
36
55
2
-40
-28
-37
-61
-66
-71
-39
32
63
69
90
67
2
-30
-25
-17
-21
-25
1
12
-39
-83
-70
-47
-38
-38
-10
68
105
55
2
-40
-103
-104
-13
101
171
143
45
-22
-63
-114
-110
-40
26
68
76
39
-14
-80
-142
-115
1
83
86
45
-4
-35
-37
-31
-2
49
63
57
65
53
12
-12
-19
-12
4
-20
-50
-30
-4
1
13
6
-23
-23
-2
4
5
6
-4
-11
2
4
-4
7
35
51
45
24
16
30
8
-52
-76
-36
28
50
5
-34
-44
-61
-53
-13
13
22
5
-45
-81
-81
-63
-28
32
77
79
76
94
106
107
98
69
36
-1
-65
-112
-103
-83
-96
-115
-116
-96
-58
8
73
95
76
55
50
67
76
48
29
39
25
-13
-44
-56
-41
-10
23
63
64
15
-32
-70
-96
-107
-90
-10
95
110
26
-64
-85
-34
42
98
115
101
66
17
-18
-44
-68
-47
6
30
13
-31
-60
-42
-2
27
40
25
-38
-134
-188
-140
-1
148
201
121
-32
-142
-121
11
150
211
181
98
-4
-101
-163
-171
-108
-2
60
37
-41
-130
-155
-91
1
68
99
89
55
-3
-56
-36
70
180
200
94
-56
-132
-98
-20
28
29
-2
-29
-59
-107
-132
-96
3
135
193
117
-11
-90
-79
7
96
127
108
63
9
-47
-83
-85
-42
39
94
64
-33
-127
-163
-145
-75
27
103
119
85
13
-44
-49
-25
21
71
77
37
-34
-93
-101
-42
52
120
102
19
-61
-96
-77
-27
22
46
28
-30
-89
-99
-38
46
89
80
37
-7
-26
-17
19
78
108
81
28
-11
-22
-24
-31
-29
-21
-20
-38
-72
-93
-102
-94
-50
-1
30
65
109
141
130
77
20
-4
-8
-10
-6
16
33
6
-62
-125
-155
-123
-37
52
80
48
5
-10
8
23
18
14
28
56
69
56
23
-26
-75
-81
-51
-29
-7
15
20
5
-18
-29
7
49
45
7
-28
-54
-59
-35
-15
-17
-21
-19
-8
-1
-9
8
68
124
128
77
14
-23
-41
-41
-22
8
31
27
-6
-58
-105
-117
-80
-15
39
64
67
45
0
-34
-22
27
80
112
110
78
20
-41
-68
-46
-11
-6
-22
-27
-18
-22
-46
-69
-62
-29
6
10
-15
-41
-31
23
81
94
56
21
18
24
9
-9
3
37
51
20
-37
-83
-105
-97
-51
18
60
44
-13
-65
-69
-16
62
100
63
-21
-76
-35
63
115
78
15
-17
-22
-28
-36
-27
1
23
19
-11
-41
-51
-38
-11
14
20
11
9
19
19
0
-20
-27
-19
-13
-7
19
56
67
37
-2
-26
-33
-11
30
56
43
3
-36
-45
-29
-36
-52
-25
15
33
22
-17
-53
-51
-26
14
50
48
16
-5
-2
12
23
26
35
55
47
-12
-72
-74
-18
37
31
-8
-41
-66
-62
-28
-2
18
43
55
42
14
-33
-60
-23
39
64
69
55
12
-18
-26
-39
-33
3
19
12
1
-28
-58
-48
-16
12
35
32
19
50
72
25
-55
-98
-78
-5
55
47
-8
-44
-31
13
63
82
68
39
-6
-64
-100
-92
-24
59
67
1
-92
-146
-99
9
83
89
63
28
-2
-6
1
2
31
89
123
110
50
-49
-112
-95
-37
1
-21
-73
-115
-119
-76
-14
39
71
74
66
78
96
92
80
64
27
-10
-17
-16
-43
-89
-129
-125
-61
5
0
-47
-73
-46
35
119
124
61
11
6
28
53
49
20
6
10
4
-36
-83
-99
-77
-20
28
27
16
17
4
-1
20
44
63
59
12
-45
-58
-40
-25
-44
-87
-103
-55
31
96
105
78
50
50
61
54
23
-3
-2
2
-32
-98
-147
-135
-75
-13
-3
-34
-61
-40
28
96
113
84
54
62
99
125
99
29
-16
-26
-35
-51
-88
-151
-182
-146
-80
-21
15
6
-2
36
89
128
146
124
72
38
28
24
8
-25
-62
-76
-61
-33
-23
-59
-104
-102
-43
49
112
81
6
-31
-11
46
99
100
59
16
-17
-41
-63
-83
-92
-56
14
60
53
-3
-79
-88
-15
84
153
135
39
-54
-88
-58
-8
18
6
-14
-14
8
20
-10
-73
-108
-60
47
128
124
50
-24
-43
-22
-9
-19
-33
-30
2
41
30
-29
-82
-85
-44
14
61
96
111
93
28
-51
-80
-46
7
55
60
1
-64
-85
-73
-38
-10
-13
1
35
41
31
21
1
-1
25
54
75
65
27
-10
-16
0
10
9
-13
-63
-102
-97
-65
-26
12
21
12
19
36
28
4
-15
1
60
115
98
13
-74
-111
-62
35
113
109
35
-39
-99
-113
-92
-59
-14
16
32
13
-32
-54
-53
-14
41
94
110
64
-7
-63
-43
28
114
124
72
-28
-80
-57
20
49
-5
-94
-152
-122
-50
16
9
-37
-72
-45
21
99
135
107
75
33
11
-7
-1
11
40
68
75
41
-37
-131
-188
-160
-57
39
82
33
-75
-127
-75
49
162
190
139
44
1
-23
0
16
2
-4
2
11
-24
-87
-154
-139
-55
54
117
70
-19
-112
-85
11
114
148
95
37
16
21
8
-32
-59
-65
-44
-4
3
-35
-87
-114
-72
6
69
69
24
-8
-23
-3
42
63
58
31
29
35
10
-32
-81
-74
-20
34
54
4
-69
-121
-103
-22
57
79
49
20
19
37
36
10
-16
-6
43
93
100
37
-58
-116
-97
-28
36
48
13
-34
-64
-71
-67
-40
-3
41
77
72
24
-53
-78
-28
73
151
123
35
-54
-71
-19
26
43
-2
-61
-71
-44
3
11
-18
-43
-44
3
44
46
27
-6
-13
2
23
48
38
10
-20
-22
-3
-2
-18
-37
-26
3
16
6
-34
-71
-72
-17
56
87
57
-10
-59
-52
4
61
88
69
18
-21
-27
-18
-9
1
6
2
5
4
-24
-48
-48
-24
14
45
43
16
-3
-18
-21
3
35
47
46
40
15
-19
-45
-48
-21
11
12
-24
-70
-93
-84
-47
-3
23
25
13
2
2
13
31
50
59
58
46
37
32
22
-4
-24
-19
1
7
-14
-51
-74
-63
-34
-11
-4
-9
-10
8
43
70
70
49
30
27
39
50
46
26
4
-10
-22
-40
-66
-93
-104
-92
-76
-70
-74
-81
-79
-58
-12
39
82
105
105
92
84
93
111
119
103
71
37
15
-5
-33
-63
-80
-88
-94
-106
-114
-111
-100
-80
-50
-8
29
55
73
91
104
114
118
111
86
61
41
21
-6
-39
-68
-86
-92
-93
-96
-102
-109
-106
-86
-47
-6
28
50
62
68
80
95
113
123
120
109
91
65
29
-10
-41
-56
-62
-67
-79
-98
-116
-129
-131
-116
-86
-53
-17
10
28
40
49
65
88
106
114
111
102
83
58
29
11
2
-5
-22
-51
-78
-95
-99
-92
-80
-64
-51
-37
-23
-6
11
31
55
80
93
96
95
88
76
60
46
34
21
5
-16
-43
-69
-91
-102
-102
-95
-84
-70
-54
-43
-32
-16
6
29
50
68
80
81
78
72
66
57
46
37
25
4
-27
-57
-71
-73
-71
-70
-77
-82
-83
-69
-45
-20
2
19
34
48
58
64
70
77
83
86
80
65
42
21
7
0
-9
-26
-49
-70
-80
-75
-65
-56
-54
-53
-44
-27
-6
13
31
45
57
70
75
74
70
65
61
54
43
24
0
-26
-46
-60
-67
-72
-76
-79
-78
-68
-51
-32
-17
-8
0
13
33
54
69
74
68
59
52
48
42
33
19
3
-15
-32
-44
-55
-63
-66
-68
-65
-58
-45
-31
-18
-9
-2
4
16
32
51
68
77
77
69
56
46
35
27
16
3
-13
-27
-44
-59
-69
-72
-66
-52
-34
-18
-10
-5
2
19
38
56
64
68
67
66
62
49
32
17
6
-7
-22
-37
-49
-56
-57
-59
-58
-58
-54
-47
-34
-20
-9
2
10
15
21
27
34
38
41
42
39
31
22
13
7
2
-4
-10
-12
-15
-18
-27
-31
-31
-28
-19
-13
-13
-12
-7
7
19
25
26
27
30
36
38
35
25
13
6
3
-4
-13
-23
-29
-33
-35
-37
-34
-29
-24
-21
-16
-11
-3
10
23
31
35
38
40
42
41
41
39
30
17
5
-3
-8
-15
-22
-28
-36
-42
-43
-37
-30
-27
-25
-22
-17
-8
1
10
15
16
17
20
22
25
24
21
17
14
8
3
-2
-8
-12
-16
-18
-22
-24
-25
-25
-23
-18
-12
-5
1
10
18
23
26
28
31
33
34
32
25
16
6
-2
-9
-14
-18
-25
-29
-32
-35
-34
-30
-23
-14
-4
3
8
14
21
29
36
41
43
38
32
24
18
12
7
0
-8
-18
-27
-31
-32
-30
-30
-27
-22
-17
-12
-10
-10
-6
0
9
14
13
10
11
12
14
12
10
7
7
7
4
-1
-7
-11
-10
-7
-7
-11
-18
-20
-20
-17
-11
-5
1
6
9
10
13
17
22
25
24
22
17
11
5
1
-3
-8
-9
-10
-9
-9
-9
-11
-10
-9
-5
1
4
8
9
12
14
15
14
15
14
15
16
14
9
0
-6
-12
-12
-10
-8
-11
-15
-18
-17
-14
-11
-9
-5
-3
-1
0
0
1
1
3
5
8
8
5
2
1
-2
0
0
-3
-4
-7
-8
-9
-10
-9
-10
-10
-8
-7
-7
-5
0
5
9
12
12
12
13
14
13
12
9
4
1
-2
-3
-5
-6
-7
-6
-4
-1
1
4
5
9
12
16
15
13
11
12
14
13
10
6
1
-1
-3
-6
-10
-11
-11
-11
-11
-15
-18
-17
-13
-7
-2
0
2
3
5
8
11
11
11
10
5
2
-2
-3
-7
-8
-9
-8
-8
-8
-7
-8
-8
-8
-4
-1
1
2
-1
-3
-3
0
4
7
8
6
3
1
3
6
8
8
3
-2
-7
-8
-9
-8
-5
-1
1
2
3
4
7
12
17
19
21
19
15
14
13
9
8
5
2
0
-1
-2
-5
-10
-11
-13
-10
-10
-7
-8
-10
-10
-10
-6
-1
1
3
2
2
2
3
5
7
7
6
2
-1
-3
-1
-2
-2
-5
-6
-6
-6
-4
-3
-2
-1
-1
-1
-1
-2
-1
-1
1
0
1
0
2
2
3
3
3
1
0
-2
-4
-4
-4
-5
-6
-6
-6
-3
-2
2
5
8
11
11
12
12
10
11
12
12
11
8
4
1
-1
-1
0
-1
-1
-3
-5
-5
-6
-6
-6
-3
-3
-2
-2
-3
-3
-2
0
1
3
2
2
1
2
1
1
3
2
3
2
1
0
-3
-3
-3
-1
2
2
2
-1
0
-1
0
0
1
1
-1
-1
-3
-2
0
2
2
2
1
0
-2
-2
-2
-4
-3
-3
-2
-2
-3
-3
-4
-1
2
2
3
4
4
6
5
5
5
3
1
2
1
1
2
1
2
1
0
0
1
0
-1
-1
0
0
-2
-1
-1
0
0
0
1
0
1
1
1
0
1
1
0
1
1
0
-1
1
0
0
0
0
-1
0
1
0
0
0
-1
1
0
1
0
1
-1
0
0
0
-1
0
0
0
0
0
0
0
-1
-1
-1
-1
-2
-1
-1
-1
0
0
1
0
0
0
1
3
2
2
0
0
1
1
2
1
0
0
0
1
1
0
0
0
0
0
0
0
1
0
0
0
0
-1
0
1
2
1
1
0
1
1
0
2
2
2
1
1
0
-1
1
1
1
2
2
2
0
0
0
-1
0
-2
-1
-1
-2
-2
-1
0
1
1
1
1
0
0
0
0
0
-1
0
-1
-1
-2
-1
-1
1
0
1
1
0
0
1
0
0
0
0
-2
0
-1
0
1
2
2
3
2
1
0
0
0
0
1
0
0
0
0
-1
0
-1
0
0
0
0
0
0
0
0
0
0
0
0
0
0
0
0
0
1
0
1
1
0
1
0
0
0
0
0
1
0
1
0
0
0
1
0
0
-1
0
0
1
0
-1
0
0
0
0
-1
-1
1
0
0
1
0
0
1
0
0
0
-1
1
0
0
0
0
0
0
-1
0
0
0
0
0
0
0
0
0
0
0
0
0
0
0
0
0
0
0
0
-1
0
-1
0
-1
0
0
0
0
0
-1
0
-1
1
0
0
0
0
0
-1
0
-1
0
-1
0
0
0
0
-1
0
-1
0
1
0
0
0
0
0
0
1
0
0
0
0
0
0
-1
0
0
0
0
0
0
0
0
1
0
1
1
0
0
0
0
0
0
0
0
0
0
1
0
1
0
0
0
0
0
0
0
1
0
0
0
1
0
1
1
0
0
0
0
-1
0
0
1
0
0
0
0
0
0
0
0
0
0
0
0
0
-1
0
0
0
0
0
0
0
0
0
-1
0
1
0
0
0
0
0
0
0
-1
1
0
0
0
1
0
1
0
0
0
0
0
0
0
-1
0
1
0
0
0
1
0
0
0
0
-1
1
1
0
0
1
0
0
0
0
0
0
0
0
-1
0
0
0
0
1
0
0
0
0
0
0
-1
-1
1
0
0
1
0
0
-1
0
-1
1
0
1
0
0
0
0
1
-1
0
0
0
0
0
0
0
0
0
0
0
0
0
0
-1
0
0
0
0
1
0
0
0
0
0
0
0
0
-1
0
0
0
-1
0
0
1
0
-1
0
0
0
0
1
1
1
0
0
-1
0
0
-1
0
0
0
0
-1
0
0
0
0
0
0
1
0
0
0
0
0
1
0
0
0
0
0
0
0
-1
1
-1
0
-1
0
0
0
0
-1
0
0
0
0
0
0
0
0
0
1
0
0
0
0
0
0
0
0
0
0
0
0
0
0
-1
0
0
0
1
0
0
0
0
-1
0
-1
0
1
0
0
1
0
0
0
0
0
0
0
0
0
0
1
-1
0
-1
0
0
-1
0
0
0
0
-1
0
0
0
0
0
1
0
0
0
0
0
0
0
-1
0
0
0
0
0
0
-1
0
0
0
0
0
0
-1
0
-1
0
0
0
0
1
0
0
0
0
0
0
0
0
0
0
0
0
1
0
0
0
0
1
0
-1
0
1
0
0
0
0
0
0
0
-1
-1
0
0
0
1
0
-1
0
0
-1
0
0
0
-1
0
0
1
0
0
0
0
0
0
1
0
0
0
0
1
0
0
0
1
1
0
0
0
0
0
0
1
0
1
0
0
0
1
0
0
0
-1
1
1
0
-1
0
0
0
0
0
0
0
0
0
0
0
1
0
1
0
0
0
0
0
-1
0
1
0
0
-1
0
-1
0
0
-1
0
0
0
0
0
0
0
0
0
0
0
0
0
0
0
0
0
0
0
0
0
0
0
0
0
0
0
0
0
0
0
0
0
-1
0
0
0
0
0
0
0
-1
0
0
0
0
0
0
0
0
0
0
0
0
0
0
0
0
0
0
0
0
0
0
1
-1
0
0
0
0
0
0
0
1
0
0
0
0
0
-1
0
0
0
0
0
0
0
0
0
0
-1
-1
-1
-1
0
-1
0
0
0
0
0
0
-1
-1
0
-1
0
0
0
-1
0
0
0
0
0
0
0
1
0
0
0
0
0
0
0
0
0
0
1
1
0
0
0
0
0
0
0
0
0
0
0
1
0
0
0
0
0
1
1
0
0
0
0
0
-1
0
0
0
0
0
0
1
0
0
1
0
0
0
1
0
0
1
0
1
1
0
0
0
0
0
0
0
0
0
0
1
0
1
1
-1
0
0
0
0
0
0
0
0
0
0
0
1
0
0
1
0
0
0
1
0
0
0
-1
0
0
0
0
0
0
0
0
0
0
1
0
0
0
-1
-1
0
0
0
0
0
0
0
0
0
0
-1
0
1
0
0
0
0
0
0
0
-1
0
1
0
0
0
0
-1
0
-1
-1
0
0
0
0
1
0
0
0
0
0
0
0
0
1
1
0
1
-1
0
0
0
0
0
0
0
0
0
0
0
0
0
0
0
0
0
0
0
0
0
0
0
0
0
0
0
0
-1
1
0
1
0
0
1
0
0
0
0
0
1
-1
0
0
0
0
0
1
0
0
-1
0
0
0
0
1
0
0
1
-1
-1
0
0
0
0
0
0
0
0
0
0
0
-1
0
0
0
1
0
0
0
0
1
0
-1
-1
0
0
0
-1
0
0
0
0
0
-1
0
0
0
0
-1
0
0
0
0
0
0
0
0
0
0
0
0
0
0
-1
0
0
0
0
0
0
0
0
0
1
0
-1
0
0
0
0
0
0
0
0
0
0
0
0
0
0
0
0
0
0
0
-1
0
0
0
0
0
0
0
0
0
0
0
0
0
1
0
0
0
0
0
0
0
1
0
0
0
1
1
0
0
0
-1
1
1
0
0
0
0
0
0
0
1
0
0
0
1
0
0
0
0
0
-1
0
0
0
0
0
0
0
0
0
0
-1
-1
-1
0
0
0
0
-1
0
0
0
0
0
0
0
0
0
1
0
1
0
0
0
0
0
0
1
-1
0
2
0
0
0
-1
-1
-2
-1
0
-1
1
1
1
0
0
-1
0
0
1
1
1
0
1
0
0
0
0
1
1
4
4
5
5
4
2
1
0
-2
-2
0
0
3
5
7
10
10
8
5
1
-3
-7
-6
-5
-5
-5
-6
-7
-6
-5
-3
2
2
1
-8
-19
-32
-40
-33
-20
-8
-4
-8
-7
2
16
30
37
38
32
25
15
6
2
8
17
21
16
9
1
-1
-3
-5
-4
4
11
8
1
-5
-2
2
1
-1
-2
-1
-4
-9
-16
-19
-17
-9
-1
-1
-6
-10
-9
-9
-15
-26
-32
-35
-30
-21
-16
-18
-16
-2
15
21
22
26
37
33
13
-9
-13
0
14
21
15
1
-10
-15
-11
1
17
31
31
16
-5
-18
-17
-2
9
16
12
2
-7
-6
7
22
33
33
31
23
11
0
-6
-6
-7
-11
-13
-14
-10
-6
3
21
40
46
29
0
-20
-21
-15
-12
-8
0
6
3
-2
3
14
23
27
19
1
-13
-17
-19
-38
-69
-88
-76
-44
-24
-31
-41
-41
-32
-28
-18
-5
8
19
20
1
-32
-43
-1
64
100
83
50
36
52
70
71
58
47
32
11
-7
-11
-1
8
0
-25
-42
-33
-14
-2
-4
-11
-15
-18
-23
-31
-32
-21
-7
-6
-24
-41
-49
-46
-32
-22
-17
-22
-30
-27
1
39
51
14
-56
-113
-113
-56
15
49
33
-23
-88
-117
-70
40
149
189
142
46
-25
-29
31
105
143
115
36
-36
-56
-31
1
20
32
34
17
-31
-93
-134
-108
3
129
158
57
-89
-156
-108
-7
39
-17
-128
-192
-150
-24
80
65
-52
-157
-145
-20
110
139
65
-40
-101
-80
7
118
218
294
371
458
541
578
617
785
1094
1383
1471
1314
1009
721
551
420
186
-183
-626
-1145
-1917
-3125
-4532
-5265
-4410
-2212
-338
-447
-2304
-3845
-3285
-715
2383
4410
4460
2852
1155
1009
2664
4869
6082
5572
3660
1402
-71
-276
313
724
318
-864
-2390
-3778
-4630
-4671
-3841
-2428
-1114
-672
-1339
-2520
-3160
-2436
-397
1923
3139
2571
891
-366
-29
1719
3568
4212
3347
1710
363
-37
425
1103
1335
869
-45
-956
-1540
-1690
-1486
-1132
-875
-896
-1198
-1613
-1873
-1741
-1171
-395
188
291
-17
-366
-347
181
959
1521
1581
1216
728
436
515
862
1118
1010
588
94
-278
-458
-497
-472
-470
-591
-877
-1187
-1311
-1170
-855
-523
-292
-210
-212
-151
82
491
962
1296
1349
1158
913
786
835
1000
1120
1017
665
208
-149
-312
-348
-385
-496
-677
-924
-1201
-1375
-1314
-1056
-783
-622
-576
-591
-571
-397
-47
348
619
703
664
606
631
771
948
1039
989
829
606
370
183
93
69
5
-176
-466
-759
-924
-905
-772
-642
-581
-605
-688
-746
-667
-432
-148
90
269
389
427
408
421
529
709
861
872
704
457
301
273
256
147
-35
-230
-410
-526
-509
-395
-335
-457
-705
-855
-755
-501
-319
-285
-278
-178
-20
106
182
255
329
384
452
566
640
548
323
179
251
416
452
302
95
-56
-152
-231
-261
-219
-190
-296
-509
-613
-454
-162
-51
-227
-440
-385
-70
258
409
341
113
-122
-115
268
780
926
547
99
112
594
1110
1238
891
411
250
483
799
922
816
601
445
438
482
371
9
-438
-671
-649
-708
-1168
-2040
-3052
-3651
-3316
-2266
-1463
-1553
-2191
-2597
-2317
-1366
-155
650
723
561
912
1809
2601
2843
2726
2667
2804
2990
3009
2667
1932
1180
876
906
712
10
-972
-1833
-2216
-2018
-1566
-1388
-1727
-2361
-2780
-2598
-1905
-1183
-798
-716
-656
-371
166
749
1123
1249
1321
1535
1901
2211
2216
1951
1750
1762
1807
1725
1465
958
356
45
68
31
-329
-887
-1412
-1740
-1805
-1717
-1666
-1743
-1877
-1907
-1750
-1474
-1167
-838
-513
-281
-113
132
459
722
895
1087
1286
1397
1393
1308
1195
1130
1097
982
736
407
50
-233
-359
-402
-489
-674
-947
-1211
-1256
-1039
-799
-712
-718
-751
-790
-690
-339
89
324
343
280
223
254
417
619
736
747
668
525
408
363
359
374
404
371
185
-111
-336
-350
-229
-168
-251
-390
-507
-585
-573
-426
-232
-153
-223
-316
-321
-228
-59
156
317
328
239
204
274
354
376
387
425
450
425
378
331
259
172
126
147
195
232
246
224
142
27
-79
-170
-249
-279
-243
-203
-220
-249
-238
-228
-266
-304
-268
-206
-170
-81
140
350
341
215
313
743
1181
1267
1063
945
1117
1413
1600
1622
1493
1205
802
396
26
-321
-677
-1239
-2396
-4258
-6229
-7115
-5846
-2705
-46
-552
-3960
-6777
-5952
-1826
2857
5387
4571
1427
-1108
-398
3374
7364
8804
7111
3765
1044
674
2550
4653
4874
2856
-150
-2593
-3538
-3049
-2043
-1478
-1583
-2138
-3006
-3979
-4562
-4337
-3251
-1608
-241
-166
-1440
-2761
-2640
-731
1934
3686
3449
1720
226
401
2180
4156
4824
3751
1803
396
445
1706
2958
2981
1590
-288
-1558
-1757
-1128
-401
-373
-1260
-2515
-3383
-3468
-2895
-2179
-1772
-1745
-1992
-2317
-2293
-1636
-597
364
954
1030
739
576
922
1711
2588
3081
2837
2032
1300
1092
1354
1774
1959
1552
603
-355
-840
-811
-501
-268
-449
-1049
-1700
-2043
-1932
-1463
-984
-836
-966
-1089
-1073
-884
-458
119
559
697
633
532
509
640
912
1170
1265
1146
872
629
595
721
800
698
417
50
-270
-447
-477
-428
-442
-623
-886
-1069
-1123
-1080
-970
-865
-848
-866
-777
-567
-335
-172
-94
-54
37
233
488
721
875
879
749
639
638
681
737
818
812
598
259
-25
-166
-171
-106
-100
-284
-616
-913
-1030
-981
-872
-808
-834
-907
-923
-809
-573
-274
4
164
151
74
155
481
854
1038
1047
1061
1112
1081
960
913
1011
1108
1038
806
485
122
-221
-404
-361
-251
-338
-704
-1131
-1308
-1154
-881
-778
-888
-1007
-958
-753
-468
-132
192
339
237
119
305
766
1118
1124
945
872
1019
1296
1505
1509
1345
1180
1186
1342
1386
1167
906
764
678
676
701
428
-124
-471
-465
-424
-604
-1148
-2067
-3074
-3903
-4399
-4226
-3386
-2757
-3099
-4108
-4906
-4636
-2750
59
1732
1070
-544
-885
569
2835
4830
5628
4774
3095
2190
2797
4210
5130
4793
3352
1517
172
-60
486
703
68
-1010
-2095
-2857
-2940
-2636
-2618
-2821
-2829
-2823
-3024
-3053
-2666
-2214
-1721
-883
-145
-129
-348
-70
713
1762
2706
2951
2471
1993
2102
2775
3553
3885
3535
2736
1937
1522
1679
2027
1776
831
-175
-935
-1482
-1702
-1712
-1973
-2594
-3159
-3490
-3680
-3535
-3054
-2713
-2684
-2732
-2617
-2168
-1417
-635
-38
404
741
903
1083
1621
2364
2886
3055
2917
2612
2450
2531
2579
2416
2117
1689
1134
630
248
-157
-564
-812
-996
-1336
-1736
-1988
-2127
-2222
-2233
-2158
-2034
-1865
-1720
-1613
-1411
-1093
-727
-265
235
535
654
848
1162
1497
1840
2100
2128
1983
1836
1740
1680
1615
1456
1172
823
440
30
-304
-490
-656
-939
-1259
-1490
-1661
-1813
-1898
-1910
-1880
-1814
-1728
-1624
-1446
-1169
-854
-560
-319
-137
52
353
771
1167
1369
1355
1275
1333
1578
1834
1868
1616
1231
946
862
867
744
390
-80
-481
-694
-757
-832
-1028
-1291
-1528
-1653
-1586
-1448
-1436
-1479
-1374
-1138
-829
-436
-119
-17
97
449
919
1327
1590
1608
1430
1361
1574
1884
2007
1841
1457
1010
683
635
798
786
292
-447
-917
-997
-989
-1073
-1114
-1071
-1135
-1350
-1429
-1134
-629
-344
-387
-345
138
821
1268
1466
1644
1881
2104
2248
2253
2107
1836
1407
705
-353
-1819
-3630
-5101
-4724
-1931
765
-243
-4638
-7917
-6985
-3074
969
3024
1787
-2027
-4896
-3515
1454
6088
7128
4468
622
-1309
186
3847
6685
6525
3533
-197
-2077
-898
1882
3409
2416
168
-1583
-2215
-1790
-746
-222
-985
-2204
-2708
-2637
-2561
-2412
-2145
-1914
-1581
-1238
-1397
-1873
-1738
-716
489
1162
1109
591
158
432
1656
3198
3878
3255
2088
1331
1438
2405
3547
3680
2398
643
-428
-470
213
942
784
-589
-2262
-3062
-2791
-2041
-1493
-1651
-2530
-3459
-3717
-3176
-2229
-1413
-1094
-1246
-1517
-1476
-865
117
946
1334
1391
1283
1226
1536
2203
2785
2957
2807
2509
2200
2099
2302
2488
2247
1569
779
170
-135
-197
-249
-575
-1242
-2046
-2612
-2641
-2257
-1978
-2132
-2516
-2819
-2888
-2543
-1792
-1058
-718
-697
-741
-592
-12
894
1673
2033
1995
1763
1700
2035
2605
3059
3115
2626
1849
1371
1390
1548
1496
1104
366
-500
-1089
-1239
-1176
-1198
-1420
-1819
-2279
-2561
-2473
-2109
-1770
-1604
-1532
-1457
-1314
-983
-420
145
440
521
646
916
1297
1727
2001
1940
1725
1627
1579
1399
1170
1002
804
525
268
34
-281
-681
-1083
-1404
-1539
-1462
-1429
-1694
-2045
-2048
-1739
-1547
-1556
-1448
-1109
-765
-523
-261
45
245
312
463
864
1316
1490
1385
1290
1357
1504
1619
1648
1568
1375
1084
805
733
883
961
694
203
-161
-220
-96
-29
-189
-547
-904
-1080
-1029
-802
-596
-652
-951
-1204
-1179
-825
-222
307
434
268
230
533
1104
1674
1973
2000
1954
1941
2000
2084
2054
1901
1716
1479
1080
494
-308
-1352
-2383
-3056
-3383
-3494
-3673
-4504
-5659
-5578
-3965
-2824
-3425
-4248
-3680
-2327
-1111
185
1277
1246
616
1010
2683
4335
4965
4590
3817
3429
3815
4502
4707
4219
3283
2034
935
899
1755
1818
383
-1149
-1742
-1950
-2121
-2005
-2112
-2992
-3878
-3898
-3452
-3138
-2891
-2772
-2931
-2792
-1924
-1106
-972
-815
-37
783
1153
1446
1925
2319
2537
2876
3381
3652
3489
3172
2936
2761
2707
2653
2155
1320
814
564
-4
-625
-805
-1013
-1729
-2447
-2658
-2667
-2858
-3130
-3258
-3224
-3105
-2904
-2642
-2391
-2117
-1742
-1349
-975
-480
78
465
796
1334
1866
2061
2127
2393
2755
2983
3072
3025
2789
2449
2177
2002
1863
1715
1431
880
186
-354
-638
-812
-1017
-1328
-1790
-2313
-2636
-2616
-2430
-2338
-2367
-2376
-2293
-2090
-1726
-1257
-857
-583
-325
-37
251
629
1129
1513
1625
1692
1891
2033
2003
2004
2100
2073
1813
1467
1191
1023
891
690
362
-70
-529
-877
-1000
-949
-936
-1130
-1486
-1784
-1831
-1613
-1306
-1106
-1102
-1241
-1324
-1123
-633
-142
65
-27
-216
-228
113
654
994
953
758
654
654
714
852
982
916
618
291
144
147
111
-56
-232
-281
-243
-266
-419
-622
-657
-392
-78
-59
-265
-394
-371
-247
9
279
288
19
-182
-35
319
520
463
320
214
120
64
123
241
306
278
133
-93
-210
-82
130
222
248
306
274
94
6
203
522
692
617
434
377
489
581
590
679
907
1130
1232
1230
1199
1184
1213
1320
1347
1017
481
129
-113
-494
-1031
-2005
-3575
-4828
-4944
-4361
-3461
-2365
-2556
-5061
-7236
-5776
-1910
562
605
-418
-1768
-2526
-787
3213
6082
5495
2857
897
1184
3703
6597
7228
5089
2255
604
629
2317
4487
4420
1271
-1816
-1918
-283
601
488
-356
-2319
-4208
-3963
-2140
-1073
-1476
-2610
-3828
-4170
-2904
-1214
-864
-1576
-1939
-1762
-1412
-539
772
1400
1066
900
1477
2185
2624
2949
3073
2894
2772
2930
2996
2784
2599
2403
1841
1247
1120
869
-30
-742
-792
-1129
-2039
-2544
-2493
-2644
-2998
-3094
-3040
-3052
-3056
-3012
-2895
-2569
-2054
-1580
-1272
-981
-564
-177
79
492
1226
1802
1856
1832
2131
2394
2436
2654
2975
2854
2383
2064
1931
1794
1683
1523
1098
549
177
-143
-530
-717
-698
-928
-1469
-1883
-1958
-1874
-1770
-1675
-1681
-1831
-1927
-1754
-1394
-1077
-874
-730
-628
-528
-320
29
421
726
870
879
881
1007
1224
1384
1457
1484
1434
1282
1136
1092
1100
1059
879
528
179
59
107
37
-244
-605
-903
-1078
-1093
-986
-913
-1031
-1318
-1561
-1566
-1345
-1064
-879
-859
-961
-1017
-837
-423
-15
143
55
-40
85
395
678
834
913
899
751
617
680
866
964
882
688
509
440
459
450
358
237
140
54
-24
-54
-59
-136
-258
-253
-109
-79
-269
-417
-308
-121
-92
-157
-163
-137
-132
-120
-73
42
202
228
23
-132
53
396
530
440
361
338
271
253
451
703
656
335
148
301
548
654
681
729
742
721
806
1033
1222
1205
1020
888
881
787
518
270
74
-296
-915
-1747
-2701
-3319
-3315
-3286
-3627
-3585
-2958
-3135
-4425
-4727
-3028
-1346
-1158
-1299
-952
-901
-881
428
2430
3098
2167
1252
1477
2627
3812
4148
3477
2538
1976
1768
1984
2817
3314
2147
250
-77
1024
1434
871
463
-98
-1307
-1859
-908
88
-255
-1467
-2514
-2797
-2113
-1111
-931
-1635
-2243
-2364
-2238
-1659
-610
-111
-720
-1334
-895
64
659
912
1101
1140
1090
1265
1690
2113
2346
2228
1742
1400
1639
1935
1671
1259
1165
869
136
-225
69
125
-495
-1144
-1340
-1346
-1443
-1556
-1624
-1735
-1911
-2061
-2013
-1666
-1295
-1249
-1447
-1449
-1068
-633
-424
-230
107
352
412
600
1058
1452
1506
1421
1467
1614
1737
1811
1806
1680
1475
1294
1212
1223
1178
940
579
293
128
-15
-158
-270
-449
-789
-1135
-1219
-1075
-1001
-1134
-1340
-1471
-1491
-1384
-1175
-985
-917
-951
-980
-905
-665
-351
-152
-119
-89
25
132
201
365
613
727
606
445
457
597
728
810
802
648
395
213
269
453
478
302
68
-141
-254
-211
-93
-60
-185
-388
-540
-566
-484
-338
-223
-286
-490
-560
-411
-176
44
164
153
88
41
111
347
613
681
529
372
396
552
682
702
625
493
361
339
501
727
778
609
472
617
946
1140
1066
927
938
1040
1073
1050
1001
794
418
127
-13
-267
-822
-1612
-2399
-2828
-2829
-2909
-3308
-3425
-3056
-3113
-3851
-3945
-2795
-1739
-1641
-1567
-1005
-770
-827
-15
1503
2134
1497
951
1397
2333
2959
3032
2737
2352
2053
1899
2089
2658
2861
1990
858
839
1549
1576
1013
811
608
-239
-826
-275
407
-7
-996
-1450
-1306
-1102
-1032
-1065
-1254
-1585
-1868
-1845
-1408
-921
-992
-1512
-1576
-908
-337
-287
-219
46
82
38
464
1106
1293
1052
862
947
1255
1557
1553
1288
1090
995
838
764
929
950
465
-129
-280
-159
-207
-388
-540
-783
-1143
-1336
-1260
-1119
-1056
-1087
-1233
-1374
-1292
-995
-711
-538
-463
-528
-601
-411
-20
230
301
365
369
293
369
626
800
804
768
738
724
780
853
841
774
713
612
452
312
257
237
201
163
116
-23
-249
-404
-408
-347
-309
-363
-579
-839
-873
-655
-492
-551
-650
-658
-707
-807
-680
-288
-42
-177
-376
-326
-163
-67
56
267
380
299
189
260
491
683
722
685
657
629
616
737
953
1018
824
592
542
594
594
609
660
538
218
31
116
202
155
134
157
39
-179
-182
167
522
487
197
95
250
446
599
658
472
90
-229
-371
-446
-709
-1422
-2419
-2990
-2812
-2362
-2044
-1934
-2533
-3915
-4431
-2787
-627
-265
-1216
-1748
-1701
-1239
332
2392
2717
1033
-164
667
2373
3448
3538
2732
1474
859
1510
2725
3338
2750
1240
108
612
2098
2627
1692
466
-304
-552
52
1260
1580
182
-1622
-1998
-881
232
254
-629
-1743
-2471
-2246
-1145
-298
-687
-1908
-2738
-2460
-1335
-297
-153
-834
-1479
-1429
-709
317
1062
900
52
-373
194
1126
1691
1683
1159
519
395
894
1485
1664
1283
573
99
232
725
1043
882
303
-316
-542
-313
14
30
-352
-831
-1046
-925
-666
-508
-575
-810
-982
-917
-636
-323
-193
-297
-431
-367
-136
108
288
360
283
185
294
605
834
797
615
486
457
498
626
749
623
205
-156
-121
158
269
83
-215
-466
-593
-536
-366
-308
-504
-846
-1083
-1052
-849
-709
-732
-871
-1031
-1090
-930
-591
-297
-254
-431
-537
-330
45
281
339
360
385
433
619
935
1130
1049
872
852
987
1103
1134
1119
1023
838
699
733
812
735
514
306
158
42
-8
-17
-93
-242
-331
-292
-216
-202
-240
-253
-205
-154
-125
-22
213
440
495
450
546
857
1176
1234
1047
875
829
766
597
322
-243
-1213
-2090
-2208
-1733
-1424
-1567
-2075
-3042
-4036
-3790
-2028
-561
-965
-2389
-3004
-2328
-967
483
1286
732
-639
-1074
295
2266
3017
2144
821
304
857
1970
2901
2863
1602
173
164
1651
2903
2602
1261
112
-230
327
1429
2038
1260
-403
-1427
-967
287
953
384
-870
-1859
-1977
-1213
-277
-210
-1195
-2235
-2338
-1533
-558
-112
-427
-1139
-1515
-1053
2
824
836
269
-186
-95
474
1154
1498
1260
664
265
400
863
1184
1109
727
273
5
94
415
578
334
-122
-407
-376
-191
-61
-92
-303
-603
-768
-640
-358
-206
-281
-482
-667
-689
-458
-114
63
-41
-267
-382
-247
80
364
393
191
-32
-89
102
430
608
464
174
22
89
309
518
492
195
-116
-185
-16
180
203
27
-182
-282
-254
-129
11
-4
-238
-482
-491
-321
-216
-256
-326
-370
-432
-454
-325
-156
-177
-357
-425
-297
-155
-108
-74
-40
-81
-112
28
221
211
57
40
181
288
330
375
341
188
112
251
443
478
351
195
140
235
390
437
321
153
63
100
239
338
231
-43
-229
-202
-80
16
34
-90
-308
-392
-246
-54
5
-73
-237
-366
-251
84
283
179
21
22
122
284
519
643
527
393
499
746
881
825
682
581
590
647
606
380
35
-286
-461
-481
-472
-597
-865
-1135
-1315
-1386
-1295
-1070
-932
-1021
-1170
-1151
-944
-654
-381
-252
-309
-365
-204
110
348
394
318
246
260
367
489
487
329
160
143
273
405
390
218
46
45
194
340
375
290
156
96
170
301
371
320
182
64
46
90
126
111
5
-166
-251
-160
3
60
-27
-153
-166
-50
86
163
194
190
167
205
323
413
381
296
287
369
450
438
335
185
52
-2
35
75
-13
-230
-399
-381
-255
-211
-300
-421
-487
-481
-393
-245
-167
-270
-431
-413
-217
-58
-22
-34
-70
-145
-132
65
284
304
155
29
28
118
216
232
142
38
17
41
41
14
-9
-39
-76
-65
5
32
-36
-96
-57
12
29
18
11
-4
-2
67
171
214
144
42
34
141
248
252
165
44
-61
-96
-53
-7
-46
-172
-309
-387
-384
-317
-236
-231
-339
-459
-474
-383
-265
-177
-159
-226
-297
-255
-99
57
121
90
33
52
173
298
349
364
381
355
302
319
412
463
443
433
436
379
294
271
281
251
202
166
91
-50
-151
-135
-81
-108
-213
-318
-365
-343
-266
-189
-179
-254
-325
-280
-126
12
37
-29
-74
-15
127
247
286
250
168
110
164
286
322
224
111
63
49
41
42
18
-82
-231
-303
-266
-226
-260
-311
-356
-425
-471
-413
-295
-238
-258
-279
-222
-105
-22
-15
-3
93
223
295
308
314
325
338
380
447
452
348
222
199
274
331
270
111
-36
-85
-56
-17
-22
-107
-263
-370
-324
-202
-179
-288
-399
-408
-337
-259
-191
-142
-159
-229
-228
-107
21
54
48
72
96
104
152
252
309
275
222
233
291
318
286
243
203
117
27
40
118
96
-47
-177
-218
-208
-171
-126
-130
-199
-267
-277
-236
-168
-130
-151
-186
-151
-66
-21
-21
-14
8
33
93
184
215
158
112
161
244
275
254
208
136
77
109
207
241
157
44
-22
-42
-22
28
40
-36
-122
-137
-121
-123
-123
-98
-81
-85
-81
-46
-16
-20
-21
9
38
34
9
-9
-21
-26
-13
3
-15
-69
-113
-110
-67
-40
-58
-113
-157
-152
-116
-93
-98
-121
-162
-201
-166
-53
20
-16
-86
-100
-67
-22
35
89
92
32
-13
25
117
182
192
161
97
45
73
182
276
272
186
93
62
106
189
235
205
118
17
-52
-38
53
128
95
-32
-141
-142
-57
22
29
-45
-146
-191
-131
-25
25
-13
-91
-143
-127
-56
24
64
37
-36
-81
-42
36
71
51
13
-10
-4
27
69
91
57
-26
-77
-40
22
22
-32
-78
-106
-120
-97
-40
-17
-76
-159
-179
-117
-25
36
15
-77
-151
-134
-32
73
107
46
-59
-108
-51
57
120
99
24
-44
-53
2
86
124
74
-15
-50
-12
41
71
65
20
-45
-63
-10
57
69
34
1
-20
-31
-13
33
57
28
-19
-36
-29
-6
26
44
29
-3
-8
26
78
108
90
48
31
64
112
129
109
77
56
66
112
152
126
43
-18
-1
53
71
33
-36
-98
-120
-85
-26
-14
-78
-162
-183
-122
-43
-20
-62
-120
-136
-94
-15
52
55
-9
-65
-38
54
123
116
57
-3
-21
15
78
102
54
-28
-72
-45
2
3
-44
-96
-124
-117
-77
-37
-49
-106
-146
-129
-71
-15
3
-28
-75
-89
-47
17
51
37
-7
-36
-19
35
77
81
52
16
-4
10
52
79
70
40
19
23
52
91
112
100
71
52
59
89
115
110
78
41
22
26
42
46
18
-31
-70
-77
-59
-49
-69
-107
-132
-141
-136
-116
-98
-101
-118
-116
-92
-67
-51
-42
-32
-21
-6
14
39
60
72
75
83
99
116
129
139
143
137
126
122
122
115
97
78
66
53
34
15
1
-13
-29
-40
-47
-56
-68
-78
-80
-81
-81
-78
-74
-72
-72
-69
-56
-42
-37
-32
-24
-13
-2
11
23
27
31
34
38
45
52
46
30
17
20
25
22
12
-2
-25
-36
-31
-26
-35
-55
-69
-76
-83
-83
-77
-77
-83
-88
-84
-70
-54
-39
-30
-25
-21
-12
9
35
53
57
56
63
77
93
106
111
106
98
96
101
108
107
95
78
63
51
48
47
35
11
-16
-36
-40
-37
-40
-55
-80
-101
-103
-88
-73
-71
-86
-102
-100
-78
-50
-35
-34
-42
-45
-29
2
31
39
30
18
22
42
66
79
75
59
43
44
58
69
64
48
31
21
22
27
27
17
-5
-22
-27
-22
-19
-26
-40
-51
-55
-50
-41
-34
-35
-43
-47
-38
-20
-10
-12
-16
-15
-7
4
14
18
14
8
10
20
28
30
23
19
15
17
23
26
21
11
4
5
11
11
10
6
0
-5
-6
-1
1
1
-6
-12
-15
-12
-4
3
3
-2
-10
-15
-9
4
10
9
5
2
1
4
10
16
14
6
-1
1
4
7
8
5
-3
-12
-14
-9
-5
-7
-14
-20
-24
-21
-15
-8
-7
-11
-16
-16
-10
-2
2
0
-3
-6
-5
-1
3
6
5
2
3
6
6
6
8
12
13
10
6
11
16
19
20
17
16
17
21
26
28
23
16
14
15
18
17
10
1
-5
-7
-6
-8
-14
-22
-27
-29
-28
-27
-29
-31
-33
-32
-28
-24
-21
-19
-18
-14
-9
-3
0
3
4
8
11
16
17
18
18
19
20
19
17
16
13
7
1
1
1
1
-2
-7
-11
-11
-12
-14
-14
-15
-17
-17
-15
-12
-10
-10
-8
-4
1
3
5
8
12
15
20
25
28
28
28
33
38
39
36
35
36
35
33
30
29
26
21
15
8
5
1
-4
-9
-16
-24
-31
-34
-35
-34
-39
-42
-49
-51
-49
-45
-41
-41
-41
-43
-38
-31
-26
-19
-14
-11
-5
2
10
16
19
23
26
31
35
38
36
35
34
34
34
32
27
21
15
12
10
7
1
-7
-12
-14
-15
-16
-18
-22
-23
-22
-20
-17
-15
-15
-14
-11
-7
-2
0
0
0
0
3
5
8
7
5
5
5
6
7
6
5
4
3
4
5
5
5
3
5
6
7
8
8
10
12
13
14
15
17
17
18
18
17
16
16
15
14
12
9
4
1
-2
-3
-6
-10
-15
-21
-23
-24
-24
-27
-31
-34
-34
-31
-30
-29
-28
-26
-24
-22
-19
-15
-9
-4
-1
0
2
4
13
19
22
21
19
20
25
30
33
29
24
19
20
24
24
19
10
4
2
5
6
1
-5
-12
-12
-9
-7
-9
-15
-18
-18
-15
-15
-12
-13
-11
-8
-5
-2
-2
-2
-1
2
3
6
7
7
8
8
8
8
8
8
5
5
3
1
-1
-1
0
-2
-4
-6
-6
-5
-3
-3
-4
-6
-5
-3
1
2
1
1
2
4
6
7
7
8
7
7
6
5
6
6
6
4
3
-1
-1
-1
1
2
0
-4
-4
-4
1
3
2
-3
-2
-1
3
6
7
2
1
1
3
5
5
3
1
0
1
2
2
0
-1
-2
-2
-3
-4
-6
-9
-9
-9
-10
-12
-17
-16
-15
-15
-13
-15
-17
-16
-14
-11
-8
-5
-4
-4
-3
-1
3
8
11
10
10
9
10
14
17
17
13
8
7
8
11
9
7
2
-3
-3
1
3
2
-1
-6
-6
-3
-1
3
0
-3
-6
-3
3
8
10
6
2
3
7
13
17
15
10
9
10
15
18
17
12
8
7
9
12
10
4
-2
-4
-3
-2
-4
-9
-16
-18
-18
-14
-14
-17
-21
-25
-24
-19
-16
-15
-17
-18
-19
-14
-6
-4
-4
-5
-5
-1
4
9
9
7
6
7
11
14
14
12
8
7
8
11
12
11
6
1
2
4
5
4
0
-4
-5
-3
-1
-1
-2
-6
-6
-4
-2
0
0
-2
-2
-2
3
5
5
4
1
5
6
8
7
6
5
3
4
5
4
4
0
1
0
0
1
-2
-4
-5
-5
-5
-6
-8
-9
-10
-7
-6
-6
-5
-6
-4
-2
-1
0
0
-1
1
2
4
4
3
3
3
4
6
7
5
4
3
4
5
6
4
3
0
-1
0
-1
0
2
0
-1
-1
-1
0
1
2
1
1
1
1
0
2
1
1
2
3
2
0
-1
-1
0
0
-1
-2
-5
-6
-6
-5
-4
-4
-5
-3
-2
-2
0
0
0
-1
-2
2
6
5
1
-1
1
6
7
4
3
3
2
1
2
4
3
1
0
1
4
4
3
2
2
0
0
2
2
-2
-7
-8
-5
0
-1
-3
-5
-10
-11
-10
-3
0
-1
-3
-3
-3
-1
3
6
9
6
3
5
7
9
6
4
3
5
9
8
4
-1
-4
-2
5
7
6
0
-4
-6
-3
0
-2
-4
-5
-5
-6
-6
-2
-4
-8
-8
-4
-5
-5
-3
-2
-3
-3
-1
1
4
10
15
15
12
11
13
15
13
12
13
17
18
16
11
5
2
-2
-3
2
6
0
-8
-14
-17
-23
-26
-22
-14
-9
-15
-30
-40
-34
-21
-11
-12
-19
-15
-5
0
-4
-4
1
1
8
29
44
32
14
17
28
30
29
28
12
2
6
9
7
-1
-8
-8
-5
-1
8
-3
-31
-41
-24
-6
2
-1
-8
-12
-13
-11
0
13
16
15
9
1
-2
3
9
20
25
16
6
3
10
21
17
5
7
21
21
10
5
2
-8
-5
14
19
-3
-32
-40
-28
-13
-10
-25
-33
-20
-22
-33
-14
7
2
-13
-14
-6
9
20
25
24
9
-6
5
31
32
11
-2
-1
-5
-14
-14
-7
-14
-25
-24
-15
-4
2
-10
-22
-12
5
21
34
35
31
17
5
27
45
21
5
13
11
3
12
24
10
-33
-57
-33
-1
-7
-30
-36
-28
-28
-34
-29
-7
9
10
11
18
21
24
23
14
9
12
13
13
12
9
7
6
6
4
3
2
1
1
2
2
1
2
2
2
1
1
1
0
-1
1
3
2
2
2
5
5
5
6
5
3
-3
-8
-7
-5
-7
-6
-7
-21
-34
-31
-23
-24
-10
23
17
-37
-88
-84
-28
0
10
73
124
61
-57
-83
-43
-6
194
486
497
173
-328
-625
-337
76
71
-37
-126
-319
-326
-119
6
-8
-143
-264
-95
152
21
-370
-420
484
1754
1358
-607
-1234
-21
976
1348
1395
597
-812
-1714
-1277
49
870
960
864
123
-1177
-1872
-1587
-425
1238
1910
830
-714
-1362
-1193
-918
-256
1370
2551
1564
-373
-1248
-1484
-1605
-402
1618
1957
495
-866
-1515
-1675
-1097
177
1163
1171
769
185
-958
-1673
-853
463
983
1123
1222
509
-758
-1057
-357
102
335
959
1281
433
-789
-1205
-978
-520
305
1127
1104
240
-482
-727
-1004
-857
147
974
1029
632
-74
-827
-1185
-772
198
804
944
939
342
-637
-978
-615
-166
443
1245
1244
280
-479
-751
-759
-304
387
916
941
359
-307
-836
-1172
-841
-14
594
707
404
-147
-744
-984
-610
-48
338
623
638
198
-349
-586
-484
-115
433
791
661
226
-185
-427
-444
-238
127
485
586
318
-133
-496
-619
-433
5
425
573
389
-23
-415
-572
-471
-119
336
563
466
202
-117
-391
-440
-205
142
401
464
279
-52
-353
-485
-352
-42
234
350
253
24
-180
-317
-321
-157
60
239
304
165
-72
-220
-219
-114
22
147
273
302
117
-162
-278
-184
-13
97
102
108
143
45
-152
-248
-176
-33
65
103
134
87
-76
-205
-166
-20
77
96
120
140
83
-31
-117
-111
-15
89
120
91
77
60
-20
-104
-94
-13
50
72
69
12
-85
-131
-91
-31
5
39
46
-6
-51
-31
-4
-7
3
26
22
14
34
57
46
28
14
-14
-41
-37
-6
37
51
37
-17
-121
-172
-106
-5
80
126
84
-17
-120
-164
-87
56
156
188
142
23
-80
-104
-71
23
134
169
118
36
-75
-167
-164
-62
74
140
86
-11
-80
-134
-152
-81
37
116
106
15
-66
-80
-65
-34
25
82
112
90
16
-51
-70
-59
-20
46
92
82
21
-55
-93
-85
-39
18
46
34
6
-36
-90
-102
-54
4
39
46
37
23
-29
-85
-60
12
56
76
61
26
6
-14
-36
-23
22
67
62
18
-9
-29
-69
-70
-2
47
46
38
21
-37
-94
-82
-16
52
95
86
12
-56
-47
-5
3
22
84
90
-1
-56
-25
-21
-56
-35
27
40
23
19
-5
-44
-44
-20
-11
23
84
81
-1
-59
-45
-25
-16
37
97
83
17
-43
-74
-75
-40
30
68
43
11
-15
-72
-105
-61
9
50
59
39
-18
-82
-84
-33
-1
13
46
69
32
-33
-62
-56
-26
32
84
85
58
20
-40
-79
-49
22
75
83
55
15
-30
-68
-59
-16
26
64
62
11
-34
-52
-64
-54
-7
48
67
39
-6
-42
-56
-33
13
44
41
17
3
-3
-7
-7
-13
-22
1
39
43
16
-17
-38
-34
-20
-8
1
3
2
1
-4
-18
-35
-30
15
48
36
2
-12
-14
-23
-21
12
43
35
6
-16
-21
-21
-12
-2
5
12
11
-7
-22
-10
3
2
8
21
15
-5
-1
22
26
-1
-20
-8
7
5
9
24
25
3
-18
-26
-30
-18
7
22
20
16
4
-31
-54
-28
16
33
27
21
-2
-41
-51
-13
27
33
27
23
2
-29
-32
-8
14
27
44
43
5
-33
-33
-12
0
10
20
7
-22
-36
-36
-33
-19
7
11
-10
-18
-5
-6
-17
-4
22
24
12
14
25
19
6
3
10
13
15
9
-3
-18
-20
-11
-8
-10
-3
4
-3
-20
-21
-13
-2
15
25
13
-3
0
7
9
15
23
20
9
11
10
-8
-16
1
15
1
-18
-14
3
16
21
6
-18
-33
-19
8
27
33
22
-7
-39
-47
-27
2
28
45
33
-11
-50
-56
-33
5
43
55
18
-31
-43
-26
-9
4
21
25
12
-4
-24
-46
-39
0
30
27
18
14
-1
-24
-26
-3
17
26
31
23
-5
-28
-25
-5
10
23
27
16
-7
-23
-26
-19
-5
12
17
8
-6
-7
1
6
10
15
18
16
15
10
-7
-20
-11
6
12
9
8
4
-4
-12
-16
-18
-11
6
18
8
-17
-29
-22
-11
2
23
31
19
-4
-20
-22
-14
5
22
21
8
-2
-14
-25
-22
-1
19
20
5
-13
-28
-31
-21
0
17
21
16
-2
-18
-15
0
11
13
16
15
6
-2
-3
3
5
11
13
10
1
-7
-12
-8
-2
1
-2
-7
-9
-5
2
4
5
3
-4
-10
-5
9
16
11
4
0
-3
-1
7
15
15
11
7
0
-8
-11
-4
6
12
11
0
-11
-15
-15
-7
4
13
7
-9
-23
-21
-4
5
6
6
8
6
-3
-3
4
8
10
10
6
1
-3
-4
-2
3
4
0
-4
-3
-2
-2
-8
-7
-3
-1
-1
-1
0
-4
-4
6
16
14
3
-2
0
1
0
-2
-1
-1
-2
-5
-10
-13
-5
0
2
-2
-8
-14
-14
-3
10
12
8
3
-2
-6
4
17
20
12
7
2
-3
-2
8
17
13
5
1
-2
-6
-3
7
11
8
9
4
-9
-12
-4
1
1
4
6
1
-7
-13
-15
-12
-4
3
7
5
0
-11
-20
-20
-6
9
16
17
8
-9
-21
-18
-3
10
18
21
14
-6
-21
-19
-5
8
17
17
7
-8
-18
-19
-13
2
16
17
6
-5
-12
-18
-13
3
15
9
0
1
0
-8
-10
-1
7
14
14
5
-5
-4
-1
-2
-1
9
15
12
6
5
3
-6
-2
13
16
7
0
1
1
-2
-3
0
3
1
-2
-6
-8
-9
-8
-6
-8
-7
-6
-6
-3
0
-2
-3
-2
0
-1
-1
3
7
7
6
3
0
-2
-2
2
3
2
4
2
-9
-17
-12
-5
-2
5
12
7
-4
-7
-6
-1
6
16
22
18
8
1
-9
-10
3
19
23
18
9
-4
-17
-18
-9
4
15
16
4
-16
-28
-27
-14
4
20
24
12
-9
-24
-27
-16
4
24
24
7
-11
-20
-27
-24
-5
15
15
4
-10
-26
-34
-19
2
13
17
13
1
-6
-5
-2
4
15
30
32
17
-5
-23
-23
-9
12
27
28
13
-10
-29
-34
-22
-1
22
27
16
-4
-23
-35
-25
-1
24
44
53
38
-3
-34
-29
5
40
53
39
15
-3
-5
0
11
32
54
52
20
-21
-43
-39
-28
-18
-7
-8
-15
-15
-17
-36
-39
-5
28
28
11
-3
-28
-57
-57
-23
15
44
54
24
-38
-81
-69
-23
27
60
49
-8
-66
-82
-64
-29
14
45
44
12
-18
-29
-27
-13
14
36
31
10
-8
-17
-14
0
25
47
59
51
16
-20
-20
21
61
64
30
-19
-55
-55
-23
8
18
13
-9
-46
-54
-10
47
81
94
83
31
-30
-31
27
86
115
111
67
-15
-87
-101
-60
1
50
60
20
-46
-103
-142
-141
-71
41
102
60
-30
-104
-149
-157
-101
8
88
75
-3
-75
-101
-72
1
78
107
86
20
-74
-135
-132
-86
-7
93
128
30
-97
-120
-68
-27
9
60
82
45
-5
-23
15
127
270
356
339
234
80
-50
-83
-29
30
46
13
-58
-152
-249
-303
-257
-117
19
79
81
51
1
-41
-24
71
203
299
317
257
135
2
-61
-34
-5
-56
-178
-324
-432
-428
-291
-100
42
107
127
104
30
-19
53
220
355
376
268
66
-112
-163
-120
-72
-54
-96
-237
-410
-477
-405
-289
-235
-303
-472
-539
-237
417
1021
1177
882
418
41
-141
-113
42
187
252
278
243
34
-341
-645
-689
-509
-251
3
218
336
262
-8
-279
-318
-129
144
446
751
930
865
579
143
-405
-922
-1113
-792
-176
268
288
-19
-402
-645
-605
-290
149
518
677
601
372
94
-141
-238
-127
148
446
622
581
298
-159
-619
-853
-750
-449
-198
-93
-76
-86
-95
-76
-25
51
153
275
406
519
527
330
-29
-345
-471
-425
-253
12
253
333
229
-2
-286
-530
-644
-559
-243
232
638
767
600
257
-99
-278
-171
135
437
583
532
291
-109
-576
-925
-955
-618
-106
311
485
412
174
-122
-360
-451
-320
55
547
900
916
572
28
-457
-662
-525
-157
239
483
463
170
-287
-695
-862
-738
-401
20
368
528
472
251
-44
-276
-308
-92
267
564
628
419
55
-295
-508
-535
-380
-107
153
260
178
-16
-191
-256
-207
-126
-102
-107
-19
197
389
386
203
0
-75
-9
99
141
81
-35
-128
-171
-193
-216
-208
-116
46
165
152
49
-26
-18
21
25
15
60
151
188
116
3
-45
-15
30
32
-20
-78
-77
4
79
40
-83
-136
-35
114
141
46
-43
-56
-32
-26
-51
-68
-32
42
81
39
-62
-136
-98
23
87
27
-75
-101
-46
16
36
25
10
-8
-25
-16
19
43
38
5
-47
-70
-25
27
10
-29
20
160
264
199
-54
-343
-447
-262
79
316
293
79
-130
-187
-112
-23
34
83
137
151
95
0
-90
-145
-135
-56
60
170
237
230
125
-42
-192
-254
-207
-86
54
170
238
226
109
-90
-278
-326
-195
25
209
271
178
-14
-165
-192
-126
-38
43
100
139
142
77
-53
-183
-234
-185
-72
59
158
182
123
37
-10
-22
-46
-69
-55
-27
-20
-9
31
65
45
-19
-62
-47
-1
15
-9
-50
-76
-62
15
117
166
119
28
-23
-11
16
15
-25
-91
-148
-154
-92
1
73
107
103
62
-4
-52
-51
-9
45
89
101
67
6
-48
-68
-40
19
71
90
65
10
-55
-100
-117
-119
-113
-71
36
172
250
209
80
-73
-179
-200
-144
-49
39
90
74
-5
-86
-99
-20
97
169
147
64
-11
-44
-43
-25
16
73
113
88
-9
-132
-201
-164
-51
44
53
-3
-73
-123
-144
-120
-40
77
181
216
163
46
-62
-108
-87
-30
34
96
141
135
70
-35
-139
-209
-227
-184
-80
46
138
148
97
11
-67
-101
-63
34
145
221
246
204
97
-45
-152
-179
-135
-46
55
123
111
20
-95
-175
-184
-133
-52
28
87
117
118
92
35
-31
-63
-38
20
77
100
84
33
-31
-88
-109
-93
-54
-16
11
30
43
41
16
-21
-55
-71
-61
-35
-13
-7
-9
4
28
45
39
13
-9
-20
-21
-18
-12
-3
9
21
29
35
33
22
2
-18
-24
-18
-7
-2
-3
0
14
35
34
7
-24
-27
8
55
81
65
12
-55
-107
-116
-72
3
74
111
107
82
43
-3
-53
-93
-96
-52
26
95
108
60
-10
-51
-57
-45
-36
-22
2
22
27
13
-10
-37
-62
-69
-55
-28
11
56
87
77
31
-16
-44
-53
-52
-40
-4
46
88
94
56
0
-44
-58
-41
-16
3
11
5
-15
-44
-74
-80
-51
-2
44
72
85
80
60
28
1
-11
-10
-4
2
11
13
10
3
-5
-11
-18
-23
-28
-36
-48
-55
-55
-42
-14
23
57
75
77
65
48
27
3
-20
-36
-41
-32
-5
26
44
44
25
1
-25
-43
-49
-33
-10
10
15
4
-24
-51
-56
-29
17
58
73
55
15
-30
-60
-59
-32
5
37
51
51
35
11
-17
-40
-45
-37
-21
-12
-10
-7
0
11
20
28
36
42
42
34
19
-2
-23
-40
-46
-40
-20
5
20
22
9
-7
-21
-30
-36
-35
-26
-9
8
21
32
42
50
46
33
18
7
-2
-12
-20
-24
-26
-21
-14
-5
6
19
29
32
26
12
-4
-19
-35
-47
-52
-38
-4
39
76
92
80
42
-9
-53
-76
-75
-55
-26
4
25
30
11
-17
-43
-53
-44
-18
11
30
33
26
16
4
-8
-6
9
43
80
101
92
54
-5
-63
-108
-130
-123
-83
-23
31
54
37
-6
-51
-70
-56
-12
43
86
102
85
49
12
-6
-3
12
25
29
22
6
-14
-29
-41
-51
-61
-60
-45
-21
7
26
36
37
34
30
28
24
23
19
18
17
16
9
-1
-16
-28
-33
-29
-19
-7
3
3
-6
-19
-34
-42
-41
-30
-7
24
46
55
49
28
0
-20
-25
-7
17
34
35
18
-7
-28
-36
-28
-15
-4
-1
-6
-16
-26
-28
-20
-7
10
25
36
35
22
2
-11
-11
2
17
21
13
-6
-22
-30
-22
-5
15
31
32
17
-6
-28
-31
-18
11
40
56
51
31
8
-10
-17
-17
-10
1
10
6
-14
-36
-52
-50
-39
-26
-10
7
19
22
17
10
6
9
14
18
21
23
21
14
0
-14
-23
-21
-16
-12
-10
-7
-8
-14
-28
-42
-48
-39
-17
15
49
76
80
57
18
-12
-23
-11
7
20
23
15
-2
-26
-46
-52
-45
-29
-11
3
8
8
4
1
5
15
29
44
58
61
52
29
5
-14
-21
-18
-10
-4
-6
-15
-31
-45
-52
-45
-28
-6
12
21
20
13
4
-3
-1
9
27
44
50
36
12
-11
-26
-30
-28
-23
-21
-16
-14
-12
-14
-16
-18
-12
-5
4
12
19
25
30
30
23
11
-5
-22
-29
-23
-4
18
34
35
18
-8
-27
-34
-26
-7
11
19
15
2
-15
-25
-26
-14
7
24
35
31
18
2
-8
-12
-8
-1
5
6
5
4
7
16
22
20
9
-11
-26
-32
-25
-14
0
7
12
7
0
-10
-17
-14
-5
10
21
24
19
10
0
-5
-4
1
7
11
11
3
-8
-22
-28
-26
-18
-9
-1
0
1
3
8
12
13
8
0
-7
-10
-8
-1
8
21
30
29
16
-6
-27
-39
-36
-22
-1
15
20
11
-4
-19
-24
-18
-3
16
30
34
25
7
-9
-19
-16
-4
13
27
34
27
13
-5
-19
-25
-19
-9
5
14
13
4
-8
-17
-19
-9
0
8
8
4
-6
-14
-16
-10
7
23
32
29
15
-3
-17
-20
-12
3
12
14
6
-7
-20
-26
-23
-13
1
13
18
13
0
-15
-25
-22
-11
7
23
29
27
16
3
-7
-9
-7
0
5
5
0
-6
-14
-17
-17
-13
-8
-2
3
5
5
5
8
8
11
10
10
8
4
5
6
8
7
3
-2
-7
-9
-7
-2
3
4
3
0
-5
-7
-6
-3
0
4
4
1
-2
-4
-2
0
5
7
5
1
-4
-6
-5
-1
3
7
8
6
3
0
-4
-5
-4
-2
-1
-1
-1
-2
-4
-5
-4
-3
0
1
2
1
1
1
0
0
2
3
1
1
1
4
7
10
11
7
1
-5
-11
-12
-8
-2
4
10
10
4
-3
-10
-12
-9
-1
7
13
12
8
2
-3
-4
-2
3
7
8
7
2
-2
-8
-10
-10
-7
-3
-1
0
0
0
1
3
6
6
7
4
2
0
0
-1
0
1
1
3
1
-2
-4
-3
-1
1
1
0
-1
-2
-2
-1
0
1
2
1
2
-1
-3
-4
-3
-1
1
3
3
-1
-4
-5
-1
2
7
8
6
2
-2
-5
-5
-3
1
3
4
1
-2
-5
-6
-4
-1
2
3
3
0
-2
-4
-4
0
3
6
7
6
3
2
2
2
1
-1
-2
-3
-2
0
0
0
0
1
1
0
1
1
1
0
0
0
0
0
0
1
1
1
1
1
0
-1
-1
-2
-2
-1
-1
-1
1
-1
0
0
-1
0
1
2
3
3
0
0
0
0
0
-3
-3
-2
0
1
1
1
1
1
1
0
-1
-1
1
2
3
0
-2
-2
-1
0
1
1
1
1
1
-3
-3
-2
-1
1
2
1
0
0
0
0
0
2
1
2
3
2
0
0
1
2
2
1
1
0
0
0
0
0
-1
-2
-2
-2
-1
0
1
3
1
1
-1
-1
-1
1
1
1
1
1
0
0
-1
0
0
0
0
0
0
1
0
0
1
0
0
0
1
-1
0
1
-1
1
1
-1
1
0
0
2
0
1
2
0
1
3
1
3
3
0
1
0
0
0
0
0
1
1
1
1
0
1
0
0
1
0
0
0
1
0
0
0
-1
0
0
0
0
0
0
0
0
0
0
1
0
0
0
-1
-1
0
0
0
0
0
0
0
0
0
0
-1
0
1
0
0
0
0
0
0
0
-1
0
1
0
0
0
0
-1
0
-1
-1
0
0
0
0
1
0
0
0
0
0
0
0
0
1
1
0
1
-1
0
0
0
0
0
0
0
0
0
0
0
0
0
0
0
0
0
0
0
0
0
0
0
0
0
0
0
0
-1
1
0
1
0
0
1
0
0
0
0
0
1
-1
0
0
0
0
0
1
0
0
-1
0
0
0
0
1
0
0
1
-1
-1
0
0
0
0
0
0
0
0
0
0
0
-1
0
0
0
1
0
0
0
0
1
0
-1
-1
0
0
0
-1
0
0
0
0
0
-1
0
0
0
0
-1
0
0
0
0
0
0
0
0
0
0
0
0
0
0
-1
0
0
0
0
0
0
0
0
0
1
0
-1
0
0
0
0
0
0
0
0
0
0
0
0
0
0
0
0
0
0
0
-1
0
0
0
0
0
0
0
0
0
0
0
0
0
1
0
0
0
0
0
0
0
1
0
0
0
1
1
0
0
0
-1
1
1
0
0
0
0
0
0
0
1
0
0
0
1
0
0
0
0
0
-1
0
0
0
0
0
0
0
0
0
0
-1
-1
-1
0
0
0
0
-1
0
0
0
0
0
0
0
0
0
1
0
1
0
0
0
0
0
0
1
-1
0
1
-1
0
0
0
0
0
0
0
-1
0
0
0
-1
0
-1
0
0
0
0
0
-1
0
0
0
0
0
0
-1
0
0
0
0
0
0
0
0
-1
-1
0
0
0
0
0
1
0
0
0
0
0
-1
0
0
0
0
0
0
0
0
0
1
0
1
0
0
1
-1
1
0
0
0
-1
-1
0
0
0
-1
0
-1
0
0
0
-1
0
0
0
0
1
0
0
0
0
0
0
1
0
1
0
0
0
0
0
0
1
0
0
0
1
1
0
0
0
0
0
0
0
0
-1
1
0
0
0
0
0
0
0
1
0
0
-1
0
0
0
-1
-1
0
0
1
0
-1
0
0
0
0
0
0
-1
-1
0
0
-1
1
0
1
0
0
0
0
0
0
1
0
0
0
-1
0
0
0
0
0
1
-1
0
0
0
0
0
0
0
0
0
1
0
0
0
0
0
0
-1
0
0
-1
0
0
-1
0
0
0
0
0
0
0
0
1
0
0
-1
1
0
0
-1
-1
0
0
0
1
-1
0
0
0
-1
1
0
0
0
1
-1
0
0
0
0
0
0
0
0
0
0
0
-1
0
0
0
0
0
0
0
0
0
0
1
-1
0
0
-1
1
0
0
0
0
0
0
0
0
0
0
0
0
0
0
-1
0
0
0
0
0
0
0
-1
0
0
0
-1
0
0
-1
-1
0
0
0
0
0
1
1
-1
0
-1
0
0
0
0
0
0
0
0
1
0
0
0
0
-1
1
0
0
1
0
0
0
0
0
1
1
0
0
0
0
0
-1
0
-1
1
0
1
0
0
1
0
0
1
0
0
0
1
-1
-1
1
0
0
0
-1
0
0
1
0
0
0
0
0
0
-1
0
0
0
-1
0
0
1
1
-1
0
0
0
0
0
0
0
0
0
-1
1
0
0
1
0
0
0
0
1
-1
0
0
0
0
-1
1
0
0
-1
0
0
0
0
0
-1
0
-1
1
0
0
1
0
0
0
0
0
0
0
0
-1
0
0
0
1
0
1
0
0
0
0
-1
0
0
1
1
0
0
0
-1
-1
0
0
0
-1
0
0
1
0
1
0
0
1
0
0
1
0
0
0
0
0
0
0
0
0
0
0
-1
1
0
0
0
0
0
0
0
0
0
0
-1
0
-1
0
0
0
0
0
-1
0
0
0
1
0
0
0
0
0
0
0
0
0
-1
1
1
-1
0
0
0
0
0
0
0
0
0
0
0
0
0
-1
0
0
0
0
0
0
0
0
-1
0
0
0
0
-1
0
-1
0
0
0
0
0
-1
0
0
-1
0
0
0
1
0
0
0
0
0
0
1
0
0
0
0
0
1
0
0
0
1
1
0
0
0
0
0
0
0
0
1
1
1
0
0
-1
0
0
0
-1
-1
0
0
0
0
0
0
0
0
0
0
0
0
0
0
0
0
0
0
0
0
0
1
1
1
0
-1
0
0
0
0
0
0
1
-1
-1
0
0
0
0
0
1
0
-1
0
0
0
0
0
0
0
0
-1
0
0
0
0
1
0
0
0
0
0
-1
1
1
0
0
0
0
1
0
0
0
0
0
0
0
0
0
0
0
0
1
0
0
0
0
0
0
1
0
0
0
0
0
0
0
0
0
0
1
0
-1
0
0
0
0
-1
0
0
0
0
0
0
-1
0
0
-1
0
0
0
-1
1
0
0
0
0
0
0
0
0
0
0
0
0
0
-1
0
-1
0
0
0
0
0
0
0
0
0
1
0
0
0
0
0
0
0
0
0
0
0
1
0
0
0
0
0
0
0
0
0
-1
0
0
1
0
0
0
0
0
0
0
1
0
0
0
0
0
0
-1
0
1
0
0
0
0
0
0
0
0
-1
0
0
0
0
0
0
0
0
1
0
0
1
1
0
-1
-3
-1
-1
0
1
1
1
0
0
-1
1
0
1
2
2
2
1
0
0
-1
-1
0
0
0
1
0
0
0
0
2
1
2
2
2
2
2
0
1
1
-2
2
0
1
3
2
1
1
-2
-3
-2
-3
1
2
1
2
0
-1
-2
-1
0
1
2
3
2
0
0
-1
-1
0
0
0
0
0
-1
0
-1
-1
-1
0
1
2
1
0
-1
-1
0
0
-1
-2
-1
0
3
4
3
1
1
0
-1
0
0
1
1
1
0
0
-1
-1
0
0
0
1
3
2
0
-1
-3
-2
0
1
2
2
1
0
-1
0
-1
0
1
1
1
1
0
-1
-2
-1
-1
0
-1
1
0
0
-1
0
0
0
0
0
0
0
0
0
0
0
0
0
-1
-1
-1
1
1
2
0
0
-1
-2
-2
-1
0
3
2
1
-1
-3
-3
-2
0
1
1
2
1
0
-1
0
2
2
2
3
-1
0
-3
-1
1
1
3
0
-1
-1
-3
1
2
1
0
1
0
-3
-2
1
1
2
1
0
0
0
1
1
0
0
0
0
-1
-2
-2
-1
0
0
0
-1
-3
-2
0
1
1
2
0
-1
0
0
2
2
2
1
1
0
0
2
0
1
1
2
2
1
0
-1
-2
0
0
2
0
0
0
1
-1
1
1
0
-1
-1
-1
0
1
2
1
-1
-1
-2
-1
0
2
3
2
2
-1
-3
-3
-1
1
2
2
2
2
0
-3
-3
-2
0
1
0
-1
-1
-1
-2
1
1
1
0
1
0
0
-1
-1
0
-1
-1
0
0
1
2
3
1
-1
-4
-5
-5
-1
3
2
3
1
-1
0
0
2
3
3
0
1
0
-2
-2
-4
-2
0
2
1
2
1
2
0
-2
-1
-2
-1
0
1
2
1
2
2
3
3
1
-2
-1
-1
0
2
1
2
-2
-2
-1
-1
0
2
2
1
-1
-1
-1
0
2
3
3
2
-1
-3
-2
1
6
7
2
-3
-8
-7
-2
2
8
8
1
-6
-4
1
1
-2
2
2
1
-3
-3
-1
2
2
1
5
4
1
-5
-3
1
3
3
-1
-4
-6
-5
0
5
5
4
2
-1
-3
-2
0
2
2
2
0
-4
-5
-5
-1
4
7
7
3
-2
-6
-3
-1
3
3
0
0
1
1
0
-1
-1
0
1
2
2
0
-3
-4
-2
-1
4
3
2
0
-3
-3
-1
2
4
2
-2
-4
-2
3
1
-1
0
3
2
-1
1
0
-2
-6
-1
5
5
-2
-4
0
3
2
4
6
3
-5
-8
-1
5
5
-1
-2
0
1
0
1
3
2
-4
-7
-4
2
3
-1
-2
-1
0
1
5
8
8
4
1
0
0
-1
0
2
3
-1
-3
-1
0
-3
-5
-3
1
5
6
3
-1
-3
-2
1
0
1
-1
0
4
5
2
-3
-3
0
4
2
3
2
2
-2
-5
-9
-9
-5
-4
1
5
8
9
3
-5
-8
-3
1
0
1
7
13
8
-5
-10
-8
0
3
2
2
0
-1
1
4
0
-9
-13
-11
-4
2
8
14
15
4
-8
-12
-6
1
6
9
9
6
-2
-11
-12
-5
4
6
4
2
1
-1
-4
-5
-3
2
6
7
4
0
-5
-1
6
8
0
-8
-7
-1
3
4
7
9
3
-9
-12
-7
-2
5
13
17
8
-11
-28
-28
-18
-1
23
40
35
10
-15
-26
-30
-20
-2
15
21
16
12
13
4
-13
-17
-16
-11
3
15
21
15
-7
-18
-15
-18
-16
1
19
31
29
15
1
-11
-31
-32
-13
6
21
32
36
31
1
-39
-55
-36
-2
24
25
15
7
-4
-14
-16
-19
-22
-8
15
36
39
12
-12
-16
-19
-14
-5
2
12
17
20
21
9
-17
-35
-37
-23
-3
15
29
27
10
-11
-27
-29
-18
-2
15
24
24
17
4
-7
-15
-20
-17
-5
12
21
19
8
-4
-14
-20
-21
-15
2
20
26
20
7
-16
-33
-32
-19
5
27
30
26
21
3
-10
-19
-23
-15
-4
8
28
33
20
-5
-29
-40
-32
-11
15
36
40
23
-8
-32
-40
-30
-11
11
29
38
34
24
8
-12
-30
-32
-18
-4
9
21
28
22
2
-19
-35
-37
-23
8
41
51
29
-10
-36
-42
-25
1
22
23
15
11
10
0
-18
-26
-17
-4
7
14
11
-4
-16
-9
8
13
0
-7
2
14
15
6
-1
-7
-10
-11
-8
-7
-7
-1
11
17
13
-4
-17
-16
-6
7
13
10
1
-7
-7
6
23
23
6
-13
-17
-7
-3
-5
-8
-2
10
13
1
-12
-14
-5
5
11
14
13
9
1
-10
-14
-6
14
24
10
-9
-10
-3
-9
-21
-15
0
5
2
3
6
0
-7
-4
8
11
3
-1
8
12
6
-2
5
9
-7
-26
-22
0
20
26
13
-13
-37
-48
-28
10
36
41
33
13
-6
-21
-28
-20
0
24
43
42
16
-19
-45
-41
-15
6
15
19
14
1
-16
-31
-28
-3
21
23
12
-1
-3
15
19
4
1
6
-3
-9
-10
-8
-4
4
13
7
-14
-24
-13
5
17
15
6
-2
-13
-22
-23
-2
30
42
30
11
-1
-8
-19
-21
0
15
8
-1
-10
-24
-29
-11
12
22
10
-4
1
10
5
-4
-11
-11
0
6
13
28
22
2
-7
-8
-11
-12
-12
-8
0
6
2
1
-5
-17
-22
-7
24
42
32
4
-20
-27
-21
-3
14
23
15
0
-6
-4
-2
-4
-8
-7
-1
3
2
-3
-4
-1
5
8
6
-1
-2
3
9
11
8
3
-7
-19
-24
-19
-5
8
13
12
7
-1
-9
-8
0
8
8
7
3
0
-2
0
5
10
6
-1
-5
-4
-6
-10
-11
-4
5
7
-3
-15
-20
-18
-4
15
33
36
23
2
-14
-14
-5
2
5
4
2
1
-3
-7
-7
-2
3
-1
-8
-8
1
6
2
-3
-6
-8
-6
-1
10
23
26
18
5
-9
-19
-20
-14
-2
7
7
4
0
0
-4
-8
-7
-1
6
13
16
13
2
-10
-12
-7
-2
2
12
21
18
-1
-22
-32
-25
-4
16
24
13
-5
-13
-11
-7
-2
9
21
23
13
1
-2
-5
-8
-6
-1
1
3
4
4
-4
-11
-11
-7
-12
-15
-4
18
30
18
-4
-16
-15
-6
7
15
15
10
9
13
10
-6
-23
-23
-5
13
12
1
-7
-12
-17
-21
-14
7
22
23
16
11
4
-9
-18
-14
1
13
13
9
5
6
0
-4
-2
2
0
-11
-17
-11
0
3
-7
-15
-11
5
20
22
11
0
-3
2
10
8
-2
-13
-18
-9
11
24
14
-10
-17
-3
14
10
-11
-19
-2
18
15
-5
-11
1
10
2
-10
-6
12
24
12
-8
-14
-8
-6
-11
-13
-10
0
14
20
6
-16
-21
5
25
16
-8
-12
14
32
16
-11
-24
-20
-18
-14
3
23
27
11
-15
-30
-30
-12
10
16
8
1
3
11
4
-17
-26
-4
26
28
12
1
-4
-14
-20
-5
15
17
-1
-7
8
13
1
-8
-8
-8
-7
3
10
0
-17
-17
5
26
17
-14
-28
-10
20
35
35
22
-6
-34
-37
-10
22
35
27
5
-17
-22
-7
-1
-12
-24
-13
8
14
4
-7
-10
-3
7
11
9
12
21
20
4
-14
-21
-16
-2
10
12
3
-4
-7
-8
-7
4
10
7
-3
-15
-17
-6
9
11
-1
-9
-9
1
10
19
20
12
-4
-16
-17
-15
-8
0
0
0
10
19
10
-8
-11
-5
4
3
1
-1
0
-1
-7
-8
-3
1
0
0
7