5
4
3
2
1
0
-1
-2
-4
-3
-4
-5
-5
-5
-5
-5
-5
-4
-3
-2
-1
0
2
2
4
3
4
5
4
5
5
5
5
4
3
2
1
0
-1
-2
-2
-4
-3
-5
-5
-5
-6
-5
-4
-3
-2
-2
0
-1
-1
1
2
3
4
6
6
5
6
5
5
4
4
4
2
1
0
-1
-2
-3
-3
-4
-4
-4
-3
-4
-3
-2
-2
-1
-1
-1
-1
0
1
2
4
5
4
4
4
4
3
3
2
2
0
0
-1
-3
-3
-3
-3
-4
-4
-4
-4
-3
-2
-1
-1
0
0
0
0
1
2
2
4
5
6
5
4
2
3
1
1
0
0
-1
-1
-2
-2
-3
-3
-4
-2
-3
-2
-3
-1
0
0
2
1
1
2
3
3
3
4
3
3
4
1
2
1
1
-1
-1
-1
-2
-2
-2
-2
-3
-3
-3
-3
-2
-3
-3
-2
0
1
1
1
1
1
1
2
4
3
5
5
3
1
0
0
1
0
0
0
-1
-2
-3
-4
-2
-3
-2
-2
-3
-1
0
-1
1
0
1
1
1
1
2
2
2
1
2
2
2
2
2
2
1
1
0
0
-1
-1
0
-2
-1
-2
-3
-2
-1
-1
-1
-2
0
0
1
1
1
2
3
2
3
2
2
2
2
2
3
2
2
1
1
0
1
-1
-1
-2
-2
-2
-3
-2
-2
-2
-1
-1
-1
-1
0
0
-1
0
0
0
1
1
1
1
1
1
1
1
0
1
0
0
1
-1
-1
0
-1
-1
0
-1
-1
0
-1
0
0
0
0
0
0
1
1
1
1
2
1
1
0
1
1
0
1
0
0
0
1
0
-1
-1
-1
-2
-1
-1
-1
-1
-1
0
1
-1
0
-1
0
0
0
0
0
1
2
1
1
1
1
1
0
1
1
1
1
1
1
0
1
0
0
0
0
0
-1
0
0
0
0
0
1
0
0
1
2
2
2
1
1
0
-1
0
0
3
2
2
2
2
0
0
-1
0
0
0
0
-1
1
0
-1
-2
-1
-1
-1
0
0
0
-2
-2
1
1
0
0
0
-1
0
1
1
1
0
1
3
4
0
1
2
1
0
-1
-1
0
0
1
1
0
-1
-2
-3
-4
-3
-3
-2
-1
-3
-2
0
0
0
0
3
3
2
1
3
4
6
4
4
3
2
2
2
1
0
-1
0
-1
-2
-4
-5
-5
-5
-5
-4
-5
-4
-3
-3
-1
1
2
3
5
5
5
7
8
9
10
9
10
8
7
5
4
1
0
-1
-4
-6
-8
-8
-11
-10
-12
-10
-9
-9
-6
-5
-3
0
2
4
6
9
9
11
12
14
14
14
14
12
10
7
5
1
-1
-3
-7
-10
-13
-15
-17
-18
-19
-18
-17
-15
-13
-10
-6
-2
3
6
10
13
15
18
21
22
24
24
23
19
17
13
8
2
-1
-7
-9
-16
-18
-22
-24
-25
-25
-25
-23
-21
-17
-14
-9
-4
2
7
12
17
21
24
27
30
33
32
30
26
23
18
12
6
0
-6
-12
-18
-23
-27
-32
-33
-34
-32
-32
-29
-26
-20
-14
-7
0
7
13
19
24
28
33
37
38
38
36
33
29
22
15
8
1
-6
-14
-20
-26
-32
-34
-36
-38
-37
-35
-32
-28
-22
-15
-8
-1
7
14
20
25
29
33
35
39
38
37
34
29
24
17
11
4
-4
-11
-17
-24
-27
-33
-35
-36
-38
-35
-34
-30
-24
-19
-12
-5
2
10
15
21
26
32
35
39
40
38
35
30
25
18
12
6
-1
-8
-13
-19
-25
-30
-33
-33
-35
-33
-31
-28
-23
-19
-12
-7
0
8
13
18
24
27
31
33
34
34
31
27
24
18
13
8
1
-4
-10
-16
-21
-24
-27
-31
-32
-31
-30
-30
-25
-22
-15
-9
-3
4
9
14
20
24
27
32
34
33
32
29
24
19
16
10
4
-2
-8
-14
-18
-21
-25
-27
-29
-30
-28
-28
-24
-21
-15
-11
-4
2
7
11
16
20
23
26
28
29
28
27
24
21
17
12
7
1
-4
-10
-15
-19
-24
-27
-29
-29
-28
-28
-25
-21
-17
-12
-7
-1
4
9
14
20
24
27
30
31
30
28
25
21
17
14
8
2
-3
-8
-14
-17
-21
-22
-25
-27
-27
-26
-24
-23
-19
-14
-10
-4
1
7
10
16
20
22
25
27
27
26
25
22
19
15
9
5
0
-5
-10
-15
-18
-22
-24
-26
-26
-26
-24
-22
-18
-14
-11
-5
0
5
9
14
17
21
22
25
25
24
23
21
17
13
10
5
0
-3
-8
-12
-15
-18
-20
-21
-22
-23
-21
-19
-17
-14
-9
-6
-2
2
6
10
14
16
19
21
22
21
21
19
17
14
11
7
3
-1
-5
-9
-12
-15
-17
-18
-19
-19
-18
-17
-14
-13
-9
-6
-2
2
7
10
14
15
17
19
20
19
19
16
15
12
10
6
2
-1
-4
-7
-10
-13
-15
-15
-16
-17
-15
-15
-13
-10
-8
-6
-3
-1
4
6
9
12
14
16
16
15
16
14
12
10
8
5
2
-2
-5
-7
-10
-12
-13
-15
-15
-15
-14
-13
-11
-8
-7
-4
-3
1
2
6
9
12
13
15
14
14
12
13
10
8
6
4
1
-3
-4
-7
-8
-11
-11
-12
-12
-12
-12
-10
-8
-6
-3
-2
0
1
4
6
9
12
12
13
13
13
11
10
7
6
4
2
-1
-3
-6
-8
-10
-10
-12
-11
-11
-11
-10
-8
-6
-4
-2
0
3
5
7
10
10
12
12
12
12
11
10
8
6
5
2
0
-2
-4
-6
-7
-8
-9
-10
-10
-9
-9
-7
-5
-2
-1
1
2
4
5
6
8
9
11
11
11
10
8
6
5
3
1
0
-2
-4
-6
-7
-8
-10
-9
-8
-9
-8
-7
-6
-4
-2
0
1
4
5
6
7
8
8
9
8
8
7
6
5
3
2
-1
-1
-2
-5
-5
-7
-6
-8
-7
-7
-7
-7
-4
-3
-2
-1
1
2
3
4
6
6
6
6
6
5
6
5
4
3
3
1
-1
-2
-3
-4
-5
-7
-7
-5
-6
-6
-4
-4
-3
-3
0
0
3
3
5
5
6
7
7
7
5
6
5
4
3
2
0
-1
-2
-3
-4
-5
-5
-6
-6
-7
-5
-5
-4
-3
-1
-1
1
2
2
3
4
4
4
3
4
4
4
2
3
2
3
1
-1
0
-2
-2
-3
-3
-4
-4
-5
-4
-4
-2
-1
-1
0
0
1
2
1
3
4
4
4
4
4
4
3
3
2
1
1
1
-1
-2
-2
-3
-3
-3
-3
-4
-1
-3
-2
-2
-1
0
0
1
1
2
2
3
3
3
4
3
3
3
3
1
1
0
0
-1
-2
-2
-3
-3
-3
-3
-3
-2
-2
-2
-1
0
0
2
1
1
1
1
1
2
1
2
3
1
2
2
1
0
0
-1
-1
-1
-2
-2
-2
-2
-1
-3
-2
-2
-1
0
-1
1
1
2
2
1
2
2
3
2
2
3
1
1
0
0
0
-1
-1
-2
-1
-1
-1
-1
-1
-1
-2
-1
-1
-1
0
0
0
0
1
1
2
2
2
2
4
2
2
2
1
1
1
0
0
-1
-1
-1
-1
0
-1
-1
-1
-1
0
-1
-1
0
1
1
1
1
1
1
1
1
0
1
2
1
1
2
0
-1
0
0
-1
-1
-1
-2
-3
-2
-1
1
0
1
1
1
1
0
1
0
0
1
1
2
1
1
1
3
3
1
1
1
0
0
0
1
0
0
-1
-2
-2
-1
-1
0
0
0
2
2
1
0
0
1
1
1
1
1
1
1
0
0
0
1
0
1
0
0
0
0
0
-1
0
1
0
0
-1
0
-1
0
0
-1
0
0
0
0
0
0
0
0
0
0
0
0
0
0
0
0
0
0
0
0
0
0
0
0
0
0
0
0
0
0
0
0
0
-1
0
0
0
0
0
0
0
-1
0
0
0
0
0
0
0
0
0
0
0
0
0
0
0
0
0
0
0
0
0
0
1
-1
0
0
0
0
0
0
0
1
0
0
0
0
0
-1
0
0
0
0
0
0
0
0
0
0
-1
-1
-1
-1
0
-1
0
0
0
0
0
0
-1
-1
0
-1
0
0
0
-1
0
0
0
0
0
0
0
1
0
0
0
0
0
0
0
0
0
0
1
1
0
0
0
0
0
0
0
0
0
0
0
1
0
0
0
0
0
1
1
0
0
0
0
0
-1
0
0
0
0
0
0
1
0
0
1
0
0
0
1
0
0
1
0
1
1
0
0
0
0
0
0
0
0
0
0
1
0
1
1
-1
0
0
0
0
0
0
0
0
0
0
0
1
0
0
1
0
0
0
1
0
0
0
-1
0
0
0
0
0
0
0
0
0
0
1
0
0
0
-1
-1
0
0
0
0
0
0
0
0
0
0
-1
0
1
0
0
0
0
0
0
0
-1
0
1
0
0
0
0
-1
0
-1
-1
0
0
0
0
1
0
0
0
0
0
0
0
0
1
1
0
1
-1
0
0
0
0
0
0
0
0
0
0
0
0
0
0
0
0
0
0
0
0
0
0
0
0
0
0
0
0
-1
1
0
1
0
0
1
0
0
0
0
0
1
-1
0
0
0
0
0
1
0
0
-1
0
0
0
0
1
0
0
1
-1
-1
0
0
0
0
0
0
0
0
0
0
0
-1
0
0
0
1
0
0
0
0
1
0
-1
-1
0
0
0
-1
0
0
0
0
0
-1
0
0
0
0
-1
0
0
0
0
0
0
0
0
0
0
0
0
0
0
-1
0
0
0
0
0
0
0
0
0
1
0
-1
0
0
0
0
0
0
0
0
0
0
0
0
0
0
0
0
0
0
0
-1
0
0
0
0
0
0
0
0
0
0
0
0
0
1
0
0
0
0
0
0
0
1
0
0
0
1
1
0
0
0
-1
1
1
0
0
0
0
0
0
0
1
0
0
0
1
0
0
0
0
0
-1
0
0
0
0
0
0
0
0
0
0
-1
-1
-1
0
0
0
0
-1
0
0
0
0
0
0
0
0
0
1
0
1
0
0
0
0
0
0
1
-1
0
1
-1
0
0
0
0
0
0
0
-1
0
0
0
-1
0
-1
0
0
0
0
0
-1
0
0
0
0
0
0
-1
0
0
0
0
0
0
0
0
-1
-1
0
0
0
0
0
1
0
0
0
0
0
-1
0
0
0
0
0
0
0
0
0
1
0
1
0
0
1
-1
1
0
0
0
-1
-1
0
0
0
-1
0
-1
0
0
0
-1
0
0
0
0
1
0
0
0
0
0
0
1
0
1
0
0
0
0
0
0
1
0
0
0
1
1
0
0
0
0
0
0
0
0
-1
1
0
0
0
0
0
0
0
1
0
0
-1
0
0
0
-1
-1
0
0
1
0
-1
0
0
0
0
0
0
-1
-1
0
0
-1
1
0
1
0
0
0
0
0
0
1
0
0
0
-1
0
0
0
0
0
1
-1
0
0
0
0
0
0
0
0
0
1
0
0
1
1
1
1
0
1
1
0
2
2
1
1
1
0
0
0
1
1
1
2
1
0
-2
0
-2
-2
-2
-2
-1
-1
-1
1
0
1
1
1
0
3
2
1
2
3
0
1
1
0
0
0
-1
-1
-1
-1
-1
-1
-2
0
0
0
0
0
0
0
0
0
1
2
0
1
1
1
3
1
2
2
1
1
1
0
0
0
-1
-1
-1
-1
-1
-2
-1
-1
-1
-1
0
0
0
0
1
1
1
1
2
2
1
1
2
2
2
2
2
2
1
-1
0
-1
0
-1
-1
-2
-3
-4
-4
-3
-1
-1
0
0
0
-1
2
1
2
3
3
3
3
3
3
3
3
2
2
1
0
0
-1
-1
-3
0
-1
-1
-3
-3
0
-1
-2
-1
0
1
0
1
0
1
4
3
3
3
2
4
3
4
3
2
2
1
0
0
-2
-2
-2
-3
-4
-3
-3
-2
-1
-3
-1
-1
0
0
1
1
2
2
2
2
4
3
3
4
3
2
2
1
2
-1
-1
-1
-2
-2
-4
-2
-3
-3
-4
-2
-2
-1
0
1
0
1
0
2
1
2
4
3
4
4
4
3
3
2
1
0
0
0
-1
0
-2
-1
-3
-3
-3
-3
-4
-3
-2
-1
1
0
1
1
0
1
3
3
4
3
4
3
3
1
1
0
0
2
1
0
0
-2
-2
-2
-2
-3
-2
-2
-2
-1
-1
-1
-1
1
1
1
1
2
2
2
2
1
1
2
2
3
1
1
0
1
1
1
-1
-2
-2
-2
-1
-2
-2
-2
-2
-2
-1
-1
0
0
0
2
3
1
2
3
3
3
3
2
1
0
0
-1
0
0
0
-1
0
-1
-1
-2
-3
-1
0
-1
-3
-1
1
1
0
-2
1
1
1
0
1
2
2
1
1
1
-1
0
0
0
2
1
1
1
1
0
-1
0
-2
-2
-1
-1
-1
0
-1
0
1
2
2
1
1
1
2
2
2
2
2
2
1
0
-1
-1
-1
0
1
0
-2
-3
-2
-2
-1
0
1
1
1
1
0
0
0
0
1
1
1
1
1
1
1
1
1
2
2
2
1
0
1
1
1
0
-1
-1
0
-2
-1
0
1
1
1
1
1
0
-1
0
1
1
1
1
1
1
1
0
1
1
1
1
2
0
0
0
0
0
-1
1
1
0
0
0
0
1
0
0
0
0
0
0
0
0
0
0
0
0
1
0
0
0
0
0
0
1
0
0
0
0
0
0
0
0
0
0
1
0
-1
0
0
0
0
-1
0
0
0
0
0
0
-1
0
0
-1
0
0
0
-1
1
0
0
0
0
0
0
0
0
0
0
0
0
0
-1
0
-1
0
0
0
0
0
0
0
0
0
1
0
0
0
0
0
0
0
0
0
0
0
1
0
0
0
0
0
0
0
0
0
-1
0
0
1
0
0
0
0
0
0
0
1
0
0
0
0
0
0
-1
0
1
0
0
0
0
0
0
0
0
-1
0
0
0
0
0
0
0
0
1
0
-1
0
1
0
0
-1
0
0
0
0
-1
0
0
0
0
1
0
0
0
0
0
0
0
0
-1
0
0
0
0
0
0
0
0
0
1
0
0
0
0
0
1
0
0
1
0
1
-1
0
0
0
0
0
0
0
0
-1
0
-1
-1
0
0
0
0
0
0
0
0
0
0
-1
0
-1
0
0
0
0
0
0
-1
0
0
0
0
0
0
0
0
0
0
0
0
0
0
0
0
0
1
1
0
-1
0
0
0
0
0
0
0
0
0
0
0
0
0
0
0
0
1
0
0
0
0
0
1
0
0
0
0
0
0
0
-1
-1
0
0
0
0
0
-1
-1
0
0
0
-1
1
0
0
-1
0
0
0
0
0
0
0
0
0
0
0
0
0
0
0
0
1
0
0
-1
0
0
0
0
0
0
1
0
0
-1
-1
0
0
0
0
-1
0
0
0
0
0
1
0
0
1
0
1
0
0
0
0
0
0
-1
0
0
0
0
0
0
1
0
0
0
0
0
0
-1
-1
0
-1
0
0
0
0
0
0
0
0
0
0
0
0
0
0
-1
0
0
0
0
1
0
0
0
0
0
0
0
0
0
0
-1
1
-1
0
0
0
0
0
0
0
0
1
0
1
0
0
0
1
-1
0
0
0
0
0
0
0
0
0
0
-1
0
0
0
0
1
1
0
1
0
0
0
0
0
0
0
0
0
0
-1
-1
-1
-1
0
0
0
0
0
-1
0
0
0
0
0
-1
0
-1
0
1
0
0
1
0
0
-1
0
-1
0
0
0
-1
0
1
-1
0
0
0
0
-1
0
1
0
-1
1
1
0
1
-1
0
0
1
0
0
-1
1
0
0
1
0
0
0
0
1
0
0
0
0
1
0
-1
0
-1
0
1
0
1
-1
0
1
0
0
0
0
0
-1
0
0
0
0
0
0
0
0
0
0
-1
0
1
0
1
0
-1
0
0
1
0
0
0
0
0
0
-1
0
-1
0
0
0
0
0
0
0
1
0
1
0
0
0
0
0
-1
0
0
0
0
0
-1
0
0
0
0
0
0
1
0
0
0
0
1
0
0
0
0
0
0
0
0
0
-1
0
1
0
0
0
0
0
0
0
0
0
0
0
0
0
0
0
-1
1
0
0
0
-1
0
0
0
1
0
0
0
-1
0
0
0
0
1
1
0
1
0
0
-1
0
-1
0
0
0
0
0
0
0
0
0
0
0
0
0
1
0
0
0
0
0
0
0
0
0
0
0
0
0
0
0
0
0
0
1
0
0
0
1
0
0
0
0
0
0
0
0
1
1
0
0
1
0
0
0
0
0
1
0
0
-1
1
0
-1
-1
0
0
0
0
0
1
0
1
0
0
0
1
0
-1
0
-1
0
0
-1
0
0
0
-1
0
0
0
0
0
0
0
0
1
-1
0
0
0
0
-1
0
0
0
0
0
1
0
0
0
0
0
0
0
0
1
1
0
0
0
0
0
0
0
0
0
1
0
-1
0
0
0
0
0
0
0
0
0
0
1
0
1
1
1
0
0
0
0
0
0
0
0
0
0
0
0
-1
0
0
0
-1
0
-1
0
0
0
0
0
0
0
-1
1
0
1
0
0
0
0
1
1
0
-1
0
1
-1
0
0
0
0
0
0
0
0
0
0
0
0
0
1
-1
0
0
0
0
0
0
0
-1
0
-1
0
0
0
0
0
-1
0
1
0
0
0
1
0
0
0
0
0
0
0
0
0
0
0
0
0
0
1
0
1
0
-1
-1
-1
0
0
0
0
0
0
0
-1
0
0
1
-1
0
1
0
0
0
0
0
0
0
-1
0
0
0
0
0
0
0
0
0
0
0
0
0
0
0
0
0
0
0
0
0
0
1
0
1
0
0
0
1
0
0
-1
1
0
-1
0
0
-1
0
0
0
0
-1
0
0
0
0
1
0
0
0
1
0
0
1
-1
0
0
0
0
0
0
-1
0
1
0
0
0
1
-1
0
0
0
-1
0
0
0
-1
0
1
0
-1
0
0
-1
-1
0
0
0
0
-1
-1
-1
0
0
0
0
0
0
0
0
0
1
0
-1
0
1
0
1
0
0
0
-1
0
0
0
0
0
0
-1
1
0
0
0
0
1
0
0
0
-1
0
1
0
0
0
0
0
0
0
0
0
0
-1
1
-1
0
1
0
0
0
0
0
0
0
0
0
0
0
0
0
0
0
1
0
0
0
0
-1
1
0
0
0
0
0
0
0
0
0
0
0
0
-1
0
0
0
-1
0
0
1
1
0
0
0
0
-1
0
1
0
-1
0
0
0
0
-1
0
0
0
0
0
-1
-1
0
0
0
0
1
0
0
0
0
-1
0
0
0
0
0
0
0
0
1
0
-1
0
0
-1
0
0
0
0
0
0
0
0
0
0
0
1
0
0
0
0
-1
-1
0
-1
0
0
0
-1
0
0
0
0
1
1
-1
0
0
-1
-1
0
0
-1
0
0
-1
0
0
-1
1
-1
0
0
-1
0
0
0
0
0
0
0
1
0
0
-1
1
1
0
0
0
0
0
0
0
0
0
1
0
0
0
0
0
0
-1
0
0
-1
0
0
1
0
0
1
0
0
0
1
0
0
0
0
0
0
1
-1
0
0
0
1
0
-1
0
0
0
0
0
-1
0
0
0
0
1
0
0
1
0
0
0
1
0
0
0
0
0
1
0
0
0
0
0
0
0
1
0
0
0
0
-1
0
0
-1
-1
0
-1
0
0
0
1
1
0
0
0
-1
1
0
0
0
0
1
0
1
0
0
1
1
0
0
0
0
0
-1
0
0
0
-1
0
0
1
0
0
0
0
1
0
1
0
0
0
0
-1
0
0
0
0
0
-1
0
0
0
1
1
0
0
-1
0
0
1
0
0
-1
1
0
0
0
0
-1
0
0
0
0
0
0
0
0
0
0
0
1
0
0
0
-1
0
1
0
0
1
-1
0
-1
-1
0
0
0
0
0
0
0
0
-1
0
-1
1
0
1
1
0
0
0
0
0
0
0
0
0
0
0
0
0
0
1
0
-1
0
0
0
0
0
0
-1
0
0
-1
0
0
0
0
0
0
0
1
1
0
0
0
0
0
0
0
-1
0
0
0
0
0
0
-1
-1
0
0
0
0
0
1
0
1
-1
0
0
-1
0
0
0
1
0
0
0
0
0
0
0
1
0
1
0
0
0
-1
-1
0
0
0
0
1
0
-1
0
0
0
0
1
0
-1
0
0
0
0
0
1
0
0
0
0
0
0
0
0
0
0
1
0
0
0
0
0
0
0
0
0
0
0
0
0
-1
-1
0
0
0
0
0
0
-1
0
0
-1
0
0
0
0
0
0
0
0
0
0
0
0
0
0
0
0
0
-1
0
0
1
0
0
-1
1
0
0
0
0
0
0
0
0
0
0
-1
1
0
0
-1
0
0
0
1
0
-1
0
0
0
0
0
0
0
1
-1
0
-1
0
-1
-1
0
0
0
1
0
0
0
0
0
1
0
-1
-1
0
0
0
0
0
0
0
-1
0
-1
0
1
0
0
0
0
1
0
0
0
0
0
-1
-1
0
0
0
0
-1
0
1
0
1
0
0
0
0
-1
0
0
0
-1
0
0
0
0
0
0
0
0
-1
0
0
0
1
0
1
0
-1
0
1
0
0
-1
0
0
0
0
0
0
1
0
1
0
0
0
0
0
1
0
1
0
0
0
1
0
0
0
0
0
-1
0
0
0
0
0
0
0
0
0
-1
0
0
0
0
0
0
0
0
0
0
1
0
1
0
0
1
0
0
1
0
0
1
0
0
1
0
0
0
0
0
0
0
0
0
0
0
1
0
0
-1
0
0
-1
0
-1
0
0
1
1
0
0
0
-1
0
0
0
0
0
0
1
0
0
-1
0
0
0
0
-1
0
1
0
0
0
0
0
-1
0
0
0
0
0
0
0
1
0
0
0
0
0
-1
0
0
0
0
0
1
0
0
0
0
0
0
0
1
0
-1
0
-1
1
0
0
0
0
-1
0
-1
0
0
0
0
-1
1
0
0
0
1
0
-1
0
1
1
0
-1
0
0
0
0
0
0
0
0
-1
0
0
0
0
1
-1
0
0
-1
0
0
0
0
0
1
1
0
0
0
-1
-1
0
0
0
1
0
0
0
0
0
0
1
0
0
-1
0
0
1
0
0
0
0
0
1
0
0
-1
0
0
0
0
0
0
0
0
1
0
0
0
0
0
0
0
0
1
0
0
0
0
0
0
-1
0
0
0
0
1
0
0
1
0
0
0
1
-1
0
-1
0
0
0
1
0
0
0
0
0
0
1
0
0
0
0
0
0
0
0
0
-1
0
0
0
1
0
0
0
1
0
0
0
0
0
0
0
0
0
0
1
0
1
0
-1
0
0
-1
0
0
0
-1
0
0
0
-1
0
-1
1
-1
1
0
0
0
0
0
1
0
1
0
0
0
0
0
0
0
0
0
0
0
1
0
0
-1
0
0
0
0
0
0
0
0
0
0
-1
0
0
1
0
0
-1
0
0
0
0
0
0
0
0
-1
0
1
0
0
0
0
1
0
0
0
0
0
-1
0
0
-1
0
0
0
0
0
0
0
0
0
0
0
1
1
1
1
0
0
-1
1
0
0
0
0
0
0
0
0
0
0
0
0
1
0
0
1
0
1
0
0
1
0
0
0
0
1
0
0
-1
0
0
1
1
0
0
-1
0
-1
-1
0
0
0
1
1
0
-1
0
1
0
0
0
0
1
0
1
-1
0
1
0
0
0
-1
0
0
0
1
0
-1
0
-1
-1
0
0
1
0
0
0
1
1
0
0
1
1
-1
0
-1
0
0
0
1
0
0
0
0
-1
0
0
-1
0
0
-1
-1
1
0
0
0
0
-1
0
1
0
0
0
-1
1
0
1
0
1
-1
0
0
0
-1
0
0
0
0
0
0
0
0
0
0
0
0
0
0
0
0
0
1
0
0
0
0
1
0
0
0
0
0
0
0
0
0
0
0
0
0
0
0
0
0
0
0
0
1
0
0
0
0
-1
0
0
1
0
0
0
0
0
-1
0
0
0
0
0
0
-1
0
0
-1
0
0
0
-1
0
0
0
0
-1
0
0
0
0
0
0
0
0
0
0
0
0
0
0
0
-1
0
0
0
-1
0
-1
0
-1
0
0
0
0
1
0
0
0
0
-1
1
0
0
0
0
0
1
0
0
0
0
0
0
1
0
0
0
0
-1
0
-1
0
0
0
0
0
0
0
0
0
0
0
0
0
0
0
0
0
1
0
1
1
0
1
0
0
0
0
0
1
0
1
0
0
0
1
0
0
-1
0
0
1
0
-1
0
0
0
0
-1
-1
1
0
0
1
0
0
1
0
0
0
-1
1
0
0
0
0
0
0
-1
0
0
0
0
0
0
0
0
0
0
0
0
0
0
0
0
0
0
0
0
-1
0
-1
0
-1
0
0
0
0
0
-1
0
-1
1
0
0
0
0
0
-1
0
-1
0
-1
0
0
0
0
-1
0
-1
0
1
0
0
0
0
0
0
1
0
0
0
0
0
0
-1
0
0
0
0
0
0
0
0
1
0
1
1
0
0
0
0
0
0
0
0
0
0
1
0
1
0
0
0
0
0
0
0
1
0
0
0
1
0
1
1
0
0
0
0
-1
0
0
1
0
0
0
0
0
0
0
0
0
0
0
0
0
-1
0
0
0
0
0
0
0
0
0
-1
0
1
0
0
0
0
0
0
0
-1
1
0
0
0
1
0
1
0
0
0
0
0
0
0
-1
0
1
0
0
0
1
0
0
0
0
-1
1
1
0
0
1
0
0
0
0
0
0
0
0
-1
0
0
0
0
1
0
0
0
0
0
0
-1
-1
1
0
0
1
0
0
-1
0
-1
1
0
1
0
0
0
0
1
-1
0
0
0
0
0
0
0
0
0
0
0
0
0
0
-1
0
0
0
0
1
0
0
0
0
0
0
0
0
-1
0
0
0
-1
0
0
1
0
-1
0
0
0
0
1
1
1
0
0
-1
0
0
-1
0
0
0
0
-1
0
0
0
0
0
0
1
0
0
0
0
0
1
0
0
0
0
0
0
0
-1
1
-1
0
-1
0
0
0
0
-1
0
0
0
0
0
0
0
0
0
1
0
0
0
0
0
0
0
0
0
0
0
0
0
0
-1
0
0
0
1
0
0
0
0
-1
0
-1
0
1
0
0
1
0
0
0
0
0
0
0
0
0
0
1
-1
0
-1
0
0
-1
0
0
0
0
-1
0
0
0
0
0
1
0
0
0
0
0
0
0
-1
0
0
0
0
0
0
-1
0
0
0
0
0
0
-1
0
-1
0
0
0
0
1
0
0
0
0
0
0
0
0
0
0
0
0
1
0
0
0
0
1
0
-1
0
1
0
0
0
0
0
0
0
-1
-1
0
0
0
1
0
-1
0
0
-1
0
0
0
-1
0
0
1
0
0
0
0
0
0
1
0
0
0
0
1
0
0
0
1
1
0
0
0
0
0
0
1
0
1
0
0
0
1
0
0
0
-1
1
1
0
-1
0
0
0
0
0
0
0
0
0
0
0
1
0
1
0
0
0
0
0
-1
0
1
0
0
-1
0
-1
0
0
-1
0
0
0
0
0
0
0
0
0
0
0
0
0
0
0
0
0
0
0
0
0
0
0
0
0
0
0
0
0
0
0
0
0
-1
0
0
0
0
0
0
0
-1
0
0
0
0
0
0
0
0
0
0
0
0
0
0
0
0
0
0
0
0
0
0
1
-1
0
0
0
0
0
0
0
1
0
0
0
0
0
-1
0
0
0
0
0
0
0
0
0
0
-1
-1
-1
-1
0
-1
0
0
0
0
0
0
-1
-1
0
-1
0
0
0
-1
0
0
0
0
0
0
0
1
0
0
0
0
0
0
0
0
0
0
1
1
0
0
0
0
0
0
0
0
0
0
0
1
0
0
0
0
0
1
1
0
0
0
0
0
-1
0
0
0
0
0
0
1
0
0
1
0
0
0
1
0
0
1
0
1
1
0
0
0
0
0
0
0
0
0
0
1
0
1
1
-1
0
0
0
0
0
0
0
0
0
0
0
1
0
0
1
0
0
0
1
0
0
0
-1
0
0
0
0
0
0
0
0
0
0
1
0
0
0
-1
-1
0
0
0
0
0
0
0
0
0
0
-1
0
1
0
0
0
0
0
0
0
-1
0
1
0
0
0
0
-1
0
-1
-1
0
0
0
0
1
0
0
0
0
0
0
0
0
1
1
0
1
-1
0
0
0
0
0
0
0
0
0
0
0
0
0
0
0
0
0
0
0
0
0
0
0
0
0
0
0
0
-1
1
0
1
0
0
1
0
0
0
0
0
1
-1
0
0
0
0
0
1
0
0
-1
0
0
0
0
1
0
0
1
-1
-1
0
0
0
0
0
0
0
0
0
0
0
-1
0
0
0
1
0
0
0
0
1
0
-1
-1
0
0
0
-1
0
0
0
0
0
-1
0
0
0
0
-1
0
0
0
0
0
0
0
0
0
0
0
0
0
0
-1
0
0
0
0
0
0
0
0
0
1
0
-1
0
0
0
0
0
0
0
0
0
0
0
0
0
0
0
0
0
0
0
-1
0
0
0
0
0
0
0
0
0
0
0
0
0
1
0
0
0
0
0
0
0
1
0
0
0
1
1
0
0
0
-1
1
1
0
0
0
0
0
0
0
1
0
0
0
1
0
0
0
0
0
-1
0
0
0
0
0
0
0
0
0
0
-1
-1
-1
0
0
0
0
-1
0
0
0
0
0
0
0
0
0
1
0
1
0
0
0
0
0
0
1
-1
0
1
-1
0
0
0
0
0
0
0
-1
0
0
0
-1
0
-1
0
0
0
0
0
-1
0
0
0
0
0
0
-1
0
0
0
0
0
0
0
0
-1
-1
0
0
0
0
0
1
0
0
0
0
0
-1
0
0
0
0
0
0
0
0
0
1
0
1
0
0
1
-1
1
0
0
0
-1
-1
0
0
0
-1
0
-1
0
0
0
-1
0
0
0
0
1
0
0
0
0
0
0
1
0
1
0
0
0
0
0
0
1
0
0
0
1
1
0
0
0
0
0
0
0
0
-1
1
0
0
0
0
0
0
0
1
0
0
-1
0
0
0
-1
-1
0
0
1
0
-1
0
0
0
0
0
0
-1
-1
0
0
-1
1
0
1
0
0
0
0
0
0
1
0
0
0
-1
0
0
0
0
0
1
-1
0
0
0
0
0
0
0
0
0
1
0
0
0
0
0
0
-1
0
0
-1
0
0
-1
0
0
0
0
0
0
0
0
1
0
0
-1
1
0
0
-1
-1
0
0
0
1
-1
0
0
0
-1
1
0
0
0
1
-1
0
0
0
0
0
0
0
0
0
0
0
-1
0
0
0
0
0
0
0
0
0
0
1
-1
0
0
-1
1
0
0
0
0
0
0
0
0
0
0
0
0
0
0
-1
0
0
0
0
0
0
0
-1
0
0
0
-1
0
0
-1
-1
0
0
0
0
0
1
1
-1
0
-1
0
0
0
0
0
0
0
0
1
0
0
0
0
-1
1
0
0
1
0
0
0
0
0
1
1
0
0
0
0
0
-1
0
-1
1
0
1
0
0
1
0
0
1
0
0
0
1
-1
-1
1
0
0
0
-1
0
0
1
0
0
0
0
0
0
-1
0
0
0
-1
0
0
1
1
-1
0
0
0
0
0
0
0
0
0
-1
1
0
0
1
0
0
0
0
1
-1
0
0
0
0
-1
1
0
0
-1
0
0
0
0
0
-1
0
-1
1
0
0
1
0
0
0
0
0
0
0
0
-1
0
0
0
1
0
1
0
0
0
0
-1
0
0
1
1
0
0
0
-1
-1
0
0
0
-1
0
0
1
0
1
0
0
1
0
0
1
0
0
0
0
0
0
0
0
0
0
0
-1
1
0
0
0
0
0
0
0
0
0
0
-1
0
-1
0
0
0
0
0
-1
0
0
0
1
0
0
0
0
0
0
0
0
0
-1
1
1
-1
0
0
0
0
0
0
0
0
0
0
0
0
0
-1
0
0
0
0
0
0
0
0
-1
0
0
0
0
-1
0
-1
0
0
0
0
0
-1
0
0
-1
0
0
0
1
0
0
0
0
0
0
1
0
0
0
0
0
1
0
0
0
1
1
0
0
0
0
0
0
0
0
1
1
1
0
0
-1
0
0
0
-1
-1
0
0
0
0
0
0
0
0
0
0
0
0
0
0
0
0
0
0
0
0
0
1
1
1
0
-1
0
0
0
0
0
0
1
-1
-1
0
0
0
0
0
1
0
-1
0
0
0
0
0
0
0
0
-1
0
0
0
0
1
0
0
0
0
0
-1
1
1
0
0
0
0
1
0
0
0
0
0
0
0
0
0
0
0
0
1
0
0
0
0
0
0
1
0
0
0
0
0
0
0
0
0
0
1
0
-1
0
0
0
0
-1
0
0
0
0
0
0
-1
0
0
-1
0
0
0
-1
1
0
0
0
0
0
0
0
0
0
0
0
0
0
-1
0
-1
0
0
0
0
0
0
0
0
0
1
0
0
0
0
0
0
0
0
0
0
0
1
0
0
0
0
0
0
0
0
0
-1
0
0
1
0
0
0
0
0
0
0
1
0
0
0
0
0
0
-1
0
1
0
0
0
0
0
0
0
0
-1
0
0
0
0
0
0
0
0
1
0
-1
0
1
0
0
-1
0
0
0
0
-1
0
0
0
0
1
0
0
0
0
0
0
0
0
-1
0
0
0
0
0
0
0
0
0
1
0
0
0
0
0
1
0
0
1
0
1
-1
0
0
0
0
0
0
0
0
-1
0
-1
-1
0
0
0
0
0
0
0
0
0
0
-1
0
-1
0
0
0
0
0
0
-1
0
0
0
0
0
0
0
0
0
0
0
0
0
0
0
0
0
1
1
0
-1
0
0
0
0
0
0
0
0
0
0
0
0
0
0
0
0
1
0
0
0
0
0
1
0
0
0
0
0
0
0
-1
-1
0
0
0
0
0
-1
-1
0
0
0
-1
1
0
0
-1
0
0
0
0
0
0
0
0
0
0
0
0
0
0
0
0
1
0
0
-1
0
0
0
0
0
0
1
0
0
-1
-1
0
0
0
0
-1
0
0
0
0
0
1
0
0
1
0
1
0
0
0
0
0
0
-1
0
0
0
0
0
0
1
0
0
0
0
0
0
-1
-1
0
-1
0
0
0
0
0
0
0
0
0
0
0
0
0
0
-1
0
0
0
0
1
0
0
0
0
0
0
0
0
0
0
-1
1
-1
0
0
0
0
0
0
0
0
1
0
1
0
0
0
1
-1
0
0
0
0
0
0
0
0
0
0
-1
0
0
0
0
1
1
0
1
0
0
0
0
0
0
0
0
0
0
-1
-1
-1
-1
0
0
0
0
0
-1
0
0
0
0
0
-1
0
-1
0
1
0
0
1
0
0
-1
0
-1
0
0
0
-1
0
1
-1
0
0
0
0
-1
0
1
0
-1
1
1
0
1
-1
0
0
1
0
0
-1
1
0
0
1
0
0
0
0
1
0
0
0
0
1
0
-1
0
-1
0
1
0
1
-1
0
1
0
0
0
0
0
-1
0
0
0
0
0
0
0
0
0
0
-1
0
1
0
1
0
-1
0
0
1
0
0
0
0
0
0
-1
0
-1
0
0
0
0
0
0
0
1
0
1
0
0
0
0
0
-1
0
0
0
0
0
-1
0
0
0
0
0
0
1
0
0
0
0
1
0
0
0
0
0
0
0
0
0
-1
0
1
0
0
0
0
0
0
0
0
0
0
0
0
0
0
0
-1
1
0
0
0
-1
0
0
0
1
0
0
0
-1
0
0
0
0
1
1
0
1
0
0
-1
0
-1
0
0
0
0
0
0
0
0
0
0
0
0
0
1
0
0
0
0
0
0
0
0
0
0
0
0
0
0
0
0
0
0
1
0
0
0
1
0
0
0
0
0
0
0
0
1
1
0
0
1
0
0
0
0
0
1
0
0
-1
1
0
-1
-1
0
0
0
0
0
1
0
1
0
0
0
1
0
-1
0
-1
0
0
-1
0
0
0
-1
0
0
0
0
0
0
0
0
1
-1
0
0
0
0
-1
0
0
0
0
0
1
0
0
0
0
0
0
0
0
1
1
0
0
0
0
0
0
0
0
0
1
0
-1
0
0
0
0
0
0
0
0
0
0
1
0
1
1
1
0
0
1
1
1
1
1
1
1
1
1
1
-1
0
0
0
-1
0
-1
0
0
1
1
1
0
0
-2
0
-1
1
1
1
1
1
1
1
0
-1
0
1
-1
0
0
0
0
0
0
0
0
0
0
-1
0
0
3
-3
1
0
0
-1
1
1
2
-1
2
2
0
1
0
-5
-1
-1
3
1
5
-1
-1
-1
-4
2
4
1
1
-1
-3
-1
-1
-1
2
2
2
1
2
1
1
0
-1
0
1
1
1
3
-1
-2
1
-1
-2
-1
1
1
0
-2
3
0
0
-1
3
1
0
1
1
1
0
1
1
0
0
0
0
0
0
0
-1
0
-1
0
0
1
2
1
2
-1
-1
-3
0
1
3
1
1
0
-2
-1
-1
1
1
-1
0
0
-1
0
1
0
0
-2
-1
-1
-1
1
3
3
1
0
-2
-3
-2
2
2
3
2
-1
-2
-4
-1
-2
3
3
2
-1
-2
0
-1
1
0
-2
-3
-1
3
2
3
-1
1
-4
-1
-4
-1
-4
2
5
2
-1
-6
-2
-7
-2
-4
7
5
4
-1
-4
-2
-6
3
1
6
-4
0
-2
0
1
1
6
1
-3
-9
-3
0
8
3
-1
-4
2
0
-1
4
0
-1
-1
3
-1
-2
-2
-1
3
-1
2
2
4
-4
-2
-2
-2
-4
3
7
2
4
-5
-5
-1
2
3
11
-5
-7
-6
-2
1
8
3
-2
-1
-2
-3
-1
8
-1
-5
-2
1
-5
2
13
4
-2
-3
-3
-7
2
2
0
1
-3
-1
3
2
1
1
0
0
2
-6
-1
-3
-3
1
10
1
1
-1
-7
-3
3
2
-5
3
0
2
1
2
-1
-7
-1
-2
0
-2
13
6
-2
-2
-9
-12
-1
15
4
6
0
-7
-9
0
2
0
4
3
6
-10
-3
0
4
-1
7
-3
-10
1
4
5
-2
0
-6
5
5
-1
0
-9
-4
0
12
-6
1
0
2
-4
3
5
3
-3
-7
1
-7
-5
2
8
3
4
-6
-2
2
-2
-4
1
1
-1
2
-3
0
3
-1
-2
2
2
0
1
-5
-4
-6
4
6
9
3
-3
-10
-3
1
4
0
-2
5
2
-9
-1
9
7
-2
-7
-4
-7
-2
4
8
2
-2
-5
-11
-2
7
28
1
-5
-14
-9
-12
7
11
3
2
0
5
-10
-8
-8
13
9
12
-3
-10
-17
-3
1
3
9
11
15
5
-8
-21
-20
-8
14
15
8
6
-2
-9
-4
9
5
-10
-6
3
-5
-15
-5
10
16
11
6
1
-9
-19
-14
3
13
8
4
11
16
1
-18
-18
-10
-6
1
12
13
6
-1
1
-2
-8
-2
7
4
-7
-5
2
-7
-14
3
23
20
7
-2
-3
-6
-7
-6
-1
-1
1
14
31
26
-1
-23
-32
-31
-18
11
23
10
4
11
4
-8
-3
3
-3
0
-2
-17
-13
16
26
17
9
-1
-18
-18
-10
-9
-5
16
27
18
-3
-18
-14
2
8
-2
-13
-11
-1
2
3
5
8
8
3
0
6
7
-4
-17
-15
1
11
16
17
13
0
-29
-51
-16
28
14
-9
-1
15
23
13
-5
-9
-5
-12
-6
3
2
2
0
3
16
12
-3
2
6
-21
-39
-5
33
34
19
-5
-16
-3
-14
-34
-21
2
15
19
7
-11
-10
3
0
-1
19
27
13
-4
-15
-17
-13
-7
10
20
9
5
5
0
0
-7
-20
-15
9
14
-9
-14
13
24
7
-2
-3
-18
-26
-5
3
-3
9
16
13
23
30
16
-15
-44
-39
-10
6
26
49
33
-24
-55
-31
2
5
5
14
4
-15
-12
4
12
8
-5
-17
-7
24
36
12
-19
-26
-16
-3
10
21
30
27
-2
-35
-38
-23
-10
14
42
33
-4
-27
-25
-16
-7
0
11
10
-12
-21
-7
5
18
15
-5
-5
11
12
8
4
2
13
22
14
-7
-31
-45
-35
3
38
45
19
-15
-29
-21
-15
-23
-20
-1
13
17
22
20
-8
-38
-35
-13
-9
-16
-11
12
32
36
9
-20
-21
-4
-3
-19
-28
-7
17
15
-4
-24
-38
-37
-38
-19
-2
-11
-8
1
6
24
28
22
23
12
-10
-35
-53
-37
-6
-1
-6
-14
-8
7
4
-1
14
22
4
-2
34
53
24
-9
-20
-36
-61
-59
-12
39
60
65
69
76
61
20
12
32
30
35
68
78
54
21
-6
-16
-26
-34
8
68
76
54
33
11
-6
-5
3
5
8
0
-39
-78
-73
-48
-43
-56
-53
-18
30
42
15
-6
-2
2
-5
-7
-3
-2
-18
-32
-20
10
35
44
36
-8
-34
-31
-52
-41
-13
-30
-47
-19
41
68
28
-44
-97
-123
-85
-32
-69
-135
-121
-45
24
31
15
53
134
178
153
79
14
-19
-56
-77
-40
-6
-19
-22
-16
-15
-4
7
-27
-64
-50
-24
7
26
46
59
48
82
105
42
-33
-34
-4
12
35
44
41
66
78
74
102
100
29
-39
-78
-57
17
34
-11
-23
8
71
152
161
73
-32
-112
-161
-153
-77
5
41
77
137
147
95
62
43
12
-7
-29
-50
-65
-115
-147
-116
-84
-40
29
43
32
76
138
128
41
-27
-15
-24
-107
-161
-154
-154
-152
-118
-71
-48
-60
-77
-108
-140
-126
-120
-151
-179
-204
-176
-82
-37
-54
-68
-92
-122
-107
-45
-4
-22
-22
41
128
204
250
263
243
181
91
12
-30
-73
-141
-122
-17
21
-4
14
36
8
-9
60
169
204
166
171
251
315
324
292
263
250
237
250
287
282
233
196
212
251
269
279
236
118
48
56
35
-20
-60
-87
-99
-36
92
183
189
149
97
82
102
75
-13
-112
-189
-208
-198
-215
-219
-178
-144
-144
-193
-299
-399
-459
-540
-638
-703
-746
-790
-802
-747
-668
-599
-517
-431
-401
-429
-408
-275
-153
-170
-288
-369
-360
-366
-445
-497
-489
-447
-338
-173
6
165
281
396
517
600
636
660
707
747
760
800
839
829
844
875
820
705
607
517
430
389
418
525
651
713
739
788
797
716
605
516
432
397
401
377
387
483
573
603
617
641
664
653
603
533
484
505
566
586
572
508
293
-71
-466
-822
-1171
-1535
-1847
-2041
-2169
-2261
-2277
-2300
-2460
-2750
-3181
-3778
-4408
-4941
-5334
-5501
-5338
-4694
-3264
-1006
1473
3439
4812
5922
6736
6923
6409
5346
3939
2458
1174
294
-140
-379
-723
-1168
-1479
-1632
-1855
-2322
-2914
-3292
-3209
-2698
-1870
-799
318
1222
1909
2555
3108
3311
3113
2756
2447
2217
2062
1966
1849
1608
1227
803
440
98
-374
-962
-1400
-1479
-1281
-1002
-746
-501
-256
-19
195
367
445
400
285
224
345
686
1170
1617
1859
1835
1630
1343
1033
717
360
-81
-498
-706
-693
-623
-625
-680
-678
-551
-389
-328
-337
-365
-508
-804
-1113
-1388
-1789
-2428
-3179
-3805
-4240
-4651
-5168
-5729
-6218
-6377
-5663
-3790
-1258
1152
3149
4836
6198
7008
7066
6406
5182
3544
1854
673
160
-94
-435
-788
-944
-888
-880
-1261
-1992
-2680
-3069
-3041
-2428
-1329
-181
757
1584
2368
2980
3168
2818
2174
1604
1243
1109
1247
1500
1603
1564
1547
1544
1359
783
-136
-1019
-1531
-1683
-1571
-1241
-847
-507
-135
275
562
585
329
-68
-324
-292
-80
172
402
593
813
1086
1226
1139
945
679
292
-66
-257
-314
-270
-135
39
267
562
734
652
463
336
230
70
-151
-420
-771
-1238
-1706
-2042
-2367
-2953
-3759
-4510
-5061
-5432
-5713
-6082
-6594
-6769
-5821
-3518
-552
2192
4412
6200
7477
8096
8153
7686
6398
4235
1932
421
-180
-509
-1060
-1721
-2177
-2370
-2497
-2726
-3068
-3445
-3678
-3399
-2317
-664
922
2072
2937
3704
4248
4329
3905
3120
2199
1437
1123
1263
1478
1351
893
450
220
-7
-522
-1232
-1755
-1888
-1702
-1226
-498
174
502
643
907
1185
1115
648
97
-244
-287
-85
234
526
699
708
602
502
441
273
-82
-489
-726
-703
-504
-273
-76
130
377
653
903
1040
1021
914
812
702
520
244
-132
-640
-1318
-2034
-2546
-2877
-3369
-4183
-5037
-5622
-5871
-5868
-5902
-6277
-6601
-5786
-3364
-193
2640
4906
6732
7912
8353
8392
8046
6685
4139
1453
-149
-660
-1011
-1736
-2526
-3000
-3189
-3246
-3225
-3250
-3479
-3754
-3503
-2275
-351
1414
2485
3074
3622
4156
4377
4095
3393
2482
1639
1167
1154
1251
953
210
-527
-908
-1070
-1311
-1678
-1937
-1858
-1351
-510
373
929
1010
837
755
852
905
703
355
182
384
864
1367
1663
1630
1321
917
551
150
-445
-1171
-1700
-1775
-1464
-1040
-696
-420
-96
373
980
1589
1960
1932
1617
1337
1250
1177
805
107
-620
-1158
-1612
-2152
-2752
-3398
-4201
-5112
-5817
-6133
-6193
-6216
-6369
-6609
-6259
-4349
-951
2555
5100
6864
8202
8922
8871
8181
6834
4724
2189
124
-804
-977
-1343
-2161
-2963
-3463
-3724
-3850
-3996
-4175
-4104
-3544
-2360
-465
1663
3130
3773
4164
4514
4516
4010
3117
2133
1402
1076
1094
1277
1216
588
-355
-1088
-1496
-1819
-2218
-2505
-2262
-1387
-292
661
1386
1698
1533
1266
1190
1102
813
485
341
483
843
1189
1312
1134
649
-44
-755
-1419
-2038
-2518
-2725
-2541
-1968
-1321
-1008
-986
-903
-586
-60
643
1374
1884
2114
2258
2550
3017
3356
3228
2660
1939
1238
518
-306
-1246
-2199
-3016
-3575
-3782
-3690
-3493
-3320
-3173
-3202
-3587
-4145
-4434
-4266
-3997
-4243
-4922
-4793
-2738
693
3936
6147
7434
7957
7696
6842
5727
4291
2135
-433
-2132
-2207
-1500
-1260
-1710
-2304
-2658
-2799
-2882
-2899
-2767
-2518
-2008
-746
1342
3404
4545
4684
4287
3702
2985
2117
1169
241
-579
-1017
-747
10
469
175
-507
-981
-1103
-1117
-1161
-1102
-784
-249
433
1232
1933
2116
1636
915
537
586
641
492
366
396
405
359
384
344
32
-400
-654
-700
-674
-645
-564
-389
-180
-24
132
359
596
804
1113
1608
2150
2506
2525
2228
1730
1073
285
-528
-1295
-2077
-2861
-3453
-3656
-3588
-3734
-4433
-5339
-5834
-5789
-5563
-5611
-6093
-6221
-4538
-768
3460
6453
7957
8546
8618
8267
7408
5906
3677
973
-1231
-1941
-1455
-1110
-1669
-2852
-3998
-4576
-4529
-4277
-4062
-3696
-2898
-1372
920
3268
4705
5029
4692
4141
3597
2994
2129
1133
362
3
98
481
562
-141
-1324
-2231
-2453
-2182
-1837
-1518
-949
-13
1053
1995
2628
2669
2068
1258
752
681
804
782
517
196
5
-70
-136
-304
-636
-1044
-1291
-1204
-843
-486
-370
-417
-359
-145
8
24
94
354
776
1380
2145
2787
3029
2869
2431
1878
1356
784
-7
-830
-1404
-1721
-1861
-1889
-2042
-2454
-2996
-3641
-4385
-4898
-4994
-4986
-5052
-4999
-4913
-5135
-5268
-4103
-1157
2338
4784
6076
7095
7945
8005
7162
5776
3922
1616
-548
-1734
-1854
-1797
-2346
-3211
-3620
-3427
-3093
-2908
-2833
-2717
-2300
-1245
462
2313
3603
3978
3730
3460
3324
2920
2047
1064
311
-161
-265
-27
87
-340
-1050
-1446
-1232
-624
-64
288
647
1177
1725
2094
2176
1808
979
101
-280
-86
229
285
165
142
211
158
-91
-434
-782
-1108
-1268
-1041
-452
123
336
285
317
488
509
233
-100
-203
9
496
1180
1876
2390
2699
2867
2847
2519
1867
979
46
-659
-1071
-1427
-1865
-2350
-2899
-3368
-3480
-3518
-4097
-4975
-5386
-5422
-5641
-5884
-5909
-6220
-6709
-5679
-1979
2861
6309
7817
8601
9255
9248
8251
6570
4442
1961
-339
-1528
-1237
-418
-554
-1958
-3504
-4262
-4482
-4669
-4748
-4502
-3920
-2802
-818
1732
3767
4452
4068
3534
3326
3189
2782
2145
1533
1128
989
1084
1121
611
-559
-1739
-2120
-1664
-1021
-581
-179
375
904
1221
1327
1160
568
-251
-680
-337
430
913
835
493
235
55
-207
-542
-817
-980
-1006
-776
-269
208
270
-25
-268
-296
-316
-405
-352
31
711
1513
2327
3062
3451
3258
2717
2264
1882
1362
751
186
-293
-690
-1193
-1987
-2810
-3357
-3796
-4202
-4264
-4059
-4166
-4697
-5065
-4897
-4586
-4661
-5015
-5214
-5115
-4273
-1623
2797
6863
8661
8696
8535
8460
7657
5889
3865
2084
385
-1080
-1581
-1176
-1185
-2503
-4409
-5653
-5861
-5454
-4806
-3930
-2762
-1314
403
2261
3738
4190
3592
2740
2511
2995
3482
3421
3031
2699
2356
1848
1218
366
-813
-1919
-2339
-1929
-1090
-381
-89
-69
-89
-158
-249
-215
-96
-6
156
574
1244
1853
1942
1411
649
-57
-730
-1202
-1235
-1008
-754
-457
-130
105
104
-138
-388
-452
-312
-58
311
946
1627
1955
2003
1918
1708
1606
1678
1728
1823
2026
2013
1574
826
-150
-1202
-2030
-2613
-3029
-3153
-3160
-3363
-3515
-3302
-3010
-3074
-3636
-4553
-5265
-5214
-4661
-4456
-4939
-5249
-3668
493
5322
8133
8505
7872
7190
6464
5569
4533
3320
1767
-55
-1396
-1644
-1534
-2253
-3816
-5403
-6346
-6279
-5260
-3788
-2360
-1209
-216
1129
2973
4406
4597
3937
3204
2879
3200
3799
3979
3416
2215
916
53
-533
-1296
-2246
-2911
-2853
-2162
-1308
-655
-289
-161
-218
-287
-108
329
750
964
1083
1304
1609
1760
1569
1007
181
-673
-1200
-1134
-612
-155
-168
-514
-695
-431
29
243
68
-253
-366
-91
491
1103
1484
1566
1557
1738
2112
2349
2195
1790
1473
1404
1406
1174
598
-177
-970
-1612
-1974
-2182
-2526
-2989
-3288
-3328
-3205
-3004
-2904
-3183
-3856
-4549
-4756
-4191
-3243
-2949
-3830
-4686
-3411
555
5165
7766
7743
6576
5698
5195
4456
3220
1662
152
-815
-974
-786
-1049
-2049
-3397
-4481
-4879
-4539
-3645
-2357
-909
336
1248
2015
2754
3332
3566
3444
3211
3139
3159
3123
3044
2710
1726
294
-843
-1363
-1592
-1866
-2149
-2170
-1798
-1296
-992
-903
-900
-957
-957
-608
156
1014
1608
1863
1894
1815
1646
1292
747
215
-92
-123
77
309
275
-2
-188
-229
-353
-561
-698
-659
-353
186
724
999
1009
1044
1207
1406
1640
1798
1855
1967
2095
2174
2121
1639
745
-129
-761
-1176
-1456
-1939
-2840
-3608
-3767
-3671
-3665
-3792
-3981
-3926
-3814
-3926
-3689
-2986
-2578
-2891
-4036
-5319
-4667
-974
3853
6816
6932
5623
4760
4736
4501
3419
2068
1032
476
552
874
436
-1140
-3136
-4446
-4432
-3592
-2971
-2630
-1806
-383
1004
1798
1826
1422
1331
1896
2796
3630
4021
3740
3078
2391
1703
908
-146
-1269
-1928
-1962
-1587
-1100
-872
-1070
-1482
-1643
-1268
-633
-183
42
384
1024
1634
1842
1703
1550
1547
1477
1254
1095
966
750
435
86
-126
-490
-1346
-2024
-1787
-880
-132
-71
-354
-457
-371
-177
157
651
1135
1336
1507
1973
2488
2719
2559
2172
1973
1910
1496
688
-168
-820
-1174
-1438
-2069
-3035
-3723
-3884
-3787
-3666
-3617
-3592
-3517
-3607
-3858
-3749
-3394
-3419
-3774
-4389
-5063
-4161
-501
4189
6901
6512
4706
3900
4439
4666
3834
2979
2572
2212
2141
2195
1295
-778
-3105
-4361
-3798
-2396
-1754
-2090
-2339
-1818
-900
-134
122
-11
338
1381
2607
3869
4404
3450
1961
1098
866
895
651
-133
-761
-715
-537
-679
-1003
-1495
-1990
-1887
-1050
28
796
796
315
434
1198
1610
1502
1281
1099
1113
1145
857
375
-81
-360
-336
-94
140
11
-456
-683
-517
-403
-516
-643
-669
-674
-573
-107
692
1439
1819
1867
1814
1829
1990
2273
2461
2262
1688
1093
700
408
72
-457
-1292
-2174
-2700
-2835
-2663
-2347
-2461
-3216
-3790
-3676
-3519
-3688
-3682
-3313
-2999
-2959
-3271
-4152
-5314
-5332
-2599
2264
5952
6107
4210
3138
3449
3930
4023
4065
4241
4353
4143
3453
2076
-147
-2662
-4093
-3628
-2205
-1534
-2118
-2909
-2891
-2275
-1875
-1852
-1625
-752
586
1915
2852
3092
2517
1537
975
1274
2006
2422
2264
1833
1424
998
401
-313
-909
-1146
-939
-425
-13
-162
-890
-1615
-1724
-1233
-642
-209
230
764
1126
1081
742
396
233
347
786
1401
1818
1736
1165
372
-372
-886
-1055
-893
-531
-148
59
-7
-213
-312
-121
328
868
1317
1617
1852
1930
1726
1428
1201
1174
1515
1831
1543
660
-590
-1851
-2527
-2562
-2455
-2451
-2556
-2825
-3018
-2903
-2933
-3458
-3967
-3953
-3635
-3502
-3645
-3842
-4312
-5069
-4681
-1766
2597
5625
5851
4459
3489
3633
4346
5106
5638
5642
5014
3980
2706
1075
-843
-2536
-3471
-3373
-2671
-2351
-2733
-3434
-4084
-4113
-3289
-2184
-1229
-353
559
1523
2329
2683
2484
2076
2076
2700
3575
4061
3600
2384
1179
343
-97
-163
-311
-945
-1604
-1698
-1506
-1570
-1995
-2509
-2507
-1624
-412
369
624
560
387
510
1034
1552
1829
2021
2250
2458
2479
2045
1116
95
-505
-483
-165
-150
-588
-1118
-1527
-1765
-1583
-961
-366
6
515
1307
1954
1991
1490
1073
1245
1872
2448
2541
1995
952
-89
-607
-777
-1151
-1761
-2286
-2645
-3061
-3444
-3529
-3696
-4115
-4395
-4566
-4530
-4420
-4801
-4966
-4553
-4555
-3964
-938
3150
5454
5088
3371
2489
3355
4793
5802
6678
6947
5674
3748
2230
638
-1110
-2309
-2701
-2294
-1617
-1842
-3074
-4253
-5059
-5311
-4207
-2207
-694
192
677
785
1074
1482
1488
1618
2356
3235
3832
4009
3586
2694
1890
1408
1078
904
690
80
-659
-1248
-1840
-2271
-2321
-2219
-1942
-1240
-462
-66
5
-176
-459
-276
550
1566
2385
2691
2450
2211
2153
1823
1261
758
134
-460
-436
-57
-106
-709
-1540
-2081
-1802
-998
-346
194
690
734
471
431
536
734
1262
1811
1974
1946
1721
1118
543
272
-1
-231
-280
-513
-1050
-1654
-2446
-3322
-3615
-3324
-3113
-3094
-3091
-3249
-3632
-4115
-4432
-4295
-4184
-4731
-4772
-2443
1490
4257
4519
3179
1966
2176
3718
5523
6805
6955
5570
3578
2367
1783
979
43
-567
-749
-673
-976
-2118
-3519
-4369
-4481
-3718
-2262
-1212
-1238
-1878
-2480
-2326
-1112
404
1535
2302
2876
3365
3584
3276
2655
2147
2090
2442
2777
2720
2034
748
-535
-1189
-1266
-1206
-1251
-1417
-1626
-1703
-1553
-1386
-1373
-1341
-1022
-362
422
958
1037
913
1004
1332
1614
1716
1614
1319
1015
858
695
422
237
223
239
213
91
-224
-679
-976
-909
-610
-382
-399
-459
-256
195
657
885
901
1006
1213
1340
1318
991
460
39
-216
-274
-364
-825
-1414
-2100
-3050
-3656
-3559
-3411
-3574
-3907
-4465
-4974
-4956
-4926
-5266
-4560
-1705
1754
3376
2630
1256
1232
2632
4242
5643
6786
6741
5200
3513
2645
2204
1805
1410
969
623
194
-903
-2490
-3747
-4396
-4403
-3623
-2539
-2003
-2204
-2763
-3033
-2380
-1105
-19
831
1675
2263
2550
2768
2887
2898
2937
2896
2780
2801
2576
1802
1092
739
463
276
19
-443
-875
-1365
-1912
-2078
-1768
-1310
-1019
-1000
-1068
-1048
-915
-655
-216
390
926
1187
1300
1459
1607
1549
1284
1116
1228
1369
1209
792
392
90
-241
-575
-685
-554
-472
-577
-565
-155
431
717
571
313
298
588
967
1086
786
363
144
7
-201
-435
-871
-1549
-1881
-1696
-1779
-2433
-3080
-3523
-3912
-4019
-3732
-3398
-3470
-4259
-5145
-4463
-1724
1197
2324
1600
360
88
1270
3133
4796
5749
5422
4038
2949
2744
2754
2637
2465
2079
1579
1095
168
-1263
-2472
-3010
-2810
-1976
-1303
-1618
-2639
-3593
-3948
-3265
-1767
-454
191
435
511
693
1222
1817
2223
2636
3043
3317
3562
3533
2840
1973
1655
1705
1625
1326
747
-151
-1055
-1610
-1755
-1723
-1871
-2251
-2459
-2269
-1957
-1746
-1508
-1147
-739
-315
143
582
840
875
987
1452
2052
2283
1921
1286
876
919
1218
1332
1105
661
71
-331
-281
-23
276
409
97
-376
-642
-760
-684
-324
71
135
-90
-265
-328
-343
-275
-340
-653
-911
-1013
-1099
-1123
-1177
-1526
-2064
-2423
-2549
-2707
-3033
-3585
-4549
-5447
-4921
-2539
186
1267
323
-1032
-1149
39
1929
4040
5402
5174
3979
3068
2812
2907
3087
3138
3002
2741
2166
1098
-192
-1340
-2072
-2083
-1549
-1072
-1096
-1819
-2922
-3565
-3220
-2049
-722
26
78
-70
9
372
833
1276
1718
2151
2495
2635
2517
2188
1762
1417
1298
1307
1158
677
36
-416
-564
-567
-639
-857
-1226
-1697
-2040
-1967
-1477
-897
-562
-516
-523
-382
-138
94
312
566
904
1339
1683
1684
1418
1159
1005
1002
1223
1465
1435
1176
877
580
325
166
-35
-409
-781
-807
-382
176
324
-191
-982
-1373
-1165
-687
-263
-84
-298
-766
-1138
-1301
-1319
-1308
-1544
-2080
-2490
-2653
-2914
-3357
-3950
-4695
-4795
-3233
-646
1063
870
-579
-1674
-1167
730
2900
4551
5105
4251
2820
2103
2305
2850
3321
3425
3052
2420
1614
618
-260
-740
-822
-526
-137
-250
-1043
-2115
-2998
-3249
-2615
-1516
-720
-561
-841
-1110
-917
-337
240
748
1221
1556
1756
1830
1723
1580
1548
1575
1599
1560
1375
1058
671
360
263
231
39
-330
-734
-1024
-1126
-1041
-860
-823
-1076
-1448
-1560
-1234
-700
-315
-186
-139
32
319
610
825
904
952
1106
1310
1464
1442
1144
777
617
639
706
696
499
146
-173
-318
-251
-87
-14
-32
24
115
67
-99
-224
-237
-187
-299
-694
-1070
-1222
-1313
-1367
-1325
-1407
-1733
-2086
-2246
-2312
-2547
-3027
-3678
-4132
-3645
-2010
-204
474
-219
-1124
-993
196
1677
2863
3411
3202
2580
2124
2137
2552
3043
3259
3169
2857
2233
1392
642
200
103
177
157
-106
-680
-1478
-2123
-2243
-1915
-1533
-1361
-1337
-1347
-1367
-1323
-1068
-583
-53
284
445
596
754
935
1184
1457
1750
1983
1984
1789
1492
1185
1037
1039
1018
815
364
-178
-545
-640
-625
-753
-1045
-1288
-1345
-1235
-1063
-970
-941
-807
-590
-493
-515
-447
-204
159
543
771
770
720
749
893
1216
1571
1682
1479
1001
480
403
859
1327
1378
958
287
-232
-373
-257
-144
-258
-582
-864
-1007
-1113
-1247
-1350
-1311
-1210
-1214
-1286
-1357
-1525
-1771
-1825
-1697
-1770
-2136
-2563
-2983
-3171
-2603
-1281
-204
-240
-909
-1112
-480
638
1732
2463
2699
2419
1968
1889
2235
2728
3158
3290
2995
2421
1784
1237
929
850
758
460
0
-527
-1101
-1647
-2013
-2077
-1877
-1663
-1692
-1946
-2147
-2031
-1567
-953
-454
-182
-55
101
392
816
1328
1850
2268
2462
2388
2137
1871
1727
1720
1733
1638
1326
773
116
-532
-1039
-1195
-1043
-890
-989
-1432
-2007
-2308
-2172
-1707
-1125
-697
-567
-604
-614
-501
-171
340
840
1210
1324
1138
1005
1188
1455
1569
1506
1287
1015
812
691
605
516
416
290
95
-171
-384
-365
-137
73
93
-82
-341
-517
-548
-514
-477
-500
-707
-1053
-1292
-1340
-1346
-1412
-1540
-1761
-2082
-2483
-2992
-3482
-3507
-2708
-1422
-510
-442
-802
-861
-358
476
1368
2138
2606
2652
2397
2185
2290
2656
2978
3087
2983
2643
2047
1326
764
500
389
274
37
-491
-1224
-1861
-2182
-2087
-1755
-1588
-1732
-2006
-2138
-1895
-1282
-613
-160
94
251
412
714
1153
1548
1811
1954
1977
1916
1748
1454
1263
1304
1362
1256
926
355
-230
-523
-533
-511
-668
-971
-1227
-1351
-1417
-1501
-1578
-1576
-1489
-1355
-1193
-996
-759
-513
-244
122
519
753
784
790
973
1387
1883
2124
1916
1431
984
779
856
1032
1025
781
426
62
-228
-342
-285
-142
-5
-14
-241
-544
-735
-755
-648
-532
-504
-580
-741
-922
-1079
-1175
-1210
-1266
-1341
-1401
-1627
-2055
-2417
-2554
-2399
-1816
-1020
-604
-762
-1033
-891
-219
698
1473
1927
2090
2048
1988
2120
2413
2665
2737
2540
2097
1613
1237
961
799
688
421
-25
-562
-1148
-1581
-1690
-1585
-1423
-1324
-1404
-1626
-1827
-1832
-1507
-900
-249
188
349
366
419
644
1054
1486
1740
1776
1682
1509
1283
1098
1033
1040
989
787
430
-2
-372
-587
-668
-745
-905
-1093
-1192
-1195
-1191
-1189
-1130
-1023
-900
-724
-456
-215
-127
-137
-79
114
369
561
610
540
495
597
825
1017
1043
909
734
627
627
707
795
797
651
377
122
59
177
296
281
158
26
-37
-36
-72
-183
-285
-353
-434
-533
-642
-799
-961
-1025
-1013
-1052
-1189
-1371
-1512
-1549
-1482
-1347
-1248
-1314
-1442
-1287
-762
-247
-61
-81
-26
218
588
941
1171
1245
1209
1169
1265
1508
1727
1730
1464
1047
700
553
525
519
441
156
-248
-491
-493
-414
-448
-591
-648
-571
-540
-647
-760
-753
-611
-316
63
330
364
253
233
449
751
946
1046
1071
974
770
547
420
411
416
357
250
111
-91
-343
-537
-587
-493
-378
-414
-654
-929
-1036
-963
-836
-701
-549
-393
-262
-172
-149
-166
-117
66
307
508
632
633
488
326
343
549
745
739
521
223
7
-27
81
207
241
165
23
-125
-181
-77
128
259
215
47
-135
-264
-287
-188
-60
-22
-74
-143
-230
-337
-390
-357
-351
-449
-556
-575
-549
-551
-590
-661
-730
-719
-627
-559
-547
-468
-287
-124
-54
-84
-151
-145
-69
14
118
237
328
346
285
247
312
412
457
491
603
741
751
626
500
449
473
540
591
589
540
477
412
359
313
225
99
10
0
14
-21
-114
-233
-358
-437
-416
-322
-249
-229
-232
-223
-151
24
223
352
419
476
491
421
332
336
455
558
481
257
111
176
331
404
346
179
-50
-245
-309
-268
-255
-326
-404
-441
-464
-484
-477
-491
-625
-863
-1046
-1051
-952
-941
-1103
-1386
-1772
-2265
-2549
-2084
-890
92
-25
-956
-1573
-1209
-164
918
1637
1853
1614
1221
1103
1447
2043
2520
2651
2453
2059
1611
1292
1230
1338
1358
1124
677
162
-300
-666
-925
-1025
-977
-968
-1184
-1565
-1872
-1911
-1654
-1233
-864
-708
-780
-929
-883
-489
103
632
957
1053
1003
936
966
1166
1448
1584
1466
1185
862
574
388
314
251
117
-101
-386
-677
-907
-1071
-1170
-1204
-1214
-1245
-1320
-1417
-1464
-1377
-1165
-908
-650
-416
-244
-115
42
262
536
812
1023
1169
1277
1344
1348
1284
1176
1076
1025
981
831
593
363
174
45
-34
-125
-312
-623
-936
-1083
-1019
-849
-709
-693
-779
-865
-848
-702
-505
-373
-339
-329
-264
-134
26
187
321
447
599
725
726
622
528
546
680
833
856
673
392
208
207
313
354
221
-68
-381
-567
-565
-453
-359
-328
-353
-423
-515
-567
-534
-424
-267
-118
-38
-43
-93
-114
-38
134
309
404
413
366
281
194
147
143
155
161
157
131
82
30
6
32
100
147
97
-42
-160
-181
-154
-166
-234
-334
-438
-503
-485
-411
-368
-386
-411
-401
-371
-329
-236
-82
73
153
137
72
41
112
294
506
612
550
390
277
294
389
457
420
282
107
-24
-55
3
82
90
-6
-145
-232
-253
-245
-236
-215
-182
-153
-136
-122
-111
-114
-113
-73
17
97
98
23
-45
-29
88
235
311
272
178
127
161
247
318
325
279
234
206
159
101
71
76
73
54
29
-8
-80
-159
-214
-241
-251
-257
-275
-301
-316
-315
-330
-392
-480
-520
-457
-318
-191
-133
-136
-157
-143
-70
35
124
175
199
220
263
316
351
349
335
355
402
419
372
268
124
-17
-71
-14
81
100
21
-111
-227
-273
-237
-138
-29
18
-33
-120
-136
-49
52
65
-13
-100
-130
-100
-53
-37
-80
-145
-164
-97
16
91
84
11
-65
-65
41
191
273
233
135
89
128
182
163
68
-36
-85
-75
-54
-75
-162
-275
-350
-353
-316
-295
-316
-365
-389
-340
-226
-107
-31
7
40
90
166
244
305
340
371
423
484
518
506
466
436
440
465
466
397
264
137
83
101
117
71
-51
-216
-364
-444
-446
-410
-399
-430
-474
-499
-512
-532
-541
-505
-404
-252
-99
-1
17
-5
-8
56
188
328
410
402
333
263
238
267
321
351
320
236
151
103
66
13
-44
-71
-66
-54
-60
-101
-176
-258
-304
-297
-248
-190
-170
-218
-309
-358
-308
-193
-93
-52
-48
-38
8
107
239
329
315
230
168
186
258
334
364
319
207
88
28
55
140
210
194
90
-43
-129
-133
-65
3
9
-70
-192
-288
-311
-272
-211
-165
-161
-217
-302
-349
-297
-173
-47
25
43
32
12
12
51
124
220
310
358
343
292
258
262
292
307
289
241
182
126
71
7
-55
-100
-115
-119
-147
-212
-288
-331
-321
-289
-273
-284
-301
-298
-262
-192
-99
-4
65
88
85
91
135
215
295
341
338
292
227
165
129
116
104
71
20
-31
-69
-99
-128
-148
-154
-148
-128
-108
-98
-107
-130
-149
-145
-121
-90
-63
-50
-59
-86
-111
-117
-96
-62
-32
-19
-21
-41
-62
-59
-18
51
109
133
132
127
141
187
246
292
298
278
263
267
264
224
153
99
88
97
74
3
-83
-146
-179
-191
-201
-214
-234
-253
-266
-272
-272
-250
-198
-133
-84
-61
-41
-13
17
43
73
117
168
210
234
224
182
131
105
115
143
154
130
74
3
-54
-67
-39
-1
-1
-59
-140
-191
-180
-117
-49
-21
-38
-74
-97
-78
-27
30
60
57
45
45
53
53
39
24
14
15
25
43
47
21
-20
-43
-30
-2
17
14
0
-20
-44
-70
-88
-97
-99
-97
-98
-107
-125
-140
-140
-122
-96
-78
-66
-45
-7
41
75
78
59
46
61
108
162
191
170
116
72
70
104
142
163
161
141
109
79
69
71
69
46
13
-11
-28
-46
-81
-135
-196
-238
-237
-197
-151
-129
-136
-148
-133
-85
-16
34
59
79
120
180
234
254
241
208
179
176
196
212
179
106
35
2
-7
-29
-85
-163
-230
-257
-244
-219
-224
-273
-335
-360
-317
-227
-140
-93
-86
-94
-79
-22
70
158
210
222
225
245
275
293
288
269
243
209
168
120
63
3
-46
-75
-91
-113
-154
-201
-234
-249
-255
-250
-220
-165
-113
-85
-80
-70
-41
11
68
121
158
176
179
173
166
171
187
210
219
199
145
75
16
-12
-4
22
36
24
-16
-66
-105
-113
-84
-32
9
2
-59
-144
-194
-172
-91
-14
4
-54
-146
-208
-189
-93
29
101
78
-3
-63
-47
26
101
124
97
51
33
59
101
115
79
20
-10
22
87
124
100
30
-34
-48
-12
36
49
13
-45
-83
-94
-98
-109
-124
-121
-94
-59
-39
-45
-73
-93
-79
-24
50
112
143
139
110
75
61
77
116
154
161
127
62
-14
-71
-88
-64
-32
-34
-87
-160
-208
-201
-164
-134
-140
-163
-166
-132
-75
-30
-17
-24
-24
9
79
155
197
184
134
92
89
123
163
176
142
82
32
19
25
26
15
12
27
48
51
32
6
-7
11
53
96
100
62
4
-31
-30
-6
10
2
-25
-60
-89
-105
-107
-109
-123
-143
-151
-138
-109
-88
-86
-103
-120
-104
-42
46
109
121
100
84
104
163
238
291
284
216
124
62
58
89
96
40
-69
-177
-240
-254
-244
-244
-254
-263
-261
-242
-209
-167
-122
-76
-26
36
105
161
186
184
175
175
195
226
248
232
162
69
1
-14
13
43
39
-21
-120
-207
-218
-145
-47
-2
-43
-124
-174
-150
-70
11
47
31
-16
-55
-51
1
66
99
78
24
-13
2
55
102
95
41
-18
-34
8
72
103
75
8
-43
-36
20
83
109
85
36
-1
-3
24
52
58
38
11
-7
-14
-20
-38
-59
-66
-48
-32
-42
-88
-135
-137
-86
-15
17
-18
-88
-121
-67
50
148
150
67
-14
-13
67
160
188
131
31
-38
-43
-1
33
15
-54
-125
-155
-132
-91
-70
-88
-118
-129
-104
-59
-29
-36
-58
-56
-15
39
70
64
39
27
42
85
133
163
160
136
114
116
138
162
171
159
137
109
78
37
-7
-41
-54
-54
-65
-105
-168
-224
-241
-213
-166
-136
-139
-157
-156
-117
-54
-3
10
-2
2
54
135
192
178
107
34
20
74
150
180
129
24
-72
-107
-80
-35
-19
-50
-101
-133
-127
-98
-84
-98
-118
-102
-42
34
80
68
25
-7
8
66
131
162
147
103
62
42
39
40
33
21
12
7
0
-15
-33
-45
-40
-22
2
15
15
5
2
12
31
45
49
37
16
-5
-14
-15
-14
-24
-52
-94
-131
-151
-141
-113
-93
-95
-118
-138
-133
-94
-38
13
40
53
66
98
142
180
195
191
185
194
212
217
190
133
71
28
15
13
-5
-52
-116
-174
-200
-200
-191
-187
-192
-187
-163
-127
-98
-82
-68
-35
22
85
125
129
108
89
91
114
133
134
108
71
39
17
2
-10
-23
-31
-29
-26
-27
-37
-54
-62
-51
-29
-6
2
-4
-11
-13
-4
3
-1
-16
-28
-25
-4
18
19
-7
-43
-63
-49
-7
31
38
11
-24
-34
-9
32
57
51
30
22
43
79
102
87
49
19
27
66
101
95
42
-26
-63
-57
-24
-14
-46
-107
-158
-169
-144
-108
-95
-105
-120
-111
-73
-18
28
49
57
65
91
128
157
165
150
130
121
123
125
104
64
18
-11
-16
-11
-16
-43
-82
-113
-121
-110
-93
-90
-100
-110
-114
-103
-89
-84
-83
-75
-54
-23
2
6
-6
-16
-3
36
80
108
102
77
56
57
82
109
121
111
86
66
59
60
56
43
25
12
12
16
9
-14
-43
-60
-51
-30
-15
-22
-45
-64
-63
-43
-26
-25
-37
-45
-36
-12
8
9
-10
-30
-26
6
47
68
57
27
5
11
37
59
59
40
17
6
7
5
-9
-33
-57
-65
-56
-47
-56
-82
-114
-127
-110
-73
-38
-24
-31
-44
-43
-19
20
61
88
94
83
75
82
103
122
129
118
99
86
83
78
64
37
5
-18
-27
-30
-38
-58
-85
-110
-121
-118
-106
-98
-97
-100
-101
-94
-78
-60
-39
-16
3
22
41
55
68
78
91
101
111
113
109
96
81
64
49
39
27
16
-1
-22
-45
-60
-64
-58
-50
-48
-52
-55
-45
-24
0
14
17
15
21
37
56
60
47
23
4
0
7
10
-2
-30
-55
-64
-56
-42
-34
-40
-47
-45
-30
-6
8
10
7
11
25
42
51
45
26
12
10
18
26
17
-9
-41
-61
-59
-46
-36
-41
-59
-73
-72
-53
-26
-4
7
12
23
44
72
94
105
106
107
117
128
136
122
98
71
53
41
27
3
-30
-59
-82
-98
-115
-137
-157
-167
-159
-139
-118
-108
-107
-102
-81
-43
3
41
63
72
79
91
107
122
127
124
119
111
100
82
56
29
10
2
-1
-7
-25
-50
-70
-78
-69
-54
-46
-50
-59
-63
-57
-44
-34
-33
-38
-38
-26
-12
-1
-2
-8
-10
1
22
37
41
33
24
28
40
53
56
49
37
31
37
48
53
45
30
17
12
16
19
14
2
-13
-25
-35
-42
-49
-55
-60
-61
-61
-62
-62
-66
-65
-60
-47
-28
-10
-1
2
4
12
28
49
66
76
78
77
80
86
91
89
79
65
52
44
35
20
0
-25
-50
-67
-77
-83
-87
-90
-93
-96
-99
-97
-89
-72
-48
-24
-7
3
8
15
32
55
76
87
89
82
79
79
81
77
66
50
34
24
13
0
-17
-35
-50
-60
-65
-68
-73
-79
-82
-79
-72
-64
-60
-55
-44
-28
-8
3
6
4
9
21
42
60
66
63
53
47
52
65
74
73
63
51
42
38
33
26
16
7
4
1
-2
-12
-25
-34
-35
-26
-18
-15
-20
-31
-37
-36
-28
-23
-22
-27
-33
-33
-31
-29
-30
-34
-37
-32
-22
-10
-3
-3
-7
-6
2
18
33
40
39
35
34
37
42
45
42
36
31
28
25
18
6
-8
-18
-22
-22
-21
-27
-38
-48
-52
-46
-35
-25
-17
-15
-13
-9
0
11
22
30
35
39
42
42
40
36
31
30
29
27
21
9
-4
-15
-21
-26
-28
-34
-43
-52
-57
-55
-50
-44
-40
-34
-26
-14
-1
10
20
25
32
41
50
56
56
50
42
36
33
32
28
21
11
2
-1
-1
0
-2
-7
-12
-16
-16
-13
-13
-13
-15
-15
-14
-11
-11
-15
-19
-23
-23
-21
-20
-24
-30
-34
-35
-32
-27
-23
-22
-19
-13
-2
9
19
26
30
35
43
53
60
63
60
56
51
48
44
37
27
15
5
-3
-11
-22
-32
-42
-48
-51
-53
-53
-55
-57
-54
-47
-37
-25
-18
-10
-2
5
15
25
34
38
40
42
39
38
34
30
25
20
14
7
0
-6
-10
-10
-10
-10
-13
-15
-16
-17
-14
-10
-5
-2
0
-2
-4
-5
-3
1
6
10
10
7
6
4
6
10
15
15
13
10
7
9
10
11
10
7
5
5
6
5
1
-5
-10
-10
-8
-8
-10
-15
-21
-25
-26
-24
-23
-24
-26
-27
-25
-23
-19
-16
-14
-9
-2
5
9
11
11
12
19
27
32
34
32
30
28
31
31
29
27
23
19
16
12
4
-3
-8
-10
-11
-12
-15
-20
-23
-26
-26
-24
-25
-23
-23
-23
-21
-17
-14
-12
-10
-7
-4
0
4
7
9
12
14
18
21
23
23
23
23
24
24
22
18
14
12
7
7
1
-3
-7
-9
-9
-12
-15
-18
-19
-20
-17
-17
-14
-11
-10
-8
-6
-1
1
4
5
6
7
9
11
14
14
14
15
12
11
12
11
10
9
7
6
3
0
-2
-5
-8
-11
-11
-13
-16
-18
-21
-22
-22
-22
-20
-21
-19
-17
-12
-7
-3
0
5
10
15
20
23
25
28
29
30
29
26
25
22
19
15
10
5
0
-4
-7
-10
-15
-19
-23
-26
-28
-27
-26
-25
-22
-19
-17
-15
-11
-8
-2
2
6
10
13
15
16
17
17
19
19
18
15
12
8
6
4
1
-2
-4
-5
-6
-9
-11
-12
-12
-7
-3
0
0
0
0
1
3
5
6
6
5
4
3
2
1
1
0
1
-1
-2
-2
-1
-1
-2
-1
0
0
3
3
3
2
3
3
3
4
4
5
4
3
2
2
0
-1
-2
-4
-5
-8
-9
-9
-10
-10
-8
-7
-5
-4
-3
-2
0
2
5
6
7
8
9
10
11
10
8
7
6
6
5
5
4
4
1
0
-2
-4
-4
-6
-6
-7
-7
-10
-9
-8
-10
-8
-6
-3
-1
1
1
1
2
5
6
7
5
4
1
1
1
0
0
0
-2
-1
0
0
0
0
0
-1
0
0
1
1
1
1
-1
-2
-3
-3
-2
-3
-2
-2
-1
1
1
0
0
0
2
3
5
5
5
6
6
7
7
7
5
5
3
3
1
1
1
-1
0
-2
-4
-5
-8
-8
-7
-5
-4
-5
-4
-7
-6
-5
-4
-3
-1
-1
-1
-1
1
1
2
3
3
4
5
7
6
7
6
6
6
7
6
5
4
2
2
2
2
1
-2
-3
-3
-3
-3
-3
-3
-3
-3
-1
-2
-1
-1
0
0
0
0
1
0
0
-1
0
1
1
1
0
2
2
3
2
1
2
1
1
1
1
1
-1
-1
-1
-2
-3
0
0
2
1
1
1
1
0
1
2
1
2
3
3
3
1
0
-1
0
2
0
0
-1
-2
-1
-1
-1
0
-1
-1
1
0
0
1
1
1
1
0
1
1
-1
0
0
-1
0
0
-1
-1
-1
-1
-1
-1
0
-1
-1
-2
1
0
0
0
0
1
2
2
3
1
2
2
2
1
3
1
1
1
2
0
0
0
-1
0
-1
-1
-1
-1
-2
-3
-4
-4
-3
-2
-2
-1
0
0
1
0
1
0
1
0
2
3
2
3
1
0
1
2
2
1
0
0
0
1
1
0
0
0
-1
0
0
0
0
0
0
0
-1
0
0
0
-1
0
0
-1
-2
-1
-1
-1
-1
-1
0
0
-2
-1
-1
1
1
1
1
1
1
1
1
2
1
1
1
1
0
2
0
0
1
0
0
0
0
0
1
1
0
0
0
0
0
-1
0
0
2
1
2
1
2
3
1
2
3
1
1
1
1
-1
-1
1
0
-1
-1
-3
-2
-2
0
0
0
1
1
1
1
-1
0
0
0
0
1
1
2
2
0
2
2
2
1
0
0
0
0
0
0
2
1
1
1
0
0
0
0
1
-1
0
0
0
0
-1
1
0
0
-1
0
0
0
0
0
-1
0
-1
1
0
0
1
0
0
0
0
0
0
0
0
-1
0
0
0
1
0
1
0
0
0
0
-1
0
0
1
1
0
0
0
-1
-1
0
0
0
-1
0
0
1
0
1
0
0
1
0
0
1
0
0
0
0
0
0
0
0
0
0
0
-1
1
0
0
0
0
0
0
0
0
0
0
-1
0
-1
0
0
0
0
0
-1
0
0
0
1
0
0
0
0
0
0
0
0
0
-1
1
1
-1
0
0
0
0
0
0
0
0
0
0
0
0
0
-1
0
0
0
0
0
0
0
0
-1
0
0
0
0
-1
0
-1
0
0
0
0
0
-1
0
0
-1
0
0
0
1
0
0
0
0
0
0
1
0
0
0
0
0
1
0
0
0
1
1
0
0
0
0
0
0
0
0
1
1
1
0
0
-1
0
0
0
-1
-1
0
0
0
0
0
0
0
0
0
0
0
0
0
0
0
0
0
0
0
0
0
1
1
1
0
-1
0
0
0
0
0
0
1
-1
-1
0
0
0
0
0
1
0
-1
0
0
0
0
0
0
0
0
-1
0
0
0
0
1
0
0
0
0
0
-1
1
1
0
0
0
0
1
0
0
0
0
0
0
0
0
0
0
0
0
1
0
0
0
0
0
0
1
0
0
0
0
0
0
0
0
0
0
1
0
-1
0
0
0
0
-1
0
0
0
0
0
0
-1
0
0
-1
0
0
0
-1
1
0
0
0
0
0
0
0
0
0
0
0
0
0
-1
0
-1
0
0
0
0
0
0
0
0
0
1
0
0
0
0
0
0
0
0
0
0
0
1
0
0
0
0
0
0
0
0
0
-1
0
0
1
0
0
0
0
0
0
0
1
0
0
0
0
0
0
-1
0
1
0
0
0
0
0
0
0
0
-1
0
0
0
0
0
0
0
0
1
0
-1
0
1
0
0
-1
0
0
0
0
-1
0
0
0
0
1
0
0
0
0
0
0
0
0
-1
0
0
0
0
0
0
0
0
0
1
0
0
0
0
0
1
0
0
1
0
1
-1
0
0
0
0
0
0
0
0
-1
0
-1
-1
0
0
0
0
0
0
0
0
0
0
-1
0
-1
0
0
0
0
0
0
-1
0
0
0
0
0
0
0
0
0
0
0
0
0
0
0
0
0
1
1
0
-1
0
0
0
0
0
0
0
0
0
0
0
0
0
0
0
0
1
0
0
0
0
0
1
0
0
0
0
0
0
0
-1
-1
0
0
0
0
0
-1
-1
0
0
0
-1
1
0
0
-1
0
0
0
0
0
0
0
0
0
0
0
0
0
0
0
0
1
0
0
-1
0
0
0
0
0
0
1
0
0
-1
-1
0
0
0
0
-1
0
0
0
0
0
1
0
0
1
0
1
0
0
0
0
0
0
-1
0
0
0
0
0
0
1
0
0
0
0
0
0
-1
-1
0
-1
0
0
0
0
0
0
0
0
0
0
0
0
0
0
-1
0
0
0
0
1
0
0
0
0
0
0
0
0
0
0
-1
1
-1
0
0
0
0
0
0
0
0
1
0
1
0
0
0
1
-1
0
0
0
0
0
0
0
0
0
0
-1
0
0
0
0
1
1
0
1
0
0
0
0
0
0
0
0
0
0
-1
-1
-1
-1
0
0
0
0
0
-1
0
0
0
0
0
-1
0
-1
0
1
0
0
1
0
0
-1
0
-1
0
0
0
-1
0
1
-1
0
0
0
0
-1
0
1
0
-1
1
1
0
1
-1
0
0
1
0
0
-1
1
0
0
1
0
0
0
0
1
0
0
0
0
1
0
-1
0
-1
0
1
0
1
-1
0
1
0
0
0
0
0
-1
0
0
0
0
0
0
0
0
0
0
-1
0
1
0
1
0
-1
0
0
1
0
0
0
0
0
0
-1
0
-1
0
0
0
0
0
0
0
1
0
1
0
0
0
0
0
-1
0
0
0
0
0
-1
0
0
0
0
0
0
1
0
0
0
0
1
0
0
0
0
0
0
0
0
0
-1
0
1
0
0
0
0
0
0
0
0
0
0
0
0
0
0
0
-1
1
0
0
0
-1
0
0
0
1
0
0
0
-1
0
0
0
0
1
1
0
1
0
0
-1
0
-1
0
0
0
0
0
0
0
0
0
0
0
0
0
1
0
0
0
0
0
0
0
0
0
0
0
0
0
0
0
0
0
0
1
0
0
0
1
0
0
0
0
0
0
0
0
1
1
0
0
1
0
0
0
0
0
1
0
0
-1
1
0
-1
-1
0
0
0
0
0
1
0
1
0
0
0
1
0
-1
0
-1
0
0
-1
0
0
0
-1
0
0
0
0
0
0
0
0
1
-1
0
0
0
0
-1
0
0
0
0
0
1
0
0
0
0
0
0
0
0
1
1
0
0
0
0
0
0
0
0
0
1
0
-1
0
0
0
0
0
0
0
0
0
0
1
0
1
1
1
0
0
0
0
0
0
0
0
0
0
0
0
-1
0
0
0
-1
0
-1
0
0
0
0
0
0
0
-1
1
0
1
0
0
0
0
1
1
0
-1
0
1
-1
0
0
0
0
0
0
0
0
0
0
0
0
0
1
-1
0
0
0
0
0
0
0
-1
0
-1
0
0
0
0
0
-1
0
1
0
0
0
1
0
0
0
0
0
0
0
0
0
0
0
0
0
0
1
0
1
0
-1
-1
-1
0
0
0
0
0
0
0
-1
0
0
1
-1
0
1
0
0
0
0
0
0
0
-1
0
0
0
0
0
0
0
0
0
0
0
0
0
0
0
0
0
0
0
0
0
0
1
0
1
0
0
0
1
0
0
-1
1
0
-1
0
0
-1
0
0
0
0
-1
0
0
0
0
1
0
0
0
1
0
0
1
-1
0
0
0
0
0
0
-1
0
1
0
0
0
1
-1
0
0
0
-1
0
0
0
-1
0
1
0
-1
0
0
-1
-1
0
0
0
0
-1
-1
-1
0
0
0
0
0
0
0
0
0
1
0
-1
0
1
0
1
0
0
0
-1
0
0
0
0
0
0
-1
1
0
0
0
0
1
0
0
0
-1
0
1
0
0
0
0
0
0
0
0
0
0
-1
1
-1
0
1
0
0
0
0
0
0
0
0
0
0
0
0
0
0
0
1
0
0
0
0
-1
1
0
0
0
0
0
0
0
0
0
0
0
0
-1
0
0
0
-1
0
0
1
1
0
0
0
0
-1
0
1
0
-1
0
0
0
0
-1
0
0
0
0
0
-1
-1
0
0
0
0
1
0
0
0
0
-1
0
0
0
0
0
0
0
0
1
0
-1
0
0
-1
0
0
0
0
0
0
0
0
0
0
0
1
0
0
0
0
-1
-1
0
-1
0
0
0
-1
0
0
0
0
1
1
-1
0
0
-1
-1
0
0
-1
0
0
-1
0
0
-1
1
-1
0
0
-1
0
0
0
0
0
0
0
1
0
0
-1
1
1
0
0
0
0
0
0
0
0
0
1
0
0
0
0
0
0
-1
0
0
-1
0
0
1
0
0
1
0
0
0
1
0
0
0
0
0
0
1
-1
0
0
0
1
0
-1
0
0
0
0
0
-1
0
0
0
0
1
0
0
1
0
0
0
1
0
0
0
0
0
1
0
0
0
0
0
0
0
1
0
0
0
0
-1
0
0
-1
-1
0
-1
0
0
0
1
1
0
0
0
-1
1
0
0
0
0
1
0
1
0
0
1
1
0
0
0
0
0
-1
0
0
0
-1
0
0
1
0
0
0
0
1
0
1
0
0
0
0
-1
0
0
0
0
0
-1
0
0
0
1
1
0
0
-1
0
0
1
0
0
-1
1
0
0
0
0
-1
0
0
0
0
0
0
0
0
0
0
0
1
0
0
0
-1
0
1
0
0
1
-1
0
-1
-1
0
0
0
0
0
0
0
0
-1
0
-1
1
0
1
1
0
0
0
0
0
0
0
0
0
0
0
0
0
0
1
0
-1
0
0
0
0
0
0
-1
0
0
-1
0
0
0
0
0
0
0
1
1
0
0
0
0
0
0
0
-1
0
0
0
0
0
0
-1
-1
0
0
0
0
0
1
0
1
-1
0
0
-1
0
0
0
1
0
0
0
0
0
0
0
1
0
1
0
0
0
-1
-1
0
0
0
0
1
0
-1
0
0
0
0
1
0
-1
0
0
0
0
0
1
0
0
0
0
0
0
0
0
0
0
1
0
0
0
0
0
0
0
0
0
0
0
0
0
-1
-1
0
0
0
0
0
0
-1
0
0
-1
0
0
0
0
0
0
0
0
0
0
0
0
0
0
0
0
0
-1
0
0
1
0
0
-1
1
0
0
0
0
0
0
0
0
0
0
-1
1
0
0
-1
0
0
0
1
0
-1
0
0
0
0
0
0
0
1
-1
0
-1
0
-1
-1
0
0
0
1
0
0
0
0
0
1
0
-1
-1
0
0
0
0
0
0
0
-1
0
-1
0
1
0
0
0
0
1
0
0
0
0
0
-1
-1
0
0
0
0
-1
0
1
0
1
0
0
0
0
-1
0
0
0
-1
0
0
0
0
0
0
0
0
-1
0
0
0
1
0
1
0
-1
0
1
0
0
-1
0
0
0
0
0
0
1
0
1
0
0
0
0
0
1
0
1
0
0
0
1
0
0
0
0
0
-1
0
0
0
0
0
0
0
0
0
-1
0
0
0
0
0
0
0
0
0
0
1
0
1
0
0
1
0
0
1
0
0
1
0
0
1
0
0
0
0
0
0
0
0
0
0
0
1
0
0
-1
0
0
-1
0
-1
0
0
1
1
0
0
0
-1
0
0
0
0
0
0
1
0
0
-1
0
0
0
0
-1
0
1
0
0
0
0
0
-1
0
0
0
0
0
0
0
1
0
0
0
0
0
-1
0
0
0
0
0
1
0
0
0
0
0
0
0
1
0
-1
0
-1
1
0
0
0
0
-1
0
-1
0
0
0
0
-1
1
0
0
0
1
0
-1
0
1
1
0
-1
0
0
0
0
0
0
0
0
-1
0
0
0
0
1
-1
0
0
-1
0
0
0
0
0
1
1
0
0
0
-1
-1
0
0
0
1
0
0
0
0
0
0
1
0
0
-1
0
0
1
0
0
0
0
0
1
0
0
-1
0
0
0
0
0
0
0
0
1
0
0
0
0
0
0
0
0
1
0
0
0
0
0
0
-1
0
0
0
0
1
0
0
1
0
0
0
1
-1
0
-1
0
0
0
1
0
0
0
0
0
0
1
0
0
0
0
0
0
0
0
0
-1
0
0
0
1
0
0
0
1
0
0
0
0
0
0
0
0
0
0
1
0
1
0
-1
0
0
-1
0
0
0
-1
0
0
0
-1
0
-1
1
-1
1
0
0
0
0
0
1
0
1
0
0
0
0
0
0
0
0
0
0
0
1
0
0
-1
0
0
0
0
0
0
0
0
0
0
-1
0
0
1
0
0
-1
0
0
0
0
0
0
0
0
-1
0
1
0
0
0
0
1
0
0
0
0
0
-1
0
0
-1
0
0
0
0
0
0
0
0
0
0
0
1
1
1
1
0
0
-1
1
0
0
0
0
0
0
0
0
0
0
0
0
1
0
0
1
0
1
0
0
1
0
0
0
0
1
0
0
-1
0
0
1
1
0
0
-1
0
-1
-1
0
0
0
1
1
0
-1
0
1
0
0
0
0
1
0
1
-1
0
1
0
0
0
-1
0
0
0
1
0
-1
0
-1
-1
0
0
1
0
0
0
1
1
0
0
1
1
-1
0
-1
0
0
0
1
0
0
0
0
-1
0
0
-1
0
0
-1
-1
1
0
0
0
0
-1
0
1
0
0
0
-1
1
0
1
0
1
-1
0
0
0
-1
0
0
0
0
0
0
0
0
0
0
0
0
0
0
0
0
0
1
0
0
0
0
1
0
0
0
0
0
0
0
0
0
0
0
0
0
0
0
0
0
0
0
0
1
0
0
0
0
-1
0
0
1
0
0
0
0
0
-1
0
0
0
0
0
0
-1
0
0
-1
0
0
0
-1
0
0
0
0
-1
0
0
0
0
0
0
0
0
0
0
0
0
0
0
0
-1
0
0
0
-1
0
-1
0
-1
0
0
0
0
1
0
0
0
0
-1
1
0
0
0
0
0
1
0
0
0
0
0
0
1
0
0
0
0
-1
0
-1
0
0
0
0
0
0
0
0
0
0
0
0
0
0
0
0
0
1
0
1
1
0
1
0
0
0
0
0
1
0
1
0
0
0
1
0
0
-1
0
0
1
0
-1
0
0
0
0
-1
-1
1
0
0
1
0
0
1
0
0
0
-1
1
0
0
0
0
0
0
-1
0
0
0
0
0
0
0
0
0
0
0
0
0
0
0
0
0
0
0
0
-1
0
-1
0
-1
0
0
0
0
0
-1
0
-1
1
0
0
0
0
0
-1
0
-1
0
-1
0
0
0
0
-1
0
-1
0
1
0
0
0
0
0
0
1
0
0
0
0
0
0
-1
0
0
0
0
0
0
0
0
1
0
1
1
0
0
0
0
0
0
0
0
0
0
1
0
1
0
0
0
0
0
0
0
1
0
0
0
1
0
1
1
0
0
0
0
-1
0
0
1
0
0
0
0
0
0
0
0
0
0
0
0
0
-1
0
0
0
0
0
0
0
0
0
-1
0
1
0
0
0
0
0
0
0
-1
1
0
0
0
1
0
1
0
0
0
0
0
0
0
-1
0
1
0
0
0
1
0
0
0
0
-1
1
1
0
0
1
0
0
0
0
0
0
0
0
-1
0
0
0
0
1
0
0
0
0
0
0
-1
-1
1
0
0
1
0
0
-1
0
-1
1
0
1
0
0
0
0
1
-1
0
0
0
0
0
0
0
0
0
0
0
0
0
0
-1
0
0
0
0
1
0
0
0
0
0
0
0
0
-1
0
0
0
-1
0
0
1
0
-1
0
0
0
0
1
1
1
0
0
-1
0
0
-1
0
0
0
0
-1
0
0
0
0
0
0
1
0
0
0
0
0
1
0
0
0
0
0
0
0
-1
1
-1
0
-1
0
0
0
0
-1
0
0
0
0
0
0
0
0
0
1
0
0
0
0
0
0
0
0
0
0
0
0
0
0
-1
0
0
0
1
0
0
0
0
-1
0
-1
0
1
0
0
1
0
0
0
0
0
0
0
0
0
0
1
-1
0
-1
0
0
-1
0
0
0
0
-1
0
0
0
0
0
1
0
0
0
0
0
0
0
-1
0
0
0
0
0
0
-1
0
0
0
0
0
0
-1
0
-1
0
0
0
0
1
0
0
0
0
0
0
0
0
0
0
0
0
1
0
0
0
0
1
0
-1
0
1
0
0
0
0
0
0
0
-1
-1
0
0
0
1
0
-1
0
0
-1
0
0
0
-1
0
0
1
0
0
0
0
0
0
1
0
0
0
0
1
0
0
0
1
1
0
0
0
0
0
0
1
0
1
0
0
0
1
0
0
0
-1
1
1
0
-1
0
0
0
0
0
0
0
0
0
0
0
1
0
1
0
0
0
0
0
-1
0
1
0
0
-1
0
-1
0
0
-1
0
0
0
0
0
0
0
0
0
0
0
0
0
0
0
0
0
0
0
0
0
0
0
0
0
0
0
0
0
0
0
0
0
-1
0
0
0
0
0
0
0
-1
0
0
0
0
0
0
0
0
0
0
0
0
0
0
0
0
0
0
0
0
0
0
1
-1
0
0
0
0
0
0
0
1
0
0
0
0
0
-1
0
0
0
0
0
0
0
0
0
0
-1
-1
-1
-1
0
-1
0
0
0
0
0
0
-1
-1
0
-1
0
0
0
-1
0
0
0
0
0
0
0
1
0
0
0
0
0
0
0
0
0
0
1
1
0
0
0
0
0
0
0
0
0
0
0
1
0
0
0
0
0
1
1
0
0
0
0
0
-1
0
0
0
0
0
0
1
0
0
1
0
0
0
1
0
0
1
0
1
1
0
0
0
0
0
0
0
0
0
0
1
0
1
1
-1
0
0
0
0
0
0
0
0
0
0
0
1
0
0
1
0
0
0
1
0
0
0
-1
0
0
0
0
0
0
0
0
0
0
1
0
0
0
-1
-1
0
0
0
0
0
0
0
0
0
0
-1
0
1
0
0
0
0
0
0
0
-1
0
1
0
0
0
0
-1
0
-1
-1
0
0
0
0
1
0
0
0
0
0
0
0
0
1
1
0
1
-1
0
0
0
0
0
0
0
0
0
0
0
0
0
0
0
0
0
0
0
0
0
0
0
0
0
0
0
0
-1
1
0
1
0
0
1
0
0
0
0
0
1
-1
0
0
0
0
0
1
0
0
-1
0
0
0
0
1
0
0
1
-1
-1
0
0
0
0
0
0
0
0
0
0
0
-1
0
0
0
1
0
0
0
0
1
0
-1
-1
0
0
0
-1
0
0
0
0
0
-1
0
0
0
0
-1
0
0
0
0
0
0
0
0
0
0
0
0
0
0
-1
0
0
0
0
0
0
0
0
0
1
0
-1
0
0
0
0
0
0
0
0
0
0
0
0
0
0
0
0
0
0
0
-1
0
0
0
0
0
0
0
0
0
0
0
0
0
1
0
0
0
0
0
0
0
1
0
0
0
1
1
0
0
0
-1
1
1
0
0
0
0
0
0
0
1
0
0
0
1
0
0
0
0
0
-1
0
0
0
0
0
0
0
0
0
0
-1
-1
-1
0
0
0
0
-1
0
0
0
0
0
0
0
0
0
1
0
1
0
0
0
0
0
0
1
-1
0
1
-1
0
0
0
0
0
0
0
-1
0
0
0
-1
0
-1
0
0
0
0
0
-1
0
0
0
0
0
0
-1
0
0
0
0
0
0
0
0
-1
-1
0
0
0
0
0
1
0
0
0
0
0
-1
0
0
0
0
0
0
0
0
0
1
0
1
0
0
1
-1
1
0
0
0
-1
-1
0
0
0
-1
0
-1
0
0
0
-1
0
0
0
0
1
0
0
0
0
0
0
1
0
1
0
0
0
0
0
0
1
0
0
0
1
1
0
0
0
0
0
0
0
0
-1
1
0
0
0
0
0
0
0
1
0
0
-1
0
0
0
-1
-1
0
0
1
0
-1
0
0
0
0
0
0
-1
-1
0
0
-1
1
0
1
0
0
0
0
0
0
1
0
0
0
-1
0
0
0
0
0
1
-1
0
0
0
0
0
0
0
0
0
1
0
0
0
0
0
0
-1
0
0
-1
0
0
-1
0
0
0
0
0
0
0
0
1
0
0
-1
1
0
0
-1
-1
0
0
0
1
-1
0
0
0
-1
1
0
0
0
1
-1
0
0
0
0
0
0
0
0
0
0
0
-1
0
0
0
0
0
0
0
0
0
0
1
-1
0
0
-1
1
0
0
0
0
0
0
0
0
0
0
0
0
0
0
-1
0
0
0
0
0
0
0
-1
0
0
0
-1
0
0
-1
-1
0
0
0
0
0
1
1
-1
0
-1
0
0
0
0
0
0
0
0
1
0
0
0
0
-1
1
0
0
1
0
0
0
0
0
1
1
0
0
0
0
0
-1
0
-1
1
0
1
0
0
1
0
0
1
0
0
0
1
-1
-1
1
0
0
0
-1
0
0
1
0
0
0
0
0
0
-1
0
0
0
-1
0
0
1
1
-1
0
0
0
0
0
0
0
0
0
-1
1
0
0
1
0
0
0
0
1
-1
0
0
0
0
-1
1
0
0
-1
0
0
0
0
0
-1
0
-1
1
0
0
1
0
0
0
0
0
0
0
0
-1
0
0
0
1
0
1
0
0
0
0
-1
0
0
1
1
0
0
0
-1
-1
0
0
0
-1
0
0
1
0
1
0
0
1
0
0
1
0
0
0
0
0
0
0
0
0
0
0
-1
1
0
0
0
0
0
0
0
0
0
0
-1
0
-1
0
0
0
0
0
-1
0
0
0
1
0
0
0
0
0
0
0
0
0
-1
1
1
-1
0
0
0
0
0
0
0
0
0
0
0
0
0
-1
0
0
0
0
0
0
0
0
-1
0
0
0
0
-1
0
-1
0
0
0
0
0
-1
0
0
-1
0
0
0
1
0
0
0
0
0
0
1
0
0
0
0
0
1
0
0
0
1
1
0
0
0
0
0
0
0
0
1
1
1
0
0
-1
0
0
0
-1
-1
0
0
0
0
0
0
0
0
0
0
0
0
0
0
0
0
0
0
0
0
0
1
1
1
0
-1
0
0
0
0
0
0
1
-1
-1
0
0
0
0
0
1
0
-1
0
0
0
0
0
0
0
0
-1
0
0
0
0
1
0
0
0
0
0
-1
1
1
0
0
0
0
1
0
0
0
0
0
0
0
0
0
0
0
0
1
0
0
0
0
0
0
1
0
0
0
0
0
0
0
0
0
0
1
0
-1
0
0
0
0
-1
0
0
0
0
0
0
-1
0
0
-1
0
0
0
-1
1
0
0
0
0
0
0
0
0
0
0
0
0
0
-1
0
-1
0
0
0
0
0
0
0
0
0
1
0
0
0
0
0
0
0
0
0
0
0
1
0
0
0
0
0
0
0
0
0
-1
0
0
1
0
0
0
0
0
0
0
1
0
0
0
0
0
0
-1
0
1
0
0
0
0
0
0
0
0
-1
0
0
0
0
0
0
0
0
1
0
-1
0
1
0
0
-1
0
0
0
0
-1
0
0
0
0