33
28
37
58
87
114
129
131
124
114
107
102
100
96
93
92
93
95
96
92
83
70
55
42
36
31
24
17
6
-4
-10
-13
-12
-11
-9
-9
-7
-2
3
9
6
-1
-13
-22
-25
-22
-13
-3
3
6
5
0
-2
-1
2
8
13
18
19
17
13
10
11
11
14
18
18
21
24
26
24
14
-2
-21
-38
-49
-50
-43
-35
-30
-33
-41
-57
-72
-85
-95
-105
-109
-112
-107
-97
-85
-77
-75
-82
-93
-105
-113
-114
-105
-90
-70
-53
-40
-32
-26
-22
-16
-6
9
32
57
81
98
111
120
127
133
139
140
137
131
122
116
111
106
99
87
69
50
34
24
17
12
5
-8
-21
-33
-40
-47
-53
-59
-62
-58
-51
-39
-23
-5
8
8
1
-5
-8
-9
-4
5
16
23
16
-2
-19
-20
-3
25
54
77
83
73
50
26
18
29
51
65
69
64
58
55
57
53
42
24
-2
-32
-60
-70
-63
-46
-30
-27
-39
-62
-88
-110
-117
-98
-64
-33
-15
-26
-54
-94
-137
-166
-170
-151
-118
-88
-67
-53
-38
-21
6
42
82
103
93
61
28
12
13
18
15
8
-2
-12
-18
1
49
96
103
55
-27
-101
-155
-183
-178
-139
-90
-64
-68
-65
5
157
328
444
477
436
339
238
189
222
334
450
443
237
-84
-368
-531
-558
-461
-293
-150
-121
-211
-341
-404
-340
-181
-30
44
64
71
60
37
50
101
141
140
107
54
23
55
116
135
123
124
127
101
73
83
122
164
206
229
215
169
103
12
-77
-112
-93
-78
-95
-131
-175
-228
-282
-321
-338
-342
-338
-331
-326
-293
-218
-130
-57
-7
35
70
114
172
223
254
274
280
263
239
230
221
181
124
74
38
13
2
-8
-26
-45
-63
-86
-105
-97
-69
-38
-9
19
40
52
54
37
13
7
19
23
10
-7
-30
-68
-113
-144
-153
-131
-92
-63
-55
-54
-48
-30
-12
6
25
45
61
76
92
113
128
121
91
49
15
1
8
27
50
67
78
76
61
42
21
2
-18
-36
-48
-45
-35
-25
-24
-31
-40
-49
-60
-76
-97
-119
-139
-149
-144
-120
-88
-54
-36
-34
-37
-34
-22
1
31
63
87
96
94
89
88
94
105
116
118
113
102
88
72
61
55
51
40
26
11
1
-4
-8
-13
-19
-28
-35
-33
-18
4
22
29
21
2
-19
-30
-28
-22
-18
-27
-50
-74
-84
-70
-40
-12
-3
-23
-61
-100
-118
-102
-59
-6
31
46
35
13
-1
2
23
54
75
79
59
22
-18
-49
-60
-49
-25
3
20
25
16
2
-8
-6
0
7
5
-7
-29
-51
-59
-52
-32
-7
12
13
0
-18
-33
-34
-21
2
27
40
37
19
-7
-27
-33
-17
12
41
58
56
34
9
-7
-5
13
38
59
68
62
48
35
29
32
39
45
45
37
23
10
4
6
12
22
29
29
23
10
-8
-22
-29
-26
-18
-10
-9
-19
-38
-56
-66
-63
-50
-33
-18
-11
-11
-19
-28
-36
-36
-29
-15
-6
0
2
0
-2
-4
-3
0
6
10
12
12
6
2
-1
2
4
5
4
-2
-8
-8
-4
4
10
10
1
-15
-29
-40
-36
-26
-8
8
18
22
18
8
-2
-13
-19
-20
-16
-10
-2
1
-1
-5
-7
-6
1
13
25
33
37
33
29
24
23
24
25
26
28
31
34
35
33
28
20
8
-3
-9
-7
0
11
19
19
14
3
-11
-20
-25
-25
-21
-17
-16
-16
-16
-16
-17
-15
-15
-15
-18
-21
-24
-26
-27
-28
-28
-27
-25
-17
-9
4
14
23
29
32
31
31
31
34
36
36
33
27
19
12
5
1
-4
-8
-13
-17
-21
-23
-24
-18
-11
-2
4
6
0
-9
-19
-24
-22
-17
-7
-1
-2
-7
-14
-16
-14
-8
-1
0
-2
-8
-12
-14
-11
-6
0
4
6
6
7
7
12
16
22
29
31
30
26
15
3
-7
-14
-14
-6
1
6
8
5
1
1
6
14
24
29
26
18
7
-1
-4
1
7
11
13
8
1
-10
-20
-29
-36
-39
-38
-35
-27
-17
-8
-3
0
0
1
3
9
13
17
15
9
2
-2
3
10
17
21
20
16
10
6
5
6
7
5
2
-2
-6
-6
-5
-1
3
6
7
6
6
6
5
4
2
1
-3
-4
-4
-4
-3
-6
-9
-13
-18
-23
-21
-19
-12
-7
-4
-4
-4
-6
-4
-3
1
1
1
-2
-6
-7
-10
-10
-9
-6
-5
-2
5
14
21
23
21
16
11
9
10
15
21
25
23
17
10
2
-2
-3
-1
-2
-1
-4
-8
-11
-14
-13
-10
-7
-4
-5
-11
-16
-20
-21
-16
-7
3
10
14
12
9
8
11
15
19
19
13
5
-5
-9
-8
-2
1
4
4
2
0
1
3
7
9
10
7
2
-2
-5
-7
-8
-8
-9
-11
-11
-10
-9
-9
-7
-6
-6
-5
-8
-10
-10
-7
0
10
18
23
21
13
2
-6
-11
-9
-3
1
4
4
3
-2
-3
-5
-4
-3
-3
-3
-4
-3
-2
-1
0
1
2
2
2
3
3
5
6
10
14
18
19
17
7
-6
-15
-21
-18
-10
1
6
7
2
-4
-9
-8
-2
6
14
16
12
2
-7
-12
-10
1
12
20
22
16
6
-5
-9
-10
-6
-3
1
1
3
1
3
1
1
0
-2
-4
-6
-9
-9
-10
-8
-5
-3
-2
-1
0
0
1
1
2
5
5
6
4
3
2
0
-1
-1
0
2
5
7
7
4
3
0
-1
-5
-8
-11
-10
-9
-8
-5
-4
-4
-5
-7
-9
-7
-3
-2
0
-1
-4
-7
-10
-8
-4
2
8
10
12
10
7
6
6
6
5
3
1
-2
-3
-1
2
7
12
13
11
9
6
4
2
5
5
4
2
-1
-6
-9
-9
-5
1
8
12
11
8
1
-4
-7
-9
-7
-6
-5
-5
-6
-6
-5
-2
3
5
7
4
1
-5
-7
-8
-6
0
5
11
12
10
7
3
0
1
4
4
3
1
-4
-11
-14
-12
-5
6
12
17
14
9
0
-9
-13
-12
-8
-2
2
1
-1
-7
-10
-8
-5
1
6
7
5
-1
-7
-10
-8
-2
5
12
16
14
6
2
-1
0
3
6
7
5
1
-1
-3
-2
0
3
3
3
1
-3
-5
-3
-2
1
2
2
0
-1
-2
-5
-6
-4
-2
4
8
11
9
8
2
0
-3
-5
-6
-4
-2
-2
-2
-4
-5
-5
-4
-3
-2
-1
-2
-3
-3
-2
0
3
7
10
10
9
7
5
2
0
0
0
0
0
0
1
2
4
6
7
8
7
5
2
0
-2
-4
-7
-8
-9
-10
-9
-6
-3
1
2
3
0
-2
-4
-5
-4
-3
-1
-1
-1
-1
-1
0
1
4
6
4
4
2
0
-1
2
4
7
8
6
4
1
-1
-2
-1
0
2
2
0
-4
-7
-8
-5
0
4
7
8
7
4
0
-1
-4
-4
-6
-6
-7
-7
-8
-6
-3
3
8
11
9
7
1
-4
-7
-6
-4
-1
0
0
0
1
3
6
10
9
6
2
-2
-7
-8
-7
-2
2
5
4
2
0
-1
0
2
3
2
1
0
-2
-3
-4
-4
-3
-1
2
4
5
5
3
2
0
-1
-2
-1
-2
-1
-2
-1
0
2
2
3
3
4
4
4
2
-1
0
-1
-1
-2
-2
-2
1
1
1
3
3
3
4
2
2
1
-2
0
-1
-1
0
1
2
2
1
1
0
-1
-1
-2
-3
-2
-2
-1
0
1
2
2
1
1
0
-1
-2
-3
-3
-3
-2
-1
0
0
2
1
1
1
0
-2
-1
-1
1
1
2
2
2
1
0
1
0
2
1
1
1
0
0
-1
0
0
2
3
1
1
-1
-1
-1
0
1
1
1
1
0
0
0
-1
0
0
0
0
0
0
0
0
1
0
1
1
0
0
0
0
0
0
0
0
0
0
1
0
1
0
0
0
0
0
0
0
1
0
0
0
1
0
1
1
0
0
0
0
-1
0
0
2
1
0
0
-1
-1
-2
-1
0
0
1
1
1
1
0
0
1
1
1
1
1
1
1
0
-1
0
1
0
0
0
0
0
0
0
-1
1
0
0
0
1
0
1
0
0
0
0
0
0
0
-1
0
1
0
0
0
1
0
0
0
0
-1
1
1
0
0
1
0
0
0
0
0
0
0
0
-1
0
0
0
0
1
0
0
0
0
0
0
-1
-1
1
0
0
1
0
0
-1
0
-1
1
0
1
0
0
0
0
1
-1
0
0
0
0
0
0
0
0
0
0
0
0
0
0
-1
0
0
0
0
1
0
0
0
0
0
0
0
0
-1
0
0
0
-1
0
0
1
0
-1
0
0
0
0
1
1
1
0
0
-1
0
0
-1
0
0
0
0
-1
0
0
0
0
0
0
1
0
0
0
0
0
1
0
0
0
0
0
0
0
-1
1
-1
0
-1
0
0
0
0
-1
0
0
0
0
0
0
0
0
0
1
0
0
0
0
0
0
0
0
0
0
0
0
0
0
-1
0
0
0
1
0
0
0
0
-1
0
-1
0
1
0
0
1
0
0
0
0
0
0
0
0
0
0
1
-1
0
-1
0
0
-1
0
0
0
0
-1
0
0
0
0
0
1
0
0
0
0
0
0
0
-1
0
0
0
0
0
0
-1
0
0
0
0
0
0
-1
0
-1
0
0
0
0
1
0
0
0
0
0
0
0
0
0
0
0
0
1
0
0
0
0
1
0
-1
0
1
0
0
0
0
0
0
0
-1
-1
0
0
0
1
0
-1
0
0
-1
0
0
0
-1
0
0
1
0
0
0
0
0
0
1
0
0
0
0
1
0
0
0
1
1
0
0
0
0
0
0
1
0
1
0
0
0
1
0
0
0
-1
1
1
0
-1
0
0
0
0
0
0
0
0
0
0
0
1
0
1
0
0
0
0
0
-1
0
1
0
0
-1
0
-1
0
0
-1
0
0
0
0
0
0
0
0
0
0
0
0
0
0
0
0
0
0
0
0
0
0
0
0
0
0
0
0
0
0
0
0
0
-1
0
0
0
0
0
0
0
-1
0
0
0
0
0
0
0
0
0
0
0
0
0
0
0
0
0
0
0
0
0
0
1
-1
0
0
0
0
0
0
0
1
0
0
0
0
0
-1
0
0
0
0
0
0
0
0
0
0
-1
-1
-1
-1
0
-1
0
0
0
0
0
0
-1
-1
0
-1
0
0
0
-1
0
0
0
0
0
0
0
1
0
0
0
0
0
0
0
0
0
0
1
1
0
0
0
0
0
0
0
0
0
0
0
1
0
0
0
0
0
1
1
0
0
0
0
0
-1
0
0
0
0
0
0
1
0
0
1
0
0
0
1
0
0
1
0
1
1
0
0
0
0
0
0
0
0
0
0
1
0
1
1
-1
0
0
0
0
0
0
0
0
0
0
0
1
0
0
1
0
0
0
1
0
0
0
-1
0
0
0
0
0
0
0
0
0
0
1
0
0
0
-1
-1
0
0
0
0
0
0
0
0
0
0
-1
0
1
0
0
0
0
0
0
0
-1
0
1
0
0
0
0
-1
0
-1
-1
0
0
0
0
1
0
0
0
0
0
0
0
0
1
1
0
1
-1
0
0
0
0
0
0
0
0
0
0
0
0
0
0
0
0
0
0
0
0
0
0
0
0
0
0
0
0
-1
1
0
1
0
0
1
0
0
0
0
0
1
-1
0
0
0
0
0
1
0
0
-1
0
0
0
0
1
0
0
1
-1
-1
0
0
0
0
0
0
0
0
0
0
0
-1
0
0
0
1
0
0
0
0
1
0
-1
-1
0
0
0
-1
0
0
0
0
0
-1
0
0
0
0
-1
0
0
0
0
0
0
0
0
0
0
0
0
0
0
-1
0
0
0
0
0
0
0
0
0
1
0
-1
0
0
0
0
0
0
0
0
0
0
0
0
0
0
0
0
0
0
0
-1
0
0
0
0
0
0
0
0
0
0
0
0
0
1
0
0
0
0
0
0
0
1
0
0
0
1
1
0
0
0
-1
1
1
0
0
0
0
0
0
0
1
0
0
0
1
0
0
0
0
0
-1
0
0
0
0
0
0
0
0
0
0
-1
-1
-1
0
0
0
0
-1
0
0
0
0
0
0
0
0
0
1
0
1
0
0
0
0
0
0
1
-1
0
1
-1
0
0
0
0
0
0
0
-1
0
0
0
-1
0
-1
0
0
0
0
0
-1
0
0
0
0
0
0
-1
0
0
0
0
0
0
0
0
-1
-1
0
0
0
0
0
1
0
0
0
0
0
-1
0
0
0
0
0
0
0
0
0
1
0
1
0
0
1
-1
1
0
0
0
-1
-1
0
0
0
-1
0
-1
0
0
0
-1
0
0
0
0
1
0
0
0
0
0
0
1
0
1
0
0
0
0
0
0
1
0
0
0
1
1
0
0
0
0
0
0
0
0
-1
1
0
0
0
0
0
0
0
1
0
0
-1
0
0
0
-1
-1
0
0
1
0
-1
0
0
0
0
0
0
-1
-1
0
0
-1
1
0
1
0
0
0
0
0
0
1
0
0
0
-1
0
0
0
0
0
1
-1
0
0
0
0
0
0
0
0
0
1
0
0
0
0
0
0
-1
0
0
-1
0
0
-1
0
0
0
0
0
0
0
0
1
0
0
-1
1
0
0
-1
-1
0
0
0
1
-1
0
0
0
-1
1
0
0
0
1
-1
0
0
0
0
0
0
0
0
0
0
0
-1
0
0
0
0
0
0
0
0
0
0
1
-1
0
0
-1
1
0
0
0
0
0
0
0
0
0
0
0
0
0
0
-1
0
0
0
0
0
0
0
-1
0
0
0
-1
0
0
-1
-1
0
0
0
0
0
1
1
-1
0
-1
0
0
0
0
0
0
0
0
1
0
0
0
0
-1
1
0
0
1
0
0
0
0
0
1
1
0
0
0
0
0
-1
0
-1
1
0
1
0
0
1
0
0
1
0
0
0
1
-1
-1
1
0
0
0
-1
0
0
1
0
0
0
0
0
0
-1
0
0
0
-1
0
0
1
1
-1
0
0
0
0
0
0
0
0
0
-1
1
0
0
1
0
0
0
0
1
-1
0
0
0
0
-1
1
0
0
-1
0
0
0
0
0
-1
0
-1
1
0
0
1
0
0
0
0
0
0
0
0
-1
0
0
0
1
0
1
0
0
0
0
-1
0
0
1
1
0
0
0
-1
-1
0
0
0
-1
0
0
1
0
1
0
0
1
0
0
1
0
0
0
0
0
0
0
0
0
0
0
-1
1
0
0
0
0
0
0
0
0
0
0
-1
0
-1
0
0
0
0
0
-1
0
0
0
1
0
0
0
0
0
0
0
0
0
-1
1
1
-1
0
0
0
0
0
0
0
0
0
0
0
0
0
-1
0
0
0
0
0
0
0
0
-1
0
0
0
0
-1
0
-1
0
0
0
0
0
-1
0
0
-1
0
0
0
1
0
0
0
0
0
0
1
0
0
0
0
0
1
0
0
0
1
1
0
0
0
0
0
0
0
0
1
1
1
0
0
-1
0
0
0
-1
-1
0
0
0
0
0
0
0
0
0
0
0
0
0
0
0
0
0
0
0
0
0
1
1
1
0
-1
0
0
0
0
0
0
1
-1
-1
0
0
0
0
0
1
0
-1
0
0
0
0
0
0
0
0
-1
0
0
0
0
1
0
0
0
0
0
-1
1
1
0
0
0
0
1
0
0
0
0
0
0
0
0
0
0
0
0
1
0
0
0
0
0
0
1
0
0
0
0
0
0
0
0
0
0
1
0
-1
0
0
0
0
-1
0
0
0
0
0
0
-1
0
0
-1
0
0
0
-1
1
0
0
0
0
0
0
0
0
0
0
0
0
0
-1
0
-1
0
0
0
0
0
0
0
0
0
1
0
0
0
0
0
0
0
0
0
0
0
1
0
0
0
0
0
0
0
0
0
-1
0
0
1
0
0
0
0
0
0
0
1
0
0
0
0
0
0
-1
0
1
0
0
0
0
0
0
0
0
-1
0
0
0
0
0
0
0
0
1
0
-1
0
1
0
0
-1
0
0
0
0
-1
0
0
0
0
1
0
0
0
0
0
0
0
0
-1
0
0
0
0
0
0
0
0
0
1
0
0
0
0
0
1
0
0
1
0
1
-1
0
0
0
0
0
0
0
0
-1
0
-1
-1
0
0
0
0
0
0
0
0
0
0
-1
0
-1
0
0
0
0
0
0
-1
0
0
0
0
0
0
0
0
0
0
0
0
0
0
0
0
0
1
1
0
-1
0
0
0
0
0
0
0
0
0
0
0
0
0
0
0
0
1
0
0
0
0
0
1
0
0
0
0
0
0
0
-1
-1
0
0
0
0
0
-1
-1
0
0
0
-1
1
0
0
-1
0
0
0
0
0
0
0
0
0
0
0
0
0
0
0
0
1
0
0
-1
0
0
0
0
0
0
1
0
0
-1
-1
0
0
0
0
-1
0
0
0
0
0
1
0
0
1
0
1
0
0
0
0
0
0
-1
0
0
0
0
0
0
1
0
0
0
0
0
0
-1
-1
0
-1
0
0
0
0
0
0
0
0
0
0
0
0
0
0
-1
0
0
0
0
1
0
0
0
0
0
0
0
0
0
0
-1
1
-1
0
0
0
0
0
0
0
0
1
0
1
0
0
0
1
-1
0
0
0
0
0
0
0
0
0
0
-1
0
0
0
0
1
1
0
1
0
0
0
0
0
0
0
0
0
0
-1
-1
-1
-1
0
0
0
0
0
-1
0
0
0
0
0
-1
0
-1
0
1
0
0
1
0
0
-1
0
-1
0
0
0
-1
0
1
-1
0
0
0
0
-1
0
1
0
-1
1
1
0
1
-1
0
0
1
0
0
-1
1
0
0
1
0
0
0
0
1
0
0
0
0
1
0
-1
0
-1
0
1
0
1
-1
0
1
0
0
0
0
0
-1
0
0
0
0
0
0
0
0
0
0
-1
0
1
0
1
0
-1
0
0
1
0
0
0
0
0
0
-1
0
-1
0
0
0
0
0
0
0
1
0
1
0
0
0
0
0
-1
0
0
0
0
0
-1
0
0
0
0
0
0
1
0
0
0
0
1
0
0
0
0
0
0
0
0
0
-1
0
1
0
0
0
0
0
0
0
0
0
0
0
0
0
0
0
-1
1
0
0
0
-1
0
0
0
1
0
0
0
-1
0
0
0
0
1
1
0
1
0
0
-1
0
-1
0
0
0
0
0
0
0
0
0
0
0
0
0
1
0
0
0
0
0
0
0
0
0
0
0
0
0
0
0
0
0
0
1
0
0
0
1
0
0
0
0
0
0
0
0
1
1
0
0
1
0
0
0
0
0
1
0
0
-1
1
0
-1
-1
0
0
0
0
0
1
0
1
0
0
0
1
0
-1
0
-1
0
0
-1
0
0
0
-1
0
0
0
0
0
0
0
0
1
-1
0
0
0
0
-1
0
0
0
0
0
1
0
0
0
0
0
0
0
0
1
1
0
0
0
0
0
0
0
0
0
1
0
-1
0
0
0
0
0
0
0
0
0
0
1
0
1
1
1
0
0
0
0
0
0
0
0
0
0
0
0
-1
0
0
0
-1
0
-1
0
0
0
0
0
0
0
-1
1
0
1
0
0
0
0
1
1
0
-1
0
1
-1
0
0
0
0
0
0
0
0
0
0
0
0
0
1
-1
0
0
0
0
0
0
0
-1
0
-1
0
0
0
0
0
-1
0
1
0
0
0
1
0
0
0
0
0
0
0
0
0
0
0
0
0
0
1
0
1
0
-1
-1
-1
0
0
0
0
0
0
0
-1
0
0
1
-1
0
1
0
0
0
0
0
0
0
-1
0
0
0
0
0
0
0
0
0
0
0
0
0
0
0
0
0
0
0
0
0
0
1
0
1
0
0
0
1
0
0
-1
1
0
-1
0
0
-1
0
0
0
0
-1
0
0
0
0
1
0
0
0
1
0
0
1
-1
0
0
0
0
0
0
-1
0
1
0
0
0
1
-1
0
0
0
-1
0
0
0
-1
0
1
0
-1
0
0
-1
-1
0
0
0
0
-1
-1
-1
0
0
0
0
0
0
0
0
0
1
0
-1
0
1
0
1
0
0
0
-1
0
0
0
0
0
0
-1
1
0
0
0
0
1
0
0
0
-1
0
1
0
0
0
0
0
0
0
0
0
0
-1
1
-1
0
1
0
0
0
0
0
0
0
0
0
0
0
0
0
0
0
1
0
0
0
0
-1
1
0
0
0
0
0
0
0
0
0
0
0
0
-1
0
0
0
-1
0
0
1
1
0
0
0
0
-1
0
1
0
-1
0
0
0
0
-1
0
0
0
0
0
-1
-1
0
0
0
0
1
0
0
0
0
-1
0
0
0
0
0
0
0
0
1
0
-1
0
0
-1
0
0
0
0
0
0
0
0
0
0
0
1
0
0
0
0
-1
-1
0
-1
0
0
0
-1
0
0
0
0
1
1
-1
0
0
-1
-1
0
0
-1
0
0
-1
0
0
-1
1
-1
0
0
-1
0
0
0
0
0
0
0
1
0
0
-1
1
1
0
0
0
0
0
0
0
0
0
1
0
0
0
0
0
0
-1
0
0
-1
0
0
1
0
0
1
0
0
0
1
0
0
0
0
0
0
1
-1
0
0
0
1
0
-1
0
0
0
0
0
-1
0
0
0
0
1
0
0
1
0
0
0
1
0
0
0
0
0
1
0
0
0
0
0
0
0
1
0
0
0
0
-1
0
0
-1
-1
0
-1
0
0
0
1
1
0
0
0
-1
1
0
0
0
0
1
0
1
0
0
1
1
0
0
0
0
0
-1
0
0
0
-1
0
0
1
0
0
0
0
1
0
1
0
0
0
0
-1
0
0
0
0
0
-1
0
0
0
1
1
0
0
-1
0
0
1
0
0
-1
1
0
0
0
0
-1
0
0
0
0
0
0
0
0
0
0
0
1
0
0
0
-1
0
1
0
0
1
-1
0
-1
-1
0
0
0
0
0
0
0
0
-1
0
-1
1
0
1
1
0
0
0
0
0
0
0
0
0
0
0
0
0
0
1
0
-1
0
0
0
0
0
0
-1
0
0
-1
0
0
0
0
0
0
0
1
1
0
0
0
0
0
0
0
-1
0
0
0
0
0
0
-1
-1
0
0
0
0
0
1
0
1
-1
0
0
-1
0
0
0
1
0
0
0
0
0
0
0
1
0
1
0
0
0
-1
-1
0
0
0
0
1
0
-1
0
0
0
0
1
0
-1
0
0
0
0
0
1
0
0
0
0
0
0
0
0
0
0
1
0
0
0
0
0
0
0
0
0
0
0
0
0
-1
-1
0
0
0
0
0
0
-1
0
0
-1
0
0
0
0
0
0
0
0
0
0
0
0
0
0
0
0
0
-1
0
0
1
0
0
-1
1
0
0
0
0
0
0
0
0
0
0
-1
1
0
0
-1
0
0
0
1
0
-1
0
0
0
0
0
0
0
1
-1
0
-1
0
-1
-1
0
0
0
1
0
0
0
0
0
1
0
-1
-1
0
0
0
0
0
0
0
-1
0
-1
0
1
0
0
0
0
1
0
0
0
0
0
-1
-1
0
0
0
0
-1
0
1
0
1
0
0
0
0
-1
0
0
0
-1
0
0
0
0
0
0
0
0
-1
0
0
0
1
0
1
0
-1
0
1
0
0
-1
0
0
0
0
0
0
1
0
1
0
0
0
0
0
1
0
1
0
0
0
1
0
0
0
0
0
-1
0
0
0
0
0
0
0
0
0
-1
0
0
0
0
0
0
0
0
0
0
1
0
1
0
0
1
0
0
1
0
0
1
0
0
1
0
0
0
0
0
0
0
0
0
0
0
1
0
0
-1
0
0
-1
0
-1
0
0
1
1
0
0
0
-1
0
0
0
0
0
0
1
0
0
-1
0
0
0
0
-1
0
1
0
0
0
0
0
-1
0
0
0
0
0
0
0
1
0
0
0
0
0
-1
0
0
0
0
0
1
0
0
0
0
0
0
0
1
0
-1
0
-1
1
0
0
0
0
-1
0
-1
0
0
0
0
-1
1
0
0
0
1
0
-1
0
1
1
0
-1
0
0
0
0
0
0
0
0
-1
0
0
0
0
1
-1
0
0
-1
0
0
0
0
0
1
1
0
0
0
-1
-1
0
0
0
1
0
0
0
0
0
0
1
0
0
-1
0
0
1
0
0
0
0
0
1
0
0
-1
0
0
0
0
0
0
0
0
1
0
0
0
0
0
0
0
0
1
0
0
0
0
0
0
-1
0
0
0
0
1
0
0
1
0
0
0
1
-1
0
-1
0
0
0
1
0
0
0
0
0
0
1
0
0
0
0
0
0
0
0
0
-1
0
0
0
1
0
0
0
1
0
0
0
0
0
0
0
0
0
0
1
0
1
0
-1
0
0
-1
0
0
0
-1
0
0
0
-1
0
-1
1
-1
1
0
0
0
0
0
1
0
1
0
0
0
0
0
0
0
0
0
0
0
1
0
0
-1
0
0
0
0
0
0
0
0
0
0
-1
0
0
1
0
0
-1
0
0
0
0
0
0
0
0
-1
0
1
0
0
0
0
1
0
0
0
0
0
-1
0
0
-1
0
0
0
0
0
0
0
0
0
0
0
1
1
1
1
0
0
-1
1
0
0
0
0
0
0
0
0
0
0
0
0
1
0
0
1
0
1
0
0
1
0
0
0
0
1
0
0
-1
0
0
1
1
0
0
-1
0
-1
-1
0
0
0
1
1
0
-1
0
1
0
0
0
0
1
0
1
-1
0
1
0
0
0
-1
0
0
0
1
0
-1
0
-1
-1
0
0
1
0
0
0
1
1
0
0
1
1
-1
0
-1
0
0
0
1
0
0
0
0
-1
0
0
-1
0
0
-1
-1
1
0
0
0
0
-1
0
1
0
0
0
-1
1
0
1
0
1
-1
0
0
0
-1
0
0
0
0
0
0
0
0
0
0
0
0
0
0
0
0
0
1
0
0
0
0
1
0
0
0
0
0
0
0
0
0
0
0
0
0
0
0
0
0
0
0
0
1
0
0
0
0
-1
0
0
1
0
0
0
0
0
-1
0
0
0
0
0
0
-1
0
0
-1
0
0
0
-1
0
0
0
0
-1
0
0
0
0
0
0
0
0
0
0
0
0
0
0
0
-1
0
0
0
-1
0
-1
0
-1
0
0
0
0
1
0
0
0
0
-1
1
0
0
0
0
0
1
0
0
0
0
0
0
1
0
0
0
0
-1
0
-1
0
0
0
0
0
0
0
0
0
0
0
0
0
0
0
0
0
1
0
1
1
0
1
0
0
0
0
0
1
0
1
0
0
0
1
0
0
-1
0
0
1
0
-1
0
0
0
0
-1
-1
1
0
0
1
0
0
1
0
0
0
-1
1
0
0
0
0
0
0
-1
0
0
0
0
0
0
0
0
0
0
0
0
0
0
0
0
0
0
0
0
-1
0
-1
0
-1
0
0
0
0
0
-1
0
-1
1
0
0
0
0
0
-1
0
-1
0
-1
0
0
0
0
-1
0
-1
0
1
0
0
0
0
0
0
1
0
0
0
0
0
0
-1
0
0
0
0
0
0
0
0
1
0
1
1
0
0
0
0
0
0
0
0
0
0
1
0
1
0
0
0
0
0
0
0
1
0
0
0
1
0
1
1
0
0
0
0
-1
0
0
1
0
0
0
0
0
0
0
0
0
0
0
0
0
-1
0
0
0
0
0
0
0
0
0
-1
0
1
0
0
0
0
0
0
0
-1
1
0
0
0
1
0
1
0
0
0
0
0
0
0
-1
0
1
0
0
0
1
0
0
0
0
-1
1
1
0
0
1
0
0
0
0
0
0
0
0
-1
0
0
0
0
1
0
0
0
0
0
0
-1
-1
1
0
0
1
0
0
-1
0
-1
1
0
1
0
0
0
0
1
-1
0
0
0
0
0
0
0
0
0
0
0
0
0
0
-1
0
0
0
0
1
0
0
0
0
0
0
0
0
-1
0
0
0
-1
0
0
1
0
-1
0
0
0
0
1
1
1
0
0
-1
0
0
-1
0
0
0
0
-1
0
0
0
0
0
0
1
0
0
0
0
0
1
0
0
0
0
0
0
0
-1
1
-1
0
-1
0
0
0
0
-1
0
0
0
0
0
0
0
0
0
1
0
0
0
0
0
0
0
0
0
0
0
0
0
0
-1
0
0
0
1
0
0
0
0
-1
0
-1
0
1
0
0
1
0
0
0
0
0
0
0
0
0
0
1
-1
0
-1
0
0
-1
0
0
0
0
-1
0
0
0
0
0
1
0
0
0
0
0
0
0
-1
0
0
0
0
0
0
-1
0
0
0
0
0
0
-1
0
-1
0
0
0
0
1
0
0
0
0
0
0
0
0
0
0
0
0
1
0
0
0
0
1
0
-1
0
1
0
0
0
0
0
0
0
-1
-1
0
0
0
1
0
-1
0
0
-1
0
0
0
-1
0
0
1
0
0
0
0
0
0
1
0
0
0
0
1
0
0
0
1
1
0
0
0
0
0
0
1
0
1
0
0
0
1
0
0
0
-1
1
1
0
-1
0
0
0
0
0
0
0
0
0
0
0
1
0
1
0
0
0
0
0
-1
0
1
0
0
-1
0
-1
0
0
-1
0
0
0
0
0
0
0
0
0
0
0
0
0
0
0
0
0
0
0
0
0
0
0
0
0
0
0
0
0
0
0
0
0
-1
0
0
0
0
0
0
0
-1
0
0
0
0
0
0
0
0
0
0
0
0
0
0
0
0
0
0
0
0
0
0
1
-1
0
0
0
0
0
0
0
1
0
0
0
0
0
-1
0
0
0
0
0
0
0
0
0
0
-1
-1
-1
-1
0
-1
0
0
0
0
0
0
-1
-1
0
-1
0
0
0
-1
0
0
0
0
0
0
0
1
0
0
0
0
0
0
0
0
0
0
1
1
0
0
0
0
0
0
0
0
0
0
0
1
0
0
0
0
0
1
1
0
0
0
0
0
-1
0
0
0
0
0
0
1
0
0
1
0
0
0
1
0
0
1
0
1
1
0
0
0
0
0
0
0
0
0
0
1
0
1
1
-1
0
0
0
0
0
0
0
0
0
0
0
1
0
0
1
0
0
0
1
0
0
0
-1
0
0
0
0
0
0
0
0
0
0
1
0
0
0
-1
-1
0
0
0
0
0
0
0
0
0
0
-1
0
1
0
0
0
0
0
0
0
-1
0
1
0
0
0
0
-1
0
-1
-1
0
0
0
0
1
0
0
0
0
0
0
0
0
1
1
0
1
-1
0
0
0
0
0
0
0
0
0
0
0
0
0
0
0
0
0
0
0
0
0
0
0
0
0
0
0
0
-1
1
0
1
0
0
1
0
0
0
0
0
1
-1
0
0
0
0
0
1
0
0
-1
0
0
0
0
1
0
0
1
-1
-1
0
0
0
0
0
0
0
0
0
0
0
-1
0
0
0
1
0
0
0
0
1
0
-1
-1
0
0
0
-1
0
0
0
0
0
-1
0
0
0
0
-1
0
0
0
0
0
0
0
0
0
0
0
0
0
0
-1
0
0
0
0
0
0
0
0
0
1
0
-1
0
0
0
0
0
0
0
0
0
0
0
0
0
0
0
0
0
0
0
-1
0
0
0
0
0
0
0
0
0
0
0
0
0
1
0
0
0
0
0
0
0
1
0
0
0
1
1
0
0
0
-1
1
1
0
0
0
0
0
0
0
1
0
0
0
1
0
0
0
0
0
-1
0
0
0
0
0
0
0
0
0
0
-1
-1
-1
0
0
0
0
-1
0
0
0
0
0
0
0
0
0
1
0
1
0
0
0
0
0
0
1
-1
0
1
-1
0
0
0
0
0
0
0
-1
0
0
0
-1
0
-1
0
0
0
0
0
-1
0
0
0
0
0
0
-1
0
0
0
0
0
0
0
0
-1
-1
0
0
0
0
0
1
0
0
0
0
0
-1
0
0
0
0
0
0
0
0
0
1
0
1
0
0
1
-1
1
0
0
0
-1
-1
0
0
0
-1
0
-1
0
0
0
-1
0
0
0
0
1
0
0
0
0
0
0
1
0
1
0
0
0
0
0
0
1
0
0
0
1
1
0
0
0
0
0
0
0
0
-1
1
0
0
0
0
0
0
0
1
0
0
-1
0
0
0
-1
-1
0
0
1
0
-1
0
0
0
0
0
0
-1
-1
0
0
-1
1
0
1
0
0
0
0
0
0
1
0
0
0
-1
0
0
0
0
0
1
-1
0
0
0
0
0
0
0
0
0
1
0
0
0
0
0
0
-1
0
0
-1
0
0
-1
0
0
0
0
0
0
0
0
1
0
0
-1
1
0
0
-1
-1
0
0
0
1
-1
0
0
0
-1
1
0
0
0
1
-1
0
0
0
0
0
0
0
0
0
0
0
-1
0
0
0
0
0
0
0
0
0
0
1
-1
0
0
-1
1
0
0
0
0
0
0
0
0
0
0
0
0
0
0
-1
0
0
0
0
0
0
0
-1
0
0
0
-1
0
0
-1
-1
0
0
0
0
0
1
1
-1
0
-1
0
0
0
0
0
0
0
0
1
0
0
0
0
-1
1
0
0
1
0
0
0
0
0
1
1
0
0
0
0
0
-1
0
-1
1
0
1
0
0
1
0
0
1
0
0
0
1
-1
-1
1
0
0
0
-1
0
0
1
0
0
0
0
0
0
-1
0
0
0
-1
0
0
1
1
-1
0
0
0
0
0
0
0
0
0
-1
1
0
0
1
0
0
0
0
1
-1
0
0
0
0
-1
1
0
0
-1
0
0
0
0
0
-1
0
-1
1
0
0
1
0
0
0
0
0
0
0
0
-1
0
0
0
1
0
1
0
0
0
0
-1
0
0
1
1
0
0
0
-1
-1
0
0
0
-1
0
0
1
0
1
0
0
1
0
0
1
0
0
0
0
0
0
0
0
0
0
0
-1
1
0
0
0
0
0
0
0
0
0
0
-1
0
-1
0
0
0
0
0
-1
0
0
0
1
0
0
0
0
0
0
0
0
0
-1
1
1
-1
0
0
0
0
0
0
0
0
0
0
0
0
0
-1
0
0
0
0
0
0
0
0
-1
0
0
0
0
-1
0
-1
0
0
0
0
0
-1
0
0
-1
0
0
0
1
0
0
0
0
0
0
1
0
0
0
0
0
1
0
0
0
1
1
0
0
0
0
0
0
0
0
1
1
1
0
0
-1
0
0
0
-1
-1
0
0
0
0
0
0
0
0
0
0
0
0
0
0
0
0
0
0
0
0
0
1
1
1
0
-1
0
0
0
0
0
0
1
-1
-1
0
0
0
0
0
1
0
-1
0
0
0
0
0
0
0
0
-1
0
0
0
0
1
0
0
0
0
0
-1
1
1
0
0
0
0
1
0
0
0
0
0
0
0
0
0
0
0
0
1
0
0
0
0
0
0
1
0
0
0
0
0
0
0
0
0
0
1
0
-1
0
0
0
0
-1
0
0
0
0
0
0
-1
0
0
-1
0
0
0
-1
1
0
0
0
0
0
0
0
0
0
0
0
0
0
-1
0
-1
0
0
0
0
0
0
0
0
0
1
0
0
0
0
0
0
0
0
0
0
0
1
0
0
0
0
0
0
0
0
0
-1
0
0
1
0
0
0
0
0
0
0
1
0
0
0
0
0
0
-1
0
1
0
0
0
0
0
0
0
0
-1
0
0
0
0
0
0
0
0
1
0
-1
0
1
0
0
-1
0
0
0
0
-1
0
0
0
0
1
0
0
0
0
0
0
0
0
-1
0
0
0
0
0
0
0
0
0
1
0
0
0
0
0
1
0
0
1
0
1
-1
0
0
0
0
0
0
0
0
-1
0
-1
-1
0
0
0
0
0
0
0
0
0
0
-1
0
-1
0
0
0
0
0
0
-1
0
0
0
0
0
0
0
0
0
0
0
0
0
0
0
0
0
1
1
0
-1
0
0
0
0
0
0
0
0
0
0
0
0
0
0
0
0
1
0
0
0
0
0
1
0
0
0
0
0
0
0
-1
-1
0
0
0
0
0
-1
-1
0
0
0
-1
1
0
0
-1
0
0
0
0
0
0
0
0
0
0
0
0
0
0
0
0
1
0
0
-1
0
0
0
0
0
0
1
0
0
-1
-1
0
0
0
0
-1
0
0
0
0
0
1
0
0
1
0
1
0
0
0
0
0
0
-1
0
0
0
0
0
0
1
0
0
0
0
0
0
0
-1
0
-2
0
0
1
2
-1
0
-2
1
-1
2
0
0
-1
0
-1
0
0
0
0
1
0
0
0
0
0
0
0
0
0
0
-1
1
-1
0
0
0
0
0
0
0
0
1
0
1
0
1
1
1
-1
0
0
0
-1
-2
-1
0
2
2
1
-1
-1
-1
-1
1
2
1
-1
0
1
0
1
1
1
-1
-2
0
2
2
-3
-2
-3
1
0
2
-1
0
-1
-1
1
1
-1
-1
1
-1
-1
-3
-1
2
1
1
2
0
0
-1
1
1
2
0
0
-1
0
2
0
0
-1
-1
0
-1
0
1
0
-2
1
3
3
2
-2
-2
1
4
2
1
-1
1
0
0
1
1
0
0
0
1
-1
0
1
0
1
0
0
0
-2
-2
1
2
3
-2
-3
-1
0
2
1
-1
-2
-1
2
2
0
0
1
1
0
1
3
3
0
-1
1
3
4
2
-1
-1
0
3
2
1
0
0
0
-1
-3
-1
0
-1
-6
-9
-7
-5
-6
-10
-11
-13
-12
-15
-17
-17
-14
-12
-18
-25
-26
-19
-9
-9
-19
-25
-19
-4
9
8
-3
-12
-10
5
19
19
11
3
4
10
17
21
19
11
1
-2
4
12
12
4
-2
0
4
0
-8
-11
-4
6
3
-11
-22
-17
2
15
8
-9
-23
-18
2
20
21
2
-21
-25
-7
19
28
13
-10
-23
-15
5
19
15
-1
-11
-11
-6
-2
2
0
-2
-8
-14
-16
-14
-8
-1
-1
-13
-30
-40
-33
-14
2
-3
-28
-56
-58
-28
7
9
-24
-56
-53
-22
5
5
-14
-31
-34
-24
-7
8
10
-1
-13
-8
9
20
12
5
20
47
53
26
0
17
66
95
75
32
16
46
86
105
92
63
44
48
78
107
113
87
51
41
66
98
101
77
50
46
54
63
67
68
57
37
24
30
54
64
46
22
18
34
44
35
16
8
13
16
12
5
3
2
-9
-20
-28
-32
-35
-44
-56
-69
-82
-90
-92
-89
-95
-113
-138
-150
-140
-124
-123
-149
-184
-202
-193
-168
-155
-170
-204
-228
-217
-177
-147
-156
-196
-223
-207
-167
-139
-142
-162
-178
-170
-143
-107
-78
-72
-87
-97
-81
-39
0
13
5
-1
14
47
85
114
126
119
108
118
153
191
203
190
178
188
205
213
212
224
242
239
206
181
203
254
264
214
154
153
205
240
217
165
145
167
196
196
180
179
186
180
160
152
168
188
182
152
132
138
151
137
96
55
45
47
36
7
-21
-27
-18
-15
-26
-52
-77
-94
-102
-107
-117
-142
-177
-211
-227
-219
-210
-228
-284
-343
-371
-363
-359
-398
-472
-531
-546
-541
-554
-589
-618
-633
-647
-665
-662
-635
-609
-614
-638
-637
-597
-549
-521
-505
-466
-392
-312
-246
-176
-75
36
113
146
185
278
388
448
449
460
527
620
681
694
696
717
746
766
778
788
785
752
705
682
693
701
669
603
555
559
594
616
605
574
546
530
529
527
506
452
384
331
319
336
350
335
302
272
263
277
299
302
275
239
222
241
269
277
258
231
204
177
137
88
32
-26
-100
-189
-275
-353
-430
-513
-595
-670
-751
-856
-981
-1099
-1186
-1265
-1380
-1544
-1712
-1838
-1915
-1976
-2054
-2153
-2249
-2324
-2368
-2380
-2361
-2320
-2272
-2210
-2090
-1859
-1511
-1102
-692
-301
106
555
1023
1446
1769
1987
2122
2196
2227
2227
2206
2153
2051
1904
1757
1659
1607
1545
1426
1260
1098
968
852
728
590
456
331
220
136
108
141
189
216
223
244
298
348
354
314
257
211
161
102
47
25
34
49
54
63
92
141
189
236
313
419
525
592
644
753
935
1114
1196
1184
1173
1230
1316
1337
1263
1135
1006
876
722
538
334
106
-165
-470
-754
-967
-1138
-1333
-1579
-1824
-2004
-2129
-2263
-2434
-2611
-2760
-2896
-3056
-3241
-3406
-3537
-3664
-3815
-3946
-3966
-3815
-3527
-3170
-2747
-2188
-1444
-577
278
1017
1631
2170
2658
3052
3293
3350
3251
3088
2961
2922
2923
2862
2690
2471
2324
2286
2264
2106
1754
1295
877
560
295
-6
-354
-688
-918
-982
-893
-732
-597
-533
-494
-420
-312
-250
-311
-479
-667
-807
-895
-945
-954
-911
-824
-712
-572
-386
-166
46
211
331
444
581
743
912
1070
1212
1354
1502
1667
1839
1988
2068
2073
2042
2029
2025
1967
1815
1589
1370
1217
1103
956
734
467
214
19
-124
-250
-410
-628
-887
-1116
-1272
-1370
-1480
-1655
-1868
-2041
-2127
-2153
-2172
-2200
-2226
-2246
-2279
-2326
-2371
-2404
-2462
-2606
-2850
-3137
-3385
-3559
-3673
-3720
-3648
-3419
-3026
-2467
-1690
-674
473
1537
2374
3007
3555
4057
4401
4443
4143
3630
3120
2779
2627
2529
2319
1974
1667
1572
1655
1670
1388
832
222
-247
-577
-895
-1283
-1695
-1993
-2048
-1834
-1458
-1086
-816
-596
-312
28
278
306
149
-41
-172
-278
-414
-528
-542
-438
-282
-121
48
236
415
563
691
819
914
946
965
1076
1304
1544
1669
1708
1805
2031
2282
2401
2352
2244
2182
2153
2076
1915
1703
1481
1254
1009
773
569
372
124
-178
-472
-697
-896
-1132
-1400
-1628
-1771
-1889
-2039
-2180
-2229
-2187
-2162
-2236
-2349
-2386
-2338
-2308
-2390
-2550
-2701
-2830
-3022
-3334
-3737
-4158
-4540
-4815
-4889
-4713
-4306
-3709
-2849
-1594
13
1635
2922
3812
4502
5129
5583
5604
5085
4246
3461
2930
2615
2425
2249
1964
1622
1484
1664
1868
1691
1050
234
-425
-836
-1190
-1700
-2309
-2724
-2719
-2330
-1768
-1220
-725
-228
300
795
1110
1124
877
558
316
119
-145
-467
-710
-769
-666
-487
-304
-139
0
147
343
565
728
801
881
1094
1427
1726
1887
1988
2175
2478
2757
2882
2840
2716
2597
2513
2430
2264
1942
1505
1115
889
762
557
209
-164
-409
-553
-751
-1070
-1412
-1665
-1819
-1947
-2074
-2155
-2173
-2169
-2155
-2078
-1964
-1947
-2088
-2277
-2380
-2406
-2482
-2680
-2926
-3136
-3385
-3766
-4219
-4653
-5094
-5536
-5781
-5624
-5092
-4312
-3222
-1620
450
2542
4197
5315
6108
6773
7222
7120
6283
4989
3768
2932
2467
2165
1823
1386
1015
960
1256
1538
1346
614
-270
-959
-1478
-2015
-2656
-3312
-3714
-3606
-2984
-2106
-1248
-503
203
946
1661
2127
2145
1731
1172
750
439
48
-446
-843
-1000
-933
-737
-519
-333
-154
63
349
666
931
1076
1167
1347
1654
1987
2261
2502
2777
3078
3317
3436
3444
3353
3151
2844
2476
2094
1694
1261
818
423
93
-207
-504
-774
-997
-1220
-1505
-1802
-1994
-2034
-2002
-1998
-2013
-1951
-1773
-1528
-1301
-1165
-1164
-1299
-1513
-1709
-1859
-2065
-2392
-2756
-3033
-3270
-3676
-4350
-5102
-5713
-6257
-6877
-7342
-7255
-6596
-5555
-4034
-1779
1037
3780
5889
7283
8248
8994
9358
8962
7664
5791
3921
2500
1631
1161
802
319
-205
-357
100
747
836
133
-888
-1686
-2220
-2755
-3389
-3953
-4196
-3944
-3130
-1864
-436
866
1938
2807
3475
3858
3801
3181
2166
1142
286
-512
-1283
-1846
-2050
-1940
-1627
-1226
-816
-404
53
572
1060
1347
1398
1445
1773
2344
2810
2965
3034
3351
3892
4285
4282
3990
3594
3111
2500
1837
1224
624
-40
-669
-1072
-1208
-1263
-1424
-1658
-1786
-1748
-1692
-1767
-1894
-1860
-1598
-1288
-1105
-978
-786
-567
-399
-286
-289
-531
-1040
-1630
-2096
-2477
-2965
-3633
-4287
-4707
-5074
-5637
-6283
-6729
-7067
-7720
-8439
-8351
-7287
-5698
-3865
-1546
1750
5466
8422
10332
11410
11982
12144
11354
9416
6718
3897
1641
-79
-1307
-1833
-2183
-2706
-2911
-2354
-1168
-322
-601
-1500
-2193
-2439
-2550
-2932
-3443
-3627
-3217
-2118
-450
1499
3335
4703
5548
6006
6060
5475
4095
2211
409
-1019
-2214
-3333
-4169
-4391
-3977
-3190
-2229
-1162
-113
772
1531
2265
2833
2984
2788
2673
2926
3415
3868
4203
4465
4662
4761
4709
4383
3654
2564
1393
399
-427
-1252
-2092
-2708
-2867
-2610
-2198
-1801
-1378
-894
-461
-251
-224
-196
-84
46
94
101
178
372
573
582
311
-189
-877
-1686
-2535
-3336
-3976
-4733
-5648
-6240
-6452
-6619
-7039
-7557
-7899
-8146
-8731
-9271
-8592
-6710
-4279
-1764
1413
5831
10156
13129
14412
14329
13855
13134
11079
7442
3342
-348
-3163
-5019
-5942
-5878
-5503
-5376
-4758
-2963
-632
849
735
-189
-756
-854
-1016
-1492
-1927
-1793
-830
874
2962
4942
6387
7021
6889
6309
5345
3615
843
-2418
-5049
-6543
-7363
-7893
-7756
-6615
-4877
-2971
-852
1395
3249
4377
4972
5318
5423
5144
4543
3961
3699
3744
3870
3904
3828
3700
3510
3130
2415
1337
11
-1306
-2323
-2921
-3203
-3291
-3103
-2448
-1335
-82
949
1668
2183
2492
2501
2169
1644
1166
805
440
-13
-420
-640
-844
-1217
-1606
-2024
-2681
-3638
-4597
-5175
-5567
-5960
-6216
-6417
-6280
-5657
-5217
-5230
-5432
-5338
-5021
-5871
-7631
-7969
-6319
-3852
-1377
1456
5751
10803
14255
15169
14441
13348
11969
9159
4754
-54
-4210
-7293
-9094
-9262
-7941
-6127
-4596
-3008
-596
2392
4516
4721
3447
1920
927
330
-320
-952
-1044
-333
1089
3086
5152
6404
6446
5540
4000
2079
-118
-2857
-5968
-8333
-9149
-8783
-7757
-6043
-3631
-815
2040
4537
6338
7285
7378
6806
5911
4862
3608
2275
1296
1023
1303
1585
1518
1295
1313
1546
1514
906
-62
-938
-1480
-1679
-1570
-1157
-511
217
940
1715
2506
3028
2992
2474
1757
1115
628
105
-553
-1103
-1428
-1584
-1559
-1430
-1557
-2088
-2458
-2465
-2712
-3466
-4483
-5233
-5366
-5184
-4763
-4198
-3795
-3254
-2853
-2961
-3287
-4122
-5224
-6732
-9528
-11503
-10474
-7619
-4257
-706
3973
10243
15109
16386
15518
13974
11992
9042
4755
-207
-4985
-8574
-10174
-9872
-7890
-4918
-2281
-368
1514
3714
5422
5482
3773
1337
-564
-1503
-1949
-2180
-1801
-415
1841
4372
6525
7747
7557
5850
3169
283
-2540
-5460
-8258
-10049
-10033
-8315
-5719
-2941
-119
2793
5510
7433
8097
7493
5992
4131
2388
1010
6
-631
-735
-108
1121
2422
3250
3432
3178
2690
1986
1033
-67
-1029
-1566
-1546
-1030
-212
674
1476
2180
2753
2989
2743
2129
1379
581
-162
-642
-733
-631
-665
-795
-729
-547
-684
-1159
-1666
-2140
-2620
-3216
-4143
-5080
-5385
-5102
-4722
-4283
-3773
-3660
-3764
-3463
-3357
-4167
-5514
-6789
-8191
-10674
-13315
-13202
-9600
-4420
566
5660
11780
16536
17572
16462
14235
11010
7587
3362
-1705
-6358
-9666
-10658
-9632
-7406
-3986
-725
1073
2231
3586
4724
4471
2376
-321
-2156
-2574
-1845
-505
1147
2880
4612
6431
7890
8035
6273
2918
-993
-4475
-7110
-8914
-9894
-9739
-8074
-5021
-1359
1926
4336
5953
6960
7219
6462
4731
2592
791
-219
-465
-230
269
984
1861
2703
3213
3166
2578
1678
765
51
-456
-828
-1032
-884
-239
749
1629
2016
1924
1654
1493
1544
1623
1398
876
468
485
791
1020
875
364
-410
-1390
-2219
-2370
-2277
-2799
-3442
-3230
-2766
-3086
-3631
-3567
-3083
-2896
-3009
-3422
-4072
-4538
-4866
-4770
-5042
-5990
-6987
-8156
-10431
-12961
-12026
-7626
-2011
2914
7500
13303
17027
17331
15788
12607
8750
4781
392
-4210
-8151
-10363
-10390
-8720
-5452
-1425
1371
2440
2722
3258
3937
3558
1711
-538
-1782
-1456
120
2301
4340
5668
6317
6559
6185
4550
1393
-2493
-5820
-7844
-8663
-8664
-7960
-6306
-3539
-33
3307
5577
6447
6168
5178
3808
2284
874
-94
-317
260
1351
2414
2987
2963
2592
2171
1704
985
-45
-1042
-1467
-1071
-135
795
1403
1793
2159
2412
2227
1459
409
-368
-501
-51
641
1251
1697
2082
2395
2340
1616
204
-1600
-3311
-4415
-4610
-4027
-3183
-2518
-1888
-991
-276
-555
-1764
-3028
-3676
-3922
-4413
-5088
-5320
-4953
-4394
-4099
-4259
-5001
-6009
-7077
-9370
-12556
-13188
-9373
-3202
2278
7181
13058
17448
17990
16459
13260
8239
3227
-1493
-5769
-8659
-10308
-10312
-8294
-4794
-498
2885
4193
4113
3471
2770
2013
748
-824
-1718
-981
1310
4039
6237
7434
7418
6267
4245
1537
-1958
-5969
-9175
-10226
-9193
-7268
-5209
-2800
84
2811
4631
5347
5106
4080
2688
1566
1047
965
1137
1694
2692
3743
4154
3494
1921
64
-1395
-2130
-2214
-1864
-1090
191
1853
3441
4389
4381
3479
2097
711
-394
-1143
-1521
-1393
-541
1018
2810
4116
4346
3506
2065
442
-1105
-2628
-3950
-4644
-4417
-3351
-1815
-527
257
656
363
-303
-1804
-3824
-5331
-6264
-5971
-5342
-4485
-3116
-2296
-1608
-1450
-2565
-4628
-7126
-9431
-12335
-15375
-14712
-9367
-1754
5505
11054
15692
17810
17008
14602
9722
3994
-872
-5119
-8331
-9842
-9386
-7429
-4351
-377
3482
5568
5066
2719
434
-598
-1065
-1592
-1706
-557
2064
5314
7913
8860
7797
5088
1630
-1741
-4712
-7292
-9173
-9625
-8136
-5065
-1619
1002
2494
3336
3825
3622
2437
797
-318
-403
393
1755
3301
4415
4687
4347
3727
2527
367
-2141
-3716
-3800
-2839
-1299
711
2830
4381
5077
5094
4357
2533
-64
-2249
-3039
-2528
-1397
20
1760
3573
4742
4736
3643
1920
-127
-2224
-3824
-4401
-4043
-3253
-2204
-786
756
1705
1530
371
-1216
-2778
-4111
-5077
-5490
-5122
-3953
-2472
-1302
-666
-784
-1918
-3610
-5186
-6814
-8564
-9921
-11397
-13612
-14188
-9767
-1328
6615
11678
14824
16922
17147
14556
9609
3954
-837
-4267
-6560
-7679
-7381
-5920
-3803
-1080
2016
4137
3786
1236
-1397
-2181
-1056
654
2049
3405
5200
7154
8354
7953
5596
1747
-2327
-5283
-6708
-7209
-7349
-6848
-5153
-2457
190
1772
2047
1563
1065
858
801
723
809
1406
2581
3997
5101
5351
4435
2626
701
-795
-1978
-2988
-3299
-2296
-219
1996
3698
4743
4943
4119
2620
1103
-195
-1408
-2202
-1813
-164
1714
2778
3004
3003
2940
2329
925
-724
-1886
-2387
-2343
-1777
-819
-47
-25
-547
-912
-1070
-1696
-2803
-3496
-3288
-2616
-2131
-2147
-2426
-2363
-1945
-1934
-2667
-3713
-4738
-5627
-6264
-6770
-7207
-7310
-7524
-9289
-12087
-11974
-6383
1892
8405
12247
15100
17062
16469
12677
6882
1451
-2365
-5476
-7722
-7947
-6652
-4644
-2318
172
2977
4501
2984
-118
-2047
-1585
372
2213
3808
5614
7138
7809
7347
5426
1929
-2362
-5921
-7734
-7795
-6748
-5408
-3933
-1899
516
2261
2518
1493
113
-719
-638
160
1277
2501
3797
5091
5956
5709
4138
1776
-544
-2163
-2862
-2885
-2332
-880
1304
3202
4139
4409
4218
3259
1761
602
107
-181
-412
-159
759
1900
2617
2541
1820
841
-202
-1202
-1757
-1588
-962
-295
284
743
850
317
-798
-1906
-2397
-2319
-2174
-2177
-2081
-1717
-1434
-1755
-2590
-3348
-3741
-3877
-3955
-4394
-5362
-6166
-6406
-6911
-8024
-8741
-9340
-11755
-15059
-14146
-6226
4542
12078
15240
16695
17471
15883
10856
3976
-1911
-5259
-6548
-6679
-5669
-3529
-1369
-202
643
2098
2890
976
-2550
-3963
-1724
2009
4988
7144
8771
9148
7731
5049
1733
-2180
-6214
-8794
-8596
-6191
-3443
-1527
-258
878
1683
1464
39
-1773
-2740
-2242
-500
1907
4343
6103
6641
5990
4614
2734
263
-2449
-4253
-4189
-2540
-468
1305
2846
4164
4756
4204
2781
1191
-1
-465
-84
874
1773
2132
2072
1987
1898
1365
183
-1095
-1618
-1142
-173
693
1265
1551
1456
877
-61
-1149
-2264
-3150
-3359
-2675
-1423
-239
285
22
-543
-1070
-1988
-3582
-5008
-5241
-4477
-3769
-3786
-4467
-5292
-5873
-6533
-7659
-8658
-9312
-11142
-14147
-13810
-6292
4974
12937
15570
16182
16721
15227
9903
2622
-2999
-5478
-5853
-5180
-3568
-1358
234
271
-391
-191
230
-1190
-3610
-3500
218
4965
8413
10224
10472
8844
5350
979
-2742
-5243
-7092
-8069
-6897
-3735
-775
386
163
-493
-1389
-2492
-3137
-2639
-1166
755
3007
5415
7099
7158
5523
2902
367
-1321
-2254
-2844
-2901
-1843
295
2378
3112
2747
2590
2565
1686
725
1061
1954
2274
2686
3574
3757
2522
627
-845
-1378
-1339
-1316
-1029
-8
1171
1691
1648
1323
555
-554
-1467
-1918
-2004
-1866
-1500
-842
-96
360
217
-473
-1347
-2323
-3221
-3704
-3960
-3928
-3363
-2619
-2311
-3235
-5155
-6654
-7446
-7870
-8175
-8537
-8305
-8675
-11554
-13167
-7857
2801
11688
15037
15444
15676
14459
9922
3259
-2129
-4388
-4312
-3169
-2125
-1363
-483
-733
-2073
-2152
-1177
-1260
-2305
-2001
1298
5986
9278
10534
10105
7966
4250
-177
-3771
-5699
-6377
-6149
-4842
-2568
-397
285
-753
-2424
-3706
-4374
-4149
-2397
567
3376
5220
6260
6644
6114
4383
1638
-1042
-2308
-1818
-438
794
1481
1795
1787
1226
435
235
552
667
924
2246
4173
5361
5372
4484
2745
443
-1419
-2089
-1783
-1103
-319
523
1272
1577
1114
9
-1076
-1615
-1590
-1150
-431
297
710
688
278
-353
-1031
-1613
-2015
-2355
-2756
-2916
-2651
-2630
-3299
-3868
-3629
-3224
-3646
-5147
-7123
-8386
-8410
-8151
-8314
-8255
-8428
-10839
-14314
-13087
-4052
7693
14777
16264
16092
15526
12293
5919
-596
-4195
-4385
-2878
-1582
-825
-126
-207
-1807
-3286
-2769
-1463
-1374
-1334
1211
5780
9366
10450
9829
7978
4389
-298
-3972
-5378
-5105
-4113
-2778
-1438
-703
-1022
-2283
-3818
-4848
-5001
-4151
-2092
982
4019
5776
5928
5016
3630
2101
676
-440
-1022
-711
522
1947
2690
2503
1440
-334
-1836
-1757
-197
1458
2544
3544
4619
5187
4919
3948
2355
330
-1314
-1644
-713
475
1154
1379
1326
831
-94
-1025
-1642
-1833
-1416
-341
863
1466
1261
520
-518
-1638
-2348
-2196
-1399
-772
-848
-1280
-1520
-1908
-3225
-5014
-5732
-4988
-4072
-3968
-4525
-5385
-6164
-6463
-6666
-7309
-7858
-8395
-10734
-14337
-13788
-5262
6769
14401
15893
15312
14451
11035
4552
-1536
-4126
-3481
-1633
-128
659
786
-314
-2752
-4583
-4008
-2260
-1167
257
3591
7601
9724
9249
7363
5000
2046
-1139
-3110
-3296
-2647
-1760
-678
-251
-1326
-3422
-5524
-6739
-6248
-4171
-1677
508
2505
4297
5399
5250
3631
1335
-176
-258
544
1493
2211
2553
2618
2562
2144
856
-1133
-2524
-2002
192
2458
3700
4197
4528
4513
3682
2156
617
-394
-697
-300
606
1546
1988
1718
931
-45
-1023
-1805
-1979
-1186
379
1774
1940
911
-182
-765
-1470
-2447
-2560
-1178
425
825
164
-456
-868
-2245
-4713
-6497
-6047
-4470
-3806
-4250
-4512
-4624
-5461
-6177
-6508
-6698
-7310
-8118
-9425
-13004
-15263
-10951
38
10893
15218
15375
14794
12586
6863
-1
-3601
-3522
-1598
531
1694
1520
533
-1171
-3093
-3577
-2430
-1240
-323
1794
5185
8006
8813
7569
5119
2296
-224
-1594
-1594
-1215
-1006
-564
-451
-1704
-3690
-5194
-6017
-5794
-3954
-1317
701
1770
2292
2629
2818
2359
1220
423
688
1719
3036
4073
4180
3329
1928
327
-929
-1565
-1852
-1389
503
2746
3690
3630
3592
3377
2535
1443
658
415
620
947
1351
1926
2119
1330
98
-539
-485
-438
-648
-586
77
792
853
363
-213
-871
-1786
-2639
-2778
-1959
-637
516
1182
1139
0
-2109
-4191
-5327
-5349
-4454
-3178
-2410
-2640
-3662
-5046
-6108
-6206
-5849
-6094
-6743
-7138
-8403
-11800
-14617
-11371
-1214
9406
14455
14806
13630
10608
5030
-497
-3102
-2453
440
3808
5367
4330
1740
-1461
-4440
-5615
-4231
-1753
207
2178
5360
8835
10014
7695
3406
-336
-2185
-2258
-1233
137
1088
1168
517
-682
-2531
-4886
-6866
-7204
-5395
-2554
-286
1167
2420
3212
2807
1367
-150
-667
371
2369
4070
4892
4872
3947
2256
479
-815
-1556
-1748
-1101
634
2860
4272
4280
3445
2313
1072
249
308
828
1219
1595
2054
2072
1393
542
-7
-303
-411
-231
177
621
949
955
496
-394
-1551
-2586
-2987
-2670
-1947
-908
422
1522
1628
450
-1514
-3308
-4268
-4410
-3959
-3091
-2211
-1881
-2305
-3452
-5116
-6502
-6791
-6412
-6353
-6453
-6496
-8052
-11890
-14208
-9912
148
9481
13684
13765
11954
8634
3928
-655
-2738
-706
4197
7926
7447
3753
-287
-3300
-5143
-5320
-3605
-1114
945
2928
5661
8161
8166
4986
516
-2478
-2491
-206
2307
3535
3459
2525
686
-2080
-5099
-7233
-7627
-6274
-3943
-1645
-131
510
779
911
518
-454
-1068
-290
1922
4521
6135
6116
4872
3123
1426
272
-271
-674
-903
-114
1814
3539
3815
2860
1702
728
-230
-853
-522
579
1708
2543
2964
2635
1658
756
324
259
560
1156
1565
1440
967
378
-465
-1639
-2684
-3001
-2659
-2184
-1636
-655
588
1329
1128
183
-1107
-2396
-3282
-3387
-2794
-2110
-1819
-1857
-2127
-2820
-3910
-4921
-5399
-5419
-5595
-6279
-7038
-7823
-9787
-12847
-13573
-8609
512
8742
12755
12715
10163
6406
2440
-665
-1299
1882
7491
10961
8856
2902
-2326
-4558
-4575
-3482
-1749
128
1909
3708
5153
5385
4000
1428
-1231
-2419
-1143
1793
4406
5360
4629
2787
269
-2631
-5370
-6802
-5965
-3527
-1580
-1392
-2280
-2996
-3120
-2769
-2048
-1093
32
1532
3403
4934
5334
4657
3650
2840
2170
1442
793
605
1068
1964
2809
3106
2576
1388
130
-634
-687
-159
542
959
1049
1175
1463
1583
1434
1381
1579
1706
1545
1256
1014
751
312
-388
-1285
-2181
-2870
-3148
-2745
-1662
-570
-276
-855
-1728
-2280
-2221
-1764
-1500
-1663
-1821
-1598
-1182
-892
-733
-593
-562
-914
-1739
-2659
-3113
-2983
-2737
-2868
-3510
-4765
-6772
-8868
-9356
-7132
-2982
1400
4811
6476
5844
3218
-84
-2354
-2055
1286
5902
8531
7418
3979
921
-450
-481
142
922
1373
1344
1201
1237
1331
1373
1477
1595
1455
991
459
167
390
1265
2365
2764
1880
58
-1775
-2816
-2830
-2130
-1240
-497
-85
-157
-578
-866
-745
-422
-67
433
994
1188
975
869
1086
1163
731
53
-405
-403
146
1158
2189
2639
2242
1226
81
-765
-1080
-741
209
1375
2159
2315
2135
1960
1746
1299
655
50
-335
-393
-102
313
527
534
558
545
228
-185
-165
198
202
-319
-777
-845
-845
-1006
-1104
-909
-595
-605
-1127
-1725
-1773
-1275
-823
-767
-937
-1131
-1318
-1458
-1601
-1935
-2449
-2887
-3153
-3368
-3650
-4180
-5086
-5934
-5826
-4451
-2677
-1680
-1723
-2125
-2131
-1465
-272
932
1536
1489
1438
1897
2691
3305
3403
2993
2446
2315
2804
3455
3724
3717
3873
4071
3703
2635
1481
841
782
1086
1471
1532
1053
399
132
326
626
722
495
38
-370
-531
-451
-138
342
737
838
566
-152
-1130
-1806
-1827
-1418
-1001
-810
-844
-876
-665
-322
-258
-588
-881
-672
-63
490
859
1290
1829
2163
2065
1625
1054
568
400
612
870
773
429
361
754
1196
1300
1154
984
819
703
865
1299
1535
1202
553
115
48
191
400
506
222
-535
-1398
-1938
-2100
-2022
-1712
-1284
-1148
-1544
-2161
-2573
-2763
-2933
-3103
-3188
-3266
-3482
-3854
-4470
-5624
-7088
-7674
-6465
-4123
-2088
-1052
-896
-1237
-1401
-643
915
2221
2547
2341
2428
2909
3328
3482
3446
3276
3182
3442
3858
3961
3796
3804
3994
3831
2952
1653
633
356
771
1463
1926
1838
1336
890
782
851
802
552
239
-27
-283
-529
-609
-438
-188
-151
-516
-1278
-2133
-2560
-2275
-1542
-925
-757
-934
-1145
-1220
-1173
-1011
-660
-153
396
1013
1719
2202
2122
1655
1257
1015
709
335
152
322
767
1247
1526
1532
1373
1216
1124
1031
881
785
898
1199
1512
1740
1828
1594
947
172
-398
-713
-834
-783
-709
-823
-1169
-1673
-2223
-2545
-2337
-1743
-1352
-1567
-2198
-2793
-3116
-3156
-2991
-2872
-3159
-3916
-4932
-6103
-7277
-7731
-6617
-4173
-1780
-625
-759
-1423
-1690
-968
575
2062
2770
2817
2803
3090
3638
4140
4235
3931
3663
3677
3768
3746
3714
3751
3723
3435
2759
1754
745
203
396
1107
1678
1608
1099
752
738
708
405
30
-108
-3
107
58
-146
-445
-751
-971
-1117
-1343
-1724
-2066
-2054
-1644
-1211
-1210
-1683
-2201
-2285
-1817
-1028
-212
486
1036
1448
1719
1812
1682
1377
1066
942
998
1007
832
667
793
1162
1392
1192
724
464
685
1230
1757
1984
1804
1425
1188
1133
1127
1165
1165
873
362
-35
-227
-346
-368
-305
-424
-950
-1738
-2399
-2556
-2125
-1517
-1311
-1636
-2156
-2611
-2942
-3072
-3038
-3130
-3579
-4287
-5040
-5788
-6504
-6776
-5919
-3876
-1621
-235
-58
-838
-1894
-2147
-948
1043
2495
2861
2687
2648
2847
3094
3272
3244
2994
2929
3415
4076
4246
3934
3597
3333
2896
2206
1424
787
543
837
1468
1919
1784
1144
417
-64
-301
-440
-504
-415
-169
116
252
92
-282
-627
-844
-1037
-1258
-1428
-1500
-1507
-1471
-1371
-1226
-1174
-1296
-1364
-1053
-389
342
961
1350
1402
1194
935
709
528
512
708
960
1158
1351
1511
1468
1199
916
783
754
816
1108
1650
2133
2187
1765
1148
593
194
10
88
280
353
257
158
117
8
-282
-713
-1178
-1573
-1820
-1887
-1773
-1512
-1261
-1286
-1693
-2290
-2847
-3343
-3773
-3995
-4019
-4116
-4460
-4903
-5297
-5577
-5372
-4168
-2171
-461
63
-505
-1370
-1676
-883
842
2553
3272
2907
2201
1896
2104
2440
2578
2599
2786
3212
3630
3740
3475
3061
2761
2573
2260
1716
1159
940
1182
1650
1887
1601
902
146
-402
-676
-694
-542
-326
-124
13
8
-169
-429
-655
-782
-794
-782
-949
-1286
-1369
-885
-209
-3
-308
-602
-596
-471
-342
-84
311
640
809
900
910
714
325
-29
-113
104
416
611
729
950
1284
1553
1601
1389
1063
977
1287
1654
1643
1275
901
702
630
633
655
638
628
663
594
248
-273
-722
-1030
-1235
-1274
-1122
-980
-1024
-1157
-1246
-1463
-2027
-2743
-3196
-3283
-3245
-3270
-3355
-3465
-3591
-3760
-4143
-4879
-5614
-5534
-4232
-2310
-824
-309
-521
-881
-834
-63
1215
2234
2445
2139
1967
2135
2412
2616
2719
2737
2754
2890
3096
3172
3012
2787
2715
2706
2422
1769
1080
753
861
1174
1386
1267
837
413
259
285
241
65
-123
-212
-217
-251
-394
-578
-664
-661
-710
-874
-1047
-1089
-944
-641
-298
-140
-316
-656
-803
-613
-227
186
540
785
865
702
311
-97
-231
-11
371
705
924
1034
1101
1214
1352
1303
956
579
550
878
1232
1412
1470
1471
1354
1111
842
651
572
592
643
614
408
44
-325
-556
-650
-727
-884
-1086
-1231
-1333
-1508
-1783
-2077
-2325
-2490
-2513
-2422
-2377
-2487
-2701
-2938
-3197
-3536
-4055
-4783
-5432
-5442
-4508
-2966
-1505
-636
-501
-925
-1400
-1271
-272
1117
2077
2271
2085
2077
2405
2808
2982
2881
2724
2750
2992
3300
3516
3562
3381
2938
2295
1619
1041
627
493
750
1244
1558
1420
902
318
-50
-165
-210
-290
-303
-182
-57
-78
-250
-524
-853
-1141
-1282
-1239
-1017
-649
-266
-61
-152
-503
-927
-1172
-1058
-596
6
484
624
406
71
-108
-39
202
509
760
852
843
877
968
1018
984
896
791
769
973
1406
1863
2100
2033
1726
1300
888
642
679
926
1107
1027
768
497
240
-42
-307
-501
-680
-901
-1150
-1403
-1637
-1791
-1828
-1846
-1964
-2123
-2155
-2074
-2098
-2351
-2725
-3110
-3546
-4064
-4535
-4833
-4941
-4804
-4263
-3284
-2129
-1247
-995
-1328
-1704
-1490
-513
775
1738
2086
2033
1975
2127
2433
2723
2850
2862
2952
3196
3450
3545
3449
3226
2939
2587
2119
1562
1114
1028
1347
1770
1866
1443
723
113
-138
-76
70
115
56
-48
-199
-442
-749
-1022
-1168
-1165
-1093
-1028
-924
-700
-426
-294
-368
-540
-731
-918
-969
-723
-286
36
142
221
369
470
412
250
144
225
461
682
765
767
806
922
1090
1264
1414
1541
1679
1820
1863
1692
1361
1080
964
963
1045
1201
1299
1170
860
561
301
-58
-542
-963
-1184
-1265
-1310
-1341
-1357
-1434
-1623
-1838
-1986
-2082
-2165
-2190
-2186
-2304
-2611
-2999
-3360
-3662
-3869
-4004
-4229
-4579
-4699
-4165
-3042
-1869
-1144
-990
-1203
-1367
-1047
-125
1012
1815
2078
2056
2116
2396
2744
2940
2924
2868
2962
3204
3410
3446
3332
3117
2791
2341
1809
1299
995
1031
1304
1486
1336
903
424
117
83
214
254
27
-363
-671
-793
-798
-806
-868
-932
-934
-871
-788
-711
-665
-672
-708
-736
-743
-753
-731
-585
-278
62
241
172
-20
-153
-168
-93
70
323
615
855
974
990
1010
1103
1221
1309
1367
1386
1390
1456
1559
1527
1290
1005
877
971
1167
1272
1191
985
742
505
273
23
-271
-578
-789
-806
-683
-603
-730
-1071
-1496
-1841
-1982
-1920
-1775
-1676
-1658
-1715
-1894
-2233
-2659
-3029
-3277
-3470
-3675
-3908
-4189
-4452
-4390
-3714
-2591
-1595
-1179
-1321
-1569
-1372
-515
688
1653
2064
2087
2056
2112
2207
2321
2502
2763
3087
3423
3624
3524
3145
2681
2308
2021
1682
1239
872
828
1114
1457
1547
1301
875
505
315
237
131
-41
-196
-231
-175
-197
-420
-740
-945
-966
-894
-793
-675
-586
-565
-568
-565
-620
-769
-917
-927
-758
-495
-281
-208
-205
-117
96
326
491
599
718
863
973
988
948
954
1054
1187
1280
1339
1415
1489
1457
1277
1076
1015
1096
1186
1191
1145
1095
1015
852
654
515
448
344
116
-197
-502
-769
-972
-1086
-1131
-1207
-1393
-1641
-1808
-1813
-1731
-1720
-1827
-1953
-2080
-2309
-2635
-2906
-3083
-3288
-3578
-3939
-4393
-4807
-4719
-3799
-2379
-1219
-798
-1022
-1384
-1270
-404
865
1818
2039
1757
1553
1792
2361
2877
3073
2980
2854
2862
2900
2801
2554
2256
1960
1661
1326
943
668
752
1226
1771
1960
1618
951
406
273
456
610
492
142
-213
-427
-540
-670
-826
-894
-791
-576
-416
-426
-580
-765
-914
-1038
-1171
-1288
-1309
-1117
-682
-181
149
237
184
124
154
307
496
604
652
763
960
1127
1182
1201
1278
1335
1249
1061
924
960
1158
1395
1511
1448
1285
1139
1093
1164
1275
1280
1122
875
635
399
122
-203
-524
-780
-939
-1018
-1080
-1178
-1336
-1547
-1755
-1884
-1899
-1807
-1638
-1500
-1584
-1984
-2530
-2946
-3182
-3404
-3711
-4063
-4456
-4817
-4784
-3998
-2658
-1471
-1006
-1227
-1632
-1637
-906
389
1590
2095
1944
1694
1773
2129
2487
2661
2628
2551
2658
2954
3116
2867
2339
1877
1631
1516
1442
1432
1563
1829
2098
2144
1794
1093
387
78
232
512
575
379
89
-128
-239
-302
-398
-555
-754
-906
-930
-859
-845
-963
-1121
-1217
-1270
-1336
-1380
-1267
-912
-408
17
182
70
-149
-255
-112
238
637
916
1032
1033
992
945
907
881
885
936
1057
1241
1420
1514
1503
1423
1294
1148
1047
1052
1157
1276
1280
1114
855
600
372
176
13
-179
-434
-690
-856
-904
-893
-901
-965
-1079
-1226
-1371
-1457
-1514
-1608
-1715
-1770
-1880
-2190
-2622
-2953
-3100
-3181
-3324
-3577
-3950
-4320
-4339
-3676
-2462
-1319
-822
-995
-1386
-1441
-844
266
1334
1811
1667
1364
1333
1621
1990
2208
2235
2203
2268
2443
2610
2654
2586
2481
2338
2086
1721
1378
1228
1341
1618
1801
1625
1111
610
412
455
500
416
213
-24
-196
-293
-413
-629
-890
-1080
-1139
-1113
-1071
-1007
-939
-938
-1030
-1162
-1251
-1186
-865
-350
114
330
291
119
-27
-9
196
463
631
667
654
674
755
907
1125
1334
1415
1326
1140
981
962
1138
1426
1593
1504
1269
1077
998
1000
1026
1005
909
774
644
520
358
124
-167
-442
-621
-689
-710
-776
-953
-1229
-1529
-1782
-1950
-2032
-2031
-1959
-1884
-1937
-2217
-2675
-3137
-3442
-3573
-3644
-3811
-4117
-4358
-4177
-3404
-2301
-1421
-1139
-1333
-1508
-1216
-375
691
1471
1667
1473
1329
1454
1768
2129
2445
2669
2833
3012
3160
3109
2801
2410
2140
1983
1815
1604
1459
1454
1580
1736
1773
1531
1043
589
396
406
410
313
166
40
-42
-149
-363
-672
-970
-1148
-1158
-1048
-933
-861
-808
-785
-849
-1016
-1210
-1251
-1004
-538
-88
172
172
-32
-253
-267
-54
229
484
739
1009
1243
1365
1366
1273
1126
1008
1019
1149
1295
1397
1445
1401
1245
1047
905
879
997
1208
1345
1250
943
592
334
219
198
135
-87
-422
-721
-911
-1039
-1158
-1283
-1435
-1616
-1762
-1801
-1745
-1688
-1679
-1702
-1782
-1976
-2279
-2600
-2866
-3085
-3315
-3622
-4021
-4359
-4309
-3630
-2506
-1503
-1107
-1311
-1634
-1517
-737
425
1389
1741
1577
1358
1413
1748
2157
2419
2474
2454
2504
2603
2624
2519
2345
2174
2002
1772
1487
1278
1295
1529
1776
1788
1480
1019
665
562
636
685
553
251
-79
-294
-390
-486
-685
-949
-1122
-1101
-924
-727
-632
-681
-846
-1050
-1214
-1269
-1149
-833
-387
25
219
160
-10
-98
3
256
538
737
837
908
1023
1171
1252
1192
1030
875
809
866
1030
1208
1313
1342
1306
1152
916
765
804
961
1088
1074
895
632
427
343
303
153
-130
-438
-675
-816
-864
-877
-984
-1212
-1446
-1585
-1615
-1559
-1467
-1437
-1539
-1744
-1973
-2174
-2360
-2569
-2806
-3046
-3317
-3660
-4036
-4249
-4051
-3351
-2358
-1487
-1074
-1113
-1246
-1030
-306
649
1373
1607
1476
1301
1324
1580
1945
2273
2495
2637
2719
2690
2499
2209
1977
1897
1926
1954
1921
1844
1764
1697
1596
1387
1073
769
625
677
770
710
434
56
-240
-369
-364
-356
-446
-615
-766
-829
-803
-762
-790
-898
-996
-1011
-990
-968
-888
-696
-448
-223
-47
85
193
319
474
598
636
633
694
864
1073
1216
1233
1146
1022
925
908
978
1098
1218
1287
1244
1073
853
711
727
872
1030
1084
1003
851
687
497
235
-95
-420
-605
-599
-517
-541
-734
-1040
-1352
-1575
-1663
-1659
-1672
-1744
-1829
-1896
-2024
-2308
-2716
-3104
-3372
-3533
-3681
-3908
-4191
-4314
-4011
-3230
-2278
-1593
-1368
-1407
-1335
-888
-97
728
1228
1333
1292
1393
1685
2010
2200
2246
2296
2466
2719
2901
2897
2723
2481
2251
2037
1816
1629
1571
1681
1851
1883
1643
1199
792
624
699
828
810
578
244
-35
-191
-286
-430
-643
-833
-896
-862
-850
-907
-989
-1068
-1137
-1165
-1139
-1061
-912
-671
-383
-147
-27
7
60
199
383
536
634
697
752
839
974
1126
1243
1304
1306
1241
1112
987
967
1089
1282
1406
1365
1152
852
615
568
702
883
954
842
570
229
-84
-301
-411
-439
-487
-635
-893
-1184
-1429
-1569
-1604
-1626
-1731
-1894
-2027
-2095
-2176
-2351
-2629
-2950
-3236
-3440
-3577
-3724
-3905
-3982
-3748
-3152
-2416
-1856
-1631
-1614
-1492
-1020
-222
604
1121
1247
1206
1278
1564
1961
2317
2541
2635
2660
2684
2707
2706
2681
2643
2558
2361
2031
1662
1417
1386
1517
1653
1651
1481
1222
986
849
789
733
619
435
204
-65
-343
-565
-688
-736
-771
-828
-907
-991
-1035
-987
-862
-766
-764
-815
-832
-754
-555
-251
60
254
294
270
272
341
500
747
1005
1150
1155
1107
1098
1158
1270
1367
1355
1195
991
894
928
1001
1016
927
749
557
439
430
475
497
438
284
51
-192
-381
-500
-615
-817
-1126
-1455
-1659
-1652
-1511
-1431
-1556
-1875
-2263
-2590
-2777
-2842
-2885
-2996
-3195
-3458
-3760
-4044
-4157
-3939
-3364
-2604
-1907
-1458
-1287
-1231
-1028
-542
131
766
1202
1437
1575
1721
1931
2179
2404
2581
2723
2837
2894
2883
2820
2722
2584
2395
2142
1839
1566
1412
1400
1456
1478
1397
1215
994
791
632
508
416
334
234
83
-143
-415
-655
-790
-809
-752
-693
-678
-710
-757
-806
-860
-924
-956
-892
-695
-413
-133
58
142
154
184
289
462
644
794
907
1016
1135
1248
1330
1362
1355
1341
1343
1356
1350
1304
1217
1097
953
806
697
645
636
614
521
315
26
-219
-321
-321
-345
-494
-797
-1195
-1551
-1739
-1756
-1726
-1773
-1927
-2147
-2376
-2576
-2735
-2880
-3067
-3314
-3572
-3788
-3954
-4030
-3906
-3526
-3001
-2497
-2100
-1782
-1456
-1020
-454
116
531
761
945
1215
1567
1914
2185
2360
2474
2603
2771
2895
2897
2814
2745
2706
2635
2482
2239
1951
1710
1585
1543
1485
1355
1182
1011
865
743
625
484
322
164
36
-84
-242
-461
-696
-866
-912
-839
-716
-639
-655
-734
-797
-792
-721
-604
-461
-300
-139
-7
83
128
154
201
299
438
574
690
807
925
1042
1172
1297
1388
1443
1472
1457
1380
1255
1128
1054
1071
1135
1148
1019
713
284
-141
-422
-506
-449
-386
-446
-684
-1048
-1419
-1681
-1800
-1826
-1841
-1901
-2046
-2272
-2558
-2870
-3146
-3330
-3427
-3513
-3658
-3867
-4042
-4022
-3702
-3189
-2712
-2402
-2175
-1846
-1295
-583
96
539
721
817
1023
1386
1802
2149
2401
2602
2776
2904
2946
2897
2826
2836
2939
3023
2959
2738
2462
2235
2091
1977
1817
1611
1424
1306
1221
1082
844
563
326
162
21
-171
-427
-678
-829
-859
-835
-837
-874
-889
-853
-789
-740
-718
-694
-631
-522
-386
-268
-171
-59
102
288
432
499
529
588
712
876
1031
1139
1198
1237
1282
1333
1371
1393
1404
1401
1352
1233
1056
859
683
532
401
263
95
-114
-372
-663
-943
-1155
-1260
-1302
-1386
-1617
-2005
-2447
-2796
-2989
-3079
-3180
-3355
-3583
-3811
-4014
-4186
-4290
-4240
-3978
-3543
-3089
-2756
-2541
-2281
-1788
-1057
-294
240
458
519
682
1075
1606
2075
2344
2440
2483
2569
2706
2852
2972
3064
3109
3076
2949
2783
2676
2682
2732
2682
2444
2073
1740
1587
1605
1638
1521
1209
795
414
141
-41
-185
-325
-466
-611
-770
-946
-1109
-1204
-1202
-1128
-1056
-1050
-1098
-1136
-1108
-1006
-846
-647
-414
-171
49
216
327
403
477
567
681
815
980
1188
1391
1524
1540
1461
1352
1276
1233
1179
1068
906
764
708
720
709
567
256
-159
-549
-808
-916
-966
-1082
-1352
-1769
-2248
-2682
-3009
-3222
-3377
-3552
-3810
-4139
-4446
-4583
-4439
-4038
-3561
-3233
-3137
-3129
-2949
-2435
-1672
-924
-422
-179
-5
315
842
1445
1936
2220
2346
2429
2569
2787
3040
3275
3436
3478
3379
3197
3033
2973
2988
2974
2841
2606
2364
2208
2155
2120
1995
1728
1362
989
670
428
266
175
104
-30
-268
-565
-816
-939
-934
-877
-871
-962
-1104
-1194
-1172
-1077
-993
-978
-1027
-1084
-1083
-981
-780
-523
-252
4
221
392
530
671
846
1038
1199
1282
1282
1249
1233
1230
1181
1043
858
723
688
704
649
451
140
-157
-342
-429
-531
-768
-1165
-1643
-2102
-2495
-2827
-3129
-3422
-3741
-4117
-4511
-4738
-4555
-3882
-2971
-2306
-2245
-2697
-3135
-3021
-2241
-1218
-518
-388
-579
-645
-335
250
829
1231
1500
1776
2109
2416
2602
2676
2727
2783
2790
2699
2577
2563
2722
2943
3035
2892
2600
2352
2269
2294
2259
2047
1708
1364
1098
882
650
401
193
48
-88
-287
-552
-782
-877
-842
-777
-794
-914
-1037
-1046
-905
-685
-493
-392
-369
-392
-424
-431
-378
-226
3
245
427
526
586
662
767
862
898
869
812
765
727
672
597
537
523
528
473
312
72
-152
-287
-353
-451
-671
-1011
-1382
-1699
-1951
-2186
-2465
-2787
-3097
-3327
-3439
-3436
-3349
-3217
-3072
-2951
-2852
-2733
-2535
-2243
-1903
-1584
-1319
-1071
-780
-414
-20
324
576
772
978
1232
1502
1740
1926
2087
2267
2476
2688
2849
2919
2902
2843
2784
2750
2740
2735
2709
2632
2494
2310
2104
1888
1663
1427
1197
1003
854
733
607
448
257
50
-148
-327
-472
-587
-680
-774
-888
-1010
-1093
-1086
-988
-862
-792
-809
-853
-827
-664
-392
-104
97
174
170
159
198
291
389
432
388
297
233
259
361
445
412
243
16
-161
-231
-251
-319
-517
-838
-1215
-1557
-1817
-2010
-2187
-2393
-2632
-2860
-3017
-3052
-2963
-2812
-2672
-2600
-2585
-2560
-2454
-2238
-1948
-1640
-1364
-1131
-927
-737
-540
-324
-58
268
632
982
1250
1416
1527
1658
1860
2112
2343
2492
2547
2549
2557
2596
2641
2646
2582
2465
2335
2231
2176
2161
2139
2044
1836
1536
1225
996
882
843
789
650
432
192
-12
-163
-282
-383
-459
-491
-488
-483
-512
-578
-655
-701
-687
-609
-493
-380
-303
-271
-256
-219
-140
-46
-10
-81
-236
-378
-402
-273
-57
124
179
103
-36
-135
-149
-94
-42
-61
-180
-383
-618
-844
-1037
-1202
-1365
-1544
-1738
-1917
-2043
-2085
-2051
-1991
-1962
-1990
-2037
-2037
-1944
-1779
-1601
-1472
-1403
-1347
-1246
-1065
-828
-577
-338
-107
126
360
591
813
1024
1231
1439
1645
1833
1978
2061
2090
2090
2089
2100
2117
2123
2101
2063
2022
1982
1919
1807
1646
1463
1293
1156
1045
938
816
671
504
323
148
3
-99
-175
-252
-341
-423
-457
-427
-356
-302
-314
-385
-448
-441
-351
-221
-123
-89
-104
-124
-117
-98
-98
-142
-213
-269
-271
-229
-187
-197
-278
-392
-484
-514
-496
-478
-522
-654
-848
-1047
-1195
-1260
-1247
-1195
-1166
-1207
-1325
-1480
-1607
-1659
-1622
-1526
-1419
-1346
-1319
-1314
-1301
-1250
-1147
-997
-824
-655
-505
-369
-229
-70
108
290
456
591
689
769
856
968
1099
1231
1338
1406
1450
1485
1529
1580
1612
1605
1557
1506
1494
1540
1613
1650
1594
1438
1226
1040
942
935
967
954
841
634
396
211
120
106
104
56
-55
-194
-295
-327
-303
-263
-243
-249
-269
-277
-255
-202
-123
-39
21
35
-7
-89
-157
-161
-94
-6
37
-2
-100
-194
-239
-241
-250
-322
-464
-634
-774
-858
-892
-898
-911
-946
-1018
-1116
-1215
-1276
-1281
-1247
-1218
-1229
-1274
-1311
-1295
-1219
-1114
-1022
-961
-911
-839
-727
-585
-437
-298
-171
-53
57
165
279
395
499
582
642
703
780
879
981
1053
1086
1100
1128
1181
1244
1291
1319
1324
1311
1280
1236
1184
1120
1052
979
903
820
732
647
564
474
379
287
207
140
79
3
-90
-193
-282
-336
-349
-332
-303
-279
-266
-266
-263
-248
-209
-154
-110
-98
-128
-178
-204
-176
-98
-12
29
0
-73
-148
-189
-202
-211
-241
-299
-371
-444
-516
-588
-655
-710
-745
-776
-816
-870
-924
-956
-960
-953
-954
-969
-984
-987
-978
-957
-921
-857
-764
-648
-532
-428
-338
-249
-151
-45
59
153
248
356
471
575
652
701
738
783
840
897
941
972
1001
1031
1059
1073
1065
1037
1005
985
979
977
954
899
820
735
664
609
563
514
453
385
316
249
187
127
72
19
-38
-103
-172
-232
-268
-280
-280
-286
-308
-335
-347
-334
-308
-287
-274
-265
-251
-233
-227
-239
-263
-276
-264
-232
-199
-175
-158
-139
-123
-118
-138
-179
-222
-255
-277
-305
-344
-393
-440
-476
-499
-513
-523
-537
-562
-595
-629
-650
-652
-636
-616
-600
-583
-553
-500
-436
-379
-340
-307
-257
-175
-65
45
130
178
204
228
263
310
367
435
501
553
577
571
563
568
598
640
672
680
666
645
625
599
560
510
462
425
410
410
410
394
353
293
233
186
164
160
149
105
25
-62
-124
-140
-122
-106
-117
-158
-205
-231
-224
-195
-167
-154
-156
-163
-166
-162
-155
-150
-149
-153
-161
-160
-144
-110
-73
-55
-67
-98
-126
-132
-113
-86
-69
-81
-121
-173
-226
-265
-295
-310
-312
-304
-292
-284
-279
-273
-260
-240
-229
-234
-255
-269
-257
-212
-154
-111
-99
-113
-132
-133
-109
-68
-20
30
80
123
153
162
158
152
159
184
224
267
299
316
318
311
299
289
285
287
291
294
292
282
264
246
240
246
264
279
277
253
221
196
186
180
171
154
139
132
133
130
114
83
46
14
-14
-43
-74
-104
-127
-143
-153
-162
-170
-178
-184
-193
-207
-220
-228
-217
-194
-170
-156
-153
-155
-159
-169
-185
-202
-206
-192
-157
-124
-109
-114
-129
-137
-137
-134
-140
-148
-146
-123
-85
-50
-37
-47
-65
-80
-81
-75
-69
-67
-62
-52
-36
-25
-23
-25
-22
-5
25
58
87
112
131
145
150
139
115
85
63
57
69
83
92
87
70
52
39
36
36
31
25
15
8
6
14
16
12
2
0
13
43
76
98
106
102
97
101
116
135
150
159
159
152
139
125
115
107
95
76
50
28
15
15
14
10
-5
-22
-25
-20
-14
-20
-40
-63
-78
-81
-79
-78
-83
-92
-104
-118
-131
-138
-130
-109
-84
-70
-76
-94
-110
-112
-99
-79
-60
-46
-36
-32
-31
-33
-39
-50
-59
-60
-52
-38
-26
-18
-8
-1
9
22
36
48
56
58
59
61
64
71
85
105
119
117
98
67
46
49
69
94
107
102
81
52
20
-3
-14
-12
-4
1
-6
-25
-48
-61
-72
-82
-102
-123
-134
-133
-119
-101
-91
-91
-96
-97
-92
-73
-47
-29
-21
-24
-30
-24
0
38
72
89
86
69
54
52
63
80
91
89
75
57
39
28
25
28
32
29
20
10
7
12
23
35
42
42
46
46
47
45
34
23
17
19
25
28
29
26
25
24
21
17
10
6
3
4
0
-8
-20
-30
-40
-45
-50
-53
-60
-67
-74
-78
-75
-66
-52
-39
-29
-28
-33
-43
-45
-39
-24
-2
16
29
30
27
22
22
26
36
43
43
35
26
21
24
29
30
20
-2
-25
-41
-42
-33
-22
-20
-29
-47
-65
-71
-69
-61
-56
-63
-75
-86
-85
-70
-50
-34
-32
-41
-51
-50
-37
-13
2
9
9
14
30
54
75
82
76
64
58
70
92
116
128
126
115
104
100
105
109
108
99
82
66
57
55
57
55
46
28
9
-6
-8
-7
-6
-6
-10
-15
-19
-24
-30
-37
-43
-45
-43
-39
-33
-27
-22
-15
-15
-19
-27
-35
-37
-33
-26
-23
-26
-36
-44
-45
-39
-30
-29
-31
-36
-37
-31
-21
-14
-10
-14
-24
-34
-43
-47
-46
-41
-36
-33
-33
-34
-35
-33
-35
-40
-50
-62
-69
-66
-56
-44
-38
-40
-47
-51
-49
-43
-34
-25
-16
-5
5
17
27
38
49
58
60
63
65
73
84
95
102
102
98
94
91
87
80
72
64
59
59
61
62
57
47
36
26
20
17
17
19
23
22
16
6
-3
-5
-2
2
3
0
-2
0
3
9
14
14
13
11
11
14
14
14
16
16
16
17
17
16
13
7
0
-1
2
7
10
10
0
-12
-22
-29
-33
-39
-45
-57
-73
-85
-94
-97
-99
-106
-119
-133
-146
-153
-152
-147
-142
-139
-136
-131
-121
-107
-94
-84
-77
-71
-60
-44
-21
-1
15
24
27
31
42
58
76
88
92
93
92
98
112
127
136
139
136
132
128
125
122
116
107
96
86
76
65
55
43
29
15
4
-7
-13
-16
-16
-16
-18
-21
-23
-24
-24
-25
-27
-29
-30
-26
-20
-8
4
14
18
15
9
4
5
12
23
32
39
41
44
49
58
66
71
69
63
57
56
58
60
58
49
33
15
-1
-13
-21
-29
-38
-53
-69
-85
-96
-105
-113
-127
-144
-159
-167
-170
-168
-166
-166
-166
-163
-157
-144
-131
-120
-109
-99
-88
-73
-53
-32
-11
4
20
34
51
69
84
92
97
103
117
136
158
178
189
192
193
194
198
199
196
185
167
147
126
109
92
74
48
20
-9
-33
-52
-68
-82
-93
-104
-108
-108
-106
-105
-105
-106
-108
-108
-106
-100
-95
-87
-78
-71
-65
-60
-60
-62
-62
-60
-51
-36
-10
18
47
70
88
100
110
120
127
133
132
127
119
107
94
77
57
35
13
-7
-24
-38
-51
-60
-70
-78
-85
-88
-87
-86
-85
-90
-94
-96
-92
-83
-72
-67
-72
-83
-93
-95
-87
-74
-62
-55
-48
-38
-23
-4
14
29
40
52
62
71
82
94
109
124
137
146
151
151
150
148
146
143
136
125
108
95
91
96
101
96
72
36
3
-12
-6
7
5
-28
-83
-134
-153
-132
-88
-56
-58
-91
-128
-142
-118
-72
-30
-19
-37
-68
-81
-64
-23
19
43
42
28
21
30
54
75
79
60
29
4
-3
7
19
22
9
-10
-28
-42
-50
-56
-62
-65
-67
-69
-79
-94
-104
-102
-77
-41
-14
-14
-45
-87
-113
-109
-85
-75
-96
-144
-194
-216
-207
-182
-165
-167
-174
-161
-113
-31
58
124
154
170
220
342
523
696
778
728
586
447
379
400
437
417
295
101
-103
-246
-303
-296
-267
-270
-305
-360
-388
-375
-331
-284
-267
-264
-259
-215
-136
-48
9
9
-25
-69
-69
-29
43
104
125
117
82
77
82
129
173
220
247
260
263
253
245
220
189
138
80
21
-30
-68
-111
-149
-199
-246
-291
-320
-333
-329
-309
-279
-247
-222
-203
-189
-167
-130
-74
-9
49
93
113
119
115
112
114
118
121
119
110
92
65
30
-8
-44
-66
-73
-66
-52
-40
-41
-48
-56
-55
-38
-5
37
79
110
129
137
141
152
170
187
197
194
184
167
154
140
123
98
70
41
17
9
11
16
16
1
-22
-49
-70
-77
-66
-50
-40
-43
-62
-85
-103
-107
-97
-77
-57
-43
-45
-57
-72
-87
-89
-76
-52
-19
7
24
26
17
5
-5
-8
-3
2
3
-2
-17
-32
-49
-59
-64
-66
-63
-58
-52
-45
-36
-25
-16
-9
2
18
39
61
74
73
62
46
34
26
16
4
-14
-33
-52
-70
-85
-98
-102
-99
-89
-76
-60
-45
-28
-11
11
38
68
94
113
121
120
118
118
121
119
108
85
55
30
15
17
29
45
58
67
71
77
83
90
94
92
85
75
59
41
18
-10
-38
-64
-81
-91
-98
-106
-115
-123
-126
-123
-114
-100
-85
-72
-57
-41
-29
-26
-29
-34
-33
-21
-2
18
31
33
26
17
12
19
31
45
50
41
22
-1
-17
-20
-17
-9
-6
-8
-11
-15
-16
-14
-9
-4
-2
-1
-2
-2
-1
0
-6
-15
-28
-36
-34
-24
-15
-13
-23
-38
-48
-46
-30
-7
13
21
21
18
20
30
46
61
66
60
47
34
26
26
29
32
28
18
5
-5
-14
-18
-19
-15
-8
4
18
28
32
28
24
24
34
50
65
72
64
42
15
-6
-14
-11
-1
3
-2
-17
-34
-50
-58
-52
-37
-19
-3
7
7
1
-10
-14
-10
4
21
36
37
24
6
-16
-29
-33
-28
-17
-9
-9
-17
-28
-36
-36
-27
-11
4
15
18
14
2
-10
-21
-27
-26
-22
-17
-17
-25
-36
-45
-46
-41
-26
-9
5
12
12
9
8
13
21
28
34
32
24
10
-7
-22
-32
-38
-37
-33
-25
-12
2
14
22
24
18
10
4
3
7
13
12
5
-9
-24
-33
-29
-14
5
22
31
33
32
35
43
53
59
56
45
28
12
3
3
6
10
5
-4
-16
-25
-28
-25
-19
-12
-9
-7
-7
-4
4
15
27
36
39
36
30
23
14
11
11
16
24
31
32
25
11
-5
-18
-22
-15
-2
10
11
1
-19
-40
-55
-56
-43
-24
-8
1
-6
-22
-40
-53
-55
-45
-32
-19
-14
-20
-31
-38
-36
-26
-7
11
22
22
13
0
-9
-11
-6
5
17
24
25
23
16
11
3
-1
-2
-1
4
6
5
-1
-8
-14
-16
-12
-2
9
20
24
28
31
30
27
21
13
4
0
0
6
16
23
24
18
11
5
2
2
1
-4
-12
-20
-22
-18
-10
0
7
8
5
2
1
3
8
9
10
9
10
12
15
16
16
12
11
7
3
5
7
10
14
13
6
-4
-16
-23
-25
-21
-12
1
11
15
12
1
-16
-29
-36
-39
-34
-28
-24
-22
-21
-20
-19
-14
-7
0
8
16
20
16
13
10
10
13
18
20
18
10
-1
-14
-24
-28
-22
-14
-9
-9
-16
-26
-35
-37
-32
-19
-1
16
27
31
28
20
13
9
8
10
14
15
15
17
17
17
19
17
17
16
12
8
5
2
2
4
7
7
8
3
-2
-9
-14
-15
-17
-15
-12
-11
-9
-7
-9
-10
-12
-11
-9
-5
1
8
14
20
21
22
15
8
2
-6
-9
-8
-2
5
11
12
9
4
0
0
4
8
9
8
5
1
-1
0
3
4
6
1
-5
-12
-16
-17
-13
-7
-2
2
2
0
-4
-11
-15
-18
-16
-13
-6
-1
0
-4
-11
-16
-18
-15
-9
-1
8
13
15
16
14
10
6
0
-3
-5
-6
-6
-6
-6
-4
-1
3
6
7
8
6
4
2
2
1
6
9
13
15
16
13
7
2
-1
-2
-1
3
5
5
6
3
0
-2
-3
-3
-2
-1
1
2
3
4
1
-2
-5
-6
-6
-4
-1
2
5
7
7
6
5
3
2
0
0
-1
-4
-3
-3
-5
-6
-4
-3
-2
-1
-2
-6
-7
-6
-3
3
4
5
4
1
1
1
1
0
-1
-1
0
4
5
5
1
-1
-7
-11
-12
-10
-6
-2
1
1
-1
-5
-6
-9
-8
-7
-5
-3
-3
-3
0
2
3
7
8
10
9
9
9
8
9
9
10
8
6
4
2
0
-1
-1
-2
2
4
5
4
0
-5
-6
-5
-2
-1
-1
-3
-3
-2
1
4
5
3
1
1
-1
-1
0
2
3
5
8
8
6
5
2
-1
-1
-2
-1
0
1
2
1
0
-2
-3
-4
-1
0
0
0
0
-2
-2
-2
-3
-2
-3
-4
-3
-1
-1
1
0
1
1
0
1
0
1
0
0
1
1
1
2
2
2
2
0
0
-1
-2
-3
-1
0
2
2
3
3
3
3
1
1
0
1
1
2
2
3
2
1
0
-1
-1
0
2
2
3
3
2
2
0
2
2
3
1
0
-1
0
0
0
1
0
-2
-3
-4
-5
-5
-4
-3
-2
0
0
0
-1
-1
-1
0
1
1
1
1
-1
0
3
2
4
2
1
1
0
0
0
2
2
2
2
0
1
-1
1
0
1
1
0
0
-1
-1
0
-1
-2
-1
0
-1
-2
0
0
-2
1
1
-1
0
1
1
0
1
1
0
0
1
0
1
1
1
1
1
1
1
2
2
2
2
2
1
0
0
-1
-1
0
1
1
1
1
0
-1
-1
0
1
0
0
-1
0
-1
1
0
1
2
0
0
-1
-2
0
-1
0
1
1
1
1
0
1
1
2
1
1
1
0
0
0
0
0
0
1
0
-1
0
0
0
0
1
0
-1
0
0
0
1
1
2
1
1
1
1
1
1
1
1
1
1
2
1
0
0
0
0
0
0
0
0
0
0
0
0
-1
-1
0
0
0
0
0
0
-1
0
0
-1
0
0
0
0
0
0
0
0
0
0
0
0
0
0
0
0
0
-1
0
0
1
0
0
-1
1
0
0
0
0
0
0
0
0
0
0
-1
1
0
0
-1
0
0
0
1
0
-1
0
0
0
0
0
0
0
1
-1
0
-1
0
-1
-1
0
0
0
1
0
0
0
0
0
1
0
-1
-1
0
0
0
0
0
0
0
-1
0
-1
0
1
0
0
0
0
1
0
0
0
0
0
-1
-1
0
0
0
0
-1
0
1
0
1
0
0
0
0
-1
0
0
0
-1
0
0
0
0
0
0
0
0
-1
0
0
0
1
0
1
0
-1
0
1
0
0
-1
0
0
0
0
0
0
1
0
1
0
0
0
0
0
1
0
1
0
0
0
1
0
0
0
0
0
-1
0
0
0
0
0
0
0
0
0
-1
0
0
0
0
0
0
0
0
0
0
1
0
1
0
0
1
0
0
1
0
0
1
0
0
1
0
0
0
0
0
0
0
0
0
0
0
1
0
0
-1
0
0
-1
0
-1
0
0
1
1
0
0
0
-1
0
0
0
0
0
0
1
0
0
-1
0
0
0
0
-1
0
1
0
0
0
0
0
-1
0
0
0
0
0
0
0
1
0
0
0
0
0
-1
0
0
0
0
0
1
0
0
0
0
0
0
0
1
0
-1
0
-1
1
0
0
0
0
-1
0
-1
0
0
0
0
-1
1
0
0
0
1
0
-1
0
1
1
0
-1
0
0
0
0
0
0
0
0
-1
0
0
0
0
1
-1
0
0
-1
0
0
0
0
0
1
1
0
0
0
-1
-1
0
0
0
1
0
0
0
0
0
0
1
0
0
-1
0
0
1
0
0
0
0
0
1
0
0
-1
0
0
0
0
0
0
0
0
1
0
0
0
0
0
0
0
0
1
0
0
0
0
0
0
-1
0
0
0
0
1
0
0
1
0
0
0
1
-1
0
-1
0
0
0
1
0
0
0
0
0
0
1
0
0
0
0
0
0
0
0
0
-1
0
0
0
1
0
0
0
1
0
0
0
0
0
0
0
0
0
0
1
0
1
0
-1
0
0
-1
0
0
0
-1
0
0
0
-1
0
-1
1
-1
1
0
0
0
0
0
1
0
1
0
0
0
0
0
0
0
0
0
0
0
1
0
0
-1
0
0
0
0
0
0
0
0
0
0
-1
0
0
1
0
0
-1
0
0
0
0
0
0
0
0
-1
0
1
0
0
0
0
1
0
0
0
0
0
-1
0
0
-1
0
0
0
0
0
0
0
0
0
0
0
1
1
1
1
0
0
-1
1
0
0
0
0
0
0
0
0
0
0
0
0
1
0
0
1
0
1
0
0
1
0
0
0
0
1
0
0
-1
0
0
1
1
0
0
-1
0
-1
-1
0
0
0
1
1
0
-1
0
1
0
0
0
0
1
0
1
-1
0
1
0
0
0
-1
0
0
0
1
0
-1
0
-1
-1
0
0
1
0
0
0
1
1
0
0
1
1
-1
0
-1
0
0
0
1
0
0
0
0
-1
0
0
-1
0
0
-1
-1
1
0
0
0
0
-1
0
1
0
0
0
-1
1
0
1
0
1
-1
0
0
0
-1
0
0
0
0
0
0
0
0
0
0
0
0
0
0
0
0
0
1
0
0
0
0
1
0
0
0
0
0
0
0
0
0
0
0
0
0
0
0
0
0
0
0
0
1
0
0
0
0
-1
0
0
1
0
0
0
0
0
-1
0
0
0
0
0
0
-1
0
0
-1
0
0
0
-1
0
0
0
0
-1
0
0
0
0
0
0
0
0
0
0
0
0
0
0
0
-1
0
0
0
-1
0
-1
0
-1
0
0
0
0
1
0
0
0
0
-1
1
0
0
0
0
0
1
0
0
0
0
0
0
1
0
0
0
0
-1
0
-1
0
0
0
0
0
0
0
0
0
0
0
0
0
0
0
0
0
1
0
1
1
0
1
0
0
0
0
0
1
0
1
0
0
0
1
0
0
-1
0
0
1
0
-1
0
0
0
0
-1
-1
1
0
0
1
0
0
1
0
0
0
-1
1
0
0
0
0
0
0
-1
0
0
0
0
0
0
0
0
0
0
0
0
0
0
0
0
0
0
0
0
-1
0
-1
0
-1
0
0
0
0
0
-1
0
-1
1
0
0
0
0
0
-1
0
-1
0
-1
0
0
0
0
-1
0
-1
0
1
0
0
0
0
0
0
1
0
0
0
0
0
0
-1
0
0
0
0
0
0
0
0
1
0
1
1
0
0
0
0
0
0
0
0
0
0
1
0
1
0
0
0
0
0
0
0
1
0
0
0
1
0
1
1
0
0
0
0
-1
0
0
1
0
0
0
0
0
0
0
0
0
0
0
0
0
-1
0
0
0
0
0
0
0
0
0
-1
0
1
0
0
0
0
0
0
0
-1
1
0
0
0
1
0
1
0
0
0
0
0
0
0
-1
0
1
0
0
0
1
0
0
0
0
-1
1
1
0
0
1
0
0
0
0
0
0
0
0
-1
0
0
0
0
1
0
0
0
0
0
0
-1
-1
1
0
0
1
0
0
-1
0
-1
1
0
1
0
0
0
0
1
-1
0
0
0
0
0
0
0
0
0
0
0
0
0
0
-1
0
0
0
0
1
0
0
0
0
0
0
0
0
-1
0
0
0
-1
0
0
1
0
-1
0
0
0
0
1
1
1
0
0
-1
0
0
-1
0
0
0
0
-1
0
0
0
0
0
0
1
0
0
0
0
0
1
0
0
0
0
0
0
0
-1
1
-1
0
-1
0
0
0
0
-1
0
0
0
0
0
0
0
0
0
1
0
0
0
0
0
0
0
0
0
0
0
0
0
0
-1
0
0
0
1
0
0
0
0
-1
0
-1
0
1
0
0
1
0
0
0
0
0
0
0
0
0
0
1
-1
0
-1
0
0
-1
0
0
0
0
-1
0
0
0
0
0
1
0
0
0
0
0
0
0
-1
0
0
0
0
0
0
-1
0
0
0
0
0
0
-1
0
-1
0
0
0
0
1
0
0
0
0
0
0
0
0
0
0
0
0
1
0
0
0
0
1
0
-1
0
1
0
0
0
0
0
0
0
-1
-1
0
0
0
1
0
-1
0
0
-1
0
0
0
-1
0
0
1
0
0
0
0
0
0
1
0
0
0
0
1
0
0
0
1
1
0
0
0
0
0
0
1
0
1
0
0
0
1
0
0
0
-1
1
1
0
-1
0
0
0
0
0
0
0
0
0
0
0
1
0
1
0
0
0
0
0
-1
0
1
0
0
-1
0
-1
0
0
-1
0
0
0
0
0
0
0
0
0
0
0
0
0
0
0
0
0
0
0
0
0
0
0
0
0
0
0
0
0
0
0
0
0
-1
0
0
0
0
0
0
0
-1
0
0
0
0
0
0
0
0
0
0
0
0
0
0
0
0
0
0
0
0
0
0
1
-1
0
0
0
0
0
0
0
1
0
0
0
0
0
-1
0
0
0
0
0
0
0
0
0
0
-1
-1
-1
-1
0
-1
0
0
0
0
0
0
-1
-1
0
-1
0
0
0
-1
0
0
0
0
0
0
0
1
0
0
0
0
0
0
0
0
0
0
1
1
0
0
0
0
0
0
0
0
0
0
0
1
0
0
0
0
0
1
1
0
0
0
0
0
-1
0
0
0
0
0
0
1
0
0
1
0
0
0
1
0
0
1
0
1
1
0
0
0
0
0
0
0
0
0
0
1
0
1
1
-1
0
0
0
0
0
0
0
0
0
0
0
1
0
0
1
0
0
0
1
0
0
0
-1
0
0
0
0
0
0
0
0
0
0
1
0
0
0
-1
-1
0
0
0
0
0
0
0
0
0
0
-1
0
1
0
0
0
0
0
0
0
-1
0
1
0
0
0
0
-1
0
-1
-1
0
0
0
0
1
0
0
0
0
0
0
0
0
1
1
0
1
-1
0
0
0
0
0
0
0
0
0
0
0
0
0
0
0
0
0
0
0
0
0
0
0
0
0
0
0
0
-1
1
0
1
0
0
1
0
0
0
0
0
1
-1
0
0
0
0
0
1
0
0
-1
0
0
0
0
1
0
0
1
-1
-1
0
0
0
0
0
0
0
0
0
0
0
-1
0
0
0
1
0
0
0
0
1
0
-1
-1
0
0
0
-1
0
0
0
0
0
-1
0
0
0
0
-1
0
0
0
0
0
0
0
0
0
0
0
0
0
0
-1
0
0
0
0
0
0
0
0
0
1
0
-1
0
0
0
0
0
0
0
0
0
0
0
0
0
0
0
0
0
0
0
-1
0
0
0
0
0
0
0
0
0
0
0
0
0
1
0
0
0
0
0
0
0
1
0
0
0
1
1
0
0
0
-1
1
1
0
0
0
0
0
0
0
1
0
0
0
1
0
0
0
0
0
-1
0
0
0
0
0
0
0
0
0
0
-1
-1
-1
0
0
0
0
-1
0
0
0
0
0
0
0
0
0
1
0
1
0
0
0
0
0
0
1
-1
0
1
-1
0
0
0
0
0
0
0
-1
0
0
0
-1
0
-1
0
0
0
0
0
-1
0
0
0
0
0
0
-1
0
0
0
0
0
0
0
0
-1
-1
0
0
0
0
0
1
0
0
0
0
0
-1
0
0
0
0
0
0
0
0
0
1
0
1
0
0
1
-1
1
0
0
0
-1
-1
0
0
0
-1
0
-1
0
0
0
-1
0
0
0
0
1
0
0
0
0
0
0
1
0
1
0
0
0
0
0
0
1
0
0
0
1
1
0
0
0
0
0
0
0
0
-1
1
0
0
0
0
0
0
0
1
0
0
-1
0
0
0
-1
-1
0
0
1
0
-1
0
0
0
0
0
0
-1
-1
0
0
-1
1
0
1
0
0
0
0
0
0
1
0
0
0
-1
0
0
0
0
0
1
-1
0
0
0
0
0
0
0
0
0
1
0
0
0
0
0
0
-1
0
0
-1
0
0
-1
0
0
0
0
0
0
0
0
1
0
0
-1
1
0
0
-1
-1
0
0
0
1
-1
0
0
0
-1
1
0
0
0
1
-1
0
0
0
0
0
0
0
0
0
0
0
-1
0
0
0
0
0
0
0
0
0
0
1
-1
0
0
-1
1
0
0
0
0
0
0
0
0
0
0
0
0
0
0
-1
0
0
0
0
0
0
0
-1
0
0
0
-1
0
0
-1
-1
0
0
0
0
0
1
1
-1
0
-1
0
0
0
0
0
0
0
0
1
0
0
0
0
-1
1
0
0
1
0
0
0
0
0
1
1
0
0
0
0
0
-1
0
-1
1
0
1
0
0
1
0
0
1
0
0
0
1
-1
-1
1
0
0
0
-1
0
0
1
0
0
0
0
0