0
1
0
0
1
0
1
1
0
0
0
0
0
0
0
0
0
0
1
0
1
1
-1
0
0
0
0
0
0
0
0
0
0
0
1
0
0
1
0
0
0
1
0
0
0
-1
0
0
0
0
0
0
0
0
0
0
1
0
0
0
-1
-1
0
0
0
0
0
0
0
0
0
0
-1
0
1
0
0
0
0
0
0
0
-1
0
1
0
0
0
0
-1
0
-1
-1
0
0
0
0
1
0
0
0
0
0
0
0
0
1
1
0
1
-1
0
0
0
0
0
0
0
0
0
0
0
0
0
0
0
0
0
0
0
0
0
0
0
0
0
0
0
0
-1
1
0
1
0
0
1
0
0
0
0
0
1
-1
0
0
0
0
0
1
0
0
-1
0
0
0
0
1
0
0
1
-1
-1
0
0
0
0
0
0
0
0
0
0
0
-1
0
0
0
1
0
0
0
0
1
0
-1
-1
0
0
0
-1
0
0
0
0
0
-1
0
0
0
0
-1
0
0
0
0
0
0
0
0
0
0
0
0
0
0
-1
0
0
0
0
0
0
0
0
0
1
0
-1
0
0
0
0
0
0
0
0
0
0
0
0
0
0
0
0
0
0
0
-1
0
0
0
0
0
0
0
0
0
0
0
0
0
1
0
0
0
0
0
0
0
1
0
0
0
1
1
0
0
0
-1
1
1
0
0
0
0
0
0
0
1
0
0
0
1
0
0
0
0
0
-1
0
0
0
0
0
0
0
0
0
0
-1
-1
-1
0
0
0
0
-1
0
0
0
0
0
0
0
0
0
1
0
1
0
0
0
0
0
0
1
-1
0
1
-1
0
0
0
0
0
0
0
-1
0
0
0
-1
0
-1
0
0
0
0
0
-1
0
0
0
0
0
0
-1
0
0
0
0
0
0
0
0
-1
-1
0
0
0
0
0
1
0
0
0
0
0
-1
0
0
0
0
0
0
0
0
0
1
0
1
0
0
1
-1
1
0
0
0
-1
-1
0
0
0
-1
0
-1
0
0
0
-1
0
0
0
0
1
0
0
0
0
0
0
1
0
1
0
0
0
0
0
0
1
0
0
0
1
1
0
0
0
0
0
0
0
0
-1
1
0
0
0
0
0
0
0
1
0
0
-1
0
0
0
-1
-1
0
0
1
0
-1
0
0
0
0
0
0
-1
-1
0
0
-1
1
0
1
0
0
0
0
0
0
1
0
0
0
-1
0
0
0
0
0
1
-1
0
0
0
0
0
0
0
0
0
1
0
0
0
0
0
0
-1
0
0
-1
0
0
-1
0
0
0
0
0
0
0
0
1
0
0
-1
1
0
0
-1
-1
0
0
0
1
-1
0
0
0
-1
1
0
0
0
1
-1
0
0
0
0
0
0
0
0
0
0
0
-1
0
0
0
0
0
0
0
0
0
0
1
-1
0
0
-1
1
0
0
0
0
0
0
0
0
0
0
0
0
0
0
-1
0
0
0
0
0
0
0
-1
0
0
0
-1
0
0
-1
-1
0
0
0
0
0
1
1
-1
0
-1
0
0
0
0
0
0
0
0
1
0
0
0
0
-1
1
0
0
1
0
0
0
0
0
1
1
0
0
0
0
0
-1
0
-1
1
0
1
0
0
1
0
0
1
0
0
1
0
0
-1
0
0
0
2
-5
3
1
-3
3
1
-2
-2
4
0
-11
8
1
-19
29
-31
26
-13
6
12
-7
1
15
2
-39
90
-91
43
14
-9
-110
300
-421
285
20
-346
538
-478
272
-22
-82
45
1
-9
-65
118
-116
74
-10
9
-45
81
-90
35
10
-43
18
5
-3
-28
55
-54
18
10
-32
14
-2
-9
1
12
-14
11
-14
25
-44
41
-19
-11
43
-51
63
-57
54
-29
3
40
-59
59
-31
6
-4
14
-25
19
-2
-18
30
-28
18
-20
24
-21
13
4
-4
4
1
3
-11
17
-14
7
2
1
-3
9
-4
-1
12
-5
-3
21
-17
9
14
-16
17
-6
3
-4
2
-3
-5
8
-13
8
-6
0
-7
7
-13
8
-4
-9
17
-19
11
-1
-5
4
1
-5
8
-2
-6
13
-12
10
-1
-2
4
-1
0
0
6
-5
10
0
2
5
3
-2
4
1
-5
7
0
-7
14
-9
-1
11
-20
14
-7
-5
10
-9
4
-1
-1
0
-2
6
-10
12
-3
-3
5
-3
-9
5
-7
-5
7
-3
-1
3
4
-11
11
-9
-3
4
-2
-8
9
-8
-2
8
-9
4
1
0
-3
9
-7
4
-2
2
-2
1
0
-1
-3
5
-1
-9
18
-18
8
4
-11
5
4
-11
6
5
-14
15
-6
1
1
12
-14
17
0
-6
13
-3
-2
8
0
-8
11
-14
6
-10
7
-10
11
1
-5
13
-6
4
2
5
-9
22
-18
14
-2
-8
12
-14
8
-6
3
-5
5
-3
-3
8
-10
7
-1
-1
3
2
-3
1
2
-3
2
2
-4
3
1
-4
5
0
-3
4
-1
-2
3
1
-1
2
-2
0
1
-4
3
-3
-1
1
-5
3
-3
1
0
-1
2
-1
1
-2
3
-2
0
-1
-1
1
-1
2
-3
4
-4
1
1
-5
6
-6
3
-1
-2
5
-5
2
1
-3
3
-1
-1
2
-2
1
1
-3
2
-1
-3
3
-2
0
3
-2
-1
3
-2
-1
5
-4
1
3
-5
4
0
-4
5
-3
0
2
-2
4
-4
2
2
-6
8
-4
-3
8
-10
3
3
-6
5
0
-2
0
3
-4
2
3
-6
5
-2
-1
1
0
-5
3
0
1
2
1
-3
4
0
1
3
-1
0
1
1
-2
3
-2
0
2
0
0
0
-2
0
2
0
-2
4
-5
0
2
-5
5
0
-4
4
-2
-2
5
-4
1
4
-5
4
-1
-2
0
1
-2
1
1
-1
0
1
0
-2
5
-5
3
0
-2
2
-1
-1
2
0
1
-1
2
-1
1
2
-1
2
2
0
0
2
-1
1
2
0
1
2
0
0
2
-2
1
2
-5
3
-2
0
2
-1
1
-1
1
-2
0
1
-2
1
0
-2
1
0
-1
2
0
0
1
-1
-1
0
0
2
2
3
1
1
2
0
0
1
-1
0
1
-2
0
0
-1
1
0
-1
1
1
0
1
1
2
2
2
1
0
0
0
0
0
1
0
0
1
1
0
0
0
-2
0
0
-1
1
-1
1
1
-1
-1
1
-2
1
0
-1
1
-1
-1
1
-1
0
1
0
1
1
1
2
1
1
0
1
1
1
1
1
1
2
1
0
-1
-1
0
0
0
0
-1
0
0
0
0
0
1
0
0
1
1
2
0
0
-1
-1
-1
-1
-1
1
1
1
1
0
0
1
0
0
0
0
0
0
-1
-1
0
-1
0
0
0
0
0
0
0
0
0
0
0
0
0
0
-1
0
0
0
0
1
0
0
0
0
0
0
0
0
0
0
-1
1
-1
0
0
0
0
0
0
0
0
1
0
1
0
0
0
1
-1
0
0
0
0
0
0
0
0
0
0
-1
0
0
0
0
1
1
0
1
0
0
0
0
0
0
0
0
0
0
-1
-1
-1
-1
0
0
0
0
0
-1
0
0
0
0
0
-1
0
-1
0
1
0
0
1
0
0
-1
0
-1
0
0
0
-1
0
1
-1
0
0
0
0
-1
0
1
0
-1
1
1
0
1
-1
0
0
1
0
0
-1
1
0
0
1
0
0
0
0
1
0
0
0
0
1
0
-1
0
-1
0
1
0
1
-1
0
1
0
0
0
0
0
-1
0
0
0
0
0
0
0
0
0
0
-1
0
1
0
1
0
-1
0
0
1
0
0
0
0
0
0
-1
0
-1
0
0
0
0
0
0
0
1
0
1
0
0
0
0
0
-1
0
0
0
0
0
0
1
0
0
0
0
-1
2
1
0
1
1
1
2
-1
-3
-2
-4
-3
0
-1
0
-3
-4
-1
0
0
1
1
0
1
3
1
-1
0
2
-1
-2
0
2
1
4
3
2
1
-1
-1
-1
-1
0
1
1
1
0
1
0
0
-1
0
0
-1
0
0
0
-1
0
-1
0
0
0
0
0
1
1
1
1
1
1
1
1
2
1
1
1
1
1
1
1
1
1
1
1
1
1
1
0
0
0
0
1
0
0
0
1
0
0
0
0
0
0
0
0
1
1
0
0
1
0
0
0
0
0
1
0
0
-1
1
0
-1
-1
0
0
0
0
0
1
0
1
0
0
0
1
0
-1
0
-1
0
0
-1
0
0
0
-1
0
0
0
0
0
0
0
0
1
-1
0
0
0
0
-1
0
0
0
0
0
1
0
0
0
0
0
0
0
0
1
1
0
0
0
0
0
0
0
0
0
1
0
-1
0
0
0
0
0
0
0
0
0
0
1
0
1
1
1
0
0
0
0
0
0
0
0
0
0
0
0
-1
0
0
0
-1
0
-1
0
0
0
0
0
0
0
-1
1
0
1
0
0
0
0
1
1
0
-1
0
1
-1
0
0
0
0
0
0
0
0
0
0
0
0
0
1
-1
0
0
0
0
0
0
0
-1
0
-1
0
0
0
0
0
-1
0
1
0
0
0
1
0
0
0
0
0
0
0
0
0
0
0
0
0
0
1
0
1
0
-1
-1
-1
0
0
0
0
0
0
0
-1
0
0
1
-1
0
1
0
0
0
0
0
0
0
-1
0
0
0
0
0
0
0
0
0
0
0
0
0
0
0
0
0
0
0
0
0
0
1
0
1
0
0
0
1
0
0
-1
1
0
-1
0
0
-1
0
0
0
0
-1
0
0
0
0
1
0
0
0
1
0
0
1
-1
0
0
0
0
0
0
-1
0
1
0
0
0
1
-1
0
0
0
-1
0
0
0
-1
0
1
0
-1
0
0
-1
-1
0
0
0
0
-1
-1
-1
0
0
0
0
0
0
0
0
0
1
0
-1
0
1
0
1
0
0
0
-1
0
0
0
0
0
0
-1
1
0
0
0
0
1
0
0
0
-1
0
1
0
0
0
0
0
0
0
0
0
0
-1
1
-1
0
1
0
0
0
0
0
0
0
0
0
0
0
0
0
0
0
1
0
0
0
0
-1
1
0
0
0
0
0
0
0
0
0
0
0
0
-1
0
0
0
-1
0
0
1
1
0
0
0
0
-1
0
1
0
-1
0
0
0
0
-1
0
0
0
0
0
-1
-1
0
0
0
0
1
0
0
0
0
-1
0
0
0
0
0
0
0
0
1
0
-1
0
0
-1
0
0
0
0
0
0
0
0
0
0
0
1
0
0
0
0
-1
-1
0
-1
0
0
0
-1
0
0
0
0
1
1
-1
0
0
-1
-1
0
0
-1
0
0
-1
0
0
-1
1
-1
0
0
-1
0
0
0
0
0
0
0
1
0
0
-1
1
1
0
0
0
0
0
0
0
0
0
1
0
0
0
0
0
0
-1
0
0
-1
0
0
1
0
0
1
0
0
0
1
0
0
0
0
0
0
1
-1
0
0
0
1
0
-1
0
0
0
0
0
-1
0
0
0
0
1
0
0
1
0
0
0
1
0
0
0
0
0
1
0
0
0
0
0
0
0
1
0
0
0
0
-1
0
0
-1
-1
0
-1
0
0
0
1
1
0
0
0
-1
1
0
0
0
0
1
0
1
0
0
1
1
0
0
0
0
0
-1
0
0
0
-1
0
0
1
0
0
0
0
1
0
1
0
0
0
0
-1
0
0
0
0
0
-1
0
0
0
1
1
0
0
-1
0
0
1
0
0
-1
1
0
0
0
0
-1
0
0
0
0
0
0
0
0
0
0
0
1
0
0
0
-1
0
1
0
0
1
-1
0
-1
-1
0
0
0
0
0
0
0
0
-1
0
-1
1
0
1
1
0
0
0
0
0
0
0
0
0
0
0
0
0
0
1
0
-1
0
0
0
0
0
0
-1
0
0
-1
0
0
0
0
0
0
0
1
1
0
0
0
0
0
0
0
-1
0
0
0
0
0
0
-1
-1
0
0
0
0
0
1
0
1
-1
0
0
-1
0
0
0
1
0
0
0
0
0
0
0
1
0
1
0
0
0
-1
-1
0
0
0
0
1
0
-1
0
0
0
0
1
0
-1
0
0
0
0
0
1
0
0
0
0
0
0
0
0
0
0
1
0
0
0
0
0
0
0
0
0
0
0
0
0
-1
-1
0
0
0
0
0
0
-1
0
0
-1
0
0
0
0
0
0
0
0
0
0
0
0
0
0
0
0
0
-1
0
0
1
0
0
-1
1
0
0
0
0
0
0
0
0
0
0
-1
1
0
0
-1
0
0
0
1
0
-1
0
0
0
0
0
0
0
1
-1
0
-1
0
-1
-1
0
0
0
1
0
0
0
0
0
1
0
-1
-1
0
0
0
0
0
0
0
-1
0
-1
0
1
0
0
0
0
1
0
0
0
0
0
-1
-1
0
0
0
0
-1
0
1
0
1
0
0
0
0
-1
0
0
0
-1
0
0
0
0
0
0
0
0
-1
0
0
0
1
0
1
0
-1
0
1
0
0
-1
0
0
0
0
0
0
1
0
1
0
0
0
0
0
1
0
1
0
0
0
1
0
0
0
0
0
-1
0
0
0
0
0
0
0
0
0
-1
0
0
0
0
0
0
0
0
0
0
1
0
1
0
0
1
0
0
1
0
0
1
0
0
1
0
0
0
0
0
0
0
0
0
0
0
1
0
0
-1
0
0
-1
0
-1
0
0
1
1
0
0
0
-1
0
0
0
0
0
0
1
0
0
-1
0
0
0
0
-1
0
1
0
0
0
0
0
-1
0
0
0
0
0
0
0
1
0
0
0
0
0
-1
0
0
0
0
0
1
0
0
0
0
0
0
0
1
0
-1
0
-1
1
0
0
0
0
-1
0
-1
0
0
0
0
-1
1
0
0
0
1
0
-1
0
1
1
0
-1
0
0
0
0
0
0
0
0
-1
0
0
0
0
1
-1
0
0
-1
0
0
0
0
0
1
1
0
0
0
-1
-1
0
0
0
1
0
0
0
0
0
0
1
0
0
-1
0
0
1
0
0
0
0
0
1
0
0
-1
0
0
0
0
0
0
0
0
1
0
0
0
0
0
0
0
0
1
0
0
0
0
0
0
-1
0
0
0
0
1
0
0
1
0
0
0
1
-1
0
-1
0
0
0
1
0
0
0
0
0
0
1
0
0
0
0
0
0
0
0
0
-1
0
0
0
1
0
0
0
1
0
0
0
0
0
0
0
0
0
0
1
0
1
0
-1
0
0
-1
0
0
0
-1
0
0
0
-1
0
-1
1
-1
1
0
0
0
0
0
1
0
1
0
0
0
0
0
0
0
0
0
0
0
1
0
0
-1
0
0
0
0
0
0
0
0
0
0
-1
0
0
1
0
0
-1
0
0
0
0
0
0
0
0
-1
0
1
0
0
0
0
1
0
0
0
0
0
-1
0
0
-1
0
0
0
0
0
0
0
0
0
0
0
1
1
1
1
0
0
-1
1
0
0
0
0
0
0
0
0
0
0
0
0
1
0
0
1
0
1
0
0
1
0
0
0
0
1
0
0
-1
0
0
1
1
0
0
-1
0
-1
-1
0
0
0
1
1
0
-1
0
1
0
0
0
0
1
0
1
-1
0
1
0
0
0
-1
0
0
0
1
0
-1
0
-1
-1
0
0
1
0
0
0
1
1
0
0
1
1
-1
0
-1
0
0
0
1
0
0
0
0
-1
0
0
-1
0
0
-1
-1
1
0
0
0
0
-1
0
1
0
0
0
-1
1
0
1
0
1
-1
0
0
0
-1
0
0
0
0
0
0
0
0
0
0
0
0
0
0
0
0
0
1
0
0
0
0
1
0
0
0
0
0
0
0
0
0
0
0
0
0
0
0
0
0
0
0
1
2
0
0
-1
-2
-2
-1
0
2
2
1
0
0
-1
-1
0
1
2
2
2
1
-1
0
0
-1
0
0
0
-1
0
0
0
0
-1
0
0
0
0
0
0
0
0
0
0
0
0
0
0
0
-1
0
0
0
-1
0
-1
0
-1
0
0
0
0
1
0
0
0
0
-1
1
0
0
0
0
0
1
0
0
0
0
0
0
1
0
0
0
0
-1
0
-1
0
0
0
0
0
0
1
1
0
0
-1
-2
-1
-1
0
1
1
2
0
1
0
0
1
1
2
2
2
1
1
0
2
1
1
1
2
1
1
0
2
2
3
1
-1
0
0
0
1
1
1
2
0
-1
0
-1
0
1
1
1
1
-1
1
0
0
0
0
0
0
-1
0
0
1
1
1
0
-1
-1
-1
0
1
1
2
1
0
-1
-1
-1
0
0
0
1
0
0
-1
0
0
0
0
0
-1
0
-1
1
0
0
0
0
1
0
0
-2
-1
0
3
3
3
2
-1
0
-1
0
1
1
2
3
3
2
0
-1
-2
-2
-1
0
1
2
1
1
0
-1
-1
-1
-1
0
0
2
1
2
2
0
0
0
0
0
0
0
0
0
0
1
0
1
0
0
0
0
0
0
0
1
0
0
0
1
0
1
1
0
0
0
0
-1
0
0
2
1
0
0
-1
-1
-1
0
1
1
1
1
0
-1
-3
-1
-1
0
1
1
1
1
0
0
0
1
2
1
1
1
0
0
1
1
-1
1
-1
-1
-1
1
1
2
2
1
1
-1
-1
-1
-1
-1
1
2
1
1
1
1
0
-1
-1
-1
-2
0
1
1
2
3
1
0
-1
-3
-2
-1
1
2
2
3
3
0
-3
-5
-6
-4
-1
2
3
3
1
-1
-2
-5
-6
-3
-1
2
4
6
4
3
-1
-2
-5
-4
-2
1
5
5
5
4
1
-2
-4
-3
-2
0
4
5
6
5
2
0
-4
-4
-3
-2
1
4
4
3
1
-2
-4
-5
-5
-3
-1
2
4
4
1
0
-3
-3
-4
-3
1
3
5
4
4
2
0
-1
-1
-1
1
1
0
0
-1
-1
-2
-3
-1
0
0
0
0
0
1
-1
-1
-1
-1
-1
1
0
1
1
0
0
-1
-1
-2
1
1
3
2
2
0
-1
-1
-1
2
3
3
3
1
-1
-2
-2
-1
2
2
2
1
0
-1
-1
-1
-1
0
2
3
3
1
-1
-4
-3
-1
0
1
1
1
2
2
0
-1
-3
-2
-1
-1
1
3
3
2
1
-1
-3
-3
-2
0
2
3
4
1
-1
-4
-4
-4
-3
0
2
4
4
2
0
-2
-4
-4
-3
0
2
3
3
3
1
-1
-3
-5
-2
-1
2
4
5
4
2
1
-2
-3
-3
-2
-1
1
3
2
3
2
0
-2
-3
-3
-2
0
2
3
3
2
1
-1
-3
-4
-3
0
2
5
6
5
4
-1
-5
-5
-3
-2
1
4
5
5
3
0
-4
-6
-4
-2
2
6
7
6
4
0
-5
-6
-6
-4
-1
3
5
6
3
1
-2
-4
-5
-3
0
2
4
5
5
4
1
-2
-2
-1
0
1
3
3
4
4
2
1
-2
-3
-3
-2
0
2
2
3
4
2
2
-2
-5
-7
-4
-1
3
6
7
7
4
-2
-7
-11
-10
-4
3
13
16
16
9
-1
-11
-17
-15
-7
2
12
17
18
11
1
-11
-21
-22
-16
-4
9
17
19
15
5
-7
-16
-21
-18
-9
3
12
17
15
9
-1
-11
-16
-17
-11
-2
8
15
16
12
4
-6
-13
-16
-13
-7
3
12
16
15
9
1
-8
-15
-14
-10
-2
7
13
16
12
4
-6
-14
-17
-15
-6
5
14
19
17
10
0
-10
-16
-15
-8
1
13
19
19
11
0
-12
-20
-18
-12
0
13
21
22
14
2
-12
-23
-25
-17
-2
14
25
27
18
1
-17
-29
-31
-21
-5
15
28
29
19
2
-17
-30
-30
-19
-3
16
27
29
18
3
-13
-26
-28
-21
-6
10
23
27
23
11
-3
-15
-21
-20
-11
1
14
22
22
12
0
-12
-20
-20
-12
1
13
20
20
13
4
-7
-14
-14
-9
0
9
13
12
7
1
-5
-7
-7
-3
1
3
3
2
0
0
0
2
5
4
1
-3
-6
-7
-4
2
5
9
8
3
-2
-8
-10
-9
-5
1
4
5
4
3
0
-1
-2
-5
-4
-4
-3
-1
1
4
7
8
7
2
-4
-8
-10
-7
2
9
14
15
11
0
-11
-18
-19
-12
-1
10
17
17
11
2
-8
-15
-16
-10
-2
8
15
16
12
5
-4
-11
-13
-11
-6
3
9
14
13
8
2
-3
-8
-8
-5
1
6
10
11
8
4
-1
-6
-8
-7
-4
-1
3
3
3
2
0
-1
-1
0
0
0
0
0
0
0
1
2
3
2
-1
-1
-4
-4
-4
-3
-1
1
3
2
0
-3
-6
-6
-4
1
5
10
10
7
1
-4
-8
-7
-4
1
6
9
8
4
-1
-7
-8
-8
-4
0
5
10
8
5
0
-5
-8
-7
-6
1
7
11
11
7
2
-5
-9
-10
-4
2
8
11
11
7
0
-3
-7
-7
-4
0
2
2
2
2
1
-1
-2
-3
-3
-5
-5
-6
-6
-3
0
5
8
9
6
0
-5
-8
-6
-3
2
8
14
15
11
3
-6
-13
-14
-10
-4
5
11
15
13
6
-5
-16
-23
-22
-14
0
15
25
26
17
1
-17
-27
-28
-18
1
19
30
30
19
3
-13
-24
-25
-15
-2
12
21
23
17
7
-3
-10
-12
-9
-3
2
5
6
6
4
1
-3
-6
-6
-6
-4
-3
-1
1
3
4
4
3
0
-1
-2
0
1
1
2
2
2
1
0
-1
-3
-4
-3
-2
-2
-2
-1
0
3
8
9
7
4
0
-2
-3
-1
1
5
5
4
1
-1
-5
-6
-5
-4
-2
-2
-2
-3
-5
-6
-4
-2
1
4
4
4
1
0
0
1
3
5
7
5
3
1
-1
-1
0
2
2
2
0
-1
-2
-2
-2
0
1
1
0
-2
-2
-3
-1
2
0
1
0
-1
-4
-6
-6
-4
0
6
10
9
4
-1
-7
-7
-5
0
7
11
10
6
-1
-7
-10
-9
-6
-3
2
4
4
1
-2
-5
-5
-4
-2
0
2
3
4
4
3
3
0
-1
0
0
0
-1
0
0
0
0
0
-1
-1
0
1
3
2
1
-1
-1
0
-1
3
4
5
5
1
-1
-4
-7
-6
-4
2
5
8
7
2
-6
-11
-13
-11
-4
7
14
16
13
4
-6
-14
-14
-10
0
9
15
16
11
3
-5
-10
-13
-10
-4
4
10
10
10
6
1
-3
-7
-9
-9
-8
-1
3
9
11
9
4
-3
-10
-11
-10
-3
4
12
14
10
2
-5
-10
-10
-7
-1
5
11
12
9
4
-1
-6
-8
-8
-3
0
1
4
2
1
-1
-3
-5
-7
-8
-7
-3
1
6
10
9
7
1
-5
-9
-8
-2
3
9
11
9
4
-2
-7
-7
-5
-2
3
3
2
2
1
1
0
-2
-3
-4
-6
-4
-3
-1
4
8
10
9
4
-3
-8
-10
-7
-2
5
9
13
10
5
-3
-8
-10
-9
-6
0
3
7
8
6
1
-1
-7
-9
-9
-4
-2
6
10
12
10
5
0
-5
-7
-7
-4
2
6
11
11
7
1
-4
-8
-8
-6
-3
1
5
5
6
4
-1
-3
-6
-6
-4
-2
0
2
4
6
6
6
3
-1
-4
-5
-5
-1
3
7
9
9
5
1
-6
-8
-8
-5
-2
4
6
5
4
1
-3
-6
-6
-5
-2
2
3
6
5
5
2
-1
-4
-5
-5
-2
1
5
5
5
2
-1
-5
-3
-3
-1
3
5
5
3
1
-1
0
0
1
2
2
2
1
-1
0
-1
1
0
1
0
0
1
0
1
2
0
0
-1
0
-2
-1
2
1
2
1
-1
-1
-2
0
-1
0
2
3
4
3
0
0
-2
-2
-3
0
2
5
6
4
3
0
-2
-4
-5
-3
-1
1
3
3
4
1
-1
-2
-5
-5
-4
-1
3
3
5
4
2
0
-4
-3
-4
-2
0
4
6
7
5
3
-1
-3
-6
-3
-3
0
3
4
3
2
0
-3
-4
-4
-2
-2
2
3
3
3
1
0
-1
-1
-1
-1
-2
0
0
1
1
0
0
0
-1
-1
0
0
0
-1
0
0
1
0
1
0
1
2
0
0
0
-1
-1
0
1
1
1
1
0
-1
-1
-1
-2
1
1
1
1
1
0
-1
0
0
0
1
1
2
1
3
3
2
1
0
-2
-2
-1
0
2
3
3
2
1
-1
-3
-3
-2
0
-1
3
4
1
0
0
-1
-3
-3
-1
-1
0
3
3
2
2
1
-2
-2
-2
-1
2
4
4
4
3
0
-2
-2
-2
-2
-2
1
2
4
3
1
-1
-3
-4
-2
0
0
2
0
0
0
0
0
0
0
-1
-1
1
0
0
0
0
0
1
0
0
0
1
1
0
0
0
0
0
0
0
0
1
1
1
0
0
-1
0
0
0
-1
-1
0
0
0
0
0
0
0
0
0
0
0
0
0
0
0
0
0
0
1
1
0
1
0
0
-1
-2
0
1
1
1
1
0
1
-1
-1
0
0
0
0
0
1
0
-1
0
0
0
0
0
0
0
0
-1
0
0
0
0
1
0
0
0
0
0
-1
1
1
0
0
0
0
1
0
0
0
0
0
0
0
0
0
0
0
0
1
0
0
0
0
0
0
1
0
0
0
0
0
0
0
0
0
0
1
0
-1
0
0
0
0
-1
0
0
0
0
0
0
-1
0
0
-1
0
0
0
-1
1
0
0
0
0
0
0
0
0
0
0
0
0
0
-1
0
-1
0
0
0
0
0
0
0
0
0
1
0
0
0
0
0
0
0
0
0
0
0
1
0
0
0
0
0
0
0
0
0
-1
0
0
1
0
0
0
0
0
0
0
1
0
0
0
0
0
0
-1
0
1
0
0
0
0
0
0
0
0
-1
0
0
0
0
0
0
0
0
1
0
-1
0
1
0
0
-1
0
0
0
0
-1
0
0
0
0
1
0
0
0
0
0
0
0
0
-1
0
0
0
0
0
0
1
1
2
2
1
0
0
0
1
2
3
3
3
1
1
-2
-1
0
1
1
1
1
0
0
-1
0
-1
-1
0
0
0
0
0
0
0
0
0
0
-1
0
-1
0
0
0
0
0
0
-1
0
0
0
0
0
0
0
0
0
0
0
0
0
0
0
0
0
1
1
0
-1
0
0
0
0
0
0
0
0
0
0
0
0
0
0
0
0
1
0
0
0
0
0
1
0
0
0
0
0
0
0
-1
-1
0
0
0
0
0
-1
-1
0
0
0
-1
1
0
0
-1
0
0
0
0
0
0
0
0
0
0
0
0
0
0
0
0
1
0
0
-1
0
0
0
0
0
0
1
0
0
-1
-1
0
0
0
0
-1
0
0
0
0
0
1
0
0
1
0
1
0
0
0
0
0
0
-1
0
0
0
0
0
0
1
0
0
0
0
0
0
-1
-1
0
-1
0
0
0
0
0
0
0
0
0
0
0
0
0
0
-1
0
0
0
0
1
0
0
0
0
0
0
0
0
0
0
-1
1
-1
0
0
0
0
0
0
0
0
1
0
1
0
0
0
1
-1
0
0
0
0
0
0
0
0
0
0
-1
0
0
0
0
1
1
0
1
0
0
0
0
0
0
0
0
0
0
-1
-1
-1
-1
0
0
0
0
0
-1
0
0
0
0
0
-1
0
-1
0
1
0
0
1
0
0
-1
0
-1
0
0
0
-1
0
1
-1
0
0
0
0
-1
0
1
0
-1
1
1
0
1
-1
0
0
1
0
0
-1
1
0
0
1
0
0
0
0
1
0
0
0
0
1
0
-1
0
-1
0
1
0
1
-1
0
1
0
0
0
0
0
-1
0
0
0
0
0
0
0
0
0
0
-1
0
1
0
1
0
-1
0
0
1
0
0
0
0
0
0
-1
0
-1
0
0
0
0
0
0
0
1
0
1
0
0
0
0
0
-1
0
0
0
0
0
-1
0
0
0
0
0
0
1
0
0
0
0
1
0
0
0
0
0
0
0
0
0
-1
0
1
0
0
0
0
0
0
0
0
0
0
0
0
0
0
0
-1
1
0
0
0
-1
0
0
0
1
0
0
0
-1
0
0
0
0
1
1
0
1
0
0
-1
0
-1
0
0
0
0
0
0
0
0
0
0
0
0
0
1
0
0
0
0
0
0
0
0
0
0
0
0
0
0
0
0
0
0
1
0
0
0
1
0
0
0
0
0
0
0
0
1
1
0
0
1
0
0
0
0
0
1
0
0
-1
1
0
-1
-1
0
0
0
0
0
1
0
1
0
0
0
1
0
-1
0
-1
0
0
-1
0
0
0
-1
0
0
0
0
0
0
0
0
1
-1
0
0
0
0
-1
0
0
0
0
0
1
0
0
0
0
0
0
0
0
1
1
0
0
0
0
0
0
0
0
0
1
0
-1
0
0
0
0
0
0
0
0
0
0
1
0
1
1
1
0
0
0
0
0
0
0
0
0
0
0
0
-1
0
0
0
-1
0
-1
0
0
0
0
0
0
0
-1
1
0
1
0
0
0
0
1
1
0
-1
0
1
-1
0
0
0
0
0
0
0
0
0
0
0
0
0
1
-1
0
0
0
0
0
0
0
-1
0
-1
0
0
0
0
0
-1
0
1
0
0
0
1
0
0
0
0
0
0
0
0
0
0
0
0
0
0
1
0
1
0
-1
-1
-1
0
0
0
0
0
0
0
-1
0
0
1
-1
0
1
0
0
0
0
0
0
0
-1
0
0
0
0
0
0
0
0
0
0
0
0
0
0
0
0
0
0
0
0
0
0
1
0
1
0
0
0
1
0
0
-1
1
0
-1
0
0
-1
0
0
0
0
-1
0
0
0
0
1
0
0
0
1
0
0
1
-1
0
0
0
0
0
0
-1
0
1
0
0
0
1
-1
0
0
0
-1
0
0
0
-1
0
1
0
-1
0
0
-1
-1
0
0
0
0
-1
-1
-1
0
0
0
0
0
0
0
0
0
1
0
-1
0
1
0
1
0
0
0
-1
0
0
0
0
0
0
-1
1
0
0
0
0
1
0
0
0
-1
0
1
0
0
0
0
0
0
0
0
0
0
-1
1
-1
0
1
0
0
0
0
0
0
0
0
0
0
0
0
0
0
0
1
0
0
0
0
-1
1
0
0
0
0
0
0
0
0
0
0
0
0
-1
0
0
0
-1
0
0
1
1
0
0
0
0
-1
0
1
0
-1
0
0
0
0
-1
0
0
0
0
0
-1
-1
0
0
0
0
1
0
0
0
0
-1
0
0
0
0
0
0
0
0
1
0
-1
0
0
-1
0
0
0
0
0
0
0
0
0
0
0
1
0
0
0
0
-1
-1
0
-1
0
0
0
-1
0
0
0
0
1
1
-1
0
0
-1
-1
0
0
-1
0
0
-1
0
0
-1
1
-1
0
0
-1
0
0
0
0
0
0
0
1
0
0
-1
1
1
0
0
0
0
0
0
0
0
0
1
0
0
0
0
0
0
-1
0
0
-1
0
0
1
0
0
1
0
0
0
1
0
0
0
0
0
0
1
-1
0
0
0
1
0
-1
0
0
0
0
0
-1
0
0
0
0
1
0
0
1
0
0
0
1
0
0
0
0
0
1
0
0
0
0
0
0
0
1
0
0
0
0
-1
0
0
-1
-1
0
-1
0
0
0
1
1
0
0
0
-1
1
0
0
0
0
1
0
1
0
0
1
1
0
0
0
0
0
-1
0
0
0
-1
0
0
1
0
0
0
0
1
0
1
0
0
0
0
-1
0
0
0
0
0
-1
0
0
0
1
1
0
0
-1
0
0
1
0
0
-1
1
0
0
0
0
-1
0
0
0
0
0
0
0
0
0
0
0
1
0
0
0
-1
0
1
0
0
1
-1
0
-1
-1
0
0
0
0
0
0
0
0
-1
0
-1
1
0
1
1
0
0
0
0
0
0
0
0
0
0
0
0
0
0
1
0
-1
0
0
0
0
0
0
-1
0
0
-1
0
0
0
0
0
0
0
1
1
0
0
0
0
0
0
0
-1
0
0
0
0
0
0
-1
-1
0
0
0
0
0
1
0
1
-1
0
0
-1
0
0
0
1
0
0
0
0
0
0
0
1
0
1
0
0
0
-1
-1
0
0
0
0
1
0
-1
0
0
0
0
1
0
-1
0
0
0
0
0
1
0
0
0
0
0
0
0
0
0
0
1
0
0
0
0
0
0
0
0
0
0
0
0
0
-1
-1
0
0
0
0
0
0
-1
0
0
-1
0
0
0
0
0
0
0
0
0
0
0
0
0
0
0
0
0
-1
0
0
1
0
0
-1
1
0
0
0
0
0
0
0
0
0
0
-1
1
0
0
-1
0
0
0
1
0
-1
0
0
0
0
0
0
0
1
-1
0
-1
0
-1
-1
0
0
0
1
0
0
0
0
0
1
0
-1
-1
0
0
0
0
0
0
0
-1
0
-1
0
1
0
0
0
0
1
0
0
0
0
0
-1
-1
0
0
0
0
-1
0
1
0
1
0
0
0
0
-1
0
0
0
-1
0
0
0
0
0
0
0
0
-1
0
0
0
1
0
1
0
-1
0
1
0
0
-1
0
0
0
0
0
0
1
0
1
0
0
0
0
0
1
0
1
0
0
0
1
0
0
0
0
0
-1
0
0
0
0
0
0
0
0
0
-1
0
0
0
0
0
0
0
0
0
0
1
0
1
0
0
1
0
0
1
0
0
1
0
0
1
0
0
0
0
0
0
0
0
0
0
0
1
0
0
-1
0
0
-1
0
-1
0
0
1
1
0
0
0
-1
0
0
0
0
0
0
1
0
0
-1
0
0
0
0
-1
0
1
0
0
0
0
0
-1
0
0
0
0
0
0
0
1
0
0
0
0
0
-1
0
0
0
0
0
1
0
0
0
0
0
0
0
1
0
-1
0
-1
1
0
0
0
0
-1
0
-1
0
0
0
0
-1
1
0
0
0
1
0
-1
0
1
1
0
-1
0
0
0
0
0
0
0
0
-1
0
0
0
0
1
-1
0
0
-1
0
0
0
0
0
1
1
0
0
0
-1
-1
0
0
0
1
0
0
0
0
0
0
1
0
0
-1
0
0
1
0
0
0
0
0
1
0
0
-1
0
0
0
0
0
0
0
0
1
0
0
0
0
0
0
0
0
1
0
0
0
0
0
0
-1
0
0
0
0
1
0
0
1
0
0
0
1
-1
0
-1
0
0
0
1
0
0
0
0
0
0
1
0
0
0
0
0
0
0
0
0
-1
0
0
0
1
0
0
0
1
0
0
0
0
0
0
0
0
0
0
1
0
1
0
-1
0
0
-1
0
0
0
-1
0
0
0
-1
0
-1
1
-1
1
0
0
0
0
0
1
0
1
0
0
0
0
0
0
0
0
0
0
0
1
0
0
-1
0
0
0
0
0
0
0
0
0
0
-1
0
0
1
0
0
-1
0
0
0
0
0
0
0
0
-1
0
1
0
0
0
0
1
0
0
0
0
0
-1
0
0
-1
0
0
0
0
0
0
0
0
0
0
0
1
1
1
1
0
0
-1
1
0
0
0
0
0
0
0
0
0
0
0
0
1
0
0
1
0
1
0
0
1
0
0
0
0
1
0
0
-1
0
0
1
1
0
0
-1
0
-1
-1
0
0
0
1
1
0
-1
0
1
0
0
0
0
1
0
1
-1
0
1
0
0
0
-1
0
0
0
1
0
-1
0
-1
-1
0
0
1
0
0
0
1
1
0
0
1
1
-1
0
-1
0
0
0
1
0
0
0
0
-1
0
0
-1
0
0
-1
-1
1
0
0
0
0
-1
0
1
0
0
0
-1
1
0
1
0
1
-1
0
0
0
-1
0
0
0
0
0
0
0
0
0
0
0
0
0
0
0
0
0
1
0
0
0
0
1
0
0
0
0
0
0
0
0
0
0
0
0
0
0
0
0
0
0
0
0
1
0
0
0
0
-1
0
0
1
0
0
0
0
0
-1
0
0
0
0
0
0
-1
0
0
-1
0
0
0
-1
0
0
0
0
-1
0
0
0
0
0
0
0
0
0
0
0
0
0
0
0
-1
0
0
0
-1
0
-1
0
-1
0
0
0
0
1
0
0
0
0
-1
1
0
0
0
0
0
1
0
0
0
0
0
0
1
0
0
0
0
-1
0
-1
0
0
0
0
0
0
0
0
0
0
0
0
0
0
0
0
0
1
0
1
1
0
1
0
0
0
0
0
1
0
1
0
0
0
1
0
0
-1
0
0
1
0
-1
0
0
0
0
-1
-1
1
0
0
1
0
0
1
0
0
0
-1
1
0
0
0
0
0
0
-1
0
0
0
0
0
0
0
0
0
0
0
0
0
0
0
0
0
0
0
0
-1
0
-1
0
-1
0
0
0
0
0
-1
0
-1
1
0
0
0
0
0
-1
0
-1
0
-1
0
0
0
0
-1
0
-1
0
1
0
0
0
0
0
0
1
0
0
0
0
0
0
-1
0
0
0
0
0
0
0
0
1
0
1
1
0
0
0
0
0
0
0
0
0
0
1
0
1
0
0
0
0
0
0
0
1
0
0
0
1
0
1
1
0
0
0
0
-1
0
0
1
0
0
0
0
0
0
0
0
0
0
0
0
0
-1
0
0
0
0
0
0
0
0
0
-1
0
1
0
0
0
0
0
0
0
-1
1
0
0
0
1
0
1
0
0
0
0
0
0
0
-1
0
1
0
0
0
1
0
0
0
0
-1
1
1
0
0
1
0
0
0
0
0
0
0
0
-1
0
0
0
0
1
0
0
0
0
0
0
-1
-1
1
0
0
1
0
0
-1
0
-1
1
0
1
0
0
0
0
1
-1
0
0
0
0
0
0
0
0
0
0
0
0
0
0
-1
0
0
0
0
1
0
0
-1
-1
-1
0
1
1
0
0
-2
-1
-1
0
4
-2
4
-6
2
-2
0
2
1
4
-1
0
-2
-2
0
2
-1
3
-3
2
-3
-1
0
0
3
-2
2
-4
2
-2
2
2
-1
2
-3
2
-3
2
-1
0
0
-1
-1
4
-2
2
-3
-3
0
-1
0
2
-1
1
0
-2
1
-1
0
-1
-1
0
3
2
1
2
1
-6
-1
-5
-3
6
5
6
3
-6
-8
-5
0
4
7
4
0
-4
-5
-4
2
4
5
2
-4
-8
-4
2
7
7
3
-4
-6
-3
-1
4
4
5
-1
-3
-3
-9
-1
2
2
3
3
-4
-6
9
-5
6
1
-10
1
-6
3
5
4
10
-14
-3
4
-10
15
-2
10
-17
-1
-35
20
22
3
38
-24
-4
-47
1
-15
25
15
25
18
-26
9
-27
-14
-13
5
28
11
-8
7
-8
-1
-31
37
-1
-17
15
-20
54
-38
14
-38
12
-15
-4
77
-34
31
-73
17
-45
46
8
39
20
-62
5
-57
35
-35
75
11
36
-44
-3
-58
-23
12
26
69
-1
15
-37
-31
-52
31
14
57
10
21
-55
-39
-20
-64
113
-32
91
25
-37
-59
-55
-9
-13
125
0
57
-60
-43
-47
-16
5
30
73
-5
69
-71
4
-125
10
4
46
89
-27
34
-65
-47
-56
30
26
73
37
23
-27
-84
-12
-49
91
25
3
72
-86
14
-83
11
-8
46
22
61
30
-58
-39
-27
-9
12
33
8
54
-56
7
9
-5
-47
32
-7
24
6
-28
24
-39
-9
40
1
66
-94
-18
14
-51
65
40
24
-29
-19
-9
-15
-19
-15
45
-7
42
45
-4
-1
-133
27
-14
-5
35
33
39
-34
33
-132
98
-108
-43
91
-26
150
-64
-3
-41
9
-28
11
100
-44
81
-67
-26
13
-118
28
4
56
-16
98
-5
4
-45
-47
29
-30
-7
-16
55
0
-3
-18
39
6
-99
35
-45
-43
82
13
118
76
-90
10
-22
-61
-46
-35
85
-87
61
-10
56
72
-112
38
-3
-114
43
-4
6
51
25
26
-52
89
-144
80
-30
-87
116
-100
27
-22
81
-36
97
58
-60
30
-92
-20
-129
6
-16
-3
143
-66
189
20
-37
-18
-72
-133
79
39
36
29
-137
74
-68
45
81
0
-3
9
-1
-53
-8
-14
10
46
25
59
-76
-86
-24
-36
56
88
12
4
3
28
50
-6
-49
-73
31
-29
125
21
-70
-96
-131
46
0
72
93
48
-70
34
-107
43
31
-55
15
41
35
-66
-1
-74
-40
81
14
-41
22
-59
93
95
-11
9
-6
-57
-82
15
42
-11
-9
1
-43
20
-30
50
-49
57
-25
24
170
-165
88
-65
-83
8
50
-1
104
-69
26
-73
-179
110
35
89
-68
33
9
34
-26
8
-46
41
-68
-13
114
-35
107
-73
-99
-7
6
-3
165
-17
19
-8
-167
-48
-66
56
121
130
85
-9
-152
-151
-94
61
-11
134
186
54
-22
-160
-113
-153
7
54
180
214
65
-9
-171
-141
-82
-84
77
-1
69
75
-29
35
21
13
-23
-32
-85
-48
-4
-32
109
88
133
57
-75
-25
-135
8
-25
65
-80
-60
-50
33
107
37
116
-12
33
-58
-50
-54
-28
-9
54
40
-42
-10
-105
-85
71
151
112
70
-112
-78
-133
2
57
78
24
65
9
-43
-42
-56
14
-114
48
65
0
47
4
-21
-26
-20
29
16
-7
-27
24
-9
-38
31
28
71
23
-87
-43
-53
-62
2
39
95
66
-41
-13
-18
-41
40
32
38
-25
-77
-30
0
-20
56
73
6
18
-96
-49
-54
9
83
159
-19
-43
-17
-59
-2
26
-6
24
-21
-44
35
51
26
-31
-50
-38
5
84
-2
118
-46
-85
-69
-65
-9
30
99
55
77
4
-94
-113
-43
-15
78
44
-3
100
-65
10
-50
36
21
-46
23
13
19
-25
-32
16
16
-79
59
-3
-2
42
-29
-30
-7
-48
10
67
-78
93
23
-30
-22
-30
75
-21
33
-70
-30
-9
35
26
43
35
-27
-13
-85
-28
15
14
8
15
46
-59
-2
-11
31
68
-74
-19
10
-14
53
24
-6
-12
-72
-19
55
43
42
-3
-37
-53
-2
28
-28
56
110
-25
-6
-46
-115
-37
-30
-22
62
133
31
46
0
-46
-112
5
-83
-44
90
40
153
50
14
-107
-117
5
0
59
8
-1
25
12
-97
51
-74
-12
-4
-1
147
-6
-1
-69
-51
-40
-9
-16
105
115
28
26
-62
-25
-94
-66
33
41
-11
81
53
-29
24
-58
41
-16
-65
-71
-14
-79
30
93
25
81
-27
-30
-60
-41
-11
90
57
32
-8
8
5
-85
24
-8
54
35
-24
-42
-17
13
-90
59
48
24
-25
-2
-4
-66
-95
-82
26
68
82
187
-14
-17
-73
-79
21
-102
53
53
21
22
80
-2
5
-60
-101
22
-17
-45
40
43
35
-59
20
1
25
20
-34
-16
-16
15
11
44
-23
-46
-12
-45
52
49
16
31
-1
29
-11
-26
-95
-21
-25
3
58
-28
38
-17
-11
0
-66
59
56
-32
19
59
-38
-34
1
63
22
-36
75
-33
-37
2
-71
-29
13
13
40
92
-31
-32
-7
-65
-57
-22
3
75
20
16
35
-62
-53
31
52
29
-37
-3
47
-15
-15
-12
-5
-3
-1
47
45
18
-76
3
-24
-22
27
2
-4
14
-12
-15
17
-36
25
-46
-56
35
-13
97
59
-18
-24
-50
-3
26
-18
21
-2
-3
-32
-1
92
-3
-17
-12
-13
-17
-65
20
17
29
8
21
14
85
-41
-20
-65
-62
19
30
16
-22
57
-46
47
-35
-10
5
5
50
1
-1
-72
-42
3
83
14
24
-5
1
-40
-37
-24
26
22
11
32
21
-22
11
-5
12
17
-39
-27
-34
-45
4
24
30
38
64
16
-42
-27
-63
-56
3
2
35
33
11
29
0
-17
-6
9
-3
-16
20
-22
-37
18
34
39
5
-37
7
25
-12
-12
4
19
-44
-66
28
14
2
41
21
16
-6
13
23
-25
-21
-47
-32
-17
-14
12
35
55
-1
8
-6
5
44
-6
-12
-25
-21
-37
-1
45
-7
6
34
24
6
24
-6
-30
-35
-33
-15
-23
10
-17
16
52
19
47
37
-39
-75
18
3
-33
6
-2
47
-1
-33
-1
-13
-5
-13
25
26
-1
26
-8
-14
21
-21
-43
10
35
-7
-26
-16
-8
13
13
-2
-3
23
-20
-30
17
37
9
-13
24
-29
3
0
-37
31
32
-61
57
11
-1
26
-52
18
-6
15
-19
-8
-15
-6
3
-12
-1
-28
-3
20
33
15
6
25
1
22
-5
-14
1
2
2
-3
-12
-13
9
-32
27
50
-9
14
2
11
50
22
-28
-3
-56
-22
-30
-15
-13
-17
-15
30
34
39
24
8
7
-17
-10
-8
-26
9
2
-22
-11
7
11
-11
-28
-4
-22
-52
10
47
45
57
17
27
40
-14
-21
-31
-55
-48
-29
-15
-12
-9
10
25
6
14
9
-21
0
-18
-32
12
18
-12
-7
6
6
13
19
29
16
-7
-11
11
27
31
25
-17
-44
-47
-26
2
4
2
-20
-25
-11
4
13
23
4
-5
24
24
65
70
14
-9
-22
-35
-42
-25
-20
2
13
33
65
51
57
22
-6
-18
-36
-35
-49
-54
-56
-8
35
25
33
43
24
14
21
-19
-49
-46
-44
-6
11
6
23
32
45
32
22
0
-39
-43
-53
-47
-40
-7
2
9
19
22
13
21
29
29
22
-26
-55
-62
-81
-78
-38
-14
20
42
31
37
40
52
39
-7
-11
-13
-34
-34
-27
-14
0
11
38
42
20
9
-10
-16
-15
-15
-20
-23
-10
10
38
37
43
59
49
-3
-35
-53
-67
-68
-31
3
13
65
93
106
86
61
32
14
11
-19
-35
-32
-16
-33
-12
14
46
57
22
8
-1
-7
-29
-37
-35
-38
-42
-67
-69
-57
-8
4
30
76
75
96
100
97
68
45
33
17
23
11
-11
-44
-16
12
-4
29
51
33
14
-12
-53
-72
-85
-95
-63
-35
-10
25
31
13
-7
-34
-52
-55
-60
-42
-22
-42
-48
2
26
7
6
27
33
0
-52
-34
21
39
68
109
104
63
71
110
141
147
129
133
86
45
24
-35
-55
-32
-25
-50
-55
-38
-27
-30
27
130
147
135
96
42
47
8
0
60
55
-13
-66
-50
-21
-44
-42
25
86
98
68
38
16
-71
-178
-156
-116
-135
-135
-161
-187
-174
-146
-97
-51
-35
-68
-77
-89
-145
-174
-214
-232
-194
-147
-133
-145
-163
-216
-228
-150
-106
-166
-244
-281
-260
-208
-175
-138
-138
-159
-102
-55
-38
4
73
160
154
132
140
103
71
22
-27
-18
-20
-13
30
43
40
65
115
151
195
266
277
313
346
300
296
246
157
173
258
322
349
391
470
557
637
656
624
653
609
497
457
383
280
165
118
217
203
130
215
300
307
313
335
343
232
113
149
213
200
141
154
234
183
122
163
156
118
82
71
91
21
-102
-181
-308
-531
-771
-979
-1105
-1252
-1483
-1606
-1616
-1671
-1800
-1911
-1935
-1962
-2009
-2031
-2080
-2111
-2139
-2255
-2349
-2248
-2024
-1737
-1346
-845
-174
570
1351
2161
2871
3475
3902
4133
4185
4026
3653
3092
2430
1743
1074
462
-83
-534
-833
-980
-978
-856
-731
-635
-571
-573
-618
-705
-828
-929
-994
-1032
-994
-860
-682
-472
-197
198
684
1164
1625
2071
2433
2638
2636
2500
2351
2137
1802
1407
1002
664
395
125
-117
-302
-418
-453
-406
-240
-72
-65
-84
-45
-51
-113
-203
-271
-322
-385
-426
-469
-471
-352
-257
-261
-285
-309
-363
-500
-680
-814
-969
-1183
-1394
-1634
-1944
-2319
-2720
-3106
-3475
-3834
-4296
-4887
-5319
-5275
-4748
-4044
-3435
-2687
-1368
446
2236
3726
5055
6279
7091
7387
7463
7417
6914
5803
4424
3155
2053
1011
-23
-981
-1664
-1971
-2033
-1977
-1785
-1537
-1459
-1594
-1715
-1712
-1819
-2239
-2810
-3228
-3405
-3414
-3289
-3043
-2653
-1995
-1038
56
1136
2154
3030
3704
4227
4579
4646
4378
3836
3096
2261
1453
728
46
-587
-1060
-1234
-1117
-854
-513
-90
336
685
963
1136
1093
837
442
-32
-485
-824
-1092
-1346
-1488
-1418
-1155
-767
-322
141
620
1068
1397
1578
1637
1547
1279
869
449
131
-89
-290
-492
-633
-641
-508
-288
-84
59
211
375
457
375
186
-13
-343
-889
-1482
-2092
-2783
-3484
-4176
-4856
-5488
-6038
-6309
-6103
-5469
-4626
-3730
-2635
-1122
663
2353
3781
5001
5999
6629
6857
6817
6572
6029
5126
4003
2917
1987
1131
274
-487
-976
-1210
-1354
-1467
-1505
-1523
-1664
-1932
-2197
-2416
-2687
-3055
-3429
-3680
-3738
-3598
-3287
-2823
-2214
-1427
-418
735
1819
2692
3410
4041
4494
4700
4685
4400
3837
3125
2375
1645
924
211
-374
-776
-1006
-1049
-945
-737
-470
-195
82
346
537
574
430
219
32
-151
-338
-536
-689
-690
-593
-449
-202
82
324
582
840
1025
1167
1237
1123
894
704
580
492
390
223
52
-54
-129
-199
-243
-305
-405
-496
-596
-727
-877
-1068
-1321
-1624
-2005
-2507
-3122
-3765
-4398
-5091
-5804
-6248
-6147
-5543
-4733
-3915
-2922
-1479
338
2137
3680
5014
6143
6838
7045
7014
6839
6299
5264
3970
2814
1869
950
25
-805
-1402
-1677
-1735
-1677
-1500
-1319
-1317
-1495
-1695
-1830
-2008
-2361
-2831
-3199
-3349
-3361
-3270
-2983
-2466
-1763
-897
103
1135
2089
2911
3584
4084
4408
4524
4378
3964
3307
2559
1840
1131
466
-108
-596
-915
-983
-808
-475
-112
228
530
759
918
963
819
465
-30
-504
-880
-1163
-1318
-1378
-1375
-1199
-812
-291
283
803
1214
1517
1695
1731
1615
1365
997
576
213
-30
-207
-383
-528
-554
-443
-278
-147
-52
24
48
-32
-202
-409
-680
-1054
-1509
-1982
-2492
-3101
-3753
-4319
-4785
-5277
-5819
-6099
-5764
-4891
-3920
-3084
-2061
-516
1297
2899
4201
5374
6370
6832
6733
6552
6413
5893
4806
3499
2426
1595
715
-218
-998
-1558
-1925
-2145
-2207
-2038
-1810
-1840
-2102
-2269
-2219
-2145
-2266
-2578
-2852
-2898
-2709
-2375
-1980
-1521
-905
-94
814
1727
2607
3360
3864
4157
4339
4403
4207
3659
2852
2031
1331
647
-115
-813
-1295
-1544
-1582
-1406
-1070
-690
-362
-88
213
558
795
795
598
345
96
-167
-438
-647
-730
-694
-554
-272
160
646
1058
1371
1655
1896
1990
1857
1544
1154
759
374
7
-344
-654
-884
-993
-984
-898
-763
-595
-433
-331
-296
-283
-293
-403
-670
-1042
-1442
-1914
-2509
-3217
-3840
-4350
-4849
-5453
-5934
-5888
-5275
-4360
-3594
-2780
-1620
103
1842
3238
4357
5447
6331
6647
6572
6366
6077
5314
4125
2862
1865
1002
80
-827
-1503
-1867
-2042
-2138
-2136
-1982
-1771
-1697
-1725
-1671
-1522
-1500
-1706
-1971
-2083
-2006
-1851
-1701
-1500
-1125
-497
323
1164
1881
2475
3022
3514
3871
4042
3992
3660
3023
2233
1495
850
162
-627
-1356
-1798
-1908
-1805
-1613
-1339
-945
-451
79
578
980
1221
1259
1130
917
676
396
80
-210
-388
-405
-291
-101
98
297
525
808
1089
1260
1251
1060
768
411
128
-106
-350
-659
-1008
-1141
-1109
-932
-777
-653
-463
-269
8
202
349
356
279
136
-179
-550
-951
-1270
-1757
-2426
-3127
-3697
-4138
-4731
-5324
-5631
-5300
-4637
-4040
-3409
-2399
-822
791
2187
3414
4635
5655
6074
6092
6007
5872
5354
4333
3154
2137
1317
463
-431
-1156
-1563
-1745
-1861
-1806
-1580
-1292
-1118
-1113
-1061
-986
-953
-1062
-1313
-1538
-1762
-1909
-1903
-1720
-1385
-978
-447
209
931
1667
2373
2952
3331
3526
3553
3376
2983
2427
1734
944
152
-539
-1098
-1521
-1773
-1838
-1728
-1465
-1083
-646
-210
201
581
926
1163
1213
1079
844
583
324
54
-221
-418
-431
-293
-117
100
444
888
1277
1505
1599
1605
1514
1281
901
411
-128
-653
-1099
-1407
-1546
-1520
-1395
-1244
-1043
-680
-164
331
650
819
893
858
730
555
337
-37
-578
-1179
-1726
-2244
-2795
-3371
-3964
-4519
-5081
-5461
-5475
-5076
-4423
-3893
-3299
-2343
-865
732
2006
3118
4171
5116
5580
5684
5686
5575
5115
4185
3236
2414
1662
755
-134
-719
-1053
-1204
-1369
-1383
-1250
-1047
-881
-861
-832
-834
-867
-992
-1203
-1400
-1539
-1575
-1571
-1537
-1384
-994
-441
113
645
1231
1833
2302
2633
2875
2966
2791
2404
1966
1538
1076
541
-44
-602
-1035
-1285
-1356
-1283
-1089
-836
-554
-209
197
558
790
921
1013
1039
931
707
480
324
211
110
59
93
183
303
451
608
712
711
615
464
281
69
-183
-495
-849
-1163
-1346
-1371
-1286
-1138
-934
-685
-401
-71
313
687
959
1092
1143
1149
1081
889
572
175
-251
-704
-1298
-2034
-2790
-3421
-3977
-4638
-5366
-5931
-5965
-5515
-4928
-4364
-3623
-2363
-753
838
2221
3505
4749
5599
5900
5890
5861
5678
5018
3991
2954
2108
1348
580
-132
-676
-983
-1134
-1171
-1094
-861
-533
-372
-396
-476
-448
-435
-663
-1070
-1508
-1778
-1938
-2075
-2155
-2053
-1651
-1097
-525
48
728
1473
2089
2454
2741
3068
3138
2743
2065
1569
1263
828
165
-537
-934
-1068
-1064
-975
-755
-366
23
352
649
1015
1408
1614
1557
1372
1225
1061
758
350
-30
-325
-625
-886
-1022
-1023
-943
-887
-778
-596
-362
-127
-18
-29
-119
-191
-236
-344
-488
-560
-514
-449
-404
-274
47
449
752
914
1045
1199
1303
1275
1079
754
315
-182
-808
-1618
-2452
-3234
-3990
-4921
-5864
-6392
-6261
-5676
-5164
-4724
-3921
-2411
-563
1053
2391
3674
4922
5720
6008
6064
6079
5810
4986
3901
2916
2146
1314
328
-532
-1026
-1147
-1167
-1156
-1015
-687
-310
-74
6
8
-52
-266
-674
-1199
-1687
-2051
-2325
-2573
-2747
-2662
-2218
-1540
-837
-165
582
1452
2303
2920
3247
3365
3294
2988
2465
1834
1162
442
-294
-932
-1351
-1548
-1604
-1557
-1358
-960
-435
66
472
838
1209
1480
1491
1255
957
707
415
0
-435
-718
-838
-902
-923
-794
-492
-144
124
325
532
717
790
700
521
321
113
-149
-444
-667
-735
-671
-565
-381
-56
415
907
1282
1609
1885
2101
2138
2000
1761
1382
869
191
-503
-1137
-1715
-2335
-3112
-3900
-4549
-4953
-5315
-5831
-6341
-6475
-5977
-5168
-4440
-3783
-2825
-1359
241
1659
2920
4168
5247
5790
5929
5994
6100
5923
5209
4238
3374
2763
2149
1413
671
98
-263
-518
-597
-551
-493
-606
-901
-1161
-1296
-1339
-1520
-1926
-2422
-2767
-2832
-2756
-2695
-2609
-2275
-1611
-806
-56
657
1422
2142
2666
2997
3243
3375
3212
2715
2072
1479
933
330
-339
-920
-1256
-1338
-1269
-1120
-875
-525
-131
213
552
862
1063
1028
797
573
386
211
-77
-394
-600
-683
-627
-546
-434
-324
-185
24
224
386
436
380
278
215
228
217
118
-42
-130
-61
118
306
463
689
974
1230
1398
1508
1645
1665
1445
1061
711
470
93
-534
-1260
-1862
-2333
-2883
-3583
-4293
-4843
-5258
-5699
-6161
-6381
-6092
-5409
-4677
-3997
-3037
-1551
179
1702
2923
4154
5427
6358
6718
6664
6561
6350
5747
4753
3655
2777
2026
1187
295
-407
-745
-883
-1040
-1205
-1203
-1052
-995
-1183
-1469
-1651
-1782
-2077
-2565
-2986
-3124
-3061
-3007
-2938
-2587
-1819
-851
15
748
1497
2294
2967
3359
3504
3481
3247
2760
2135
1550
1036
515
-37
-512
-742
-664
-445
-299
-206
37
468
871
1066
1088
1030
901
651
281
-135
-512
-853
-1206
-1539
-1728
-1718
-1587
-1402
-1127
-713
-204
275
645
930
1167
1323
1347
1276
1168
1019
797
552
385
352
431
550
650
776
973
1189
1316
1338
1286
1100
711
209
-250
-686
-1262
-2033
-2864
-3599
-4219
-4781
-5313
-5830
-6321
-6646
-6531
-5852
-4862
-3935
-3075
-1898
-212
1641
3182
4366
5412
6267
6673
6655
6519
6315
5738
4661
3446
2517
1854
1150
339
-339
-694
-783
-766
-769
-815
-874
-959
-1167
-1533
-1943
-2282
-2605
-3064
-3587
-3830
-3626
-3233
-2936
-2569
-1787
-667
398
1246
2048
2879
3551
3896
3942
3834
3592
3118
2410
1650
1007
470
-47
-555
-945
-1064
-904
-653
-452
-233
74
350
463
441
357
181
-150
-605
-1040
-1357
-1562
-1707
-1782
-1708
-1392
-847
-199
420
985
1501
1916
2161
2228
2160
1943
1555
1064
601
230
-64
-282
-388
-361
-226
12
376
808
1180
1443
1625
1704
1627
1422
1138
757
233
-410
-1055
-1569
-1968
-2369
-2778
-3102
-3352
-3622
-3893
-4066
-4187
-4449
-4933
-5395
-5418
-4870
-4105
-3523
-3011
-2061
-463
1370
2880
4002
5043
6067
6759
6943
6840
6637
6154
5168
3905
2812
2005
1194
192
-797
-1450
-1698
-1727
-1755
-1858
-1955
-1933
-1855
-1919
-2155
-2385
-2519
-2678
-2917
-3047
-2886
-2514
-2132
-1711
-993
78
1167
1942
2501
3136
3846
4304
4259
3839
3326
2783
2079
1197
329
-372
-942
-1454
-1819
-1885
-1680
-1405
-1174
-895
-475
-19
249
239
90
-32
-124
-290
-527
-731
-818
-755
-543
-200
245
755
1237
1609
1911
2196
2369
2265
1902
1443
977
489
8
-382
-656
-843
-940
-872
-575
-136
263
561
855
1197
1484
1600
1552
1400
1163
810
349
-146
-608
-1042
-1505
-2002
-2439
-2722
-2906
-3177
-3617
-4090
-4417
-4643
-4990
-5503
-5831
-5587
-4816
-3962
-3248
-2357
-915
904
2584
3918
5116
6248
7007
7122
6769
6326
5846
5047
3826
2521
1515
826
213
-437
-975
-1236
-1262
-1245
-1283
-1339
-1407
-1596
-1990
-2482
-2843
-2998
-3108
-3315
-3457
-3202
-2518
-1706
-970
-139
964
2140
3037
3584
3986
4312
4343
3920
3194
2439
1682
813
-110
-861
-1310
-1546
-1685
-1679
-1413
-923
-416
-46
216
436
568
475
157
-186
-412
-604
-868
-1087
-1057
-771
-378
50
540
1076
1564
1923
2119
2130
1953
1619
1186
696
181
-287
-624
-810
-873
-800
-579
-285
5
339
774
1186
1403
1416
1382
1378
1303
1071
748
406
-4
-497
-945
-1265
-1545
-1896
-2271
-2552
-2745
-2985
-3351
-3782
-4206
-4641
-5138
-5626
-5850
-5538
-4718
-3754
-2878
-1825
-222
1749
3485
4702
5667
6561
7074
6902
6271
5637
5026
4106
2822
1597
813
390
-18
-522
-913
-999
-874
-810
-958
-1241
-1541
-1888
-2393
-3016
-3507
-3695
-3708
-3719
-3550
-2891
-1794
-675
224
1098
2195
3362
4133
4304
4144
3936
3612
2975
2085
1204
468
-177
-759
-1145
-1220
-1067
-887
-746
-539
-199
124
210
15
-289
-535
-737
-1000
-1343
-1625
-1672
-1468
-1127
-746
-291
285
935
1543
2049
2446
2683
2661
2391
1998
1600
1177
654
80
-377
-613
-684
-674
-561
-286
83
392
591
777
1001
1184
1215
1111
990
895
761
530
243
-31
-289
-594
-953
-1276
-1487
-1661
-1933
-2289
-2574
-2732
-2922
-3334
-3912
-4391
-4690
-5061
-5655
-6105
-5859
-4845
-3570
-2481
-1412
143
2196
4119
5404
6220
6903
7300
7025
6161
5246
4544
3735
2520
1211
411
242
231
-50
-509
-773
-742
-721
-1024
-1604
-2169
-2598
-3038
-3565
-3918
-3794
-3300
-2806
-2349
-1575
-342
921
1762
2296
2928
3639
3955
3625
2968
2434
2087
1658
991
268
-217
-397
-449
-521
-524
-351
-143
-161
-392
-566
-575
-649
-978
-1405
-1603
-1501
-1279
-1059
-748
-216
507
1231
1773
2104
2304
2410
2337
2021
1549
1061
588
108
-296
-458
-384
-269
-232
-177
24
317
549
623
542
354
162
90
158
260
322
357
419
534
696
819
780
512
70
-394
-773
-1108
-1528
-2087
-2681
-3139
-3416
-3615
-3888
-4256
-4637
-4988
-5342
-5588
-5410
-4608
-3425
-2285
-1228
119
1936
3788
5096
5793
6233
6534
6426
5745
4772
3919
3236
2467
1541
768
450
442
319
-64
-459
-642
-776
-1195
-1920
-2605
-3031
-3366
-3787
-4087
-3895
-3206
-2402
-1715
-943
137
1325
2200
2658
2952
3273
3471
3268
2689
2087
1741
1520
1138
644
333
297
266
20
-299
-449
-487
-687
-1116
-1506
-1624
-1546
-1513
-1558
-1454
-1045
-488
-63
203
517
964
1338
1455
1414
1431
1518
1487
1248
939
757
729
708
565
334
189
215
256
131
-94
-190
-131
-98
-164
-155
42
309
452
500
678
1064
1425
1484
1226
867
565
257
-194
-794
-1380
-1808
-2051
-2183
-2309
-2483
-2675
-2858
-3105
-3480
-3917
-4320
-4787
-5503
-6269
-6405
-5413
-3658
-2029
-849
433
2343
4518
6110
6774
6865
6703
6145
5073
3887
3100
2640
2021
1157
592
739
1262
1429
943
158
-475
-942
-1555
-2458
-3438
-4173
-4535
-4562
-4269
-3565
-2495
-1353
-423
360
1269
2262
2873
2807
2391
2198
2331
2371
2040
1590
1433
1575
1685
1547
1250
951
580
-23
-770
-1342
-1642
-1920
-2343
-2654
-2486
-1867
-1203
-776
-458
0
545
891
935
890
948
1045
1039
1001
1118
1393
1577
1500
1303
1229
1279
1179
731
96
-368
-521
-552
-672
-821
-776
-473
-64
296
580
784
860
772
622
580
669
719
589
340
168
190
290
217
-130
-597
-970
-1236
-1524
-1915
-2368
-2821
-3255
-3673
-4030
-4301
-4606
-5144
-5880
-6312
-5800
-4256
-2375
-922
131
1422
3204
4924
5910
6119
5942
5530
4753
3776
3118
2955
2825
2292
1604
1346
1619
1846
1414
342
-825
-1660
-2222
-2819
-3523
-4088
-4244
-3990
-3477
-2761
-1811
-790
-21
393
729
1234
1742
1904
1702
1555
1830
2385
2738
2662
2406
2283
2279
2120
1606
813
-72
-935
-1706
-2262
-2514
-2542
-2488
-2367
-2070
-1523
-864
-382
-243
-288
-233
-15
186
258
334
574
948
1322
1704
2169
2624
2808
2599
2161
1706
1243
615
-176
-874
-1211
-1164
-946
-742
-531
-198
199
478
583
637
682
600
348
133
197
532
895
1084
1130
1181
1249
1188
872
329
-319
-983
-1592
-2071
-2363
-2535
-2711
-2925
-3096
-3234
-3498
-3971
-4570
-5224
-5978
-6719
-6925
-6012
-4018
-1736
72
1476
3057
4909
6355
6796
6377
5652
4861
3936
3033
2566
2672
2909
2758
2280
1962
1958
1791
898
-673
-2270
-3299
-3786
-4139
-4451
-4381
-3724
-2778
-1945
-1223
-364
511
905
649
279
398
929
1348
1505
1811
2545
3365
3705
3469
3044
2664
2109
1129
-105
-1136
-1744
-2118
-2481
-2723
-2566
-2022
-1482
-1293
-1355
-1299
-1013
-758
-739
-774
-532
63
838
1657
2513
3313
3803
3797
3375
2791
2193
1511
656
-255
-930
-1181
-1108
-935
-751
-519
-267
-135
-210
-412
-576
-628
-615
-578
-468
-184
287
817
1257
1564
1767
1829
1660
1283
880
577
312
-46
-483
-831
-987
-1037
-1200
-1638
-2336
-3081
-3675
-4140
-4630
-5175
-5668
-6078
-6444
-6588
-6034
-4432
-2115
49
1513
2564
3748
5009
5753
5673
5149
4674
4259
3695
3141
3039
3424
3701
3315
2433
1668
1230
657
-497
-1988
-3112
-3528
-3506
-3426
-3291
-2923
-2409
-2036
-1854
-1575
-1021
-459
-248
-274
-35
733
1739
2517
2945
3275
3645
3783
3384
2577
1776
1147
485
-340
-1087
-1457
-1516
-1607
-1868
-2081
-2031
-1814
-1715
-1826
-1918
-1704
-1167
-532
33
543
1043
1478
1774
1954
2096
2168
2024
1656
1326
1293
1490
1578
1353
961
650
437
126
-380
-916
-1250
-1337
-1300
-1220
-1031
-675
-225
143
336
401
446
530
652
819
1078
1432
1768
1922
1868
1731
1597
1330
760
-39
-767
-1224
-1499
-1811
-2236
-2645
-2917
-3090
-3332
-3772
-4380
-5004
-5487
-5809
-6071
-6256
-5989
-4782
-2627
-213
1674
2870
3745
4500
4955
4960
4677
4298
3836
3337
3086
3386
4070
4459
4006
2877
1712
873
165
-817
-2150
-3411
-4020
-3809
-3164
-2601
-2276
-2049
-1823
-1641
-1472
-1163
-725
-405
-263
47
846
1948
2841
3262
3344
3249
2912
2263
1429
647
90
-208
-334
-367
-331
-292
-404
-716
-1098
-1398
-1570
-1646
-1645
-1489
-1043
-297
564
1305
1784
1986
1985
1873
1688
1467
1266
1100
943
866
958
1158
1217
931
367
-237
-726
-1108
-1418
-1605
-1610
-1438
-1144
-800
-460
-165
43
93
-30
-176
-87
341
921
1361
1545
1573
1559
1482
1263
879
371
-189
-717
-1111
-1315
-1385
-1488
-1795
-2342
-2972
-3471
-3796
-4145
-4733
-5523
-6177
-6267
-5504
-3890
-1783
190
1521
2234
2786
3473
4075
4188
3778
3251
3053
3294
3758
4156
4284
4017
3328
2340
1283
347
-420
-1106
-1782
-2323
-2467
-2128
-1593
-1299
-1428
-1783
-2066
-2166
-2119
-1913
-1470
-802
-48
691
1434
2189
2781
2955
2670
2142
1618
1190
867
646
541
500
406
202
-74
-416
-895
-1490
-2014
-2265
-2168
-1800
-1321
-835
-341
158
563
774
784
694
625
634
730
952
1352
1845
2185
2184
1895
1501
1078
554
-60
-585
-857
-880
-755
-532
-224
73
196
63
-229
-474
-534
-430
-267
-94
148
523
1003
1446
1691
1659
1380
963
547
238
61
-17
-89
-234
-472
-741
-967
-1183
-1533
-2127
-2863
-3494
-3832
-3906
-3876
-3886
-3992
-4204
-4471
-4594
-4274
-3316
-1832
-218
1120
2023
2599
3031
3404
3664
3716
3519
3161
2836
2754
2972
3308
3445
3152
2452
1576
758
105
-413
-844
-1206
-1488
-1676
-1728
-1628
-1432
-1288
-1331
-1530
-1693
-1600
-1166
-499
190
744
1116
1356
1532
1689
1797
1740
1401
841
354
245
549
976
1158
918
354
-292
-773
-959
-907
-811
-838
-961
-966
-654
-64
542
865
795
470
148
24
140
404
678
873
967
969
905
811
698
540
312
10
-340
-670
-869
-846
-611
-314
-168
-258
-451
-569
-569
-512
-451
-412
-409
-393
-235
149
665
1055
1078
705
185
-112
4
339
509
318
-84
-438
-629
-699
-743
-859
-1107
-1439
-1667
-1654
-1486
-1372
-1399
-1460
-1434
-1338
-1274
-1274
-1277
-1199
-984
-617
-175
194
399
477
515
573
662
747
768
710
641
672
848
1084
1234
1257
1236
1234
1192
1028
757
483
309
266
340
493
653
730
684
578
530
597
719
792
752
619
456
317
214
115
-11
-159
-281
-357
-399
-425
-463
-533
-642
-753
-808
-785
-721
-667
-650
-640
-586
-464
-324
-249
-286
-380
-427
-372
-262
-163
-96
-22
78
171
218
217
204
197
198
211
246
295
333
354
377
415
454
467
449
405
349
299
264
235
189
127
78
70
96
115
102
57
-2
-63
-124
-185
-238
-275
-304
-336
-372
-386
-359
-304
-247
-218
-207
-200
-194
-195
-206
-213
-206
-198
-207
-234
-252
-243
-212
-182
-167
-175
-208
-254
-278
-251
-178
-116
-112
-147
-149
-72
47
136
165
180
229
301
341
320
262
199
143
91
55
53
84
127
162
199
253
313
344
331
293
261
232
184
114
55
42
60
72
64
45
30
6
-26
-58
-86
-123
-166
-193
-184
-144
-102
-72
-54
-50
-68
-112
-172
-228
-263
-272
-264
-246
-214
-165
-124
-104
-101
-88
-52
-4
38
71
105
142
182
221
263
318
379
437
484
513
520
504
478
445
402
338
253
164
89
28
-41
-124
-213
-282
-336
-379
-411
-415
-395
-361
-323
-279
-225
-173
-124
-62
10
76
111
109
84
49
11
-21
-42
-48
-54
-71
-110
-164
-230
-291
-330
-339
-330
-316
-293
-227
-113
11
97
147
188
246
296
311
302
315
365
430
479
505
512
490
421
320
230
180
158
133
95
62
49
49
42
16
-26
-85
-153
-207
-225
-206
-197
-233
-288
-319
-305
-274
-253
-244
-237
-224
-204
-188
-196
-235
-271
-260
-199
-135
-109
-139
-217
-325
-423
-473
-470
-451
-436
-417
-372
-312
-256
-213
-165
-86
17
115
196
277
387
529
653
676
579
455
509
881
1527
2222
2692
2735
2279
1433
494
-191
-443
-391
-352
-576
-1090
-1726
-2245
-2450
-2262
-1755
-1166
-765
-666
-745
-757
-538
-121
326
640
751
688
556
499
636
945
1232
1229
868
357
-21
-140
-63
99
263
338
238
-57
-438
-761
-945
-928
-638
-122
360
499
238
-169
-370
-205
207
561
613
367
65
-28
165
479
650
472
-52
-678
-1026
-869
-376
24
48
-213
-467
-518
-342
-1
398
668
630
326
11
-64
160
516
727
587
135
-342
-567
-492
-287
-144
-151
-347
-677
-922
-824
-439
-172
-331
-738
-949
-796
-519
-358
-288
-186
-81
-59
-51
76
318
543
668
728
768
789
803
823
812
731
634
615
653
642
527
371
243
135
13
-69
-25
132
253
189
-66
-367
-541
-513
-355
-238
-289
-487
-643
-571
-257
87
230
111
-131
-302
-297
-115
183
453
519
323
18
-151
-71
122
187
7
-313
-557
-584
-395
-140
12
3
-96
-187
-211
-130
54
232
244
76
-47
65
319
443
314
42
-198
-291
-165
151
446
480
242
-3
-6
216
431
443
229
-77
-253
-149
140
317
198
-130
-485
-743
-792
-556
-118
266
358
161
-104
-268
-301
-188
46
196
39
-361
-669
-625
-269
110
233
-18
-545
-1044
-1132
-689
-64
281
208
-68
-264
-198
148
577
747
478
-30
-360
-250
223
756
1043
913
445
-4
-50
357
891
1182
1074
677
289
172
291
362
140
-348
-836
-1039
-887
-529
-147
134
196
-31
-415
-636
-444
83
576
720
489
90
-245
-357
-188
172
457
384
-37
-437
-430
-23
377
353
-125
-694
-946
-769
-353
12
95
-176
-627
-900
-691
-27
675
926
611
83
-225
-160
166
550
773
641
168
-300
-345
75
562
667
325
-178
-511
-488
-119
361
596
382
-139
-569
-585
-207
216
325
46
-397
-677
-573
-111
430
695
511
10
-494
-716
-548
-96
344
442
144
-236
-348
-174
23
52
-97
-410
-848
-1193
-1131
-602
43
350
227
-19
-105
-45
23
79
155
247
309
320
337
428
555
577
425
196
82
223
558
842
862
629
321
99
6
0
24
14
-71
-194
-255
-205
-107
-46
-20
20
55
-16
-199
-308
-184
84
252
203
17
-152
-242
-258
-203
-78
45
83
51
19
-8
-72
-183
-321
-436
-467
-385
-257
-175
-150
-115
-51
-54
-197
-370
-392
-239
-15
216
446
597
552
342
158
122
159
169
197
313
453
479
381
268
198
132
28
-113
-250
-313
-257
-132
-48
-58
-131
-225
-322
-391
-368
-245
-118
-48
23
149
246
210
94
29
18
-32
-123
-153
-84
-16
-62
-218
-397
-513
-526
-474
-424
-399
-384
-369
-333
-232
-56
115
177
126
92
207
443
626
656
586
508
439
362
309
333
432
516
478
285
13
-216
-314
-287
-189
-65
45
92
62
-3
-34
-18
7
15
30
70
114
161
228
280
245
123
-17
-115
-155
-150
-148
-171
-174
-129
-70
-70
-150
-252
-333
-416
-515
-564
-502
-386
-317
-298
-260
-174
-83
-40
-33
13
162
380
544
561
458
350
294
272
250
232
219
190
153
144
188
242
251
185
51
-108
-218
-232
-192
-191
-261
-341
-364
-323
-252
-174
-98
-26
44
126
210
268
283
265
206
99
4
-3
58
85
28
-39
-41
-24
-96
-273
-454
-542
-517
-395
-232
-118
-118
-212
-313
-334
-255
-117
7
65
69
91
188
312
361
319
257
233
230
227
244
292
336
319
238
133
54
9
-5
-2
9
9
0
8
64
146
192
161
82
17
6
39
86
122
130
91
23
-40
-70
-89
-131
-196
-249
-270
-262
-228
-166
-117
-147
-286
-481
-619
-612
-454
-225
-52
-15
-81
-138
-84
91
306
450
453
350
246
227
275
313
298
249
195
145
95
53
18
-21
-52
-48
-8
23
2
-70
-143
-166
-127
-61
-24
-34
-56
-58
-33
6
47
93
136
158
156
156
159
130
61
-1
-12
12
15
-19
-66
-104
-142
-184
-220
-246
-271
-296
-307
-300
-280
-244
-182
-100
-41
-21
-25
-22
-5
29
88
168
229
237
189
138
139
190
224
186
97
37
52
125
193
192
102
-40
-163
-198
-128
-6
90
113
91
80
110
156
174
153
109
83
96
138
178
183
142
59
-47
-156
-238
-261
-222
-155
-118
-150
-236
-326
-377
-380
-351
-323
-314
-316
-298
-235
-136
-49
-4
10
36
109
219
320
374
370
331
291
276
283
296
292
255
190
115
70
67
94
110
80
0
-101
-180
-207
-187
-156
-134
-119
-99
-67
-40
-35
-46
-43
-13
32
63
72
64
41
9
-26
-48
-42
-21
-17
-44
-78
-79
-45
-21
-45
-105
-146
-147
-132
-120
-119
-114
-108
-99
-67
-5
61
85
46
-24
-68
-37
62
170
221
196
129
75
66
97
139
155
123
62
3
-14
13
46
51
19
-18
-33
-20
3
24
45
75
113
151
175
176
156
120
74
31
8
10
31
38
12
-50
-129
-200
-249
-259
-232
-186
-156
-172
-228
-285
-316
-315
-296
-268
-226
-160
-74
20
99
146
158
143
126
129
162
216
267
293
287
260
223
186
142
88
38
5
-9
-8
1
8
5
-14
-37
-51
-52
-54
-65
-74
-61
-21
22
56
77
82
67
33
2
-2
13
25
15
-9
-28
-41
-48
-52
-57
-71
-101
-134
-160
-167
-158
-138
-124
-118
-117
-103
-76
-49
-43
-65
-97
-106
-78
-22
31
65
82
82
72
52
36
38
53
69
78
92
119
152
170
165
144
122
106
100
102
112
122
129
128
120
104
82
56
25
-3
-23
-28
-13
14
30
15
-28
-86
-142
-181
-202
-203
-180
-131
-72
-27
-24
-66
-140
-211
-246
-231
-174
-86
7
80
114
103
65
14
-23
-32
-7
42
100
149
171
168
137
88
30
-27
-71
-88
-65
-12
46
82
81
52
16
-5
-5
2
6
-1
-3
17
62
119
151
137
82
15
-28
-28
4
43
63
62
45
19
-17
-63
-114
-155
-175
-170
-146
-116
-90
-78
-82
-94
-105
-112
-113
-105
-91
-68
-40
-13
7
18
21
14
3
-8
-11
1
24
45
55
58
62
67
74
84
100
123
143
151
148
139
133
135
141
144
137
130
125
125
117
93
60
21
-20
-57
-75
-63
-40
-25
-43
-85
-135
-174
-192
-197
-193
-176
-137
-85
-38
-11
-17
-51
-93
-121
-120
-94
-59
-31
-10
10
35
57
60
31
-11
-40
-33
6
49
73
76
62
44
27
20
19
18
15
18
29
53
76
87
83
67
50
37
36
38
39
38
38
39
40
41
43
42
29
-1
-39
-67
-71
-53
-36
-31
-37
-48
-57
-70
-87
-103
-111
-112
-104
-89
-65
-46
-41
-56
-70
-73
-63
-48
-37
-34
-30
-22
-10
-1
2
-6
-20
-35
-42
-34
-9
30
77
120
151
163
161
152
147
153
169
191
213
230
238
234
216
181
138
93
56
30
13
-3
-18
-41
-70
-110
-155
-198
-231
-246
-236
-209
-173
-142
-120
-109
-109
-114
-122
-127
-125
-104
-64
-10
42
79
92
80
58
31
8
-4
-4
10
37
70
91
85
49
-4
-54
-84
-83
-59
-27
1
27
47
63
66
51
19
-17
-36
-22
16
62
103
126
132
122
98
64
31
9
5
12
24
31
28
16
-1
-24
-50
-76
-102
-121
-126
-119
-109
-96
-89
-82
-78
-75
-74
-82
-93
-101
-98
-79
-49
-12
15
27
25
10
-9
-27
-35
-30
-13
17
55
93
127
150
160
156
145
133
131
144
165
186
204
206
202
190
170
144
110
71
36
7
-13
-27
-39
-53
-73
-101
-132
-161
-183
-194
-193
-183
-164
-141
-116
-90
-70
-56
-48
-44
-40
-35
-27
-17
-6
5
19
33
44
53
50
37
18
0
-11
-13
-11
-11
-13
-19
-27
-35
-39
-43
-47
-47
-39
-26
-12
-1
2
5
10
21
38
58
72
79
79
75
71
70
72
73
73
69
61
48
35
19
4
-9
-19
-27
-34
-43
-53
-66
-79
-87
-91
-92
-87
-83
-81
-81
-81
-78
-69
-53
-34
-16
-5
-2
-11
-26
-44
-59
-69
-68
-57
-41
-17
6
26
41
56
69
86
105
128
153
177
201
217
223
215
198
173
148
132
123
118
114
103
82
56
18
-20
-60
-96
-120
-136
-143
-144
-141
-136
-130
-125
-124
-122
-117
-104
-85
-63
-41
-24
-12
-3
6
16
23
26
23
17
14
17
23
27
23
9
-9
-29
-46
-56
-60
-60
-61
-60
-59
-59
-56
-53
-49
-46
-43
-36
-23
-3
22
46
61
72
77
82
91
98
101
100
91
79
66
54
39
24
3
-15
-27
-32
-36
-44
-57
-76
-92
-99
-96
-87
-77
-69
-64
-61
-56
-51
-43
-33
-23
-14
-5
3
12
17
20
17
8
-5
-15
-20
-18
-8
7
20
35
48
62
81
98
111
121
126
127
129
129
129
127
124
120
112
103
88
69
49
29
10
-5
-20
-36
-50
-64
-75
-87
-100
-110
-114
-112
-102
-88
-74
-63
-54
-45
-38
-27
-18
-5
7
18
27
34
36
35
30
27
23
21
17
11
4
-6
-19
-31
-44
-53
-60
-60
-57
-48
-40
-29
-25
-23
-20
-17
-14
-7
1
14
30
46
60
69
72
70
66
59
53
44
33
21
8
-2
-11
-21
-31
-41
-56
-67
-78
-85
-88
-90
-89
-87
-81
-73
-63
-53
-45
-38
-36
-33
-33
-28
-20
-9
5
15
20
20
16
11
8
8
12
17
24
33
43
55
63
67
69
68
68
73
81
90
96
102
106
107
107
104
95
83
71
59
48
39
28
16
5
-6
-19
-33
-46
-59
-70
-77
-80
-77
-69
-58
-49
-43
-39
-36
-32
-27
-19
-12
-5
-1
4
6
9
10
7
4
-2
-7
-9
-11
-14
-17
-20
-23
-25
-24
-21
-20
-15
-11
-6
-1
1
3
7
13
22
31
39
41
42
44
43
41
35
27
18
10
4
-2
-11
-21
-33
-43
-56
-67
-78
-89
-97
-99
-96
-89
-81
-74
-71
-71
-71
-68
-62
-54
-42
-27
-10
8
23
33
37
34
28
24
24
27
32
39
44
46
44
39
29
15
3
-3
-1
9
25
42
58
69
75
75
72
67
64
65
70
82
95
106
112
107
93
71
49
29
19
11
7
7
6
1
-8
-23
-39
-55
-64
-66
-59
-51
-40
-31
-22
-17
-14
-15
-19
-23
-24
-23
-20
-18
-17
-17
-18
-18
-22
-26
-33
-37
-40
-37
-30
-23
-18
-13
-10
-5
3
12
21
28
33
37
41
43
40
36
30
26
25
26
24
20
9
-5
-20
-37
-51
-63
-72
-75
-78
-77
-76
-76
-78
-81
-82
-80
-77
-73
-67
-59
-46
-30
-16
-4
2
3
3
4
4
9
14
21
28
36
42
43
38
27
14
2
-6
-10
-8
-3
3
11
18
25
30
34
36
38
40
46
56
73
90
105
115
118
115
107
96
86
77
70
65
61
59
57
49
38
19
-3
-22
-36
-44
-45
-42
-37
-32
-29
-26
-26
-30
-34
-38
-40
-38
-30
-20
-13
-8
-11
-19
-29
-36
-42
-45
-47
-48
-48
-43
-39
-31
-27
-23
-19
-15
-9
1
10
21
31
36
39
40
38
35
29
21
12
4
-3
-11
-20
-30
-41
-50
-62
-70
-79
-82
-82
-81
-77
-74
-69
-67
-63
-59
-55
-48
-40
-30
-19
-10
-1
4
8
9
11
9
10
9
12
14
16
18
18
18
17
13
9
6
5
5
6
11
15
20
24
26
30
33
38
41
46
52
60
67
73
80
85
89
90
90
90
85
82
78
74
70
65
60
54
45
35
26
14
5
-6
-13
-18
-21
-23
-21
-21
-20
-19
-20
-21
-23
-22
-23
-21
-19
-16
-14
-14
-15
-18
-24
-32
-40
-44
-47
-47
-45
-41
-37
-33
-30
-29
-27
-25
-23
-18
-12
-8
-1
3
5
6
5
2
-1
-5
-7
-12
-18
-23
-29
-35
-40
-43
-46
-48
-49
-51
-52
-52
-52
-51
-49
-44
-40
-33
-28
-21
-16
-11
-10
-8
-7
-5
-3
2
5
8
10
11
10
8
5
3
2
4
7
11
13
16
16
17
16
16
17
19
24
29
35
42
48
53
57
58
61
63
64
67
70
72
73
74
71
69
64
59
51
47
40
36
31
26
21
15
10
5
1
-3
-5
-7
-9
-10
-10
-10
-9
-10
-9
-9
-9
-11
-11
-14
-18
-21
-28
-32
-36
-38
-41
-41
-42
-42
-43
-44
-45
-46
-44
-41
-36
-31
-24
-18
-14
-7
-4
-2
-1
-1
-2
-4
-3
-3
-3
-4
-4
-9
-12
-21
-26
-34
-40
-43
-44
-44
-41
-40
-38
-37
-37
-36
-35
-32
-28
-23
-16
-9
-3
1
6
7
7
6
8
7
8
10
12
14
16
19
19
20
18
17
15
15
13
13
14
16
19
22
25
27
28
29
29
29
32
36
39
44
49
53
56
56
56
54
51
49
45
43
42
40
39
37
33
28
22
15
10
5
3
2
2
4
5
5
3
0
-2
-5
-4
-6
-7
-8
-9
-10
-13
-15
-19
-24
-29
-34
-38
-40
-42
-43
-42
-42
-41
-40
-39
-36
-34
-30
-26
-20
-14
-10
-6
-3
1
2
4
4
2
1
-3
-4
-9
-12
-16
-21
-27
-31
-35
-40
-43
-44
-43
-43
-42
-40
-37
-33
-30
-24
-22
-16
-11
-8
-4
-1
2
6
9
11
14
14
14
16
16
18
21
21
23
22
22
22
24
25
24
25
26
27
26
27
28
31
33
35
37
36
37
38
38
39
40
40
39
40
39
38
37
38
35
32
28
24
18
16
13
10
8
6
1
-1
-7
-9
-13
-14
-16
-14
-13
-13
-13
-12
-12
-12
-13
-15
-16
-18
-19
-19
-19
-19
-20
-21
-24
-28
-31
-33
-33
-34
-32
-30
-27
-24
-23
-21
-18
-16
-14
-12
-9
-7
-4
-2
1
2
3
2
0
-3
-7
-11
-14
-17
-17
-19
-21
-22
-23
-26
-27
-28
-27
-27
-25
-22
-18
-13
-11
-5
-2
0
2
3
4
4
7
9
11
14
15
15
14
15
15
15
14
14
14
15
15
16
17
19
21
21
21
21
20
20
20
21
23
24
26
28
28
28
29
28
28
26
27
26
25
25
25
22
20
18
15
12
11
7
5
4
2
1
0
-2
-4
-5
-7
-7
-8
-7
-9
-9
-10
-10
-11
-11
-12
-12
-12
-12
-12
-13
-13
-13
-14
-14
-15
-17
-18
-18
-17
-17
-15
-15
-13
-13
-12
-11
-11
-9
-8
-8
-7
-6
-6
-4
-4
-4
-5
-6
-7
-7
-10
-11
-12
-12
-12
-10
-11
-12
-11
-11
-11
-10
-10
-8
-5
-4
-2
1
0
2
3
2
2
1
0
3
2
4
5
6
7
7
5
6
5
6
6
7
8
10
11
12
12
12
12
13
13
13
13
14
15
17
17
16
17
15
15
13
13
13
13
13
13
11
11
9
10
7
6
5
4
3
2
3
1
1
0
0
-2
-3
-4
-7
-6
-7
-6
-5
-6
-7
-7
-8
-8
-8
-7
-8
-8
-8
-8
-7
-6
-7
-6
-6
-6
-7
-7
-7
-6
-6
-4
-4
-3
-3
-4
-5
-5
-5
-5
-5
-5
-6
-6
-6
-6
-7
-6
-7
-7
-8
-8
-8
-8
-7
-5
-4
-4
-4
-2
-4
-2
-1
-2
-1
0
0
-1
0
1
3
2
2
3
3
3
4
4
5
5
5
5
5
4
4
5
6
8
8
9
9
9
8
8
7
9
10
9
9
9
9
9
9
9
7
9
7
6
6
7
7
8
7
7
6
6
5
4
4
3
3
4
3
2
2
3
1
2
1
0
-2
-1
-1
-2
-2
0
-1
-1
-2
-2
-3
-4
-3
-3
-4
-3
-4
-4
-4
-3
-3
-3
-4
-4
-5
-6
-7
-7
-4
-5
-5
-4
-5
-6
-8
-6
-8
-6
-7
-6
-7
-7
-6
-6
-5
-6
-5
-5
-5
-5
-5
-4
-2
-1
0
0
0
0
0
0
-1
1
1
1
1
2
1
1
2
2
2
1
1
1
0
2
2
3
4
5
5
6
4
3
4
4
5
5
6
6
5
5
5
3
5
4
3
4
4
4
4
3
4
3
3
4
3
3
4
3
3
2
2
2
3
2
2
2
2
1
1
1
0
2
0
1
-1
0
0
0
0
-1
-1
-1
-1
-1
0
0
0
0
0
1
0
-1
-1
-1
-1
-2
-2
-3
-3
-3
-3
-3
-3
-3
-4
-3
-3
-3
-2
-3
-3
-3
-2
-4
-3
-3
-2
-1
-2
-2
-1
-2
-2
-1
-1
-1
-1
-1
-1
-1
0
1
-1
0
-1
0
1
0
1
1
0
1
0
0
1
0
0
1
2
1
1
1
1
2
2
2
1
2
2
2
2
2
2
1
2
3
2
3
2
2
1
2
1
2
1
1
2
2
1
1
1
1
1
1
1
1
1
1
1
1
2
1
2
2
2
2
0
-1
0
1
0
1
1
1
1
1
0
-1
-1
0
0
0
1
0
-1
0
0
-1
0
0
0
-1
0
0
1
0
0
0
0
0
0
1
-1
-1
-1
-1
0
-1
-1
-1
0
1
-1
-1
-2
-2
-2
-1
0
0
2
1
1
1
1
0
1
1
0
2
2
1
0
0
0
0
0
0
0
0
0
0
0
0
1
0
1
0
0
0
0
0
-1
0
1
0
0
-1
0
-1
0
0
-1
0
0
0
0
0
0
0
0
0
0
0
0
0
0
0
0
0
0
0
0
0
0
0
0
0
0
0
0
0
0
0
0
0
-1
0
0
0
0
0
0
0
-1
0
0
0
0
0
0
0
0
0
0
0
0
0
0
0
0
0
0
0
0
0
0
1
-1
0
0
0
0
0
0
0
1
0
0
0
0
0
-1
0
0
0
0
0
0
0
0
0
0
-1
-1
-1
-1
0
-1
0
0
0
0
0
0
-1
-1
0
-1
0
0
0
-1
0
0
0
0
0
0
0
1
0
0
0
0
0
0
0
0
0
0
1
1
0
0
0
0
0
0
0
0
0
0
0
1
0
0
0
0
0
1
1
0
0
0
0
0
-1
0
0
0
0
0
0
1
0
0
1
0
0
0
1
0
0
1
0
1
1
0
0
0
0
0
0
0
0
0
0
1
0
1
1
-1
0
0
0
0
0
0
0
0
0
0
0
1
0
0
1
0
0
0
1
0
0
0
-1
0
0
0
0
0
0
0
0
0
0
1
0
0
0
-1
-1
0
0
0
0
0
0
0
0
0
0
-1
0
1
0
0
0
0
0
0
0
-1
0
1
0
0
0
0
-1
0
-1
-1
0
0
0
0
1
0
0
0
0
0
0
0
0
1
1
0
1
-1
0
0
0
0
0
0
0
0
0
0
0
0
0
0
0
0
0
0
0
0
0
0
0
0
0
0
0
0
-1
1
0
1
0
0
1
0
0
0
0
0
1
-1
0
0
0
0
0
1
0
0
-1
0
0
0
0
1
0
0
1
-1
-1
0
0
0
0
0
0
0
0
0
0
0
-1
0
0
0
1
0
0
0
0
1
0
-1
-1
0
0
0
-1
0
0
0
0
0
-1
0
0
0
0
-1
0
0
0
0
0
0
0
0
0
0
0
0
0
0
-1
0
0
0
0
0
0
0
0
0
1
0
-1
0
0
0
0
0
0
0
0
0
0
0
0
0
0
0
0
0
0
0
-1
0
0
0
0
0
0
0
0
0
0
0
0
0
1
0
0
0
0
0
0
0
1
0
0
0
1
1
0
0
0
-1
1
1
0
0
0
0
0
0
0
1
0
0
0
1
0
0
0
0
0
-1
0
0
0
0
0
0
0
0
0
0
-1
-1
-1
0
0
0
0
-1
0
0
0
0
0
0
0
0
0
1
0
1
0
0
0
0
0
0
1
-1
0
1
-1
0
0
0
0
0
0
0
-1
0
0
0
-1
0
-1
0
0
0
0
0
-1
0
0
0
0
0
0
-1
0
0
0
0
0
0
0
0
-1
-1
0
0
0
0
0
1
0
0
0
0
0
-1
0
0
0
0
0
0
0
0
0
1
0
1
0
0
1
-1
1
0
0
0
-1
-1
0
0
0
-1
0
-1
0
0
0
-1
0
0
0
0
1
0
0
0
0
0
0
1
0
1
0
0
0
0
0
0
1
0
0
0
1
1
0
0
0
0
0
0
0
0
-1
1
0
0
0
0
0
0
0
1
0
0
-1
0
0
0
-1
-1
0
0
1
0
-1
0
0
0
0
0
0
-1
-1
0
0
-1
1
0
1
0
0
0
0
0
0
1
0
0
0
-1
0
0
0
0
0
1
-1
0
0
0
0
0
0
0
0
0
1
0
0
0
0
0
0
-1
0
0
-1
0
0
-1
0
0
0
0
0
0
0
0
1
0
0
-1
1
0
0
-1
-1
0
0
0
1
-1
0
0
0
-1
1
0
0
0
1
-1
0
0
0
0
0
0
0
0
0
0
0
-1
0
0
0
0
0
0
0
0
0
0
1
-1
0
0
-1
1
0
0
0
0
0
0
0
0
0
0
0
0
0
0
-1
0
0
0
0
0
0
0
-1
0
0
0
-1
0
0
-1
-1
0
0
0
0
0
1
1
-1
0
-1
0
0
0
0
0
0
0
0
1
0
0
0
0
-1
1
0
0
1
0
0
0
0
0
1
1
0
0
0
0
0
-1
0
-1
1
0
1
0
0
1
0
0
1
0
0
0
1
-1
-1
1
0
0
0
-1
0
0
1
0
0
0
0
0
0
-1
0
0
0
-1
0
0
1
1
-1
0
0
0
0
0
0
0
0
0
-1
1
0
0
1
0
0
0
0
1
-1
0
0
0
0
-1
1
0
0
-1
0
0
0
0
0
-1
0
-1
1
0
0
1
0
0
0
0
0
0
0
0
-1
0
0
0
1
0
1
0
0
0
0
-1
0
0
1
1
0
0
0
-1
-1
0
0
0
-1
0
0
1
0
1
0
0
1
0
0
1
0
0
0
0
0
0
0
0
0
0
0
-1
1
0
0
0
0
0
0
0
0
0
0
-1
0
-1
0
0
0
0
0
-1
0
0
0
1
0
0
0
0
0
0
0
0
0
-1
1
1
-1
0
0
0
0
0
0
0
0
0
0
0
0
0
-1
0
0
0
0
0
0
0
0
-1
0
0
0
0
-1
0
-1
0
0
0
0
0
-1
0
0
-1
0
0
0
1
0
0
0
0
0
0
1
0
0
0
0
0
1
0
0
0
1
1
0
0
0
0
0
0
0
0
1
1
1
0
0
-1
0
0
0
-1
-1
0
0
0
0
0
0
0
0
0
0
0
0
0
0
0
0
0
0
0
0
0
1
1
1
0
-1
0
0
0
0
0
0
1
-1
-1
0
0
0
0
0
1
0
-1
0
0
0
0
0
0
0
0
-1
0
0
0
0
1
0
0
0
0
0
-1
1
1
0
0
0
0
1
0
0
0
0
0
0
0
0
0
0
0
0
1
0
0
0
0
0
0
1
0
0
0
0
0
0
0
0
0
0
1
0
-1
0
0
0
0
-1
0
0
0
0
0
0
-1
0
0
-1
0
0
0
-1
1
0
0
0
0
0
0
0
0
0
0
0
0
0
-1
0
-1
0
0
0
0
0
0
0
0
0
1
0
0
0
0
0
0
0
0
0
0
0
1
0
0
0
0
0
0
0
0
0
-1
0
0
1
0
0
0
0
0
0
0
1
0
0
0
0
0
0
-1
0
1
0
0
0
0
0
0
0
0
-1
0
0
0
0
0
0
0
0
1
0
-1
0
1
0
0
-1
0
0
0
0
-1
0
0
0
0
1
0
0
0
0
0
0
0
0
-1
0
0
0
0
0
0
0
0
0
1
0
0
0
0
0
1
0
0
1
0
1
-1
0
0
0
0
0
0
0
0
-1
0
-1
-1
0
0
0
0
0
0
0
0
0
0
-1
0
-1
0
0
0
0
0
0
-1
0
0
0
0
0
0
0
0
0
0
0
0
0
0
0
0
0
1
1
0
-1
0
0
0
0
0
0
0
0
0
0
0
0
0
0
0
0
1
0
0
0
0
0
1
0
0
0
0
0
0
0
-1
-1
0
0
0
0
0
-1
-1
0
0
0
-1
1
0
0
-1
0
0
0
0
0
0
0
0
0
0
0
0
0
0
0
0
1
0
0
-1
0
0
0
0
0
0
1
0
0
-1
-1
0
0
0
0
-1
0
0
0
0
0
1
0
0
1
0
1
0
0
0
0
0
0
-1
0
0
0
0
0
0
1
0
0
0
0
0
0
-1
-1
0
-1
0
0
0
0
0
0
0
0
0
0
0
0
0
0
-1
0
0
0
0
1
0
0
0
0
0
0
0
0
0
0
-1
1
-1
0
0
0
0
0
0
0
0
1
0
1
0
0
0
1
-1
0
0
0
0
0
0
0
0
0
0
-1
0
0
0
0
1
1
0
1
0
0
0
0
0
0
0
0
0
0
-1
-1
-1
-1
0
0
0
0
0
-1
0
0
0
0
0
-1
0
-1
0
1
0
0
1
0
0
-1
0
-1
0
0
0
-1
0
1
-1
0
0
0
0
-1
0
1
0
-1
1
1
0
1
-1
0
0
1
0
0
-1
1
0
0
1
0
0
0
0
1
0
0
0
0
1
0
-1
0
-1
0
1
0
1
-1
0
1
0
0
0
0
0
-1
0
0
0
0
0
0
0
0
0
0
-1
0
1
0
1
0
-1
0
0
1
0
0
0
0
0
0
-1
0
-1
0
0
0
0
0
0
0
1
0
1
0
0
0
0
0
-1
0
0
0
0
0
-1
0
0
0
0
0
0
1
0
0
0
0
1
0
0
0
0
0
0
0
0
0
-1
0
1
0
0
0
0
0
0
0
0
0
0
0
0
0
0
0
-1
1
0
0
0
-1
0
0
0
1
0
0
0
-1
0
0
0
0
1
1
0
1
0
0
-1
0
-1
0
0
0
0
0
0
0
0
0
0
0
0
0
1
0
0
0
0
0
0
0
0
0
0
0
0
0
0
0
0
0
0
1
0
0
0
1
0
0
0
0
0
0
0
0
1
1
0
0
1
0
0
0
0
0
1
0
0
-1
1
0
-1
-1
0
0
0
0
0
1
0
1
0
0
0
1
0
-1
0
-1
0
0
-1
0
0
0
-1
0
0
0
0
0
0
0
0
1
-1
0
0
0
0
-1
0
0
0
0
0
1
0
0
0
0
0
0
0
0
1
1
0
0
0
0
0
0
0
0
0
1
0
-1
0
0
0
0
0
0
0
0
0
0
1
0
1
1
1
0
0
0
0
0
0
0
0
0
0
0
0
-1
0
0
0
-1
0
-1
0
0
0
0
0
0
0
-1
1
0
1
0
0
0
0
1
1
0
-1
0
1
-1
0
0
0
0
0
0
0
0
0
0
0
0
0
1
-1
0
0
0
0
0
0
0
-1
0
-1
0
0
0
0
0
-1
0
1
0
0
0
1
0
0
0
0
0
0
0
0
0
0
0
0
0
0
1
0
1
0
-1
-1
-1
0
0
0
0
0
0
0
-1
0
0
1
-1
0
1
0
0
0
0
0
0
0
-1
0
0
0
0
0
0
0
0
0
0
0
0
0
0
0
0
0
0
0
0
0
0
1
0
1
0
0
0
1
0
0
-1
1
0
-1
0
0
-1
0
0
0
0
-1
0
0
0
0
1
0
0
0
1
0
0
1
-1
0
0
0
0
0
0
-1
0
1
0
0
0
1
-1
0
0
0
-1
0
0
0
-1
0
1
0
-1
0
0
-1
-1
0
0
0
0
-1
-1
-1
0
0
0
0
0
0
0
0
0
1
0
-1
0
1
0
1
0
0
0
-1
0
0
0
0
0
0
-1
1
0
0
0
0
1
0
0
0
-1
0
1
0
0
0
0
0
0
0
0
0
0
-1
1
-1
0
1
0
0
0
0
0
0
0
0
0
0
0
0
0
0
0
1
0
0
0
0
-1
1
0
0
0
0
0
0
0
0
0
0
0
0
-1
0
0
0
-1
0
0
1
1
0
0
0
0
-1
0
1
0
-1
0
0
0
0
-1
0
0
0
0
0
-1
-1
0
0
0
0
1
0
0
0
0
-1
0
0
0
0
0
0
0
0
1
0
-1
0
0
-1
0
0
0
0
0
0
0
0
0
0
0
1
0
0
0
0
-1
-1
0
-1
0
0
0
-1
0
0
0
0
1
1
-1
0
0
-1
-1
0
0
-1
0
0
-1
0
0
-1
1
-1
0
0
-1
0
0
0
0
0
0
0
1
0
0
-1
1
1
0
0
0
0
0
0
0
0
0
1
0
0
0
0
0
0
-1
0
0
-1
0
0
1
0
0
1
0
0
0
1
0
0
0
0
0
0
1
-1
0
0
0
1
0
-1
0
0
0
0
0
-1
0
0
0
0
1
0
0
1
0
0
0
1
0
0
0
0
0
1
0
0
0
0
0
0
0
1
0
0
0
0
-1
0
0
-1
-1
0
-1
0
0
0
1
1
0
0
0
-1
1
0
0
0
0
1
0
1
0
0
1
1
0
0
0
0
0
-1
0
0
0
-1
0
0
1
0
0
0
0
1
0
1
0
0
0
0
-1
0
0
0
0
0
-1
0
0
0
1
1
0
0
-1
0
0
1
0
0
-1
1
0
0
0
0
-1
0
0
0
0
0
0
0
0
0
0
0
1
0
0
0
-1
0
1
0
0
1
-1
0
-1
-1
0
0
0
0
0
0
0
0
-1
0
-1
1
0
1
1
0
0
0
0
0
0
0
0
0
0
0
0
0
0
1
0
-1
0
0
0
0
0
0
-1
0
0
-1
0
0
0
0
0
0
0
1
1
0
0
0
0
0
0
0
-1
0
0
0
0
0
0
-1
-1
0
0
0
0
0
1
0
1
-1
0
0
-1
0
0
0
1
0
0
0
0
0
0
0
1
0
1
0
0
0
-1
-1
0
0
0
0
1
0
-1
0
0
0
0
1
0
-1
0
0
0
0
0
1
0
0
0
0
0
0
0
0
0
0
1
0
0
0
0
0
0
0
0
0
0
0
0
0
-1
-1
0
0
0
0
0
0
-1
0
0
-1
0
0
0
0
0
0
0
0
0
0
0
0
0
0
0
0
0
-1
0
0
1
0
0
-1
1
0
0
0
0
0
0
0
0
0
0
-1
1
0
0
-1
0
0
0
1
0
-1
0
0
0
0
0
0
0
1
-1
0
-1
0
-1
-1
0
0
0
1
0
0
0
0
0
1
0
-1
-1
0
0
0
0
0
0
0
-1
0
-1
0
1
0
0
0
0
1
0
0
0
0
0
-1
-1
0
0
0
0
-1
0
1
0
1
0
0
0
0
-1
0
0
0
-1
0
0
0
0
0
0
0
0
-1
0
0
0
1
0
1
0
-1
0
1
0
0
-1
0
0
0
0
0
0
1
0
1
0
0
0
0
0
1
0
1
0
0
0
1
0
0
0
0
0
-1
0
0
0
0
0
0
0
0
0
-1
0
0
0
0
0
0
0
0
0
0
1
0
1
0
0
1
0
0
1
0
0
1
0
0
1
0
0
0
0
0
0
0
0
0
0
0
1
0
0
-1
0
0
-1
0
-1
0
0
1
1
0
0
0
-1
0
0
0
0
0
0
1
0
0
-1
0
0
0
0
-1
0
1
0
0
0
0
0
-1
0
0
0
0
0
0
0
1
0
0
0
0
0
-1
0
0
0
0
0
1
0
0
0
0
0
0
0