0
-1
-1
0
0
0
0
0
1
0
0
0
0
0
-1
0
0
0
0
0
0
0
0
0
1
0
1
0
0
1
-1
1
0
0
0
-1
-1
0
0
0
-1
0
-1
0
0
0
-1
0
0
0
0
1
0
0
0
0
0
0
1
0
1
0
0
0
0
0
0
1
0
0
0
1
1
0
0
0
0
0
0
0
0
-1
1
0
0
0
0
0
0
0
1
0
0
-1
0
0
0
-1
-1
0
0
1
0
-1
0
0
0
0
0
0
-1
-1
0
0
-1
1
0
1
0
0
0
0
0
0
1
0
0
0
-1
0
0
0
0
0
1
-1
0
0
0
0
0
0
0
0
0
1
0
0
0
0
0
0
-1
0
0
-1
0
0
-1
0
0
0
0
0
0
0
0
1
0
0
-1
1
0
0
-1
-1
0
0
0
1
-1
0
0
0
-1
1
0
0
0
1
-1
0
0
0
0
0
0
0
0
0
0
0
-1
0
0
0
0
0
0
0
0
0
0
1
-1
0
0
-1
1
0
0
0
0
0
0
0
0
0
0
0
0
0
0
-1
0
0
0
0
0
0
0
-1
0
0
0
-1
0
0
-1
-1
0
0
0
0
0
1
1
-1
0
-1
0
0
0
0
0
0
0
0
1
0
0
0
0
-1
1
0
0
1
0
0
0
0
0
1
1
0
0
0
0
0
-1
0
-1
1
0
1
0
0
1
0
0
1
0
0
0
1
-1
-1
1
0
0
0
-1
0
0
1
0
0
0
0
0
0
-1
0
0
0
-1
0
0
1
1
-1
0
0
0
0
0
0
0
0
0
-1
1
0
0
1
0
0
0
0
1
-1
0
0
0
0
-1
1
0
0
-1
0
0
0
0
0
-1
0
-1
1
0
0
1
0
0
0
0
0
0
0
0
-1
0
0
0
1
0
1
0
0
0
0
-1
0
0
1
1
0
0
0
-1
-1
0
0
0
-1
0
0
1
0
1
0
0
1
0
0
1
0
0
0
0
0
0
0
0
0
0
0
-1
1
0
0
0
0
0
0
0
0
0
0
-1
0
-1
0
0
0
0
0
-1
0
0
0
1
0
0
0
0
0
0
0
0
0
-1
1
1
-1
0
0
0
0
0
0
0
0
0
0
0
0
0
-1
0
0
0
0
0
0
0
0
-1
0
0
0
0
-1
0
-1
0
0
0
0
0
-1
0
0
-1
0
0
0
1
0
0
0
0
0
0
1
0
0
0
0
0
1
0
0
0
1
1
0
0
0
0
0
0
0
0
1
1
1
0
0
-1
0
0
0
-1
-1
0
0
0
0
0
0
0
0
0
0
0
0
0
0
0
0
0
0
0
0
0
1
1
1
0
-1
0
0
0
0
0
0
1
-1
-1
0
0
0
0
0
1
0
-1
0
0
0
0
0
0
0
0
-1
0
0
0
0
1
0
0
0
0
0
-1
1
1
0
0
0
0
1
0
0
0
0
0
0
0
0
0
0
0
0
1
0
0
0
0
0
0
1
0
0
0
0
0
0
0
0
0
0
1
0
-1
0
0
0
0
-1
0
0
0
0
0
0
-1
0
0
-1
0
0
0
-1
1
0
0
0
0
0
0
0
0
0
0
0
0
0
-1
0
-1
0
0
0
0
0
0
0
0
0
1
0
0
0
0
0
0
0
0
0
0
0
1
0
0
0
0
0
0
0
0
0
-1
0
0
1
0
0
0
0
0
0
0
1
0
0
0
0
0
0
-1
0
1
0
0
0
0
0
0
0
0
-1
0
0
0
0
0
0
0
0
1
0
-1
0
1
0
0
-1
0
0
1
0
-2
0
1
0
-2
1
1
-1
-1
1
1
-1
-1
1
0
-1
-1
1
1
-1
-1
1
0
-3
2
1
-1
1
-1
-1
2
-2
0
1
-3
3
-1
-3
4
-1
-9
4
7
-4
3
4
-6
0
7
-1
2
8
-2
0
4
-6
2
7
-13
-3
18
-9
-14
16
4
-17
3
6
-9
3
6
-6
0
2
-8
6
11
-15
-6
18
-8
-13
17
0
-13
12
1
-14
10
4
-10
8
1
-14
12
5
-18
9
14
-18
-1
12
-10
4
12
-18
-1
21
-12
-11
19
-4
-11
15
-5
-15
19
8
-21
4
6
-16
16
9
-34
18
36
-55
-16
70
-18
-49
39
9
-30
20
-8
-14
45
-21
-54
53
32
-60
0
41
-12
-15
-1
0
26
-3
-42
17
34
-27
-14
28
-4
-18
7
2
-1
11
-5
-13
7
7
-9
-6
9
13
-4
-25
-9
39
15
-52
-1
53
-26
-31
43
-5
-26
32
-11
-31
33
11
-26
14
-10
-18
43
-6
-47
40
29
-54
-6
37
-7
-3
4
-18
2
16
-16
-8
29
3
-30
-8
23
13
-15
-13
14
12
-19
-17
21
25
-23
-23
19
6
-11
18
5
-31
2
24
-13
-9
16
9
-8
-29
-1
50
-7
-49
31
31
-54
-11
55
8
-37
-10
14
14
0
-24
10
32
-32
-22
29
6
-7
6
-10
-15
18
11
-16
2
11
-7
-10
2
11
14
-5
-25
5
27
-15
-23
25
23
-22
-28
3
36
7
-40
-3
27
-7
-15
8
1
9
11
-31
-22
42
27
-38
-24
26
18
-20
-24
29
34
-37
-34
32
13
-17
15
-1
-35
20
29
-42
-5
55
-14
-53
10
40
4
-27
-13
24
9
-27
-2
33
1
-32
5
13
-15
16
22
-36
-14
30
1
-10
-1
1
25
-15
-52
43
56
-59
-28
55
-9
-36
27
16
-20
-8
3
10
4
-13
1
15
-8
-18
8
21
-7
-15
5
-3
-1
20
-7
-24
17
14
-23
-4
17
4
-5
-10
-1
18
-1
-20
10
14
-14
-5
16
-2
-13
-1
5
8
1
-19
5
24
-22
-21
38
16
-44
-7
45
0
-42
7
35
-14
-28
16
26
-15
-27
10
26
-11
-20
16
12
-17
-4
7
0
14
0
-29
8
27
-16
-10
15
-5
-5
0
-4
13
4
-14
3
1
-11
16
15
-26
-10
25
-2
-16
11
6
-5
-2
-11
4
25
-10
-27
18
14
-22
-2
16
-2
-1
-2
-16
7
24
-7
-20
1
14
10
-13
-15
16
17
-22
-17
23
11
-22
2
18
-18
-13
25
13
-19
-23
11
40
-13
-51
26
45
-34
-24
18
4
12
-4
-34
17
33
-27
-17
28
0
-21
14
7
-17
12
13
-24
4
20
-24
-4
34
-15
-28
24
14
-20
-7
11
14
-5
-22
9
21
-18
-14
24
5
-21
3
13
-10
-6
7
0
3
4
-12
0
16
-6
-6
1
-5
17
5
-38
10
45
-33
-35
45
15
-40
-2
28
0
-23
-8
29
17
-38
-17
43
10
-41
-3
31
-1
-14
-3
-6
13
18
-22
-18
25
18
-24
-16
24
10
-25
-2
24
-1
-19
-1
19
6
-25
-5
33
-1
-35
6
29
-7
-18
1
12
4
-14
-3
20
-3
-21
10
14
-13
-1
11
-6
-2
6
-7
3
15
-11
-20
14
19
-11
-15
6
13
-2
-17
0
23
1
-28
0
24
-4
-17
10
8
-10
-10
4
21
3
-34
1
36
-9
-27
12
21
-6
-20
-3
16
10
-9
-12
1
12
1
-14
2
19
-5
-21
8
15
-9
-4
8
-1
-7
-7
12
19
-19
-23
21
11
-12
-3
0
4
9
-18
-12
28
12
-26
-9
16
5
-6
-3
6
2
-10
-1
8
-1
-1
0
-2
3
-5
-4
17
3
-22
0
14
-2
-5
1
2
1
-6
0
10
-4
-8
7
2
-10
2
8
-1
0
-1
-9
0
14
2
-15
-5
10
7
-10
-9
13
13
-13
-14
9
10
-4
-3
3
-2
-3
3
3
0
-1
-6
2
14
-9
-15
17
14
-20
-8
14
5
-5
-3
-3
7
7
-14
-8
18
2
-17
5
12
-7
-8
4
5
-1
-6
0
7
3
-9
-5
10
0
-12
-2
6
2
-2
-4
0
4
0
-1
1
-2
1
3
1
-6
-2
5
1
-4
-1
-2
4
6
-7
-6
8
5
-6
-7
2
9
-1
-12
-2
10
0
-10
-3
7
5
-5
-2
6
3
1
5
0
-1
3
3
1
1
-4
3
5
-6
-3
3
2
2
-3
-5
5
7
-7
-5
7
4
-5
-3
4
2
-3
-2
1
3
-1
-3
1
3
-1
-1
0
1
1
-2
-2
0
4
-2
-4
3
3
-2
0
1
-2
1
4
-3
-5
4
4
-3
-2
2
3
1
-5
0
3
1
-1
0
-1
2
1
-2
-1
2
2
-2
-2
1
0
-1
-2
0
2
1
-3
1
4
0
-2
0
1
-2
0
1
-1
-1
2
0
-3
-1
2
2
-3
-4
2
5
-2
-5
0
3
1
-2
-1
0
3
0
-4
-2
5
-1
-3
2
0
0
1
-1
1
1
-1
-1
1
0
-1
-1
2
0
-1
0
0
-1
1
1
-2
0
2
1
-2
-1
0
-1
-1
-1
1
0
-1
0
0
-1
0
2
1
-1
-1
2
0
-2
-1
0
0
0
0
-1
-1
1
0
-2
1
0
0
-1
-1
1
1
0
-1
1
1
0
0
-1
1
2
4
3
1
-1
-1
1
1
-1
0
1
0
0
1
1
-1
0
1
0
-2
0
0
-1
0
0
1
0
0
1
0
1
1
1
0
-1
-1
-1
0
0
2
0
1
1
1
1
-1
-2
0
0
0
0
-1
-1
2
1
-1
1
4
1
-1
1
1
2
1
1
0
1
-1
-2
-1
2
0
1
2
1
-2
0
2
0
-3
0
2
0
-3
0
1
-1
-1
0
-1
0
0
0
1
1
0
0
0
-1
1
0
0
0
0
1
0
1
0
0
1
1
0
0
0
0
0
-1
0
0
0
-1
0
0
1
0
0
1
0
0
0
2
-1
-1
1
1
-2
0
1
0
-1
0
-1
0
0
0
1
1
0
0
-1
0
0
1
0
0
-1
1
0
0
0
0
-1
0
0
0
0
0
0
0
0
0
0
0
1
0
0
0
-1
0
1
0
0
1
-1
0
-1
-1
0
0
0
0
0
0
0
0
-1
0
-1
2
1
1
1
-1
-1
-1
-1
0
1
1
1
1
0
0
0
0
0
1
0
-1
0
0
0
0
0
0
-1
0
0
-1
0
0
0
0
0
0
0
1
1
0
0
0
0
0
0
0
-1
0
0
0
0
0
0
-1
-1
0
0
0
0
0
1
0
1
-1
0
0
-1
0
0
0
1
0
0
0
0
0
0
0
1
0
1
0
0
0
-1
-1
0
0
0
0
1
0
-1
0
0
0
0
1
0
-1
0
0
0
0
0
1
0
0
0
0
0
0
0
0
0
0
1
0
0
0
0
0
0
0
0
0
0
0
0
0
-1
-1
0
0
0
0
0
0
-1
0
0
-1
0
0
0
0
0
0
0
0
0
0
0
0
0
0
0
0
0
-1
0
0
1
0
0
-1
1
0
0
0
0
0
0
0
0
0
0
-1
1
0
0
-1
0
0
0
1
0
-1
0
0
0
0
0
0
0
1
-1
0
-1
0
-1
-1
0
0
0
1
0
0
0
0
0
1
0
-1
-1
0
0
0
0
0
0
0
-1
0
-1
0
1
0
0
0
0
1
0
0
0
0
0
-1
-1
0
0
0
0
-1
0
1
0
1
0
0
0
0
-1
0
0
0
-1
0
0
0
0
0
0
0
0
-1
0
0
0
1
0
1
0
-1
0
1
0
0
-1
0
0
0
0
0
0
1
0
1
0
0
0
0
0
1
0
1
0
0
0
1
0
0
0
0
0
-1
0
0
0
0
0
0
0
0
0
-1
0
0
0
0
0
0
0
0
0
0
1
0
1
0
0
1
0
0
1
0
0
1
0
0
1
0
0
0
0
0
0
0
0
0
0
0
1
0
0
-1
0
0
-1
0
-1
0
0
1
1
0
0
0
-1
0
0
0
0
0
0
1
0
0
-1
0
0
0
0
-1
0
1
0
0
0
0
0
-1
0
0
0
0
0
0
0
1
0
0
0
0
0
-1
0
0
0
0
0
1
0
0
0
0
0
0
0
1
0
-1
0
-1
1
0
0
0
0
-1
0
-1
0
0
0
0
-1
1
0
0
0
1
0
-1
0
1
1
0
-1
0
0
0
0
0
0
0
0
-1
0
0
0
0
1
-1
0
0
-1
0
0
0
0
0
1
1
0
0
0
-1
-1
0
0
0
1
0
0
0
0
0
0
1
0
0
-1
0
0
1
0
0
0
0
0
1
0
0
-1
0
0
0
0
0
0
0
0
1
0
0
0
0
0
0
0
0
1
0
0
0
0
0
0
-1
0
0
0
0
1
0
0
1
0
0
0
1
-1
0
-1
0
0
0
1
0
0
0
0
0
0
1
0
0
0
0
0
0
0
0
0
-1
0
0
0
1
0
0
0
1
0
0
0
0
0
0
0
0
0
0
1
0
1
0
-1
0
0
-1
0
0
0
-1
0
0
0
-1
0
-1
1
-1
1
0
0
0
0
0
1
0
1
0
0
0
0
0
0
0
0
0
0
0
1
0
0
-1
0
0
0
0
0
0
0
0
0
0
-1
0
0
1
0
0
-1
0
0
0
0
0
0
0
0
-1
0
1
0
0
0
0
1
0
0
0
0
0
-1
0
0
-1
0
0
0
0
0
0
0
0
0
0
0
1
1
1
1
0
0
-1
1
0
0
0
0
0
0
0
0
0
0
0
0
1
0
0
1
0
1
0
0
1
0
0
0
0
1
0
0
-1
0
0
1
1
0
0
-1
0
-1
-1
0
0
0
1
1
0
-1
0
1
0
0
0
0
1
0
1
-1
0
1
0
0
0
-1
0
0
0
1
0
-1
0
-1
-1
0
0
1
0
0
0
1
1
0
0
1
1
-1
0
-1
0
0
0
1
0
0
0
0
-1
0
0
-1
0
0
-1
-1
1
0
0
0
0
-1
0
1
0
0
0
-1
1
0
1
0
1
-1
0
0
0
-1
0
0
0
0
0
0
0
0
0
0
0
0
0
0
0
0
0
1
0
0
0
0
1
0
0
0
0
0
0
0
0
0
0
0
0
0
0
0
0
0
0
0
0
1
0
0
0
0
-1
0
0
1
0
0
0
0
0
-1
0
0
0
0
0
0
-1
0
0
-1
0
0
0
-1
0
0
0
0
-1
0
0
0
0
0
0
0
0
0
0
0
0
0
0
0
-1
0
0
0
-1
0
-1
0
-1
0
0
0
0
1
0
0
0
0
-1
1
0
0
0
0
0
1
0
0
0
0
0
0
1
0
0
0
0
-1
0
-1
0
0
0
0
0
0
0
0
0
0
0
0
0
0
0
0
0
1
0
1
1
0
1
0
0
0
0
0
1
0
1
0
0
0
1
0
0
-1
0
0
1
0
-1
0
0
0
0
-1
-1
1
0
0
1
0
0
1
0
0
0
-1
1
0
0
0
0
0
0
-1
0
0
0
0
0
0
0
0
0
0
0
0
0
0
0
0
0
0
0
0
-1
0
-1
0
-1
0
0
0
0
0
-1
0
-1
1
0
0
0
0
0
-1
0
-1
0
-1
0
0
0
0
-1
0
-1
0
1
0
0
0
0
0
0
1
0
0
0
0
0
0
-1
0
0
0
0
0
0
0
0
1
0
1
1
0
0
0
0
0
0
0
0
0
0
1
0
1
0
0
0
0
0
0
0
1
0
0
0
1
0
1
1
0
0
0
0
-1
0
0
1
0
0
0
0
0
0
0
0
0
0
0
0
0
-1
0
0
0
0
0
0
0
0
0
-1
0
1
0
0
0
0
0
0
0
-1
1
0
0
0
1
0
1
0
0
0
0
0
0
0
-1
0
1
0
0
0
1
0
0
0
0
-1
1
1
0
0
1
0
0
0
0
0
0
0
0
-1
0
0
0
0
1
0
0
0
0
0
0
-1
-1
1
0
0
1
0
0
-1
0
-1
1
0
1
0
0
0
0
1
-1
0
0
0
0
0
0
0
0
0
0
0
0
0
0
-1
0
0
0
0
1
0
0
0
0
0
0
0
0
-1
0
0
0
-1
0
0
1
0
-1
0
0
0
0
1
1
1
0
0
-1
0
0
-1
0
0
0
0
-1
0
0
0
0
0
0
1
0
0
0
0
0
1
0
0
0
0
0
0
0
-1
1
-1
0
-1
0
0
0
0
-1
0
0
0
0
0
0
0
0
0
1
0
0
0
0
0
0
0
0
0
0
0
0
0
0
-1
0
0
0
1
0
0
0
0
-1
0
-1
0
1
0
0
1
0
0
0
0
0
0
0
0
0
0
1
-1
0
-1
0
0
-1
0
0
0
0
-1
0
0
0
0
0
1
0
0
0
0
0
0
0
-1
0
0
0
0
0
0
-1
0
0
0
0
0
0
-1
0
-1
0
0
0
0
1
0
0
0
0
0
0
0
0
0
0
0
0
1
0
0
0
0
1
0
-1
0
1
0
0
0
0
0
0
0
-1
-1
0
0
0
1
0
-1
0
0
-1
0
0
0
-1
0
0
1
0
0
0
0
0
0
1
0
0
0
0
1
0
0
0
1
1
0
0
0
0
0
0
1
0
1
0
0
0
1
0
0
0
-1
1
1
0
-1
0
0
0
0
0
0
0
0
0
0
0
1
0
1
0
0
0
0
0
-1
0
1
0
0
-1
0
-1
0
0
-1
0
0
0
0
0
0
0
0
0
0
0
0
0
0
0
0
0
0
0
0
0
0
0
0
0
0
0
0
0
0
0
0
0
-1
0
0
0
0
0
0
0
-1
0
0
0
0
0
0
0
0
0
0
0
0
0
0
0
0
0
0
0
0
0
0
1
-1
0
0
0
0
0
0
0
1
0
0
0
0
0
-1
0
0
0
0
0
0
0
0
0
0
-1
-1
-1
-1
0
-1
0
0
0
0
0
0
-1
-1
0
-1
0
0
0
-1
0
0
0
0
0
0
0
1
0
0
0
0
0
0
0
0
0
0
1
1
0
0
0
0
0
0
0
0
0
0
0
1
0
0
0
0
0
1
1
0
0
0
0
0
-1
0
0
0
0
0
0
1
0
0
1
0
0
0
1
0
0
1
0
1
1
0
0
0
0
0
0
0
0
0
0
1
0
1
1
-1
0
0
0
0
0
0
0
0
0
0
0
1
0
0
1
0
0
0
1
0
0
0
-1
0
0
0
0
0
0
0
0
0
0
1
0
0
0
-1
-1
0
0
0
0
0
0
0
0
0
0
-1
0
1
0
0
0
0
0
0
0
-1
0
1
0
0
0
0
-1
0
-1
-1
0
0
0
0
1
0
0
0
0
0
0
0
0
1
1
0
1
-1
0
0
0
0
0
0
0
0
0
0
0
0
0
0
0
0
0
0
0
0
0
0
0
0
0
0
0
0
-1
1
0
1
0
0
1
0
0
0
0
0
1
-1
0
0
0
0
0
1
0
0
-1
0
0
0
0
1
0
0
1
-1
-1
0
0
0
0
0
0
0
0
0
0
0
-1
0
0
0
1
0
0
0
0
1
0
-1
-1
0
0
0
-1
0
0
0
0
0
-1
0
0
0
0
-1
0
0
0
0
0
0
0
0
0
0
0
0
0
0
-1
0
0
0
0
0
0
0
0
0
1
0
-1
0
0
0
0
0
0
0
0
0
0
0
0
0
0
0
0
0
0
0
-1
0
0
0
0
0
0
0
0
0
0
0
0
0
1
0
0
0
0
0
0
0
1
0
0
0
1
1
0
0
0
-1
1
1
0
0
0
0
0
0
0
1
0
0
0
1
0
0
0
0
0
-1
0
0
0
0
0
0
0
0
0
0
-1
-1
-1
0
0
0
0
-1
0
0
0
0
0
0
0
0
0
1
0
1
0
0
0
0
0
0
1
-1
0
1
-1
0
0
0
0
0
0
0
-1
0
0
0
-1
0
-1
0
0
0
0
0
-1
0
0
0
0
0
0
-1
0
0
0
0
0
0
0
0
-1
-1
0
0
0
0
0
1
0
0
0
0
0
-1
0
0
0
0
0
0
0
0
0
1
0
1
0
0
1
-1
1
0
0
0
-1
-1
0
0
0
-1
0
-1
0
0
0
-1
0
0
0
0
1
0
0
0
0
0
0
1
0
1
0
0
0
0
0
0
1
0
0
0
1
1
0
0
0
0
0
0
0
0
-1
1
0
0
0
0
0
0
0
1
0
0
-1
0
0
0
-1
-1
0
0
1
0
-1
0
0
0
0
0
0
-1
-1
0
0
-1
1
0
1
0
0
0
0
0
0
1
0
0
0
-1
0
0
0
0
0
1
-1
0
0
0
0
0
0
0
0
0
1
0
0
0
0
0
0
-1
0
0
-1
0
0
-1
0
0
0
0
0
0
0
0
1
0
0
-1
1
0
0
-1
-1
0
0
0
1
-1
0
0
0
-1
1
0
0
0
1
-1
0
0
0
0
0
0
0
0
0
0
0
-1
0
0
0
0
0
0
0
0
0
0
1
-1
0
0
-1
1
0
0
0
0
0
0
0
0
0
0
0
0
0
0
-1
0
0
0
0
0
0
0
-1
0
0
0
-1
0
0
-1
-1
0
0
0
0
0
1
1
-1
0
-1
0
0
0
0
0
0
0
0
1
0
0
0
0
-1
1
0
0
1
0
0
0
0
0
1
1
0
0
0
0
0
-1
0
-1
1
0
1
0
0
1
0
0
1
0
0
0
1
-1
-1
1
0
0
0
-1
0
0
1
0
0
0
0
0
0
-1
0
0
0
-1
0
0
1
1
-1
0
0
0
0
0
0
0
0
0
-1
1
0
0
1
0
0
0
0
1
-1
0
0
0
0
-1
1
0
0
-1
0
0
0
0
0
-1
0
-1
1
0
0
1
0
0
0
0
0
0
0
0
-1
0
0
0
1
0
1
0
0
0
0
-1
0
0
1
1
0
0
0
-1
-1
0
0
0
-1
0
0
1
0
1
0
0
1
0
0
1
0
0
0
0
0
0
0
0
0
0
0
-1
1
0
0
0
0
0
0
0
0
0
0
-1
0
-1
0
0
0
0
0
-1
0
0
0
1
0
0
0
0
0
0
0
0
0
-1
1
1
-1
0
0
0
0
0
0
0
0
0
0
0
0
0
-1
0
0
0
0
0
0
0
0
-1
0
0
0
0
-1
0
-1
0
0
0
0
0
-1
0
0
-1
0
0
0
1
0
0
0
0
0
0
1
0
0
0
0
0
1
0
0
0
1
1
0
0
-1
-1
-1
-1
-1
-1
0
0
1
0
1
0
1
2
2
0
1
2
1
0
1
2
0
-1
0
2
-1
-5
-5
-6
-13
-22
-24
-23
-27
-35
-36
-30
-28
-32
-32
-27
-27
-31
-30
-20
-15
-19
-23
-21
-19
-19
-21
-22
-20
-21
-26
-27
-27
-29
-32
-33
-32
-32
-32
-32
-33
-30
-27
-24
-23
-20
-13
-6
-3
-1
5
16
21
21
29
41
46
45
50
61
69
66
67
76
84
81
77
82
90
87
79
80
91
90
80
80
91
94
87
86
96
103
99
95
101
110
108
102
103
110
108
100
94
96
97
85
74
75
75
63
51
50
51
39
26
25
28
17
0
0
7
-3
-28
-35
-27
-34
-68
-91
-85
-85
-119
-157
-158
-148
-171
-214
-226
-211
-216
-257
-280
-265
-254
-281
-313
-307
-286
-296
-328
-330
-303
-290
-310
-322
-296
-269
-278
-298
-279
-234
-217
-225
-205
-148
-105
-95
-81
-27
33
57
62
101
164
194
194
212
258
289
288
285
307
330
323
302
299
308
304
288
277
278
284
279
265
261
270
273
263
255
259
261
249
232
223
223
214
190
174
177
171
149
128
128
132
118
95
95
113
118
103
106
136
156
148
141
164
192
182
153
158
181
162
111
90
98
72
6
-36
-45
-73
-139
-194
-210
-231
-287
-333
-334
-337
-376
-409
-396
-376
-395
-429
-427
-398
-401
-445
-477
-462
-453
-501
-566
-580
-565
-597
-673
-714
-689
-677
-720
-753
-707
-627
-600
-600
-532
-407
-317
-273
-194
-55
80
165
244
364
493
575
620
680
755
804
810
806
813
809
768
706
657
621
566
495
441
404
362
310
264
231
204
182
167
161
161
163
171
174
167
161
166
168
153
134
126
122
105
75
47
34
22
-8
-40
-51
-41
-44
-72
-92
-69
-28
-24
-40
-1
88
135
113
113
196
275
251
185
214
311
304
171
102
177
211
59
-108
-83
13
-80
-298
-346
-216
-212
-417
-540
-423
-308
-416
-566
-504
-342
-358
-513
-532
-394
-340
-450
-531
-472
-406
-472
-600
-629
-573
-583
-690
-750
-690
-623
-648
-687
-631
-518
-453
-432
-349
-190
-51
26
114
256
395
473
530
618
721
785
805
818
830
821
781
719
656
607
556
482
394
322
263
191
111
51
18
-3
-19
-27
-29
-20
-4
12
21
31
70
128
159
157
174
219
227
181
157
188
198
147
109
125
134
93
45
35
58
75
61
39
64
127
151
107
86
155
242
221
158
214
339
329
206
194
311
315
164
86
173
199
42
-98
-59
-12
-136
-292
-279
-190
-241
-383
-396
-290
-277
-391
-439
-337
-249
-311
-399
-334
-201
-231
-382
-400
-266
-252
-428
-529
-429
-372
-537
-718
-682
-582
-664
-829
-813
-659
-623
-722
-727
-572
-453
-458
-440
-290
-107
-17
15
109
268
379
401
425
524
633
652
615
621
668
651
558
491
498
487
399
319
310
308
236
146
127
143
119
73
73
110
132
130
128
151
192
227
234
235
266
315
314
266
240
257
249
181
127
144
167
123
57
46
66
50
11
5
23
41
60
69
56
47
85
121
95
58
97
175
171
100
98
169
185
113
66
102
143
107
32
10
35
25
-59
-107
-74
-65
-123
-182
-146
-102
-156
-223
-201
-118
-138
-229
-215
-104
-86
-198
-250
-161
-106
-210
-330
-304
-217
-266
-425
-499
-438
-424
-564
-712
-704
-623
-657
-783
-818
-713
-633
-685
-739
-639
-475
-418
-426
-324
-131
-8
11
64
208
335
371
386
469
577
607
562
535
564
575
514
442
437
464
419
318
274
301
293
217
186
249
301
269
229
256
296
275
234
240
281
290
259
246
258
237
184
135
128
118
69
37
34
36
-14
-70
-71
-51
-51
-89
-66
8
23
-6
-4
45
83
45
24
104
165
138
114
155
208
176
105
115
192
202
105
65
130
151
36
-91
-44
52
16
-103
-127
-8
11
-116
-203
-142
-42
-78
-170
-144
-28
-1
-77
-114
-57
9
-15
-76
-75
-34
-46
-138
-227
-249
-258
-322
-411
-456
-466
-521
-630
-708
-731
-759
-818
-838
-793
-752
-753
-739
-669
-587
-528
-463
-351
-224
-125
-45
43
122
189
265
346
411
466
526
573
573
549
535
534
521
489
465
457
446
412
360
312
290
289
273
240
229
250
240
180
140
148
150
117
80
90
120
81
43
37
32
19
-10
-3
6
22
16
-1
5
-12
-1
7
7
27
64
73
49
48
99
144
86
89
144
183
162
90
155
207
180
127
123
172
152
92
84
135
99
50
19
8
35
-32
-56
-40
-32
-24
-60
-55
-38
-21
-16
-72
-52
-7
-23
-5
-29
-30
15
-44
-64
-60
-52
-42
-89
-103
-120
-155
-209
-279
-318
-364
-421
-466
-500
-546
-596
-638
-679
-732
-775
-761
-715
-679
-651
-601
-532
-483
-463
-419
-316
-188
-98
-29
66
144
184
221
251
312
404
459
485
506
512
505
458
395
398
435
429
379
354
374
353
257
190
229
283
237
171
209
271
228
121
100
172
188
125
90
113
145
98
-20
-50
11
14
-57
-102
-58
7
-39
-118
-86
12
17
-65
-45
71
110
42
9
91
176
120
54
135
211
218
140
110
201
212
148
98
176
229
140
78
86
152
110
24
63
112
78
8
21
66
52
12
14
72
56
-26
-25
18
9
-43
-86
-36
-8
-79
-142
-147
-118
-140
-199
-223
-191
-175
-254
-315
-308
-313
-342
-392
-405
-388
-418
-484
-520
-509
-521
-543
-531
-506
-474
-469
-461
-422
-394
-354
-304
-272
-239
-172
-120
-106
-97
-45
34
72
69
106
190
232
228
240
305
358
355
347
355
388
392
366
349
347
361
339
309
286
295
299
261
226
205
202
169
132
107
92
90
59
42
29
-7
0
7
-23
-2
39
46
59
47
70
124
96
95
145
180
187
156
173
191
176
138
119
162
148
121
141
166
157
122
103
119
157
136
132
164
158
159
132
83
77
74
54
39
30
5
-19
-41
-78
-97
-108
-131
-125
-91
-96
-122
-105
-120
-155
-174
-188
-149
-131
-170
-189
-185
-210
-281
-319
-285
-262
-283
-304
-289
-273
-318
-363
-351
-321
-335
-360
-338
-331
-346
-390
-423
-421
-417
-403
-410
-392
-356
-347
-350
-350
-317
-270
-231
-190
-133
-81
-44
2
54
101
154
209
256
289
323
357
366
356
360
367
359
342
324
321
317
280
236
216
210
196
165
131
129
135
102
79
95
125
128
115
127
167
178
160
195
218
217
189
171
213
205
180
185
227
226
165
147
144
183
181
151
163
167
166
137
112
117
156
170
148
150
158
148
106
67
57
56
2
-20
-7
-24
-49
-120
-153
-148
-162
-171
-173
-131
-107
-119
-166
-202
-171
-135
-121
-104
-82
-67
-69
-122
-139
-110
-90
-94
-127
-123
-119
-123
-149
-178
-147
-137
-165
-187
-181
-161
-166
-202
-225
-235
-279
-312
-321
-347
-365
-380
-413
-440
-467
-477
-460
-452
-448
-425
-405
-365
-310
-265
-218
-179
-117
-49
-6
36
94
173
204
227
249
255
285
285
302
326
305
286
292
293
281
267
256
263
253
217
213
241
260
253
239
233
237
228
235
268
288
283
282
270
250
247
221
230
254
231
216
193
198
209
162
140
144
165
177
142
131
136
128
98
72
85
73
77
71
14
17
25
-14
-21
-9
-4
-20
-62
-83
-49
-50
-73
-54
-60
-59
-81
-113
-111
-96
-52
-73
-107
-76
-102
-155
-178
-140
-78
-80
-108
-121
-100
-110
-160
-139
-86
-46
-54
-97
-104
-83
-95
-121
-110
-92
-83
-98
-149
-188
-212
-236
-249
-271
-308
-326
-341
-385
-440
-467
-459
-451
-455
-453
-429
-400
-404
-410
-370
-300
-253
-233
-195
-127
-82
-74
-59
-7
63
103
111
142
216
236
213
248
267
278
287
278
336
359
320
295
288
326
338
315
334
380
393
328
288
328
369
364
320
316
339
320
270
241
253
251
242
192
139
163
148
94
57
62
80
40
1
-18
1
16
-23
-40
-28
-22
-46
-73
-55
-8
16
-12
-11
1
-2
5
-26
-17
22
11
17
-1
-48
-68
-73
-67
-65
-61
-29
-53
-103
-138
-157
-112
-111
-114
-74
-62
-52
-76
-93
-108
-99
-56
-52
-15
9
-13
-14
-66
-105
-67
-35
-10
10
-8
-43
-83
-150
-186
-170
-149
-142
-173
-223
-276
-340
-368
-368
-369
-350
-344
-364
-380
-397
-403
-391
-379
-351
-318
-297
-272
-245
-213
-186
-171
-147
-101
-31
35
73
90
110
138
170
197
231
283
322
341
324
316
346
355
356
348
370
397
374
355
346
376
370
299
286
318
358
340
292
262
196
170
171
155
194
206
155
85
36
18
19
20
9
53
75
2
-31
-41
-13
24
3
28
72
49
23
46
66
87
95
55
26
21
24
57
83
40
-6
-32
-73
-83
-74
-37
-9
-14
-38
-106
-128
-115
-89
2
15
-11
-20
-101
-136
-81
-25
21
50
10
-58
-72
-56
-28
18
44
32
36
15
-36
-61
-57
-26
-55
-100
-107
-130
-177
-247
-272
-270
-300
-338
-354
-354
-369
-393
-407
-405
-396
-420
-421
-386
-336
-331
-381
-376
-349
-321
-298
-275
-226
-200
-173
-143
-106
-61
-26
9
49
92
148
196
209
235
265
293
291
278
326
362
384
371
369
411
398
340
282
311
394
392
328
286
289
256
189
173
205
221
203
155
137
162
109
34
50
82
94
107
73
40
55
46
23
40
58
79
104
64
13
61
132
130
62
0
42
134
120
65
93
118
70
-5
-42
31
127
82
-2
9
-4
-79
-117
-88
-13
21
-36
-91
-96
-128
-181
-165
-73
2
-6
-50
-85
-39
17
-4
-4
31
73
23
-64
-53
-14
-26
-110
-170
-150
-132
-193
-277
-245
-189
-235
-302
-303
-297
-334
-379
-383
-328
-293
-352
-446
-468
-451
-456
-456
-438
-433
-431
-448
-484
-455
-384
-352
-335
-291
-217
-141
-100
-79
-39
12
67
144
231
297
332
351
352
330
343
405
452
462
468
490
465
376
320
329
367
354
349
361
319
280
226
190
217
236
267
304
301
282
220
173
171
171
203
226
243
254
238
185
97
84
98
128
200
203
168
113
45
-2
11
77
153
201
188
160
134
76
23
34
93
144
150
96
17
-64
-127
-130
-76
-16
-17
-92
-141
-134
-109
-69
-64
-75
-26
12
-11
-16
4
8
-18
-60
-79
-77
-91
-131
-158
-148
-162
-220
-266
-280
-278
-294
-302
-251
-236
-303
-337
-318
-317
-334
-365
-394
-415
-489
-567
-554
-536
-614
-712
-744
-702
-663
-679
-670
-591
-548
-567
-550
-442
-296
-213
-189
-121
6
90
131
191
276
346
377
398
445
494
489
441
443
492
498
461
432
432
450
423
364
333
312
313
334
344
360
362
337
327
347
380
385
361
375
386
356
345
339
319
293
235
187
190
190
170
148
128
108
99
103
116
176
259
265
234
232
247
288
300
249
206
179
167
155
166
169
113
31
6
3
-14
7
-20
-45
-65
-166
-197
-157
-101
-74
-99
-129
-196
-244
-195
-169
-187
-191
-218
-236
-248
-275
-249
-217
-209
-165
-110
-150
-240
-308
-330
-330
-404
-459
-494
-559
-650
-749
-772
-808
-903
-1012
-1104
-1147
-1161
-1166
-1173
-1159
-1100
-1029
-964
-850
-668
-494
-379
-270
-109
75
236
361
468
589
704
761
811
922
1014
976
868
819
817
791
741
663
587
523
412
304
296
301
259
202
137
135
197
202
191
244
282
281
288
291
324
381
380
360
393
402
353
294
227
225
291
273
210
226
253
227
200
190
255
363
343
247
251
348
381
328
290
340
412
335
232
259
298
220
39
-14
85
110
-11
-163
-177
-137
-168
-220
-236
-211
-287
-373
-345
-296
-293
-334
-276
-220
-239
-223
-213
-145
-67
-120
-165
-108
-71
-135
-175
-144
-156
-229
-346
-445
-497
-586
-745
-866
-952
-1080
-1209
-1367
-1508
-1523
-1469
-1443
-1410
-1387
-1384
-1244
-1055
-814
-487
-269
-121
44
236
474
721
898
1024
1160
1240
1249
1219
1172
1121
1057
953
838
744
631
450
227
46
-55
-114
-172
-240
-299
-336
-339
-296
-217
-139
-92
-68
-20
73
187
290
350
364
366
389
450
543
625
638
599
581
571
524
491
502
488
426
389
377
315
212
167
222
293
302
287
338
380
303
185
214
391
472
393
326
337
299
180
131
170
267
263
124
66
50
-53
-197
-282
-252
-113
-58
-149
-221
-285
-369
-384
-280
-163
-106
-131
-242
-234
-110
-40
-9
-27
-2
48
14
-36
-69
-148
-371
-608
-776
-870
-946
-1178
-1398
-1582
-1840
-2100
-2291
-2357
-2337
-2291
-2226
-2074
-1853
-1635
-1383
-1086
-725
-328
72
463
812
1111
1306
1465
1669
1834
1936
1986
2026
2006
1873
1691
1454
1210
981
768
574
378
154
-89
-300
-460
-580
-632
-580
-493
-484
-544
-582
-554
-465
-327
-155
14
145
221
291
418
558
622
636
694
751
759
746
738
718
624
508
463
522
580
516
378
278
256
172
128
179
191
229
238
206
233
244
181
153
230
353
453
446
321
193
105
73
174
323
336
213
19
-137
-124
-97
-158
-182
-166
-145
-145
-249
-355
-300
-272
-334
-229
29
261
263
13
-205
-287
-256
-98
168
382
261
-177
-665
-913
-876
-875
-972
-1108
-1365
-1730
-2206
-2706
-3009
-3066
-2938
-2645
-2271
-1957
-1821
-1868
-1882
-1609
-980
-145
640
1199
1465
1493
1464
1576
1890
2287
2595
2742
2729
2541
2166
1692
1305
1118
1089
1087
994
701
183
-406
-842
-988
-884
-716
-652
-698
-816
-991
-1155
-1169
-950
-615
-239
51
142
95
-29
-69
67
403
829
1126
1219
1066
813
690
756
921
1091
1190
1123
865
536
328
314
433
519
491
419
313
168
22
4
102
218
322
362
372
274
119
113
179
288
381
343
243
129
44
-34
-58
-63
-64
-34
-97
-218
-375
-434
-383
-312
-166
-1
82
39
-58
-177
-140
143
451
596
366
-45
-254
-199
-15
48
-43
-225
-574
-965
-1295
-1544
-1708
-1998
-2434
-2845
-3258
-3692
-3960
-3828
-3344
-2744
-2246
-1987
-1900
-1823
-1532
-817
264
1353
2053
2273
2193
2092
2202
2578
3063
3424
3527
3379
3049
2582
2025
1483
1094
949
1001
1039
784
121
-749
-1417
-1582
-1263
-777
-535
-778
-1376
-1902
-1955
-1492
-836
-356
-192
-258
-355
-325
-132
136
400
650
934
1218
1353
1252
1028
890
943
1185
1473
1553
1295
831
405
233
381
667
755
506
129
-128
-137
17
94
41
-4
21
148
302
307
187
45
-15
119
367
481
343
33
-282
-315
-29
341
513
234
-211
-500
-561
-338
-98
76
163
25
-161
-261
-204
-156
-103
166
460
702
664
261
-138
-318
-182
107
301
116
-596
-1446
-2090
-2387
-2415
-2605
-3179
-4070
-4863
-4953
-4192
-3036
-2226
-2200
-2695
-3000
-2585
-1409
112
1452
2238
2402
2226
2127
2367
2909
3549
4098
4412
4363
3894
3111
2279
1671
1417
1464
1608
1561
1078
141
-948
-1699
-1803
-1392
-930
-845
-1236
-1868
-2404
-2585
-2351
-1838
-1318
-1010
-911
-883
-800
-613
-332
-19
290
608
964
1333
1586
1581
1411
1376
1617
1919
1987
1774
1443
1156
1016
1052
1154
1090
734
275
34
124
363
491
387
99
-218
-390
-334
-129
36
43
-28
-51
-19
-21
-103
-250
-357
-225
211
638
616
121
-432
-680
-531
-58
521
863
708
92
-581
-750
-243
483
808
584
149
-98
-77
1
-6
31
217
395
334
-66
-817
-1795
-2598
-2762
-2314
-1961
-2568
-4296
-6207
-6869
-5600
-3188
-1277
-1020
-2274
-3838
-4327
-3061
-475
2185
3648
3459
2295
1399
1545
2583
3871
4861
5249
5018
4423
3661
2706
1703
1182
1519
2387
2962
2543
1009
-999
-2369
-2354
-1234
-54
233
-607
-2015
-3121
-3361
-2819
-2008
-1436
-1281
-1339
-1355
-1357
-1539
-1793
-1623
-676
759
1856
1915
1028
35
-203
595
2077
3382
3601
2601
1259
560
775
1486
2050
2079
1653
1103
664
418
301
167
-11
-33
232
571
566
-3
-871
-1425
-1226
-415
426
688
215
-604
-1148
-999
-279
498
830
586
155
-111
-168
-44
116
244
433
521
402
230
-11
-225
-218
-10
368
683
559
69
-375
-458
-158
210
291
-39
-689
-1485
-2177
-2441
-2274
-2234
-2893
-4259
-5781
-6569
-5804
-3593
-1435
-1040
-2510
-4277
-4762
-3510
-970
1895
3794
3835
2396
937
750
2014
3916
5461
6068
5635
4463
3179
2349
2075
2173
2532
2975
3059
2400
1046
-569
-1797
-2002
-1108
82
506
-258
-1800
-3266
-3807
-3197
-2048
-1218
-1123
-1630
-2281
-2624
-2550
-2212
-1723
-1151
-550
47
486
509
192
43
470
1410
2440
3055
2942
2256
1571
1458
1965
2592
2820
2506
1843
1167
833
910
1058
928
559
221
42
-46
-150
-334
-576
-713
-645
-485
-356
-393
-708
-1105
-1081
-470
238
401
-33
-594
-830
-430
298
945
1172
647
-118
-526
-207
655
1193
1117
558
126
206
284
320
372
307
130
-144
-204
-147
-432
-1268
-2269
-2601
-2205
-2010
-2785
-4440
-6309
-7349
-6445
-3614
-808
-476
-2841
-5546
-6131
-4154
-824
2374
4172
3795
1751
-54
81
2083
4499
6050
6360
5670
4454
3228
2415
2248
2646
3239
3623
3527
2729
1150
-747
-1953
-1667
-165
1245
1295
-206
-2316
-3784
-3895
-2841
-1492
-781
-1085
-2032
-2904
-3238
-3068
-2659
-2135
-1499
-856
-427
-302
-341
-362
-264
121
1011
2253
3135
3020
2136
1393
1444
2175
3033
3481
3184
2228
1270
1053
1590
2126
1975
1186
331
-118
-69
246
394
67
-589
-1096
-1140
-785
-386
-345
-752
-1240
-1338
-880
-174
175
-129
-678
-838
-454
210
766
829
370
-61
83
683
1128
1009
512
130
162
536
984
1112
635
-187
-688
-535
-45
210
-176
-1215
-2373
-2968
-2924
-2929
-3720
-5339
-6947
-7192
-5308
-2385
-921
-2256
-4937
-6373
-5409
-2590
926
3692
4273
2504
125
-614
1063
4004
6389
7132
6275
4590
3101
2579
3018
3739
4107
4023
3650
3000
1951
562
-696
-1126
-420
814
1367
470
-1480
-3322
-4053
-3420
-1971
-780
-834
-2127
-3528
-3957
-3481
-2829
-2381
-2099
-1890
-1596
-1094
-590
-450
-676
-748
-48
1422
2812
3188
2495
1534
1176
1741
2903
3893
3958
2958
1658
1110
1572
2312
2502
1955
1042
281
-5
152
442
443
-125
-970
-1326
-938
-478
-595
-1106
-1453
-1368
-927
-386
-100
-324
-890
-1180
-729
201
928
1018
487
-226
-391
293
1199
1478
971
235
-44
311
844
1089
962
466
-253
-707
-612
-239
-32
-400
-1451
-2546
-3011
-3130
-3597
-4634
-5971
-6631
-5347
-2552
-809
-1905
-4637
-6336
-5567
-2840
486
3111
3859
2270
-276
-1272
383
3414
5838
6627
5889
4344
2894
2308
2812
3804
4339
4087
3463
2795
1964
878
-126
-495
22
998
1492
799
-904
-2690
-3590
-3205
-1898
-660
-544
-1769
-3392
-4185
-3822
-2935
-2227
-1913
-1886
-1933
-1786
-1341
-887
-712
-581
14
1091
2055
2365
2061
1585
1392
1786
2739
3678
3849
3125
2136
1583
1742
2369
2795
2469
1569
754
429
534
770
737
178
-660
-1158
-968
-442
-272
-693
-1284
-1539
-1335
-852
-384
-262
-602
-1040
-1007
-348
413
599
196
-255
-294
94
604
964
1007
687
190
-141
79
751
1126
900
430
-25
-352
-586
-796
-844
-919
-1377
-2166
-3079
-3957
-4902
-6143
-6914
-5758
-2799
-509
-1203
-4189
-6560
-6392
-3999
-589
2752
4605
3618
478
-1841
-978
2432
5838
7368
6833
5028
3002
1805
2066
3434
4705
4886
4110
3151
2275
1193
45
-428
177
1297
1850
1196
-378
-2044
-3098
-3141
-2163
-893
-459
-1338
-2913
-4087
-4205
-3508
-2721
-2184
-1765
-1562
-1877
-2448
-2473
-1619
-448
402
1005
1604
1841
1374
795
1009
2066
3268
3967
3872
3077
2100
1591
1930
2883
3588
3264
2036
776
226
463
959
1087
654
-80
-746
-1069
-1006
-851
-843
-836
-747
-811
-1052
-1133
-909
-713
-754
-720
-339
130
269
87
-60
-140
-250
-153
182
469
597
506
236
-2
-89
145
574
543
-52
-572
-743
-816
-1038
-1348
-1605
-2222
-3529
-4917
-5925
-6369
-5243
-2271
156
-718
-4236
-6782
-6123
-3274
14
2790
4025
2790
-103
-2000
-961
2248
5309
6639
6103
4371
2475
1520
1982
3305
4501
4870
4213
2928
1773
1087
579
235
540
1436
1918
1143
-588
-2205
-2887
-2484
-1360
-295
-231
-1419
-3023
-3972
-3882
-3034
-2077
-1686
-2073
-2821
-3258
-2880
-1809
-834
-572
-705
-540
98
858
1375
1611
1833
2176
2446
2560
2795
3142
3105
2573
2262
2639
3151
3004
2207
1356
908
944
1270
1486
1155
175
-936
-1325
-727
56
42
-738
-1423
-1488
-1129
-712
-409
-348
-613
-997
-1005
-382
406
585
86
-356
-279
63
327
462
443
220
-21
28
388
699
632
194
-354
-680
-608
-391
-583
-1318
-2084
-2489
-2850
-3684
-5062
-6487
-6881
-5157
-1969
-112
-1539
-4694
-6439
-5565
-2897
570
3703
4716
2716
-535
-1915
-46
3609
6567
7355
5991
3639
1939
1876
3043
4250
4644
4128
3141
2243
1628
1016
298
1
595
1548
1732
725
-869
-2238
-2856
-2383
-1043
28
-315
-1890
-3391
-3888
-3529
-2809
-2041
-1603
-1909
-2679
-3033
-2608
-1901
-1390
-1001
-503
114
674
929
827
716
1030
1828
2754
3377
3460
3027
2373
1966
2206
3002
3575
3155
1989
1137
1096
1315
1269
1085
805
103
-771
-976
-411
35
-248
-960
-1528
-1587
-1107
-456
-96
-218
-739
-1238
-1075
-102
860
879
73
-579
-448
149
557
586
455
253
-104
-379
-129
483
747
325
-469
-1106
-1195
-877
-782
-1136
-1651
-2410
-3625
-4896
-5877
-6561
-6090
-3488
-353
9
-3023
-6310
-6843
-4583
-1101
2350
4560
4160
1185
-1918
-2160
991
5186
7658
7428
5253
2649
1193
1720
3586
5237
5583
4578
2895
1476
863
744
662
834
1457
1855
1228
-323
-1972
-2831
-2420
-1132
-98
-205
-1420
-2971
-3936
-3860
-2991
-2000
-1564
-2003
-2976
-3624
-3291
-2145
-1016
-610
-876
-1084
-645
284
1055
1339
1434
1710
2112
2444
2767
3117
3170
2804
2559
2917
3371
3049
2067
1375
1362
1544
1559
1499
1238
364
-895
-1493
-833
294
621
-167
-1316
-1951
-1741
-949
-128
271
37
-708
-1296
-995
10
772
753
254
-112
52
573
797
428
-34
-117
-16
68
356
770
724
20
-801
-1190
-1135
-1022
-1218
-1730
-2414
-3314
-4417
-5492
-6560
-7405
-6612
-3304
28
-426
-4409
-7494
-6837
-3716
-138
3259
5309
4192
529
-2112
-1054
2777
6509
8159
7383
4938
2379
1378
2440
4491
5939
5860
4396
2521
1266
814
632
558
963
1614
1577
541
-846
-1990
-2642
-2478
-1454
-445
-608
-2096
-3726
-4215
-3518
-2513
-1851
-1786
-2367
-3175
-3581
-3394
-2643
-1325
-24
272
-426
-924
-439
614
1618
2536
3280
3292
2478
1805
2133
3047
3669
3917
3993
3483
2169
1003
948
1563
1825
1581
1188
615
-294
-1175
-1331
-626
118
17
-791
-1495
-1732
-1642
-1262
-589
33
150
-283
-832
-941
-407
373
806
746
487
266
192
335
537
548
407
294
207
158
201
123
-344
-1021
-1410
-1311
-1071
-1119
-1503
-2235
-3511
-5113
-6414
-7182
-7029
-4847
-1091
734
-1885
-6345
-7966
-5700
-1922
1649
4487
5123
2351
-1623
-2646
450
4917
7786
8150
6440
3795
1849
1716
3173
5024
5926
5224
3495
2002
1336
1016
595
500
1167
1807
1269
-290
-1801
-2709
-2887
-2066
-629
-11
-1117
-3034
-4128
-3850
-2915
-2176
-1991
-2380
-3034
-3297
-2811
-2018
-1517
-1307
-1082
-781
-415
143
817
1267
1456
1763
2300
2707
2799
2835
2969
3050
3099
3361
3623
3207
2086
1238
1295
1742
1882
1631
1015
17
-963
-1314
-898
-197
66
-441
-1265
-1702
-1612
-1273
-794
-268
-24
-258
-630
-605
-58
593
838
640
433
486
579
515
455
477
422
291
203
120
12
-35
-93
-316
-616
-849
-1137
-1613
-2117
-2521
-3123
-4155
-5339
-6493
-7620
-7568
-4786
-798
123
-3252
-6919
-7088
-4376
-982
2421
5080
4983
1812
-1253
-942
2389
5960
7875
7819
6141
3826
2383
2611
3947
5251
5620
4679
2957
1634
1218
999
455
282
990
1505
651
-1005
-2236
-2828
-2890
-2086
-814
-578
-1971
-3673
-4209
-3588
-2693
-2112
-2044
-2568
-3296
-3454
-2896
-2220
-1642
-878
-94
313
455
554
556
734
1639
3052
3958
3817
3119
2572
2331
2344
2842
3822
4344
3431
1602
447
596
1213
1471
1289
680
-336
-1248
-1454
-1036
-627
-692
-1112
-1379
-1281
-1155
-1186
-1033
-541
-140
-119
-171
69
469
653
533
441
689
1113
1252
964
549
251
110
214
515
603
279
-89
-342
-856
-1604
-1967
-1870
-1874
-2160
-2606
-3458
-4827
-6337
-7735
-8468
-6926
-2743
671
-546
-5088
-7922
-6767
-3378
539
4365
6326
4550
533
-1665
1
3920
7455
9069
8218
5555
3106
2525
3475
4709
5568
5596
4382
2612
1554
1106
267
-596
-241
953
1274
146
-1591
-3189
-4179
-3885
-2254
-651
-729
-2433
-4071
-4442
-3838
-2923
-2090
-1852
-2412
-3002
-2822
-2067
-1243
-481
-10
-60
-70
655
1637
1953
1891
2337
3060
3187
2860
2904
3235
3072
2487
2415
3002
3193
2322
1113
543
612
769
768
567
-25
-1031
-1879
-1843
-981
-239
-383
-1148
-1708
-1636
-1124
-460
181
497
230
-270
-233
507
1258
1393
1019
640
640
1042
1490
1501
914
74
-353
45
817
966
159
-909
-1531
-1647
-1435
-1125
-1202
-1947
-2932
-3679
-4288
-4929
-5658
-6942
-8688
-8773
-5280
-479
719
-2780
-6666
-7104
-4594
-1006
3135
6642
6878
3394
-282
-522
2649
6686
9301
9426
7415
4876
3265
2892
3626
5034
5717
4661
2953
2062
1347
-391
-2101
-1839
-28
1000
272
-1222
-2813
-4524
-5384
-4120
-1696
-695
-1878
-3542
-4251
-4081
-3432
-2562
-1974
-1842
-1680
-1280
-948
-695
-372
-184
-63
608
1848
2758
2770
2347
2198
2389
2605
2914
3482
3773
3112
1995
1577
1969
2189
1720
1079
739
468
15
-325
-352
-483
-1005
-1434
-1209
-582
-363
-912
-1593
-1520
-766
-105
225
465
426
-53
-307
309
1334
1880
1710
1110
442
186
648
1421
1690
1137
127
-744
-994
-560
87
353
-29
-907
-1848
-2418
-2460
-2189
-2028
-2338
-3120
-4119
-5202
-6501
-8196
-9679
-8871
-4435
754
1595
-2528
-6757
-7318
-4842
-848
4157
8244
8320
4323
218
-245
2983
7256
9961
10079
8310
5999
3924
2525
2526
3871
4895
4311
3072
2309
1060
-1630
-3962
-3564
-1176
411
74
-1364
-3376
-5553
-6389
-4871
-2393
-1119
-1464
-2522
-3457
-3716
-3218
-2518
-1992
-1417
-715
-260
-263
-523
-659
-306
726
2229
3486
3640
2594
1403
1250
2208
3407
4093
4028
3207
1874
767
667
1466
2165
1952
1002
62
-464
-705
-800
-718
-561
-524
-574
-529
-412
-546
-1098
-1489
-909
337
1106
1070
752
333
-102
21
922
1956
2378
1919
896
86
12
495
1111
1505
1280
335
-839
-1563
-1455
-651
121
21
-981
-2105
-2732
-2848
-2635
-2341
-2387
-2998
-4067
-5428
-6927
-8455
-9662
-9017
-4974
416
2061
-1580
-6012
-6923
-4708
-1109
3666
8354
9711
6621
2234
476
2354
6065
9115
10137
9421
7694
5149
2459
1292
2150
3207
2992
2493
2639
1808
-1438
-5011
-5736
-3726
-1539
-468
-426
-1828
-4642
-6850
-6433
-3990
-1683
-596
-536
-1169
-2053
-2623
-2772
-2529
-1385
712
2427
2640
1903
1048
37
-641
333
2857
4854
4836
3314
1482
116
-146
960
2569
3275
2584
1137
-164
-716
-430
55
103
-12
190
284
-290
-1059
-1274
-1059
-828
-368
560
1188
550
-728
-984
60
1099
1536
1855
1895
1064
40
121
1180
1909
1676
893
140
-205
-7
455
691
419
-396
-1437
-1971
-1550
-625
-33
-178
-874
-1705
-2385
-2710
-2446
-1823
-1677
-2368
-3346
-4338
-5670
-7181
-8381
-9105
-8464
-4940
163
2255
-630
-4546
-5237
-3240
-473
3498
8274
10353
7891
4021
2563
3659
5525
7364
8882
9308
8122
5690
3006
1247
803
749
401
535
1424
1214
-1455
-4761
-6057
-5280
-3978
-2685
-1432
-1243
-2888
-5064
-5687
-4498
-2814
-1480
-443
347
642
138
-1107
-2107
-1578
293
1997
2847
3209
2824
1251
-290
-45
1586
2808
3059
2837
2100
815
-98
-14
396
434
373
581
802
701
294
-298
-879
-1069
-704
-88
532
1059
1055
211
-666
-525
313
793
858
1143
1589
1549
978
595
727
832
650
789
1407
1679
1140
221
-637
-1091
-748
159
802
714
-40
-1107
-1809
-1707
-1113
-507
-61
19
-451
-1266
-1930
-2056
-1778
-1608
-1681
-1857
-2370
-3325
-4134
-4556
-5209
-6514
-8020
-8486
-6486
-2354
1145
1762
24
-2327
-3691
-2412
1747
6235
8266
7863
6654
5342
4124
3929
5205
6652
6925
6443
6065
5262
3255
758
-896
-1475
-1443
-883
30
321
-876
-3149
-5156
-5749
-4675
-2829
-1653
-1753
-2481
-2982
-3045
-2844
-2436
-1738
-797
148
877
1209
918
40
-758
-708
226
1352
2044
2232
2150
1818
1146
418
97
294
937
1827
2339
1903
795
-301
-969
-883
69
1257
1789
1435
584
-316
-949
-1002
-249
947
1618
1306
624
144
-245
-427
59
882
1161
913
796
725
254
-181
78
625
681
350
172
137
-75
-363
-316
2
-23
-550
-879
-592
-246
-278
-302
-63
-51
-616
-1243
-1307
-948
-666
-487
-233
-287
-1155
-2459
-3257
-3313
-3313
-3828
-4634
-5281
-5788
-6139
-5630
-3692
-990
1091
1574
272
-1777
-2382
-142
3668
6373
6810
5919
4997
4491
4380
4641
4979
4821
4130
3686
3972
4257
3323
960
-1641
-3000
-2632
-1230
111
566
-192
-1891
-3651
-4445
-3914
-2606
-1376
-720
-666
-990
-1370
-1507
-1322
-943
-520
-152
26
-121
-528
-922
-1061
-890
-482
-15
218
58
-291
-443
-208
212
446
405
308
311
426
678
1017
1324
1608
1803
1656
1245
1035
1139
1247
1269
1297
1248
1026
721
472
365
347
227
-51
-237
-133
65
41
-197
-382
-382
-366
-499
-618
-488
-322
-489
-737
-504
30
207
23
-30
112
241
430
732
866
656
387
399
568
545
300
54
-144
-268
-111
250
245
-354
-995
-1160
-996
-776
-459
-199
-492
-1363
-2075
-2148
-1960
-1943
-1981
-1976
-2173
-2487
-2310
-1425
-410
141
115
-336
-852
-862
-183
665
1250
1721
2123
2082
1593
1243
1235
1110
769
846
1588
2218
1984
1146
404
-56
-392
-496
-229
99
129
0
3
44
-47
-145
-153
-264
-522
-623
-410
-146
-79
-94
-69
-207
-659
-1160
-1320
-1080
-661
-331
-257
-416
-624
-719
-604
-228
283
702
969
1186
1366
1423
1332
1159
1008
1019
1244
1483
1426
1104
907
954
863
469
171
176
167
5
-13
113
-60
-656
-1147
-1093
-777
-751
-992
-1052
-880
-824
-902
-792
-507
-391
-448
-336
-33
86
-26
62
452
650
448
287
431
554
519
669
1028
1100
734
351
198
149
197
435
648
563
246
-83
-279
-244
68
478
616
346
-56
-300
-334
-247
-142
-147
-459
-1015
-1479
-1800
-2135
-2383
-2432
-2403
-2336
-1960
-1167
-464
-359
-699
-1045
-1168
-956
-281
741
1562
1794
1625
1319
961
741
819
1008
1013
843
683
567
360
-63
-602
-956
-1008
-891
-733
-608
-605
-700
-741
-578
-232
59
17
-277
-394
-74
557
1142
1326
1101
749
484
450
692
943
940
785
672
646
714
819
806
644
479
375
334
385
543
732
707
264
-292
-430
-265
-324
-541
-508
-386
-631
-1099
-1300
-1175
-1081
-1135
-1026
-600
-214
-234
-537
-715
-551
-115
384
718
798
701
513
378
463
748
958
907
836
929
828
471
368
655
920
892
819
985
986
392
-178
-55
491
1028
1345
1244
792
154
-493
-724
-420
17
374
616
476
-130
-745
-944
-899
-917
-953
-942
-1014
-1167
-1293
-1496
-1987
-2771
-3603
-4181
-4289
-3923
-3152
-1949
-578
256
170
-425
-892
-930
-439
538
1596
2250
2501
2668
2768
2478
1701
824
333
339
556
713
780
714
360
-250
-806
-1096
-1217
-1254
-1027
-420
256
606
671
718
742
593
390
381
586
982
1630
2271
2353
1781
988
201
-529
-842
-460
276
818
887
452
-238
-774
-955
-835
-542
-329
-423
-635
-568
-254
-180
-596
-1116
-1162
-681
-177
-4
-16
-31
-137
-220
96
660
777
355
74
273
593
751
863
1017
984
565
107
187
665
844
631
516
573
497
367
403
418
209
81
360
896
1324
1477
1279
715
108
-58
227
573
769
791
506
-6
-354
-452
-667
-1081
-1276
-1037
-727
-725
-939
-1201
-1729
-2605
-3289
-3420
-3430
-3723
-4156
-4793
-5779
-6260
-4901
-1815
1189
2459
1917
648
-177
82
1282
2547
3140
3384
4093
5159
5607
4897
3410
1826
636
97
197
593
834
648
23
-984
-2182
-3027
-3024
-2372
-1747
-1520
-1523
-1365
-813
-53
436
401
14
-289
-66
758
1728
2402
2779
2930
2705
1971
916
19
-323
-159
237
710
1033
823
169
-340
-511
-801
-1462
-2049
-2013
-1391
-660
-87
314
323
-243
-953
-1137
-767
-243
378
1139
1610
1459
1099
1024
1042
845
644
714
929
1061
1063
967
670
104
-424
-496
-258
-162
-236
-274
-313
-337
-154
192
513
788
933
782
544
599
907
1154
1269
1333
1276
990
571
181
-206
-737
-1361
-1762
-1718
-1400
-1177
-1295
-1923
-3094
-4373
-5160
-5406
-5534
-5813
-6376
-7200
-7429
-5680
-1885
2036
4022
3704
2214
1060
1240
2569
3923
4619
5068
5770
6471
6642
6128
5041
3519
1806
277
-767
-1236
-1218
-977
-930
-1414
-2348
-3234
-3637
-3590
-3452
-3402
-3237
-2656
-1603
-422
394
667
653
690
880
1174
1597
2218
2942
3485
3574
3090
2129
1090
451
255
98
-201
-386
-281
-75
-64
-378
-925
-1480
-1881
-2055
-1954
-1641
-1280
-871
-285
363
727
726
666
794
1023
1171
1188
1143
1153
1312
1594
1804
1694
1168
470
-19
-189
-237
-308
-416
-610
-913
-1168
-1131
-763
-303
-43
-61
-220
-325
-228
227
1027
1790
2094
1977
1821
1771
1698
1587
1516
1375
1000
499
124
-153
-611
-1350
-2097
-2593
-2848
-2949
-2940
-2995
-3330
-3873
-4420
-5031
-5848
-6705
-7378
-7694
-7056
-4691
-994
2366
4147
4495
4226
4013
4153
4444
4400
4020
4041
5001
6359
7087
6896
6153
4879
2813
282
-1820
-2923
-3196
-3206
-3394
-3686
-3640
-3064
-2371
-2157
-2610
-3422
-3989
-3744
-2665
-1347
-318
485
1305
2035
2425
2548
2733
3063
3193
2851
2224
1669
1300
1135
1178
1153
634
-320
-1113
-1361
-1339
-1470
-1702
-1742
-1631
-1625
-1636
-1354
-744
-82
402
663
759
771
821
1077
1596
2123
2307
2158
1954
1782
1474
1024
597
230
-158
-466
-462
-228
-188
-550
-1077
-1464
-1628
-1594
-1425
-1227
-1058
-836
-424
163
744
1158
1440
1710
1972
2102
2146
2298
2521
2541
2308
2074
1876
1435
660
-165
-843
-1525
-2318
-2904
-3025
-3011
-3294
-3714
-3962
-4154
-4408
-4558
-4664
-4987
-5444
-5935
-6653
-7177
-6171
-3043
945
3994
5496
5911
5917
5986
6142
5874
4945
4087
4139
4854
5382
5466
5401
5138
4200
2375
56
-2077
-3572
-4497
-5222
-5820
-5842
-4937
-3512
-2426
-2074
-2119
-2116
-2013
-1942
-1897
-1715
-1196
-226
1033
2170
2953
3587
4268
4649
4184
2961
1730
986
542
62
-409
-702
-829
-827
-645
-408
-538
-1267
-2250
-2979
-3292
-3162
-2436
-1224
-20
907
1663
2321
2756
2815
2538
2242
2136
2035
1814
1679
1681
1647
1603
1551
1187
401
-471
-1168
-1680
-2018
-2187
-2217
-2151
-2066
-1992
-1759
-1259
-710
-369
-210
-103
26
342
1010
1832
2439
2768
2972
3109
3204
3268
3156
2718
2078
1436
793
71
-634
-1092
-1330
-1725
-2453
-3176
-3578
-3794
-3957
-3914
-3738
-3812
-4181
-4428
-4391
-4322
-4361
-4540
-5083
-5770
-5341
-2844
710
3407
4743
5594
6497
7197
7351
6789
5638
4521
3968
3767
3471
3277
3577
3947
3442
1847
-77
-1620
-2846
-4159
-5602
-6732
-6969
-6093
-4549
-3173
-2429
-2032
-1457
-744
-406
-544
-616
-298
146
553
1158
2079
3080
3884
4255
4104
3637
3085
2333
1165
-185
-1163
-1586
-1765
-1932
-1907
-1554
-1146
-1017
-1135
-1266
-1296
-1245
-1122
-866
-344
506
1475
2189
2486
2650
2990
3313
3217
2717
2165
1682
1236
865
529
115
-257
-429
-590
-984
-1448
-1708
-1861
-2222
-2786
-3130
-2913
-2266
-1556
-947
-401
110
566
966
1318
1672
2084
2530
2848
2937
2924
2970
3015
2874
2512
2029
1472
799
23
-758
-1514
-2257
-2839
-3134
-3304
-3507
-3597
-3463
-3290
-3260
-3362
-3434
-3259
-2921
-2857
-3181
-3584
-4043
-4642
-4626
-3052
-331
2098
3567
4674
5999
7214
7637
7091
5927
4676
3785
3288
2870
2499
2420
2421
1970
1056
100
-705
-1519
-2674
-4351
-6059
-6854
-6443
-5503
-4770
-4209
-3300
-1950
-750
-97
309
714
919
897
892
981
1192
1671
2290
2749
3148
3750
4256
3954
2670
1115
40
-605
-1333
-2190
-2716
-2680
-2312
-1834
-1302
-805
-413
-14
383
585
640
801
980
922
804
1071
1784
2515
2841
2744
2483
2159
1692
1074
407
-238
-754
-1085
-1349
-1571
-1583
-1484
-1640
-2019
-2107
-1680
-1117
-826
-858
-1043
-1108
-780
-77
736
1490
2162
2656
2901
2999
3081
3161
3159
2964
2517
1897
1289
877
605
156
-636
-1477
-2007
-2252
-2500
-2881
-3264
-3436
-3384
-3274
-3143
-2898
-2640
-2582
-2649
-2615
-2544
-2665
-3001
-3550
-4271
-4535
-3466
-1249
967
2613
4058
5538
6741
7374
7328
6552
5294
4053
3036
2138
1474
1324
1416
1098
325
-321
-679
-1261
-2358
-3676
-4837
-5645
-6002
-5988
-5780
-5282
-4185
-2611
-1121
-11
888
1635
2029
2023
1880
1848
1920
1960
1992
2261
2950
3819
4325
4112
3321
2386
1573
767
-246
-1383
-2322
-2843
-2997
-2895
-2527
-1869
-1097
-530
-268
-95
237
664
874
732
521
631
1110
1643
1997
2236
2441
2426
1986
1288
695
271
-267
-1042
-1740
-1994
-1832
-1585
-1491
-1504
-1432
-1182
-870
-698
-722
-760
-643
-408
-129
307
1003
1746
2207
2374
2557
2888
3174
3205
3006
2685
2271
1778
1252
688
63
-576
-1158
-1679
-2124
-2431
-2595
-2724
-2898
-3060
-3089
-2890
-2551
-2375
-2514
-2684
-2671
-2756
-3154
-3650
-4177
-4782
-4799
-3415
-1078
991
2513
4045
5645
6845
7428
7329
6474
5225
4103
3052
1876
993
751
653
171
-417
-703
-918
-1514
-2531
-3733
-4915
-5788
-6102
-6018
-5868
-5487
-4464
-2912
-1335
96
1417
2412
2880
2999
3038
3016
2901
2743
2562
2450
2705
3429
4112
4111
3480
2739
2027
1063
-218
-1520
-2616
-3479
-4065
-4239
-3931
-3263
-2447
-1612
-790
-17
609
948
911
708
723
1011
1252
1334
1469
1765
2112
2430
2663
2660
2299
1578
632
-316
-1012
-1373
-1621
-1984
-2337
-2313
-1803
-1108
-638
-531
-608
-620
-498
-334
-140
135
446
709
1013
1547
2324
3172
3841
4111
3904
3370
2724
2042
1349
730
195
-377
-1024
-1572
-1866
-1955
-2008
-2152
-2398
-2681
-2929
-3105
-3142
-3002
-2835
-2811
-2844
-2747
-2613
-2651
-2805
-2981
-3351
-3824
-3637
-2278
-387
1095
2170
3405
4908
6258
6992
6864
6037
4974
3879
2641
1412
594
154
-385
-1080
-1453
-1337
-1233
-1615
-2426
-3334
-4044
-4398
-4534
-4726
-4870
-4530
-3577
-2287
-829
743
2135
3042
3573
3986
4258
4186
3747
3057
2351
2016
2262
2776
2993
2747
2296
1839
1279
465
-570
-1667
-2706
-3613
-4286
-4579
-4360
-3702
-2932
-2248
-1418
-289
735
1172
1172
1216
1427
1619
1747
1885
2038
2184
2303
2325
2237
2109
1848
1280
478
-268
-837
-1339
-1854
-2299
-2519
-2410
-2009
-1486
-1088
-937
-878
-685
-350
32
468
943
1373
1757
2191
2651
3032
3267
3370
3386
3324
3121
2735
2198
1576
949
373
-177
-777
-1461
-2182
-2774
-3070
-3118
-3134
-3169
-3114
-3001
-2948
-2917
-2812
-2672
-2575
-2595
-2850
-3270
-3542
-3660
-3914
-4033
-3234
-1532
204
1609
3105
4803
6249
7095
7213
6558
5438
4321
3187
1819
559
-87
-360
-805
-1303
-1415
-1268
-1345
-1803
-2467
-3160
-3767
-4274
-4765
-5122
-4948
-4063
-2810
-1503
-56
1552
2957
3868
4380
4624
4524
4046
3335
2622
2149
2074
2274
2388
2215
1889
1620
1343
796
-169
-1419
-2679
-3689
-4343
-4653
-4612
-4183
-3452
-2588
-1554
-248
1108
2035
2340
2273
2103
1881
1619
1419
1345
1357
1418
1534
1717
1943
2079
1950
1464
737
-51
-787
-1410
-1898
-2306
-2595
-2579
-2210
-1728
-1349
-990
-494
74
517
792
999
1170
1277
1414
1690
2055
2405
2735
2999
3101
3085
3009
2734
2120
1294
493
-222
-938
-1661
-2286
-2750
-3076
-3211
-3111
-2910
-2804
-2790
-2708
-2515
-2337
-2329
-2488
-2631
-2623
-2559
-2579
-2672
-2868
-3275
-3578
-3095
-1740
-222
1035
2293
3717
5077
6133
6647
6400
5600
4667
3595
2263
1083
456
40
-623
-1269
-1405
-1164
-1048
-1292
-1827
-2473
-3004
-3346
-3666
-4025
-4131
-3737
-2948
-1932
-682
775
2190
3288
3963
4248
4239
4010
3517
2756
2029
1725
1754
1669
1306
947
827
781
463
-276
-1242
-2147
-2894
-3518
-3915
-3895
-3486
-2897
-2159
-1131
110
1177
1789
2006
2036
2014
1980
1876
1622
1310
1160
1242
1432
1600
1664
1580
1350
1017
612
134
-419
-1027
-1626
-2095
-2313
-2244
-1995
-1745
-1540
-1245
-732
-88
458
781
968
1161
1386
1596
1821
2114
2431
2636
2684
2695
2739
2678
2311
1670
1005
499
77
-431
-1082
-1816
-2484
-2980
-3181
-3152
-3087
-3080
-3106
-2969
-2684
-2349
-2098
-2043
-2131
-2280
-2299
-2276
-2423
-2747
-3162
-3500
-3462
-2631
-1221
106
1285
2665
4276
5630
6396
6530
6030
5205
4230
3096
1834
726
-45
-717
-1227
-1354
-1123
-965
-1137
-1553
-2095
-2534
-2864
-3168
-3551
-3839
-3811
-3420
-2601
-1467
-158
1103
2229
3113
3729
4177
4342
4050
3258
2427
1911
1664
1495
1206
865
580
395
176
-228
-781
-1442
-2148
-2734
-2992
-2877
-2556
-2213
-1823
-1204
-314
638
1385
1829
2024
2059
2006
1912
1791
1630
1447
1301
1244
1259
1280
1239
1081
794
429
51
-321
-740
-1220
-1703
-2098
-2318
-2319
-2140
-1885
-1601
-1233
-733
-169
347
788
1208
1587
1844
2003
2141
2196
2101
2003
2067
2203
2194
1955
1570
1173
803
374
-164
-740
-1321
-1941
-2528
-2913
-3075
-3159
-3264
-3318
-3208
-2910
-2475
-2052
-1813
-1785
-1794
-1722
-1666
-1755
-1984
-2339
-2795
-3083
-2796
-1890
-723
475
1778
3179
4477
5482
6037
5996
5402
4461
3317
2095
1007
128
-672
-1378
-1741
-1671
-1412
-1216
-1192
-1371
-1679
-1990
-2301
-2675
-3006
-3111
-2932
-2476
-1694
-645
492
1580
2542
3290
3772
3988
3859
3324
2574
1957
1566
1203
751
299
-18
-161
-184
-212
-389
-740
-1162
-1523
-1727
-1767
-1744
-1745
-1672
-1355
-810
-190
415
984
1460
1797
2028
2171
2177
2013
1713
1353
1047
899
867
789
555
237
-13
-156
-311
-555
-867
-1224
-1613
-1959
-2183
-2271
-2201
-1967
-1581
-1034
-357
326
953
1525
1960
2206
2365
2438
2286
1965
1739
1731
1801
1760
1557
1291
1053
819
529
148
-363
-1006
-1705
-2335
-2802
-3069
-3198
-3325
-3417
-3279
-2864
-2356
-1838
-1297
-891
-742
-718
-672
-762
-1052
-1487
-2107
-2695
-2870
-2460
-1773
-934
169
1435
2768
4001
4882
5065
4701
4139
3322
2264
1222
407
-402
-1154
-1511
-1489
-1272
-1005
-814
-877
-1064
-1110
-1139
-1368
-1733
-2039
-2238
-2203
-1731
-885
25
840
1596
2275
2841
3259
3403
3109
2477
1830
1371
1031
707
452
314
224
181
243
293
163
-134
-518
-944
-1299
-1533
-1744
-1910
-1843
-1522
-1071
-488
229
901
1400
1766
2004
2037
1874
1583
1171
681
296
125
46
-57
-114
-53
-9
-102
-307
-575
-897
-1240
-1547
-1783
-1890
-1837
-1662
-1346
-831
-195
402
925
1419
1832
2079
2189
2236
2202
2024
1780
1623
1560
1450
1237
1013
814
554
210
-129
-448
-849
-1374
-1909
-2329
-2609
-2797
-2917
-2928
-2779
-2484
-2094
-1622
-1104
-650
-335
-161
-118
-189
-348
-595
-998
-1545
-2032
-2217
-2083
-1831
-1542
-1051
-227
773
1658
2296
2729
2983
3005
2756
2278
1711
1154
581
10
-393
-525
-531
-557
-554
-473
-379
-317
-317
-409
-557
-676
-779
-870
-821
-549
-166
211
621
1117
1615
1966
2068
1941
1744
1583
1355
957
532
254
98
-17
-48
25
64
-47
-242
-393
-488
-597
-759
-937
-1057
-1043
-874
-574
-188
227
602
889
1084
1169
1126
976
781
568
313
33
-198
-336
-399
-413
-385
-368
-429
-535
-588
-574
-576
-624
-684
-739
-781
-756
-594
-282
114
495
807
1096
1412
1728
1978
2106
2051
1810
1474
1179
937
667
329
-13
-283
-467
-590
-715
-903
-1156
-1423
-1665
-1863
-1992
-2058
-2094
-2047
-1826
-1420
-943
-512
-168
107
327
469
465
295
41
-224
-522
-854
-1128
-1282
-1332
-1317
-1249
-1105
-860
-569
-346
-205
-56
102
217
327
483
608
648
685
794
902
924
874
799
698
592
520
482
440
379
326
329
381
449
518
607
707
792
846
874
861
791
659
518
433
402
377
351
355
375
361
309
256
208
127
-11
-193
-381
-532
-615
-636
-625
-603
-552
-454
-324
-217
-133
-16
113
177
171
179
227
255
220
136
27
-95
-220
-331
-401
-405
-341
-238
-146
-70
15
100
149
158
147
133
150
237
367
497
624
732
790
822
856
853
768
586
316
27
-189
-307
-375
-435
-518
-573
-551
-514
-518
-512
-514
-621
-785
-894
-997
-1122
-1156
-1069
-952
-764
-425
-57
210
450
708
840
790
686
578
399
159
-78
-299
-477
-583
-675
-785
-878
-929
-955
-952
-927
-904
-860
-776
-669
-564
-475
-396
-288
-145
-11
90
170
229
289
379
478
562
649
761
879
980
1039
1055
1057
1057
1011
918
829
780
756
743
737
736
733
707
651
586
512
395
223
49
-59
-86
-79
-94
-126
-150
-160
-170
-188
-232
-323
-470
-630
-729
-709
-588
-451
-343
-252
-140
-18
102
199
229
152
0
-125
-167
-172
-189
-220
-224
-182
-99
8
101
152
175
208
275
378
486
558
565
539
536
546
510
385
199
-6
-200
-360
-461
-501
-502
-498
-508
-513
-488
-455
-465
-534
-618
-672
-703
-717
-709
-668
-600
-497
-360
-190
-3
184
351
466
536
589
619
598
536
466
389
300
206
124
65
20
-41
-127
-207
-284
-396
-530
-643
-737
-829
-891
-891
-849
-792
-715
-600
-466
-334
-214
-99
31
180
316
420
497
546
570
579
569
526
470
443
461
496
523
545
567
588
602
602
594
575
514
401
279
194
133
66
8
-4
28
73
126
183
213
186
119
52
-7
-84
-183
-275
-339
-365
-353
-307
-236
-163
-101
-46
20
80
110
119
132
130
93
36
-26
-88
-140
-176
-187
-178
-153
-120
-78
-14
68
150
202
226
263
335
412
441
412
356
311
281
240
167
72
-47
-207
-383
-505
-540
-540
-567
-616
-638
-599
-498
-387
-323
-316
-329
-330
-308
-254
-178
-121
-99
-81
-27
70
178
254
285
286
275
261
248
219
156
73
-2
-51
-79
-104
-154
-242
-332
-377
-379
-363
-339
-305
-271
-241
-213
-175
-129
-73
-22
12
46
119
228
346
452
522
543
527
484
398
272
152
65
5
-36
-49
-36
-3
62
185
360
536
640
661
656
647
598
477
290
68
-150
-324
-424
-461
-464
-444
-399
-316
-190
-42
88
172
208
203
169
118
41
-59
-158
-224
-233
-192
-132
-73
-2
81
144
171
167
131
54
-39
-117
-163
-183
-195
-215
-236
-231
-184
-121
-71
-41
-21
10
74
157
213
231
237
229
186
117
57
-3
-101
-249
-402
-503
-539
-531
-490
-406
-275
-122
23
146
249
322
342
311
246
175
113
67
42
51
101
172
232
248
213
138
43
-74
-222
-376
-494
-559
-559
-485
-360
-231
-119
-22
47
57
-4
-114
-230
-335
-419
-453
-421
-332
-205
-44
131
296
436
521
532
489
429
365
288
204
135
107
133
197
266
319
359
376
361
318
260
187
91
-16
-92
-104
-60
-4
43
93
155
215
264
278
227
102
-64
-242
-402
-517
-575
-586
-558
-491
-384
-238
-74
70
157
183
168
136
100
71
51
25
-6
-5
49
134
192
201
170
123
71
-1
-99
-191
-243
-252
-217
-147
-73
-14
41
89
111
122
146
174
168
144
133
149
165
143
66
-44
-149
-239
-337
-452
-534
-545
-491
-381
-221
-40
123
261
373
426
400
316
206
79
-34
-95
-106
-88
-52
-1
50
87
91
53
-31
-142
-258
-363
-440
-474
-461
-413
-336
-238
-136
-51
5
28
25
10
-6
-18
-13
11
53
114
194
270
314
327
323
307
286
258
222
188
176
185
208
224
219
199
188
182
160
123
96
84
83
92
116
164
224
270
290
294
275
221
141
44
-77
-209
-328
-414
-474
-516
-549
-545
-482
-368
-245
-132
-33
60
140
193
206
177
112
27
-64
-153
-219
-234
-199
-146
-85
4
123
243
331
364
339
273
180
59
-84
-212
-298
-336
-313
-222
-91
38
155
257
309
298
232
116
-38
-195
-320
-398
-422
-390
-319
-219
-110
-17
46
76
67
26
-23
-57
-68
-49
-2
67
148
234
309
358
369
332
248
132
-4
-153
-296
-409
-478
-507
-495
-437
-346
-251
-165
-94
-45
-25
-25
-27
-25
-24
-17
7
46
80
100
122
159
201
226
229
226
232
240
244
248
263
268
262
246
235
223
203
172
143
129
136
154
172
180
184
181
171
146
112
68
25
-11
-32
-35
-31
-34
-57
-91
-125
-157
-200
-257
-315
-353
-362
-342
-299
-245
-190
-139
-91
-47
-16
-6
-22
-53
-80
-88
-72
-44
-17
12
44
82
111
120
102
65
21
-15
-33
-35
-25
-9
14
46
76
90
84
62
30
2
-19
-31
-39
-43
-47
-49
-50
-47
-48
-61
-80
-102
-120
-131
-139
-139
-131
-117
-98
-71
-38
0
39
74
114
157
194
215
222
215
197
157
102
34
-43
-120
-195
-258
-297
-304
-280
-239
-194
-145
-96
-47
-5
22
45
63
74
84
99
128
162
189
204
209
205
190
162
125
80
33
-10
-37
-42
-20
21
76
140
209
272
315
327
310
261
188
101
11
-66
-121
-148
-148
-123
-74
-13
43
81
89
69
24
-39
-112
-182
-239
-273
-277
-255
-206
-146
-81
-24
22
54
70
70
54
28
-5
-39
-67
-84
-98
-110
-116
-107
-85
-58
-34
-6
25
53
76
92
104
105
92
69
43
18
-4
-23
-44
-64
-74
-68
-50
-35
-28
-22
-13
-6
-5
-9
-17
-29
-46
-59
-66
-65
-63
-57
-53
-44
-31
-16
-4
-6
-16
-28
-37
-43
-46
-42
-26
-2
35
83
132
165
175
164
132
89
34
-28
-97
-158
-204
-221
-209
-177
-136
-92
-46
0
42
76
100
111
112
111
114
121
128
130
128
126
129
136
142
139
126
107
86
65
46
28
13
6
11
30
59
91
116
129
126
106
72
29
-17
-59
-92
-112
-115
-102
-78
-55
-39
-34
-41
-59
-86
-120
-151
-177
-183
-174
-147
-106
-57
-8
38
74
97
107
99
82
55
26
0
-20
-36
-47
-48
-46
-37
-27
-18
-10
-5
0
7
15
20
19
13
3
-8
-18
-28
-39
-51
-58
-57
-49
-37
-24
-13
-8
-4
-1
-1
-5
-18
-31
-41
-44
-38
-29
-20
-12
-3
8
17
24
23
16
5
-5
-10
-9
-4
3
7
14
24
32
35
30
17
-2
-20
-37
-52
-65
-76
-85
-85
-79
-68
-57
-48
-40
-32
-24
-13
2
18
38
63
95
133
172
210
240
259
264
257
232
195
149
100
54
16
-11
-26
-31
-24
-12
5
18
26
24
12
-5
-27
-50
-68
-77
-76
-71
-54
-33
-10
9
23
28
24
14
-5
-29
-56
-80
-98
-106
-107
-96
-77
-52
-22
7
31
44
43
31
7
-23
-59
-92
-117
-128
-122
-96
-56
-11
37
78
107
116
107
80
40
-5
-45
-73
-84
-77
-56
-23
12
43
63
67
51
21
-21
-67
-109
-142
-160
-162
-146
-115
-75
-33
8
40
67
82
89
84
75
61
44
31
22
20
22
30
42
56
73
87
95
94
84
67
44
19
-7
-32
-56
-76
-88
-94
-95
-96
-98
-102
-107
-110
-112
-110
-105
-96
-80
-60
-33
-7
20
42
64
85
109
127
141
153
162
166
167
159
142
119
94
72
54
39
29
27
28
35
42
49
48
43
33
16
1
-12
-21
-25
-23
-15
-3
13
25
30
25
14
-2
-20
-35
-47
-54
-55
-45
-31
-16
-6
-3
-9
-26
-49
-73
-96
-114
-122
-118
-107
-88
-65
-42
-20
-3
7
10
8
1
-7
-15
-20
-21
-19
-12
-4
5
15
21
22
20
11
-2
-18
-38
-55
-72
-85
-94
-97
-94
-86
-71
-54
-36
-17
-1
15
24
31
36
37
40
43
45
50
55
60
63
64
61
55
46
36
27
22
18
19
24
28
33
35
31
22
6
-14
-37
-60
-80
-93
-97
-93
-79
-56
-28
2
31
55
74
85
94
96
96
98
101
104
107
109
107
100
87
70
48
24
2
-18
-34
-43
-44
-39
-30
-20
-11
-3
1
1
-1
-4
-5
-9
-10
-6
-2
3
8
11
14
11
4
-7
-20
-34
-45
-50
-53
-52
-50
-46
-45
-45
-47
-51
-59
-65
-72
-78
-81
-78
-70
-58
-40
-21
-3
11
22
27
27
23
16
8
1
-3
-3
1
8
18
29
35
39
34
25
11
-6
-24
-39
-49
-55
-54
-50
-42
-34
-25
-18
-14
-12
-12
-13
-16
-13
-8
-1
10
25
39
51
62
69
69
65
57
45
35
22
16
14
15
22
29
36
40
38
31
18
4
-15
-32
-47
-54
-56
-51
-38
-19
3
26
47
64
76
82
87
85
83
82
81
83
88
92
98
102
101
97
85
69
45
18
-9
-37
-60
-77
-86
-90
-86
-77
-66
-56
-47
-44
-50
-58
-70
-84
-94
-103
-105
-98
-87
-69
-50
-30
-15
-2
3
0
-9
-23
-41
-56
-68
-75
-73
-65
-50
-35
-17
0
14
23
28
27
23
17
10
5
3
5
12
19
29
39
49
54
57
59
55
50
45
37
32
27
22
20
19
16
15
13
9
6
-1
-7
-16
-24
-31
-38
-42
-43
-39
-29
-17
-4
12
25
37
44
45
43
36
26
13
3
-6
-9
-10
-5
3
15
26
33
38
36
29
19
6
-9
-20
-27
-30
-27
-18
-7
7
20
30
36
38
36
33
30
32
36
44
53
64
73
83
86
84
77
63
44
24
3
-16
-32
-45
-53
-57
-60
-62
-64
-67
-70
-76
-82
-85
-88
-86
-79
-72
-62
-48
-39
-28
-21
-17
-14
-14
-16
-17
-18
-19
-19
-17
-16
-12
-11
-7
-8
-9
-12
-18
-23
-27
-31
-31
-31
-27
-21
-14
-6
0
6
10
14
16
16
16
20
23
27
31
36
40
42
43
42
37
33
28
23
17
14
11
10
12
13
13
14
13
11
8
5
1
-1
1
3
8
13
19
25
30
34
39
39
38
35
31
28
23
22
18
18
18
17
17
16
15
14
10
7
3
0
-3
-5
-6
-6
-7
-5
-4
-3
-1
-1
0
2
2
2
2
2
-1
-3
-4
-7
-9
-12
-13
-16
-19
-20
-21
-23
-25
-29
-31
-35
-38
-41
-44
-45
-46
-45
-44
-41
-37
-31
-26
-20
-15
-10
-6
-4
-2
-1
0
2
4
6
8
9
10
11
11
10
7
5
1
-3
-5
-7
-9
-7
-7
-5
-4
-4
-4
-4
-5
-5
-6
-5
-4
-3
-1
1
5
10
14
19
23
25
25
24
22
22
19
18
16
15
15
15
16
18
19
20
20
21
19
16
11
8
4
0
-2
-4
-6
-4
-1
2
5
9
12
14
17
15
15
12
11
8
7
8
9
10
14
15
17
16
15
12
9
3
-3
-7
-9
-11
-11
-12
-11
-11
-11
-13
-13
-17
-22
-26
-33
-38
-41
-41
-37
-33
-28
-22
-16
-11
-8
-7
-4
-4
-5
-7
-10
-11
-11
-12
-10
-10
-8
-7
-6
-6
-5
-4
-4
-5
-3
-3
-1
-1
0
1
2
2
1
1
0
-1
-1
-3
-2
-3
-4
-2
0
0
2
2
5
6
8
8
9
9
12
11
14
14
14
15
14
15
16
15
17
17
18
18
18
17
15
13
11
9
4
3
0
-1
-1
-1
1
3
7
11
13
17
19
19
20
19
17
15
13
10
9
9
8
8
7
6
5
2
0
0
-3
-4
-4
-6
-7
-7
-9
-9
-10
-10
-11
-12
-13
-14
-16
-18
-18
-18
-18
-18
-17
-14
-12
-11
-8
-8
-7
-8
-8
-10
-13
-15
-15
-17
-15
-13
-12
-9
-7
-4
-2
-1
0
0
0
0
0
0
-1
1
2
2
3
4
6
7
6
8
7
6
4
1
0
-1
0
-1
0
0
0
1
-1
0
-1
-1
-3
-5
-6
-8
-10
-10
-8
-6
-5
-2
1
2
3
6
8
11
11
11
11
11
10
12
12
15
16
17
18
17
19
18
17
16
16
14
11
10
9
8
7
6
7
7
7
5
4
3
2
1
0
0
0
-1
-1
0
-1
0
0
-1
-1
-2
-2
-3
-4
-4
-4
-6
-7
-8
-8
-8
-7
-7
-7
-7
-9
-11
-12
-13
-14
-15
-13
-15
-15
-16
-14
-14
-12
-12
-11
-11
-10
-10
-8
-8
-6
-5
-1
1
2
4
5
6
6
6
7
5
4
4
4
4
5
5
6
6
5
4
4
5
6
7
6
7
6
5
4
5
3
3
3
1
0
-1
-1
-4
-2
-3
-2
-2
-2
-1
-2
-2
-2
-3
-4
-4
-3
-3
-3
-2
-1
0
2
2
3
3
3
4
4
5
6
5
5
5
5
4
4
4
3
2
2
1
1
1
1
3
3
5
5
6
8
9
8
10
10
8
6
6
4
2
0
0
-2
-1
-3
-1
-2
-2
-1
-1
-1
0
0
1
0
0
0
0
1
1
1
1
0
0
0
0
-2
-2
-4
-4
-4
-5
-6
-7
-7
-8
-9
-9
-9
-10
-9
-8
-7
-7
-7
-7
-5
-4
-3
-2
-1
-1
-1
0
-1
0
1
0
0
-1
-2
-2
-3
-3
-2
-1
-1
-2
0
0
-1
1
2
2
3
3
2
2
1
2
2
3
5
5
6
5
4
4
2
4
3
3
2
3
4
4
6
7
7
7
7
7
8
7
7
8
7
7
5
4
4
3
3
2
2
2
0
-2
-5
-4
-5
-4
-4
-4
-4
-4
-2
-3
-2
0
0
0
1
1
0
-1
-1
0
-1
-2
-2
-2
-1
-1
0
-2
-1
-1
-3
-4
-3
-5
-2
-2
-1
1
0
0
0
0
0
1
2
3
1
1
0
1
1
0
0
1
1
-1
0
-1
1
1
1
2
1
2
1
1
1
2
1
0
1
1
0
0
2
1
0
-1
-2
-4
-4
-3
-3
-3
-2
-3
-1
-2
-1
-1
1
0
1
1
0
-1
0
0
1
1
2
3
3
2
2
2
2
3
3
2
1
0
-1
1
0
1
2
2
4
3
3
3
3
3
2
1
0
0
0
0
1
1
1
1
0
1
0
0
1
2
1
1
1
1
0
1
2
4
3
3
3
2
1
0
0
0
0
0
0
0
-1
0
-1
-1
-1
-1
-1
-3
-2
-1
-2
-2
-2
-1
-1
-1
0
0
1
2
2
1
1
0
0
0
1
1
0
1
0
-1
-3
-2
-3
-3
-3
-2
-2
-1
-1
1
1
1
2
1
-1
1
0
0
1
2
2
3
1
1
0
0
0
0
1
0
0
0
0
-1
1
0
1
1
1
1
1
1
1
1
1
1
1
1
1
1
2
1
1
2
1
2
1
0
1
0
0
0
0
1
2
1
3
2
1
1
2
1
1
0
0
0
1
-1
-3
-2
-3
-2
-2
-3
-2
0
-1
-2
-1
-1
-1
0
0
0
0
-1
1
1
2
3
4
3
2
-1
0
0
0
1
1
1
1
0
0
0
-1
0
0
0
0
0
0
0
1
1
0
1
0
1
0
1
1
1
1
1
0
1
0
1
0
0
0
0
0
-1
0
-1
0
-1
0
0
0
0
-1
0
-1
0
1
0
0
0
0
0
0
1
0
0
0
0
0
0
-1
0
0
0
0
0
0
0
0
1
0
1
1
0
0
0
0
0
0
0
0
0
0
1
0
1
0
0
0
0
0
0
0
1
0
0
0
1
0
1
1
0
0
0
0
-1
0
0
1
0
0
0
0
0
0
0
1
1
1
1
1
1
0
1
2
2
2
1
0
0
0
0
-1
1
2
1
1
0
0
0
0
0
-1
1
0
0
0
1
0
1
0
0
1
0
0
0
0
-1
-1
0
-2
-2
-2
-1
-2
-3
-2
-2
-3
-1
0
-1
1
2
1
1
1
1
1
1
2
2
2
3
2
1
1
1
0
0
0
0
0
1
-1
-1
1
1
2
2
0
1
1
2
0
2
2
3
1
-1
0
1
2
0
1
1
1
0
0
-1
-1
-1
-1
-1
-1
-1
-1
0
-1
0
0
0
0
1
0
0
0
0
0
0
0
0
-1
0
0
0
-1
0
0
1
0
-1
0
0
1
1
2
3
3
2
2
1
2
2
1
2
1
1
1
-1
0
0
0
0
0
0
1
0
0
0
0
0
1
0
0
0
0
0
0
0
-1
1
-1
0
-1
0
0
0
0
-1
1
1
0
0
-1
-2
-1
-1
0
2
2
1
0
0
-1
0
0
1
2
2
2
1
0
0
-1
0
0
0
1
-1
0
0
0
0
1
-1
-1
0
-1
0
2
2
3
2
1
0
-1
-1
0
0
1
2
0
0
-1
0
0
-1
0
0
0
0
-1
0
0
0
0
0
1
0
0
0
0
0
0
0
-1
0
0
0
0
0
0
-1
0
0
0
0
0
0
-1
0
-1
0
0
0
0
1
0
0
0
0
0
0
0
0
0
0
0
0
1
0
0
0
0
1
0
-1
0
1
0
0
0
0
0
0
0
-1
-1
0
0
0
1
0
-1
0
0
-1
0
0
0
-1
0
0
1
0
0
0
0
0
0
1
0
0
0
0
1
0
0
0
1
1
0
0
0
0
0
0
1
0
1
0
0
0
1
0
0
0
-1
1
1
0
-1
0
0
0
0
0
0
0
0
0
0
0
1
0
1
0
0
0
0
0
-1
0
1
0
0
-1
0
-1
0
0
-1
0
0
0
0
0
0
0
0
0
0
0
0
0
0
0
0
0
0
0
0
0
0
0
0
0
0
0
0
0
0
0
0
0
-1
0
0
0
0
0
0
0
-1
0
0
0
0
0
0
0
0
0
0
0
0
0
0
0
0
0
0
0
0
0
0
1
-1
0
0
0
0
0
0
0
1
0
0
0
0
0
-1
0
0
0
0
0
0
0
0
0
0
-1
-1
-1
-1
0
-1
0
0
0
0
0
0
-1
-1
0
-1
0
0
0
-1
0
0
0
0
0
0
0
1
0
0
0
0
0
0
0
0
0
0
1
1
0
0
0
0
0
0
0
0
0
0
0
1
0
0
0
0
0
1
1
0
0
0
0
0
-1
0
0
0
0
0
0
1
0
0
1
0
0
0
1
0
0
1
0
1
1
0
0
0
0
0
0
0
0
0
0
1
0
1
1
-1
0
0
0
0
0
0
0
0
0
0
0
1
0
0
1
0
0
0
1
0
0
0
-1
0
0
0
0
0
0
0
0
0
0
1
0
0
0
-1
-1
0
0
0
0
0
0
0
0
0
0
-1
0
1
0
0
0
0
0
0
0
-1
0
1
0
0
0
0
-1
0
-1
-1
0
0
0
0
1
0
0
0
0
0
0
0
0
1
1
0
1
-1
0
0
0
0
0
0
0
0
0
0
0
0
0
0
0
0
0
0
0
0
0
0
0
0
0
0
0
0
-1
1
0
1
0
0
1
0
0
0
0
0
1
-1
0
0
0
0
0
1
0
0
-1
0
0
0
0
1
0
0
1
-1
-1
0
0
0
0
0
0
0
0
0
0
0
-1
0
0
0
1
0
0
0
0
1
0
-1
-1
0
0
0
-1
0
0
0
0
0
-1
0
0
0
0
-1
0
0
0
0
0
0
0
0
0
0
0
0
0
0
-1
0
0
0
0
0
0
0
0
0
1
0
-1
0
0
0
0
0
0
0
0
0
0
0
0
0
0
0
0
0
0
0
-1
0
0
0
0
0
0
0
0
0
0
0
0
0
1
0
0
0
0
0
0
0
1
0
0
0
1
1
0
0
0
-1
1
1
0
0
0
0
0
0
0
1
0
0
0
1
0
0
0
0
0
-1
0
0
0
0
0
0
0
0
0
0
-1
-1
-1
0
0
0
0
-1
0
0
0
0
0
0
0
0
0
1
0
1
0
0
0
0
0
0
1
-1
0
1
-1
0
0
0
0
0
0
0
-1
0
0
0
-1
0
-1
0
0
0
0
0
-1
0
0
0
0
0
0
-1
0
0
0
0
0
0
0
0
-1
-1
0
0
0
0
0
1
0
0
0
0
0
-1
0
0
0
0
0
0
0
0
0
1
0
1
0
0
1
-1
1
0
0
0
-1
-1
0
0
0
-1
0
-1
0
0
0
-1
0
0
0
0
1
0
0
0
0
0
0
1
0
1
0
0
0
0
0
0
1
0
0
0
1
1
0
0
0
0
0
0
0
0
-1
1
0
0
0
0
0
0
0
1
0
0
-1
0
0
0
-1
-1
0
0
1
0
-1
0
0
0
0
0
0
-1
-1
0
0
-1
1
0
1
0
0
0
0
0
0
1
0
0
0
-1
0
0
0
0
0
1
-1
0
0
0
0
0
0
0
0
0
1
0
0
0
0
0
0
-1
0
0
-1
0
0
-1
0
0
0
0
0
0
0
0
1
0
0
-1
1
0
0
-1
-1
0
0
0
1
-1
0
0
0
-1
1
0
0
0
1
-1
0
0
0
0
0
0
0
0
0
0
0
-1
0
0
0
0
0
0
0
0
0
0
1
-1
0
0
-1
1
0
0
0
0
0
0
0
0
0
0
0
0
0
0
-1
0
0
0
0
0
0
0
-1
0
0
0
-1
0
0
-1
-1
0
0
0
0
0
1
1
-1
0
-1
0
0
0
0
0
0
0
0
1
0
0
0
0
-1
1
0
0
1
0
0
0
0
0
1
1
0
0
0
0
0
-1
0
-1
1
0
1
0
0
1
0
0
1
0
0
0
1
-1
-1
1
0
0
0
-1
0
0
1
0
0
0
0
0
0
-1
0
0
0
-1
0
0
1
1
-1
0
0
0
0
0
0
0
0
0
-1
1
0
0
1
0
0
0
0
1
-1
0
0
0
0
-1
1
0
0
-1
0
0
0
0
0
-1
0
-1
1
0
0
1
0
0
0
0
0
0
0
0
-1
0
0
0
1
0
1
0
0
0
0
-1
0
0
1
1
0
0
0
-1
-1
0
0
0
-1
0
0
1
0
1
0
0
1
0
0
1
0
0
0
0
0
0
0
0
0
0
0
-1
1
0
0
0
0
0
0
0
0
0
0
-1
0
-1
0
0
0
0
0
-1
0
0
0
1
0
0
0
0
0
0
0
0
0
-1
1
1
-1
0
0
0
0
0
0
0
0
0
0
0
0
0
-1
0
0
0
0
0
0
0
0
-1
0
0
0
0
-1
0
-1
0
0
0
0
0
-1
0
0
-1
0
0
0
1
0
0
0
0
0
0
1
0
0
0
0
0
1
0
0
0
1
1
0
0
0
0
0
0
0
0
1
1
1
0
0
-1
0
0
0
-1
-1
0
0
0
0
0
0
0
0
0
0
0
0
0
0
0
0
0
0
0
0
0
1
1
1
0
-1
0
0
0
0
0
0
1
-1
-1
0
0
0
0
0
1
0
-1
0
0
0
0
0
0
0
0
-1
0
0
0
0
1
0
0
0
0
0
-1
1
1
0
0
0
0
1
0
0
0
0
0
0
0
0
0
0
0
0
1
0
0
0
0
0
0
1
0
0
0
0
0
0
0
0
0
0
1
0
-1
0
0
0
0
-1
0
0
0
0
0
0
-1
0
0
-1
0
0
0
-1
1
0
0
0
0
0
0
0
0
0
0
0
0
0
-1
0
-1
0
0
0
0
0
0
0
0
0
1
0
0
0
0
0
0
0
0
0
0
0
1
0
0
0
0
0
0
0
0
0
-1
0
0
1
0
0
0
0
0
0
0
1
0
0
0
0
0
0
-1
0
1
0
0
0
0
0
0
0
0
-1
0
0
0
0
0
0
0
0
1
0
-1
0
1
0
0
-1
0
0
0
0
-1
0
0
0
0
1
0
0
0
0
0
0
0
0
-1
0
0
0
0
0
0
0
0
0
1
0
0
0
0
0
1
0
0
1
0
1
-1
0
0
0
0
0
0
0
0
-1
0
-1
-1
0
0
0
0
0
0
0
0
0
0
-1
0
-1
0
0
0
0
0
0
-1
0
0
0
0
0
0
0
0
0
0
0
0
0
0
0
0
0
1
1
0
-1
0
0
0
0
0
0
0
0
0
0
0
0
0
0
0
0
1
0
0
0
0
0
1
0
0
0
0
0
0
0
-1
-1
0
0
0
0
0
-1
-1
0
0
0
-1
1
0
0
-1
0
0
0
0
0
0
0
0
0
0
0
0
0
0
0
0
1
0
0
-1
0
0
0
0
0
0
1
0
0
-1
-1
0
0
0
0
-1
0
0
0
0
0
1
0
0
1
0
1
0
0
0
0
0
0
-1
0
0
0
0
0
0
1
0
0
0
0
0
0
-1
-1
0
-1
0
0
0
0
0
0
0
0
0
0
0
0
0
0
-1
0
0
0
0
1
0
0
0
0
0
0
0
0
0
0
-1
1
-1
0
0
0
0
0
0
0
0
1
0
1
0
0
0
1
-1
0
0
0
0
0
0
0
0
0
0
-1
0
0
0
0
1
1
0
1
0
0
0
0
0
0
0
0
0
0
-1
-1
-1
-1
0
0
0
0
0
-1
0
0
0
0
0
-1
0
-1
0
1
0
0
1
0
0
-1
0
-1
0
0
0
-1
0
1
-1
0
0
0
0
-1
0
1
0
-1
1
1
0
1
-1
0
0
1
0
0
-1
1
0
0
1
0
0
0
0
1
0
0
0
0
1
0
-1
0
-1
0
1
0
1
-1
0
1
0
0
0
0
0
-1
0
0
0
0
0
0
0
0
0
0
-1
0
1
0
1
0
-1
0
0
1
0
0
0
0
0
0
-1
0
-1
0
0
0
0
0
0
0
1
0
1
0
0
0
0
0
-1
0
0
0
0
0
-1
0
0
0
0
0
0
1
0
0
0
0
1
0
0
0
0
0
0
0
0
0
-1
0
1
0
0
0
0
0
0
0
0
0
0
0
0
0
0
0
-1
1
0
0
0
-1
0
0
0
1
0
0
0
-1
0
0
0
0
1
1
0
1
0
0
-1
0
-1
0
0
0
0
0
0
0
0
0
0
0
0
0
1
0
0
0
0
0
0
0
0
0
0
0
0
0
0
0
0
0
0
1
0
0
0
1
0
0
0
0
0
0
0
0
1
1
0
0
1
0
0
0
0
0
1
0
0
-1
1
0
-1
-1
0
0
0
0
0
1
0
1
0
0
0
1
0
-1
0
-1
0
0
-1
0
0
0
-1
0
0
0
0
0
0
0
0
1
-1
0
0
0
0
-1
0
0
0
0
0
1
0
0
0
0
0
0
0
0
1
1
0
0
0
0
0
0
0
0
0
1
0
-1
0
0
0
0
0
0
0
0
0
0
1
0
1
1
1
0
0
0
0
0
0
0
0
0
0
0
0
-1
0
0
0
-1
0
-1
0
0
0
0
0
0
0
-1
1
0
1
0
0
0
0
1
1
0
-1
0
1
-1
0
0
0
0
0
0
0
0
0
0
0
0
0
1
-1
0
0
0
0
0
0
0
-1
0
-1
0
0
0
0
0
-1
0
1
0
0
0
1
0
0
0
0
0
0
0
0
0
0
0
0
0
0
1
0
1
0
-1
-1
-1
0
0
0
0
0
0
0
-1
0
0
1
-1
0
1
0
0
0
0
0
0
0
-1
0
0
0
0
0
0
0
0
0
0
0
0
0
0
0
0
0
0
0
0
0
0
1
0
1
0
0
0
1
0
0
-1
1
0
-1
0
0
-1
0
0
0
0
-1
0
0
0
0
1
0
0
0
1
0
0
1
-1
0
0
0
0
0
0
-1
0
1
0
0
0
1
-1
0
0
0
-1
0
0
0
-1
0
1
0
-1
0
0
-1
-1
0
0
0
0
-1
-1
-1
0
0
0
0
0
0
0
0
0
1
0
-1
0
1
0
1
0
0
0
-1
0
0
0
0
0
0
-1
1
0
0
0
0
1
0
0
0
-1
0
1
0
0
0
0
0
0
0
0
0
0
-1
1
-1
0
1
0
0
0
0
0
0
0
0
0
0
0
0
0
0
0
1
0
0
0
0
-1
1
0
0
0
0
0
0
0
0
0
0
0
0
-1
0
0
0
-1
0
0
1
1
0
0
0
0
-1
0
1
0
-1
0
0
0
0
-1
0
0
0
0
0
-1
-1
0
0
0
0
1
0
0
0
0
-1
0
0
0
0
0
0
0
0
1
0
-1
0
0
-1
0
0
0
0
0
0
0
0
0
0
0
1
0
0
0
0
-1
-1
0
-1
0
0
0
-1
0
0
0
0
1
1
-1
0
0
-1
-1
0
0
-1
0
0
-1
0
0
-1
1
-1
0
0
-1
0
0
0
0
0
0
0
1
0
0
-1
1
1
0
0
0
0
0
0
0
0
0
1
0
0
0
0
0
0
-1
0
0
-1
0
0
1
0
0
1
0
0
0
1
0
0
0
0
0
0
1
-1
0
0
0
1
0
-1
0
0
0
0
0
-1
0
0
0
0
1
0
0
1
0
0
0
1
0
0
0
0
0
1
0
0
0
0
0
0
0
1
0
0
0
0
-1
0
0
-1
-1
0
-1
0
0
0
1
1
0
0
0
-1
1
0
0
0
0
1
0
1
0
0
1
1
0
0
0
0
0
-1
0
0
0
-1
0
0
1
0
0
0
0
1
0
1
0
0
0
0
-1
0
0
0
0
0
-1
0
0
0
1
1
0
0
0
1
1
2
1
1
0
2
1
1
1
0
-1
-1
-1
-1
-1
0
1
1
1
1
0
0
1
0
0
0
-1
0
1
0
0
1
-1
0
-1
-1
0
0
0
0
0
0
0
0
-1
0
-1
1
0
1
1
0
0
0
0
0
0
0
0
0
0
0
0
1
1
1
0
-2
-1
-1
-1
0
1
1
0
1
0
-2
0
0
1
2
2
2
3
2
1
0
0
-2
-1
0
-1
-1
0
1
-1
0
1
1
0
0
-1
-1
1
3
3
2
2
-1
0
-2
-1
-1
-1
1
1
2
3
1
1
0
0
0
0
1
2
1
2
1
0
-1
-2
-3
-1
0
0
1
2
1
0
1
0
1
1
2
1
0
0
0
0
0
0
1
0
0
0
1
1
2
2
2
1
0
1
0
0
0
1
1
1
1
0
0
0
0
0
0
-1
-1
0
0
0
0
0
0
-1
-1
-1
-1
0
1
1
1
0
-1
-1
-1
0
2
3
4
3
2
0
-2
-3
-4
-3
-1
1
1
3
1
2
0
-1
-3
-4
-3
-2
0
3
4
4
1
0
-5
-7
-9
-6
-2
3
8
9
7
5
2
-1
-3
-4
-2
0
3
4
5
3
2
-2
-6
-8
-8
-6
-1
3
8
11
11
9
5
-2
-7
-10
-8
-4
0
5
7
8
5
0
-3
-7
-8
-5
-3
2
7
10
13
9
3
-4
-10
-13
-14
-9
-1
6
12
14
11
6
-1
-8
-10
-11
-8
-1
7
10
11
8
1
-13
-26
-36
-36
-25
-7
13
30
39
34
22
1
-19
-34
-38
-28
-9
13
34
46
40
23
-3
-26
-42
-44
-30
-5
24
48
59
54
32
2
-28
-48
-53
-39
-15
16
39
48
41
20
-10
-36
-50
-47
-27
2
35
57
63
49
20
-14
-44
-59
-56
-35
-3
29
51
56
42
15
-17
-43
-56
-51
-29
0
31
50
54
43
18
-10
-31
-44
-41
-25
-3
19
37
42
36
21
0
-21
-36
-42
-37
-24
-8
7
16
16
11
-1
-13
-25
-32
-27
-13
9
29
42
45
36
19
-1
-22
-35
-37
-27
-8
16
35
46
43
27
2
-22
-41
-48
-40
-21
6
31
45
45
31
7
-20
-41
-49
-43
-23
4
30
46
48
36
13
-14
-35
-44
-38
-20
6
30
42
39
22
-3
-28
-43
-43
-28
-3
24
43
50
39
16
-10
-35
-45
-44
-28
-3
21
37
41
30
11
-12
-29
-36
-32
-15
2
19
29
30
18
0
-16
-27
-31
-25
-14
3
17
24
24
17
6
-5
-12
-14
-8
1
12
22
26
21
12
-1
-14
-20
-21
-16
-6
7
19
25
22
11
-6
-24
-34
-31
-19
-1
17
28
32
27
15
-1
-17
-25
-25
-15
-1
14
23
27
22
11
-5
-22
-32
-30
-20
-4
12
23
24
17
3
-13
-25
-30
-25
-12
3
17
24
23
15
0
-14
-24
-25
-19
-7
8
20
25
22
12
0
-12
-20
-20
-13
-4
8
18
20
17
9
0
-9
-12
-12
-6
1
7
12
12
9
4
-2
-6
-8
-5
-2
4
9
12
12
9
2
-4
-10
-13
-12
-9
-5
1
4
6
5
3
-2
-5
-6
-4
0
4
8
11
10
7
4
-1
-3
-4
-3
1
5
5
6
3
-3
-9
-12
-11
-8
-3
5
10
14
9
6
-2
-8
-13
-13
-10
-4
2
8
10
10
7
2
-4
-8
-9
-7
-2
4
9
13
10
6
-2
-7
-11
-12
-9
-2
5
12
15
13
8
-1
-8
-14
-14
-12
-6
1
9
12
12
8
2
-4
-9
-11
-9
-3
4
9
12
11
7
3
-4
-9
-11
-11
-7
-4
2
6
6
7
5
2
-3
-6
-8
-7
-4
2
8
11
13
11
5
-2
-10
-13
-14
-9
-3
6
13
16
13
7
-1
-10
-16
-16
-12
-4
6
12
16
14
6
-2
-12
-17
-15
-10
-1
9
18
22
18
10
-1
-9
-14
-15
-10
-3
6
11
15
12
5
-2
-9
-13
-11
-7
-2
4
9
12
9
4
-1
-6
-8
-8
-4
-1
4
9
8
7
4
0
-3
-4
-4
-2
-1
0
3
3
3
3
1
0
-4
-5
-6
-4
-3
-1
2
6
8
5
5
0
-2
-5
-6
-5
-4
-1
2
4
4
3
1
-3
-3
-4
-4
-1
3
5
6
5
3
-1
-3
-3
-5
-3
-1
1