0
0
-1
0
0
0
0
-1
0
0
0
0
0
0
0
0
0
0
0
0
0
0
-1
0
0
0
0
0
0
0
0
0
1
0
-1
0
0
0
0
0
0
0
0
0
0
0
0
0
0
0
0
0
0
0
-1
0
0
0
0
0
0
0
0
0
0
0
0
0
1
0
0
0
0
0
0
0
1
0
0
0
1
1
0
0
0
-1
1
1
0
0
0
0
0
0
0
1
0
0
0
1
0
0
0
0
0
-1
0
0
0
0
0
0
0
0
0
0
-1
-1
-1
0
0
0
0
-1
0
0
0
0
0
0
0
0
0
1
0
1
0
0
0
0
0
0
1
-1
0
1
-1
0
0
0
0
0
0
0
-1
0
0
0
-1
0
-1
0
0
0
0
0
-1
0
0
0
0
0
0
-1
0
0
0
0
0
0
0
0
-1
-1
0
0
0
0
0
1
0
0
0
0
0
-1
0
0
0
0
0
0
0
0
0
1
0
1
0
0
1
-1
1
0
0
0
-1
-1
0
0
0
-1
0
-1
0
0
0
-1
0
0
0
0
1
0
0
0
0
0
0
1
0
1
0
0
0
0
0
0
1
0
0
0
1
1
1
1
1
1
1
1
1
1
0
2
0
0
0
0
0
0
0
1
0
0
-1
0
0
0
-1
-1
0
0
1
0
-1
0
0
0
0
0
0
-1
-1
0
0
-1
1
0
1
0
0
0
0
0
0
1
0
0
0
-1
0
0
0
0
0
1
-1
0
0
0
0
0
0
0
0
0
1
0
0
0
0
0
0
-1
0
0
-1
0
0
-1
0
0
0
0
0
0
0
0
1
0
0
-1
1
0
0
-1
-1
0
0
0
1
-1
0
0
0
-1
1
0
0
0
1
-1
0
0
0
0
0
0
0
0
0
0
0
-1
0
0
0
0
0
0
0
0
0
0
1
-1
0
0
-1
1
0
0
0
0
0
0
0
0
0
0
0
0
0
0
-1
0
0
0
0
0
0
0
-1
0
0
0
-1
0
0
-1
-1
0
0
0
0
0
1
1
-1
0
-1
0
0
0
0
0
0
0
0
1
1
1
0
-2
-2
2
1
1
2
3
3
1
-1
-1
1
1
0
1
1
1
0
-1
-1
-2
0
0
1
0
1
2
1
1
2
1
1
1
2
0
-1
1
0
0
0
-1
0
0
1
1
1
0
0
-1
-1
-3
-1
0
0
0
1
0
2
2
0
1
0
1
1
1
1
1
0
0
0
4
3
2
2
0
0
0
0
1
-1
0
0
0
0
-1
1
0
0
-1
0
0
0
0
0
-1
0
-1
1
0
0
1
0
0
0
0
0
0
0
1
0
0
0
-1
0
-1
1
1
1
1
1
-1
-1
-1
0
1
1
1
1
-1
-1
-1
-1
0
0
2
2
3
2
2
0
0
1
1
1
2
2
2
1
0
0
-1
-1
-1
-1
0
0
0
2
1
0
-1
-1
-1
1
2
3
2
1
-2
-3
-4
-2
-1
1
3
3
1
0
-1
-2
-1
-1
1
2
4
4
3
1
0
-1
-2
1
2
2
3
3
2
1
-1
-2
-3
-3
-1
0
1
0
-1
-4
-4
-5
-4
-2
1
4
5
4
0
-1
-3
-3
-2
0
3
3
3
2
0
-1
-1
-2
0
1
2
3
3
2
1
-1
-1
-1
1
1
2
4
3
2
1
0
-1
0
-1
1
2
3
3
1
0
-1
-2
-1
0
1
3
4
3
2
0
0
-2
0
0
0
-1
-1
0
0
0
0
0
0
0
0
0
0
0
-1
-2
-2
-3
-3
-2
0
1
2
2
2
0
-1
-1
-1
1
2
3
3
1
0
0
-3
-3
0
2
2
1
1
1
-3
-7
-5
-2
1
3
2
2
1
-1
-3
-2
-2
0
4
8
6
2
0
0
0
-2
1
3
3
3
1
-1
-1
-2
-1
0
2
3
4
3
1
-1
-3
-3
-1
2
2
3
3
2
-1
-2
-1
-1
1
4
5
5
2
-2
-4
-2
-1
1
3
3
1
-1
0
-1
-4
-1
1
1
2
3
2
-1
-2
-2
-3
0
1
2
0
2
-1
-2
-3
-3
-2
-1
1
2
2
1
-1
-2
-3
-3
0
1
3
4
2
0
-2
-2
-1
1
4
6
4
1
-2
-3
-2
-1
0
2
3
3
1
0
-3
-3
-2
1
2
3
2
0
-2
-4
-2
1
5
6
6
3
-1
-3
-4
-3
2
4
5
4
0
-4
-7
-9
-6
-1
2
6
6
3
-2
-7
-11
-11
-7
2
9
11
9
2
-6
-12
-12
-5
5
14
22
20
8
-8
-22
-26
-20
-3
15
27
30
20
1
-17
-24
-21
-4
18
34
38
25
2
-23
-39
-38
-22
2
23
33
28
10
-12
-30
-33
-22
2
26
41
40
24
-5
-30
-43
-39
-18
8
32
39
27
3
-24
-39
-37
-18
8
32
39
29
5
-23
-42
-44
-27
0
27
41
37
17
-10
-30
-36
-23
1
26
39
34
14
-13
-33
-39
-28
-6
18
31
30
14
-10
-30
-36
-25
-1
26
42
41
25
1
-20
-30
-23
-2
21
35
33
15
-12
-34
-41
-28
-3
23
38
36
18
-8
-31
-38
-30
-8
19
36
38
23
-2
-24
-33
-24
-2
25
44
45
29
3
-24
-38
-35
-15
10
31
37
24
-3
-33
-47
-46
-26
0
26
36
28
8
-16
-31
-31
-16
6
27
36
30
11
-13
-30
-34
-21
-2
18
26
23
6
-14
-28
-31
-21
-3
13
24
20
8
-8
-23
-28
-22
-9
7
19
23
17
6
-4
-10
-7
4
14
23
22
12
-1
-12
-17
-12
-2
13
22
23
16
4
-10
-16
-16
-9
2
11
12
6
-7
-16
-19
-14
-3
8
16
16
9
-1
-11
-15
-11
0
11
19
18
10
-2
-12
-16
-14
-7
4
12
15
13
4
-6
-12
-10
-3
9
20
23
22
10
-4
-17
-24
-21
-12
0
9
11
5
-8
-19
-27
-24
-11
8
24
33
30
17
0
-14
-19
-13
0
15
25
24
14
-3
-21
-32
-30
-17
1
20
28
23
8
-11
-27
-33
-26
-10
11
28
34
27
10
-9
-22
-26
-17
-2
16
25
25
10
-14
-35
-45
-40
-19
9
35
49
41
19
-9
-34
-42
-31
-4
24
44
46
27
-4
-32
-46
-41
-12
24
54
63
44
8
-33
-64
-70
-45
-4
37
64
60
32
-11
-49
-66
-52
-13
37
70
76
51
2
-48
-76
-72
-34
19
68
88
70
22
-37
-80
-85
-56
0
56
86
78
32
-30
-80
-98
-71
-13
53
96
96
56
-10
-72
-103
-88
-35
34
87
101
67
2
-63
-101
-96
-46
24
83
106
80
18
-55
-103
-105
-60
11
76
107
92
34
-37
-90
-101
-66
1
69
106
96
41
-32
-93
-111
-79
-11
61
106
103
55
-16
-76
-98
-75
-14
52
94
92
48
-17
-75
-100
-79
-24
41
88
92
55
-6
-61
-86
-70
-21
37
76
78
47
-6
-58
-82
-70
-29
22
61
69
44
-1
-45
-66
-56
-19
27
61
67
48
7
-32
-52
-48
-18
19
47
53
34
1
-32
-49
-42
-16
15
38
41
24
-4
-28
-39
-31
-10
14
28
28
14
-7
-23
-28
-18
1
19
24
16
-1
-17
-22
-12
5
23
32
24
2
-25
-42
-40
-19
13
40
48
31
-4
-40
-61
-53
-18
32
71
80
53
2
-55
-89
-84
-42
20
76
101
81
28
-40
-89
-94
-52
18
85
118
98
33
-49
-115
-132
-95
-15
67
117
115
61
-19
-89
-117
-88
-15
66
123
125
73
-12
-92
-134
-119
-55
27
91
110
76
10
-60
-101
-96
-45
26
85
108
85
29
-36
-80
-85
-56
-2
47
72
62
23
-23
-58
-68
-49
-13
25
44
44
24
-4
-26
-35
-28
-9
12
25
26
16
1
-11
-17
-14
-5
5
14
18
16
10
7
5
5
8
8
3
-3
-10
-15
-13
-5
2
9
8
-1
-14
-23
-25
-14
5
27
42
42
25
-4
-32
-46
-42
-16
16
40
43
26
-10
-43
-62
-54
-19
29
70
85
63
15
-45
-88
-97
-65
-5
59
98
93
45
-27
-86
-108
-81
-10
71
128
131
78
-12
-99
-146
-129
-54
47
129
155
111
13
-90
-157
-154
-83
27
127
173
142
49
-68
-154
-174
-118
-10
101
166
158
80
-36
-137
-177
-137
-36
85
170
183
118
3
-109
-172
-157
-74
41
135
166
121
21
-91
-162
-165
-97
12
113
165
145
64
-41
-124
-150
-109
-23
73
132
134
74
-16
-100
-144
-127
-58
33
108
138
111
39
-45
-108
-124
-85
-8
73
122
118
61
-24
-101
-135
-110
-37
54
122
140
102
24
-60
-115
-118
-71
2
72
106
95
43
-25
-84
-104
-80
-18
52
105
120
88
21
-52
-106
-117
-80
-11
63
109
104
50
-29
-99
-126
-93
-15
72
129
128
67
-21
-98
-126
-95
-20
60
106
100
47
-28
-87
-102
-68
-7
53
83
70
23
-29
-66
-68
-41
6
47
64
53
22
-17
-47
-55
-41
-11
20
40
40
21
-8
-33
-44
-32
-1
35
60
61
33
-13
-56
-81
-73
-34
19
59
72
49
3
-45
-71
-59
-16
39
81
90
61
6
-48
-84
-81
-46
7
56
79
70
32
-16
-54
-68
-52
-10
41
77
83
55
2
-57
-96
-97
-60
2
60
96
85
35
-26
-73
-86
-54
8
66
93
82
32
-37
-89
-97
-66
-16
39
74
72
37
-7
-43
-56
-44
-10
24
47
50
31
1
-22
-34
-36
-22
3
21
26
19
4
-20
-38
-35
-15
4
15
25
24
6
-17
-22
-8
8
21
34
32
5
-33
-50
-34
-9
18
46
57
27
-21
-47
-42
-22
9
48
69
46
-8
-55
-74
-68
-44
6
62
81
53
13
-18
-43
-56
-30
22
51
49
38
17
-26
-66
-68
-41
-10
25
62
74
46
5
-30
-58
-65
-34
14
46
57
48
14
-37
-68
-66
-41
-1
48
72
50
6
-26
-41
-46
-29
6
40
53
31
-8
-27
-25
-28
-25
9
44
28
1
2
5
-14
-21
9
32
12
-16
-13
-3
-21
-26
8
37
20
-6
-4
-7
-33
-37
2
31
19
16
39
30
-25
-56
-25
7
1
5
47
54
-4
-48
-36
-22
-40
-28
32
70
48
14
10
2
-44
-72
-21
41
28
1
28
42
-27
-81
-39
-3
-29
-8
66
85
21
-15
7
-37
-87
-26
46
42
12
52
58
-53
-97
-24
-1
-46
9
122
79
-43
-12
36
-43
-112
-9
83
29
-52
13
77
-31
-95
-22
62
1
-50
41
114
19
-70
-23
7
-49
-79
18
131
60
-26
20
24
-89
-138
-18
93
68
6
65
80
-99
-163
-8
100
-28
-11
192
57
-156
-79
20
-58
-81
73
137
21
-40
26
-21
-61
-14
-38
36
83
-11
-8
65
48
-118
-138
76
59
-125
9
241
15
-205
-23
111
-75
-183
144
235
-37
-99
34
80
-148
-221
73
165
-35
-68
70
104
-50
-169
7
134
-18
-66
29
125
36
-123
5
89
-33
-137
13
144
15
-51
-9
115
-11
-172
-16
68
65
-70
-7
266
-52
-322
74
162
-237
-183
351
231
-415
-64
469
-151
-504
190
465
-217
-349
404
318
-453
-256
343
123
-347
-137
397
179
-336
-62
295
-11
-347
-77
309
87
-230
101
270
-97
-208
-95
58
25
-9
68
18
161
-55
-318
29
200
-83
-207
295
283
-363
-120
321
-37
-352
100
303
-148
-65
41
-6
115
-127
-136
175
120
-253
-119
409
98
-429
36
435
-190
-468
206
351
-222
-259
286
209
-327
-147
266
136
-195
-77
149
59
-19
-182
62
277
-119
-229
61
171
-130
-256
228
214
-198
-174
192
183
-288
-113
313
210
-446
-58
322
32
-374
90
322
-14
-281
-42
193
-18
-81
-26
229
154
-214
-320
305
45
-385
-31
485
97
-463
12
448
-191
-487
190
366
-205
-213
251
257
-208
-177
210
45
-250
-75
147
199
-112
-123
363
4
-374
-78
156
101
-253
-1
395
28
-384
-81
374
-33
-423
97
482
-49
-437
117
430
-228
-457
215
365
-133
-320
211
380
-317
-254
286
109
-202
-136
207
125
-211
-47
176
9
-293
31
323
-163
-232
278
269
-309
-225
331
90
-371
-39
329
-13
-199
-22
193
67
-297
-64
305
159
-236
-192
199
172
-323
-252
422
279
-336
-208
447
87
-576
5
381
-81
-260
178
221
-68
-132
-85
113
-37
-71
98
118
26
-154
-34
59
35
-85
-98
198
105
-241
-45
271
-53
-278
100
242
-126
-195
207
161
-290
-118
294
13
-218
105
187
-109
-209
93
222
-165
-185
207
59
-232
-43
217
86
-207
26
290
-139
-283
127
126
-149
-45
211
43
-174
46
65
-71
44
-67
-6
176
-123
-92
181
62
-114
-135
27
92
-152
-31
293
-11
-74
-84
-44
-20
-46
207
-103
71
299
-140
-441
205
185
-329
-137
457
185
-275
-63
238
-121
-286
32
183
74
-71
-40
152
57
-197
-172
105
134
-97
-81
237
165
-146
-112
-58
-18
-42
-34
94
208
65
-287
3
170
-116
-197
75
371
-99
-318
201
224
-321
-172
276
120
-119
-160
235
107
-348
13
293
15
-282
-91
216
106
-267
-119
448
117
-499
-92
426
-56
-356
226
285
-224
-127
238
-79
-153
88
47
-145
63
342
-154
-298
79
275
-393
-127
401
155
-245
-86
134
127
-130
-190
-50
318
20
-386
218
466
-130
-591
196
325
-232
-496
540
282
-389
72
350
-143
-256
-86
51
72
-68
282
15
-76
65
-297
-82
249
-48
-45
211
168
-335
-230
279
-66
-379
330
408
-306
-73
239
-49
-342
-21
399
-88
-218
224
161
-225
-119
134
-56
-115
3
187
90
51
-26
-178
126
-19
-366
60
372
-47
-248
-11
568
-280
-585
314
360
-300
-118
425
376
-404
-516
375
182
-514
112
471
-79
-273
33
116
-133
-85
97
-1
152
73
-395
15
465
-263
-468
431
538
-621
-475
899
190
-951
12
999
-208
-997
567
662
-629
-419
537
474
-613
-398
520
244
-311
-243
143
356
-227
-419
316
368
-130
-591
334
507
-529
-425
687
234
-693
35
590
5
-577
55
502
-75
-538
203
412
-193
-319
44
308
-116
-235
295
151
-207
-166
63
188
-89
-114
46
163
-16
-160
29
-42
21
40
-6
-55
239
-36
-167
-29
35
13
81
-123
38
337
-124
-396
173
168
-269
-138
286
237
-123
-144
100
68
-185
-75
99
8
4
95
65
-164
6
72
-222
-35
242
91
-156
37
209
-47
-242
-86
108
-2
-34
54
109
65
-108
-208
6
189
-71
-66
151
134
-84
-190
98
26
-155
33
75
73
50
-46
-53
-10
40
-73
-100
186
185
-179
-113
294
-44
-457
144
342
-203
-167
312
138
-390
-67
269
-44
-174
86
183
-103
-117
68
75
-58
-76
71
24
-90
26
180
-56
-78
99
-94
-23
25
-84
150
109
-154
-10
63
-116
-163
50
208
-54
-89
115
52
-66
-204
-34
197
-32
-30
106
67
-10
-187
-71
173
129
-204
-32
244
-48
-238
85
218
-115
-165
63
97
-49
-41
50
79
26
-178
-29
119
-78
-92
149
142
-80
-154
53
54
-170
115
149
-47
-72
37
59
-141
-36
157
-54
-140
203
2
-173
61
56
-70
-7
56
-3
33
45
-43
-61
109
8
-201
72
221
-115
-132
137
106
-139
-151
125
116
-190
-46
165
-20
-63
5
53
51
-154
-40
88
85
-29
-56
77
100
-93
-129
119
74
-167
-43
149
31
-148
-25
153
-42
-159
119
86
-102
-2
96
2
-33
-83
101
22
-104
35
35
56
-12
-95
61
66
-164
-52
182
25
-45
-3
1
-47
-91
49
87
-65
-19
50
-80
22
114
0
-67
-18
103
-41
-46
119
-59
-53
75
-42
-29
87
-29
-115
63
136
-51
-91
57
44
-115
-128
170
68
-139
-18
101
-20
-57
59
48
32
-39
-37
1
19
-22
-30
15
94
-15
-91
32
18
-63
-102
19
131
26
1
-12
-9
-43
-103
50
142
-1
-29
40
6
-5
-53
-73
68
20
-108
33
107
-56
-19
6
-16
6
-23
16
-14
21
37
-42
-55
98
21
-97
11
92
-58
-75
118
77
-184
-68
145
43
-83
41
81
-35
-88
-10
89
-45
-63
16
44
43
7
-94
33
30
-98
28
128
-19
-67
23
0
-76
23
63
-62
2
119
-51
-112
106
90
-131
-78
141
17
-144
75
91
-70
-35
-6
11
9
-9
-1
4
51
18
-55
-10
39
-28
-90
45
118
-51
-55
55
-19
-34
46
19
-8
-3
-11
-7
-21
-4
14
-9
-2
19
-1
-36
-25
28
20
7
55
3
-45
11
-7
-35
50
45
-72
-35
53
21
-42
-43
28
7
-13
33
36
-9
-58
-18
-2
28
81
-31
-59
33
-7
-25
31
51
-22
-93
29
66
-60
-24
50
-37
-87
53
101
-12
-16
2
-27
-16
14
35
53
16
-61
-25
64
22
-58
3
44
-54
-61
58
29
-79
-10
39
-12
-22
27
50
-61
-29
59
-21
15
42
-36
10
35
-23
5
47
19
-73
-44
66
4
-27
24
-3
-30
-14
-13
-14
35
9
-52
27
85
-20
-78
31
30
-75
-5
108
26
-92
-32
81
19
-103
-14
100
-11
-99
55
128
-55
-112
32
72
-52
-55
73
69
-38
-108
15
109
-52
-61
72
24
-47
-47
17
57
-53
-65
68
42
-28
22
43
-25
-43
51
1
-63
85
31
-93
47
88
-73
-112
-2
54
14
-29
46
58
-104
-82
58
26
2
39
-6
-15
18
-15
-1
35
-30
-44
50
65
-15
-18
31
-7
-47
2
21
-8
-18
-14
23
36
-38
-47
6
-21
-49
21
76
44
-14
-4
50
-13
-98
-12
68
6
-20
35
62
20
-70
-76
26
19
-81
-2
120
34
-57
4
28
-17
-40
-28
55
93
-4
-39
50
12
-130
-69
78
66
-53
-19
103
-32
-112
1
-33
-53
5
37
57
40
11
-64
-81
-45
-75
9
137
65
-28
28
8
-95
-83
4
70
6
-23
107
88
-61
-86
-40
-1
-37
-56
91
117
-82
-132
18
43
-100
-88
92
45
-82
15
89
12
-39
-57
-33
66
63
-4
35
89
37
-61
-14
80
3
-109
3
117
10
-28
8
24
9
-74
-24
66
21
-31
35
94
3
-25
19
-3
13
19
-26
-7
75
1
-43
82
25
-11
19
2
37
-11
21
90
35
11
4
-22
-21
4
16
-3
15
3
-74
-56
2
-32
-93
-81
-43
-60
-63
-20
34
-63
-147
5
42
-21
14
50
46
18
-21
-58
-9
29
-38
-53
60
126
-17
-128
-54
0
-62
-49
134
127
-53
-67
-83
-62
69
63
78
84
-18
-31
-11
-17
13
33
-91
-58
131
24
-83
-38
10
39
34
66
116
98
-27
-46
97
171
16
-36
146
120
-15
-9
102
120
-15
-61
15
25
-131
-128
69
106
-8
-89
-58
-7
-82
-88
99
100
-89
-96
6
-3
-50
26
57
-34
-38
10
-40
-9
74
-55
-99
8
23
-36
-75
69
60
-135
-12
122
-29
-145
-68
-4
-93
-61
45
8
-104
-159
-26
57
-40
-76
4
-31
-153
19
149
-86
-106
-9
-73
21
102
78
98
29
-77
-69
54
99
-2
35
98
-45
-84
31
-24
-101
1
17
29
116
70
10
-81
-100
35
80
117
157
84
-17
-37
21
53
14
-39
6
43
23
55
27
-22
-66
-146
-59
129
183
30
-33
127
10
-164
29
87
-59
7
175
163
67
14
-99
-135
-7
54
-6
13
49
-69
-164
-176
-170
-141
-167
-128
14
-24
-140
-77
-78
-146
-17
54
-97
-88
101
90
-62
-74
9
-32
-134
-83
90
120
-36
-86
-43
-120
-278
-248
-41
-18
-121
-156
-91
-129
-268
-195
-82
-37
-18
19
145
100
-97
-89
27
62
156
312
339
201
108
187
242
243
284
276
226
197
209
340
391
200
146
283
265
269
372
248
97
161
228
269
314
237
141
110
105
192
265
212
171
174
121
101
162
191
104
-41
20
163
200
187
134
103
18
4
109
139
88
-36
-96
-30
8
40
59
-163
-386
-352
-398
-425
-366
-578
-854
-992
-1092
-1046
-995
-1171
-1484
-1757
-1830
-1918
-2288
-2578
-2574
-2735
-3130
-3001
-2101
-1240
-811
-350
157
288
246
618
1492
2386
2828
2879
2956
3087
2915
2554
2500
2602
2323
1867
1809
1876
1423
616
7
-353
-608
-690
-585
-395
-308
-568
-974
-1002
-750
-674
-570
-165
132
123
214
506
676
635
562
658
980
1292
1458
1661
1812
1569
1161
1123
1330
1286
984
817
861
734
270
-63
-19
-45
-261
-196
16
-128
-400
-467
-604
-893
-1071
-1121
-1033
-845
-901
-1158
-1228
-1357
-1783
-2054
-2174
-2600
-3031
-3237
-3889
-5129
-6293
-7109
-7032
-4835
-945
1836
1620
-412
-2068
-2496
-1552
1259
5296
7879
7249
5094
3882
3620
3382
3647
4849
5779
5380
4409
3771
2725
362
-2304
-3360
-2456
-905
186
444
-575
-3035
-5816
-6842
-5144
-2401
-1073
-1384
-1856
-1831
-1899
-2081
-1621
-922
-965
-1082
44
2192
3680
3232
1676
686
483
739
2100
4634
6313
5410
3239
2071
1800
1288
1049
1950
2891
2333
851
-67
-497
-1407
-2520
-2635
-1655
-805
-835
-1267
-1539
-1802
-2161
-2056
-1119
-2
358
-48
-440
-352
-41
247
827
1743
2052
1201
293
477
1208
1455
1342
1323
1054
226
-569
-579
-22
110
-590
-1443
-1821
-1944
-2407
-3282
-4235
-5537
-7490
-8897
-7708
-3577
612
1373
-1015
-3581
-4952
-5071
-2860
2108
6775
7258
4261
1910
1733
2127
2717
4591
6863
7229
5702
4409
4006
2964
497
-1499
-797
1610
2777
2093
896
-1081
-4500
-7006
-5691
-1961
31
-1045
-2911
-3862
-4466
-4856
-3798
-1635
-736
-1784
-2621
-1677
-70
391
-181
-37
1421
2693
3119
4140
5797
5626
3388
2503
4370
6006
5385
4189
3643
2489
656
251
1537
1954
216
-1920
-2663
-2367
-2121
-2139
-2172
-2409
-3142
-3860
-3570
-2305
-1363
-1444
-1597
-954
-239
-334
-624
-139
752
1149
1367
2243
3249
2986
1567
747
1345
2291
2572
2478
2369
1698
191
-994
-666
410
525
-459
-1429
-2197
-3424
-5013
-6155
-6719
-7399
-7909
-6278
-2086
922
-664
-4541
-6288
-5480
-3625
-126
4763
7247
4860
703
-705
1032
3491
5561
7286
7620
5626
2933
2096
2917
3075
2029
1477
1899
1779
649
-177
-546
-1929
-4067
-4394
-2193
-354
-1320
-3743
-4946
-4597
-3923
-2979
-1276
-129
-1327
-3729
-4353
-2574
-337
1027
1526
1321
790
747
1680
3376
4933
5256
4506
4192
4786
4990
4175
3402
3296
3056
2342
2030
2225
1485
-723
-2593
-2564
-1625
-1401
-1588
-1390
-1716
-3386
-4730
-3767
-1475
-240
-489
-1066
-1506
-1974
-2055
-1068
725
2083
2115
1363
971
1119
1185
1285
2141
3357
3523
2463
1545
1262
618
-451
-459
868
1640
713
-663
-1268
-1752
-2839
-3663
-3384
-2912
-3636
-5560
-7627
-8766
-7973
-4867
-1081
420
-1411
-4357
-5736
-4911
-2271
1798
5552
6237
3473
317
-257
1800
4758
7137
8009
6933
4560
2504
1882
2409
3045
3086
2510
1656
896
303
-475
-1659
-2814
-3118
-2280
-1055
-527
-1288
-3061
-4574
-4734
-3526
-1512
26
-403
-2480
-4135
-3884
-2032
149
1636
1756
466
-763
-231
1763
3570
4259
4026
3445
2992
3079
3809
4600
4655
3697
2219
1374
1642
1957
1292
-45
-1016
-1154
-1184
-1554
-1516
-1225
-2037
-3501
-3418
-1668
-601
-1156
-1897
-2012
-2194
-2385
-1390
653
1657
597
-779
-617
531
1252
1598
2234
2689
2167
1305
1434
2362
2469
1265
237
510
1217
1189
738
622
441
-470
-1478
-1495
-915
-1101
-2297
-3477
-4188
-5051
-6338
-7049
-5900
-3211
-1191
-1460
-2969
-3910
-4341
-4603
-3103
950
4463
4016
1018
-519
155
982
1851
4156
6484
5705
2334
351
1256
2544
2622
2852
3713
3235
902
-637
269
1581
1133
80
333
957
-8
-1771
-1952
-636
-149
-1042
-1467
-858
-954
-2262
-2828
-1750
-699
-899
-1480
-1604
-1732
-2209
-2183
-809
1055
1646
920
514
950
1346
1704
2685
3638
3354
2219
1596
1779
2013
2049
2270
2381
1511
39
-471
301
881
468
-66
-152
-398
-926
-935
-440
-459
-1231
-1903
-1973
-1700
-1419
-1252
-1203
-1184
-1171
-1158
-950
-408
97
126
-57
227
873
1034
633
615
1222
1542
1232
1096
1448
1557
1040
558
680
958
741
293
153
-107
-1129
-2308
-2771
-2991
-3694
-4205
-3584
-2447
-2122
-2686
-3206
-3441
-3800
-3842
-2622
-664
308
-195
-983
-1217
-1074
-516
878
2693
3606
2971
1698
1120
1541
2375
3255
4126
4456
3556
1889
992
1605
2794
3478
3565
3098
1810
200
-449
165
998
1165
628
-379
-1511
-2273
-2452
-2279
-2038
-1957
-2211
-2694
-3010
-2998
-2918
-2887
-2618
-2018
-1489
-1267
-957
-226
466
571
550
1204
2217
2628
2486
2538
2740
2488
1937
1918
2633
3097
2408
1197
714
796
466
-5
238
627
-50
-1465
-2174
-1816
-1450
-1610
-1555
-1014
-1042
-1994
-2513
-1829
-1060
-1057
-1040
-399
49
-344
-725
-128
876
1134
787
845
1397
1608
1333
1358
1924
2203
1721
1194
1299
1483
1035
508
654
899
441
-260
-400
-319
-783
-1489
-1634
-1453
-1736
-2408
-2820
-2900
-3086
-3427
-3468
-2976
-2389
-2264
-2438
-2359
-2059
-1913
-1763
-1190
-306
344
505
554
924
1435
1668
1826
2352
2900
2851
2481
2432
2625
2594
2410
2516
2793
2640
1998
1464
1357
1392
1271
1078
884
505
-98
-583
-694
-687
-863
-1065
-1103
-1202
-1553
-1836
-1682
-1357
-1323
-1402
-1241
-1089
-1248
-1418
-1166
-638
-325
-272
-94
226
291
102
146
662
1281
1466
1187
936
923
800
481
510
1036
1231
592
-107
-145
-72
-502
-855
-519
-141
-511
-1097
-973
-441
-439
-872
-858
-358
-170
-391
-290
261
534
266
85
400
792
840
767
885
1052
1027
883
787
736
699
693
662
597
499
265
-65
-320
-424
-386
-283
-246
-390
-721
-1050
-1191
-1194
-1107
-896
-706
-776
-1057
-1238
-1190
-1045
-815
-420
-83
-122
-373
-364
-55
139
145
309
575
535
298
303
529
562
379
428
744
785
404
100
108
103
-31
50
339
313
-130
-429
-276
-68
-202
-417
-294
-77
-242
-482
-194
260
102
-379
-276
338
608
407
418
781
806
348
247
842
1283
1011
634
680
760
497
218
265
382
168
-255
-445
-390
-495
-826
-1053
-1088
-1176
-1375
-1463
-1303
-1042
-938
-1035
-1073
-876
-614
-499
-429
-214
104
373
562
703
792
834
852
889
1047
1323
1475
1320
1037
893
874
857
853
894
838
521
78
-143
-59
27
-119
-424
-721
-957
-1131
-1186
-1035
-776
-736
-1013
-1252
-1192
-1024
-941
-816
-559
-338
-288
-264
-40
313
508
524
633
850
944
943
1073
1249
1201
973
840
829
735
560
578
778
708
175
-385
-564
-475
-340
-149
26
-131
-709
-1290
-1417
-1111
-719
-456
-343
-431
-707
-939
-877
-551
-216
-51
-18
-29
-108
-227
-168
145
432
471
427
466
463
343
300
441
554
455
275
202
170
73
6
0
-136
-427
-568
-436
-325
-432
-537
-435
-296
-332
-426
-357
-185
-119
-118
40
352
545
523
511
650
764
736
740
886
1017
956
784
683
676
651
567
470
345
141
-103
-282
-367
-397
-437
-562
-750
-859
-844
-833
-881
-870
-794
-815
-924
-860
-590
-418
-447
-380
-114
37
-22
52
388
614
523
437
669
999
1028
818
775
933
918
674
575
702
685
411
207
192
75
-229
-350
-121
53
-175
-560
-754
-838
-957
-909
-547
-220
-327
-695
-853
-755
-693
-610
-200
313
365
17
-149
-1
128
185
439
849
986
694
380
386
488
430
425
626
707
414
-16
-287
-414
-491
-483
-350
-239
-384
-799
-1185
-1275
-1127
-952
-830
-757
-789
-920
-963
-743
-362
-89
-26
-5
161
443
682
810
857
829
775
842
1116
1458
1614
1457
1112
825
728
768
879
1013
989
622
81
-232
-240
-246
-371
-415
-362
-481
-813
-1020
-962
-921
-1043
-1049
-774
-553
-676
-873
-779
-538
-437
-344
-27
293
277
81
88
318
520
627
739
843
824
672
514
472
545
625
622
573
523
415
211
7
-96
-113
-123
-174
-261
-353
-443
-550
-651
-702
-689
-630
-549
-476
-443
-494
-601
-594
-366
-101
8
82
261
361
245
141
284
513
563
468
444
489
427
253
144
142
140
95
42
-34
-181
-429
-709
-837
-711
-516
-492
-619
-750
-870
-994
-992
-754
-404
-200
-218
-312
-338
-298
-190
71
468
782
835
732
689
750
814
848
946
1147
1286
1188
957
829
751
537
349
473
721
652
279
-24
-141
-261
-413
-445
-361
-344
-461
-588
-593
-511
-500
-587
-615
-507
-356
-249
-161
-99
-121
-216
-238
-72
204
387
358
197
55
15
83
226
360
357
165
-82
-169
-74
27
33
-30
-175
-427
-608
-510
-238
-117
-210
-343
-481
-657
-698
-424
-38
115
31
-77
-160
-240
-182
118
469
581
456
329
310
304
313
491
755
790
553
342
292
231
111
122
253
208
-98
-350
-336
-273
-348
-404
-335
-369
-625
-825
-751
-573
-505
-462
-336
-274
-391
-512
-427
-221
-80
10
147
279
281
181
136
225
378
488
539
577
594
531
392
287
297
392
466
460
383
274
163
69
41
115
216
190
38
-48
22
59
-69
-203
-196
-167
-192
-128
48
75
-157
-342
-242
-64
-65
-115
-23
38
-124
-271
-111
139
88
-163
-244
-151
-148
-199
-79
92
-10
-307
-408
-244
-106
-112
-111
-91
-182
-331
-307
-103
48
46
32
100
149
105
73
140
234
258
227
206
201
188
161
130
121
161
240
264
178
36
-65
-105
-104
-29
143
284
208
-55
-236
-201
-83
-1
103
214
139
-143
-357
-305
-132
-38
-7
13
-58
-226
-320
-239
-134
-151
-204
-178
-140
-163
-169
-111
-96
-179
-227
-139
-2
65
73
85
88
60
62
147
241
262
257
302
364
368
327
304
287
226
179
260
417
459
318
149
63
26
13
77
175
149
-53
-267
-306
-213
-158
-195
-240
-271
-339
-408
-368
-226
-170
-291
-423
-380
-227
-158
-168
-112
-14
-58
-217
-231
-30
124
81
31
139
222
116
1
85
233
203
77
92
204
165
-36
-143
-52
50
19
-22
44
74
-91
-290
-255
-42
86
75
63
74
23
-72
-97
-12
95
150
159
173
215
248
209
107
51
98
154
168
245
376
335
53
-186
-160
-7
63
82
129
80
-176
-438
-423
-188
-44
-89
-144
-127
-176
-323
-371
-214
-36
-10
-52
-11
59
25
-55
-12
159
290
285
243
237
212
124
72
158
295
316
210
114
82
38
-27
-28
49
76
-24
-150
-182
-167
-202
-262
-260
-215
-209
-235
-231
-208
-241
-305
-292
-169
-21
61
62
-8
-125
-193
-106
115
305
337
223
61
-75
-128
-46
154
333
328
145
-53
-156
-193
-159
0
194
208
16
-177
-239
-231
-189
-62
105
166
64
-99
-185
-154
-52
55
146
197
159
32
-62
-2
160
263
264
231
193
115
55
122
274
347
265
122
26
-1
16
55
92
81
-5
-123
-192
-171
-110
-91
-134
-186
-195
-175
-148
-112
-77
-87
-143
-173
-120
-24
49
81
91
69
24
1
36
102
162
200
209
162
76
13
-2
2
20
57
63
-18
-130
-170
-168
-203
-240
-204
-161
-206
-284
-271
-204
-203
-244
-206
-99
-53
-61
-4
97
96
-5
-15
131
271
283
251
256
220
117
81
190
302
264
122
25
7
-4
-38
-36
13
16
-58
-110
-99
-107
-178
-228
-197
-134
-72
-15
-4
-87
-195
-210
-125
-20
63
129
142
70
-4
48
179
219
163
167
240
254
210
233
299
242
71
5
127
241
186
82
54
3
-146
-225
-112
15
-31
-163
-204
-182
-231
-320
-305
-198
-144
-153
-114
-29
-32
-157
-257
-202
-28
133
216
216
144
28
-62
-27
138
300
326
237
155
122
95
69
89
129
112
49
13
4
-53
-162
-243
-255
-237
-215
-204
-228
-293
-360
-386
-360
-283
-186
-128
-140
-171
-161
-111
-45
38
129
178
175
179
229
284
295
293
303
304
287
305
358
353
240
106
49
61
91
118
127
60
-105
-257
-264
-162
-101
-122
-158
-195
-267
-325
-288
-182
-118
-123
-130
-92
-56
-51
-24
57
125
128
121
177
249
258
238
269
305
255
165
166
245
268
210
171
160
77
-62
-118
-48
4
-42
-105
-123
-180
-315
-393
-310
-178
-159
-219
-242
-233
-265
-288
-200
-55
7
-26
-37
16
54
49
75
161
236
249
225
196
168
153
160
201
241
221
121
-3
-77
-88
-69
-57
-80
-136
-205
-272
-335
-348
-301
-249
-234
-229
-210
-207
-235
-231
-149
-42
16
40
89
145
155
144
177
241
273
275
313
383
381
284
202
210
242
230
218
220
159
8
-114
-113
-60
-79
-159
-202
-212
-264
-342
-352
-297
-276
-300
-286
-212
-163
-203
-258
-216
-89
12
65
132
192
156
74
97
247
374
383
348
337
305
234
211
270
306
244
152
110
102
74
22
-30
-81
-145
-183
-165
-129
-141
-202
-273
-315
-296
-215
-129
-101
-136
-185
-206
-176
-89
17
72
54
15
-2
19
68
130
179
190
177
155
136
119
104
88
78
79
74
43
-5
-57
-116
-162
-161
-126
-113
-138
-178
-212
-236
-228
-179
-127
-107
-111
-101
-68
-17
42
92
113
112
108
121
163
226
267
263
238
219
204
191
196
221
217
168
110
73
38
-8
-52
-62
-54
-66
-106
-144
-178
-234
-286
-269
-187
-128
-130
-151
-169
-199
-211
-151
-40
37
38
-4
-50
-79
-63
5
96
162
164
112
48
16
33
80
124
145
137
98
36
-13
-23
1
23
40
50
40
-3
-63
-94
-79
-48
-32
-32
-41
-63
-87
-79
-27
31
56
61
71
73
49
31
46
76
91
100
114
110
64
4
-25
-14
3
15
29
34
-1
-69
-117
-116
-102
-108
-111
-95
-100
-145
-175
-153
-106
-69
-30
15
20
-31
-78
-61
7
84
153
202
196
138
85
101
165
225
257
252
194
103
43
59
119
170
180
137
46
-56
-115
-102
-53
-17
-24
-72
-131
-168
-161
-121
-84
-73
-84
-107
-127
-143
-147
-141
-127
-107
-69
-21
0
-17
-45
-52
-21
46
124
164
140
61
-32
-78
-56
4
78
133
110
29
-30
-46
-55
-58
-53
-42
-23
-48
-146
-199
-151
-128
-161
-99
61
133
59
-25
-30
9
43
75
123
155
109
26
27
138
236
228
166
120
63
-34
-118
-120
-42
45
89
125
168
145
14
-109
-134
-155
-274
-413
-501
-596
-640
-414
169
810
1197
1391
1322
699
-369
-1239
-1615
-1780
-1938
-1683
-1036
-671
-276
691
2067
2962
2896
2755
2268
891
-583
-1547
-1717
-1956
-2008
-910
325
1223
1539
1723
1577
466
-570
-1213
-1378
-1607
-1528
-849
-214
319
481
768
666
153
-226
-493
-457
-509
-345
-85
-20
92
347
658
698
591
386
8
-481
-841
-734
-388
-17
325
618
802
519
90
-111
-270
-479
-609
-356
-6
89
146
356
517
321
-22
-183
-327
-655
-822
-525
-127
21
119
353
431
186
-18
26
123
130
203
402
480
397
278
228
152
37
-94
-171
-171
-254
-292
-398
-321
-156
30
494
926
1414
1388
980
347
-588
-1310
-1847
-1730
-1307
-756
-41
426
695
525
222
-140
-591
-885
-942
-663
-266
199
643
906
907
690
546
377
188
71
53
152
65
42
132
222
227
86
167
245
206
50
-133
-210
-422
-534
-373
-34
185
142
84
-5
-184
-417
-479
-324
-182
-64
-19
114
133
-66
-221
-346
-255
-238
-230
-131
-17
172
153
129
55
-49
-265
-394
16
607
1178
1471
1679
1634
861
-29
-689
-1015
-1274
-1445
-995
-480
-194
-81
3
-13
-460
-791
-798
-503
-182
134
514
581
501
311
249
164
8
100
222
368
463
571
596
422
290
211
149
103
91
14
-202
-389
-362
-181
-82
-50
-16
-38
-191
-424
-377
-235
-204
-214
-190
65
127
6
-25
-7
-37
-263
-329
-70
93
-36
-52
31
7
-117
-291
19
382
316
284
316
502
508
76
-98
33
3
-203
-140
384
630
115
-317
-65
42
-270
-300
228
583
23
-405
-50
80
-430
-882
-448
-9
-189
62
577
601
-28
-516
-469
-554
-477
78
582
541
413
332
-27
-479
-587
-210
-104
79
675
980
702
-88
-512
-627
-799
-618
-179
586
904
559
321
-174
-627
-849
-814
-378
-29
477
1124
1032
564
528
-56
-806
-849
-648
-73
363
685
980
654
8
-473
-748
-887
-501
-125
-124
213
406
366
263
-37
30
-230
-531
80
429
168
-228
-470
133
210
-398
507
771
-50
-207
-468
145
378
-100
424
363
-54
37
-281
-370
-219
-495
-212
-22
21
480
336
-74
-435
-454
-297
-152
24
294
707
259
-229
-123
234
239
-330
-132
373
268
17
50
506
103
-580
-559
-169
232
-72
494
383
-334
-419
-183
-87
-121
129
468
504
-70
429
369
-842
-930
-832
-531
-452
389
1246
628
-124
-149
-115
-919
-549
240
471
330
181
821
440
-417
-238
18
-449
-602
106
999
960
330
262
325
-489
-983
-695
-292
-170
91
418
730
-98
-346
-372
-961
-808
112
506
169
132
586
-52
-942
-422
699
379
-147
308
773
268
-675
-295
115
210
85
7
583
289
6
-229
-323
84
-451
-365
115
146
452
145
-54
-246
66
-122
-384
-284
-8
172
-397
-63
388
-104
-255
-70
59
41
-320
557
649
-41
110
-328
-390
69
139
566
799
186
-8
15
-329
224
176
-197
-252
-519
-62
-212
-273
516
277
-639
-567
146
283
-314
-583
570
608
-656
-222
531
50
-915
-701
656
452
-356
122
676
424
-412
-355
357
38
-323
113
484
152
-154
149
261
-43
-302
157
407
140
276
261
136
-484
-758
-264
-303
-211
239
457
333
109
-385
-470
-443
-669
-82
107
400
828
192
-41
101
-81
-84
-155
51
438
-174
-232
145
-48
34
-186
58
233
-209
-147
-139
216
343
-104
-49
-120
-312
-486
-416
249
556
375
209
168
-40
-383
-676
-404
280
-79
-151
561
486
-99
-595
-58
414
-257
126
1188
942
-21
-337
20
-388
-933
-187
720
916
523
157
-234
-678
-575
-719
-629
102
506
315
-65
255
150
-1255
-1489
-53
510
500
495
813
1208
-324
-946
-8
65
-233
-742
210
1136
117
-214
124
282
-204
-579
-13
4
262
498
361
228
-162
194
-263
-1130
-347
257
88
373
323
138
3
-734
-649
-237
193
488
238
600
607
-372
-707
78
-153
-469
38
499
713
-57
-135
-78
-354
-458
-290
98
262
844
25
-267
393
36
-474
-1151
-131
951
180
-129
679
916
-312
-1184
-339
638
-299
-1002
345
1156
50
-821
-151
524
-338
-1440
-294
1076
744
158
-101
248
170
-620
-749
-12
940
580
-286
112
564
-64
-958
-263
845
385
-247
259
790
-242
-946
-576
-18
341
16
366
380
-145
-272
-622
-621
-21
615
249
-264
260
812
-32
-1297
-282
790
-225
-575
187
819
195
-962
-120
714
-331
-753
151
572
192
-338
-100
414
55
-188
-146
375
502
-79
11
-24
-14
11
-276
-236
68
191
210
184
152
302
-445
-794
-324
31
575
-36
-137
709
39
-796
-596
169
561
-494
-688
913
772
-473
66
648
-63
-721
-292
531
314
-121
197
440
-258
-823
-5
488
-261
-907
29
1005
139
-488
-7
307
-413
-896
29
507
181
148
-97
-420
30
143
-539
-227
867
874
-331
-326
966
82
-1059
-249
558
479
-351
7
884
285
-881
-720
403
631
143
-340
246
335
-561
-821
-478
480
295
-369
-85
584
755
-724
-955
573
457
-670
-455
1252
1000
-1293
-1055
689
499
-788
-534
956
1033
-771
-823
901
432
-744
-758
317
750
-80
82
224
-105
-334
-455
-233
372
657
213
15
152
226
-675
-866
426
603
-35
-292
165
759
94
-846
-255
395
-134
-397
201
753
-115
-992
-337
-53
-47
40
-97
411
626
124
-666
-245
610
-402
-764
292
1146
352
-891
35
737
-159
-713
42
842
155
-955
-389
688
131
-714
-254
706
305
-411
-8
402
180
-535
-429
243
310
259
-139
-212
386
229
-460
-355
409
359
-172
-438
15
532
-383
-519
9
60
-52
-222
479
392
-42
-3
-197
-168
46
351
202
-37
75
197
-212
-416
53
58
-289
-147
751
847
-343
-878
6
326
-620
-651
435
1053
-310
-1254
423
904
-549
-942
151
946
-31
-885
383
1118
-96
-879
-517
418
444
-588
-132
1240
792
-657
-698
142
359
-127
-402
220
658
188
-418
-393
270
310
-770
-809
704
937
-430
-786
246
446
-582
-694
666
1064
-283
-798
11
423
-192
-587
91
473
7
-297
233
236
-292
7
8
-174
133
448
478
-38
-299
-195
-138
-13
113
235
43
94
202
-153
-73
-29
-240
-261
-54
278
-80
-454
119
451
-279
-737
86
799
74
-534
102
603
96
-700
-373
519
583
100
-225
396
874
-294
-1191
-368
484
107
-417
94
821
395
-676
-621
209
140
-721
-399
1079
925
-453
-952
10
381
-828
-556
757
1066
81
-680
201
431
-329
-679
-191
755
445
-390
-131
318
-57
-717
-404
590
640
-91
-50
456
294
-455
-664
154
267
-212
-222
405
730
-562
-1007
-71
419
-27
-553
374
1240
228
-1213
-515
528
-52
-421
108
955
541
-645
-526
-7
-15
-220
-117
511
561
-23
-289
-334
-55
31
-90
232
440
213
-222
-218
-194
-184
174
-4
-26
289
309
21
-495
-148
426
50
-462
-311
382
292
-538
-387
429
216
-620
-281
638
531
-345
-291
562
168
-655
-161
807
490
-507
-226
423
196
-373
-409
309
313
-379
-239
300
336
-335
-553
242
263
-239
-169
343
529
-522
-837
328
551
-388
-560
493
832
-226
-689
267
724
-224
-675
108
753
213
-738
-261
604
97
-437
-198
376
418
-506
-531
335
425
-185
-433
230
464
-215
-492
-1
396
53
-414
-3
587
221
-224
-192
-54
-40
-248
-228
207
592
91
-453
-72
177
5
-315
-289
344
363
-51
5
6
-84
-231
-337
139
409
146
21
-82
61
152
-237
-183
140
213
134
-170
-98
175
-52
-315
-109
220
153
66
31
-108
-186
-333
-149
-33
-55
226
274
175
-85
-187
46
-117
-180
175
256
215
169
24
-20
-312
-298
149
172
159
17
-131
-4
-238
-150
190
162
22
-161
54
43
-225
-33
113
31
-220
7
584
164
-507
-148
185
-104
-259
106
600
216
-270
-104
-31
-81
-221
-170
115
124
55
174
191
-53
-264
-235
53
242
-29
-116
207
188
-258
-338
90
223
-91
-340
94
450
-31
-180
78
139
-128
-292
70
198
-42
-141
34
46
-103
58
143
17
52
91
-62
-106
23
27
-169
-168
222
275
-91
-138
28
-17
-120
-18
196
105
-165
-89
85
52
-11
8
76
-48
-263
-139
177
133
-149
-108
237
155
-259
-91
226
148
-245
-301
346
361
-145
-228
44
286
-82
-363
-9
245
145
-128
-111
258
22
-319
-96
55
206
86
-116
94
131
-103
-250
-113
61
89
48
17
114
111
-32
-190
-194
85
224
5
-158
102
240
-208
-459
-35
383
133
-112
96
105
-108
-313
-108
217
71
88
123
37
-4
-250
-81
117
-51
-43
-9
74
13
-140
90
255
-27
-189
-12
74
33
-104
-97
215
204
-214
-207
189
200
-138
-297
90
373
-81
-312
58
225
-27
-256
-65
233
149
-225
-251
210
262
-144
-197
231
210
-326
-228
350
320
-271
-258
148
174
-66
-236
126
220
-118
-100
51
122
2
-134
-14
-54
-152
165
179
-96
-60
-57
8
37
-77
-12
78
61
-7
-44
-1
57
-23
-155
-84
90
143
29
-20
29
13
30
-41
-15
57
-54
-47
-31
79
92
-55
4
63
22
-77
24
141
44
-98
-120
105
123
-174
-246
140
289
-80
-182
84
193
-39
-229
-6
182
42
-233
-203
186
237
-133
-256
195
223
-281
-326
205
360
-20
-264
66
271
-79
-336
-22
294
56
-254
-44
385
247
-265
-242
71
92
-120
-72
253
155
-166
-171
-9
124
-118
-362
30
318
73
-235
-186
159
27
-233
-40
174
164
-85
-65
284
235
-110
-137
111
111
-108
-60
230
273
-74
-236
72
92
-302
-287
110
225
-78
-164
53
11
-214
-263
-23
164
8
-123
31
73
-55
3
131
214
126
36
111
43
-12
57
48
-21
60
150
-42
-73
140
20
-247
-108
146
-58
-312
-83
102
-105
-177
-7
29
-39
-113
-8
123
-37
-12
121
49
-102
-132
110
233
35
-100
138
217
-69
-206
51
328
86
-137
-31
111
73
-182
-217
-22
112
47
-32
63
134
8
-224
-187
81
159
-19
-158
-87
86
65
-154
-117
97
33
-144
-88
115
139
-89
-172
63
195
-5
-185
9
266
79
-207
-35
235
136
-125
-111
171
219
-102
-174
152
192
-86
-206
-15
219
6
-280
-118
140
131
-114
-148
72
13
-187
-167
28
188
63
-174
-126
83
114
-34
-134
70
247
-13
-178
21
158
53
-120
-14
214
69
-134
-10
122
36
-75
-20
79
17
-94
-74
27
68
-50
-105
63
128
-87
-194
-7
120
46
-80
-37
92
18
-91
-67
37
32
-44
8
51
20
-18
27
99
53
-47
-112
-66
35
50
3
7
86
60
-80
-116
34
148
-40
-163
18
112
29
-108
-99
97
76
-102
-53
80
77
-49
-99
59
102
-53
-84
6
92
19
-113
-18
77
6
-82
-73
39
75
-12
-43
54
52
-57
-71
-2
52
27
-17
13
82
17
-69
-20
59
56
-36
-17
47
4
-54
-75
32
63
-56
-53
-5
31
4
-69
14
78
15
-41
-39
13
7
-17
12
22
31
43
-8
-25
19
35
31
-9
-23
14
-1
-62
-70
27
98
8
-49
23
13
-92
-123
-9
116
41
-79
-34
54
55
0
-26
7
0
-61
-67
30
126
86
-49
-44
72
54
-20
-14
32
26
-60
-73
22
74
23
-11
-6
-4
-26
-47
-19
-11
-6
14
5
-26
-32
-2
1
-6
0
33
39
-19
-48
-21
17
11
-19
23
81
12
-46
20
42
-22
-60
20
108
62
-26
-48
-14
-6
-37
-22
39
45
9
-16
-25
5
17
-31
-51
3
36
-12
-31
9
13
-40
-50
-5
36
37
-15
-41
-6
24
16
-17
-3
37
28
-20
-41
18
70
-2
-65
11
89
26
-55
-20
56
35
-41
-10
68
29
-58
-49
15
14
-40
-29
43
40
-19
-9
17
-18
-50
-27
11
10
-12
5
15
-3
-23
-19
8
6
-6
-1
26
21
-23
-15
23
30
-9
-24
16
44
7
-18
21
16
-18
-17
27
50
-3
-25
8
9
-31
-27
12
27
8
-12
-9
-21
-25
-28
-30
-3
20
17
-14
-22
-10
-8
-18
-28
6
44
23
-14
-9
6
3
-10
-5
36
43
10
-17
-2
29
21
-3
6
32
26
-17
-20
6
8
-12
-26
10
36
-5
-30
-9
-6
-18
-11
-5
-10
-6
1
-10
-29
-21
9
14
-13
-20
7
14
-1
-8
3
26
19
-14
-7
34
27
-13
-3
41
20
-29
-11
29
41
2
-32
21
41
-11
-45
-9
41
9
-44
-23
26
-2
-46
-27
6
7
-11
-15
-3
0
-8
-14
-11
-4
8
15
9
-5
7
27
6
-18
10
31
0
-14
18
38
13
-11
6
30
12
-29
-31
5
15
-19
-25
20
32
-10
-36
-17
8
3
-15
-9
9
-2
-21
-13
3
3
-6
-11
-3
10
10
4
-1
-8
-5
12
21
7
-11
-3
7
0
0
14
13
3
-4
-6
7
15
-6
-22
-2
17
3
-13
-1
7
-9
-13
-2
5
11
-5
-21
-9
1
-8
-9
-2
6
9
7
4
-2
-4
-4
-8
0
19
18
-3
-5
10
11
-2
0
15
15
-8
-11
10
12
-9
-15
5
16
-1
-16
-5
-1
-13
-12
5
10
-2
-10
-8
0
0
-4
1
6
0
0
9
10
7
6
5
0
-5
-1
9
2
-5
8
13
-1
-7
5
12
-7
-21
-5
9
-7
-27
-15
14
10
-13
-8
16
19
-4
-22
1
22
1
-18
1
27
16
-16
-15
21
19
-12
-3
22
15
-6
-10
8
8
-13
-6
8
-1
-6
-8
-8
1
0
-1
-7
-8
-3
-11
-13
-4
1
11
1
-15
7
11
-16
-10
8
10
7
-1
0
15
16
-3
-7
16
24
3
-8
12
23
0
-13
0
10
0
-13
-7
4
3
-10
-11
0
2
-10
-12
-3
-6
-14
-8
-1
-7
-9
0
4
-2
0
12
12
-5
-7
18
24
-5
-13
22
28
-10
-18
21
30
-7
-18
15
28
-7
-31
-3
25
7
-24
-15
16
12
-25
-33
4
19
-14
-36
1
28
-5
-33
0
32
2
-28
0
24
-3
-26
-1
24
11
-8
0
15
9
-6
-5
13
16
0
-2
9
4
-2
5
5
-6
-4
4
0
-7
-4
2
4
-3
-10
-1
12
0
-20
-17
1
1
-14
-10
10
17
-4
-16
3
22
3
-17
1
22
7
-17
-7
20
13
-11
-5
20
17
-9
-10
7
7
-7
-8
0
8
7
-3
-9
3
7
-9
-13
1
8
-3
-9
1
7
-1
-7
-1
3
-1
-4
2
4
0
3
8
3
-3
1
6
-1
-8
-2
8
1
-7
1
12
6
-5
-2
7
3
-10
-12
-1
6
-2
-9
3
14
2
-14
-4
10
1
-13
-5
9
7
-7
-10
3
12
0
-8
2
13
5
-8
-5
7
9
-2
-9
1
11
3
-12
-5
12
9
-10
-10
9
13
-9
-17
0
11
-2
-13
-1
14
8
-11
-13
6
12
-6
-16
5
20
1
-16
-3
17
7
-11
-5
13
8
-8
-10
1
7
0
-7
-4
8
10
-5
-16
-2
13
2
-10
-1
12
0
-14
-8
7
7
-6
-8
5
10
4
-4
0
7
3
-4
-3
2
4
-1
-6
0
10
9
-5
-8
3
3
-3
-2
6
5
-3
-6
-2
3
4
-3
-7
-1
3
-3
-7
2
8
0
-6
0
5
-1
-5
0
4
6
2
1
4
4
-1
-2
1
3
0
-2
-1
1
0
-3
-1
1
0
-2
1
0
-3
-3
2
0
-4
-3
2
1
-5
-5
4
2
-4
-5
4
7
-1
-4
5
9
1
-6
2
6
0
-6
1
6
5
-4
-7
4
9
0
-8
1
9
-1
-12
-3
9
3
-8
-4
8
5
-6
-9
2
7
-1
-6
1
6
0
-6
-2
3
3
-1
-1
1
3
1
-3
-2
3
5
0
-1
2
3
-1
-3
-2
3
3
-2
-3
2
2
0
-2
1
1
0
-3
-2
0
2
1
0
1
1
0
-1
-3
-1
2
1
-1
1
3
2
-1
-5
-1
4
3
-3
-1
2
2
-4
-2
5
3
-4
-4
4
6
-2
-4
2
4
0
-3
-1
2
-1
-1
1
0
2
-1
-1
1
0
0
0
0
0
-1
0
0
1
1
0
0
-1
-2
-1
0
-1
-1
3
3
1
-3
-2
2
0
0
2
4
2
0
0
1
-1
-1
-1
0
0
0
0
0
0
0
1
0
1
0
1
0
-1
0
-1
0
0
0
1
0
-3
-2
1
2
1
-1
0
2
1
1
1
1
2
1
1
0
-1
0
1
0
-1
-1
0
0
0
-1
1
1
-1
-1
1
0
0
0
0
1
0
-2
-1
1
-2
-1
1
2
-1
-3
2
3
1
1
1
2
0
-2
-1
0
1
1
1
2
2
1
-1
0
0
-1
-2
1
1
-1
-1
1
0
-1
0
1
0
-1
0
0
1
0
0
0
0
-1
-1
0
0
0
0
0
0
0
0
1
2
2
2
2
0
-1
-1
1
2
1
1
1
1
0
-2
-2
1
3
1
0
1
1
0
-1
-1
1
3
0
-2
-2
2
0
-2
0
3
3
1
0
1
2
0
0
0
1
0
0
0
-1
0
-1
0
0
-1
0
0
0
-1
0
0
0
0
0
0
0
0
1
-1
0
0
0
0
-1
-1
0
1
0
-1
0
1
1
-1
-1
0
1
0
-1
1
2
1
1
0
0
-1
-1
-1
-1
0
2
1
0
1
0
0
0
-1
0
0
0
0
0
1
0
1
2
2
0
-1
-1
0
0
-2
0
2
2
0
-1
0
0
-1
-2
0
0
0
-2
0
0
0
0
0
0
0
-1
1
0
1
0
0
0
0
1
1
0
-1
0
1
-1
0
0
0
0
0
0
0
0
0
0
0
0
0
1
-1
0
0
0
0
0
0
0
-1
0
-1
0
0
0
0
0
-1
0
1
0
0
0
1
0
0
0
0
0
0
0
0
0
0
0
0
0
0
1
0
1
0
-1
-1
-1
0
0
0
0
0
0
0
-1
0
0
1
-1
0
1
0
0
0
0
0
0
0
-1
0
0
0
0
0
0
0
0
0
0
0
0
0
0
0
0
0
0
0
0
0
0
1
0
1
0
0
0
1
0
0
-1
1
0
-1
0
0
-1
0
0
0
0
-1
0
0
0
0
1
0
0
0
1
0
0
1
-1
0
0
0
0
0
0
-1
0
1
0
0
0
1
-1
0
0
0
-1
0
0
0
-1
0
1
0
-1
0
0
-1
-1
0
0
0
0
-1
-1
-1
0
0
0
0
0
0
0
0
0
1
0
-1
0
1
0
1
0
0
0
-1
0
0
0
0
0
0
-1
1
0
0
0
0
1
0
0
0
-1
0
1
0
0
0
0
0
0
0
0
0
0
-1
1
-1
0
1
0
0
0
0
0
0
0
0
0
0
0
0
0
0
0
1
0
0
0
0
-1
1
0
0
0
0
0
0
0
0
0
0
0
0
-1
0
0
0
-1
0
0
1
1
0
0
0
0
-1
0
1
0
-1
0
0
0
0
-1
0
0
0
0
0
-1
-1
0
0
0
0
1
0
0
0
0
-1
0
0
0
0
0
0
0
0
1
0
-1
0
0
-1
0
0
0
0
0
0
0
0
0
0
0
1
0
0
0
0
-1
-1
0
-1
0
0
0
-1
0
0
0
0
1
1
-1
0
0
-1
-1
0
0
-1
0
0
-1
0
0
-1
1
-1
0
0
-1
0
0
0
0
0
0
0
1
0
0
-1
1
1
0
0
0
0
0
0
0
0
0
1
0
0
0
0
0
0
-1
0
0
-1
0
0
1
0
0
1
0
0
0
1
0
0
0
0
0
0
1
-1
0
0
0
1
0
-1
0
0
0
0
0
-1
0
0
0
0
1
0
0
1
0
0
0
1
0
0
0
0
0
1
0
0
0
0
0
0
0
1
0
0
0
0
-1
0
0
-1
-1
0
-1
0
0
0
1
1
0
0
0
-1
1
0
0
0
0
1
0
1
0
0
1
1
0
0
0
0
0
-1
0
0
0
-1
0
0
1
0
0
0
0
1
0
1
0
0
0
0
-1
0
0
0
0
0
-1
0
0
0
1
1
0
0
-1
0
0
1
0
0
-1
1
0
0
0
0
-1
0
0
0
0
0
0
0
0
0
0
0
1
0
0
0
-1
0
1
0
0
1
-1
0
-1
-1
0
0
0
0
0
0
0
0
-1
0
-1
1
0
1
1
0
0
0
0
0
0
0
0
0
0
0
0
0
0
1
0
-1
0
0
0
0
0
0
-1
0
0
-1
0
0
0
0
0
0
0
1
1
0
0
0
0
0
0
0
-1
0
0
0
0
0
0
-1
-1
0
0
0
0
0
1
0
1
-1
0
0
-1
0
0
0
1
0
0
0
0
0
0
0
1
0
1
0
0
0
-1
-1
0
0
0
0
1
0
-1
0
0
0
0
1
0
-1
0
0
0
0
0
1
0
0
0
0
0
0
0
0
0
0
1
0
0
0
0
0
0
0
0
0
0
0
0
0
-1
-1
0
0
0
0
0
0
-1
0
0
-1
0
0
0
0
0
0
0
0
0
0
0
0
0
0
0
0
0
-1
0
0
1
0
0
-1
1
0
0
0
0
0
0
0
0
0
0
-1
1
0
0
-1
0
0
0
1
0
-1
0
0
0
0
0
0
0
1
-1
0
-1
0
-1
-1
0
0
0
1
0
0
0
0
0
1
0
-1
-1
0
0
0
0
0
0
0
-1
0
-1
0
1
0
0
0
0
1
0
0
0
0
0
-1
-1
0
0
0
0
-1
0
1
0
1
0
0
0
0
-1
0
0
0
-1
0
0
0
0
0
0
0
0
-1
0
0
0
1
0
1
0
-1
0
1
0
0
-1
0
0
0
0
0
0
1
0
1
0
0
0
0
0
1
0
1
0
0
0
1
0
0
0
0
0
-1
0
0
0
0
0
0
0
0
0
-1
0
0
0
0
0
0
0
0
0
0
1
0
1
0
0
1
0
0
1
0
0
1
0
0
1
0
0
0
0
0
0
0
0
0
0
0
1
0
0
-1
0
0
-1
0
-1
0
0
1
1
0
0
0
-1
0
0
0
0
0
0
1
0
0
-1
0
0
0
0
-1
0
1
0
0
0
0
0
-1
0
0
0
0
0
0
0
1
0
0
0
0
0
-1
0
0
0
0
0
1
0
0
0
0
0
0
0
1
0
-1
0
-1
1
0
0
0
0
-1
0
-1
0
0
0
0
-1
1
0
0
0
1
0
-1
0
1
1
0
-1
0
0
0
0
0
0
0
0
-1
0
0
0
0
1
-1
0
0
-1
0
0
0
0
0
1
1
0
0
0
-1
-1
0
0
0
1
0
0
0
0
0
0
1
0
0
-1
0
0
1
0
0
0
0
0
1
0
0
-1
0
0
0
0
0
0
0
0
1
0
0
0
0
0
0
0
0
1
0
0
0
0
0
0
-1
0
0
0
0
1
0
0
1
0
0
0
1
-1
0
-1
0
0
0
1
0
0
0
0
0
0
1
0
0
0
0
0
0
0
0
0
-1
0
0
0
1
0
0
0
1
0
0
0
0
0
0
0
0
0
0
1
0
1
0
-1
0
0
-1
0
0
0
-1
0
0
0
-1
0
-1
1
-1
1
0
0
0
0
0
1
0
1
0
0
0
0
0
0
0
0
0
0
0
1
0
0
-1
0
0
0
0
0
0
0
0
0
0
-1
0
0
1
0
0
-1
0
0
0
0
0
0
0
0
-1
0
1
0
0
0
0
1
0
0
0
0
0
-1
0
0
-1
0
0
0
0
0
0
0
0
0
0
0
1
1
1
1
0
0
-1
1
0
0
0
0
0
0
0
0
0
0
0
0
1
0
0
1
0
1
0
0
1
0
0
0
0
1
0
0
-1
0
0
1
1
0
0
-1
0
-1
-1
0
0
0
1
1
0
-1
0
1
0
0
0
0
1
0
1
-1
0
1
0
0
0
-1
0
0
0
1
0
-1
0
-1
-1
0
0
1
0
0
0
1
1
0
0
1
1
-1
0
-1
0
0
0
1
0
0
0
0
-1
0
0
-1
0
0
-1
-1
1
0
0
0
0
-1
0
1
0
0
0
-1
1
0
1
0
1
-1
0
0
0
-1
0
0
0
0
0
0
0
0
0
0
0
0
0
0
0
0
0
1
0
0
0
0
1
0
0
0
0
0
0
0
0
0
0
0
0
0
0
0
0
0
0
0
0
1
0
0
0
0
-1
0
0
1
0
0
0
0
0
-1
0
0
0
0
0
0
-1
0
0
-1
0
0
0
-1
0
0
0
0
-1
0
0
0
0
0
0
0
0
0
0
0
0
0
0
0
-1
0
0
0
-1
0
-1
0
-1
0
0
0
0
1
0
0
0
0
-1
1
0
0
0
0
0
1
0
0
0
0
0
0
1
0
0
0
0
-1
0
-1
0
0
0
0
0
0
0
0
0
0
0
0
0
0
0
0
0
1
0
1
1
0
1
0
0
0
0
0
1
0
1
0
0
0
1
0
0
-1
0
0
1
0
-1
0
0
0
0
-1
-1
1
0
0
1
0
0
1
0
0
0
-1
1
0
0
0
0
0
0
-1
0
0
0
0
0
0
0
0
0
0
0
0
0
0
0
0
0
0
0
0
-1
0
-1
0
-1
0
0
0
0
0
-1
0
-1
1
0
0
0
0
0
-1
0
-1
0
-1
0
0
0
0
-1
0
-1
0
1
0
0
0
0
0
0
1
0
0
0
0
0
0
-1
0
0
0
0
0
0
0
0
1
0
1
1
0
0
0
0
0
0
0
0
0
0
1
0
1
0
0
0
0
0
0
0
1
0
0
0
1
0
1
1
0
0
0
0
-1
0
0
1
0
0
0
0
0
0
0
0
0
0
0
0
0
-1
0
0
0
0
0
0
0
0
0
-1
0
1
0
0
0
0
0
0
0
-1
1
0
0
0
1
0
1
0
0
0
0
0
0
0
-1
0
1
0
0
0
1
0
0
0
0
-1
1
1
0
0
1
0
0
0
0
0
0
0
0
-1
0
0
0
0
1
0
0
0
0
0
0
-1
-1
1
0
0
1
0
0
-1
0
-1
1
0
1
0
0
0
0
1
-1
0
0
0
0
0
0
0
0
0
0
0
0
0
0
-1
0
0
0
0
1
0
0
0
0
0
0
0
0
-1
0
0
0
-1
0
0
1
0
-1
0
0
0
0
1
1
1
0
0
-1
0
0
-1
0
0
0
0
-1
0
0
0
0
0
0
1
0
0
0
0
0
1
0
0
0
0
0
0
0
-1
1
-1
0
-1
0
0
0
0
-1
0
0
0
0
0
0
0
0
0
1
0
0
0
0
0
0
0
0
0
0
0
0
0
0
-1
0
0
0
1
0
0
0
0
-1
0
-1
0
1
0
0
1
0
0
0
0
0
0
0
0
0
0
1
-1
0
-1
0
0
-1
0
0
0
0
-1
0
0
0
0
0
1
0
0
0
0
0
0
0
-1
0
0
0
0
0
0
-1
0
0
0
0
0
0
-1
0
-1
0
0
0
0
1
0
0
0
0
0
0
0
0
0
0
0
0
1
0
0
0
0
1
0
-1
0
1
0
0
0
0
0
0
0
-1
-1
0
0
0
1
0
-1
0
0
-1
0
0
0
-1
0
0
1
0
0
0
0
0
0
1
0
0
0
0
1
0
0
0
1
1
0
0
0
0
0
0
1
0
1
0
0
0
1
0
0
0
-1
1
1
0
-1
0
0
0
0
0
0
0
0
0
0
0
1
0
1
0
0
0
0
0
-1
0
1
0
0
-1
0
-1
0
0
-1
0
0
0
0
0
0
0
0
0
0
0
0
0
0
0
0
0
0
0
0
0
0
0
0
0
0
0
0
0
0
0
0
0
-1
0
0
0
0
0
0
0
-1
0
0
0
0
0
0
0
0
0
0
0
0
0
0
0
0
0
0
0
0
0
0
1
-1
0
0
0
0
0
0
0
1
0
0
0
0
0
-1
0
0
0
0
0
0
0
0
0
0
-1
-1
-1
-1
0
-1
0
0
0
0
0
0
-1
-1
0
-1
0
0
0
-1
0
0
0
0
0
0
0
1
0
0
0
0
0
0
0
0
0
0
1
1
0
0
0
0
0
0
0
0
0
0
0
1
0
0
0
0
0
1
1
0
0
0
0
0
-1
0
0
0
0
0
0
1
0
0
1
0
0
0
1
0
0
1
0
1
1
0
0
0
0
0
0
0
0
0
0
1
0
1
1
-1
0
0
0
0
0
0
0
0
0
0
0
1
0
0
1
0
0
0
1
0
0
0
-1
0
0
0
0
0
0
0
0
0
0
1
0
0
0
-1
-1
0
0
0
0
0
0
0
0
0
0
-1
0
1
0
0
0
0
0
0
0
-1
0
1
0
0
0
0
-1
0
-1
-1
0
0
0
0
1
0
0
0
0
0
0
0
0
1
1
0
1
-1
0
0
0
0
0
0
0
0
0
0
0
0
0
0
0
0
0
0
0
0
0
0
0
0
0
0
0
0
-1
1
0
1
0
0
1
0
0
0
0
0
1
-1
0
0
0
0
0
1
0
0
-1
0
0
0
0
1
0
0
1
-1
-1
0
0
0
0
0
0
0
0
0
0
0
-1
0
0
0
1
0
0
0
0
1
0
-1
-1
0
0
0
-1
0
0
0
0
0
-1
0
0
0
0
-1
0
0
0
0
0
0
0
0
0
0
0
0
0
0
-1
0
0
0
0
0
0
0
0
0
1
0
-1
0
0
0
0
0
0
0
0
0
0
0
0
0
0
0
0
0
0
0
-1
0
0
0
0
0
0
0
0
0
0
0
0
0
1
0
0
0
0
0
0
0
1
0
0
0
1
1
0
0
0
-1
1
1
0
0
0
0
0
0
0
1
0
0
0
1
0
0
0
0
0
-1
0
0
0
0
0
0
0
0
0
0
-1
-1
-1
0
0
0
0
-1
0
0
0
0
0
0
0
0
0
1
0
1
0
0
0
0
0
0
1
-1
0
1
-1
0
0
0
0
0
0
0
-1
0
0
0
-1
0
-1
0
0
0
0
0
-1
0
0
0
0
0
0
-1
0
0
0
0
0
0
0
0
-1
-1
0
0
0
0
0
1
0
0
0
0
0
-1
0
0
0
0
0
0
0
0
0
1
0
1
0
0
1
-1
1
0
0
0
-1
-1
0
0
0
-1
0
-1
0
0
0
-1
0
0
0
0
1
0
0
0
0
0
0
1
0
1
0
0
0
0
0
0
1
0
0
0
1
1
0
0
0
0
0
0
0
0
-1
1
0
0
0
0
0
0
0
1
0
0
-1
0
0
0
-1
-1
0
0
1
0
-1
0
0
0
0
0
0
-1
-1
0
0
-1
1
0
1
0
0
0
0
0
0
1
0
0
0
-1
0
0
0
0
0
1
-1
0
0
0
0
0
0
0
0
0
1
0
0
0
0
0
0
-1
0
0
-1
0
0
-1
0
0
0
0
0
0
0
0
1
0
0
-1
1
0
0
-1
-1
0
0
0
1
-1
0
0
0
-1
1
0
0
0
1
-1
0
0
0
0
0
0
0
0
0
0
0
-1
0
0
0
0
0
0
0
0
0
0
1
-1
0
0
-1
1
0
0
0
0
0
0
0
0
0
0
0
0
0
0
-1
0
0
0
0
0
0
0
-1
0
0
0
-1
0
0
-1
-1
0
0
0
0
0
1
1
-1
0
-1
0
0
0
0
0
0
0
0
1
0
0
0
0
-1
1
0
0
1
0
0
0
0
0
1
1
0
0
0
0
0
-1
0
-1
1
0
1
0
0
1
0
0
1
0
0
0
1
-1
-1
1
0
0
0
-1
0
0
1
0
0
0
0
0
0
-1
0
0
0
-1
0
0
1
1
-1
0
0
0
0
0
0
0
0
0
-1
1
0
0
1
0
0
0
0
1
-1
0
0
0
0
-1
1
0
0
-1
0
0
0
0
0
-1
0
-1
1
0
0
1
0
0
0
0
0
0
0
0
-1
0
0
0
1
0
1
0
0
0
0
-1
0
0
1
1
0
0
0
-1
-1
0
0
0
-1
0
0
1
0
1
0
0
1
0
0
1
0
0
0
0
0
0
0
0
0
0
0
-1
1
0
0
0
0
0
0
0
0
0
0
-1
0
-1
0
0
0
0
0
-1
0
0
0
1
0
0
0
0
0
0
0
0
0
-1
1
1
-1
0
0
0
0
0
0
0
0
0
0
0
0
0
-1
0
0
0
0
0
0
0
0
-1
0
0
0
0
-1
0
-1
0
0
0
0
0
-1
0
0
-1
0
0
0
1
0
0
0
0
0
0
1
0
0
0
0
0
1
0
0
0
1
1
0
0
0
0
0
0
0
0
1
1
1
0
0
-1
0
0
0
-1
-1
0
0
0
0
0
0
0
0
0
0
0
0
0
0
0
0
0
0
0
0
0
1
1
1
0
-1
0
0
0
0
0
0
1
-1
-1
0
0
0
0
0
1
0
-1
0
0
0
0
0
0
0
0
-1
0
0
0
0
1
0
0
0
0
0
-1
1
1
0
0
0
0
1
0
0
0
0
0
0
0
0
0
0
0
0
1
0
0
0
0
0
0
1
0
0
0
0
0
0
0
0
0
0
1
0
-1
0
0
0
0
-1
0
0
0
0
0
0
-1
0
0
-1
0
0
0
-1
1
0
0
0
0
0
0
0
0
0
0
0
0
0
-1
0
-1
0
0
0
0
0
0
0
0
0
1
0
0
0
0
0
0
0
0
0
0
0
1
0
0
0
0
0
0
0
0
0
-1
0
0
1
0
0
0
0
0
0
0
1
0
0
0
0
0
0
-1
0
1
0
0
0
0
0
0
0
0
-1
0
0
0
0
0
0
0
0
1
0
-1
0
1
0
0
-1
0
0
0
0
-1
0
0
0
0
1
0
0
0
0
0
0
0
0
-1
0
0
0
0
0
0
0
0
0
1
0
0
0
0
0
1
0
0
1
0
1
-1
0
0
0
0
0
0
0
0
-1
0
-1
-1
0
0
0
0
0
0
0
0
0
0
-1
0
-1
0
0
0
0
0
0
-1
0
0
0
0
0
0
0
0
0
0
0
0
0
0
0
0
0
1
1
0
-1
0
0
0
0
0
0
0
0
0
0
0
0
0
0
0
0
1
0
0
0
0
0
1
0
0
0
0
0
0
0
-1
-1
0
0
0
0
0
-1
-1
0
0
0
-1
1
0
0
-1
0
0
0
0
0
0
0
0
0
0
0
0
0
0
0
0
1
0
0
-1
0
0
0
0
0
0
1
0
0
-1
-1
0
0
0
0
-1
0
0
0
0
0
1
0
0
1
0
1
0
0
0
0
0
0
-1
0
0
0
0
0
0
1
0
0
0
0
0
0
-1
-1
0
-1
0
0
0
0
0
0
0
0
0
0
0
0
0
0
-1
0
0
0
0
1
0
0
0
0
0
0
0
0
0
0
-1
1
-1
0
0
0
0
0
0
0
0
1
0
1
0
0
0
1
-1
0
0
0
0
0
0
0
0
0
0
-1
0
0
0
0
1
1
0
1
0
0
0
0
0
0
0
0
0
0
-1
-1
-1
-1
0
0
0
0
0
-1
0
0
0
0
0
-1
0
-1
0
1
0
0
1
0
0
-1
0
-1
0
0
0
-1
0
1
-1
0
0
0
0
-1
0
1
0
-1
1
1
0
1
-1
0
0
1
0
0
-1
1
0
0
1
0
0
0
0
1
0
0
0
0
1
0
-1
0
-1
0
1
0
1
-1
0
1
0
0
0
0
0
-1
0
0
0
0
0
0
0
0
0
0
-1
0
1
0
1
0
-1
0
0
1
0
0
0
0
0
0
-1
0
-1
0
0
0
0
0
0
0
1
0
1
0
0
0
0
0
-1
0
0
0
0
0
-1
0
0
0
0
0
0
1
0
0
0
0
1
0
0
0
0
0
0
0
0
0
-1
0
1
0
0
0
0
0
0
0
0
0
0
0
0
0
0
0
-1
1
0
0
0
-1
0
0
0
1
0
0
0
-1
0
0
0
0
1
1
0
1
0
0
-1
0
-1
0
0
0
0
0
0
0
0
0
0
0
0
0
1
0
0
0
0
0
0
0
0
0
0
0
0
0
0
0
0
0
0
1
0
0
0
1
0
0
0
0
0
0
0
0
1
1
0
0
1
0
0
0
0
0
1
0
0
-1
1
0
-1
-1
0
0
0
0
0
1
0
1
0
0
0
1
0
-1
0
-1
0
0
-1
0
0
0
-1
0
0
0
0
0
0
0
0
1
-1
0
0
0
0
-1
0
0
0
0
0
1
0
0
0
0
0
0
0
0
1
1
0
0
0
0
0
0
0
0
0
1
0
-1
0
0
0
0
0
0
0
0
0
0
1
0
1
1
1
0
0
0
0
0
0
0
0
0
0
0
0
-1
0
0
0
-1
0
-1
0
0
0
0
0
0
0
-1
1
0
1
0
0
0
0
1
1
0
-1
0
1
-1
0
0
0
0
0
0
0
0
0
0
0
0
0
1
-1
0
0
0
0
0
0
0
-1
0
-1
0
0
0
0
0
-1
0
1
0
0
0
1
0
0
0
0
0
0
0
0
0
0
0
0
0
0
1
0
1
0
-1
-1
-1
0