-7
186
188
-64
-305
-184
250
594
656
659
795
960
1076
1266
1549
1668
1467
1197
1179
1337
1357
1158
866
510
52
-342
-476
-532
-925
-1713
-2424
-2735
-2948
-3478
-4212
-4724
-4834
-4658
-4438
-4478
-4797
-4867
-4215
-3234
-2708
-2663
-2418
-1611
-542
323
756
891
1114
1691
2539
3342
3734
3614
3360
3446
3857
4224
4286
4013
3557
3195
3143
3324
3402
3059
2373
1747
1385
1160
960
692
184
-518
-1061
-1245
-1290
-1496
-1933
-2447
-2817
-2933
-2848
-2730
-2779
-3029
-3228
-3104
-2772
-2533
-2408
-2213
-1946
-1676
-1266
-660
-197
-149
-197
137
764
1241
1431
1500
1517
1519
1713
2126
2313
1901
1280
1173
1654
2040
1817
1141
450
143
459
1132
1339
620
-400
-677
35
915
1011
284
-475
-574
57
978
1471
1123
416
240
809
1563
1961
1872
1438
937
744
1082
1700
1948
1468
594
-75
-244
20
349
202
-662
-1831
-2624
-2747
-2530
-2572
-3167
-4046
-4666
-4684
-4241
-3870
-3982
-4330
-4279
-3598
-2722
-2211
-2118
-1996
-1469
-615
226
788
989
1065
1401
2024
2597
2956
3150
3155
3013
2991
3205
3473
3589
3472
3158
2820
2644
2648
2682
2542
2116
1523
1016
763
719
614
203
-407
-881
-1106
-1249
-1393
-1510
-1661
-1909
-2157
-2259
-2253
-2244
-2216
-2127
-2065
-2103
-2109
-1917
-1600
-1360
-1224
-1085
-932
-808
-621
-282
70
295
454
602
642
594
677
989
1317
1410
1236
972
833
927
1166
1297
1132
769
512
532
727
864
751
400
64
61
394
710
691
372
44
-6
287
685
810
537
127
-46
172
618
884
657
131
-123
178
678
853
577
137
-104
23
370
576
402
-5
-268
-185
46
107
-77
-352
-609
-814
-881
-809
-825
-1101
-1484
-1712
-1776
-1809
-1798
-1695
-1659
-1848
-2059
-1973
-1658
-1436
-1354
-1175
-875
-665
-569
-401
-126
142
398
695
930
972
886
895
1096
1342
1437
1359
1255
1199
1144
1086
1097
1146
1075
843
630
543
486
365
252
214
151
0
-133
-177
-219
-347
-465
-476
-456
-509
-594
-620
-626
-675
-693
-576
-398
-335
-386
-376
-233
-66
46
164
321
436
472
504
594
706
810
917
973
885
719
673
799
930
900
720
500
365
382
472
458
276
35
-133
-190
-151
-94
-151
-356
-576
-671
-625
-509
-425
-466
-646
-829
-846
-652
-407
-308
-410
-579
-635
-508
-258
-25
40
-87
-240
-221
-32
142
180
125
58
13
29
120
223
214
83
-30
-6
100
147
93
10
-45
-65
-43
39
110
87
-2
-57
-56
-28
22
71
35
-97
-171
-102
-15
-53
-163
-190
-104
-14
-19
-98
-156
-127
-33
50
66
-9
-119
-136
-19
85
27
-141
-255
-252
-196
-153
-161
-270
-449
-541
-429
-244
-218
-363
-466
-388
-212
-50
54
67
15
34
232
493
613
576
533
585
737
951
1129
1152
1026
938
1025
1201
1281
1202
1068
988
962
936
881
794
666
518
416
384
343
214
16
-153
-248
-315
-419
-557
-693
-824
-943
-1012
-1047
-1145
-1321
-1471
-1528
-1509
-1461
-1425
-1461
-1572
-1661
-1605
-1390
-1161
-1082
-1140
-1158
-1006
-734
-468
-288
-210
-198
-136
86
408
636
678
651
693
803
921
1047
1157
1144
997
898
999
1183
1229
1112
976
908
896
934
1000
1013
902
733
653
691
725
657
522
406
325
259
220
200
143
25
-104
-188
-228
-266
-326
-379
-416
-480
-585
-655
-655
-657
-735
-836
-864
-823
-796
-817
-867
-911
-926
-893
-811
-731
-705
-722
-720
-671
-594
-493
-365
-259
-227
-213
-114
74
241
334
402
492
594
692
807
916
964
949
938
963
988
973
927
874
809
727
645
575
510
438
359
266
144
29
-47
-113
-209
-323
-419
-504
-592
-667
-722
-765
-799
-807
-801
-815
-854
-858
-783
-665
-576
-535
-519
-489
-408
-277
-142
-60
-33
-27
21
135
279
372
384
373
391
425
458
515
579
581
494
406
390
416
415
376
315
235
150
104
112
138
122
44
-58
-127
-125
-57
21
35
-31
-121
-159
-114
-8
82
79
-13
-92
-81
-7
52
58
-1
-101
-164
-139
-87
-97
-162
-218
-251
-298
-341
-343
-328
-349
-399
-426
-404
-372
-362
-371
-362
-316
-244
-182
-151
-127
-69
29
134
214
260
279
316
409
544
645
663
645
651
690
728
755
772
756
704
653
624
590
537
481
416
332
231
136
50
-30
-101
-171
-276
-422
-558
-624
-617
-610
-658
-744
-815
-845
-807
-705
-615
-610
-668
-681
-617
-514
-401
-292
-238
-272
-312
-241
-61
93
139
122
113
139
212
331
439
452
373
314
355
458
529
505
417
331
297
312
343
342
270
158
88
94
110
72
-4
-68
-101
-110
-97
-85
-112
-177
-203
-146
-72
-67
-111
-126
-97
-64
-36
-11
-21
-83
-129
-96
-33
-48
-144
-223
-226
-196
-181
-191
-230
-291
-311
-251
-180
-180
-211
-195
-141
-99
-74
-39
13
74
130
157
155
167
226
309
370
397
402
379
347
366
447
509
476
404
377
392
391
378
377
364
310
254
227
201
155
114
79
12
-83
-164
-212
-242
-277
-336
-413
-473
-502
-519
-535
-533
-519
-532
-577
-577
-497
-424
-430
-441
-389
-348
-352
-301
-176
-99
-118
-117
-27
75
125
153
201
252
284
317
366
423
443
411
367
358
388
434
453
403
298
222
238
297
307
254
180
117
84
81
80
41
-26
-86
-116
-129
-141
-168
-212
-254
-272
-264
-236
-217
-244
-310
-335
-285
-229
-228
-250
-245
-236
-252
-254
-207
-147
-126
-139
-149
-129
-84
-29
27
68
75
51
59
118
183
203
188
176
186
212
242
265
275
264
243
241
274
322
358
355
319
278
259
281
327
347
308
234
180
174
184
177
144
93
33
-18
-42
-56
-88
-148
-210
-245
-261
-282
-321
-363
-388
-390
-383
-387
-406
-425
-424
-397
-361
-340
-342
-347
-331
-288
-236
-198
-184
-177
-161
-114
-43
15
40
44
61
106
161
207
233
244
241
242
259
286
300
289
273
259
248
237
228
221
206
188
173
160
133
103
92
89
80
51
22
1
-8
-16
-21
-36
-60
-80
-84
-76
-77
-91
-101
-106
-111
-117
-113
-101
-100
-110
-113
-102
-84
-68
-56
-42
-34
-28
-19
0
22
39
46
50
55
62
66
69
78
90
99
98
91
85
85
96
111
117
103
83
72
78
90
89
73
42
12
-2
8
24
18
-16
-56
-77
-72
-54
-43
-53
-88
-125
-135
-110
-76
-66
-96
-136
-155
-139
-106
-83
-85
-115
-146
-148
-116
-78
-70
-95
-122
-125
-106
-74
-47
-45
-68
-88
-68
-19
15
21
14
14
22
43
81
117
123
104
97
115
139
153
159
156
143
125
119
125
126
111
92
75
56
33
13
6
6
-7
-35
-69
-92
-94
-82
-72
-78
-107
-140
-149
-122
-82
-69
-88
-109
-105
-77
-40
-8
1
-9
-16
6
47
83
91
83
80
90
111
132
142
136
125
124
134
142
139
129
122
119
122
128
128
112
91
84
91
96
84
59
36
23
24
27
19
-5
-39
-57
-56
-49
-58
-79
-104
-117
-120
-119
-123
-134
-148
-157
-157
-149
-146
-154
-164
-166
-157
-144
-135
-135
-142
-147
-139
-120
-100
-94
-103
-112
-104
-80
-55
-40
-39
-41
-37
-18
9
32
44
49
56
66
82
104
127
145
145
134
127
142
169
189
183
157
129
120
133
152
146
115
75
53
52
54
44
24
1
-22
-41
-52
-59
-66
-74
-85
-97
-115
-126
-120
-101
-91
-100
-114
-118
-105
-79
-49
-28
-24
-29
-23
1
42
80
95
88
73
74
105
148
171
154
117
95
106
139
160
148
115
87
83
99
115
112
90
63
50
51
53
51
45
36
18
0
-7
-1
1
-4
-17
-34
-51
-60
-56
-49
-60
-84
-109
-117
-116
-115
-121
-135
-151
-164
-166
-161
-158
-164
-173
-169
-158
-150
-149
-150
-145
-132
-117
-106
-100
-99
-96
-83
-57
-38
-32
-37
-31
-10
15
34
45
48
49
56
82
110
122
115
110
117
132
144
150
151
140
124
116
121
125
116
97
74
52
37
35
37
26
-3
-33
-46
-40
-34
-34
-50
-75
-88
-77
-52
-37
-45
-66
-73
-55
-22
1
3
-12
-20
-9
23
54
64
55
43
47
67
89
98
93
85
79
80
88
97
99
95
88
81
72
65
66
73
76
66
46
26
19
27
37
34
12
-17
-32
-23
-5
1
-12
-35
-53
-51
-35
-16
-14
-31
-52
-62
-54
-34
-27
-38
-58
-76
-80
-72
-60
-59
-75
-100
-110
-101
-88
-90
-105
-122
-134
-129
-120
-117
-128
-143
-147
-138
-125
-120
-126
-127
-118
-100
-82
-66
-60
-53
-36
-8
20
39
52
67
86
106
124
140
152
159
165
170
171
169
166
161
152
137
119
100
85
72
59
40
17
-5
-19
-25
-32
-39
-46
-53
-61
-59
-52
-42
-35
-31
-22
-13
-3
6
19
35
46
53
53
57
66
79
91
94
89
81
77
83
90
87
78
64
56
54
54
51
43
31
23
18
17
11
6
1
-6
-11
-15
-19
-23
-27
-29
-32
-36
-40
-44
-46
-46
-45
-42
-40
-44
-45
-43
-39
-38
-35
-34
-33
-38
-44
-44
-39
-37
-44
-54
-61
-68
-74
-78
-79
-86
-100
-116
-122
-119
-115
-117
-128
-137
-140
-133
-119
-106
-102
-105
-102
-84
-59
-37
-24
-17
-4
14
36
59
77
87
94
107
124
138
144
146
145
145
145
142
134
124
111
101
91
77
58
39
24
13
-1
-16
-29
-43
-55
-59
-61
-63
-66
-69
-68
-60
-49
-38
-30
-23
-12
3
23
41
53
60
68
82
97
113
122
124
122
125
129
134
137
133
124
113
107
103
98
91
79
64
50
42
35
25
14
0
-16
-28
-41
-44
-48
-61
-76
-90
-94
-93
-94
-97
-103
-106
-108
-105
-100
-95
-95
-96
-94
-89
-84
-81
-80
-79
-76
-72
-69
-71
-75
-78
-77
-74
-72
-76
-82
-87
-89
-83
-78
-76
-81
-85
-81
-72
-60
-51
-46
-45
-38
-23
-4
13
24
31
37
52
71
88
100
103
105
113
122
131
135
133
127
123
118
113
106
98
85
71
56
41
28
15
4
-9
-22
-34
-44
-51
-54
-59
-62
-63
-63
-59
-53
-45
-36
-28
-19
-8
3
15
29
41
54
68
84
95
105
113
119
126
133
137
140
139
136
135
132
129
122
114
104
93
86
76
65
52
36
22
10
-1
-13
-27
-42
-55
-66
-75
-84
-91
-100
-106
-114
-118
-122
-124
-125
-128
-128
-127
-127
-125
-123
-122
-119
-115
-110
-107
-104
-103
-99
-95
-91
-86
-84
-82
-80
-79
-75
-71
-68
-66
-63
-60
-53
-50
-45
-40
-34
-25
-14
-5
3
11
22
35
48
60
69
78
89
101
109
117
122
125
130
134
133
131
126
116
110
100
90
78
62
45
31
17
4
-11
-26
-41
-52
-62
-67
-75
-81
-85
-87
-85
-81
-77
-72
-64
-53
-40
-25
-11
1
14
30
47
66
80
91
104
116
128
138
146
150
153
157
158
156
153
149
143
136
128
118
108
97
86
72
59
46
32
19
4
-9
-23
-34
-46
-58
-70
-81
-92
-101
-108
-114
-122
-128
-134
-138
-140
-143
-143
-146
-144
-143
-141
-136
-132
-127
-121
-116
-110
-105
-99
-94
-88
-83
-76
-72
-67
-63
-58
-53
-50
-45
-39
-34
-28
-23
-16
-10
-4
5
14
21
30
41
50
59
68
78
86
93
100
106
109
112
113
112
110
105
100
92
84
73
63
49
36
23
10
-3
-17
-30
-40
-49
-57
-65
-73
-76
-76
-72
-66
-62
-58
-51
-40
-25
-12
2
14
26
42
61
80
94
102
109
121
136
147
152
152
150
150
152
153
149
140
125
114
106
101
91
78
59
42
27
18
9
-6
-23
-37
-46
-55
-69
-81
-89
-89
-93
-101
-110
-114
-113
-108
-104
-107
-108
-105
-99
-94
-89
-83
-79
-75
-69
-63
-54
-52
-52
-53
-50
-45
-43
-43
-43
-46
-48
-51
-53
-54
-54
-56
-58
-58
-56
-55
-52
-47
-42
-39
-34
-25
-13
-4
5
14
23
33
41
52
65
73
76
76
77
80
82
83
82
75
67
58
48
40
30
17
4
-13
-26
-37
-44
-52
-61
-72
-79
-80
-74
-69
-68
-70
-67
-55
-37
-19
-8
2
14
32
55
73
88
100
114
129
144
155
163
163
164
166
173
179
176
162
147
136
131
125
116
98
74
57
50
42
27
1
-26
-46
-55
-66
-77
-88
-104
-120
-132
-137
-139
-140
-135
-129
-130
-135
-130
-111
-97
-94
-89
-78
-73
-69
-50
-28
-24
-36
-47
-40
-22
-7
-7
-13
-26
-44
-47
-24
-12
-28
-48
-55
-48
-44
-50
-53
-50
-50
-53
-52
-46
-45
-41
-29
-17
-8
7
21
10
2
29
70
85
76
74
67
59
72
92
93
80
67
49
29
37
64
61
27
-3
-19
-28
-31
-18
-5
-7
-29
-60
-61
-30
-20
-28
-19
-13
-15
-5
8
21
39
56
80
95
83
73
86
116
139
133
114
115
134
153
172
170
158
165
154
130
139
143
111
98
105
100
82
52
12
-38
-75
-68
-28
-6
-45
-132
-151
-110
-132
-179
-172
-165
-182
-179
-148
-118
-133
-167
-159
-132
-143
-149
-92
-48
-80
-104
-74
-56
-55
-35
-38
-79
-90
-65
-38
12
56
26
-27
-27
-6
-20
-39
-23
-2
-6
-5
18
23
5
-1
4
0
-18
-37
-25
18
38
4
-19
18
83
134
115
13
-54
-14
17
-38
-85
-88
-65
-67
-130
-203
-264
-266
-158
-131
-228
-242
-186
-27
295
175
-641
-864
-273
-792
-975
2585
5666
2001
-4095
-4951
-1028
3053
4373
2487
-221
-1076
-294
266
-468
-1356
506
4478
4493
-1323
-5875
-4052
401
2323
1117
-789
-1091
-302
-529
-1542
-1754
-1243
-566
715
2515
2788
97
-2565
-1592
1084
2278
2311
1264
-675
-894
654
777
-955
-1839
-423
1414
986
-1154
-2149
-1117
140
414
465
380
-447
-543
744
966
-174
-432
-83
-249
-466
-480
-304
-403
-1349
-1687
-361
651
-187
-1504
-1375
94
1341
1584
988
-85
-573
428
2065
2629
1529
-26
-298
469
539
-205
-415
61
227
-311
-1013
-1419
-1477
-1093
-283
349
127
-650
-1012
-824
-560
-167
358
655
702
588
267
-117
-341
-212
390
1109
1342
802
-258
-956
-635
166
642
732
574
227
-90
-254
-426
-582
-326
419
934
565
-344
-969
-971
-604
-134
379
611
260
-273
-521
-523
-359
52
700
1135
892
389
128
-70
-91
410
1047
1181
780
267
-110
-375
-476
-304
83
448
378
-240
-828
-961
-866
-657
-208
269
341
-1
-361
-570
-587
-204
292
442
482
537
328
-68
-383
-399
-37
357
457
321
12
-380
-602
-507
-157
194
203
-77
-168
-37
-151
-445
-429
-138
48
99
95
-40
-261
-344
-169
-35
-160
-151
153
223
-93
-269
-28
210
94
12
252
351
83
-104
44
273
311
73
-268
-324
-21
233
216
51
-107
-151
-183
-305
-218
196
457
190
-224
-226
-35
-112
-236
-55
264
341
53
-309
-453
-388
-160
134
273
127
-166
-284
-133
-17
-89
-62
228
487
442
231
31
-108
34
542
887
574
49
57
412
420
62
-160
-30
207
262
92
-203
-402
-345
-225
-157
-59
-18
-108
-199
-221
-185
-134
-59
49
135
178
110
-41
-57
36
93
191
298
253
98
-16
-1
93
109
5
-127
-154
-19
50
-131
-360
-478
-497
-336
-82
22
-95
-309
-379
-261
-157
-107
-19
83
129
155
218
120
-232
-345
99
604
593
157
-144
-47
93
-46
-183
-9
243
303
226
-42
-494
-627
-216
172
102
-134
-160
-103
-188
-275
-175
-2
91
210
351
267
32
-100
-230
-279
72
510
529
223
-123
-368
-369
-157
46
211
379
280
-123
-354
-215
-4
105
203
332
271
-28
-153
42
182
149
143
150
99
132
227
115
-180
-320
-126
232
356
121
-139
-211
-196
-185
-159
1
290
400
124
-295
-392
3
478
451
0
-236
-22
170
32
-137
-84
29
62
11
-114
-180
-113
-25
-34
-148
-188
-51
35
-51
-162
-192
-140
-77
-53
4
98
87
-46
-114
-3
150
166
78
4
-4
98
216
147
-91
-231
-112
113
163
29
-132
-231
-186
-89
-106
-162
-176
-133
13
82
-88
-304
-300
-44
209
202
8
-94
12
180
213
97
-8
72
296
388
218
11
-14
52
27
-19
30
71
-16
-130
-87
22
-57
-232
-213
-24
141
146
-41
-217
-168
21
176
153
-54
-150
38
214
144
-45
-126
-20
149
238
180
-5
-98
12
148
145
-2
-81
31
135
113
34
-100
-170
-27
178
179
-24
-134
-27
89
90
30
-70
-183
-177
9
140
-3
-234
-274
-149
-55
-74
-89
-29
-8
-58
-64
-28
-3
45
96
101
118
145
94
-12
-64
-13
55
34
-31
-36
6
17
-31
-117
-174
-142
-26
84
72
-43
-131
-149
-93
33
102
26
-57
-40
30
73
13
-95
-71
99
208
125
-51
-119
-38
62
89
51
10
10
26
10
-27
-36
-7
39
64
46
-22
-109
-130
-28
99
87
-58
-152
-126
-55
43
123
105
35
-22
-34
28
110
154
137
75
25
14
5
-11
-20
3
41
33
-20
-37
-2
8
-41
-77
-39
26
59
58
45
30
-4
-49
-47
41
144
162
74
-52
-119
-60
79
166
119
-10
-102
-85
-9
29
6
-28
-55
-74
-61
-22
-15
-53
-74
-46
-22
-47
-78
-59
-14
-7
-54
-91
-74
-13
32
24
-33
-72
-47
33
95
91
38
-14
-26
-4
36
67
59
11
-29
-16
22
20
-20
-40
-19
13
24
2
-46
-69
-32
31
46
6
-30
-18
13
19
2
-13
-13
12
56
73
27
-36
-48
-6
25
17
-3
-3
15
32
47
37
-13
-53
-18
54
74
46
32
28
-5
-42
-44
-27
-13
12
48
44
-23
-96
-113
-86
-36
38
107
101
2
-111
-144
-78
27
107
129
91
17
-37
-47
-33
-6
68
151
142
28
-77
-86
-30
27
60
61
33
-2
-25
-48
-72
-59
7
51
27
-3
3
-10
-59
-78
-31
21
26
7
2
7
3
-14
-31
-40
-31
9
52
51
9
-35
-68
-70
-24
39
45
-15
-60
-31
15
-2
-67
-100
-57
28
78
48
-25
-73
-60
-24
-17
-22
22
113
141
45
-92
-136
-41
102
161
92
-20
-72
-50
-4
13
-1
4
41
64
43
4
-29
-33
14
86
111
55
-27
-61
-22
34
35
-14
-50
-36
-12
-20
-62
-83
-44
32
65
29
-29
-49
-26
12
53
86
91
52
-7
-44
-32
-8
-9
-3
64
133
73
-104
-214
-140
27
125
96
5
-61
-63
-35
-31
-37
5
73
79
18
-33
-36
-20
-5
12
22
17
11
7
10
15
16
1
-9
7
37
52
43
30
7
-36
-71
-47
23
51
4
-43
-29
-5
-42
-103
-103
-21
71
92
27
-58
-90
-70
-23
15
27
39
75
73
-8
-73
-49
-6
-13
-4
70
128
79
-36
-124
-145
-87
39
147
139
36
-66
-110
-104
-40
59
109
77
24
11
3
-49
-93
-46
60
105
66
25
16
-5
-48
-69
-43
32
128
153
44
-102
-136
-59
19
51
54
19
-47
-72
-30
2
-30
-72
-49
19
61
45
0
-29
-24
-5
-3
-6
29
91
97
8
-91
-80
15
62
16
-36
-21
24
20
-33
-67
-38
16
31
10
4
27
34
-5
-52
-39
32
79
51
-6
-27
-15
-8
-19
-29
-26
1
36
54
30
-24
-61
-48
-1
37
53
44
15
-17
-35
-33
-25
-5
32
53
24
-34
-62
-41
-3
12
5
-6
-6
0
-7
-29
-48
-39
-3
30
33
6
-11
0
7
-5
-18
4
46
65
35
-15
-39
-17
19
30
14
-2
2
8
-5
-23
-20
2
15
4
-14
-13
5
11
-5
-15
0
15
10
2
5
8
3
-3
1
9
17
19
14
2
-8
-11
-4
5
8
6
3
-1
-5
-11
-14
-8
5
14
10
-8
-21
-17
-3
12
14
7
-4
-5
1
3
-2
-6
-3
10
17
9
-7
-14
-10
-2
1
3
9
8
3
-5
-11
-6
3
12
13
4
-7
-9
-4
-2
-2
0
3
-1
-4
-1
4
4
-4
-8
-4
3
6
4
4
1
-3
-6
-3
2
4
3
3
3
1
-5
-9
-5
0
4
1
-2
1
5
3
-7
-14
-11
5
20
19
4
-12
-16
-9
-1
4
9
14
10
-4
-14
-14
-8
1
12
19
14
1
-13
-16
-10
-2
6
12
11
2
-6
-9
-8
-4
3
11
16
15
8
-1
-4
-6
-1
3
5
7
5
-1
-11
-16
-10
4
14
14
6
-1
-2
0
1
2
6
8
5
-2
-5
-1
3
3
-1
-1
1
6
5
3
0
-2
-4
-6
-5
-1
1
-1
-3
-7
-5
-3
-2
-2
1
5
5
2
-2
-1
-1
-1
1
5
7
5
-1
-7
-6
-1
1
1
3
3
-1
-7
-8
-3
4
5
-1
-4
-3
-2
0
-1
1
5
6
5
1
-1
0
2
2
2
5
6
1
-7
-8
0
8
10
5
-1
-3
-2
2
2
0
-1
3
7
5
-4
-10
-6
5
11
6
-3
-7
-3
1
0
-2
0
4
5
1
-5
-7
-5
-2
3
4
3
2
1
0
2
5
6
5
5
4
4
0
-4
-3
2
6
2
-5
-7
-5
-3
-2
0
0
0
-1
-1
0
0
-1
-1
1
2
4
3
-2
-4
-2
2
4
1
-2
-3
0
2
0
-3
-3
-1
4
2
-3
-6
-3
3
5
2
-2
-1
1
3
1
0
-1
1
3
2
1
0
3
2
-1
-2
0
4
4
1
-1
-1
0
0
0
2
4
4
2
-2
-2
-1
1
2
1
-1
-1
0
1
1
-3
-2
0
3
4
2
0
0
2
0
0
0
-1
2
3
0
-3
-4
-2
0
1
0
-2
-3
-1
2
0
-1
0
2
3
2
0
-1
-2
-1
0
2
2
-1
-1
0
0
-1
-2
0
3
3
-1
-4
-4
-2
0
2
2
3
2
0
-1
0
2
1
1
0
0
1
1
-1
-2
-2
0
0
-2
-1
-2
-1
0
0
3
2
0
0
-2
-3
0
2
3
2
3
0
-1
-1
1
2
2
0
0
1
2
0
-1
0
1
0
-1
0
-1
1
1
2
2
1
-1
-1
0
-1
1
1
2
1
0
0
0
-2
-1
2
4
3
1
1
0
1
1
1
2
3
0
0
0
0
-1
1
1
-1
-3
0
1
-1
-1
0
0
0
-1
0
1
1
0
0
0
1
1
0
2
1
2
1
1
1
0
0
0
1
0
0
0
-1
1
1
1
1
1
2
0
1
1
1
1
1
1
0
0
-1
0
-1
0
0
0
1
1
0
1
0
-2
-1
1
2
3
2
0
-1
0
1
1
1
1
-1
-1
-2
1
1
2
1
0
1
-1
-1
0
-1
0
1
1
0
1
0
0
0
1
-1
0
-1
-1
0
0
1
1
2
2
2
2
-1
-1
-1
1
3
3
2
1
0
0
0
1
-1
0
0
-1
1
0
0
0
0
0
0
1
1
1
1
0
0
1
2
1
1
0
-1
0
1
1
0
-1
-1
0
0
-1
0
0
-1
-1
0
0
0
0
0
1
1
-1
0
-1
0
0
0
0
0
0
0
0
1
0
0
0
0
-1
1
0
0
1
0
0
0
0
0
1
1
0
0
0
0
0
-1
0
-1
1
0
1
0
0
1
0
0
1
0
0
0
1
-1
-1
1
0
0
0
-1
0
0
1
0
0
0
0
0
0
-1
0
0
0
-1
0
0
1
1
-1
0
0
0
0
0
0
0
0
0
-1
1
0
0
1
0
0
0
0
1
-1
0
0
0
0
-1
1
0
0
-1
0
0
0
0
0
-1
0
-1
1
0
0
1
0
0
0
0
0
0
0
0
-1
0
0
0
1
0
1
0
0
0
0
-1
0
0
1
1
0
0
0
-1
-1
0
0
0
-1
0
0
1
0
1
0
0
1
0
0
1
0
0
0
0
0
0
0
0
0
0
0
-1
1
0
0
0
0
0
0
0
0
0
0
-1
0
-1
0
0
0
0
0
-1
0
0
0
1
0
0
0
0
0
0
0
0
0
-1
1
1
-1
0
0
0
0
0
0
0
0
0
0
0
0
0
-1
0
0
0
0
0
0
0
0
-1
0
0
0
0
-1
0
-1
0
0
0
0
0
-1
0
0
-1
0
0
0
1
0
0
0
0
0
0
1
0
0
0
0
0
1
0
0
0
1
1
0
0
0
0
0
0
0
0
1
1
1
0
0
-1
0
0
0
-1
-1
0
0
0
0
0
0
0
0
0
0
0
0
0
0
0
0
0
0
0
0
0
1
1
1
0
-1
0
0
0
0
0
0
1
-1
-1
0
0
0
0
0
1
0
-1
0
0
0
0
0
0
0
0
-1
0
0
0
0
1
0
0
0
0
0
-1
1
1
0
0
0
0
1
0
0
0
0
0
0
0
0
0
0
0
0
1
0
0
0
0
0
0
1
0
0
0
0
0
0
0
0
0
0
1
0
-1
0
0
0
0
-1
0
0
0
0
0
0
-1
0
0
-1
0
0
0
-1
1
0
0
0
0
0
0
0
0
0
0
0
0
0
-1
0
-1
0
0
0
0
0
0
0
0
0
1
0
0
0
0
0
0
0
0
0
0
0
1
0
0
0
0
0
0
0
0
0
-1
0
0
1
0
0
0
0
0
0
0
1
0
0
0
0
0
0
-1
0
1
0
0
0
0
0
0
0
0
-1
0
0
0
0
0
0
0
0
1
0
-1
0
1
0
0
-1
0
0
0
0
-1
0
0
0
0
1
0
0
0
0
0
0
0
0
-1
0
0
0
0
0
0
0
0
0
1
0
0
0
0
0
1
0
0
1
0
1
-1
0
0
0
0
0
0
0
0
-1
0
-1
-1
0
0
0
0
0
0
0
0
0
0
-1
0
-1
0
0
0
0
0
0
-1
0
0
0
0
0
0
0
0
0
0
0
0
0
0
0
0
0
1
1
0
-1
0
0
0
0
0
0
0
0
0
0
0
0
0
0
0
0
1
0
0
0
0
0
1
0
0
0
0
0
0
0
-1
-1
0
0
0
0
0
-1
-1
0
0
0
-1
1
0
0
-1
0
0
0
0
0
0
0
0
0
0
0
0
0
0
0
0
1
0
0
-1
0
0
0
0
0
0
1
0
0
-1
-1
0
0
0
0
-1
0
0
0
0
0
1
0
0
1
0
1
0
0
0
0
0
0
-1
0
0
0
0
0
0
1
0
0
0
0
0
0
-1
-1
0
-1
0
0
0
0
0
0
0
0
0
0
0
0
0
0
-1
0
0
0
0
1
0
0
0
0
0
0
0
0
0
0
-1
1
-1
0
0
0
0
0
0
0
0
1
0
1
0
0
0
1
-1
0
0
0
0
0
0
0
0
0
0
-1
0
0
0
0
1
1
0
1
0
0
0
0
0
0
0
0
0
0
-1
-1
-1
-1
0
0
0
0
0
-1
0
0
0
0
0
-1
0
-1
0
1
0
0
1
0
0
-1
0
-1
0
0
0
-1
0
1
-1
0
0
0
0
-1
0
1
0
-1
1
1
0
1
-1
0
0
1
0
0
-1
1
0
0
1
0
0
0
0
1
0
0
0
0
1
0
-1
0
-1
0
1
0
1
-1
0
1
0
0
0
0
0
-1
0
0
0
0
0
0
0
0
0
0
-1
0
1
0
1
0
-1
0
0
1
0
0
0
0
0
0
-1
0
-1
0
0
0
0
0
0
0
1
0
1
0
0
0
0
0
-1
0
0
0
0
0
-1
0
0
0
0
0
0
1
0
0
0
0
1
0
0
0
0
0
0
0
0
0
-1
0
1
0
0
0
0
0
0
0
0
0
0
0
0
0
0
0
-1
1
0
0
0
-1
0
0
0
1
0
0
0
-1
0
0
0
0
1
1
0
1
0
0
-1
0
-1
0
0
0
0
0
0
0
0
0
0
0
0
0
1
0
0
0
0
0
0
0
0
0
0
0
0
0
0
0
0
0
0
1
0
0
0
1
0
0
0
0
0
0
0
0
1
1
0
0
1
0
0
0
0
0
1
0
0
-1
1
0
-1
-1
0
0
0
0
0
1
0
1
0
0
0
1
0
-1
0
-1
0
0
-1
0
0
0
-1
0
0
0
0
0
0
0
0
1
-1
0
0
0
0
-1
0
0
0
0
0
1
0
0
0
0
0
0
0
0
1
1
0
0
0
0
0
0
0
0
0
1
0
-1
0
0
0
0
0
0
0
0
0
0
1
0
1
1
1
0
0
0
0
0
0
0
0
0
0
0
0
-1
0
0
0
-1
0
-1
0
0
0
0
0
0
0
-1
1
0
1
0
0
0
0
1
1
0
-1
0
1
-1
0
0
0
0
0
0
0
0
0
0
0
0
0
1
-1
0
0
0
0
0
0
0
-1
0
-1
0
0
0
0
0
-1
0
1
0
0
0
1
0
0
0
0
0
0
0
0
0
0
0
0
0
0
1
0
1
0
-1
-1
-1
0
0
0
0
0
0
0
-1
0
0
1
-1
0
1
0
0
0
0
0
0
0
-1
0
0
0
0
0
0
0
0
0
0
0
0
0
0
0
0
0
0
0
0
0
0
1
0
1
0
0
0
1
0
0
-1
1
0
-1
0
0
-1
0
0
0
0
-1
0
0
0
0
1
0
0
0
1
0
0
1
-1
0
0
0
0
0
0
-1
0
1
0
0
0
1
-1
0
0
0
-1
0
0
0
-1
0
1
0
-1
0
0
-1
-1
0
0
0
0
-1
-1
-1
0
0
0
0
0
0
0
0
0
1
0
-1
0
1
0
1
0
0
0
-1
0
0
0
0
0
0
-1
1
0
0
0
0
1
0
0
0
-1
0
1
0
0
0
0
0
0
0
0
0
0
-1
1
-1
0
1
0
0
0
0
0
0
0
0
0
0
0
0
0
0
0
1
0
0
0
0
-1
1
0
0
0
0
0
0
0
0
0
0
0
0
-1
0
0
0
-1
0
0
1
1
0
0
0
0
-1
0
1
0
-1
0
0
0
0
-1
0
0
0
0
0
-1
-1
0
0
0
0
1
0
0
0
0
-1
0
0
0
0
0
0
0
0
1
0
-1
0
0
-1
0
0
0
0
0
0
0
0
0
0
0
1
0
0
0
0
-1
-1
0
-1
0
0
0
-1
0
0
0
0
1
1
-1
0
0
-1
-1
0
0
-1
0
0
-1
0
0
-1
1
-1
0
0
-1
0
0
0
0
0
0
0
1
0
0
-1
1
1
0
0
0
0
0
0
0
0
0
1
0
0
0
0
0
0
-1
0
0
-1
0
0
1
0
0
1
0
0
0
1
0
0
0
0
0
0
1
-1
0
0
0
1
0
-1
0
0
0
0
0
-1
0
0
0
0
1
0
0
1
0
0
0
1
0
0
0
0
0
1
0
0
0
0
0
0
0
1
0
0
0
0
-1
0
0
-1
-1
0
-1
0
0
0
1
1
0
0
0
-1
1
0
0
0
0
1
0
1
0
0
1
1
0
0
0
0
0
-1
0
0
0
-1
0
0
1
0
0
0
0
1
0
1
0
0
0
0
-1
0
0
0
0
0
-1
0
0
0
1
1
0
0
-1
0
0
1
0
0
-1
1
0
0
0
0
-1
0
0
0
0
0
0
0
0
0
0
0
1
0
0
0
-1
0
1
0
0
1
-1
0
-1
-1
0
0
0
0
0
0
0
0
-1
0
-1
1
0
1
1
0
0
0
0
0
0
0
0
0
0
0
0
0
0
1
0
-1
0
0
0
0
0
0
-1
0
0
-1
0
0
0
0
0
0
0
1
1
0
0
0
0
0
0
0
-1
0
0
0
0
0
0
-1
-1
0
0
0
0
0
1
0
1
-1
0
0
-1
0
0
0
1
0
0
0
0
0
0
0
1
0
1
0
0
0
-1
-1
0
0
0
0
1
0
-1
0
0
0
0
1
0
-1
0
0
0
0
0
1
0
0
0
0
0
0
0
0
0
0
1
0
0
0
0
0
0
0
0
0
0
0
0
0
-1
-1
0
0
0
0
0
0
-1
0
0
-1
0
0
0
0
0
0
0
0
0
0
0
0
0
0
0
0
0
-1
0
0
1
0
0
-1
1
0
0
0
0
0
0
0
0
0
0
-1
1
0
0
-1
0
0
0
1
0
-1
0
0
0
0
0
0
0
1
-1
0
-1
0
-1
-1
0
0
0
1
0
0
0
0
0
1
0
-1
-1
0
0
0
0
0
0
0
-1
0
-1
0
1
0
0
0
0
1
0
0
0
0
0
-1
-1
0
0
0
0
-1
0
1
0
1
0
0
0
0
-1
0
0
0
-1
0
0
0
0
0
0
0
0
-1
0
0
0
1
0
1
0
-1
0
1
0
0
-1
0
0
0
0
0
0
1
0
1
0
0
0
0
0
1
0
1
0
0
0
1
0
0
0
0
0
-1
0
0
0
0
0
0
0
0
0
-1
0
0
0
0
0
0
0
0
0
0
1
0
1
0
0
1
0
0
1
0
0
1
0
0
1
0
0
0
0
0
0
0
0
0
0
0
1
0
0
-1
0
0
-1
0
-1
0
0
1
1
0
0
0
-1
0
0
0
0
0
0
1
0
0
-1
0
0
0
0
-1
0
1
0
0
0
0
0
-1
0
0
0
0
0
0
0
1
0
0
0
0
0
-1
0
0
0
0
0
1
0
0
0
0
0
0
0
1
0
-1
0
-1
1
0
0
0
0
-1
0
-1
0
0
0
0
-1
1
0
0
0
1
0
-1
0
1
1
0
-1
0
0
0
0
0
0
0
0
-1
0
0
0
0
1
-1
0
0
-1
0
0
0
0
0
1
1
0
0
0
-1
-1
0
0
0
1
0
0
0
0
0
0
1
0
0
-1
0
0
1
0
0
0
0
0
1
0
0
-1
0
0
0
0
0
0
0
0
1
0
0
0
0
0
0
0
0
1
0
0
0
0
0
0
-1
0
0
0
0
1
0
0
1
0
0
0
1
-1
0
-1
0
0
0
1
0
0
0
0
0
0
1
0
0
0
0
0
0
0
0
0
-1
0
0
0
1
0
0
0
1
0
0
0
0
0
0
0
0
0
0
1
0
1
0
-1
0
0
-1
0
0
0
-1
0
0
0
-1
0
-1
1
-1
1
0
0
0
0
0
1
0
1
0
0
0
0
0
0
0
0
0
0
0
1
0
0
-1
0
0
0
0
0
0
0
0
0
0
-1
0
0
1
0
0
-1
0
0
0
0
0
0
0
0
-1
0
1
0
0
0
0
1
0
0
0
0
0
-1
0
0
-1
0
0
0
0
0
0
0
0
0
0
0
1
1
1
1
0
0
-1
1
0
0
0
0
0
0
0
0
0
0
0
0
1
0
0
1
0
1
0
0
1
0
0
0
0
1
0
0
-1
0
0
1
1
0
0
-1
0
-1
-1
0
0
0
1
1
0
-1
0
1
0
0
0
0
1
0
1
-1
0
1
0
0
0
-1
0
0
0
1
0
-1
0
-1
-1
0
0
1
0
0
0
1
1
0
0
1
1
-1
0
-1
0
0
0
1
0
0
0
0
-1
0
0
-1
0
0
-1
-1
1
0
0
0
0
-1
0
1
0
0
0
-1
1
0
1
0
1
-1
0
0
0
-1
0
0
0
0
0
0
0
0
0
0
0
0
0
0
0
0
0
1
0
0
0
0
1
0
0
0
0
0
0
0
0
0
0
0
0
0
0
0
0
0
0
0
0
1
0
0
0
0
-1
0
0
1
0
0
0
0
0
-1
0
0
0
0
0
0
-1
0
0
-1
0
0
0
-1
0
0
0
0
-1
0
0
0
0
0
0
0
0
0
0
0
0
0
0
0
-1
0
0
0
-1
0
-1
0
-1
0
0
0
0
1
0
0
0
0
-1
1
0
0
0
0
0
1
0
0
0
0
0
0
1
0
0
0
0
-1
0
-1
0
0
0
0
0
0
0
0
0
0
0
0
0
0
0
0
0
1
0
1
1
0
1
0
0
0
0
0
1
0
1
0
0
0
1
0
0
-1
0
0
1
0
-1
0
0
0
0
-1
-1
1
0
0
1
0
0
1
0
0
0
-1
1
0
0
0
0
0
0
-1
0
0
0
0
0
0
0
0
0
0
0
0
0
0
0
0
0
0
0
0
-1
0
-1
0
-1
0
0
0
0
0
-1
0
-1
1
0
0
0
0
0
-1
0
-1
0
-1
0
0
0
0
-1
0
-1
0
1
0
0
0
0
0
0
1
0
0
0
0
0
0
-1
0
0
0
0
0
0
0
0
1
0
1
1
0
0
0
0
0
0
0
0
0
0
1
0
1
0
0
0
0
0
0
0
1
0
0
-1
0
-1
1
2
2
2
2
2
0
0
0
1
0
0
0
0
0
0
0
0
0
0
0
0
0
-1
0
1
1
0
0
0
-1
-3
0
0
0
1
2
2
-1
-1
1
0
-2
0
2
-1
1
0
0
1
0
0
1
0
-1
0
2
-1
-3
1
2
-1
1
2
-1
0
-1
2
1
-4
0
6
-1
-5
4
2
-3
-1
4
-1
-1
-2
0
9
3
-51
62
27
-126
77
101
-164
-13
207
-122
-162
256
-12
-250
187
100
-224
56
150
-138
-33
121
-39
-65
57
22
-54
14
29
-25
-3
14
-3
-8
8
4
-14
12
0
-12
17
-10
-10
24
-8
-22
21
15
-32
-3
40
-22
-25
30
9
-27
-4
32
-13
-29
30
8
-31
6
26
-16
-22
31
1
-33
18
20
-27
0
22
-9
-8
6
2
-3
-3
0
6
-1
-15
17
4
-25
15
13
-20
-4
26
-12
-20
30
-5
-22
20
6
-16
2
13
-7
-7
9
-3
2
-5
-3
12
-8
-11
18
2
-22
12
14
-22
0
19
-11
-10
15
0
-9
5
3
-4
0
1
-1
3
-3
-4
9
-4
-6
11
-4
-6
9
-2
-6
6
2
-7
1
3
-5
-4
0
2
-3
-1
0
3
-1
-6
8
0
-8
6
2
-5
-1
6
-1
-7
6
-3
-3
0
-2
2
-5
1
5
-5
-1
8
-2
-1
10
-4
0
14
-12
2
21
-18
-3
26
-12
-14
28
3
-25
22
14
-26
11
18
-18
0
15
-7
-9
7
6
-10
-2
12
-4
-9
11
2
-9
4
5
-5
0
3
-2
1
0
-3
6
1
-11
7
11
-15
-4
19
-6
-18
16
12
-25
0
28
-17
-21
29
0
-31
19
20
-29
-2
28
-15
-19
24
3
-24
9
15
-16
-4
14
-2
-12
5
10
-8
-7
12
2
-12
5
13
-8
-7
15
3
-11
10
9
-10
5
10
-6
3
8
-2
1
5
-3
1
3
-2
-3
1
2
-4
-2
4
-2
-8
6
4
-12
1
9
-9
-4
10
-4
-6
7
2
-6
3
3
-3
2
2
-2
2
4
-2
0
5
-2
0
4
-2
0
1
-3
2
2
-7
2
8
-8
-1
14
-4
-7
16
1
-11
12
5
-11
5
8
-8
-1
8
-6
-2
8
-5
-1
4
0
-4
2
5
-7
0
8
-5
-5
6
4
-12
2
10
-10
-4
11
-3
-8
7
4
-7
0
6
-4
-4
6
0
-6
4
3
-5
1
4
-3
-2
4
-1
-3
3
0
-3
2
1
-2
1
2
-2
1
1
-2
1
-1
3
-2
-3
6
-4
-2
3
-2
-4
0
2
-4
-1
6
-3
-4
7
0
-7
3
3
-7
-3
5
-2
-6
2
3
-5
0
6
-1
-2
5
5
-3
3
6
-2
0
6
0
-2
3
1
0
2
1
0
0
1
1
0
0
0
0
1
0
0
0
1
0
-1
1
2
-1
1
1
-1
0
0
-1
1
-1
0
1
-1
-1
1
0
0
1
0
0
0
1
0
1
2
1
2
2
1
1
1
0
1
1
-1
0
1
-1
-1
0
1
0
-1
1
0
0
1
1
1
1
0
1
2
0
0
1
0
0
1
1
-1
1
1
-1
0
1
-1
-1
1
0
-2
0
1
-1
0
1
0
-1
0
0
0
2
2
2
2
0
-2
0
0
-1
0
2
-1
0
1
0
-1
0
0
0
0
0
-2
0
1
-1
1
0
0
1
1
-1
1
1
1
2
0
1
1
0
0
0
0
0
0
1
2
2
1
2
0
1
1
1
1
0
0
0
0
0
0
0
0
0
0
0
0
0
0
0
0
0
0
0
0
0
0
0
0
-1
1
0
1
0
0
1
0
0
0
0
0
1
-1
0
0
0
0
0
1
0
0
-1
0
0
0
0
1
0
0
1
-1
-1
0
0
0
0
0
0
0
0
0
0
0
-1
0
0
0
1
0
0
0
0
1
0
-1
-1
0
0
0
-1
0
0
0
0
0
-1
0
0
0
0
-1
0
0
0
0
0
0
0
0
0
0
0
0
0
0
-1
0
0
0
0
0
0
0
0
0
1
0
-1
0
0
0
0
0
0
0
0
0
0
0
0
0
0
0
0
0
0
0
-1
0
0
0
0
0
0
0
0
0
0
0
0
0
1
0
0
0
0
0
0
0
1
0
0
0
1
1
0
0
0
-1
1
1
0
0
0
0
0
0
0
1
0
0
0
1
0
0
0
0
0
-1
0
0
0
0
0
0
0
0
0
0
-1
-1
-1
0
0
0
0
-1
0
0
0
0
0
0
0
0
0
1
0
1
0
0
0
0
0
0
1
-1
0
1
-1
0
0
0
0
0
0
0
-1
0
0
0
-1
0
-1
0
0
0
0
0
-1
0
0
0
0
0
0
-1
0
0
0
0
0
0
0
0
-1
-1
0
0
0
0
0
1
0
0
0
0
0
-1
0
0
0
0
0
0
0
0
0
1
0
1
0
0
1
-1
1
0
0
0
-1
-1
0
0
0
-1
0
-1
0
0
0
-1
0
0
0
0
1
0
0
0
0
0
0
1
0
1
0
0
0
0
0
0
1
0
0
0
1
1
0
0
0
0
0
0
0
0
-1
1
0
0
0
0
0
0
0
1
0
0
-1
0
0
0
-1
-1
0
0
1
0
-1
0
0
0
0
0
0
-1
-1
0
0
-1
1
0
1
0
0
0
0
0
0
1
0
0
0
-1
0
0
0
0
0
1
-1
0
0
0
0
0
0
0
0
0
1
0
0
0
0
0
0
-1
0
0
-1
0
0
-1
0
0
0
0
0
0
0
0
1
0
0
-1
1
0
0
-1
-1
0
0
0
1
-1
0
0
0
-1
1
0
0
0
1
-1
0
0
0
0
0
0
0
0
0
0
0
-1
0
0
0
0
0
0
0
0
0
0
1
-1
0
0
-1
1
0
0
0
0
0
0
0
0
0
0
0
0
0
0
-1
0
0
0
0
0
0
0
-1
0
0
0
-1
0
0
-1
-1
0
0
0
0
0
1
1
-1
0
-1
0
0
0
0
0
0
0
0
1
0
0
0
0
-1
1
0
0
1
0
0
0
0
0
1
1
0
0
0
0
0
-1
0
-1
1
0
1
0
0
1
0
0
1
0
0
0
1
-1
-1
1
0
0
0
-1
0
0
1
0
0
0
0
0
0
-1
0
0
0
-1
0
0
1
1
-1
0
0
0
0
0
0
0
0
0
-1
1
0
0
1
0
0
0
0
1
-1
0
0
0
0
-1
1
0
0
-1
0
0
0
0
0
-1
0
-1
1
0
0
1
0
0
0
0
0
0
0
0
-1
0
0
0
1
0
1
0
0
0
0
-1
0
0
1
1
0
0
0
-1
-1
0
0
0
-1
0
0
1
0
1
0
0
1
0
0
1
0
0
0
0
0
0
0
0
0
0
0
-1
1
0
0
0
0
0
0
0
0
0
0
-1
0
-1
0
0
0
0
0
-1
0
0
0
1
0
0
0
0
0
0
0
0
0
-1
1
1
-1
0
0
0
0
0
0
0
0
0
0
0
0
0
-1
0
0
0
0
0
0
0
0
-1
0
0
0
0
-1
0
-1
0
0
0
0
0
-1
0
0
-1
0
0
0
1
0
0
0
0
0
0
1
0
0
0
0
0
1
0
0
0
1
1
0
0
0
0
0
0
0
0
1
1
1
0
0
-1
0
0
0
-1
-1
0
0
0
0
0
0
0
0
0
0
0
0
0
0
0
0
0
0
0
0
0
1
1
1
0
-1
0
0
0
0
0
0
1
-1
-1
0
0
0
0
0
1
0
-1
0
0
0
0
0
0
0
0
-1
0
0
0
0
1
0
0
0
0
0
-1
1
1
0
0
0
0
1
-1
0
0
0
0
0
0
0
0
0
0
0
1
2
3
3
1
-1
-2
0
1
2
2
1
0
-1
-1
-1
0
0
2
1
0
0
0
0
0
-1
1
0
0
-1
0
0
0
2
2
1
2
0
-1
-2
0
0
0
-1
-3
-4
-2
0
1
1
1
0
0
1
0
1
0
1
1
1
1
0
-1
-1
-2
-2
1
1
1
0
-1
-2
-2
0
2
4
5
3
1
-3
-4
-2
1
3
2
-3
-10
-13
-10
-1
7
11
6
-1
-5
-2
6
15
19
18
10
1
-3
-2
2
4
0
-5
-11
-15
-14
-9
-4
-1
-2
-2
-1
1
6
7
8
7
8
10
11
9
5
-2
-6
-4
1
3
1
-4
-9
-13
-12
-8
-4
-1
0
0
1
4
6
8
10
7
5
5
5
3
-3
-4
-3
-1
-1
0
-1
-6
-10
-9
-2
0
0
0
0
1
2
3
7
8
3
1
-4
-7
-11
-10
-3
3
3
-2
-7
-9
-1
9
21
26
17
5
0
8
19
21
13
0
-8
-11
-7
-3
-3
-14
-27
-31
-23
-12
-8
-10
-14
-15
-11
-7
-6
-9
-10
-9
-6
-6
-8
-3
4
8
3
-8
-15
-17
-12
-4
3
-1
-16
-28
-28
-15
0
4
-5
-15
-20
-12
5
23
25
9
-8
-11
1
7
0
-12
-20
-23
-22
-16
-7
-6
-10
-11
-5
2
6
5
5
5
4
2
4
12
19
26
28
28
18
7
-7
-17
-26
-27
-21
-11
0
10
13
11
4
-2
-5
-3
1
7
10
13
12
13
16
27
41
55
66
70
65
54
35
16
1
-7
-4
14
35
43
38
29
14
-2
-12
-9
3
17
35
57
61
34
13
48
88
72
22
-19
-53
-76
-93
-118
-129
-115
-129
-192
-241
-274
-317
-311
-210
-102
-51
-67
-181
-381
-541
-304
491
1307
1301
324
-628
-664
100
1009
1384
1001
50
-913
-1174
-635
157
448
64
-513
-981
-1161
-953
-439
16
105
167
476
687
407
-68
70
939
1848
2128
1593
528
-524
-841
-47
1203
1680
829
-676
-1706
-1683
-875
-10
281
-106
-790
-1269
-1274
-896
-404
13
276
332
161
-141
-378
-363
-40
445
807
798
373
-253
-701
-643
-78
585
805
369
-401
-928
-874
-361
211
482
290
-231
-733
-882
-601
-121
254
323
71
-346
-633
-586
-266
49
141
66
-97
-213
-251
-226
-96
102
514
959
1028
553
-152
-323
207
962
1336
1006
271
-436
-614
-131
520
820
555
84
-209
-235
33
434
783
854
657
488
438
456
543
810
1188
1387
1234
835
405
153
247
610
944
927
475
-146
-655
-809
-726
-712
-892
-1357
-1900
-2412
-2868
-3231
-3585
-4141
-5289
-6497
-6200
-3594
-49
1961
1403
-533
-1697
-547
2920
6887
8760
7361
4167
1984
2277
4176
5798
5854
4059
1053
-1714
-2957
-2770
-2352
-2541
-3232
-4075
-4967
-5753
-5936
-5072
-3266
-1111
657
1282
431
-1091
-1561
88
3112
5637
6179
4514
1817
97
671
2877
4667
4549
2608
28
-1828
-2149
-1177
-102
-57
-1100
-2349
-3051
-3142
-2846
-2272
-1564
-1025
-868
-1010
-1261
-1461
-1374
-742
377
1384
1586
925
141
72
834
1766
2127
1738
995
432
333
554
685
429
-97
-500
-562
-465
-517
-762
-956
-900
-656
-413
-260
-155
-64
44
229
519
823
1019
1126
1235
1312
1229
981
727
564
422
244
73
-72
-308
-690
-1030
-1054
-719
-323
-211
-450
-754
-755
-336
280
798
1089
1176
1136
1126
1354
1814
2186
2198
1997
1876
1751
1299
616
118
-89
-231
-531
-1020
-1603
-2133
-2469
-2551
-2568
-2808
-3429
-4424
-5429
-6039
-5360
-2876
-82
710
-1313
-3799
-3837
-1227
2339
4630
4611
3081
1663
1843
3441
5117
5749
4949
3653
2615
1770
1123
623
328
-98
-869
-1771
-2943
-4112
-4863
-4611
-3288
-1919
-1383
-2037
-3336
-4228
-3723
-1595
990
2490
2297
1101
238
725
2391
3942
4257
3482
2559
2025
1914
2032
1985
1531
925
505
223
-105
-510
-894
-1090
-1012
-838
-826
-1014
-1251
-1311
-985
-324
294
538
471
412
543
791
1023
1188
1234
1116
942
909
1001
973
662
180
-222
-325
-100
278
522
390
-36
-330
-218
212
749
1165
1251
1033
755
607
694
885
714
15
-701
-1112
-1548
-2311
-3407
-4834
-6385
-7756
-8946
-9450
-7686
-3289
802
1160
-1731
-4106
-3245
691
5826
9535
9564
6123
2371
1688
4513
8117
9405
7544
3904
371
-1687
-1837
-908
-499
-1572
-3664
-5557
-6699
-7223
-6724
-4658
-2064
-797
-1138
-2137
-3273
-3857
-2563
706
3926
4960
3477
890
-567
625
3780
6524
7054
5286
2375
192
338
2414
4105
3633
1391
-962
-2116
-1849
-920
-299
-455
-1286
-2313
-2981
-3084
-2843
-2465
-1932
-1330
-1029
-1247
-1577
-1356
-444
625
1331
1596
1525
1226
1021
1323
2101
2723
2634
1946
1240
978
1130
1334
1354
1121
503
-388
-902
-573
206
780
942
830
632
546
712
1042
1328
1401
1218
694
-97
-757
-973
-945
-1271
-2118
-3210
-4240
-5134
-6073
-7517
-9204
-9531
-7294
-3162
-48
171
-1848
-3875
-2976
1242
6768
10076
9141
5678
2731
2925
5953
9070
9683
7206
3416
430
-636
-134
492
-96
-1915
-4001
-5630
-6537
-6651
-5974
-4849
-3721
-2933
-2829
-3436
-4108
-3939
-2472
-8
2285
2988
1832
328
271
2030
4504
6145
5990
4383
2742
2306
3120
4157
4300
3277
1742
482
-208
-451
-464
-532
-1030
-2108
-3340
-3975
-3656
-2754
-2001
-1969
-2684
-3460
-3275
-1837
-156
539
307
239
922
1908
2569
2759
2758
2827
2989
3135
3091
2590
1664
943
947
1266
1132
466
-217
-519
-398
18
415
392
-129
-697
-796
-414
153
667
849
363
-429
-623
-75
352
-165
-1428
-2680
-3520
-4193
-5271
-7080
-8784
-8853
-6797
-3583
-1433
-1509
-3092
-4374
-2859
1333
5700
7705
6456
3997
2459
3188
5992
8327
8523
6328
3008
653
102
969
1525
572
-1427
-3627
-5308
-5979
-5412
-4092
-3035
-2726
-2830
-3150
-3699
-3905
-3077
-1316
510
1605
1656
908
261
649
2175
4081
5340
5263
4032
2714
2402
3244
4381
4669
3480
1348
-225
-153
895
1203
2
-1812
-2924
-2942
-2409
-2037
-2189
-2751
-3245
-3238
-2765
-2275
-2046
-1855
-1385
-650
204
1044
1586
1710
1873
2556
3416
3694
3140
2268
1891
2292
2828
2749
1918
656
-445
-658
118
945
928
55
-905
-1091
-397
261
200
-164
-283
-14
308
523
588
391
47
-608
-1250
-1656
-2227
-3153
-4308
-5311
-6541
-7911
-8074
-6665
-4718
-3349
-2467
-1771
-1838
-2122
-1082
1802
5255
6893
6097
4319
3352
4143
5893
7388
7494
5523
2514
348
56
724
733
-341
-2044
-3740
-4832
-4884
-4038
-3125
-2854
-2949
-2888
-2939
-3329
-3406
-2565
-1174
152
1059
1207
619
194
905
2659
4439
5153
4496
3249
2560
2944
4031
4811
4435
3012
1362
564
726
978
634
-590
-2113
-3285
-3577
-2754
-2055
-2460
-3607
-4438
-4098
-2986
-1754
-1019
-1120
-1399
-1162
-82
1419
2375
2443
2123
2162
2700
3321
3621
3425
2823
2249
2075
2078
1811
1182
520
167
232
495
506
40
-579
-840
-591
-125
155
96
-65
-34
131
165
77
49
-48
-452
-1054
-1604
-2133
-2836
-3795
-4984
-6306
-7409
-7678
-6808
-5477
-4581
-3943
-2962
-1990
-1501
-812
838
2937
4506
5204
5217
4923
4766
4996
5562
6162
6189
5094
3238
1719
1022
627
59
-687
-1699
-2976
-3988
-4201
-3748
-3162
-2814
-2802
-3045
-3355
-3389
-2807
-1815
-1049
-727
-511
-149
415
1226
2137
2850
3297
3539
3557
3498
3683
4039
4077
3643
3103
2741
2455
2035
1380
628
40
-437
-1120
-1942
-2490
-2692
-2793
-2894
-3095
-3574
-4057
-3868
-2862
-1716
-1121
-1111
-1198
-821
154
1293
2091
2420
2366
2183
2300
2800
3158
3054
2778
2538
2195
1768
1459
1283
1076
816
637
568
493
296
101
0
-56
-48
121
244
53
-284
-501
-440
-360
-302
-415
-1075
-1882
-2514
-2902
-3341
-4114
-5327
-7108
-8366
-8011
-6438
-4886
-3821
-2915
-2322
-2289
-2112
-632
2065
4577
5566
4933
3766
3430
4478
6241
7478
7176
5403
3090
1740
1910
2462
2358
1213
-536
-2425
-3793
-3782
-2860
-2093
-2153
-2787
-3399
-3746
-3628
-3069
-2410
-2007
-1829
-1659
-1329
-726
191
1200
1888
2172
2322
2587
2977
3376
3663
3767
3741
3639
3368
2892
2400
2066
1822
1512
957
45
-950
-1539
-1623
-1586
-1768
-2302
-3139
-3793
-3604
-2593
-1604
-1370
-1809
-2243
-1985
-914
343
1066
1187
1072
985
1137
1734
2533
2905
2610
2038
1670
1661
1868
2012
1915
1660
1388
1121
919
839
745
623
725
973
857
294
-254
-411
-175
215
373
12
-756
-1700
-2489
-2740
-2604
-2973
-4310
-6095
-7636
-8323
-7734
-5939
-4571
-4895
-5532
-4651
-2362
-655
17
886
2221
3490
4377
5149
5681
5721
5485
5651
6297
6539
5675
3958
2751
2245
1803
1306
672
-272
-1722
-2867
-2993
-2606
-2478
-2801
-3241
-3659
-3937
-3788
-3201
-2675
-2514
-2390
-1936
-1160
-341
294
625
808
1265
2184
3167
3647
3505
3118
3009
3385
3878
3889
3273
2438
1839
1661
1655
1292
424
-486
-1059
-1400
-1626
-1743
-2022
-2681
-3306
-3241
-2481
-1704
-1489
-1795
-2058
-1771
-951
-34
573
686
418
294
775
1558
1978
1863
1596
1551
1845
2269
2333
1868
1391
1422
1886
2255
2135
1642
1135
1043
1465
1847
1794
1293
549
259
559
715
259
-816
-1939
-2565
-2842
-2869
-3015
-3915
-5439
-7136
-8360
-8514
-7741
-6374
-5301
-5464
-5987
-5337
-3215
-730
764
1338
1748
2426
3657
4990
5943
6474
6367
6048
6097
6147
5754
4983
4379
4046
3195
1885
856
65
-697
-1395
-1831
-1927
-2138
-2698
-3269
-3514
-3445
-3421
-3403
-3167
-3021
-3036
-2875
-2357
-1416
-454
-24
-8
112
732
1824
2878
3381
3181
2725
2726
3253
3750
3785
3328
2706
2338
2281
2150
1647
948
340
-215
-840
-1389
-1652
-1758
-2015
-2369
-2508
-2416
-2364
-2375
-2182
-1791
-1559
-1617
-1607
-1241
-701
-289
-32
194
404
608
942
1447
1859
1992
1987
2093
2377
2731
3006
2992
2690
2494
2692
2999
2991
2546
1886
1406
1176
1182
980
294
-427
-1129
-1807
-2538
-3239
-3594
-3971
-4611
-5622
-7122
-8519
-9058
-8195
-6392
-5478
-5980
-6341
-5319
-3262
-1531
-466
532
1496
2504
3657
4716
5567
5943
5985
6356
6932
7118
6462
5438
5045
4808
4129
3271
2393
1371
84
-841
-1092
-1265
-1748
-2375
-2824
-3227
-3827
-4295
-4147
-3665
-3518
-3751
-3840
-3402
-2578
-1813
-1424
-1230
-757
105
1002
1633
1989
2139
2231
2558
3229
3928
4204
3866
3184
2863
3335
3993
3770
2496
1036
255
273
507
293
-558
-1719
-2590
-2654
-2144
-1994
-2617
-3347
-3495
-3162
-2782
-2541
-2397
-2255
-2045
-1647
-932
-102
329
328
617
1589
2612
2993
2990
3184
3590
3873
3939
3979
4187
4450
4391
3898
3296
2779
2276
1893
1721
1398
538
-676
-1748
-2417
-2804
-3214
-3836
-4646
-5560
-6532
-7482
-8290
-8800
-8666
-7758
-6786
-6651
-6910
-6235
-4471
-2735
-1542
-424
838
1982
3021
4139
5165
5791
6118
6580
7281
7665
7191
6222
5629
5490
5166
4524
3829
2825
1336
113
-229
-177
-488
-1290
-2237
-2950
-3381
-3692
-3799
-3692
-3840
-4400
-4730
-4365
-3612
-2974
-2689
-2629
-2316
-1505
-537
235
848
1304
1564
1929
2703
3609
4095
4075
3946
4023
4232
4265
3956
3476
3031
2540
1944
1412
921
237
-531
-1047
-1405
-1952
-2663
-3190
-3359
-3365
-3488
-3733
-3831
-3612
-3204
-2838
-2560
-2218
-1716
-1151
-616
7
837
1670
2172
2423
2850
3593
4309
4683
4768
4771
4762
4753
4766
4711
4369
3693
2963
2474
2067
1306
122
-961
-1522
-1826
-2468
-3643
-4997
-6048
-6608
-6904
-7383
-8233
-9072
-9224
-8486
-7498
-6932
-6525
-5573
-4164
-2981
-2083
-895
702
2178
3227
4021
4742
5477
6331
7211
7727
7581
6962
6479
6503
6609
6105
5054
3970
2937
1920
1315
1218
922
-90
-1364
-2201
-2608
-3042
-3567
-3880
-4082
-4560
-5110
-5137
-4653
-4199
-3965
-3731
-3399
-2990
-2428
-1658
-780
42
644
963
1302
2086
3123
3858
4152
4162
4015
3904
4047
4416
4591
4187
3304
2348
1690
1384
1078
569
-68
-836
-1792
-2753
-3285
-3218
-2996
-3117
-3560
-3972
-4105
-3908
-3327
-2525
-1989
-1865
-1750
-1256
-391
558
1361
1942
2363
2846
3509
4200
4700
4896
4822
4688
4792
5185
5330
4683
3618
2920
2702
2484
1915
1017
16
-887
-1586
-2142
-2803
-3696
-4608
-5307
-5900
-6789
-8033
-8921
-8742
-7710
-6848
-7039
-7794
-7646
-6066
-4002
-2523
-1693
-1081
-559
269
1913
3834
5003
5187
5012
5263
6103
6997
7381
7115
6438
5589
4930
4898
5173
4846
3702
2390
1499
1020
655
266
-311
-1340
-2623
-3490
-3661
-3586
-3797
-4316
-4795
-4953
-4680
-4125
-3735
-3663
-3587
-3233
-2533
-1560
-594
25
258
565
1301
2272
3195
3815
3889
3631
3540
3858
4317
4452
4130
3480
2677
2013
1631
1417
1134
532
-353
-1207
-1809
-2155
-2387
-2590
-2773
-3007
-3286
-3465
-3382
-3047
-2728
-2531
-2242
-1763
-1174
-519
192
883
1435
1923
2510
3167
3763
4133
4214
4181
4267
4545
4782
4646
4209
3731
3290
2887
2462
1919
1232
498
-113
-792
-1810
-2890
-3699
-4353
-5096
-6021
-6986
-7759
-8082
-7842
-7497
-7584
-7849
-7427
-6018
-4590
-4092
-3976
-3198
-1668
-29
1183
1872
2214
2621
3604
5045
6173
6390
5889
5539
5899
6585
6871
6461
5594
4661
3948
3669
3678
3381
2397
1029
-71
-644
-984
-1324
-1775
-2563
-3631
-4414
-4492
-4138
-3930
-4030
-4283
-4440
-4226
-3686
-3111
-2556
-1961
-1445
-1106
-694
88
1066
1831
2314
2681
2961
3160
3426
3806
4068
3971
3604
3169
2726
2386
2219
1999
1445
571
-290
-761
-877
-1015
-1473
-2220
-2915
-3232
-3181
-2967
-2786
-2777
-2888
-2839
-2414
-1734
-1101
-623
-204
263
875
1598
2240
2707
3147
3616
3922
4014
4114
4341
4577
4654
4458
4070
3723
3463
3081
2521
1924
1263
405
-507
-1256
-1937
-2750
-3651
-4564
-5625
-6791
-7586
-7654
-7287
-7193
-7682
-8201
-7931
-6759
-5392
-4550
-4205
-3814
-2955
-1541
126
1450
2049
2137
2521
3759
5326
6227
6200
5849
5800
6097
6468
6635
6319
5484
4497
3869
3750
3630
2981
1973
1018
150
-717
-1373
-1684
-2007
-2714
-3570
-4113
-4243
-4218
-4233
-4249
-4182
-4102
-4003
-3664
-3006
-2328
-1862
-1437
-832
-188
377
1008
1653
2083
2320
2603
3013
3382
3505
3402
3247
3105
2900
2596
2302
2041
1644
1100
598
173
-311
-863
-1317
-1595
-1820
-2078
-2283
-2419
-2561
-2636
-2501
-2200
-1956
-1819
-1564
-1102
-536
91
693
1154
1553
2021
2573
3077
3407
3605
3782
4018
4283
4399
4263
3962
3705
3560
3268
2653
1938
1283
561
-305
-1172
-1900
-2597
-3516
-4728
-5979
-6848
-7161
-7189
-7328
-7733
-8251
-8476
-7934
-6616
-5239
-4602
-4615
-4359
-3148
-1286
392
1452
2018
2337
2729
3629
5045
6254
6546
6112
5747
5853
6152
6237
5992
5463
4733
4034
3621
3392
2935
2091
1143
357
-290
-870
-1334
-1761
-2410
-3226
-3717
-3630
-3388
-3504
-3905
-4130
-3936
-3432
-2858
-2427
-2207
-2042
-1682
-1040
-225
527
982
1116
1161
1372
1834
2444
2899
2894
2503
2104
1943
2053
2296
2312
1819
1032
447
287
333
173
-362
-998
-1394
-1507
-1472
-1435
-1593
-1964
-2224
-2085
-1647
-1205
-936
-821
-711
-431
113
827
1441
1752
1856
1992
2252
2662
3217
3707
3794
3534
3329
3374
3483
3492
3370
2975
2203
1296
662
367
34
-769
-2046
-3310
-4129
-4611
-5182
-6049
-6953
-7403
-7265
-7024
-7133
-7280
-6822
-5782
-4819
-4266
-3782
-2951
-1820
-701
250
1066
1787
2451
3120
3801
4456
5075
5560
5688
5396
5069
5129
5412
5359
4783
4053
3496
3060
2658
2334
1961
1233
177
-638
-818
-750
-1088
-1904
-2622
-2851
-2801
-2730
-2728
-2883
-3120
-3206
-2989
-2524
-2083
-1784
-1533
-1326
-1130
-790
-226
445
891
973
983
1144
1438
1814
2145
2161
1756
1279
1243
1634
1923
1715
1079
377
-46
-22
304
436
-38
-886
-1410
-1275
-842
-613
-751
-1155
-1552
-1543
-976
-239
90
-92
-291
-43
577
1209
1701
2006
2010
1857
2040
2746
3452
3568
3174
2796
2706
2776
2834
2776
2402
1602
656
-19
-350
-598
-1081
-1944
-3047
-4102
-4924
-5425
-5614
-5739
-6083
-6564
-6880
-6945
-6702
-5917
-4691
-3759
-3673
-3873
-3249
-1606
84
964
1164
1284
1664
2427
3548
4586
4886
4453
4069
4270
4767
5017
4870
4449
3883
3337
3060
3111
3105
2615
1796
1156
812
490
121
-198
-558
-1094
-1665
-1973
-1930
-1828
-1980
-2317
-2516
-2450
-2237
-2013
-1855
-1760
-1661
-1499
-1253
-891
-467
-157
-72
-85
37
381
768
897
705
532
713
1093
1214
929
568
512
785
1047
907
366
-139
-208
96
321
67
-536
-914
-786
-520
-490
-594
-609
-552
-456
-252
80
397
553
645
942
1492
1950
2032
1910
2006
2452
2925
3049
2811
2504
2372
2423
2505
2411
2024
1408
762
266
-75
-463
-1074
-1800
-2478
-3169
-3939
-4596
-4979
-5205
-5384
-5425
-5356
-5451
-5713
-5630
-4781
-3525
-2705
-2693
-2956
-2633
-1433
93
1119
1320
1096
1164
1890
2976
3753
3846
3491
3224
3327
3689
4058
4188
3855
3152
2612
2648
2955
2910
2360
1653
1106
774
629
546
289
-232
-744
-932
-909
-1036
-1364
-1632
-1703
-1683
-1647
-1605
-1654
-1865
-2011
-1777
-1260
-922
-969
-1127
-1085
-816
-431
-52
154
122
14
12
129
331
608
818
724
352
57
126
458
675
501
30
-364
-403
-163
49
-13
-336
-640
-602
-203
186
212
-37
-131
177
691
1055
1143
1111
1202
1525
1950
2197
2153
2034
2121
2374
2492
2319
2002
1764
1674
1654
1563
1247
701
164
-86
-83
-159
-559
-1187
-1765
-2109
-2232
-2296
-2506
-2948
-3471
-3803
-3817
-3638
-3502
-3530
-3668
-3758
-3637
-3261
-2756
-2287
-1898
-1548
-1246
-984
-645
-117
522
1039
1264
1260
1271
1508
1956
2371
2510
2377
2212
2216
2360
2490
2525
2460
2293
2053
1828
1667
1502
1275
1049
913
804
594
297
66
-19
-22
-53
-169
-364
-569
-675
-643
-584
-635
-779
-889
-903
-883
-903
-955
-985
-969
-907
-837
-804
-799
-748
-626
-488
-376
-264
-166
-145
-164
-92
85
178
51
-143
-164
-8
103
34
-100
-116
16
194
335
416
451
492
612
823
1028
1151
1225
1296
1355
1378
1393
1425
1455
1470
1472
1427
1292
1121
1020
996
936
759
500
230
11
-116
-164
-251
-471
-762
-983
-1066
-1092
-1200
-1442
-1721
-1874
-1865
-1824
-1887
-2032
-2129
-2114
-2025
-1935
-1885
-1873
-1831
-1677
-1413
-1165
-1063
-1063
-963
-653
-276
-28
73
129
214
361
596
860
1013
982
859
819
936
1117
1228
1217
1125
1027
995
1030
1081
1104
1090
1045
974
903
867
879
885
821
698
589
523
480
448
391
274
151
96
82
15
-89
-157
-188
-225
-259
-265
-281
-368
-481
-520
-489
-472
-505
-565
-635
-672
-624
-538
-531
-598
-605
-483
-335
-277
-270
-195
-36
127
239
324
387
436
527
694
875
959
937
916
973
1071
1146
1159
1097
974
867
836
830
754
595
423
280
147
14
-90
-179
-337
-596
-838
-933
-933
-992
-1171
-1405
-1588
-1666
-1650
-1601
-1602
-1706
-1863
-1934
-1819
-1581
-1371
-1272
-1238
-1174
-1017
-753
-420
-133
6
29
95
296
562
767
866
877
846
851
957
1114
1195
1147
1055
1019
1039
1059
1050
1025
973
860
732
676
696
690
606
492
409
356
320
298
279
249
223
207
177
127
105
133
156
120
37
-34
-64
-69
-67
-77
-117
-193
-283
-342
-336
-294
-302
-402
-528
-586
-570
-551
-569
-617
-683
-743
-729
-620
-497
-466
-498
-475
-350
-202
-104
-36
47
146
246
358
462
525
561
625
709
744
704
660
673
716
720
674
609
542
475
412
361
299
186
34
-100
-183
-262
-391
-545
-664
-743
-808
-853
-879
-927
-1015
-1060
-1005
-915
-886
-908
-897
-822
-717
-603
-481
-370
-300
-252
-169
-31
119
242
342
421
468
507
595
728
828
833
782
748
747
752
751
730
657
526
408
376
387
349
250
165
134
119
95
75
63
26
-30
-35
19
60
30
-31
-53
-23
24
64
73
45
8
0
7
-2
-31
-38
-26
-62
-175
-288
-325
-301
-293
-342
-430
-534
-623
-656
-603
-509
-476
-549
-648
-654
-541
-397
-318
-320
-347
-328
-233
-77
68
141
163
221
347
485
582
642
697
759
822
880
926
938
906
864
839
815
751
664
580
485
364
230
128
52
-47
-190
-335
-437
-507
-583
-668
-742
-803
-861
-906
-923
-911
-892
-878
-860
-816
-743
-659
-579
-494
-398
-300
-196
-79
32
97
137
211
333
447
505
512
502
503
545
636
706
669
543
439
422
442
429
371
283
176
88
52
60
61
37
17
7
-20
-51
-29
63
150
171
140
117
125
158
200
228
208
136
67
54
76
68
10
-53
-74
-76
-103
-162
-224
-267
-287
-298
-320
-388
-488
-564
-569
-528
-513
-558
-630
-665
-644
-581
-503
-454
-453
-456
-402
-279
-152
-66
-14
46
127
211
289
372
461
535
578
601
629
665
694
713
729
724
678
602
539
512
490
434
336
217
105
22
-26
-61
-118
-214
-320
-402
-439
-449
-453
-479
-529
-579
-588
-550
-496
-458
-429
-399
-360
-311
-231
-133
-53
-10
39
116
194
240
272
315
365
399
415
415
399
377
374
393
391
336
258
209
200
193
168
134
97
46
-2
-9
18
19
-29
-78
-75
-33
-18
-39
-61
-61
-51
-44
-37
-35
-50
-80
-100
-97
-84
-82
-101
-141
-187
-204
-180
-150
-162
-223
-284
-293
-263
-241
-255
-290
-329
-353
-351
-326
-306
-316
-351
-376
-364
-330
-298
-268
-239
-207
-176
-129
-50
44
124
187
242
301
363
434
512
573
598
600
603
622
638
634
617
585
538
487
456
435
396
329
255
196
151
107
56
-15
-98
-182
-238
-265
-289
-344
-425
-489
-505
-488
-472
-468
-467
-461
-450
-429
-389
-328
-266
-223
-196
-176
-146
-95
-23
48
89
99
102
116
149
199
250
267
238
190
177
212
248
246
204
158
133
138
160
175
164
135
110
107
114
120
113
88
54
30
30
37
23
-9
-39
-47
-37
-29
-31
-47
-55
-45
-17
8
7
-16
-37
-38
-24
-28
-57
-99
-129
-152
-184
-220
-247
-274
-312
-351
-371
-374
-387
-403
-404
-382
-357
-346
-332
-302
-255
-196
-134
-82
-47
-13
49
136
216
266
298
327
362
403
447
484
495
481
457
449
454
459
437
391
337
288
253
229
201
156
91
26
-15
-37
-63
-101
-139
-176
-212
-240
-241
-231
-231
-246
-256
-253
-240
-215
-179
-148
-143
-156
-144
-101
-53
-26
-19
-19
-15
-1
34
72
91
88
79
88
115
141
157
160
154
143
138
143
156
154
127
96
74
65
57
41
20
-5
-34
-60
-73
-78
-87
-101
-114
-121
-129
-133
-122
-102
-93
-101
-105
-91
-60
-39
-37
-48
-55
-46
-33
-31
-52
-86
-111
-118
-120
-133
-165
-203
-226
-235
-236
-236
-239
-245
-250
-244
-219
-183
-150
-127
-106
-79
-45
-2
50
97
132
158
193
237
280
315
342
364
382
399
415
425
421
409
400
393
374
336
292
259
238
215
178
123
64
20
1
-8
-28
-69
-114
-145
-152
-147
-148
-162
-183
-200
-205
-196
-183
-176
-180
-191
-193
-182
-164
-149
-145
-146
-145
-132
-106
-79
-68
-71
-72
-56
-26
0
10
4
-5
1
24
51
59
39
15
10
28
47
45
20
-11
-21
-11
8
14
-1
-30
-45
-32
-1
22
22
13
8
19
48
83
99
92
74
72
88
101
96
75
46
18
-4
-19
-35
-61
-96
-130
-154
-171
-187
-198
-205
-212
-220
-222
-216
-205
-193
-180
-163
-145
-124
-100
-71
-45
-20
9
42
77
108
134
161
192
224
252
271
279
282
290
303
309
304
282
258
243
236
220
193
160
129
103
81
57
31
2
-24
-45
-60
-74
-93
-111
-127
-136
-140
-140
-139
-143
-150
-157
-153
-139
-121
-114
-116
-117
-108
-86
-59
-39
-30
-29
-22
-3
22
37
41
40
41
42
45
48
46
35
19
8
2
-7
-21
-34
-45
-59
-74
-82
-83
-81
-83
-83
-78
-71
-60
-43
-23
-1
18
36
59
83
102
118
131
141
148
148
143
133
117
98
78
55
27
-6
-39
-70
-99
-124
-151
-178
-198
-213
-221
-228
-232
-234
-231
-218
-200
-180
-162
-142
-119
-90
-58
-27
1
27
54
86
119
153
179
202
221
240
259
274
283
284
281
275
267
258
243
222
198
173
147
124
98
73
45
19
-8
-33
-55
-76
-94
-111
-127
-143
-155
-164
-170
-172
-175
-176
-175
-171
-164
-152
-138
-123
-107
-94
-80
-68
-51
-34
-17
-2
9
14
16
23
32
40
42
36
26
19
19
21
18
7
-8
-18
-21
-19
-18
-20
-24
-28
-27
-18
-4
9
20
30
44
58
76
96
115
130
139
144
149
154
157
154
146
126
103
83
67
49
25
-6
-37
-63
-84
-102
-122
-144
-167
-182
-189
-194
-198
-203
-202
-196
-185
-173
-163
-152
-139
-121
-103
-83
-64
-47
-28
-5
18
37
53
71
93
115
132
147
162
176
188
197
205
211
211
210
208
205
197
185
172
158
144
128
107
83
59
37
18
-3
-26
-48
-70
-89
-105
-120
-133
-145
-154
-163
-167
-168
-167
-161
-154
-144
-135
-126
-117
-105
-90
-72
-56
-45
-36
-26
-13
2
11
16
17
18
21
25
26
24
22
17
15
13
12
11
11
12
12
13
17
24
32
41
49
55
62
73
84
95
103
109
110
111
111
111
107
100
89
75
60
44
26
11
-11
-30
-51
-70
-89
-105
-119
-133
-145
-154
-162
-164
-167
-167
-164
-160
-156
-146
-134
-121
-107
-93
-79
-64
-47
-27
-5
15
36
55
75
97
122
144
164
182
196
210
223
234
242
246
245
240
233
223
210
194
174
149
123
95
67
40
11
-18
-46
-74
-101
-125
-148
-169
-184
-199
-207
-213
-217
-218
-214
-210
-201
-190
-176
-164
-148
-132
-113
-96
-77
-60
-47
-31
-17
-4
6
13
20
27
29
30
33
32
30
29
23
20
17
16
14
14
14
18
22
28
35
42
51
62
73
86
96
106
114
121
129
134
137
137
133
129
123
114
106
91
75
57
36
18
-1
-22
-44
-68
-88
-107
-125
-142
-157
-170
-181
-189
-195
-198
-198
-193
-186
-178
-166
-153
-136
-115
-93
-69
-46
-22
5
32
61
88
114
139
162
184
204
222
238
248
253
255
255
251
245
231
213
191
167
143
116
87
55
22
-11
-42
-72
-98
-124
-147
-167
-182
-195
-202
-209
-209
-206
-200
-189
-178
-162
-145
-126
-106
-85
-65
-45
-25
-8
10
27
39
50
59
65
69
70
68
65
59
51
41
30
18
6
-5
-17
-26
-35
-41
-45
-48
-46
-43
-38
-28
-18
-6
9
24
42
59
75
91
106
120
130
140
144
146
143
140
132
123
109
92
70
47
22
-4
-31
-59
-88
-117
-144
-169
-190
-211
-227
-239
-248
-252
-251
-248
-240
-227
-210
-190
-167
-139
-111
-80
-49
-14
22
58
92
127
159
186
208
233
257
274
285
294
300
298
287
275
262
243
218
190
161
127
90
56
25
-8
-42
-76
-101
-127
-156
-176
-183
-189
-199
-205
-202
-193
-182
-167
-150
-129
-104
-74
-45
-21
-5
5
26
48
65
81
99
115
117
110
107
112
112
98
82
72
48
16
-7
-32
-59
-66
-72
-83
-86
-99
-111
-116
-130
-136
-121
-108
-104
-95
-80
-58
-26
3
24
49
80
109
128
129
138
153
142
131
142
143
125
104
90
88
67
27
-1
-26
-70
-117
-143
-158
-175
-190
-194
-200
-212
-220
-216
-204
-194
-186
-182
-167
-134
-118
-120
-86
-16
34
43
46
87
120
125
159
218
237
232
233
240
269
297
282
264
267
248
211
208
213
179
143
134
123
94
72
48
4
-33
-57
-87
-114
-128
-150
-184
-199
-182
-174
-194
-184
-140
-142
-174
-156
-119
-107
-99
-79
-48
-8
2
-7
17
54
40
18
32
38
16
8
9
-12
-32
-45
-74
-99
-100
-124
-163
-164
-142
-141
-159
-175
-162
-142
-132
-106
-64
-43
-42
-17
46
111
142
149
144
129
144
198
232
217
205
217
204
166
176
204
189
171
186
183
141
72
8
1
-1
-69
-124
-118
-120
-139
-135
-123
-127
-152
-180
-172
-136
-117
-130
-138
-92
-23
-20
-65
-60
0
61
99
114
111
92
64
78
139
189
197
195
195
186
161
154
174
181
145
99
94
92
41
-16
-43
-64
-87
-115
-131
-116
-91
-96
-114
-118
-131
-167
-180
-164
-166
-149
-99
-86
-103
-115
-141
-159
-105
14
98
100
75
79
76
40
6
-12
-43
-76
-113
-150
-140
-113
-101
-75
-91
-127
-118
-91
-68
-82
-65
-51
-267
-490
-452
-280
9
71
-201
-182
3
-64
-157
-363
-550
-244
224
417
256
-204
-467
-722
-1160
643
5283
6805
1502
-4491
-4751
-1185
1751
2129
-160
-2005
-137
2357
1148
-1807
-2875
-1603
1009
3424
3924
1848
-1589
-3638
-2749
116
3660
6549
6420
2381
-2653
-4952
-4123
-1914
887
2918
1583
-2534
-5591
-5799
-4077
-1303
1568
2649
1479
443
45
-2246
-4946
-3596
772
3705
4130
2749
-326
-3179
-3090
-338
2712
4093
2917
492
-1099
-1673
-1685
-1000
233
2010
3993
4499
2627
-251
-2049
-1587
450
2525
3438
2015
-894
-2699
-3604
-4443
-3300
-102
2151
1856
-382
-3139
-4824
-4441
-2047
955
2579
2344
1329
28
-1347
-1501
61
2292
4297
5020
3614
990
-1242
-1975
-938
1055
2865
3189
1501
-658
-2042
-2892
-2617
-686
1296
1629
455
-1293
-2870
-3640
-3137
-1402
581
1510
1094
-311
-2088
-2822
-1875
-306
1092
2055
2036
1007
-396
-1287
-920
484
2138
3300
3099
1630
105
-880
-1085
-176
1118
1760
1638
772
-727
-2118
-2570
-1707
-150
849
839
47
-1195
-2125
-2252
-1702
-487
901
1546
1272
302
-830
-1134
-467
607
1712
2228
1772
790
-241
-853
-526
422
1263
1659
1196
-39
-947
-1023
-733
-294
124
277
222
-212
-1039
-1530
-1264
-584
76
495
667
409
-524
-1338
-943
175
852
956
859
626
188
-267
-292
208
764
975
760
279
-142
-538
-1004
-961
-127
643
658
160
-480
-1014
-1226
-1028
-374
449
767
365
-317
-785
-798
-426
140
744
1067
861
313
-238
-591
-630
-328
211
643
645
422
137
-415
-950
-929
-427
286
858
681
-170
-888
-1082
-764
21
846
1068
618
122
-16
-150
-402
-216
474
1028
1094
695
-83
-839
-986
-475
214
746
888
383
-517
-1100
-1094
-697
-21
738
1012
517
-205
-520
-446
-244
122
673
1075
1031
612
64
-362
-411
-61
445
841
911
483
-289
-923
-1057
-690
-91
337
321
-32
-489
-885
-1013
-740
-270
106
388
513
154
-532
-872
-624
-57
617
1175
1164
477
-225
-472
-410
-38
551
748
371
-90
-309
-411
-542
-628
-515
-125
308
192
-515
-1031
-1012
-817
-493
75
531
514
146
-180
-252
-63
404
876
913
688
544
316
65
143
366
368
328
483
534
117
-441
-626
-587
-547
-256
172
233
-93
-430
-596
-485
-19
418
298
-51
-24
92
-29
-9
258
353
206
165
296
283
62
-84
-102
-116
-84
-57
-132
-95
72
-45
-408
-438
-43
283
212
-110
-302
-232
-103
-44
15
109
170
168
123
-30
-221
-114
290
490
273
-30
-154
-115
-8
20
-109
-178
-20
123
14
-154
-176
-190
-258
-178
95
297
275
116
-45
-66
102
298
367
349
308
192
12
-84
-23
87
123
47
-114
-305
-395
-326
-255
-328
-432
-399
-263
-189
-218
-285
-329
-205
122
385
338
72
-85
65
374
560
461
185
117
332
410
230
66
17
51
114
35
-198
-389
-422
-300
-172
-146
-114
-75
-191
-382
-407
-223
-29
44
130
304
389
255
49
39
272
501
524
410
302
198
55
-53
-92
-116
-83
79
189
-31
-500
-827
-748
-354
-12
-9
-226
-328
-253
-195
-192
-78
146
279
273
247
167
-14
-105
28
289
467
359
138
80
3
-139
-88
26
73
191
247
82
-107
-179
-139
-8
126
180
120
-28
-157
-217
-168
-16
63
4
-53
-45
2
0
-98
-104
1
34
17
48
90
65
-19
-54
-22
19
61
66
14
-15
-1
-10
-41
-7
95
153
111
39
-6
-2
47
107
105
21
-59
-72
-75
-111
-132
-114
-120
-181
-248
-284
-281
-224
-135
-94
-123
-154
-131
-50
64
165
174
106
91
176
254
269
273
265
180
67
47
105
125
86
58
31
-47
-148
-200
-183
-111
-18
2
-79
-179
-241
-259
-196
-52
95
174
154
12
-155
-168
-1
192
286
263
181
108
61
36
65
134
172
135
56
-42
-123
-136
-92
-54
-57
-85
-83
-11
56
-5
-161
-229
-120
72
219
238
114
-75
-170
-60
172
331
304
127
-55
-127
-78
17
78
106
76
-52
-148
-133
-153
-179
-90
-28
-61
-72
-88
-152
-176
-125
-32
64
126
162
137
6
-115
-108
0
147
244
209
48
-126
-200
-154
-59
35
105
105
15
-131
-247
-245
-127
8
74
61
-19
-134
-209
-196
-126
-39
52
106
100
39
-54
-111
-49
110
242
273
224
142
83
87
138
193
217
197
153
110
70
21
-30
-59
-46
-8
5
-37
-103
-154
-197
-235
-214
-124
-60
-81
-111
-92
-58
-46
-54
-67
-49
24
98
111
69
17
-32
-32
44
142
187
162
90
25
3
29
65
79
74
69
78
77
31
-44
-81
-53
-9
-1
-27
-69
-104
-118
-99
-73
-62
-69
-85
-92
-71
-33
-3
16
28
28
6
-10
14
95
183
196
111
0
-33
44
154
198
154
72
6
-27
-37
-37
-38
-40
-29
-1
-7
-81
-174
-204
-159
-99
-54
-33
-41
-91
-151
-181
-157
-87
1
57
56
4
-62
-101
-58
55
152
165
125
96
84
77
78
99
145
191
177
76
-41
-78
-30
43
96
105
38
-90
-188
-178
-77
24
54
14
-45
-80
-100
-118
-108
-42
57
111
82
-6
-92
-147
-139
-63
41
110
113
62
-31
-133
-178
-115
29
167
225
173
37
-98
-142
-77
50
174
230
174
31
-98
-139
-97
-9
81
115
65
-21
-85
-112
-103
-56
14
62
60
20
-12
-7
22
29
16
32
75
85
39
-8
-6
22
40
38
23
3
-5
1
4
-9
-15
-23
-40
-56
-43
-12
-9
-37
-67
-87
-88
-58
-23
-14
-24
-31
-24
-6
9
-12
-63
-91
-41
63
141
111
-8
-127
-163
-97
28
129
146
81
-25
-125
-159
-89
36
131
147
106
42
-16
-55
-62
-22
52
121
156
150
87
-35
-155
-173
-43
147
242
165
-17
-176
-228
-172
-50
73
133
95
-27
-149
-184
-127
-52
-4
45
99
107
43
-50
-120
-114
-15
115
186
159
61
-60
-127
-92
18
127
173
128
17
-77
-81
-17
31
38
38
51
51
18
-34
-80
-77
-14
64
91
45
-36
-92
-88
-28
41
67
34
-13
-38
-33
-4
31
48
29
-7
-36
-48
-36
2
30
21
-13
-37
-42
-46
-61
-73
-50
9
43
0
-84
-121
-91
-34
16
38
27
-3
-31
-44
-37
-13
20
46
53
48
26
-12
-41
-30
23
80
111
102
55
-1
-22
4
53
92
96
76
46
22
5
-8
1
30
46
22
-14
-31
-39
-64
-88
-71
-12
33
16
-38
-90
-116
-100
-34
45
75
36
-39
-96
-91
-32
33
58
64
63
37
-31
-93
-94
-22
76
143
136
56
-50
-118
-109
-25
89
169
155
52
-68
-127
-99
-15
74
118
96
22
-57
-103
-106
-64
8
71
89
55
-11
-74
-96
-56
28
113
148
105
0
-91
-100
-30
52
94
90
38
-40
-90
-83
-47
-7
33
56
17
-70
-137
-133
-65
12
46
25
-24
-72
-100
-89
-41
23
63
50
-7
-68
-92
-66
5
81
114
89
39
-9
-50
-54
7
107
173
161
89
3
-64
-78
-14
106
198
183
63
-79
-165
-152
-61
51
118
109
24
-92
-177
-184
-117
-1
118
163
79
-79
-186
-178
-92
23
123
155
88
-41
-163
-207
-143
-3
121
152
85
-35
-144
-189
-138
-19
112
188
178
81
-46
-121
-99
8
148
251
250
134
-32
-142
-132
-28
99
190
186
66
-107
-208
-186
-80
34
91
74
1
-92
-167
-177
-108
6
95
127
98
24
-63
-114
-94
-4
111
190
171
60
-74
-149
-127
-29
87
160
141
33
-97
-171
-151
-58
38
78
61
5
-74
-143
-171
-137
-49
60
129
101
-16
-134
-166
-83
52
149
158
103
32
-25
-47
-15
67
150
185
154
77
-8
-49
-18
55
107
106
58
-4
-62
-94
-91
-53
-7
5
-24
-67
-106
-131
-131
-92
-36
-3
-11
-46
-70
-69
-49
-27
4
37
48
29
6
-1
0
19
57
89
90
61
21
0
10
35
44
39
30
22
9
-5
-18
-14
5
21
18
2
-14
-21
-18
-12
-11
-12
-9
-1
6
-1
-24
-44
-36
-2
29
30
9
-10
-10
6
23
36
45
43
28
10
2
9
18
19
11
4
-7
-22
-34
-34
-23
-15
-15
-28
-46
-58
-51
-34
-20
-16
-21
-27
-26
-16
-9
-8
1
15
27
28
16
2
0
15
32
34
22
11
8
11
10
7
3
-1
6
17
22
9
-9
-12
0
13
13
9
6
5
0
-2
-2
-1
-3
-3
2
7
6
-1
-9
-17
-20
-11
4
15
8
-13
-32
-35
-20
5
17
10
-8
-18
-15
1
15
18
12
9
14
19
16
9
3
6
16
28
28
15
-4
-14
-8
9
20
19
9
-6
-16
-17
-12
1
10
12
0
-14
-26
-28
-23
-12
-2
0
-7
-22
-32
-32
-25
-17
-12
-9
-6
-7
-17
-31
-33
-16
7
21
18
9
-1
-4
0
14
28
36
35
30
25
17
9
8
15
29
35
30
14
-3
-16
-17
-10
0
9
6
-5
-21
-33
-37
-29
-13
3
10
6
-7
-23
-26
-13
11
35
46
39
19
0
-6
5
27
47
50
36
10
-12
-20
-8
8
20
18
4
-16
-32
-39
-37
-24
-13
-3
-8
-21
-39
-48
-41
-23
-2
9
7
-3
-13
-19
-15
-5
10
24
25
17
3
-9
-12
-4
10
19
21
13
1
-10
-13
-6
4
16
19
13
3
-8
-11
-5
6
15
20
15
8
2
-2
1
8
13
14
11
5
0
-3
-4
-5
-5
-3
0
1
2
-3
-8
-12
-11
-2
7
13
12
5
-2
-6
-4
3
11
18
15
9
0
-6
-8
-4
2
6
9
5
-2
-11
-14
-11
-3
7
10
5
-3
-11
-13
-9
0
5
8
7
3
-2
-5
-10
-10
-6
0
4
3
-6
-17
-24
-22
-13
-4
1
-3
-9
-14
-16
-15
-12
-6
5
14
15
10
2
-4
-1
8
21
28
28
21
8
-3
-4
3
14
23
23
11
-4
-15
-18
-13
-2
6
8
1
-8
-17
-20
-15
-5
7
13
14
7
-1
-6
-4
5
18
27
26
17
8
1
0
6
14
19
19
14
4
-4
-8
-6
-2
4
6
3
-2
-10
-15
-16
-9
-4
-2
-4
-9
-15
-17
-17
-14
-11
-9
-7
-8
-9
-12
-15
-16
-12
-5
-1
2
1
-4
-5
-4
2
7
11
13
10
9
6
5
6
10
14
16
14
9
4
0
-2
0
2
3
0
-4
-10
-13
-13
-9
-4
-1
-3
-8
-11
-12
-7
0
6
8
6
4
2
5
7
10
14
17
19
16
9
6
5
8
13
15
12
6
1
-2
-3
-3
-2
-1
-2
-5
-9
-13
-14
-12
-8
-5
-5
-6
-10
-10
-10
-6
-2
2
3
2
1
-2
-1
3
6
9
7
5
2
0
1
3
5
6
5
2
0
-3
-4
-3
-3
-2
-4
-5
-7
-8
-8
-6
-5
-5
-5
-6
-7
-5
-5
-4
-4
-2
-1
-1
0
0
0
2
4
4
6
7
7
7
7
6
6
7
7
9
8
6
5
3
2
1
1
1
0
-1
-3
-5
-4
-6
-5
-4
-4
-4
-5
-5
-6
-5
-3
-1
0
-1
2
2
3
4
5
6
9
9
9
9
6
5
6
8
7
5
3
0
-1
-1
-2
-2
-3
-3
-5
-6
-7
-6
-5
-4
-2
-3
-2
-3
-5
-2
-1
0
1
1
1
0
0
0
2
3
4
3
2
1
0
0
1
2
2
1
0
-2
-2
-2
-1
0
0
0
0
-1
-2
-2
-1
-1
-1
0
-1
-1
0
0
-1
0
-1
-1
0
1
1
1
-1
-1
2
2
3
4
3
2
2
2
3
5
7
5
4
2
1
-1
1
1
2
3
2
0
0
0
0
1
1
1
0
-2
-3
-3
-1
1
0
2
0
-1
-2
-2
-1
0
2
2
1
0
-1
-1
-1
-1
0
0
1
0
-1
-2
-3
-2
-2
-1
0
-1
-2
-3
-3
-4
-1
-1
1
0
-1
-1
-2
-1
0
1
2
3
0
0
-1
0
1
2
4
3
2
0
0
0
1
2
4
3
3
3
1
0
1
1
1
1
1
1
1
0
0
0
0
-1
0
0
0
1
0
0
0
0
1
0
-1
-1
0
0
0
-1
0
0
0
0
0
-1
0
0
0
0
-1
0
-1
0
-1
-1
-1
-2
-1
-2
-2
-2
-2
-2
-2
-3
-2
-2
-2
-2
-1
-2
-2
-1
-1
0
1
0
1
0
0
0
0
1
3
4
4
4
3
2
2
3
4
4
5
4
3
0
0
1
1
2
2
1
0
-1
-1
-1
0
1
2
2
0
-1
-1
0
1
2
3
3
1
0
-1
1
2
3
3
2
0
1
1
1
2
2
2
1
1
0
-1
-2
-1
0
3
1
-1
-4
-6
-6
-6
-3
-1
-1
-2
-5
-6
-7
-5
-2
0
1
0
-1
-2
-3
-2
0
1
3
3
2
1
0
1
3
4
5
5
3
3
0
0
1
3
4
4
4
1
0
1
-1
1
2
2
2
1
0
-1
-1
1
2
3
1
2
0
0
1
2
3
3
2
2
0
0
0
1
2
3
3
2
1
0
0
0
0
0
-2
-2
-1
-1
-2
-2
-1
0
-1
-2
-3
-4
-3
-3
-1
-1
-1
-1
-1
-2
-3
-4
-2
0
1
2
0
-2
-1
-2
1
0
1
0
-1
-1
1
2
2
0
0
-1
0
0
0
-1
0
0
0
1
2
0
0
0
1
2
2
3
1
1
0
1
2
2
1
0
0
-1
1
2
4
4
3
1
0
0
1
2
2
1
0
1
0
0
1
1
0
0
0
1
0
0
-1
0
0
0
0
0
0
0
2
2
0
0
1
2
1
0
-1
-1
0
0
-1
-2
1
-1
-1
-2
-1
0
0
0
-1
0
-3
-3
-2
-2
0
1
1
0
-1
0
-2
-1
0
-1
0
1
0
-1
0
1
1
-1
2
1
0
1
2
0
1
2
0
1
1
0
1
1
0
0
0
0
0
0
1
0
0
-1
2
2
2
1
0
0
0
0
1
0
2
3
2
0
1
-1
0
0
2
1
2
2
2
1
1
2
2
2
1
0
-1
-2
0
1
2
2
1
0
-1
-1
-1
0
2
1
1
0
-2
0
-1
0
1
2
1
0
-1
-1
-1
0
1
2
1
0
-2
-1
-1
0
1
2
1
0
-2
-2
-1
0
0
2
1
-1
-2
-1
0
1
2
3
3
2
-1
-1
-1
1
2
3
2
1
0
0
0
2
2
3
2
1
-1
1
0
0
4
4
2
0
0
1
2
1
1
3
3
2
0
-2
0
0
3
2
3
2
1
2
1
0
1
0
0
1
1
-2
-2
1
1
2
2
0
-1
-2
0
0
1
1
1
1
0
-1
0
-1
0
-1
0
0
1
1
-1
0
0
0
0
0
0
0
0
0
-1
1
0
0
1
0
0
0
0
1
-1
0
0
0
0
-1
1
0
0
-1
0
0
0
0
0
-1
0
-1
1
0
0
1
0
0
0
0
0
0
0
0
-1
0
0
0
1
0
1
0
0
0
0
-1
0
0
1
1
0
0
0
-1
-1
0
0
0
-1
0
0
1
0
1
0
0
1
0
0
1
0
0
0
0
0
0
0
0
0
0
0
-1
1
0
0
0
0
0
0
0
0
0
0
-1
0
-1
0
0
0
0
0
-1
0
0
0
1
0
0
0
0
0
0
0
0
0
-1
1
1
-1
0
0
0
0
0
0
0
0
0
0
0
0
0
-1
0
0
0
0
0
0
0
0
-1
0
0
0
0
-1
0
-1
0
0
0
0
0
-1
0
0
-1
0
0
0
1
0
0
0
0
0
0
1
0
0
0
0
0
1
0
0
0
1
1
0
0
0
0
0
0
0
0
1
1
1
0
0
-1
0
0
0
-1
-1
0
0
0
0
0
0
0
0
0
0
0
0
0
0
0
0
0
0
0
0
0
1
1
1
0
-1
0
0
0
0
0
0
1
-1
-1
0
0
0
0
0
1
0
-1
0
0
0
0
0
0
0
0
-1
0
0
0
0
1
0
0
0
0
0
-1
1
1
0
0
0
0
1
0
0
0
0
0
0
0
0
0
0
0
0
1
0
0
0
0
0
0
1
0
0
0
0
0
0
0
0
0
0
1
0
-1
0
0
0
0
-1
0
0
0
0
0
0
-1
0
0
-1
0
0
0
-1
1
0
0
0
0
0
0
0
0
0
0
0
0
0
-1
0
-1
0
0
0
0
0
0
0
0
0
1
0
0
0
0
0
0
0
0
0
0
0
1
0
0
0
0
0
0
0
0
0
-1
0
0
1
0
0
0
0
0
0
0
1
0
0
0
0
0
0
-1
0
1
0
0
0
0
0
0
0
0
-1
0
0
0
0
0
0
0
0
1
0
-1
0
1
0
0
-1
0
0
0
0
-1
0
0
0
0
1
0
0
0
0
0
0
0
0
-1
0
0
0
0
0
0
0
0
0
1
0
0
0
0
0
1
0
0
1
0
1
-1
0
0
0
0
0
0
0
0
-1
0
-1
-1
0
0
0
0
0
0
0
0
0
0
-1
0
-1
0
0
0
0
0
0
-1
0
0
0
0
0
0
0
0
0
0
0
0
0
0
0
0
0
1
1
0
-1
0
0
0
0
0
0
0
0
0
0
0
0
0
0
0
0
1
0
0
0
0
0
1
0
0
0
0
0
0
0
-1
-1
0
0
0
0
0
-1
-1
0
0
0
-1
1
0
0
-1
0
0
0
0
0
0
0
0
0
0
0
0
0
0
0
0
1
0
0
-1
0
0
0
0
0
0
1
0
0
-1
-1
0
0
0
0
-1
0
0
0
0
0
1
0
0
1
0
1
0
0
0
0
0
0
-1
0
0
0
0
0
0
1
0
0
0
0
0
0
-1
-1
0
-1
0
0
0
0
0
0
0
0
0
0
0
0
0
0
-1
0
0
0
0
1
0
0
0
0
0
0
0
0
0
0
-1
1
-1
0
0
0
0
0
0
0
0
1
0
1
0
0
0
1
-1
0
0
0
0
0
0
0
0
0
0
-1
0
0
0
0
1
1
0
1
0
0
0
0
0
0
0
0
0
0
-1
-1
-1
-1
0
0
0
0
0
-1
0
0
0
0
0
-1
0
-1
0
1
0
0
1
0
0
-1
0
-1
0
0
0
-1
0
1
-1
0
0
0
0
-1
0
1
0
-1
1
1
0
1
-1
0
0
1
0
0
-1
1
0
0
1
0
0
0
0
1
0
0
0
0
1
0
-1
0
-1
0
1
0
1
-1
0
1
0
0
0
0
0
-1
0
0
0
0
0
0
0
0
0
0
-1
0
1
0
1
0
-1
0
0
1
0
0
0
0
0
0
-1
0
-1
0
0
0
0
0
0
0
1
0
1
0
0
0
0
0
-1
0
0
0
0
0
-1
0
0
0
0
0
0
1
0
0
0
0
1
0
0
0
0
0
0
0
0
0
-1
0
1
0
0
0
0
0
0
0
0
0
0
0
0
0
0
0
-1
1
0
0
0
-1
0
0
0
1
0
0
0
-1
0
0
0
0
1
1
0
1
0
0
-1
0
-1
0
0
0
0
0
0
0
0
0
0
0
0
0
1
0
0
0
0
0
0
0
0
0
0
0
0
0
0
0
0
0
0
1
0
0
0
1
0
0
0
0
0
0
0
0
1
1
0
0
1
0
0
0
0
0
1
0
0
-1
1
0
-1
-1
0
0
0
0
0
1
0
1
0
0
0
1
0
-1
0
-1
0
0
-1
0
0
0
-1
0
0
0
0
0
0
0
0
1
-1
0
0
0
0
-1
0
0
0
0
0
1
0
0
0
0
0
0
0
0
1
1
0
0
0
0
0
0
0
0
0
1
0
-1
0
0
0
0
0
0
0
0
0
0
1
0
1
1
1
0
0
0
0
0
0
0
0
0
0
0
0
-1
0
0
0
-1
0
-1
0
0
0
0
0
0
0
-1
1
0
1
0
0
0
0
1
1
0
-1
0
1
-1
0
0
0
0
0
0
0
0
0
0
0
0
0
1
-1
0
0
0
0
0
0
0
-1
0
-1
0
0
0
0
0
-1
0
1
0
0
0
1
0
0
0
0
0
0
0
0
0
0
0
0
0
0
1
0
1
0
-1
-1
-1
0
0
0
0
0
0
0
-1
0
0
1
-1
0
1
0
0
0
0
0
0
0
-1
0
0
0
0
0
0
0
0
0
0
0
0
0
0
0
0
0
0
0
0
0
0
1
0
1
0
0
0
1
0
0
-1
1
0
-1
0
0
-1
0
0
0
0
-1
0
0
0
0
1
0
0
0
1
0
0
1
-1
0
0
0
0
0
0
-1
0
1
0
0
0
1
-1
0
0
0
-1
0
0
0
-1
0
1
0
-1
0
0
-1
-1
0
0
0
0
-1
-1
-1
0
0
0
0
0
0
0
0
0
1
0
-1
0
1
0
1
0
0
0
-1
0
0
0
0
0
0
-1
1
0
0
0
0
1
0
0
0
-1
0
1
0
0
0
0
0
0
0
0
0
0
-1
1
-1
0
1
0
0
0
0
0
0
0
0
0
0
0
0
0
0
0
1
0
0
0
0
-1
1
0
0
0
0
0
0
0
0
0
0
0
0
-1
0
0
0
-1
0
0
1
1
0
0
0
0
-1
0
1
0
-1
0
0
0
0
-1
0
0
0
0
0
-1
-1
0
0
0
0
1
0
0
0
0
-1
0
0
0
0
0
0
0
0
1
0
-1
0
0
-1
0
0
0
0
0
0
0
0
0
0
0
1
0
0
0
0
-1
-1
0
-1
0
0
0
-1
0
0
0
0
1
1
-1
0
0
-1
-1
0
0
-1
0
0
-1
0
0
-1
1
-1
0
0
-1
0
0
0
0
0
0
0
1
0
0
-1
1
1
0
0
0
0
0
0
0
0
0
1
0
0
0
0
0
0
-1
0
0
-1
0
0
1
0
0
1
0
0
0
1
0
0
0
0
0
0
1
-1
0
0
0
1
0
-1
0
0
0
0
0
-1
0
0
0
0
1
0
0
1
0
0
0
1
0
0
0
0
0
1
0
0
0
0
0
0
0
1
0
0
0
0
-1
0
0
-1
-1
0
-1
0
0
0
1
1
0
0
0
-1
1
0
0
0
0
1
0
1
0
0
1
1
0
0
0
0
0
-1
0
0
0
-1
0
0
1
0
0
0
0
1
0
1
0
0
0
0
-1
0
0
0
0
0
-1
0
0
0
1
1
0
0
-1
0
0
1
0
0
-1
1
0
0
0
0
-1
0
0
0
0
0
0
0
0
0
0
0
1
0
0
0
-1
0
1
0
0
1
-1
0
-1
-1
0
0
0
0
0
0
0
0
-1
0
-1
1
0
1
1
0
0
0
0
0
0
0
0
0
0
0
0
0
0
1
0
-1
0
0
0
0
0
0
-1
0
0
-1
0
0
0
0
0
0
0
1
1
0
0
0
0
0
0
0
-1
0
0
0
0
0
0
-1
-1
0
0
0
0
0
1
0
1
-1
0
0
-1
0
0
0
1
0
0
0
0
0
0
0
1
0
1
0
0
0
-1
-1
0
0
0
0
1
0
-1
0
0
0
0
1
0
-1
0
0
0
0
0
1
0
0
0
0
0
0
0
0
0
0
1
0
0
0
0
0
0
0
0
0
0
0
0
0
-1
-1
0
0
0
0
0
0
-1
0
0
-1
0
0
0
0
0
0
0
0
0
0
0
0
0
0
0
0
0
-1
0
0
1
0
0
-1
1
0
0
0
0
0
0
0
0
0
0
-1
1
0
0
-1
0
0
0
1
0
-1
0
0
0
0
0
0
0
1
-1
0
-1
0
-1
-1
0
0
0
1
0
0
0
0
0
1
0
-1
-1
0
0
0
0
0
0
0
-1
0
-1
0
1
0
0
0
0
1
0
0
0
0
0
-1
-1
0
0
0
0
-1
0
1
0
1
0
0
0
0
-1
0
0
0
-1
0
0
0
0
0
0
0
0
-1
0
0
0
1
0
1
0
-1
0
1
0
0
-1
0
0
0
0
0
0
1
0
1
0
0
0
0
0
1
0
1
0
0
0
1
0
0
0
0
0
-1
0
0
0
0
0
0
0
0
0
-1
0
0
0
0
0
0
0
0
0
0
1
0
1
0
0
1
0
0
1
0
0
1
0
0
1
0
0
0
0
0
0
0
0
0
0
0
1
0
0
-1
0
0
-1
0
-1
0
0
1
1
0
0
0
-1
0
0
0
0
0
0
1
0
0
-1
0
0
0
0
-1
0
1
0
0
0
0
0
-1
0
0
0
0
0
0
0
1
0
0
0
0
0
-1
0
0
0
0
0
1
0
0
0
0
0
0
0
1
0
-1
0
-1
1
0
0
0
0
-1
0
-1
0
0
0
0
-1
1
0
0
0
1
0
-1
0
1
1
0
-1
0
0
0
0
0
0
0
0
-1
0
0
0
0
1
-1
0
0
-1
0
0
0
0
0
1
1
0
0
0
-1
-1
0
0
0
1
0
0
0
0
0
0
1
0
0
-1
0
0
1
0
0
0
0
0
1
0
0
-1
0
0
0
0
0
0
0
0
1
0
0
0
0
0
0
0
0
1
0
0
0
0
0
0
-1
0
0
0
0
1
0
0
1
0
0
0
1
-1
0
-1
0
0
0
1
0
0
0
0
0
0
1
0
0
0
0
0
0
0
0
0
-1
0
0
0
1
0
0
0
1
0
0
0
0
0
0
0
0
0
0
1
0
1
0
-1
0
0
-1
0
0
0
-1
0
0
0
-1
0
-1
1
-1
1
0
0
0
0
0
1
0
1
0
0
0
0
0
0
0
0
0
0
0
1
0
0
-1
0
0
0
0
0
0
0
0
0
0
-1
0
0
1
0
0
-1
0
0
0
0
0
0
0
0
-1
0
1
0
0
0
0
1
0
0
0
0
0
-1
0
0
-1
0
0
0
0
0
0
0
0
0
0
0
1
1
1
1
0
0
-1
1
0
0
0
0
0
0
0
0
0
0
0
0
1
0
0
1
0
1
0
0
1
0
0
0
0
1
0
0
-1
0
0
1
1
0
0
-1
0
-1
-1
0
0
0
1
1
0
-1
0
1
0
0
0
0
1
0
1
-1
0
1
0
0
0
-1
0
0
0
1
0
-1
0
-1
-1
0
0
1
0
0
0
1
1
0
0
1
1
-1
0
-1
0
0
0
1
0
0
0
0
-1
0
0
-1
0
0
-1
-1
1
0
0
0
0
-1
0
1
0
0
0
-1
1
0
1
0
1
-1
0
0
0
-1
0
0
0
0
0
0
0
0
0
0
0
0
0
0
0
0
0
1
0
0
0
0
1
0
0
0
0
0
0
0
0
0
0
0
0
0
0
0
0
0
0
0
0
1
0
0
0
0
-1
0
0
1
0
0
0
0
0
-1
0
0
0
0
0
0
-1
0
0
-1
0
0
0
-1
0
0
0
0
-1
0
0
0
0
0
0
0
0
0
0
0
0
0
0
0
-1
0
0
0
-1
0
-1
0
-1
0
0
0
0
1
0
0
0
0
-1
1
0
0
0
0