1
0
0
0
0
0
0
0
0
0
0
1
0
-1
0
0
0
0
-1
0
0
0
0
0
0
-1
0
0
-1
0
0
0
-1
1
0
0
0
0
0
0
0
0
0
0
0
0
0
-1
0
-1
0
0
0
0
0
0
0
0
0
1
0
0
0
0
0
0
0
0
0
0
0
1
0
0
0
0
0
0
0
0
0
-1
0
0
1
0
0
0
0
0
0
0
1
0
0
0
0
0
0
-1
0
1
0
0
0
0
0
0
0
0
-1
0
0
0
0
0
0
0
0
1
0
-1
0
1
0
0
-1
0
0
0
0
-1
0
0
0
0
1
0
0
0
0
0
0
0
0
-1
0
0
0
0
0
0
0
0
0
1
0
0
0
0
0
1
0
0
1
0
1
-1
0
0
0
0
0
0
0
0
-1
0
-1
-1
0
0
0
0
0
0
0
0
0
0
-1
0
-1
0
0
0
0
0
0
-1
0
0
0
0
0
0
0
0
0
0
0
0
0
0
0
0
0
1
1
0
-1
0
0
0
0
0
0
0
0
0
0
0
0
0
0
0
0
1
0
0
0
0
0
1
0
0
0
0
0
0
0
-1
-1
0
0
0
0
0
-1
-1
0
0
0
-1
1
0
0
-1
0
0
0
0
0
0
0
0
0
0
0
0
0
0
0
0
1
0
0
-1
0
0
0
0
0
0
1
0
0
-1
-1
0
0
0
0
-1
0
0
0
0
0
1
0
0
1
0
1
0
0
0
0
0
0
-1
0
0
0
0
0
0
1
0
0
0
0
0
0
-1
-1
0
-1
0
0
0
0
0
0
0
0
0
0
0
0
0
0
-1
0
0
0
0
1
0
0
0
0
0
0
0
0
0
0
-1
1
-1
0
0
0
0
0
0
0
0
1
0
1
0
0
0
1
-1
0
0
0
0
0
0
0
0
0
0
-1
0
0
0
0
1
1
0
1
0
0
0
0
0
0
0
0
0
0
-1
-1
-1
-1
0
0
0
0
0
-1
0
0
0
0
0
-1
0
-1
0
1
0
0
1
0
0
-1
0
-1
0
0
0
-1
0
1
-1
0
0
0
0
-1
0
1
0
-1
1
1
0
1
-1
0
0
1
0
0
-1
1
0
0
1
0
0
0
0
1
0
0
0
0
1
0
-1
0
-1
0
1
0
1
-1
0
1
0
0
0
0
0
-1
0
0
0
0
0
0
0
0
0
0
-1
0
1
0
1
0
-1
0
0
1
0
0
0
0
0
0
-1
0
-1
0
0
0
0
0
0
0
1
0
1
0
0
0
0
0
-1
0
0
0
1
1
0
1
1
1
1
1
1
1
0
1
1
0
-1
-2
0
1
1
1
1
2
2
1
0
0
2
0
0
0
1
3
4
0
-4
-3
5
10
7
-3
-9
-3
9
14
4
-7
-8
-2
0
-2
5
19
16
-6
-28
-10
48
74
19
-67
-77
-17
34
27
-26
-46
-30
-1
2
-4
19
41
27
-20
-47
-12
41
51
3
-46
-31
18
43
11
-30
-22
19
39
8
-30
-23
14
35
13
-16
-13
6
10
-14
-28
-6
24
24
-10
-34
-15
20
33
8
-23
-26
-7
2
-10
-22
-13
8
14
-2
-18
-6
20
30
11
-10
-9
10
18
6
-13
-11
7
16
2
-14
-10
8
18
6
-8
-6
10
16
2
-16
-14
7
16
3
-20
-26
-8
10
11
-1
-5
0
2
-6
-12
-3
15
14
-7
-29
-20
11
31
21
-5
-16
-6
10
18
14
6
0
-3
-2
0
4
8
4
-6
-14
-11
1
10
5
-7
-9
3
14
11
1
-3
0
2
-2
-7
-7
-3
-1
-2
-2
-1
1
1
2
-1
1
2
1
-3
-7
-3
7
12
3
-11
-13
3
18
13
-5
-15
-4
11
9
-4
-7
2
9
-1
-13
-7
7
9
-1
-5
8
12
4
-7
-3
9
11
4
-6
-10
-11
-7
1
4
3
-8
-17
-13
1
10
4
-7
-8
0
6
1
-8
-5
5
13
7
-4
-3
9
14
5
-6
1
15
17
-3
-21
-12
16
28
9
-19
-23
0
20
16
-2
-7
1
-1
-15
-19
2
27
20
-20
-48
-29
17
37
10
-29
-30
2
20
8
-9
-2
20
22
-4
-23
-7
20
23
0
-24
-4
25
23
-7
-33
-9
41
44
2
-37
-33
11
32
11
-9
-13
3
4
-17
-21
3
27
17
-18
-44
-21
22
34
9
-22
-19
6
20
3
-18
-12
11
22
5
-23
-19
9
23
16
-5
-13
8
8
-2
-13
-7
21
20
2
-19
-18
10
25
14
-9
-21
-1
18
11
-8
-13
8
19
4
-15
-20
1
12
3
-10
-14
2
6
-5
-15
-12
16
24
11
-12
-33
-7
15
21
11
-5
-6
-4
-1
-4
5
19
9
0
-22
-30
6
21
14
5
-18
-17
1
1
4
5
5
7
1
3
-5
-10
10
14
11
13
-11
-19
-7
-10
-7
-2
3
11
5
-7
-23
-19
11
17
4
-6
-23
-11
13
2
3
10
17
20
3
-16
-12
7
23
1
-12
0
-4
28
-21
-39
16
24
34
30
-103
3
8
-12
83
-70
22
32
-41
-9
-24
-24
90
-12
-26
-4
-62
50
-2
-17
33
-16
24
5
-60
-9
-3
47
54
-13
-25
-24
-2
33
15
13
25
8
-5
-31
-28
13
27
22
-10
-25
-15
-15
-1
0
11
27
0
-19
-32
-26
18
31
15
-2
-26
-20
2
1
19
29
14
3
-24
-26
4
19
26
18
-12
-20
-11
-9
12
19
12
16
-14
-34
-17
1
42
52
-2
-39
-47
-21
36
35
-1
-16
-29
-11
1
-17
2
21
20
15
-22
-28
0
6
13
-1
-5
17
12
-11
-27
-20
22
57
38
-12
-53
-43
-1
34
35
6
-17
-28
-21
-10
2
20
25
17
-6
-26
-17
1
16
17
8
6
8
-9
-27
-30
-2
41
52
17
-27
-50
-37
12
37
41
24
-18
-34
-34
-16
21
33
33
9
-21
-33
-27
-3
27
37
24
3
-30
-41
-23
10
43
40
8
-24
-34
-22
7
27
27
15
-6
-18
-17
-11
-5
0
10
13
6
-5
-28
-32
-11
13
39
36
-2
-32
-42
-18
27
44
35
-3
-39
-32
-9
18
35
17
2
-8
-18
-7
-1
6
20
13
8
-1
-18
-14
-9
5
25
19
7
-14
-32
-14
7
22
26
-1
-18
-24
-23
4
14
10
4
-14
-11
0
2
11
8
2
4
-6
-4
5
1
3
-2
-6
5
7
2
-1
-9
-1
11
11
8
0
-6
-6
-2
1
8
9
2
-6
-9
-6
3
8
3
-4
-6
-5
-1
0
0
1
2
0
-2
-4
1
0
-1
1
3
2
1
-3
1
4
5
6
1
-5
-2
2
7
4
-6
-7
-2
5
6
-1
0
0
-2
1
-1
1
8
0
-6
-7
-8
1
5
0
0
1
0
-1
-10
-11
1
9
13
5
-9
-10
-5
1
10
12
5
2
-8
-15
-5
6
14
13
-3
-11
-5
-2
0
4
4
7
4
-7
-9
-5
5
14
9
-1
-6
-9
-5
-1
3
11
13
0
-12
-17
-5
14
17
5
-7
-13
-5
2
3
3
3
4
-1
-8
-7
2
9
9
2
-4
-3
1
-3
0
1
2
6
1
-4
-4
-4
3
9
6
3
-2
-5
-2
0
4
5
5
1
-4
-8
-6
-2
4
7
6
0
-4
-3
-2
-1
2
6
6
1
-6
-10
-6
2
8
7
1
-2
-2
-2
-2
0
3
5
2
-4
-6
-5
-1
3
5
4
2
-3
-5
-3
1
4
3
-1
-4
-4
0
1
-1
-2
1
4
3
0
-5
-6
-1
2
3
2
1
-1
-2
-3
-1
2
4
2
-1
-3
-3
-1
1
1
2
2
1
-2
-4
-3
2
4
3
0
-3
-3
0
3
1
-1
-1
-1
3
1
-1
-3
-1
0
1
3
1
0
-1
-2
-2
0
2
4
1
-1
-3
-1
-1
0
0
0
1
0
-1
0
-1
0
2
3
1
-1
-2
-2
-1
0
1
2
1
-1
-3
-2
-1
2
1
2
1
-1
-2
-1
0
2
1
0
0
0
0
-1
-1
1
0
0
0
-1
-2
-1
-1
2
3
3
1
-1
-4
-2
0
2
1
1
-1
-2
-1
1
1
1
1
-1
-1
-1
-1
0
0
3
3
0
-1
-2
-3
0
1
4
2
-1
-3
-2
0
3
2
2
0
-1
-1
0
1
2
1
1
0
-1
0
1
0
1
0
0
-1
-2
0
1
2
1
0
-2
-2
-1
1
1
2
0
-2
-2
-2
0
2
2
0
-1
0
-1
1
1
1
2
0
0
0
-1
0
2
0
-1
1
2
1
-1
-3
-1
1
1
2
1
-1
-2
-3
-2
2
2
3
0
-3
-3
-2
1
3
3
2
-2
-3
-2
-2
2
3
3
1
-1
-3
-2
-1
3
2
1
0
-1
-2
-4
-2
3
4
3
0
-3
-3
-3
1
3
3
1
-2
-3
-2
1
2
3
1
-1
-2
-3
-1
1
2
2
0
0
-2
-1
0
1
2
1
0
1
-1
-2
-1
-1
2
2
1
0
-1
-1
0
0
2
1
-1
-2
-3
0
0
1
1
1
0
0
1
1
1
0
-1
0
0
-1
-1
0
1
1
1
-1
-1
-1
1
1
2
-1
-1
-1
-1
1
1
0
-1
-2
1
2
1
-1
-1
-1
0
-1
1
0
2
0
-3
0
-1
1
2
1
2
-1
-2
-1
-1
1
0
2
1
0
-1
0
-1
0
1
3
2
0
0
0
0
1
2
1
-1
-1
-1
0
1
2
2
2
2
2
1
1
0
0
0
-1
0
0
0
0
1
0
0
1
0
0
0
1
-1
0
-1
0
0
0
1
0
-1
-1
0
1
0
0
0
2
2
1
0
1
2
1
0
-1
1
0
0
1
0
0
1
2
1
1
1
1
1
1
1
0
0
0
1
0
1
0
0
1
1
0
0
0
1
1
2
1
0
-2
-1
-1
2
1
2
0
-1
-1
-1
0
2
1
2
0
0
-1
0
0
1
1
-2
-1
-2
-1
3
1
3
-1
-1
-2
-2
0
0
1
1
1
0
0
-2
-1
0
1
0
0
-1
0
0
0
0
0
0
0
0
-1
0
1
0
0
0
0
1
0
0
0
0
0
-1
0
0
-1
0
0
0
0
0
0
0
0
0
0
0
1
1
1
1
0
0
-1
1
0
0
0
0
0
0
0
0
0
0
0
0
1
0
0
1
0
1
0
0
1
0
0
0
0
1
0
0
-1
0
0
1
1
0
0
-1
0
-1
-1
0
0
0
1
1
0
-1
0
1
0
0
0
0
1
0
1
-1
0
1
0
0
0
-1
0
0
0
1
0
-1
0
-1
-1
0
0
1
0
0
0
1
1
0
0
1
1
-1
0
-1
0
0
0
1
0
0
0
0
-1
0
0
-1
0
0
-1
-1
1
0
0
0
0
-1
0
1
0
0
0
-1
1
0
1
0
1
-1
0
0
0
-1
0
0
0
0
0
0
0
0
0
0
0
0
0
0
0
0
0
1
0
0
0
0
1
0
0
0
0
0
0
0
0
0
0
0
0
0
0
0
0
0
0
0
0
1
0
0
0
0
-1
0
0
1
0
0
0
0
0
-1
0
0
0
0
0
0
-1
0
0
-1
0
0
0
-1
0
0
0
0
-1
0
0
0
0
0
0
0
0
0
0
0
0
0
0
0
-1
0
0
0
-1
0
-1
0
-1
0
0
0
0
1
0
0
0
0
-1
1
0
0
0
0
0
1
0
0
0
0
0
0
1
0
0
0
0
-1
0
-1
0
0
0
0
0
0
0
0
0
0
0
0
0
0
0
0
0
1
0
1
1
0
1
0
0
0
0
0
1
0
1
0
0
0
1
0
0
-1
0
0
1
0
-1
0
0
0
0
-1
-1
1
0
0
1
0
0
1
0
0
0
-1
1
0
0
0
0
0
0
-1
0
0
0
0
0
0
0
0
0
0
0
0
0
0
0
0
0
0
0
0
-1
0
-1
0
-1
0
0
0
0
0
-1
0
-1
1
0
0
0
0
0
-1
0
-1
0
-1
0
0
0
0
-1
0
-1
0
1
0
0
0
0
0
0
1
0
0
0
0
0
0
-1
0
0
0
0
0
0
0
0
1
0
1
1
0
0
0
0
0
0
0
0
0
0
1
0
1
0
0
0
0
0
0
0
1
0
0
0
1
0
1
1
0
0
0
0
-1
0
0
1
0
0
0
0
0
0
0
0
0
0
0
0
0
-1
0
0
0
0
0
0
0
0
0
-1
0
1
0
0
0
0
0
0
0
-1
1
0
0
0
1
0
1
0
0
0
0
0
0
0
-1
0
1
0
0
0
1
0
0
0
0
-1
1
1
0
0
1
0
0
0
0
0
0
0
0
-1
0
0
0
0
1
0
0
0
0
0
0
-1
-1
1
0
0
1
0
0
-1
0
-1
1
0
1
0
0
0
0
1
-1
0
0
0
0
0
0
0
0
0
0
0
0
0
0
-1
0
0
0
0
1
0
0
0
0
0
0
0
0
-1
0
0
0
-1
0
0
1
0
-1
0
0
0
0
1
1
1
0
0
-1
0
0
-1
0
0
0
0
-1
0
0
0
0
0
0
1
0
0
0
0
0
1
0
0
0
0
0
0
0
-1
1
-1
0
-1
0
0
0
0
-1
0
0
0
0
0
0
0
0
0
1
0
0
0
0
0
0
0
0
0
0
0
0
0
0
-1
0
0
0
1
0
0
0
0
-1
0
-1
0
1
0
0
1
0
0
0
0
0
0
0
0
0
0
1
-1
0
-1
0
0
-1
0
0
0
0
-1
0
0
0
0
0
1
0
0
0
0
0
0
0
-1
0
0
0
0
0
0
-1
0
0
0
0
0
0
-1
0
-1
0
0
0
0
1
0
0
0
0
0
0
0
0
0
0
0
0
1
0
0
0
0
1
0
-1
0
1
0
0
0
0
0
0
0
-1
-1
0
0
0
1
0
-1
0
0
-1
0
0
0
-1
0
0
1
0
0
0
0
0
0
1
0
0
0
0
1
0
0
0
1
1
0
0
0
0
0
0
1
0
1
0
0
0
1
0
0
0
-1
1
1
0
-1
0
0
0
0
0
0
0
0
0
0
0
1
0
1
0
0
0
0
0
-1
0
1
0
0
-1
0
-1
0
0
-1
0
0
0
0
0
0
0
0
0
0
0
0
0
0
0
0
0
0
0
0
0
0
0
0
0
0
0
0
0
0
0
0
0
-1
0
0
0
0
0
0
0
-1
0
0
0
0
0
0
0
0
0
0
0
0
0
0
0
0
0
0
0
0
0
0
1
-1
0
0
0
0
0
0
0
1
0
0
0
0
0
-1
0
0
0
0
0
0
0
0
0
0
-1
-1
-1
-1
0
-1
0
0
0
0
0
0
-1
-1
0
-1
0
0
0
-1
0
0
0
0
0
0
0
1
0
0
0
0
0
0
0
0
0
0
1
1
0
0
0
0
0
0
0
0
0
0
0
1
0
0
0
0
0
1
1
0
0
0
0
0
-1
0
0
0
0
0
0
1
0
0
1
0
0
0
1
0
0
1
0
1
1
0
0
0
0
0
0
0
0
0
0
1
0
1
1
-1
0
0
0
0
0
0
0
0
0
0
0
1
0
0
1
0
0
0
1
0
0
0
-1
0
0
0
0
0
0
0
0
0
0
1
0
0
0
-1
-1
0
0
0
0
0
0
0
0
0
0
-1
0
1
0
0
0
0
0
0
0
-1
0
1
0
0
0
0
-1
0
-1
-1
0
0
0
0
1
0
0
0
0
0
0
0
0
1
1
0
1
-1
0
0
0
0
0
0
0
0
0
0
0
0
0
0
0
0
0
0
0
0
0
0
0
0
0
0
0
0
-1
1
0
1
0
0
1
0
0
0
0
0
1
-1
0
0
0
0
0
1
0
0
-1
0
0
0
0
1
0
0
1
-1
-1
0
0
0
0
0
0
0
0
0
0
0
-1
0
0
0
1
0
0
0
0
1
0
-1
-1
0
0
0
-1
0
0
0
0
0
-1
0
0
0
0
-1
0
0
0
0
0
0
0
0
0
0
0
0
0
0
-1
0
0
0
0
0
0
0
0
0
1
0
-1
0
0
0
0
0
0
0
0
0
0
0
0
0
0
0
0
0
0
0
-1
0
0
0
0
0
0
0
0
0
0
0
0
0
1
0
0
0
0
0
0
0
1
0
0
0
1
1
0
0
0
-1
1
1
0
0
0
0
0
0
0
1
0
0
0
1
0
0
0
0
0
-1
0
0
0
0
0
0
0
0
0
0
-1
-1
-1
0
0
0
0
-1
0
0
0
0
0
0
0
0
0
1
0
1
0
0
0
0
0
0
1
-1
0
1
-1
0
0
0
0
0
0
0
-1
0
0
0
-1
0
-1
0
0
0
0
0
-1
0
0
0
0
0
0
-1
0
0
0
0
0
0
0
0
-1
-1
0
0
0
0
0
1
0
0
0
0
0
-1
0
0
0
0
0
0
0
0
0
1
0
1
0
0
1
-1
1
0
0
0
-1
-1
0
0
0
-1
0
-1
0
0
0
-1
0
0
0
0
1
0
0
0
0
0
0
1
0
1
0
0
0
0
0
0
1
0
0
0
1
1
0
0
0
0
0
0
0
0
-1
1
0
0
0
0
0
0
0
1
0
0
-1
0
0
0
-1
-1
0
0
1
0
-1
0
0
0
0
0
0
-1
-1
0
0
-1
1
0
1
0
0
0
0
0
0
1
0
0
0
-1
0
0
0
0
0
1
-1
0
0
0
0
0
0
0
0
0
1
0
0
0
0
0
0
-1
0
0
-1
0
0
-1
0
0
0
0
0
0
0
0
1
0
0
-1
1
0
0
-1
-1
0
0
0
1
-1
0
0
0
-1
1
0
0
0
1
-1
0
0
0
0
0
0
0
0
0
0
0
-1
0
0
0
0
0
0
0
0
0
0
1
-1
0
0
-1
1
0
0
0
0
0
0
0
0
0
0
0
0
0
0
-1
0
0
0
0
0
0
0
-1
0
0
0
-1
0
0
-1
-1
0
0
0
0
0
1
1
-1
0
-1
0
0
0
0
0
0
0
0
1
0
0
0
0
-1
1
0
0
1
0
0
0
0
0
1
1
0
0
0
0
0
-1
0
-1
1
0
1
0
0
1
0
0
1
0
0
0
1
-1
-1
1
0
0
0
-1
0
0
1
0
0
0
0
0
0
-1
0
0
0
-1
0
0
1
1
-1
0
0
0
0
0
0
0
0
0
-1
1
0
0
1
0
0
0
0
1
-1
0
0
0
0
-1
1
0
0
-1
0
0
0
0
0
-1
0
-1
1
0
0
1
0
0
0
0
0
0
0
0
-1
0
0
0
1
0
1
0
0
0
0
-1
0
0
1
1
0
0
0
-1
-1
0
0
0
-1
0
0
1
0
1
0
0
1
0
0
1
0
0
0
0
0
0
0
0
0
0
0
-1
1
0
0
0
0
0
0
0
0
0
0
-1
0
-1
0
0
0
0
0
-1
0
0
0
1
0
0
0
0
0
0
0
0
0
-1
1
1
-1
0
0
0
0
0
0
0
0
0
0
0
0
0
-1
0
0
0
0
0
0
0
0
-1
0
0
0
0
-1
0
-1
0
0
0
0
0
-1
0
0
-1
0
0
0
1
0
0
0
0
0
0
1
0
0
0
0
0
1
0
0
0
1
1
0
0
0
0
0
0
0
0
1
1
1
0
0
-1
0
0
0
-1
-1
0
0
0
0
0
0
0
0
0
0
0
0
0
0
0
0
0
0
0
0
0
1
1
1
0
-1
0
0
0
0
0
0
1
-1
-1
0
0
0
0
0
1
0
-1
0
0
0
0
0
0
0
0
-1
0
0
0
0
1
0
0
0
0
0
-1
1
1
0
0
0
0
1
0
0
0
0
0
0
0
0
0
0
0
0
1
0
0
0
0
0
0
1
0
0
0
0
0
0
0
0
0
0
1
0
-1
0
0
0
0
-1
0
0
0
0
0
0
-1
0
0
-1
0
0
0
-1
1
0
0
0
0
0
0
0
0
0
0
0
0
0
-1
0
-1
0
0
0
0
0
0
0
0
0
1
0
0
0
0
0
0
0
0
0
0
0
1
0
0
0
0
0
0
0
0
0
-1
0
0
1
0
0
0
0
0
0
0
1
0
0
0
0
0
0
-1
0
1
0
0
0
0
0
0
0
0
-1
0
0
0
0
0
0
0
0
1
0
-1
0
1
0
0
-1
0
0
0
0
-1
0
0
0
0
1
0
0
0
0
0
0
0
0
-1
0
0
0
0
0
0
0
0
0
1
0
0
0
0
0
1
0
0
1
0
1
-1
0
0
0
0
0
0
0
0
-1
0
-1
-1
0
0
0
0
0
0
0
0
0
0
-1
0
-1
0
0
0
0
0
0
-1
0
0
0
0
0
0
0
0
0
0
0
0
0
0
0
0
0
1
1
0
-1
0
0
0
0
0
0
0
0
0
0
0
0
0
0
0
0
1
0
0
0
0
0
1
0
0
0
0
0
0
0
-1
-1
0
0
0
0
0
-1
-1
0
0
0
-1
1
0
0
-1
0
0
0
0
0
0
0
0
0
0
0
0
0
0
0
0
1
0
0
-1
0
0
0
0
0
0
1
0
0
-1
-1
0
0
0
0
-1
0
0
0
0
0
1
0
0
1
0
1
0
0
0
0
0
0
-1
0
0
0
0
0
0
1
0
0
0
0
0
0
-1
-1
0
-1
0
0
0
0
0
0
0
0
0
0
0
0
0
0
-1
0
0
0
0
1
0
0
0
0
0
0
0
0
0
0
-1
1
-1
0
0
0
0
0
0
0
0
1
0
1
0
0
0
1
-1
0
0
0
0
0
0
0
0
0
0
-1
0
0
0
0
1
1
0
1
0
0
0
0
0
0
0
0
0
0
-1
-1
-1
-1
0
0
0
0
0
-1
0
0
0
0
0
-1
0
-1
0
1
0
0
1
0
0
-1
0
-1
0
0
0
-1
0
1
-1
0
0
0
0
-1
0
1
0
-1
1
1
0
1
-1
0
0
1
0
0
-1
1
0
0
1
0
0
0
0
1
0
0
0
0
1
0
-1
0
-1
0
1
0
1
-1
0
1
0
0
0
0
0
-1
0
0
0
0
0
0
0
0
0
0
-1
0
1
0
1
0
-1
0
0
1
0
0
0
0
0
0
-1
0
-1
0
0
0
0
0
0
0
1
0
1
0
0
0
0
0
-1
0
0
0
0
0
-1
0
0
0
0
0
0
1
0
0
0
0
1
0
0
0
0
0
0
0
0
0
-1
0
1
0
0
0
0
0
0
0
0
0
0
0
0
0
0
0
-1
1
0
0
0
-1
0
0
0
1
0
0
0
-1
0
0
0
0
1
1
0
1
0
0
-1
0
-1
0
0
0
0
0
0
0
0
0
0
0
0
0
1
0
0
0
0
0
0
0
0
0
0
0
0
0
0
0
0
0
0
1
0
0
0
1
0
0
0
0
0
0
0
0
1
1
0
0
1
0
0
0
0
0
1
0
0
-1
1
0
-1
-1
0
0
0
0
0
1
0
1
0
0
0
1
0
-1
0
-1
0
0
-1
0
0
0
-1
0
0
0
0
0
0
0
0
1
-1
0
0
0
0
-1
0
0
0
0
0
1
0
0
0
0
0
0
0
0
1
1
0
0
0
0
0
0
0
0
0
1
0
-1
0
0
0
0
0
0
0
0
0
0
1
0
1
1
1
0
0
0
0
0
0
0
0
0
0
0
0
-1
0
0
0
-1
0
-1
0
0
0
0
0
0
0
-1
1
0
1
0
0
0
0
1
1
0
-1
0
1
-1
0
0
0
0
0
0
0
0
0
0
0
0
0
1
-1
0
0
0
0
0
0
0
-1
0
-1
0
0
0
0
0
-1
0
1
0
0
0
1
0
0
0
0
0
0
0
0
0
0
0
0
0
0
1
0
1
0
-1
-1
-1
0
0
0
0
0
0
0
-1
0
0
1
-1
0
1
0
0
0
0
0
0
0
-1
0
0
0
0
0
0
0
0
0
0
0
0
0
0
0
0
0
0
0
0
0
0
1
0
1
0
0
0
1
0
0
-1
1
0
-1
0
0
-1
0
0
0
0
-1
0
0
0
0
1
0
0
0
1
0
0
1
-1
0
0
0
0
0
0
-1
0
1
0
0
0
1
-1
0
0
0
-1
0
0
0
-1
0
1
0
-1
0
0
-1
-1
0
0
0
0
-1
-1
-1
0
0
0
0
0
0
0
0
0
1
0
-1
0
1
0
1
0
0
0
-1
0
0
0
0
0
0
-1
1
0
0
0
0
1
0
0
0
-1
0
1
0
0
0
0
0
0
0
0
0
0
-1
1
-1
0
1
0
0
0
0
0
0
0
0
0
0
0
0
0
0
0
1
0
0
0
0
-1
1
0
0
0
0
0
0
0
0
0
0
0
0
-1
0
0
0
-1
0
0
1
1
0
0
0
0
-1
0
1
0
-1
0
0
0
0
-1
0
0
0
0
0
-1
-1
0
0
0
0
1
0
0
0
0
-1
0
0
0
0
0
0
0
0
1
0
-1
0
0
-1
0
0
0
0
0
0
0
0
0
0
0
1
0
0
0
0
-1
-1
0
-1
0
0
0
-1
0
0
0
0
1
1
-1
0
0
-1
-1
0
0
-1
0
0
-1
0
0
-1
1
-1
0
0
-1
0
0
0
0
0
0
0
1
0
0
-1
1
1
0
0
0
0
0
0
0
0
0
1
0
0
0
0
0
0
-1
0
0
-1
0
0
1
0
0
1
0
0
0
1
0
0
0
0
0
0
1
-1
0
0
0
1
0
-1
0
0
0
0
0
-1
0
0
0
0
1
0
0
1
0
0
0
1
0
0
0
0
0
1
0
0
0
0
0
0
0
1
0
0
0
0
-1
0
0
-1
-1
0
-1
0
0
0
1
1
0
0
0
-1
1
0
0
0
0
1
0
1
0
0
1
1
0
0
0
0
0
-1
0
0
0
-1
0
0
1
0
0
0
0
1
0
1
0
0
0
0
-1
0
0
0
0
0
-1
0
0
0
1
1
0
0
-1
0
0
1
0
0
-1
1
0
0
0
0
-1
0
0
0
0
0
0
0
0
0
0
0
1
0
0
0
-1
0
1
0
0
1
-1
0
-1
-1
0
0
0
0
0
0
0
0
-1
0
-1
1
0
1
1
0
0
0
0
0
0
0
0
0
0
0
0
0
0
1
0
-1
0
0
0
0
0
0
-1
0
0
-1
0
0
0
0
0
0
0
1
1
0
0
0
0
0
0
0
-1
0
0
0
0
0
0
-1
-1
0
0
0
0
0
1
0
1
-1
0
0
-1
0
0
0
1
0
0
0
0
0
0
0
1
0
1
0
0
0
-1
-1
0
0
0
0
1
0
-1
0
0
0
0
1
0
-1
0
0
0
0
0
1
0
0
0
0
0
0
0
0
0
0
1
0
0
0
0
0
0
0
0
0
0
0
0
0
-1
-1
0
0
0
0
0
0
-1
0
0
-1
0
0
0
0
0
0
0
0
0
0
0
0
0
0
0
0
0
-1
0
0
1
0
0
-1
1
0
0
0
0
0
0
0
0
0
0
-1
1
0
0
-1
0
0
0
1
0
-1
0
0
0
0
0
0
0
1
-1
0
-1
0
-1
-1
0
0
0
1
0
0
0
0
0
1
0
-1
-1
0
0
0
0
0
0
0
-1
0
-1
0
1
0
0
0
0
1
0
0
0
0
0
-1
-1
0
0
0
0
-1
0
1
0
1
0
0
0
0
-1
0
0
0
-1
0
0
0
0
0
0
0
0
-1
0
0
0
1
0
1
0
-1
0
1
0
0
-1
0
0
0
0
0
0
1
0
1
0
0
0
0
0
1
0
1
0
0
0
1
0
0
0
0
0
-1
0
0
0
0
0
0
0
0
0
-1
0
0
0
0
0
0
0
0
0
0
1
0
1
0
0
1
0
0
1
0
0
1
0
0
1
0
0
0
0
0
0
0
0
0
0
0
1
0
0
-1
0
0
-1
0
-1
0
0
1
1
0
0
0
-1
0
0
0
0
0
0
1
0
0
-1
0
0
0
0
-1
0
1
0
0
0
0
0
-1
0
0
0
0
0
0
0
1
0
0
0
0
0
-1
0
0
0
0
0
1
0
0
0
0
0
0
0
1
0
-1
0
-1
1
0
0
0
0
-1
0
-1
0
0
0
0
-1
1
0
0
0
1
0
-1
0
1
1
0
-1
0
0
0
0
0
0
0
0
-1
0
0
0
0
1
-1
0
0
-1
0
0
0
0
0
1
1
0
0
0
-1
-1
0
0
0
1
0
0
0
0
0
0
1
0
0
-1
0
0
1
0
0
0
0
0
1
0
0
-1
0
0
0
0
0
0
0
0
1
0
0
0
0
0
0
0
0
1
0
0
0
0
0
0
-1
0
0
0
0
1
0
0
1
0
0
0
1
-1
0
-1
0
0
0
1
0
0
0
0
0
0
1
0
0
0
0
0
0
0
0
0
-1
0
0
0
1
0
0
0
1
0
0
0
0
0
0
0
0
0
0
1
0
1
0
-1
0
0
-1
0
0
0
-1
0
0
0
-1
0
-1
1
-1
1
0
0
0
0
0
1
0
1
0
0
0
0
0
0
0
0
0
0
0
1
0
0
-1
0
0
0
0
0
0
0
0
0
0
-1
0
0
1
0
0
-1
0
0
0
0
0
0
0
0
-1
0
1
0
0
0
0
1
0
0
0
0
0
-1
0
0
-1
0
0
0
0
0
0
0
0
0
0
0
1
1
1
1
0
0
-1
1
0
0
0
0
0
0
0
0
0
0
0
0
1
0
0
1
0
1
0
0
1
0
0
0
0
1
0
0
-1
0
0
1
1
0
0
-1
0
-1
-1
0
0
0
1
1
0
-1
0
1
0
0
0
0
1
0
1
-1
0
1
0
0
0
-1
0
0
0
1
0
-1
0
-1
-1
0
0
1
0
0
0
1
1
0
0
1
1
-1
0
-1
0
0
0
1
0
0
0
0
-1
0
0
-1
0
0
-1
-1
1
0
0
0
0
-1
0
1
0
0
0
-1
1
0
1
0
1
-1
0
0
0
-1
0
0
0
0
0
0
0
0
0
0
0
0
0
0
0
0
0
1
0
0
0
0
1
0
0
0
0
0
0
0
0
0
0
0
0
0
0
0
0
0
0
0
0
1
0
0
0
0
-1
0
0
1
0
0
0
0
0
-1
0
0
0
0
0
0
-1
0
0
-1
0
0
0
-1
0
0
0
0
-1
0
0
0
0
0
0
0
0
0
0
0
0
0
0
0
-1
0
0
0
-1
0
-1
0
-1
0
0
0
0
1
0
0
0
0
-1
1
0
0
0
0
0
1
0
0
0
0
0
0
1
0
0
0
0
-1
0
-1
0
0
0
0
0
0
0
0
0
0
0
0
0
0
0
0
0
1
0
1
1
0
1
0
0
0
0
0
1
0
1
0
0
0
1
0
0
-1
0
0
1
0
-1
0
0
0
0
-1
-1
1
0
0
1
0
0
1
0
0
0
-1
1
0
0
0
0
0
0
-1
0
0
0
0
0
0
0
0
0
0
0
0
0
0
0
0
0
0
0
0
-1
0
-1
0
-1
0
0
0
0
0
-1
0
-1
1
0
0
0
0
0
-1
0
-1
0
-1
0
0
0
0
-1
0
-1
0
1
0
0
0
0
0
0
1
0
0
0
0
0
0
-1
0
0
0
0
0
0
0
0
1
0
1
1
0
0
0
0
0
0
0
0
0
0
1
0
1
0
0
0
0
0
0
0
1
0
0
0
1
0
1
1
0
0
0
0
-1
0
0
1
0
0
0
0
0
0
0
0
0
0
0
0
0
-1
0
0
0
0
0
0
0
0
0
-1
0
1
0
0
0
0
0
0
0
-1
1
0
0
0
1
0
1
0
0
0
0
0
0
0
-1
0
1
0
0
0
1
0
0
0
0
-1
1
1
0
0
1
0
0
0
0
0
0
0
0
-1
0
0
0
0
1
0
0
0
0
0
0
-1
-1
1
0
0
1
0
0
-1
0
-1
1
0
1
0
0
0
0
1
-1
0
0
0
0
0
0
0
0
0
0
0
0
0
0
-1
0
0
0
0
1
0
0
0
0
0
0
0
0
-1
0
0
0
-1
0
0
1
0
-1
0
0
0
0
1
1
1
0
0
-1
0
0
-1
0
0
0
0
-1
0
0
0
0
0
0
1
0
0
0
0
0
1
0
0
0
0
0
0
0
-1
1
-1
0
-1
0
0
0
0
-1
0
0
0
0
0
0
0
0
0
1
0
0
0
0
0
0
0
0
0
0
0
0
0
0
-1
0
0
0
1
0
0
0
0
-1
0
-1
0
1
0
0
1
0
0
0
0
0
0
0
0
0
0
1
-1
0
-1
0
0
-1
0
0
0
0
-1
0
0
0
0
0
1
0
0
0
0
0
0
0
-1
0
0
0
0
0
0
-1
0
0
0
0
0
0
-1
0
-1
0
0
0
0
1
0
0
0
0
0
0
0
0
0
0
0
0
1
0
0
0
0
1
0
-1
0
1
0
0
0
0
0
0
0
-1
-1
0
0
0
1
0
-1
0
0
-1
0
0
0
-1
0
0
1
0
0
0
0
0
0
1
0
0
0
0
1
0
0
0
1
1
0
0
0
0
0
0
1
0
1
0
0
0
1
0
0
0
-1
1
1
0
-1
0
0
0
0
0
0
0
0
0
0
0
1
0
1
0
0
0
0
0
-1
0
1
0
0
-1
0
-1
0
0
-1
0
0
0
0
0
0
0
0
0
0
0
0
0
0
0
0
0
0
0
0
0
0
0
0
0
0
0
0
0
0
0
0
0
-1
0
0
0
0
0
0
0
-1
0
0
0
0
0
0
0
0
0
0
0
0
0
0
0
0
0
0
0
0
0
0
1
-1
0
0
0
0
0
0
0
1
0
0
0
0
0
-1
0
0
0
0
0
0
0
0
0
0
-1
-1
-1
-1
0
-1
0
0
0
0
0
0
-1
-1
0
-1
0
0
0
-1
0
0
0
0
0
0
0
1
0
0
0
0
0
0
0
0
0
0
1
1
0
0
0
0
0
0
0
0
0
0
0
0
-1
-1
-2
-2
-2
-1
-1
-2
-2
-2
-2
-1
-2
-1
-1
-1
-1
-1
0
0
0
0
1
1
1
1
3
3
3
5
5
6
6
6
6
7
7
7
7
7
7
7
7
8
7
7
6
5
5
5
4
4
3
3
2
2
1
1
1
1
0
0
0
-2
-2
-2
-2
-3
-3
-4
-5
-4
-5
-5
-5
-5
-5
-5
-5
-5
-4
-3
-4
-4
-3
-4
-4
-3
-2
-2
-1
-2
-1
-1
0
0
0
0
2
3
2
3
4
4
5
5
5
5
6
8
8
8
9
10
10
11
11
11
12
12
12
11
11
9
8
7
6
5
4
2
1
1
0
-3
-3
-7
-8
-9
-11
-13
-14
-16
-17
-19
-21
-22
-23
-24
-26
-26
-26
-27
-26
-26
-25
-24
-23
-22
-21
-20
-19
-18
-18
-17
-17
-13
-13
-12
-11
-10
-7
-7
-5
-4
-2
0
2
2
5
7
9
12
15
19
21
24
27
32
35
38
42
46
48
50
54
53
56
58
58
59
59
59
58
57
56
54
52
49
45
43
39
35
32
26
22
18
13
9
4
-2
-7
-10
-15
-20
-26
-29
-34
-38
-42
-46
-51
-54
-56
-59
-61
-64
-65
-67
-68
-69
-71
-72
-73
-72
-73
-73
-73
-72
-72
-71
-71
-69
-67
-65
-62
-60
-57
-53
-49
-45
-39
-35
-31
-24
-18
-12
-6
1
7
14
21
27
34
41
47
54
60
66
71
77
82
86
89
93
96
98
100
101
101
101
100
98
96
94
91
87
85
80
76
71
66
61
55
50
45
37
31
25
20
13
7
0
-5
-12
-16
-22
-28
-34
-39
-44
-50
-55
-59
-63
-69
-72
-76
-79
-83
-87
-89
-92
-93
-96
-97
-97
-98
-98
-98
-96
-95
-93
-90
-88
-86
-84
-80
-75
-70
-64
-57
-50
-42
-35
-28
-22
-15
-8
-1
7
15
25
32
41
47
54
61
68
74
81
87
90
95
98
99
101
103
104
104
105
104
103
101
100
97
95
91
88
83
80
75
69
63
57
49
43
37
30
24
18
12
5
1
-4
-9
-15
-20
-26
-32
-37
-44
-49
-53
-58
-64
-68
-72
-74
-79
-81
-84
-87
-89
-92
-93
-94
-95
-95
-95
-95
-94
-93
-92
-89
-88
-83
-80
-74
-67
-62
-53
-46
-39
-31
-24
-15
-5
4
12
20
28
35
44
51
57
62
67
72
75
79
83
85
87
89
90
90
89
89
86
84
81
79
76
74
70
66
62
55
49
42
37
31
25
21
17
14
10
5
1
-3
-8
-9
-12
-14
-16
-18
-21
-24
-27
-30
-33
-36
-38
-40
-44
-49
-53
-57
-59
-62
-66
-72
-78
-83
-90
-97
-103
-105
-100
-91
-78
-64
-54
-48
-40
-35
-27
-19
-11
-3
6
15
24
34
40
45
50
54
61
65
70
74
77
81
81
83
85
86
86
86
85
81
75
69
64
59
56
54
49
42
31
18
8
-1
-10
-16
-22
-27
-30
-34
-38
-42
-46
-49
-50
-51
-49
-49
-47
-45
-40
-39
-39
-40
-40
-38
-35
-31
-26
-25
-23
-22
-21
-20
-16
-15
-12
-10
-7
-6
-2
0
1
3
5
7
9
12
13
15
16
15
16
15
14
14
17
19
19
18
14
12
12
11
15
16
15
15
11
9
9
7
5
1
-2
-4
-4
-3
-4
-5
-7
-9
-10
-9
-8
-7
-7
-6
-5
-4
-6
-9
-12
-12
-11
-6
-4
-4
-5
-5
-4
-3
-1
-1
0
1
1
5
6
10
10
11
12
15
17
18
20
20
19
19
20
21
21
23
22
23
24
22
20
17
16
16
17
16
12
11
11
12
12
9
6
3
3
2
3
1
-1
-2
-4
-5
-5
-9
-12
-14
-15
-16
-17
-17
-21
-24
-25
-26
-25
-28
-31
-35
-37
-38
-39
-43
-48
-57
-62
-66
-67
-64
-56
-48
-42
-41
-43
-41
-36
-29
-19
-10
-2
4
9
14
18
25
30
35
41
42
44
46
48
51
50
51
50
50
51
53
57
55
50
43
39
37
38
38
38
34
30
22
16
8
1
0
-1
-1
-6
-13
-16
-14
-13
-15
-15
-13
-11
-11
-9
-5
3
6
7
7
6
4
8
14
23
28
29
32
32
29
26
25
23
23
24
21
11
4
0
-4
-15
-23
-26
-41
-66
-77
-66
-61
-86
-126
-156
-168
-152
-99
-35
-11
-48
-96
-96
-63
-31
-14
4
12
0
-6
23
58
52
23
24
53
64
52
57
78
81
61
57
72
72
54
57
93
113
82
44
39
45
28
17
41
66
43
0
-13
-13
-33
-53
-35
-10
-27
-68
-72
-38
-26
-48
-59
-48
-49
-68
-63
-29
-11
-28
-38
-24
-21
-46
-61
-34
-1
-3
-14
-6
9
0
-12
-3
9
5
5
18
31
31
17
12
27
36
27
22
35
45
43
40
41
37
27
22
31
42
43
42
44
41
27
14
14
24
31
27
16
16
23
21
9
4
2
-2
1
13
11
-6
-12
-4
0
-9
-17
-17
-22
-30
-30
-22
-24
-41
-55
-60
-77
-103
-115
-111
-117
-150
-185
-202
-216
-239
-249
-234
-219
-211
-182
-139
-124
-146
-162
-137
-87
-55
-40
-8
32
49
56
95
146
152
135
154
202
235
239
251
280
285
255
251
295
320
293
274
293
292
245
198
189
184
140
91
81
85
52
2
-23
-53
-132
-202
-193
-137
-125
-169
-200
-186
-166
-157
-130
-87
-73
-81
-38
64
137
133
118
151
188
189
205
281
357
364
348
382
432
431
410
430
469
485
502
557
590
539
461
447
481
481
436
384
318
224
132
81
40
-51
-186
-330
-475
-626
-755
-858
-971
-1109
-1236
-1345
-1504
-1766
-2066
-2263
-2236
-1939
-1459
-1051
-982
-1229
-1458
-1387
-1069
-735
-493
-307
-162
-43
140
398
567
545
516
668
894
996
1034
1171
1352
1399
1330
1299
1313
1269
1231
1365
1580
1586
1347
1118
1024
914
710
587
626
633
445
176
-17
-175
-376
-520
-531
-566
-787
-1031
-1028
-841
-751
-797
-811
-775
-822
-926
-890
-674
-466
-367
-271
-150
-143
-247
-217
40
306
400
409
471
549
552
543
620
722
742
755
857
941
876
771
776
828
792
681
628
680
753
767
738
670
551
451
460
533
566
551
534
511
463
392
306
211
109
22
-4
12
-34
-209
-490
-808
-1083
-1228
-1259
-1343
-1600
-1899
-2035
-2053
-2195
-2604
-3164
-3604
-3640
-3114
-2190
-1364
-1100
-1381
-1760
-1828
-1559
-1137
-697
-330
-104
58
340
744
1001
937
779
846
1092
1276
1377
1547
1748
1817
1787
1805
1825
1688
1513
1602
1946
2163
2038
1785
1615
1425
1126
899
872
831
581
266
79
-69
-311
-540
-623
-694
-967
-1326
-1418
-1186
-954
-908
-899
-866
-953
-1120
-1125
-915
-655
-424
-172
59
99
-63
-160
13
277
399
455
614
798
874
895
949
977
941
952
1091
1239
1259
1222
1261
1312
1234
1076
1015
1074
1111
1057
971
907
810
669
551
488
428
362
320
260
97
-151
-379
-531
-641
-785
-995
-1205
-1340
-1403
-1477
-1687
-2067
-2415
-2549
-2650
-3021
-3617
-4116
-4242
-3833
-2883
-1766
-1130
-1310
-1917
-2210
-1920
-1377
-855
-332
105
265
331
676
1146
1230
942
856
1176
1467
1474
1517
1835
2138
2128
1960
1850
1645
1288
1208
1704
2284
2286
1856
1624
1668
1545
1180
947
913
751
420
248
253
100
-179
-231
-143
-417
-1088
-1538
-1370
-935
-735
-704
-537
-366
-509
-795
-830
-672
-592
-478
-145
146
93
-49
114
441
504
285
125
173
296
407
577
810
930
868
773
721
609
442
446
679
852
770
603
570
621
629
592
525
380
209
148
217
320
405
446
390
245
100
5
-53
-93
-168
-299
-386
-337
-272
-369
-587
-830
-1154
-1562
-1848
-1939
-2103
-2578
-3258
-3858
-4119
-3791
-2780
-1497
-771
-1043
-1807
-2184
-1931
-1440
-986
-534
-165
-24
120
603
1146
1131
640
430
735
990
943
1070
1586
2025
2043
1896
1809
1587
1161
1008
1486
2122
2241
2011
2035
2176
1852
1230
959
975
716
247
75
186
205
174
326
391
-84
-972
-1618
-1648
-1314
-1011
-737
-360
-78
-137
-355
-444
-519
-731
-773
-418
-25
70
114
392
657
594
344
201
169
127
148
406
817
1091
1116
1050
971
765
493
443
617
688
570
512
609
689
673
599
443
194
8
11
124
198
228
297
355
281
104
-58
-174
-303
-455
-561
-580
-577
-630
-711
-783
-964
-1365
-1805
-2025
-2152
-2543
-3218
-3904
-4408
-4496
-3741
-2212
-870
-653
-1393
-2121
-2196
-1761
-1212
-671
-160
136
246
620
1362
1749
1270
585
550
912
970
905
1334
2082
2485
2456
2338
2082
1475
881
947
1608
2093
2053
1987
2263
2389
1880
1194
947
843
329
-262
-307
-28
89
261
688
710
-200
-1399
-1936
-1764
-1423
-1156
-797
-304
22
-20
-209
-311
-456
-715
-783
-529
-300
-236
9
544
895
736
348
99
-9
-106
-129
92
578
1085
1325
1249
1020
766
560
499
541
468
268
211
406
640
727
675
482
189
-21
-34
60
188
370
522
547
520
503
393
182
-14
-204
-417
-494
-377
-293
-411
-625
-828
-1058
-1398
-1820
-2164
-2371
-2632
-3162
-3887
-4437
-4302
-3191
-1533
-395
-476
-1377
-2150
-2316
-2027
-1532
-935
-366
42
380
893
1456
1495
863
318
407
642
548
602
1272
2090
2475
2521
2469
2145
1446
838
849
1326
1682
1788
1985
2286
2287
1911
1542
1264
738
-39
-536
-491
-228
35
430
777
527
-379
-1306
-1708
-1575
-1252
-1009
-739
-277
98
90
-24
19
-65
-419
-658
-692
-606
-308
215
849
1215
1152
898
677
422
263
90
-429
-912
-201
2497
4708
4729
3360
1433
741
871
861
560
117
649
607
-805
-1428
-962
-501
-763
-1384
-714
309
406
-119
-1588
-2500
-2392
-2015
-1695
-2093
-2190
-1863
-1754
-1852
-2233
-2722
-3381
-4145
-4785
-5531
-6697
-7386
-6092
-2710
1154
3978
5766
6574
5640
2837
-246
-1531
-444
1763
3445
4071
4024
3470
2166
327
-1308
-2179
-2018
-837
837
2290
3265
3668
3039
1309
-388
-868
-416
69
639
1518
1811
644
-1554
-3876
-5559
-5769
-4332
-2219
-452
476
253
-853
-2075
-3161
-3840
-2968
-262
2421
3594
4009
4419
4070
2756
1537
850
546
1165
2838
4385
4832
4142
2616
946
-215
-942
-945
598
2940
4085
3603
2505
1133
-545
-1878
-2242
-1764
-877
29
502
137
-1059
-2564
-3668
-3930
-3384
-2401
-1317
-314
335
331
-211
-795
-1093
-1103
-774
77
1325
2335
2528
1940
968
-80
-913
-1191
-840
-132
528
727
263
-618
-1460
-2102
-2759
-3524
-4140
-4850
-6593
-8747
-8157
-3173
3104
6563
6969
6388
5072
1800
-2805
-5533
-3923
285
2870
2271
472
-1084
-3041
-5194
-5431
-2829
670
2978
4239
5138
5012
3447
1722
1226
1982
3192
3948
3907
3523
2663
400
-2728
-4809
-5499
-5623
-4443
-1104
2440
3391
1724
-487
-1975
-2918
-3665
-3532
-1297
2462
4755
3865
1736
477
-588
-2034
-2269
-563
1416
2387
2731
2749
2128
1058
326
445
1157
1751
2062
2772
3854
3788
1869
-95
-380
90
-114
-317
483
1463
1450
573
-665
-2011
-2842
-2535
-1481
-546
-75
36
-7
-114
-524
-1211
-1492
-956
-202
172
447
887
1175
949
291
-484
-934
-836
-543
-389
-243
90
124
-200
-837
-1864
-2869
-3489
-3231
-2887
-3084
-4062
-6431
-9472
-9901
-5093
1427
6034
7765
7463
6855
3786
-1051
-4308
-4326
-584
2535
2536
1295
-822
-2956
-4718
-5300
-2952
585
3413
4996
5510
5374
3891
1774
181
356
2247
3775
4428
3976
2631
881
-1762
-4671
-6448
-6340
-4335
-1121
1982
3689
3048
257
-2969
-4924
-4931
-3424
-908
2230
4589
4496
2093
-843
-2862
-3347
-2083
321
2500
3572
3554
2770
1592
407
-243
219
1672
3186
4100
4312
3583
1860
-68
-1195
-1170
-353
630
1485
2136
2051
800
-839
-1782
-2012
-1864
-1148
21
824
640
-337
-1492
-2258
-2386
-1953
-1113
-90
609
671
500
662
1069
1093
555
-15
-141
200
475
64
-651
-880
-801
-803
-824
-1021
-1514
-2173
-2934
-3415
-3577
-4147
-5384
-7491
-9804
-9222
-4168
2519
7126
8403
7660
5813
2130
-2506
-5348
-4487
-441
3150
3202
679
-2173
-4412
-5787
-5425
-2238
2421
5618
6440
5767
4472
2985
1414
393
1197
3701
5537
5170
3883
2549
64
-3382
-5669
-5909
-4920
-3048
-136
2775
3631
1649
-1455
-3264
-3266
-2507
-1399
516
2859
3931
2434
-805
-3472
-4035
-2761
-623
1611
3133
3178
1904
453
-204
60
993
2371
3717
4375
4133
3247
1913
392
-595
-435
456
1105
1259
1385
1496
995
-202
-1271
-1514
-1085
-465
80
414
312
-296
-1126
-1730
-1875
-1574
-999
-422
-129
-120
-126
21
305
535
601
584
556
391
93
-178
-554
-1011
-1136
-745
-527
-614
-975
-1849
-2899
-3565
-3334
-3251
-3534
-3850
-5274
-8442
-10576
-7097
361
6897
8935
7247
5693
3119
-1182
-4597
-4558
-265
4142
4335
1578
-975
-3102
-5458
-6325
-3020
2943
6807
6948
5229
3666
2492
1009
-293
222
3047
6083
6704
4754
1852
-1163
-3983
-5740
-5879
-4857
-3023
-256
2585
3527
1502
-2196
-4912
-5030
-3161
-877
1030
2366
2552
954
-1851
-4084
-4269
-2454
266
2754
4123
3795
2026
62
-781
-138
1427
3125
4407
4875
4234
2563
563
-738
-709
391
1708
2550
2733
2301
1276
-147
-1387
-1766
-1076
222
1351
1688
1044
-298
-1735
-2607
-2621
-1951
-1058
-337
29
-107
-712
-1319
-1228
-156
1258
2063
1979
1368
776
378
-47
-580
-1190
-1454
-1020
-474
-324
-862
-2112
-3101
-3484
-3543
-3431
-3829
-4382
-5264
-8005
-10192
-7460
-143
7025
9194
6839
4218
2109
-895
-4011
-4589
-846
4041
4641
787
-3413
-5629
-6352
-5615
-2065
3665
8020
8196
5005
1789
595
510
534
1816
5235
8426
8030
4326
452
-2194
-4279
-5411
-4487
-2276
-529
517
1341
1360
-209
-2716
-4252
-3387
-782
1353
1854
1438
697
-781
-2791
-3874
-3021
-835
1286
2344
1943
221
-1854
-2808
-1916
190
2361
3795
4084
3267
2015
1228
1289
1989
2970
3802
3828
2614
618
-1051
-1679
-1422
-805
-210
139
127
-99
-197
-15
263
382
318
221
177
116
-109
-566
-1089
-1300
-887
52
1025
1469
1193
502
40
23
258
619
873
774
230
-501
-1023
-1251
-1570
-1839
-1783
-1725
-1977
-2537
-2358
-2144
-3094
-4163
-5725
-8399
-10996
-9649
-2135
5742
8505
6016
1841
-436
-2030
-3010
-2416
460
4826
5892
2674
-2467
-6194
-6657
-4956
-401
5495
9118
8219
3120
-1407
-2064
323
2944
4099
5852
8425
8494
4486
-1074
-4287
-4423
-2834
-573
1109
1058
-356
-1468
-1555
-1410
-1979
-2601
-2348
-1286
-69
-244
-1383
-2287
-2802
-2767
-2368
-781
901
1316
1395
1048
-137
-2035
-2848
-1247
847
2721
4374
4640
4431
3593
1906
1468
1443
1441
1605
1261
1819
2017
517
-845
-1367
-1317
-768
393
1318
1646
1883
978
-377
-1138
-1745
-1312
-673
-292
262
-27
-297
-594
-1099
-881
-437
359
1093
1425
1802
1858
1529
1142
864
568
126
-273
-436
-500
-578
-961
-1726
-2144
-2040
-1818
-1724
-1646
-1543
-2328
-4185
-6406
-9380
-11671
-9357
-2146
5127
7284
3781
-747
-2628
-2654
-2170
-623
2545
5652
5235
472
-4786
-6767
-5374
-2106
2195
6636
8767
6378
1052
-2802
-2139
2093
5880
7006
6949
6831
5385
1704
-2055
-2808
-812
1415
2338
1537
-397
-2239
-3059
-2465
-1213
-746
-1406
-2195
-2186
-1877
-2288
-2951
-2644
-1460
-444
-42
43
-25
-297
-519
-429
-254
-184
-10
441
1092
1644
1803
1582
1121
671
624
1103
1871
2295
1905
1453
1827
2479
2383
1414
255
-338
-265
-80
-194
-433
-423
-275
-427
-870
-1181
-1059
-363
630
1127
670
-179
-421
47
394
448
807
1652
2445
2269
1028
-91
-241
387
1190
1607
1642
1286
91
-1556
-2556
-2509
-1646
-556
-49
-395
-1364
-2600
-3813
-5030
-5979
-6394
-7339
-9035
-8638
-4027
2123
4812
2361
-1845
-3556
-2053
491
2364
3666
4472
3238
-705
-4673
-5542
-3269
186
3538
6459
7826
5578
109
-4113
-2813
2956
7829
8360
6244
4365
2733
531
-942
-126
1951
2934
1990
-142
-2562
-4432
-4827
-3089
72
1876
233
-3328
-5644
-5324
-3400
-1519
-277
118
-410
-1185
-1693
-1779
-1095
245
1647
2399
1961
711
-325
-332
836
2490
3582
3320
1780
201
-248
210
677
1046
1854
2904
3104
1948
297
-639
-550
75
761
1236
1106
124
-1273
-2137
-1988
-1262
-659
-354
-125
14
-254
-848
-1099
-517
646
1797
2514
2579
1929
849
95
522
2013
3005
2336
845
-176
-762
-1546
-2181
-1681
-243
772
375
-1243
-2830
-3513
-3573
-3379
-3258
-3565
-4600
-7074
-10085
-10004
-4933
1813
4867
2506
-1835
-3805
-2330
426
2150
2725
2880
1910
-816
-3474
-3482
-862
2163
4290
5574
5524
3184
-635
-2676
-226
5233
8908
7891
4048
965
28
738
2495
4274
4479
2645
17
-2067
-3216
-3348
-2212
59
2116
1719
-1874
-6155
-7629
-5579
-2263
-60
301
-696
-2100
-2897
-2449
-771
1333
2554
2152
668
-685
-1221
-889
351
2162
3491
3372
1585
-780
-1772
-550
1682
2980
2623
1706
1266
1026
701
711
1310
2110
2327
1550
243
-869
-1413
-1298
-634
144
247
-618
-1518
-1601
-1148
-458
503
1423
1834
1570
1065
1019
1451
1793
1681
1242
1004
1180
1188
550
-306
-622
-304
-181
-773
-1386
-1360
-982
-991
-1742
-2518
-2688
-2837
-3409
-4061
-4527
-5431
-7704
-9621
-7491
-1274
4159
4201
-462
-4733
-4859
-1387
2596
4500
4189
2523
-240
-2921
-3375
-1179
1637
3079
3379
3632
3462
1828
-511
-867
2217
6335
7530
4986
1711
538
1433
3013
4311
4370
2463
-535
-2553
-2518
-1188
106
683
501
-443
-2337
-4729
-6056
-5004
-2159
402
903
-878
-3472
-4687
-3374
-392
2288
3203
2076
-256
-2256
-2611
-1185
950
2458
2730
2142
1285
268
-672
-544
1123
2999
3279
1899
378
-50
678
1901
2797
2732
1644
209
-692
-709
-175
344
508
349
-2
-519
-1028
-1132
-611
318
1243
1783
1492
421
-416
-71
1261
2336
1994
491
-820
-855
369
1532
1593
924
74
-622
-1023
-1333
-1228
-545
-141
-482
-1351
-2618
-3915
-4600
-4328
-3463
-2975
-3978
-6923
-9795
-8726
-2952
2918
3908
172
-3810
-4084
-550
3535
5102
3955
1521
-1223
-3120
-2573
290
2914
3343
2408
1932
2130
1862
860
706
2853
5946
6772
4396
1444
573
1784
3781
5399
5218
2511
-1013
-2625
-1689
100
892
174
-1235
-2329
-3154
-4078
-4413
-3441
-1977
-1329
-1751
-2777
-3767
-3760
-2138
346
2026
1805
-48
-2107
-2728
-1411
680
1977
2070
1565
951
309
-218
-222
583
1862
2677
2389
1437
816
977
1666
2433
2775
2238
1000
13
-40
482
841
825
629
380
105
-145
-249
-49
371
630
539
291
29
-193
-141
395
1194
1614
1060
-301
-1238
-566
1240
2384
1884
506
-572
-1052
-1193
-1067
-655
-305
-562
-1500
-2513
-3053
-3130
-2889
-2348
-1902
-2279
-3825
-6247
-8510
-8502
-4517
1644
4874
2159
-3440
-6013
-3250
1869
5090
4928
2598
-367
-2899
-3560
-1331
2320
4259
3330
1565
1193
1990
2325
1797
1783
3318
5128
4895
2542
664
1207
3338
4969
4724
2531
-305
-1858
-1300
400
1589
1286
-296
-2027
-2960
-3096
-2886
-2511
-2109
-2053
-2516
-3173
-3544
-3313
-2386
-1069
7
334
-189
-1187
-1752
-1129
281
1253
1205
707
582
926
1187
1029
799
937
1248
1249
943
819
1189
1863
2419
2561
2196
1444
742
604
1066
1603
1725
1427
1008
609
170
-319
-659
-607
-152
381
530
107
-518
-748
-337
418
943
816
78
-639
-569
346
1349
1577
823
-286
-975
-1038
-837
-758
-835
-1057
-1428
-1731
-1963
-2236
-2479
-2537
-2193
-2002
-2819
-4173
-5696
-7327
-6969
-2840
2383
3656
-418
-5380
-5785
-1110
4389
6302
4080
343
-2667
-3773
-1995
1992
5030
4494
1451
-665
-11
2055
3051
2498
2295
3511
4318
2836
485
165
2189
4311
4832
3795
1931
6
-1104
-767
615
1509
628
-1336
-2401
-1993
-1570
-2176
-3073
-3325
-3072
-2756
-2435
-2143
-2002
-1924
-1637
-983
-247
-46
-524
-863
-370
360
454
180
258
639
873
822
575
461
860
1495
1613
1107
684
986
1986
2940
2987
2107
1181
915
1191
1488
1511
1377
1249
1061
733
345
-29
-323
-372
-194
-116
-296
-484
-338
151
573
526
126
-237
-461
-508
-60
882
1554
1253
179
-882
-1299
-963
-299
53
-237
-1045
-1956
-2445
-2228
-1648
-1352
-1519
-1858
-2355
-3183
-3995
-4501
-5209
-5880
-4523
-578
2515
1141
-3309
-5719
-3119
2256
5601
4608
1137
-1844
-2983
-1940
1050
4042
4322
1675
-918
-657
1924
3816
3282
1813
1700
2678
2706
1558
1234
2703
4460
4786
3549
1608
-64
-571
363
1822
2215
670
-1859
-3209
-2443
-1132
-1201
-2368
-3169
-3255
-3117
-2822
-2377
-2148
-2219
-2096
-1429
-580
-234
-751
-1614
-1755
-957
70
805
1126
1035
573
147
383
1005
1416
1674
1659
1327
1204
1477
2007
2499
2592
2388
1997
1413
1012
1055
1351
1493
1197
747
543
398
18
-361
-227
316
401
-217
-683
-586
-329
-161
-121
-116
-20
1
-57
66
376
608
468
102
-19
81
31
-203
-365
-419
-671
-1140
-1475
-1390
-918
-748
-1341
-2071
-2369
-2354
-2525
-3114
-3736
-4500
-5369
-4777
-1979
887
805
-2274
-4423
-2624
1536
4307
3571
718
-1381
-1721
-633
1424
3263
3323
1302
-710
-371
1875
3789
3794
2244
1141
1413
1884
1876
2266
3516
4520
4158
2803
1496
756
637
949
1206
721
-664
-2008
-2151
-1277
-898
-1852
-3123
-3396
-2872
-2494
-2417
-2331
-2369
-2597
-2511
-1800
-983
-739
-1065
-1338
-1056
-418
21
186
449
827
1012
1008
1071
1200
1228
1173
1162
1274
1577
2012
2319
2305
2043
1651
1153
741
793
1452
2271
2454
1642
442
-151
108
604
730
406
-162
-741
-1093
-1062
-725
-316
45
319
296
-150
-593
-410
349
988
979
476
79
127
301
209
-13
-165
-413
-812
-1077
-1017
-782
-701
-932
-1260
-1475
-1692
-1922
-2024
-2170
-2545
-3091
-4079
-5437
-5508
-2932
413
1022
-1675
-4401
-3819
-149
3302
3890
2048
-184
-1542
-1491
365
3106
4183
2267
-524
-950
1390
3819
3966
2316
1112
1422
2286
2718
3023
3498
3477
2669
1986
1977
1871
1019
53
-193
9
-204
-951
-1451
-1249
-1052
-1717
-2886
-3492
-3253
-2732
-2368
-2248
-2399
-2697
-2759
-2336
-1607
-944
-558
-468
-580
-703
-598
-87
730
1408
1548
1181
663
387
665
1448
2143
2086
1334
697
926
1922
2845
2919
2116
1102
629
930
1571
1940
1811
1360
841
371
-39
-325
-351
-151
-42
-263
-713
-1041
-910
-366
37
-75
-358
-275
207
692
726
178
-432
-387
256
766
706
188
-568
-1245
-1361
-808
-135
61
-332
-996
-1448
-1452
-1249
-1141
-1147
-1344
-1945
-2789
-3569
-4381
-4970
-4159
-1600
609
-21
-2900
-4592
-2676
1495
4196
3319
424
-1531
-1422
39
1957
3365
3099
1184
-543
-253
1823
3632
3564
2257
1621
2128
2429
1909
1762
2720
3724
3624
2561
1242
237
-19
410
817
512
-549
-1667
-1932
-1322
-984
-1715
-2816
-3208
-2840
-2350
-2179
-2451
-2935
-3024
-2456
-1765
-1477
-1418
-1241
-950
-665
-370
-2
407
642
561
495
865
1363
1343
1002
1142
1786
2128
1839
1507
1771
2532
3022
2587
1530
844
1047
1700
2095
1915
1313
657
233
93
194
445
520
66
-729
-1252
-1176
-638
37
363
-13
-700
-882
-391
178
375
302
194
55
-227
-515
-408
158
565
234
-542
-969
-787
-385
-92
19
-218
-872
-1488
-1524
-1114
-872
-1169
-1872
-2491
-2666
-2760
-3436
-4293
-3902
-1933
-203
-556
-2310
-2959
-1320
1110
2246
1745
686
-106
-467
-180
975
2336
2576
1390
239
622
2124
3111
2940
2419
2248
2115
1667
1479
2217
3279
3358
2216
975
621
964
1195
837
8
-862
-1319
-1139
-562
-286
-926
-2223
-3135
-3041
-2446
-2194
-2432
-2729
-2753
-2448
-1975
-1683
-1750
-1836
-1477
-778
-301
-336
-541
-320
492
1360
1607
1196
693
647
1261
2282
2956
2677
1789
1289
1678
2509
2972
2654
1823
1119
920
1067
1241
1329
1284
975
392
-172
-331
3
429
359
-325
-1092
-1326
-891
-198
120
-245
-933
-1302
-1101
-604
-199
-42
-127
-395
-664
-613
-141
358
422
83
-276
-417
-312
-10
265
179
-258
-612
-624
-565
-777
-1130
-1237
-1113
-1231
-1767
-2319
-2740
-3315
-3678
-2866
-1152
-326
-1326
-2720
-2514
-618
1247
1656
834
-30
-239
81
686
1470
2089
2070
1505
1082
1278
1903
2454
2632
2469
2107
1617
1161
1095
1570
2194
2435
2152
1472
595
-79
-130
304
548
203
-429
-857
-1010
-1214
-1609
-1876
-1810
-1783
-2174
-2674
-2744
-2385
-2000
-1781
-1650
-1587
-1644
-1653
-1306
-634
-75
78
8
121
610
1267
1648
1572
1319
1272
1506
1822
2016
2015
1924
1877
1863
1771
1550
1296
1187
1298
1439
1299
824
330
166
329
479
356
36
-261
-486
-722
-938
-981
-846
-785
-968
-1187
-1127
-826
-617
-653
-760
-724
-530
-293
-71
162
351
355
215
193
407
645
672
488
241
109
220
457
485
185
-165
-321
-359
-420
-498
-560
-669
-956
-1488
-2075
-2342
-2215
-2105
-2375
-2767
-2677
-1942
-1100
-774
-1015
-1325
-1243
-731
-57
463
597
355
80
204
782
1449
1826
1834
1613
1321
1084
1009
1113
1303
1540
1819
1989
1822
1362
942
846
1028
1124
840
340
79
218
441
370
-5
-373
-498
-511
-683
-993
-1177
-1095
-882
-783
-951
-1295
-1476
-1226
-684
-291
-296
-508
-552
-280
96
285
254
242
417
682
820
742
576
535
716
987
1120
1012
736
497
473
648
818
761
496
339
526
882
979
665
227
-19
-9
124
166
59
-116
-272
-319
-268
-164
-4
47
-98
-279
-390
-368
-182
108
325
175
-263
-462
-224
109
137
-145
-375
-356
-197
-78
-175
-432
-542
-391
-222
-348
-780
-1171
-1230
-1085
-1111
-1434
-1825
-2117
-2377
-2566
-2395
-1735
-898
-401
-485
-875
-1054
-703
12
635
845
631
315
328
726
1220
1560
1622
1436
1167
952
889
961
1082
1205
1228
1138
1082
1055
971
831
679
605
634
640
470
175
13
112
281
275
20
-390
-745
-868
-739
-512
-431
-634
-948
-1019
-744
-400
-295
-462
-666
-611
-236
202
403
364
285
260
266
313
428
585
722
768
656
458
351
420
574
676
621
383
96
-21
110
344
480
466
386
294
160
1
-86
-68
-20
-31
-93
-155
-161
-104
-32
-36
-159
-285
-219
59
313
349
187
-17
-89
27
240
414
420
217
-126
-382
-271
120
367
237
-159
-524
-614
-504
-450
-586
-858
-1115
-1277
-1430
-1695
-2050
-2281
-2236
-2035
-1859
-1689
-1391
-977
-685
-715
-901
-812
-318
195
344
217
115
216
529
977
1384
1533
1341
992
819
940
1141
1168
1019
928
1078
1361
1454
1211
820
565
533
661
812
841
690
475
341
279
206
106
-19
-202
-427
-614
-687
-635
-575
-637
-758
-759
-615
-459
-384
-394
-427
-351
-131
117
267
291
265
280
364
449
469
427
359
352
501
732
793
554
227
124
264
377
328
263
303
352
310
201
57
-113
-211
-141
18
73
-61
-275
-374
-242
18
157
73
-84
-139
-93
-31
20
95
205
315
364
321
228
157
154
198
208
118
-31
-110
-77
-49
-169
-406
-598
-629
-585
-678
-961
-1243
-1378
-1494
-1756
-2100
-2356
-2429
-2269
-1852
-1322
-988
-1013
-1245
-1315
-981
-371
98
148
-89
-256
-80
446
1051
1411
1436
1271
1090
1011
1067
1159
1188
1228
1385
1566
1563
1372
1195
1196
1331
1422
1323
1050
748
567
536
615
719
712
481
79
-311
-555
-627
-598
-581
-609
-618
-616
-701
-862
-962
-942
-838
-695
-555
-430
-293
-153
-84
-126
-207
-189
24
356
570
508
280
158
283
542
708
677
528
403
364
391
418
401
319
248
302
465
551
404
125
-58
-54
49
134
133
41
-82
-140
-100
-31
-5
-34
-76
-93
-67
-10
41
61
91
146
142
15
-139
-160
-40
65
35
-100
-230
-294
-337
-422
-546
-634
-656
-678
-792
-988
-1179
-1336
-1516
-1763
-2050
-2271
-2259
-1914
-1368
-945
-859
-1006
-1107
-957
-549
-58
263
263
41
-93
109
587
1037
1236
1230
1172
1132
1096
1086
1149
1293
1452
1530
1509
1464
1460
1477
1430
1277
1096
994
957
872
704
540
445
381
281
145
-16
-226
-476
-678
-747
-729
-740
-801
-832
-794
-754
-784
-847
-848
-762
-628
-458
-276
-150
-107
-72
16
113
152
147
194
354
573
711
668
493
338
360
557
756
779
627
444
346
334
366
411
439
419
350
263
196
137
61
-16
-32
47
155
182
94
-18
-53
-20
-3
-38
-77
-60
-2
26
-27
-137
-227
-229
-168
-139
-222
-383
-510
-525
-467
-447
-547
-746
-953
-1070
-1079
-1091
-1252
-1560
-1857
-2031
-2125
-2178
-2081
-1720
-1219
-875
-835
-942
-927
-675
-277
73
209
119
10
144
568
1047
1310
1306
1194
1151
1224
1353
1473
1549
1559
1532
1550
1626
1662
1563
1370
1212
1149
1119
1034
907
815
752
614
374
153
63
45
-67
-337
-662
-904
-1022
-1046
-1023
-1002
-1022
-1073
-1097
-1039
-915
-828
-826
-816
-654
-368
-145
-80
-64
23
138
170
143
198
386
611
759
791
743
679
668
737
832
862
794
690
624
604
590
528
400
246
159
169
203
184
110
39
15
26
28
17
25
42
23
-48
-136
-207
-253
-268
-237
-178
-149
-206
-320
-411
-422
-374
-339
-366
-447
-545
-652
-762
-866
-944
-992
-1034
-1115
-1261
-1455
-1661
-1855
-2003
-2026
-1839
-1440
-1007
-771
-791
-874
-802
-506
-83
280
425
369
286
329
553
894
1200
1344
1345
1320
1345
1407
1440
1421
1408
1472
1600
1704
1700
1568
1349
1112
926
840
845
869
812
650
445
277
153
20
-158
-365
-574
-766
-926
-1023
-1051
-1047
-1061
-1100
-1121
-1097
-1046
-1009
-985
-923
-780
-589
-425
-333
-293
-239
-105
90
256
325
320
316
383
551
795
1002
1054
953
830
794
825
839
838
862
891
849
722
570
437
345
316
340
329
221
62
-28
9
101
129
63
-40
-124
-204
-294
-356
-342
-259
-190
-218
-339
-455
-472
-388
-304
-327
-457
-581
-607
-552
-519
-594
-763
-948
-1075
-1143
-1182
-1237
-1352
-1531
-1723
-1870
-1931
-1853
-1605
-1232
-882
-686
-639
-619
-492
-209
161
469
585
520
452
566
862
1181
1366
1407
1388
1378
1397
1445
1503
1536
1547
1569
1610
1621
1550
1399
1232
1107
1022
932
802
641
478
350
266
179
27
-205
-477
-739
-950
-1065
-1063
-1005
-999
-1112
-1285
-1373
-1267
-1004
-750
-667
-776
-924
-900
-633
-256
40
166
172
154
173
229
316
436
603
803
962
990
881
750
727
822
934
965
909
813
713
623
570
549
506
414
308
236
173
83
-16
-62
-51
-46
-89
-140
-154
-158
-210
-313
-410
-440
-386
-295
-244
-289
-424
-556
-576
-465
-354
-376
-534
-709
-784
-742
-695
-776
-1020
-1312
-1488
-1492
-1422
-1438
-1618
-1893
-2094
-2045
-1697
-1192
-783
-625
-656
-689
-571
-278
96
419
616
694
715
763
908
1164
1445
1641
1689
1625
1544
1529
1582
1658
1711
1730
1726
1708
1657
1545
1366
1154
970
842
747
634
485
319
162
5
-185
-435
-722
-974
-1111
-1118
-1073
-1080
-1188
-1326
-1382
-1309
-1171
-1046
-957
-880
-797
-716
-623
-483
-281
-40
190
363
429
407
373
426
578
746
846
881
906
951
976
943
861
793
781
799
774
677
553
480
483
499
441
286
93
-36
-48
21
77
39
-93
-242
-325
-325
-288
-272
-299
-347
-392
-427
-458
-482
-487
-473
-463
-489
-565
-664
-737
-757
-742
-755
-838
-978
-1129
-1261
-1387
-1531
-1688
-1825
-1909
-1916
-1822
-1620
-1335
-1044
-821
-684
-586
-468
-284
-37
248
507
685
775
851
991
1206
1427
1587
1684
1731
1734
1697
1649
1630
1652
1689
1723
1749
1742
1663
1496
1277
1087
951
840
715
579
444
299
106
-129
-363
-546
-653
-718
-797
-917
-1048
-1133
-1163
-1174
-1192
-1196
-1142
-1023
-891
-799
-743
-665
-505
-288
-85
39
95
142
222
336
460
565
627
646
669
746
870
972
980
893
767
664
612
614
644
661
632
538
414
301
216
148
77
15
-25
-51
-93
-164
-250
-313
-348
-365
-393
-434
-477
-509
-531
-549
-569
-588
-584
-560
-545
-587
-710
-876
-1021
-1091
-1099
-1103
-1165
-1303
-1487
-1678
-1855
-1982
-1991
-1838
-1571
-1301
-1115
-1001
-893
-732
-507
-258
-33
137
277
438
646
872
1072
1227
1349
1465
1582
1688
1762
1780
1746
1690
1661
1692
1773
1849
1850
1733
1517
1277
1099
1024
1006
956
801
571
356
217
130
8
-197
-442
-641
-746
-785
-825
-903
-1018
-1130
-1191
-1167
-1082
-996
-942
-892
-785
-630
-500
-450
-435
-377
-239
-63
90
195
263
318
380
461
558
647
700
708
678
643
629
642
660
641
570
481
424
403
372
300
206
138
121
135
130
61
-71
-199
-246
-213
-179
-229
-355
-481
-532
-497
-425
-381
-402
-487
-606
-706
-751
-746
-737
-771
-862
-993
-1129
-1250
-1366
-1491
-1635
-1770
-1846
-1807
-1654
-1441
-1234
-1055
-896
-741
-591
-441
-278
-97
100
295
473
611
720
839
1003
1208
1392
1502
1539
1539
1533
1530
1546
1593
1660
1707
1695
1626
1533
1440
1340
1219
1089
956
824
695
591
536
517
472
339
121
-108
-266
-323
-329
-359
-450
-582
-696
-751
-747
-714
-678
-646
-615
-578
-533
-481
-432
-396
-369
-332
-275
-197
-116
-57
-28
-10
31
97
150
161
158
202
301
391
403
328
222
156
169
242
316
332
272
166
65
2
-15
0
21
25
5
-36
-89
-145
-195
-228
-232
-221
-234
-300
-418
-546
-636
-672
-673
-691
-757
-875
-1005
-1108
-1173
-1232
-1333
-1483
-1629
-1689
-1616
-1453
-1289
-1202
-1172
-1115
-963
-727
-480
-290
-169
-76
45
222
442
653
793
856
894
980
1133
1301
1408
1428
1397
1387
1436
1527
1591
1580
1501
1403
1322
1260
1195
1118
1041
969
904
837
762
674
573
463
351
242
149
80
29
-30
-116
-214
-279
-275
-229
-199
-229
-297
-352
-364
-342
-324
-323
-330
-321
-288
-251
-229
-220
-213
-203
-200
-200
-197
-180
-154
-133
-127
-137
-161
-191
-218
-222
-198
-151
-109
-104
-154
-244
-329
-364
-335
-273
-227
-230
-272
-316
-323
-281
-209
-149
-135
-170
-229
-280
-311
-317
-307
-294
-304
-361
-467
-593
-694
-741
-765
-824
-947
-1095
-1173
-1123
-990
-876
-852
-901
-929
-858
-684
-476
-308
-204
-124
-31
83
192
283
359
438
539
653
757
839
900
952
1000
1045
1092
1138
1172
1168
1131
1097
1119
1193
1262
1258
1169
1039
934
888
884
862
779
646
524
462
453
454
423
360
288
226
178
145
119
89
46
2
-26
-38
-47
-68
-98
-130
-163
-200
-229
-238
-228
-217
-214
-224
-235
-247
-270
-306
-356
-399
-415
-408
-399
-407
-422
-436
-452
-492
-559
-623
-649
-627
-586
-567
-580
-612
-639
-647
-644
-634
-608
-556
-490
-453
-477
-542
-585
-547
-440
-318
-252
-264
-318
-359
-361
-338
-326
-349
-398
-437
-431
-377
-302
-245
-218
-211
-208
-199
-168
-104
-8
93
167
194
200
220
267
329
384
424
453
479
503
528
559
596
631
647
643
637
650
680
707
700
658
609
599
645
720
771
761
699
628
586
577
582
577
549
509
471
450
443
431
398
358
332
326
326
313
289
261
236
207
169
126
92
72
66
58
32
-13
-65
-99
-107
-107
-125
-177
-252
-320
-362
-385
-412
-466
-541
-612
-653
-663
-665
-691
-745
-808
-861
-893
-915
-933
-946
-944
-934
-930
-939
-949
-940
-906
-860
-825
-805
-783
-736
-661
-569
-482
-421
-384
-348
-293
-216
-132
-52
15
76
143
215
288
360
422
475
508
520
525
538
566
605
639
656
654
635
599
556
514
487
473
469
460
435
381
313
255
229
231
231
208
157
107
81
84
100
111
110
108
114
139
171
194
203
208
230
268
304
328
345
375
419
464
489
488
479
487
520
553
562
536
497
472
461
448
414
365
333
334
348
325
246
138
55
15
-5
-49
-123
-208
-291
-376
-469
-558
-615
-625
-615
-638
-723
-843
-937
-964
-940
-921
-948
-1011
-1064
-1071
-1044
-1015
-1013
-1030
-1036
-1007
-947
-876
-807
-737
-661
-572
-482
-398
-318
-238
-149
-51
46
126
189
243
310
398
494
577
629
655
663
670
688
719
752
774
762
718
663
625
619
623
602
528
420
316
256
232
211
161
87
13
-45
-86
-122
-150
-160
-151
-136
-129
-132
-131
-114
-91
-75
-65
-45
5
81
151
186
186
178
196
238
285
315
337
365
411
449
454
423
386
382
425
483
509
480
414
353
319
310
305
285
246
195
134
75
23
-20
-52
-84
-126
-176
-221
-255
-272
-288
-310
-336
-367
-403
-442
-476
-496
-497
-491
-496
-525
-577
-632
-673
-685
-669
-639
-613
-611
-633
-659
-662
-636
-604
-590
-597
-605
-583
-521
-442
-379
-353
-340
-296
-207
-93
7
69
102
130
177
239
302
354
394
432
470
494
499
488
480
487
507
530
534
508
459
408
372
358
363
369
360
333
294
258
230
206
177
146
116
92
77
69
61
51
33
20
12
15
30
46
55
50
29
6
-5
3
28
54
70
76
73
74
80
93
107
118
128
133
134
135
139
147
155
161
166
165
159
149
135
114
92
72
53
34
12
-16
-46
-74
-83
-73
-57
-54
-78
-117
-154
-175
-184
-192
-216
-254
-296
-333
-360
-386
-411
-434
-453
-464
-469
-469
-464
-456
-448
-443
-445
-449
-443
-415
-369
-320
-284
-268
-267
-255
-217
-153
-81
-28
-2
12
33
72
124
181
236
288
330
354
355
345
345
372
408
428
414
381
355
353
352
331
283
230
204
211
227
219
177
121
80
68
68
70
66
60
53
41
15
-22
-49
-44
-15
16
26
10
-14
-27
-18
1
22
30
29
19
5
-11
-26
-30
-29
-32
-45
-60
-70
-71
-65
-63
-70
-82
-92
-90
-77
-64
-61
-68
-74
-72
-58
-42
-31
-27
-29
-26
-18
-6
8
20
39
61
79
89
87
83
81
83
80
70
52
35
22
8
-9
-36
-71
-109
-146
-176
-194
-202
-203
-203
-208
-220
-232
-236
-237
-241
-247
-247
-232
-200
-164
-132
-107
-90
-68
-39
-2
39
77
109
138
162
187
215
251
289
320
339
344
337
327
313
301
290
284
278
262
224
173
124
90
71
57
38
16
-6
-25
-42
-64
-94
-128
-156
-171
-177
-181
-183
-181
-176
-173
-175
-181
-185
-177
-157
-134
-118
-111
-106
-97
-83
-74
-67
-62
-54
-44
-40
-41
-41
-35
-17
7
23
31
40
48
54
51
43
40
49
72
95
103
91
67
55
61
82
100
107
95
74
56
49
54
57
48
29
11
4
3
2
-5
-19
-36
-47
-49
-45
-41
-42
-50
-66
-79
-83
-73
-53
-37
-32
-40
-51
-52
-39
-16
3
13
16
14
14
19
26
34
41
49
58
71
87
101
106
99
91
89
97
111
123
128
122
111
94
79
70
69
72
77
74
67
61
54
49
38
28
21
20
17
8
-15
-39
-58
-64
-63
-62
-65
-76
-87
-98
-111
-130
-147
-150
-140
-129
-133
-154
-179
-198
-205
-201
-193
-183
-170
-157
-148
-144
-146
-145
-134
-113
-98
-91
-94
-95
-80
-53
-27
-13
-8
0
18
41
57
59
52
51
62
80
94
100
93
82
70
62
59
65
78
87
92
88
85
81
81
77
65
50
41
49
71
83
81
66
55
56
67
80
85
78
65
59
66
75
81
79
74
73
79
88
90
82
64
52
55
73
95
106
97
76
52
39
38
46
49
48
44
38
34
26
13
-3
-11
-12
-6
-2
-3
-9
-19
-32
-47
-62
-74
-80
-85
-96
-114
-135
-149
-153
-145
-132
-122
-120
-128
-137
-149
-157
-160
-157
-146
-131
-115
-109
-113
-123
-130
-128
-115
-96
-81
-75
-73
-72
-69
-59
-49
-38
-25
-12
-2
7
11
9
4
7
18
37
56
67
59
41
21
18
29
50
66
72
70
65
60
57
49
43
43
54
73
90
95
86
68
56
57
75
98
112
109
97
81
72
78
93
107
112
109
99
85
75
74
75
76
75
75
73
74
67
55
41
32
32
41
51
50
44
32
19
11
7
5
4
0
0
0
-2
-7
-16
-19
-16
-11
-8
-16
-35
-56
-64
-59
-49
-42
-45
-63
-85
-98
-107
-111
-108
-106
-109
-111
-109
-116
-122
-130
-144
-150
-142
-126
-109
-98
-106
-124
-130
-120
-104
-82
-63
-59
-58
-54
-55
-55
-48
-30
-9
15
30
27
15
8
11
23
44
63
70
69
64
53
39
38
40
40
52
67
68
67
68
57
48
55
64
65
75
78
62
58
61
57
64
77
65
49
55
64
72
82
79
68
66
73
87
101
103
102
95
79
82
79
71
78
88
79
86
93
70
66
67
62
54
68
59
47
42
41
21
12
11
1
-4
-3
-27
-44
-39
-47
-68
-71
-75
-98
-112
-109
-123
-140
-139
-149
-158
-139
-134
-138
-131
-132
-149
-150
-147
-147
-140
-124
-109
-106
-104
-98
-98
-92
-77
-69
-70
-59
-63
-62
-50
-44
-33
-21
-3
-10
3
1
2
1
10
10
18
41
47
49
45
37
18
29
33
31
40
31
31
18
39
31
28
36
31
27
41
49
47
49
57
65
76
87
94
80
66
66
63
63
81
94
84
88
99
83
78
80
61
63
87
87
78
86
85
73
75
81
71
70
82
69
55
62
53
46
60
52
32
28
12
-6
-4
-9
-14
-9
-14
-24
-24
-40
-59
-69
-77
-85
-83
-84
-88
-87
-83
-90
-94
-95
-109
-122
-109
-105
-111
-92
-80
-93
-80
-67
-78
-73
-63
-76
-78
-58
-56
-51
-29
-20
-31
-26
-18
-31
-35
-22
-26
-32
-15
-10
-20
-16
-16
-27
-23
-17
-17
-11
-8
-9
-3
-3
-2
7
4
4
6
-1
-3
8
13
15
24
32
32
43
53
48
58
72
60
65
72
58
62
70
63
57
67
70
63
70
75
57
53
67
51
58
68
53
50
53
44
43
46
42
45
40
44
48
37
32
25
17
13
24
26
25
15
7
-4
-12
-7
3
-1
-9
-3
-20
-35
-30
-29
-50
-38
-30
-47
-44
-34
-57
-68
-52
-64
-65
-50
-40
-53
-52
-46
-48
-53
-36
-17
-26
-10
-14
-27
-31
-24
-33
-7
1
-6
14
3
-11
3
-4
-15
9
3
-5
12
-2
-17
-14
-18
-25
-11
-8
-12
-21
-29
-38
-36
-33
-33
-20
-30
-42
-32
-38
-54
-32
-26
-39
-22
0
-14
-17
8
-7
-19
14
24
9
31
42
9
24
48
37
49
65
67
51
54
75
52
45
83
62
47
82
64
49
58
57
43
41
56
42
34
37
28
12
7
14
7
-3
-6
4
-26
-29
-17
-25
-46
-33
-28
-63
-50
-41
-56
-67
-40
-51
-64
-39
-39
-66
-45
-39
-53
-46
-20
-23
-43
-4
-11
-29
6
17
1
25
41
31
35
51
51
48
59
73
66
60
77
67
50
69
71
48
60
66
37
36
42
19
16
25
10
7
9
-7
-14
-20
-28
-34
-36
-39
-40
-50
-49
-42
-59
-48
-39
-51
-46
-39
-38
-46
-30
-17
-32
-7
15
-7
7
26
5
-3
35
29
10
46
45
24
34
59
41
30
48
53
20
34
51
22
21
23
33
4
11
30
5
-17
0
-2
-37
-22
-1
-36
-67
-12
-43
-90
-28
-36
-92
-56
-31
-84
-59
-48
-68
-71
-57
-54
-61
-60
-45
-60
-59
-42
-40
-47
-31
-21
-37
-23
-9
-9
-13
8
4
10
34
40
36
54
52
42
71
73
72
87
90
88
87
95
84
84
89
76
80
81
78
58
63
65
36
43
51
25
22
30
11
2
8
3
-19
-12
-1
-40
-27
-13
-59
-48
-32
-56
-54
-37
-42
-55
-53
-31
-55
-53
-16
-39
-29
-14
-1
-26
3
1
-7
5
7
12
14
22
17
31
15
27
25
19
29
13
34
7
22
13
17
13
16
14
2
2
-9
-12
-15
-20
-18
-22
-28
-29
-22
-58
-58
-34
-78
-65
-30
-79
-72
-51
-79
-75
-65
-70
-73
-71
-60
-60
-75
-60
-44
-76
-53
-18
-51
-41
-4
-21
-41
2
19
-20
29
62
18
45
81
49
60
98
92
87
107
123
92
106
131
97
100
127
113
89
114
103
61
79
84
55
49
75
48
4
39
27
-17
13
26
-15
-28
-1
-26
-62
-33
-29
-72
-65
-23
-50
-82
-39
-43
-102
-69
-11
-72
-70
0
-49
-77
-23
-17
-50
-22
16
-25
-24
15
-7
-18
11
8
-3
11
12
5
5
-8
1
5
-9
15
27
-8
6
21
-28
9
17
-27
17
3
-28
-1
-2
-39
-16
-11
-34
-35
-15
-23
-58
-36
-26
-54
-58
-13
-38
-72
-32
-33
-65
-49
-14
-48
-57
-22
-21
-53
-15
6
-38
-22
14
-9
-7
35
18
15
23
33
40
46
51
85
59
57
107
79
74
121
95
78
116
100
81
110
88
70
91
87
66
70
79
27
24
64
8
10
45
-6
-26
2
-12
-45
-21
-26
-58
-54
-52
-48
-68
-64
-49
-74
-75
-49
-48
-67
-60
-54
-68
-59
-43
-30
-37
-43
-16
-18
-25
10
8
-15
9
8
-2
19
8
16
11
-14
30
-3
-3
26
-12
-13
3
-20
1
12
-28
-11
-16
-47
-26
-10
-24
-36
-25
-29
-47
-26
-15
-37
-32
-23
-36
-23
-13
-18
-10
-33
-16
-5
-16
-10
5
-13
-26
6
19
3
17
30
8
8
32
34
26
25
35
38
34
45
72
31
38
62
38
51
82
65
57
81
53
72
91
62
74
85
45
60
85
45
44
66
30
32
51
48
13
29
17
-1
5
1
3
-28
-31
-20
-39
-48
-30
-41
-74
-44
-40
-71
-39
-61
-76
-66
-68
-58
-53
-45
-68
-66
-43
-54
-60
-2
-49
-64
2
-32
-30
14
-6
-28
-5
6
4
12
2
10
-26
-10
29
2
1
15
-14
-26
6
14
-6
-13
0
-26
-30
13
-7
-15
-17
-10
-25
-20
10
-12
-21
-21
-20
-7
-27
13
0
-38
-11
1
-16
-6
24
-21
-16
17
-7
3
25
9
-9
19
19
14
24
31
27
4
40
47
18
39
62
30
22
86
58
19
85
67
20
78
98
46
50
90
49
26
92
84
17
62
79
-3
30
73
3
1
36
1
-22
2
3
-44
-39
-28
-40
-69
-33
-31
-100
-56
-47
-98
-72
-38
-77
-91
-48
-70
-98
-43
-46
-80
-45
-28
-72
-34
-22
-28
-22
-14
2
-9
-4
30
14
6
24
21
12
37
39
19
31
15
11
36
27
30
27
23
3
10
13
14
-3
6
18
-15
7
24
-22
-19
2
-40
-6
14
-22
-1
-18
-46
-4
-20
-26
20
-28
-27
1
-20
-32
2
-4
-30
9
15
-7
9
16
-17
1
25
-1
35
31
7
26
37
6
33
52
19
39
60
36
41
45
37
38
45
55
63
50
39
50
27
14
48
27
13
39
20
0
6
-6
-16
-20
-13
-14
-35
-27
-38
-61
-48
-43
-59
-52
-40
-63
-50
-44
-67
-54
-58
-62
-44
-31
-29
-34
-27
-33
-31
-15
1
14
-2
10
18
-10
20
28
1
29
33
26
37
29
26
18
10
33
29
19
44
28
-3
22
9
-14
17
5
-6
12
-4
-6
-4
-16
-6
-11
-2
7
-11
-4
-8
-22
-15
6
-11
-22
10
-22
-31
17
-6
-30
6
-2
-33
4
15
-16
-14
5
-23
-32
14
3
-21
6
-1
-34
-6
23
-9
-2
22
0
3
41
33
13
23
20
13
36
54
42
38
47
28
28
46
46
37
37
37
18
12
22
8
-5
8
-6
-21
-3
-18
-34
-23
-31
-48
-33
-28
-32
-29
-38
-41
-54
-48
-32
-25
-35
-6
-30
-44
-14
-13
-22
2
6
-20
-3
16
-3
16
19
-3
15
26
16
34
42
8
18
28
10
29
34
30
5
8
11
3
-1
24
4
-24
4
5
-16
-4
20
-19
-29
18
-5
-17
9
5
-26
-4
5
2
1
3
12
-13
2
21
2
3
23
10
-8
12
17
-13
-4
5
-3
-10
3
10
-17
-12
1
-18
-4
3
-13
-7
-9
-17
-3
-1
-5
-7
2
-10
-8
27
2
-3
29
7
1
33
30
12
21
23
17
15
26
32
8
12
18
1
2
14
7
-11
1
1
-22
-12
-3
-21
-26
-13
-14
-35
-19
-10
-36
-23
-14
-26
-25
-15
-13
-27
-13
-5
-21
-8
1
-6
-4
8
8
1
8
17
3
7
26
4
11
35
1
11
27
-3
9
19
0
4
0
-1
6
-6
1
0
-25
-2
-7
-18
5
-10
-13
-8
-11
-3
-10
4
-3
-10
3
-8
4
7
-1
14
8
-2
10
9
-7
8
7
1
12
9
11
-1
8
7
-5
7
0
-3
1
4
-4
-5
0
-12
-7
7
-8
-15
16
-13
-17
24
-7
-3
15
1
5
6
14
6
5
16
6
17
23
8
17
13
1
12
16
2
12
18
-2
5
17
1
-6
2
3
-13
-10
9
-13
-17
5
-17
-11
-2
-15
-7
-9
-20
-7
-8
-15
3
-1
-13
0
-4
-11
-4
3
1
-3
0
5
-3
-10
8
0
-10
2
5
-4
-3
7
-1
-11
-4
1
-8
-5
8
-7
-15
-5
-6
-8
-7
3
-1
-15
-2
1
-11
-6
6
3
-5
6
9
-2
5
5
1
6
6
7
7
3
5
1
4
7
1
9
3
0
8
2
-3
5
3
-10
3
6
-8
-1
-2
-5
-3
-5
2
1
-11
0
3
-12
5
5
-10
6
2
-10
10
6
-3
10
5
1
12
4
3
16
5
3
8
5
6
2
2
17
0
-10
19
4
-17
12
9
-18
5
8
-11
-1
3
-7
-7
-1
2
-10
-10
7
-7
-16
8
4
-17
1
6
-12
-4
6
-6
-5
5
-2
-4
3
-3
-5
2
0
-2
0
-3
-8
-2
-1
-4
-1
-2
-8
-7
1
-1
-7
0
-1
-9
-3
8
-2
-3
7
-1
-4
9
9
2
5
6
3
0
11
14
-1
7
10
-9
4
19
-2
-1
11
-7
-10
8
9
-3
-5
5
-8
-12
8
-7
-10
3
-13
-10
6
-3
-11
-2
-5
-7
2
2
4
-5
-8
4
5
3
9
3
-1
9
6
-1
6
12
1
-6
11
10
-1
4
6
-6
-2
11
-3
-5
10
0
-15
3
5
-19
-1
8
-10
-1
2
-5
-8
-4
4
-9
3
6
-5
1
1
9
-2
-7
15
0
-6
15
-1
-11
3
-3
-5
7
3
-1
1
-1
-5
-4
-1
-6
0
-2
-7
6
0
-8
-1
-1
-3
3
5
2
4
-1
3
9
-3
5
11
-3
10
17
-2
1
13
0
-1
17
8
-6
4
4
-2
2
7
0
-11
-2
2
-9
-1
3
-10
-12
-1
0
-7
-3
3
-14
-8
5
-7
2
-2
-6
0
-7
1
3
-3
0
1
1
-1
4
3
-1
4
4
2
2
4
1
2
3
0
4
-6
0
4
-6
1
2
-4
-2
0
0
-2
-2
0
0
-4
1
3
-6
1
4
-1
3
3
2
0
-1
6
1
1
6
-1
-3
3
1
1
2
-1
-1
0
-1
2
1
-5
0
1
-4
0
1
-8
-2
0
-2
0
0
0
-4
0
3
0
2
4
-1
-1
4
1
1
6
1
-1
3
1
0
4
1
-2
0
0
0
0
0
-1
-1
-2
1
0
-3
-2
-1
0
-3
1
0
-2
-3
1
0
0
3
3
-2
-5
-1
1
0
0
-1
-2
2
5
0
-3
0
-1
-4
0
3
0
0
0
-1
0
0
1
-1
0
1
-5
0
3
-4
-3
4
0
-3
4
6
-2
0
4
0
1
8
1
-4
1
1
-4
5
4
-7
1
0
-3
2
2
0
-4
0
0
-5
6
-2
-7
5
-3
-3
1
0
-3
-1
1
0
-1
1
3
-1
0
5
1
-3
5
4
-5
4
5
-6
2
4
-4
0
3
-4
2
2
-1
2
-1
-1
0
-2
-1
0
-2
-2
1
-1
-4
1
1
-3
1
1
-2
2
0
-1
5
1
-1
1
1
0
-1
0
2
-1
-1
1
0
0
-1
2
3
-5
-2
4
-1
0
3
-3
-4
0
1
1
3
0
-2
1
2
1
3
2
0
2
2
2
3
1
1
2
0
5
4
1
4
1
-5
5
4
-3
4
1
-9
2
2
-5
1
0
-7
-4
0
-2
-4
0
1
-5
-3
4
-1
-3
2
2
-3
2
10
1
-5
6
-2
-7
7
4
-5
1
0
-3
1
2
2
-3
-4
1
-1
-3
2
-1
-6
-1
-1
-3
-2
-1
-2
-3
-2
2
0
0
2
-3
-4
4
1
1
5
-1
-2
5
2
3
8
2
-1
1
1
4
2
2
3
-5
-3
5
0
-1
0
-2
-4
-2
3
2
-4
0
-1
-5
3
5
0
-1
-1
3
-1
1
9
3
-7
6
6
-9
6
10
-7
3
4
-4
1
2
-1
0
-3
2
-2
-5
2
-2
-5
0
-2
-4
-2
-2
0
-5
-2
4
-3
0
5
-3
-2
5
0
-1
5
-1
-3
4
-1
-2
0
0
0
-1
0
1
-3
-1
3
-2
-4
1
-1
-5
1
-1
-7
-2
1
-4
-2
2
-4
-7
2
1
-2
1
1
-4
-1
6
4
0
3
6
-2
2
13
3
-1
6
2
2
8
6
-1
0
-1
1
4
5
-1
0
1
-3
3
9
1
-3
4
0
-3
7
6
-4
2
6
-3
1
8
2
-5
3
9
-1
3
12
-2
-7
10
6
-5
6
3
-10
-2
4
-3
-3
0
-3
-10
-4
1
-7
-6
0
-7
-9
-2
-4
-6
-1
-5
-6
-3
-1
-1
-1
-2
-1
-6
-1
5
0
-1
2
-3
-5
2
1
1
-1
-3
-3
-4
-1
0
-3
-3
0
-6
-5
3
-1
-7
1
1
-5
0
6
-1
-4
3
2
0
5
3
0
2
2
3
3
5
8
0
3
11
1
1
12
5
1
8
3
-1
6
7
2
2
4
1
0
4
7
-2
2
5
-3
3
9
1
0
3
1
2
2
7
1
-5
3
3
-1
8
6
-5
-2
3
0
-1
7
2
-8
-1
4
-4
2
4
-7
-6
1
-2
0
2
-6
-7
-4
-4
-1
-2
-6
-8
-8
-5
-2
-1
-3
-7
-7
-2
-3
-1
3
-3
-6
-3
1
-1
-1
0
-5
-7
0
-1
-5
0
-2
-8
-5
2
-1
-4
-1
-1
-9
-2
5
0
-4
2
-3
-6
1
5
-1
0
3
-4
0
8
2
-1
5
2
1
4
3
2
0
3
5
1
3
8
5
0
4
5
2
4
10
7
-1
3
9
-1
5
18
7
1
11
8
1
13
12
3
6
6
5
6
4
4
3
0
3
6
2
0
3
2
-2
1
4
-3
-2
5
0
-4
2
0
-2
0
2
0
-4
-2
0
-2
-1
-1
-6
-5
-5
-1
-2
-6
-3
-5
-8
-2
-1
-4
-4
-4
-4
-6
-4
-2
-6
-6
-6
-7
-6
-5
-5
-4
-10
-8
-2
-5
-5
1
-6
-6
-2
-1
-1
0
1
-1
-4
-3
1
0
-2
3
-1
-3
1
1
-2
0
2
0
0
2
2
0
1
0
1
2
2
2
2
1
2
3
4
2
5
5
2
6
9
3
6
11
6
6
10
9
5
7
9
8
7
7
7
3
4
6
5
3
3
2
1
0
2
0
-2
-1
1
-1
-1
2
1
-2
1
3
-2
-1
2
2
-5
-1
2
-2
-1
0
-3
-3
-1
-2
-2
1
-2
-4
-1
0
-2
-1
1
-4
-5
-1
-1
-5
-2
-3
-7
-4
-3
-5
-4
-4
-6
-5
-4
-2
-3
-4
-4
-3
-3
-1
-2
0
-1
-2
-1
1
0
1
0
0
1
-2
0
0
-2
1
1
-2
2
-1
0
3
-1
0
2
0
0
3
1
0
2
1
2
2
2
3
1
3
2
2
2
3
3
3
4
5
3
4
5
4
3
4
4
2
2
3
2
2
2
0
0
0
1
1
0
0
0
0
0
0
0
1
0
-1
0
1
0
1
0
0
0
-1
0
0
0
0
0
0
-1
1
0
0
-1
-1
0
-1
-1
-1
-2
0
2
-1
-2
-1
-1
-1
0
0
-4
-3
-2
-2
-1
-2
-2
-2
-3
0
0
-2
-1
-1
-2
-3
0
0
0
1
3
1
0
2
0
0
0
1
0
2
1
1
1
1
1
1
1
1
1
0
0
0
-1
0
0
0
-1
0
1
2
1
2
1
0
2
0
1
3
2
0
2
0
-1
2
-2
2
2
1
3
1
0
0
0
0
0
0
1
0
0
0
0
-1
0
0
0
0
0
0
0
0
1
0
-1
0
0
-1
0
1
1
0
0
-1
-1
-1
-1
0
1
2
1
1
0
0
-1
-1
0
-1
0
0
0
-1
0
1
1
1
1
1
-2
-1
-1
-1
0
1
1
0
0
0
-1
0
0
-1
1
-1
0
0
-1
0
0
0
0
0
0
0
1
0
0
-1
1
1
0
0
0
0
0
0
0
0
0
1
1
1
0
2
1
0
1
1
0
2
1
1
3
0
0
2
0
0
1
1
0
0
0
0
0
0
1
-1
0
0
0
1
0
-1
0
0
0
0
0
-1
0
0
0
0
1
0
0
1
0
0
0
1
0
0
0
0
0
1
0
0
0
0
0
0
0
1
0
0
0
0
-1
0
0
-1
-1
0
-1
0
0
0
1
1
0
0
0
-1
1
0
0
0
0
1
0
1
0
0
1
1
0
0
0
0
0
-1
0
0
0
-1
0
0
1
0
0
0
0
1
0
1
0
0
0
0
-1
0
0
0
0
0
-1
0
0
0
1
1
0
0
-1
0
0
1
0
0
-1
1
0
0
0
0
-1
0
0
0
0
0
0
0
0
0
0
0
1
0
0
0
-1
0
1
0
0
1
-1
0
-1
-1
0
0
0
0
0
0
0
0
-1
0
-1
1
0
1
1
0
0
0
0
0
0
0
0
0
0
0
0
0
0
1
0
-1
0
0
0
0
0
0
-1
0
0
-1
0
0
0
0
0
0
0
1
1
0
0
0
0
0
0
0
-1
0
0
0
0
0
0
-1
-1
0
0
0
0
0
1
0
1
-1
0
0
-1
0
0
0
1
0
0
0
0
0
0
0
1
0
1
0
0
0
-1
-1
0
0
0
0
1
0
-1
0
0
0
0
1
0
-1
0
0
0
0
0
1
0
0
0
0
0
0
0
0
0
0
1
0
0
0
0
0
0
0
0
0
0
0
0
0
-1
-1
0
0
0
0
0
0
-1
0
0
-1
0
0
0
0
0
0
0
0
0
0
0
0
0
0
0
0
0
-1
0
0
1
0
0
-1
1
0
0
0
0
0
0
0
0
0
0
-1
1
0
0
-1
0
0
0
1
0
-1
0
0
0
0
0
0
0
1
-1
0
-1
0
-1
-1
0
0
0
1
0
0
0
0
0
1
0
-1
-1
0
0
0
0
0
0
0
-1
0
-1
0
1
0
0
0
0
1
0
0
0
0
0
-1
-1
0
0
0
0
-1
0
1
0
1
0
0
0
0
-1
0
0
0
-1
0
0
0
0
0
0
0
0
-1
0
0
0
1
0
1
0
-1
0
1
0
0
-1
0
0
0
0
0
0
1
0
1
0
0
0
0
0
1
0
1
0
0
0
1
0
0
0
0
0
-1
0
0
0
0
0
0
0
0
0
-1
0
0
0
0
0
0
0
0
0
0
1
0
1
0
0
1
0
0
1
0
0
1
0
0
1
0
0
0
0
0
0
0
0
0
0
0
1
0
0
-1
0
0
-1
0
-1
0
0
1
1
0
0
0
-1
0
0
0
0
0
0
1
0
0
-1
0
0
0
0
-1
0
1
0
0
0
0
0
-1
0
0
0
0
0
0
0
1
0
0
0
0
0
-1
0
0
0
0
0
1
0
0
0
0
0
0
0
1
0
-1
0
-1
1
0
0
0
0
-1
0
-1
0
0
0
0
-1
1
0
0
0
1
0
-1
0
1
1
0
-1
0
0
0
0
0
0
0
0
-1
0
0
0
0
1
-1
0
0
-1
0
0
0
0
0
1
1
0
0
0
-1
-1
0
0
0
1
0
0
0
0
0
0
1
0
0
-1
0
0
1
0
0
0
0
0
1
0
0
-1
0
0
0
0
0
0
0
0
1
0
0
0
0
0
0
0
0
1
0
0
0
0
0
0
-1
0
0
0
0
1
0
0
1
0
0
0
1
-1
0
-1
0
0
0
1
0
0
0
0
0
0
1
0
0
0
0
0
0
0
0
0
-1
0
0
0
1
0
0
0
1
0
0
0
0
0
0
0
0
0
0
1
0
1
0
-1
0
0
-1
0
0
0
-1
0
0
0
-1
0
-1
1
-1
1
0
0
0
0
0
1
0
1
0
0
0
0
0
0
0
0
0
0
0
1
0
0
-1
0
0
0
0
0
0
0
0
0
0
-1
0
0
1
0
0
-1
0
0
0
0
0
0
0
0
-1
0
1
0
0
0
0
1
0
0
0
0
0
-1
0
0
-1
0
0
0
0
0
0
0
0
0
0
0
1
1
1
1
0
0
-1
1
0
0
0
0
0
0
0
0
0
0
0
0
1
0
0
1
0
1
0
0
1
0
0
0
0
1
0
0
-1
0
0
1
1
0
0
-1
0
-1
-1
0
0
0
1
1
0
-1
0
1
0
0
0
0
1
0
1
-1
0
1
0
0
0
-1
0
0
0
1
0
-1
0
-1
-1
0
0
1
0
0
0
1
1
0
0
1
1
-1
0
-1
0
0
0
1
0
0
0
0
-1
0
0
-1
0
0
-1
-1
1
0
0
0
0
-1
0
1
0
0
0
-1
1
0
1
0
1
-1
0
0
0
-1
0
0
0
0
0
0
0
0
0
0
0
0
0
0
0
0
0
1
0
0
0
0
1
0
0
0
0
0
0
0
0
0
0
0
0
0
0
0
0
0
0
0
0
1
0
0
0
0
-1
0
0
1
0
0
0
0
0
-1
0
0
0
0
0
0
-1
0
0
-1
0
0
0
-1
0
0
0
0
-1
0
0
0
0
0
0
0
0
0
0
0
0
0
0
0
-1
0
0
0
-1
0
-1
0
-1
0
0
0
0
1
0
0
0
0
-1
1
0
0
0
0
0
1
0
0
0
0
0
0
1
0
0
0
0
-1
0
-1
0
0
0
0
0
0
0
0
0
0
0
0
0
0
0
0
0
1
0
1
1
0
1
0
0
0
0
0
1
0
1
0
0
0
1
0
0
-1
0
0
1
0
-1
0
0
0
0
-1
-1
1
0
0
1
0
0
1
0
0
0
-1
1
0
0
0
0
0
0
-1
0
0
0
0
0
0
0
0
0
0
0
0
0
0
0
0
0
0
0
0
-1
0
-1
0
-1
0
0
0
0
0
-1
0
-1
1
0
0
0
0
0
-1
0
-1
0
-1
0
0
0
0
-1
0
-1
0
1
0
0
0
0
0
0
1
0
0
0
0
0
0
-1
0
0
0
0
0
0
0
0
1
0
1
1
0
0
0
0
0
0
0
0
0
0
1
0
1
0
0
0
0
0
0
0
1
0
0
0
1
0
1
1
0
0
0
0
-1
0
0
1
0
0
0
0
0
0
0
0
0
0
0
0
0
-1
0
0
0
0
0
0
0
0
0
-1
0
1
0
0
0
0
0
0
0
-1
1
0
0
0
1
0
1
0
0
0
0
0
0
0
-1
0
1
0
0
0
1
0
0
0
0
-1
1
1
0
0
1
0
0
0
0
0
0
0
0
-1
0
0
0
0
1
0
0
0
0
0
0
-1
-1
1
0
0
1
0
0
-1
0
-1
1
0
1
0
0
0
0
1
-1
0
0
0
0
0
0
0
0
0
0
0
0
0
0
-1
0
0
0
0
1
0
0
0
0
0
0
0
0
-1
0
0
0
-1
0
0
1
0
-1
0
0
0
0
1
1
1
0
0
-1
0
0
-1
0
0
0
0
-1
0
0
0
0
0
0
1
0
0
0
0
0
1
0
0
0
0
0
0
0
-1
1
-1
0
-1
0
0
0
0
-1
0
0
0
0
0
0
0
0
0
1
0
0
0
0
0
0
0
0
0
0
0
0
0
0
-1
0
0
0
1
0
0
0
0
-1
0
-1
0
1
0
0
1
0
0
0
0
0
0
0
0
0
0
1
-1
0
-1
0
0
-1
0
0
0
0
-1
0
0
0
0
0
1
0
0
0
0
0
0
0
-1
0
0
0
0
0
0
-1
0
0
0
0
0
0
-1
0
-1
0
0
0
0
1
0
0
0
0
0
0
0
0
0
0
0
0
1
0
0
0
0
1
0
-1
0