-34
-43
-30
-7
15
26
11
-42
-79
-23
82
109
19
-52
31
255
483
546
396
160
16
279
1088
1831
1710
687
-388
-397
865
2183
2044
403
-983
-915
-154
312
249
-283
-838
-1070
-1148
-1091
-802
-540
-563
-814
-1038
-1053
-933
-809
-645
-397
-138
-42
-185
-295
-100
488
1353
1870
1616
1170
1082
1165
1251
1351
1248
942
760
430
-535
-1565
-1708
-966
-244
-441
-1399
-2174
-2280
-1787
-1028
-622
-842
-1195
-1071
-603
-443
-672
-782
-482
110
731
1051
810
335
365
941
1407
1456
1311
1265
1231
1017
843
706
350
92
265
598
662
221
-471
-861
-832
-565
-222
-117
-375
-698
-824
-820
-909
-1043
-807
-198
208
121
-283
-683
-724
-325
261
724
782
485
220
127
164
377
671
953
1172
1138
846
517
324
409
720
1000
1058
758
190
-248
-371
-290
-130
-72
-204
-436
-733
-1010
-1158
-1153
-938
-645
-524
-541
-652
-830
-856
-630
-221
232
500
527
424
291
304
542
848
1053
1062
915
810
732
522
282
190
219
256
162
-80
-347
-644
-925
-971
-813
-657
-565
-594
-763
-950
-1011
-828
-455
-108
106
163
47
-105
-103
124
491
797
858
665
417
339
415
455
386
279
209
166
57
-194
-505
-668
-597
-449
-388
-425
-517
-633
-726
-690
-457
-101
167
188
36
-45
84
327
496
547
571
601
590
510
371
230
203
319
416
324
88
-136
-262
-292
-237
-120
-15
-41
-224
-396
-355
-113
118
166
83
61
185
342
412
406
359
321
393
562
624
472
252
128
111
132
126
45
-121
-323
-485
-540
-517
-496
-521
-554
-551
-523
-494
-441
-339
-222
-128
-9
166
301
283
182
165
280
430
509
471
328
172
107
134
160
132
46
-69
-163
-215
-268
-339
-390
-410
-403
-353
-273
-241
-302
-375
-323
-118
86
136
72
28
70
172
263
266
189
115
69
29
10
15
-13
-91
-161
-183
-179
-170
-168
-167
-133
-57
20
56
44
27
59
167
299
372
344
248
158
141
207
272
244
131
12
-57
-93
-123
-157
-190
-224
-260
-277
-263
-236
-234
-240
-206
-112
-2
77
111
142
214
327
441
499
495
480
501
550
570
526
425
293
178
118
106
93
10
-169
-383
-517
-495
-385
-337
-419
-560
-630
-590
-496
-404
-313
-216
-142
-107
-82
-45
10
104
233
346
387
335
228
144
143
216
293
298
214
75
-44
-94
-84
-63
-63
-83
-111
-159
-229
-291
-294
-237
-166
-121
-97
-80
-80
-98
-116
-90
-10
93
163
164
107
29
-21
-12
46
115
156
146
99
46
9
-5
10
58
120
158
147
93
18
-39
-51
-8
72
130
100
-13
-119
-144
-115
-102
-115
-120
-123
-150
-202
-256
-276
-242
-170
-95
-42
-22
-23
-11
34
99
179
274
363
389
348
306
314
354
378
370
354
332
277
193
107
53
45
57
39
-29
-119
-196
-241
-262
-256
-238
-224
-235
-271
-304
-291
-225
-148
-104
-82
-55
-16
33
92
150
181
187
186
195
210
218
200
149
81
27
6
4
-21
-83
-160
-214
-232
-231
-235
-252
-268
-276
-272
-256
-229
-196
-164
-129
-87
-48
-16
23
76
130
159
167
174
186
188
181
181
181
160
118
83
74
71
57
33
10
-9
-20
-23
-26
-37
-58
-69
-67
-61
-68
-87
-106
-109
-101
-93
-83
-72
-67
-72
-87
-92
-81
-55
-29
-7
3
-1
-7
6
41
78
97
102
106
124
145
155
153
140
126
117
111
108
100
86
64
38
16
2
-7
-13
-12
-4
3
1
-15
-35
-39
-17
26
67
82
65
38
35
62
94
105
90
65
47
37
30
16
-6
-27
-42
-48
-55
-72
-98
-117
-123
-116
-103
-89
-78
-80
-95
-106
-92
-53
-17
-2
-11
-23
-26
-17
-8
-3
-4
-10
-12
-12
-15
-30
-56
-77
-87
-77
-59
-45
-46
-57
-65
-64
-55
-39
-13
20
56
90
106
103
90
91
116
159
189
186
146
91
45
19
10
-1
-23
-62
-109
-147
-169
-177
-184
-192
-196
-190
-169
-144
-125
-111
-96
-70
-27
18
54
81
101
115
122
136
158
177
179
166
151
137
119
95
76
69
69
62
47
26
9
-4
-7
2
19
39
51
44
21
1
6
40
76
90
72
35
-2
-17
-13
-6
-7
-23
-45
-66
-80
-86
-82
-67
-49
-29
-13
-1
10
23
42
68
93
104
95
80
70
63
51
31
12
-9
-40
-83
-121
-139
-146
-153
-174
-201
-223
-227
-211
-181
-155
-140
-136
-121
-82
-31
17
55
83
113
146
176
199
213
221
224
225
220
206
176
130
80
41
14
-19
-58
-101
-140
-178
-216
-247
-259
-247
-228
-214
-203
-187
-164
-140
-111
-74
-26
26
71
92
96
91
95
111
134
151
150
128
101
86
83
79
66
49
34
25
20
21
25
27
20
10
9
21
41
53
56
51
48
53
60
67
73
69
59
47
40
36
24
-2
-28
-42
-43
-44
-49
-60
-67
-70
-69
-61
-54
-44
-27
3
36
51
43
32
31
43
63
80
79
53
16
-9
-18
-23
-39
-57
-71
-85
-100
-115
-133
-150
-154
-135
-105
-88
-80
-71
-60
-44
-22
5
49
82
88
90
90
93
105
107
103
99
86
58
33
20
-1
-33
-52
-55
-68
-89
-103
-116
-129
-131
-115
-97
-94
-97
-82
-56
-39
-26
-11
-1
19
49
70
78
64
47
57
65
60
53
40
32
23
-6
-25
-26
-27
-21
-21
-31
-27
-16
-12
6
22
35
62
82
81
91
109
116
120
127
128
118
102
85
76
74
65
46
34
17
-12
-24
-16
-25
-48
-50
-42
-54
-59
-42
-35
-38
-23
-1
8
8
12
28
45
56
48
32
37
39
24
16
5
-22
-39
-48
-62
-71
-75
-88
-115
-135
-133
-125
-114
-102
-99
-91
-74
-56
-37
-18
2
27
53
72
78
76
79
89
96
96
78
47
36
28
0
-17
-28
-47
-61
-67
-67
-109
-89
-62
-88
-95
-71
-45
-46
-53
-38
35
-41
-4
63
21
6
64
6
65
14
-49
121
-5
-87
34
89
-240
-20
184
-227
-56
57
-50
-49
-35
5
34
22
79
107
46
72
148
57
119
265
49
76
168
59
52
54
129
45
-13
-12
0
-27
-69
2
-72
-62
-34
-31
-57
-70
-2
-18
-5
-9
41
50
86
92
90
98
107
120
120
119
108
74
45
6
-1
-3
-22
-50
-82
-107
-135
-133
-126
-137
-125
-116
-109
-127
-134
-100
-60
-48
-50
-15
-5
-1
29
48
68
62
68
80
67
69
85
70
47
34
29
15
-6
5
-16
-46
-48
-63
-70
-67
-65
-80
-76
-69
-85
-70
-56
-55
-44
-35
-41
-16
5
-17
-18
18
14
-3
20
22
18
29
16
10
-1
-2
1
9
17
-3
-4
-3
-20
-31
-14
-6
-17
-13
-24
-28
-18
-17
-5
-15
-14
8
-27
-25
33
22
-1
34
38
26
52
67
69
70
74
91
95
100
114
127
119
108
113
107
85
76
86
74
58
41
17
10
-6
-29
-34
-50
-62
-55
-71
-84
-74
-72
-69
-56
-48
-37
-26
-22
-6
8
10
25
36
38
43
42
41
42
26
20
24
7
-7
-6
-29
-51
-48
-57
-67
-64
-75
-86
-83
-81
-72
-62
-60
-52
-36
-33
-16
5
10
25
40
47
56
54
56
61
46
40
47
26
12
11
-13
-31
-34
-52
-63
-61
-74
-81
-72
-72
-72
-60
-50
-40
-30
-15
-4
-3
7
20
27
38
48
44
37
34
24
22
24
17
9
-3
-18
-28
-36
-43
-45
-47
-49
-51
-51
-48
-45
-37
-23
-11
1
16
30
42
52
63
76
90
107
119
121
117
111
109
112
116
117
111
99
82
65
49
35
25
16
6
-7
-22
-39
-51
-59
-64
-65
-68
-73
-80
-84
-83
-74
-65
-56
-49
-45
-41
-36
-28
-18
-8
1
6
11
13
15
15
19
20
19
16
9
2
-1
-4
-6
-11
-17
-25
-32
-37
-44
-47
-51
-52
-53
-53
-51
-50
-47
-41
-34
-23
-12
-2
7
16
24
32
43
54
61
66
67
67
66
64
61
59
51
43
34
20
8
-5
-17
-27
-38
-47
-57
-66
-74
-81
-85
-85
-83
-80
-76
-71
-62
-50
-36
-22
-11
2
15
29
41
54
67
80
93
104
110
112
111
110
110
108
102
92
81
68
54
42
27
14
-1
-14
-23
-31
-42
-53
-61
-63
-61
-56
-52
-50
-48
-42
-35
-24
-16
-7
1
7
10
15
17
22
25
28
29
25
16
6
0
-5
-8
-15
-24
-36
-48
-57
-61
-63
-66
-68
-70
-72
-71
-68
-63
-55
-46
-37
-31
-27
-22
-13
-1
9
19
25
32
40
45
51
56
59
62
64
62
59
59
58
57
52
44
36
30
25
19
12
3
-5
-9
-14
-18
-26
-32
-40
-45
-45
-47
-46
-47
-47
-46
-43
-37
-30
-24
-16
-9
0
9
17
25
35
43
52
59
65
67
69
70
70
71
68
62
54
43
37
32
24
19
11
0
-7
-15
-21
-23
-24
-27
-27
-25
-23
-20
-18
-15
-11
-6
0
4
9
10
14
18
24
27
28
23
18
11
6
4
-1
-5
-14
-22
-30
-37
-43
-48
-55
-58
-60
-63
-65
-64
-59
-58
-54
-48
-45
-44
-38
-32
-25
-17
-10
-5
2
5
9
14
22
29
33
37
37
38
39
40
38
37
31
29
25
19
14
10
6
3
1
-2
-5
-11
-17
-22
-26
-29
-27
-27
-28
-29
-33
-34
-33
-30
-25
-20
-15
-12
-7
-3
4
11
19
26
33
39
43
46
49
51
51
50
50
50
48
45
39
33
29
26
25
19
13
6
1
-2
-3
-6
-8
-10
-14
-16
-17
-17
-15
-11
-8
-4
0
4
8
15
17
20
23
24
26
28
31
29
27
24
22
17
12
6
-1
-7
-13
-18
-24
-30
-35
-41
-45
-48
-52
-55
-57
-56
-53
-48
-45
-40
-35
-31
-23
-17
-9
-1
7
14
21
26
31
36
40
43
45
45
44
43
39
37
32
27
22
16
8
1
-7
-15
-23
-29
-38
-46
-52
-56
-64
-63
-64
-64
-63
-56
-53
-52
-43
-31
-24
-14
-5
3
11
21
32
40
45
48
52
56
60
62
60
57
52
47
42
35
29
22
16
8
0
-8
-15
-22
-24
-26
-27
-29
-29
-28
-26
-22
-17
-12
-6
0
6
11
16
23
30
34
37
37
37
37
36
35
33
30
24
17
12
6
-2
-8
-14
-20
-25
-31
-36
-41
-44
-47
-48
-47
-44
-42
-38
-34
-30
-23
-17
-8
-2
5
10
16
21
25
29
33
36
38
39
40
41
39
38
37
33
31
27
23
20
15
10
6
0
-4
-11
-16
-21
-24
-27
-29
-31
-34
-36
-38
-38
-38
-37
-34
-32
-29
-24
-20
-17
-15
-10
-5
-3
0
2
4
7
8
9
9
10
12
11
11
11
10
10
9
8
7
5
3
3
1
0
1
1
2
1
2
3
4
5
5
7
9
9
8
10
9
11
10
9
9
6
4
2
0
-2
-2
-3
-6
-7
-9
-12
-12
-11
-13
-13
-14
-15
-17
-16
-14
-14
-13
-12
-12
-8
-9
-7
-7
-5
-6
-3
-1
1
2
4
6
8
10
11
13
15
16
17
19
21
22
24
25
27
28
28
30
29
29
28
27
26
23
20
17
14
10
6
3
-1
-5
-8
-11
-14
-17
-20
-22
-24
-26
-27
-27
-26
-25
-24
-24
-23
-22
-22
-20
-18
-15
-14
-12
-9
-7
-5
-3
0
2
4
5
6
7
7
9
11
11
14
15
15
14
15
15
15
14
14
14
13
12
11
9
8
7
6
4
2
1
0
-2
-4
-5
-7
-7
-9
-10
-11
-10
-11
-10
-11
-10
-10
-9
-8
-6
-5
-4
-2
-1
-2
0
-1
-1
-1
-1
-1
0
-2
-2
-2
-4
-4
-4
-4
-6
-6
-6
-7
-7
-6
-7
-5
-4
-2
-1
1
3
5
7
10
11
14
16
17
19
20
22
22
23
22
23
22
20
19
16
14
11
9
6
4
0
-2
-6
-9
-12
-14
-18
-20
-23
-24
-24
-24
-25
-26
-24
-23
-21
-20
-19
-17
-12
-10
-8
-4
-2
1
4
6
8
10
11
15
15
16
16
17
17
17
15
16
14
13
12
11
9
8
6
5
3
2
0
0
-1
-2
-3
-2
-2
-2
-2
-2
-1
-1
0
-1
1
1
2
2
3
2
3
2
4
3
2
2
1
0
-2
-2
-4
-4
-6
-6
-7
-8
-8
-10
-9
-10
-9
-8
-8
-8
-7
-6
-5
-4
-2
-2
-1
-1
0
1
2
1
3
3
4
4
5
5
5
5
6
6
6
6
5
4
4
4
3
3
2
2
1
1
1
-1
0
-2
-3
-4
-4
-5
-6
-7
-6
-7
-7
-7
-6
-7
-6
-6
-6
-5
-4
-3
-4
-1
0
2
2
3
4
4
5
6
6
7
8
8
8
8
8
6
7
7
6
6
5
4
3
2
1
0
0
0
-1
-2
-3
-2
-3
-2
-3
-3
-1
-1
-1
0
2
1
2
2
2
2
2
2
2
2
1
2
2
1
1
1
1
0
-1
-1
-2
-3
-2
-2
-4
-4
-3
-4
-4
-4
-4
-4
-3
-3
-3
-3
-2
-1
-1
0
2
1
2
2
2
3
3
2
2
4
4
3
4
3
2
1
1
0
2
0
1
0
0
0
1
1
0
0
-1
-2
-3
-3
-2
-2
-1
0
0
0
0
0
0
0
1
1
1
0
1
0
0
1
2
3
2
1
1
-1
0
0
2
1
2
2
2
0
-1
0
0
0
0
1
1
1
0
0
-1
0
0
-1
0
0
0
0
-1
0
0
0
0
0
0
1
0
0
0
0
0
1
0
0
0
0
0
0
0
-1
1
-1
0
-1
0
0
-1
-1
-1
0
0
-1
-1
-2
-2
-2
-1
-1
1
1
1
1
1
1
0
1
1
1
1
1
1
1
0
-1
0
0
0
1
0
0
0
0
-1
0
-1
0
1
0
0
1
0
0
0
0
0
0
0
0
0
0
1
-1
0
-1
0
0
-1
0
0
0
0
-1
0
0
0
0
0
1
0
0
0
0
0
0
0
-1
0
0
0
0
0
0
-1
0
0
0
0
0
0
-1
0
-1
0
0
0
0
1
0
0
0
0
0
0
0
0
0
0
0
0
1
0
0
0
0
1
0
-1
0
1
0
0
0
0
0
0
0
-1
-1
0
0
0
1
0
-1
0
0
-1
0
0
0
-1
0
0
1
0
0
0
0
0
0
1
0
0
0
0
1
0
0
0
1
1
0
0
0
0
0
0
1
0
1
0
0
0
1
0
0
0
-1
1
1
0
-1
0
0
0
0
0
0
0
0
0
0
0
1
0
1
0
0
0
0
0
-1
0
1
0
0
-1
0
-1
0
0
-1
0
0
0
0
0
0
0
0
0
0
0
0
0
0
0
0
0
0
0
0
0
0
0
0
0
0
0
0
0
0
0
0
0
-1
0
0
0
0
0
0
0
-1
0
0
0
0
0
0
0
0
0
0
0
0
0
0
0
0
0
0
0
0
0
0
1
-1
0
0
0
0
0
0
0
1
0
0
0
0
0
-1
0
0
0
0
0
0
0
0
0
0
-1
-1
-1
-1
0
-1
0
0
0
0
0
0
-1
-1
0
-1
0
0
0
-1
0
0
0
0
0
0
0
1
0
0
0
0
0
0
0
0
0
0
1
1
0
0
0
0
0
0
0
0
0
0
0
1
0
0
0
0
0
1
1
0
0
0
0
0
-1
0
0
0
0
0
0
1
0
0
1
0
0
0
1
0
0
1
0
1
1
0
0
0
0
0
0
0
0
0
0
1
0
1
1
-1
0
0
0
0
0
0
0
0
0
0
0
1
0
0
1
0
0
0
1
0
0
0
-1
0
0
0
0
0
0
0
0
0
0
1
0
0
0
-1
-1
0
0
0
0
0
0
0
0
0
0
-1
0
1
0
0
0
0
0
0
0
-1
0
1
0
0
0
0
-1
0
-1
-1
0
0
0
0
1
0
0
0
0
0
0
0
0
1
1
0
1
-1
0
0
0
0
0
0
0
0
0
0
0
0
0
0
0
0
0
0
0
0
0
0
0
0
0
0
0
0
-1
1
0
1
0
0
1
0
0
0
0
0
1
-1
0
0
0
0
0
1
0
0
-1
0
0
0
0
1
0
0
1
-1
-1
0
0
0
0
0
0
0
0
0
0
0
-1
0
0
0
1
0
0
0
0
1
0
-1
-1
0
0
0
-1
0
0
0
0
0
-1
0
0
0
0
-1
0
0
0
0
0
0
0
0
0
0
0
0
0
0
-1
0
0
0
0
0
0
0
0
0
1
0
-1
0
0
0
0
0
0
0
0
0
0
0
0
0
0
0
0
0
0
0
-1
0
0
0
0
0
0
0
0
0
0
0
0
0
1
0
0
0
0
0
0
0
1
0
0
0
1
1
0
0
0
-1
1
1
0
0
0
0
0
0
0
1
0
0
0
1
0
0
0
0
0
-1
0
0
0
0
0
0
0
0
0
0
-1
-1
-1
0
0
0
0
-1
0
0
0
0
0
0
0
0
0
1
0
1
0
0
0
0
0
0
1
-1
0
1
-1
0
0
0
0
0
0
0
-1
0
0
0
-1
0
-1
0
0
0
0
0
-1
0
0
0
0
0
0
-1
0
0
0
0
0
0
0
0
-1
-1
0
0
0
0
0
1
0
0
0
0
0
-1
0
0
0
0
0
0
0
0
0
1
0
1
0
0
1
-1
1
0
0
0
-1
-1
0
0
0
-1
0
-1
0
0
0
-1
0
0
0
0
1
0
0
0
0
0
0
1
0
1
0
0
0
0
0
0
1
0
0
0
1
1
0
0
0
0
0
0
0
0
-1
1
0
0
0
0
0
0
0
1
0
0
-1
0
0
0
-1
-1
0
0
1
0
-1
0
0
0
0
0
0
-1
-1
0
0
-1
1
0
1
0
0
0
0
0
0
1
0
0
0
-1
0
0
0
0
0
1
-1
0
0
0
0
0
0
0
0
0
1
0
0
0
0
0
0
-1
0
0
-1
0
0
-1
0
0
0
0
0
0
0
0
1
0
0
-1
1
0
0
-1
-1
0
0
0
1
-1
0
0
0
-1
1
0
0
0
1
-1
0
0
0
0
0
0
0
0
0
0
0
-1
0
0
0
0
0
0
0
0
0
0
1
-1
0
0
-1
1
0
0
0
0
0
0
0
0
0
0
0
0
0
0
-1
0
0
0
0
0
0
0
-1
0
0
0
-1
0
0
-1
-1
0
0
0
0
0
1
1
-1
0
-1
0
0
0
0
0
0
0
0
1
0
0
0
0
-1
1
0
0
1
0
0
0
0
0
1
1
0
0
0
0
0
-1
0
-1
1
0
1
0
0
1
0
0
1
0
0
0
1
-1
-1
1
0
0
0
-1
0
0
1
0
0
0
0
0
0
-1
0
0
0
-1
0
0
1
1
-1
0
0
0
0
0
0
0
0
0
-1
1
0
0
1
0
0
0
0
1
-1
0
0
0
0
-1
1
0
0
-1
0
0
0
0
0
-1
0
-1
1
0
0
1
0
0
0
0
0
0
0
0
-1
0
0
0
1
0
1
0
0
0
0
-1
0
0
1
1
0
0
0
-1
-1
0
0
0
-1
0
0
1
0
1
0
0
1
0
0
1
0
0
0
0
0
0
0
0
0
0
0
-1
1
0
0
0
0
0
0
0
0
0
0
-1
0
-1
0
0
0
0
0
-1
0
0
0
1
0
0
0
0
0
0
0
0
0
-1
1
1
-1
0
0
0
0
0
0
0
0
0
0
0
0
0
-1
0
0
0
0
0
0
0
0
-1
0
0
0
0
-1
0
-1
0
0
0
0
0
-1
0
0
-1
0
0
0
1
0
0
0
0
0
0
1
0
0
0
0
0
1
0
0
0
1
1
0
0
0
0
0
0
0
0
1
1
1
0
0
-1
0
0
0
-1
-1
0
0
0
0
0
0
0
0
0
0
0
0
0
0
0
0
0
0
0
0
0
1
1
1
0
-1
0
0
0
0
0
0
1
-1
-1
0
0
0
0
0
1
0
-1
0
0
0
0
0
0
0
0
-1
0
0
0
0
1
0
0
0
0
0
-1
1
1
0
0
0
0
1
0
0
0
0
0
0
0
0
0
0
0
0
1
0
0
0
0
0
0
1
0
0
0
0
0
0
0
0
0
0
1
0
-1
0
0
0
0
-1
0
0
0
0
0
0
-1
0
0
-1
0
0
0
-1
1
0
0
0
0
0
0
0
0
0
0
0
0
0
-1
0
-1
0
0
0
0
0
0
0
0
0
1
0
0
0
0
0
0
0
0
0
0
0
1
0
0
0
0
0
0
0
0
0
-1
0
0
1
0
0
0
0
0
0
0
1
0
0
0
0
0
0
-1
0
1
0
0
0
0
0
0
0
0
-1
0
0
0
0
0
0
0
0
1
0
-1
0
1
0
0
-1
0
0
0
0
-1
0
0
0
0
1
0
0
0
0
0
0
0
0
-1
0
0
0
0
0
0
0
0
0
1
0
0
0
0
0
1
0
0
1
0
1
-1
0
0
0
0
0
0
0
0
-1
0
-1
-1
0
0
0
0
0
0
0
0
0
0
-1
0
-1
0
0
0
0
0
0
-1
0
0
0
0
0
0
0
0
0
0
0
0
0
0
0
0
0
1
1
0
-1
0
0
0
0
0
0
0
0
0
0
0
0
0
0
0
0
1
0
0
0
0
0
1
0
0
0
0
0
0
0
-1
-1
0
0
0
0
0
-1
-1
0
0
0
-1
1
0
0
-1
0
0
0
0
0
0
0
0
0
0
0
0
0
0
0
0
1
0
0
-1
0
0
0
0
0
0
1
0
0
-1
-1
0
0
0
0
-1
0
0
0
0
0
1
0
0
1
0
1
0
0
0
0
0
0
-1
0
0
0
0
0
0
1
0
0
0
0
0
0
-1
-1
0
-1
0
0
0
0
0
0
0
0
0
0
0
0
0
0
-1
0
0
0
0
1
0
0
0
0
0
0
0
0
0
0
-1
1
-1
0
0
0
0
0
0
0
0
1
0
1
0
0
0
1
-1
0
0
0
0
0
0
0
0
0
0
-1
0
0
0
0
1
1
0
1
0
0
0
0
0
0
0
0
0
0
-1
-1
-1
-1
0
0
0
0
0
-1
0
0
0
0
0
-1
0
-1
0
1
0
0
1
0
0
-1
0
-1
0
0
0
-1
0
1
-1
0
0
0
0
-1
0
1
0
-1
1
1
0
1
-1
0
0
1
0
0
-1
1
0
0
1
0
0
0
0
1
0
0
0
0
1
0
-1
0
-1
0
1
0
1
-1
0
1
0
0
0
0
0
-1
0
0
0
0
0
0
0
0
0
0
-1
0
1
0
1
0
-1
0
0
1
0
0
0
0
0
0
-1
0
-1
0
0
0
0
0
0
0
1
0
1
0
0
0
0
0
-1
0
0
0
0
0
-1
0
0
0
0
0
0
1
0
0
0
0
1
0
0
0
0
0
0
0
0
0
-1
0
1
0
0
0
0
0
0
0
0
0
0
0
0
0
0
0
-1
1
0
0
0
-1
0
0
0
1
0
0
0
-1
0
0
0
0
1
1
0
1
0
0
-1
0
-1
0
0
0
0
0
0
0
0
0
0
0
0
0
1
0
0
0
0
0
0
0
0
0
0
0
0
0
0
0
0
0
0
1
0
0
0
1
0
0
0
0
0
0
0
0
1
1
0
0
1
0
0
0
0
0
1
0
0
-1
1
0
-1
-1
0
0
0
0
0
1
0
1
0
0
0
1
0
-1
0
-1
0
0
-1
0
0
0
-1
0
0
0
0
0
0
0
0
1
-1
0
0
0
0
-1
0
0
0
0
0
1
0
0
0
0
0
0
0
0
1
1
0
0
0
0
0
0
0
0
0
1
0
-1
0
0
0
0
0
0
0
0
0
0
1
0
1
1
1
0
0
0
0
0
0
0
0
0
0
0
0
-1
0
0
0
-1
0
-1
0
0
0
0
0
0
0
-1
1
0
1
0
0
0
0
1
1
0
-1
0
1
-1
0
0
0
0
0
0
0
0
0
0
0
0
0
1
-1
0
0
0
0
0
0
0
-1
0
-1
0
0
0
0
0
-1
0
1
0
0
0
1
0
0
0
0
0
0
0
0
0
0
0
0
0
0
1
0
1
0
-1
-1
-1
0
0
0
0
0
0
0
-1
0
0
1
-1
0
1
0
0
0
0
0
0
0
-1
0
0
0
0
0
0
0
0
0
0
0
0
0
0
0
0
0
0
0
0
0
0
1
0
1
0
0
0
1
0
0
-1
1
0
-1
0
0
-1
0
0
0
0
-1
0
0
0
0
1
0
0
0
1
0
0
1
-1
0
0
0
0
0
0
-1
0
1
0
0
0
1
-1
0
0
0
-1
0
0
0
-1
0
1
0
-1
0
0
-1
-1
0
0
0
0
-1
-1
-1
0
0
0
0
0
0
0
0
0
1
0
-1
0
1
0
1
0
0
0
-1
0
0
0
0
0
0
-1
1
0
0
0
0
1
0
0
0
-1
0
1
0
0
0
0
0
0
0
0
0
0
-1
1
-1
0
1
0
0
0
0
0
0
0
0
0
0
0
0
0
0
0
1
0
0
0
0
-1
1
0
0
0
0
0
0
0
0
0
0
0
0
-1
0
0
0
-1
0
0
1
1
0
0
0
0
-1
0
1
0
-1
0
0
0
0
-1
0
0
0
0
0
-1
-1
0
0
0
0
1
0
0
0
0
-1
0
0
0
0
0
0
0
0
1
0
-1
0
0
-1
0
0
0
0
0
0
0
0
0
0
0
1
0
0
0
0
-1
-1
0
-1
0
0
0
-1
0
0
0
0
1
1
-1
0
0
-1
-1
0
0
-1
0
0
-1
0
0
-1
1
-1
0
0
-1
0
0
0
0
0
0
0
1
0
0
-1
1
1
0
0
0
0
0
0
0
0
0
1
0
0
0
0
0
0
-1
0
0
-1
0
0
1
0
0
1
0
0
0
1
0
0
0
0
0
0
1
-1
0
0
0
1
0
-1
0
0
0
0
0
-1
0
0
0
0
1
0
0
1
0
0
0
1
0
0
0
0
0
1
0
0
0
0
0
0
0
1
0
0
0
0
-1
0
0
-1
-1
0
-1
0
0
0
1
1
0
0
0
-1
1
0
0
0
0
1
0
1
0
0
1
1
0
0
0
0
0
-1
0
0
0
-1
0
0
1
0
0
0
0
1
0
1
0
0
0
0
-1
0
0
0
0
0
-1
0
0
0
1
1
0
0
-1
0
0
1
0
0
-1
1
0
0
0
0
-1
0
0
0
0
0
0
0
0
0
0
0
1
0
0
0
-1
0
1
0
0
1
-1
0
-1
-1
0
0
0
0
0
0
0
0
-1
0
-1
1
0
1
1
0
0
0
0
0
0
0
0
0
0
0
0
0
0
1
0
-1
0
0
0
0
0
0
-1
0
0
-1
0
0
0
0
0
0
0
1
1
0
0
0
0
0
0
0
-1
0
0
0
0
0
0
-1
-1
0
0
0
0
0
1
0
1
-1
0
0
-1
0
0
0
1
0
0
0
0
0
0
0
1
0
1
0
0
0
-1
-1
0
0
0
0
1
0
-1
0
0
0
0
1
0
-1
0
0
0
0
0
1
0
0
0
0
0
0
0
0
0
0
1
0
0
0
0
0
0
0
0
0
0
0
0
0
-1
-1
0
0
0
0
0
0
-1
0
0
-1
0
0
0
0
0
0
0
0
0
0
0
0
0
0
0
0
0
-1
0
0
1
0
0
-1
1
0
0
0
0
0
0
0
0
0
0
-1
1
0
0
-1
0
0
0
1
0
-1
0
0
0
0
0
0
0
1
-1
0
-1
0
-1
-1
0
0
0
1
0
0
0
0
0
1
0
-1
-1
0
0
0
0
0
0
0
-1
0
-1
0
1
0
0
0
0
1
0
0
0
0
0
-1
-1
0
0
0
0
-1
0
1
0
1
0
0
0
0
-1
0
0
0
-1
0
0
0
0
0
0
0
0
-1
0
0
0
1
0
1
0
-1
0
1
0
0
-1
0
0
0
0
0
0
1
0
1
0
0
0
0
0
1
0
1
0
0
0
1
0
0
0
0
0
-1
0
0
0
0
0
0
0
0
0
-1
0
0
0
0
0
0
0
0
0
0
1
0
1
0
0
1
0
0
1
0
0
1
0
0
1
0
0
0
0
0
0
0
0
0
0
0
1
0
0
-1
0
0
-1
0
-1
0
0
1
1
0
0
0
-1
0
0
0
0
0
0
1
0
0
-1
0
0
0
0
-1
0
1
0
0
0
0
0
-1
0
0
0
0
0
0
0
1
0
0
0
0
0
-1
0
0
0
0
0
1
0
0
0
0
0
0
0
1
0
-1
0
-1
1
0
0
0
0
-1
0
-1
0
0
0
0
-1
1
0
0
0
1
0
-1
0
1
1
0
-1
0
0
0
0
0
0
0
0
-1
0
0
0
0
1
-1
0
0
-1
0
0
0
0
0
1
1
0
0
0
-1
-1
0
0
0
1
0
0
0
0
0
0
1
0
0
-1
0
0
1
0
0
0
0
0
1
0
0
-1
0
0
0
0
0
0
0
0
1
0
0
0
0
0
0
0
0
1
0
0
0
0
0
0
-1
0
0
0
0
1
0
0
1
0
0
0
1
-1
0
-1
0
0
0
1
0
0
0
0
0
0
1
0
0
0
0
0
0
0
0
0
-1
0
0
0
1
0
0
0
1
0
0
0
0
0
0
0
0
0
0
1
0
1
0
-1
0
0
-1
0
0
0
-1
0
0
0
-1
0
-1
1
-1
1
0
0
0
0
0
1
0
1
0
0
0
0
0
0
0
0
0
0
0
1
0
0
-1
0
0
0
0
0
0
0
0
0
0
-1
0
0
1
0
0
-1
0
0
0
0
0
0
0
0
-1
0
1
0
0
0
0
1
0
0
0
0
0
-1
0
0
-1
0
0
0
0
0
0
0
0
0
0
0
1
1
1
1
0
0
-1
1
0
0
0
0
0
0
0
0
0
0
0
0
1
0
0
1
0
1
0
0
1
0
0
0
0
1
0
0
-1
0
0
1
1
0
0
-1
0
-1
-1
0
0
0
1
1
0
-1
0
1
0
0
0
0
1
0
1
-1
0
1
0
0
0
-1
0
0
0
1
0
-1
0
-1
-1
0
0
1
0
0
0
1
1
0
0
1
1
-1
0
-1
0
0
0
1
0
0
0
0
-1
0
0
-1
0
0
-1
-1
1
0
0
0
0
-1
0
1
0
0
0
-1
1
0
1
0
1
-1
0
0
0
-1
0
0
0
0
0
0
0
0
0
0
0
0
0
0
0
0
0
1
0
0
0
0
1
0
0
0
0
0
0
0
0
0
0
0
0
0
0
0
0
0
0
0
0
1
0
0
0
0
-1
0
0
1
0
0
0
0
0
-1
0
0
0
0
0
0
-1
0
0
-1
0
0
0
-1
0
0
0
0
-1
0
0
0
0
0
0
0
0
0
0
0
0
0
0
0
-1
0
0
0
-1
0
-1
0
-1
0
0
0
0
1
0
0
0
0
-1
1
0
0
0
0
0
1
0
0
0
0
0
0
1
0
0
0
0
-1
0
-1
0
0
0
0
0
0
0
0
0
0
0
0
0
0
0
0
0
1
0
1
1
0
1
0
0
0
0
0
1
0
1
0
0
0
1
0
0
-1
0
0
1
0
-1
0
0
0
0
-1
-1
1
0
0
1
0
0
1
0
0
0
-1
1
0
0
0
0
0
0
-1
0
0
0
0
0
0
0
0
0
0
0
0
0
0
0
0
0
0
0
0
-1
0
-1
0
-1
0
0
0
0
0
-1
0
-1
1
0
0
0
0
0
-1
0
-1
0
-1
0
0
0
0
-1
0
-1
0
1
0
0
0
0
0
0
1
0
0
0
0
0
0
-1
0
0
0
0
0
0
0
0
1
0
1
1
0
0
0
0
0
0
0
0
0
0
1
0
1
0
0
0
0
0
0
0
1
0
0
0
2
1
2
2
1
1
1
1
0
1
0
1
0
0
0
0
0
0
0
0
0
0
0
0
0
-1
-1
0
0
0
0
1
0
0
2
0
1
2
0
1
3
0
-4
3
4
-7
2
5
-7
0
7
-3
0
-2
3
6
-7
1
3
-1
-2
-1
1
10
-1
-9
-4
63
-71
-13
80
-29
-59
28
146
-222
94
144
-211
93
22
-16
-37
16
19
-22
-8
-35
72
-67
-23
58
-13
-36
23
46
-47
5
30
-1
-16
-11
62
-41
-16
56
-19
-25
38
16
-41
42
20
-43
40
7
-37
36
-22
-12
19
-28
-3
14
-23
-10
32
-34
2
24
-15
-4
11
3
-4
-4
4
4
-14
5
-1
-1
3
-7
9
0
-1
-3
16
-2
-16
26
-13
-3
1
-5
2
-9
-6
6
2
-17
10
12
-16
6
12
3
-2
4
10
-1
-2
-4
13
-11
-2
7
-3
-3
1
7
-3
0
5
5
-4
1
5
-3
-8
3
-1
-16
2
2
-16
5
-2
-6
2
0
-4
5
-1
-3
13
-11
6
4
-6
0
5
-3
-2
4
7
1
-3
18
4
-10
20
0
-1
2
0
4
-9
0
2
-4
0
-5
7
-5
-5
7
-6
-3
2
2
-11
6
-1
-7
3
-2
-1
-1
0
-1
4
-7
8
0
-4
2
6
-4
-1
5
0
-5
3
-1
1
-5
0
7
-8
1
8
0
-6
9
3
-1
0
7
0
-4
6
0
1
-4
1
6
-9
2
6
-7
1
-2
2
-7
4
-4
0
-1
-2
1
-1
-1
-2
2
-2
-1
1
1
-2
1
0
2
-3
0
4
-4
-3
9
-7
-2
6
-2
0
-2
6
-8
6
-4
0
0
-3
4
-4
4
-1
-2
2
-1
-1
2
-2
0
3
-4
2
2
-1
0
-1
3
-2
-1
-1
4
-6
-1
3
-3
0
1
-1
1
4
-4
4
-1
-2
1
0
-1
1
1
0
-1
2
1
-1
1
1
-3
0
3
-1
-4
1
0
-2
-2
2
0
-1
3
1
2
2
3
3
2
2
0
0
2
-1
-1
-1
5
-3
2
0
1
-1
-2
3
-1
-4
2
1
-5
0
2
-5
0
2
-2
0
0
2
-2
-1
2
-1
0
-1
2
-1
-3
4
-2
-2
2
-1
1
1
-1
1
0
-1
-2
-1
1
-2
0
1
0
0
-1
2
0
1
1
2
-1
3
0
0
3
1
-1
1
0
-3
-2
0
2
0
1
2
0
0
-2
0
0
2
0
2
0
0
-3
0
0
1
-2
3
0
0
-2
1
-1
-2
1
1
-1
0
0
-1
0
-2
-1
1
-2
0
1
0
0
0
0
-1
-1
0
-1
0
0
0
-1
0
0
0
0
0
0
0
1
0
0
0
0
0
0
0
0
0
0
2
2
1
1
1
1
1
1
1
1
0
0
0
1
0
0
0
0
0
1
1
0
0
0
0
0
-1
0
0
0
0
0
0
1
0
0
1
0
0
0
1
0
0
1
0
1
1
0
0
0
0
0
0
0
0
0
0
1
0
1
1
-1
0
0
0
0
0
0
0
0
0
0
0
1
0
0
1
0
0
0
1
0
0
0
-1
0
0
0
0
0
0
0
0
0
0
1
0
0
0
-1
-1
0
0
0
0
0
0
0
0
0
0
-1
0
1
0
0
0
0
0
0
0
-1
0
1
0
0
0
0
-1
0
-1
-1
0
0
0
0
1
0
0
0
0
0
0
0
0
1
1
0
1
-1
0
0
0
0
0
0
0
0
0
0
0
0
0
0
0
0
0
0
0
0
0
0
0
0
0
0
0
0
-1
1
0
1
0
0
1
0
0
0
0
0
1
-1
0
0
0
0
0
1
0
0
-1
0
0
0
0
1
0
0
1
-1
-1
0
0
0
0
0
0
0
0
0
0
0
-1
0
0
0
1
0
0
0
0
1
0
-1
-1
0
0
0
-1
0
0
0
0
0
-1
0
0
0
0
-1
0
0
0
0
0
0
0
0
0
0
0
0
0
0
-1
0
0
0
0
0
0
0
0
0
1
0
-1
0
0
0
0
0
0
0
0
0
0
0
0
0
0
0
0
0
0
0
-1
0
0
0
0
0
0
0
0
0
0
0
0
0
1
0
0
0
0
0
0
0
1
0
0
0
1
1
0
0
0
-1
1
1
0
0
0
0
0
0
0
1
0
0
0
1
0
0
0
0
0
-1
0
0
0
0
0
0
0
0
0
0
-1
-1
-1
0
0
0
0
-1
0
0
0
0
0
0
0
0
0
1
0
1
0
0
0
0
0
0
1
-1
0
1
-1
0
0
0
0
0
0
0
-1
0
0
0
-1
0
-1
0
0
0
0
0
-1
0
0
0
0
0
0
-1
0
0
0
0
0
0
0
0
-1
-1
0
0
0
0
0
1
0
0
0
0
0
-1
0
0
0
0
0
0
0
0
0
1
0
1
0
0
1
-1
1
0
0
0
-1
-1
0
0
0
-1
0
-1
0
0
0
-1
0
0
0
0
1
0
0
0
0
0
0
1
0
1
0
0
0
0
0
0
1
0
0
0
1
1
0
0
0
0
0
0
0
0
-1
1
0
0
0
0
0
0
0
1
0
0
-1
0
0
0
-1
-1
0
0
1
0
-1
0
0
0
0
0
0
-1
-1
0
0
-1
1
0
1
0
0
0
0
0
0
1
0
0
0
-1
0
0
0
0
0
1
-1
0
0
0
0
0
0
0
0
0
1
0
0
0
0
0
0
-1
0
0
-1
0
0
-1
0
0
0
0
0
0
0
0
1
0
0
-1
1
0
0
-1
-1
0
0
0
1
-1
0
0
0
-1
1
0
0
0
1
-1
0
0
0
0
0
0
0
0
0
0
0
-1
0
0
0
0
0
0
0
0
0
0
1
-1
0
0
-1
1
0
0
0
0
0
0
0
0
0
0
0
0
0
0
-1
0
0
0
0
0
0
0
-1
0
0
0
-1
0
0
-1
-1
0
0
0
0
0
1
1
-1
0
-1
0
0
0
0
0
0
0
0
1
0
0
0
0
-1
1
0
0
1
0
0
0
0
0
1
1
0
0
0
0
0
-1
0
-1
1
0
1
0
0
1
0
0
1
0
0
0
1
-1
-1
1
0
0
0
-1
0
0
1
0
0
0
0
0
0
-1
0
0
0
-1
0
0
1
1
-1
0
0
0
0
0
0
0
0
0
-1
1
0
0
1
0
0
0
0
1
-1
0
0
0
0
-1
0
-1
0
0
2
0
0
0
1
1
2
-1
1
0
0
1
0
-1
-1
-1
-2
-3
-4
-4
-4
-3
-5
-9
-10
-12
-10
-10
-8
-8
-8
-8
-4
-2
2
3
4
6
8
8
7
6
4
5
5
7
6
5
2
3
3
4
5
1
0
1
1
1
1
1
0
2
6
14
26
36
43
45
46
43
40
39
38
35
28
19
10
3
-2
-5
-6
-7
-1
9
21
29
29
25
24
26
25
16
-4
-22
-31
-31
-27
-23
-19
-16
-11
-8
-1
2
1
4
8
12
7
-5
-12
-5
11
22
19
10
7
10
9
7
7
20
42
57
60
50
40
39
48
53
48
41
40
38
19
-14
-41
-45
-27
-6
-1
-13
-33
-41
-30
-12
2
10
16
20
15
-4
-28
-42
-27
24
82
75
-37
-181
-203
-24
249
364
173
-206
-467
-390
-45
263
276
-11
-364
-517
-387
-138
3
-45
-195
-322
-354
-314
-262
-225
-165
-64
21
11
-100
-223
-220
-36
213
316
148
-195
-445
-371
1
364
389
59
-314
-392
-122
256
445
324
29
-194
-205
-51
113
163
81
-52
-137
-116
39
314
574
650
513
292
178
288
558
764
718
442
150
46
162
340
392
266
56
-94
-100
20
179
294
311
261
222
251
323
376
366
277
169
118
105
50
-53
-119
-67
92
235
208
-6
-245
-313
-153
112
274
195
-79
-349
-374
-61
412
670
431
-194
-737
-771
-328
113
55
-572
-1364
-1815
-1723
-1330
-1095
-1315
-1899
-2510
-2882
-2941
-2734
-2311
-1672
-892
-197
171
213
229
619
1576
2792
3588
3478
2623
1710
1397
1807
2417
2533
1839
598
-561
-1101
-1010
-775
-863
-1313
-1821
-2067
-1948
-1579
-1104
-577
-11
492
755
673
398
324
735
1452
1957
1873
1295
663
387
580
1024
1340
1252
796
256
-76
-101
89
307
378
214
-106
-377
-425
-253
-33
45
-68
-248
-318
-201
19
211
299
287
204
105
76
194
438
679
777
705
573
520
587
706
767
693
467
146
-135
-265
-265
-287
-478
-872
-1410
-1987
-2467
-2744
-2837
-2921
-3328
-4408
-6065
-7288
-6611
-3634
7
1838
921
-1214
-2029
-223
3365
6553
7465
5904
3444
2092
2617
4149
5206
4900
3322
1211
-587
-1604
-1937
-1990
-2079
-2348
-2938
-3885
-4824
-5009
-3919
-1863
90
900
303
-1038
-1967
-1563
254
2510
3760
3252
1653
475
709
2068
3438
3912
3333
2158
1049
499
596
991
1168
877
285
-314
-771
-1041
-1022
-706
-375
-356
-629
-923
-1104
-1163
-948
-343
337
561
246
-208
-465
-496
-306
104
452
319
-254
-725
-691
-256
241
593
703
539
267
210
456
844
1194
1437
1548
1512
1484
1594
1779
1876
1776
1436
940
412
150
384
464
-273
-1713
-2911
-3078
-2843
-2900
-3623
-4921
-6247
-7667
-8862
-8667
-6083
-1795
1164
586
-2108
-3628
-1647
3054
7415
9081
7534
4676
2986
3431
5502
7359
7449
5585
2786
370
-1113
-1621
-1483
-1418
-2020
-3380
-5230
-6829
-7081
-5576
-3141
-1177
-622
-1531
-3016
-3685
-2614
-51
2651
3866
2986
1108
186
1285
3626
5357
5313
3930
2522
1929
2036
2355
2474
2106
1226
191
-570
-922
-976
-917
-865
-855
-1067
-1685
-2347
-2389
-1779
-1102
-699
-507
-467
-514
-469
-156
413
940
1029
673
378
536
977
1284
1258
958
593
400
461
635
728
648
463
325
346
448
545
738
1081
1384
1436
1150
538
-80
-129
533
1230
1144
170
-1050
-1741
-1607
-1172
-1412
-2726
-4421
-5589
-6267
-7166
-8187
-7971
-5632
-2491
-959
-1673
-2854
-2570
-507
2465
5199
6578
6112
4653
3785
4339
5821
7094
7208
5890
3637
1417
87
-233
-269
-797
-1952
-3442
-4947
-5972
-5961
-4847
-3232
-2001
-1807
-2614
-3638
-3858
-2668
-341
1877
2589
1603
258
183
1810
4085
5478
5268
3992
2817
2574
3202
3913
3919
3028
1702
595
37
-115
-197
-413
-811
-1422
-2230
-2995
-3306
-2980
-2309
-1768
-1576
-1620
-1687
-1596
-1159
-305
684
1258
1168
799
787
1337
2040
2374
2212
1813
1476
1316
1319
1385
1328
978
402
-61
-103
171
374
318
168
134
63
-289
-797
-1007
-614
171
705
558
-175
-1048
-1357
-1008
-466
-428
-1458
-3161
-5004
-6425
-7127
-7147
-5947
-3814
-2074
-1729
-2567
-3011
-2170
-145
2543
4694
5394
4636
3504
3257
4125
5536
6561
6452
5088
2980
1045
105
158
335
-163
-1485
-3273
-4951
-5780
-5306
-3901
-2559
-2113
-2611
-3442
-3869
-3371
-1926
-301
611
818
874
947
1102
1793
3172
4549
5085
4577
3608
3074
3363
4021
4304
3804
2615
1279
442
250
295
121
-457
-1382
-2400
-3122
-3279
-2941
-2500
-2321
-2414
-2533
-2434
-2006
-1289
-490
104
356
433
684
1275
1965
2372
2405
2323
2390
2551
2524
2177
1746
1459
1219
912
555
198
-126
-321
-316
-138
-29
-244
-793
-1310
-1286
-923
-456
132
447
183
-667
-1254
-854
-85
367
14
-1085
-2464
-3845
-4577
-4759
-5125
-5788
-6049
-5058
-3285
-2077
-2057
-2456
-2202
-830
1285
3127
4061
3814
3161
3267
4211
5472
6038
5509
4271
2696
1633
1448
1650
1336
-54
-1754
-2914
-3383
-3325
-3038
-2762
-2722
-2873
-2919
-2768
-2634
-2627
-2452
-1673
-454
410
526
382
638
1278
2080
3112
3954
4080
3762
3390
3220
3525
3962
3871
3118
2035
1108
703
730
577
-234
-1326
-2126
-2554
-2596
-2392
-2418
-2765
-3003
-2873
-2457
-1939
-1547
-1348
-1026
-356
393
881
1131
1341
1615
1898
2070
2085
2067
2082
1993
1704
1375
1179
1029
840
661
474
257
97
36
13
-66
-67
76
-19
-408
-586
-256
389
674
287
-192
-399
-483
-549
-777
-1280
-1999
-2781
-3512
-4434
-5729
-7019
-7404
-5995
-3555
-2138
-2337
-3088
-3329
-2392
-79
2806
4596
4394
3235
2769
3596
5144
6298
6326
5341
3866
2584
2143
2428
2506
1642
30
-1548
-2602
-3079
-3025
-2748
-2609
-2683
-2987
-3298
-3325
-3218
-2997
-2417
-1571
-802
-479
-621
-645
-52
1015
2024
2611
2894
3129
3356
3544
3731
3876
3798
3425
2911
2395
1972
1725
1526
1051
245
-614
-1266
-1620
-1705
-1754
-2052
-2558
-2973
-3077
-2798
-2238
-1715
-1512
-1474
-1206
-587
168
779
1048
1015
1017
1337
1846
2219
2272
2056
1816
1772
1824
1740
1491
1156
807
563
467
408
356
353
326
209
147
181
117
-28
73
405
432
-119
-757
-888
-581
-414
-775
-1521
-2290
-2937
-3607
-4526
-5820
-7212
-7814
-6752
-4455
-2661
-2617
-3706
-4253
-3143
-475
2590
4464
4327
2965
2100
2862
4924
6880
7373
6179
4304
3013
2803
3207
3373
2674
1088
-712
-1862
-2181
-2209
-2353
-2512
-2597
-2716
-2899
-3068
-3199
-3219
-2946
-2364
-1754
-1493
-1593
-1521
-740
536
1493
1813
2012
2489
3053
3492
3838
4024
3924
3615
3251
2981
2898
2782
2254
1366
550
38
-247
-464
-834
-1526
-2432
-3140
-3308
-2993
-2586
-2362
-2255
-2142
-2038
-1879
-1501
-858
-158
320
495
482
519
813
1344
1937
2264
2108
1704
1329
1168
1344
1595
1583
1245
688
337
465
790
1111
1309
1086
543
127
52
242
523
738
729
327
-234
-554
-710
-799
-905
-1237
-1791
-2778
-4310
-5795
-6900
-7504
-7225
-6003
-4382
-3537
-3976
-4538
-4132
-2484
153
2602
3715
3292
2237
2265
4014
6319
7687
7359
5805
4255
3567
3875
4549
4536
3188
885
-1055
-1664
-1387
-1213
-1516
-2147
-2920
-3503
-3466
-2976
-2765
-3121
-3547
-3478
-2870
-2095
-1595
-1451
-1213
-465
553
1282
1618
1886
2311
2891
3511
3930
3896
3476
3095
3094
3342
3373
2870
1994
1181
652
322
1
-449
-1086
-1798
-2327
-2477
-2319
-2173
-2280
-2473
-2396
-2016
-1628
-1394
-1240
-1092
-914
-603
-104
375
544
386
248
462
994
1472
1549
1228
889
893
1174
1390
1419
1447
1610
1819
1947
2001
2012
1870
1535
1271
1329
1487
1317
834
397
117
-154
-436
-696
-1108
-1874
-2930
-4044
-5020
-5760
-6380
-7168
-8071
-8294
-7080
-4899
-3282
-3226
-4068
-4083
-2186
999
3717
4599
3676
2356
2470
4627
7374
8542
7429
5228
3702
3766
4930
5793
5188
3046
445
-1142
-1076
-220
-38
-1040
-2483
-3420
-3543
-3102
-2600
-2585
-3265
-4123
-4251
-3384
-2286
-1857
-2115
-2259
-1616
-327
847
1303
1188
1195
1818
2838
3572
3571
3026
2553
2650
3260
3811
3698
2832
1764
1174
1227
1438
1158
190
-1061
-1959
-2155
-1829
-1501
-1620
-2212
-2848
-3047
-2701
-2143
-1806
-1823
-1995
-2052
-1877
-1512
-1066
-660
-396
-264
-89
291
790
1117
1193
1310
1679
2083
2229
2253
2523
3036
3382
3360
3198
3101
3035
2979
2912
2639
2035
1309
771
478
232
-245
-975
-1711
-2363
-3030
-3602
-3948
-4377
-5236
-6356
-7294
-7911
-8287
-8032
-6361
-3652
-2065
-2980
-4725
-4529
-1814
1763
4322
4784
3318
1726
2170
4894
7920
9082
7810
5360
3726
3945
5268
6194
5780
3846
1085
-943
-1066
44
572
-396
-2129
-3372
-3632
-3262
-2819
-2777
-3420
-4398
-4726
-3864
-2568
-2039
-2448
-2852
-2407
-1233
-135
287
229
373
1038
1921
2618
2960
2934
2742
2813
3327
3900
3979
3426
2628
2122
2091
2159
1874
1244
485
-306
-916
-1045
-915
-1189
-2059
-2986
-3413
-3271
-2893
-2713
-2913
-3243
-3338
-3072
-2470
-1715
-1266
-1367
-1498
-988
40
977
1525
1758
1845
2003
2389
2992
3670
4176
4302
4129
3955
3945
3986
3854
3513
3116
2692
2068
1276
638
262
-135
-750
-1439
-2034
-2616
-3346
-4089
-4511
-4630
-4980
-5889
-7022
-7932
-8525
-8499
-7149
-4580
-2573
-2846
-4634
-5308
-3368
275
3627
5090
4263
2450
1908
3809
7111
9504
9329
6953
4436
3680
4850
6562
7114
5575
2517
-141
-768
326
1311
771
-1164
-3183
-4030
-3598
-2804
-2563
-3284
-4720
-5783
-5442
-4126
-3205
-3191
-3541
-3658
-3181
-2036
-787
-98
226
761
1468
2062
2597
3003
3036
3071
3716
4653
4986
4445
3541
2955
2972
3212
3053
2319
1229
61
-791
-995
-818
-1012
-1999
-3325
-4069
-3843
-3214
-2998
-3387
-3970
-4272
-4033
-3242
-2234
-1593
-1594
-1733
-1213
67
1344
1935
1964
1992
2338
2925
3578
4140
4446
4414
4208
4141
4308
4472
4340
3810
3089
2486
2063
1633
1084
449
-243
-919
-1408
-1772
-2307
-3052
-3740
-4251
-4668
-5020
-5461
-6251
-7247
-8029
-8410
-8012
-6149
-3426
-2201
-3616
-5474
-4847
-1566
2241
4618
4721
2976
1337
2018
5174
8554
9616
7753
4819
3421
4409
6350
7334
6462
3954
1045
-476
232
1864
2029
-75
-2668
-3680
-3161
-2499
-2415
-2989
-4344
-5900
-6164
-4632
-2860
-2630
-3789
-4702
-4203
-2544
-870
-53
11
-42
163
779
1916
3162
3620
3164
2845
3446
4382
4669
4206
3543
3023
2660
2438
2309
2006
1186
-34
-951
-1079
-899
-1251
-2213
-3046
-3228
-3018
-2911
-3015
-3170
-3302
-3334
-3015
-2261
-1443
-1065
-1094
-961
-279
705
1460
1776
1857
1940
2120
2482
3072
3642
3821
3616
3419
3513
3807
4045
4020
3644
2936
2027
1286
1099
1285
1171
422
-648
-1600
-2186
-2329
-2284
-2591
-3483
-4611
-5519
-6103
-6480
-6871
-7532
-8132
-7525
-5308
-3196
-3243
-4897
-5626
-4084
-1036
2055
3778
3195
1107
109
2053
5875
8703
8717
6494
4094
3386
4802
7032
8004
6564
3405
596
45
1654
3099
2302
-212
-2341
-3011
-2609
-1824
-1421
-2273
-4266
-5724
-5177
-3332
-2228
-2764
-4003
-4578
-3925
-2459
-1153
-689
-901
-1150
-894
187
1804
2790
2362
1464
1645
2963
4125
4326
3815
3061
2391
2184
2561
3006
2761
1646
352
-202
78
298
-271
-1273
-1942
-2147
-2205
-2190
-2114
-2289
-2829
-3153
-2718
-1918
-1532
-1692
-1896
-1684
-985
-107
480
576
422
466
1069
2093
2862
2933
2665
2639
3056
3769
4377
4435
4005
3534
3251
3060
2890
2692
2284
1558
709
40
-432
-967
-1644
-2246
-2721
-3339
-4214
-5147
-5983
-6662
-7183
-7773
-8388
-8027
-6005
-3905
-4097
-6088
-6817
-4806
-1528
1264
2861
2700
1023
113
2065
5801
8318
8116
6090
4198
3927
5297
7056
7777
6599
3828
1287
884
2420
3685
2803
210
-1876
-2151
-1485
-1049
-996
-1711
-3682
-5530
-5135
-2978
-1726
-2630
-4385
-5248
-4645
-3045
-1465
-920
-1565
-2400
-2213
-742
1073
1935
1466
636
709
1893
3248
3805
3483
2863
2455
2518
3104
3721
3493
2288
1108
855
1249
1411
930
-24
-991
-1495
-1436
-1206
-1238
-1672
-2374
-2885
-2708
-2064
-1729
-1936
-2188
-2074
-1638
-1043
-447
-34
114
222
691
1537
2241
2470
2498
2659
2987
3429
3842
3969
3806
3598
3432
3212
2987
2836
2592
1992
1061
123
-505
-809
-1084
-1641
-2547
-3591
-4468
-5030
-5436
-5949
-6716
-7767
-8772
-8653
-6555
-3778
-3130
-5196
-7015
-5863
-2511
660
2547
2874
1421
-433
145
3851
7659
8374
6248
3975
3379
4350
6050
7486
7361
5148
2298
1061
2069
3728
3839
1873
-382
-1101
-690
-542
-766
-1035
-2004
-3690
-4329
-3003
-1607
-2195
-3951
-4726
-4111
-3220
-2642
-2249
-2165
-2458
-2489
-1633
-311
431
260
-77
319
1503
2632
2937
2586
2295
2316
2501
2929
3551
3602
2601
1468
1359
1940
2044
1407
540
-259
-802
-840
-580
-651
-1295
-2134
-2613
-2444
-1869
-1499
-1687
-2163
-2385
-2048
-1288
-569
-268
-354
-428
-97
650
1404
1765
1780
1856
2252
2796
3186
3339
3344
3227
3010
2811
2758
2741
2444
1789
1065
478
25
-303
-642
-1254
-2038
-2667
-3157
-3641
-4038
-4475
-5212
-6112
-6865
-7262
-6674
-4706
-2815
-3131
-5138
-5918
-4130
-1311
877
2049
1928
561
-412
919
4065
6455
6440
4831
3421
3144
4062
5695
6788
6090
3896
1863
1369
2422
3639
3431
1820
299
-293
-364
-237
11
-271
-1597
-3151
-3564
-2766
-2102
-2499
-3389
-3816
-3734
-3547
-3204
-2610
-2228
-2354
-2411
-1845
-1045
-607
-448
-186
306
907
1389
1630
1798
2019
2195
2376
2736
3032
2819
2197
1780
1904
2192
2050
1415
772
445
290
116
-81
-368
-845
-1345
-1506
-1307
-1139
-1279
-1573
-1694
-1514
-1113
-672
-406
-432
-562
-404
151
729
988
1004
1006
1124
1421
1856
2245
2442
2435
2207
1830
1653
1860
2072
1866
1327
638
-92
-443
-111
293
-136
-1329
-2474
-3057
-3112
-2987
-3154
-3911
-5168
-6454
-6918
-5790
-3561
-2201
-3084
-5002
-5480
-3780
-1312
597
1526
1153
-274
-1002
623
3708
5650
5253
3685
2638
2786
3953
5516
6349
5467
3390
1905
2070
3245
4065
3662
2205
750
173
327
587
576
5
-1249
-2515
-2821
-2242
-1872
-2338
-3156
-3682
-3789
-3485
-2792
-2243
-2420
-2948
-2905
-2139
-1287
-741
-464
-409
-434
-129
688
1550
1862
1679
1546
1777
2207
2563
2650
2397
1976
1751
1819
1887
1674
1228
762
435
267
173
-10
-371
-745
-898
-914
-1045
-1234
-1295
-1297
-1273
-1076
-864
-981
-1219
-1071
-604
-220
70
334
322
55
118
787
1591
2026
2050
1791
1460
1432
1866
2398
2511
2067
1346
782
655
899
1144
957
197
-779
-1416
-1552
-1543
-1790
-2410
-3318
-4311
-5052
-5326
-5178
-4628
-3705
-3069
-3619
-4844
-4894
-3084
-873
307
449
-4
-626
-468
1192
3526
4775
4249
2998
2476
3091
4314
5416
5665
4661
3069
2215
2596
3452
3736
2986
1557
395
209
726
1018
481
-704
-1892
-2500
-2318
-1720
-1530
-2286
-3482
-4007
-3412
-2397
-1900
-2157
-2707
-2955
-2556
-1600
-638
-299
-639
-1022
-782
118
1141
1675
1493
970
820
1406
2291
2687
2378
1841
1552
1552
1700
1914
1978
1589
872
385
386
547
415
42
-289
-569
-817
-969
-940
-856
-941
-1088
-1171
-1217
-1221
-1155
-959
-662
-389
-253
-357
-503
-244
446
1136
1415
1247
974
890
1191
1839
2345
2247
1499
632
348
770
1413
1556
910
-152
-1019
-1261
-929
-549
-746
-1656
-2753
-3366
-3348
-3131
-3177
-3522
-3889
-4016
-3765
-3215
-2781
-2814
-3016
-2718
-1783
-707
43
316
237
246
838
1956
2949
3290
3079
2767
2762
3221
3883
4145
3709
3045
2774
2878
2933
2775
2453
1946
1371
1061
1057
906
298
-445
-829
-860
-917
-1170
-1558
-1995
-2310
-2250
-1853
-1536
-1645
-2054
-2344
-2183
-1569
-970
-813
-983
-1056
-777
-259
351
862
901
578
484
997
1747
2019
1720
1258
1046
1253
1700
2066
1964
1307
540
239
567
1050
1042
403
-373
-753
-671
-405
-219
-340
-878
-1512
-1678
-1286
-857
-844
-1118
-1345
-1415
-1350
-1148
-942
-993
-1306
-1523
-1424
-1291
-1497
-1968
-2296
-2167
-1535
-676
-214
-607
-1424
-1618
-671
818
1791
1676
748
-65
146
1410
2695
2928
2073
997
534
921
1820
2475
2178
1035
74
121
874
1424
1311
690
0
-220
258
903
916
214
-502
-642
-307
42
60
-295
-796
-1060
-835
-286
87
-47
-492
-717
-419
194
655
668
337
49
120
518
938
1126
1004
675
376
347
561
729
632
341
25
-272
-536
-654
-574
-508
-706
-1085
-1347
-1402
-1386
-1319
-1146
-1000
-1062
-1232
-1207
-855
-411
-207
-240
-214
-24
164
302
508
752
867
876
954
1085
1091
997
1025
1150
1105
874
721
661
445
83
-160
-288
-533
-883
-1169
-1450
-1821
-2088
-2037
-1832
-1744
-1800
-1877
-1926
-1860
-1559
-1081
-681
-525
-508
-467
-295
93
663
1118
1191
1049
1070
1332
1636
1843
1905
1785
1590
1553
1699
1793
1681
1467
1282
1140
1023
930
823
638
365
79
-121
-211
-273
-381
-512
-597
-636
-683
-746
-766
-689
-562
-472
-435
-358
-214
-76
38
217
445
609
631
563
584
815
1086
1111
916
760
718
719
720
651
432
124
-122
-237
-298
-435
-695
-966
-1106
-1124
-1148
-1252
-1422
-1583
-1621
-1490
-1302
-1237
-1321
-1409
-1305
-976
-638
-525
-546
-424
-166
8
93
238
377
353
288
389
563
595
527
515
522
437
321
292
317
278
168
69
1
-80
-151
-133
-33
15
-78
-226
-251
-84
116
134
-55
-258
-298
-169
3
80
-6
-194
-304
-204
31
214
225
110
27
83
226
379
529
606
541
433
467
633
740
691
589
598
693
684
529
429
516
649
647
525
390
277
194
203
317
396
291
65
-66
-27
73
125
107
21
-116
-197
-141
-29
-22
-118
-185
-181
-145
-78
1
-7
-80
-79
-11
4
-16
1
-10
-94
-124
-50
-49
-222
-395
-390
-304
-332
-493
-672
-797
-845
-797
-709
-710
-855
-1017
-1036
-925
-832
-837
-913
-989
-998
-910
-756
-636
-657
-785
-816
-624
-342
-170
-114
-69
2
111
320
613
841
882
832
883
1057
1184
1171
1099
1043
1002
975
988
979
822
508
241
223
371
427
269
-13
-267
-356
-253
-126
-146
-283
-413
-481
-469
-332
-148
-101
-234
-352
-282
-62
162
294
327
301
290
373
560
750
835
810
741
686
672
701
734
730
688
619
519
421
370
350
306
225
145
76
-10
-116
-216
-279
-305
-304
-290
-295
-350
-442
-476
-398
-297
-291
-344
-328
-234
-170
-171
-167
-136
-139
-195
-254
-302
-392
-545
-692
-758
-765
-801
-898
-1011
-1104
-1160
-1153
-1069
-965
-934
-1000
-1068
-1020
-850
-670
-561
-502
-449
-385
-304
-191
-44
119
282
412
478
508
569
691
844
999
1130
1197
1189
1182
1251
1362
1408
1371
1343
1364
1345
1211
1027
888
804
737
687
605
405
120
-92
-147
-126
-146
-264
-460
-642
-712
-653
-559
-533
-603
-694
-700
-592
-447
-360
-350
-378
-390
-346
-250
-160
-117
-106
-112
-124
-129
-111
-60
11
48
3
-92
-146
-139
-109
-71
-23
-3
-51
-127
-150
-108
-56
-32
-35
-43
-50
-52
-48
-44
-41
-23
26
104
164
150
84
68
163
296
343
276
188
158
194
276
389
462
399
229
120
190
339
373
251
84
-32
-86
-81
-51
-88
-245
-421
-471
-404
-357
-418
-545
-648
-659
-572
-443
-373
-422
-529
-560
-442
-245
-113
-111
-186
-223
-171
-59
73
185
208
146
104
169
302
412
431
370
298
306
414
547
597
508
347
256
303
422
499
456
300
122
39
89
192
246
213
104
-36
-125
-93
9
52
-5
-99
-173
-204
-173
-111
-109
-188
-249
-222
-162
-150
-179
-197
-191
-176
-129
-26
76
74
-13
-48
33
140
167
129
109
113
86
42
39
51
10
-54
-56
-15
-35
-132
-219
-242
-219
-176
-104
-40
-64
-183
-266
-196
-2
171
189
53
-103
-125
10
196
289
215
42
-85
-73
52
178
182
28
-166
-252
-182
-61
-37
-151
-311
-400
-388
-318
-256
-259
-331
-406
-406
-324
-210
-127
-100
-107
-101
-53
41
153
230
235
188
164
219
322
377
358
322
313
311
306
325
347
317
239
193
216
252
227
168
131
120
113
133
175
167
72
-32
-57
-7
56
92
80
3
-105
-137
-52
53
69
1
-68
-92
-73
-24
29
35
-21
-76
-57
5
37
19
-19
-61
-107
-115
-55
11
-2
-98
-191
-214
-169
-104
-59
-71
-155
-268
-313
-241
-122
-77
-132
-209
-239
-207
-137
-54
-1
-17
-66
-66
8
92
116
86
60
73
115
144
124
60
0
-12
24
61
45
-42
-150
-196
-154
-81
-57
-112
-202
-261
-248
-174
-102
-89
-133
-175
-169
-101
3
83
89
48
51
149
279
352
347
307
288
328
422
499
477
362
258
264
355
411
356
227
106
56
87
153
165
66
-90
-181
-153
-67
-25
-64
-142
-199
-209
-182
-131
-78
-71
-128
-189
-187
-131
-85
-77
-89
-114
-157
-180
-145
-89
-86
-129
-153
-132
-104
-94
-82
-57
-39
-43
-51
-53
-54
-60
-57
-40
-35
-56
-89
-95
-76
-59
-56
-57
-45
-30
-22
-21
-16
8
43
70
80
76
67
72
96
130
150
137
93
54
68
118
148
120
65
35
26
26
45
75
66
-2
-73
-77
-29
6
1
-24
-62
-103
-116
-74
-10
5
-52
-123
-143
-98
-31
10
5
-38
-84
-79
1
107
153
113
42
21
71
152
210
212
161
97
78
126
186
191
138
86
73
85
100
106
96
68
46
62
99
101
52
6
12
57
78
57
6
-54
-90
-82
-33
4
-30
-128
-214
-225
-174
-126
-122
-171
-239
-288
-277
-210
-136
-118
-162
-207
-203
-161
-111
-71
-54
-72
-105
-107
-68
-19
0
-12
-41
-59
-49
-18
9
8
-21
-49
-43
-5
26
26
7
-6
7
46
94
120
106
77
73
121
191
227
206
157
130
155
209
249
235
173
107
87
122
164
157
89
11
-30
-18
11
13
-27
-91
-142
-152
-123
-92
-99
-149
-197
-195
-155
-111
-94
-96
-99
-94
-72
-30
22
58
74
83
102
130
150
165
187
213
220
195
166
157
167
170
160
143
116
77
45
46
63
59
22
-15
-26
-21
-21
-29
-45
-69
-89
-89
-73
-68
-94
-132
-150
-137
-111
-98
-108
-132
-151
-146
-120
-87
-79
-96
-119
-118
-90
-60
-54
-71
-100
-110
-99
-78
-71
-90
-133
-164
-164
-142
-126
-126
-149
-176
-185
-165
-129
-100
-88
-84
-75
-54
-23
19
64
101
126
145
167
197
231
265
290
304
306
307
312
318
322
308
284
256
230
209
189
165
128
78
30
0
-17
-37
-73
-116
-154
-183
-196
-193
-187
-196
-216
-231
-221
-195
-164
-137
-117
-106
-98
-74
-31
15
51
71
78
87
105
134
167
184
181
165
149
143
149
158
154
129
90
56
41
39
36
21
-2
-37
-67
-82
-81
-72
-74
-96
-127
-147
-148
-135
-116
-108
-120
-145
-159
-139
-97
-58
-53
-70
-86
-74
-32
15
40
27
-10
-29
-3
49
82
69
23
-20
-22
12
47
50
9
-47
-83
-80
-54
-42
-65
-110
-143
-144
-124
-106
-106
-114
-118
-104
-76
-49
-26
-10
12
48
89
123
141
154
175
206
242
262
265
260
253
252
256
256
242
210
179
156
135
104
62
25
-4
-29
-59
-93
-131
-169
-193
-200
-196
-200
-225
-249
-257
-235
-198
-169
-158
-158
-152
-120
-63
-6
26
33
37
62
109
159
185
190
182
181
190
204
206
196
175
155
139
117
87
53
25
4
-18
-56
-106
-149
-166
-163
-162
-186
-228
-266
-269
-234
-192
-171
-182
-203
-194
-141
-65
-5
19
17
21
55
119
183
217
217
196
188
204
235
255
248
213
169
133
119
119
114
81
20
-49
-96
-112
-111
-121
-154
-208
-261
-283
-266
-231
-215
-228
-247
-246
-213
-159
-103
-65
-46
-33
-5
48
105
148
172
186
201
221
248
272
281
275
260
247
238
230
212
181
141
104
76
55
31
-7
-54
-98
-126
-139
-152
-175
-212
-243
-255
-243
-228
-228
-246
-258
-245
-207
-166
-144
-142
-136
-109
-56
0
33
40
40
63
111
163
187
177
156
154
176
204
209
183
138
106
101
115
116
87
37
-6
-22
-13
-6
-19
-55
-93
-114
-104
-80
-64
-67
-81
-88
-78
-46
-6
25
34
28
30
53
92
129
147
141
124
119
135
162
174
158
124
92
81
83
82
57
10
-41
-71
-79
-84
-106
-148
-190
-215
-216
-206
-207
-224
-243
-248
-230
-203
-182
-173
-169
-152
-118
-76
-41
-19
0
25
63
102
133
148
158
168
188
208
220
215
201
193
191
189
177
149
114
85
66
49
22
-16
-59
-95
-119
-135
-154
-180
-210
-232
-237
-235
-232
-232
-230
-221
-201
-172
-145
-119
-93
-61
-22
20
58
91
123
157
193
225
248
264
272
278
285
286
279
261
238
217
196
171
138
99
62
30
4
-26
-63
-103
-134
-154
-163
-172
-189
-209
-221
-216
-195
-170
-154
-147
-141
-122
-87
-43
-7
15
26
41
67
102
132
147
147
141
141
145
151
147
130
102
74
51
33
13
-11
-39
-68
-97
-121
-141
-154
-161
-166
-172
-179
-184
-181
-163
-139
-112
-94
-79
-64
-39
-4
34
66
85
96
109
130
157
178
184
175
164
157
156
156
144
118
83
50
26
10
-12
-42
-80
-119
-145
-160
-169
-183
-204
-223
-235
-232
-218
-205
-199
-194
-181
-153
-118
-84
-56
-35
-8
28
69
107
136
155
172
194
220
242
252
249
242
238
239
237
225
201
174
150
132
115
90
60
27
0
-18
-32
-48
-68
-91
-104
-105
-102
-99
-103
-106
-102
-86
-65
-46
-36
-30
-21
-4
20
40
51
54
55
60
72
81
81
71
56
46
41
35
24
1
-25
-48
-63
-72
-84
-104
-130
-150
-161
-163
-161
-164
-170
-175
-173
-160
-142
-126
-116
-107
-92
-69
-46
-29
-14
0
17
35
52
65
73
79
85
93
98
94
81
68
59
54
44
28
9
-7
-16
-22
-27
-36
-48
-58
-62
-66
-68
-70
-72
-74
-67
-50
-27
-3
17
36
53
69
90
121
152
173
181
191
200
209
217
224
227
229
226
218
216
211
187
160
142
116
75
40
24
10
-15
-49
-80
-94
-106
-128
-146
-143
-142
-159
-176
-177
-181
-193
-197
-180
-164
-159
-158
-154
-145
-130
-106
-75
-48
-36
-40
-43
-30
-12
-7
-9
-3
12
11
-1
-6
3
14
16
11
5
-4
-11
-10
-8
-18
-45
-66
-65
-64
-65
-55
-34
-23
-39
-48
-25
0
5
14
28
40
44
43
62
100
114
98
84
87
93
90
83
78
72
57
39
43
65
43
-22
-56
-46
-30
-31
-57
-82
-91
-100
-99
-79
-77
-85
-73
-45
-17
8
28
28
8
-3
18
76
121
127
135
158
173
198
219
214
206
210
215
211
199
177
157
139
119
95
73
52
31
13
-6
-24
-42
-56
-67
-78
-88
-96
-102
-108
-113
-118
-122
-124
-124
-124
-125
-125
-124
-122
-115
-105
-93
-81
-73
-68
-61
-53
-38
-20
-6
1
-5
-23
-43
-56
-50
-29
-1
12
-6
-56
-118
-169
-204
-217
-211
-186
-155
-146
-161
-182
-186
-152
-104
-91
-112
-115
-78
-47
-85
-150
-169
-61
142
260
232
177
168
184
122
-13
-51
-28
-33
85
300
373
94
-634
-1095
-242
1397
2102
1087
-782
-1764
-1115
52
626
605
118
-529
-369
1151
2873
2570
111
-1617
-952
516
964
217
-196
1225
2830
2041
-130
-1136
-556
524
1089
819
72
-909
-2128
-2836
-2167
-871
-45
514
968
630
-1056
-3354
-4046
-1985
935
2129
1289
-79
-1041
-1716
-1830
-894
656
2004
2669
2591
1905
500
-1447
-2516
-1341
1262
3047
2799
993
-1054
-2081
-1807
-896
142
1124
1615
1180
-59
-1589
-2793
-2983
-1781
260
1846
1988
794
-865
-2116
-2384
-1508
72
1560
2332
2099
894
-718
-1783
-1636
-357
1382
2697
2915
1939
292
-1188
-1741
-1095
246
1391
1842
1548
455
-1165
-2316
-2144
-861
643
1605
1614
685
-714
-1897
-2229
-1454
-6
1266
1740
1314
267
-863
-1436
-1154
-200
940
1699
1685
864
-370
-1347
-1609
-1055
23
962
1291
914
1
-886
-1299
-1145
-363
680
1261
1063
279
-583
-1047
-1000
-488
359
1150
1405
919
31
-631
-805
-580
-37
595
955
827
213
-518
-846
-679
-247
260
632
640
238
-332
-771
-906
-637
-100
418
780
756
152
-611
-934
-716
-143
450
678
476
44
-401
-641
-658
-482
36
694
887
435
-284
-807
-866
-548
-93
366
596
397
35
-196
-386
-532
-429
44
743
1057
606
-112
-531
-575
-333
24
346
540
470
147
-246
-548
-658
-522
-95
432
602
252
-252
-498
-465
-328
-143
59
241
365
312
98
-118
-256
-210
46
382
668
711
428
69
-111
-94
-29
-6
62
190
262
205
44
-178
-436
-518
-221
194
352
158
-228
-444
-391
-279
-88
151
259
291
257
64
-141
-197
-84
195
460
529
473
308
25
-138
-121
-8
265
397
187
45
-92
-476
-545
-253
-166
-31
188
-20
-228
-186
-416
-573
-256
4
121
254
122
-122
-159
-160
-178
17
332
405
233
42
-91
-134
-177
-256
-149
141
318
237
7
-184
-366
-450
-168
198
246
155
7
-197
-195
-109
-129
70
378
327
176
159
-36
-256
-216
-121
61
304
195
-131
-250
-232
-196
-92
91
200
80
-117
-213
-200
-16
173
133
91
181
236
182
46
-56
32
198
226
212
185
103
-10
-159
-212
-88
102
113
-9
-126
-239
-279
-302
-218
2
161
116
-68
-184
-207
-150
-92
-40
174
417
373
62
-162
-169
-129
-26
217
384
348
173
-79
-201
-218
-270
-124
206
363
286
46
-284
-435
-334
-116
181
451
468
206
-123
-292
-247
-68
173
361
397
307
106
-121
-206
-177
-102
94
329
358
108
-236
-417
-363
-150
-2
31
108
105
0
-160
-354
-353
-158
79
270
272
152
35
-107
-199
-160
-28
107
154
161
104
-34
-196
-273
-152
41
142
97
-51
-198
-288
-302
-261
-171
-20
148
176
22
-146
-272
-324
-169
78
173
141
81
15
10
53
71
73
110
192
241
182
92
10
-55
13
153
256
343
285
96
18
19
-2
18
38
87
214
206
13
-164
-257
-221
-65
43
39
-66
-168
-139
-149
-259
-256
-109
99
191
66
-89
-183
-215
-103
66
196
226
124
72
74
-36
-137
-88
101
342
372
120
-101
-140
-141
-143
-76
40
88
-3
-139
-194
-206
-238
-227
-95
97
150
6
-153
-187
-153
-134
-85
44
166
167
92
43
23
-8
-1
113
258
302
233
136
55
-12
-56
-39
59
183
236
148
-31
-170
-187
-98
11
34
-40
-90
-58
-42
-140
-243
-196
-30
108
114
30
-31
-103
-197
-161
-6
114
153
113
36
-10
-30
-38
-18
41
119
123
36
-43
-67
-69
-90
-95
3
132
129
22
-65
-110
-145
-154
-74
67
121
52
-38
-103
-97
-17
36
38
53
75
65
1
-80
-90
-38
15
83
130
103
31
-53
-103
-60
31
92
109
99
69
26
-21
-55
-49
44
185
236
139
-4
-58
-14
25
32
60
122
147
58
-63
-96
-85
-81
-37
36
51
-19
-116
-156
-127
-105
-116
-82
17
73
20
-87
-154
-130
-79
-51
-3
73
90
28
-34
-56
-31
23
63
65
56
70
78
38
-13
-26
-35
-45
-29
2
40
50
-18
-100
-121
-110
-88
-49
-16
15
20
-41
-115
-141
-109
-34
39
80
83
47
7
-3
9
33
68
106
154
194
187
135
83
46
28
57
111
122
85
32
-12
-21
-18
-35
-38
-12
1
-18
-51
-90
-131
-156
-137
-68
-17
-32
-63
-51
-20
-9
-14
-14
17
63
79
62
41
28
28
51
92
126
120
81
31
-8
-28
-27
-13
13
34
27
-2
-30
-58
-96
-111
-82
-45
-41
-58
-78
-95
-108
-112
-89
-44
5
44
39
-16
-72
-76
-25
31
60
103
135
92
16
-8
10
40
66
92
137
155
88
7
-19
-12
2
3
-15
-6
30
23
-37
-97
-120
-101
-59
-24
-6
1
-30
-93
-118
-101
-62
-26
0
38
39
17
1
-11
-2
-1
13
53
90
132
107
27
-23
-21
31
88
104
68
20
1
0
-1
-17
-39
-50
-40
-14
3
-9
-38
-58
-60
-48
-41
-47
-55
-48
-31
-18
0
4
-11
-7
12
15
17
40
73
76
30
4
36
66
59
49
64
95
92
44
15
12
0
-2
16
32
36
14
-21
-48
-60
-48
-15
14
9
-11
-28
-45
-58
-52
-33
-23
-13
12
32
25
-5
-34
-40
-15
28
57
41
10
-22
-48
-46
-28
-18
-4
13
31
26
-21
-75
-84
-42
4
8
-11
-18
-16
-20
-36
-45
-28
-10
-4
5
4
-12
-39
-67
-64
-21
28
49
35
-2
-36
-47
-24
14
45
58
50
30
23
23
8
-9
10
63
100
94
58
18
-3
1
9
20
42
59
49
14
-19
-40
-53
-40
3
46
50
10
-37
-57
-54
-46
-33
-1
36
45
22
-12
-31
-34
-19
19
70
93
69
18
-17
-24
-13
11
48
77
68
26
-12
-34
-43
-44
-30
-4
11
4
-25
-57
-76
-76
-58
-33
-12
-9
-23
-42
-58
-58
-47
-20
8
30
38
31
10
-6
-1
20
39
50
58
65
60
37
9
0
15
38
48
37
14
-10
-30
-34
-29
-23
-28
-40
-41
-35
-38
-54
-67
-62
-47
-34
-27
-22
-19
-20
-22
-19
-11
2
19
36
45
46
37
24
15
19
33
50
56
47
29
11
-3
-2
12
24
23
9
-4
-10
-14
-22
-28
-24
-16
-6
-4
-10
-19
-26
-25
-14
-3
4
2
1
5
7
3
2
11
28
37
36
29
22
13
8
11
25
36
37
29
22
12
3
-1
5
16
20
15
0
-16
-24
-22
-14
-8
-5
-3
-8
-18
-31
-34
-27
-13
-1
2
-5
-18
-29
-29
-18
1
11
11
7
-1
-8
-16
-15
2
24
29
17
2
-5
-7
-8
-5
5
13
13
4
-8
-17
-19
-11
-1
5
2
-5
-13
-19
-20
-18
-13
-8
-1
4
1
-11
-24
-25
-11
5
11
8
3
-1
-5
-9
-7
1
9
13
13
12
8
3
-3
-4
6
19
26
25
17
9
0
-4
-1
9
18
22
18
7
-1
-5
-5
-1
4
11
13
6
-4
-12
-14
-16
-13
-6
3
9
5
-6
-14
-18
-18
-11
0
16
23
17
5
-4
-6
0
10
28
42
39
24
7
3
2
8
20
36
40
25
3
-14
-21
-16
-4
11
13
2
-17
-32
-39
-39
-33
-20
-4
2
-7
-27
-43
-46
-32
-13
2
11
11
4
-7
-15
-11
1
17
32
36
28
13
-1
-6
2
17
25
25
18
5
-6
-15
-17
-16
-8
-1
2
-6
-20
-35
-37
-27
-13
-6
-6
-11
-12
-12
-13
-14
-11
1
14
21
18
9
4
4
14
23
26
21
17
15
14
12
6
4
7
10
9
2
-6
-11
-13
-10
-6
-5
-9
-12
-13
-15
-14
-11
-6
-6
-4
-3
-1
-3
-5
-2
5
11
13
11
8
7
7
6
8
11
13
14
14
10
4
0
-1
3
7
8
9
6
3
0
-3
-6
-4
1
7
10
8
1
-6
-11
-9
-1
5
9
6
0
-5
-10
-12
-9
-4
2
4
2
-6
-14
-17
-13
-7
0
-1
0
-2
-5
-7
-10
-9
-4
1
6
3
-1
-5
-6
-3
0
2
4
5
5
2
0
-2
1
4
7
5
2
0
1
2
2
0
-2
-1
-1
0
-2
-3
-4
-2
-1
1
0
-1
-2
-1
0
1
2
2
3
4
2
2
3
4
6
5
5
6
7
5
2
1
1
2
5
5
3
0
-1
-1
0
0
0
0
0
1
-2
-5
-7
-7
-3
0
2
-1
-3
-4
-4
-2
0
2
3
3
2
1
-1
0
0
3
6
6
6
4
1
1
1
3
4
5
5
2
0
-2
-2
0
3
4
3
1
-1
-2
-2
-1
1
2
1
1
0
-1
-2
0
2
2
1
0
-1
0
-1
1
0
2
2
0
-1
-1
-2
0
1
2
2
0
-2
-1
-2
-1
1
2
2
0
-1
-1
0
1
0
1
2
2
-1
0
-1
0
0
0
1
0
0
0
0
-1
0
0
-1
0
0
-1
-1
1
0
1
1
1
1
2
3
2
3
2
1
3
1
2
1
2
-1
0
0
0
-1
0
0
1
1
1
0
0
-1
-1
0
0
1
1
1
1
0
0
1
0
1
1
0
0
-1
0
0
1
1
1
1
1
0
-1
-2
-2
0
2
1
-1
-2
-2
-1
-2
-2
-1
1
1
0
-2
-1
-1
0
1
1
0
-1
-1
-1
0
1
1
2
3
3
0
0
0
-1
2
2
1
-1
0
0
1
1
-1
0
0
0
0
0
0
0
0
0
0
0
0
0
1
1
0
1
1
1
0
1
0
1
0
1
1
1
1
1
0
0
0
0
-1
1
0
0
0
0
0
1
0
0
0
0
1
1
1
0
-1
-2
-1
-2
0
0
1
1
0
0
-1
0
1
2
2
2
1
0
-1
-1
0
0
1
2
1
1
1
0
1
0
0
0
0
0
1
0
1
0
0
0
1
0
0
-1
1
1
2
0
-2
-1
-1
-1
0
0
0
2
1
0
1
0
0
1
0
0
-1
-2
0
-1
0
1
1
1
1
-1
0
0
0
0
0
0
0
0
0
0
0
0
0
0
0
0
0
0
0
0
-1
0
-1
0
-1
0
0
0
0
0
-1
0
-1
1
0
0
0
0
0
-1
0
-1
0
-1
0
0
0
0
-1
0
-1
0
1
0
0
0
0
0
0
1
0
0
0
0
0
0
-1
0
0
0
0
0
0
0
0
1
0
1
1
0
0
0
0
0
0
0
0
0
0
1
0
1
0
0
0
0
0
0
0
1
0
0
0
1
0
1
1
0
0
0
0
-1
0
0
1
0
0
0
0
0
0
0
0
0
0
0
0
0
-1
0
0
0
0
0
0
0
0
0
-1
0
1
0
0
0
0
0
0
0
-1
1
0
0
0
1
0
1
0
0
0
0
0
0
0
-1
0
1
0
0
0
1
0
0
0
0
-1
1
1
0
0
1
0
0
0
0
0
0
0
0
-1
0
0
0
0
1
0
0
0
0
0
0
-1
-1
1
0
0
1
0
0
-1
0
-1
1
0
1
0
0
0
0
1
-1
0
0
0
0
0
0
0
0
0
0
0
0
0
0
-1
0
0
0
0
1
0
0
0
0
0
0
0
0
-1
0
0
0
-1
0
0
1
0
-1
0
0
0
0
1
1
1
0
0
-1
0
0
-1
0
0
0
0
-1
0
0
0
0
0
0
1
0
0
0
0
0
1
0
0
0
0
0
0
0
-1
1
-1
0
-1
0
0
0
0
-1
0
0
0
0
0
0
0
0
0
1
0
0
0
0
0
0
0
0
0
0
0
0
0
0
-1
0
0
0
1
0
0
0
0
-1
0
-1
0
1
0
0
1
0
0
0
0
0
0
0
0
0
0
1
-1
0
-1
0
0
-1
0
0
0
0
-1
0
0
0
0
0
1
0
0
0
0
0
0
0
-1
0
0
0
0
0
0
-1
0
0
0
0
0
0
-1
0
-1
0
0
0
0
1
0
0
0
0
0
0
0
0
0
0
0
0
1
0
0
0
0
1
0
-1
0
1
0
0
0
0
0
0
0
-1
-1
0
0
0
1
0
-1
0
0
-1
0
0
0
-1
0
0
1
0
0
0
0
0
0
1
0
0
0
0
1
0
0
0
1
1
0
0
0
0
0
0
1
0
1
0
0
0
1
0
0
0
-1
1
1
0
-1
0
0
0
0
0
0
0
0
0
0
0
1
0
1
0
0
0
0
0
-1
0
1
0
0
-1
0
-1
0
0
-1
0
0
0
0
0
0
0
0
0
0
0
0
0
0
0
0
0
0
0
0
0
0
0
0
0
0
0
0
0
0
0
0
0
-1
0
0
0
0
0
0
0
-1
0
0
0
0
0
0
0
0
0
0
0
0
0
0
0
0
0
0
0
0
0
0
1
-1
0
0
0
0
0
0
0
1
0
0
0
0
0
-1
0
0
0
0
0
0
0
0
0
0
-1
-1
-1
-1
0
-1
0
0
0
0
0
0
-1
-1
0
-1
0
0
0
-1
0
0
0
0
0
0
0
1
0
0
0
0
0
0
0
0
0
0
1
1
0
0
0
0
0
0
0
0
0
0
0
1
0
0
0
0
0
1
1
0
0
0
0
0
-1
0
0
0
0
0
0
1
0
0
1
0
0
0
1
0
0
1
0
1
1
0
0
0
0
0
0
0
0
0
0
1
0
1
1
-1
0
0
0
0
0
0
0
0
0
0
0
1
0
0
1
0
0
0
1
0
0
0
-1
0
0
0
0
0
0
0
0
0
0
1
0
0
0
-1
-1
0
0
0
0
0
0
0
0
0
0
-1
0
1
0
0
0
0
0
0
0
-1
0
1
0
0
0
0
-1
0
-1
-1
0
0
0
0
1
0
0
0
0
0
0
0
0
1
1
0
1
-1
0
0
0
0
0
0
0
0
0
0
0
0
0
0
0
0
0
0
0
0
0
0
0
0
0
0
0
0
-1
1
0
1
0
0
1
0
0
0
0
0
1
-1
0
0
0
0
0
1
0
0
-1
0
0
0
0
1
0
0
1
-1
-1
0
0
0
0
0
0
0
0
0
0
0
-1
0
0
0
1
0
0
0
0
1
0
-1
-1
0
0
0
-1
0
0
0
0
0
-1
0
0
0
0
-1
0
0
0
0
0
0
0
0
0
0
0
0
0
0
-1
0
0
0
0
0
0
0
0
0
1
0
-1
0
0
0
0
0
0
0
0
0
0
0
0
0
0
0
0
0
0
0
-1
0
0
0
0
0
0
0
0
0
0
0
0
0
1
0
0
0
0
0
0
0
1
0
0
0
1
1
0
0
0
-1
1
1
0
0
0
0
0
0
0
1
0
0
0
1
0
0
0
0
0
-1
0
0
0
0
0
0
0
0
0
0
-1
-1
-1
0
0
0
0
-1
0
0
0
0
0
0
0
0
0
1
0
1
0
0
0
0
0
0
1
-1
0
1
-1
0
0
0
0
0
0
0
-1
0
0
0
-1
0
-1
0
0
0
0
0
-1
0
0
0
0
0
0
-1
0
0
0
0
0
0
0
0
-1
-1
0
0
0
0
0
1
0
0
0
0
0
-1
0
0
0
0
0
0
0
0
0
1
0
1
0
0
1
-1
1
0
0
0
-1
-1
0
0
0
-1
0
-1
0
0
0
-1
0
0
0
0
1
0
0
0
0
0
0
1
0
1
0
0
0
0
0
0
1
0
0
0
1
1
0
0
0
0
0
0
0
0
-1
1
0
0
0
0
0
0
0
1
0
0
-1
0
0
0
-1
-1
0
0
1
0
-1
0
0
0
0
0
0
-1
-1
0
0
-1
1
0
1
0
0
0
0
0
0
1
0
0
0
-1
0
0
0
0
0
1
-1
0
0
0
0
0
0
0
0
0
1
0
0
0
0
0
0
-1
0
0
-1
0
0
-1
0
0
0
0
0
0
0
0
1
0
0
-1
1
0
0
-1
-1
0
0
0
1
-1
0
0
0
-1
1
0
0
0
1
-1
0
0
0
0
0
0
0
0
0
0
0
-1
0
0
0
0
0
0
0
0
0
0
1
-1
0
0
-1
1
0
0
0
0
0
0
0
0
0
0
0
0
0
0
-1
0
0
0
0
0
0
0
-1
0
0
0
-1
0
0
-1
-1
0
0
0
0
0
1
1
-1
0
-1
0
0
0
0
0
0
0
0
1
0
0
0
0
-1
1
0
0
1
0
0
0
0
0
1
1
0
0
0
0
0
-1
0
-1
1
0
1
0
0
1
0
0
1
0
0
0
1
-1
-1
1
0
0
0
-1
0
0
1
0
0
0
0
0
0
-1
0
0
0
-1
0
0
1
1
-1
0
0
0
0
0
0
0
0
0
-1
1
0
0
1
0
0
0
0
1
-1
0
0
0
0
-1
1
0
0
-1
0
0
0
0
0
-1
0
-1
1
0
0
1
0
0
0
0
0
0
0
0
-1
0
0
0
1
0
1
0
0
0
0
-1
0
0
1
1
0
0
0
-1
-1
0
0
0
-1
0
0
1
0
1
0
0
1
0
0
1
0
0
0
0
0
0
0
0
0
0
0
-1
1
0
0
0
0
0
0
0
0
0
0
-1
0
-1
0
0
0
0
0
-1
0
0
0
1
0
0
0
0
0
0
0
0
0
-1
1
1
-1
0
0
0
0
0
0
0
0
0
0
0
0
0
-1
0
0
0
0
0
0
0
0
-1
0
0
0
0
-1
0
-1
0
0
0
0
0
-1
0
0
-1
0
0
0
1
0
0
0
0
0
0
1
0
0
0
0
0
1
0
0
0
1
1
0
0
0
0
0
0
0
0
1
1
1
0
0
-1
0
0
0
-1
-1
0
0
0
0
0
0
0
0
0
0
0
0
0
0
0
0
0
0
0
0
0
1
1
1
0
-1
0
0
0
0
0
0
1
-1
-1
0
0
0
0
0
1
0
-1
0
0
0
0
0
0
0
0
-1
0
0
0
0
1
0
0
0
0
0
-1
1
1
0
0
0
0
1
0
0
0
0
0
0
0
0
0
0
0
0
1
0
0
0
0
0
0
1
0
0
0
0
0
0
0
0
0
0
1
0
-1
0
0
0
0
-1
0
0
0
0
0
0
-1
0
0
-1
0
0
0
-1
1
0
0
0
0
0
0
0
0
0
0
0
0
0
-1
0
-1
0
0
0
0
0
0
0
0
0
1
0
0
0
0
0
0
0
0
0
0
0
1
0
0
0
0
0
0
0
0
0
-1
0
0
1
0
0
0
0
0
0
0
1
0
0
0
0
0
0
-1
0
1
0
0
0
0
0
0
0
0
-1
0
0
0
0
0
0
0
0
1
0
-1
0
1
0
0
-1
0
0
0
0
-1
0
0
0
0
1
0
0
0
0
0
0
0
0
-1
0
0
0
0
0
0
0
0
0
1
0
0
0
0
0
1
0
0
1
0
1
-1
0
0
0
0
0
0
0
0
-1
0
-1
-1
0
0
0
0
0
0
0
0
0
0
-1
0
-1
0
0
0
0
0
0
-1
0
0
0
0
0
0
0
0
0
0
0
0
0
0
0
0
0
1
1
0
-1
0
0
0
0
0
0
0
0
0
0
0
0
0
0
0
0
1
0
0
0
0
0
1
0
0
0
0
0
0
0
-1
-1
0
0
0
0
0
-1
-1
0
0
0
-1
1
0
0
-1
0
0
0
0
0
0
0
0
0
0
0
0
0
0
0
0
1
0
0
-1
0
0
0
0
0
0
1
0
0
-1
-1
0
0
0
0
-1
0
0
0
0
0
1
0
0
1
0
1
0
0
0
0
0
0
-1
0
0
0
0
0
0
1
0
0
0
0
0
0
-1
-1
0
-1
0
0
0
0
0
0
0
0
0
0
0
0
0
0
-1
0
0
0
0
1
0
0
0
0
0
0
0
0
0
0
-1
1
-1
0
0
0
0
0
0
0
0
1
0
1
0
0
0
1
-1
0
0
0
0
0
0
0
0
0
0
-1
0
0
0
0
1
1
0
1
0
0
0
0
0
0
0
0
0
0
-1
-1
-1
-1
0
0
0
0
0
-1
0
0
0
0
0
-1
0
-1
0
1
0
0
1
0
0
-1
0
-1
0
0
0
-1
0
1
-1
0
0
0
0
-1
0
1
0
-1
1
1
0
1
-1
0
0
1
0
0
-1
1
0
0
1
0
0
0
0
1
0
0
0
0
1
0
-1
0
-1
0
1
0
1
-1
0
1
0
0
0
0
0
-1
0
0
0
0
0
0
0
0
0
0
-1
0
1
0
1
0
-1
0
0
1
0
0
0
0
0
0
-1
0
-1
0
0
0
0
0
0
0
1
0
1
0
0
0
0
0
-1
0
0
0
0
0
-1
0
0
0
0
0
0
1
0
0
0
0
1
0
0
0
0
0
0
0
0
0
-1
0
1
0
0
0
0
0
0
0
0
0
0
0
0
0
0
0
-1
1
0
0
0
-1
0
0
0
1
0
0
0
-1
0
0
0
0
1
1
0
1
0
0
-1
0
-1
0
0
0
0
0
0
0
0
0
0
0
0
0
1
0
0
0
0
0
0
0
0
0
0
0
0
0
0
0
0
0
0
1
0
0
0
1
0
0
0
0
0
0
0
0
1
1
0
0
1
0
0
0
0
0
1
0
0
-1
1
0
-1
-1
0
0
0
0
0
1
0
1
0
0
0
1
0
-1
0
-1
0
0
-1
0
0
0
-1
0
0
0
0
0
0
0
0
1
-1
0
0
0
0
-1
0
0
0
0
0
1
0
0
0
0
0
0
0
0
1
1
0
0
0
0
0
0
0
0
0
1
0
-1
0
0
0
0
0
0
0
0
0
0
1
0
1
1
1
0
0
0
0
0
0
0
0
0
0
0
0
-1
0
0
0
-1
0
-1
0
0
0
0
0
0
0
-1
1
0
1
0
0
0
0
1
1
0
-1
0
1
-1
0
0
0
0
0
0
0
0
0
0
0
0
0
1
-1
0
0
0
0
0
0
0
-1
0
-1
0
0
0
0
0
-1
0
1
0
0
0
1
0
0
0
0
0
0
0
0
0
0
0
0
0
0
1
0
1
0
-1
-1
-1
0
0
0
0
0
0
0
-1
0
0
1
-1
0
1
0
0
0
0
0
0
0
-1
0
0
0
0
0
0
0
0
0
0
0
0
0
0
0
0
0
0
0
0
0
0
1
0
1
0
0
0
1
0
0
-1
1
0
-1
0
0
-1
0
0
0
0
-1
0
0
0
0
1
0
0
0
1
0
0
1
-1
0
0
0
0
0
0
-1
0
1
0
0
0
1
-1
0
0
0
-1
0
0
0
-1
0
1
0
-1
0
0
-1
-1
0
0
0
0
-1
-1
-1
0
0
0
0
0
0
0
0
0
1
0
-1
0
1
0
1
0
0
0
-1
0
0
0
0
0
0
-1
1
0
0
0
0
1
0
0
0
-1
0
1
0
0
0
0
0
0
0
0
0
0
-1
1
-1
0
1
0
0
0
0
0
0
0
0
0
0
0
0
0
0
0
1
0
0
0
0
-1
1
0
0
0
0
0
0
0
0
0
0
0
0
-1
0
0
0
-1
0
0
1
1
0
0
0
0
-1
0
1
0
-1
0
0
0
0
-1
0
0
0
0
0
-1
-1
0
0
0
0
1
0
0
0
0
-1
0
0
0
0
0
0
0
0
1
0
-1
0
0
-1
0
0
0
0
0
0
0
0
0
0
0
1
0
0
0
0
-1
-1
0
-1
0
0
0
-1
0
0
0
0
1
1
-1
0
0
-1
-1
0
0
-1
0
0
-1
0
0
-1
1
-1
0
0
-1
0
0
0
0
0
0
0
1
0
0
-1
1
1
0
0
0
0
0
0
0
0
0
1
0
0
0
0
0
0
-1
0
0
-1
0
0
1
0
0
1
0
0
0
1
0
0
0
0
0
0
1
-1
0
0
0
1
0
-1
0
0
0
0
0
-1
0
0
0
0
1
0
0
1
0
0
0
1
0
0
0
0
0
1
0
0
0
0
0
0
0
1
0
0
0
0
-1
0
0
-1
-1
0
-1
0
0
0
1
1
0
0
0
-1
1
0
0
0
0
1
0
1
0
0
1
1
0
0
0
0
0
-1
0
0
0
-1
0
0
1
0
0
0
0
1
0
1
0
0
0
0
-1
0
0
0
0
0
-1
0
0
0
1
1
0
0
-1
0
0
1
0
0
-1
1
0
0
0
0
-1
0
0
0
0
0
0
0
0
0
0
0
1
0
0
0
-1
0
1
0
0
1
-1
0
-1
-1
0
0
0
0
0
0
0
0
-1
0
-1
1
0
1
1
0
0
0
0
0
0
0
0
0
0
0
0
0
0
1
0
-1
0
0
0
0
0
0
-1
0
0
-1
0
0
0
0
0
0
0
1
1
0
0
0
0
0
0
0
-1
0
0
0
0
0
0
-1
-1
0
0
0
0
0
1
0
1
-1
0
0
-1
0
0
0
1
0
0
0
0
0
0
0
1
0
1
0
0
0
-1
-1
0
0
0
0
1
0
-1
0
0
0
0
1
0
-1
0
0
0
0
0
1
0
0
0
0
0
0
0
0
0
0
1
0
0
0
0
0
0
0
0
0
0
0
0
0
-1
-1
0
0
0
0
0
0
-1
0
0
-1
0
0
0
0
0
0
0
0
0
0
0
0
0
0
0
0
0
-1
0
0
1
0
0
-1
1
0
0
0
0
0
0
0
0
0
0
-1
1
0
0
-1
0
0
0
1
0
-1
0
0
0
0
0
0
0
1
-1
0
-1
0
-1
-1
0
0
0
1
0
0
0
0
0
1
0
-1
-1
0
0
0
0
0
0
0
-1
0
-1
0
1
0
0
0
0
1
0
0
0
0
0
-1
-1
0
0
0
0
-1
0
1
0
1
0
0
0
0
-1
0
0
0
-1
0
0
0
0
0
0
0
0
-1
0
0
0
1
0
1
0
-1
0
1
0
0
-1
0
0
0
0
0
0
1
0
1
0
0
0
0
0
1
0
1
0
0
0
1
0
0
0
0
0
-1
0
0
0
0
0
0
0
0
0
-1
0
0
0
0
0
0
0
0
0
0
1
0
1
0
0
1
0
0
1
0
0
1
0
0
1
0
0
0
0
0
0
0
0
0
0
0
1
0
0
-1
0
0
-1
0
-1
0
0
1
1
0
0
0
-1
0
0
0
0
0
0
1
0
0
-1
0
0
0
0
-1
0
1
0
0
0
0
0
-1
0
0
0
0
0
0
0
1
0
0
0
0
0
-1
0
0
0
0
0
1
0
0
0
0
0
0
0
1
0
-1
0
-1
1
0
0
0
0
-1
0
-1
0
0
0
0
-1
1
0
0
0
1
0
-1
0
1
1
0
-1
0
0
0
0
0
0
0
0
-1
0
0
0
0
1
-1
0
0
-1
0
0
0
0
0
1
1
0
0
0
-1
-1
0
0
0
1
0
0
0
0
0
0
1
0
0
-1
0
0
1
0
0
0
0
0
1
0
0
-1
0
0
0
0
0
0
0
0
1
0
0
0
0
0
0
0
0
1
0
0
0
0
0
0
-1
0
0
0
0
1
0
0
1
0
0
0
1
-1
0
-1
0
0
0
1
0
0
0
0
0
0
1
0
0
0
0
0
0
0
0
0
-1
0
0
0
1
0
0
0
1
0
0
0
0
0
0
0
0
0
0
1
0
1
0
-1
0
0
-1
0
0
0
-1
0
0
0
-1
0
-1
1
-1
1
0
0
0
0
0
1
0
1
0
0
0
0
0
0
0
0
0
0
0
1
0
0
-1
0
0
0
0
0
0
0
0
0
0
-1
0
0
1
0
0
-1
0
0
0
0
0
0
0
0
-1
0
1
0
0
0
0
1
0
0
0
0
0
-1
0
0
-1
0
0
0
0
0
0
0
0
0
0
0
1
1
1
1
0
0
-1
1
0
0
0
0
0
0
0
0
0
0
0
0
1
0
0
1
0
1
0
0
1
0
0
0
0
1
0
0
-1
0
0
1
1
0
0
-1
0
-1
-1
0
0
0
1
1
0
-1
0
1
0
0
0
0
1
0
1
-1
0
1
0
0
0
-1
0
0
0
1
0
-1
0
-1
-1
0
0
1
0
0
0
1
1
0
0
1
1
-1
0
-1
0
0
0
1
0
0
0
0
-1
0
0
-1
0
0
-1
-1
1
0
0
0
0
-1
0
1
0
0
0
-1
1
0
1
0
1
-1
0
0
0
-1
0
0
0
0
0
0
0
0
0
0
0
0
0
0
0
0
0
1
0
0
0
0
1
0
0
0
0
0
0
0
0
0
0
0
0
0
0
0
0
0
0
0
0
1
0
0
0
0
-1
0
0
1
0
0
0
0
0
-1
0
0
0
0
0
0
-1
0
0
-1
0
0
0
-1
0
0
0
0
-1
0
0
0
0
0
0
0
0
0
0
0
0
0
0
0
-1
0
0
0
-1
0
-1
0
-1
0
0
0
0
1
0
0
0
0
-1
1
0
0
0
0
0
1
0
0
0
0
0
0
1
0
0
0
0
-1
0
-1
0
0
0
0
0
0
0
0
0
0
0
0
0
0
0
0
0
1
0
1
1
0
1
0
0
0
0
0
1
0
1
0
0
0
1
0
0
-1
0
0
1
0
-1
0
0
0
0
-1
-1
1
0
0
1
0
0
1
0
0
0
-1
1
0
0
0
0
0
0
-1
0
0
0
0
0
0
0
0
0
0
0
0
0
0
0
0
0
0
0
0
-1
0
-1
0
-1
0
0
0
0
0
-1
0
-1
1
0
0
0
0
0
-1
0
-1
0
-1
0
0
0
0
-1
0
-1
0
1
0
0
0
0
0
0
1
0
0
0
0
0
0
-1
0
0
0
0
0
0
0
0
1
0
1
1
0
0
0
0
0
0
0
0
0
0
1
0
1
0
0
0
0
0
0
0
1
0
0
0
1
0
1
1
0
0
0
0
-1
0
0
1
0
0
0
0
0
0
0
0
0
0
0
0
0
-1
0
0
0
0
0
0
0
0
0
-1
0
1
0
0
0
0
0
0
0
-1
1
0
0
0
1
0
1
0
0
0
0
0
0
0
-1
0
1
0
0
0
1
0
0
0
0
-1
1
1
0
0
1
0
0
0
0
0
0
0
0
-1
0
0
0
0
1
0
0
0
0
0
1
-2
0
1
-2
3
1
-4
3
-1
-2
2
-2
1
5
-4
1
3
-1
0
-1
-1
0
1
-3
1
2
-5
-2
-1
-3
-2
-2
0
3
3
1
3
5
0
0
3
-1
4
4
1
5
3
1
-1
0
-1
-2
-1
2
-4
-5
3
-6
-2
-2
2
2
-1
-2
11
-4
-41
40
-1
-39
27
22
23
23
24
37
15
-2
8
16
-9
-21
15
-3
-44
-19
-27
-53
-10
-11
-7
10
21
8
0
1
-10
-12
-4
-2
-6
-2
-2
5
-4
26
23
31
42
40
36
16
22
-8
-24
-19
-35
-29
-28
-13
-13
-8
4
1
2
2
2
-3
-4
-5
-8
-8
-9
-4
2
7
7
6
15
15
0
2
11
-3
-2
8
1
0
7
6
5
0
0
2
-5
-7
-5
-7
-8
-6
-4
1
3
4
9
9
8
5
0
-3
-8
-10
-11
-10
-5
-3
2
6
6
8
9
7
3
3
2
-3
-3
0
-4
-4
1
-2
0
1
-3
-1
-3
-5
-3
-3
-4
-1
-1
1
0
0
0
-1
-2
-3
-4
-4
-2
-1
3
6
9
13
17
16
16
14
9
6
0
0
0
-5
-6
-4
-6
-8
-7
-4
-2
-2
0
-2
-5
-7
-13
-11
-7
-12
-7
-4
-4
1
-2
3
16
6
10
22
12
8
13
8
4
3
1
1
-1
-5
-3
-3
-6
-4
-2
-7
-8
-3
-6
-7
0
1
0
1
3
4
2
4
8
5
2
9
5
0
1
1
1
2
1
2
2
-2
-1
1
-5
1
-3
-4
0
-8
-2
-5