0
0
0
0
-1
0
-1
0
0
0
0
0
-1
0
1
0
0
0
1
0
0
0
0
0
0
0
0
0
0
0
0
0
0
1
0
1
0
-1
-1
-1
0
0
0
0
0
0
0
-1
0
0
1
-1
0
1
0
0
0
0
0
0
0
-1
0
0
0
0
0
0
0
0
0
0
0
0
0
0
0
0
0
0
0
0
0
0
1
0
1
0
0
0
1
0
0
-1
1
0
-1
0
0
-1
0
0
0
0
-1
0
0
0
0
1
0
0
0
1
0
0
1
-1
0
0
0
0
0
0
-1
0
1
0
0
0
1
-1
0
0
0
-1
0
0
0
-1
0
1
0
-1
0
0
-1
-1
0
0
0
0
-1
-1
-1
0
0
0
0
0
0
0
0
0
1
0
-1
0
1
0
1
0
0
0
-1
0
0
0
0
0
0
-1
1
0
0
0
0
1
0
0
0
-1
0
1
0
0
0
0
0
0
0
0
0
0
-1
1
-1
0
1
0
0
0
0
0
0
0
0
0
0
0
0
0
0
0
1
0
0
0
0
-1
1
0
0
0
0
0
0
0
0
0
0
0
0
-1
0
0
0
-1
0
0
1
1
0
0
0
0
-1
0
1
0
-1
0
0
0
0
-1
0
0
0
0
0
-1
-1
0
0
0
0
1
0
0
0
0
-1
0
0
0
0
0
0
0
0
1
0
-1
0
0
-1
0
0
0
0
0
0
0
0
0
0
0
1
0
0
0
0
-1
-1
0
-1
0
0
0
-1
0
0
0
0
1
1
-1
0
0
-1
-1
0
0
-1
0
0
-1
0
0
-1
1
-1
0
0
-1
0
0
0
0
0
0
0
1
0
0
-1
1
1
0
0
0
0
0
0
0
0
0
1
0
0
0
0
0
0
-1
0
0
-1
0
0
1
0
0
1
0
0
0
1
0
0
0
0
0
0
1
-1
0
0
0
1
0
-1
0
0
0
0
0
-1
0
0
0
0
1
0
0
1
0
0
0
1
0
0
0
0
0
1
0
0
0
0
0
0
0
1
0
0
0
0
-1
0
0
-1
-1
0
-1
0
0
0
1
1
0
0
0
-1
1
0
0
0
0
1
0
1
0
0
1
1
0
0
0
0
0
-1
0
0
0
-1
0
0
1
0
0
0
0
1
0
1
0
0
0
0
-1
0
0
0
0
0
-1
0
0
0
1
1
0
0
-1
0
0
1
0
0
-1
1
0
0
0
0
-1
0
0
0
0
0
0
0
0
0
0
0
1
0
0
0
-1
0
1
0
0
1
-1
0
-1
-1
0
0
0
0
0
0
0
0
-1
0
-1
1
0
1
1
0
0
0
0
0
0
0
0
0
0
0
0
0
0
1
0
-1
0
0
0
0
0
0
-1
0
0
-1
0
0
0
0
0
0
0
1
1
0
0
0
0
0
0
0
-1
0
0
0
0
0
0
-1
-1
0
0
0
0
0
1
0
1
-1
0
0
-1
0
0
0
1
0
0
0
0
0
0
0
1
0
1
0
0
0
-1
-1
0
0
0
0
1
0
-1
0
0
0
0
1
0
-1
0
0
0
0
0
1
0
0
0
0
0
0
0
0
0
0
1
0
0
0
0
0
0
0
0
0
0
0
0
0
-1
-1
0
0
0
0
0
0
-1
0
0
-1
0
0
0
0
0
0
0
0
0
0
0
0
0
0
0
0
0
-1
0
0
1
0
0
-1
1
0
0
0
0
0
0
0
0
0
0
-1
1
0
0
-1
0
0
0
1
0
-1
0
0
0
0
0
0
0
1
-1
0
-1
0
-1
-1
0
0
0
1
0
0
0
0
0
1
0
-1
-1
0
0
0
0
0
0
0
-1
0
-1
0
1
0
0
0
0
1
0
0
0
0
0
-1
-1
0
0
0
0
-1
0
1
0
1
0
0
0
0
-1
0
0
0
-1
0
0
0
0
0
0
0
0
-1
0
0
0
1
0
1
0
-1
0
1
0
0
-1
0
0
0
0
0
0
1
0
1
0
0
0
0
0
1
0
1
0
0
0
1
0
0
0
0
0
-1
0
0
0
0
0
0
0
0
0
-1
0
0
0
0
0
0
0
0
0
0
1
0
1
0
0
1
0
0
1
0
0
1
0
0
1
0
0
0
0
0
0
0
0
0
0
0
1
0
0
-1
0
0
-1
0
-1
0
0
1
1
0
0
0
-1
0
0
0
1
1
1
2
1
1
0
1
1
1
0
-1
0
1
0
0
0
0
0
-1
0
0
0
0
0
0
0
1
0
0
0
0
0
-1
0
0
0
0
0
1
0
0
0
0
0
0
0
1
0
-1
0
-1
1
0
0
0
0
-1
0
-1
0
0
0
0
-1
1
0
0
0
1
0
-1
0
1
1
0
-1
0
0
0
0
0
0
0
0
-1
0
0
0
0
1
-1
0
0
-1
0
0
0
0
0
1
1
0
0
0
-1
-1
0
0
0
1
0
0
0
0
0
0
1
0
0
-1
0
0
1
0
0
0
0
0
1
0
0
-1
0
0
0
0
0
0
0
0
1
0
0
0
0
0
0
0
0
1
0
0
0
0
0
0
-1
0
0
0
0
1
0
0
1
0
0
0
1
-1
0
-1
0
0
0
1
0
0
0
0
0
0
1
0
0
0
0
0
0
0
0
0
-1
0
0
0
1
0
0
0
1
0
0
0
0
0
0
0
0
0
0
1
0
1
0
-1
0
0
-1
0
0
0
-1
0
0
0
-1
0
-1
1
-1
1
0
0
0
0
0
1
0
1
0
0
0
0
0
0
0
0
0
0
0
1
0
0
-1
0
-1
0
0
0
0
0
0
0
1
0
2
2
3
1
0
-1
0
0
0
1
1
1
1
0
-1
0
1
0
0
0
0
1
0
0
0
0
0
-1
0
0
-1
0
0
0
0
0
0
0
0
0
0
0
1
1
1
1
0
0
-1
1
0
0
0
0
0
0
0
0
0
0
0
0
1
0
0
1
0
1
0
1
2
1
1
1
1
2
1
1
0
0
0
1
1
0
0
-1
0
-1
-1
0
0
0
1
1
0
-1
0
1
0
0
0
0
1
0
2
0
0
1
-1
-1
-1
-2
0
1
1
2
1
-1
0
-1
-1
0
0
1
0
0
0
1
1
0
0
1
1
-1
0
-1
0
0
0
1
0
1
1
1
0
1
1
0
1
1
0
-1
1
0
0
0
0
-1
0
1
0
0
0
-1
1
0
1
0
1
-1
0
0
0
-1
0
0
0
0
0
0
0
0
0
0
1
1
0
0
-1
-1
-2
0
0
0
1
1
2
1
0
0
1
1
1
1
1
1
1
1
1
0
0
0
0
0
-1
-2
-1
1
2
2
1
0
-1
0
0
2
1
1
1
1
1
0
1
1
1
1
1
1
0
0
0
-1
0
0
0
-1
0
0
0
0
-1
0
0
0
0
0
0
0
0
0
0
0
0
0
0
0
-1
0
0
0
-1
0
-1
0
-1
0
0
0
0
1
0
0
0
0
-1
1
0
0
0
0
0
1
0
0
0
0
0
0
1
0
0
0
0
-1
0
-1
0
0
0
0
0
0
0
0
0
0
0
0
0
0
1
1
0
1
0
0
0
-1
1
1
1
1
1
1
1
0
0
-1
0
0
1
1
0
-1
0
-1
0
-1
-3
-1
0
1
3
2
1
2
0
-1
0
0
2
5
5
4
3
0
-1
-4
-5
-5
-3
-1
0
1
1
0
-1
-3
-5
-5
-5
-3
0
3
6
6
6
4
2
0
-1
0
2
4
5
6
3
2
-2
-3
-4
-5
-3
-2
-1
1
0
1
0
-2
-3
-3
-2
-1
2
3
6
5
4
1
-1
-3
-5
-3
-1
2
5
3
2
-1
-3
-4
-4
-1
1
4
5
6
5
3
-1
-3
-5
-5
-4
-1
2
3
2
2
-3
-5
-8
-10
-7
-3
3
8
11
11
9
4
-1
-2
-4
0
3
7
9
9
6
0
-6
-11
-16
-15
-10
-1
7
13
13
8
3
-3
-6
-8
-5
1
10
19
23
22
14
2
-9
-15
-15
-10
-3
4
9
10
5
-2
-12
-22
-26
-24
-14
-1
12
21
23
19
10
-3
-13
-17
-14
-3
10
22
27
27
16
1
-15
-26
-31
-25
-13
2
16
23
22
13
-1
-15
-23
-24
-18
-5
10
22
26
22
10
-4
-19
-24
-24
-17
-3
12
22
26
22
11
-1
-12
-18
-16
-10
1
12
19
19
15
4
-7
-16
-21
-19
-11
-1
10
20
21
19
12
1
-7
-11
-10
-6
3
9
14
12
6
-3
-12
-19
-25
-22
-15
-6
4
11
15
15
10
4
-2
-5
-4
0
7
12
18
18
13
4
-4
-14
-20
-22
-19
-13
-6
1
4
4
3
-1
-5
-8
-7
-3
5
12
18
24
23
18
10
2
-6
-11
-13
-10
-6
-1
2
-1
-3
-9
-15
-17
-18
-13
-6
3
11
16
19
19
14
9
5
3
3
6
7
8
8
5
-1
-6
-12
-16
-15
-14
-9
-4
2
5
5
4
1
-1
-3
-3
-2
0
4
6
9
9
9
4
0
-5
-8
-10
-9
-7
-3
0
2
3
2
1
0
-2
0
1
2
5
5
6
7
6
3
1
-3
-5
-6
-8
-7
-4
-3
-1
0
1
1
0
-1
-1
0
1
4
3
6
6
7
6
3
1
-2
-3
-4
-4
-1
2
3
3
1
0
-4
-6
-5
-3
0
4
6
6
6
4
2
-1
-2
-1
-1
1
3
4
3
2
-1
-6
-7
-10
-8
-6
-2
2
5
6
6
4
2
0
-1
-1
2
4
6
8
7
6
3
-1
-3
-5
-5
-6
-5
-2
1
2
2
1
-1
-3
-5
-5
-4
-2
1
4
5
6
3
0
-1
-3
-5
-3
-2
0
0
2
2
2
-1
-3
-4
-4
-3
-1
2
4
4
5
4
3
1
0
0
0
1
1
3
3
3
2
-1
-1
-3
-2
-3
-2
1
3
3
3
1
-1
-1
-2
-3
-3
0
1
3
4
4
3
1
-1
-2
-2
-2
1
1
3
2
2
1
0
-1
-2
-2
0
-1
0
0
2
1
1
0
-2
-2
-2
-1
0
1
3
3
2
2
1
0
0
0
0
1
1
2
2
1
1
1
0
-1
-2
-2
-1
0
1
1
2
1
0
0
-1
0
0
1
2
2
2
1
-1
0
0
0
0
0
0
0
0
0
0
0
0
0
0
0
0
0
0
0
0
0
0
1
-1
0
0
0
0
0
0
-1
1
0
0
0
0
0
-2
-1
-1
0
1
2
3
2
1
0
-1
-2
-1
-1
0
1
0
0
0
0
0
0
0
-1
-1
0
-1
0
0
0
-1
0
0
0
0
0
0
0
1
0
0
0
0
0
0
0
0
0
0
1
0
0
0
0
0
0
0
0
1
1
2
2
2
1
0
-1
-1
-1
1
1
1
1
1
1
0
-1
1
1
1
1
1
1
2
1
1
2
1
1
1
2
1
0
1
0
1
1
0
0
0
0
0
0
0
0
0
0
1
0
1
1
-1
0
0
0
0
0
0
0
0
0
0
0
1
0
0
1
0
0
0
1
0
0
0
-1
0
0
0
0
0
0
0
0
0
0
1
0
0
0
-1
-1
0
0
0
0
0
0
0
0
0
0
-1
0
1
0
0
0
0
0
0
0
-1
0
1
0
0
0
0
-1
0
-1
-1
0
0
0
0
1
0
0
0
0
0
0
0
0
1
1
0
1
-1
0
0
0
0
0
0
0
0
0
0
0
0
0
0
0
0
0
0
0
0
0
0
0
0
0
0
0
0
-1
1
0
1
0
0
1
0
0
0
0
0
1
-1
0
0
0
0
0
1
0
0
-1
0
0
0
0
1
0
0
1
-1
-1
0
0
0
0
0
0
0
0
0
0
0
-1
0
0
0
1
0
0
0
0
1
0
-1
-1
0
0
0
-1
0
0
0
0
0
-1
0
0
0
0
-1
0
0
0
0
0
0
0
0
0
0
0
0
0
0
-1
0
0
0
0
0
0
0
0
0
1
0
-1
0
0
0
0
0
0
0
0
0
0
0
0
0
0
0
0
0
0
0
-1
0
0
0
0
0
0
0
0
0
0
0
0
0
1
0
0
0
0
0
0
0
1
0
0
0
1
1
0
0
0
-1
1
1
0
0
0
0
0
0
0
1
0
0
0
1
0
0
0
0
0
-1
0
0
0
0
0
0
0
0
0
0
-1
-1
-1
0
0
0
0
-1
0
0
0
0
0
0
0
0
0
1
0
1
0
0
0
0
0
0
1
-1
0
1
-1
0
0
0
0
0
0
0
-1
0
0
0
-1
0
-1
0
0
0
0
0
-1
0
0
0
0
0
0
-1
0
0
0
0
0
0
0
0
-1
-1
0
0
0
0
0
1
0
0
0
0
0
-1
0
0
0
0
0
0
0
0
0
1
0
1
0
0
1
-1
1
0
0
0
-1
-1
0
0
0
-1
0
-1
0
0
0
-1
0
0
0
0
1
0
0
0
0
0
0
1
0
1
0
0
0
0
0
0
1
0
0
0
1
1
0
0
0
0
0
0
0
0
-1
1
0
0
0
0
0
0
0
1
0
0
-1
0
0
0
-1
-1
0
0
1
0
-1
0
0
0
0
0
0
-1
-1
0
0
-1
1
0
1
0
0
0
0
0
0
1
0
0
0
-1
0
0
0
0
0
1
-1
0
0
0
0
0
0
0
0
0
1
0
0
0
0
0
0
-1
0
0
-1
0
0
-1
0
0
0
0
0
0
0
0
1
0
0
-1
1
0
0
-1
-1
0
0
0
1
-1
0
0
0
-1
1
0
0
0
1
-1
0
0
0
0
0
0
0
0
0
0
0
-1
0
0
0
0
0
0
0
0
0
0
1
-1
0
0
-1
1
0
0
0
0
0
0
0
0
0
0
0
0
0
0
-1
0
0
0
0
0
0
0
-1
0
0
0
-1
0
0
-1
-1
0
0
0
0
0
1
1
-1
0
-1
0
0
0
0
0
0
0
0
1
0
0
0
0
-1
1
0
0
1
0
0
0
0
0
1
1
0
0
0
0
0
-1
0
-1
1
0
1
0
0
1
0
0
1
0
0
0
1
-1
-1
1
0
0
0
-1
0
0
1
0
0
0
0
0
0
-1
0
0
0
-1
0
0
1
1
-1
0
0
0
0
0
0
0
0
0
-1
1
0
0
1
0
0
0
0
1
-1
0
0
0
0
-1
1
0
0
-1
0
0
0
0
0
-1
0
-1
1
0
0
1
0
0
0
0
0
0
0
0
-1
0
0
0
1
0
1
0
0
0
0
-1
0
0
1
1
0
0
0
-1
-1
0
0
0
-1
0
0
1
0
1
0
0
1
0
0
1
0
0
0
0
0
0
0
0
0
0
0
-1
1
0
0
0
0
0
0
0
0
0
0
-1
0
-1
0
0
0
0
0
-1
0
0
0
2
1
0
0
-1
-1
-1
0
1
1
0
2
1
-2
-2
-1
-1
0
1
1
1
1
0
0
0
1
1
0
1
1
1
1
1
1
1
1
0
1
1
1
1
0
1
-1
0
-1
-1
-1
0
0
1
1
0
0
0
0
1
0
0
0
0
0
0
1
0
0
0
0
0
1
0
0
0
1
1
0
0
0
0
0
0
0
0
1
1
1
0
0
-1
0
0
0
-1
-1
0
0
0
0
0
0
0
0
0
0
0
0
0
0
0
0
0
0
0
0
0
1
1
1
0
-1
0
0
0
0
0
0
1
-1
-1
0
0
0
0
0
1
0
-1
0
0
0
0
0
0
0
0
-1
0
0
0
0
1
0
0
0
0
0
-1
1
1
0
0
0
0
1
0
0
0
0
0
0
0
0
0
0
0
0
1
0
0
0
0
0
0
1
0
0
0
0
0
0
0
0
0
0
1
0
-1
0
0
0
0
-1
0
0
0
0
0
0
-1
0
0
-1
0
0
0
-1
1
0
0
0
0
0
0
0
0
0
0
0
0
0
-1
0
-1
0
0
0
0
0
0
0
0
0
1
0
0
0
0
0
0
0
0
0
-1
-1
1
0
0
1
1
0
-1
-1
0
1
0
3
3
3
1
0
-1
-1
0
0
1
1
-1
-3
-3
-3
-2
-2
-1
0
2
1
0
1
1
2
2
2
2
1
1
1
1
1
0
0
0
-1
0
-1
-2
-1
0
-1
-1
-1
-1
0
1
1
0
1
1
2
2
2
2
2
1
1
1
0
0
0
-1
0
-1
-1
-2
-2
-2
-1
0
1
3
1
0
0
-1
0
1
1
2
3
1
2
-1
0
0
1
0
0
-1
-2
-1
-2
0
0
1
1
1
0
-1
0
0
1
2
2
2
0
1
-1
0
0
0
0
0
-1
-2
-1
-1
-1
-1
-1
-1
-1
-1
0
0
0
0
0
0
0
0
0
1
1
0
-1
0
0
0
0
0
0
0
0
0
0
0
0
0
0
0
0
1
0
0
0
0
0
1
0
0
0
0
0
0
0
-1
-1
0
0
0
0
0
-1
-1
0
0
0
-1
1
0
0
-1
0
0
0
0
0
0
0
0
0
0
0
0
0
0
0
0
1
0
0
-1
0
0
0
0
0
0
1
0
0
-1
-1
0
0
0
0
-1
0
0
0
0
0
1
0
0
1
0
1
0
0
0
0
0
0
-1
0
0
0
0
0
0
1
0
0
0
0
0
0
-1
-1
0
-1
0
0
0
0
0
0
0
0
0
0
0
0
0
0
-1
0
0
0
0
1
0
0
0
0
0
0
0
0
0
0
-1
1
-1
0
0
0
0
0
0
0
0
1
0
1
0
0
0
1
-1
0
0
0
0
0
0
0
0
0
0
-1
0
0
0
0
1
1
0
1
0
0
0
0
0
0
0
0
0
0
-1
-1
-1
-1
0
0
0
0
0
-1
0
0
0
0
0
-1
0
-1
0
1
0
0
1
0
0
-1
0
-1
0
0
0
-1
0
1
-1
0
0
0
0
-1
0
1
0
-1
1
1
0
1
-1
0
0
1
0
0
-1
1
0
0
1
0
0
0
0
1
0
0
0
0
1
0
-1
0
-1
0
1
0
1
-1
0
1
0
0
0
0
0
-1
0
0
0
0
0
0
0
0
0
0
-1
0
1
0
1
0
-1
0
0
1
0
0
0
0
0
0
-1
0
-1
0
0
0
0
0
0
0
1
0
1
0
0
0
0
0
-1
0
0
0
0
0
-1
0
0
0
0
0
0
1
0
0
0
0
1
0
0
0
0
0
0
0
0
0
-1
0
1
0
0
0
0
0
0
0
0
0
0
0
0
0
0
0
-1
1
0
0
0
-1
0
0
0
1
0
0
0
-1
0
0
0
0
1
1
0
1
0
0
-1
0
-1
0
0
0
0
0
0
0
0
0
0
0
0
0
1
0
0
0
0
0
0
0
0
0
0
0
0
0
0
0
0
0
0
1
0
0
0
1
0
0
0
0
0
0
0
0
1
1
0
0
1
0
0
0
0
0
1
0
0
-1
1
0
-1
-1
0
0
0
0
0
1
0
1
0
0
0
1
0
-1
0
-1
0
0
-1
0
0
0
-1
0
0
0
0
0
0
0
0
1
-1
0
0
0
0
-1
0
0
0
0
0
1
0
0
0
0
0
0
0
0
1
1
0
0
0
0
0
0
0
0
0
1
0
-1
0
0
0
0
0
0
0
0
0
0
1
0
1
1
1
0
0
0
0
0
0
0
0
0
0
0
0
-1
0
0
0
-1
0
-1
0
0
0
0
0
0
0
-1
1
0
1
0
0
0
0
1
1
0
-1
0
1
-1
0
0
0
0
0
0
0
0
0
0
0
0
0
1
-1
0
0
0
0
0
0
0
-1
0
-1
0
0
0
0
0
-1
0
1
0
0
0
1
0
0
0
0
0
0
0
0
0
0
0
0
0
0
1
0
1
0
-1
-1
-1
0
0
0
0
0
0
0
-1
0
0
1
-1
0
1
0
0
0
0
0
0
0
-1
0
0
0
0
0
0
0
0
0
0
0
0
0
0
0
0
0
0
0
0
0
0
1
0
1
0
0
0
1
0
0
-1
1
0
-1
0
0
-1
0
0
0
0
-1
0
0
0
0
1
0
0
0
1
0
0
1
-1
0
0
0
0
0
0
-1
0
1
0
0
0
1
-1
0
0
0
-1
0
0
0
-1
0
1
0
-1
0
0
-1
-1
0
0
0
0
-1
-1
-1
0
0
0
0
0
0
0
0
0
1
0
-1
0
1
0
1
0
0
0
-1
0
0
0
0
0
0
-1
1
0
0
0
0
1
0
0
0
-1
0
1
0
0
0
0
0
0
0
0
0
0
-1
1
-1
0
1
0
0
0
0
0
0
0
0
0
0
0
0
0
0
0
1
0
0
0
0
-1
1
0
0
0
0
0
0
0
0
0
0
0
0
-1
0
0
0
-1
0
0
1
1
0
0
0
0
-1
0
1
0
-1
0
0
0
0
-1
0
0
0
0
0
-1
-1
0
0
0
0
1
0
0
0
0
-1
0
0
0
0
0
0
0
0
1
0
-1
0
0
-1
0
0
0
0
0
0
0
0
0
0
0
1
0
0
0
0
-1
-1
0
-1
0
0
0
-1
0
0
0
0
1
1
-1
0
0
-1
-1
0
0
-1
0
0
-1
0
0
-1
1
-1
0
0
-1
0
0
0
0
0
0
0
1
0
0
-1
1
1
0
0
0
0
0
0
0
0
0
1
0
0
0
0
0
0
-1
0
0
-1
0
0
1
0
0
1
0
0
0
1
0
0
0
0
0
0
1
-1
0
0
0
1
0
-1
0
0
0
0
0
-1
0
0
0
0
1
0
0
1
0
0
0
1
0
0
0
0
0
1
0
0
0
0
0
0
0
1
0
0
0
0
-1
0
0
-1
-1
0
-1
0
0
0
1
1
0
0
0
-1
1
0
0
0
0
1
0
1
0
0
1
1
0
0
0
0
0
-1
0
0
0
-1
0
0
1
0
0
0
0
1
0
1
0
0
0
0
-1
0
0
0
0
0
-1
0
0
0
1
1
0
0
-1
0
0
1
0
0
-1
1
0
0
0
0
-1
0
0
0
0
0
0
0
0
0
0
0
1
0
0
0
-1
0
1
0
0
1
-1
0
-1
-1
0
0
0
0
0
0
0
0
-1
0
-1
1
0
1
1
0
0
0
0
0
0
0
0
0
0
0
0
0
0
1
0
-1
0
0
0
0
0
0
-1
0
0
-1
0
0
0
0
0
0
0
1
1
0
0
0
0
0
0
0
-1
0
0
0
0
0
0
-1
-1
0
0
0
0
0
1
0
1
-1
0
0
-1
0
0
0
1
0
0
0
0
0
0
0
1
0
1
0
0
0
-1
-1
0
0
0
0
1
0
-1
0
0
0
0
1
0
-1
0
0
0
0
0
1
0
0
0
0
0
0
0
0
0
0
1
0
0
0
0
0
0
0
0
0
0
0
0
0
-1
-1
0
0
0
0
0
0
-1
0
0
-1
0
0
0
0
0
0
0
0
0
0
0
0
0
0
0
0
0
-1
0
0
1
0
0
-1
1
0
0
0
0
0
0
0
0
0
0
-1
1
0
0
-1
0
0
0
1
0
-1
0
0
0
0
0
0
0
1
-1
0
-1
0
-1
-1
0
0
0
1
0
0
0
0
0
1
0
-1
-1
0
0
0
0
0
0
0
-1
0
-1
0
1
0
0
0
0
1
0
0
0
0
0
-1
-1
0
0
0
0
-1
0
1
0
1
0
0
0
0
-1
0
0
0
-1
0
0
0
0
0
0
0
0
-1
0
0
0
1
0
1
0
-1
0
1
0
0
-1
0
0
0
0
0
0
1
0
1
0
0
0
0
0
1
0
1
0
0
0
1
0
0
0
0
0
-1
0
0
0
0
0
0
0
0
0
-1
0
0
0
0
0
0
0
0
0
0
1
0
1
0
0
1
0
0
1
0
0
1
0
0
1
0
0
0
0
0
0
0
0
0
0
0
1
0
0
-1
0
0
-1
0
-1
0
0
1
1
0
0
0
-1
0
0
0
0
0
0
1
0
0
-1
0
0
0
0
-1
0
1
0
0
0
0
0
-1
0
0
0
0
0
0
0
1
0
0
0
0
0
-1
0
0
0
0
0
1
0
0
0
0
0
0
0
1
0
-1
0
-1
1
0
0
0
0
-1
0
-1
0
0
0
0
-1
1
0
0
0
1
0
-1
0
1
1
0
-1
0
0
0
0
0
0
0
0
-1
0
0
0
0
1
-1
0
0
-1
0
0
0
0
0
1
1
0
0
0
-1
-1
0
0
0
1
0
0
0
0
0
0
1
0
0
-1
0
0
1
0
0
0
0
0
1
0
0
-1
0
0
0
0
0
0
0
0
1
0
0
0
0
0
0
0
0
1
0
0
0
0
0
0
-1
0
0
0
0
1
0
0
1
0
0
0
1
-1
0
-1
0
0
0
1
0
0
0
0
0
0
1
0
0
0
0
0
0
0
0
0
-1
0
0
0
1
0
0
0
1
0
0
0
0
0
0
0
0
0
0
1
0
1
0
-1
0
0
-1
0
0
0
-1
0
0
0
-1
0
-1
1
-1
1
0
0
0
0
0
1
0
1
0
0
0
0
0
0
0
0
0
0
0
1
0
0
-1
0
0
0
0
0
0
0
0
0
0
-1
0
0
1
0
0
-1
0
0
0
0
0
0
0
0
-1
0
1
0
0
0
0
1
0
0
0
0
0
-1
0
0
-1
0
0
0
0
0
0
0
0
0
0
0
1
1
1
1
0
0
-1
1
0
0
0
0
0
0
0
0
0
0
0
0
1
0
0
1
0
1
0
0
1
0
0
0
0
1
0
0
-1
0
0
1
1
0
0
-1
0
-1
-1
0
0
0
1
1
0
-1
0
1
0
0
0
0
1
0
1
-1
0
1
0
0
0
-1
0
0
0
1
0
-1
0
-1
-1
0
0
1
0
0
0
1
1
0
0
1
1
-1
0
-1
0
0
0
1
0
0
0
0
-1
0
0
-1
0
0
-1
-1
1
0
0
0
0
-1
0
1
0
0
0
-1
1
0
1
0
1
-1
0
0
0
-1
0
0
0
0
0
0
0
0
0
0
0
0
0
0
0
0
0
1
0
0
0
0
1
0
0
0
0
0
0
0
0
0
0
0
0
0
0
0
0
0
0
0
0
1
0
0
0
0
-1
0
0
1
0
0
0
0
0
-1
0
0
0
0
0
0
-1
0
0
-1
0
0
0
-1
0
0
0
0
-1
0
0
0
0
0
0
0
0
0
0
0
0
0
0
0
-1
0
0
0
-1
0
-1
0
-1
0
0
0
0
1
0
0
0
0
-1
1
0
0
0
0
0
1
0
0
0
0
0
0
1
0
0
0
0
-1
0
-1
0
0
0
0
0
0
0
0
0
0
0
0
0
0
0
0
0
1
0
1
1
0
1
0
0
0
0
0
1
0
1
0
0
0
1
0
0
-1
0
0
1
0
-1
0
0
0
0
-1
-1
1
0
0
1
0
0
1
0
0
0
-1
1
0
0
0
0
0
0
-1
0
0
0
0
0
0
0
0
0
0
0
0
0
0
0
0
0
0
0
0
-1
0
-1
0
-1
0
0
0
0
0
-1
0
-1
1
0
0
0
0
0
-1
0
-1
0
-1
0
0
0
0
-1
0
-1
0
1
0
0
0
0
0
0
1
0
0
0
0
0
0
-1
0
0
0
0
0
0
0
0
1
0
1
1
0
0
0
0
0
0
0
0
0
0
1
0
1
0
0
0
0
0
0
0
1
0
0
0
1
0
1
1
0
0
0
0
-1
0
0
1
0
0
0
0
0
0
0
0
0
0
0
0
0
-1
0
0
0
0
0
0
0
0
0
-1
0
1
0
0
0
0
0
0
0
-1
1
0
0
0
1
0
1
0
0
0
0
0
0
0
-1
0
1
0
0
0
1
0
0
0
0
-1
1
1
0
0
1
0
0
0
0
0
0
0
0
-1
0
0
0
0
1
0
0
0
0
0
0
-1
-1
1
0
0
1
0
0
-1
0
-1
1
0
1
0
0
0
0
1
-1
0
0
0
0
0
0
0
0
0
0
0
0
0
0
-1
0
0
0
0
1
0
0
0
0
0
0
0
0
-1
0
0
0
-1
0
0
1
0
-1
0
0
0
0
1
1
1
0
0
-1
0
0
-1
0
0
0
0
-1
0
0
0
0
0
0
1
0
0
0
0
0
1
0
0
0
0
0
0
0
-1
1
-1
0
-1
0
0
0
0
-1
0
0
0
0
0
0
0
0
0
1
0
0
0
0
0
0
0
0
0
0
0
0
0
0
-1
0
0
0
1
0
0
0
0
-1
0
-1
0
1
0
0
1
0
0
0
0
0
0
0
0
0
0
1
-1
0
-1
0
0
-1
0
0
0
0
-1
0
0
0
0
0
1
0
0
0
0
0
0
0
-1
0
0
0
0
0
0
-1
0
0
0
0
0
0
-1
0
-1
0
0
0
0
1
0
0
0
0
0
0
0
0
0
0
0
0
1
0
0
0
0
1
0
-1
0
1
0
0
0
0
0
0
0
-1
-1
0
0
0
1
0
-1
0
0
-1
0
0
0
-1
0
0
1
0
0
0
0
0
0
1
0
0
0
0
1
0
0
0
1
1
0
0
0
0
0
0
1
0
1
0
0
0
1
0
0
0
-1
1
1
0
-1
0
0
0
0
0
0
0
0
0
0
0
1
0
1
0
0
0
0
0
-1
0
1
0
0
-1
0
-1
0
0
-1
0
0
0
0
0
0
0
0
0
0
0
0
0
0
0
0
0
0
0
0
0
0
0
0
0
0
0
0
0
0
0
0
0
-1
0
0
0
0
0
0
0
-1
0
0
0
0
0
0
0
0
0
0
0
0
0
0
0
0
0
0
0
0
0
0
1
-1
0
0
0
0
0
0
0
1
0
0
0
0
0
-1
0
0
0
0
0
0
0
0
0
0
-1
-1
-1
-1
0
-1
0
0
0
0
0
0
-1
-1
0
-1
0
0
0
-1
0
0
0
0
0
0
0
1
0
0
0
0
0
0
0
0
0
0
1
1
0
0
0
0
0
0
0
0
0
0
0
1
0
0
0
0
0
1
1
0
0
0
0
0
-1
0
0
0
0
0
0
1
0
0
1
0
0
0
1
0
0
1
0
1
1
0
0
0
0
0
0
0
0
0
0
1
0
1
1
-1
0
0
0
0
0
0
0
0
0
0
0
1
0
0
1
0
0
0
1
0
0
0
-1
0
0
0
0
0
0
0
0
0
0
1
0
0
0
-1
-1
0
0
0
0
0
0
0
0
0
0
-1
0
1
0
0
0
0
0
0
0
-1
0
1
0
0
0
0
-1
0
-1
-1
0
0
0
0
1
0
0
0
0
0
0
0
0
1
1
0
1
-1
0
0
0
0
0
0
0
0
0
0
0
0
0
0
0
0
0
0
0
0
0
0
0
0
0
0
0
0
-1
1
0
1
0
0
1
0
0
0
0
0
1
-1
0
0
0
0
0
1
0
0
-1
0
0
0
0
1
0
0
1
-1
-1
0
0
0
0
0
0
0
0
0
0
0
-1
0
0
0
1
0
0
0
0
1
0
-1
-1
0
0
0
-1
0
0
0
0
0
-1
0
0
0
0
-1
0
0
0
0
0
0
0
0
0
0
0
0
0
0
-1
0
0
0
0
0
0
0
0
0
1
0
-1
0
0
0
0
0
0
0
0
0
0
0
0
0
0
0
0
0
0
0
-1
0
0
0
0
0
0
0
0
0
0
0
0
0
1
0
0
0
0
0
0
0
1
0
0
0
1
1
0
0
0
-1
1
1
0
0
0
0
0
0
0
1
0
0
0
1
0
0
0
0
0
-1
0
0
0
0
0
0
0
0
0
0
-1
-1
-1
0
0
0
0
-1
0
0
0
0
0
0
0
0
0
1
0
1
0
0
0
0
0
0
1
-1
0
1
-1
0
0
0
0
0
0
0
-1
0
0
0
-1
0
-1
0
0
0
0
0
-1
0
0
0
0
0
0
-1
0
0
0
0
0
0
0
0
-1
-1
0
0
0
0
0
1
0
0
0
0
0
-1
0
0
0
0
0
0
0
0
0
1
0
1
0
0
1
-1
1
0
0
0
-1
-1
0
0
0
-1
0
-1
0
0
0
-1
0
0
0
0
1
0
0
0
0
0
0
1
0
1
0
0
0
0
0
0
1
0
0
0
1
1
0
0
0
0
0
0
0
0
-1
1
0
0
0
0
0
0
0
1
0
0
-1
0
0
0
-1
-1
0
0
1
0
-1
0
0
0
0
0
0
-1
-1
0
0
-1
1
0
1
0
0
0
0
0
0
1
0
0
0
-1
0
0
0
0
0
1
-1
0
0
0
0
0
0
0
0
0
1
0
0
0
0
0
0
-1
0
0
-1
0
0
-1
0
0
0
0
0
0
0
0
1
0
0
-1
1
0
0
-1
-1
0
0
0
1
-1
0
0
0
-1
1
0
0
0
1
-1
0
0
0
0
0
0
0
0
0
0
0
-1
0
0
0
0
0
0
0
0
0
0
1
-1
0
0
-1
1
0
0
0
0
0
0
0
0
0
0
0
0
0
0
-1
0
0
0
0
0
0
0
-1
0
0
0
-1
0
0
-1
-1
0
0
0
0
0
1
1
-1
0
-1
0
0
0
0
0
0
0
0
1
0
0
0
0
-1
1
0
0
1
0
0
0
0
0
1
1
0
0
0
0
0
-1
0
-1
1
0
1
0
0
1
0
0
1
0
0
0
1
-1
-1
1
0
0
0
-1
0
0
1
0
0
0
0
0
0
-1
0
0
0
-1
0
0
1
1
-1
0
0
0
0
0
0
0
0
0
-1
1
0
0
1
0
0
0
0
1
-1
0
0
0
0
-1
1
0
0
-1
0
0
0
0
0
-1
0
-1
1
0
0
1
0
0
0
0
0
0
0
0
-1
0
0
0
1
0
1
0
0
0
0
-1
0
0
1
1
0
0
0
-1
-1
0
0
0
-1
0
0
1
0
1
0
0
1
0
0
1
0
0
0
0
0
0
0
0
0
0
0
-1
1
0
0
0
0
0
0
0
0
0
0
-1
0
-1
0
0
0
0
0
-1
0
0
0
1
0
0
0
0
0
0
0
0
0
-1
1
1
-1
0
0
0
0
0
0
0
0
0
0
0
0
0
-1
0
0
0
0
0
0
0
0
-1
0
0
0
0
-1
0
-1
0
0
0
0
0
-1
0
0
-1
0
0
0
1
0
0
0
0
0
0
1
0
0
0
0
0
1
0
0
0
1
1
0
0
0
0
0
0
0
0
1
1
1
0
0
-1
0
0
0
-1
-1
0
0
0
0
0
0
0
0
0
0
0
0
0
0
0
0
0
0
0
0
0
1
1
1
0
-1
0
0
0
0
0
0
1
-1
-1
0
0
0
0
0
1
0
-1
0
0
0
0
0
0
0
0
-1
0
0
0
0
1
0
0
0
0
0
-1
1
1
0
0
0
0
1
0
0
0
0
0
0
0
0
0
0
0
0
1
0
0
0
0
0
0
1
0
0
0
0
0
0
0
0
0
0
1
0
-1
0
0
0
0
-1
0
0
0
0
0
0
-1
0
0
-1
0
0
0
-1
1
0
0
0
0
0
0
0
0
0
0
0
0
0
-1
0
-1
0
0
0
0
0
0
0
0
0
1
0
0
0
0
0
0
0
0
0
0
0
1
0
0
0
0
0
0
0
0
0
-1
0
0
1
0
0
0
0
0
0
0
1
0
0
0
0
0
0
-1
0
1
0
0
0
0
0
0
0
0
-1
0
0
0
0
0
0
0
0
1
0
-1
0
1
0
0
-1
0
0
0
0
-1
0
0
0
0
1
0
0
0
0
0
0
0
0
-1
0
0
0
0
0
0
0
0
0
1
0
0
0
0
0
1
0
0
1
0
1
-1
0
0
0
0
0
0
0
0
-1
0
-1
-1
0
0
0
0
0
0
0
0
0
0
-1
0
-1
0
0
0
0
0
0
-1
0
0
0
0
0
0
0
0
0
0
0
0
0
0
0
0
0
1
1
0
-1
0
0
0
0
0
0
0
0
0
0
0
0
0
0
0
0
1
0
0
0
0
0
1
0
0
0
0
0
0
0
-1
-1
0
0
0
0
0
-1
-1
0
0
0
-1
1
0
0
-1
0
0
0
0
0
0
0
0
0
0
0
0
0
0
0
0
1
0
0
-1
0
0
0
0
0
0
1
0
0
-1
-1
0
0
0
0
-1
0
0
0
0
0
1
0
0
1
0
1
0
0
0
0
0
0
-1
0
0
0
0
0
0
1
0
0
0
0
0
0
-1
-1
0
-1
0
0
0
0
0
0
0
0
0
0
0
0
0
0
-1
0
0
0
0
1
0
0
0
0
0
0
0
0
0
0
-1
1
-1
0
0
0
0
0
0
0
0
1
0
1
0
0
0
1
-1
0
0
0
0
0
0
0
0
0
0
-1
0
0
0
0
1
1
0
1
0
0
0
0
0
0
0
0
0
0
-1
-1
-1
-1
0
0
0
0
0
-1
0
0
0
0
0
-1
0
-1
0
1
0
0
1
0
0
-1
0
-1
0
0
0
-1
0
1
-1
0
0
0
0
-1
0
1
0
-1
1
1
0
1
-1
0
0
1
0
0
-1
1
0
0
1
0
0
0
0
1
0
0
0
0
1
0
-1
0
-1
0
1
0
1
-1
0
1
0
0
0
0
0
-1
0
0
0
0
0
0
0
0
0
0
-1
0
1
0
1
0
-1
0
0
1
0
0
0
0
0
0
-1
0
-1
0
0
0
0
0
0
0
1
0
1
0
0
0
0
0
-1
0
0
0
0
0
-1
0
0
0
0
0
0
1
0
0
0
0
1
0
0
0
0
0
0
0
0
0
-1
0
1
0
0
0
0
0
0
0
0
0
0
0
0
0
0
0
-1
1
0
0
0
-1
0
0
0
1
0
0
0
-1
0
0
0
0
1
1
0
1
0
0
-1
0
-1
0
0
0
0
0
0
0
0
0
0
0
0
0
1
0
0
0
0
0
0
0
0
0
0
0
0
0
0
0
0
0
0
1
0
0
0
1
0
0
0
0
0
0
0
0
1
1
0
0
1
0
0
0
0
0
1
0
0
-1
1
0
-1
-1
0
0
0
0
0
1
0
1
0
0
0
1
0
-1
0
-1
0
0
-1
0
0
0
-1
0
0
0
0
0
0
0
0
1
-1
0
0
0
0
-1
0
0
0
0
0
1
0
0
0
0
0
0
0
0
1
1
0
0
0
0
0
0
0
0
0
1
0
-1
0
0
0
0
0
0
0
0
0
0
1
0
1
1
1
0
0
0
0
0
0
0
0
0
0
0
0
-1
0
0
0
-1
0
-1
0
0
0
0
0
0
0
-1
1
0
1
0
0
0
0
1
1
0
-1
0
1
-1
0
0
0
0
0
0
0
0
0
0
0
0
0
1
-1
0
0
0
0
0
0
0
-1
0
-1
0
0
0
0
0
-1
0
1
0
0
0
1
0
0
0
0
0
0
0
0
0
0
0
0
0
0
1
0
1
0
-1
-1
-1
0
0
0
0
0
0
0
-1
0
0
1
-1
0
1
0
0
-1
-1
-1
-1
-1
-2
-1
-1
-1
-1
-1
-1
0
0
0
0
0
1
1
1
2
2
2
3
2
3
3
4
5
2
2
1
1
1
2
1
1
-1
0
-1
-3
-5
-6
-5
-3
-4
-7
-5
-3
-1
-4
-3
1
4
2
1
3
6
5
5
6
5
6
7
7
5
4
5
5
3
1
1
2
0
-4
-7
-3
-2
-4
-9
-10
-11
-11
-12
-10
-7
-8
-8
-6
-4
-3
-1
3
5
6
7
8
9
10
12
14
14
14
14
14
12
10
8
6
3
-1
-2
-2
-6
-8
-10
-11
-16
-22
-21
-19
-21
-22
-16
-10
-12
-10
-6
-1
0
2
8
12
14
15
15
19
24
23
21
21
21
20
16
15
14
9
4
-1
0
-4
-7
-12
-16
-15
-18
-25
-28
-24
-24
-28
-26
-18
-15
-14
-10
-3
1
2
4
11
15
16
16
22
24
22
20
22
22
20
17
15
14
11
6
3
1
-1
-7
-12
-15
-15
-18
-20
-22
-22
-23
-23
-20
-16
-15
-14
-11
-6
-1
0
5
12
12
10
11
19
24
23
18
18
19
18
18
16
13
6
4
5
2
-3
-4
-4
-7
-11
-12
-12
-18
-24
-21
-15
-17
-22
-21
-15
-9
-8
-6
1
6
7
8
11
13
14
16
20
18
13
13
16
15
8
5
8
15
13
2
-7
-5
1
-1
-8
-12
-12
-15
-17
-20
-17
-13
-11
-12
-12
-7
-5
-4
-2
2
3
6
7
12
14
11
8
10
12
12
10
11
12
10
4
3
3
2
-3
-3
1
-1
-10
-12
-7
-4
-9
-13
-12
-11
-11
-9
-4
-1
0
0
4
3
-2
0
7
13
9
5
6
10
11
6
3
1
5
10
7
1
0
-2
-8
-2
5
-2
-8
-7
-6
-7
-1
1
-9
-17
-12
-1
-1
-5
-1
8
-9
-30
2
70
90
47
12
0
-17
-31
-18
1
-7
-31
-32
-9
3
-1
-3
6
8
1
3
11
11
1
-5
-13
-18
-8
9
6
-5
-4
1
1
3
6
2
-2
3
12
13
6
-7
-3
19
19
0
-5
9
9
-4
-12
-7
1
0
-9
-10
6
14
4
-8
-9
-4
3
2
-1
1
-4
-18
-19
6
23
17
-2
-14
-16
-10
1
11
13
5
-10
-15
-2
16
21
14
7
-1
-9
-2
8
5
-12
-21
-16
3
13
7
-3
1
8
5
1
2
4
4
-3
-8
-1
8
-2
-10
1
10
5
-4
-9
-1
9
4
-5
1
5
-7
-17
-4
7
-2
-8
2
11
7
-3
-2
5
8
-5
-11
-3
6
0
-5
2
5
-3
-4
1
1
0
6
12
13
11
11
17
13
-13
-29
-3
21
5
-21
-27
-19
-10
0
3
2
4
3
5
8
2
-9
-3
8
6
-1
1
3
4
10
7
-6
-4
17
24
7
-9
-21
-31
-19
9
17
9
12
11
-10
-17
-3
8
-1
-9
-13
-10
-4
-1
2
9
12
5
-1
5
10
-6
-16
-3
4
-3
-10
2
32
34
-4
-19
0
4
2
8
-10
-20
2
7
-3
-1
-8
-17
6
35
41
21
-15
-44
-49
-33
2
27
23
7
3
4
-10
-26
-17
7
14
11
16
26
19
0
-7
-1
-2
-13
-11
0
-15
-58
-81
-57
-17
1
-2
-12
-19
-16
-2
7
-1
-14
-21
-10
12
32
43
43
35
7
-29
-24
4
-3
-24
-26
-45
-88
-108
-42
113
236
246
184
88
12
-15
-49
-128
-208
-223
-147
-62
-55
-55
11
62
26
-40
-44
-29
-80
-116
-17
122
141
87
83
141
167
95
22
27
41
16
-65
-169
-120
94
217
192
121
1
-109
-99
-35
-61
-169
-226
-184
-111
-97
-52
137
251
125
11
23
-5
-65
-61
-26
-29
-29
25
52
39
125
243
225
151
138
136
-10
-201
-215
-93
-19
-71
-25
130
146
55
-38
-153
-243
-144
11
1
-11
124
215
138
40
42
121
141
9
-62
50
75
-90
-185
-130
-126
-182
-46
192
198
66
-41
-155
-186
-136
-87
4
93
68
-92
-262
-209
-46
21
90
119
-34
-189
-217
-197
-67
77
129
226
280
196
-51
-311
-306
-144
-47
-35
-31
-3
-7
-58
-32
118
198
184
132
-49
-226
-344
-396
-261
-113
-94
-79
42
243
331
254
271
346
173
-60
-100
-12
147
257
334
492
471
227
159
259
279
197
70
42
80
-16
-9
220
288
274
437
442
212
110
99
38
70
135
21
-63
66
137
95
94
12
-132
-120
-10
43
-16
-157
-213
-124
11
92
13
-229
-490
-645
-656
-705
-1032
-1405
-1550
-1625
-1642
-1491
-1408
-1472
-1472
-1418
-1341
-1114
-749
-382
-112
60
265
486
612
823
1195
1401
1380
1330
1204
1036
959
924
928
925
822
784
820
685
429
257
186
186
160
74
52
134
308
526
668
795
907
806
646
608
565
595
795
940
1043
1254
1433
1506
1626
1811
1866
1668
1388
1210
1083
992
728
40
-648
-890
-974
-1333
-2129
-2982
-3283
-3137
-3091
-3279
-3387
-3161
-2937
-3236
-3765
-3823
-3543
-3717
-4369
-4683
-4523
-4569
-4626
-3446
-750
2034
3840
5455
7862
10319
11230
10236
8372
6388
4062
1211
-1614
-3735
-5164
-6172
-6452
-5676
-4307
-3276
-2895
-2370
-1299
-593
-928
-1759
-2025
-1184
197
1505
2945
4599
6100
7278
8105
8227
7090
4875
2559
725
-856
-2566
-4174
-4737
-3846
-2407
-1378
-538
526
1411
1914
2266
2305
2015
1736
1452
1291
1502
1820
1956
2149
2701
3244
2873
1469
73
-780
-1604
-2920
-4274
-4866
-4767
-4653
-4762
-4813
-4936
-5428
-6133
-6560
-6847
-7259
-7583
-7821
-7779
-7589
-5741
-926
4428
7969
10042
13410
17052
16945
14396
11115
7505
4241
227
-3834
-6956
-9225
-10409
-10389
-8742
-6621
-5419
-5062
-4524
-3026
-1762
-1934
-2889
-3043
-1776
345
2695
5100
7361
9104
10528
11843
12289
10764
7552
4299
1944
-165
-2799
-5357
-6669
-6529
-5641
-4599
-3544
-2470
-1424
-475
310
847
980
872
1172
2178
3291
3956
4290
4630
5118
5510
5023
3507
2068
1213
162
-1205
-1943
-1870
-1733
-1633
-1054
-247
-350
-1942
-3814
-4625
-5327
-6897
-8071
-8074
-7814
-7654
-6787
-5008
-3637
-3136
-2609
-2306
-2564
-2481
-965
2382
5538
6549
7851
11342
13988
13348
10622
7429
4215
612
-3586
-7598
-10586
-12328
-12795
-11690
-8887
-6066
-4787
-3534
-1146
991
1923
1751
1404
2137
3424
4346
5399
6970
8523
9385
9605
9460
8205
5204
1282
-2081
-3883
-4659
-5924
-7372
-6903
-4431
-2228
-1100
-153
681
1278
1947
2253
1964
1832
1968
2220
3350
5067
5620
4833
4239
4272
3984
2598
341
-1555
-2261
-2489
-2809
-2496
-1376
-473
-112
258
382
-504
-2176
-3658
-4438
-4604
-4422
-4144
-3584
-2217
-212
1437
1891
1014
-538
-1961
-3439
-5787
-8561
-10312
-11276
-12157
-10635
-4570
2776
6632
8150
11609
15619
15556
11682
6923
2481
-1321
-4753
-7500
-8425
-7985
-7083
-5263
-1987
1737
3259
1682
-323
-661
-398
-1331
-3066
-3240
-798
2741
5732
8018
9854
10613
9615
7491
5158
2240
-1864
-6000
-8031
-7656
-6652
-6016
-4722
-1923
1229
3107
3677
3866
3889
3378
2528
2175
2586
2944
2751
2866
3866
4569
3660
1560
-441
-1704
-2703
-4140
-5396
-5062
-3438
-2044
-792
1144
2918
3357
2882
2311
1628
516
-1035
-2245
-2148
-1098
-339
112
1057
1863
1506
551
-403
-1939
-4077
-5635
-6219
-6909
-7975
-8736
-9491
-10420
-11018
-11303
-11089
-8849
-2922
4447
8831
11512
15307
17632
16811
14186
10464
6471
2257
-2175
-5285
-6858
-7748
-8145
-7714
-5685
-3093
-2343
-3432
-4473
-4408
-3792
-3589
-3304
-1753
1094
4313
7329
10145
12184
12373
10674
8132
5347
1984
-1959
-5288
-6821
-6741
-5992
-5018
-3691
-2081
-678
182
614
796
761
608
691
1331
2385
3367
4031
4497
4655
4069
2614
728
-1068
-2544
-3688
-4438
-4484
-3592
-2079
-410
1257
2665
3254
2974
2406
1857
1116
164
-655
-1010
-744
5
704
951
991
1184
1202
492
-690
-1447
-1444
-1348
-1804
-2570
-2999
-3151
-3780
-5032
-6262
-7605
-9889
-12387
-13298
-12548
-10615
-6088
1410
8502
12406
14470
16363
16799
14178
9293
4226
186
-2987
-5576
-6960
-6599
-5333
-4327
-3503
-2366
-1708
-2843
-5263
-6734
-6082
-4380
-2687
-385
3394
7910
11522
13436
13848
12822
10101
6028
1707
-1985
-4992
-7388
-8605
-8017
-6206
-4607
-3846
-3424
-2954
-2651
-2685
-2770
-2249
-781
1350
3937
7043
9966
11455
11298
10154
8154
5044
1129
-2766
-5829
-7694
-8548
-8507
-7416
-5630
-3880
-2210
-306
1414
2345
2724
3111
3552
3851
3923
3659
3109
2601
2145
1464
700
228
-19
-173
43
612
942
637
-329
-1629
-2678
-3506
-4825
-6636
-7879
-8009
-7701
-7155
-6100
-5394
-5760
-6686
-7424
-7582
-6638
-2858
3947
9759
12438
14501
16609
16614
13785
9232
4216
-817
-5370
-8464
-9764
-9467
-8312
-7227
-5733
-3256
-1263
-1340
-2746
-3432
-2561
-827
1210
3783
6942
9882
11800
12714
12510
10381
6137
1094
-3046
-5766
-7680
-9108
-9445
-8201
-5988
-3944
-2618
-1962
-1885
-2118
-1869
-519
1431
2962
4066
5694
7954
9453
8925
6762
4294
2177
104
-2199
-4341
-5806
-6566
-6774
-6329
-5310
-4243
-3450
-2512
-862
1282
2936
3627
4124
5120
6115
6499
6429
5905
4713
3346
2350
1404
246
-758
-1449
-1833
-1698
-1342
-1661
-2812
-3862
-4159
-4180
-4432
-4361
-3343
-2236
-2216
-2640
-2434
-2092
-2273
-2658
-2943
-3166
-3939
-5816
-7445
-7219
-5846
-3495
1380
7424
10890
11654
12321
12832
11380
7923
3627
-339
-2954
-4275
-4977
-4942
-4493
-4817
-5605
-5437
-4436
-3770
-3752
-3672
-2455
215
3384
6067
7982
8942
8835
7983
6712
4909
2500
-118
-2401
-3717
-3805
-3624
-4196
-5095
-5581
-5683
-5520
-5003
-4099
-2827
-1277
426
2432
4549
5646
5166
3981
2960
2251
1637
814
185
288
472
298
439
584
-531
-2674
-4395
-4734
-3599
-1805
-49
2273
5212
7243
7767
7438
6111
3475
519
-1521
-2271
-1772
-483
668
1600
2654
3082
2251
682
-1155
-2838
-3697
-3709
-3114
-1874
-342
912
1638
1630
813
-470
-1749
-2829
-3816
-4401
-4005
-3294
-3478
-4227
-4546
-5132
-7420
-10205
-10896
-9634
-7685
-3951
3160
11285
15180
14329
13050
12040
9202
5250
1883
-185
-826
-724
-477
-204
-380
-2264
-6205
-9724
-10713
-10415
-9939
-8176
-4545
-250
3261
5612
7008
7225
5861
3568
2143
2643
4172
5297
5662
5666
5247
3699
721
-2927
-6206
-8711
-10260
-10110
-7757
-4291
-1461
291
1630
2705
2963
2057
447
-622
-273
860
1766
2910
4962
6548
5909
3871
2460
1680
328
-1365
-2193
-1859
-943
-8
734
1279
1391
771
-5
68
902
1521
1482
1189
1272
1767
1867
1301
1038
1508
1833
1922
2758
4082
4315
2910
884
-780
-2054
-3264
-4321
-4995
-5378
-5429
-4933
-4362
-4276
-4132
-3504
-3281
-4087
-5126
-5306
-4162
-2224
-933
-1141
-2466
-4428
-6188
-6329
-4665
-1714
2920
8437
11954
12454
11759
10542
7977
4811
2421
709
-563
-1286
-1954
-2740
-3466
-5003
-7850
-10336
-10610
-8857
-6185
-3226
-362
2190
4436
6112
6893
6961
6668
6169
5796
5920
6289
6167
4910
2373
-617
-2971
-4623
-5950
-6817
-6986
-6409
-5283
-4253
-3852
-3831
-3698
-3499
-3050
-1566
789
2816
4153
5130
5677
5729
5637
5649
5591
5151
4098
2609
1568
1501
1687
1348
460
-749
-1823
-2349
-2496
-2449
-2127
-1941
-2198
-2023
-643
1046
1705
1414
1297
1992
3041
3654
3788
3694
2959
1481
233
-209
-424
-935
-1542
-1736
-1461
-1349
-1721
-2287
-3024
-3818
-4118
-3952
-3800
-3637
-3143
-2205
-1188
-653
-612
-710
-785
-1004
-1849
-3577
-5918
-8305
-9640
-8499
-4469
1283
7217
11874
13517
11577
7984
5045
3190
2080
1884
2405
2818
2647
1787
-15
-2727
-5660
-8043
-9191
-8400
-5771
-2643
-347
840
1263
1371
1574
2024
2879
4270
5534
5809
5374
4737
3448
1305
-996
-2971
-4270
-4282
-3224
-2268
-2017
-2317
-3022
-3827
-4155
-3677
-2531
-1202
-161
714
1794
2814
3230
3227
3312
3322
2884
2559
3368
5053
5819
4235
895
-2100
-3128
-2186
-281
1434
1941
880
-966
-2491
-3192
-3080
-2534
-1886
-664
1539
3665
4335
3578
2070
393
-452
289
2096
3957
5084
4771
3034
1018
-338
-1102
-1455
-1281
-783
-568
-1037
-2148
-3523
-4650
-5430
-6160
-6528
-5562
-3187
-916
-24
-92
-314
-742
-1451
-1795
-1173
95
892
-16
-2851
-5865
-6928
-5547
-2029
2890
7194
8831
7206
3557
795
809
2462
4026
4962
4817
3323
1069
-1187
-2994
-4247
-4924
-4790
-3864
-2634
-1733
-1776
-2807
-3997
-4157
-2521
434
3358
5256
5692
4614
2709
1094
430
801
1919
3014
3370
2970
1916
-64
-2956
-6052
-8186
-8304
-6260
-3012
106
2039
2245
1076
-327
-983
-493
1029
2823
4138
4925
5186
4618
3316
2290
2398
2889
2607
1689
699
-26
-379
-851
-1487
-1536
-1122
-1060
-1348
-1725
-2341
-2969
-3018
-2283
-886
818
2217
3066
3522
3521
3188
3145
3523
3932
4204
4077
3431
2465
977
-837
-2152
-2959
-3616
-3986
-4023
-3778
-3336
-3098
-3267
-3382
-3103
-2951
-3316
-3552
-3027
-1974
-896
206
1490
2347
1976
321
-2161
-4719
-6773
-7967
-7462
-4969
-1384
2482
5386
5516
3189
1018
784
2384
4974
7234
7691
6022
3109
290
-1130
-1043
-600
-448
-457
-748
-1491
-2503
-3493
-4016
-3611
-2470
-1013
694
1921
1649
257
-1232
-2100
-1698
4
2374
4557
5576
5129
3807
2542
1818
1295
967
1024
736
-294
-1619
-2895
-3576
-3375
-2823
-2223
-1627
-1561
-2322
-3381
-4095
-4130
-3352
-2109
-672
1447
4235
6435
6973
5654
3138
1209
1503
3620
5700
6087
4089
482
-2883
-4649
-4588
-3229
-1745
-1170
-1415
-1987
-2661
-2858
-2121
-822
949
3321
5674
7211
7318
5872
3807
1974
518
-265
-234
50
-115
-959
-2254
-3558
-4407
-4716
-4604
-3955
-3065
-2656
-2860
-3283
-3315
-2485
-1245
-314
358
954
1293
1201
390
-1277
-2878
-3378
-3289
-3381
-3171
-2322
-1349
-369
971
2337
2854
2586
2721
3937
5755
7229
7423
5930
3345
873
-449
-334
593
1176
548
-1205
-3290
-4896
-5508
-5105
-4230
-3502
-3032
-2516
-1822
-1190
-862
-752
-521
181
1478
3053
4158
4172
3287
2371
2103
2376
2554
2077
795
-1004
-2685
-3544
-3297
-2348
-1503
-1380
-1988
-2851
-3436
-3423
-2739
-1467
73
1218
1357
653
163
797
2249
3597
4415
4844
5222
5553
5483
4958
3969
2348
572
-583
-1028
-1098
-1108
-1276
-1576
-1781
-1729
-1279
-378
448
632
461
334
274
450
945
1482
1837
1957
1799
1329
750
432
307
78
-92
41
215
32
-542
-1334
-2381
-3614
-4383
-4160
-3429
-2966
-2724
-2367
-2137
-2320
-2755
-3269
-3618
-3265
-2232
-1606
-2266
-3596
-4083
-2899
-460
2254
4330
4987
4017
2454
2006
3377
5582
7090
7081
5673
3524
1483
239
-122
-146
-482
-1332
-2408
-3316
-3829
-4000
-4030
-4010
-3798
-3208
-2351
-1633
-1390
-1509
-1462
-895
-7
691
887
773
856
1541
2807
4154
4893
4524
3216
1724
749
706
1470
2223
2307
1556
-69
-2157
-3871
-4636
-4538
-3865
-2394
-640
-553
-2377
-3692
-2977
-831
1761
3852
4626
4158
3170
2561
3336
5459
7272
7359
5856
3489
1030
-592
-1141
-1112
-953
-1146
-1753
-2167
-2272
-2276
-2040
-1780
-1795
-1891
-1835
-1624
-1295
-729
267
1526
2584
2893
2178
959
133
-8
383
1132
1674
1253
73
-819
-1060
-1187
-1569
-2116
-2759
-3657
-4903
-5981
-6034
-4912
-3475
-2576
-2547
-3663
-5624
-6694
-5244
-2078
699
2423
3529
3803
3072
2518
3630
6322
8838
9405
7797
5158
2637
994
814
1909
2967
2675
885
-1531
-3586
-4736
-4957
-4566
-3955
-3431
-3236
-3415
-3761
-4031
-3964
-3340
-2176
-929
-127
259
515
951
1887
3000
3861
4468
4323
3281
2534
2712
3267
3730
3595
2412
736
-416
-890
-1166
-1458
-1791
-2500
-3709
-4327
-3155
-1379
-1286
-2371
-2329
-1020
52
346
239
192
706
1888
3361
4835
5613
4907
3545
2827
2817
3229
3481
2871
1781
898
293
-231
-735
-1048
-1312
-1645
-1826
-2136
-2572
-2581
-2361
-2074
-1497
-967
-868
-1120
-1289
-788
400
1767
2585
2330
1447
904
1063
1486
1360
259
-1273
-2201
-2266
-2232
-2675
-3352
-3944
-4446
-4764
-4805
-5019
-5868
-6635
-5965
-3829
-1670
-511
-102
193
783
1960
3816
5974
7637
7960
6855
5326
4488
4461
4596
4345
3522
2136
408
-1129
-1848
-1680
-1290
-1266
-1662
-2390
-3396
-4332
-4730
-4553
-4026
-3357
-2832
-2551
-2272
-1666
-687
316
1124
1656
1680
1470
1534
1878
2500
3103
2928
2110
1389
993
944
1123
1126
691
-260
-1391
-1551
-186
1072
519
-956
-1463
-719
288
525
-220
-953
-787
15
1044
1978
1987
838
-359
-496
532
1893
2494
2194
1828
1811
1912
2043
2241
2321
2072
1696
1592
1637
1367
819
451
432
346
-244
-1096
-1558
-1569
-1570
-1672
-1671
-1648
-1856
-2233
-2395
-2129
-1768
-1742
-1862
-1805
-1940
-2562
-3009
-2554
-1657
-1441
-2363
-3881
-5122
-5554
-5082
-3741
-1864
-604
-1026
-2135
-1655
532
2250
2632
3001
4152
5421
6063
5875
5220
4672
4199
3660
3550
3770
3172
1507
132
-54
198
-65
-817
-1655
-2258
-2519
-2698
-2845
-2898
-3430
-4613
-5276
-4577
-3250
-2294
-1786
-1433
-1091
-744
-431
-30
730
1732
2586
3176
3400
3112
2599
2155
1848
1940
2421
2677
2227
1247
289
-371
-711
-515
209
780
406
-862
-1890
-1683
-629
181
339
114
-206
-304
239
1313
2162
2240
1772
1391
1500
1919
2090
1767
1307
1073
951
849
1012
1433
1647
1496
1365
1394
1267
832
296
-177
-591
-1003
-1466
-1879
-2008
-1878
-1804
-1931
-2192
-2616
-3087
-3191
-2702
-2057
-2125
-3258
-4549
-4656
-3287
-1561
-859
-1385
-2442
-3562
-4263
-3804
-2140
-579
-533
-1390
-1221
196
1494
2315
3184
3876
3972
3804
3769
3960
4409
4740
4524
4168
4001
3375
2261
1754
2029
2081
1362
179
-895
-1553
-1973
-2463
-2920
-3028
-3042
-3450
-3915
-3900
-3613
-3411
-3280
-3029
-2571
-2151
-2038
-1997
-1458
-418
396
768
1195
1678
1838
1757
1687
1861
2361
2756
2777
2734
2556
2001
1633
2026
2621
2455
1680
1381
1761
1800
872
-402
-961
-527
177
380
65
-454
-1100
-1645
-1454
-488
300
319
61
96
482
1121
1757
2068
2131
2150
1982
1674
1673
1973
2106
1968
1778
1437
744
-77
-598
-708
-694
-947
-1591
-2351
-2902
-3099
-2796
-2076
-1671
-2215
-3347
-4338
-4846
-4662
-4011
-3813
-4434
-5148
-5426
-5231
-4354
-3125
-2674
-3059
-2790
-1192
566
1476
2028
3044
4406
5471
5964
6049
5954
5841
5817
5807
5515
4663
3447
2595
2558
2782
2318
1008
-468
-1564
-2295
-2820
-3109
-3161
-3235
-3518
-3763
-3643
-3316
-3088
-2893
-2640
-2532
-2605
-2679
-2690
-2477
-1912
-1334
-1076
-791
-68
745
1340
2015
2517
2330
1999
2233
2765
2982
3000
3444
4106
4417
4508
4121
2991
2191
2428
2790
2390
1165
-623
-2076
-2159
-1299
-647
-503
-963
-1855
-2235
-1814
-1080
-323
100
18
-147
-28
347
833
1512
2330
2686
2342
1852
1556
1328
1170
1059
745
202
-225
-260
68
443
386
-234
-1102
-1880
-2227
-1907
-1323
-1300
-2130
-3288
-4023
-4029
-3788
-4079
-4927
-5677
-6119
-6529
-6654
-5975
-5006
-4796
-4947
-3893
-1632
9
492
1438
3584
5525
6142
5970
5836
5897
6078
6447
7058
7478
6865
5216
3831
3545
3477
2556
1102
5
-601
-1128
-1697
-2093
-2237
-2421
-2922
-3490
-3656
-3592
-3802
-4136
-4160
-4064
-4118
-3973
-3335
-2452
-1630
-1110
-1065
-1205
-1050
-643
-230
399
1338
2033
2245
2583
3338
3916
3930
3966
4374
4250
3093
2092
2255
3024
3328
2707
1697
1142
903
512
388
699
585
-239
-922
-906
-569
-434
-528
-694
-847
-1008
-1257
-1348
-945
-424
-305
-399
-335
-77
343
846
1292
1627
1716
1410
1034
1112
1621
2086
2026
1190
-86
-1012
-1247
-1147
-1082
-1215
-1813
-2993
-4180
-4523
-3944
-3409
-3878
-5114
-6054
-6223
-5975
-5460
-4654
-4198
-4577
-4626
-2992
-774
-122
-538
277
2311
3477
3449
3784
4864
5697
5958
6068
6145
5913
5212
4520
4657
5377
5284
3951
2527
1758
1118
203
-601
-1024
-1409
-2074
-2808
-3211
-3304
-3496
-3946
-4281
-4156
-3801
-3673
-3693
-3446
-3014
-2746
-2467
-1882
-1362
-1262
-1160
-593
201
822
1259
1583
1664
1546
1770
2811
4017
4061
3007
2710
4109
5587
5296
3770
2786
2838
3093
2930
2371
1584
775
273
283
519
328
-507
-1350
-1578
-1455
-1560
-1839
-1907
-1777
-1728
-1777
-1715
-1365
-733
-42
435
620
549
323
314
774
1181
959
517
487
640
494
113
-246
-498
-646
-776
-1025
-1547
-2330
-2971
-3195
-3478
-4256
-5128
-5716
-6066
-5891
-5081
-4509
-4665
-4591
-3455
-1902
-988
-706
-160
1070
2317
2934
3213
3602
4017
4397
4847
5218
5284
5106
4805
4441
4118
3836
3459
3062
2788
2430
1699
769
5
-490
-727
-739
-867
-1441
-2236
-2864
-3215
-3247
-3082
-3179
-3654
-4023
-3937
-3538
-3048
-2592
-2271
-2186
-2231
-1883
-868
7
-26
-203
476
1473
1949
2330
3095
3644
3551
3503
4048
4580
4298
3436
2924
3137
3483
3373
3034
2882
2621
1945
1323
1129
912
292
-381
-717
-826
-1015
-1405
-1782
-1896
-1910
-2168
-2494
-2426
-1996
-1578
-1235
-897
-710
-629
-360
78
491
905
1161
960
574
503
647
703
598
134
-766
-1612
-1975
-2082
-2384
-3067
-4009
-4833
-5255
-5341
-5173
-4747
-4445
-4712
-4993
-4162
-2419
-1305
-1352
-1250
-28
1480
2145
2318
3015
4099
4552
4271
4120
4309
4264
4012
4144
4498
4268
3383
2679
2675
2897
2647
1912
1207
730
200
-460
-913
-1122
-1547
-2264
-2740
-2779
-2826
-3098
-3242
-3019
-2719
-2714
-2912
-2836
-2343
-1829
-1590
-1526
-1441
-1184
-750
-112
706
1173
905
696
1724
3553
4206
3199
2518
3247
4120
4150
3806
3596
3435
3172
2877
2713
2618
2150
1347
943
965
622
-159
-668
-578
-444
-986
-1920
-2334
-2050
-1670
-1602
-1676
-1672
-1701
-1671
-1217
-498
-237
-698
-1202
-942
-115
243
-256
-779
-716
-611
-881
-953
-615
-671
-1402
-1913
-1787
-1855
-2637
-3460
-3692
-3620
-3702
-3828
-3722
-3598
-3643
-3248
-1891
-597
-714
-1516
-1147
495
1908
2438
2618
2754
2760
2873
3383
4123
4656
4662
4193
3716
3501
3271
2925
2748
2521
1746
754
239
195
233
108
-313
-872
-1207
-1353
-1566
-1720
-1695
-1832
-2317
-2715
-2662
-2375
-2216
-2263
-2352
-2217
-1839
-1568
-1496
-1268
-885
-691
-476
161
941
1455
1845
2243
2497
2642
2866
3199
3545
3719
3609
3441
3460
3445
3087
2549
2121
1741
1293
934
743
477
18
-410
-630
-776
-1011
-1274
-1389
-1356
-1375
-1512
-1546
-1374
-1224
-1231
-1208
-1021
-794
-624
-451
-288
-287
-464
-600
-525
-363
-393
-755
-1233
-1480
-1487
-1581
-1858
-2106
-2370
-2918
-3500
-3502
-3009
-2772
-3012
-3195
-2936
-2222
-1136
-144
22
-534
-714
83
1238
1994
2281
2301
2256
2445
2899
3241
3340
3306
2984
2440
2243
2405
2390
2289
2353
2084
1226
408
40
-43
-6
-118
-708
-1484
-1887
-1874
-1665
-1383
-1333
-1741
-2138
-1929
-1357
-1126
-1357
-1596
-1561
-1357
-1167
-942
-525
-146
-187
-306
114
709
783
715
1198
1958
2297
2130
1969
2212
2719
3073
3184
3254
3208
2881
2593
2676
2696
2173
1484
1171
1089
847
403
-28
-337
-672
-1160
-1627
-1838
-1832
-1777
-1679
-1540
-1537
-1662
-1586
-1250
-1000
-980
-1013
-1048
-1143
-1138
-832
-409
-281
-587
-1074
-1283
-1052
-773
-770
-892
-1136
-1666
-2201
-2329
-2120
-1882
-1782
-1884
-2117
-2211
-2100
-1990
-1781
-1171
-466
-280
-537
-490
193
1017
1509
1761
1915
1860
1700
1874
2474
3017
2997
2447
1885
1729
1856
1929
1857
1631
1168
632
338
235
28
-256
-433
-628
-996
-1321
-1377
-1231
-1009
-880
-1095
-1525
-1650
-1345
-959
-690
-583
-712
-858
-657
-182
251
583
831
937
939
948
1055
1310
1597
1679
1556
1479
1598
1819
1998
2043
1926
1712
1535
1491
1561
1619
1527
1284
1060
1003
1051
1055
929
620
101
-452
-802
-1002
-1303
-1710
-1933
-1860
-1716
-1710
-1790
-1809
-1753
-1691
-1573
-1361
-1181
-1172
-1208
-1037
-693
-534
-654
-691
-474
-272
-294
-464
-595
-588
-559
-652
-794
-891
-949
-933
-861
-910
-1142
-1271
-1034
-597
-325
-433
-786
-880
-455
46
211
289
536
670
598
731
1082
1184
1085
1154
1253
1144
1101
1357
1624
1558
1244
994
894
783
592
446
368
161
-214
-440
-364
-262
-365
-593
-813
-971
-1032
-983
-901
-906
-1034
-1206
-1188
-786
-211
101
27
-117
72
596
1006
1040
989
1091
1259
1465
1738
1844
1596
1304
1397
1729
1845
1669
1420
1229
1127
1125
1178
1142
878
469
220
249
243
-72
-508
-773
-939
-1182
-1400
-1419
-1319
-1281
-1358
-1490
-1576
-1523
-1326
-1064
-866
-903
-1148
-1204
-731
-49
174
-147
-478
-459
-189
164
497
591
320
-72
-141
206
534
429
30
-244
-299
-335
-413
-443
-452
-559
-783
-996
-1059
-971
-847
-741
-631
-578
-694
-859
-776
-378
25
120
-40
-166
-54
295
679
788
554
299
335
612
892
1005
897
662
511
549
700
819
770
527
279
193
222
254
255
163
-88
-395
-579
-610
-534
-371
-207
-224
-410
-526
-408
-134
143
303
289
168
127
308
670
1027
1203
1172
1063
1009
1014
1050
1108
1135
1073
983
965
1015
1052
964
699
377
160
18
-113
-163
-175
-341
-664
-921
-1000
-981
-1003
-1115
-1224
-1247
-1261
-1318
-1293
-1122
-920
-754
-582
-446
-417
-406
-272
-45
118
157
159
226
405
668
852
812
621
418
274
209
219
243
177
34
-53
-122
-276
-410
-404
-281
-146
-170
-447
-765
-788
-491
-166
-124
-409
-710
-704
-479
-294
-176
-142
-262
-369
-223
36
126
109
162
208
185
125
84
184
391
447
297
172
149
118
183
400
407
29
-301
-250
7
207
278
236
75
-109
-113
145
431
421
172
38
56
71
167
339
317
101
-8
27
36
61
163
200
174
211
267
287
341
459
538
527
530
563
516
393
305
283
326
352
240
47
-78
-173
-344
-532
-616
-641
-708
-750
-717
-765
-873
-779
-556
-525
-593
-468
-179
90
210
158
132
348
649
711
591
535
492
424
469
529
389
124
-42
-49
-43
-177
-379
-403
-243
-231
-426
-455
-262
-156
-165
-124
-99
-183
-253
-183
8
199
162
-133
-250
12
207
101
47
174
202
112
121
220
270
208
68
1
2
-117
-229
-83
48
-183
-494
-527
-392
-304
-273
-280
-378
-548
-570
-295
1
7
-81
5
36
-126
-122
154
346
348
280
186
197
338
355
282
397
518
325
78
121
356
534
472
153
-99
-25
193
218
59
-19
56
183
267
185
6
-63
-49
-42
-50
-121
-237
-289
-223
-97
-47
-107
-197
-247
-206
-84
29
86
113
126
132
97
29
67
246
264
-81
-357
-78
420
449
53
-180
-133
-93
-97
-5
95
47
-89
-167
-107
36
94
49
63
159
175
7
-177
-113
123
209
81
-37
-45
-66
-39
118
121
-151
-342
-225
92
276
8
-401
-312
80
81
-144
-74
-55
-354
-406
-136
-108
-319
-470
-525
-341
4
-74
-554
-579
-76
147
-16
-141
-226
-219
80
382
336
112
-45
-116
-5
222
292
241
196
13
-124
152
462
333
133
183
262
388
602
550
306
327
421
252
158
223
-7
-345
-311
-244
-421
-429
-248
-303
-505
-611
-696
-582
-156
36
-171
-170
53
32
45
402
620
439
258
283
369
410
323
151
99
120
5
-76
74
140
-74
-195
-37
104
58
-71
-160
-92
134
266
146
16
108
297
419
418
215
5
134
391
317
38
-127
-152
-37
115
-1
-323
-413
-286
-308
-348
-149
-2
-75
-96
-76
-156
-131
32
17
-174
-264
-258
-242
-158
-61
-163
-430
-586
-515
-328
-158
-148
-336
-466
-335
-66
189
311
156
-69
34
340
488
473
345
77
-59
145
386
400
321
170
-89
-169
52
241
260
273
205
12
-73
-8
51
99
102
-35
-184
-149
-54
-180
-399
-384
-311
-463
-551
-333
-162
-304
-490
-438
-221
15
148
109
70
254
498
491
297
267
521
785
781
524
191
22
235
594
526
120
-42
-40
-161
-109
160
207
37
-121
-351
-453
-72
356
231
-99
-182
-181
-66
311
515
287
3
-138
-168
60
348
187
-203
-273
-253
-366
-208
73
-147
-533
-441
-221
-279
-254
-59
-57
-176
-224
-336
-367
-132
-37
-192
-105
51
-198
-440
-236
63
175
191
55
-214
-270
-108
-19
104
320
278
-9
-122
-5
124
266
411
312
53
29
178
240
300
364
230
-41
-165
-65
103
208
129
-139
-279
-160
-57
-67
-81
-152
-251
-233
-183
-223
-259
-212
-153
-155
-141
-40
23
-32
-47
43
132
177
177
125
104
230
413
426
301
278
367
378
356
456
534
425
266
219
223
225
241
225
161
60
-99
-217
-243
-283
-292
-194
-163
-276
-400
-462
-433
-253
-121
-264
-337
-57
52
-235
-282
41
190
116
64
-18
-23
188
218
-76
-97
191
108
-177
-68
47
-233
-349
-115
-101
-257
-179
-132
-265
-218
-67
-128
-189
-64
-15
-88
15
207
166
20
1
6
26
193
323
222
113
103
-36
-45
395
637
252
-52
14
-36
-86
155
268
56
-107
-237
-398
-152
306
210
-218
-337
-348
-452
-263
122
168
-42
-197
-361
-335
91
394
256
125
128
-62
-192
129
445
345
214
144
-117
-167
198
392
309
320
230
-60
-37
329
521
513
489
272
-11
28
204
200
223
311
91
-279
-323
-227
-366
-449
-299
-367
-666
-703
-613
-662
-541
-296
-360
-433
-179
-70
-205
-23
331
351
280
307
167
82
361
598
490
347
265
-7
-254
-86
207
207
65
-54
-281
-535
-539
-302
-53
104
81
-212
-489
-393
-145
-66
34
241
163
-131
-132
53
71
141
342
310
111
71
85
69
231
419
282
48
12
-41
-98
99
259
86
-107
-200
-352
-351
-91
77
33
4
-58
-291
-408
-197
31
169
353
289
-132
-345
-120
110
195
348
394
94
-188
-157
-26
133
333
328
143
52
29
4
141
365
379
184
50
18
-15
42
241
331
189
-20
-174
-221
-97
53
33
-90
-177
-288
-412
-348
-142
-72
-147
-200
-253
-333
-302
-166
-55
-19
-87
-238
-273
-89
105
137
82
19
-69
-109
-18
138
228
208
81
-51
-48
44
76
104
168
92
-98
-139
-59
-45
-53
-51
-117
-142
-46
-8
-50
-43
-68
-169
-160
-16
103
183
240
153
-38
-92
42
199
295
322
221
18
-146
-191
-122
49
207
156
-79
-294
-376
-334
-179
-23
-21
-118
-144
-97
-50
24
101
84
42
121
252
306
315
270
154
98
163
224
266
364
398
257
79
2
12
89
209
255
174
59
-19
-67
-98
-102
-77
-24
15
-43
-175
-262
-298
-338
-322
-212
-114
-79
-71
-128
-239
-261
-187
-123
-46
98
185
127
38
-18
-92
-119
-6
134
178
164
81
-94
-213
-202
-175
-111
66
171
79
-46
-134
-230
-201
-13
115
115
105
74
-34
-105
-84
-90
-105
-5
98
60
5
-9
-90
-171
-160
-116
-34
118
203
112
-63
-163
-165
-115
-6
106
148
155
116
-4
-114
-123
-59
20
118
238
244
104
0
-28
-79
-77
65
238
328
334
224
37
-49
-23
8
97
247
296
195
59
-21
-53
-58
-16
45
65
64
73
64
36
-4
-79
-161
-140
-18
73
93
87
7
-143
-224
-197
-143
-66
38
65
-7
-79
-133
-210
-242
-176
-74
5
64
59
-22
-98
-128
-160
-165
-63
83
151
127
31
-113
-199
-150
-40
57
123
110
11
-80
-105
-82
-11
80
95
11
-80
-105
-85
-54
-16
6
-33
-121
-176
-149
-72
-11
6
-2
-7
14
61
110
126
109
91
95
124
167
178
146
108
63
-13
-67
-56
-17
4
18
5
-71
-168
-197
-161
-105
-27
53
82
70
32
-16
-5
78
160
201
230
236
196
138
100
72
82
138
170
161
133
72
7
-18
-14
-5
20
53
47
2
-31
-50
-74
-70
-50
-40
-25
7
13
-42
-97
-105
-96
-65
-3
17
-20
-64
-106
-131
-100
-53
-48
-70
-75
-76
-82
-74
-67
-91
-127
-129
-88
-28
6
-3
-32
-61
-89
-81
-16
60
84
62
32
2
-20
-26
-15
9
35
43
35
24
11
-20
-59
-73
-58
-31
4
30
19
-27
-74
-96
-75
-24
6
2
-2
8
12
21
35
38
30
37
67
116
151
127
56
-7
-48
-51
-6
53
62
12
-59
-122
-145
-120
-69
-25
7
18
15
28
65
91
95
124
182
221
235
241
225
185
161
172
184
186
178
140
66
-1
-33
-36
-14
23
25
-16
-47
-63
-92
-97
-52
-9
-3
-6
-22
-62
-80
-63
-51
-48
-45
-56
-71
-71
-83
-117
-147
-148
-136
-116
-92
-81
-90
-113
-135
-137
-117
-89
-62
-27
2
9
-5
-15
-13
-9
2
24
51
65
60
31
-5
-22
-19
-7
10
20
10
-19
-53
-83
-96
-86
-67
-51
-37
-29
-34
-41
-42
-41
-31
5
54
80
70
46
31
27
31
49
70
78
61
32
-2
-27
-34
-28
-18
-5
-10
-40
-60
-58
-52
-38
-3
16
9
15
42
74
104
125
126
131
148
164
181
200
198
175
154
143
142
149
150
128
98
73
46
29
23
16
2
-9
-20
-38
-53
-53
-56
-65
-63
-49
-42
-45
-56
-87
-121
-115
-86
-59
-41
-48
-102
-155
-171
-154
-117
-70
-45
-59
-80
-93
-95
-79
-45
-8
22
40
46
41
29
16
11
17
33
57
73
67
42
12
-19
-36
-31
-10
14
28
24
-1
-34
-54
-58
-48
-28
-9
-9
-25
-50
-71
-83
-85
-77
-66
-55
-48
-43
-45
-52
-57
-48
-29
0
33
50
47
37
22
15
26
47
55
54
46
25
-3
-14
-15
-13
-2
11
12
5
-4
-14
-11
12
46
79
106
110
97
84
87
102
124
150
165
163
151
133
111
90
79
75
76
79
73
47
12
-25
-59
-75
-69
-57
-50
-48
-60
-87
-111
-125
-128
-117
-93
-73
-68
-72
-89
-106
-109
-96
-75
-49
-25
-6
3
9
14
16
18
31
51
77
104
118
110
86
60
40
38
45
50
39
20
-8
-38
-55
-68
-80
-88
-89
-82
-74
-68
-72
-82
-89
-87
-70
-46
-30
-28
-37
-49
-54
-46
-36
-29
-32
-39
-43
-42
-34
-28
-26
-27
-23
-15
-2
11
18
24
30
42
59
75
80
77
67
59
58
64
73
78
74
61
41
22
11
9
19
35
46
49
36
16
3
5
22
49
73
86
85
76
69
67
72
81
89
95
98
94
81
61
33
7
-9
-13
-13
-17
-29
-53
-79
-102
-117
-122
-121
-115
-108
-100
-99
-102
-107
-108
-99
-81
-54
-26
-4
6
5
1
3
15
36
59
78
86
84
73
62
54
53
55
58
56
44
29
8
-13
-29
-37
-44
-51
-61
-72
-84
-93
-98
-100
-99
-97
-91
-87
-81
-76
-71
-64
-55
-44
-34
-24
-17
-14
-10
-5
4
12
20
26
28
32
35
39
45
50
55
61
65
67
69
67
66
65
64
62
57
51
42
33
24
15
7
1
-3
-5
-7
-8
-10
-9
-6
2
13
24
30
38
46
57
71
86
97
102
101
100
96
90
84
74
62
47
32
14
-7
-29
-52
-73
-87
-98
-105
-114
-122
-132
-139
-142
-139
-130
-121
-107
-94
-82
-70
-60
-49
-36
-20
-3
17
35
48
54
54
55
59
66
76
85
89
86
78
66
55
45
40
35
30
23
10
-3
-17
-30
-42
-51
-58
-64
-68
-72
-79
-86
-91
-94
-94
-87
-80
-74
-69
-65
-61
-55
-46
-37
-25
-14
-3
8
16
24
32
42
54
67
78
85
88
87
84
81
81
83
84
79
68
51
34
16
5
-1
-6
-11
-17
-27
-39
-49
-53
-50
-40
-26
-11
-1
6
10
17
29
47
65
82
95
99
99
96
94
89
85
80
71
61
46
28
9
-11
-32
-50
-66
-79
-91
-102
-113
-121
-129
-132
-131
-128
-119
-109
-97
-86
-73
-58
-42
-26
-9
7
23
39
53
67
79
86
92
96
100
101
101
99
93
87
78
67
56
44
30
16
1
-13
-26
-36
-47
-58
-69
-82
-94
-100
-103
-103
-101
-100
-98
-95
-90
-82
-74
-66
-56
-44
-32
-17
-3
9
18
26
34
43
56
69
79
86
88
88
85
84
82
82
81
76
68
57
45
29
15
3
-6
-15
-23
-33
-43
-52
-61
-67
-65
-61
-51
-42
-35
-30
-25
-17
-5
9
25
39
48
54
57
58
59
60
60
59
56
49
41
31
19
6
-7
-19
-29
-38
-49
-56
-69
-79
-89
-94
-92
-89
-84
-79
-75
-72
-64
-55
-40
-23
-6
8
21
33
42
54
65
78
88
96
100
102
100
96
92
84
78
72
65
54
42
27
11
-3
-15
-26
-36
-47
-59
-71
-82
-90
-95
-98
-97
-95
-92
-88
-85
-79
-69
-56
-42
-28
-15
-1
12
26
39
50
59
68
75
81
85
85
84
81
76
71
65
58
50
42
33
23
13
4
-6
-14
-23
-30
-37
-43
-49
-52
-55
-56
-56
-54
-50
-47
-44
-38
-33
-29
-23
-15
-8
1
8
14
19
21
24
26
27
29
28
28
26
22
17
12
7
3
-1
-6
-11
-16
-21
-25
-30
-35
-38
-40
-37
-35
-34
-33
-33
-31
-25
-17
-8
-2
4
12
21
30
35
42
49
54
62
66
67
68
67
65
62
57
51
46
38
28
19
9
-2
-13
-23
-32
-41
-51
-56
-63
-68
-72
-74
-73
-71
-66
-61
-54
-47
-38
-28
-15
-2
12
25
36
48
57
64
70
74
78
79
78
76
72
66
59
49
40
31
22
13
5
-2
-13
-19
-25
-34
-38
-41
-44
-45
-45
-46
-46
-46
-45
-43
-40
-37
-33
-31
-26
-23
-20
-17
-14
-11
-7
-5
-2
-1
1
2
1
3
3
3
3
3
1
0
-1
-3
-4
-3
-3
-4
-5
-6
-7
-8
-8
-6
-4
-2
-1
0
0
0
1
3
5
8
11
13
15
16
18
18
21
24
24
27
26
25
24
22
21
19
18
15
10
8
3
0
-4
-8
-11
-13
-16
-18
-20
-20
-22
-21
-20
-19
-17
-14
-10
-7
-3
1
5
10
15
19
23
28
30
34
35
37
38
37
36
34
32
29
25
20
15
9
6
1
-4
-9
-13
-18
-22
-26
-27
-29
-30
-31
-31
-32
-33
-34
-34
-32
-30
-26
-25
-24
-22
-20
-19
-16
-13
-9
-7
-5
-2
1
1
5
5
9
9
11
12
14
14
15
16
15
15
15
13
14
12
11
9
8
8
4
3
1
0
-2
-4
-5
-7
-8
-10
-9
-12
-13
-12
-13
-13
-12
-12
-10
-9
-9
-6
-4
-3
-1
1
3
5
7
8
10
11
13
12
14
12
15
14
14
12
12
13
12
11
11
8
8
7
6
4
5
4
3
3
4
2
3
4
4
4
4
5
5
5
5
4
3
1
2
0
-1
-3
-4
-5
-6
-8
-10
-11
-12
-15
-15
-16
-18
-17
-19
-19
-19
-18
-18
-18
-17
-16
-14
-12
-11
-9
-7
-4
-3
1
3
6
8
10
13
15
16
19
20
22
22
23
23
22
21
21
20
18
16
14
12
10
5
3
-1
-3
-6
-8
-11
-14
-16
-18
-20
-20
-22
-23
-23
-22
-23
-20
-19
-18
-15
-13
-10
-8
-4
-1
3
6
8
12
14
17
19
20
23
23
25
25
25
24
23
22
19
17
16
12
10
7
5
1
-2
-3
-6
-9
-10
-13
-14
-15
-15
-16
-16
-15
-14
-13
-11
-10
-7
-5
-2
-1
2
4
7
8
7
8
9
9
9
9
8
7
6
4
1
1
-2
-4
-5
-8
-10
-11
-13
-13
-16
-16
-16
-16
-15
-16
-13
-12
-11
-10
-7
-4
-1
1
3
5
8
10
14
15
17
19
19
19
20
19
19
18
16
15
12
11
9
6
5
0
-1
-5
-7
-10
-13
-15
-17
-18
-19
-20
-21
-21
-21
-21
-20
-18
-15
-13
-11
-7
-4
1
3
8
11
15
19
21
23
26
26
28
29
30
30
29
27
24
20
16
13
8
7
3
-2
-6
-11
-15
-18
-21
-23
-25
-26
-27
-26
-26
-24
-22
-19
-17
-13
-11
-7
-3
0
5
8
10
12
14
16
17
18
19
18
16
17
14
10
9
6
5
3
0
-2
-5
-8
-11
-13
-15
-16
-17
-18
-18
-17
-17
-16
-15
-13
-11
-9
-8
-5
-3
0
2
3
7
8
10
12
13
14
15
14
15
14
12
13
11
10
9
6
4
2
0
-1
-3
-4
-7
-8
-10
-11
-13
-12
-14
-14
-14
-12
-12
-11
-10
-8
-6
-3
-1
2
4
8
10
12
14
16
16
19
20
20
19
18
19
18
17
15
13
10
7
4
1
-2
-4
-6
-8
-10
-12
-14
-16
-17
-17
-17
-16
-14
-13
-11
-11
-9
-6
-4
-2
0
2
4
6
6
7
9
10
10
11
10
11
10
8
7
7
5
3
2
0
-1
-3
-6
-6
-7
-8
-8
-7
-8
-8
-8
-8
-7
-8
-5
-4
-4
-3
-2
-1
1
0
1
1
2
4
5
5
6
6
6
6
6
6
5
5
5
4
3
3
3
2
0
0
-1
-2
-3
-4
-4
-4
-5
-4
-5
-6
-4
-4
-3
-3
-3
-1
-1
0
1
2
2
2
3
4
4
5
5
5
5
7
5
5
4
4
3
2
1
1
-1
-1
-2
-2
-2
-4
-3
-4
-4
-3
-3
-3
-2
-1
-1
0
0
1
1
1
1
1
2
1
2
2
2
1
2
2
1
2
2
1
1
1
1
1
0
-1
0
0
1
0
0
0
0
0
0
0
1
0
0
0
1
1
1
0
0
0
-1
-1
-1
-1
0
1
0
0
-2
-1
-2
-2
-2
-2
-2
-2
-3
-1
-2
-3
-2
0
-1
-1
-2
0
0
1
1
0
1
0
0
0
1
1
2
2
2
2
1
0
0
-1
0
0
0
0
0
0
0
1
1
2
0
0
-1
-1
-1
1
0
1
2
0
1
-1
0
0
0
1
1
1
2
2
1
2
1
1
2
2
2
2
2
1
1
1
0
0
-2
-1
-2
-1
-2
-2
-2
-2
-2
-3
-2
-2
-2
-1
-1
-1
-1
-1
0
1
1
1
1
1
1
0
1
3
3
3
2
3
2
2
1
1
1
1
0
0
-1
-1
-1
-1
-2
-2
-2
-1
-2
-2
-2
-2
-2
-1
-1
-1
-1
-1
0
0
1
0
0
2
2
2
3
4
2
3
4
4
5
3
5
4
4
2
3
2
2
1
0
-1
-2
-2
-2
-3
-4
-4
-4
-4
-4
-4
-3
-4
-4
-5
-3
-2
-2
-1
-1
0
1
1
2
2
2
3
3
4
4
3
4
5
5
4
3
3
2
1
2
1
2
1
0
0
-1
-2
-3
-4
-3
-3
-3
-3
-3
-3
-2
-2
-1
-1
0
0
1
0
1
3
2
4
4
4
4
4
4
4
4
4
3
3
3
3
2
0
1
0
0
-1
0
-2
-3
-3
-3
-4
-4
-4
-4
-4
-4
-4
-3
-4
-2
-2
-1
-1
0
0
1
1
3
2
4
3
3
3
5
2
3
3
2
2
2
0
0
0
-1
-1
-2
-2
-2
-2
-3
-2
-2
-3
-2
-3
-2
-3
-2
-2
-2
-2
-1
-1
0
-1
0
1
1
3
4
5
5
6
5
6
6
6
6
6
4
5
3
4
4
2
1
2
-1
-2
-3
-3
-4
-4
-4
-4
-6
-5
-3
-5
-4
-4
-3
-3
-4
-1
0
-1
-1
2
2
2
3
2
3
3
5
4
4
3
5
4
4
5
3
2
1
0
1
0
0
0
-1
-1
-3
-4
-4
-6
-4
-3
-4
-3
-5
-3
-2
-2
-1
0
0
-1
-2
0
1
2
3
4
5
5
4
4
3
2
4
4
3
4
3
1
2
1
1
0
0
-1
-1
-2
-2
-4
-3
-4
-3
-3
-3
-2
-2
-2
-1
0
0
1
0
1
1
2
2
2
3
3
3
3
3
1
3
2
2
3
2
2
3
1
1
0
-1
0
-2
-2
-3
-4
-3
-4
-4
-4
-4
-5
-3
-2
-2
-2
-2
-1
-1
-1
0
1
2
2
2
3
4
4
4
3
5
4
4
4
2
3
3
2
3
1
0
0
-2
0
-1
-1
-1
-1
-1
-2
-1
-2
-1
-3
-2
-2
-1
-1
-1
-1
-1
0
0
0
1
1
2
2
2
3
2
2
2
2
2
1
1
1
1
1
0
0
0
0
-1
-1
-1
-2
-1
-2
-3
-3
-2
-3
-3
-3
-2
-2
-1
-1
0
1
2
1
2
3
2
2
3
3
3
4
3
3
2
4
2
1
1
2
1
1
0
0
1
0
0
-1
-2
-2
-2
-2
-4
-2
-4
-2
-2
-3
-1
-1
-1
0
1
1
1
1
0
0
0
1
3
2
3
3
2
2
0
1
2
1
1
1
2
1
0
0
0
-1
-1
-1
-2
-1
0
-2
-1
-1
-1
-1
-1
0
0
1
2
1
0
0
0
0
0
1
2
2
2
2
1
1
0
1
1
1
0
0
0
0
0
0
0
0
0
0
0
0
-1
0
0
0
-1
-1
-2
-1
0
0
1
2
2
2
1
2
1
3
2
1
1
1
1
1
0
0
1
2
0
1
0
0
0
-1
-1
-1
-1
-1
-2
-2
-1
-2
-1
-2
-1
-1
0
0
0
1
1
0
1
0
1
1
0
0
0
-1
0
1
0
0
0
1
0
0
0
0
0
0
0
0
0
0
0
0
0
0
1
0
1
0
-1
-1
-1
0
0
0
0
0
0
0
-1
0
0
1
-1
0
1
0
0
0
0
0
0
0
-1
0
0
0
0
0
0
0
0
0
0
0
0
0
0
0
0
0
0
0
0
0
0
1
0
1
0
0
0
1
0
0
-1
1
0
-1
0
0
-1
0
0
0
0
-1
0
0
0
0
1
0
0
0
1
0
0
1
-1
0
0
0
0
0
0
-1
0
1
0
0
0
1
-1
0
0
0
-1
0
0
0
-1
0
1
0
-1
0
0
-1
-1
0
0
0
0
-1
-1
-1
0
0
0
0
0
0
0
0
0
1
0
-1
0
1
0
1
0
0
0
-1
0
0
0
0
0
0
-1
1
0
0
0
0
1
0
0
0
-1
0
1
0
0
0
0
0
0
0
0
0
0
-1
1
-1
0
1
0
0
0
0
0
0
0
0
0
0
0
0
0
0
0
1
0
0
0
0
-1
1
0
0
0
0
0
0
0
0
0
0
0
0
-1
0
0
0
-1
0
0
1
1
0
0
0
0
-1
0
1
0
-1
0
0
0
0
-1
0
0
0
0
0
-1
-1
0
0
0
0
1
0
0
0
0
-1
0
0
0
0
0
0
0
0
1
0
-1
0
0
-1
0
0
0
0
0
0
0
0
0
0
0
1
0
0
0
0
-1
-1
0
-1
0
0
0
-1
0
0
0
0
1
1
-1
0
0
-1
-1
0
0
-1
0
0
-1
0
0
-1
1
-1
0
0
-1
0
0
0
0
0
0
0
1
0
0
-1
1
1
0
0
0
0
0
0
0
0
0
1
0
0
0
0
0
0
-1
0
0
-1
0
0
1
0
0
1
0
0
0
1
0
0
0
0
0
0
1
-1
0
0
0
1
0
-1
0
0
0
0
0
-1
0
0
0
0
1
0
0
1
0
0
0
1
0
0
0
0
0
1
0
0
0
0
0
0
0
1
0
0
0
0
-1
0
0
-1
-1
0
-1
0
0
0
1
1
0
0
0
-1
1
0
0
0
0
1
0
1
0
0
1
1
0
0
0
0
0
-1
0
0
0
-1
0
0
1
0
0
0
0
1
0
1
0
0
0
0
-1
0
0
0
0
0
-1
0
0
0
1
1
0
0
-1
0
0
1
0
0
-1
1
0
0
0
0
-1
0
0
0
0
0
0
0
0
0
0
0
1
0
0
0
-1
0
1
0
0
1
-1
0
-1
-1
0
0
0
0
0
0
0
0
-1
0
-1
1
0
1
1
0
0
0
0
0
0
0
0
0
0
0
0
0
0
1
0
-1
0
0
0
0
0
0
-1
0
0
-1
0
0
0
0
0
0
0
1
1
0
0
0
0
0
0
0
-1
0
0
0
0
0
0
-1
-1
0
0
0
0
0
1
0
1
-1
0
0
-1
0
0
0
1
0
0
0
0
0
0
0
1
0
1
0
0
0
-1
-1
0
0
0
0
1
0
-1
0
0
0
0
1
0
-1
0
0
0
0
0
1
0
0
0
0
0
0
0
0
0
0
1
0
0
0
0
0
0
0
0
0
0
0
0
0
-1
-1
0
0
0
0
0
0
-1
0
0
-1
0
0
0
0
0
0
0
0
0
0
0
0
0
0
0
0
0
-1
0
0
1
0
0
-1
1
0
0
0
0
0
0
0
0
0
0
-1
1
0
0
-1
0
0
0
1
0
-1
0
0
0
0
0
0
0
1
-1
0
-1
0
-1
-1
0
0
0
1
0
0
0
0
0
1
0
-1
-1
0
0
0
0
0
0
0
-1
0
-1
0
1
0
0
0
0
1
0
0
0
0
0
-1
-1
0
0
0
0
-1
0
1
0
1
0
0
0
0
-1
0
0
0
-1
0
0
0
0
0
0
0
0
-1
0
0
0
1
0
1
0
-1
0
1
0
0
-1
0
0
0
0
0
0
1
0
1
0
0
0
0
0
1
0
1
0
0
0
1
0
0
0
0
0
-1
0
0
0
0
0
0
0
0
0
-1
0
0
0
0
0
0
0
0
0
0
1
0
1
0
0
1
0
0
1
0
0
1
0
0
1
0
0
0
0
0
0
0
0
0
0
0
1
0
0
-1
0
0
-1
0
-1
0
0
1
1
0
0
0
-1
0
0
0
0
0
0
1
0
0
-1
0
0
0
0
-1
0
1
0
0
0
0
0
-1
0
0
0
0
0
0
0
1
0
0
0
0
0
-1
0
0
0
0
0
1
0
0
0
0
0
0
0
1
0
-1
0
-1
1
0
0
0
0
-1
0
-1
0
0
0
0
-1
1
0
0
0
1
0
-1
0
1
1
0
-1
0
0
0
0
0
0
0
0
-1
0
0
0
0
1
-1
0
0
-1
0
0
0
0
0
1
1
0
0
0
-1
-1
0
0
0
1
0
0
0
0
0
0
1
0
0
-1
0
0
1
0
0
0
0
0
1
0
0
-1
0
0
0
0
0
0
0
0
1
0
0
0
0
0
0
0
0
1
0
0
0
0
0
0
-1
0
0
0
0
1
0
0
1
0
0
0
1
-1
0
-1
0
0
0
1
0
0
0
0
0
0
1
0
0
0
0
0
0
0
0
0
-1
0
0
0
1
0
0
0
1
0
0
0
0
0
0
0
0
0
0
1
0
1
0
-1
0
0
-1
0
0
0
-1
0
0
0
-1
0
-1
1
-1
1
0
0
0
0
0
1
0
1
0
0
0
0
0
0
0
0
0
0
0
1
0
0
-1
0
0
0
0
0
0
0
0
0
0
-1
0
0
1
0
0
-1
0
0
0
0
0
0
0
0
-1
0
1
0
0
0
0
1
0
0
0
0
0
-1
0
0
-1
0
0
0
0
0
0
0
0
0
0
0
1
1
1
1
0
0
-1
1
0
0
0
0
0
0
0
0
0
0
0
0
1
0
0
1
0
1
0
0
1
0
0
0
0
1
0
0
-1
0
0
1
1
0
0
-1
0
-1
-1
0
0
0
1
1
0
-1
0
1
0
0
0
0
1
0
1
-1
0
1
0
0
0
-1
0
0
0
1
0
-1
0
-1
-1
0
0
1
0
0
0
1
1
0
0
1
1
-1
0
-1
0
0
0
1
0
0
0
0
-1
0
0
-1
0
0
-1
-1
1
0
0
0
0
-1
0
1
0
0
0
-1
1
0
1
0
1
-1
0
0
0
-1
0
0
0
0
0
0
0
0
0
0
0
0
0
0
0
0
0
1
0
0
0
0
1
0
0
0
0
0
0
0
0
0
0
0
0
0
0
0
0
0
0
0
0
1
0
0
0
0
-1
0
0
1
0
0
0
0
0
-1
0
0
0
0
0
0
-1
0
0
-1
0
0
0
-1
0
0
0
0
-1
0
0
0
0
0
0
0
0
0
0
0
0
0
0
0
-1
0
0
0
-1
0
-1
0
-1
0
0
0
0
1
0
0
0
0
-1
1
0
0
0
0
0
1
0
0
0
0
0
0
1
0
0
0
0
-1
0
-1
0
0
0
0
0
0
0
0
0
0
0
0
0
0
0
0
0
1
0
1
1
0
1
0
0
0
0
0
1
0
1
0
0
0
1
0
0
-1
0
0
1
0
-1
0
0
0
0
-1
-1
1
0
0
1
0
0
1
0
0
0
-1
1
0
0
0
0
0
0
-1
0
0
0
0
0
0
0
0
0
0
0
0
0
0
0
0
0
0
0
0
-1
0
-1
0
-1
0
0
0
0
0
-1
0
-1
1
0
0
0
0
0
-1
0
-1
0
-1
0
0
0
0
-1
0
-1
0
1
0
0
0
0
0
0
1
0
0
0
0
0
0
-1
0
0
0
0
0
0
0
0
1
0
1
1
0
0
0
0
0
0
0
0
0
0
1
0
1
0
0
0
0
0
0
0
1
0
0
0
1
0
1
1
0
0
0
0
-1
0
0
1
0
0
0
0
0
0
0
0
0
0
0
0
0
-1
0
0
0
0
0
0
0
0
0
-1
0
1
0
0
0
0
0
0
0
-1
1
0
0
0
1
0
1
0
0
0
0
0
0
0
-1
0
1
0
0
0
1
0
0
0
0
-1
1
1
0
0
1
0
0
0
0
0
0
0
0
-1
0
0
0
0
1
0
0
0
0
0
0
-1
-1
1
0
0
1
0
0
-1
0
-1
1
0
1
0
0
0
0
1
-1
0
0
0
0
0
0
0
0
0
0
0
0
0
0
-1
0
0
0
0
1
0
0
0
0
0
0
0
0
-1
0
0
0
-1
0
0
1
0
-1
0
0
0
0
1
1
1
0
0
-1
0
0
-1
0
0
0
0
-1
0
0
0
0
0
0
1
0
0
0
0
0
1
0
0
0
0
0
0
0
-1
1
-1
0
-1
0
0
0
0
-1
0
0
0
0
0
0
0
0
0
1
0
0
0
0
0
0
0
0
0
0
0
0
0
0
-1
0
0
0
1
0
0
0
0
-1
0
-1
0
1
0
0
1
0
0
0
0
0
0
0
0
0
0
1
-1
0
-1
0
0
-1
0
0
0
0
-1
0
0
0
0
0
1
0
0
0
0
0
0
0
-1
0
0
0
0
0
0
-1
0
0
0
0
0
0
-1
0
-1
0
0
0
0
1
0
0
0
0
0
0
0
0
0
0
0
0
1
0
0
0
0
1
0
-1
0
1
0
0
0
0
0
0
0
-1
-1
0
0
0
1
0
-1
0
0
-1
0
0
0
-1
0
0
1
0
0
0
0
0
0
1
0
0
0
0
1
0
0
0
1
1
0
0
0
0
0
0
1
0
1
0
0
0
1
0
0
0
-1
1
1
0
-1
0
0
0
0
0
0
0
0
0
0
0
1
0
1
0
0
0
0
0
-1
0
1
0
0
-1
0
-1
0
0
-1
0
0
0
0
0
0
0
0
0
0
0
0
0
0
0
0
0
0
0
0
0
0
0
0
0
0
0
0
0
0
0
0
0
-1
0
0
0
0
0
0
0
-1
0
0
0
0
0
0
0
0
0
0
0
0
0
0
0
0
0
0
0
0
0
0
1
-1
0
0
0
0
0
0
0
1
0
0
0
0
0
-1
0
0
0
0
0
0
0
0
0
0
-1
-1
-1
-1
0
-1
0
0
0
0
0
0
-1
-1
0
-1
0
0
0
-1
0
0
0
0
0
0
0
1
0
0
0
0
0
0
0
0
0
0
1
1
0
0
0
0
0
0
0
0
0
0
0
1
0
0
0
0
0
1
1
0
0
0
0
0
-1
0
0
0
0
0
0
1
0
0
1
0
0
0
1
0
0
1
0
1
1
0
0
0
0
0
0
0
0
0
0
1
0
1
1
-1
0
0
0
0
0
0
0
0
0
0
0
1
0
0
1
0
0
0
1
0
0
0
-1
0
0
0
0
0
0
0
0
0
0
1
0
0
0
-1
-1
0
0
0
0
0
0
0
0
0
0
-1
0
1
0
0
0
0
0
0
0
-1
0
1
0
0
0
0
-1
0
-1
-1
0
0
0
0
1
0
0
0
0
0
0
0
0
1
1
0
1
-1
0
0
0
0
0
0
0
0
0
0
0
0
0
0
0
0
0
0
0
0
0
0
0
0
0
0
0
0
-1
1
0
1
0
0
1
0
0
0
0
0
1
-1
0
0
0
0
0
1
0
0
-1
0
0
0
0
1
0
0
1
-1
-1
0
0
0
0
0
0
0
0
0
0
0
-1
0
0
0
1
0
0
0
0
1
0
-1
-1
0
0
0
-1
0
0
0
0
0
-1
0
0
0
0
-1
0
0
0
0
0
0
0
0
0
0
0
0
0
0
-1
0
0
0
0
0
0
0
0
0
1
0
-1
0
0
0
0
0
0
0
0
0
0
0
0
0
0
0
0
0
0
0
-1
0
0
0
0
0
0
0
0
0
0
0
0
0
1
0
0
0
0
0
0
0
1
0
0
0
1
1
0
0
0
-1
1
1
0
0
0
0
0
0
0
1
0
0
0
1
0
0
0
0
0
-1
0
0
0
0
0
0
0
0
0
0
-1
-1
-1
0
0
0
0
-1
0
0
0
0
0
0
0
0
0
1
0
1
0
0
0
0
0
0
1
-1
0
1
-1
0
0
0
0
0
0
0
-1
0
0
0
-1
0
-1
0
0
0
0
0
-1
0
0
0
0
0
0
-1
0
0
0
0
0
0
0
0
-1
-1
0
0
0
0
0
1
0
0
0
0
0
-1
0
0
0
0
0
0
0
0
0
1
0
1
0
0
1
-1
1
0
0
0
-1
-1
0
0
0
-1
0
-1
0
0
0
-1
0
0
0
0
1
0
0
0
0
0
0
1
0
1
0
0
0
0
0
0
1
0
0
0
1
1
0
0
0
0
0
0
0
0
-1
1
0
0
0
0
0
0
0
1
0
0
-1
0
0
0
-1
-1
0
0
1
0
-1
0
0
0
0
0
0
-1
-1
0
0
-1
1
0
1
0
0
0
0
0
0
1
0
0
0
-1
0
0
0
0
0
1
-1
0
0
0
0
0
0
0
0
0
1
0
0
0
0
0
0
-1
0
0
-1
0
0
-1
0
0
0
0
0
0
0
0
1
0
0
-1
1
0
0
-1
-1
0
0