-7
55
105
110
74
28
4
9
27
40
32
19
11
15
18
9
-18
-58
-103
-134
-136
-117
-100
-106
-145
-195
-223
-213
-178
-154
-158
-174
-170
-128
-63
-12
6
-15
-49
-74
-77
-57
-30
-13
-11
-18
-18
-10
9
22
24
21
29
56
92
110
93
52
15
6
26
56
69
54
24
-2
-8
1
9
-4
-39
-82
-103
-86
-41
-1
5
-32
-85
-113
-93
-39
13
35
27
7
-2
9
30
45
38
13
-12
-11
17
53
70
51
3
-40
-49
-18
25
56
62
53
47
49
55
53
39
19
7
14
35
60
74
68
40
3
-22
-23
-10
-3
-12
-24
-26
-11
2
-2
-31
-71
-106
-117
-102
-73
-53
-55
-76
-105
-124
-118
-96
-74
-63
-62
-54
-30
8
40
49
35
17
19
45
83
115
129
123
118
123
143
167
180
175
153
134
132
146
164
162
132
82
42
29
40
52
48
19
-21
-55
-71
-77
-83
-95
-108
-118
-120
-117
-114
-121
-138
-157
-170
-165
-146
-121
-104
-98
-98
-95
-85
-74
-66
-60
-50
-31
1
37
64
72
67
56
53
61
76
94
105
106
101
94
86
74
59
36
12
-5
-10
-5
-2
-9
-29
-59
-85
-101
-107
-101
-92
-85
-84
-87
-89
-86
-77
-65
-58
-51
-48
-37
-18
-2
10
13
17
27
44
57
59
51
44
49
74
107
130
130
107
74
54
61
87
114
124
109
82
62
58
67
72
61
39
19
17
36
61
72
63
38
14
2
5
5
-5
-26
-44
-42
-23
-1
2
-20
-57
-91
-102
-89
-72
-69
-86
-114
-130
-123
-97
-70
-60
-75
-97
-103
-79
-33
7
24
10
-11
-17
2
33
58
61
46
31
32
53
79
88
74
40
8
1
15
32
36
15
-15
-33
-25
-2
14
2
-34
-72
-87
-71
-44
-25
-29
-51
-72
-74
-56
-32
-19
-27
-44
-54
-37
-3
31
44
34
12
-1
12
36
52
49
31
11
7
22
42
53
49
34
22
23
29
38
37
23
10
5
10
21
24
12
-7
-18
-12
7
22
23
4
-19
-28
-12
17
39
41
23
0
-7
8
36
61
67
52
30
17
19
33
36
20
-9
-32
-33
-13
14
25
8
-25
-54
-61
-47
-23
-7
-9
-23
-31
-22
-1
20
23
3
-23
-37
-25
8
38
43
23
-10
-33
-34
-22
-13
-19
-36
-51
-51
-34
-17
-13
-30
-52
-65
-55
-30
-7
-3
-15
-30
-28
-6
19
27
9
-21
-40
-31
2
37
51
35
10
-2
10
40
62
57
32
6
1
26
59
77
68
40
13
10
23
40
41
20
-7
-25
-19
1
18
15
-8
-37
-52
-44
-22
0
7
1
-13
-20
-17
-5
5
9
4
2
7
21
38
46
44
32
22
18
21
27
31
25
11
-1
-6
-2
8
12
5
-9
-24
-31
-26
-17
-12
-16
-23
-31
-31
-27
-21
-25
-32
-37
-36
-31
-24
-23
-25
-27
-23
-15
-6
-5
-14
-26
-30
-19
0
18
25
18
8
4
10
21
28
20
11
3
9
21
30
26
14
-1
-6
0
11
15
13
2
-2
-1
7
13
8
-3
-14
-17
-11
-2
1
-6
-17
-24
-21
-12
-5
-8
-17
-27
-26
-13
5
17
16
7
-4
-10
-3
9
19
25
26
24
22
22
22
21
17
13
10
10
12
15
16
14
10
5
3
2
4
5
6
6
6
6
8
8
5
-1
-9
-13
-14
-5
4
15
16
8
-3
-14
-18
-14
-9
-3
0
1
4
7
12
17
15
13
8
4
1
-3
-5
-6
-6
-2
3
7
1
-11
-25
-36
-38
-30
-17
-8
-7
-12
-21
-29
-32
-30
-25
-21
-18
-18
-18
-18
-18
-18
-19
-21
-24
-25
-27
-24
-18
-9
1
8
11
8
3
-2
-3
4
16
28
38
42
38
31
25
23
24
26
28
28
26
25
21
18
17
16
19
22
23
20
15
9
7
8
11
11
6
-1
-9
-10
-8
-4
-4
-6
-12
-14
-16
-14
-11
-9
-7
-6
-4
-1
1
2
0
1
2
7
12
15
11
3
-3
-5
-2
5
8
6
1
-3
-4
-3
0
-3
-5
-9
-11
-12
-10
-6
-6
-7
-10
-14
-15
-15
-15
-16
-18
-20
-19
-15
-9
-8
-10
-14
-19
-21
-17
-12
-4
-1
0
-2
-6
-6
-3
3
10
12
13
12
12
13
15
17
17
16
15
15
17
22
27
26
26
22
19
16
14
11
10
11
13
16
19
17
10
-1
-10
-14
-12
-8
-6
-6
-12
-17
-19
-20
-15
-14
-19
-24
-29
-30
-24
-16
-8
-6
-7
-9
-8
-5
-1
0
1
3
7
15
19
19
14
5
2
3
10
16
19
15
9
6
9
13
15
14
8
1
-2
-1
4
9
10
9
5
2
-2
-7
-11
-14
-16
-16
-15
-14
-15
-16
-19
-20
-21
-19
-16
-14
-10
-7
-6
-5
-5
-5
-2
3
5
5
2
-1
-3
-1
3
7
8
5
2
4
8
15
19
21
18
14
16
19
23
24
22
19
16
16
17
12
6
-1
-5
-3
0
2
0
-10
-18
-22
-18
-12
-8
-8
-11
-12
-9
-6
-5
-7
-11
-14
-15
-9
-2
1
1
0
1
3
5
1
-4
-9
-8
1
15
26
29
23
13
7
8
12
15
15
11
7
5
6
5
-1
-10
-16
-20
-15
-12
-9
-10
-13
-17
-16
-15
-12
-12
-15
-18
-17
-10
-2
6
8
6
-3
-13
-18
-17
-11
-3
4
11
12
11
8
8
9
11
13
13
16
18
21
24
26
23
22
16
10
5
0
-2
-1
5
12
15
11
1
-12
-23
-24
-15
-3
7
10
4
-3
-11
-15
-17
-17
-17
-18
-16
-12
-3
3
7
4
-2
-9
-13
-12
-5
1
8
13
17
19
18
13
7
2
2
7
12
14
12
10
8
9
11
11
8
3
-4
-7
-4
0
5
4
-3
-14
-24
-28
-26
-18
-14
-13
-15
-20
-20
-16
-12
-12
-14
-19
-21
-18
-11
-1
2
2
-3
-5
-3
5
15
19
18
10
3
2
8
17
25
27
21
15
12
10
11
6
3
3
10
17
22
18
8
-3
-8
-6
0
2
-1
-5
-9
-5
-1
-1
-5
-14
-19
-11
4
17
15
-1
-22
-31
-20
6
24
24
2
-19
-26
-13
9
22
18
5
-4
3
12
12
-2
-16
-9
25
63
70
30
-40
-89
-80
-12
68
100
59
-30
-103
-109
-46
37
84
66
7
-44
-54
-24
8
15
-6
-29
-28
1
30
32
2
-37
-54
-37
-2
18
9
-19
-39
-25
11
41
38
0
-44
-59
-34
14
52
57
28
-9
-28
-23
-5
9
10
4
4
13
26
30
21
6
-5
-4
6
15
20
20
22
26
31
30
22
8
-4
-8
-6
-2
-2
-5
-7
-3
0
-1
-10
-27
-36
-36
-22
-4
6
6
-3
-12
-16
-18
-18
-18
-11
2
17
22
9
-15
-38
-38
-18
14
35
30
5
-20
-25
-7
22
40
35
12
-7
-9
6
23
26
17
2
1
12
23
22
6
-18
-27
-18
5
22
19
-2
-24
-33
-22
0
12
8
-11
-26
-25
-10
7
9
-1
-16
-24
-19
-1
13
17
8
-6
-11
-8
3
10
9
1
-3
1
13
30
35
26
6
-10
-20
-15
0
16
23
23
14
0
-7
-7
-3
5
8
8
4
1
-3
-3
-5
-7
-7
-3
1
5
1
-7
-15
-17
-10
2
9
7
-5
-17
-19
-8
9
20
17
-3
-21
-26
-14
10
25
26
12
-6
-15
-10
3
15
17
10
2
-3
-1
1
-2
-8
-14
-11
0
13
17
6
-13
-27
-24
-7
13
21
11
-11
-24
-21
-6
9
12
2
-10
-13
-4
12
18
10
-6
-19
-17
3
25
34
23
3
-15
-17
-4
11
18
13
3
-2
1
8
9
2
-9
-14
-7
6
16
13
-1
-17
-20
-12
4
11
7
-11
-23
-25
-10
10
20
15
-1
-19
-23
-14
2
12
15
7
0
-1
4
10
12
7
1
-1
2
10
15
15
9
2
0
1
3
3
-3
-8
-11
-5
6
14
12
-1
-16
-25
-19
-3
14
19
8
-10
-24
-23
-8
5
10
1
-14
-17
-10
7
17
13
-2
-16
-20
-7
9
21
17
4
-9
-12
-4
10
16
12
-1
-10
-8
2
12
15
8
-2
-6
-6
2
8
8
3
-2
-4
0
6
6
3
-6
-10
-7
1
8
10
3
-4
-10
-9
-3
2
4
0
-5
-8
-5
1
5
5
0
-6
-6
-2
6
9
6
-2
-6
-7
1
8
11
7
-2
-9
-8
-3
6
8
7
1
-4
-4
-1
2
3
4
2
3
2
2
0
-3
-5
-4
3
8
10
6
-4
-11
-13
-7
1
6
5
-2
-7
-9
-5
0
3
2
1
-2
-4
-3
-2
0
2
2
2
1
1
1
0
0
0
0
1
2
3
2
0
-3
-2
0
4
7
7
4
0
-3
-1
3
7
7
4
0
-2
-3
2
4
4
4
1
0
-2
-2
-3
-2
-3
0
2
4
3
0
-3
-5
-4
0
4
5
3
-3
-6
-6
-3
1
3
1
-2
-4
-3
-1
4
6
3
1
-2
-2
0
2
3
2
4
3
3
2
2
0
1
0
1
2
2
2
1
0
-1
0
2
2
1
-1
-2
-3
-1
2
2
0
-1
-2
-2
-1
1
0
-1
-2
-2
-2
-1
1
1
0
-1
-2
-2
0
3
4
2
0
-1
-1
1
1
1
2
1
1
3
2
1
-2
-2
-3
0
1
3
2
2
1
-1
1
0
2
2
1
0
-1
-1
1
2
2
0
-1
-2
-1
2
2
3
1
-2
-3
-1
-1
0
1
-1
-2
-1
1
3
3
3
0
-3
-4
-1
2
5
2
-1
-2
-1
1
3
3
1
-2
-4
-2
0
3
3
1
-1
-1
0
1
1
1
0
0
2
3
2
1
-2
-3
-2
0
3
4
2
-1
-3
-2
0
1
2
0
-1
-3
-2
-1
2
2
2
0
-2
-2
-1
-1
0
0
0
0
0
0
2
0
-1
-2
-2
0
1
2
1
0
-1
-1
-1
0
0
-1
0
0
1
2
1
0
-1
-1
-1
2
2
3
3
1
0
1
1
2
2
1
0
-1
0
1
3
3
3
0
0
-1
1
2
0
0
-1
-1
0
-1
0
0
0
0
1
3
1
0
-1
-1
-1
0
1
0
0
-1
-1
0
2
3
2
2
1
0
0
0
0
-1
0
-1
0
0
0
1
2
1
0
0
-1
-1
-1
0
0
1
1
1
1
2
0
0
0
0
2
2
1
2
1
0
1
2
2
1
0
0
-1
0
1
0
0
1
0
-1
0
0
-1
0
0
0
-1
0
0
1
0
0
0
0
0
0
1
0
0
0
0
0
-1
-1
0
2
3
2
2
2
1
0
0
1
0
1
0
0
0
1
0
0
0
-1
1
1
0
-1
0
0
0
0
0
0
0
0
0
0
0
1
0
1
0
0
0
0
0
-1
0
1
0
0
-1
0
-1
0
0
-1
0
0
0
0
0
0
0
0
0
0
0
0
0
0
0
0
1
1
1
1
1
1
1
1
1
1
0
0
0
0
0
0
0
-1
0
0
0
0
0
0
0
-1
0
0
0
0
0
0
0
0
0
0
0
0
0
0
0
0
0
1
1
1
1
1
2
0
1
1
1
1
1
1
1
2
0
0
0
0
0
-1
0
0
0
0
0
0
0
0
0
0
-1
-1
-1
-1
0
-1
0
0
0
0
0
0
-1
-1
0
-1
0
0
0
-1
0
0
0
0
0
0
0
1
0
0
0
0
0
0
0
0
0
0
1
1
0
0
0
0
0
0
0
0
0
0
0
1
0
0
0
0
0
1
1
0
0
0
0
0
-1
0
0
0
0
0
0
1
0
0
1
0
0
0
1
0
0
1
0
1
1
0
0
0
0
0
0
0
0
0
0
1
0
1
1
-1
0
0
0
0
0
0
0
0
0
0
0
1
0
0
1
0
0
0
1
0
0
0
-1
0
0
0
0
0
0
0
0
0
0
1
0
0
0
-1
-1
0
0
0
0
0
0
0
0
0
0
-1
0
1
0
0
0
0
0
0
0
-1
0
1
0
0
0
0
-1
0
-1
-1
0
0
0
0
1
0
0
0
0
0
0
0
0
1
1
0
1
-1
0
0
0
0
0
0
0
0
0
0
0
0
0
0
0
0
0
0
0
0
0
0
0
0
0
0
0
0
-1
1
0
1
0
0
1
0
0
0
0
0
1
-1
0
0
0
0
0
1
0
0
-1
0
0
0
0
1
0
0
1
-1
-1
0
0
0
0
0
0
0
0
0
0
0
-1
0
0
0
1
0
0
0
0
1
0
-1
-1
0
0
0
-1
0
0
0
0
0
-1
0
0
0
0
-1
0
0
0
0
0
0
0
0
0
0
0
0
0
0
-1
0
0
0
0
0
0
0
0
0
1
0
-1
0
0
0
0
0
0
0
0
0
0
0
0
0
0
0
0
0
0
0
-1
0
0
0
0
0
0
0
0
0
0
0
0
0
1
0
0
0
0
0
0
0
1
0
0
0
1
1
0
0
0
-1
1
1
0
0
0
0
0
0
0
1
0
0
0
1
0
0
0
0
0
-1
0
0
0
0
0
0
0
0
0
0
-1
-1
-1
0
0
0
0
-1
0
0
0
0
0
0
0
0
0
1
0
1
0
0
0
0
0
0
1
-1
0
1
-1
0
0
0
0
0
0
0
-1
0
0
0
-1
0
-1
0
0
0
0
0
-1
0
0
0
0
0
0
-1
0
0
0
0
0
0
0
0
-1
-1
0
0
0
0
0
1
0
0
0
0
0
-1
0
0
0
0
0
0
0
0
0
1
0
1
0
0
1
-1
1
0
0
0
-1
-1
0
0
0
-1
0
-1
0
0
0
-1
0
0
0
0
1
0
0
0
0
0
0
1
0
1
0
0
0
0
0
0
1
0
0
0
1
1
0
0
0
0
0
0
0
0
-1
1
0
0
0
0
0
0
0
1
0
0
-1
0
0
0
-1
-1
0
0
1
0
-1
0
0
0
0
0
0
-1
-1
0
0
-1
1
0
1
0
0
0
0
0
0
1
0
0
0
-1
0
0
0
0
0
1
-1
0
0
0
0
0
0
0
0
0
1
0
0
0
0
0
0
-1
0
0
-1
0
0
-1
0
0
0
0
0
0
0
0
1
0
0
-1
1
0
0
-1
-1
0
0
0
1
-1
0
0
0
-1
1
0
0
0
1
-1
0
0
0
0
0
0
0
0
0
0
0
-1
0
0
0
0
0
0
0
0
0
0
1
-1
0
0
-1
1
0
0
0
0
0
0
0
0
0
0
0
0
0
0
-1
0
0
0
0
0
0
0
-1
0
0
0
-1
0
0
-1
-1
0
0
0
0
0
1
1
-1
0
-1
0
0
0
0
0
0
0
0
1
0
0
0
0
-1
1
0
0
1
0
0
0
0
0
1
1
0
0
0
0
0
-1
0
-1
1
0
1
0
0
1
0
0
1
0
0
0
1
-1
-1
1
0
0
0
-1
0
0
1
0
0
0
0
0
0
-1
0
0
0
-1
0
0
1
1
-1
0
0
0
0
0
0
0
0
0
-1
1
0
0
1
0
0
0
0
1
-1
0
0
0
0
-1
1
0
0
-1
0
0
0
0
0
-1
0
-1
1
0
0
1
0
0
0
0
0
0
0
0
-1
0
0
0
1
0
1
0
0
0
0
-1
0
0
1
1
0
0
0
-1
-1
0
0
0
-1
0
0
1
0
1
0
0
1
0
0
1
0
0
0
0
0
0
0
0
0
0
0
-1
1
0
0
0
0
0
0
0
0
0
0
-1
0
-1
0
0
0
0
0
-1
0
0
0
1
0
0
0
0
0
0
0
0
0
-1
1
1
-1
0
0
0
0
0
0
0
0
0
0
0
0
0
-1
0
0
0
0
0
0
0
0
-1
0
0
0
0
-1
0
-1
0
0
0
0
0
-1
0
0
-1
0
0
0
1
0
0
0
0
0
0
1
0
0
0
0
0
1
0
0
0
1
1
0
0
0
0
0
0
0
0
1
1
1
0
0
-1
0
0
0
-1
-1
0
0
0
0
0
0
0
0
0
0
0
0
0
0
0
0
0
0
0
0
0
1
1
1
0
-1
0
0
0
0
0
0
1
-1
-1
0
0
0
0
0
1
0
-1
0
0
0
0
0
0
0
0
-1
0
0
0
0
1
0
0
0
0
0
-1
1
1
0
0
0
0
1
0
0
0
0
0
0
0
0
0
0
0
0
1
0
0
0
0
0
0
1
0
0
0
0
0
0
0
0
0
0
1
0
-1
0
0
0
0
-1
0
0
0
0
0
0
-1
0
0
-1
0
0
0
-1
1
0
0
0
0
0
0
0
0
0
0
0
0
0
-1
0
-1
0
0
0
0
0
0
0
0
0
1
0
0
0
0
0
0
0
0
0
0
0
1
0
0
0
0
0
0
0
0
0
-1
0
0
1
0
0
0
0
0
0
0
1
0
0
0
0
0
0
-1
0
1
0
0
0
0
0
0
0
0
-1
0
0
0
0
0
0
0
0
1
0
-1
0
1
0
0
-1
0
0
0
0
-1
0
0
0
0
1
0
0
0
0
0
0
0
0
-1
0
0
0
0
0
0
0
0
0
1
0
0
0
0
0
1
0
0
1
0
1
-1
0
0
0
0
0
0
0
0
-1
0
-1
-1
0
0
0
0
0
0
0
0
0
0
-1
0
-1
0
0
0
0
0
0
-1
0
0
0
0
0
0
0
0
0
0
0
0
0
0
0
0
0
1
1
0
-1
0
0
0
0
0
0
0
0
0
0
0
0
0
0
0
0
1
0
0
0
0
0
1
0
0
0
0
0
0
0
-1
-1
0
0
0
0
0
-1
-1
0
0
0
-1
1
0
0
-1
0
0
0
0
0
0
0
0
0
0
0
0
0
0
0
0
1
0
0
-1
0
0
0
0
0
0
1
0
0
-1
-1
0
0
0
0
-1
0
0
0
0
0
1
0
0
1
0
1
0
0
0
0
0
0
-1
0
0
0
0
0
0
1
0
0
0
0
0
0
-1
-1
0
-1
0
0
0
0
0
0
0
0
0
0
0
0
0
0
-1
0
0
0
0
1
0
0
0
0
0
0
0
0
0
0
-1
1
-1
0
0
0
0
0
0
0
0
1
0
1
0
0
0
1
-1
0
0
0
0
0
0
0
0
0
0
-1
0
0
0
0
1
1
0
1
0
0
0
0
0
0
0
0
0
0
-1
-1
-1
-1
0
0
0
0
0
-1
0
0
0
0
0
-1
0
-1
0
1
0
0
1
0
0
-1
0
-1
0
0
0
-1
0
1
-1
0
0
0
0
-1
0
1
0
-1
1
1
0
1
-1
0
0
1
0
0
-1
1
0
0
1
0
0
0
0
1
0
0
0
0
1
0
-1
0
-1
0
1
0
1
-1
0
1
0
0
0
0
0
-1
0
0
0
0
0
0
0
0
0
0
-1
0
1
0
1
0
-1
0
0
1
0
0
0
0
0
0
-1
0
-1
0
0
0
0
0
0
0
1
0
1
0
0
0
0
0
-1
0
0
0
0
0
-1
0
0
0
0
0
0
1
0
0
0
0
1
0
0
0
0
0
0
0
0
0
-1
0
1
0
0
0
0
0
0
0
0
0
0
0
0
0
0
0
-1
1
0
0
0
-1
0
0
0
1
0
0
0
-1
0
0
0
0
1
1
0
1
0
0
-1
0
-1
0
0
0
0
0
0
0
0
0
0
0
0
0
1
0
0
0
0
0
0
0
0
0
0
0
0
0
0
0
0
0
0
1
0
0
0
1
0
0
0
0
0
0
0
0
1
1
0
0
1
0
0
0
0
0
1
0
0
-1
1
0
-1
-1
0
0
0
0
0
1
0
1
0
0
0
1
0
-1
0
-1
0
0
-1
0
0
0
-1
0
0
0
0
0
0
0
0
1
-1
0
0
0
0
-1
0
0
0
0
0
1
0
0
0
0
0
0
0
0
1
1
0
0
0
0
0
0
0
0
0
1
0
-1
0
0
0
0
0
0
0
0
0
0
1
0
1
1
1
0
0
0
0
0
0
0
0
0
0
0
0
-1
0
0
0
-1
0
-1
0
0
0
0
0
0
0
-1
1
0
1
0
0
0
0
1
1
0
-1
0
1
-1
0
0
0
0
0
0
0
0
0
0
0
0
0
1
-1
0
0
0
0
0
0
0
-1
0
-1
0
0
0
0
0
-1
0
1
0
0
0
1
0
0
0
0
0
0
0
0
0
0
0
0
0
0
1
0
1
0
-1
-1
-1
0
0
0
0
0
0
0
-1
0
0
1
-1
0
1
0
0
0
0
0
0
0
-1
0
0
0
0
0
0
0
0
0
0
0
0
0
0
0
0
0
0
0
0
0
0
1
0
1
0
0
0
1
0
0
-1
1
0
-1
0
0
-1
0
0
0
0
-1
0
0
0
0
1
0
0
0
1
0
0
1
-1
0
0
0
0
0
0
-1
0
1
0
0
0
1
-1
0
0
0
-1
0
0
0
-1
0
1
0
-1
0
0
-1
-1
0
0
0
0
-1
-1
-1
0
0
0
0
0
0
0
0
0
1
0
-1
0
1
0
1
0
0
0
-1
0
0
0
0
0
0
-1
1
0
0
0
0
1
0
0
0
-1
0
1
0
0
0
0
0
0
0
0
0
0
-1
1
-1
0
1
0
0
0
0
0
0
0
0
0
0
0
0
0
0
0
1
0
0
0
0
-1
1
0
0
0
0
0
0
0
0
0
0
0
0
-1
0
0
0
-1
0
0
1
1
0
0
0
0
-1
0
1
0
-1
0
0
0
0
-1
0
0
0
0
0
-1
-1
0
0
0
0
1
0
0
0
0
-1
0
0
0
0
0
0
0
0
1
0
-1
0
0
-1
0
0
0
0
0
0
0
0
0
0
0
1
0
0
0
0
-1
-1
0
-1
0
0
0
-1
0
0
0
0
1
1
-1
0
0
-1
-1
0
0
-1
0
0
-1
0
0
-1
1
-1
0
0
-1
0
0
0
0
0
0
0
1
0
0
-1
1
1
0
0
0
0
0
0
0
0
0
1
0
0
0
0
0
0
-1
0
0
-1
0
0
1
0
0
1
0
0
0
1
0
0
0
0
0
0
1
-1
0
0
0
1
0
-1
0
0
0
0
0
-1
0
0
0
0
1
0
0
1
0
0
0
1
0
0
0
0
0
1
0
0
0
0
0
0
0
1
0
0
0
0
-1
0
0
-1
-1
0
-1
0
0
0
1
1
0
0
0
-1
1
0
0
0
0
1
0
1
0
0
1
1
0
0
0
0
0
-1
0
0
0
-1
0
0
1
0
0
0
0
1
0
1
0
0
0
0
-1
0
0
0
0
0
-1
0
0
0
1
1
0
0
-1
0
0
1
0
0
-1
1
0
0
0
0
-1
0
0
0
0
0
0
0
0
0
0
0
1
0
0
0
-1
0
1
0
0
1
-1
0
-1
-1
0
0
0
0
0
0
0
0
-1
0
-1
1
0
1
1
0
0
0
0
0
0
0
0
0
0
0
0
0
0
1
0
-1
0
0
0
0
0
0
-1
0
0
-1
0
0
0
0
0
0
0
1
1
0
0
0
0
0
0
0
-1
0
0
0
0
0
0
-1
-1
0
0
0
0
0
1
0
1
-1
0
0
-1
0
0
0
1
0
0
0
0
0
0
0
1
0
1
0
0
0
-1
-1
0
0
0
0
1
0
-1
0
0
0
0
1
0
-1
0
0
0
0
0
1
0
0
0
0
0
0
0
0
0
0
1
0
0
0
0
0
0
0
0
0
0
0
0
0
-1
-1
0
0
0
0
0
0
-1
0
0
-1
0
0
0
0
0
0
0
0
0
0
0
0
0
0
0
0
0
-1
0
0
1
0
0
-1
1
0
0
0
0
0
0
0
0
0
0
-1
1
0
0
-1
0
0
0
1
0
-1
0
0
0
0
0
0
0
1
-1
0
-1
0
-1
-1
0
0
0
1
0
0
0
0
0
1
0
-1
-1
0
0
0
0
0
0
0
-1
0
-1
0
1
0
0
0
0
1
0
0
0
0
0
-1
-1
0
0
0
0
-1
0
1
0
1
0
0
0
0
-1
0
0
0
-1
0
0
0
0
0
0
0
0
-1
0
0
0
1
0
1
0
-1
0
1
0
0
-1
0
0
0
0
0
0
1
0
1
0
0
0
0
0
1
0
1
0
0
0
1
0
0
0
0
0
-1
0
0
0
0
0
0
0
0
0
-1
0
0
0
0
0
0
0
0
0
0
1
0
1
0
0
1
0
0
1
0
0
1
0
0
1
0
0
0
0
0
0
0
0
0
0
0
1
0
0
-1
0
0
-1
0
-1
0
0
1
1
0
0
0
-1
0
0
0
0
0
0
1
0
0
-1
0
0
0
0
-1
0
1
0
0
0
0
0
-1
0
0
0
0
0
0
0
1
0
0
0
0
0
-1
0
0
0
0
0
1
0
0
0
0
0
0
0
1
0
-1
0
-1
1
0
0
0
0
-1
0
-1
0
0
0
0
-1
1
0
0
0
1
0
-1
0
1
1
0
-1
0
0
0
0
0
0
0
0
-1
0
0
0
0
1
-1
0
0
-1
0
0
0
0
0
1
1
0
0
0
-1
-1
0
0
0
1
0
0
0
0
0
0
1
0
0
-1
0
0
1
0
0
0
0
0
1
0
0
-1
0
0
0
0
0
0
0
0
1
0
0
0
0
0
0
0
0
1
0
0
0
0
0
0
-1
0
0
0
0
1
0
0
1
0
0
0
1
-1
0
-1
0
0
0
1
0
0
0
0
0
0
1
0
0
0
0
0
0
0
0
0
-1
0
0
0
1
0
0
0
1
0
0
0
0
0
0
0
0
0
0
1
0
1
0
-1
0
0
-1
0
0
0
-1
0
0
0
-1
0
-1
1
-1
1
0
0
0
0
0
1
0
1
0
0
0
0
0
0
0
0
0
0
0
1
0
0
-1
0
0
0
0
0
0
0
0
0
0
-1
0
0
1
0
0
-1
0
0
0
0
0
0
0
0
-1
0
1
0
0
0
0
1
0
0
0
0
0
-1
0
0
-1
0
0
0
0
0
0
0
0
0
0
0
1
1
1
1
0
0
-1
1
0
0
0
0
0
0
0
0
0
0
0
0
1
0
0
1
0
1
0
0
1
0
0
0
0
1
0
0
-1
0
0
1
1
0
0
-1
0
-1
-1
0
0
0
1
1
0
-1
0
1
0
0
0
0
1
0
1
-1
0
1
0
0
0
-1
0
0
0
1
0
-1
0
-1
-1
0
0
1
0
0
0
1
1
0
0
1
1
-1
0
-1
0
0
0
1
0
0
0
0
-1
0
0
-1
0
0
-1
-1
1
0
0
0
0
-1
0
1
0
0
0
-1
1
0
1
0
1
-1
0
0
0
-1
0
0
0
0
0
0
0
0
0
0
0
0
0
0
0
0
0
1
0
0
0
0
1
0
0
0
0
0
0
0
0
0
0
0
0
0
0
0
0
0
0
0
0
1
0
0
0
0
-1
0
0
1
0
0
0
0
0
-1
0
0
0
0
0
0
-1
0
0
-1
0
0
0
-1
0
0
0
0
-1
0
0
0
0
0
0
0
0
0
0
0
0
0
0
0
-1
0
0
0
-1
0
-1
0
-1
0
0
0
0
1
0
0
0
0
-1
1
0
0
0
0
0
1
0
0
0
0
0
0
1
0
0
0
0
-1
0
-1
0
0
0
0
0
0
0
0
0
0
0
0
0
0
0
0
0
1
0
1
1
0
1
0
0
0
0
0
1
0
1
0
0
0
1
0
0
-1
0
0
1
0
-1
0
0
0
0
-1
-1
1
0
0
1
0
0
1
0
0
0
-1
1
0
0
0
0
0
0
-1
0
0
0
0
0
0
0
0
0
0
0
0
0
0
0
0
0
0
0
0
-1
0
-1
0
-1
0
0
0
0
0
-1
0
-1
1
0
0
0
0
0
-1
0
-1
0
-1
0
0
0
0
-1
0
-1
0
1
0
0
0
0
0
0
1
0
0
0
0
0
0
-1
0
0
0
0
0
0
0
0
1
0
1
1
0
0
0
0
0
0
0
0
0
0
1
0
1
0
0
0
0
0
0
0
1
0
0
0
1
0
1
1
0
0
0
0
-1
0
0
1
0
0
0
0
0
0
0
0
0
0
0
0
0
-1
0
0
0
0
0
0
0
0
0
-1
0
1
0
0
0
0
0
0
0
-1
1
0
0
0
1
0
1
0
0
0
0
0
0
0
-1
0
1
0
0
0
1
0
0
0
0
-1
1
1
0
0
1
0
0
0
0
0
0
0
0
-1
0
0
0
0
1
0
0
0
0
0
0
-1
-1
1
0
0
1
0
0
-1
0
-1
1
0
1
0
0
0
0
1
-1
0
0
0
0
0
0
0
0
0
0
0
0
0
0
-1
0
0
0
0
1
0
0
0
0
0
0
0
0
-1
0
0
0
-1
0
0
1
0
-1
0
0
0
0
1
1
1
0
0
-1
0
0
-1
0
0
0
0
-1
0
0
0
0
0
0
1
0
0
0
0
0
1
0
0
0
0
0
0
0
-1
1
-1
0
-1
0
0
0
0
-1
0
0
0
0
0
0
0
0
0
1
0
0
0
0
0
0
0
0
0
0
0
0
0
0
-1
0
0
0
1
0
0
0
0
-1
0
-1
0
1
0
0
1
0
0
0
0
0
0
0
0
0
0
1
-1
0
-1
0
0
-1
0
0
0
0
-1
0
0
0
0
0
1
0
0
0
0
0
0
0
-1
0
0
0
0
0
0
-1
0
0
0
0
0
0
-1
0
-1
0
0
0
0
1
0
0
0
0
0
0
0
0
0
0
0
0
1
0
0
0
0
1
0
-1
0
1
0
0
0
0
0
0
0
-1
-1
0
0
0
1
0
-1
0
0
-1
0
0
0
-1
0
0
1
0
0
0
0
0
0
1
0
0
0
0
1
0
0
0
1
1
0
0
0
0
0
0
1
0
1
0
0
0
1
0
0
0
-1
1
1
0
-1
0
0
0
0
0
0
0
0
0
0
0
1
0
1
0
0
0
0
0
-1
0
1
0
0
-1
0
-1
0
0
-1
0
0
0
0
0
0
0
0
0
0
0
0
0
0
0
0
0
0
0
0
0
0
0
0
0
0
0
0
0
0
0
0
0
-1
0
0
0
0
0
0
0
-1
0
0
0
0
0
0
0
0
0
0
0
0
0
0
0
0
0
0
0
0
0
0
1
-1
0
0
0
0
0
0
0
1
0
0
0
0
0
-1
0
0
0
0
0
0
0
0
0
0
-1
-1
-1
-1
0
-1
0
0
0
0
0
0
-1
-1
0
-1
0
0
0
-1
0
0
0
0
0
0
0
1
0
0
0
0
0
0
0
0
0
0
1
1
0
0
0
0
0
0
0
0
0
0
0
1
0
0
0
0
0
1
1
0
0
0
0
0
-1
0
0
0
0
0
0
1
0
0
1
0
0
0
1
0
0
1
0
1
1
0
0
0
0
0
0
0
0
0
0
1
0
1
1
-1
0
0
0
0
0
0
0
0
0
0
0
1
0
0
1
0
0
0
1
0
0
0
-1
0
0
0
0
0
0
0
0
0
0
1
0
0
0
-1
-1
0
0
0
0
0
0
0
0
0
0
-1
0
1
0
0
0
0
0
0
0
-1
0
1
0
0
0
0
-1
0
-1
-1
0
0
0
0
1
0
0
0
0
0
0
0
0
1
1
0
1
-1
0
0
0
0
0
0
0
0
0
0
0
0
0
0
0
0
0
0
0
0
0
0
0
0
0
0
0
0
-1
1
0
1
0
0
1
0
0
0
0
0
1
-1
0
0
0
0
0
1
0
0
-1
0
0
0
0
1
0
0
1
-1
-1
0
0
0
0
0
0
0
0
0
0
0
-1
0
0
0
1
0
0
0
0
1
0
-1
-1
0
0
0
-1
0
0
0
0
0
-1
0
0
0
0
-1
0
0
0
0
0
0
0
0
0
0
0
0
0
0
-1
0
0
0
0
0
0
0
0
0
1
0
-1
0
0
0
0
0
0
0
0
0
0
0
0
0
0
0
0
0
0
0
-1
0
0
0
0
0
0
0
0
0
0
0
0
0
1
0
0
0
0
0
0
0
1
0
0
0
1
1
0
0
0
-1
1
1
0
0
0
0
0
0
0
1
0
0
0
1
0
0
0
0
0
-1
0
0
0
0
0
0
0
0
0
0
-1
-1
-1
0
0
0
0
-1
0
0
0
0
0
0
0
0
0
1
0
1
0
0
0
0
0
0
1
-1
0
1
-1
0
0
0
0
0
0
0
-1
0
0
0
-1
0
-1
0
0
0
0
0
-1
0
0
0
0
0
0
-1
0
0
0
0
0
0
0
0
-1
-1
0
0
0
0
0
1
0
0
0
0
0
-1
0
0
0
0
0
0
0
0
0
1
0
1
0
0
1
-1
1
0
0
0
-1
-1
0
0
0
-1
0
-1
0
0
0
-1
0
0
0
0
1
0
0
0
0
0
0
1
0
1
0
0
0
0
0
0
1
0
0
0
1
1
0
0
0
0
0
0
0
0
-1
1
0
0
0
0
0
0
0
1
0
0
-1
0
0
0
-1
-1
0
0
1
0
-1
0
0
0
0
1
0
-1
-1
0
0
-1
1
1
2
2
2
2
2
3
4
7
6
7
7
6
7
5
5
4
4
4
1
1
0
-1
-2
-2
-2
-2
-1
-1
1
1
2
2
3
3
3
2
3
2
1
2
2
0
0
0
-1
-1
-1
0
1
2
3
3
3
2
4
3
4
2
2
3
2
1
2
-1
0
0
0
0
2
1
2
2
3
1
2
1
0
-2
-3
-5
-7
-8
-9
-9
-9
-10
-8
-5
-4
-3
-3
-5
-6
-8
-9
-12
-14
-19
-19
-17
-15
-10
-7
-3
1
5
9
12
16
21
27
32
36
38
37
34
29
25
22
19
18
17
16
14
10
7
2
-4
-10
-15
-20
-24
-26
-25
-22
-19
-16
-12
-9
-10
-14
-18
-25
-33
-44
-55
-69
-83
-97
-110
-124
-136
-149
-161
-172
-180
-187
-186
-184
-177
-165
-151
-134
-116
-98
-79
-60
-43
-27
-10
6
22
39
55
75
92
112
126
141
153
163
172
178
183
188
189
190
190
190
185
182
181
179
180
184
191
204
220
241
261
281
297
309
315
315
309
301
289
275
260
247
233
221
208
193
182
167
150
132
112
93
75
59
45
33
26
16
6
-5
-21
-38
-60
-84
-111
-144
-179
-219
-266
-319
-380
-444
-515
-588
-662
-733
-803
-870
-936
-998
-1058
-1112
-1164
-1205
-1242
-1265
-1274
-1269
-1246
-1205
-1144
-1062
-959
-836
-698
-548
-385
-216
-43
130
299
464
617
761
894
1013
1116
1207
1282
1343
1387
1416
1432
1433
1421
1396
1359
1309
1245
1167
1080
982
879
771
667
567
478
402
336
283
241
203
171
141
113
84
55
27
1
-22
-41
-52
-56
-47
-34
-12
16
48
78
103
120
126
117
93
55
7
-52
-116
-185
-254
-323
-390
-458
-523
-593
-670
-759
-869
-999
-1155
-1333
-1528
-1732
-1930
-2106
-2245
-2331
-2346
-2285
-2143
-1916
-1619
-1264
-874
-472
-79
287
609
878
1087
1239
1340
1403
1440
1464
1480
1496
1515
1538
1562
1577
1573
1539
1474
1374
1239
1070
873
665
453
259
90
-42
-132
-181
-191
-169
-130
-86
-46
-23
-24
-52
-110
-192
-291
-395
-495
-577
-634
-661
-655
-618
-555
-477
-392
-313
-247
-197
-166
-158
-169
-195
-229
-262
-285
-289
-271
-230
-169
-92
-3
93
189
275
347
396
420
420
399
362
315
261
210
167
137
118
106
97
90
79
59
26
-24
-89
-170
-262
-357
-445
-521
-578
-612
-622
-608
-573
-517
-442
-359
-272
-184
-101
-27
43
108
179
253
329
410
495
579
660
735
805
868
913
937
940
922
883
826
755
669
579
488
398
311
231
156
91
31
-21
-73
-126
-178
-232
-285
-333
-381
-427
-465
-495
-515
-527
-530
-520
-501
-476
-447
-418
-391
-371
-360
-359
-369
-383
-398
-413
-431
-450
-466
-479
-489
-499
-511
-525
-543
-568
-597
-630
-667
-703
-741
-769
-781
-777
-753
-709
-645
-559
-457
-342
-218
-91
34
152
263
363
452
532
603
667
727
790
849
910
969
1027
1082
1131
1171
1199
1213
1214
1203
1179
1143
1096
1043
988
937
889
848
811
779
749
722
693
659
618
566
506
435
355
270
185
105
32
-28
-73
-99
-106
-96
-74
-47
-21
-4
0
-13
-44
-94
-161
-239
-323
-407
-490
-570
-647
-724
-805
-902
-1024
-1183
-1384
-1627
-1910
-2224
-2558
-2889
-3193
-3438
-3597
-3652
-3580
-3371
-3022
-2545
-1965
-1319
-644
20
642
1189
1643
1984
2211
2336
2382
2376
2342
2295
2249
2220
2215
2231
2254
2260
2229
2145
2004
1806
1547
1231
871
493
129
-195
-466
-668
-798
-857
-852
-799
-720
-637
-576
-541
-543
-585
-662
-767
-885
-999
-1081
-1122
-1111
-1050
-937
-775
-577
-360
-141
59
232
368
461
515
531
523
500
478
471
489
533
600
687
789
899
1003
1093
1160
1201
1215
1202
1164
1105
1032
953
873
795
721
654
588
521
444
355
252
136
8
-132
-273
-411
-533
-635
-718
-777
-808
-812
-793
-764
-728
-689
-644
-593
-542
-497
-460
-421
-384
-359
-361
-395
-465
-581
-755
-985
-1265
-1579
-1918
-2253
-2549
-2769
-2897
-2916
-2811
-2564
-2179
-1680
-1114
-521
66
624
1124
1527
1807
1970
2040
2044
2000
1921
1827
1735
1662
1620
1607
1609
1597
1552
1469
1351
1193
979
702
381
53
-257
-525
-754
-937
-1066
-1125
-1114
-1050
-962
-870
-783
-707
-646
-604
-585
-588
-605
-619
-610
-565
-491
-391
-264
-95
115
341
560
764
953
1126
1266
1367
1420
1430
1405
1353
1286
1212
1134
1061
999
959
944
944
944
935
923
906
870
802
699
574
434
288
143
12
-98
-180
-232
-249
-233
-196
-157
-125
-108
-104
-122
-173
-259
-367
-488
-612
-733
-848
-943
-1019
-1086
-1159
-1246
-1355
-1502
-1706
-1968
-2283
-2637
-3009
-3359
-3639
-3813
-3869
-3796
-3558
-3117
-2487
-1733
-933
-136
644
1393
2055
2558
2856
2974
2976
2918
2818
2658
2454
2247
2105
2062
2090
2124
2109
2037
1934
1810
1637
1350
932
430
-62
-492
-863
-1208
-1522
-1756
-1855
-1811
-1673
-1518
-1390
-1270
-1127
-962
-836
-797
-844
-921
-972
-973
-939
-896
-829
-694
-457
-130
235
588
909
1201
1465
1689
1851
1929
1923
1865
1790
1712
1616
1499
1388
1321
1308
1324
1338
1329
1298
1252
1185
1082
933
738
517
295
80
-123
-311
-474
-597
-659
-656
-612
-550
-473
-379
-281
-188
-122
-103
-135
-201
-272
-341
-427
-540
-656
-749
-805
-827
-845
-891
-986
-1112
-1260
-1463
-1758
-2126
-2536
-2969
-3396
-3755
-3987
-4095
-4089
-3920
-3512
-2852
-2022
-1140
-284
543
1371
2163
2787
3141
3247
3223
3164
3063
2882
2612
2310
2073
1966
1979
2034
2033
1949
1829
1730
1631
1428
1043
511
-32
-473
-816
-1148
-1503
-1816
-1980
-1952
-1806
-1649
-1532
-1432
-1296
-1115
-933
-825
-824
-892
-941
-907
-808
-707
-630
-534
-340
-22
349
679
929
1146
1386
1648
1852
1933
1899
1829
1781
1746
1679
1562
1430
1327
1284
1302
1348
1358
1311
1253
1232
1210
1098
875
615
394
221
69
-79
-216
-324
-375
-345
-262
-188
-147
-106
-35
53
100
74
-17
-142
-273
-397
-525
-681
-863
-1021
-1130
-1208
-1263
-1304
-1379
-1508
-1635
-1746
-1942
-2277
-2678
-3088
-3542
-4032
-4404
-4558
-4595
-4595
-4416
-3889
-3057
-2076
-1064
-119
745
1639
2572
3304
3613
3604
3537
3512
3446
3277
3015
2703
2437
2355
2475
2631
2649
2541
2430
2384
2346
2149
1648
917
224
-265
-650
-1125
-1703
-2192
-2421
-2403
-2270
-2123
-1992
-1873
-1723
-1501
-1243
-1074
-1088
-1218
-1289
-1187
-978
-818
-755
-663
-389
71
563
947
1229
1501
1808
2093
2276
2319
2230
2066
1910
1806
1714
1555
1326
1128
1059
1088
1102
1019
891
808
779
718
555
316
83
-75
-154
-189
-220
-240
-210
-85
131
355
489
537
579
660
726
682
494
275
120
-17
-204
-409
-601
-788
-931
-1019
-1114
-1217
-1301
-1405
-1563
-1706
-1829
-2056
-2453
-2935
-3354
-3731
-4203
-4706
-4969
-4946
-4856
-4701
-4241
-3426
-2419
-1352
-326
579
1459
2433
3303
3725
3710
3627
3677
3683
3479
3151
2820
2533
2386
2453
2595
2594
2440
2280
2190
2141
2030
1671
991
233
-277
-565
-925
-1474
-2028
-2352
-2381
-2241
-2103
-2001
-1871
-1679
-1439
-1171
-955
-910
-1028
-1151
-1116
-953
-826
-825
-823
-636
-237
222
604
915
1240
1605
1951
2201
2342
2382
2339
2252
2169
2097
1987
1804
1604
1471
1406
1326
1173
974
807
687
568
421
257
107
-10
-76
-86
-43
16
60
107
216
367
482
507
457
394
368
313
147
-85
-262
-388
-523
-661
-790
-940
-1083
-1166
-1226
-1299
-1341
-1390
-1575
-1812
-1910
-2002
-2397
-2986
-3403
-3704
-4210
-4804
-5113
-5174
-5251
-5225
-4786
-3945
-2893
-1740
-620
343
1323
2531
3661
4171
4080
3954
4069
4140
3898
3454
3014
2670
2516
2603
2775
2797
2628
2429
2375
2427
2335
1855
1022
149
-464
-819
-1231
-1895
-2560
-2889
-2879
-2714
-2488
-2252
-2048
-1809
-1443
-1001
-659
-569
-694
-799
-694
-443
-284
-319
-381
-185
300
805
1118
1322
1587
1959
2330
2569
2640
2621
2520
2283
2008
1841
1684
1352
919
623
518
427
240
47
-36
-42
-30
-16
-31
-102
-131
-37
108
225
332
453
543
618
717
781
736
616
510
434
315
115
-113
-353
-532
-642
-783
-967
-1151
-1202
-1213
-1325
-1393
-1411
-1518
-1728
-1858
-1873
-2169
-2813
-3312
-3581
-4018
-4682
-5146
-5188
-5178
-5234
-4965
-4245
-3230
-2047
-841
208
1093
2209
3629
4562
4563
4223
4222
4468
4368
3866
3299
2845
2601
2554
2670
2784
2689
2446
2285
2308
2332
2078
1368
348
-516
-945
-1256
-1906
-2783
-3379
-3458
-3232
-2975
-2756
-2507
-2182
-1770
-1279
-790
-447
-360
-463
-508
-316
-30
18
-173
-200
167
718
1163
1485
1800
2144
2489
2784
2934
2880
2668
2387
2096
1848
1624
1304
843
454
330
327
198
3
-58
33
161
243
263
269
326
413
459
495
598
735
805
796
760
719
666
603
515
377
190
-50
-342
-619
-791
-892
-1058
-1324
-1504
-1452
-1342
-1401
-1499
-1454
-1472
-1702
-1857
-1861
-2182
-2934
-3533
-3794
-4304
-5210
-5822
-5849
-5833
-5995
-5789
-4899
-3632
-2236
-761
532
1518
2639
4132
5266
5295
4711
4541
4801
4708
4054
3335
2838
2494
2347
2489
2692
2618
2294
2046
2032
2068
1826
1069
-75
-1061
-1484
-1689
-2287
-3166
-3693
-3643
-3321
-2978
-2644
-2287
-1882
-1368
-759
-161
267
417
359
345
605
1014
1162
904
662
882
1400
1741
1805
1860
2075
2352
2514
2485
2288
2009
1704
1376
1064
808
526
132
-227
-299
-132
-22
-67
-60
128
385
579
689
759
848
983
1086
1090
1072
1125
1160
1036
806
628
493
244
-104
-363
-522
-745
-1051
-1328
-1467
-1447
-1406
-1524
-1675
-1588
-1375
-1325
-1384
-1407
-1531
-1746
-1774
-1767
-2249
-3110
-3702
-4055
-4777
-5750
-6228
-6192
-6256
-6334
-5755
-4472
-2962
-1396
149
1362
2364
3750
5401
6274
5916
5206
5069
5254
4976
4160
3349
2807
2450
2336
2505
2614
2341
1887
1639
1633
1618
1307
472
-750
-1717
-2035
-2194
-2799
-3609
-3940
-3655
-3137
-2646
-2171
-1678
-1162
-571
93
637
877
860
772
815
1108
1409
1288
878
767
1092
1453
1630
1711
1789
1943
2137
2191
2030
1753
1404
1013
693
496
341
71
-344
-594
-382
1
116
100
313
684
980
1151
1240
1353
1548
1658
1536
1382
1392
1401
1200
875
612
425
206
-118
-497
-797
-989
-1215
-1519
-1710
-1684
-1655
-1809
-1970
-1928
-1710
-1513
-1510
-1718
-1973
-2038
-1939
-2156
-2895
-3663
-4064
-4535
-5615
-6681
-6888
-6776
-6935
-6820
-5797
-3935
-1931
-145
1550
2966
4406
6312
7722
7699
6733
5999
5936
5609
4635
3699
2900
2148
1659
1605
1930
1920
1341
867
763
924
887
69
-1238
-2438
-3043
-3069
-3396
-4204
-4716
-4521
-3750
-2885
-2137
-1261
-406
269
1041
1938
2677
2966
2770
2468
2425
2514
2247
1513
894
836
1085
1168
1004
904
1048
1227
1213
1058
879
651
356
109
-12
-100
-259
-411
-363
-55
357
701
971
1270
1665
2051
2205
2105
1983
1964
1924
1747
1475
1222
1077
968
709
326
-2
-324
-837
-1357
-1579
-1639
-1872
-2281
-2537
-2476
-2282
-2143
-2131
-2151
-2019
-1788
-1689
-1891
-2130
-1923
-1767
-2441
-3466
-4021
-4249
-5125
-6748
-7653
-7535
-7509
-7508
-6766
-4920
-2268
332
2476
4020
5437
7567
9389
9515
8304
6900
6319
5905
4539
3014
1868
886
305
189
665
1159
840
305
64
160
417
-190
-1657
-3026
-3777
-3706
-3719
-4394
-4693
-4194
-3233
-2037
-882
336
1512
2262
2857
3647
4452
4735
4171
3327
2909
2742
2174
1103
203
-61
-64
-296
-650
-718
-445
-172
-76
-16
91
83
-154
-412
-371
-48
246
359
540
1063
1785
2310
2556
2828
3286
3620
3465
2922
2433
2177
1886
1333
660
74
-405
-842
-1227
-1526
-1770
-2118
-2595
-2902
-2795
-2507
-2445
-2573
-2516
-2105
-1569
-1320
-1445
-1517
-1236
-887
-952
-1331
-1412
-1256
-1726
-3036
-4171
-4470
-5134
-7050
-8748
-8952
-8464
-8183
-7741
-6145
-3126
284
3229
5286
6681
8657
11265
12398
10838
8465
7015
6211
4778
2599
1057
24
-1023
-1919
-1919
-862
-318
-784
-1417
-1296
-602
-657
-2088
-4095
-5196
-4982
-4442
-4488
-4624
-3828
-2151
-454
1043
2898
4881
6081
6455
6781
7185
6941
5638
3778
2298
1530
751
-701
-2263
-2904
-2672
-2544
-2937
-3190
-2630
-1587
-894
-696
-423
148
580
667
890
1662
2537
2786
2581
2883
3970
4910
4877
4340
4232
4471
4130
2926
1685
1054
600
-262
-1302
-1990
-2356
-2796
-3349
-3553
-3115
-2615
-2771
-3115
-2720
-1809
-1265
-1273
-1273
-827
-141
195
-14
-356
-340
-293
-872
-1766
-2366
-2469
-2836
-4447
-6125
-6761
-7307
-8924
-11229
-11795
-10556
-9458
-8592
-6948
-2996
2193
6657
9524
10946
13146
15417
15574
13567
10320
7682
5959
3632
713
-1581
-3073
-4041
-4650
-4500
-3190
-1897
-1935
-2857
-3062
-2133
-1546
-2541
-4554
-5838
-5329
-4013
-3426
-3120
-1663
885
3353
5341
7203
8787
9411
8828
7758
6961
5954
3698
555
-1864
-2914
-3699
-5170
-6591
-6575
-5144
-3727
-3173
-2796
-1688
-136
975
1521
2152
3105
3857
4109
4380
5157
5949
5931
5251
4890
5124
5043
3918
2321
1260
696
-264
-1816
-3090
-3419
-3280
-3439
-3741
-3644
-3142
-2619
-2312
-1867
-975
-193
34
139
963
2271
2777
2535
2353
2284
2276
1612
189
-915
-1890
-2931
-4009
-5629
-6572
-6639
-7684
-9430
-10495
-10298
-10176
-12135
-14069
-13082
-10353
-7717
-5585
-2383
3950
11019
15270
16311
15852
15780
16073
14858
10973
6320
2657
127
-2592
-5610
-7004
-7781
-8271
-8025
-6802
-4267
-2311
-1763
-2015
-1457
153
745
-305
-1773
-2030
-798
616
1131
1717
3507
5645
6994
7693
8175
7826
6132
3618
1232
-738
-2915
-5638
-7960
-8659
-7954
-7154
-6767
-5833
-3378
-65
2376
3267
3633
4516
5582
5993
5813
5710
5752
5428
4749
4325
4253
3795
2529
1094
201
-475
-1716
-3441
-4663
-4798
-4373
-4137
-3980
-3208
-1667
27
1291
2158
2901
3416
3424
3124
2941
2793
2328
1586
1050
1013
1115
704
-322
-1224
-1752
-2620
-4151
-5835
-6996
-7316
-7311
-7683
-7943
-7462
-6684
-6656
-6814
-5998
-5686
-7277
-9087
-8260
-5467
-2728
-459
2102
7748
14226
16896
16538
14886
13947
13793
10920
4916
-1561
-6277
-8731
-10619
-12032
-11830
-10420
-8128
-5492
-2250
2176
5323
5978
5443
5208
5883
5098
2345
-523
-1758
-383
1108
1220
1320
2594
4324
4638
3517
2186
753
-1625
-4636
-6818
-7656
-8243
-9067
-8562
-5607
-1498
1562
3168
4773
7165
9232
9417
7672
5490
4115
3274
2106
709
-64
15
151
-231
-500
-22
337
-549
-1874
-2239
-2139
-2709
-3355
-2708
-826
957
1891
2508
3612
5019
5599
4984
4048
3197
1980
234
-1361
-2122
-2548
-2974
-3028
-2658
-1764
-945
-1294
-1851
-1473
-1185
-1750
-3056
-4094
-4096
-3794
-3819
-3995
-3729
-2981
-1814
-1430
-2514
-3541
-4195
-5753
-9680
-13237
-12702
-9677
-6402
-3912
-115
7729
14879
17037
16520
15015
13848
12865
8645
1768
-4578
-8823
-10705
-11597
-11325
-9103
-6215
-3364
-436
2970
6673
8167
6924
4648
2894
2349
713
-2186
-4058
-3613
-900
1620
2984
3982
4832
5094
3952
1681
-981
-3865
-6887
-9123
-9631
-8618
-7086
-5308
-2353
1882
5825
7848
8123
8122
8291
7504
4931
1505
-1077
-2174
-2406
-2285
-1572
-105
1528
2578
3001
3178
3007
2044
434
-1036
-1935
-2605
-3181
-2958
-1395
716
2035
2414
2892
3905
4514
3830
2295
929
-41
-1085
-2199
-2722
-2282
-1425
-870
-509
124
865
984
337
-256
-365
-668
-1884
-3705
-4811
-4566
-3842
-3469
-3451
-3174
-2344
-1860
-2561
-4297
-5768
-6556
-9105
-13389
-15252
-13080
-8381
-3888
-546
5761
14776
19292
18238
15574
12459
9740
6867
1393
-5371
-10001
-11903
-12021
-10951
-8653
-4892
-826
2194
4685
7166
8522
7420
4119
919
-234
-208
-931
-2264
-2137
356
3427
4919
4693
3920
2950
999
-2145
-5471
-8038
-9801
-10746
-10132
-7499
-3855
-594
2358
5954
9727
11591
10418
7588
5134
3316
1009
-2047
-4562
-5238
-4136
-2250
-276
1719
3602
4752
4625
3470
2041
682
-748
-2098
-2715
-2376
-1708
-1189
-344
1300
2988
3479
2764
2047
1940
1670
512
-958
-1676
-1508
-1195
-1087
-784
-51
577
533
62
-124
-46
-345
-1110
-1698
-1657
-1529
-1924
-2522
-2490
-1850
-1304
-1551
-2480
-2947
-3018
-3120
-4040
-5805
-6675
-6989
-8414
-11618
-13637
-10878
-5311
-243
3274
7816
14546
18305
17705
14650
9713
5795
3163
-1379
-7703
-12040
-12601
-10923
-8514
-5572
-1635
2269
4661
5975
7065
7449
6067
3011
144
-634
159
572
98
294
2324
4823
5397
3428
435
-2233
-4808
-7711
-10145
-10965
-10070
-8014
-4835
-504
3868
6732
8036
9038
9949
9170
5731
1309
-1430
-2002
-2226
-3276
-4016
-2857
-213
1985
2740
2757
2821
2644
1714
406
-515
-944
-1201
-1125
-299
934
1572
1344
1193
1832
2473
1852
149
-1070
-871
-11
383
351
577
1033
1035
393
-320
-606
-729
-1204
-1749
-1719
-1194
-848
-838
-557
121
393
-517
-2282
-3511
-3725
-3901
-4247
-4282
-3822
-2943
-2372
-2867
-4441
-5615
-5860
-8557
-13598
-14832
-10391
-3972
930
4706
11009
17533
18827
16267
11733
6053
2353
-683
-6015
-11390
-13594
-12053
-8426
-4438
-224
3801
6590
7564
7060
6386
5590
3139
-683
-2943
-1736
860
1883
1806
2671
4311
4821
3012
-662
-4610
-7371
-8960
-10182
-10561
-8921
-5642
-1961
1997
6269
9430
10027
8708
7276
6110
3888
119
-3326
-4310
-3097
-1675
-1065
-625
386
1614
2135
1701
958
488
187
-219
-437
72
1201
2185
2609
2802
2915
2394
991
-371
-728
-504
-779
-1419
-1178
281
1714
1979
1363
709
120
-852
-2164
-3105
-3139
-2428
-1467
-457
676
1889
2689
2508
1548
406
-741
-2173
-3865
-5202
-5304
-4009
-2527
-1940
-1773
-1140
-781
-1642
-3763
-5909
-7063
-9044
-12929
-16064
-13739
-6149
1207
5495
9573
15545
18577
16809
12187
5542
179
-2989
-6046
-9637
-11794
-10425
-6201
-1142
3229
6389
7754
7153
5347
3282
1461
-234
-1938
-2929
-1790
1400
4544
5618
4714
3534
2801
1182
-2640
-7553
-10882
-11246
-9521
-7118
-4306
-689
3382
6682
8273
8124
6693
4499
2133
197
-1088
-1910
-2242
-1583
280
2385
3225
2304
612
-637
-1298
-1864
-2317
-1969
-472
1578
3253
4162
4510
4480
3918
2618
718
-1292
-2795
-3247
-2446
-760
996
2110
2528
2621
2431
1526
-154
-1862
-2794
-2993
-2937
-2504
-1192
748
2303
2915
2847
2366
1431
114
-1302
-2581
-3445
-3708
-3399
-2844
-2074
-948
2
369
-56
-1473
-3440
-4923
-6088
-7533
-8555
-8546
-9084
-11703
-12088
-7097
-58
4937
7683
11928
16181
17101
14881
9151
2214
-2038
-4009
-6486
-8705
-8839
-6796
-3095
909
4397
6022
4994
2934
1387
704
329
-510
-1022
485
3764
6710
7429
5930
3600
1259
-1299
-4480
-7888
-10409
-11025
-9352
-5987
-2234
834
2960
4469
5524
5736
4721
2909
1467
1240
1916
2478
2430
2200
2291
2398
1688
-198
-2712
-4795
-5552
-4612
-2343
341
2655
4507
6150
7312
7185
5403
2668
114
-1742
-3058
-3861
-3665
-2145
99
1834
2280
1711
844
32
-824
-1687
-2182
-2056
-1519
-844
131
1603
3120
3691
2750
743
-1098
-2078
-2555
-2891
-2847
-1958
-542
381
92
-683
-1091
-1394
-2078
-3220
-4218
-5396
-6179
-5645
-5271
-5639
-5971
-6397
-9241
-13643
-13327
-6941
676
5277
8546
14251
18260
17077
12447
5541
-295
-3407
-5876
-8244
-9191
-7541
-3922
72
3524
5676
5623
3505
631
-1230
-1376
-766
59
1549
4101
7097
8780
7856
4669
540
-3482
-6920
-9527
-11016
-10995
-9127
-5591
-1282
2418
4332
4590
4396
4190
3231
1464
63
-90
943
2605
3885
3941
3268
2809
2030
-211
-3348
-5677
-6474
-5738
-3219
659
4299
6483
7305
7271
6453
4568
1622
-1453
-3337
-3671
-3069
-1899
-100
1913
3201
3237
2251
650
-1341
-3218
-4146
-3598
-1883
189
1948
3029
3407
3334
2888
1534
-850
-3188
-4050
-3142
-1472
12
1005
1814
2575
2567
899
-1653
-3633
-4673
-4906
-4903
-4529
-4129
-3691
-2244
-1431
-2609
-5181
-7586
-9788
-13547
-15784
-12464
-4481
3805
8668
12427
16350
17483
14592
7835
560
-3522
-5233
-6627
-7450
-5931
-2174
1497
3419
3903
3581
2136
-761
-3580
-3883
-1650
1434
4497
7356
9336
9474
7484
3936
-312
-4740
-8926
-11668
-11402
-8281
-4501
-1672
604
2793
3874
2852
379
-1869
-2560
-1457
735
3232
5579
7173
7338
6123
4106
1496
-1732
-4937
-6847
-6746
-5135
-2858
-48
3272
6063
7032
6212
4689
2998
950
-1066
-1885
-1093
257
1066
1396
1722
1849
1215
-260
-2022
-3297
-3600
-2933
-1454
546
2343
3231
3259
2890
2192
1111
-145
-1408
-2546
-2962
-2087
-449
883
1634
2081
2005
1023
-470
-1704
-2439
-2863
-3094
-3133
-2790
-2386
-2586
-3217
-3594
-3694
-4588
-6305
-7634
-9003
-12114
-14954
-12521
-4149
4470
8592
11530
15445
17202
14511
7370
238
-3542
-4437
-4395
-4723
-3809
-1005
2065
2878
1460
-33
-1190
-2553
-3627
-2589
718
4501
7672
9946
10298
7693
3145
-1148
-3958
-5882
-7855
-9228
-8317
-5140
-1985
-520
-229
-137
-387
-1244
-1920
-1403
335
2609
4993
7295
8722
8045
5126
1578
-1077
-2919
-4460
-5288
-4698
-2721
-386
1027
1630
2639
3827
3716
2537
1909
2062
2212
2325
2605
2790
2569
1689
197
-1166
-1768
-1950
-2272
-2586
-2384
-1591
-600
225
898
1585
2131
2146
1522
810
568
592
198
-690
-1152
-518
491
694
383
422
331
-668
-1896
-2452
-2665
-2786
-2644
-2237
-2097
-2616
-3857
-4782
-4173
-3945
-5499
-7557
-8972
-11485
-15359
-15673
-9567
415
7761
10967
14062
16571
15761
10288
2672
-2447
-3744
-3181
-3186
-3677
-2595
555
3028
2462
27
-1715
-2388
-2921
-2362
327
3947
6836
8626
9235
7966
4557
-56
-4155
-6284
-6433
-5993
-5566
-4276
-2138
-817
-1017
-1683
-2198
-2771
-2923
-1909
139
2694
5208
6916
7326
6517
4535
1615
-1176
-2668
-2734
-2149
-1568
-981
-250
190
-32
-279
332
1578
2576
3155
3806
4553
4688
3826
2462
1036
-672
-2541
-3575
-3043
-1395
179
800
677
627
708
271
-495
-692
-217
431
1053
1447
1392
1308
1525
1310
77
-1232
-1306
-279
563
603
384
223
-352
-1450
-2406
-2923
-3190
-3186
-2605
-1832
-1866
-2801
-3827
-4478
-5470
-7082
-8619
-10323
-13641
-16770
-14183
-4743
5735
10872
12444
14744
15859
12476
4743
-2056
-4438
-3121
-192
981
315
-29
909
1304
-774
-3677
-5148
-4654
-2530
990
4987
8064
9255
8429
6358
3769
698
-2850
-5340
-5090
-3205
-2218
-2464
-2587
-2661
-3654
-5000
-5307
-4440
-2954
-863
1733
3949
4951
4985
4800
4446
3400
1717
160
-461
228
1482
1708
549
-651
-1320
-2220
-3077
-2395
126
3067
5108
6032
6127
5378
3576
1166
-794
-1843
-2424
-2653
-1834
233
2233
2477
884
-972
-1895
-2116
-2090
-1464
113
2099
3448
3509
2363
704
-582
-1005
-906
-915
-852
-32
1284
1987
1614
477
-1093
-2531
-3220
-3276
-3121
-2454
-1196
-132
9
-1119
-3151
-5028
-5938
-6669
-7878
-8701
-9125
-11464
-15090
-13667
-4938
5283
10305
11430
13269
13916
10594
3954
-1631
-2789
-598
2552
3401
1856
330
-276
-973
-2618
-4090
-4714
-4489
-2430
2127
7058
9687
9719
7935
4955
1605
-1189
-3174
-3919
-2959
-1417
-989
-1760
-2989
-4807
-6958
-7738
-6126
-3476
-1431
296
2513
4537
5187
4448
3274
2547
2574
2709
2090
1296
1786
3150
3151
1098
-1315
-2878
-3915
-4126
-2278
1348
4538
5763
5475
4595
3220
1214
-867
-1924
-1434
-291
250
474
1559
2923
2587
380
-1753
-2621
-2605
-1936
-323
1857
3363
3300
1883
-63
-1745
-2431
-1928
-1120
-646
187
1696
2673
2283
1142
-168
-1613
-2913
-3639
-3436
-2065
-172
872
589
-512
-2351
-4820
-6730
-7263
-7253
-7443
-7587
-8558
-11805
-14937
-12449
-3511
5950
11273
13538
14408
12872
8667
3644
-546
-2378
-355
3746
5162
2399
-898
-2019
-2346
-3337
-4055
-3674
-2626
-806
2460
6581
9516
9509
6584
2483
-876
-2690
-3048
-2250
-857
244
285
-991
-3344
-6101
-8147
-8205
-5866
-2382
328
1597
2269
3035
3402
2750
1634
1330
2287
3681
4494
4492
3952
2975
1520
-226
-1909
-3240
-3829
-3042
-630
2404
4340
4387
3288
2099
1087
74
-696
-544
659
1992
2580
2554
2245
1392
-151
-1807
-2665
-2276
-1259
-349
832
2325
2674
1335
-343
-1665
-2498
-1831
34
1052
1185
1943
2687
1981
385
-996
-1865
-2137
-2118
-2095
-1520
-290
552
418
-491
-2194
-4527
-6613
-7584
-7292
-6399
-5810
-6212
-8523
-12625
-14819
-10679
-1496
6982
11853
13954
13538
10315
5558
991
-2001
-1423
3104
7434
6606
1399
-2919
-3781
-3196
-3126
-3248
-2931
-1944
213
3422
6348
7747
7092
4273
400
-2218
-2389
-1109
340
1512
1843
609
-1994
-5014
-7439
-8100
-6299
-3190
-925
-204
36
789
1823
2137
1143
-214
-93
1984
4473
5782
5791
5064
3601
1195
-1480
-3174
-3331
-2147
82
2579
3842
3076
1280
-8
-386
-428
-540
-471
241
1538
2641
2813
2180
1305
302
-879
-1724
-1650
-809
348
1572
2332
1803
114
-1515
-2321
-2425
-1728
-26
1751
2226
1590
1171
1219
799
-308
-1242
-1435
-1163
-834
-502
-70
438
681
234
-775
-1773
-2665
-3644
-4168
-3685
-3141
-3903
-5609
-7077
-8710
-11490
-13840
-12163
-5347
3332
9667
12080
11213
8227
4340
637
-1841
-1418
2792
8066
9622
6161
1171
-1867
-2782
-2950
-3069
-3129
-2654
-838
2220
4980
6153
5820
4230
1334
-1868
-3461
-2682
-454
1898
3286
2949
957
-1816
-4363
-5627
-4801
-2582
-977
-992
-1806
-2489
-2819
-2469
-1357
-279
269
859
1938
3245
4534
5410
5017
3194
960
-804
-1928
-2033
-610
1687
3227
3107
1817
254
-1044
-1702
-1388
-198
1173
1915
1882
1593
1497
1515
1260
577
-133
-285
188
892
1537
1885
1567
522
-861
-2065
-2467
-1695
-366
360
169
-393
-959
-1490
-1714
-1334
-665
-449
-799
-937
-377
454
1133
1666
1774
1003
-435
-1672
-1953
-1137
137
916
697
-438
-2115
-3668
-4524
-4920
-5480
-6034
-5872
-4929
-3516
-1454
1187
3196
3388
2013
161
-1256
-1368
373
3071
4634
3868
1689
-133
-773
-574
-197
-45
-44
301
1151
1765
1397
499
40
-27
-481
-1309
-1667
-1065
346
2138
3646
4248
3931
3111
2091
992
-172
-1345
-2092
-1891
-940
-41
314
212
34
125
430
484
42
-539
-778
-664
-496
-352
-89
212
264
83
37
262
465
514
645
870
726
37
-640
-669
-45
642
807
455
180
376
770
942
899
862
891
887
794
737
885
1200
1497
1610
1406
848
113
-459
-565
-174
314
486
432
449
434
169
-196
-396
-452
-490
-527
-540
-516
-452
-371
-339
-460
-742
-1063
-1402
-1902
-2471
-2772
-2823
-3107
-3756
-4365
-4817
-5340
-5500
-4316
-1893
193
593
-489
-1868
-2473
-1834
-296
1090
1461
1098
971
1383
1838
2116
2415
2510
1973
1105
624
611
635
675
1142
2073
2909
3188
3056
2943
3052
3264
3271
2805
1986
1250
736
149
-598
-1145
-1245
-1019
-604
-50
352
234
-345
-1018
-1640
-2271
-2779
-2838
-2266
-1263
-326
105
35
-151
-191
-223
-447
-729
-785
-562
-233
60
299
502
665
739
681
590
650
918
1336
1805
2072
1811
1050
342
275
797
1239
1143
828
825
1120
1376
1448
1345
1075
794
706
791
857
830
820
881
772
186
-767
-1560
-1769
-1398
-783
-387
-523
-1059
-1509
-1613
-1633
-1877
-2209
-2292
-2133
-2039
-2153
-2345
-2452
-2433
-2367
-2544
-3319
-4456
-4880
-3777
-1756
-296
-223
-1193
-2251
-2450
-1379
392
1656
1790
1349
1225
1523
1706
1473
1014
601
410
643
1393
2446
3524
4516
5224
5246
4425
3099
1775
834
524
805
1276
1515
1410
1067
579
-31
-714
-1265
-1380
-1047
-744
-912
-1415
-1835
-2018
-2007
-1800
-1429
-980
-472
59
422
397
-45
-640
-1035
-1093
-929
-681
-404
-100
233
486
462
180
-16
130
597
1220
1756
1935
1703
1305
1011
911
1002
1227
1459
1613
1678
1569
1260
973
970
1209
1419
1357
931
355
107
383
778
774
326
-182
-464
-564
-591
-499
-352
-381
-626
-908
-1219
-1655
-2047
-2071
-1696
-1238
-1047
-1224
-1617
-1966
-2061
-1996
-2236
-2988
-3815
-4416
-5023
-5400
-4636
-2658
-736
-28
-497
-1348
-1760
-1237
80
1423
1946
1458
606
212
499
1088
1530
1667
1719
2081
2874
3745
4217
4162
3774
3214
2521
1788
1232
1094
1444
2022
2413
2374
1908
1189
478
-81
-611
-1209
-1693
-1833
-1700
-1525
-1439
-1471
-1555
-1497
-1175
-765
-594
-765
-1066
-1181
-949
-517
-219
-216
-290
-183
58
202
189
113
-7
-176
-189
156
733
1305
1760
1887
1432
607
50
143
734
1409
1826
1899
1776
1581
1301
957
666
550
718
1129
1374
1028
276
-243
-258
-23
230
443
508
373
162
-52
-331
-633
-834
-956
-1122
-1258
-1187
-917
-629
-411
-262
-277
-565
-998
-1324
-1524
-1777
-2144
-2565
-3067
-3651
-4179
-4636
-5084
-5122
-4097
-2183
-518
-30
-635
-1595
-2106
-1668
-483
577
854
630
636
1124
1881
2696
3278
3253
2730
2293
2229
2319
2402
2563
2812
3004
2930
2430
1647
1045
975
1280
1538
1523
1276
872
346
-224
-711
-1060
-1289
-1372
-1244
-956
-710
-691
-873
-1075
-1182
-1240
-1346
-1487
-1501
-1199
-592
35
283
-36
-698
-1203
-1154
-552
234
808
1055
1127
1182
1193
1043
744
501
499
756
1124
1429
1570
1564
1454
1225
850
418
170
335
829
1257
1335
1125
766
394
203
277
493
768
1065
1222
1065
625
66
-435
-781
-973
-1004
-800
-448
-132
121
328
274
-213
-875
-1294
-1365
-1255
-1104
-1044
-1209
-1582
-2031
-2565
-3284
-4107
-4820
-5297
-5446
-5037
-3916
-2408
-1248
-999
-1622
-2509
-2765
-1797
-5
1461
1933
1831
1880
2235
2576
2622
2330
1837
1438
1490
2093
2876
3373
3497
3412
3092
2419
1549
881
749
1204
1915
2334
2148
1544
890
375
-17
-348
-669
-973
-1094
-918
-654
-645
-900
-1123
-1164
-1147
-1222
-1396
-1527
-1410
-1031
-659
-525
-588
-663
-643
-477
-133
332
701
766
570
349
268
375
689
1102
1311
1120
686
367
354
530
700
863
1056
1105
841
466
339
512
814
1162
1547
1816
1737
1313
837
601
631
725
656
348
-65
-375
-521
-560
-492
-292
-73
-1
-74
-133
-140
-295
-702
-1065
-1024
-712
-624
-899
-1231
-1486
-1871
-2441
-2952
-3306
-3658
-4012
-4235
-4434
-4757
-4858
-4236
-3025
-1895
-1323
-1318
-1520
-1284
-199
1295
2222
2116
1446
995
1142
1714
2273
2497
2409
2279
2328
2534
2723
2789
2789
2789
2690
2302
1654
1082
969
1350
1793
1808
1316
603
9
-263
-294
-369
-541
-551
-279
36
85
-246
-823
-1342
-1617
-1742
-1831
-1795
-1487
-908
-261
148
143
-184
-565
-749
-650
-392
-103
241
654
1038
1243
1123
689
219
-32
-110
-54
312
914
1303
1244
958
674
413
269
452
993
1637
2084
2155
1834
1288
799
518
394
410
652
1036
1275
1185
827
397
52
-179
-372
-539
-638
-650
-554
-366
-265
-471
-972
-1499
-1732
-1584
-1323
-1241
-1331
-1551
-1996
-2525
-2802
-2882
-3097
-3451
-3749
-4079
-4498
-4548
-3754
-2338
-1046
-473
-742
-1455
-1823
-1222
157
1431
1861
1517
1088
1130
1608
2125
2376
2357
2274
2347
2583
2799
2920
3018
3030
2720
2033
1223
597
317
442
868
1283
1374
1101
719
519
494
348
-55
-481
-669
-632
-573
-634
-793
-938
-1027
-1099
-1189
-1271
-1188
-781
-184
201
123
-297
-744
-876
-555
-65
207
227
213
270
333
302
149
-10
-34
61
163
231
315
499
823
1172
1360
1334
1213
1157
1218
1291
1257
1125
955
794
740
868
1031
1006
845
772
784
673
407
173
60
-27
-151
-270
-358
-430
-463
-428
-398
-497
-768
-1098
-1311
-1326
-1242
-1233
-1366
-1531
-1588
-1560
-1594
-1762
-1964
-2122
-2278
-2477
-2692
-2965
-3354
-3691
-3620
-3028
-2228
-1678
-1555
-1650
-1499
-807
203
958
1127
929
825
1068
1583
2127
2490
2568
2425
2251
2186
2179
2131
2049
1953
1805
1589
1364
1206
1206
1422
1753
1935
1772
1319
803
385
90
-94
-153
-148
-180
-305
-505
-749
-965
-1016
-821
-487
-264
-299
-479
-569
-513
-459
-548
-770
-1002
-1055
-805
-358
18
193
229
148
-103
-408
-498
-252
187
614
932
1122
1177
1130
1062
1054
1106
1165
1198
1207
1216
1245
1263
1199
1026
828
694
634
626
679
803
911
881
685
412
142
-93
-237
-248
-187
-186
-307
-487
-658
-860
-1157
-1460
-1599
-1518
-1320
-1138
-1051
-1060
-1123
-1254
-1502
-1817
-2085
-2305
-2546
-2819
-3103
-3460
-3899
-4191
-3980
-3198
-2206
-1498
-1259
-1270
-1156
-676
104
859
1287
1359
1297
1339
1571
1912
2170
2188
2001
1854
1949
2243
2531
2682
2683
2546
2289
1963
1652
1430
1350
1403
1436
1258
879
529
380
338
237
77
-34
-103
-223
-419
-623
-812
-961
-970
-813
-692
-803
-1062
-1196
-1061
-792
-652
-725
-824
-748
-538
-359
-259
-145
54
287
459
554
621
679
707
706
692
679
676
724
840
961
988
914
810
744
724
775
923
1106
1224
1240
1177
1065
924
778
672
652
671
624
484
297
99
-80
-193
-258
-386
-605
-774
-792
-738
-747
-841
-992
-1190
-1366
-1407
-1344
-1337
-1459
-1630
-1799
-1945
-2039
-2136
-2324
-2585
-2859
-3243
-3808
-4272
-4168
-3393
-2345
-1527
-1146
-1072
-1011
-726
-187
403
772
819
726
775
1108
1641
2170
2513
2647
2696
2761
2837
2892
2904
2832
2670
2460
2190
1792
1318
999
1014
1263
1451
1373
1090
797
583
366
71
-271
-573
-777
-837
-779
-730
-789
-891
-929
-957
-1069
-1194
-1166
-960
-736
-650
-685
-704
-642
-549
-442
-240
75
391
594
664
627
521
420
408
479
539
525
485
508
620
770
885
926
887
812
788
839
925
1025
1133
1191
1133
972
752
539
435
507
662
731
630
421
234
150
157
123
-74
-399
-627
-624
-504
-492
-666
-970
-1300
-1506
-1502
-1393
-1345
-1378
-1405
-1450
-1634
-1974
-2356
-2687
-2943
-3099
-3194
-3361
-3583
-3598
-3194
-2519
-1941
-1677
-1710
-1825
-1670
-992
31
925
1405
1530
1512
1535
1690
1922
2117
2258
2395
2556
2735
2876
2912
2850
2731
2531
2187
1746
1388
1277
1402
1572
1556
1251
747
248
-46
-97
-58
-134
-372
-618
-707
-663
-642
-724
-852
-940
-981
-991
-944
-819
-648
-512
-460
-491
-544
-524
-396
-202
-17
99
142
176
267
395
493
522
491
446
462
577
739
856
876
822
720
583
457
420
502
649
766
795
716
574
468
485
623
805
948
1016
1013
962
883
781
638
455
247
19
-208
-374
-436
-427
-442
-573
-836
-1161
-1437
-1577
-1588
-1573
-1599
-1657
-1711
-1775
-1886
-2027
-2173
-2330
-2523
-2769
-3086
-3452
-3734
-3729
-3360
-2765
-2171
-1723
-1422
-1162
-786
-231
394
881
1117
1179
1250
1454
1780
2127
2366
2428
2379
2403
2611
2914
3113
3088
2858
2492
2069
1685
1416
1273
1217
1198
1152
999
710
366
87
-70
-126
-141
-183
-292
-456
-622
-762
-881
-975
-1006
-940
-784
-611
-509
-493
-513
-554
-644
-774
-861
-827
-646
-349
-27
218
353
426
489
542
559
518
449
398
399
430
453
471
496
494
440
374
371
455
605
787
980
1124
1174
1123
1014
916
873
888
939
990
992
902
716
467
218
16
-132
-245
-325
-352
-339
-369
-520
-775
-1060
-1294
-1418
-1414
-1334
-1284
-1327
-1427
-1540
-1676
-1867
-2094
-2299
-2462
-2589
-2684
-2754
-2839
-2948
-2984
-2816
-2432
-1973
-1585
-1283
-972
-556
-50
435
781
951
1015
1097
1282
1571
1893
2164
2356
2480
2539
2497
2372
2217
2095
2026
1981
1905
1753
1539
1354
1248
1173
1034
817
612
502
470
443
347
157
-105
-375
-561
-612
-555
-467
-429
-484
-624
-796
-933
-993
-952
-819
-639
-479
-370
-277
-148
19
167
237
208
99
-28
-83
-18
133
276
335
310
256
228
242
269
289
344
503
751
981
1108
1151
1157
1135
1079
999
931
907
930
968
961
861
670
449
264
138
60
0
-73
-182
-335
-509
-662
-756
-801
-867
-1004
-1173
-1299
-1351
-1363
-1386
-1457
-1602
-1804
-2005
-2143
-2201
-2209
-2217
-2269
-2382
-2551
-2750
-2912
-2894
-2579
-2037
-1516
-1224
-1144
-1065
-779
-249
367
853
1096
1179
1262
1437
1668
1857
1943
1952
1972
2042
2118
2154
2154
2156
2167
2154
2064
1866
1627
1454
1396
1379
1267
1015
736
594
619
665
575
309
-40
-341
-519
-599
-669
-794
-939
-1000
-927
-785
-671
-624
-615
-587
-499
-396
-337
-334
-336
-295
-218
-156
-136
-125
-53
82
205
244
218
218
310
456
569
614
656
780
983
1160
1209
1116
975
889
889
922
918
839
706
583
525
526
541
526
468
381
259
89
-104
-253
-332
-376
-434
-522
-624
-733
-859
-1024
-1204
-1325
-1351
-1348
-1410
-1564
-1745
-1880
-1943
-1967
-2017
-2142
-2321
-2494
-2612
-2680
-2692
-2583
-2296
-1887
-1494
-1233
-1084
-925
-608
-88
501
933
1087
1039
986
1094
1370
1681
1874
1897
1818
1746
1744
1807
1901
1996
2058
2056
1984
1872
1749
1629
1523
1423
1297
1134
973
868
796
681
461
150
-157
-361
-441
-449
-464
-530
-640
-764
-863
-897
-858
-774
-675
-582
-511
-478
-472
-450
-394
-339
-305
-260
-178
-71
32
118
193
256
331
430
553
680
796
892
952
955
923
898
896
899
902
888
830
741
694
729
806
825
719
522
341
257
231
168
11
-210
-400
-487
-495
-495
-557
-696
-892
-1110
-1302
-1424
-1462
-1452
-1445
-1492
-1612
-1777
-1931
-2026
-2077
-2128
-2212
-2337
-2499
-2667
-2753
-2661
-2369
-1970
-1615
-1398
-1285
-1148
-865
-414
110
564
843
970
1042
1142
1301
1519
1752
1932
2004
1993
1985
2040
2154
2246
2247
2143
1983
1832
1726
1664
1613
1538
1427
1295
1156
1013
862
702
528
337
127
-71
-221
-310
-371
-449
-557
-666
-745
-781
-790
-778
-745
-697
-645
-603
-570
-545
-515
-466
-395
-326
-283
-260
-208
-79
139
393
600
724
781
826
886
942
963
944
918
906
891
837
748
668
638
648
644
585
484
379
313
282
241
141
-21
-205
-357
-453
-501
-535
-595
-722
-919
-1139
-1293
-1321
-1252
-1192
-1233
-1377
-1536
-1608
-1573
-1501
-1487
-1576
-1739
-1913
-2060
-2175
-2244
-2225
-2075
-1808
-1518
-1315
-1220
-1153
-990
-677
-271
79
265
318
388
601
921
1198
1320
1330
1361
1486
1663
1803
1893
1976
2077
2146
2103
1934
1726
1610
1645
1761
1807
1694
1468
1243
1091
972
806
567
315
131
43
6
-54
-174
-330
-460
-530
-558
-585
-624
-659
-657
-606
-546
-525
-562
-618
-628
-562
-441
-310
-190
-64
82
230
348
407
456
568
781
1025
1172
1158
1040
921
863
840
811
761
707
658
591
475
312
142
9
-75
-134
-211
-330
-491
-668
-825
-922
-946
-935
-964
-1094
-1312
-1547
-1732
-1855
-1941
-2018
-2079
-2122
-2167
-2251
-2368
-2452
-2407
-2198
-1892
-1624
-1492
-1484
-1494
-1400
-1149
-782
-386
-56
166
309
450
660
945
1235
1449
1563
1628
1708
1825
1947
2021
2033
1989
1908
1796
1664
1532
1440
1428
1507
1619
1658
1543
1280
966
733
641
658
664
577
400
209
66
-32
-131
-264
-413
-532
-589
-589
-559
-515
-452
-388
-372
-433
-537
-588
-521
-362
-195
-97
-68
-58
-35
-4
17
58
178
403
662
846
902
886
896
968
1050
1061
975
851
761
729
709
645
520
353
166
-33
-238
-416
-532
-585
-619
-700
-858
-1080
-1314
-1498
-1592
-1593
-1535
-1487
-1508
-1609
-1754
-1878
-1944
-1960
-1965
-1984
-2019
-2038
-2011
-1911
-1736
-1507
-1264
-1052
-885
-738
-569
-363
-150
24
170
334
543
757
900
951
968
1046
1221
1431
1565
1576
1531
1528
1595
1663
1646
1538
1417
1344
1304
1239
1123
999
931
934
945
886
749
576
425
302
203
124
89
93
92
29
-102
-243
-307
-262
-167
-124
-188
-317
-400
-354
-186
1
102
93
41
41
134
282
409
472
495
528
595
663
689
660
621
624
680
742
756
713
652
603
542
424
239
48
-69
-90
-87
-155
-332
-556
-737
-827
-870
-946
-1102
-1309
-1500
-1626
-1696
-1753
-1836
-1949
-2063
-2146
-2183
-2186
-2176
-2159
-2122
-2057
-1982
-1915
-1851
-1754
-1583
-1348
-1094
-865
-657
-438
-176
119
404
648
851
1037
1215
1376
1517
1661
1832
2014
2146
2178
2128
2067
2057
2093
2111
2061
1940
1789
1644
1509
1369
1226
1082
939
784
614
451
325
237
160
55
-81
-206
-275
-307
-347
-432
-544
-626
-626
-549
-435
-349
-329
-361
-398
-385
-312
-208
-123
-77
-43
41
190
366
501
576
633
713
803
854
832
767
727
740
760
700
520
284
118
89
147
167
68
-140
-363
-521
-599
-647
-733
-887
-1087
-1291
-1470
-1612
-1732
-1838
-1942
-2046
-2156
-2266
-2369
-2448
-2478
-2444
-2350
-2218
-2078
-1946
-1813
-1661
-1480
-1271
-1040
-799
-565
-359
-186
-7
219
497
782
1013
1177
1317
1483
1694
1908
2062
2133
2154
2173
2202
2208
2167
2098
2032
1981
1933
1870
1778
1655
1502
1335
1169
1013
863
705
526
335
154
0
-139
-282
-423
-525
-575
-595
-632
-701
-769
-783
-734
-659
-614
-605
-605
-573
-509
-426
-327
-202
-47
101
218
298
381
488
606
693
730
739
747
758
744
683
604
557
567
597
574
460
272
68
-103
-224
-303
-365
-462
-632
-884
-1163
-1393
-1532
-1603
-1668
-1779
-1925
-2052
-2112
-2118
-2121
-2145
-2168
-2141
-2047
-1909
-1767
-1640
-1515
-1368
-1187
-984
-779
-584
-384
-162
89
357
612
826
986
1109
1236
1400
1597
1785
1921
1989
2016
2040
2070
2086
2067
2022
1970
1930
1891
1830
1729
1594
1444
1286
1115
927
741
578
447
333
208
62
-87
-223
-329
-409
-475
-543
-618
-689
-729
-726
-691
-661
-665
-690
-695
-640
-515
-355
-213
-122
-70
-36
13
89
187
286
363
400
404
383
351
320
297
292
300
305
281
219
137
63
3
-63
-155
-275
-410
-545
-679
-830
-994
-1158
-1305
-1446
-1601
-1772
-1929
-2025
-2044
-2022
-2005
-2002
-1974
-1890
-1764
-1641
-1548
-1454
-1302
-1074
-813
-588
-432
-316
-182
-1
207
413
606
790
974
1141
1276
1376
1470
1575
1688
1774
1816
1828
1847
1895
1948
1970
1928
1838
1748
1690
1657
1605
1501
1349
1183
1035
907
781
636
477
326
195
71
-70
-235
-397
-502
-530
-526
-562
-666
-782
-814
-725
-572
-461
-439
-460
-431
-324
-184
-92
-63
-39
34
147
236
253
209
157
139
165
221
293
354
371
326
229
122
47
7
-32
-112
-240
-390
-529
-654
-777
-910
-1043
-1164
-1274
-1384
-1496
-1598
-1664
-1687
-1678
-1658
-1641
-1631
-1617
-1576
-1495
-1366
-1220
-1089
-994
-905
-773
-576
-335
-119
29
126
245
435
676
894
1045
1151
1255
1382
1510
1601
1643
1657
1678
1720
1762
1766
1721
1646
1565
1489
1417
1359
1303
1232
1128
993
850
725
627
543
447
313
152
-4
-128
-209
-270
-346
-441
-529
-576
-568
-535
-518
-535
-558
-538
-458
-367
-319
-329
-342
-298
-205
-121
-99
-117
-118
-73
-12
22
27
44
102
175
199
146
47
-32
-57
-58
-98
-194
-310
-406
-474
-537
-612
-706
-812
-919
-1014
-1086
-1129
-1158
-1194
-1258
-1338
-1402
-1415
-1387
-1345
-1311
-1272
-1212
-1123
-1014
-895
-767
-639
-519
-416
-315
-183
5
225
418
542
627
734
891
1059
1178
1242
1300
1392
1513
1619
1664
1656
1636
1639
1655
1647
1599
1530
1465
1407
1337
1241
1129
1014
898
774
638
503
390
306
230
131
13
-101
-185
-242
-289
-334
-371
-388
-384
-368
-353
-346
-345
-353
-366
-378
-369
-331
-279
-244
-242
-259
-267
-257
-239
-221
-194
-156
-114
-95
-111
-146
-168
-162
-153
-174
-244
-338
-417
-457
-474
-497
-552
-637
-735
-823
-888
-924
-939
-947
-968
-1020
-1092
-1148
-1143
-1061
-929
-804
-729
-700
-675
-607
-475
-304
-143
-31
38
86
135
198
274
372
496
619
699
714
695
706
795
933
1043
1065
1010
946
936
978
1019
1014
967
914
875
837
785
723
674
644
623
590
531
451
364
290
234
192
148
88
15
-57
-111
-142
-159
-165
-169
-171
-176
-191
-213
-231
-230
-210
-189
-188
-216
-260
-296
-306
-290
-266
-253
-256
-263
-271
-286
-314
-351
-369
-361
-346
-360
-410
-463
-478
-448
-414
-410
-432
-447
-433
-403
-380
-378
-381
-377
-372
-377
-396
-409
-400
-368
-341
-336
-352
-358
-318
-233
-133
-63
-42
-51
-48
-6
72
165
244
289
302
301
312
354
421
487
531
549
553
556
564
575
583
586
571
536
496
476
487
506
495
445
391
372
392
419
412
365
309
271
254
235
205
174
156
142
113
67
27
19
44
72
75
47
16
2
4
-1
-30
-69
-96
-105
-117
-151
-200
-239
-255
-253
-260
-298
-353
-402
-426
-438
-451
-474
-506
-535
-565
-593
-613
-622
-619
-603
-573
-537
-507
-491
-487
-475
-445
-394
-335
-286
-244
-207
-167
-131
-97
-53
9
78
123
132
125
139
186
244
281
284
277
287
320
355
371
366
360
372
398
423
429
412
377
335
300
281
283
293
285
244
185
143
143
162
160
122
79
65
81
102
103
85
66
55
48
27
-1
-6
26
70
87
66
41
44
76
109
120
118
118
122
118
105
90
85
81
54
-3
-61
-86
-78
-64
-82
-135
-201
-258
-294
-312
-316
-321
-339
-377
-436
-490
-517
-510
-490
-490
-513
-532
-509
-440
-362
-332
-374
-437
-413
-245
-3
166
167
43
-77
-88
12
160
275
315
281
205
128
91
118
184
252
287
296
301
308
308
297
292
306
333
342
323
276
221
181
167
180
203
219
206
164
102
50
37
74
140
202
222
182
106
33
-6
-1
38
96
150
170
140
69
3
-19
5
49
74
73
55
34
12
-28
-82
-126
-134
-106
-75
-75
-111
-159
-191
-191
-169
-144
-134
-142
-158
-165
-166
-173
-202
-254
-314
-354
-356
-323
-287
-284
-326
-390
-432
-415
-344
-260
-209
-203
-214
-205
-167
-122
-94
-86
-77
-46
11
74
128
160
165
140
91
51
57
114
186
226
220
187
153
131
116
110
127
173
233
271
257
199
132
99
104
130
153
163
162
156
145
124
99
84
93
122
155
165
145
111
80
69
76
92
111
118
107
75
41
31
56
97
115
94
61
45
57
75
70
37
0
-18
-20
-21
-40
-67
-87
-95
-104
-119
-133
-134
-123
-119
-132
-163
-188
-190
-171
-153
-155
-180
-211
-231
-234
-224
-206
-179
-149
-135
-150
-191
-226
-231
-199
-152
-111
-93
-88
-83
-72
-59
-54
-51
-37
1
59
117
152
154
129
88
60
58
87
143
196
219
203
165
137
127
123
116
110
127
165
194
177
115
47
18
37
72
87
76
54
36
21
0
-16
-6
44
103
126
83
-8
-83
-90
-31
40
75
63
25
-11
-37
-55
-62
-48
-6
45
77
68
22
-34
-77
-92
-78
-46
-14
1
-1
-14
-33
-56
-72
-72
-41
11
43
29
-37
-105
-125
-85
-25
6
-14
-56
-92
-108
-117
-114
-93
-54
-23
-25
-61
-102
-113
-93
-70
-66
-79
-87
-77
-60
-52
-56
-54
-37
-8
18
34
44
48
44
30
20
27
57
97
126
126
95
50
23
37
91
160
202
192
132
68
48
75
112
119
92
62
56
69
69
40
-4
-27
-13
18
32
20
7
9
14
0
-34
-59
-49
-12
19
18
-5
-18
-12
-5
-22
-66
-104
-106
-73
-35
-22
-41
-77
-107
-121
-113
-89
-57
-29
-17
-17
-23
-24
-24
-32
-40
-39
-21
6
24
22
8
-1
8
26
32
25
21
38
66
73
46
6
-16
-10
11
21
15
13
24
38
32
1
-26
-16
29
72
72
37
0
-7
7
21
16
1
-5
3
13
11
-5
-11
0
20
27
19
-1
-12
-6
9
13
5
-17
-38
-43
-32
-16
-9
-15
-24
-30
-33
-40
-46
-45
-28
-1
18
15
-11
-41
-49
-34
-10
0
-3
-10
-10
2
12
13
4
-2
4
20
36
40
30
14
1
0
12
28
34
29
12
-7
-18
-18
-5
12
24
23
7
-14
-24
-12
7
18
12
2
1
13
23
12
-14
-38
-39
-17
2
3
-14
-27
-25
-14
-8
-11
-12
1
19
30
29
20
14
18
17
10
1
-2
7
21
27
18
2
-11
-10
2
15
20
15
6
2
2
9
10
3
-11
-16
-3
18
32
24
0
-17
-17
-4
3
-2
-9
-11
-3
2
-7
-23
-29
-17
-1
2
-13
-29
-27
-9
6
4
-13
-25
-20
1
16
16
4
-7
-5
7
17
16
8
0
-3
1
9
17
23
19
15
12
9
5
5
12
29
38
36
19
-4
-17
-18
-6
5
11
11
10
4
-10
-25
-29
-17
7
20
15
-8
-25
-25
-17
-13
-22
-36
-38
-26
-13
-11
-22
-34
-39
-34
-23
-15
-7
0
9
15
10
-4
-14
-14
1
19
29
24
10
-4
-6
-1
3
5
5
12
18
20
13
5
-1
1
9
15
15
12
9
9
9
6
3
3
9
15
16
9
1
-2
3
5
3
0
0
6
10
10
4
-3
-5
0
12
18
17
7
-1
-2
3
7
9
5
-1
-5
-2
5
6
-1
-9
-10
-3
5
5
-5
-14
-13
-4
8
5
-7
-16
-14
-7
-6
-13
-17
-10
4
12
5
-13
-22
-16
-3
2
-4
-11
-8
3
7
0
-15
-21
-11
4
13
6
-5
-9
-5
1
1
-2
0
6
10
10
1
-9
-12
-4
11
17
10
-1
-8
-7
-6
-4
-4
-4
-2
5
6
0
-9
-13
-10
-4
1
3
2
-2
-2
0
5
6
3
1
5
11
11
7
3
5
12
20
18
6
-6
-6
5
15
16
8
0
0
7
13
10
0
-7
-3
5
7
-2
-12
-13
-4
3
1
-9
-19
-16
-7
2
2
-4
-9
-8
-6
-5
-4
-4
-3
0
3
5
0
-5
-3
4
10
13
10
8
9
12
10
9
5
6
15
25
25
14
2
-4
0
8
15
10
1
-2
0
4
2
-8
-13
-8
0
3
-1
-11
-18
-17
-11
-8
-11
-14
-14
-10
-8
-11
-15
-16
-13
-9
-6
-5
-6
-7
-5
-2
0
1
2
3
0
0
5
10
12
10
9
13
15
12
7
5
8
12
16
12
4
2
6
11
9
4
-3
0
6
7
-1
-9
-12
-5
4
6
-2
-12
-14
-11
-5
-7
-10
-11
-8
-3
-2
-7
-13
-13
-8
1
1
-3
-5
-4
0
1
2
2
1
2
4
7
5
2
2
7
10
9
5
3
3
3
7
9
7
3
2
4
3
0
-3
-1
3
4
4
1
-4
-9
-6
-2
1
-1
-5
-4
-1
-1
-3
-5
-6
-5
-1
3
2
-3
-4
-1
2
2
1
1
1
2
4
5
4
3
2
5
6
5
3
1
3
6
5
4
3
1
2
4
4
1
-1
-1
1
1
1
-1
-1
0
1
1
-1
-2
-3
-1
0
0
-1
-3
-5
-3
-2
-2
-1
-3
-3
-4
-1
-2
-3
-4
-3
-1
0
0
-4
-5
-4
-2
1
0
-1
-2
-2
-1
-1
0
0
0
0
2
0
0
-2
-2
-1
0
0
-2
-1
-1
0
1
0
-1
-1
0
2
2
0
0
0
2
4
3
2
3
4
5
4
3
0
-1
-1
3
7
8
4
-1
-2
2
4
2
0
2
5
4
0
-2
-3
0
3
5
2
0
-1
0
0
-1
-2
-2
0
1
0
-1
-4
-5
-5
-2
0
-1
-2
-4
-1
-1
0
-1
0
0
0
0
0
0
0
0
1
2
2
2
0
0
1
2
3
1
1
-1
-1
0
1
1
0
-1
1
2
2
-1
-3
0
1
0
1
-2
-3
-1
-1
1
1
-3
-3
0
2
0
0
-1
0
0
0
0
-1
-2
1
3
3
1
-1
0
2
0
1
3
4
3
2
1
2
2
1
2
2
3
2
1
0
0
2
3
3
3
1
1
1
-1
0
0
0
1
2
0
-1
-2
-1
0
0
0
-1
-2
-2
-3
0
-1
-1
-2
-1
1
0
-2
-3
-1
2
1
1
0
0
0
1
0
2
1
1
1
1
1
1
1
1
1
0
1
0
0
0
1
1
0
1
0
0
0
0
0
0
0
0
0
0
-1
-1
-1
-1
0
0
0
0
0
-1
0
0
0
0
0
-1
0
-1
0
1
0
0
1
0
0
-2
0
-1
0
1
0
-1
1
2
0
1
1
2
1
1
1
1
1
0
2
4
1
0
-1
-1
0
3
0
-1
-1
0
0
1
1
0
0
0
0
1
1
1
0
0
0
-1
-2
-1
-1
1
2
1
2
-1
0
1
0
0
0
0
0
-1
0
0
0
0
0
0
0
0
0
0
-1
0
1
0
1
0
-1
0
0
1
0
0
0
0
0
0
-1
0
-1
0
0
0
0
0
0
0
1
0
1
0
0
0
0
0
-1
0
0
0
0
0
-1
0
0
0
0
0
0
1
0
0
0
0
1
0
0
0
0
0
0
0
0
0
-1
0
1
0
0
0
0
0
0
0
0
0
0
0
0
0
0
0
-1
1
0
0
0
-1
0
0
0
1
0
0
0
-1
0
0
0
0
1
1
0
1
0
0
-1
0
-1
0
0
0
0
0
0
0
0
0
0
0
0
0
1
0
0
0
0
0
0
0
0
0
0
0
0
0
0
0
0
0
0
1
0
0
0
1
0
0
0
0
0
0
0
0
1
1
0
0
1
0
0
0
0
0
1
0
0
-1
1
0
-1
-1
0
0
0
0
0
1
0
1
0
0
0
1
0
-1
0
-1
0
0
-1
0
0
0
-1
0
0
0
0
0
0
0
0
1
-1
0
0
0
0
-1
0
0
0
0
0
1
0
0
0
0
0
0
0
0
1
1
0
0
0
0
0
0
0
0
0
1
0
-1
0
0
0
0
0
0
0
0
0
0
1
0
1
1
1
0
0
0
0
0
0
0
0
0
0
0
0
-1
0
0
0
-1
0
-1
0
0
0
0
0
0
0
-1
1
0
1
0
0
0
0
1
1
0
-1
0
1
-1
0
0
0
0
0
0
0
0
0
0
0
0
0
1
-1
0
0
0
0
0
0
0
-1
0
-1
0
0
0
0
0
-1
0
1
0
0
0
1
0
0
0
0
0
0
0
0
0
0
0
0
0
0
1
0
1
0
-1
-1
-1
0
0
0
0
0
0
0
-1
0
0
1
-1
0
1
0
0
0
0
0
0
0
-1
0
0
0
0
0
0
0
0
0
0
0
0
0
0
0
0
0
0
0
0
0
0
1
0
1
0
0
0
1
0
0
-1
1
0
-1
0
0
-1
0
0
0
0
-1
0
0
0
0
1
0
0
0
1
0
0
1
-1
0
0
0
0
0
0
-1
0
1
0
0
0
1
-1
0
0
0
-1
0
0
0
-1
0
1
0
-1
0
0
-1
-1
0
0
0
0
-1
-1
-1
0
0
0
0
0
0
0
0
0
1
0
-1
0
1
0
1
0
0
0
-1
0
0
0
0
0
0
-1
1
0
0
0
0
1
0
0
0
-1
0
1
0
0
0
0
0
0
0
0
0
0
-1
1
-1
0
1
0
0
0
0
0
0
0
0
0
0
0
0
0
0
0
1
0
0
0
0
-1
1
0
0
0
0
0
0
0
0
0
0
0
0
-1
0
0
0
-1
0
0
1
1
0
0
0
0
-1
0
1
0
-1
0
0
0
0
-1
0
0
0
0
0
-1
-1
0
0
0
0
1
0
0
0
0
-1
0
0
0
0
0
0
0
0
1
0
-1
0
0
-1
0
0
0
0
0
0
0
0
0
0
0
1
0
0
0
0
-1
-1
0
-1
0
0
0
-1
0
0
0
0
1
1
-1
0
0
-1
-1
0
0
-1
0
0
-1
0
0
-1
1
-1
0
0
-1
0
0
0
0
0
0
0
1
0
0
-1
1
1
0
0
0
0
0
0
0
0
0
1
0
0
0
0
0
0
-1
0
0
-1
0
0
1
0
0
1
0
0
0
1
0
0
0
0
0
0
1
-1
0
0
0
1
0
-1
0
0
0
0
0
-1
0
0
0
0
1
0
0
1
0
0
0
1
0
0
0
0
0
1
0
0
0
0
0
0
0
1
0
0
0
0
-1
0
0
-1
-1
0
-1
0
0
0
1
1
0
0
0
-1
1
0
0
0
0
1
0
1
0
0
1
1
0
0
0
0
0
-1
0
0
0
-1
0
0
1
0
0
0
0
1
0
1
0
0
0
0
-1
0
0
0
0
0
-1
0
0
0
1
1
0
0
-1
0
0
1
0
0
-1
1
0
0
0
0
-1
0
0
0
0
0
0
0
0
0
0
0
1
0
0
0
-1
0
1
0
0
1
-1
0
-1
-1
0
0
0
0
0
0
0
0
-1
0
-1
1
0
1
1
0
0
0
0
0
0
0
0
0
0
0
0
0
0
1
0
-1
0
0
0
0
0
0
-1
0
0
-1
0
0
0
0
0
0
0
1
1
0
0
0
0
0
0
0
-1
0
0
0
0
0
0
-1
-1
0
0
0
0
0
1
0
1
-1
0
0
-1
0
0
0
1
0
0
0
0
0
0
0
1
0
1
0
0
0
-1
-1
0
0
0
0
1
0
-1
0
0
0
0
1
0
-1
0
0
0
0
0
1
0
0
0
0
0
0
0
0
0
0
1
0
0
0
0
0
0
0
0
0
0
0
0
0
-1
-1
0
0
0
0
0
0
-1
0
0
-1
0
0
0
0
0
0
0
0
0
0
0
0
0
0
0
0
0
-1
0
0
1
0
0
-1
1
0
0
0
0
0
0
0
0
0
0
-1
1
0
0
-1
0
0
0
1
0
-1
0
0
0
0
0
0
0
1
-1
0
-1
0
-1
-1
0
0
0
1
0
0
0
0
0
1
0
-1
-1
0
0
0
0
0
0
0
-1
0
-1
0
1
0
0
0
0
1
0
0
0
0
0
-1
-1
0
0
0
0
-1
0
1
0
1
0
0
0
0
-1
0
0
0
-1
0
0
0
0
0
0
0
0
-1
0
0
0
1
0
1
0
-1
0
1
0
0
-1
0
0
0
0
0
0
1
0
1
0
0
0
0
0
1
0
1
0
0
0
1
0
0
0
0
0
-1
0
0
0
0
0
0
0
0
0
-1
0
0
0
0
0
0
0
0
0
0
1
0
1
0
0
1
0
0
1
0
0
1
0
0
1
0
0
0
0
0
0
0
0
0
0
0
1
0
0
-1
0
0
-1
0
-1
0
0
1
1
0
0
0
-1
0
0
0
0
0
0
1
0
0
-1
0
0
0
0
-1
0
1
0
0
0
0
0
-1
0
0
0
0
0
0
0
1
0
0
0
0
0
-1
0
0
0
0
0
1
0
0
0
0
0
0
0
1
0
-1
0
-1
1
0
0
0
0
-1
0
-1
0
0
0
0
-1
1
0
0
0
1
0
-1
0
1
1
0
-1
0
0
0
0
0
0
0
0
-1
0
0
0
0
1
-1
0
0
-1
0
0
0
0
0
1
1
0
0
0
-1
-1
0
0
0
1
0
0
0
0
0
0
1
0
0
-1
0
0
1
0
0
0
0
0
1
0
0
-1
0
0
0
0
0
0
0
0
1
0
0
0
0
0
0
0
0
1
0
0
0
0
0
0
-1
0
0
0
0
1
0
0
1
0
0
0
1
-1
0
-1
0
0
0
1
0
0
0
0
0
0
1
0
0
0
0
0
0
0
0
0
-1
0
0
0
1
0
0
0
1
0
0
0
0
0
0
0
0
0
0
1
0
1
0
-1
0
0
-1
0
0
0
-1
0
0
0
-1
0
-1
1
-1
1
0
0
0
0
0
1
0
1
0
0
0
0
0
0
0
0
0
0
0
1
0
0
-1
0
0
0
0
0
0
0
0
0
0
-1
0
0
1
0
0
-1
0
0
0
0
0
0
0
0
-1
0
1
0
0
0
0
1
0
0
0
0
0
-1
0
0
-1
0
0
0
0
0
0
0
0
0
0
0
1
1
1
1
0
0
-1
1
0
0
0
0
0
0
0
0
0
0
0
0
1
0
0
1
0
1
0
0
1
0
0
0
0
1
0
0
-1
0
0
1
1
0
0
-1
0
-1
-1
0
0
0
1
1
0
-1
0
1
0
0
0
0
1
0
1
-1
0
1
0
0
0
-1
0
0
0
1
0
-1
0
-1
-1
0
0
1
0
0
0
1
1
0
0
1
1
-1
0
-1
0
0
0
1
0
0
0
0
-1
0
0
-1
0
0
-1
-1
1
0
0
0
0
-1
0
1
0
0
0
-1
1
0
1
0
1
-1
0
0
0
-1
0
0
0
0
0
0
0
0
0
0
0
0
0
0
0
0
0
1
0
0
0
0
1
0
0
0
0
0
0
0
0
0
0
0
0
0
0
0
0
0
0
0
0
1
0
0
0
0
-1
0
0
1
0
0
0
0
0
-1
0
0
0
0
0
0
-1
0
0
-1
0
0
0
-1
0
0
0
0
-1
0
0
0
0
0
0
0
0
0
0
0
0
0
0
0
-1
0
0
0
-1
0
-1
0
-1
0
0
0
0
1
0
0
0
0
-1
1
0
0
0
0
0
1
0
0
0
0
0
0
1
0
0
0
0
-1
0
-1
0
0
0
0
0
0
0
0
0
0
0
0
0
0
0
0
0
1
0
1
1
0
1
0
0
0
0
0
1
0
1
0
0
0
1
0
0
-1
0
0
1
0
-1
0
0
0
0
-1
-1
1
0
0
1
0
0
1
0
0
0
-1
1
0
0
0
0
0
0
-1
0
0
0
0
0
0
0
0
0
0
0
0
0
0
0
0
0
0
0
0
-1
0
-1
0
-1
0
0
0
0
0
-1
0
-1
1
0
0
0
0
0
-1
0
-1
0
-1
0
0
0
0
-1
0
-1
0
1
0
0
0
0
0
0
1
0
0
0
0
0
0
-1
0
0
0
0
0
0
0
0
1
0
1
1
0
0
0
0
0
0
0
0
0
0
1
0
1
0
0
0
0
0
0
0
1
0
0
0
1
0
1
1
0
0
0
0
-1
0
0
1
0
0
0
0
0
0
0
0
0
0
0
0
0
-1
0
0
0
0
0
0
0
0
0
-1
0
1
0
0
0
0
0
0
0
-1
1
0
0
0
1
0
1
0
0
0
0
0
0
0
-1
0
1
0
0
0
1
0
0
0
0
-1
1
1
0
0
1
0
0
0
0
0
0
0
0
-1
0
0
0
0
1
0
0
0
0
0
0
-1
-1
1
0
0
1
0
0
-1
0
-1
1
0
1
0
0
0
0
1
-1
0
0
0
0
0
0
0
0
0
0
0
0
0
0
-1
0
0
0
0
1
0
0
0
0
0
0
0
0
-1
0
0
0
-1
0
0
1
0
-1
0
0
0
0
1
1
1
0
0
-1
0
0
-1
0
0
0
0
-1
0
0
0
0
0
0
1
0
0
0
0
0
1
0
0
0
0
0
0
0
-1
1
-1
0
-1
0
0
0
0
-1
0
0
0
0
0
0
0
0
0
1
0
0
0
0
0
0
0
0
0
0
0
0
0
0
-1
0
0
0
1
0
0
0
0
-1
0
-1
0
1
0
0
1
0
0
0
0
0
0
0
0
0
0
1
-1
0
-1
0
0
-1
0
0
0
0
-1
0
0
0
0
0
1
0
0
0
0
0
0
0
-1
0
0
0
0
0
0
-1
0
0
0
0
0
0
-1
0
-1
0
0
0
0
1
0
0
0
0
0
0
0
0
0
0
0
0
1
0
0
0
0
1
0
-1
0
1
0
0
0
0
0
0
0
-1
-1
0
0
0
1
0
-1
0
0
-1
0
0
0
-1
0
0
1
0
0
0
0
0
0
1
0
0
0
0
1
0
0
0
1
1
0
0
0
0
0
0
1
0
1
0
0
0
1
0
0
0
-1
1
1
0
-1
0
0
0
0
0
0
0
0
0
0
0
1
0
1
0
0
0
0
0
-1
0
1
0
0
-1
0
-1
0
0
-1
0
0
0
0
0
0
0
0
0
0
0
0
0
0
0
0
0
0
0
0
0
0
0
0
0
0
0
0
0
0
0
0
0
-1
0
0
0
0
0
0
0
-1
0
0
0
0
0
0
0
0
0
0
0
0
0
0
0
0
0
0
0
0
0
0
1
-1
0
0
0
0
0
0
0
1
0
0
0
0
0
-1
0
0
0
0
0
0
0
0
0
0
-1
-1
-1
-1
0
-1
0
0
0
0
0
0
-1
-1
0
-1
0
0
0
-1
0
0
0
0
0
0
0
1
0
0
0
0
0
0
0
0
0
0
1
1
0
0
0
0
0
0
0
0
0
0
0
1
0
0
0
0
0
1
1
0
0
0
0
0
-1
0
0
0
0
0
0
1
0
0
1
0
0
0
1
0
0
1
0
1
1
0
0
0
0
0
0
0
0
0
0
1
0
1
1
-1
0
0
0
0
0
0
0
0
0
0
0
1
0
0
1
0
0
0
1
0
0
0
-1
0
0
0
0
0
0
0
0
0
0
1
0
0
0
-1
-1
0
0
0
0
0
0
0
0
0
0
-1
0
1
0
0
0
0
0
0
0
-1
0
1
0
0
0
0
-1
0
-1
-1
0
0
0
0
1
0
0
0
0
0
0
0
0
1
1
0
1
-1
0
0
0
0
0
0
0
0
0
0
0
0
0
0
0
0
0
0
0
0
0
0
0
0
0
0
0
0
-1
1
0
1
0
0
1
0
0
0
0
0
1
-1
0
0
0
0
0
1
0
0
-1
0
0
0
0
1
0
0
1
-1
-1
0
0
0
0
0
0
0
0
0
0
0
-1
0
0
0
1
0
0
0
0
1
0
-1
-1
0
0
0
-1
0
0
0
0
0
-1
0
0
0
0
-1
0
0
0
0
0
0
0
0
0
0
0
0
0
0
-1
0
0
0
0
0
0
0
0
0
1
0
-1
0
0
0
0
0
0
0
0
0
0
0
0
0
0
0
0
0
0
0
-1
0
0
0
0
0
0
0
0
0
0
0
0
0
1
0
0
0
0
0
0
0
1
0
0
0
1
1
0
0
0
-1
1
1
0
0
0
0
0
0
0
1
0
0
0
1
0
0
0
0
0
-1
0
0
0
0
0
0
0
0
0
0
-1
-1
-1
0
0
0
0
-1
0
0
0
0
0
0
0
0
0
1
0
1
0
0
0
0
0
0
1
-1
0
1
-1
0
0
0
0
0
0
0
-1
0
0
0
-1
0
-1
0
0
0
0
0
-1
0
0
0
0
0
0
-1
0
0
0
0
0
0
0
0
-1
-1
0
0
0
0
0
1
0
0
0
0
0
-1
0
0
0
0
0
0
0
0
0
1
0
1
0
0
1
-1
1
0
0
0
-1
-1
0
0
0
-1
0
-1
0
0
0
-1
0
0
0
0
1
0
0
0
0
0
0
1
0
1
0
0
0
0
0
0
1
0
0
0
1
1
0
0
0
0
0
0
0
0
-1
1
0
0
0
0
0
0
0
1
0
0
-1
0
0
0
-1
-1
0
0
1
0
-1
0
0
0
0
0
0
-1
-1
0
0
-1
1
0
1
0
0
0
0
0
0
1
0
0
0
-1
0
0
0
0
0
1
-1
0
0
0
0
0