1
0
0
1
0
0
0
0
0
1
1
0
0
0
0
0
-1
0
-1
1
0
1
0
0
1
0
0
1
0
0
0
1
-1
-1
1
0
0
0
-1
0
0
1
0
0
0
0
0
0
-1
0
0
0
-1
0
0
1
1
-1
0
0
0
0
0
0
0
0
0
-1
1
0
0
1
0
0
0
0
1
-1
0
0
0
0
-1
1
0
0
-1
0
0
0
0
0
-1
0
-1
1
0
0
1
0
0
0
0
0
0
0
0
-1
0
0
0
1
0
1
0
0
0
0
-1
0
0
1
1
0
0
0
-1
-1
0
0
0
-1
0
0
1
0
1
0
0
1
0
0
1
0
0
0
0
0
0
0
0
0
0
0
-1
1
0
0
0
0
0
0
0
0
0
0
-1
0
-1
0
0
0
0
0
-1
0
0
0
1
0
0
0
0
0
0
0
0
0
-1
1
1
-1
0
0
0
0
0
0
0
0
0
0
0
0
0
-1
0
0
0
0
0
0
0
0
-1
0
0
0
0
-1
0
-1
0
0
0
0
0
-1
0
0
-1
0
0
0
1
0
0
0
0
0
0
1
0
0
0
0
0
1
0
0
0
1
1
0
0
0
0
0
0
0
0
1
1
1
0
0
-1
0
0
0
-1
-1
0
0
1
1
1
1
1
1
1
1
1
1
1
1
1
1
1
0
0
0
0
1
1
1
0
-1
0
0
0
0
0
0
1
-1
-1
0
0
0
0
0
1
0
-1
0
0
0
0
0
0
0
0
-1
0
0
0
0
1
0
0
0
0
0
-1
1
1
0
0
0
0
1
0
0
0
0
0
0
0
0
0
0
0
0
1
0
0
0
0
1
1
2
1
1
1
1
1
1
1
0
0
0
1
0
-1
0
0
0
0
-1
0
0
0
0
0
0
-1
0
0
-1
0
0
0
-1
1
0
0
0
0
0
-1
0
0
0
0
0
0
1
-1
0
1
1
0
1
2
0
0
1
1
-1
1
1
0
-1
0
0
0
0
0
0
0
0
1
0
1
1
1
1
1
1
2
2
1
3
2
2
0
-1
-1
-1
0
1
1
1
-1
-2
-2
-1
0
1
1
1
1
0
0
0
1
3
3
2
1
-2
-2
-2
-1
0
0
0
-1
-2
-1
-1
-1
0
2
1
1
-1
-1
-1
1
3
4
5
3
0
-1
0
0
1
2
1
0
-1
-1
-1
-1
1
2
1
0
-1
-1
-1
0
1
3
1
0
0
-1
0
1
1
2
3
2
2
-1
0
0
0
0
0
0
0
0
-1
0
-1
-1
0
0
0
0
0
0
0
0
0
0
-1
0
-1
0
1
1
0
-1
-2
-2
0
1
1
0
-1
-1
-1
0
1
3
4
3
0
-2
-2
-1
3
6
6
3
-1
-3
-3
-1
1
3
3
1
-2
-5
-6
-4
0
2
4
3
0
-2
-4
-1
2
5
7
6
2
-2
-3
-2
2
5
6
3
-1
-3
-6
-6
-4
-1
0
1
1
-1
-3
-5
-1
1
4
5
5
3
-1
-2
-1
0
2
4
3
0
-3
-4
-5
-3
-1
1
1
-1
-3
-5
-3
-1
1
3
3
2
2
0
0
-1
0
2
2
2
1
-1
-1
-2
-2
-2
-1
1
1
0
0
-2
-2
-3
-3
-1
1
2
2
0
1
0
1
3
4
4
4
2
1
0
-1
-1
-1
0
0
2
-1
-2
-4
-4
-3
-1
0
0
0
-1
-2
-2
0
3
6
7
9
8
6
4
5
4
4
4
3
1
-2
-5
-6
-6
-4
-4
-1
-4
-5
-6
-6
-5
-2
2
4
6
9
9
10
8
7
6
6
4
4
2
-1
-3
-5
-8
-10
-10
-9
-5
-4
-1
-3
-6
-8
-7
-3
3
10
13
12
9
5
3
4
8
11
12
8
-1
-10
-15
-15
-8
-1
2
1
-6
-14
-17
-16
-8
2
9
12
10
1
-5
-7
-3
7
18
22
19
8
-1
-9
-7
-1
6
7
4
-3
-14
-17
-14
-6
2
4
2
-5
-13
-15
-7
3
12
16
10
3
-5
-5
0
11
18
22
14
4
-4
-8
-4
3
8
8
-1
-10
-17
-17
-9
1
7
8
0
-10
-14
-10
5
21
32
31
14
-7
-23
-24
-9
12
29
31
14
-11
-33
-39
-26
-2
21
28
16
-5
-24
-29
-14
8
26
32
20
1
-19
-26
-17
5
28
34
18
-10
-37
-43
-30
-7
14
24
20
4
-16
-30
-24
-4
21
36
35
21
2
-10
-15
-12
-1
12
16
8
-8
-22
-26
-20
-10
0
7
10
3
-9
-17
-11
6
23
30
27
18
7
-2
-6
-3
8
19
22
16
1
-16
-26
-27
-19
-9
0
3
0
-6
-11
-11
-4
5
15
17
14
9
5
5
6
9
14
16
12
2
-7
-11
-11
-7
-2
3
3
-4
-12
-21
-26
-24
-11
4
13
12
4
-4
-9
-8
-2
8
18
24
21
11
-1
-7
-5
3
8
8
5
-2
-9
-16
-16
-9
-1
3
-2
-11
-20
-24
-18
-4
11
16
14
5
-3
-8
-6
6
20
31
31
20
3
-10
-16
-10
2
14
15
8
-6
-17
-22
-19
-12
-3
1
4
-1
-8
-12
-8
1
12
19
19
14
5
3
3
9
15
19
16
6
-5
-15
-17
-12
-2
9
12
5
-9
-21
-26
-22
-12
0
8
9
5
1
-4
-3
0
6
10
12
11
7
4
2
4
8
10
9
5
-1
-7
-8
-5
1
7
7
-2
-11
-17
-16
-11
-5
-1
0
1
4
3
-1
-4
-4
1
8
14
15
10
6
3
1
2
2
3
3
2
-1
-4
-8
-10
-10
-9
-7
-7
-7
-8
-8
-7
-4
1
5
9
9
10
6
3
2
6
13
18
17
11
0
-6
-11
-9
-5
1
4
3
-1
-10
-17
-17
-10
2
7
10
7
2
-2
-1
2
6
9
10
9
8
4
2
2
1
3
4
3
2
-2
-6
-8
-8
-3
-1
2
1
-2
-5
-8
-9
-7
-2
2
6
9
8
1
-3
-5
-1
5
12
15
13
6
-2
-8
-9
-5
1
6
4
-1
-10
-15
-14
-9
-1
2
2
-1
-6
-9
-7
-2
6
12
15
9
5
1
0
3
6
7
6
4
1
-3
-6
-8
-6
-5
-4
-2
0
0
-3
-6
-3
3
5
-1
-8
-7
3
12
13
6
0
-2
0
-1
0
1
6
10
9
1
-4
-5
-1
-1
-4
-4
-2
2
4
0
-3
-1
1
0
-3
-1
3
5
2
1
6
10
6
2
1
0
1
2
3
2
1
2
-1
-4
-9
-11
-6
0
2
-2
-1
1
0
-6
-9
-6
3
8
8
6
2
2
2
1
0
0
2
2
0
-4
-8
-9
-8
-3
0
0
-2
-3
-2
-1
-2
-3
0
4
6
7
5
1
-1
-5
-4
2
8
11
5
-2
-6
-5
-3
-4
-1
2
7
5
0
-3
-2
3
6
5
4
1
-2
-2
-1
-2
-1
2
6
5
-1
-6
-7
-1
0
4
6
6
3
-2
-4
-3
-1
0
3
6
8
4
-1
-4
-3
-1
0
-1
1
1
-1
-2
1
0
0
-1
2
6
6
1
-2
-1
1
0
0
2
4
0
-7
-10
-3
1
2
1
1
2
0
-2
-3
-2
0
0
2
5
4
1
-1
-3
-1
0
1
2
1
-3
-4
-3
-1
1
1
0
-4
-7
-7
-2
3
7
8
4
0
-5
-7
-4
1
6
5
4
4
1
-4
-5
-4
1
6
7
5
0
-3
-4
-1
1
2
1
1
1
-2
-6
-5
2
5
6
1
-4
-8
-8
-4
6
15
16
8
0
-2
-5
-7
-1
12
19
12
1
-7
-9
-4
1
6
11
4
-4
-12
-14
-10
-5
-1
1
1
-1
-5
-7
-8
-2
4
13
15
10
3
-3
-1
3
7
8
6
2
-4
-11
-12
-7
-2
-3
-6
-6
-4
-6
-12
-13
-6
2
4
5
6
6
5
2
2
2
6
10
12
9
2
-2
-6
-4
-4
-4
-4
-3
-1
1
-3
-7
-6
-3
-1
-1
0
3
6
5
0
2
10
13
12
8
7
1
-4
-5
0
4
5
1
-1
-4
-7
-10
-7
-2
1
-2
-4
-2
1
-1
-2
1
4
7
6
3
6
9
8
4
3
3
4
2
-4
-3
-4
-3
-3
-3
-2
-4
-4
-3
-2
-5
-9
-7
2
8
7
1
-1
4
5
1
-3
2
8
10
4
-2
-3
-1
1
0
2
1
-1
-2
-4
-5
-2
0
1
1
-2
-5
-2
1
1
-1
0
3
6
-1
-9
-10
-3
2
5
4
6
4
1
-1
0
-2
0
4
9
10
5
-2
-4
-4
-3
-1
3
7
4
-2
-6
-7
-4
-2
-2
1
3
2
1
-1
0
3
5
7
8
6
2
-2
-3
-3
1
3
8
8
4
-5
-11
-7
0
3
2
2
-1
-7
-14
-13
-4
5
7
6
5
1
-4
-3
4
10
9
1
-5
-9
-8
-9
-8
0
8
10
2
-8
-12
-9
0
5
5
4
3
1
-2
-4
-2
3
8
9
6
3
1
-2
-5
-4
0
1
-1
-4
-7
-5
-6
-4
-3
3
6
3
0
-2
1
7
8
6
0
-5
-5
-2
1
2
0
2
2
0
-4
-5
0
6
6
2
0
1
1
-1
0
0
2
2
0
-5
-9
-6
0
5
5
1
-4
-8
-7
-2
6
14
19
15
8
2
-1
0
5
14
19
14
1
-12
-15
-11
-7
-6
-7
-6
-8
-13
-15
-8
0
5
4
5
8
8
5
0
-2
2
7
11
9
1
-7
-8
-2
2
2
0
0
-2
-7
-9
-3
4
5
0
-6
-5
-1
1
-3
-4
-2
6
9
4
-4
-7
-6
-1
5
10
11
8
0
-3
2
13
16
10
-1
-11
-10
2
12
9
-5
-17
-17
-8
-2
-9
-11
-2
14
18
9
-2
-7
-5
3
12
21
21
10
-5
-14
-15
-10
-1
8
10
4
-7
-13
-12
-9
-8
-2
7
12
5
-7
-8
1
6
8
11
16
12
-2
-12
-11
-2
5
6
5
-3
-15
-16
-4
6
8
-1
-5
0
4
-2
-9
-9
-2
1
-1
-1
5
8
4
1
2
6
4
1
4
10
11
1
-7
-9
-4
1
0
-3
-3
-4
-5
-5
-4
-3
-4
-2
3
4
0
-6
-5
2
7
6
5
5
7
4
2
1
4
3
2
1
1
0
-3
-3
-1
0
-2
-6
-7
-4
1
5
7
7
4
0
0
1
4
2
0
1
3
3
-2
-4
-3
-2
-1
-1
2
4
0
-6
-3
5
9
5
-8
-14
-7
5
13
12
7
2
-4
-8
-10
-4
4
12
13
7
-4
-15
-17
-13
0
13
19
13
-2
-11
-13
-10
-3
3
8
8
1
-11
-20
-22
-8
14
29
23
3
-9
-6
3
10
13
18
20
12
-3
-15
-16
-12
-7
-1
7
8
-2
-14
-19
-12
-2
2
2
2
4
4
3
1
0
2
8
18
20
11
-2
-7
-3
5
7
5
0
-7
-8
-10
-6
-3
-3
-7
-5
-4
-3
-6
-3
1
0
-1
-3
0
2
4
4
7
11
10
5
1
1
6
9
11
10
3
-9
-18
-18
-10
0
4
4
-1
-7
-18
-18
-9
4
13
12
6
1
0
2
3
3
7
14
13
3
-8
-7
3
11
6
-3
-8
-9
-10
-11
-9
-7
-5
-6
-6
-4
2
5
3
-1
-4
1
10
14
13
7
2
-1
-2
0
1
0
1
5
9
3
-6
-12
-11
-6
-2
3
6
5
-5
-14
-12
0
10
11
7
7
9
7
0
-3
-2
4
11
10
7
2
0
-2
-2
-4
-1
5
9
3
-8
-13
-8
0
5
5
4
-2
-7
-9
-5
4
9
8
2
-2
-3
0
1
1
3
4
9
11
8
-1
-6
-6
-2
-1
-3
-3
-2
-4
-5
-3
1
4
-1
-5
-3
0
1
1
1
0
-4
-3
1
8
10
6
-2
-1
2
9
8
6
3
-2
-7
-8
-5
-1
-2
-5
-4
-1
2
1
-1
-3
-5
-4
1
7
8
4
-3
-3
1
3
4
7
11
12
8
1
-3
-5
-4
-4
0
1
-1
-11
-17
-17
-9
1
7
8
5
0
-2
3
11
11
8
4
4
7
6
5
6
6
4
1
1
0
-4
-9
-12
-9
-3
2
1
-3
-7
-8
-5
1
7
7
4
3
3
3
1
5
7
8
4
-1
-2
1
2
2
1
-1
-4
-9
-11
-10
-5
-2
-2
1
1
-3
-8
-9
-4
2
7
12
11
5
-6
-6
2
11
11
5
2
-1
-4
-9
-10
-3
1
1
-1
-3
-4
-5
-3
1
5
8
7
3
0
-4
-3
1
10
13
7
-1
-4
-5
-1
1
3
6
5
1
-2
-6
-8
-5
1
8
10
6
-1
-6
-8
-6
-2
2
4
3
1
-3
-2
1
2
2
0
3
7
7
2
1
0
-3
-5
-4
0
4
7
2
-2
-5
-7
-4
1
3
0
-1
1
0
-3
-9
-6
1
10
10
7
3
-1
-3
-1
4
10
10
6
1
-2
-3
-5
-5
-3
0
1
-1
-4
-8
-7
-3
1
4
3
1
-1
-5
-5
-1
7
12
10
2
-5
-5
0
6
8
6
2
-1
-5
-11
-14
-9
-1
4
2
0
1
4
2
0
1
8
11
6
-3
-7
-4
-2
0
2
4
4
1
0
0
3
6
8
9
2
-7
-9
-2
4
4
0
0
1
-1
-4
-3
2
7
7
3
1
0
0
-1
-2
0
2
2
3
1
0
-1
0
1
1
-2
-3
-5
-6
-4
1
2
2
-1
-4
-6
-4
-3
1
4
5
3
3
1
0
-4
-8
-6
4
11
10
3
-2
-3
-3
-1
-1
2
1
-4
-6
-5
-1
0
0
0
1
2
3
2
2
1
2
3
3
1
1
0
0
1
-1
-2
-2
-1
0
2
1
2
0
-1
-2
-2
-1
1
4
6
5
3
-1
-2
-1
0
2
1
-2
-3
-2
-3
-2
0
1
4
6
5
3
0
-4
-1
0
4
7
7
4
1
-2
-1
0
0
0
0
0
1
0
-3
-6
-7
-3
1
5
4
1
-2
-3
-2
1
4
8
7
4
-3
-6
-6
-1
4
7
6
5
0
-4
-14
-20
-17
-4
10
14
8
-9
-17
-16
-5
5
10
11
8
6
1
-3
-5
-7
-3
5
11
8
-2
-7
-6
-2
2
3
3
1
-6
-11
-11
-5
5
12
12
9
1
-6
-11
-7
4
12
14
9
3
-4
-9
-10
-5
5
14
14
6
0
-4
-5
-5
-3
1
4
4
3
0
-3
-5
-4
-3
3
7
10
7
-2
-11
-11
-1
6
8
5
4
4
1
-1
-3
-6
-7
-1
7
11
8
1
-8
-11
-11
-4
5
10
5
-2
-5
-3
-1
1
2
4
8
8
3
-3
-6
-3
2
9
8
3
-5
-7
-6
-1
2
4
5
3
-1
-6
-8
-8
-3
2
5
7
4
0
-4
-4
-1
1
1
5
5
0
-4
-4
-2
0
0
1
2
0
-5
-8
-4
3
4
2
0
-2
-6
-8
-6
0
8
12
9
-1
-8
-12
-7
4
13
15
9
1
-7
-8
-7
1
7
11
12
9
5
-6
-14
-16
-9
3
12
12
3
-7
-10
-6
2
7
10
9
6
3
-1
-5
-5
-3
0
4
5
4
1
-1
0
0
-2
-2
-1
1
0
0
-2
-1
-3
-4
-2
3
8
8
5
2
2
-1
-3
-4
-2
-3
-6
-4
1
2
-2
-4
-2
2
4
4
1
-4
-4
-1
3
4
0
-3
0
0
-1
1
6
6
1
-2
-3
-2
-5
-2
-2
-3
-4
-2
0
0
2
4
4
1
-2
0
2
1
0
3
3
1
-1
0
0
1
4
7
5
1
-3
-5
-6
-4
-3
0
3
5
5
0
-4
-5
-2
1
8
12
13
9
-4
-15
-16
-7
9
20
21
10
-5
-14
-16
-12
-4
6
12
16
7
-9
-25
-31
-16
11
34
38
23
0
-22
-35
-23
9
35
32
12
-6
-22
-30
-20
1
16
20
12
0
-11
-19
-21
-13
7
23
23
6
-11
-23
-23
-4
16
22
15
6
-5
-13
-14
-7
1
10
15
11
-2
-11
-10
-4
0
2
5
1
-3
-2
2
2
-1
3
10
6
-5
-6
-4
-1
4
8
5
-3
-2
3
2
-3
-1
4
8
10
7
-2
-9
-10
-1
7
9
4
1
-2
-2
1
3
1
1
4
0
-6
-5
-4
-4
-4
8
16
12
-3
-14
-10
0
7
13
17
12
-5
-15
-13
-2
6
10
11
8
-2
-14
-11
-2
3
3
3
2
0
-3
-5
-6
-5
0
5
7
6
2
-8
-14
-6
9
15
7
0
-3
-4
-4
0
5
2
-4
-5
-1
-1
-5
-5
-2
1
3
1
-4
-5
-2
2
5
5
2
0
0
2
3
5
4
3
1
0
-1
-3
-4
-2
0
3
4
5
1
-7
-10
-4
6
13
9
2
-1
-1
-2
-2
1
7
10
6
1
-4
-5
-4
-2
2
7
8
4
-3
-9
-9
-6
-1
2
5
7
6
1
-5
-10
-3
6
9
5
2
3
4
1
-5
-7
-4
1
5
4
2
-2
-3
-2
-2
-5
-7
-1
7
10
1
-9
-12
-7
0
3
7
8
5
-1
-5
-4
-2
0
2
1
2
1
0
-4
-6
-8
-3
5
9
7
0
-5
-8
-7
-2
5
9
8
2
-3
-5
-4
-1
2
7
10
7
0
-7
-9
-6
0
6
11
8
0
-8
-9
-6
0
5
9
10
6
0
-4
-5
-2
1
7
9
8
5
1
-4
-5
-5
-2
6
10
8
2
-2
-6
-6
-1
5
8
3
-1
-1
-1
-3
-1
3
2
0
0
1
3
-1
-3
-3
0
4
3
0
-2
0
0
0
0
1
1
0
-1
-2
0
1
0
2
4
1
-3
-1
0
-2
1
2
-4
-6
-3
-1
0
1
2
1
2
1
1
1
0
0
2
3
3
2
1
-1
-1
-1
0
2
1
2
1
-3
-5
-3
-1
1
2
2
-1
-2
-1
1
4
3
2
2
5
2
-3
-4
-2
2
3
4
3
2
0
-2
-2
-1
-1
0
2
4
2
0
-4
-4
-2
1
5
7
5
2
-1
-3
-2
1
4
6
5
2
-2
-5
-5
-3
1
4
5
3
-1
-4
-6
-5
-3
0
6
7
5
-1
-6
-6
-3
2
6
4
2
-1
-4
-3
-2
-2
-1
1
4
2
-2
-6
-5
-3
1
4
5
1
-1
-2
-4
-2
2
4
4
3
1
-2
-3
-2
0
2
3
2
1
-2
-3
-2
-2
1
2
2
3
1
-2
-2
-1
0
0
-1
0
0
0
1
1
-1
0
0
0
-1
-3
-2
1
3
4
2
-2
-4
-4
0
3
5
5
3
1
-2
-3
-2
0
1
2
3
3
-1
-3
-1
-1
-1
3
4
1
-1
-3
-3
-2
0
2
3
2
1
-2
-2
-2
0
1
2
2
-1
-2
-3
-2
-1
1
2
3
1
-1
-2
-2
-1
1
2
1
0
-1
-1
0
0
0
1
0
0
0
1
1
0
0
0
-1
1
1
0
0
0
0
0
0
0
1
0
1
1
1
0
-1
-2
-1
-1
-1
1
2
1
0
0
0
0
0
2
2
1
0
-1
0
-1
-2
-1
1
3
0
-2
-2
0
1
2
3
2
2
0
0
0
1
2
3
2
1
1
-2
0
3
1
1
1
1
-2
-3
-1
0
0
3
4
1
-4
-3
-3
0
2
2
2
1
-1
-3
-3
-2
0
1
3
2
0
-3
-2
-1
0
2
3
0
-3
-3
-1
-1
0
2
1
2
0
0
0
0
0
-1
0
0
-1
-1
0
0
0
0
1
3
2
1
-1
-2
-1
-2
2
2
1
-1
-2
-2
0
1
1
0
0
-2
-1
1
1
-2
0
1
-1
-1
1
0
-1
0
1
0
-1
1
0
1
0
0
0
0
0
0
1
0
0
0
1
1
0
0
0
1
1
0
0
-1
-2
0
0
1
1
2
1
0
-1
0
-1
0
0
1
1
0
-2
-3
-1
0
2
1
0
0
0
-1
0
1
2
2
1
1
0
-2
0
0
1
1
1
1
0
0
0
1
0
0
0
-1
0
-1
0
0
0
1
-1
0
0
0
1
2
2
2
1
0
0
-1
-1
1
3
3
1
-3
-3
-1
0
1
1
1
1
-1
-2
-2
-1
1
3
4
4
0
-1
-2
2
2
2
0
-1
-1
-2
-2
-1
-2
1
2
2
0
1
-1
-1
0
3
1
2
1
0
-1
0
0
1
2
1
1
-1
-2
-1
0
0
1
1
1
0
0
0
0
1
-1
0
0
-1
1
0
0
0
0
0
0
0
0
0
0
0
0
0
0
-1
0
0
0
0
0
0
0
-1
0
0
0
-1
0
0
-1
-1
0
0
0
0
0
1
1
-1
0
-1
1
1
1
1
1
1
1
1
2
1
1
1
1
0
2
1
1
2
1
0
0
-1
-1
0
1
1
1
1
1
0
-1
0
-1
1
0
1
0
0
1
0
0
1
0
0
0
1
-1
-1
1
0
0
0
-1
0
0
1
0
0
0
0
0
0
-1
0
0
0
-1
0
0
1
1
-1
0
0
0
0
0
0
0
0
0
-1
1
0
0
1
0
0
0
0
1
-1
0
0
0
0
-1
1
0
0
-1
0
0
0
0
0
-1
0
-1
1
0
0
1
0
0
0
0
0
0
0
0
-1
0
0
0
1
0
1
0
0
0
0
-1
0
0
1
2
1
0
0
-2
-2
-1
-1
0
0
1
1
2
0
1
0
0
1
0
0
1
0
0
0
0
0
0
0
0
0
0
0
-1
1
0
0
0
0
0
0
1
1
0
0
-1
-1
-2
-1
0
1
1
1
0
1
0
0
1
-1
-1
0
1
1
0
-1
-1
-1
0
2
2
-1
0
0
1
1
1
1
1
1
1
0
0
0
0
-1
0
0
0
0
0
0
0
0
-1
0
0
0
1
0
1
0
1
1
1
1
2
1
1
1
-1
-1
-1
0
1
0
1
1
1
1
0
1
0
0
1
1
1
3
2
1
1
2
2
1
1
1
1
0
-2
-2
1
3
2
0
0
1
1
1
1
1
0
0
1
1
0
0
0
0
0
-1
-1
-1
-1
-1
-1
-1
-1
0
0
0
1
1
1
2
2
2
0
-1
0
0
0
0
0
0
0
-1
0
0
2
0
-2
0
0
1
0
0
-2
1
-2
3
0
-1
0
0
2
4
2
0
1
-1
0
0
0
0
-1
1
1
0
1
1
1
2
1
1
1
1
1
1
1
1
1
1
0
0
1
0
0
0
0
0
0
1
1
1
1
1
1
2
1
1
1
1
2
1
0
1
0
1
0
-1
1
0
-1
1
0
0
0
-1
0
0
-2
1
1
-2
3
1
0
1
-1
-1
0
-1
0
1
1
1
1
0
-1
0
-1
0
0
0
0
0
0
0
0
0
1
0
0
0
0
0
0
0
0
0
0
1
2
1
1
1
1
1
1
1
1
0
-1
0
0
1
0
0
0
0
0
0
0
1
0
1
1
1
1
1
0
1
2
1
1
0
0
0
0
0
0
-1
0
0
0
0
0
0
0
0
1
0
-1
0
1
0
0
-1
0
0
0
0
-1
0
0
0
0
1
0
0
0
0
-1
0
1
0
-2
-1
2
4
3
1
0
0
0
-1
1
1
1
0
-1
-2
0
-1
1
3
2
2
-2
-2
-1
0
0
1
1
0
-1
0
1
-1
-1
3
7
9
2
-5
-5
-2
-2
0
-1
-8
-7
-2
1
-1
1
5
6
8
9
6
1
-1
0
1
0
-2
-4
-5
-5
-3
0
2
3
3
3
1
2
1
1
0
2
0
-1
-2
-1
1
3
2
0
0
1
2
2
1
-1
-2
-1
-1
-2
-2
-1
1
4
4
3
2
1
2
4
4
2
-1
-3
-5
-6
-5
-3
-3
-3
-1
-1
0
0
3
3
5
5
5
3
1
-1
-1
-1
-1
-1
-1
-2
-3
-3
-1
0
1
2
2
0
-1
-2
-1
0
1
2
1
-1
-1
-2
-1
0
1
3
3
2
0
-2
0
1
2
2
1
1
-2
-3
-2
-1
1
2
2
2
2
0
0
0
1
2
1
0
-1
-1
0
-1
-1
0
1
3
3
1
0
1
1
1
0
-1
-1
0
1
-1
-2
-3
-2
1
3
3
0
-2
0
1
2
1
1
-1
0
0
0
0
0
0
1
1
1
0
2
0
1
1
0
-1
-1
-1
0
0
0
-1
0
0
1
1
1
1
5
7
7
3
0
-1
-1
0
-1
-6
-11
-10
-6
-1
0
1
2
7
11
9
5
2
2
2
2
-1
-4
-6
-6
-5
-2
-1
0
1
0
0
0
1
1
2
1
0
-1
-1
-1
1
1
3
4
2
0
1
0
0
-1
0
-2
-3
-4
-4
-4
-1
2
1
2
2
2
1
1
3
4
4
1
2
-1
-4
-4
-6
-3
0
1
0
-2
-3
1
2
3
5
4
4
2
1
1
-1
-1
-1
-1
-1
-2
-3
-1
-1
1
3
1
2
-1
-1
0
0
1
1
0
-1
-3
0
1
2
2
2
1
1
0
0
0
-2
-1
0
-1
-1
-2
-3
-1
1
2
2
1
0
-1
-1
-1
-1
1
0
1
0
-1
-1
0
1
2
4
2
2
0
0
0
1
2
2
2
1
0
-1
0
-1
1
1
1
0
-1
-1
0
0
0
1
1
2
1
0
-1
-1
0
2
3
4
3
-1
0
0
-1
2
1
-1
0
-2
-2
-1
-2
-1
0
-1
0
2
0
-3
1
1
3
2
-3
1
0
1
2
-1
1
-1
-1
0
0
0
0
1
1
0
1
0
0
-1
0
-1
0
0
0
0
0
0
0
0
0
0
0
0
0
2
1
1
1
1
1
1
1
1
1
1
1
1
1
1
0
0
0
0
1
0
0
0
1
0
0
0
0
0
0
0
0
1
1
0
0
1
0
0
0
0
0
1
0
0
-1
1
0
-1
-1
0
0
0
0
0
1
0
1
0
0
0
1
0
-1
0
-1
0
0
-1
0
0
0
-1
0
0
0
0
0
0
0
0
1
-1
0
0
0
0
-1
0
0
0
0
0
2
1
1
1
1
1
1
1
1
2
1
0
0
0
0
0
0
0
0
0
1
0
-1
0
0
0
0
0
0
0
0
0
0
1
0
1
1
1
0
0
0
0
0
0
0
0
0
0
0
0
-1
0
0
0
-1
0
-1
0
0
0
0
0
0
0
-1
1
0
1
0
0
0
0
1
1
0
-1
0
1
-1
0
0
0
0
1
1
0
0
-1
-1
-1
0
0
1
-1
1
2
1
0
-1
-2
-1
-1
1
-1
0
0
0
1
2
0
1
2
1
1
0
1
0
0
0
0
0
0
0
0
0
0
0
0
0
0
1
0
1
0
-1
-1
-1
0
0
0
0
0
0
0
-1
0
0
1
-1
0
1
0
0
0
0
0
0
0
-1
0
0
0
0
0
0
0
0
0
0
0
0
0
0
0
0
0
0
0
0
0
0
1
0
1
0
0
0
1
0
0
-1
1
0
-1
0
0
-1
0
0
0
0
-1
0
0
0
0
1
0
0
0
1
0
0
1
-1
0
0
0
0
0
0
-1
0
1
0
0
0
1
-1
0
0
0
-1
0
0
0
-1
0
1
0
-1
0
0
-1
-1
0
0
0
0
-1
-1
-1
0
0
0
0
0
0
0
0
0
1
0
-1
0
1
0
1
0
0
0
-1
0
0
0
0
0
0
-1
1
0
0
0
0
1
0
0
0
-1
0
1
0
0
0
0
0
0
0
0
0
0
-1
1
-1
0
1
0
0
0
0
0
0
0
0
0
0
0
0
0
0
0
1
0
0
0
0
-1
1
0
0
0
0
0
0
0
0
0
0
0
0
-1
0
0
0
-1
0
0
1
1
0
0
0
0
-1
0
1
0
-1
0
0
0
0
-1
0
0
0
0
0
-1
-1
0
0
0
0
1
0
0
0
0
-1
0
0
0
0
0
0
0
0
1
0
-1
0
0
-1
0
0
0
0
0
0
0
0
0
0
0
1
0
0
0
0
-1
-1
0
-1
0
0
0
-1
0
0
0
0
1
1
-1
0
0
-1
-1
0
0
-1
0
0
-1
0
0
-1
1
-1
0
0
-1
0
0
0
0
0
0
0
1
0
0
-1
1
1
0
0
0
0
0
0
0
0
0
1
0
0
0
0
0
0
-1
0
0
-1
0
0
1
0
0
1
0
0
0
1
0
0
0
0
0
0
1
-1
0
0
0
1
0
-1
0
0
0
0
0
-1
0
0
0
0
1
0
0
1
0
0
0
1
0
0
0
0
0
1
0
0
0
0
0
0
0
1
0
0
0
0
-1
0
0
-1
-1
0
-1
0
0
0
1
1
0
0
0
-1
1
0
0
0
0
1
0
1
0
0
1
1
0
0
0
0
0
-1
0
0
0
-1
0
0
1
0
0
0
0
1
0
1
0
0
0
0
-1
0
0
0
0
0
-1
0
0
0
1
1
0
0
-1
0
0
1
0
0
-1
1
0
0
0
0
-1
0
0
0
0
0
0
0
0
0
0
0
1
0
0
0
-1
0
1
0
0
1
-1
0
-1
-1
0
0
0
0
0
0
0
0
-1
0
-1
1
0
1
1
0
0
0
0
0
0
0
0
0
0
0
0
0
0
1
0
-1
0
0
0
0
0
0
-1
0
0
-1
0
0
0
0
0
0
0
1
1
0
0
0
0
0
0
0
-1
0
0
0
0
0
0
-1
-1
0
0
0
0
0
1
0
1
-1
0
0
-1
0
0
0
1
0
0
0
0
0
0
0
1
0
1
0
0
0
-1
-1
0
0
0
0
1
0
-1
0
0
0
0
1
0
-1
0
0
0
0
0
1
0
0
0
0
0
0
0
0
0
0
1
0
0
0
0
0
0
0
0
0
0
0
0
0
-1
-1
0
0
0
0
0
0
-1
0
0
-1
0
0
0
0
0
0
0
0
0
0
0
0
0
0
0
0
0
-1
0
0
1
0
0
-1
1
0
0
0
0
0
0
0
0
0
0
-1
1
0
0
-1
0
0
0
1
0
-1
0
0
0
0
0
0
0
1
-1
0
-1
0
-1
-1
0
0
0
1
0
0
0
0
0
1
0
-1
-1
0
0
0
0
0
0
0
-1
0
-1
0
1
0
0
0
0
1
0
0
0
0
0
-1
-1
0
0
0
0
-1
0
1
0
1
0
0
0
0
-1
0
0
0
-1
0
0
0
0
0
0
0
0
-1
0
0
0
1
0
1
0
-1
0
1
0
0
-1
0
0
0
0
0
0
1
0
1
0
0
0
0
0
1
0
1
0
0
0
1
0
0
0
0
0
-1
0
0
0
0
0
0
0
0
0
-1
0
0
0
0
0
0
0
0
0
0
1
0
1
0
0
1
0
0
1
0
0
1
0
0
1
0
0
0
0
0
0
0
0
0
0
0
1
0
0
-1
0
0
-1
0
-1
0
0
1
1
0
0
0
-1
0
0
0
0
0
0
1
0
0
-1
0
0
0
0
-1
0
1
0
0
0
0
0
-1
0
0
0
0
0
0
0
1
0
0
0
0
0
-1
0
0
0
0
0
1
0
0
0
0
0
0
0
1
0
-1
0
-1
1
0
0
0
0
-1
0
-1
0
0
0
0
-1
1
0
0
0
1
0
-1
0
1
1
0
-1
0
0
0
0
0
0
0
0
-1
0
0
0
0
1
-1
0
0
-1
0
0
0
0
0
1
1
0
0
0
-1
-1
0
0
0
1
0
0
0
0
0
0
1
0
0
-1
0
0
1
0
0
0
0
0
1
0
0
-1
0
0
0
0
0
0
0
0
1
0
0
0
0
0
0
0
0
1
0
0
0
0
0
0
-1
0
0
0
0
1
0
0
1
0
0
0
1
-1
0
-1
0
0
0
1
0
0
0
0
0
0
1
0
0
0
0
0
0
0
0
0
-1
0
0
0
1
0
0
0
1
0
0
0
0
0
0
0
0
0
0
1
0
1
0
-1
0
0
-1
0
0
0
-1
0
0
0
-1
0
-1
1
-1
1
0
0
0
0
0
1
0
1
0
0
0
0
0
0
0
0
0
0
0
1
0
0
-1
0
0
0
0
0
0
0
0
0
0
-1
0
0
1
0
0
-1
0
0
0
0
0
0
0
0
-1
0
1
0
0
0
0
1
0
0
0
0
0
-1
0
0
-1
0
0
0
0
0
0
0
0
0
0
0
1
1
1
1
0
0
-1
1
0
0
0
0
0
0
0
0
0
0
0
0
1
0
0
1
0
1
0
0
1
0
0
0
0
1
0
0
-1
0
0
1
1
0
0
-1
0
-1
-1
0
0
0
1
1
0
-1
0
1
0
0
0
0
1
0
1
-1
0
1
0
0
0
-1
0
0
0
1
0
-1
0
-1
-1
0
0
1
0
0
0
1
1
0
0
1
1
-1
0
-1
0
0
0
1
0
0
0
0
-1
0
0
-1
0
0
-1
-1
1
0
0
0
0
-1
0
1
0
0
0
-1
1
0
1
0
1
-1
0
0
0
-1
0
0
0
0
0
0
0
0
0
0
0
0
0
0
0
0
0
1
0
0
0
0
1
0
0
0
0
0
0
0
0
0
0
0
0
0
0
0
0
0
0
0
0
1
0
0
0
0
-1
0
0
1
0
0
0
0
0
-1
0
0
0
0
0
0
-1
0
0
-1
0
0
0
-1
0
0
0
0
-1
0
0
0
0
0
0
0
0
0
0
0
0
0
0
0
-1
0
0
0
-1
0
-1
0
-1
0
0
0
0
1
0
0
0
0
-1
1
0
0
0
0
0
1
0
0
0
0
0
0
1
0
0
0
0
-1
0
-1
0
0
0
0
0
0
0
0
0
0
0
0
0
0
0
0
0
1
0
1
1
0
1
0
0
0
0
0
1
0
1
0
0
0
1
0
0
-1
0
0
1
0
-1
0
0
0
0
-1
-1
1
0
0
1
0
0
1
0
0
0
-1
1
0
0
0
0
0
0
-1
0
0
0
0
0
0
0
0
0
0
0
0
0
0
0
0
0
0
0
0
-1
0
-1
0
-1
0
0
0
0
0
-1
0
-1
1
0
0
0
0
0
-1
0
-1
0
-1
0
0
0
0
-1
0
-1
0
1
0
0
0
0
0
0
1
0
0
0
0
0
0
-1
0
0
0
0
0
0
0
0
1
0
1
1
0
0
0
0
0
0
0
0
0
0
1
0
1
0
0
0
0
0
0
0
1
0
0
0
1
0
1
1
0
0
0
0
-1
0
0
1
0
0
0
0
0
0
0
0
0
0
0
0
0
-1
0
0
0
0
0
0
0
0
0
-1
0
1
0
0
0
0
0
0
0
-1
1
0
0
0
1
0
1
0
0
0
0
0
0
0
-1
0
1
0
0
0
1
0
0
0
0
-1
1
1
0
0
1
0
0
0
0
0
0
0
0
-1
0
0
0
0
1
0
0
0
0
0
0
-1
-1
1
0
0
1
0
0
-1
0
-1
1
0
1
0
0
0
0
1
-1
0
0
0
0
0
0
0
0
0
0
0
0
0
0
-1
0
0
0
0
1
0
0
0
0
0
0
0
0
-1
0
0
0
-1
0
0
1
0
-1
0
0
0
0
1
1
1
0
0
-1
0
0
-1
0
0
0
0
-1
0
0
0
0
0
0
1
0
0
0
0
0
1
0
0
0
0
0
0
0
-1
1
-1
0
-1
0
0
0
0
-1
0
0
0
0
0
0
0
0
0
1
0
0
0
0
0
0
0
0
0
0
0
0
0
0
-1
0
0
0
1
0
0
0
0
-1
0
-1
0
1
0
0
1
0
0
0
0
0
0
0
0
0
0
1
-1
0
-1
0
0
-1
0
0
0
0
-1
0
0
0
0
0
1
0
0
0
0
0
0
0
-1
0
0
0
0
0
0
-1
0
0
0
0
0
0
-1
0
-1
0
0
0
0
1
0
0
0
0
0
0
0
0
0
0
0
0
1
0
0
0
0
1
0
-1
0
1
0
0
0
0
0
0
0
-1
-1
0
0
0
1
0
-1
0
0
-1
0
0
0
-1
0
0
1
0
0
0
0
0
0
1
0
0
0
0
1
0
0
0
1
1
0
0
0
0
0
0
1
0
1
0
0
0
1
0
0
0
-1
1
1
0
-1
0
0
0
0
0
0
0
0
0
0
0
1
0
1
0
0
0
0
0
-1
0
1
0
0
-1
0
-1
0
0
-1
0
0
0
0
0
0
0
0
0
0
0
0
0
0
0
0
0
0
0
0
0
0
0
0
0
0
0
0
0
0
0
0
0
-1
0
0
0
0
0
0
0
-1
0
0
0
0
0
0
0
0
0
0
0
0
0
0
0
0
0
0
0
0
0
0
1
-1
0
0
0
0
0
0
0
1
0
0
0
0
0
-1
0
0
0
0
0
0
0
0
0
0
-1
-1
-1
-1
0
-1
0
0
0
0
0
0
-1
-1
0
-1
0
0
0
-1
0
0
0
0
0
0
0
1
0
0
0
0
0
0
0
0
0
0
1
1
0
0
0
0
0
0
0
0
0
0
0
1
0
0
0
0
0
1
1
0
0
0
0
0
-1
0
0
0
0
0
0
1
0
0
1
0
0
0
1
0
0
1
0
1
1
0
0
0
0
0
0
0
0
0
0
1
0
1
1
-1
0
0
0
0
0
0
0
0
0
0
0
1
0
1
2
0
0
0
0
-1
0
0
0
1
1
1
0
-1
-1
-2
-2
-1
-1
0
-1
-1
0
0
0
1
1
1
1
1
1
2
2
1
1
-1
0
0
0
0
1
1
1
1
1
-1
0
1
0
0
0
0
-1
0
-1
-1
0
0
0
0
1
0
0
0
0
-1
-1
-1
-2
-1
-2
-3
-2
-4
-1
0
2
2
3
3
4
6
9
13
16
17
17
16
15
13
12
12
11
10
6
2
-2
-6
-9
-11
-12
-14
-18
-19
-21
-21
-19
-16
-11
-8
-6
-3
-2
-2
0
-2
0
0
0
-1
-2
-3
-4
-3
0
4
7
8
8
9
8
10
12
11
12
12
10
7
6
6
7
9
11
12
12
12
10
11
12
12
12
9
3
-3
-10
-16
-25
-33
-40
-46
-53
-60
-68
-72
-72
-66
-57
-47
-38
-28
-16
-1
18
40
62
82
97
106
111
113
113
111
106
95
79
57
32
6
-17
-35
-51
-66
-81
-95
-107
-113
-115
-109
-97
-84
-71
-57
-46
-32
-16
4
23
41
54
62
67
71
75
77
76
69
59
47
32
17
1
-12
-22
-29
-35
-40
-46
-49
-47
-38
-25
-13
-4
3
10
16
25
32
38
41
40
37
29
16
5
-5
-10
-14
-21
-32
-47
-60
-65
-62
-55
-46
-39
-33
-26
-14
2
21
38
55
72
88
96
99
96
90
82
75
69
59
44
23
-1
-24
-42
-56
-65
-74
-85
-95
-103
-105
-105
-100
-88
-72
-51
-34
-20
-12
-9
-2
13
37
58
71
73
68
59
54
54
57
60
57
47
25
-1
-28
-49
-51
-45
-42
-49
-66
-81
-84
-67
-33
1
25
36
43
50
66
87
103
108
98
83
74
65
49
21
-14
-42
-52
-47
-43
-57
-83
-107
-113
-102
-88
-79
-74
-63
-48
-34
-34
-45
-42
-10
51
100
106
69
30
35
89
153
180
153
95
51
41
55
62
43
13
-9
-11
-8
-20
-39
-52
-40
-6
18
13
-19
-53
-60
-42
-21
-30
-66
-107
-129
-132
-133
-150
-180
-212
-232
-234
-219
-192
-156
-116
-75
-37
1
52
124
214
294
343
354
344
334
329
328
327
333
342
338
296
212
128
102
157
249
292
229
84
-76
-183
-244
-310
-417
-544
-659
-774
-944
-1176
-1363
-1330
-1007
-532
-182
-136
-296
-352
-35
621
1301
1655
1576
1268
1043
1064
1237
1339
1232
941
574
203
-167
-544
-853
-1008
-1005
-968
-1058
-1311
-1581
-1639
-1367
-866
-383
-115
-51
-19
160
504
877
1116
1176
1137
1086
1039
935
735
477
254
120
27
-124
-383
-684
-894
-928
-816
-675
-608
-614
-607
-497
-280
-32
169
303
401
506
624
725
770
754
703
651
590
489
326
126
-65
-207
-310
-410
-536
-680
-792
-823
-770
-668
-572
-504
-441
-335
-176
16
194
330
415
480
541
599
633
626
586
532
474
400
293
158
22
-83
-156
-221
-309
-422
-531
-591
-588
-544
-499
-468
-441
-386
-290
-164
-32
80
177
269
360
438
493
522
531
528
510
469
397
300
192
92
5
-79
-167
-257
-338
-402
-442
-461
-459
-445
-419
-378
-317
-242
-161
-78
8
94
181
265
339
394
423
425
411
384
358
326
278
204
105
-5
-102
-172
-217
-260
-310
-367
-409
-417
-385
-331
-274
-223
-175
-117
-45
34
106
167
216
260
296
320
328
325
313
293
256
205
142
80
22
-30
-82
-141
-201
-249
-278
-283
-273
-260
-252
-239
-210
-165
-106
-46
3
45
82
124
166
204
229
238
235
226
215
203
181
148
102
53
2
-42
-82
-120
-152
-181
-206
-227
-238
-239
-223
-191
-148
-101
-57
-22
15
60
110
160
196
213
216
209
203
190
168
133
92
51
9
-32
-77
-121
-161
-190
-204
-204
-198
-189
-183
-171
-151
-116
-67
-16
33
71
101
128
157
186
212
228
234
224
199
161
117
78
41
6
-41
-98
-158
-203
-225
-226
-222
-219
-218
-207
-180
-132
-74
-22
21
57
95
136
176
206
224
228
226
221
209
184
150
112
80
51
17
-25
-76
-125
-159
-175
-182
-195
-213
-220
-215
-196
-172
-147
-117
-79
-35
7
41
67
92
129
169
202
213
206
194
190
192
190
165
117
65
23
-1
-23
-61
-115
-166
-195
-200
-195
-196
-198
-194
-169
-123
-81
-54
-36
-13
27
74
108
112
93
74
69
77
79
66
39
10
-11
-27
-44
-63
-74
-67
-45
-30
-36
-55
-61
-38
1
38
56
60
64
77
101
126
139
140
143
149
153
140
99
50
11
-5
-7
-16
-45
-92
-136
-157
-151
-132
-114
-111
-112
-107
-88
-64
-42
-20
8
44
78
98
98
86
77
87
113
132
118
68
11
-25
-30
-21
-21
-42
-82
-121
-140
-132
-109
-87
-79
-83
-86
-75
-49
-17
8
21
30
43
63
86
104
109
106
104
113
125
128
111
83
58
46
35
11
-29
-77
-111
-127
-136
-151
-176
-200
-205
-188
-152
-110
-79
-61
-41
-4
50
105
150
179
197
202
199
195
197
194
180
150
106
58
11
-29
-66
-97
-123
-146
-172
-195
-207
-198
-176
-154
-137
-113
-78
-39
-4
21
42
65
95
125
145
142
119
98
98
114
118
96
57
24
5
-4
-7
-3
2
-4
-28
-60
-74
-57
-21
9
9
-20
-53
-62
-40
-8
10
9
1
0
5
9
14
18
27
36
43
35
22
5
-15
-37
-53
-56
-45
-34
-46
-86
-136
-166
-156
-110
-69
-58
-79
-103
-105
-81
-43
-10
11
15
12
7
14
34
48
29
-21
-56
-31
24
36
-36
-135
-170
-118
-68
-111
-225
-293
-235
-81
72
110
-41
-327
-470
-153
557
1053
768
-100
-695
-436
391
1024
1004
438
-242
-614
-482
20
484
517
114
-321
-425
-243
-59
15
114
307
446
371
157
66
266
647
953
1010
817
518
339
471
859
1153
1005
448
-96
-218
61
350
293
-132
-670
-1049
-1170
-1138
-1124
-1222
-1387
-1523
-1596
-1679
-1844
-1983
-1825
-1238
-490
-82
-221
-567
-560
47
984
1747
1989
1731
1292
1066
1239
1645
1890
1700
1167
613
235
-12
-230
-441
-616
-792
-1019
-1293
-1537
-1645
-1557
-1304
-999
-778
-714
-732
-636
-280
263
726
903
824
704
735
947
1215
1353
1257
969
650
431
341
310
249
115
-61
-243
-428
-587
-653
-590
-462
-381
-398
-467
-509
-470
-334
-129
74
189
174
91
53
121
259
389
450
416
302
160
52
-4
-25
-31
-33
-52
-121
-258
-432
-542
-434
-43
442
662
444
41
-61
386
1127
1648
1641
1228
806
727
1038
1469
1637
1382
903
519
344
247
107
-77
-291
-605
-1078
-1626
-2053
-2204
-2110
-1966
-2042
-2445
-2953
-3094
-2569
-1597
-763
-488
-682
-864
-558
331
1445
2260
2469
2161
1722
1556
1792
2218
2427
2132
1383
537
-71
-390
-573
-753
-992
-1328
-1760
-2177
-2393
-2296
-1949
-1547
-1247
-1071
-952
-761
-370
258
954
1423
1536
1483
1568
1866
2175
2291
2190
1963
1674
1355
1077
890
719
432
26
-368
-677
-933
-1148
-1248
-1214
-1151
-1182
-1300
-1372
-1276
-1019
-693
-409
-231
-150
-101
-3
200
482
720
797
733
646
622
649
662
600
445
241
73
-17
-82
-227
-462
-669
-731
-655
-559
-567
-716
-882
-820
-347
378
818
607
70
-10
723
1791
2397
2211
1588
1144
1194
1608
2018
2088
1712
1116
628
352
130
-163
-501
-837
-1212
-1686
-2194
-2609
-2943
-3368
-3910
-4271
-4102
-3453
-2800
-2597
-2868
-3197
-2970
-1734
347
2328
3087
2407
1374
1426
2947
4926
5967
5482
3992
2538
1896
2129
2629
2594
1640
76
-1357
-2140
-2345
-2406
-2591
-2862
-3155
-3519
-3872
-3890
-3293
-2216
-1175
-661
-714
-869
-534
514
1945
3083
3379
2826
2052
1852
2511
3516
3993
3507
2377
1282
710
706
949
986
547
-278
-1131
-1673
-1817
-1706
-1557
-1488
-1551
-1764
-2051
-2193
-1999
-1484
-916
-586
-569
-700
-727
-477
44
639
1013
1002
725
500
559
856
1150
1225
1019
629
244
38
66
198
222
37
-266
-507
-601
-603
-593
-594
-596
-614
-672
-732
-707
-556
-336
-149
-53
-22
-1
40
118
257
460
618
577
341
124
132
301
397
308
135
-5
-123
-260
-354
-325
-209
-154
-252
-441
-579
-577
-453
-277
-144
-115
-187
-268
-244
-91
118
284
360
361
345
384
491
607
668
667
633
578
495
426
432
489
465
270
-4
-174
-185
-113
36
355
751
865
495
24
131
986
1983
2342
1890
1154
764
929
1399
1753
1663
1110
441
109
202
312
-15
-764
-1538
-2080
-2454
-2828
-3365
-4303
-5756
-7252
-7753
-6527
-4074
-2025
-1733
-2958
-4052
-3384
-627
2976
5497
5771
4302
2797
2786
4436
6560
7655
7023
5129
3163
2121
2086
2343
2090
981
-788
-2587
-3766
-4111
-3885
-3561
-3597
-4158
-4910
-5227
-4681
-3332
-1700
-520
-303
-916
-1522
-1159
426
2483
3859
3904
2924
1923
1850
2841
4149
4801
4352
3103
1800
1136
1276
1756
1919
1436
436
-659
-1397
-1589
-1442
-1307
-1430
-1898
-2601
-3213
-3384
-3047
-2453
-1967
-1838
-2026
-2240
-2113
-1470
-490
394
825
799
638
737
1274
2073
2719
2883
2577
2122
1869
1944
2191
2279
1974
1305
557
38
-166
-237
-404
-747
-1228
-1727
-2031
-2005
-1769
-1560
-1503
-1566
-1632
-1530
-1219
-821
-472
-218
-36
118
290
491
712
938
1124
1224
1233
1178
1086
1004
980
1001
969
763
379
-33
-299
-413
-519
-729
-1001
-1247
-1448
-1601
-1642
-1543
-1430
-1457
-1579
-1599
-1415
-1090
-726
-374
-105
2
22
198
671
1251
1590
1564
1375
1275
1319
1440
1591
1702
1606
1203
672
360
390
512
423
75
-359
-768
-1129
-1346
-1270
-992
-875
-1153
-1611
-1847
-1706
-1267
-583
222
731
532
-107
-237
799
2504
3624
3421
2360
1538
1646
2514
3423
3684
3056
1852
793
509
938
1377
1245
533
-394
-1127
-1456
-1528
-1612
-1811
-2209
-3017
-4290
-5703
-6732
-6986
-6484
-5699
-5152
-4850
-4366
-3503
-2611
-1883
-795
1114
3225
4484
4735
4666
4858
5459
6342
7095
7206
6532
5376
4217
3517
3356
3069
1853
-107
-1808
-2699
-3095
-3449
-3937
-4641
-5499
-6152
-6208
-5589
-4581
-3632
-3101
-2982
-2843
-2269
-1299
-231
847
1939
2767
3064
3082
3346
4009
4760
5225
5219
4760
4101
3605
3444
3444
3285
2768
1905
923
169
-222
-492
-952
-1617
-2332
-3033
-3649
-4030
-4142
-4159
-4213
-4268
-4258
-4145
-3848
-3340
-2727
-2098
-1460
-837
-268
294
922
1608
2270
2804
3128
3261
3324
3443
3636
3793
3753
3446
2945
2387
1883
1463
1060
556
-96
-802
-1407
-1852
-2190
-2484
-2738
-2955
-3137
-3235
-3208
-3076
-2897
-2685
-2412
-2089
-1713
-1240
-660
-100
283
512
776
1212
1762
2270
2608
2704
2560
2320
2221
2368
2559
2448
1915
1197
624
308
126
-95
-486
-1103
-1831
-2345
-2395
-2162
-2100
-2412
-2805
-2870
-2537
-2071
-1725
-1534
-1387
-1167
-823
-364
136
543
762
891
1232
2024
3051
3687
3505
2811
2438
2912
3900
4516
4172
3096
2064
1717
2043
2463
2344
1492
306
-549
-716
-455
-385
-878
-1722
-2396
-2581
-2383
-2165
-2210
-2524
-2988
-3636
-4618
-5837
-6776
-6829
-5862
-4327
-2945
-2383
-2892
-3825
-3707
-1515
1949
4533
4806
3370
2121
2550
4634
6968
7943
7039
5098
3511
3236
4189
5158
4689
2559
32
-1504
-1756
-1324
-998
-1436
-2803
-4440
-5363
-5189
-4269
-3164
-2422
-2453
-3119
-3651
-3385
-2363
-1068
84
767
773
376
306
1080
2476
3736
4172
3619
2631
2143
2614
3575
4187
3979
3047
1893
1213
1339
1790
1761
1005
-95
-1098
-1731
-1860
-1704
-1806
-2448
-3356
-4061
-4298
-4022
-3459
-3057
-3079
-3320
-3373
-3013
-2306
-1489
-830
-470
-289
-2
525
1192
1873
2471
2810
2813
2688
2703
2924
3232
3382
3113
2476
1845
1512
1455
1486
1356
871
98
-623
-962
-898
-731
-835
-1307
-1936
-2402
-2493
-2225
-1836
-1637
-1758
-2037
-2167
-1953
-1476
-1016
-797
-780
-727
-457
-8
450
773
943
1007
1045
1147
1324
1486
1523
1444
1354
1298
1223
1085
943
868
818
652
349
55
-111
-182
-260
-427
-685
-933
-1056
-1066
-1067
-1163
-1440
-1750
-1640
-856
135
537
138
-426
-356
543
1763
2509
2363
1659
1197
1479
2311
3057
3142
2453
1516
1119
1485
2052
2165
1681
883
126
-309
-347
-215
-259
-717
-1645
-2923
-4307
-5558
-6422
-6585
-6045
-5330
-4995
-5154
-5633
-5975
-5369
-3394
-820
936
1162
446
158
1277
3523
5613
6378
5704
4582
4236
5080
6458
7217
6535
4641
2786
2099
2480
2936
2644
1396
-463
-2107
-2735
-2374
-1852
-1872
-2521
-3523
-4451
-4793
-4388
-3741
-3440
-3475
-3494
-3368
-3079
-2502
-1632
-728
-68
257
366
594
1272
2334
3277
3675
3559
3326
3400
3950
4728
5142
4761
3789
2880
2449
2420
2431
2068
1076
-324
-1515
-2102
-2270
-2465
-2922
-3633
-4422
-4974
-5044
-4702
-4273
-4081
-4215
-4422
-4278
-3600
-2607
-1679
-1065
-768
-568
-160
636
1702
2685
3255
3383
3329
3372
3596
3918
4156
4135
3817
3370
2996
2733
2468
2116
1678
1136
461
-247
-809
-1165
-1426
-1729
-2109
-2559
-3012
-3309
-3341
-3205
-3113
-3149
-3208
-3160
-2957
-2568
-2009
-1427
-986
-679
-349
106
645
1185
1680
2064
2255
2315
2423
2678
2911
2893
2661
2517
2664
2919
2880
2400
1773
1416
1435
1579
1529
1187
703
267
30
81
274
251
-126
-604
-875
-859
-709
-662
-793
-937
-1000
-1056
-1063
-976
-1025
-1433
-2050
-2673
-3420
-4394
-5262
-5504
-5008
-4144
-3381
-3092
-3466
-4083
-3854
-2062
559
2401
2605
1735
1087
1674
3479
5374
6093
5422
4169
3298
3470
4601
5546
5014
3147
1324
496
559
983
1145
424
-1169
-2659
-3075
-2524
-1840
-1601
-1925
-2644
-3278
-3298
-2728
-2074
-1684
-1605
-1745
-1836
-1561
-932
-254
280
599
626
494
623
1222
1977
2434
2472
2255
2048
2128
2603
3198
3414
3011
2256
1670
1539
1719
1812
1457
578
-503
-1264
-1465
-1348
-1353
-1741
-2508
-3361
-3832
-3696
-3241
-2947
-3036
-3391
-3662
-3490
-2836
-2034
-1404
-1025
-863
-774
-450
249
1025
1500
1687
1810
1921
2012
2200
2528
2792
2770
2492
2177
2003
1965
1905
1688
1321
892
469
128
-84
-251
-535
-926
-1255
-1442
-1563
-1659
-1726
-1777
-1834
-1855
-1784
-1628
-1418
-1198
-1013
-842
-576
-204
115
296
400
453
454
521
774
1127
1425
1595
1574
1399
1308
1521
1947
2259
2222
1893
1570
1505
1710
1969
2018
1764
1363
1045
898
853
811
689
440
135
-90
-195
-256
-367
-574
-848
-1133
-1522
-2239
-3307
-4462
-5456
-6057
-5925
-5064
-4282
-4382
-5133
-5627
-5256
-3939
-2018
-329
244
-194
-499
253
1916
3664
4673
4580
3852
3553
4312
5649
6561
6387
5146
3598
2839
3239
3960
3933
2946
1499
190
-477
-327
101
-51
-960
-2000
-2642
-2901
-2946
-2857
-2816
-3009
-3327
-3483
-3363
-3073
-2734
-2419
-2171
-1963
-1722
-1400
-955
-385
228
708
977
1225
1682
2273
2756
3024
3120
3089
3065
3209
3422
3409
3068
2541
2003
1546
1204
900
459
-229
-1040
-1677
-1985
-2107
-2310
-2739
-3335
-3870
-4095
-3960
-3708
-3644
-3810
-3976
-3910
-3570
-3050
-2476
-1960
-1561
-1203
-716
-15
779
1445
1885
2190
2526
2961
3440
3867
4141
4189
4045
3887
3895
4033
4042
3702
3056
2352
1817
1480
1170
655
-133
-1016
-1729
-2159
-2380
-2547
-2817
-3263
-3703
-3757
-3274
-2634
-2379
-2555
-2648
-2185
-1220
-211
459
738
868
1206
1941
2871
3525
3580
3241
3079
3406
3923
4111
3799
3187
2580
2250
2270
2286
1737
494
-966
-2120
-2845
-3435
-4359
-5612
-6482
-6538
-6285
-6091
-5727
-5562
-6183
-6557
-5133
-2699
-1379
-1401
-1433
-1000
-278
1079
2924
3995
3767
3291
3478
4189
5102
5802
5549
4395
3580
3751
4131
4089
3827
3198
1810
534
599
1331
1094
13
-690
-1062
-1766
-2278
-2030
-1842
-2453
-3209
-3356
-3194
-3164
-3129
-2956
-2812
-2725
-2553
-2295
-1924
-1286
-546
-117
70
485
1118
1602
2031
2676
3171
3085
2867
3126
3558
3562
3299
3128
2816
2152
1586
1460
1345
781
-39
-765
-1329
-1696
-1858
-2072
-2555
-3153
-3639
-3950
-3949
-3606
-3385
-3654
-3930
-3629
-3084
-2822
-2566
-1954
-1394
-1192
-850
-45
676
912
1063
1507
2024
2379
2689
3042
3301
3369
3293
3203
3252
3408
3400
3109
2762
2507
2165
1665
1251
1009
704
276
-11
-135
-452
-1064
-1553
-1581
-1331
-1199
-1305
-1508
-1614
-1506
-1157
-675
-280
-178
-297
-252
222
850
1133
1041
967
1090
1251
1419
1653
1789
1631
1251
784
234
-391
-1158
-2263
-3483
-4109
-3943
-3705
-3871
-4084
-4204
-4612
-4980
-4241
-2455
-1143
-1162
-1649
-1568
-888
159
1507
2607
2668
1946
1672
2494
3811
4641
4501
3599
2689
2502
3031
3670
3954
3606
2450
1072
744
1648
2304
1758
807
175
-499
-1135
-956
-361
-745
-2120
-2977
-2755
-2437
-2609
-2778
-2791
-3100
-3512
-3335
-2689
-2257
-2160
-2102
-1985
-1672
-1006
-293
125
490
990
1305
1467
2031
2835
3042
2680
2612
2889
2839
2501
2400
2318
1777
1092
786
703
480
97
-401
-974
-1401
-1590
-1743
-1888
-1916
-2036
-2419
-2665
-2393
-1952
-1840
-1945
-1923
-1766
-1534
-1122
-599
-267
-236
-303
-223
127
712
1294
1583
1581
1546
1601
1690
1889
2275
2532
2297
1816
1601
1657
1717
1822
1951
1702
990
454
553
912
993
738
325
-125
-354
-160
231
411
278
-72
-472
-587
-275
8
-135
-368
-311
-190
-203
-106
101
12
-401
-738
-923
-1251
-1858
-2645
-3468
-4016
-3966
-3548
-3364
-3542
-3712
-3736
-3650
-3112
-1914
-721
-322
-435
-237
431
1179
1891
2585
2943
2760
2505
2755
3382
3796
3689
3161
2499
2072
2077
2283
2314
1971
1221
333
-81
198
533
307
-244
-666
-1003
-1324
-1315
-967
-909
-1465
-2045
-2060
-1774
-1647
-1613
-1516
-1557
-1786
-1816
-1438
-983
-803
-843
-858
-731
-481
-121
320
727
946
945
923
1111
1461
1681
1644
1521
1466
1414
1311
1234
1194
1071
829
603
481
390
238
23
-220
-470
-671
-771
-816
-844
-829
-789
-827
-919
-946
-892
-798
-639
-505
-554
-683
-630
-393
-152
45
181
152
49
151
493
779
839
782
710
685
854
1229
1478
1310
906
694
872
1305
1686
1696
1253
725
613
967
1374
1460
1159
641
239
272
652
854
529
-74
-482
-531
-410
-384
-640
-1164
-1764
-2272
-2666
-3003
-3371
-3726
-3856
-3792
-3928
-4331
-4478
-4041
-3261
-2470
-1864
-1640
-1669
-1318
-240
1014
1701
1785
1710
1771
2171
3040
3958
4094
3336
2588
2566
3041
3435
3416
2829
1851
1169
1261
1713
1838
1488
825
59
-332
-52
321
31
-707
-1215
-1400
-1450
-1254
-1005
-1318
-2137
-2566
-2274
-1911
-1891
-1975
-2113
-2434
-2548
-2019
-1287
-1057
-1273
-1376
-1050
-347
422
837
790
659
857
1386
1999
2492
2681
2359
1780
1746
2492
3095
2835
2168
1698
1390
1250
1469
1736
1462
667
-27
-177
43
137
-115
-525
-897
-1188
-1312
-1161
-831
-650
-845
-1231
-1339
-990
-441
22
260
219
100
264
714
1106
1204
1030
795
751
799
590
118
-317
-750
-1434
-2314
-3077
-3516
-3551
-3010
-1971
-1589
-3103
-5274
-5114
-2276
232
461
-604
-1657
-2189
-1411
941
3155
3126
1088
-585
-221
1621
3384
3932
2798
674
-543
329
2234
3290
2772
1221
-220
-431
707
2050
2398
1611
429
-284
-42
931
1681
1315
133
-634
-437
2
28
-168
-405
-918
-1502
-1534
-1128
-987
-1095
-1010
-1014
-1459
-1690
-1104
-342
-141
-205
-125
-163
-346
-98
655
1103
821
399
353
482
612
881
1080
779
175
-96
197
708
918
615
96
-228
-272
-77
301
487
101
-476
-543
-155
120
136
25
-277
-617
-502
24
311
120
-166
-292
-262
21
560
944
753
165
-168
156
842
1236
1031
452
-41
-85
331
704
457
-324
-1020
-1339
-1463
-1557
-1675
-1878
-2015
-1871
-1678
-1874
-2353
-2475
-1869
-865
-189
-277
-858
-1221
-938
-120
841
1404
1091
205
-189
474
1553
2089
1785
983
309
307
1011
1848
2089
1489
564
153
580
1342
1684
1321
613
163
261
695
986
757
110
-375
-224
340
667
373
-312
-784
-628
-67
325
217
-313
-890
-996
-443
222
291
-247
-803
-911
-592
-127
208
199
-184
-598
-593
-190
144
151
-23
-216
-404
-484
-290
91
232
-133
-625
-665
-314
-73
-23
59
-4
-421
-724
-406
135
259
77
-44
-184
-352
-174
328
586
404
160
72
44
160
525
853
758
361
74
71
269
544
700
533
135
-175
-214
-57
108
100
-124
-427
-632
-664
-540
-386
-378
-560
-822
-988
-925
-674
-455
-424
-562
-767
-875
-717
-377
-201
-331
-517
-521
-364
-157
4
-5
-167
-257
-115
172
419
493
375
257
373
664
883
966
996
996
983
1074
1290
1445
1401
1262
1199
1228
1277
1350
1430
1395
1199
974
844
807
800
750
567
236
-112
-326
-363
-295
-275
-460
-804
-1048
-1039
-904
-785
-729
-806
-1046
-1250
-1209
-1037
-977
-1051
-1134
-1191
-1209
-1127
-979
-893
-904
-944
-968
-958
-875
-689
-467
-378
-499
-658
-622
-407
-199
-78
-31
-102
-249
-265
-96
38
23
-12
-5
-45
-75
44
223
274
223
179
151
183
385
643
696
581
589
744
842
928
1140
1288
1183
1085
1242
1434
1383
1214
1116
1048
967
947
958
827
548
336
308
344
303
181
20
-150
-258
-248
-172
-130
-170
-289
-420
-398
-151
96
66
-163
-290
-229
-82
115
299
268
29
-96
48
230
274
253
179
-3
-156
-111
23
-12
-270
-555
-696
-746
-860
-1062
-1271
-1488
-1751
-1962
-1992
-1905
-1861
-1891
-1898
-1840
-1740
-1567
-1303
-1035
-840
-665
-443
-214
-27
172
405
573
674
845
1079
1197
1194
1227
1286
1253
1192
1200
1156
991
901
973
997
849
677
560
451
389
424
436
323
155
16
-81
-98
-8
78
13
-168
-286
-239
-116
-67
-139
-252
-319
-291
-145
61
152
64
-27
48
206
304
346
361
302
217
246
375
433
339
192
100
91
144
193
187
144
86
1
-65
-5
150
224
156
52
-12
-50
-24
111
228
182
42
-27
25
147
265
261
139
53
73
103
98
94
47
-83
-190
-197
-202
-292
-404
-489
-614
-779
-871
-864
-880
-966
-1022
-986
-936
-928
-920
-886
-846
-766
-600
-424
-335
-306
-271
-234
-163
1
175
210
150
154
234
307
360
369
266
141
169
333
467
493
411
244
135
229
426
530
523
467
354
260
341
546
636
543
397
298
294
402
512
508
410
302
211
187
290
444
491
380
214
112
125
220
312
334
269
146
26
-10
63
142
101
-62
-241
-345
-351
-294
-249
-295
-443
-590
-624
-546
-461
-454
-497
-540
-569
-555
-443
-264
-154
-173
-222
-183
-60
61
118
113
52
-54
-110
-8
156
154
-34
-178
-161
-83
-17
57
61
-92
-263
-239
-78
-6
-68
-151
-216
-268
-243
-130
-47
-64
-101
-81
-23
38
107
175
228
260
266
270
328
426
483
508
541
501
379
349
471
545
437
254
120
56
55
87
59
-67
-234
-371
-429
-381
-296
-324
-461
-547
-528
-479
-422
-325
-237
-245
-302
-267
-98
80
174
216
251
282
338
459
589
661
693
691
623
554
580
650
644
559
453
318
192
155
155
90
-4
-76
-197
-359
-403
-327
-310
-430
-601
-750
-822
-745
-582
-523
-626
-761
-802
-716
-521
-316
-231
-267
-299
-233
-65
138
261
265
238
269
344
422
503
564
555
504
508
559
547
465
418
416
358
243
169
124
25
-101
-154
-181
-291
-452
-528
-486
-411
-383
-420
-500
-564
-531
-386
-212
-122
-154
-226
-207
-55
137
247
264
237
240
320
447
534
522
416
291
261
333
357
243
75
-60
-168
-229
-214
-196
-271
-410
-509
-524
-485
-452
-465
-499
-492
-439
-376
-310
-240
-210
-205
-132
24
157
208
253
355
469
537
583
635
690
726
751
786
793
724
621
586
593
539
418
294
183
107
84
21
-145
-302
-333
-303
-313
-364
-456
-598
-674
-570
-402
-365
-455
-543
-563
-460
-223
-22
-39
-181
-218
-122
17
182
309
266
105
59
179
304
348
348
289
173
112
181
270
252
140
16
-71
-105
-85
-54
-86
-211
-347
-379
-299
-229
-241
-284
-299
-290
-247
-155
-86
-125
-207
-191
-69
33
44
-3
-67
-112
-74
44
117
57
-61
-101
-38
45
71
17
-83
-146
-113
-21
21
-35
-142
-221
-221
-139
-49
-31
-67
-79
-63
-59
-22
90
192
194
154
162
202
255
344
424
414
355
344
376
407
469
551
528
379
265
289
358
362
302
219
122
34
-21
-30
-24
-62
-155
-229
-236
-231
-265
-301
-296
-290
-300
-295
-283
-305
-319
-264
-184
-157
-182
-199
-174
-103
-16
34
18
-28
-46
-18
33
64
54
11
-33
-57
-59
-47
-48
-68
-90
-105
-122
-125
-104
-89
-97
-103
-78
-42
-19
-10
4
35
76
121
157
185
198
208
237
270
285
275
253
238
244
259
244
177
101
59
44
19
-17
-65
-118
-161
-193
-214
-208
-186
-193
-235
-253
-221
-179
-150
-129
-121
-139
-145
-94
-3
51
28
-29
-37
28
112
149
128
84
43
36
78
127
110
32
-31
-54
-55
-37
-28
-72
-145
-175
-158
-128
-97
-74
-88
-118
-120
-89
-32
34
76
51
-13
-21
61
154
186
165
144
141
167
227
304
337
295
227
212
254
297
291
232
146
75
36
16
3
-12
-53
-147
-249
-282
-234
-178
-188
-274
-370
-384
-288
-159
-110
-174
-275
-303
-213
-58
52
42
-60
-137
-77
84
213
219
130
38
13
81
200
260
201
78
-2
-1
64
150
194
145
34
-43
-25
65
149
156
84
-11
-61
-38
32
89
78
3
-67
-76
-38
19
55
51
10
-36
-55
-28
33
71
52
3
-35
-35
10
73
94
61
16
-12
-9
35
103
123
64
-14
-38
-2
63
110
82
-5
-71
-63
-7
48
50
-9
-78
-92
-55
-26
-28
-47
-82
-121
-141
-141
-133
-117
-106
-136
-207
-254
-238
-185
-145
-143
-190
-255
-278
-237
-172
-134
-147
-192
-234
-227
-165
-90
-49
-47
-73
-95
-69
21
123
175
166
129
114
157
258
354
375
319
250
236
285
362
409
380
290
202
175
217
281
291
206
81
3
14
76
107
68
-32
-128
-162
-123
-55
-12
-36
-121
-193
-184
-107
-27
-1
-42
-123
-173
-145
-57
30
48
-25
-126
-153
-69
45
87
35
-58
-114
-91
-3
76
77
2
-86
-119
-72
22
78
51
-33
-95
-82
-2
82
100
44
-27
-53
-16
50
94
81
24
-36
-53
-18
31
54
27
-28
-71
-74
-47
-12
8
-9
-57
-97
-97
-54
-14
-11
-52
-97
-116
-95
-50
-24
-38
-72
-93
-88
-66
-38
-27
-43
-66
-78
-74
-62
-44
-20
-9
-19
-42
-51
-25
30
83
89
42
-1
8
69
129
142
93
23
-2
44
118
144
99
22
-21
1
59
93
70
14
-32
-44
-18
18
28
6
-32
-60
-61
-38
-3
16
14
-6
-29
-20
27
86
114
105
73
57
79
123
151
148
116
81
62
72
89
87
67
37
6
-18
-35
-48
-55
-59
-80
-128
-169
-169
-148
-128
-121
-130
-152
-158
-124
-73
-40
-30
-38
-46
-29
17
61
73
60
40
31
42
76
100
88
53
33
31
38
43
37
19
-5
-31
-49
-58
-60
-60
-72
-99
-122
-128
-119
-96
-67
-53
-70
-87
-73
-26
27
55
43
12
8
50
104
133
119
84
63
79
121
150
141
106
71
62
79
98
97
66
23
-3
-1
13
13
-9
-40
-52
-44
-30
-22
-27
-36
-32
-15
3
11
4
-5
-1
16
32
32
20
12
17
30
36
32
26
24
16
3
-6
-9
-12
-20
-38
-62
-81
-85
-85
-93
-109
-125
-139
-143
-133
-122
-117
-113
-103
-93
-84
-64
-39
-22
-8
10
22
29
48
76
93
96
98
98
99
106
119
119
107
92
78
66
60
52
33
11
-5
-20
-37
-56
-66
-73
-77
-85
-98
-109
-106
-88
-73
-69
-72
-73
-63
-40
-11
9
13
7
9
30
62
86
91
81
76
86
108
125
127
114
96
86
90
99
95
80
57
38
32
37
33
18
2
-6
-8
-9
-10
-11
-14
-17
-10
-3
-3
-6
1
13
21
22
18
17
26
41
46
41
30
26
32
42
44
30
12
3
0
-2
-6
-17
-35
-59
-71
-71
-70
-75
-87
-101
-114
-120
-113
-100
-91
-93
-105
-110
-97
-69
-42
-31
-40
-53
-45
-15
18
30
20
5
5
23
46
56
44
23
10
11
20
26
17
-1
-21
-29
-21
-9
-8
-20
-31
-31
-21
-5
6
7
0
-4
0
20
40
48
40
30
31
48
69
80
73
58
49
53
67
73
67
49
33
27
31
34
27
9
-12
-23
-23
-17
-15
-24
-41
-53
-50
-36
-25
-29
-39
-42
-38
-26
-15
-11
-12
-11
-5
5
13
19
24
28
32
34
38
42
43
40
36
33
31
26
23
19
12
5
-1
-5
-5
-8
-17
-25
-28
-26
-23
-26
-34
-41
-39
-30
-23
-24
-31
-32
-24
-9
0
0
-3
-4
3
18
23
21
19
13
13
21
21
17
14
3
0
2
2
1
-3
-11
-13
-13
-14
-18
-20
-22
-22
-23
-23
-20
-16
-13
-10
-5
-3
-1
4
13
17
20
25
26
23
28
37
36
35
31
26
22
23
25
21
13
6
1
-6
-8
-12
-18
-24
-30
-36
-43
-46
-44
-44
-46
-51
-55
-56
-48
-39
-33
-32
-34
-35
-27
-8
3
3
-1
-2
3
17
29
27
19
20
21
21
31
31
21
18
15
15
23
16
6
3
3
5
6
0
-9
-12
0
10
5
-4
-11
-12
-5
6
10
4
-2
-5
2
16
22
15
5
1
9
19
21
13
5
4
6
10
11
6
0
-2
-2
-1
0
-5
-12
-10
-7
-6
-9
-12
-17
-11
-4
-5
-8
-5
-4
-4
3
8
7
5
7
8
12
20
25
24
20
20
22
24
21
19
21
19
13
11
9
7
3
0
-3
-8
-10
-12
-16
-18
-17
-20
-25
-24
-22
-26
-26
-20
-21
-23
-20
-18
-18
-13
-6
-5
-8
-6
-4
1
9
11
7
3
2
5
11
14
10
3
-4
-4
1
2
0
-7
-15
-17
-14
-10
-11
-18
-24
-25
-21
-15
-13
-15
-20
-18
-12
-5
0
4
4
3
5
12
20
24
24
22
24
28
28
30
28
30
27
24
21
20
21
18
11
8
5
3
-1
-2
-4
-9
-14
-16
-16
-14
-13
-18
-23
-21
-15
-11
-9
-9
-6
-5
-4
-1
7
10
8
11
14
15
15
16
14
12
13
14
13
11
9
7
5
3
1
-3
-3
-1
-3
-12
-18
-23
-23
-16
-10
-13
-18
-17
-10
-3
-1
-1
1
2
0
0
10
19
24
23
19
14
16
21
22
20
9
1
7
13
9
0
-2
-7
-14
-13
-9
-12
-29
-48
-57
-41
-33
-49
-56
-31
-16
-23
-28
-26
-22
-18
-15
-7
7
9
-2
6
29
27
15
29
41
35
36
47
32
-3
-1
24
20
5
8
12
0
-9
-12
-24
-29
-27
-34
-35
-29
-33
-27
-23
-39
-33
-4
4
-5
-2
11
8
-2
13
36
50
58
55
42
41
50
58
67
77
54
3
-15
15
42
41
30
17
1
-17
-19
-4
-1
-26
-67
-74
-36
-33
-94
-99
-36
-12
-24
-24
-22
-8
21
35
7
-38
-30
25
48
30
27
34
23
24
63
81
69
81
79
27
-10
11
42
44
13
-7
-1
-19
-26
32
52
-24
-70
-54
-62
-85
-86
-73
-59
-57
-65
-59
-37
-19
-4
4
-2
-12
-18
-14
-25
-62
-57
24
92
60
7
58
148
131
18
-25
37
73
6
-64
-49
-3
-2
-24
-16
12
22
15
2
-23
-66
-101
-95
-57
-19
3
10
8
2
-12
-25
-23
-20
-14
22
60
31
-46
-78
-23
72
98
14
-33
58
129
51
-51
-81
-79
-40
65
299
694
892
382
-491
-776
-350
21
-70
-343
-476
-450
-398
-447
-580
-497
270
1526
1944
649
-1005
-1131
-75
398
-220
-804
-494
181
294
-104
-1
1064
1802
1155
536
1352
2211
1268
-707
-1559
-836
-100
-348
-805
-718
-408
-249
-324
-556
-501
-143
-4
65
117
-547
-1500
-1501
-871
-739
-962
-654
69
402
295
100
-118
-97
305
625
722
924
904
157
-501
8
1006
1195
805
788
1135
1138
566
-42
-153
77
225
186
-97
-705
-1234
-1219
-873
-597
-456
-486
-639
-656
-516
-510
-661
-599
-214
172
272
96
5
212
436
579
775
884
841
692
486
421
395
234
160
274
390
357
131
-102
-155
-99
-67
-93
-140
-190
-295
-422
-498
-515
-494
-438
-310
-139
-50
-94
-161
-130
-16
91
148
172
187
197
182
123
60
76
186
278
243
126
63
79
88
41
-17
-50
-73
-97
-112
-141
-192
-220
-161
-61
-30
-86
-126
-90
-31
-5
-16
-20
4
38
48
56
72
56
21
64
159
154
21
-102
-98
-26
-29
-110
-129
-60
-6
-4
-26
-102
-196
-151
-6
64
49
-39
-176
-170
1
130
153
121
78
101
153
139
91
35
-5
41
87
36
-13
-13
-25
-22
23
70
71
-15
-92
-39
-2
-118
-220
-190
-83
52
66
-104
-176
-18
119
104
63
95
122
51
-23
19
74
35
-28
15
126
112
-49
-142
-70
29
45
10
-23
-39
-32
-19
-15
-17
-11
9
36
48
51
31
-30
-79
-35
50
75
67
74
61
45
45
10
-47
-18
77
88
-5
-96
-100
-49
-32
-51
-8
52
26
-8
29
36
-15
-7
59
78
44
21
21
14
2
11
17
-13
-33
-11
-10
-50
-86
-91
-83
-80
-61
-20
-16
-77
-110
-67
-21
-33
-76
-80
-35
-14
-42
-51
-15
32
74
101
99
96
111
91
66
85
70
8
6
40
18
-30
-67
-67
-6
19
-50
-93
-65
-62
-98
-119
-124
-113
-72
-26
-35
-64
-39
18
46
60
94
115
92
68
95
137
153
141
120
115
116
108
99
65
14
4
23
13
-21
-74
-114
-92
-61
-83
-102
-75
-45
-56
-100
-103
-54
-11
5
-8
-23
-3
4
-29
-9
59
80
49
15
16
65
91
45
9
26
36
27
28
17
-21
-56
-58
-21
6
3
-5
-11
-16
-33
-49
-35
0
16
-3
-45
-51
-25
-21
-24
-4
10
10
10
3
-18
-37
-33
-25
-30
-28
-9
11
17
8
7
37
75
80
70
77
78
54
34
25
34
54
45
22
25
26
5
-14
-29
-31
-22
-37
-64
-71
-69
-78
-78
-49
-6
-7
-42
-44
-12
11
18
15
13
34
42
9
0
39
53
32
21
40
47
12
-36
-47
-17
5
-8
-18
-33
-56
-59
-45
-46
-38
-18
-17
-30
-37
-31
-17
-6
6
27
44
51
46
35
37
49
54
50
35
22
20
12
9
4
-17
-29
-19
-20
-38
-43
-42
-41
-33
-19
-10
-17
-18
-6
4
1
-8
-11
11
34
17
-3
-1
12
44
79
80
47
23
35
52
34
8
2
1
-9
-17
-14
-15
-28
-43
-43
-30
-24
-36
-48
-48
-43
-40
-28
-10
1
5
19
29
19
-2
-9
2
20
24
6
-7
-2
9
29
51
49
36
25
13
13
19
5
2
12
10
6
1
-8
-11
3
23
24
-5
-32
-32
-26
-42
-61
-54
-25
-8
-9
-8
-1
4
1
6
22
41
46
25
4
1
15
29
36
37
37
33
21
3
1
8
5
-13
-19
-14
-24
-38
-23
-2
-8
-25
-17
1
5
-4
-17
-34
-33
-13
-4
-15
-23
-20
-11
-1
4
-1
-5
3
10
3
-16
-18
-5
2
-4
-2
16
25
12
1
0
0
2
1
0
-4
-10
-13
-11
0
16
29
34
36
34
23
19
20
18
8
1
-1
-8
-16
-18
-19
-26
-30
-27
-26
-25
-21
-19
-19
-12
-1
5
8
13
24
36
42
38
32
34
37
36
32
25
19
19
19
12
0
-9
-7
0
-1
-12
-17
-12
-13
-24
-37
-39
-32
-24
-25
-32
-33
-32
-33
-31
-22
-8
1
-1
-6
-7
4
10
15
23
28
29
33
43
48
39
33
34
34
29
24
21
16
7
-2
-8
-4
-1
-9
-17
-21
-30
-39
-38
-32
-37
-48
-48
-36
-19
-7
-5
-5
1
12
16
22
29
29
23
22
26
24
24
29
26
15
12
15
12
0
-14
-17
-14
-23
-42
-46
-35
-32
-38
-37
-33
-31
-29
-24
-14
0
7
4
5
14
21
19
20
27
32
30
22
22
22
14
5
11
21
14
-2
-6
2
7
2
-4
-3
-2
-3
-4
-3
-1
-6
-11
-14
-11
-13
-11
-3
-3
-11
-13
-6
2
2
-2
-5
4
8
3
-3
0
3
6
14
16
12
14
22
24
19
11
10
16
20
8
-1
-5
-4
-9
-12
-9
-6
-5
-6
-11
-13
-11
-9
-10
-6
1
-1
-11
-12
-3
3
-1
-4
-1
2
1
3
5
5
5
7
14
22
20
11
2
7
10
1
-8
-9
-8
-7
-6
-7
-13
-12
1
8
1
-5
-10
-12
-11
-11
-16
-18
-17
-17
-17
-12
-6
-3
1
5
1
-5
0
8
12
12
12
14
14
23
26
21
22
28
22
9
2
6
6
3
1
-5
-9
-7
-9
-18
-23
-17
-18
-30
-36
-28
-25
-30
-29
-15
-2
0
1
9
15
12
10
15
20
19
15
10
6
6
10
13
11
9
9
7
6
7
5
1
-2
-2
0
3
3
-3
-4
-1
3
3
2
1
-4
-6
2
9
2
-5
1
5
5
4
7
7
1
-8
-11
-3
2
-7
-13
-7
-2
-3
3
9
5
2
5
7
3
2
5
4
-1
-7
-9
-3
1
-1
-2
1
-1
-7
-10
-5
-7
-13
-13
-4
0
-7
-12
-9
-6
-3
0
1
1
-1
0
3
7
8
7
10
16
14
7
11
14
8
5
7
9
7
3
-2
-3
1
1
-7
-10
-2
6
4
-4
-6
-2
2
3
-2
-2
-3
-2
-5
-8
-9
-3
4
7
3
0
0
1
6
6
2
0
1
-3
-8
-4
2
0
-5
-3
1
-3
-7
-4
-3
-7
-9
-6
-2
3
2
-1
-1
4
3
1
2
6
6
-2
-8
-7
-6
0
5
3
-2
-1
1
2
3
2
1
5
5
4
5
5
0
0
11
13
3
-2
2
2
1
-1
-4
-5
-2
0
-3
-3
1
0
-1
4
8
4
0
2
4
4
5
5
2
-1
-1
0
-1
-2
-4
-4
-4
-4
-6
-6
-2
-3
-8
-5
0
2
1
1
-1
-2
1
2
2
1
2
0
1
0
1
0
1
4
7
8
6
2
1
3
7
7
4
-1
-3
-1
2
1
-4
-6
-4
-3
-5
-7
-5
-2
0
-2
-3
-3
-1
1
2
2
2
2
2
3
6
6
1
3
3
-2
-3
1
0
-1
2
7
5
2
2
3
3
7
4
2
-1
0
-3
-3
-1
-3
-5
-1
0
-1
-5
-3
-4
-7
-2
2
0
-2
-2
-2
-1
4
3
0
-3
0
3
3
1
-1
1
2
0
-4
-5
-3
0
0
0
0
1
1
0
-2
-2
-1
0
0
-2
-4
-6
-5
-3
-3
-2
2
5
6
1
-2
1
5
8
4
2
2
1
1
-1
-1
1
3
2
0
-2
-2
-1
-2
-2
-2
-1
0
-1
-1
-2
0
0
0
0
1
1
1
1
0
0
0
1
1
1
0
-2
-1
1
2
0
1
2
0
1
4
5
5
4
3
1
1
1
2
1
0
0
-2
-2
-3
-4
-2
0
1
3
2
0
-2
-1
2
2
2
2
1
2
1
2
-1
0
2
1
1
-1
-3
-2
-1
0
0
-3
-5
-4
-3
-2
-2
-3
-2
-2
0
0
0
0
1
2
2
-1
-1
2
0
0
-1
1
4
2
0
0
4
3
1
1
1
1
-1
-2
-3
-2
-1
1
0
-2
-5
-4
0
-1
-2
-2
-3
0
1
2
0
1
1
3
4
3
-1
-1
-1
-1
0
-1
-2
-2
-2
-2
0
1
2
3
2
2
1
0
1
1
1
3
3
4
2
2
1
2
2
2
1
1
-1
-1
-1
-1
0
0
1
2
2
2
2
2
2
1
0
0
-1
-2
0
0
1
1
1
1
1
1
0
0
0
-1
-1
-1
-1
-2
-1
-1
0
2
1
0
-1
2
0
-1
-2
-2
-1
-2
-2
-1
0
1
2
2
2
2
1
1
0
0
0
-1
0
0
0
-1
0
-2
-1
-2
-1
-1
-1
-1
0
-1
-1
-1
-1
-2
0
-1
0
0
0
0
1
0
0
0
0
0
-1
1
0
0
1
0
-1
0
0
2
1
-1
1
3
2
0
-1
0
2
2
2
1
0
0
0
2
3
1
1
3
1
2
1
2
3
2
3
4
5
5
3
2
2
3
0
-2
-4
-3
-2
1
0
-1
-1
-1
-1
1
1
1
2
0
0
0
-1
0
1
1
1
1
-1
1
0
0
1
1
1
1
1
2
1
2
2
2
1
1
0
0
-1
0
-1
-1
-2
-3
-3
-3
-3
-2
-2
-2
0
0
2
0
-1
-1
0
1
2
1
1
-1
1
0
0
0
-1
-3
-4
-2
-3
-4
-6
-3
-1
0
0
-1
1
0
2
4
4
3
2
2
1
2
2
1
1
0
0
0
0
-1
0
0
0
0
0
0
0
1
2
1
2
2
2
1
1
1
1
1
1
1
1
1
2
0
0
-1
0
1
1
0
0
0
1
1
1
0
-1
-2
0
1
1
1
1
1
0
1
0
2
1
1
1
1
1
0
0
-1
-1
-1
-1
-1
-2
-3
-2
-2
-2
-1
-1
-1
0
0
1
-1
1
2
2
3
4
4
2
2
3
2
4
2
0
-2
-1
-2
-2
-3
-3
-3
-2
-1
-1
0
-1
0
2
2
3
2
1
0
0
1
0
-2
-1
-1
-2
-2
-1
-2
0
1
2
2
4
5
7
7
10
10
8
6
6
7
6
4
3
3
3
2
0
2
2
2
2
0
-1
-1
0
-1
1
0
1
0
0
-2
-4
-4
-6
-4
-3
-3
-4
-4
-4
-3
-2
0
1
2
1
-1
-3
-5
0
2
0
-3
-1
1
1
-2
-3
0
2
1
0
-1
-1
0
1
2
2
0
1
3
3
3
1
1
1
1
1
0
-2
-4
-5
-3
-2
-3
-3
-3
-3
0
0
1
1
1
1
3
4
5
2
1
2
3
3
3
1
-1
-1
1
1
0
0
-1
2
1
2
1
1
0
0
0
-1
1
2
2
2
1
1
0
0
0
1
0
0
0
0
-1
0
1
2
3
2
2
1
0
0
-1
0
0
0
1
0
0
0
-1
0
1
-1
-1
0
1
0
0
-2
0
1
0
0
0
1
2
1
1
2
0
1
0
0
-1
-2
-1
0
1
2
0
0
0
1
2
2
2
0
0
0
0
0
0
0
-1
0
1
1
1
1
1
-1
-1
-2
-2
-2
-1
-1
-1
0
-1
0
0
0
1
2
1
1
0
0
-1
0
0
1
2
2
2
1
2
1
2
2
2
2
1
-1
0
1
1
1
1
1
1
0
-1
-2
-3
-2
-1
-1
0
0
-2
0
1
0
1
1
1
0
1
1
2
1
1
1
1
1
1
1
0
0
0
0
1
0
0
0
1
1
0
0
0
0
0
0
2
1
1
0
-1
-1
-1
-1
0
0
0
2
2
1
0
0
1
1
1
1
1
1
1
0
0
0
1
0
1
0
0
0
0
0
-1
0
1
0
0
-1
0
-1
0
0
-1
0
0
0
0
0
0
0
0
0
0
0
0
0
0
0
0
0
0
0
0
0
0
0
0
0
0
0
0
0
0
0
0
0
-1
0
1
1
0
0
-1
-1
-2
-1
0
1
1
1
1
0
0
0
0
0
0
0
0
0
0
0
0
0
0
0
0
1
-1
0
0
0
0
0
0
0
1
0
0
0
0
0
-1
0
0
0
0
0
0
0
0
0
0
-1
-1
-1
-1
0
-1
0
0
0
0
0
0
-1
-1
0
-1
0
0
0
-1
0
-1
-1
-1
0
0
1
3
2
2
2
1
1
1
1
1
1
1
2
2
0
0
0
0
0
0
0
0
0
0
0
1
0
0
0
0
0
1
1
0
0
0
0
0
-1
0
0
0
0
0
0
1
0
0
1
0
0
0
1
0
0
2
1
1
1
-1
-1
-1
0
0
0
0
1
2
2
1
-1
-1
0
-1
1
0
0
-1
0
0
0
0
0
0
0
1
0
0
1
0
0
0
1
0
0
0
-1
0
0
0
0
0
0
0
0
0
0
1
0
0
0
-1
-1
0
0
0
0
0
0
0
0
0
0
-1
0
1
0
0
0
0
0
0
0
-1
0
1
0
0
0
0
-1
0
-1
-1
0
0
0
0
1
0
0
0
0
0
0
0
0
1
1
0
1
-1
0
0
0
0
0
0
0
0
0
0
0
0
0
0
0
0
0
0
0
0
0
0
0
0
0
0
0
0
-1
1
0
1
0
0
1
0
0
0
0
0
1
-1
0
0
0
0
0
1
0
0
-1
0
0
0
0
1
0
0
1
-1
-1
0
0
0
0
0
0
0
0
0
0
0
-1
0
0
0
1
0
0
0
0
1
0
-1
-1
0
0
0
-1
0
0
0
0
0
-1
0
0
0
0
-1
0
0
0
0
0
0
0
0
0
0
0
0
0
0
-1
0
0
0
0
0
0
0
0
0
1
0
-1
0
0
0
0
0
0
0
0
0
0
0
0
0
0
0
0
0
0
0
-1
0
0
0
0
0
0
0
0
0
0
0
0
0
1
0
0
0
0
0
0
0
1
0
0
0
1
1
1
1
0
-1
1
1
0
1
1
2
1
0
-1
-1
-3
-3
-4
-2
-3
-3
-3
-2
-1
-2
0
0
0
0
0
0
0
0
0
0
-1
-2
-3
-2
-1
0
0
0
1
0
0
0
0
1
1
1
1
1
0
0
-1
1
1
2
3
3
3
1
3
4
2
4
4
4
3
3
4
4
3
4
3
3
2
3
2
3
3
3
1
0
-2
-1
-1
0
0
0
0
-1
0
-1
-1
0
0
0
0
0
-1
-2
0
1
1
1
1
1
-1
-1
-2
-2
-2
-3
-1
-2
-1
-1
0
0
1
2
2
3
1
1
-1
-2
-2
-5
-3
-5
-4
-4
-3
-2
0
2
2
1
2
1
2
2
2
0
0
-1
-2
-3
-2
-4
-4
-5
-5
-5
-5
-3
-3
0
0
2
1
1
1
0
1
0
1
1
1
0
-3
-4
-5
-5
-4
-4
-4
-3
-3
1
1
2
5
9
15
20
23
24
20
16
12
12
12
11
7
3
0
-1
1
2
4
7
9
14
19
25
28
30
31
32
33
31
32
29
26
18
9
-1
-11
-18
-23
-23
-22
-18
-14
-9
0
8
17
24
29
33
31
27
19
8
-4
-13
-20
-24
-25
-25
-23
-22
-20
-17
-14
-10
-7
-5
-4
-6
-13
-18
-22
-22
-17
-11
-7
-6
-9
-15
-22
-31
-38
-44
-45
-46
-45
-52
-61
-69
-71
-61
-44
-22
-2
9
14
10
1
-7
-5
4
23
45
62
59
41
7
-28
-58
-79
-91
-99
-106
-116
-127
-137
-134
-98
-23
86
202
299
357
368
340
280
201
121
55
11
-26
-74
-137
-213
-269
-284
-248
-162
-44
84
196
268
287
260
213
173
160
166
178
168
124
44
-56
-151
-213
-225
-185
-110
-34
13
11
-38
-107
-159
-164
-123
-52
20
68
81
52
-12
-76
-108
-84
-18
55
97
90
38
-44
-129
-191
-210
-176
-108
-39
-4
-14
-62
-114
-141
-129
-75
7
95
161
186
163
107
49
12
11
39
74
96
85
43
-23
-87
-130
-131
-89
-25
42
89
104
90
62
39
30
42
68
90
99
84
43
-9
-59
-86
-87
-65
-33
-4
13
15
0
-21
-41
-47
-38
-17
6
23
30
23
14
3
-3
-5
-4
-2
-2
-12
-30
-53
-69
-77
-72
-54
-28
2
32
58
80
91
96
91
80
63
40
18
-5
-24
-38
-44
-45
-41
-32
-18
0
20
38
58
71
77
73
59
41
21
2
-14
-22
-24
-22
-25
-29
-33
-36
-35
-34
-28
-19
-6
4
7
2
-4
-12
-14
-11
-3
6
13
13
6
-4
-17
-28
-35
-34
-31
-26
-25
-26
-33
-38
-37
-31
-21
-7
8
22
29
29
29
30
28
22
17
14
11
3
-6
-19
-30
-38
-41
-39
-34
-26
-16
-5
5
12
21
27
34
36
36
33
28
20
15
11
7
4
-2
-6
-10
-12
-12
-10
-6
0
3
3
3
1
-3
0
6
13
20
25
28
28
25
20
17
16
18
20
17
12
3
-9
-20
-26
-26
-20
-12
-5
0
0
-2
-4
-5
-2
0
4
6
5
2
-3
-11
-14
-15
-13
-8
-4
-3
-3
-7
-11
-15
-16
-16
-12
-6
-3
-1
-1
-2
-2
1
4
10
15
17
16
12
6
2
-2
-3
0
3
6
8
7
5
3
3
3
5
5
6
5
4
3
2
3
8
14
19
20
17
11
3
-4
-10
-12
-13
-14
-17
-20
-23
-24
-20
-14
-6
1
5
6
5
3
0
-2
-4
-3
-1
2
1
-2
-6
-10
-13
-13
-11
-6
-3
-2
-2
-5
-9
-10
-7
0
11
21
27
30
27
22
16
13
11
12
15
14
9
1
-5
-10
-11
-8
-1
7
15
19
20
18
15
14
16
21
25
25
20
9
-3
-13
-23
-27
-27
-26
-22
-17
-11
-9
-7
-5
-2
1
4
5
3
-2
-7
-13
-20
-26
-27
-26
-22
-18
-15
-11
-7
-3
-1
0
1
-3
-5
-7
-11
-12
-11
-8
-6
-2
-1
2
5
9
13
17
19
19
17
12
6
0
-3
-3
1
5
9
10
9
7
3
0
0
3
9
16
18
16
11
6
3
4
9
15
20
21
17
8
-2
-10
-12
-10
-6
-1
3
5
4
0
-2
-4
-2
1
6
10
11
8
2
-6
-11
-15
-13
-8
-4
0
0
-4
-8
-11
-14
-12
-9
-3
0
1
0
-3
-7
-9
-10
-9
-6
-3
0
1
-1
-3
-7
-10
-9
-7
-5
-1
1
4
5
6
5
4
6
8
10
11
13
10
7
3
-1
-4
-6
-5
-3
0
5
8
9
9
9
9
11
13
14
16
13
10
6
3
-1
-1
-2
-1
1
0
1
-3
-4
-6
-9
-11
-10
-9
-7
-4
-2
1
1
1
1
1
0
1
1
0
-2
-5
-10
-14
-19
-19
-18
-14
-10
-6
-3
-2
-1
-2
-1
-1
0
2
4
5
5
4
2
1
-1
-1
0
1
3
3
2
1
0
-2
-3
0
2
5
7
8
8
8
8
8
8
10
11
13
14
13
10
7
3
2
1
1
-1
-2
-4
-5
-4
-4
-3
-2
1
3
6
9
9
8
6
3
-1
-5
-6
-8
-9
-11
-9
-9
-8
-9
-8
-7
-6
-4
-2
-1
0
-2
-4
-7
-9
-9
-7
-4
-1
1
3
1
0
-2
-1
0
2
3
2
-1
-4
-9
-12
-12
-9
-3
2
5
7
5
5
4
6
9
13
16
15
12
8
1
-4
-8
-6
-3
1
3
2
-1
-2
-3
-3
1
7
15
23
23
19
10
3
0
-1
2
7
11
12
9
1
-9
-16
-16
-10
-1
7
10
8
1
-7
-13
-12
-6
7
18
23
20
9
-7
-21
-28
-28
-20
-9
-1
2
-6
-17
-31
-33
-29
-12
9
25
31
25
9
-8
-20
-21
-15
-1
11
17
12
-2
-22
-35
-38
-28
-10
10
23
23
13
-3
-17
-21
-11
7
27
40
42
29
7
-12
-25
-23
-10
7
19
22
13
-3
-19
-28
-24
-8
11
28
34
26
11
-5
-15
-14
0
16
30
33
25
7
-9
-21
-22
-12
-1
9
13
7
-4
-17
-23
-22
-11
5
19
25
25
17
2
-5
-6
-1
8
15
18
13
1
-12
-18
-20
-16
-6
2
7
5
-1
-10
-13
-11
0
10
19
24
19
10
1
-5
-5
-4
1
5
5
2
-8
-18
-21
-22
-14
-4
3
9
5
1
-2
-5
-4
1
6
10
10
8
2
-4
-9
-11
-9
-5
-2
-1
-3
-9
-11
-12
-12
-7
-3
2
6
8
8
5
3
1
2
3
4
4
4
0
-3
-6
-10
-10
-8
-5
-1
3
3
4
2
2
2
5
7
8
10
9
6
3
1
-3
-2
-2
-1
0
1
1
1
0
-2
-1
-1
1
2
3
4
3
3
2
2
1
2
2
4
5
4
2
-1
-4
-6
-6
-5
-2
0
1
1
0
-1
0
1
2
6
6
6
4
0
-1
-1
-1
2
1
2
1
0
-1
-1
-1
0
2
2
1
2
0
0
-1
1
0
2
3
3
3
2
2
0
-1
-2
-3
-4
-4
-5
-4
-6
-6
-4
-3
-1
0
1
1
1
0
0
-1
-1
-1
-1
-2
-3
-3
-3
-5
-5
-4
-2
-1
0
1
1
1
0
1
2
4
4
4
3
3
0
0
-1
0
0
2
1
1
0
1
1
0
1
2
2
2
2
2
4
3
4
3
3
3
4
3
2
3
2
2
1
-1
-1
-1
-2
-2
0
0
1
1
1
1
1
1
3
0
1
1
0
0
-2
-1
-2
-2
-2
-2
-1
-2
-2
-2
-2
-1
-1
-1
0
1
1
1
1
1
1
1
1
1
1
1
2
1
-2
-2
-3
-3
-3
-1
0
0
0
0
0
1
1
3
4
5
4
4
2
2
1
0
0
0
0
0
0
0
-1
0
0
1
-1
0
0
1
0
1
1
1
1
1
0
2
1
2
1
1
0
-1
-1
-1
-2
-2
-1
1
-1
0
0
0
0
1
1
1
1
1
0
0
0
0
1
-1
0
0
0
0
1
2
2
1
1
-1
0
0
0
0
2
1
2
3
2
1
1
3
2
2
1
0
-1
-1
0
1
1
2
1
0
0
-1
1
1
3
3
1
0
-1
-1
-1
0
1
1
1
1
-1
0
0
1
-1
0
1
0
0
0
0
0
0
0
-1
0
0
0
0
-1
-1
-1
-1
-1
-2
-2
-1
-2
-2
-1
-1
-1
-1
-1
0
1
0
2
1
2
1
1
1
2
1
1
0
1
0
-1
0
1
0
1
0
0
0
-1
0
1
2
2
3
2
1
0
1
0
-1
1
-1
0
0
0
0
1
1
0
1
2
1
1
1
2
0
1
1
1
0
1
0
0
-1
0
1
0
-1
0
0
-1
-1
0
0
0
0
-1
-1
-1
0
0
0
0
0
0
0
1
1
1
0
-2
-1
-1
-1
1
0
1
1
0
1
1
0
1
1
1
0
2
1
1
0
0
1
0
0
0
-1
0
1
0
0
0
0
0
0
0
0
0
0
-1
1
-1
0
1
0
0
0
0
0
0
0
0
0
0
0
0
0
0
0
1
0
0
0
0
-1
1
0
0
0
0
0
0
0
0
0
0
0
0
-1
0
0
0
-1
0
0
1
1
0
0
0
0
-1
0
1
0
-1
0
0
0
0
-1
0
0
0
0
0
-1
-1
0
0
0
0
1
0
0
0
0
-1
0
0
0
0
0
0
0
0
1
0
-1
0
0
-1
0
0
0
0
0
0
0
0
0
0
0
1
0
0
0
0
-1
-1
0
-1
0
0
0
-1
0
0
0
0
1
1
-1
0
0
0
0
1
1
0
1
1
0
1
1
0
2
0
1
1
0
1
1
1
1
1
1
1
1
0
0
-1
1
1
0
0
0
0
0
0
0
0
0
1
0
0
0
0
0
0
-1
0
0
0
1
0
1
-1
-1
0
-1
0
1
2
1
1
0
0
0
0
1
-1
0
0
0
1
0
-1
0
0
0
0
0
-1
0
0
0
0
1
0
0
1
0
0
0
1
0
0
0
0
0
1
0
0
0
0
0
0
0
1
0
0
0
-1
-2
-1
0
0
1
2
1
2
1
0
1
1
0
0
0
-1
1
0
0
0
0
1
0
1
0
0
1
1
0
0
0
0
0
-1
0
0
0
-1
0
0
1
0
0
0
0
1
0
1
0
0
0
0
-1
0
0
0
0
0
-1
0
0
0
1
1
-1
-1
-2
-1
-2
0
-1
-1
-1
1
0
1
1
1
0
1
1
1
0
0
0
0
0
0
0
0
1
0
0
0
-1
0
1
0
0
1
-1
0
-1
-1
0
0
0
0
0
0
0
0
-1
0
-1
1
0
1
1
0
0
0
0
0
0
0
0
0
0
0
0
0
0
1
0
-1
0
0
0
0
0
0
-1
0
0
-1
0
0
0
0
0
0
0
1
1
0
0
0
0
0
0
0
-1
0
0
0
0
0
0
-1
-1
0
0
0
0
0
1
0
1
-1
0
0
-1
0
0
0
1
0
0
0
0
0
0
0
1
0
1
0
0
0
-1
-1
0
0
0
0
1
0
-1
0
0
1
1
1
0
-2
-1
-1
-1
0
1
2
1
1
0
0
0
0
0
0
0
0
1
0
0
0
0
0
0
0
0
0
0
0
0
0
-1
-1
0
0
0
1
1
1
0
1
1
0
1
2
2
2
1
0
0
0
0
0
1
1
1
1
0
0
0
-1
0
0
1
0
0
-1
1
0
0
0
0
0
0
0
0
1
1
-1
1
-1
-1
-2
-1
0
1
2
1
0
0
0
0
0
0
0
0
1
-1
0
-1
0
-1
-1
0
0
0
1
0
0
0
0
0
1
0
-1
-1
0
0
0
0
0
0
0
-1
0
-1
0
1
0
0
0
0
1
0
0
0
0
0
-1
-1
0
0
0
0
-1
0
1
0
1
0
0
0
0
-1
0
0
0
-1
0
0
0
0
0
0
0
0
-1
0
0
0
1
0
1
0
-1
0
1
0
0
-1
0
0
0
0
0
0
1
0
1
0
0
0
0
0
1
0
1
0
0
0
1
0
0
0
0
0
-1
0
0
0
0
0
0
0
0
0
-1
0
0
0
0
0
0
0
0
0
0
1
0
1
0
0
1
0
0
1
0
0
1
0
0
1
0
0
0
0
0
0
0
0
0
0
0
1
0
0
-1
0
0
-1
0
-1
0
0
1
1
0
0
0
-1
0
0
0
0
0
0
1
0
0
-1
0
0
0
0
-1
0
1
0
0
0
0
0
-1
0
0
0
0
0
0
0
1
0
0
0
0
0
-1
0
0
0
0
0
1
0
0
0
0
0
0
0
1
0
-1
0
-1
1
0
0
0
0
-1
0
-1
0
0
0
0
-1
1
0
0
0
1
0
-1
0
1
1
0
-1
0
0
0
0
0
0
0
0
-1
0
0
0
0
1
-1
0
0
-1
0
0
0
0
0
1
1
0
0
0
-1
-1
0
0
0
1
0
0
0
0
0
0
1
0
0
-1
0
0
1
0
0
0
0
0
1
0
0
-1
0
0
0
0
0
0
0
0
1
0
0
0
0
0
0
0
0
1
0
0
0
0
0
0
-1
0
0
0
0
1
0
0
1
0
0
0
1
-1
0
-1
0
0
0
1
0
0
0
0
0
0
1
0
0
0
0
0
0
0
0
0
-1
0
0
0
1
0
0
0
1
0
0
0
0
0
0
0
0
0
0
1
0
1
0
-1
0
0
-1
0
0
0
-1
0
0
0
-1
0
-1
1
-1
1
0
0
0
0
0
1
0
1
0
0
0
0
0
0
0
0
0
0
0
1
0
0
-1
0
0
0
0
0
0
0
0
0
0
-1
0
0
1
0
0
-1
0
0
0
0
0
0
0
0
-1
0
1
0
0
0
0
1
0
0
0
0
0
-1
0
0
-1
0
0
0
0
0
0
0
0
0
0
0
1
1
1
1
0
0
-1
1
0
0
0
0
0
0
0
0
0
0
0
0
1
0
0
1
0
1
0
0
1
0
0
0
0
1
0
0
-1
0
0
1
1
0
0
-1
0
-1
-1
0
0
0
1
1
0
-1
0
1
0
0
0
0
1
0
1
-1
0
1
0
0
0
-1
0
0
0
1
0
-1
0
-1
-1
0
0
1
0
0
0
1
1
0
0
1
1
-1
0
-1
0
0
0
1
-1
-1
-1
0
-1
1
2
1
2
2
0
0
2
1
1
1
1
0
1
1
0
0
0
-1
1
0
1
0
1
-1
0
0
0
-1
0
0
0
0
0
0
0
0
0
0
0
0
0
0
0
0
0
1
0
0
0
0
1
0
0
0
-1
-1
-1
-1
-1
-2
-2
-1
-2
-2
-1
-1
-1
0
0
0
1
2
1
1
1
1
0
0
0
1
0
0
0
0
0
-1
0
0
0
0
0
0
-1
0
0
-1
0
0
0
-1
0
0
0
0
-1
0
0
0
0
0
0
0
0
0
0
0
0
0
0
0
-1
0
0
0
-1
0
-1
0
-1
0
0
0
0
1
0
0
0
0
-1
1
0
0
0
0
0
1
0
0
0
0
0
0
1
0
0
0
0
-1
0
-1
0
0
0
0
0
0
0
0
0
0
0
0
0
0
0
0
0
1
0
1
1
0
1
0
0
0
0
0
1
0
1
0
0
0
1
0
0
-1
0
0
1
0
-1
0
0
0
0
-1
-1
1
0
0
1
0
0
1
0
0
0
-1
1
0
0
0
0
0
0
-1
0
0
0
0
0
0
0
0
0
0
0
0
0
0
0
0
0
0
0
0
-1
0
-2
-1
-2
0
0
1
2
2
1
2
0
2
2
2
1
1
0
-1
-1
-1
0
0
1
1
1
0
-1
0
-1
0
1
0
0
0
0
0
0
1
0
0
0
0