13
9
4
4
6
13
20
20
13
7
7
4
2
1
-8
-12
-12
-15
-12
-11
-16
-14
-17
-20
-18
-21
-26
-21
-16
-19
-29
-26
-17
-15
-2
12
6
-2
0
3
6
8
4
5
6
9
15
16
10
6
2
2
7
13
11
5
4
6
4
8
13
14
8
7
16
12
3
12
9
-7
-3
7
6
13
11
0
4
9
13
19
8
0
2
-6
-9
7
8
2
-3
-16
-16
-2
-6
-17
-14
-13
-19
-25
-24
-25
-32
-32
-30
-28
-26
-24
-21
-16
-12
-6
0
5
10
16
20
24
27
30
32
32
31
29
27
25
22
21
15
11
5
0
-4
-5
-6
-7
-10
-14
-18
-17
-11
-1
9
12
3
-15
-37
-54
-56
-43
-20
5
21
20
8
-4
-9
-6
4
13
16
5
-13
-23
-32
-28
-8
23
50
42
9
-16
-29
-33
-44
-71
-89
-84
-50
-55
-88
-17
49
-3
-44
-49
19
124
101
115
132
-96
-29
580
842
448
86
50
111
145
168
155
17
-341
-539
-232
-1
-197
-235
-9
21
-217
-415
-304
-152
-192
-140
-70
-183
-205
-115
-45
78
111
11
-61
-64
-18
-53
-207
-156
137
142
29
104
184
229
192
282
402
290
170
100
117
113
3
45
167
122
-66
-65
82
-70
-174
-104
-220
-180
-127
-201
-117
-196
-235
-63
-73
4
69
-140
-108
50
46
141
88
-79
50
105
29
262
413
191
82
146
175
181
139
134
185
94
-29
-32
-100
-137
-82
-89
-26
-96
-334
-345
-277
-250
-221
-243
-225
-183
-200
-206
-100
-37
-36
79
165
144
83
49
110
238
283
256
292
216
127
142
155
186
181
155
96
18
-55
-130
-123
-83
-124
-178
-151
-157
-231
-248
-227
-192
-128
-84
-64
-59
-70
-74
-25
58
111
129
133
142
137
121
134
148
151
157
142
100
59
-2
-34
1
22
23
-24
-95
-126
-147
-141
-114
-119
-114
-95
-101
-87
-77
-66
1
49
62
110
116
72
84
105
95
112
139
161
157
67
-7
-3
10
35
58
23
-55
-108
-123
-88
-54
-80
-87
-61
-47
-65
-104
-106
-70
-49
-29
3
-7
-14
1
27
70
68
50
61
79
76
35
-1
-3
-1
0
3
-5
-36
-62
-50
-19
-35
-71
-86
-62
-34
-48
-40
-13
-19
-22
-22
19
74
66
40
17
9
37
79
97
94
69
34
42
70
83
63
36
51
44
-13
-28
4
1
-21
-25
-19
-30
-52
-54
-32
-42
-67
-59
-45
-39
-34
-34
-36
-48
-61
-40
2
20
17
-4
-30
-21
11
29
31
28
28
24
29
54
62
33
12
18
39
47
30
23
30
13
-1
12
14
-12
-39
-34
-14
-30
-73
-82
-62
-42
-33
-42
-51
-56
-63
-42
-7
1
0
5
7
7
11
29
56
75
77
64
52
57
55
46
65
80
54
31
25
18
5
-7
-5
-4
-26
-40
-34
-43
-55
-55
-58
-49
-39
-41
-37
-37
-37
-10
-2
-24
-15
13
18
23
38
45
47
52
63
60
40
28
31
36
38
24
2
-14
-13
-7
-22
-48
-54
-50
-61
-76
-72
-54
-54
-62
-59
-47
-41
-32
-15
-1
-3
-5
8
27
36
44
57
65
64
59
59
57
54
60
68
62
41
23
24
30
23
9
-5
-10
-14
-21
-42
-58
-49
-34
-33
-32
-26
-34
-55
-52
-21
2
-8
-26
-21
-2
6
6
14
19
13
7
10
22
34
39
35
27
18
0
-12
2
23
20
-6
-19
-18
-21
-29
-21
-14
-23
-40
-37
-23
-27
-43
-37
-14
-1
-6
-6
2
-1
-4
11
32
31
22
25
40
43
37
31
30
33
34
32
22
11
8
14
18
12
-1
-11
-16
-16
-19
-23
-31
-31
-27
-27
-32
-32
-32
-31
-22
-11
-11
-16
-9
8
16
16
17
22
25
25
25
21
17
20
27
26
11
-2
-3
2
3
-3
-12
-21
-22
-15
-15
-22
-30
-28
-26
-27
-21
-13
-12
-13
-8
0
2
3
3
11
20
23
26
32
31
22
19
25
30
26
21
15
11
12
11
5
0
-2
-3
-7
-8
-17
-23
-23
-20
-19
-23
-26
-23
-19
-17
-15
-13
-10
-7
1
7
7
4
7
14
18
13
7
5
12
17
17
9
1
1
3
4
3
2
2
1
0
-2
1
2
0
-4
-3
-2
-1
-5
-9
-7
-2
2
0
-2
-4
-4
-1
6
7
3
-3
-5
-1
3
5
4
3
1
-1
0
0
0
-1
-1
-2
-1
0
1
0
1
0
-1
-1
1
3
1
-2
-6
-8
-9
-5
1
3
0
-7
-8
-1
7
8
3
-1
-2
0
3
8
7
4
2
4
9
12
11
5
3
3
4
2
2
3
5
6
6
3
-3
-5
-3
0
0
-3
-7
-7
-5
-3
-3
-1
-1
-3
-1
-5
-6
-9
-12
-11
-9
-7
-9
-11
-12
-10
-4
-1
-1
-3
1
2
2
2
3
5
9
13
15
15
14
16
18
20
19
14
9
8
7
7
4
1
0
0
2
0
-2
-5
-9
-10
-11
-10
-12
-12
-13
-13
-12
-11
-9
-10
-6
-2
0
0
-2
-3
1
4
6
6
5
4
7
9
8
6
8
7
4
1
-2
-3
-4
-4
-5
-3
-4
-6
-7
-3
-1
-1
-3
-4
-4
-5
-4
0
2
4
5
5
5
7
8
8
7
7
5
6
6
6
6
6
5
5
3
1
1
0
-1
-2
-2
-1
-2
-1
-3
-4
-5
-6
-7
-6
-5
-6
-7
-9
-8
-7
-5
-4
-1
0
1
1
1
2
3
6
7
8
6
5
4
5
5
6
4
1
-2
-3
-2
0
0
-1
-1
-2
-3
-2
-2
0
0
0
-2
-2
-2
0
-1
-1
-1
0
-1
1
2
1
0
-1
-1
0
2
2
2
1
1
0
1
2
1
2
2
0
0
2
0
0
-1
-1
-1
-1
0
0
0
0
-1
-1
-3
-2
-2
1
0
2
2
0
0
0
-1
0
0
0
1
1
1
1
2
2
2
3
2
1
3
2
2
2
2
1
0
1
1
0
0
-1
-1
-1
-1
0
0
0
0
-2
-2
-1
0
0
-1
-3
-4
-2
0
2
2
1
0
-1
-1
1
1
1
1
0
1
0
1
0
2
3
1
1
1
0
1
0
2
2
2
2
1
0
1
0
1
0
0
0
-1
-1
0
0
0
0
1
0
-1
1
0
0
-1
0
0
0
1
0
-1
-2
-1
2
1
0
0
0
0
1
1
1
1
1
2
0
0
0
0
0
0
0
0
0
0
1
1
1
0
0
1
1
1
1
1
1
0
1
1
0
1
2
1
1
1
1
1
1
0
0
0
0
0
0
0
0
0
0
1
-1
1
1
-1
-3
1
0
-1
0
1
0
0
1
1
1
1
0
2
1
1
0
0
0
0
1
0
-1
0
0
0
0
0
0
0
1
-1
0
-1
0
-1
-1
0
0
1
2
1
1
1
1
1
2
1
0
-1
0
0
0
0
0
0
0
-1
0
-1
0
1
0
0
0
0
1
0
0
0
0
0
-1
-1
0
0
0
0
-1
0
1
0
1
0
0
0
0
-1
0
0
0
-1
0
0
0
0
0
0
0
0
-1
0
0
0
1
0
1
0
-1
0
1
0
0
-1
0
0
0
0
0
0
1
0
1
0
0
0
0
0
1
0
1
0
0
0
1
0
0
0
0
0
-1
0
0
0
0
0
0
0
0
0
-1
0
0
0
0
0
0
0
0
0
0
1
0
1
0
0
1
0
0
1
0
0
1
0
0
1
0
0
0
0
0
0
0
0
0
0
0
1
0
0
-1
0
0
-1
0
-1
0
0
1
1
0
0
0
-1
0
0
0
0
0
0
1
0
0
-1
0
0
0
0
-1
0
1
0
0
0
0
0
-1
0
0
0
0
0
0
0
1
0
0
0
0
0
-1
0
0
0
0
0
1
0
0
0
0
0
0
0
1
0
-1
0
-1
1
0
0
0
0
-1
0
-1
0
0
0
0
-1
1
0
0
0
1
0
-1
0
1
1
0
-1
0
0
0
0
0
0
0
0
-1
0
0
0
0
1
-1
0
0
-1
0
0
0
0
0
1
1
0
0
0
-1
-1
0
0
0
1
0
0
0
0
0
0
1
0
0
-1
0
0
1
0
0
0
0
0
1
0
0
-1
0
0
0
0
0
0
0
0
1
0
0
0
0
0
0
0
0
1
0
0
0
0
0
0
-1
0
0
0
0
1
0
0
1
0
0
0
1
-1
0
-1
0
0
0
1
0
0
0
0
0
0
1
0
0
0
0
0
0
0
0
0
-1
0
0
0
1
0
0
0
1
0
0
0
0
0
0
0
0
0
0
1
0
1
0
-1
0
0
-1
0
0
0
-1
0
0
0
-1
0
-1
1
-1
1
0
0
0
0
0
1
0
1
0
0
0
0
0
0
0
0
0
0
0
1
0
0
-1
0
0
0
0
0
0
0
0
0
0
-1
0
0
1
0
0
-1
0
0
0
0
0
0
0
0
-1
0
1
0
0
0
0
1
0
0
0
0
0
-1
0
0
-1
0
0
0
0
0
0
0
0
0
0
0
1
1
1
1
0
0
-1
1
0
0
0
0
0
0
0
0
0
0
0
0
1
0
0
1
0
1
0
0
1
0
0
0
0
1
0
0
-1
0
0
1
1
0
0
-1
0
-1
-1
0
0
0
1
1
0
-1
0
1
0
0
0
0
1
0
1
-1
0
1
0
0
0
-1
0
0
0
1
0
-1
0
-1
-1
0
0
1
0
0
0
1
1
0
0
1
1
-1
0
-1
0
0
0
1
0
0
0
0
-1
0
0
-1
0
0
-1
-1
1
0
0
0
0
-1
0
1
0
0
0
-1
1
0
1
0
1
-1
0
0
0
-1
0
0
0
0
0
0
0
0
0
0
0
0
0
0
0
0
0
1
0
0
0
0
1
0
0
0
0
0
0
0
0
0
0
0
0
0
0
0
0
0
0
0
0
1
0
0
0
0
-1
0
0
1
0
0
0
0
0
-1
0
0
0
0
0
0
-1
0
0
-1
0
0
0
-1
0
0
0
0
-1
0
0
0
0
0
0
0
0
0
0
0
0
0
0
0
-1
0
0
0
-1
0
-1
0
-1
0
0
0
0
1
0
0
0
0
-1
1
0
0
0
0
0
1
0
0
0
0
0
0
1
0
0
0
0
-1
0
-1
0
0
0
0
0
0
0
0
0
0
0
0
0
0
0
0
0
1
0
1
1
0
1
0
0
0
0
0
1
0
1
0
0
0
1
0
0
-1
0
0
1
0
-1
0
0
0
0
-1
-1
1
0
0
1
0
0
1
0
0
0
-1
1
0
0
0
0
0
0
-1
0
0
0
0
0
0
0
0
0
0
0
0
0
0
0
0
0
0
0
0
-1
0
-1
0
-1
0
0
0
0
0
-1
0
-1
1
0
0
0
0
0
-1
0
-1
0
-1
0
0
0
0
-1
0
-1
0
1
0
0
0
0
0
0
1
0
0
0
0
0
0
-1
0
0
0
0
0
0
0
0
1
0
1
1
0
0
0
0
0
0
0
0
0
0
1
0
1
0
0
0
0
0
0
0
1
0
0
0
1
0
1
1
0
0
0
0
-1
0
0
1
0
0
0
0
0
0
0
0
0
0
0
0
0
-1
0
0
0
0
0
0
0
0
0
-1
0
1
0
0
0
0
0
0
0
-1
1
0
0
0
1
0
1
0
0
0
0
0
0
0
-1
0
1
0
0
0
1
0
0
0
0
-1
1
1
0
0
1
0
0
0
0
0
0
0
0
-1
0
0
0
0
1
0
0
0
0
0
0
-1
-1
1
0
0
1
0
0
-1
0
-1
1
0
1
0
0
0
0
1
-1
0
0
0
0
0
0
0
0
0
0
0
0
0
0
-1
0
0
0
0
1
0
0
0
0
0
0
0
0
-1
0
0
0
-1
0
0
1
0
-1
0
0
0
0
1
1
1
0
0
-1
0
0
-1
0
0
0
0
-1
0
0
0
0
0
0
1
0
0
0
0
0
1
0
0
0
0
0
0
0
-1
1
-1
0
-1
0
0
0
0
-1
0
0
0
0
0
0
0
0
0
1
0
0
0
0
0
0
0
0
0
0
0
0
0
0
-1
0
0
0
1
0
0
0
0
-1
0
-1
0
1
0
0
1
0
0
0
0
0
0
0
0
0
0
1
-1
0
-1
0
0
-1
0
0
0
0
-1
0
0
0
0
0
1
0
0
0
0
0
0
0
-1
0
0
0
0
0
0
-1
0
0
0
0
0
0
-1
0
-1
0
0
0
0
1
0
0
0
0
0
0
0
0
0
0
0
0
1
0
0
0
0
1
0
-1
0
1
0
0
0
0
0
0
0
-1
-1
0
0
0
1
0
-1
0
0
-1
0
0
0
-1
0
0
1
0
0
0
0
0
0
1
0
0
0
0
1
0
0
0
1
1
0
0
0
0
0
0
1
0
1
0
0
0
1
0
0
0
-1
1
1
0
-1
0
0
0
0
0
0
0
0
0
0
0
1
0
1
0
0
0
0
0
-1
0
1
0
0
-1
0
-1
0
0
-1
0
0
0
0
0
0
0
0
0
0
0
0
0
0
0
0
0
0
0
0
0
0
0
0
0
0
0
0
0
0
0
0
0
-1
0
0
0
0
0
0
0
-1
0
0
0
0
0
0
0
0
0
0
0
0
0
0
0
0
0
0
0
0
0
0
1
-1
0
0
0
0
0
0
0
1
0
0
0
0
0
-1
0
0
0
0
0
0
0
0
0
0
-1
-1
-1
-1
0
-1
0
0
0
0
0
0
-1
-1
0
-1
0
0
0
-1
0
0
0
0
0
0
0
1
0
0
0
0
0
0
0
0
0
0
1
1
0
0
0
0
0
0
0
0
0
0
0
1
0
0
0
0
0
1
1
0
0
0
0
0
-1
0
0
0
0
0
0
1
0
0
1
0
0
0
1
0
0
1
0
1
1
0
0
0
0
0
0
0
0
0
0
1
0
1
1
-1
0
0
0
0
0
0
0
0
0
0
0
1
0
0
1
0
0
0
1
0
0
0
-1
0
0
0
0
0
0
0
0
0
0
1
0
0
0
-1
-1
0
0
0
0
0
0
0
0
0
0
-1
0
1
0
0
0
0
0
0
0
-1
0
1
0
0
0
0
-1
0
-1
-1
0
0
0
0
1
0
0
0
0
0
0
0
0
1
1
0
1
-1
0
0
0
0
0
0
0
0
0
0
0
0
0
0
0
0
0
0
0
0
0
0
0
0
0
0
0
0
-1
1
0
1
0
0
1
0
0
0
0
0
1
-1
0
0
0
0
0
1
0
0
-1
0
0
0
0
1
0
0
1
-1
-1
0
0
0
0
0
0
0
0
0
0
0
-1
0
0
0
1
0
0
0
0
1
0
-1
-1
0
0
0
-1
0
0
0
0
0
-1
0
0
0
0
-1
0
0
0
0
0
0
0
0
0
0
0
0
0
0
-1
0
0
0
0
0
0
0
0
0
1
0
-1
0
0
0
0
0
0
0
0
0
0
0
0
0
0
0
0
0
0
0
-1
0
0
0
0
0
0
0
0
0
0
0
0
0
1
0
0
0
0
0
0
0
1
0
0
0
1
1
0
0
0
-1
1
1
0
0
0
0
0
0
0
1
0
0
0
1
0
0
0
0
0
-1
0
0
0
0
0
0
0
0
0
0
-1
-1
-1
0
0
0
0
-1
0
0
0
0
0
0
0
0
0
1
0
1
0
0
0
0
0
0
1
-1
0
1
-1
0
0
0
0
0
0
0
-1
0
0
0
-1
0
-1
0
0
0
0
0
-1
0
0
0
0
0
0
-1
0
0
0
0
0
0
0
0
-1
-1
0
0
0
0
0
1
0
0
0
0
0
-1
0
0
0
0
0
0
0
0
0
1
0
1
0
0
1
-1
1
0
0
0
-1
-1
0
0
0
-1
0
-1
0
0
0
-1
0
0
0
0
1
0
0
0
0
0
0
1
0
1
0
0
0
0
0
0
1
0
0
0
1
1
0
0
0
0
0
0
0
0
-1
1
0
0
0
0
0
0
0
1
0
0
-1
0
0
0
-1
-1
0
0
1
0
-1
0
0
0
0
0
0
-1
-1
0
0
-1
1
0
1
0
0
0
0
0
0
1
0
0
0
-1
0
0
0
0
0
1
-1
0
0
0
0
0
0
0
0
0
1
0
0
0
0
0
0
-1
0
0
-1
0
0
-1
0
0
0
0
0
0
0
0
1
0
0
-1
1
0
0
-1
-1
0
0
0
1
-1
0
0
0
-1
1
0
0
0
1
-1
0
0
0
0
0
0
0
0
0
0
0
-1
0
0
0
0
0
0
0
0
0
0
1
-1
0
0
-1
1
0
0
0
0
0
0
0
0
0
0
0
0
0
0
-1
0
0
0
0
0
0
0
-1
0
0
0
-1
0
0
-1
-1
0
0
0
0
0
1
1
-1
0
-1
0
0
0
0
0
0
0
0
1
0
0
0
0
-1
1
0
0
1
0
0
0
0
0
1
1
0
0
0
0
0
-1
0
-1
1
0
1
0
0
1
0
0
1
0
0
0
1
-1
-1
1
0
0
0
-1
0
0
1
0
0
0
0
0
0
-1
0
0
0
-1
0
0
1
1
-1
0
0
0
0
0
0
0
0
0
-1
1
0
0
1
0
0
0
0
1
-1
0
0
0
0
-1
1
0
0
-1
0
0
0
0
0
-1
0
-1
1
0
0
1
0
0
0
0
0
0
0
0
-1
0
0
0
1
0
1
0
0
0
0
-1
0
0
1
1
0
0
0
-1
-1
0
0
0
-1
0
0
1
0
1
0
0
1
0
0
1
0
0
0
0
0
0
0
0
0
0
0
-1
1
0
0
0
0
0
0
0
0
0
0
-1
0
-1
0
0
0
0
0
-1
0
0
0
1
0
0
0
0
0
0
0
0
0
-1
1
1
-1
0
0
0
0
0
0
0
0
0
0
0
0
0
-1
0
0
0
0
0
0
0
0
-1
0
0
0
0
-1
0
-1
0
0
0
0
0
-1
0
0
-1
0
0
0
1
0
0
0
0
0
0
1
0
0
0
0
0
1
0
0
0
1
1
0
0
0
0
0
0
0
0
1
1
1
0
0
-1
0
0
0
-1
-1
0
0
0
0
0
0
0
0
0
0
0
0
0
0
0
0
0
0
0
0
0
1
1
1
0
-1
0
0
0
0
0
0
1
-1
-1
0
0
0
0
0
1
0
-1
0
0
0
0
0
0
0
0
-1
0
0
0
0
1
0
0
0
0
0
-1
1
1
0
0
0
0
1
0
0
0
0
0
0
0
0
0
0
0
0
1
0
0
0
0
0
0
1
0
0
0
0
0
0
0
0
0
0
1
0
-1
0
0
0
0
-1
0
0
0
0
0
0
-1
0
0
-1
0
0
0
-1
1
0
0
0
0
0
0
0
0
0
0
0
0
0
-1
0
-1
0
0
0
0
0
0
0
0
0
1
0
0
0
0
0
0
0
0
0
0
0
1
0
0
0
0
0
0
0
0
0
-1
0
0
1
0
0
0
0
0
0
0
1
0
0
0
0
0
0
-1
0
1
0
0
0
0
0
0
0
0
-1
0
0
0
0
0
0
0
0
1
0
-1
0
1
0
0
-1
0
0
0
0
-1
0
0
0
0
1
0
0
0
0
0
0
0
0
-1
0
0
0
0
0
0
0
0
0
1
0
0
0
0
0
1
0
0
1
0
1
-1
0
0
0
0
0
0
0
0
-1
0
-1
-1
0
0
0
0
0
0
0
0
0
0
-1
0
-1
0
0
0
0
0
0
-1
0
0
0
0
0
0
0
0
0
0
0
0
0
0
0
0
0
1
1
0
-1
0
0
0
0
0
0
0
0
0
0
0
0
0
0
0
0
1
0
0
0
0
0
1
0
0
0
0
0
0
0
-1
-1
0
0
0
0
0
-1
-1
0
0
0
-1
1
0
0
-1
0
0
0
0
0
0
0
0
0
0
0
0
0
0
0
0
1
0
0
-1
0
0
0
0
0
0
1
0
0
-1
-1
0
0
0
0
-1
0
0
0
0
0
1
0
0
1
0
1
0
0
0
0
0
0
-1
0
0
0
0
0
0
1
0
0
0
0
0
0
-1
-1
0
-1
0
0
0
0
0
0
0
0
0
0
0
0
0
0
-1
0
0
0
0
1
0
0
0
0
0
0
0
0
0
0
-1
1
-1
0
0
0
0
0
0
0
0
1
0
1
0
0
0
1
-1
0
0
0
0
0
0
0
0
0
0
-1
0
0
0
0
1
1
0
1
0
0
0
0
0
0
0
0
0
0
-1
-1
-1
-1
0
0
0
0
0
-1
0
0
0
0
0
-1
0
-1
0
1
0
0
1
0
0
-1
0
-1
0
0
0
-1
0
1
-1
0
0
0
0
-1
0
1
0
-1
1
1
0
1
-1
0
0
1
0
0
-1
1
0
0
1
0
0
0
0
1
0
0
0
0
1
0
-1
0
-1
0
1
0
1
-1
0
1
0
0
0
0
0
-1
0
0
0
0
0
0
0
0
0
0
-1
0
1
0
1
0
-1
0
0
1
0
0
0
0
0
0
-1
0
-1
0
0
0
0
0
0
0
1
0
1
0
0
0
0
0
-1
0
0
0
0
0
-1
0
0
0
0
0
0
1
0
0
0
0
1
0
0
0
0
0
0
0
0
0
-1
0
1
0
0
0
0
0
0
0
0
0
0
0
0
0
0
0
-1
1
0
0
0
-1
0
0
0
1
0
0
0
-1
0
0
0
0
1
1
0
1
0
0
-1
0
-1
0
0
0
0
0
0
0
0
0
0
0
0
0
1
0
0
0
0
0
0
0
0
0
0
0
0
0
0
0
0
0
0
1
0
0
0
1
0
0
0
0
0
0
0
0
1
1
0
0
1
0
0
0
0
0
1
0
0
-1
1
0
-1
-1
0
0
0
0
0
1
0
1
0
0
0
1
0
-1
0
-1
0
0
-1
0
0
0
-1
0
0
0
0
0
0
0
0
1
-1
0
0
0
0
-1
0
0
0
0
0
1
0
0
0
0
0
0
0
0
1
1
0
0
0
0
0
0
0
0
0
1
0
-1
0
0
0
0
0
0
0
0
0
0
1
0
1
1
1
0
0
0
0
0
0
0
0
0
0
0
0
-1
0
0
0
-1
0
-1
0
0
0
0
0
0
0
-1
1
0
1
0
0
0
0
1
1
0
-1
0
1
-1
0
0
0
0
0
0
0
0
0
0
0
0
0
1
-1
0
0
0
0
0
0
0
-1
0
-1
0
0
0
0
0
-1
0
1
0
0
0
1
0
0
0
0
0
0
0
0
0
0
0
0
0
0
1
0
1
0
-1
-1
-1
0
0
0
0
0
0
0
-1
0
0
1
-1
0
1
0
0
0
0
0
0
0
-1
0
0
0
0
0
0
0
0
0
0
0
0
0
0
0
0
0
0
0
0
0
0
1
0
1
0
0
0
1
0
0
-1
1
0
-1
0
0
-1
0
0
0
0
-1
0
0
0
0
1
0
0
0
1
0
0
1
-1
0
0
0
0
0
0
-1
0
1
0
0
0
1
-1
0
0
0
-1
0
0
0
-1
0
1
0
-1
0
0
-1
-1
0
0
0
0
-1
-1
-1
0
0
0
0
0
0
0
0
0
1
0
-1
0
1
0
1
0
0
0
-1
0
0
0
0
0
0
-1
1
0
0
0
0
1
0
0
0
-1
0
1
0
0
0
0
0
0
0
0
0
0
-1
1
-1
0
1
0
0
0
0
0
0
0
0
0
0
0
0
0
0
0
1
0
0
0
0
-1
1
0
0
0
0
0
0
0
0
0
0
0
0
-1
0
0
0
-1
0
0
1
1
0
0
0
0
-1
0
1
0
-1
0
0
0
0
-1
0
0
0
0
0
-1
-1
0
0
0
0
1
0
0
0
0
-1
0
0
0
0
0
0
0
0
1
0
-1
0
0
-1
0
0
0
0
0
0
0
0
0
0
0
1
0
0
0
0
-1
-1
0
-1
0
0
0
-1
0
0
0
0
1
1
-1
0
0
-1
-1
0
0
-1
0
0
-1
0
0
-1
1
-1
0
0
-1
0
0
0
0
0
0
0
1
0
0
-1
1
1
0
0
0
0
0
0
0
0
0
1
0
0
0
0
0
0
-1
0
0
-1
0
0
1
0
0
1
0
0
0
1
0
0
0
0
0
0
1
-1
0
0
0
1
0
-1
0
0
0
0
0
-1
0
0
0
0
1
0
0
1
0
0
0
1
0
0
0
0
0
1
0
0
0
0
0
0
0
1
0
0
0
0
-1
0
0
-1
-1
0
-1
0
0
0
1
1
0
0
0
-1
1
0
0
0
0
1
0
1
0
0
1
1
0
0
0
0
0
-1
0
0
0
-1
0
0
1
0
0
0
0
1
0
1
0
0
0
0
-1
0
0
0
0
0
-1
0
0
0
1
1
0
0
-1
0
0
1
0
0
-1
1
0
0
0
0
-1
0
0
0
0
0
0
0
0
0
0
0
1
0
0
0
-1
0
1
0
0
1
-1
0
-1
-1
0
0
0
0
0
0
0
0
-1
0
-1
1
0
1
1
0
0
0
0
0
0
0
0
0
0
0
0
0
0
1
0
-1
0
0
0
0
0
0
-1
0
0
-1
0
0
0
0
0
0
0
1
1
0
0
0
0
0
0
0
-1
0
0
0
0
0
0
-1
-1
0
0
0
0
0
1
0
1
-1
0
0
-1
0
0
0
1
0
0
0
0
0
0
0
1
0
1
0
0
0
-1
-1
0
0
0
0
1
0
-1
0
0
0
0
1
0
-1
0
0
0
0
0
1
0
0
0
0
0
0
0
0
0
0
1
0
0
0
0
0
0
0
0
0
0
0
0
0
-1
-1
0
0
0
0
0
0
-1
0
0
-1
0
0
0
0
0
0
0
0
0
0
0
0
0
0
0
0
0
-1
0
0
1
0
0
-1
1
0
0
0
0
0
0
0
0
0
0
-1
1
0
0
-1
0
0
0
1
0
-1
0
0
0
0
0
0
0
1
-1
0
-1
0
-1
-1
0
0
0
1
0
0
0
0
0
1
0
-1
-1
0
0
0
0
0
0
0
-1
0
-1
0
1
0
0
0
0
1
0
0
0
0
0
-1
-1
0
0
0
0
-1
0
1
0
1
0
0
0
0
-1
0
0
0
-1
0
0
0
0
0
0
0
0
-1
0
0
0
1
0
1
0
-1
0
1
0
0
-1
0
0
0
0
0
0
1
0
1
0
0
0
0
0
1
0
1
0
0
0
1
0
0
0
0
0
-1
0
0
0
0
0
0
0
0
0
-1
0
0
0
0
0
0
0
0
0
0
1
0
1
0
0
1
0
0
1
0
0
1
0
0
1
0
0
0
0
0
0
0
0
0
0
0
1
0
0
-1
0
0
-1
0
-1
0
0
1
1
0
0
0
-1
0
0
0
0
0
0
1
0
0
-1
0
0
0
0
-1
0
1
0
0
0
0
0
-1
0
0
0
0
0
0
0
1
0
0
0
0
0
-1
0
0
0
0
0
1
0
0
0
0
0
0
0
1
0
-1
0
-1
1
0
0
0
0
-1
0
-1
0
0
0
0
-1
1
0
0
0
1
0
-1
0
1
1
0
-1
0
0
0
0
0
0
0
0
-1
0
0
0
0
1
-1
0
0
-1
0
0
0
0
0
1
1
0
0
0
-1
-1
0
0
0
1
0
0
0
0
0
0
1
0
0
-1
0
0
1
0
0
0
0
0
1
0
0
-1
0
0
0
0
0
0
0
0
1
0
0
0
0
0
0
0
0
1
0
0
0
0
0
0
-1
0
0
0
0
1
0
0
1
0
0
0
1
-1
0
-1
0
0
0
1
0
0
0
0
0
0
1
0
0
0
0
0
0
0
0
0
-1
0
0
0
1
0
0
0
1
0
0
0
0
0
0
0
0
0
0
1
0
1
0
-1
0
0
-1
0
0
0
-1
0
0
0
-1
0
-1
1
-1
1
0
0
0
0
0
1
0
1
0
0
0
0
0
0
0
0
0
0
0
1
0
0
-1
0
0
0
0
0
0
0
0
0
0
-1
0
0
1
0
0
-1
0
0
0
0
0
0
0
0
-1
0
1
0
0
0
0
1
0
0
0
0
0
-1
0
0
-1
0
0
0
0
0
0
0
0
0
0
0
1
1
1
1
0
0
-1
1
0
0
0
0
0
0
0
0
0
0
0
0
1
0
0
1
0
1
0
0
1
0
0
0
0
1
0
0
-1
0
0
1
1
0
0
-1
0
-1
-1
0
0
0
1
1
0
-1
0
1
0
0
0
0
1
0
1
-1
0
1
0
0
0
-1
0
0
0
1
0
-1
0
-1
-1
0
0
1
0
0
0
1
1
0
0
1
1
-1
0
-1
0
0
0
1
0
0
0
0
-1
0
0
-1
0
0
-1
-1
1
0
0
0
0
-1
0
1
0
0
0
-1
1
0
1
0
1
-1
0
0
0
-1
0
0
0
0
0
0
0
0
0
0
0
0
0
0
0
0
0
1
0
0
0
0
1
0
0
0
0
0
0
0
0
0
0
0
0
0
0
0
0
0
0
0
0
1
0
0
0
0
-1
0
0
1
0
0
0
0
0
-1
0
0
0
0
0
0
-1
0
0
-1
0
0
0
-1
0
0
0
0
-1
0
0
0
0
0
0
0
0
0
0
0
0
0
0
0
-1
0
0
0
-1
0
-1
0
-1
0
0
0
0
1
0
0
0
0
-1
1
0
0
0
0
0
1
0
0
0
0
0
0
1
0
0
0
0
-1
0
-1
0
0
0
0
0
0
0
0
0
0
0
0
0
0
0
0
0
1
0
1
1
0
1
0
0
0
0
0
1
0
1
0
0
0
1
0
0
-1
0
0
1
0
-1
0
0
0
0
-1
-1
1
0
0
1
0
0
1
0
0
0
-1
1
0
0
0
0
0
0
-1
0
0
0
0
0
0
0
0
0
0
0
0
0
0
0
0
0
0
0
0
-1
0
-1
0
-1
0
0
0
0
0
-1
0
-1
1
0
0
0
0
0
-1
0
-1
0
-1
0
0
0
0
-1
0
-1
0
1
0
0
0
0
0
0
1
0
0
0
0
0
0
-1
0
0
0
0
0
0
0
0
1
0
1
1
0
0
0
0
0
0
0
0
0
0
1
0
1
0
0
0
0
0
0
0
1
0
0
0
1
0
1
1
0
0
0
0
-1
0
0
1
0
0
0
0
0
0
0
0
0
0
0
0
0
-1
0
0
0
0
0
0
0
0
0
-1
0
1
0
0
0
0
0
0
0
-1
1
0
0
0
1
0
1
0
0
0
0
0
0
0
-1
0
1
0
0
0
1
0
0
0
0
-1
1
1
0
0
1
0
0
0
0
0
0
0
0
-1
0
0
0
0
1
0
0
0
0
0
0
-1
-1
1
0
0
1
0
0
-1
0
-1
1
0
1
0
0
0
0
1
-1
0
0
0
0
0
0
0
0
0
0
0
0
0
0
-1
0
0
0
0
1
0
0
0
0
0
0
0
0
-1
0
0
0
-1
0
0
1
0
-1
0
0
0
0
1
1
1
0
0
-1
0
0
-1
0
0
0
0
-1
0
0
0
0
0
0
1
0
0
0
0
0
1
0
0
0
0
0
0
0
-1
1
-1
0
-1
0
0
0
0
-1
0
0
0
0
0
0
0
0
0
1
0
0
0
0
0
0
0
0
0
0
0
0
0
0
-1
0
0
0
1
0
0
0
0
-1
0
-1
0
1
0
0
1
0
0
0
0
0
0
0
0
0
0
1
-1
0
-1
0
0
-1
0
0
0
0
-1
0
0
0
0
0
1
0
0
0
0
0
0
0
-1
0
0
0
0
0
0
-1
0
0
0
0
0
0
-1
0
-1
0
0
0
0
1
0
0
0
0
0
0
0
0
0
0
0
0
1
0
0
0
0
1
0
-1
0
1
0
0
0
0
0
0
0
-1
-1
0
0
0
1
0
-1
0
0
-1
0
0
0
-1
0
0
1
0
0
0
0
0
0
1
0
0
0
0
1
0
0
0
1
1
0
0
0
0
0
0
1
0
1
0
0
0
1
0
0
0
-1
1
1
0
-1
0
0
0
0
0
0
0
0
0
0
0
1
0
1
0
0
0
0
0
-1
0
1
0
0
-1
0
-1
0
0
-1
0
0
0
0
0
0
0
0
0
0
0
0
0
0
0
0
0
0
0
0
0
0
0
0
0
0
0
0
0
0
0
0
0
-1
0
0
0
0
0
0
0
-1
0
0
0
0
0
0
0
0
0
0
0
0
0
0
0
0
0
0
0
0
0
0
1
-1
0
0
0
0
0
0
0
1
0
0
0
0
0
-1
0
0
0
0
0
0
0
0
0
0
-1
-1
-1
-1
0
-1
0
0
0
0
0
0
-1
-1
0
-1
0
0
0
-1
0
0
0
0
0
0
0
1
0
0
0
0
0
0
0
0
0
0
1
1
0
0
0
0
0
0
0
0
0
0
0
1
0
0
0
0
0
1
1
0
0
0
0
0
-1
0
0
0
0
0
0
1
0
0
1
0
0
0
1
0
0
1
0
1
1
0
0
0
0
0
0
0
0
0
0
1
0
1
1
-1
0
0
0
0
0
0
0
0
0
0
0
1
0
0
1
0
0
0
1
0
0
0
-1
0
0
0
0
0
0
0
0
0
0
1
0
0
0
-1
-1
0
0
0
0
0
0
0
0
0
0
-1
0
1
0
0
0
0
0
0
0
-1
0
1
0
0
0
0
-1
0
-1
-1
0
0
0
0
1
0
0
0
0
0
0
0
0
1
1
0
1
-1
0
0
0
0
0
0
0
0
0
0
0
0
0
0
0
0
0
0
0
0
0
0
0
0
0
0
0
0
-1
1
0
1
0
0
1
0
0
0
0
0
1
-1
0
0
0
0
0
1
0
0
-1
0
0
0
0
1
0
0
1
-1
-1
0
0
0
0
0
0
0
0
0
0
0
-1
0
0
0
1
0
0
0
0
1
0
-1
-1
0
0
0
-1
0
0
0
0
0
-1
0
0
0
0
-1
0
0
0
0
0
0
0
0
0
0
0
0
0
0
-1
0
0
0
0
0
0
0
0
0
1
0
-1
0
0
0
0
0
0
0
0
0
0
0
0
0
0
0
0
0
0
0
-1
0
0
0
0
0
0
0
0
0
0
0
0
0
1
0
0
0
0
0
0
0
1
0
0
0
1
1
0
0
0
-1
1
1
0
0
0
0
0
0
0
1
0
0
0
1
0
0
0
0
0
-1
0
0
0
0
0
0
0
0
0
0
-1
-1
-1
0
0
0
0
-1
0
0
0
0
0
0
0
0
0
1
0
1
0
0
0
0
0
0
1
-1
0
1
-1
0
0
0
0
0
0
0
-1
0
0
0
-1
0
-1
0
0
0
0
0
-1
0
0
0
0
0
0
-1
0
0
0
0
0
0
0
0
-1
-1
0
0
0
0
0
1
0
0
0
0
0
-1
0
0
0
0
0
0
0
0
0
1
0
1
0
0
1
-1
1
0
0
0
-1
-1
0
0
0
-1
0
-1
0
0
0
-1
0
0
0
0
1
0
0
0
0
0
0
1
0
1
0
0
0
0
0
0
1
0
0
0
1
1
0
0
0
0
0
0
0
0
-1
1
0
0
0
0
0
0
0
1
0
0
-1
0
0
0
-1
-1
0
0
1
0
-1
0
0
0
0
0
0
-1
-1
0
0
-1
1
0
1
0
0
0
0
0
0
1
0
0
0
-1
0
0
0
0
0
1
-1
0
0
0
0
0
0
0
0
0
1
0
0
0
0
0
0
-1
0
0
-1
0
0
-1
0
0
0
0
0
0
0
0
1
0
0
-1
1
0
0
-1
-1
0
0
0
1
-1
0
0
0
-1
1
0
0
0
1
-1
0
0
0
0
0
0
0
0
0
0
0
-1
0
0
0
0
0
0
0
0
0
0
1
-1
0
0
-1
1
0
0
0
0
0
0
0
0
0
0
0
0
0
0
-1
0
0
0
0
0
0
0
-1
0
0
0
-1
0
0
-1
-1
0
0
0
0
0
1
1
-1
0
-1
0
0
0
0
0
0
0
0
1
0
0
0
0
-1
1
0
0
1
0
0
0
0
0
1
1
0
0
0
0
0
-1
0
-1
1
0
1
0
0
1
0
0
1
0
0
0
1
-1
-1
1
0
0
0
-1
0
0
1
0
0
0
0
0
0
-1
0
0
0
-1
0
0
1
1
-1
0
0
0
0
0
0
0
0
0
-1
1
0
0
1
0
0
0
0
1
-1
0
0
0
0
-1
1
0
0
-1
0
0
0
0
0
-1
0
-1
1
0
0
1
0
0
0
0
0
0
0
0
-1
0
0
0
1
0
1
0
0
0
0
-1
0
0
1
1
0
0
0
-1
-1
0
0
0
-1
0
0
1
0
1
0
0
1
0
0
1
0
0
0
0
0
0
0
0
0
0
0
-1
1
0
0
0
0
0
0
0
0
0
0
-1
0
-1
0
0
0
0
0
-1
0
0
0
1
0
0
0
0
0
0
0
0
0
-1
1
1
-1
0
0
0
0
0
0
0
0
0
0
0
0
0
-1
0
0
0
0
0
0
0
0
-1
0
0
0
0
-1
0
-1
0
0
0
0
0
-1
0
0
-1
0
0
0
1
0
0
0
0
0
0
1
0
0
0
0
0
1
0
0
0
1
1
0
0
0
0
0
0
0
0
1
1
1
0
0
-1
0
0
0
-1
-1
0
0
0
0
0
0
0
0
0
0
0
0
0
0
0
0
0
0
0
0
0
1
1
1
0
-1
0
0
0
0
0
0
1
-1
-1
0
0
0
0
0
1
0
-1
0
0
0
0
0
0
0
0
-1
0
0
0
0
1
0
0
0
0
0
-1
1
1
0
0
0
0
1
0
0
0
0
0
0
0
0
0
0
0
0
1
0
0
0
0
0
0
1
0
0
0
0
0
0
0
0
0
0
1
0
-1
0
0
0
0
-1
0
0
0
0
0
0
-1
0
0
-1
0
0
0
-1
1
0
0
0
0
0
0
0
0
0
0
0
0
0
-1
0
-1
0
0
0
0
0
0
0
0
0
1
0
0
0
0
0
0
0
0
0
0
0
1
0
0
0
0
0
0
0
0
0
-1
0
0
1
0
0
0
0
0
0
0
1
0
0
0
0
0
0
-1
0
1
0
0
0
0
0
0
0
0
-1
0
0
0
0
0
0
0
0
1
0
-1
0
1
0
0
-1
0
0
0
0
-1
0
0
0
0
1
0
0
0
0
0
0
0
0
-1
0
0
0
0
0
0
0
0
0
1
0
0
0
0
0
1
0
0
1
0
1
-1
0
0
0
0
0
0
0
0
-1
0
-1
-1
0
0
0
0
0
0
0
0
0
0
-1
0
-1
0
0
0
0
0
0
-1
0
0
0
0
0
0
0
0
0
0
0
0
0
0
0
0
0
1
1
0
-1
0
0
0
0
0
0
0
0
0
0
0
0
0
0
0
0
1
0
0
0
0
0
1
0
0
0
0
0
0
0
-1
-1
0
0
0
0
0
-1
-1
0
0
0
-1
1
0
0
-1
0
0
0
0
0
0
0
0
0
0
0
0
0
0
0
0
1
0
0
-1
0
0
0
0
0
0
1
0
0
-1
-1
0
0
0
0
-1
0
0
0
0
0
1
0
0
1
0
1
0
0
0
0
0
0
-1
0
0
0
0
0
0
1
0
0
0
0
0
0
-1
-1
0
-1
0
0
0
0
0
0
0
0
0
0
0
0
0
0
-1
0
0
0
0
1
0
0
0
0
0
0
0
0
0
0
-1
1
-1
0
0
0
0
0
0
0
0
1
0
1
0
0
0
1
-1
0
0
0
0
0
0
0
0
0
0
-1
0
0
0
0
1
1
0
1
0
0
0
0
0
0
0
0
0
0
-1
-1
-1
-1
0
0
0
0
0
-1
0
0
0
0
0
-1
0
-1
0
1
0
0
1
0
0
-1
0
-1
0
0
0
-1
0
1
-1
0
0
0
0
-1
0
1
0
-1
1
1
0
1
-1
0
0
1
0
0
-1
1
0
0
1
0
0
0
0
1
0
0
0
0
1
0
-1
0
-1
0
1
0
1
-1
0
1
0
0
0
0
0
-1
0
0
0
0
0
0
0
0
0
0
-1
0
1
0
1
0
-1
0
0
1
0
0
0
0
0
0
-1
0
-1
0
0
0
0
0
0
0
1
0
1
0
0
0
0
0
-1
0
0
0
0
0
-1
0
0
0
0
0
0
1
0
0
0
0
1
0
0
0
0
0
0
0
0
0
-1
0
1
0
0
0
0
0
0
0
0
0
0
0
0
0
0
0
-1
1
0
0
0
-1
0
0
0
1
0
0
0
-1
0
0
0
0
1
1
0
1
0
0
-1
0
-1
0
0
0
0
0
0
0
0
0
0
0
0
0
1
0
0
0
0
0
0
0
0
0
0
0
0
0
0
0
0
0
0
1
0
0
0
1
0
0
0
0
0
0
0
0
1
1
0
0
1
0
0
0
0
0
1
0
0
-1
1
0
-1
-1
0
0
0
0
0
1
0
1
0
0
0
1
0
-1
0
-1
0
0
-1
0
0
0
-1
0
0
0
0
0
0
0
0
1
-1
0
0
0
0
-1
0
0
0
0
0
1
0
0
0
0
0
0
0
0
1
1
0
0
0
0
0
0
0
0
0
1
0
-1
0
0
0
0
0
0
0
0
0
0
1
0
1
1
1
0
0
0
0
0
0
0
0
0
0
0
0
-1
0
0
0
-1
0
-1
0
0
0
0
0
0
0
-1
1
0
1
0
0
0
0
1
1
0
-1
0
1
-1
0
0
0
0
0
0
0
0
0
0
0
0
0
1
-1
0
0
0
0
0
0
0
-1
0
-1
0
0
0
0
0
-1
0
1
0
0
0
1
0
0
0
0
0
0
0
0
0
0
0
0
0
0
1
0
1
0
-1
-1
-1
0
0
0
0
0
0
0
-1
0
0
1
-1
0
1
0
0
0
0
0
0
0
-1
0
0
0
0
0
0
0
0
0
0
0
0
0
0
0
0
0
0
0
0
0
0
1
0
1
0
0
0
1
0
0
-1
1
0
-1
0
0
-1
0
0
-1
-1
-2
0
0
1
2
3
2
2
1
2
1
1
2
0
1
0
0
1
0
0
-1
-1
-1
-3
-3
-2
0
-2
0
0
0
-1
-1
-1
0
-1
1
2
1
1
1
1
1
1
1
1
1
0
-1
-1
-2
-1
-1
-1
-1
-1
-1
0
0
0
1
0
-2
0
1
0
2
1
1
1
-1
0
0
1
2
3
4
2
3
1
0
0
1
3
2
2
2
0
0
1
0
0
0
0
0
0
0
0
0
0
-1
1
-1
0
1
0
0
0
0
0
0
0
0
0
0
0
0
0
0
0
1
0
-1
0
-1
-2
0
-2
-2
-2
-2
-2
-2
-2
-2
-2
-2
-2
-1
-2
-1
0
0
-1
0
1
2
2
1
2
2
3
1
2
3
3
1
2
2
2
1
0
1
1
0
0
0
-1
-1
0
0
0
0
1
0
0
0
0
0
1
1
1
1
1
1
1
1
2
1
0
1
1
0
1
1
1
0
0
0
0
0
0
-1
-1
0
-1
-1
-1
-1
-2
-2
-1
-1
0
0
1
0
1
1
1
1
2
2
0
1
0
-1
-1
0
0
-1
0
0
-1
0
0
-1
1
-1
0
0
-1
0
0
0
0
0
0
0
1
0
0
-1
1
1
0
0
0
0
0
0
0
0
0
1
0
0
0
0
0
0
-1
0
0
-1
0
0
1
0
0
1
0
0
0
1
0
0
0
0
0
0
1
-1
0
0
0
1
0
-1
0
0
0
0
0
-1
0
0
0
0
1
0
0
1
0
0
0
1
0
0
0
0
0
1
0
0
0
0
0
0
0
1
0
0
0
0
-1
0
0
-1
-1
0
-1
0
0
0
1
1
0
0
0
-1
1
0
0
0
0
1
0
1
0
0
1
1
0
0
0
0
0
-1
0
0
0
-1
0
0
1
0
0
0
0
1
0
1
0
0
0
0
-1
0
0
0
0
0
-1
1
1
2
4
5
3
3
1
1
0
0
0
1
1
2
0
-1
0
1
0
0
0
-1
0
0
0
0
0
0
0
-1
0
0
0
3
3
5
7
8
7
5
0
-1
-2
-2
-1
-4
-7
-9
-7
-4
-3
-5
-7
-7
-7
-3
-1
1
-4
-12
-18
-19
-20
-19
-10
-2
-12
-25
-19
-7
-11
-18
-11
-2
-5
-5
-2
-10
-19
-14
-4
-7
-16
-17
-16
-13
2
15
7
-12
-17
-14
-21
-23
-10
-11
-36
-51
-39
-34
-52
-57
-36
-17
-22
-26
-17
-20
-36
-31
3
35
46
44
31
16
11
1
-14
-33
-51
-62
-38
4
17
10
9
7
16
45
57
38
28
34
22
0
0
6
1
7
30
40
31
34
59
76
69
55
50
57
70
77
69
48
24
6
2
12
36
53
47
43
58
69
46
29
63
111
117
89
65
37
2
-4
34
58
37
31
72
91
42
-8
6
57
93
90
50
0
-22
-11
16
45
57
37
13
18
32
30
11
-19
-45
-52
-47
-50
-69
-99
-125
-135
-127
-95
-45
-32
-83
-153
-189
-177
-124
-83
-98
-125
-105
-94
-118
-112
-61
-60
-120
-151
-142
-166
-220
-216
-155
-130
-163
-176
-142
-141
-198
-241
-240
-257
-290
-265
-222
-264
-307
-256
-209
-234
-253
-254
-278
-252
-176
-201
-250
-93
66
-65
-207
58
495
517
255
228
260
124
82
284
577
631
448
466
576
401
252
503
893
943
690
644
842
1086
1242
1171
1077
1102
1060
911
847
717
525
637
890
1034
933
754
720
709
922
1050
871
757
433
190
290
137
-302
-628
-703
-1029
-1909
-2783
-3217
-3199
-3387
-4758
-7444
-10939
-13700
-11651
-2775
6210
6257
-1224
-6677
-5491
4
7365
13873
14434
7820
830
146
4240
7554
8109
7073
4829
1125
-2860
-5065
-4836
-3579
-2859
-2972
-4013
-6547
-9698
-10370
-6487
-94
4363
4370
1043
-2604
-3835
-1387
3848
8833
10058
6483
970
-1983
-460
3317
5759
5406
3291
928
-1037
-2400
-2818
-2173
-1071
-405
-651
-1757
-3348
-4650
-4566
-2608
127
1639
882
-1223
-2776
-2491
-383
2424
4298
4103
2097
-181
-1160
-416
1270
2663
2827
1567
-469
-2196
-2756
-2023
-649
370
306
-823
-2227
-2908
-2401
-1017
466
1303
1169
366
-388
-428
516
2041
3238
3404
2447
931
-73
132
1130
1842
1665
705
-667
-1659
-1610
-966
-424
-356
-925
-1609
-1931
-1914
-1502
-892
-386
-143
-246
-285
-40
499
1455
2224
2360
2243
2028
1889
1914
1761
1450
849
126
-310
-615
-655
-577
-673
-908
-1526
-2535
-2947
-2312
-723
839
673
-283
-1331
-1594
-772
-297
250
-86
-1334
-2726
-3987
-3628
-2373
-1185
-494
-222
474
944
575
-124
-375
197
1393
2429
2369
1166
-362
-852
271
1717
2244
1347
-410
-1836
-2727
-2383
-1363
-710
-260
-699
-1194
-1055
-626
-15
556
1817
3013
2965
1862
294
-655
-265
1203
2596
2846
1639
-255
-1402
-999
373
1437
1507
664
-292
-683
-607
-296
140
501
743
968
1092
997
871
1107
1770
2487
2865
2564
1620
858
1026
1826
2537
2716
2173
1209
479
309
627
1118
1142
4
-1938
-3339
-3518
-2675
-1501
-1081
-1573
-2600
-3948
-4684
-4499
-4245
-4371
-5425
-7693
-10149
-11114
-9057
-4384
515
3197
2086
-1229
-2376
600
5886
10331
11552
9432
5920
3720
4079
5869
7422
7360
5242
2226
-700
-2940
-3746
-3412
-3004
-3379
-4807
-6674
-7923
-7509
-5345
-2643
-376
748
-6
-1692
-2356
-1350
960
3675
5268
4835
2877
798
298
1938
4336
5578
4807
2704
707
-280
-225
413
973
940
77
-1297
-2211
-2034
-1163
-385
-8
-15
-480
-1228
-1707
-1507
-625
423
919
497
-534
-1245
-1117
-334
654
909
163
-585
-821
-712
-245
259
608
613
26
-604
-660
-59
755
1234
1155
850
517
489
931
1485
2094
2131
2197
2339
2232
2290
1887
1826
1955
1975
1856
1052
404
-280
-719
-767
-1285
-2181
-2907
-3273
-3506
-3334
-3200
-3894
-4760
-4868
-4649
-4854
-5267
-5995
-6910
-6470
-4122
-1434
-24
-219
-702
556
2913
4415
5123
5596
6418
6536
5722
5426
4485
3779
4318
4325
3503
1445
-908
-2132
-2511
-2202
-2520
-3587
-4438
-5329
-5595
-4672
-3152
-1748
-934
-1048
-1526
-1156
-172
1234
2664
3314
3211
2192
1901
2549
3064
3526
2943
2379
2605
2698
1824
270
-352
-170
572
946
-82
-1389
-1937
-1757
-928
270
447
-445
-1237
-1552
-969
347
1194
1132
721
303
139
365
857
1295
1379
1290
1091
617
191
162
349
622
1045
1328
1110
565
126
94
454
749
531
-66
-762
-1428
-1613
-1069
-618
-1001
-1938
-2924
-3747
-4360
-4930
-6037
-7598
-7646
-5135
-2139
-762
-1250
-2542
-2686
-639
2691
5320
5662
4187
2861
3144
4643
5376
4700
3822
3269
2818
2162
1135
12
-1080
-1758
-1836
-2266
-3321
-4282
-4755
-4278
-2778
-1315
-1069
-1786
-2203
-2139
-1679
-214
1548
2377
2059
748
-141
1120
3499
4562
3767
2556
2096
2388
3061
3431
3081
2539
1953
1229
955
957
382
-338
-459
-505
-978
-1490
-1870
-2112
-1918
-1563
-1588
-1530
-982
-669
-706
-388
5
54
142
412
748
1066
1266
1392
1542
1815
1863
1432
1331
1755
1982
1882
1363
686
614
884
784
166
-574
-983
-1331
-1642
-1647
-1830
-2243
-2536
-2871
-3163
-3463
-4148
-4931
-5450
-6009
-6814
-7056
-5737
-3517
-1846
-928
-596
-570
458
2608
4375
5442
5972
5578
4800
4407
4546
5125
5534
5072
3623
1941
858
96
-443
-589
-1255
-2663
-3955
-4870
-5129
-4440
-3367
-2645
-2364
-2249
-2435
-2804
-2487
-1209
395
1505
1487
838
750
1538
2542
3231
3766
4102
3927
3650
3486
3135
2886
2910
2796
2267
1261
294
173
648
748
101
-875
-1548
-1728
-1587
-1233
-1151
-1661
-2127
-2121
-1627
-783
-511
-951
-1162
-909
-213
726
1312
1165
209
-394
335
1489
2427
2700
1912
1186
1376
2224
2780
2109
1042
296
-153
120
179
-549
-1184
-1542
-1276
-799
-1330
-2434
-3708
-4625
-4408
-4323
-5383
-7093
-8174
-6919
-4389
-3069
-2969
-2893
-1933
-265
1440
3187
4140
3959
4108
5005
5959
6462
6301
5805
5268
4874
4257
3164
2456
1666
125
-968
-1860
-3224
-4166
-4571
-4620
-4297
-3882
-3699
-4340
-4791
-4010
-3226
-2403
-1236
-907
-948
-578
81
1258
2577
3494
3671
3346
3536
3931
4085
4501
4590
4062
3495
2792
2187
2015
1821
1266
660
275
-428
-1277
-1371
-1450
-1947
-1973
-1895
-2293
-2633
-2500
-1965
-1451
-1102
-962
-1137
-963
-319
247
910
1367
1246
1265
1698
2227
2555
2646
2721
2642
2596
2739
2510
2213
2244
1857
1136
504
-323
-1054
-1254
-971
-993
-1699
-2313
-2925
-3519
-3735
-3952
-4275
-5127
-6353
-7632
-8399
-7057
-4795
-3442
-3253
-3970
-3578
-1513
802
2485
3171
3462
3839
4262
5160
6098
6151
5938
5926
5749
5575
4811
3649
2901
2138
1285
12
-1308
-2430
-3599
-3871
-3800
-4020
-4246
-4704
-4877
-4520
-4060
-3482
-3156
-3000
-2481
-2078
-1410
-177
1014
2183
2620
2340
2510
3205
4355
5333
5297
4930
4303
3665
3795
3989
4225
3936
2463
1009
110
90
273
-444
-1346
-2181
-2890
-3072
-3227
-3315
-3166
-3199
-3040
-2580
-2172
-1752
-1650
-1470
-750
57
1189
2081
2144
2001
1845
2141
2898
3709
4114
3694
3090
2755
2695
2799
2575
1833
823
0
-264
-389
-597
-1209
-2516
-3309
-3452
-3415
-3592
-4579
-5698
-6779
-7870
-8340
-7729
-6320
-4957
-4777
-5488
-5021
-3121
-378
2127
3007
2830
2604
3291
5143
6960
7916
7666
6377
5457
5276
5338
5365
4778
3673
1892
13
-1125
-1811
-2035
-2316
-3000
-3806
-4586
-5216
-5253
-4729
-4213
-3748
-3855
-3998
-3525
-3033
-2220
-1273
-295
962
1796
2315
2669
3138
4323
5470
5838
5581
5094
4665
4632
4900
4770
4013
2713
1341
727
910
950
62
-1387
-2429
-2760
-2809
-2908
-3207
-3695
-4072
-4111
-3727
-3007
-2363
-2018
-1832
-1495
-806
6
695
1298
1756
2178
2720
3084
3539
4249
4595
4490
4413
4308
3870
3390
2664
1823
1162
614
380
-257
-1105
-1944
-3022
-3618
-3747
-3857
-4302
-5188
-6463
-7598
-8087
-8174
-7502
-5960
-4716
-4660
-4950
-4183
-2263
-206
1449
2530
2638
2596
3568
5216
6646
7161
6475
5642
5572
5756
5770
5276
4022
2325
987
361
-287
-1214
-2222
-3054
-3644
-3955
-3891
-4086
-4535
-4756
-4813
-4554
-4076
-3867
-3715
-3098
-2386
-1694
-624
298
893
1506
2427
3645
4560
5137
5215
5024
5408
6004
5949
5329
4595
3811
3334
3048
2653
2154
1168
-285
-1438
-1560
-1473
-2118
-3116
-4092
-4580
-4520
-4191
-3455
-2944
-3181
-3494
-3504
-2727
-1082
160
665
748
563
933
2005
3307
4469
4741
4270
4007
4201
4761
5251
5116
4211
2780
1556
1140
1372
1098
-120
-1581
-2955
-3641
-3485
-3350
-3764
-4845
-6262
-7157
-7389
-7667
-7958
-7665
-6649
-5567
-5298
-5224
-4166
-2494
-823
740
1807
2421
2822
3364
4799
6510
7208
6916
6152
5519
5490
5704
5752
5258
3823
1988
580
-179
-434
-790
-1793
-3021
-3865
-4436
-4696
-4508
-4462
-4774
-5058
-5251
-4972
-4139
-3492
-2972
-2178
-1292
-419
267
953
1992
2984
3793
4450
4621
4696
5053
5371
5653
5830
5412
4461
3713
3591
3687
3385
2321
703
-534
-881
-893
-1189
-1911
-2856
-3835
-4509
-4349
-3661
-3125
-2896
-3131
-3464
-3103
-2206
-1186
-138
508
593
634
1144
2128
3101
3713
4005
3992
3939
4217
4502
4527
4258
3429
2290
1563
1328
1249
862
-153
-1232
-2321
-3133
-3076
-2809
-3124
-4253
-5599
-6736
-7418
-7656
-7563
-6736
-5828
-5650
-6087
-6056
-4935
-3053
-929
235
414
516
1179
2773
4759
6098
6161
5432
5144
5649
6171
6327
5951
5043
3995
2925
1964
1346
987
334
-762
-1837
-2431
-2660
-2987
-3469
-4113
-4471
-4500
-4471
-4036
-3626
-3437
-3245
-2988
-2178
-1140
-357
223
625
1263
2118
2858
3445
3828
4209
4541
4752
4937
4755
4342
4184
4125
3880
3205
2306
1679
1058
409
-5
-468
-1094
-1987
-2875
-3054
-2861
-2830
-2998
-3421
-3732
-3613
-3086
-2230
-1519
-1217
-1204
-1210
-574
522
1375
1872
1980
2091
2532
3193
3768
3971
3876
3477
3059
2787
2498
2245
1993
1694
1318
554
-474
-1154
-1592
-1848
-2160
-2925
-3819
-4760
-5711
-6758
-7567
-7329
-6220
-5445
-5746
-6094
-5575
-4451
-3072
-1741
-715
-237
-116
416
1939
3806
4781
4909
4748
4719
5086
5488
5888
5946
5216
4168
3180
2667
2568
2002
1018
207
-502
-1148
-1524
-1744
-2236
-3015
-3700
-4124
-3907
-3349
-3396
-3691
-3633
-3353
-2903
-2373
-1557
-399
359
618
728
1022
1851
2720
3359
3757
3841
3767
3520
3520
3844
4092
4043
3386
2528
1939
1451
1207
1016
429
-267
-1027
-1628
-1596
-1550
-1851
-2305
-2845
-2927
-2535
-2226
-2024
-1983
-2015
-1739
-1158
-437
125
349
441
651
1199
1805
2161
2442
2718
2971
3141
3022
2915
2850
2442
2201
2110
1918
1759
1272
531
-205
-679
-947
-1292
-1960
-3148
-4376
-5230
-5906
-6636
-6810
-6264
-5859
-6157
-6534
-5910
-4823
-3852
-2954
-2194
-1367
-599
144
1222
2458
3159
3344
3717
4454
5163
5370
5262
5017
4526
4161
3807
3394
3088
2371
1377
777
644
439
-117
-640
-1150
-1670
-2111
-2617
-2775
-2561
-2621
-2830
-2927
-2892
-2635
-2457
-2267
-1612
-619
83
80
-41
353
1053
1824
2358
2512
2584
2608
2810
3247
3484
3531
3266
2730
2532
2503
2359
2114
1517
837
387
83
-16
-269
-798
-1311
-1784
-1913
-1845
-1857
-1994
-2364
-2549
-2365
-1901
-1409
-1207
-1119
-1031
-901
-412
315
873
1189
1183
1338
1941
2535
2902
2845
2595
2420
2410
2681
2692
2229
1558
969
693
433
-25
-872
-2010
-2937
-3724
-4362
-4996
-6092
-7096
-7052
-5970
-4892
-4751
-5456
-5979
-5430
-3823
-1702
-230
-51
-531
-766
304
2427
3998
4346
3807
3256
3320
4073
5135
5454
4651
3228
2161
2160
2698
3088
2718
1516
420
-58
46
406
205
-808
-1946
-2571
-2380
-1750
-1616
-2150
-2787
-2995
-2476
-1511
-851
-792
-994
-1029
-667
-37
546
950
1182
1321
1571
2026
2456
2566
2395
2275
2385
2582
2635
2414
1936
1406
1161
1329
1560
1326
510
-406
-830
-731
-540
-658
-1159
-1767
-2104
-1958
-1468
-1052
-1008
-1362
-1682
-1378
-724
-338
-183
-91
58
449
1009
1582
1920
1868
1763
1765
1807
2051
2285
2148
1761
1213
667
570
746
643
149
-646
-1490
-2237
-2991
-3582
-4202
-5395
-6464
-6188
-4796
-3755
-4057
-5106
-5666
-5126
-3399
-1110
305
-58
-1346
-1683
-144
2326
3978
3893
2652
1591
1692
3091
4848
5320
3833
1671
691
1415
2860
3629
2983
1407
152
92
963
1699
1355
-96
-1576
-1895
-979
61
84
-1060
-2389
-2806
-2115
-1039
-556
-742
-1272
-1676
-1345
-606
58
416
466
499
488
776
1336
1736
2145
2368
2286
2026
1710
1686
2001
2326
2171
1572
1003
775
690
600
595
301
-210
-636
-781
-566
-605
-930
-1287
-1645
-1753
-1632
-1205
-761
-877
-1292
-1517
-1256
-708
-239
96
237
159
94
356
908
1432
1658
1683
1678
1599
1463
1455
1512
1403
1208
878
460
14
-346
-529
-985
-1650
-2443
-3367
-4119
-4838
-5233
-4750
-3670
-3010
-3664
-4925
-5162
-4110
-2319
-604
-2
-648
-1766
-1626
338
2484
3207
2330
1117
844
1832
3363
4442
4214
2750
1398
1199
2397
3675
3626
2606
1390
855
1322
2037
2252
1480
-48
-1048
-863
49
566
-140
-1415
-2230
-2005
-1152
-493
-290
-795
-1607
-1788
-990
126
572
216
-314
-380
127
883
1386
1307
836
476
668
1325
1887
1917
1343
576
391
919
1501
1539
917
217
-70
-49
251
474
48
-678
-1118
-1168
-949
-845
-932
-1042
-1223
-1349
-1265
-1033
-787
-659
-600
-460
-277
-54
182
374
664
873
995
1012
983
1034
926
975
1150
1179
1096
774
432
195
56
-119
-605
-1532
-2576
-3380
-4128
-4495
-3837
-2660
-2457
-3745
-5136
-5087
-3627
-1808
-548
-465
-1524
-2466
-1718
596
2536
2665
1546
719
1032
2276
3641
4179
3465
2113
1302
1667
2753
3434
2939
1668
836
1082
1761
1933
1395
439
-583
-1081
-602
294
405
-600
-1752
-1969
-1205
-321
-57
-373
-747
-783
-423
139
575
626
342
122
380
1030
1487
1419
1083
833
822
1120
1527
1520
920
284
168
468
732
670
214
-456
-903
-777
-289
-65
-454
-1201
-1747
-1692
-1123
-588
-572
-994
-1413
-1462
-1006
-310
29
-215
-531
-445
-52
392
765
900
727
533
682
1105
1402
1310
968
729
766
909
910
741
471
158
-43
-103
-333
-932
-1645
-2193
-2612
-3056
-3600
-4006
-3731
-2852
-2437
-3098
-3924
-3746
-2590
-1208
-177
118
-414
-1024
-593
927
2289
2483
1809
1211
1227
1864
2777
3315
2919
1792
887
950
1763
2444
2295
1384
453
226
724
1293
1320
702
-172
-683
-424
308
667
173
-694
-1081
-677
94
597
478
-71
-447
-240
342
763
758
466
182
167
493
875
915
589
260
229
436
627
581
247
-178
-383
-288
-122
-129
-354
-682
-884
-739
-351
-164
-417
-815
-932
-684
-319
-147
-293
-549
-565
-236
184
407
384
274
299
544
812
849
668
445
295
288
436
547
390
-2
-331
-361
-233
-365
-910
-1571
-2079
-2476
-2815
-3107
-3429
-3554
-3077
-2262
-1998
-2597
-3153
-2674
-1310
78
750
464
-194
-222
845
2419
3265
2917
2144
1764
1944
2463
2959
2949
2126
997
503
837
1366
1398
800
62
-371
-377
-31
239
-46
-784
-1399
-1355
-705
-144
-168
-563
-880
-771
-201
399
627
528
389
436
699
1054
1332
1408
1348
1356
1489
1648
1721
1681
1563
1379
1136
932
849
781
544
136
-268
-532
-677
-784
-918
-1107
-1342
-1550
-1639
-1615
-1590
-1601
-1518
-1284
-1086
-1090
-1141
-1000
-649
-206
210
432
376
295
560
1111
1486
1369
964
720
856
1214
1443
1225
548
-222
-600
-485
-281
-407
-944
-1655
-2217
-2549
-2734
-2881
-3206
-3575
-3453
-2786
-2197
-2222
-2671
-2732
-1875
-499
521
698
290
-9
435
1697
2921
3062
2281
1683
1818
2437
3087
3325
2894
1980
1186
1019
1314
1521
1311
708
50
-289
-263
-123
-209
-606
-1011
-1181
-1151
-977
-785
-797
-991
-1019
-663
-125
224
298
353
598
937
1197
1363
1510
1653
1705
1698
1791
1940
1962
1813
1596
1385
1133
869
694
445
4
-398
-594
-723
-979
-1331
-1577
-1673
-1715
-1785
-1898
-1966
-2004
-2025
-1903
-1700
-1569
-1466
-1280
-942
-573
-342
-182
-2
276
681
995
1051
934
843
977
1247
1345
1134
740
462
405
359
201
-51
-490
-1134
-1678
-1858
-1836
-1877
-2011
-2189
-2285
-2241
-2170
-2035
-1740
-1381
-1049
-721
-388
-136
6
244
676
1101
1406
1617
1696
1714
1789
1887
1968
1992
1896
1748
1624
1475
1265
1079
1068
1142
991
592
150
-184
-259
-119
-44
-202
-516
-770
-819
-668
-376
-125
-89
-160
-130
50
305
558
742
796
767
823
1078
1413
1532
1352
1155
1179
1320
1362
1257
1080
833
556
373
260
108
-139
-471
-764
-909
-987
-1111
-1301
-1517
-1709
-1851
-1900
-1820
-1666
-1561
-1585
-1657
-1580
-1290
-930
-673
-585
-628
-662
-491
-112
202
242
98
-28
-27
137
367
403
114
-260
-428
-401
-368
-447
-658
-926
-1112
-1120
-1001
-938
-1057
-1255
-1304
-1136
-886
-706
-638
-635
-578
-360
-20
294
477
554
655
907
1256
1525
1621
1631
1676
1781
1965
2177
2237
2085
1865
1741
1699
1650
1564
1397
1134
829
586
478
455
366
113
-215
-430
-466
-400
-353
-398
-536
-667
-682
-570
-383
-192
-102
-147
-215
-142
80
293
402
403
384
448
572
662
632
524
459
461
474
428
296
145
32
-27
-51
-142
-355
-634
-867
-988
-1088
-1265
-1524
-1813
-2005
-2070
-2099
-2150
-2204
-2193
-2123
-2024
-1872
-1647
-1364
-1074
-845
-682
-493
-185
195
501
647
690
729
839
1027
1229
1322
1227
1004
814
801
933
1004
851
570
365
329
393
442
387
223
55
-5
67
205
311
317
246
193
242
407
614
730
688
584
572
673
780
826
806
717
573
457
436
489
516
419
189
-57
-183
-146
-54
-88
-320
-592
-694
-598
-444
-375
-453
-657
-846
-823
-567
-284
-205
-356
-541
-545
-313
6
191
158
19
-48
32
187
280
244
107
-28
-51
44
127
75
-88
-226
-258
-213
-150
-135
-223
-370
-442
-366
-230
-157
-176
-244
-298
-265
-119
60
135
71
-39
-74
22
218
389
406
270
139
174
369
558
576
420
248
207
314
455
496
368
136
-34
-27
114
214
120
-143
-390
-472
-415
-340
-346
-462
-647
-773
-738
-590
-498
-557
-670
-673
-551
-420
-354
-346
-359
-333
-211
-25
107
127
93
108
197
322
434
474
401
271
204
244
303
305
247
165
93
75
139
244
305
271
183
132
182
308
428
462
410
354
387
497
591
610
569
505
443
407
418
449
437
350
225
127
96
122
154
127
14
-121
-191
-192
-193
-241
-332
-432
-493
-478
-406
-353
-377
-461
-554
-587
-518
-387
-311
-347
-433
-462
-410
-318
-219
-155
-155
-194
-197
-128
-27
33
27
-14
-24
17
71
104
112
111
116
118
105
69
31
19
23
13
-33
-104
-166
-205
-223
-227
-224
-227
-255
-304
-329
-288
-198
-115
-89
-112
-130
-93
14
146
218
193
135
144
238
344
388
371
338
320
321
342
379
402
370
286
213
204
253
293
266
170
77
45
71
125
156
122
34
-28
-6
75
144
150
87
12
-4
63
158
193
126
16
-37
25
159
253
222
99
9
29
110
143
77
-48
-160
-218
-228
-221
-243
-335
-459
-520
-487
-434
-436
-497
-574
-629
-620
-530
-418
-387
-452
-508
-463
-332
-212
-152
-134
-137
-124
-45
105
253
317
300
291
354
474
571
587
528
444
386
385
432
446
362
197
55
8
35
46
-21
-157
-305
-388
-363
-275
-232
-287
-384
-422
-363
-243
-140
-99
-115
-140
-110
-10
99
152
155
162
198
247
296
344
366
340
295
280
317
366
375
318
217
132
113
143
151
84
-35
-137
-177
-155
-109
-98
-160
-259
-307
-245
-117
-25
-31
-91
-117
-53
71
186
240
236
215
221
266
329
370
356
299
235
200
190
178
133
49
-57
-146
-183
-197
-245
-340
-437
-493
-510
-505
-502
-523
-566
-594
-567
-493
-413
-353
-315
-279
-236
-168
-72
25
98
144
186
242
299
344
373
398
420
435
440
433
407
356
298
267
267
261
206
108
17
-30
-43
-52
-83
-146
-234
-315
-358
-360
-334
-307
-302
-325
-359
-366
-319
-232
-155
-122
-116
-104
-55
34
142
224
252
240
238
287
373
431
413
338
271
258
289
306
262
168
80
44
57
65
22
-63
-139
-165
-145
-122
-123
-152
-176
-176
-140
-83
-27
9
22
33
70
141
222
275
290
283
285
313
350
360
321
244
168
127
112
83
7
-108
-218
-277
-292
-306
-360
-454
-548
-593
-574
-522
-498
-527
-584
-601
-540
-427
-322
-271
-273
-282
-241
-140
-20
61
90
100
130
194
270
330
362
368
364
367
382
400
406
393
365
334
304
281
263
240
204
153
99
58
28
-4
-41
-79
-106
-122
-128
-136
-145
-160
-170
-156
-123
-93
-79
-74
-60
-26
23
67
96
108
111
119
142
173
196
191
158
117
94
94
105
101
65
3
-59
-94
-99
-98
-115
-157
-202
-231
-231
-210
-189
-182
-182
-176
-145
-97
-43
0
22
34
62
115
177
220
224
207
200
221
257
276
254
204
153
122
102
78
36
-28
-96
-163
-219
-266
-307
-347
-391
-434
-469
-494
-506
-507
-492
-460
-420
-387
-353
-302
-226
-140
-62
1
54
106
165
240
320
381
410
422
438
470
510
531
513
462
408
379
369
347
293
213
136
83
54
27
-20
-91
-156
-184
-179
-179
-205
-251
-278
-260
-208
-158
-145
-163
-168
-127
-47
22
48
34
26
56
122
184
204
183
154
147
171
192
176
125
66
25
8
-7
-40
-96
-157
-201
-214
-202
-198
-214
-247
-269
-251
-193
-127
-88
-84
-91
-68
6
103
176
195
174
163
200
278
342
352
305
246
222
245
272
257
182
78
-4
-38
-48
-81
-161
-265
-348
-385
-391
-400
-438
-488
-519
-508
-474
-443
-431
-426
-400
-347
-282
-233
-202
-171
-113
-29
60
123
157
188
243
327
408
454
455
440
442
471
504
505
464
398
334
294
277
258
211
129
40
-27
-54
-58
-71
-112
-171
-217
-222
-197
-168
-158
-166
-171
-152
-114
-73
-43
-20
9
48
87
109
113
121
147
182
202
185
137
88
66
75
77
45
-28
-108
-160
-172
-167
-173
-208
-257
-290
-287
-249
-208
-184
-171
-156
-129
-85
-24
36
81
110
133
163
206
246
280
295
294
288
285
282
269
239
195
149
104
55
-2
-67
-130
-190
-245
-299
-354
-404
-441
-465
-481
-494
-500
-494
-479
-452
-416
-373
-325
-274
-217
-151
-81
-12
58
125
189
246
303
358
408
447
472
487
492
495
497
489
463
416
359
303
260
220
169
102
22
-48
-87
-106
-125
-161
-211
-252
-258
-236
-205
-189
-188
-185
-154
-96
-34
13
39
59
88
133
181
213
222
217
209
211
217
212
183
135
82
39
7
-22
-61
-117
-181
-233
-264
-276
-282
-295
-321
-338
-335
-306
-262
-223
-197
-175
-145
-97
-36
22
67
100
129
165
203
239
261
271
276
279
279
269
244
208
169
134
102
61
5
-62
-124
-173
-206
-239
-282
-336
-386
-413
-416
-403
-396
-403
-412
-401
-363
-301
-240
-192
-150
-103
-41
35
109
171
219
261
302
347
386
415
427
430
425
421
411
392
358
317
276
239
203
161
107
47
-6
-45
-71
-95
-125
-158
-184
-192
-180
-161
-144
-134
-125
-102
-62
-15
26
54
68
92
123
157
178
176
160
148
144
140
122
88
43
7
-19
-35
-62
-102
-149
-185
-200
-204
-215
-236
-259
-268
-256
-232
-210
-195
-187
-173
-142
-96
-53
-23
-1
20
51
92
133
163
175
179
182
191
205
209
196
168
136
110
91
71
42
0
-48
-93
-125
-146
-163
-187
-223
-257
-276
-274
-263
-254
-253
-254
-243
-214
-175
-132
-93
-59
-23
16
63
107
149
183
209
234
255
271
284
291
294
288
275
256
236
216
199
175
147
111
77
47
20
-2
-24
-49
-74
-93
-102
-105
-105
-104
-105
-102
-92
-71
-48
-26
-6
9
25
43
65
85
97
102
101
98
95
91
82
67
46
21
-3
-28
-50
-72
-93
-116
-139
-159
-174
-185
-193
-198
-203
-206
-204
-195
-181
-165
-149
-133
-114
-90
-61
-30
-1
22
48
74
102
129
150
164
173
180
183
182
175
162
145
125
101
74
44
13
-14
-40
-66
-94
-122
-149
-166
-181
-190
-196
-202
-203
-199
-187
-168
-147
-124
-100
-68
-33
5
42
77
110
142
175
205
231
253
267
273
276
275
270
261
246
221
195
165
139
111
82
51
19
-11
-34
-55
-75
-93
-110
-121
-126
-126
-125
-122
-118
-110
-98
-80
-62
-45
-31
-19
-2
14
29
40
45
48
50
51
49
39
26
14
3
-10
-27
-46
-64
-82
-95
-106
-119
-132
-143
-151
-152
-151
-148
-147
-145
-139
-124
-108
-91
-78
-63
-46
-25
-3
16
32
47
64
81
98
109
115
118
119
121
120
115
108
97
83
71
59
49
36
22
9
-4
-16
-25
-37
-45
-54
-59
-61
-61
-61
-60
-60
-53
-46
-35
-22
-9
1
12
24
39
54
66
76
83
89
96
101
104
103
96
92
86
77
69
57
42
30
17
3
-8
-19
-31
-39
-49
-55
-60
-63
-62
-61
-59
-56
-53
-46
-36
-27
-17
-7
-2
6
14
24
32
38
41
42
42
44
43
40
33
25
17
11
3
-8
-18
-31
-38
-45
-49
-56
-66
-72
-76
-78
-73
-72
-73
-71
-70
-62
-49
-42
-35
-30
-25
-12
2
13
21
24
28
36
44
53
58
52
47
47
49
53
53
43
31
23
17
15
13
1
-12
-23
-33
-33
-34
-43
-50
-55
-58
-53
-48
-49
-47
-46
-42
-30
-18
-13
-6
1
4
20
31
38
48
51
48
60
64
62
74
69
54
62
58
43
53
44
20
25
17
-3
8
4
-23
-21
-20
-37
-27
-18
-37
-34
-26
-35
-24
-9
-13
-8
-1
-1
7
18
23
26
29
31
33
35
38
39
36
32
28
23
20
13
9
1
-6
-13
-21
-24
-32
-34
-44
-45
-52
-49
-52
-50
-52
-51
-46
-42
-34
-29
-22
-20
-12
-7
1
7
14
20
25
30
35
37
38
38
39
37
36
33
27
19
13
8
4
-2
-11
-19
-26
-31
-34
-38
-42
-44
-46
-46
-45
-42
-39
-34
-28
-23
-18
-12
-5
-1
7
12
19
25
30
35
36
39
40
41
40
39
38
35
32
27
24
19
15
10
4
0
-5
-7
-10
-11
-12
-14
-14
-15
-13
-13
-11
-9
-5
-3
0
4
7
10
13
16
17
20
20
20
21
21
19
18
16
14
10
8
4
0
-4
-7
-11
-12
-17
-18
-21
-22
-24
-25
-25
-24
-24
-21
-22
-20
-17
-14
-8
-5
-2
0
2
6
9
13
15
17
17
20
21
21
20
20
18
18
17
15
12
8
5
2
1
-2
-5
-9
-12
-15
-16
-17
-17
-18
-20
-20
-21
-18
-14
-12
-9
-7
-4
-1
-2
-2
-1
1
5
7
10
10
9
9
8
9
10
12
13
13
11
8
4
2
2
3
4
4
3
1
-2
-1
-2
-4
-5
-6
-6
-9
-11
-10
-11
-15
-19
-16
-10
-9
-9
-3
1
3
-1
2
10
15
15
17
20
22
19
18
20
21
16
11
7
0
-7
-12
-12
-14
-18
-23
-29
-33
-36
-36
-33
-30
-28
-31
-34
-28
-15
-2
8
10
11
13
22
31
37
44
49
50
50
48
41
32
26
25
24
19
13
4
-8
-14
-12
-7
-9
-13
-15
-15
-9
-4
-3
-8
-9
-6
-6
-12
-12
-12
-16
-15
-25
-30
-20
-15
-16
-13
-12
-5
7
8
9
13
6
2
12
18
16
21
25
23
17
6
-11
-23
-17
-13
-6
3
-4
-35
-56
-58
-51
-47
-35
-20
-23
-37
-44
-45
-38
-26
-6
28
55
63
71
86
99
107
110
115
115
113
109
84
43
1
-36
-63
-65
-38
-10
-11
-37
-74
-119
-165
-188
-179
-152
-142
-152
-139
-102
-104
-148
-163
-149
-145
-99
43
183
207
118
-8
-65
120
597
1084
1200
847
261
-192
-219
164
543
470
-41
-596
-858
-763
-484
-256
-197
-327
-550
-700
-664
-431
-140
70
110
-11
-20
227
657
1132
1087
378
-135
-145
-38
138
195
-50
-242
-266
-326
-336
-227
-41
279
534
399
36
-303
-551
-402
177
490
315
144
-51
-428
-590
-460
-220
77
24
-367
-511
-596
-730
-330
229
292
289
372
179
31
106
112
245
522
494
314
162
-123
-241
1
379
712
699
384
108
-193
-302
200
926
1203
834
203
-155
-313
-303
187
609
258
-368
-769
-1119
-1267
-1013
-645
-392
-384
-686
-974
-1086
-1050
-694
-198
116
324
342
91
-86
67
499
933
1151
1162
854
374
223
381
560
711
713
510
245
15
-108
-100
-45
-1
19
-64
-317
-584
-685
-637
-512
-393
-364
-408
-525
-698
-758
-618
-396
-221
-147
-140
-160
-214
-180
61
332
449
488
541
603
620
571
576
685
760
816
876
771
538
376
322
369
400
285
100
-73
-218
-322
-413
-469
-522
-643
-700
-681
-733
-822
-891
-947
-958
-947
-881
-689
-529
-488
-387
-212
-74
98
368
648
808
852
908
983
1014
1085
1189
1174
1050
908
731
519
312
139
6
-127
-285
-438
-621
-845
-1012
-1054
-981
-834
-702
-692
-786
-820
-720
-525
-267
-15
119
163
222
316
399
454
526
637
736
798
796
678
481
350
328
338
325
259
103
-135
-353
-443
-421
-379
-353
-375
-487
-608
-607
-489
-335
-203
-151
-169
-169
-101
19
169
291
332
313
275
259
308
392
430
388
287
195
148
104
33
-33
-85
-141
-190
-232
-277
-331
-372
-367
-292
-201
-152
-123
-90
-60
-3
81
168
251
282
267
254
240
243
263
256
227
188
132
67
-22
-91
-105
-118
-141
-170
-232
-298
-325
-296
-227
-181
-182
-204
-223
-198
-116
-28
29
83
130
123
99
125
192
269
324
318
254
160
88
92
127
135
109
51
-24
-64
-86
-109
-105
-84
-85
-102
-112
-127
-136
-110
-53
-15
-29
-52
-49
-30
-16
-8
0
-10
-41
-59
-45
-13
4
2
1
0
-4
13
37
33
26
37
53
84
115
119
110
100
94
108
121
115
104
87
59
30
14
13
4
-28
-65
-87
-94
-103
-128
-176
-238
-262
-229
-186
-173
-177
-186
-196
-171
-88
10
60
70
80
102
131
177
233
280
305
289
242
218
221
203
172
134
93
53
10
-49
-106
-160
-201
-205
-195
-209
-246
-285
-302
-283
-234
-178
-133
-104
-82
-62
-24
39
112
173
207
215
209
213
239
273
294
289
262
214
166
137
117
89
50
12
-31
-84
-143
-189
-215
-227
-227
-233
-260
-284
-284
-263
-230
-193
-161
-149
-135
-98
-44
3
48
83
106
121
133
151
176
205
224
223
202
164
134
128
139
147
133
97
51
17
2
-6
-20
-47
-72
-85
-89
-102
-129
-155
-165
-153
-127
-106
-103
-112
-112
-95
-67
-38
-6
17
29
35
43
52
73
98
112
111
102
93
91
103
113
106
86
65
48
36
25
15
3
-15
-42
-68
-85
-93
-96
-99
-102
-108
-116
-125
-127
-115
-95
-76
-60
-43
-28
-13
6
28
54
80
102
118
129
134
128
118
110
113
114
102
75
44
20
0
-14
-27
-38
-50
-70
-90
-103
-105
-100
-92
-82
-75
-76
-80
-72
-46
-15
5
4
-2
2
18
38
58
72
76
74
69
67
68
70
67
64
59
43
19
-3
-13
-15
-16
-23
-35
-51
-64
-70
-67
-61
-55
-49
-43
-34
-23
-11
0
6
12
20
34
43
46
48
46
38
30
28
32
35
30
21
9
-6
-16
-18
-16
-21
-35
-47
-51
-46
-43
-40
-40
-41
-40
-34
-22
-11
-7
-8
-7
-1
11
24
33
39
39
39
43
48
52
53
49
41
31
21
17
16
16
11
2
-9
-17
-20
-19
-18
-20
-25
-30
-31
-29
-24
-19
-16
-13
-8
-8
-3
-1
1
4
7
9
9
8
5
5
8
10
11
6
2
-2
-4
-3
-2
-2
-3
-4
-6
-8
-9
-7
-6
-5
-4
-6
-6
-7
-6
-5
-5
-4
-6
-5
-1
1
4
3
0
-1
2
6
7
6
3
3
5
9
9
8
4
3
4
4
4
3
4
5
7
8
8
10
13
13
11
8
3
1
2
3
3
2
-1
-3
-4
-4
-5
-5
-7
-9
-9
-11
-13
-16
-19
-19
-18
-16
-15
-17
-20
-22
-24
-23
-18
-13
-7
-1
3
2
4
9
15
25
34
39
41
40
37
35
36
38
41
41
38
30
19
10
2
-5
-9
-15
-23
-32
-41
-48
-53
-57
-57
-55
-50
-44
-41
-39
-35
-30
-18
-3
10
17
22
28
35
46
54
58
59
58
56
55
52
46
38
29
21
14
7
-3
-13
-21
-29
-36
-42
-50
-56
-59
-58
-56
-56
-58
-54
-45
-35
-25
-18
-13
-7
3
15
26
36
44
46
47
46
47
51
59
62
58
49
36
28
25
24
20
12
1
-12
-21
-28
-33
-36
-36
-35
-35
-34
-39
-44
-49
-49
-44
-34
-23
-17
-15
-15
-16
-13
-5
5
16
24
28
28
27
26
29
34
43
50
54
50
42
31
23
17
19
18
17
9
-3
-14
-24
-28
-28
-28
-30
-36
-45
-46
-43
-37
-32
-31
-29
-26
-18
-9
0
4
7
10
14
17
22
29
34
39
41
38
31
25
22
20
20
19
16
10
1
-10
-17
-19
-18
-13
-12
-16
-24
-33
-37
-38
-32
-23
-17
-15
-16
-17
-13
-9
-3
3
10
14
18
18
17
18
19
25
28
28
24
20
17
14
12
11
10
7
4
1
-1
-3
-3
-3
-4
-8
-13
-14
-12
-9
-10
-12
-13
-12
-9
-7
-8
-9
-10
-8
-5
0
2
1
0
0
2
5
9
13
13
12
10
8
8
10
10
11
9
7
4
2
-1
-3
-3
-3
-3
-3
-4
-6
-7
-9
-10
-9
-7
-3
-2
-2
-3
-4
-5
-3
-1
0
-1
3
5
4
1
-2
1
7
9
8
7
6
7
7
7
4
1
-1
-1
1
1
1
-1
-3
-3
-4
-5
-5
-3
-1
-3
-7
-9
-10
-8
-5
0
4
4
3
0
-2
0
3
6
8
7
4
2
0
1
2
4
5
3
1
0
0
-1
0
2
0
2
3
3
4
3
1
-1
0
2
0
-4
-3
1
0
-1
-3
-3
-2
-3
-5
-3
-2
-4
-6
-6
-4
-3
-2
-1
-2
-3
-3
-2
1
2
1
2
3
4
5
6
7
8
6
6
6
5
5
1
1
-2
-3
-4
-3
-2
-3
-3
-3
-1
-4
-5
-6
-4
-2
-5
-4
-4
-3
-3
-4
-2
1
3
4
3
2
-1
-1
1
4
6
7
6
3
1
2
3
5
7
6
3
0
-1
-3
-1
-1
0
1
0
0
-2
-2
-4
-4
-3
-1
-1
-3
-5
-6
-6
-5
-2
2
4
2
1
-3
-3
0
4
7
7
6
5
4
5
7
11
11
10
7
4
3
1
2
1
0
0
-2
-4
-7
-8
-8
-9
-10
-9
-9
-11
-7
-7
-5
-4
-2
1
3
3
3
3
2
4
6
7
8
7
5
5
5
8
7
7
5
2
-1
-3
-3
-2
0
0
-1
-5
-6
-5
-2
0
1
-1
-3
-4
-5
-5
-4
-4
-1
1
2
2
1
-1
-1
0
3
2
2
0
1
-1
-1
0
1
4
5
5
5
2
2
3
3
2
4
3
3
4
7
5
4
0
-3
-4
-3
-2
-3
-4
-6
-7
-8
-8
-6
-5
-4
-4
-5
-5
-5
-4
-3
-3
0
0
5
8
9
11
7
6
7
9
11
11
9
6
4
3
4
5
5
2
-2
-4
-6
-7
-9
-10
-11
-10
-11
-10
-9
-10
-10
-9
-8
-7
-6
-3
-1
1
3
5
7
8
8
11
11
13
12
10
9
10
9
9
8
7
4
2
0
-1
-4
-3
-5
-7
-7
-9
-10
-10
-10
-10
-8
-7
-8
-7
-6
-5
-4
-4
-2
0
5
6
8
7
7
10
10
11
12
10
8
7
8
6
4
5
2
2
1
0
-1
-4
-5
-7
-8
-7
-7
-7
-8
-9
-7
-6
-5
-5
-4
-3
-2
-1
-1
1
3
4
5
5
6
6
6
6
5
7
6
6
6
4
4
3
2
2
-1
-1
-2
-4
-4
-6
-4
-5
-5
-5
-3
-2
-3
-2
-2
-3
-1
-2
1
1
2
4
3
3
4
4
4
5
5
5
4
4
3
2
2
0
1
0
0
0
-1
-2
-2
-3
-2
-2
-3
-3
-3
-5
-5
-3
-2
-1
-1
1
1
1
0
1
0
1
3
3
3
3
1
0
0
0
2
2
2
2
1
1
1
0
2
0
0
0
-1
-2
-2
-2
0
1
1
-1
-2
-4
-2
0
1
2
1
-1
-1
-1
0
1
1
2
2
2
1
0
-1
0
2
2
4
3
-1
-1
0
1
1
1
1
1
1
-1
-2
-2
-1
1
1
2
1
-1
-2
-2
-1
1
1
-1
0
-1
0
1
0
2
0
1
1
1
1
2
1
2
1
-1
0
0
1
2
2
2
1
0
-2
-2
-1
-2
-1
0
0
0
1
0
0
1
2
2
1
1
0
0
0
1
2
2
3
3
2
0
0
-1
0
0
0
-1
-1
0
0
0
0
0
0
0
0
0
0
0
0
0
0
0
0
0
0
0
0
0
1
1
1
0
-1
0
0
0
0
0
0
1
-1
-1
0
0
0
0
0
1
0
-1
0
0
0
0
0
0
0
0
-1
0
0
0
0
1
0
0
0
0
0
-1
1
1
0
0
0
0
1
0
0
0
0
0
0
0
0
0
0
0
0
1
0
0
0
0
0
0
1
0
0
0
0
0
0
0
0
0
0
1
0
-1
0
0
0
0
-1
0
0
0
0
0
0
-1
0
0
-1
0
0
0
-1
1
0
0
0
0
0
0
0
0
0
0
0
0
0
-1
0
-1
0
0
0
0
0
0
0
0
0
1
0
0
0
0
0
0
0
0
0
0
0
1
0
0
0
0
0
0
0
0
0
-1
0
0
1
0
0
0
0
0
0
0
1
0
0
0
0
0
0
-1
0
1
0
0
0
0
0
0
0
0
-1
0
0
0
0
0
0
0
0
1
0
-1
0
1
0
0
-1
0
0
0
0
-1
0
0
0
0
1
0
0
0
0
0
0
0
0
-1
0
0
0
0
0
0
0
0
0
1
0
0
0
0
0
1
0
0
1
0
1
-1
0
0
0
0
0
0
0
0
-1
0
-1
-1
0
0
0
0
0
0
0
0
0
0
-1
0
-1
0
0
0
0
0
0
-1
0
0
0
0
0
0
0
0
0
0
0
0
0
0
0
0
0
1
1
0
-1
0
0
0
0
0
0
0
0
0
0
0
0
0
0
0
0
1
0
0
0
0
0
1
0
0
0
0
0
0
0
-1
-1
0
0
0
0
0
-1
-1
0
0
0
-1
1
0
0
-1
0
0
0
0
0
0
0
0
0
0
0
0
0
0
0
0
1
0
0
-1
0
0
0
0
0
0
1
0
0
-1
-1
0
0
0
0
-1
0
0
0
0
0
1
0
0
1
0
1
0
0
0
0
0
0
-1
0
0
0
0
0
0
1
0
0
0
0
0
0
-1
-1
0
-1
0
0
0
0
0
0
0
0
0
0
0
0
0
0
-1
0
0
0
0
1
0
0
0
0
0
0
0
0
0
0
-1
1
-1
0
0
0
0
0
0
0
0
1
0
1
0
0
0
1
-1
0
0
0
0
0
0
0
0
0
0
-1
0
0
0
0
1
1
0
1
0
0
0
0
0
0
0
0
0
0
-1
-1
-1
-1
0
0
0
0
0
-1
0
0
0
0
0
-1
0
-1
0
1
0
0
1
0
0
-1
0
-1
0
0
0
-1
0
1
-1
0
0
0
0
-1
0
1
0
-1
1
1
0
1
-1
0
0
1
0
0
-1
1
0
0
1
0
0
0
0
1
0
0
0
0
1
0
-1
0
-1
0
1
0
1
-1
0
1
0
0
0
0
0
-1
0
0
0
0
0
0
0
0
0
0
-1
0
1
0
1
0
-1
0
0
1
0
0
0
0
0
0
-1
0
-1
0
0
0
0
0
0
0
1
0
1
0
0
0
0
0
-1
0
0
0
0
0
-1
0
0
0
0
0
0
1
0
0
0
0
1
0
0
0
0
0
0
0
0
0
-1
0
1
0
0
0
0
0
0
0
0
0
0
0
0
0
0
0
-1
1
0
0
0
-1
0
0
0
1
0
0
0
-1
0
0
0
0
1
1
0
1
0
0
-1
0
-1
0
0
0
0
0
0
0
0
0
0
0
0
0
1
0
0
0
0
0
0
0
0
0
0
0
0
0
0
0
0
0
0
1
0
0
0
1
0
0
0
0
0
0
0
0
1
1
0
0
1
0
0
0
0
0
1
0
0
-1
1
0
-1
-1
0
0
0
0
0
1
0
1
0
0
0
1
0
-1
0
-1
0
0
-1
0
0
0
-1
0
0
0
0
0
0
0
0
1
-1
0
0
0
0
-1
0
0
0
0
0
1
0
0
0
0
0
0
0
0
1
1
0
0
0
0
0
0
0
0
0
1
0
-1
0
0
0
0
0
0
0
0
0
0
1
0
1
1
1
0
0
0
0
0
0
0
0
0
0
0
0
-1
0
0
0
-1
0
-1
0
0
0
0
0
0
0
-1
1
0
1
0
0
0
0
1
1
0
-1
0
1
-1
0
0
0
0
0
0
0
0
0
0
0
0
0
1
-1
0
0
0
0
0
0
0
-1
0
-1
0
0
0
0
0
-1
0
1
0
0
0
1
0
0
0
0
0
0
0
0
0
0
0
0
0
0
1
0
1
0
-1
-1
-1
0
0
0
0
0
0
0
-1
0
0
1
-1
0
1
0
0
0
0
0
0
0
-1
0
0
0
0
0
0
0
0
0
0
0
0
0
0
0
0
0
0
0
0
0
0
1
0
1
0
0
0
1
0
0
-1
1
0
-1
0
0
-1
0
0
0
0
-1
0
0
0
0
1
0
0
0
1
0
0
1
-1
0
0
0
0
0
0
-1
0
1
0
0
0
1
-1
0
0
0
-1
0
0
0
-1
0
1
0
-1
0
0
-1
-1
0
0
0
0
-1
-1
-1
0
0
0
0
0
0
0
0
0
1
0
-1
0
1
0
1
0
0
0
-1
0
0
0
0
0
0
-1
1
0
0
0
0
1
0
0
0
-1
0
1
0
0
0
0
0
0
0
0
0
0
-1
1
-1
0
1
0
0
0
0
0
0
0
0
0
0
0
0
0
0
0
1
0
0
0
0
-1
1
0
0
0
0
0
0
0
0
0
0
0
0
-1
0
0
0
-1
0
0
1
1
0
0
0
0
-1
0
1
0
-1
0
0
0
0
-1
0
0
0
0
0
-1
-1
0
0
0
0
1
0
0
0
0
-1
0
0
0
0
0
0
0
0
1
0
-1
0
0
-1
0
0
0
0
0
0
0
0
0
0
0
1
0
0
0
0
-1
-1
0
-1
0
0
0
-1
0
0
0
0
1
1
-1
0
0
-1
-1
0
0
-1
0
0
-1
0
0
-1
1
-1
0
0
-1
0
0
0
0
0
0
0
1
0
0
-1
1
1
0
0
0
0
0
0
0
0
0
1
0
0
0
0
0
0
-1
0
0
-1
0
0
1
0
0
1
0
0
0
1
0
0
0
0
0
0
1
-1
0
0
0
1
0
-1
0
0
0
0
0
-1
0
0
0
0
1
0
0
1
0
0
0
1
0
0
0
0
0
1
0
0
0
0
0
0
0
1
0
0
0
0
-1
0
0
-1
-1
0
-1
0
0
0
1
1
0
0
0
-1
1
0
0
0
0
1
0
1
0
0
1
1
0
0
0
0
0
-1
0
0
0
-1
0
0
1
0
0
0
0
1
0
1
0
0
0
0
-1
0
0
0
0
0
-1
0
0
0
1
1
0
0
-1
0
0
1
0
0
-1
1
0
0
0
0
-1
0
0
0
0
0
0
0
0
0
0
0
1
0
0
0
-1
0
1
0
0
1
-1
0
-1
-1
0
0
0
0
0
0
0
0
-1
0
-1
1
0
1
1
0
0
0
0
0
0
0
0
0
0
0
0
0
0
1
0
-1
0
0
0
0
0
0
-1
0
0
-1
0
0
0
0
0
0
0
1
1
0
0
0
0
0
0
0
-1
0
0
0
0
0
0
-1
-1
0
0
0
0
0
1
0
1
-1
0
0
-1
0
0
0
1
0
0
0
0
0
0
0
1
0
1
0
0
0
-1
-1
0
0
0
0
1
0
-1
0
0
0
0
1
0
-1
0
0
0
0
0
1
0
0
0
0
0
0
0
0
0
0
1
0
0
0
0
0
0
0
0
0
0
0
0
0
-1
-1
0
0
0
0
0
0
-1
0
0
-1
0
0
0
0
0
0
0
0
0
0
0
0
0
0
0
0
0
-1
0
0
1
0
0
-1
1
0
0
0
0
0
0
0
0
0
0
-1
1
0
0
-1
0
0
0
1
0
-1
0
0
0
0
0
0
0
1
-1
0
-1
0
-1
-1
0
0
0
1
0
0
0
0
0
1
0
-1
-1
0
0
0
0
0
0
0
-1
0
-1
0
1
0
0
0
0
1
0
0
0
0
0
-1
-1
0
0
0
0
-1
0
1
0
1
0
0
0
0
-1
0
0
0
-1
0
0
0
0
0
0
0
0
-1
0
0
0
1
0
1
0
-1
0
1
0
0
-1
0
0
0
0
0
0
1
0
1
0
0
0
0
0
1
0
1
0
0
0
1
0
0
0
0
0
-1
0
0
0
0
0
0
0
0
0
-1
0
0
0
0
0
0
0
0
0
0
1
0
1
0
0
1
0
0
1
0
0
1
0
0
1
0
0
0
0
0
0
0
0
0
0
0
1
0
0
-1
0
0
-1
0
-1
0
0
1
1
0
0
0
-1
0
0
0
0
0
0
1
0
0
-1
0
0
0
0
-1
0
1
0
0
0
0
0
-1
0
0
0
0
0
0
0
1
0
0
0
0
0
-1
0
0
0
0
0
1
0
0
0
0
0
0
0
1
0
-1
0
-1
1
0
0
0
0
-1
0
-1
0
0
0
0
-1
1
0
0
0
1
0
-1
0
1
1
0
-1
0
0
0
0
0
0
0
0
-1
0
0
0
0
1
-1
0
0
-1
0
0
0
0
0
1
1
0
0
0
-1
-1
0
0
0
1
0
0
0
0
0
0
1
0
0
-1
0
0
1
0
0
0
0
0
1
0
0
-1
0
0
0
0
0
0
0
0
1
0
0
0
0
0
0
0
0
1
0
0
0
0
0
0
-1
0
0
0
0
1
0
0
1
0
0
0
1
-1
0
-1
0
0
0
1
0
0
0
0
0
0
1
0
0
0
0
0
0
0
0
0
-1
0
0
0
1
0
0
0
1
0
0
0
0
0
0
0
0
0
0
1
0
1
0
-1
0
0
-1
0
0
0
-1
0
0
0
-1
0
-1
1
-1
1
0
0
0
0
0
1
0
1
0
0
0
0
0
0
0
0
0
0
0
1
0
0
-1
0
0
0
0
0
0
0
0
0
0
-1
0
0
1
0
0
-1
0
0
0
0
0
0
0
0
-1
0
1
0
0
0
0
1
0
0
0
0
0
-1
0
0
-1
0
0
0
0
0
0
0
0
0
0
0
1
1
1
1
0
0
-1
1
0
0
0
0
0
0
0
0
0
0
0
0
1
0
0
1
0
1
0
0
1
0
0
0
0
1
0
0
-1
0
0
1
1
0
0
-1
0
-1
-1
0
0
0
1
1
0
-1
0
1
0
0
0
0
1
0
1
-1
0
1
0
0
0
-1
0
0
0
1
0
-1
0
-1
-1
0
0
1
0
0
0
1
1
0
0
1
1
-1
0
-1
0
0
0
1
0
0
0
0
-1
0
0
-1
0
0
-1
-1
1
0
0
0
0
-1
0
1
0
0
0
-1
1
0
1
0
1
-1
0
0
0
-1
0
0
0
0
0
0
0
0
0
0
0
0
0
0
0
0
0
1
0
0
0
0
1
0
0
0
0
0
0
0
0
0
0
0
0
0
0
0
0
0
0
0
0
1
0
0
0
0
-1
0
0
1
0
0
0
0
0
-1
0
0
0
0
0
0
-1
0
0
-1
0
0
0
-1
0
0
0
0
-1
0
0
0
0
0
0
0
0
0
0
0
0
0
0
0
-1
0
0
0
-1
0
-1
0
-1
0
0
0
0
1
0
0
0
0
-1
1
0
0
0
0
0
1
0
0
0
0
0
0
1
0
0
0
0
-1
0
-1
0
0
0
0
0
0
0
0
0
0
0
0
0
0
0
0
0
1
0
1
1
0
1
0
0
0
0
0
1
0
1
0
0
0
1
0
0
-1
0
0
1
0
-1
0
0
0
0
-1
-1
1
0
0
1
0
0
1
0
0
0
-1
1
0
0
0
0
0
0
-1
0
0
0
0
0
0
0
0
0
0
0
0
0
0
0
0
0
0
0
0
-1
0
-1
0
-1
0
0
0
0
0
-1
0
-1
1
0
0
0
0
0
-1
0
-1
0
-1
0
0
0
0
-1
0
-1
0
1
0
0
0
0
0
0
1
0
0
0
0
0
0
-1
0
0
0
0
0
0
0
0
1
0
1
1
0
0
0
0
0
0
0
0
0
0
1
0
1
0
0
0
0
0
0
0
1
0
0
0
1
0
1
1
0
0
0
0
-1
0
0
1
0
0
0
0
0
0
0
0
0
0
0
0
0
-1
0
0
0
0
0
0
0
0
0
-1
0
1
0
0
0
0
0
0
0
-1
1
0
0
0
1
0
1
0
0
0
0
0
0
0
-1
0
1
0
0
0
1
0
0
0
0
-1
1
1
0
0
1
0
0
0
0
0
0
0
0
-1
0
0
0
0
1
0
0
0
0
0
0
-1
-1
1
0
0
1
0
0
-1
0
-1
1
0
1
0
0
0
0
1
-1
0
0
0
0
0
0
0
0
0
0
0
0
0
0
-1
0
0
0
0
1
0
0
0
0
0
0
0
0
-1
0
0
0
-1
0
0
1
0
-1
0
0
0
0
1
1
1
0
0
-1
0
0
-1
0
0
0
0
-1
0
0
0
0
0
0
1
0
0
0
0
0
1
0
0
0
0
0
0
0
-1
1
-1
0
-1
0
0
0
0
-1
0
0
0
0
0
0
0
0
0
1
0
0
0
0
0
0
0
0
0
0
0
0
0
0
-1
0
0
0
1
0
0
0
0
-1
0
-1
0
1
0
0
1
0
0
0
0
0
0
0
0
0
0
1
-1
0
-1
0
0
-1
0
0
0
0
-1
0
0
0
0
0
1
0
0
0
0
0
0
0
-1
0
0
0
0
0
0
-1
0
0
0
0
0
0
-1
0
-1
0
0
0
0
1
0
0
0
0
0
0
0
0
0
0
0
0
1
0
0
0
0
1
0
-1
0
1
0
0
0
0
0
0
0
-1
-1
0
0
0
1
0
-1
0
0
-1
0
0
0
-1
0
0
1
0
0
0
0
0
0
1
0
0
0
0
1
0
0
0
1
1
0
0
0
0
0
0
1
0
1
0
0
0
1
0
0
0
-1
1
1
0
-1
0
0
0
0
0
0
0
0
0
0
0
1
0
1
0
0
0
0
0
-1
0
1
0
0
-1
0
-1
0
0
-1
0
0
0
0
0
0
0
0
0
0
0
0
0
0
0
0
0
0
0
0
0
0
0
0
0
0
0
0
0
0
0
0
0
-1
0
0
0
0
0
0
0
-1
0
0
0
0
0
0
0
0
0
0
0
0
0
0
0
0
0
0
0
0
0
0
1
-1
0
0
0
0
0
0
0
1
0
0
0
0
0
-1
0
0
0
0
0
0
0
0
0
0
-1
-1
-1
-1
0
-1
0
0
0
0
0
0
-1
-1
0
-1
0
0
0
-1
0
0
0
0
0
0
0
1
0
0
0
0
0
0
0
0
0
0
1
1
0
0
0
0
0
0
0
0
0
0
0
1
0
0
0
0
0
1
1
0
0