-25
-52
-61
-52
-48
-63
-84
-96
-97
-99
-99
-83
-50
-18
0
12
38
76
108
121
123
128
136
129
112
99
101
101
81
35
-18
-59
-71
-52
-18
-5
-35
-88
-121
-116
-84
-46
-13
1
-14
-47
-65
-60
-53
-55
-54
-32
6
32
31
15
3
4
22
61
110
142
135
101
77
80
96
109
108
83
36
-16
-51
-66
-83
-109
-129
-126
-107
-94
-95
-115
-124
-105
-56
-4
16
8
9
40
86
112
110
91
75
71
75
76
72
52
18
-18
-37
-28
-8
-3
-27
-61
-77
-59
-29
-15
-24
-34
-32
-21
-12
-12
-13
-17
-33
-56
-70
-65
-50
-38
-34
-33
-26
-12
7
20
24
32
54
83
100
105
100
95
86
77
72
71
58
36
10
-17
-42
-65
-81
-85
-85
-78
-69
-63
-71
-88
-100
-88
-56
-21
10
27
31
27
23
28
40
46
49
58
72
78
70
49
36
31
32
36
53
69
69
40
5
-15
-18
-11
-4
-6
-21
-51
-79
-94
-97
-94
-94
-91
-80
-66
-49
-32
-17
-1
12
32
60
84
102
111
119
125
118
99
76
61
55
51
36
10
-22
-52
-71
-81
-86
-94
-99
-91
-77
-70
-75
-88
-82
-48
-1
29
32
27
32
44
51
46
43
46
50
46
38
29
17
1
-18
-23
-15
-2
1
-8
-22
-27
-19
-9
-5
-7
-12
-21
-26
-27
-21
-15
-16
-28
-36
-27
-2
24
30
19
1
-8
0
21
46
58
47
18
-7
-16
-10
1
9
7
-6
-24
-33
-31
-29
-32
-32
-25
-13
-4
0
-2
-9
-14
-6
12
35
50
50
40
27
22
26
32
32
24
10
0
-8
-13
-19
-22
-25
-25
-19
-11
1
8
10
4
4
10
19
25
23
19
15
11
3
-6
-12
-12
-13
-14
-19
-19
-16
-11
-5
1
4
4
2
1
4
8
10
12
14
15
12
7
4
2
2
0
-1
-4
-9
-15
-20
-21
-20
-19
-17
-9
1
4
0
-5
-4
7
19
24
25
21
11
2
-2
2
2
-5
-12
-13
-9
-5
-4
-7
-10
-13
-10
-5
-1
2
4
2
-5
-9
-10
-4
1
-1
-5
-9
-8
-7
-5
-3
0
5
7
8
6
6
9
6
3
3
8
15
11
2
-4
-2
4
7
8
2
-6
-14
-14
-10
-8
-9
-8
-3
-2
-7
-6
3
11
14
14
15
17
17
14
12
11
11
6
2
1
0
-5
-11
-12
-8
-3
-1
-4
-3
0
3
1
-1
0
4
6
6
2
0
0
2
2
0
-2
-1
0
4
5
7
4
-1
-4
-1
2
8
11
3
-3
-8
-13
-6
0
1
2
-3
-8
-6
-5
-8
-8
-5
-3
3
4
-2
-5
-1
2
3
5
6
9
12
4
-3
1
1
1
0
-4
-5
-5
-13
-15
-8
-4
-5
0
-4
-4
0
1
7
16
16
13
12
7
8
11
15
16
10
3
-1
-2
-2
-5
-8
-10
-11
-11
-11
-11
-15
-17
-18
-12
-4
-2
-5
-9
-8
-4
1
7
11
10
11
10
12
10
11
14
14
13
8
5
5
6
5
2
2
0
-1
-3
-4
-6
-8
-8
-8
-8
-10
-11
-9
-5
-2
-2
-3
-4
-2
1
5
7
9
8
9
8
9
9
11
9
7
6
7
3
-1
-3
-2
-2
-2
-5
-6
-5
-6
-6
-8
-7
-2
1
-3
-6
-7
-3
-2
-2
-2
-6
-6
-4
-2
0
-1
-2
-4
-1
4
6
7
6
6
5
9
12
13
11
9
7
7
7
7
6
1
-3
-5
-5
-7
-9
-11
-14
-15
-15
-15
-12
-9
-5
-3
-3
-2
0
5
9
10
8
8
9
11
14
13
9
8
7
8
8
5
3
1
1
1
0
-3
-6
-6
-9
-9
-10
-10
-10
-10
-10
-9
-11
-10
-9
-8
-5
-2
1
2
2
3
5
7
8
9
14
14
16
16
12
8
5
4
6
6
5
0
-6
-10
-10
-8
-7
-6
-7
-7
-8
-8
-8
-6
-5
-1
-1
-1
0
2
3
3
1
0
0
3
7
8
5
2
-1
0
2
6
7
7
5
3
2
1
1
0
1
2
1
-1
0
-2
-3
-5
-8
-8
-8
-6
-5
-5
-6
-7
-6
-4
-2
1
5
6
7
6
5
5
7
9
10
11
10
9
6
3
2
1
1
3
2
-1
-4
-6
-6
-5
-4
-4
-5
-6
-6
-7
-6
-4
-4
-2
-1
-1
-1
1
3
3
4
4
5
7
9
11
9
8
7
7
5
5
3
0
-1
0
-1
-4
-5
-7
-10
-9
-7
-7
-5
-8
-8
-8
-7
-4
-2
0
2
4
4
3
4
5
7
8
11
9
7
5
4
4
3
3
1
0
0
1
-2
-3
-3
-4
-3
-3
-4
-4
-4
-6
-4
-3
0
0
0
1
-1
0
2
4
3
3
3
3
2
3
5
3
3
2
2
4
2
0
0
1
1
0
-2
-2
-1
0
-1
-2
-1
-2
-3
-1
-1
-1
0
2
1
1
1
0
0
1
0
1
1
0
1
1
0
2
1
1
1
1
1
2
1
1
1
1
0
1
1
1
1
1
0
0
-1
-4
-1
-1
-1
-3
-4
-1
-1
-1
-3
-2
0
1
0
0
1
1
1
1
2
3
3
2
3
3
4
3
3
3
2
3
1
2
0
0
-1
-1
-3
-2
-3
-4
-4
-4
-4
-3
-2
-1
-1
-1
-3
-3
-3
-1
1
3
3
3
1
4
3
4
6
6
6
6
5
4
3
2
1
0
-1
-1
-3
-4
-3
-5
-6
-6
-7
-6
-4
-4
-3
-2
-4
-2
-1
0
2
2
2
2
3
5
5
5
3
4
4
6
6
6
4
2
1
0
0
-1
0
0
0
-1
-2
-3
-3
-3
-3
-2
-4
-5
-5
-4
-3
-2
-2
0
0
2
2
1
2
3
5
7
8
8
7
7
7
5
5
4
2
1
0
-3
-5
-5
-6
-6
-6
-7
-7
-7
-7
-4
-4
-3
-2
-1
0
0
2
1
2
3
2
4
3
4
5
4
4
3
3
3
3
2
3
1
2
0
0
-1
-2
-3
-2
-3
-3
-4
-3
-5
-6
-5
-5
-5
-4
-2
-3
-3
0
1
2
3
4
6
6
7
7
7
7
7
6
5
4
3
2
-1
-2
-4
-4
-5
-6
-6
-6
-5
-4
-4
-3
-2
-3
-2
-1
0
1
1
2
2
1
3
3
1
3
2
2
2
2
2
2
1
1
1
1
1
0
0
0
0
0
-2
-2
-3
-1
-2
-2
-4
-3
-4
-3
-2
-1
-1
-1
-1
0
1
2
2
4
3
4
3
4
4
4
5
3
1
1
0
0
-1
-2
-2
-3
-3
-5
-4
-4
-2
-2
-1
0
0
0
1
0
0
0
0
1
2
1
-1
-1
0
0
0
0
0
0
0
-1
0
-1
0
1
0
0
0
0
1
0
0
0
0
-1
-2
-2
-1
-1
-1
-1
-2
-1
0
-1
1
0
1
1
2
1
2
2
2
2
2
2
1
1
0
1
0
0
-1
-1
-2
-2
-1
-1
1
0
0
1
2
1
1
-1
1
1
1
1
1
1
2
0
1
0
0
0
0
0
1
0
1
0
0
0
1
0
0
0
0
0
-1
0
0
0
0
0
0
0
0
0
-1
0
0
0
0
0
0
0
0
1
1
2
1
2
1
1
2
1
1
1
0
0
1
0
0
1
0
0
0
0
0
0
0
0
0
0
0
1
0
0
-1
0
0
-1
0
-1
0
0
1
1
0
0
1
0
1
1
1
1
1
0
2
1
1
1
2
3
2
2
1
1
2
1
1
0
0
-2
-4
-4
-5
-5
-5
-4
-4
-3
-1
0
1
4
6
8
9
11
10
9
7
3
0
-4
-7
-8
-9
-10
-12
-12
-8
-6
-1
6
10
15
13
10
5
2
-1
-2
-4
-4
-6
-9
-10
-11
-8
-6
-2
2
5
6
4
3
2
0
-2
-2
1
2
4
4
5
5
7
9
9
10
7
4
0
-5
-14
-22
-29
-35
-34
-30
-25
-20
-16
-10
-1
11
25
39
45
45
38
26
13
4
-6
-11
-15
-17
-16
-14
-8
-4
3
10
18
26
34
37
37
32
25
16
10
5
4
1
-3
-12
-25
-37
-44
-47
-46
-44
-41
-39
-36
-31
-24
-11
5
26
45
63
70
69
62
54
47
44
39
31
14
-11
-42
-68
-87
-92
-83
-69
-51
-39
-34
-37
-40
-40
-29
-9
18
46
66
77
78
75
71
72
77
81
82
75
56
24
-16
-61
-102
-131
-146
-142
-125
-102
-76
-54
-32
-9
18
43
65
81
87
85
77
67
56
43
28
16
2
-6
-10
-10
-3
4
10
15
18
17
13
8
1
-7
-12
-16
-23
-29
-43
-56
-71
-80
-82
-80
-76
-77
-91
-113
-144
-170
-180
-165
-123
-54
38
143
256
369
475
565
627
654
633
556
416
216
-26
-287
-530
-722
-840
-874
-830
-724
-573
-399
-216
-38
130
277
396
477
510
492
427
325
204
84
-19
-90
-129
-146
-144
-138
-132
-127
-122
-107
-75
-28
33
99
167
225
267
288
285
257
209
147
72
-13
-106
-203
-297
-379
-437
-464
-454
-404
-324
-215
-93
33
149
248
322
368
386
377
347
298
232
152
62
-33
-122
-197
-247
-268
-262
-230
-184
-125
-59
6
73
134
185
220
231
221
190
145
91
33
-24
-77
-122
-160
-185
-201
-205
-199
-187
-169
-145
-117
-83
-44
1
47
87
123
150
167
175
170
159
139
118
94
70
49
31
14
-1
-16
-28
-35
-40
-41
-40
-43
-47
-54
-64
-72
-78
-77
-70
-55
-41
-29
-20
-14
-13
-16
-15
-14
-8
2
14
28
40
53
67
80
90
99
100
93
82
66
45
24
6
-13
-29
-43
-56
-68
-78
-85
-92
-93
-88
-79
-61
-40
-16
7
30
46
59
64
62
53
40
23
4
-14
-29
-39
-43
-40
-30
-15
6
25
44
57
64
65
58
46
28
8
-12
-32
-48
-64
-74
-79
-80
-75
-65
-52
-34
-14
7
27
47
63
76
83
85
80
70
54
35
15
-7
-24
-38
-47
-51
-50
-45
-36
-28
-18
-9
0
6
10
16
19
20
19
17
13
9
6
1
-7
-13
-17
-18
-18
-13
-7
-1
7
13
19
21
23
24
23
21
16
9
-1
-11
-20
-24
-24
-19
-12
-6
1
5
8
10
12
11
10
6
3
-3
-11
-20
-25
-28
-23
-15
-8
-2
4
6
9
11
12
12
12
9
8
4
-1
-6
-11
-12
-11
-7
-1
6
11
16
17
19
15
10
5
-1
-7
-13
-18
-22
-23
-20
-16
-10
-5
1
5
8
11
10
10
8
6
4
1
-3
-6
-9
-10
-8
-6
0
5
11
16
21
22
24
24
25
23
20
13
4
-4
-11
-18
-23
-28
-31
-31
-33
-31
-25
-19
-11
-1
4
8
10
9
12
13
16
19
23
24
25
23
23
20
18
16
12
7
0
-9
-19
-28
-35
-39
-39
-34
-26
-17
-10
-4
0
2
3
8
11
15
16
17
14
11
7
4
1
1
0
4
4
4
4
2
1
-2
-1
-2
0
1
3
3
3
3
3
4
4
5
6
3
-1
-5
-11
-16
-19
-21
-23
-23
-21
-18
-14
-9
-4
2
8
13
18
23
27
30
32
33
30
26
20
11
4
-3
-9
-14
-17
-21
-24
-25
-25
-21
-18
-12
-8
-2
2
6
8
9
8
7
5
2
-1
-2
-5
-5
-6
-7
-7
-6
-5
-4
0
4
10
14
20
23
25
24
21
16
9
2
-5
-11
-15
-18
-20
-18
-16
-12
-8
-3
1
4
7
8
5
4
1
-3
-7
-9
-10
-10
-8
-6
-4
1
2
4
7
10
11
14
12
11
10
8
6
5
5
4
5
5
3
0
-3
-6
-10
-12
-13
-13
-13
-8
-6
-5
-3
1
4
7
10
13
14
13
10
6
0
-3
-7
-9
-11
-11
-12
-12
-11
-11
-9
-7
-5
-1
5
7
10
12
12
12
12
14
14
17
16
14
9
4
0
-4
-6
-9
-10
-11
-12
-12
-12
-10
-8
-5
-3
-1
0
0
1
0
-1
-1
-2
-2
-3
-3
-4
-4
-4
-2
1
4
7
11
13
17
19
20
18
17
13
10
3
-3
-7
-11
-14
-15
-14
-12
-8
-5
-1
1
3
2
-2
-5
-9
-11
-13
-15
-14
-14
-12
-9
-4
2
9
15
19
22
22
21
20
18
16
13
9
5
0
-6
-12
-15
-20
-21
-22
-19
-17
-14
-11
-10
-6
-3
1
6
10
13
16
15
15
14
13
13
13
14
13
11
7
2
-3
-8
-12
-14
-14
-14
-13
-10
-9
-7
-5
-5
-2
0
2
2
4
3
3
4
4
4
7
8
8
8
7
4
2
1
0
0
0
0
-3
-2
-3
-2
0
0
2
2
1
0
-2
-1
-2
-1
-1
0
2
1
0
-1
-3
-4
-4
-4
-4
-1
1
4
5
7
7
6
6
5
4
2
0
-2
-6
-6
-8
-6
-4
0
3
8
10
11
10
8
6
4
2
0
-3
-6
-9
-14
-16
-20
-22
-24
-23
-21
-19
-14
-7
2
9
16
22
25
25
24
21
16
12
8
3
-2
-4
-8
-10
-8
-6
-4
0
2
4
3
4
3
3
0
0
-2
-3
-4
-6
-7
-9
-11
-11
-10
-7
-5
-1
4
10
13
14
14
13
11
9
6
3
-1
-3
-7
-9
-11
-10
-10
-7
-4
0
7
11
12
13
13
12
9
6
3
1
-2
-4
-6
-8
-9
-9
-10
-7
-5
-1
3
6
8
8
9
9
7
5
2
2
0
1
0
-1
0
1
1
2
2
2
2
1
0
-1
-3
-4
-5
-5
-4
-3
-2
0
1
1
2
2
3
3
3
3
2
0
-1
-4
-6
-8
-9
-11
-9
-8
-7
-5
-3
-1
1
2
5
7
8
10
11
11
10
10
9
6
4
1
-3
-7
-11
-14
-15
-15
-14
-12
-9
-6
-1
1
6
10
12
14
13
12
10
9
5
3
0
-2
-4
-7
-8
-9
-9
-8
-7
-5
-4
-2
-1
1
1
3
5
7
8
8
9
8
7
6
5
3
1
0
-1
-4
-5
-7
-6
-6
-3
-3
-1
1
2
5
6
8
7
6
6
5
4
3
2
2
1
-1
0
0
-2
-2
-2
-3
-3
-4
-5
-5
-4
-3
-2
1
0
1
2
2
2
3
3
2
2
1
0
-1
-3
-3
-3
-3
-3
-3
-3
-1
-1
-1
1
0
0
0
1
0
0
1
0
1
1
-1
-1
-1
-1
0
0
1
1
1
1
1
0
1
1
-1
0
0
-1
-1
-1
-1
-1
0
0
1
1
3
2
2
4
2
2
2
2
1
0
-1
-2
-1
-1
-2
-2
-2
-1
-1
-1
0
0
2
1
1
2
1
2
3
3
3
3
3
2
2
2
1
1
0
0
1
0
-1
-1
-1
-1
-1
-1
-2
0
1
0
0
0
0
0
1
0
0
1
1
1
1
2
1
0
0
0
0
0
0
0
1
1
0
1
-1
0
0
0
0
0
0
0
0
0
0
0
0
0
0
0
0
0
0
1
1
1
1
1
1
1
1
1
1
-1
1
0
1
0
0
1
0
0
0
0
0
1
-1
0
0
0
0
0
1
0
0
-1
0
0
0
0
1
0
0
1
-1
-1
0
1
1
0
-1
-1
-1
0
0
2
2
1
2
1
1
2
1
1
1
0
0
-2
-3
-3
-1
-1
0
-1
0
0
0
0
0
0
1
1
1
1
0
0
1
1
0
0
0
-1
-1
-1
-1
-1
-1
-1
-1
-1
0
0
1
1
1
1
1
1
1
1
0
-1
0
0
0
0
0
0
0
0
0
0
0
0
0
0
0
0
0
0
0
-1
0
0
0
0
0
0
0
0
0
0
0
0
0
1
0
0
0
0
0
0
0
1
0
0
0
1
1
0
0
0
-1
1
1
0
0
0
0
0
0
0
1
0
0
0
1
0
0
0
0
0
0
1
1
1
1
1
1
1
2
2
2
0
-1
-1
0
0
0
1
0
1
1
0
0
0
0
0
0
0
1
0
1
0
0
0
0
0
0
1
-1
0
1
-1
0
0
0
0
0
0
0
-1
0
0
0
-1
0
-1
0
0
0
0
0
-1
0
0
0
0
0
0
-1
0
0
0
0
0
0
0
0
-1
-1
0
0
0
0
0
1
0
0
0
0
0
-1
0
0
0
0
0
0
0
0
0
1
0
1
0
0
1
-1
1
0
0
0
-1
-1
0
0
0
-1
0
-1
0
0
0
-1
0
0
0
0
1
0
0
0
0
0
0
1
0
1
0
0
0
0
0
0
1
0
0
0
1
1
0
0
0
0
0
0
0
0
-1
1
0
0
0
0
0
0
0
1
0
0
-1
0
0
0
-1
-1
0
0
1
0
-1
0
0
0
0
0
0
-1
-1
0
0
-1
1
0
1
0
0
0
0
0
0
1
0
0
0
-1
0
0
0
0
0
1
-1
0
0
0
0
0
0
0
0
0
1
0
0
0
0
0
0
-1
0
0
-1
0
0
-1
0
0
0
0
0
0
0
0
1
0
0
-1
1
0
0
-1
-1
0
0
0
1
-1
0
0
0
-1
1
0
0
0
1
-1
0
0
0
0
0
0
0
0
0
0
0
-1
0
0
0
0
0
0
0
0
0
0
1
-1
0
0
-1
1
0
0
0
0
0
0
0
0
0
0
0
0
0
0
-1
0
0
0
0
0
0
0
-1
0
0
0
-1
0
0
-1
-1
0
0
0
0
0
1
1
-1
0
-1
0
0
0
0
0
0
0
0
1
0
0
0
0
-1
1
0
0
1
0
0
0
0
0
1
1
0
0
0
0
0
-1
0
-1
1
0
1
0
0
1
0
0
1
0
0
0
1
-1
-1
1
0
0
0
-1
0
0
1
0
0
0
0
0
0
-1
0
0
0
-1
0
0
1
1
-1
0
0
0
0
0
0
0
0
0
-1
1
0
0
1
0
0
0
0
1
-1
0
0
0
0
-1
1
0
0
-1
0
0
0
0
0
-1
0
-1
1
0
0
1
0
0
0
0
0
0
0
0
-1
0
0
0
1
0
1
0
0
0
0
-1
0
0
1
1
0
0
0
-1
-1
0
0
0
-1
0
0
1
0
1
0
0
1
0
0
1
0
0
0
0
0
0
0
0
0
0
0
-1
1
0
0
0
0
0
0
0
0
0
0
-1
0
-1
0
0
0
0
0
-1
0
0
0
1
0
0
0
0
0
0
0
0
0
-1
1
1
-1
0
0
0
0
0
0
0
0
0
0
0
0
0
-1
0
0
0
0
0
0
0
0
-1
0
0
0
0
-1
0
-1
0
0
0
0
0
-1
0
0
-1
0
0
0
1
0
0
0
0
0
0
1
0
0
0
0
0
1
0
0
0
1
1
0
0
0
0
0
0
0
0
1
1
1
0
0
-1
0
0
0
-1
-1
0
0
0
0
0
0
0
0
0
0
0
0
0
0
0
0
0
0
0
0
0
1
1
1
0
-1
0
0
0
0
0
0
1
-1
-1
0
0
0
0
0
1
0
-1
0
0
0
0
0
0
0
0
-1
0
0
0
0
1
0
0
0
0
0
-1
1
1
0
0
0
0
1
0
0
0
0
0
0
0
0
0
0
0
0
1
0
0
0
0
0
0
1
0
0
0
0
0
0
0
0
0
0
1
0
-1
0
0
0
0
-1
0
0
0
0
0
0
-1
0
0
-1
0
0
0
-1
1
0
0
0
0
0
0
0
0
0
0
0
0
0
-1
0
-1
0
0
0
0
0
0
0
0
0
1
0
0
0
0
0
0
0
0
0
0
0
1
0
0
0
0
0
0
0
0
0
-1
0
0
1
0
0
0
0
0
0
0
1
0
0
0
0
0
0
-1
0
1
0
0
0
0
0
0
0
0
-1
0
0
0
0
0
0
0
0
1
0
-1
0
1
0
0
-1
0
0
0
0
-1
0
0
0
0
1
0
0
0
0
0
0
0
0
-1
0
0
0
0
0
0
0
0
0
1
0
0
0
0
0
1
0
0
1
0
1
-1
0
0
0
0
0
0
0
0
-1
0
-1
-1
0
0
0
0
0
0
0
0
0
0
-1
0
-1
0
0
0
0
0
0
-1
0
0
0
0
0
0
0
0
0
0
0
0
0
0
0
0
0
1
1
0
-1
0
0
0
0
0
0
0
0
0
0
0
0
0
0
0
0
1
0
0
0
0
0
1
0
0
0
0
0
0
0
-1
-1
0
0
0
0
0
-1
-1
0
0
0
-1
1
0
0
-1
0
0
0
0
0
0
0
0
0
0
0
0
0
0
0
0
1
0
0
-1
0
0
0
0
0
0
1
0
0
-1
-1
0
0
0
0
-1
0
0
0
0
0
1
0
0
1
0
1
0
0
0
0
0
0
-1
0
0
0
0
0
0
1
0
0
0
0
0
0
-1
-1
0
-1
0
0
0
0
0
0
0
0
0
0
0
0
0
0
-1
0
0
0
0
1
0
0
0
0
0
0
0
0
0
0
-1
1
-1
0
0
0
0
0
0
0
0
1
0
1
0
0
0
1
-1
0
0
0
0
0
0
0
0
0
0
-1
0
0
0
0
1
1
0
1
0
0
0
0
0
0
0
0
0
0
-1
-1
-1
-1
0
0
0
0
0
-1
0
0
0
0
0
-1
0
-1
0
1
0
0
1
0
0
-1
0
-1
0
0
0
-1
0
1
-1
0
0
0
0
-1
0
1
0
-1
1
1
0
1
-1
0
0
1
0
0
-1
1
0
0
1
0
0
0
0
1
0
0
0
0
1
0
-1
0
-1
0
1
0
1
-1
0
1
0
0
0
0
0
-1
0
0
0
0
0
0
0
0
0
0
-1
0
1
0
1
0
-1
0
0
1
0
0
0
0
0
0
-1
0
-1
0
0
0
0
0
0
0
1
0
1
0
0
0
0
0
-1
0
0
0
0
0
-1
0
0
0
0
0
0
1
0
0
0
0
1
0
0
0
0
0
0
0
0
0
-1
0
1
0
0
0
0
0
0
0
0
0
0
0
0
0
0
0
-1
1
0
0
0
-1
0
0
0
1
0
0
0
-1
0
0
0
0
1
1
0
1
0
0
-1
0
-1
0
0
0
0
0
0
0
0
0
0
0
0
0
1
0
0
0
0
0
0
0
0
0
0
0
0
0
0
0
0
0
0
1
0
0
0
1
0
0
0
0
0
0
0
0
1
1
0
0
1
0
0
0
0
0
1
0
0
-1
1
0
-1
-1
0
0
0
0
0
1
0
1
0
0
0
1
0
-1
0
-1
0
0
-1
0
0
0
-1
0
0
0
0
0
0
0
0
1
-1
0
0
0
0
-1
0
0
0
0
0
1
0
0
0
0
0
0
0
0
1
1
0
0
0
0
0
0
0
0
0
1
0
-1
0
0
0
0
0
0
0
0
0
0
1
0
1
1
1
0
0
0
0
0
0
0
0
0
0
0
0
-1
0
0
0
-1
0
-1
0
0
0
0
0
0
0
-1
1
0
1
0
0
0
0
1
1
0
-1
0
1
-1
0
0
0
0
0
0
0
0
0
0
0
0
0
1
-1
0
0
0
0
0
0
0
-1
0
-1
0
0
0
0
0
-1
0
1
0
0
0
1
0
0
0
0
0
0
0
0
0
0
0
0
0
0
1
0
1
0
-1
-1
-1
0
0
0
0
0
0
0
-1
0
0
1
-1
0
1
0
0
0
0
0
0
0
-1
0
0
0
0
0
0
0
0
0
0
0
0
0
0
0
0
0
0
0
0
0
0
1
0
1
0
0
0
1
0
0
-1
1
0
-1
0
0
-1
0
0
0
0
-1
0
0
0
0
1
0
0
0
1
0
0
1
-1
0
0
0
0
0
0
-1
0
1
0
0
0
1
-1
0
0
0
-1
0
0
0
-1
0
1
0
-1
0
0
-1
-1
0
0
0
0
-1
-1
-1
0
0
0
0
0
0
0
0
0
1
0
-1
0
1
0
1
0
0
0
-1
0
0
0
0
0
0
-1
1
0
0
0
0
1
0
0
0
-1
0
1
0
0
0
0
0
0
0
0
0
0
-1
1
-1
0
1
0
0
0
0
0
0
0
0
0
0
0
0
0
0
0
1
0
0
0
0
-1
1
0
0
0
0
0
0
0
0
0
0
0
0
-1
0
0
0
-1
0
0
1
1
0
0
0
0
-1
0
1
0
-1
0
0
0
0
-1
0
0
0
0
0
-1
-1
0
0
0
0
1
0
0
0
0
-1
0
0
0
0
0
0
0
0
1
0
-1
0
0
-1
0
0
0
0
0
0
0
0
0
0
0
1
0
0
0
0
-1
-1
0
-1
0
0
0
-1
0
0
0
0
1
1
-1
0
0
-1
-1
0
0
-1
0
0
-1
0
0
-1
1
-1
0
0
-1
0
0
0
0
0
0
0
1
0
0
-1
1
1
0
0
0
0
0
0
0
0
0
1
0
0
0
0
0
0
-1
0
0
-1
0
0
1
0
0
1
0
0
0
1
0
0
0
0
0
0
1
-1
0
0
0
1
0
-1
0
0
0
0
0
-1
0
0
0
0
1
0
0
1
0
0
0
1
0
0
0
0
0
1
0
0
0
0
0
0
0
1
0
0
0
0
-1
0
0
-1
-1
0
-1
0
0
0
1
1
0
0
0
-1
1
0
0
0
0
1
0
1
0
0
1
1
0
0
0
0
0
-1
0
0
0
-1
0
0
1
0
0
0
0
1
0
1
0
0
0
0
-1
0
0
0
0
0
-1
0
0
0
1
1
0
0
-1
0
0
1
0
0
-1
1
0
0
0
0
-1
0
0
0
0
0
0
0
0
0
0
0
1
0
0
0
-1
0
1
0
0
1
-1
0
-1
-1
0
0
0
0
0
0
0
0
-1
0
-1
1
0
1
1
0
0
0
0
0
0
0
0
0
0
0
0
0
0
1
0
-1
0
0
0
0
0
0
-1
0
0
-1
0
0
0
0
0
0
0
1
1
0
0
0
0
0
0
0
-1
0
0
0
0
0
0
-1
-1
0
0
0
0
0
1
0
1
-1
0
0
-1
0
0
0
1
0
0
0
0
0
0
0
1
0
1
0
0
0
-1
-1
0
0
0
0
1
0
-1
0
0
0
0
1
0
-1
0
0
0
0
0
1
0
0
0
0
0
0
0
0
0
0
1
0
0
0
0
0
0
0
0
0
0
0
0
0
-1
-1
0
0
0
0
0
0
-1
0
0
-1
0
0
0
0
0
0
0
0
0
0
0
0
0
0
0
0
0
-1
0
0
1
0
0
-1
1
0
0
0
0
0
0
0
0
0
0
-1
1
0
0
-1
0
0
0
1
0
-1
0
0
0
0
0
0
0
1
-1
0
-1
0
-1
-1
0
0
0
1
0
0
0
0
0
1
0
-1
-1
0
0
0
0
0
0
0
-1
0
-1
0
1
0
0
0
0
1
0
0
0
0
0
-1
-1
0
0
0
0
-1
0
1
0
1
0
0
0
0
-1
0
0
0
-1
0
0
0
0
0
0
0
0
-1
0
0
0
1
0
1
0
-1
0
1
0
0
-1
0
0
0
0
0
0
1
0
1
0
0
0
0
0
1
0
1
0
0
0
1
0
0
0
0
0
-1
0
0
0
0
0
0
0
0
0
-1
0
0
0
0
0
0
0
0
0
0
1
0
1
0
0
1
0
0
1
0
0
1
0
0
1
0
0
0
0
0
0
0
0
0
0
0
1
0
0
-1
0
0
-1
0
-1
0
0
1
1
0
0
0
-1
0
0
0
0
0
0
1
0
0
-1
0
0
0
0
-1
0
1
0
0
0
0
0
-1
0
0
0
0
0
0
0
1
0
0
0
0
0
-1
0
0
0
0
0
1
0
0
0
0
0
0
0
1
0
-1
0
-1
1
0
0
0
0
-1
0
-1
0
0
0
0
-1
1
0
0
0
1
0
-1
0
1
1
0
-1
0
0
0
0
0
0
0
0
-1
0
0
0
0
1
-1
0
0
-1
0
0
0
0
0
1
1
0
0
0
-1
-1
0
0
0
1
0
0
0
0
0
0
1
0
0
-1
0
0
1
0
0
0
0
0
1
0
0
-1
0
0
0
0
0
0
0
0
1
0
0
0
0
0
0
0
0
1
0
0
0
0
0
0
-1
0
0
0
0
1
0
0
1
0
0
0
1
-1
0
-1
0
0
0
1
0
0
0
0
0
0
1
0
0
0
0
0
0
0
0
0
-1
0
0
0
1
0
0
0
1
0
0
0
0
0
0
0
0
0
0
1
0
1
0
-1
0
0
-1
0
0
0
-1
0
0
0
-1
0
-1
1
-1
1
0
0
0
0
0
1
0
1
0
0
0
0
0
0
0
0
0
0
0
1
0
0
-1
0
0
0
0
0
0
0
0
0
0
-1
0
0
1
0
0
-1
0
0
0
0
0
0
0
0
-1
0
1
0
0
0
0
1
0
0
0
0
0
-1
0
0
-1
0
0
0
0
0
0
0
0
0
0
0
1
1
1
1
0
0
-1
1
0
0
0
0
0
0
0
0
0
0
0
0
1
0
0
1
0
1
0
0
1
0
0
0
0
1
0
0
-1
0
0
1
1
0
0
-1
0
-1
-1
0
0
0
1
1
0
-1
0
1
0
0
0
0
1
0
1
-1
0
1
0
0
0
-1
0
0
0
1
0
-1
0
-1
-1
0
0
1
0
0
0
1
1
0
0
1
1
-1
0
-1
0
0
0
1
0
0
0
0
-1
0
0
-1
0
0
-1
-1
1
0
0
0
0
-1
0
1
0
0
0
-1
1
0
1
0
1
-1
0
0
0
-1
0
0
0
0
0
0
0
0
0
0
0
0
0
0
0
0
0
1
0
0
0
0
1
0
0
0
0
0
0
0
0
0
0
0
0
0
0
0
0
0
0
0
0
1
0
0
0
0
-1
0
0
1
0
0
0
0
0
-1
0
0
0
0
0
0
-1
0
0
-1
0
0
0
-1
0
0
0
0
-1
0
0
0
0
0
0
0
0
0
0
0
0
0
0
0
-1
0
0
0
-1
0
-1
0
-1
0
0
0
0
1
0
0
0
0
-1
1
0
0
0
0
0
1
0
0
0
0
0
0
1
0
0
0
0
-1
0
-1
0
0
0
0
0
0
0
0
0
0
0
0
0
0
0
0
0
1
0
1
1
0
1
0
0
0
0
0
1
0
1
0
0
0
1
0
0
-1
0
0
1
0
-1
0
0
0
0
-1
-1
1
0
0
1
0
0
1
0
0
0
-1
1
0
0
0
0
0
0
-1
0
0
0
0
0
0
0
0
0
0
0
0
0
0
0
0
0
0
0
0
-1
0
-1
0
-1
0
0
0
0
0
-1
0
-1
1
0
0
0
0
0
-1
0
-1
0
-1
0
0
0
0
-1
0
-1
0
1
0
0
0
0
0
0
1
0
0
0
0
0
0
-1
0
0
0
0
0
0
0
0
1
0
1
1
0
0
0
0
0
0
0
0
0
0
1
0
1
0
0
0
0
0
0
0
1
0
0
0
1
0
1
1
0
0
0
0
-1
0
0
1
0
0
0
0
0
0
0
0
0
0
0
0
0
-1
0
0
0
0
0
0
0
0
0
-1
0
1
0
0
0
0
0
0
0
-1
1
0
0
0
1
0
1
0
0
0
0
0
0
0
-1
0
1
0
0
0
1
0
0
0
0
-1
1
1
0
0
1
0
0
0
0
0
0
0
0
-1
0
0
0
0
1
0
0
0
0
0
0
-1
-1
1
0
0
1
0
0
-1
0
-1
1
0
1
0
0
0
0
1
-1
0
0
0
0
0
0
0
0
0
0
0
0
0
0
-1
0
0
0
0
1
0
0
0
0
0
0
0
0
-1
0
0
0
-1
0
0
1
0
-1
0
0
0
0
1
1
1
0
0
-1
0
0
-1
0
0
0
0
-1
0
0
0
0
0
0
1
0
0
0
0
0
1
0
0
0
0
0
0
0
-1
1
-1
0
-1
0
0
0
0
-1
0
0
0
0
0
0
0
0
0
1
0
0
0
0
0
0
0
0
0
0
0
0
0
0
-1
0
0
0
1
0
0
0
0
-1
0
-1
0
1
0
0
1
0
0
0
0
0
0
0
0
0
0
1
-1
0
-1
0
0
-1
0
0
0
0
-1
0
0
0
0
0
1
0
0
0
0
0
0
0
-1
0
0
0
0
0
0
-1
0
0
0
0
0
0
-1
0
-1
0
0
0
0
1
0
0
0
0
0
0
0
0
0
0
0
0
1
0
0
0
0
1
0
-1
0
1
0
0
0
0
0
0
0
-1
-1
0
0
0
1
0
-1
0
0
-1
0
0
0
-1
0
0
1
0
0
0
0
0
0
1
0
0
0
0
1
0
0
0
1
1
0
0
0
0
0
0
1
0
1
0
0
0
1
0
0
0
-1
1
1
0
-1
0
0
0
0
0
0
0
0
0
0
0
1
0
1
0
0
0
0
0
-1
0
1
0
0
-1
0
-1
0
0
-1
0
0
0
0
0
0
0
0
0
0
0
0
0
0
0
0
0
0
0
0
0
0
0
0
0
0
0
0
0
0
0
0
0
-1
0
0
0
0
0
0
0
-1
0
0
0
0
0
0
0
0
0
0
0
0
0
0
0
0
0
0
0
0
0
0
1
-1
0
0
0
0
0
0
0
1
0
0
0
0
0
-1
0
0
0
0
0
0
0
0
0
0
-1
-1
-1
-1
0
-1
0
0
0
0
0
0
-1
-1
0
-1
0
0
0
-1
0
0
0
0
0
0
0
1
0
0
0
0
0
0
0
0
0
0
1
1
0
0
0
0
0
0
0
0
0
0
0
1
0
0
0
0
0
1
1
0
0
0
0
0
-1
0
0
0
0
0
0
1
0
0
1
0
0
0
1
0
0
1
0
1
1
0
0
0
0
0
0
0
0
0
0
1
0
1
1
-1
0
0
0
0
0
0
0
0
0
0
0
1
0
0
1
0
0
0
1
0
0
0
-1
0
0
0
0
0
0
0
0
0
0
1
0
0
0
-1
-1
0
0
0
0
0
0
0
0
0
0
-1
0
1
0
0
0
0
0
0
0
-1
0
1
0
0
0
0
-1
0
-1
-1
0
0
0
0
1
0
0
0
0
0
0
0
0
1
1
0
1
-1
0
0
0
0
0
0
0
0
0
0
0
0
0
0
0
0
0
0
0
0
0
0
0
0
0
0
0
0
-1
1
0
1
0
0
1
0
0
0
0
0
1
-1
0
0
0
0
0
1
0
0
-1
0
0
0
0
1
0
0
1
-1
-1
0
0
0
0
0
0
0
0
0
0
0
-1
0
0
0
1
0
0
0
0
1
0
-1
-1
0
0
0
-1
0
0
0
0
0
-1
0
0
0
0
-1
0
0
0
0
0
0
0
0
0
0
0
0
0
0
-1
0
0
0
0
0
0
0
0
0
1
0
-1
0
0
0
0
0
0
0
0
0
0
0
0
0
0
0
0
0
0
0
-1
0
0
0
0
0
0
0
0
0
0
0
0
0
1
0
0
0
0
0
0
0
1
0
0
0
1
1
0
0
0
-1
1
1
0
0
0
0
0
0
0
1
0
0
0
1
0
0
0
0
0
-1
0
0
0
0
0
0
0
0
0
0
-1
-1
-1
0
0
0
0
-1
0
0
0
0
0
0
0
0
0
1
0
1
0
0
0
0
0
0
1
-1
0
1
-1
0
0
0
0
0
0
0
-1
0
0
0
-1
0
-1
0
0
0
0
0
-1
0
0
0
0
0
0
-1
0
0
0
0
0
0
0
0
-1
-1
0
0
0
0
0
1
0
0
0
0
0
-1
0
0
0
0
0
0
0
0
0
1
0
1
0
0
1
-1
1
0
0
0
-1
-1
0
0
0
-1
0
-1
0
0
0
-1
0
0
0
0
1
0
0
0
0
0
0
1
0
1
0
0
0
0
0
0
1
0
0
0
1
1
0
0
0
0
0
0
0
0
-1
1
0
0
0
0
0
0
0
1
0
0
-1
0
0
0
-1
-1
0
0
1
0
-1
0
0
0
0
0
0
-1
-1
0
0
-1
1
0
1
0
0
0
0
0
0
1
0
0
0
-1
0
0
0
0
0
1
-1
0
0
0
0
0
0
0
0
0
1
0
0
0
0
0
0
-1
0
0
-1
0
0
-1
0
0
0
0
0
0
0
0
1
0
0
-1
1
0
0
-1
-1
0
0
0
1
-1
0
0
0
-1
1
0
0
0
1
-1
0
0
0
0
0
0
0
0
0
0
0
-1
0
0
0
0
0
0
0
0
0
0
1
-1
0
0
-1
1
0
0
0
0
0
0
0
0
0
0
0
0
0
0
-1
0
0
0
0
0
0
0
-1
0
0
0
-1
0
0
-1
-1
0
0
0
0
0
1
1
-1
0
-1
0
0
0
0
0
0
0
0
1
0
0
0
0
-1
1
0
0
1
0
0
0
0
0
1
1
0
0
0
0
0
-1
0
-1
1
0
1
0
0
1
0
0
1
0
0
0
1
-1
-1
1
0
0
0
-1
0
0
1
0
0
0
0
0
0
-1
0
0
0
-1
0
0
1
1
-1
0
0
0
0
0
0
0
0
0
-1
1
0
0
1
0
0
0
0
1
-1
0
0
0
0
-1
1
0
0
-1
0
0
0
0
0
-1
0
-1
1
0
0
1
0
0
0
0
0
0
0
0
-1
0
0
0
1
0
1
0
0
0
0
-1
0
0
1
1
0
0
0
-1
-2
0
0
0
-1
0
0
1
0
1
0
1
3
2
2
3
1
1
0
0
0
0
0
0
0
-1
-1
-2
0
-1
-2
-2
-1
0
0
-1
-4
-6
-7
-9
-10
-14
-17
-18
-16
-12
-10
-13
-15
-17
-17
-13
-10
-7
-7
-9
-11
-12
-9
-6
-2
-1
0
-4
-13
-18
-21
-21
-19
-17
-14
-13
-10
-6
3
14
23
29
29
33
37
42
39
26
7
-6
-8
-7
-13
-32
-48
-50
-37
-15
-1
3
-1
-2
8
26
37
35
19
4
4
14
27
31
20
5
-6
-6
3
14
23
32
48
66
77
70
50
29
20
33
56
70
64
50
42
42
44
39
32
27
24
21
19
15
3
-18
-35
-46
-51
-53
-46
-29
-12
-5
-8
-15
-17
-8
3
7
-1
-12
-18
-22
-36
-65
-97
-113
-102
-66
-26
-7
-19
-49
-68
-63
-39
-14
-4
-10
-28
-45
-54
-52
-57
-79
-113
-142
-141
-107
-58
-20
-18
-53
-98
-115
-81
-15
40
58
46
24
7
10
31
60
77
75
64
62
64
56
30
-3
-17
-5
27
59
69
54
35
32
55
95
137
165
179
190
208
223
222
198
158
120
96
101
127
146
132
92
58
49
67
95
117
123
106
71
37
30
49
64
41
-10
-49
-52
-32
-18
-27
-52
-71
-64
-60
-120
-237
-306
-244
-120
-74
-174
-368
-524
-504
-226
200
451
241
-279
-603
-406
111
471
402
2
-424
-621
-511
-211
16
-68
-421
-719
-677
-353
-84
-96
-281
-383
-311
-191
-162
-226
-302
-307
-200
-27
72
-16
-234
-361
-211
184
563
671
477
198
104
309
691
1000
1057
887
672
582
655
783
844
798
660
469
282
166
142
184
245
248
137
-60
-229
-237
-36
269
475
454
250
24
-84
-38
93
211
246
163
-31
-262
-398
-331
-88
155
220
88
-115
-231
-190
-69
-30
-167
-427
-623
-573
-313
-169
-412
-911
-1256
-1184
-826
-571
-642
-887
-1083
-1186
-1234
-1362
-1845
-2699
-3360
-3169
-2162
-1082
-637
-829
-1107
-1018
-455
605
2038
3282
3692
3205
2451
2121
2314
2623
2690
2428
1880
1047
85
-489
-378
54
195
-231
-931
-1392
-1431
-1159
-717
-252
23
-100
-483
-700
-494
89
756
1195
1375
1368
1209
1067
1148
1441
1729
1781
1586
1223
838
637
688
844
834
513
97
-57
64
199
253
302
357
386
332
188
148
382
751
1069
1312
1299
795
-8
-560
-595
-400
-559
-1397
-2629
-3659
-4256
-4857
-6231
-8620
-10952
-11298
-8757
-4801
-2110
-2032
-3470
-4109
-2343
1798
6790
10423
11106
9162
6803
6277
7746
9326
9160
7069
4219
1756
10
-1169
-1819
-2093
-2648
-3988
-5748
-7162
-7853
-7819
-7149
-6062
-4960
-4381
-4502
-4661
-3849
-1766
941
3270
4530
4730
4557
4693
5357
6384
7301
7435
6440
4750
3297
2781
3028
3094
2209
488
-1314
-2470
-2845
-2914
-3153
-3574
-4025
-4490
-4812
-4756
-4330
-3666
-2790
-1715
-587
307
751
971
1508
2474
3394
3838
3732
3254
2765
2571
2581
2441
1940
1126
253
-367
-622
-654
-676
-835
-1107
-1286
-1241
-1082
-861
-398
407
1272
1790
1898
1897
2023
2238
2441
2557
2401
1713
546
-566
-1127
-1330
-1812
-2822
-3921
-4685
-5244
-5908
-6754
-7884
-9445
-10742
-10044
-6495
-2055
-152
-1846
-4218
-3436
1119
6533
9754
10235
9236
7917
6939
6976
8196
9333
8543
5548
2158
193
-402
-818
-1622
-2488
-3240
-4318
-5999
-7656
-8207
-7380
-5965
-4819
-4323
-4438
-4588
-3927
-2031
655
3107
4589
5051
5041
5367
6189
7014
7670
7992
7429
5952
4247
2963
2321
2039
1580
679
-613
-2297
-4058
-5039
-4895
-4297
-4049
-4486
-5379
-5924
-5430
-4051
-2443
-1195
-601
-372
115
1038
2143
3200
3921
4096
3971
3827
3626
3455
3439
3404
3246
2880
2188
1384
756
306
113
130
-108
-898
-2038
-2889
-2833
-2098
-1726
-2135
-2697
-2883
-2722
-2738
-3123
-3679
-4444
-5639
-7473
-8556
-7127
-3925
-1398
-1416
-2979
-3273
-1170
2242
5013
6555
7336
7183
6256
5517
5817
6728
6760
5308
3210
1669
887
84
-976
-1570
-1446
-1638
-2970
-4859
-5970
-5831
-5052
-4317
-4091
-4218
-4563
-4897
-4443
-2815
-385
1328
1580
1343
1756
3167
4669
5519
5743
5712
5697
5615
5627
5790
5687
5016
4069
3223
2440
1441
36
-1374
-2168
-2394
-2808
-3886
-5126
-6101
-6444
-5952
-4967
-3828
-3157
-3076
-3192
-2735
-1233
499
1740
2289
2470
2746
3306
4123
4812
5016
4776
4357
4013
3888
3624
3092
2469
1941
1646
1286
867
222
-720
-1332
-1560
-1575
-1672
-2144
-2674
-2997
-2926
-2856
-3238
-3690
-3981
-3988
-3815
-3878
-4530
-6084
-8092
-9103
-7636
-3896
-550
-186
-2015
-3022
-1481
1893
5142
7062
7834
7778
6783
5450
5169
6155
6927
6199
4185
2136
857
-113
-1095
-1470
-1170
-1206
-2380
-4374
-6037
-6553
-6050
-5103
-4276
-4023
-4434
-4943
-4775
-3665
-1957
-206
1186
2203
2923
3293
3614
4555
6103
7287
7344
6532
5689
5400
5559
5569
5102
4321
3287
1822
74
-1368
-2065
-2247
-2605
-3580
-4886
-5896
-6320
-6236
-5690
-4831
-4142
-4012
-4102
-3563
-2105
-287
1110
1760
1938
2233
2919
3810
4558
4926
5034
4840
4517
4369
4269
4152
3777
3288
2979
2535
1792
620
-486
-845
-855
-1099
-1941
-2979
-3451
-3371
-3031
-2924
-3291
-3956
-4623
-4873
-4550
-3909
-3483
-4079
-6026
-8147
-8584
-6339
-2898
-943
-1270
-2429
-2113
51
2708
5007
6508
7281
7381
6817
6338
6468
6871
6732
5504
4031
3063
1977
413
-1105
-1644
-1274
-1536
-3092
-5120
-6528
-6699
-6107
-5375
-4852
-5097
-5801
-6127
-5594
-4066
-2132
-364
779
1135
1437
2132
3493
5367
6818
7429
7332
7078
6954
6852
6813
6553
6139
5434
3925
1895
141
-746
-1225
-1944
-3057
-4463
-5835
-6880
-7364
-7170
-6479
-5807
-5490
-5334
-4812
-3601
-1992
-580
358
1101
2011
3104
4114
4895
5515
6026
6360
6407
6225
5956
5568
4919
4121
3463
3006
2378
1219
-8
-817
-1150
-1389
-1930
-2443
-2952
-3593
-4179
-4410
-3926
-3215
-2770
-2660
-2773
-2506
-1879
-1379
-1166
-1339
-1590
-1903
-2483
-3525
-5080
-5514
-4272
-2718
-2002
-2835
-3692
-2998
-1256
629
1870
2821
3620
3701
3659
4025
4789
5587
5179
3735
2772
2740
3004
2523
1604
1200
727
-171
-1415
-2598
-2816
-2777
-3188
-3915
-4793
-5250
-5510
-5409
-4532
-3448
-2508
-2138
-1937
-1232
12
1726
3277
4693
5562
5549
5412
5630
6667
7787
7939
7087
5805
4846
4100
3195
2215
1172
-145
-1735
-3374
-4533
-5020
-5521
-6301
-6900
-6891
-6380
-5935
-5743
-5307
-4232
-2792
-1582
-805
-64
1008
2362
3711
4853
5724
6233
6326
6191
6186
6415
6534
6103
5103
3919
2931
2178
1424
466
-558
-1428
-2145
-2741
-3225
-3593
-3821
-3893
-3923
-3893
-3564
-2855
-2166
-1897
-1804
-1586
-865
170
421
-342
-1520
-2383
-2966
-4017
-5199
-5415
-4136
-2732
-3182
-4590
-4707
-3398
-1731
-199
1403
2953
3528
2956
2371
3123
5248
6643
5957
4305
3286
3511
3889
3602
3285
3106
2250
217
-1612
-1753
-1050
-1302
-2802
-4282
-4845
-4994
-5315
-5301
-4630
-3718
-3247
-3176
-2660
-1545
-145
924
1616
2710
3952
4688
4784
4805
5582
6659
7074
6418
5327
4770
4387
3686
2914
2158
1162
-298
-1919
-3142
-3693
-4041
-4854
-5820
-6136
-5845
-5613
-5478
-5092
-4371
-3508
-2789
-2055
-1183
-133
878
1664
2698
3845
4635
4789
4647
4868
5369
5846
5784
5049
4188
3518
2911
2299
1902
1536
840
-10
-569
-848
-1089
-1364
-1738
-2175
-2482
-2491
-2225
-1857
-1651
-1863
-2373
-2579
-2140
-1636
-1929
-2948
-3839
-4293
-4990
-6430
-7792
-7567
-5577
-3680
-3663
-4916
-5360
-4036
-1629
915
3058
4391
4607
3977
3635
4754
6977
8356
7606
5712
4518
4516
4858
4833
4349
3399
1871
-6
-1447
-1834
-1707
-2227
-3583
-4936
-5807
-6267
-6215
-5623
-4863
-4245
-3862
-3683
-3268
-2135
-517
849
1765
2516
3182
3820
4545
5282
5918
6353
6664
6881
6571
5732
4977
4458
3924
3133
1950
623
-602
-1774
-2976
-4012
-4570
-4975
-5690
-6321
-6456
-6140
-5561
-5089
-4789
-4323
-3526
-2494
-1435
-374
799
1836
2463
2883
3515
4520
5495
5892
5656
5242
5081
5103
5007
4644
3984
3188
2439
1797
1395
1150
794
141
-854
-1756
-2166
-2386
-2510
-2315
-2085
-2308
-3076
-3858
-3981
-3362
-2462
-2101
-2704
-3840
-5115
-6264
-6981
-7292
-6979
-5747
-4505
-4576
-5598
-5681
-3901
-1274
1066
2813
3832
4176
4311
4881
6346
8294
9267
8206
6072
4917
5353
6120
5998
4978
3529
1814
17
-1272
-1666
-1681
-2349
-3976
-5695
-6587
-6692
-6476
-5987
-5163
-4429
-4199
-4109
-3494
-2166
-567
712
1632
2514
3284
3676
3888
4655
6049
6870
6425
5529
5171
5476
5717
5120
3886
2601
1326
85
-783
-1211
-1703
-2870
-4456
-5446
-5488
-5158
-5046
-5179
-5054
-4622
-4320
-3990
-3345
-2473
-1525
-821
-189
758
1665
2263
2662
3074
3792
4405
4487
4307
4091
4105
4294
4276
4073
3570
2775
2199
2033
2203
2295
1768
910
269
-109
-331
-605
-1016
-1410
-1806
-2151
-2342
-2563
-2977
-3429
-3740
-3901
-4181
-4980
-5932
-6749
-7574
-8369
-9006
-8402
-6409
-4742
-4437
-4935
-4680
-2847
-52
2719
4543
5268
5464
5490
5988
7575
9590
10397
9032
6746
5439
5386
5897
5950
4938
3083
659
-1400
-2459
-2628
-2368
-3008
-4790
-6444
-6994
-6502
-5715
-4974
-4409
-4217
-4052
-3529
-2694
-1506
-232
639
1350
2209
2893
3115
3358
4225
5289
5717
5350
4611
4256
4643
4993
4508
3466
2434
1513
766
289
-128
-705
-1540
-2747
-3817
-4041
-3738
-3733
-4155
-4498
-4566
-4562
-4299
-3715
-3170
-2572
-1959
-1608
-1136
-302
610
1376
2052
2861
3434
3495
3658
4091
4589
5081
5149
4902
4730
4432
4046
3949
4188
4260
3529
2309
1325
655
195
-252
-949
-1702
-2419
-3286
-4128
-4717
-4980
-4906
-5039
-5864
-6815
-7245
-7344
-7635
-8412
-9287
-9078
-7025
-4377
-3361
-4005
-4274
-3211
-1130
1691
4531
6163
6033
4953
4617
6079
8635
10280
9481
7062
5400
5376
6026
6490
6260
4849
2479
179
-884
-487
56
-712
-2675
-4532
-5334
-5263
-4947
-4565
-4356
-4781
-5507
-5567
-4500
-2987
-2173
-2063
-1863
-1239
-232
635
1041
1625
2590
3487
4167
4584
4783
4793
4805
5249
5750
5623
4924
3896
2964
2522
2214
1600
662
-559
-2016
-3322
-3853
-3753
-4030
-5050
-6158
-6703
-6461
-5657
-4846
-4349
-4107
-3961
-3648
-2804
-1256
558
1801
2273
2466
2899
3911
5162
6029
6494
6608
6359
6061
6001
6293
6613
6417
5603
4439
3367
2478
1442
415
-461
-1333
-2168
-3109
-4152
-5029
-5703
-5958
-5882
-5988
-6353
-7013
-7815
-8287
-8590
-8982
-9164
-8501
-6685
-4889
-4450
-4770
-4509
-3191
-974
1776
4296
5484
5138
4493
4913
6800
9354
10795
9890
7511
5845
6010
7258
8248
7978
5962
2790
208
-359
640
1298
187
-2322
-4719
-5940
-5887
-4986
-4087
-4249
-5611
-6837
-6641
-5279
-3901
-3257
-3253
-3279
-2780
-1694
-534
394
1328
2152
2735
3468
4261
4753
5056
5360
5790
6185
6139
5506
4445
3577
3286
2996
2246
1077
-470
-1853
-2519
-2713
-3000
-3769
-4999
-6146
-6628
-6279
-5446
-4744
-4618
-4895
-4874
-4135
-2817
-1227
197
1050
1501
2104
3059
4171
5271
6185
6681
6772
6743
6848
7127
7395
7339
6773
5814
4719
3595
2460
1539
1037
553
-546
-2147
-3577
-4558
-5199
-5607
-6018
-6730
-7674
-8609
-9455
-10186
-10793
-11164
-10721
-9058
-7147
-6487
-6925
-6828
-5258
-2622
316
2771
3984
4039
4042
5046
7264
9922
11399
10568
8554
7746
8702
9813
9913
9105
7414
4995
3020
2427
2644
2437
1000
-1600
-4126
-5229
-5074
-4826
-5072
-5796
-6889
-7862
-7975
-7002
-5545
-4680
-4924
-5414
-4871
-3287
-1718
-693
101
923
1715
2537
3602
4788
5672
6056
6156
6273
6441
6403
5956
5292
4775
4340
3537
2273
1056
194
-650
-1764
-2764
-3411
-4166
-5230
-6054
-6223
-6062
-5940
-5812
-5532
-5134
-4649
-4024
-3262
-2137
-816
384
1263
1856
2677
3656
4680
5611
6280
6724
6868
7053
7360
7594
7628
7171
6170
4983
4037
3284
2582
1933
1061
-411
-2148
-3365
-3966
-4491
-5333
-6431
-7510
-8340
-8886
-9522
-10692
-11973
-12004
-10196
-7910
-6965
-7455
-7975
-7311
-5068
-1646
1578
3037
2753
2355
3222
5560
8631
10760
10395
8262
7009
7922
9786
10939
10602
8614
5684
3646
3608
4442
4293
2685
178
-2407
-4006
-4060
-3405
-3680
-5045
-6569
-7784
-8006
-7064
-5824
-5461
-5998
-6104
-5536
-4717
-3410
-1901
-914
-572
-201
846
2221
3564
4780
5288
5223
5391
5871
6298
6311
6107
5761
4875
3953
3379
2845
2100
1039
-5
-932
-1794
-2606
-3428
-4099
-4608
-5117
-5538
-5609
-5309
-4856
-4532
-4381
-4028
-3232
-2212
-1213
-216
695
1406
2126
3018
3931
4713
5330
5782
6195
6658
7028
7137
6909
6281
5426
4724
4268
3808
3161
2218
898
-522
-1590
-2287
-2948
-3689
-4504
-5556
-6817
-7835
-8419
-9033
-9947
-10604
-10336
-9339
-8444
-8073
-7877
-7369
-6401
-4888
-2808
-653
834
1541
2082
3053
4626
6449
7626
7590
7123
7378
8147
8578
8749
8835
8105
6417
5083
4918
5090
4581
3308
1650
78
-980
-1521
-1981
-2634
-3400
-4259
-5244
-5934
-5800
-5177
-4994
-5447
-5882
-5793
-5135
-4057
-3027
-2530
-2356
-1809
-738
423
1441
2346
2996
3294
3550
4124
4881
5381
5391
4989
4449
4114
4101
4061
3486
2334
1127
321
-150
-560
-1066
-1824
-2902
-3910
-4293
-4024
-3637
-3674
-4216
-4760
-4650
-3779
-2631
-1740
-1270
-1010
-580
208
1235
2231
2963
3412
3831
4438
5086
5530
5778
5898
5789
5476
5192
4924
4450
3874
3420
2931
2165
1167
50
-1011
-1694
-2100
-2833
-4060
-5363
-6508
-7549
-8460
-9196
-9620
-9405
-8708
-8390
-8736
-8816
-7944
-6621
-5364
-3947
-2332
-1048
-276
386
1343
2816
4644
5976
6157
5940
6499
7576
8162
8273
8409
8197
7153
5943
5542
5770
5648
4624
2960
1346
385
96
-138
-896
-2073
-3162
-3919
-4443
-4741
-4780
-4787
-5072
-5538
-5717
-5377
-4761
-4228
-3828
-3329
-2609
-1906
-1406
-782
309
1492
2164
2414
2738
3255
3763
4159
4393
4389
4252
4091
3806
3366
2954
2565
1964
1165
424
-215
-872
-1492
-1940
-2249
-2530
-2887
-3355
-3728
-3675
-3231
-2794
-2566
-2456
-2314
-1856
-941
2
565
978
1455
1876
2426
3390
4391
4906
5038
5062
5063
5114
5190
5081
4761
4392
3988
3450
2777
2022
1240
472
-308
-1137
-2028
-3052
-4251
-5441
-6437
-7417
-8470
-9006
-8586
-7977
-8258
-9103
-9283
-8439
-7191
-5934
-4742
-3814
-3128
-2321
-1352
-346
1057
2993
4484
4615
4155
4658
6250
7596
7897
7617
7262
6826
6497
6515
6472
5931
5228
4595
3597
2290
1523
1437
1074
-56
-1301
-2105
-2693
-3209
-3402
-3488
-4028
-4805
-5075
-4882
-4746
-4525
-3944
-3499
-3571
-3514
-2665
-1463
-675
-315
46
491
954
1638
2597
3287
3241
2833
2750
3071
3394
3486
3251
2578
1689
1129
1021
866
361
-254
-800
-1377
-1914
-2169
-2229
-2352
-2504
-2559
-2605
-2652
-2487
-2091
-1706
-1414
-1049
-509
59
498
939
1602
2338
2861
3284
3851
4386
4599
4609
4637
4637
4512
4327
4072
3624
2992
2432
2104
1796
1226
447
-346
-1129
-1888
-2469
-2906
-3566
-4679
-5877
-6586
-6716
-6650
-6729
-7045
-7550
-7941
-7656
-6468
-5033
-4316
-4466
-4608
-3773
-1831
343
1597
1590
1245
1742
3204
4756
5614
5668
5334
5152
5364
5758
5943
5737
5234
4624
4048
3597
3290
2985
2463
1737
1029
444
-87
-589
-1007
-1344
-1659
-2007
-2380
-2679
-2819
-2825
-2736
-2564
-2351
-2184
-2054
-1873
-1594
-1244
-836
-379
22
249
341
499
879
1366
1662
1596
1266
947
861
957
933
568
21
-401
-662
-941
-1248
-1487
-1705
-1973
-2161
-2129
-1955
-1821
-1755
-1689
-1560
-1278
-826
-381
-71
261
783
1276
1495
1641
1999
2486
2851
2999
3060
3145
3184
3152
3126
3108
2999
2749
2400
2072
1809
1588
1367
1059
631
219
-101
-377
-656
-911
-1121
-1363
-1651
-1855
-1988
-2184
-2364
-2422
-2398
-2375
-2393
-2402
-2348
-2280
-2232
-2145
-1978
-1779
-1619
-1516
-1480
-1491
-1387
-1040
-661
-536
-596
-538
-254
122
441
607
572
460
491
701
914
965
855
723
640
622
683
711
578
353
246
359
465
360
253
327
448
523
581
610
590
646
864
1077
1149
1129
1029
943
998
1112
1125
1034
885
679
475
399
395
224
-126
-407
-490
-492
-560
-726
-906
-996
-1008
-1039
-1082
-1041
-954
-946
-981
-914
-767
-670
-617
-477
-227
5
122
180
282
427
581
785
1025
1139
1063
975
1052
1212
1281
1223
1129
1100
1127
1106
977
845
793
748
651
555
434
237
67
5
-62
-206
-347
-516
-802
-1071
-1129
-1083
-1171
-1367
-1492
-1542
-1621
-1697
-1677
-1580
-1471
-1333
-1138
-953
-871
-849
-751
-540
-314
-148
-48
0
14
48
143
273
321
207
30
-17
69
116
51
-58
-191
-370
-504
-477
-332
-221
-244
-350
-373
-183
109
290
337
410
556
706
870
1074
1253
1336
1372
1438
1521
1570
1583
1584
1546
1425
1269
1143
1013
829
657
562
444
208
-59
-234
-333
-423
-531
-695
-896
-1015
-999
-950
-955
-981
-991
-970
-894
-787
-730
-699
-584
-390
-237
-164
-93
2
84
164
283
420
536
643
767
863
878
876
957
1088
1133
1091
1091
1160
1177
1066
903
788
697
525
247
-60
-335
-598
-895
-1246
-1631
-1990
-2249
-2419
-2568
-2699
-2747
-2728
-2704
-2614
-2394
-2103
-1821
-1524
-1188
-838
-473
-78
322
657
896
1089
1318
1559
1710
1753
1755
1724
1623
1497
1411
1342
1241
1102
917
704
569
543
479
302
159
153
163
125
132
172
134
59
96
219
300
340
408
489
539
557
573
629
717
755
710
644
580
505
446
418
359
234
66
-136
-372
-532
-555
-568
-736
-1031
-1291
-1417
-1430
-1427
-1496
-1609
-1698
-1731
-1683
-1551
-1397
-1287
-1213
-1136
-979
-690
-377
-197
-123
-24
126
323
605
898
1045
1040
1035
1109
1237
1415
1600
1664
1552
1396
1341
1392
1441
1385
1232
1069
913
717
526
432
374
190
-130
-436
-630
-720
-737
-750
-830
-968
-1091
-1157
-1160
-1102
-1010
-926
-868
-843
-826
-746
-600
-458
-332
-178
-22
64
96
171
306
420
457
430
390
364
336
289
245
202
107
-33
-133
-160
-153
-145
-152
-203
-280
-309
-265
-187
-122
-88
-79
-60
16
114
163
166
190
258
335
393
442
503
551
537
493
489
524
556
581
560
448
312
233
190
164
163
105
-78
-276
-361
-359
-360
-404
-498
-619
-729
-792
-773
-682
-631
-707
-823
-829
-718
-592
-493
-421
-391
-380
-306
-146
33
172
252
303
373
472
582
702
836
925
935
925
943
961
966
977
959
870
763
696
621
494
356
224
53
-137
-273
-363
-475
-621
-777
-937
-1082
-1158
-1161
-1155
-1166
-1147
-1076
-991
-903
-785
-624
-455
-307
-171
-22
142
304
424
476
506
589
717
776
709
632
661
727
693
563
453
408
385
359
337
298
199
51
-60
-57
19
57
-23
-170
-264
-242
-169
-129
-131
-158
-187
-182
-122
-47
0
22
26
33
78
163
235
253
227
191
186
222
270
292
264
172
30
-81
-104
-93
-143
-266
-414
-568
-706
-769
-749
-739
-815
-918
-964
-946
-897
-835
-781
-744
-684
-575
-432
-278
-123
10
119
243
413
606
768
881
984
1098
1196
1260
1296
1301
1287
1280
1261
1182
1056
929
796
637
460
269
66
-124
-279
-428
-604
-776
-897
-967
-1018
-1066
-1106
-1127
-1108
-1042
-951
-859
-756
-639
-530
-436
-309
-134
32
141
199
250
318
405
493
553
573
568
557
555
572
618
646
593
482
414
420
438
410
314
170
50
18
37
0
-112
-238
-326
-358
-326
-272
-282
-367
-427
-379
-270
-178
-120
-87
-77
-78
-35
64
173
237
245
212
163
145
174
196
158
67
-40
-133
-192
-234
-299
-397
-509
-613
-682
-700
-680
-672
-706
-755
-761
-694
-593
-519
-470
-397
-276
-152
-72
-11
83
210
329
431
544
660
742
780
809
870
949
986
951
888
839
808
782
746
666
531
394
308
273
235
167
70
-50
-178
-264
-274
-262
-319
-442
-562
-624
-622
-579
-552
-579
-621
-619
-582
-535
-462
-366
-288
-243
-205
-166
-119
-29
100
187
187
157
174
243
314
351
358
347
313
282
298
342
355
303
224
160
123
100
69
20
-44
-107
-153
-163
-165
-191
-235
-254
-224
-175
-137
-111
-72
-29
3
30
86
170
231
228
192
186
213
217
174
113
59
4
-60
-119
-161
-204
-271
-363
-437
-458
-433
-402
-401
-415
-414
-383
-340
-300
-250
-190
-144
-116
-82
-35
7
44
91
133
150
161
199
243
262
262
273
303
329
338
340
349
363
370
377
383
374
343
309
296
303
305
274
197
97
21
-2
2
-28
-124
-253
-345
-365
-349
-364
-425
-479
-487
-467
-449
-428
-392
-350
-303
-238
-154
-83
-43
-3
78
188
272
300
306
338
390
429
435
419
396
371
339
299
255
209
155
90
23
-38
-83
-115
-150
-198
-238
-255
-261
-274
-270
-225
-162
-125
-119
-103
-52
19
85
131
151
149
145
161
190
205
190
141
71
18
3
1
-27
-82
-139
-180
-210
-235
-245
-240
-242
-262
-281
-276
-248
-220
-213
-215
-198
-156
-120
-116
-130
-125
-91
-46
-13
-10
-33
-54
-41
10
67
95
85
60
56
100
173
236
258
248
238
255
296
341
373
375
347
318
299
288
263
219
165
115
63
1
-68
-134
-190
-231
-264
-285
-307
-333
-357
-359
-326
-266
-210
-172
-146
-113
-58
16
100
171
212
229
243
267
301
335
357
355
321
263
208
178
169
159
117
42
-47
-117
-148
-152
-156
-183
-228
-269
-289
-273
-230
-185
-163
-160
-154
-119
-59
6
51
65
68
70
84
102
108
96
72
44
19
-7
-34
-66
-96
-124
-143
-153
-156
-164
-177
-181
-160
-126
-96
-83
-74
-55
-23
14
43
60
64
69
83
98
100
82
57
35
22
13
0
-28
-70
-107
-120
-108
-91
-90
-107
-124
-119
-81
-27
21
44
40
36
62
124
194
227
213
174
150
163
200
227
213
155
90
59
61
68
57
22
-26
-66
-80
-63
-40
-39
-60
-78
-70
-41
-15
5
19
30
40
55
74
91
104
111
115
116
113
109
98
83
69
61
51
29
3
-20
-33
-41
-53
-70
-88
-101
-103
-95
-89
-92
-99
-100
-91
-77
-67
-59
-59
-63
-66
-63
-57
-55
-65
-79
-86
-85
-84
-91
-94
-86
-75
-70
-69
-55
-39
-26
-16
6
37
60
67
73
85
103
117
128
136
135
117
100
99
113
117
96
51
9
-8
-5
-10
-41
-89
-132
-156
-166
-174
-187
-210
-234
-240
-218
-185
-169
-178
-182
-150
-84
-23
5
2
0
32
90
155
191
184
148
130
162
227
267
248
188
139
137
180
225
230
182
117
86
104
142
158
132
78
26
9
33
64
58
17
-23
-37
-30
-19
-15
-24
-47
-72
-80
-70
-69
-81
-98
-108
-113
-117
-117
-111
-108
-107
-106
-96
-81
-65
-48
-24
-6
3
7
7
12
20
25
21
5
-22
-50
-63
-62
-62
-79
-113
-144
-161
-151
-130
-104
-89
-87
-86
-72
-34
20
72
110
127
134
146
179
227
261
267
248
222
210
214
223
211
169
109
56
25
5
-31
-89
-158
-208
-235
-253
-285
-330
-370
-384
-363
-333
-321
-335
-351
-331
-265
-182
-126
-114
-117
-97
-28
70
145
164
142
130
170
247
321
344
314
271
264
312
371
391
352
295
266
278
302
301
260
200
150
132
125
108
67
11
-34
-58
-71
-89
-119
-152
-177
-188
-194
-203
-213
-214
-205
-189
-181
-178
-172
-154
-123
-86
-61
-47
-37
-20
10
42
59
57
45
31
24
22
22
11
-16
-62
-106
-132
-140
-143
-154
-174
-199
-222
-222
-189
-142
-113
-111
-109
-77
-8
75
143
175
183
198
252
327
378
379
349
323
319
334
340
308
237
155
104
80
49
-16
-103
-187
-245
-283
-312
-348
-399
-445
-467
-462
-448
-441
-433
-407
-355
-298
-249
-207
-151
-74
4
73
131
176
215
265
335
402
437
437
431
440
453
467
474
465
426
375
336
314
288
247
206
162
105
39
-11
-33
-47
-72
-111
-150
-182
-198
-198
-190
-194
-210
-220
-219
-211
-203
-195
-184
-173
-165
-156
-144
-127
-113
-97
-77
-58
-41
-28
-14
3
12
12
4
-2
-1
-1
-7
-19
-36
-59
-80
-87
-83
-78
-85
-101
-118
-123
-111
-82
-56
-49
-59
-60
-33
16
63
89
94
96
117
161
205
230
226
211
200
199
201
197
177
137
82
29
-8
-25
-45
-86
-150
-215
-254
-264
-266
-285
-316
-340
-337
-316
-295
-277
-256
-222
-177
-129
-78
-29
14
54
103
159
210
240
254
264
281
301
314
316
311
300
286
279
278
268
246
235
235
233
220
195
161
128
106
95
81
55
22
-15
-50
-76
-87
-91
-94
-99
-106
-117
-127
-131
-124
-110
-106
-124
-151
-165
-158
-144
-131
-119
-106
-98
-94
-78
-34
24
71
97
97
87
82
81
82
78
55
2
-64
-116
-149
-169
-189
-213
-231
-241
-247
-243
-222
-196
-171
-141
-113
-103
-95
-66
-18
21
41
45
49
63
88
118
138
135
107
95
120
148
131
71
19
-1
-9
-31
-55
-71
-93
-131
-167
-169
-157
-156
-159
-141
-120
-119
-119
-104
-81
-58
-29
2
16
-3
-34
-43
-30
-7
15
26
11
-42
-79
-23
82
109
19
-52
31
255
483
546
396
160
16
279
1088
1831
1710
687
-388
-397
865
2183
2044
403
-983
-915
-154
312
249
-283
-838
-1070
-1148
-1091
-802
-540
-563
-814
-1038
-1053
-933
-809
-645
-397
-138
-42
-185
-295
-100
488
1353
1870
1616
1170
1082
1165
1251
1351
1248
942
760
430
-535
-1565
-1708
-966
-244
-441
-1399
-2174
-2280
-1787
-1028
-622
-842
-1195
-1071
-603
-443
-672
-782
-482
110
731
1051
810
335
365
941
1407
1456
1311
1265
1231
1017
843
706
350
92
265
598
662
221
-471
-861
-832
-565
-222
-117
-375
-698
-824
-820
-909
-1043
-807
-198
208
121
-283
-683
-724
-325
261
724
782
485
220
127
164
377
671
953
1172
1138
846
517
324
409
720
1000
1058
758
190
-248
-371
-290
-130
-72
-204
-436
-733
-1010
-1158
-1153
-938
-645
-524
-541
-652
-830
-856
-630
-221
232
500
527
424
291
304
542
848
1053
1062
915
810
732
522
282
190
219
256
162
-80
-347
-644
-925
-971
-813
-657
-565
-594
-763
-950
-1011
-828
-455
-108
106
163
47
-105
-103
124
491
797
858
665
417
339
415
455
386
279
209
166
57
-194
-505
-668
-597
-449
-388
-425
-517
-633
-726
-690
-457
-101
167
188
36
-45
84
327
496
547
571
601
590
510
371
230
203
319
416
324
88
-136
-262
-292
-237
-120
-15
-41
-224
-396
-355
-113
118
166
83
61
185
342
412
406
359
321
393
562
624
472
252
128
111
132
126
45
-121
-323
-485
-540
-517
-496
-521
-554
-551
-523
-494
-441
-339
-222
-128
-9
166
301
283
182
165
280
430
509
471
328
172
107
134
160
132
46
-69
-163
-215
-268
-339
-390
-410
-403
-353
-273
-241
-302
-375
-323
-118
86
136
72
28
70
172
263
266
189
115
69
29
10
15
-13
-91
-161
-183
-179
-170
-168
-167
-133
-57
20
56
44
27
59
167
299
372
344
248
158
141
207
272
244
131
12
-57
-93
-123
-157
-190
-224
-260
-277
-263
-236
-234
-240
-206
-112
-2
77
111
142
214
327
441
499
495
480
501
550
570
526
425
293
178
118
106
93
10
-169
-383
-517
-495
-385
-337
-419
-560
-630
-590
-496
-404
-313
-216
-142
-107
-82
-45
10
104
233
346
387
335
228
144
143
216
293
298
214
75
-44
-94
-84
-63
-63
-83
-111
-159
-229
-291
-294
-237
-166
-121
-97
-80
-80
-98
-116
-90
-10
93
163
164
107
29
-21
-12
46
115
156
146
99
46
9
-5
10
58
120
158
147
93
18
-39
-51
-8
72
130
100
-13
-119
-144
-115
-102
-115
-120
-123
-150
-202
-256
-276
-242
-170
-95
-42
-22
-23
-11
34
99
179
274
363
389
348
306
314
354
378
370
354
332
277
193
107
53
45
57
39
-29
-119
-196
-241
-262
-256
-238
-224
-235
-271
-304
-291
-225
-148
-104
-82
-55
-16
33
92
150
181
187
186
195
210
218
200
149
81
27
6
4
-21
-83
-160
-214
-232
-231
-235
-252
-268
-276
-272
-256
-229
-196
-164
-129
-87
-48
-16
23
76
130
159
167
174
186
188
181
181
181
160
118
83
74
71
57
33
10
-9
-20
-23
-26
-37
-58
-69
-67
-61
-68
-87
-106
-109
-101
-93
-83
-72
-67
-72
-87
-92
-81
-55
-29
-7
3
-1
-7
6
41
78
97
102
106
124
145
155
153
140
126
117
111
108
100
86
64
38
16
2
-7
-13
-12
-4
3
1
-15
-35
-39
-17
26
67
82
65
38
35
62
94
105
90
65
47
37
30
16
-6
-27
-42
-48
-55
-72
-98
-117
-123
-116
-103
-89
-78
-80
-95
-106
-92
-53
-17
-2
-11
-23
-26
-17
-8
-3
-4
-10
-12
-12
-15
-30
-56
-77
-87
-77
-59
-45
-46
-57
-65
-64
-55
-39
-13
20
56
90
106
103
90
91
116
159
189
186
146
91
45
19
10
-1
-23
-62
-109
-147
-169
-177
-184
-192
-196
-190
-169
-144
-125
-111
-96
-70
-27
18
54
81
101
115
122
136
158
177
179
166
151
137
119
95
76
69
69
62
47
26
9
-4
-7
2
19
39
51
44
21
1
6
40
76
90
72
35
-2
-17
-13
-6
-7
-23
-45
-66
-80
-86
-82
-67
-49
-29
-13
-1
10
23
42
68
93
104
95
80
70
63
51
31
12
-9
-40
-83
-121
-139
-146
-153
-174
-201
-223
-227
-211
-181
-155
-140
-136
-121
-82
-31
17
55
83
113
146
176
199
213
221
224
225
220
206
176
130
80
41
14
-19
-58
-101
-140
-178
-216
-247
-259
-247
-228
-214
-203
-187
-164
-140
-111
-74
-26
26
71
92
96
91
95
111
134
151
150
128
101
86
83
79
66
49
34
25
20
21
25
27
20
10
9
21
41
53
56
51
48
53
60
67
73
69
59
47
40
36
24
-2
-28
-42
-43
-44
-49
-60
-67
-70
-69
-61
-54
-44
-27
3
36
51
43
32
31
43
63
80
79
53
16
-9
-18
-23
-39
-57
-71
-85
-100
-115
-133
-150
-154
-135
-105
-88
-80
-71
-60
-44
-22
5
49
82
88
90
90
93
105
107
103
99
86
58
33
20
-1
-33
-52
-55
-68
-89
-103
-116
-129
-131
-115
-97
-94
-97
-82
-56
-39
-26
-11
-1
19
49
70
78
64
47
57
65
60
53
40
32
23
-6
-25
-26
-27
-21
-21
-31
-27
-16
-12
6
22
35
62
82
81
91
109
116
120
127
128
118
102
85
76
74
65
46
34
17
-12
-24
-16
-25
-48
-50
-42
-54
-59
-42
-35
-38
-23
-1
8
8
12
28
45
56
48
32
37
39
24
16
5
-22
-39
-48
-62
-71
-75
-88
-115
-135
-133
-125
-114
-102
-99
-91
-74
-56
-37
-18
2
27
53
72
78
76
79
89
96
96
78
47
36
28
0
-17
-28
-47
-61
-67
-67
-109
-89
-62
-88
-95
-71
-45
-46
-53
-38
35
-41
-4
63
21
6
64
6
65
14
-49
121
-5
-87
34
89
-240
-20
184
-227
-56
57
-50
-49
-35
5
34
22
79
107
46
72
148
57
119
265
49
76
168
59
52
54
129
45
-13
-12
0
-27
-69
2
-72
-62
-34
-31
-57
-70
-2
-18
-5
-9
41
50
86
92
90
98
107
120
120
119
108
74
45
6
-1
-3
-22
-50
-82
-107
-135
-133
-126
-137
-125
-116
-109
-127
-134
-100
-60
-48
-50
-15
-5
-1
29
48
68
62
68
80
67
69
85
70
47
34
29
15
-6
5
-16
-46
-48
-63
-70
-67
-65
-80
-76
-69
-85
-70
-56
-55
-44
-35
-41
-16
5
-17
-18
18
14
-3
20
22
18
29
16
10
-1
-2
1
9
17
-3
-4
-3
-20
-31
-14
-6
-17
-13
-24
-28
-18
-17
-5
-15
-14
8
-27
-25
33
22
-1
34
38
26
52
67
69
70
74
91
95
100
114
127
119
108
113
107
85
76
86
74
58
41
17
10
-6
-29
-34
-50
-62
-55
-71
-84
-74
-72
-69
-56
-48
-37
-26
-22
-6
8
10
25
36
38
43
42
41
42
26
20
24
7
-7
-6
-29
-51
-48
-57
-67
-64
-75
-86
-83
-81
-72
-62
-60
-52
-36
-33
-16
5
10
25
40
47
56
54
56
61
46
40
47
26
12
11
-13
-31
-34
-52
-63
-61
-74
-81
-72
-72
-72
-60
-50
-40
-30
-15
-4
-3
7
20
27
38
48
44
37
34
24
22
24
17
9
-3
-18
-28
-36
-43
-45
-47
-49
-51
-51
-48
-45
-37
-23
-11
1
16
30
42
52
63
76
90
107
119
121
117
111
109
112
116
117
111
99
82
65
49
35
25
16
6
-7
-22
-39
-51
-59
-64
-65
-68
-73
-80
-84
-83
-74
-65
-56
-49
-45
-41
-36
-28
-18
-8
1
6
11
13
15
15
19
20
19
16
9
2
-1
-4
-6
-11
-17
-25
-32
-37
-44
-47
-51
-52
-53
-53
-51
-50
-47
-41
-34
-23
-12
-2
7
16
24
32
43
54
61
66
67
67
66
64
61
59
51
43
34
20
8
-5
-17
-27
-38
-47
-57
-66
-74
-81
-85
-85
-83
-80
-76
-71
-62
-50
-36
-22
-11
2
15
29
41
54
67
80
93
104
110
112
111
110
110
108
102
92
81
68
54
42
27
14
-1
-14
-23
-31
-42
-53
-61
-63
-61
-56
-52
-50
-48
-42
-35
-24
-16
-7
1
7
10
15
17
22
25
28
29
25
16
6
0
-5
-8
-15
-24
-36
-48
-57
-61
-63
-66
-68
-70
-72
-71
-68
-63
-55
-46
-37
-31
-27
-22
-13
-1
9
19
25
32
40
45
51
56
59
62
64
62
59
59
58
57
52
44
36
30
25
19
12
3
-5
-9
-14
-18
-26
-32
-40
-45
-45
-47
-46
-47
-47
-46
-43
-37
-30
-24
-16
-9
0
9
17
25
35
43
52
59
65
67
69
70
70
71
68
62
54
43
37
32
24
19
11
0
-7
-15
-21
-23
-24
-27
-27
-25
-23
-20
-18
-15
-11
-6
0
4
9
10
14
18
24
27
28
23
18
11
6
4
-1
-5
-14
-22
-30
-37
-43
-48
-55
-58
-60
-63
-65
-64
-59
-58
-54
-48
-45
-44
-38
-32
-25
-17
-10
-5
2
5
9
14
22
29
33
37
37
38
39
40
38
37
31
29
25
19
14
10
6
3
1
-2
-5
-11
-17
-22
-26
-29
-27
-27
-28
-29
-33
-34
-33
-30
-25
-20
-15
-12
-7
-3
4
11
19
26
33
39
43
46
49
51
51
50
50
50
48
45
39
33
29
26
25
19
13
6
1
-2
-3
-6
-8
-10
-14
-16
-17
-17
-15
-11
-8
-4
0
4
8
15
17
20
23
24
26
28
31
29
27
24
22
17
12
6
-1
-7
-13
-18
-24
-30
-35
-41
-45
-48
-52
-55
-57
-56
-53
-48
-45
-40
-35
-31
-23
-17
-9
-1
7
14
21
26
31
36
40
43
45
45
44
43
39
37
32
27
22
16
8
1
-7
-15
-23
-29
-38
-46
-52
-56
-64
-63
-64
-64
-63
-56
-53
-52
-43
-31
-24
-14
-5
3
11
21
32
40
45
48
52
56
60
62
60
57
52
47
42
35
29
22
16
8
0
-8
-15
-22
-24
-26
-27
-29
-29
-28
-26
-22
-17
-12
-6
0
6
11
16
23
30
34
37
37
37
37
36
35
33
30
24
17
12
6
-2
-8
-14
-20
-25
-31
-36
-41
-44
-47
-48
-47
-44
-42
-38
-34
-30
-23
-17
-8
-2
5
10
16
21
25
29
33
36
38
39
40
41
39
38
37
33
31
27
23
20
15
10
6
0
-4
-11
-16
-21
-24
-27
-29
-31
-34
-36
-38
-38
-38
-37
-34
-32
-29
-24
-20
-17
-15
-10
-5
-3
0
2
4
7
8
9
9
10
12
11
11
11
10
10
9
8
7
5
3
3
1
0
1
1
2
1
2
3
4
5
5
7
9
9
8
10
9
11
10
9
9
6
4
2
0
-2
-2
-3
-6
-7
-9
-12
-12
-11
-13
-13
-14
-15
-17
-16
-14
-14
-13
-12
-12
-8
-9
-7
-7
-5
-6
-3
-1
1
2
4
6
8
10
11
13
15
16
17
19
21
22
24
25
27
28
28
30
29
29
28
27
26
23
20
17
14
10
6
3
-1
-5
-8
-11
-14
-17
-20
-22
-24
-26
-27
-27
-26
-25
-24
-24
-23
-22
-22
-20
-18
-15
-14
-12
-9
-7
-5
-3
0
2
4
5
6
7
7
9
11
11
14
15
15
14
15
15
15
14
14
14
13
12
11
9
8
7
6
4
2
1
0
-2
-4
-5
-7
-7
-9
-10
-11
-10
-11
-10
-11
-10
-10
-9
-8
-6
-5
-4
-2
-1
-2
0
-1
-1
-1
-1
-1
0
-2
-2
-2
-4
-4
-4
-4
-6
-6
-6
-7
-7
-6
-7
-5
-4
-2
-1
1
3
5
7
10
11
14
16
17
19
20
22
22
23
22
23
22
20
19
16
14
11
9
6
4
0
-2
-6
-9
-12
-14
-18
-20
-23
-24
-24
-24
-25
-26
-24
-23
-21
-20
-19
-17
-12
-10
-8
-4
-2
1
4
6
8
10
11
15
15
16
16
17
17
17
15
16
14
13
12
11
9
8
6
5
3
2
0
0
-1
-2
-3
-2
-2
-2
-2
-2
-1
-1
0
-1
1
1
2
2
3
2
3
2
4
3
2
2
1
0
-2
-2
-4
-4
-6
-6
-7
-8
-8
-10
-9
-10
-9
-8
-8
-8
-7
-6
-5
-4
-2
-2
-1
-1
0
1
2
1
3
3
4
4
5
5
5
5
6
6
6
6
5
4
4
4
3
3
2
2
1
1
1
-1
0
-2
-3
-4
-4
-5
-6
-7
-6
-7
-7
-7
-6
-7
-6
-6
-6
-5
-4
-3
-4
-1
0
2
2
3
4
4
5
6
6
7
8
8
8
8
8
6
7
7
6
6
5
4
3
2
1
0
0
0
-1
-2
-3
-2
-3
-2
-3
-3
-1
-1
-1
0
2
1
2
2
2
2
2
2
2
2
1
2
2
1
1
1
1
0
-1
-1
-2
-3
-2
-2
-4
-4
-3
-4
-4
-4
-4
-4
-3
-3
-3
-3
-2
-1
-1
0
2
1
2
2
2
3
3
2
2
4
4
3
4
3
2
1
1
0
2
0
1
0
0
0
1
1
0
0
-1
-2
-3
-3
-2
-2
-1
0
0
0
0
0
0
0
1
1
1
0
1
0
0
1
2
3
2
1
1
-1
0
0
2
1
2
2
2
0
-1
0
0
0
0
1
1
1
0
0
-1
0
0
-1
0
0
0
0
-1
0
0
0
0
0
0
1
0
0
0
0
0
1
0
0
0
0
0
0
0
-1
1
-1
0
-1
0
0
-1
-1
-1
0
0
-1
-1
-2
-2
-2
-1
-1
1
1
1
1
1
1
0
1
1
1
1
1
1
1
0
-1
0
0
0
1
0
0
0
0
-1
0
-1
0
1
0
0
1
0
0
0
0
0
0
0
0
0
0
1
-1
0
-1
0
0
-1
0
0
0
0
-1
0
0
0
0
0
1
0
0
0
0
0
0
0
-1
0
0
0
0
0
0
-1
0
0
0
0
0
0
-1
0
-1
0
0
0
0
1
0
0
0
0
0
0
0
0
0
0
0
0
1
0
0
0
0
1
0
-1
0
1
0
0
0
0
0
0
0
-1
-1
0
0
0
1
0
-1
0
0
-1
0
0
0
-1
0
0
1
0
0
0
0
0
0
1
0
0
0
0
1
0
0
0
1
1
0
0
0
0
0
0
1
0
1
0
0
0
1
0
0
0
-1
1
1
0
-1
0
0
0
0
0
0
0
0
0
0
0
1
0
1
0
0
0
0
0
-1
0
1
0
0
-1
0
-1
0
0
-1
0
0
0
0
0
0
0
0
0
0
0
0
0
0
0
0
0
0
0
0
0
0
0
0
0
0
0
0
0
0
0
0
0
-1
0
0
0
0
0
0
0
-1
0
0
0
0
0
0
0
0
0
0
0
0
0
0
0
0
0
0
0
0
0
0
1
-1
0
0
0
0
0
0
0
1
0
0
0
0
0
-1
0
0
0
0
0
0
0
0
0
0
-1
-1
-1
-1
0
-1
0
0
0
0
0
0
-1
-1
0
-1
0
0
0
-1
0
0
0
0
0
0
0
1
0
0
0
0
0
0
0
0
0
0
1
1
0
0
0
0
0
0
0
0
0
0
0
1
0
0
0
0
0
1
1
0
0
0
0
0
-1
0
0
0
0
0
0
1
0
0
1
0
0
0
1
0
0
1
0
1
1
0
0
0
0
0
0
0
0
0
0
1
0
1
1
-1
0
0
0
0
0
0
0
0
0
0
0
1
0
0
1
0
0
0
1
0
0
0
-1
0
0
0
0
0
0
0
0
0
0
1
0
0
0
-1
-1
0
0
0
0
0
0
0
0
0
0
-1
0
1
0
0
0
0
0
0
0
-1
0
1
0
0
0
0
-1
0
-1
-1
0
0
0
0
1
0
0
0
0
0
0
0
0
1
1
0
1
-1
0
0
0
0
0
0
0
0
0
0
0
0
0
0
0
0
0
0
0
0
0
0
0
0
0
0
0
0
-1
1
0
1
0
0
1
0
0
0
0
0
1
-1
0
0
0
0
0
1
0
0
-1
0
0
0
0
1
0
0
1
-1
-1
0
0
0
0
0
0
0
0
0
0
0
-1
0
0
0
1
0
0
0
0
1
0
-1
-1
0
0
0
-1
0
0
0
0
0
-1
0
0
0
0
-1
0
0
0
0
0
0
0
0
0
0
0
0
0
0
-1
0
0
0
0
0
0
0
0
0
1
0
-1
0
0
0
0
0
0
0
0
0
0
0
0
0
0
0
0
0
0
0
-1
0
0
0
0
0
0
0
0
0
0
0
0
0
1
0
0
0
0
0
0
0
1
0
0
0
1
1
0
0
0
-1
1
1
0
0
0
0
0
0
0
1
0
0
0
1
0
0
0
0
0
-1
0
0
0
0
0
0
0
0
0
0
-1
-1
-1
0
0
0
0
-1
0
0
0
0
0
0
0
0
0
1
0
1
0
0
0
0
0
0
1
-1
0
1
-1
0
0
0
0
0
0
0
-1
0
0
0
-1
0
-1
0
0
0
0
0
-1
0
0
0
0
0
0
-1
0
0
0
0
0
0
0
0
-1
-1
0
0
0
0
0
1
0
0
0
0
0
-1
0
0
0
0
0
0
0
0
0
1
0
1
0
0
1
-1
1
0
0
0
-1
-1
0
0
0
-1
0
-1
0
0
0
-1
0
0
0
0
1
0
0
0
0
0
0
1
0
1
0
0
0
0
0
0
1
0
0
0
1
1
0
0
0
0
0
0
0
0
-1
1
0
0
0
0
0
0
0
1
0
0
-1
0
0
0
-1
-1
0
0
1
0
-1
0
0
0
0
0
0
-1
-1
0
0
-1
1
0
1
0
0
0
0
0
0
1
0
0
0
-1
0
0
0
0
0
1
-1
0
0
0
0
0
0
0
0
0
1
0
0
0
0
0
0
-1
0
0
-1
0
0
-1
0
0
0
0
0
0
0
0
1
0
0
-1
1
0
0
-1
-1
0
0
0
1
-1
0
0
0
-1
1
0
0
0
1
-1
0
0
0
0
0
0
0
0
0
0
0
-1
0
0
0
0
0
0
0
0
0
0
1
-1
0
0
-1
1
0
0
0
0
0
0
0
0
0
0
0
0
0
0
-1
0
0
0
0
0
0
0
-1
0
0
0
-1
0
0
-1
-1
0
0
0
0
0
1
1
-1
0
-1
0
0
0
0
0
0
0
0
1
0
0
0
0
-1
1
0
0
1
0
0
0
0
0
1
1
0
0
0
0
0
-1
0
-1
1
0
1
0
0
1
0
0
1
0
0
0
1
-1
-1
1
0
0
0
-1
0
0
1
0
0
0
0
0
0
-1
0
0
0
-1
0
0
1
1
-1
0
0
0
0
0
0
0
0
0
-1
1
0
0
1
0
0
0
0
1
-1
0
0
0
0
-1
1
0
0
-1
0
0
0
0
0
-1
0
-1
1
0
0
1
0
0
0
0
0
0
0
0
-1
0
0
0
1
0
1
0
0
0
0
-1
0
0
1
1
0
0
0
-1
-1
0
0
0
-1
0
0
1
0
1
0
0
1
0
0
1
0
0
0
0
0
0
0
0
0
0
0
-1
1
0
0
0
0
0
0
0
0
0
0
-1
0
-1
0
0
0
0
0
-1
0
0
0
1
0
0
0
0
0
0
0
0
0
-1
1
1
-1
0
0
0
0
0
0
0
0
0
0
0
0
0
-1
0
0
0
0
0
0
0
0
-1
0
0
0
0
-1
0
-1
0
0
0
0
0
-1
0
0
-1
0
0
0
1
0
0
0
0
0
0
1
0
0
0
0
0
1
0
0
0
1
1
0
0
0
0
0
0
0
0
1
1
1
0
0
-1
0
0
0
-1
-1
0
0
0
0
0
0
0
0
0
0
0
0
0
0
0
0
0
0
0
0
0
1
1
1
0
-1
0
0
0
0
0
0
1
-1
-1
0
0
0
0
0
1
0
-1
0
0
0
0
0
0
0
0
-1
0
0
0
0
1
0
0
0
0
0
-1
1
1
0
0
0
0
1
0
0
0
0
0
0
0
0
0
0
0
0
1
0
0
0
0
0
0
1
0
0
0
0
0
0
0
0
0
0
1
0
-1
0
0
0
0
-1
0
0
0
0
0
0
-1
0
0
-1
0
0
0
-1
1
0
0
0
0
0
0
0
0
0
0
0
0
0
-1
0
-1
0
0
0
0
0
0
0
0
0
1
0
0
0
0
0
0
0
0
0
0
0
1
0
0
0
0
0
0
0
0
0
-1
0
0
1
0
0
0
0
0
0
0
1
0
0
0
0
0
0
-1
0
1
0
0
0
0
0
0
0
0
-1
0
0
0
0
0
0
0
0
1
0
-1
0
1
0
0
-1
0
0
0
0
-1
0
0
0
0
1
0
0
0
0
0
0
0
0
-1
0
0
0
0
0
0
0
0
0
1
0
0
0
0
0
1
0
0
1
0
1
-1
0
0
0
0
0
0
0
0
-1
0
-1
-1
0
0
0
0
0
0
0
0
0
0
-1
0
-1
0
0
0
0
0
0
-1
0
0
0
0
0
0
0
0
0
0
0
0
0
0
0
0
0
1
1
0
-1
0
0
0
0
0
0
0
0
0
0
0
0
0
0
0
0
1
0
0
0
0
0
1
0
0
0
0
0
0
0
-1
-1
0
0
0
0
0
-1
-1
0
0
0
-1
1
0
0
-1
0
0
0
0
0
0
0
0
0
0
0
0
0
0
0
0
1
0
0
-1
0
0
0
0
0
0
1
0
0
-1
-1
0
0
0
0
-1
0
0
0
0
0
1
0
0
1
0
1
0
0
0
0
0
0
-1
0
0
0
0
0
0
1
0
0
0
0
0
0
-1
-1
0
-1
0
0
0
0
0
0
0
0
0
0
0
0
0
0
-1
0
0
0
0
1
0
0
0
0
0
0
0
0
0
0
-1
1
-1
0
0
0
0
0
0
0
0
1
0
1
0
0
0
1
-1
0
0
0
0
0
0
0
0
0
0
-1
0
0
0
0
1
1
0
1
0
0
0
0
0
0
0
0
0
0
-1
-1
-1
-1
0
0
0
0
0
-1
0
0
0
0
0
-1
0
-1
0
1
0
0
1
0
0
-1
0
-1
0
0
0
-1
0
1
-1
0
0
0
0
-1
0
1
0
-1
1
1
0
1
-1
0
0
1
0
0
-1
1
0
0
1
0
0
0
0
1
0
0
0
0
1
0
-1
0
-1
0
1
0
1
-1
0
1
0
0
0
0
0
-1
0
0
0
0
0
0
0
0
0
0
-1
0
1
0
1
0
-1
0
0
1
0
0
0
0
0
0
-1
0
-1
0
0
0
0
0
0
0
1
0
1
0
0
0
0
0
-1
0
0
0
0
0
-1
0
0
0
0
0
0
1
0
0
0
0
1
0
0
0
0
0
0
0
0
0
-1
0
1
0
0
0
0
0
0
0
0
0
0
0
0
0
0
0
-1
1
0
0
0
-1
0
0
0
1
0
0
0
-1
0
0
0
0
1
1
0
1
0
0
-1
0
-1
0
0
0
0
0
0
0
0
0
0
0
0
0
1
0
0
0
0
0
0
0
0
0
0
0
0
0
0
0
0
0
0
1
0
0
0
1
0
0
0
0
0
0
0
0
1
1
0
0
1
0
0
0
0
0
1
0
0
-1
1
0
-1
-1
0
0
0
0
0
1
0
1
0
0
0
1
0
-1
0
-1
0
0
-1
0
0
0
-1
0
0
0
0
0
0
0
0
1
-1
0
0
0
0
-1
0
0
0
0
0
1
0
0
0
0
0
0
0
0
1
1
0
0
0
0
0
0
0
0
0
1
0
-1
0
0
0
0
0
0
0
0
0
0
1
0
1
1
1
0
0
0
0
0
0
0
0
0
0
0
0
-1
0
0
0
-1
0
-1
0
0
0
0
0
0
0
-1
1
0
1
0
0
0
0
1
1
0
-1
0
1
-1
0
0
0
0
0
0
0
0
0
0
0
0
0
1
-1
0
0
0
0
0
0
0
-1
0
-1
0
0
0
0
0
-1
0
1
0
0
0
1
0
0
0
0
0
0
0
0
0
0
0
0
0
0
1
0
1
0
-1
-1
-1
0
0
0
0
0
0
0
-1
0
0
1
-1
0
1
0
0
0
0
0
0
0
-1
0
0
0
0
0
0
0
0
0
0
0
0
0
0
0
0
0
0
0
0
0
0
1
0
1
0
0
0
1
0
0
-1
1
0
-1
0
0
-1
0
0
0
0
-1
0
0
0
0
1
0
0
0
1
0
0
1
-1
0
0
0
0
0
0
-1
0
1
0
0
0
1
-1
0
0
0
-1
0
0
0
-1
0
1
0
-1
0
0
-1
-1
0
0
0
0
-1
-1
-1
0
0
0
0
0
0
0
0
0
1
0
-1
0
1
0
1
0
0
0
-1
0
0
0
0
0
0
-1
1
0
0
0
0
1
0
0
0
-1
0
1
0
0
0
0
0
0
0
0
0
0
-1
1
-1
0
1
0
0
0
0
0
0
0
0
0
0
0
0
0
0
0
1
0
0
0
0
-1
1
0
0
0
0
0
0
0
0
0
0
0
0
-1
0
0
0
-1
0
0
1
1
0
0
0
0
-1
0
1
0
-1
0
0
0
0
-1
0
0
0
0
0
-1
-1
0
0
0
0
1
0
0
0
0
-1
0
0
0
0
0
0
0
0
1
0
-1
0
0
-1
0
0
0
0
0
0
0
0
0
0
0
1
0
0
0
0
-1
-1
0
-1
0
0
0
-1
0
0
0
0
1
1
-1
0
0
-1
-1
0
0
-1
0
0
-1
0
0
-1
1
-1
0
0
-1
0
0
0
0
0
0
0
1
0
0
-1
1
1
0
0
0
0
0
0
0
0
0
1
0
0
0
0
0
0
-1
0
0
-1
0
0
1
0
0
1
0
0
0
1
0
0
0
0
0
0
1
-1
0
0
0
1
0
-1
0
0
0
0
0
-1
0
0
0
0
1
0
0
1
0
0
0
1
0
0
0
0
0
1
0
0
0
0
0
0
0
1
0
0
0
0
-1
0
0
-1
-1
0
-1
0
0
0
1
1
0
0
0
-1
1
0
0
0
0
1
0
1
0
0
1
1
0
0
0
0
0
-1
0
0
0
-1
0
0
1
0
0
0
0
1
0
1
0
0
0
0
-1
0
0
0
0
0
-1
0
0
0
1
1
0
0
-1
0
0
1
0
0
-1
1
0
0
0
0
-1
0
0
0
0
0
0
0
0
0
0
0
1
0
0
0
-1
0
1
0
0
1
-1
0
-1
-1
0
0
0
0
0
0
0
0
-1
0
-1
1
0
1
1
0
0
0
0
0
0
0
0
0
0
0
0
0
0
1
0
-1
0
0
0
0
0
0
-1
0
0
-1
0
0
0
0
0
0
0
1
1
0
0
0
0
0
0
0
-1
0
0
0
0
0
0
-1
-1
0
0
0
0
0
1
0
1
-1
0
0
-1
0
0
0
1
0
0
0
0
0
0
0
1
0
1
0
0
0
-1
-1
0
0
0
0
1
0
-1
0
0
0
0
1
0
-1
0
0
0
0
0
1
0
0
0
0
0
0
0
0
0
0
1
0
0
0
0
0
0
0
0
0
0
0
0
0
-1
-1
0
0
0
0
0
0
-1
0
0
-1
0
0
0
0
0
0
0
0
0
0
0
0
0
0
0
0
0
-1
0
0
1
0
0
-1
1
0
0
0
0
0
0
0
0
0
0
-1
1
0
0
-1
0
0
0
1
0
-1
0
0
0
0
0
0
0
1
-1
0
-1
0
-1
-1
0
0
0
1
0
0
0
0
0
1
0
-1
-1
0
0
0
0
0
0
0
-1
0
-1
0
1
0
0
0
0
1
0
0
0
0
0
-1
-1
0
0
0
0
-1
0
1
0
1
0
0
0
0
-1
0
0
0
-1
0
0
0
0
0
0
0
0
-1
0
0
0
1
0
1
0
-1
0
1
0
0
-1
0
0
0
0
0
0
1
0
1
0
0
0
0
0
1
0
1
0
0
0
1
0
0
0
0
0
-1
0
0
0
0
0
0
0
0
0
-1
0
0
0
0
0
0
0
0
0
0
1
0
1
0
0
1
0
0
1
0
0
1
0
0
1
0
0
0
0
0
0
0
0
0
0
0
1
0
0
-1
0
0
-1
0
-1
0
0
1
1
0
0
0
-1
0
0
0
0
0
0
1
0
0
-1
0
0
0
0
-1
0
1
0
0
0
0
0
-1
0
0
0
0
0
0
0
1
0
0
0
0
0
-1
0
0
0
0
0
1
0
0
0
0
0
0
0
1
0
-1
0
-1
1
0
0
0
0
-1
0
-1
0
0
0
0
-1
1
0
0
0
1
0
-1
0
1
1
0
-1
0
0
0
0
0
0
0
0
-1
0
0
0
0
1
-1
0
0
-1
0
0
0
0
0
1
1
0
0
0
-1
-1
0
0
0
1
0
0
0
0
0
0
1
0
0
-1
0
0
1
0
0
0
0
0
1
0
0
-1
0
0
0
0
0
0
0
0
1
0
0
0
0
0
0
0
0
1
0
0
0
0
0
0
-1
0
0
0
0
1
0
0
1
0
0
0
1
-1
0
-1
0
0
0
1
0
0
0
0
0
0
1
0
0
0
0
0
0
0
0
0
-1
0
0
0
1
0
0
0
1
0
0
0
0
0
0
0
0
0
0
1
0
1
0
-1
0
0
-1
0
0
0
-1
0
0
0
-1
0
-1
1
-1
1
0
0
0
0
0
1
0
1
0
0
0
0
0
0
0
0
0
0
0
1
0
0
-1
0
0
0
0
0
0
0
0
0
0
-1
0
0
1
0
0
-1
0
0
0
0
0
0
0
0
-1
0
1
0
0
0
0
1
0
0
0
0
0
-1
0
0
-1
0
0
0
0
0
0
0
0
0
0
0
1
1
1
1
0
0
-1
1
0
0
0
0
0
0
0
0
0
0
0
0
1
0
0
1
0
1
0
0
1
0
0
0
0
1
0
0
-1
0
0
1
1
0
0
-1
0
-1
-1
0
0
0
1
1
0
-1
0
1
0
0
0
0
1
0
1
-1
0
1
0
0
0
-1
0
0
0
1
0
-1
0
-1
-1
0
0
1
0
0
0
1
1
0
0
1
1
-1
0
-1
0
0
0
1
0
0
0
0
-1
0
0
-1
0
0
-1
-1
1
0
0
0
0
-1
0
1
0
0
0
-1
1
0
1
0
1
-1
0
0
0
-1
0
0
0
0
0
0
0
0
0
0
0
0
0
0
0
0
0
1
0
0
0
0
1
0
0
0
0
0
0
0
0
0
0
0
0
0
0
0
0
0
0
0
0
1
0
0
0
0
-1
0
0
1
0
0
0
0
0
-1
0
0
0
0
0
0
-1
0
0
-1
0
0
0
-1
0
0
0
0
-1
0
0
0
0
0
0
0
0
0
0
0
0
0
0
0
-1
0
0
0
-1
0
-1
0
-1
0
0
0
0
1
0
0
0
0
-1
1
0
0
0
0
0
1
0
0
0
0
0
0
1
0
0
0
0
-1
0
-1
0
0
0
0
0
0
0
0
0
0
0
0
0
0
0
0
0
1
0
1
1
0
1
0
0
0
0
0
1
0
1
0
0
0
1
0
0
-1
0
0
1
0
-1
0
0
0
0
-1
-1
1
0
0
1
0
0
1
0
0
0
-1
1
0
0
0
0
0
0
-1
0
0
0
0
0
0
0
0
0
0
0
0
0
0
0
0
0
0
0
0
-1
0
-1
0
-1
0
0
0
0
0
-1
0
-1
1
0
0
0
0
0
-1
0
-1
0
-1
0
0
0
0
-1
0
-1
0
1
0
0
0
0
0
0
1
0
0
0
0
0
0
-1
0
0
0
0
0
0
0
0
1
0
1
1
0
0
0
0
0
0
0
0
0
0
1
0
1
0
0
0
0
0
0
0
1
0
0
0
2
1
2
2
1
1
1
1
0
1
0
1
0
0
0
0
0
0
0
0
0
0
0
0
0
-1
-1
0
0
0
0
1
0
0
2
0
1
2
0
1
3
0
-4
3
4
-7
2
5
-7
0
7
-3
0
-2
3
6
-7
1
3
-1
-2
-1
1
10
-1
-9
-4
63
-71
-13
80
-29
-59
28
146
-222
94
144
-211
93
22
-16
-37
16
19
-22
-8
-35
72
-67
-23
58
-13
-36
23
46
-47
5
30
-1
-16
-11
62
-41
-16
56
-19
-25
38
16
-41
42
20
-43
40
7
-37
36
-22
-12
19
-28
-3
14
-23
-10
32
-34
2
24
-15
-4
11
3
-4
-4
4
4
-14
5
-1
-1
3
-7
9
0
-1
-3
16
-2
-16
26
-13
-3
1
-5
2
-9
-6
6
2
-17
10
12
-16
6
12
3
-2
4
10
-1
-2
-4
13
-11
-2
7
-3
-3
1
7
-3
0
5
5
-4
1
5
-3
-8
3
-1
-16
2
2
-16
5
-2
-6
2
0
-4
5
-1
-3
13
-11
6
4
-6
0
5
-3
-2
4
7
1
-3
18
4
-10
20
0
-1
2
0
4
-9
0
2
-4
0
-5
7
-5
-5
7
-6
-3
2
2
-11
6
-1
-7
3
-2
-1
-1
0
-1
4
-7
8
0
-4
2
6
-4
-1
5
0
-5
3
-1
1
-5
0
7
-8
1
8
0
-6
9
3
-1
0
7
0
-4
6
0
1
-4
1
6
-9
2
6
-7
1
-2
2
-7
4
-4
0
-1
-2
1
-1
-1
-2
2
-2
-1
1
1
-2
1
0
2
-3
0
4
-4
-3
9
-7
-2
6
-2
0
-2
6
-8
6
-4
0
0
-3
4
-4
4
-1
-2
2
-1
-1
2
-2
0
3
-4
2
2
-1
0
-1
3
-2
-1
-1
4
-6
-1
3
-3
0
1
-1
1
4
-4
4
-1
-2
1
0
-1
1
1
0
-1
2
1
-1
1
1
-3
0
3
-1
-4
1
0
-2
-2
2
0
-1
3
1
2
2
3
3
2
2
0
0
2
-1
-1
-1
5
-3
2
0
1
-1
-2
3
-1
-4
2
1
-5
0
2
-5
0
2
-2
0
0
2
-2
-1
2
-1
0
-1
2
-1
-3
4
-2
-2
2
-1
1
1
-1
1
0
-1
-2
-1
1
-2
0
1
0
0
-1
2
0
1
1
2
-1
3
0
0
3
1
-1
1
0
-3
-2
0
2
0
1
2
0
0
-2
0
0
2
0
2
0
0
-3
0
0
1
-2
3
0
0
-2
1
-1
-2
1
1
-1
0
0
-1
0
-2
-1
1
-2
0
1
0
0
0
0
-1
-1
0
-1
0
0
0
-1
0
0
0
0
0
0
0
1
0
0
0
0
0
0
0
0
0
0
2
2
1
1
1
1
1
1
1
1
0
0
0
1
0
0
0
0
0
1
1
0
0
0
0
0
-1
0
0
0
0
0
0
1
0
0
1
0
0
0
1
0
0
1
0
1
1
0
0
0
0
0
0
0
0
0
0
1
0
1
1
-1
0
0
0
0
0
0
0
0
0