23
20
18
15
13
9
9
6
5
5
3
2
1
2
3
7
10
12
16
18
21
23
23
25
26
29
28
30
29
28
29
28
27
27
24
22
18
16
11
8
7
3
0
-2
-5
-7
-9
-9
-10
-10
-10
-10
-11
-11
-13
-12
-12
-12
-13
-12
-12
-11
-10
-13
-12
-13
-15
-18
-21
-26
-30
-34
-38
-42
-42
-46
-47
-48
-49
-48
-48
-47
-45
-45
-42
-40
-36
-31
-27
-18
-12
-5
1
9
17
23
31
36
40
45
47
51
51
52
53
52
51
50
47
44
40
35
29
22
17
12
6
2
-5
-8
-13
-17
-20
-21
-23
-22
-21
-18
-17
-16
-13
-10
-7
-4
1
5
10
13
19
24
29
32
37
39
42
44
44
43
43
39
36
33
28
24
18
11
4
-2
-9
-15
-22
-25
-33
-38
-43
-48
-52
-55
-55
-56
-56
-54
-53
-49
-46
-40
-34
-27
-20
-14
-10
-3
2
8
14
18
22
24
26
27
27
27
28
27
24
22
17
11
7
3
-1
-4
-8
-11
-14
-17
-19
-21
-22
-22
-21
-21
-19
-17
-15
-12
-8
-4
1
5
8
13
17
21
24
26
29
29
31
30
30
29
27
24
22
18
13
10
6
2
0
-5
-8
-11
-14
-16
-18
-19
-22
-22
-23
-22
-21
-18
-16
-12
-9
-5
-1
2
5
8
10
11
13
14
15
16
17
17
16
15
13
12
10
7
3
0
-2
-6
-9
-12
-14
-17
-19
-19
-19
-18
-16
-14
-12
-10
-8
-8
-6
-5
-4
-1
1
5
8
11
13
15
17
18
17
16
14
12
11
7
4
3
2
0
-2
-3
-4
-7
-10
-10
-11
-12
-13
-13
-12
-11
-9
-8
-5
-3
-1
0
3
5
7
9
11
11
10
12
12
12
12
12
12
11
9
7
5
3
1
0
-1
-3
-4
-4
-6
-6
-6
-7
-7
-6
-6
-6
-5
-3
-4
-3
-2
0
1
2
3
3
4
4
6
5
3
4
3
3
2
1
1
1
0
0
0
-1
-2
-2
-3
-4
-4
-4
-5
-6
-5
-6
-6
-6
-6
-6
-5
-5
-4
-4
-3
-3
-2
-1
-2
0
-1
1
1
1
2
2
2
2
2
2
3
2
1
1
1
1
1
1
1
0
-1
-1
0
-1
0
0
1
1
0
0
0
0
0
1
1
2
0
0
0
1
2
3
4
5
4
3
3
3
4
4
3
3
3
2
1
1
2
2
3
2
2
0
0
0
0
0
0
1
1
1
2
1
0
1
2
0
0
-2
-1
-1
-1
-1
-3
-2
-2
-2
-1
-1
-1
-1
-1
-2
-3
-3
-3
-3
-4
-2
-1
-1
-1
-2
-2
-2
-1
-1
0
0
0
0
0
0
2
1
1
2
1
2
0
0
1
1
1
1
1
1
1
0
1
0
0
1
1
1
1
0
0
0
0
0
0
-1
0
-1
0
0
0
0
0
0
-1
0
0
0
0
0
0
0
0
0
0
0
0
0
0
0
0
0
1
1
0
-1
0
0
0
0
0
0
0
0
0
0
0
0
0
0
0
0
1
0
0
0
-1
-1
0
-1
-1
-2
-2
-1
-2
-2
-2
-2
-1
0
0
0
1
0
0
1
1
1
0
1
0
0
-1
0
0
0
0
0
0
0
0
0
0
0
0
0
0
0
0
1
0
0
-1
0
0
1
0
0
-1
0
-1
0
-1
0
2
2
2
2
0
1
2
2
1
1
1
0
-1
1
0
2
1
1
1
1
0
0
-1
0
0
0
0
0
0
1
0
0
0
0
0
0
-1
-1
0
-1
0
0
0
0
0
0
0
0
0
0
0
0
0
0
-1
0
0
0
0
1
0
0
0
0
0
0
0
0
0
0
-1
1
-1
0
0
0
0
0
0
0
0
1
0
1
0
0
0
1
-1
0
0
0
0
0
0
0
0
0
0
-1
0
0
0
0
1
1
0
1
0
0
0
0
0
0
0
0
0
0
-1
-1
-1
-1
0
0
0
0
0
-1
0
0
0
0
0
-1
0
-1
0
1
0
0
1
0
0
-1
0
-1
0
0
0
-1
0
1
-1
0
0
0
0
-1
0
1
0
-1
1
1
0
1
-1
0
0
1
0
0
-1
1
0
0
1
0
0
0
0
1
0
0
0
0
1
0
-1
0
-1
0
1
0
1
-1
0
1
0
0
0
0
0
-1
0
0
0
0
0
0
0
0
0
0
-1
0
1
0
1
0
-1
0
0
1
0
0
0
0
0
0
-1
0
-1
0
0
0
0
0
0
0
1
0
1
0
0
0
0
0
-1
0
0
0
0
0
-1
0
0
0
0
0
0
1
0
0
0
0
1
0
0
0
0
0
0
0
0
0
-1
0
1
0
0
0
0
0
0
0
0
0
0
0
0
0
0
0
-1
1
0
0
0
-1
0
0
0
1
0
0
0
-1
0
0
0
0
1
1
0
1
0
0
-1
0
-1
0
0
0
0
0
0
0
0
0
0
0
0
0
1
0
0
0
0
0
0
0
0
0
0
0
0
0
0
0
0
0
0
1
0
0
0
1
0
0
0
0
0
0
0
0
1
1
0
0
1
0
0
0
0
0
1
0
0
-1
1
0
-1
-1
0
0
0
0
0
1
0
1
0
0
0
1
0
-1
0
-1
0
0
-1
0
0
0
-1
0
0
0
0
0
0
0
0
1
-1
0
0
0
0
-1
0
0
0
0
0
1
0
0
0
0
0
0
0
0
1
1
0
0
0
0
0
0
0
0
0
1
0
-1
0
0
0
0
0
0
0
0
0
0
1
0
1
1
1
0
0
0
0
0
0
0
0
0
0
0
0
-1
0
0
0
-1
0
-1
0
0
0
0
0
0
0
-1
1
0
1
0
0
0
0
1
1
0
-1
0
1
-1
0
0
0
0
0
0
0
0
0
0
0
0
0
1
-1
0
0
0
0
0
0
0
-1
0
-1
0
0
0
0
0
-1
0
1
0
0
0
1
0
0
0
0
0
0
0
0
0
0
0
0
0
0
1
0
1
0
-1
-1
-1
0
0
0
0
0
0
0
-1
0
0
1
-1
0
1
0
0
0
0
0
0
0
-1
0
0
0
0
0
0
0
0
0
0
0
0
0
0
0
0
0
0
0
0
0
0
1
0
1
0
0
0
1
0
0
-1
1
0
-1
0
0
-1
0
0
0
0
-1
0
0
0
0
1
0
0
0
1
0
0
1
-1
0
0
0
0
0
0
-1
0
1
0
0
0
1
-1
0
0
0
-1
0
0
0
-1
0
1
0
-1
0
0
-1
-1
0
0
0
0
-1
-1
-1
0
0
0
0
0
0
0
0
0
1
0
-1
0
1
0
1
0
0
0
-1
0
0
0
0
0
0
-1
1
0
0
0
0
1
0
0
0
-1
0
1
0
0
0
0
0
0
0
0
0
0
-1
1
-1
0
1
0
0
0
0
0
0
0
0
0
0
0
0
0
0
0
1
0
0
0
0
-1
1
0
0
0
0
0
0
0
0
0
0
0
0
-1
0
0
0
-1
0
0
1
1
0
0
0
0
-1
0
1
0
-1
0
0
0
0
-1
0
0
0
0
0
-1
-1
0
0
0
0
1
0
0
0
0
-1
0
0
0
0
0
0
0
0
1
0
-1
0
0
-1
0
0
0
0
0
0
0
0
0
0
0
1
0
0
0
0
-1
-1
0
-1
0
0
0
-1
0
0
0
0
1
1
-1
0
0
-1
-1
0
0
-1
0
0
-1
0
0
-1
1
-1
0
0
-1
0
0
0
0
0
0
0
1
0
0
-1
1
1
0
0
0
0
0
0
0
0
0
1
0
0
0
0
0
0
-1
0
0
-1
0
0
1
0
0
1
0
0
0
1
0
0
0
0
0
0
1
-1
0
0
0
1
0
-1
0
0
0
0
0
-1
0
0
0
0
1
0
0
1
0
0
0
1
0
0
0
0
0
1
0
0
0
0
0
0
0
1
0
0
0
0
-1
0
0
-1
-1
0
-1
0
0
0
1
1
0
0
0
-1
1
0
0
0
0
1
0
1
0
0
1
1
0
0
0
0
0
-1
0
0
0
-1
0
0
1
0
0
0
0
1
0
1
0
0
0
0
-1
0
0
0
0
0
-1
0
0
0
1
1
0
0
-1
0
0
1
0
0
-1
1
0
0
0
0
-1
0
0
0
0
0
0
0
0
0
0
0
1
0
0
0
-1
0
1
0
0
1
-1
0
-1
-1
0
0
0
0
0
0
0
0
-1
0
-1
1
0
1
1
0
0
0
0
0
0
0
0
0
0
0
0
0
0
1
0
-1
0
0
0
0
0
0
-1
0
0
-1
0
0
0
0
0
0
0
1
1
0
0
0
0
0
0
0
-1
0
0
0
0
0
0
-1
-1
0
0
0
0
0
1
0
1
-1
0
0
-1
0
0
0
1
0
0
0
0
0
0
0
1
0
1
0
0
0
-1
-1
0
0
0
0
1
0
-1
0
0
0
0
1
0
-1
0
0
0
0
0
1
0
0
0
0
0
0
0
0
0
0
1
0
0
0
0
0
0
0
0
0
0
0
0
0
-1
-1
0
0
0
0
0
0
-1
0
0
-1
0
0
0
0
0
0
0
0
0
0
0
0
0
0
0
0
0
-1
0
0
1
0
0
-1
1
0
0
0
0
0
0
0
0
0
0
-1
1
0
0
-1
0
0
0
1
0
-1
0
0
0
0
0
0
0
1
-1
0
-1
0
-1
-1
0
0
0
1
0
0
0
0
0
1
0
-1
-1
0
0
0
0
0
0
0
-1
0
-1
0
1
0
0
0
0
1
0
0
0
0
0
-1
-1
0
0
0
0
-1
0
1
0
1
0
0
0
0
-1
0
0
0
-1
0
0
0
0
0
0
0
0
-1
0
0
0
1
0
1
0
-1
0
1
0
0
-1
0
0
0
0
0
0
1
0
1
0
0
0
0
0
1
0
1
0
0
0
1
0
0
0
0
0
-1
0
0
0
0
0
0
0
0
0
-1
0
0
0
0
0
0
0
0
0
0
1
0
1
0
0
1
0
0
1
0
0
1
0
0
1
0
0
0
0
0
0
0
0
0
0
0
1
0
0
-1
0
0
-1
0
-1
0
0
1
1
0
0
0
-1
0
0
0
0
0
0
1
0
0
-1
0
0
0
0
-1
0
1
0
0
0
0
0
-1
0
0
0
0
0
0
0
1
0
0
0
0
0
-1
0
0
0
0
0
1
0
0
0
0
0
0
0
1
0
-1
0
-1
1
0
0
0
0
-1
0
-1
0
0
0
0
-1
1
0
0
0
1
0
-1
0
1
1
0
-1
0
0
0
0
0
0
0
0
-1
0
0
0
0
1
-1
0
0
-1
0
0
0
0
0
1
1
0
0
0
-1
-1
0
0
0
1
0
0
0
0
0
0
1
0
0
-1
0
0
1
0
0
0
0
0
1
0
0
-1
0
0
0
0
0
0
0
0
1
0
0
0
0
0
0
0
0
1
0
0
0
0
0
0
-1
0
0
0
0
1
0
0
1
0
0
0
1
-1
0
-1
0
0
0
1
0
0
0
0
0
0
1
0
0
0
0
0
0
0
0
0
-1
0
0
0
1
0
0
0
1
0
0
0
0
0
0
0
0
0
0
1
0
1
0
-1
0
0
-1
0
0
0
-1
0
0
0
-1
0
-1
1
-1
1
0
0
0
0
0
1
0
1
0
0
0
0
0
0
0
0
0
0
0
1
0
0
-1
0
0
0
0
0
0
0
0
0
0
-1
0
0
1
0
0
-1
0
0
0
0
0
0
0
0
-1
0
1
0
0
0
0
1
0
0
0
0
0
-1
0
0
-1
0
0
0
0
0
0
0
0
0
0
0
1
1
1
1
0
0
-1
1
0
0
0
0
0
0
0
0
0
0
0
0
1
0
0
1
0
1
0
0
1
0
0
0
0
1
0
0
-1
0
0
1
1
0
0
-1
0
-1
-1
0
0
0
1
1
0
-1
0
1
0
0
0
0
1
0
1
-1
0
1
0
0
0
-1
0
0
0
1
0
-1
0
-1
-1
0
0
1
0
0
0
1
1
0
0
1
1
-1
0
-1
0
0
0
1
0
0
0
0
-1
0
0
-1
0
0
-1
-1
1
0
0
0
0
-1
0
1
0
0
0
-1
1
0
1
0
1
-1
0
0
0
-1
0
0
0
0
0
0
0
0
0
0
0
0
0
0
0
0
0
1
0
0
0
0
1
0
0
0
0
0
0
0
0
0
0
0
0
0
0
0
0
0
0
0
0
1
0
0
0
0
-1
0
0
1
0
0
0
0
0
-1
0
0
0
0
0
0
-1
0
0
-1
0
0
0
-1
0
0
0
0
-1
0
0
0
0
0
0
0
0
0
0
0
0
0
0
0
-1
0
0
0
-1
0
-1
0
-1
0
0
0
0
1
0
0
0
0
-1
1
0
0
0
0
0
1
0
0
0
0
0
0
1
0
0
0
0
-1
0
-1
0
0
0
0
0
0
0
0
0
0
0
0
0
0
0
0
0
1
0
1
1
0
1
0
0
0
0
0
1
0
1
0
0
0
1
0
0
-1
0
0
1
0
-1
0
0
0
0
-1
-1
1
0
0
1
0
0
1
0
0
0
-1
1
0
0
0
0
0
0
-1
0
0
0
0
0
0
0
0
0
0
0
0
0
0
0
0
0
0
0
0
-1
0
-1
0
-1
0
0
0
0
0
-1
0
-1
1
0
0
0
0
0
-1
0
-1
0
-1
0
0
0
0
-1
0
-1
0
1
0
0
0
0
0
0
1
0
0
0
0
0
0
-1
0
0
0
0
0
0
0
0
1
0
1
1
0
0
0
0
0
0
0
0
0
0
1
0
1
0
0
0
0
0
0
0
1
0
0
0
1
0
1
1
0
0
0
0
-1
0
0
1
0
0
0
0
0
0
0
0
0
0
0
0
0
-1
0
0
0
0
0
0
0
0
0
-1
0
1
0
0
0
0
0
0
0
-1
1
0
0
0
1
0
1
0
0
0
0
0
0
0
-1
0
1
0
0
0
1
0
0
0
0
-1
1
1
0
0
1
0
0
0
0
0
0
0
0
-1
0
0
0
0
1
0
0
0
0
0
0
-1
-1
1
0
0
1
0
0
-1
0
-1
1
0
1
0
0
0
0
1
-1
0
0
0
0
0
0
0
0
0
0
0
0
0
0
-1
0
0
0
0
1
0
0
0
0
0
0
0
0
-1
0
0
0
-1
0
0
1
0
-1
0
0
0
0
1
1
1
0
0
-1
0
0
-1
0
0
0
0
-1
0
0
0
0
0
0
1
0
0
0
0
0
1
0
0
0
0
0
0
0
-1
1
-1
0
-1
0
0
0
0
-1
0
0
0
0
0
0
0
0
0
1
0
0
0
0
0
0
0
0
0
0
0
0
0
0
-1
0
0
0
1
0
0
0
0
-1
0
-1
0
1
0
0
1
0
0
0
0
0
0
0
0
0
0
1
-1
0
-1
0
0
-1
0
0
0
0
-1
0
0
0
0
0
1
0
0
0
0
0
0
0
-1
0
0
0
0
0
0
-1
0
0
0
0
0
0
-1
0
-1
0
0
0
0
1
0
0
0
0
0
0
0
0
0
0
0
0
1
0
0
0
0
1
0
-1
0
1
0
0
0
0
0
0
0
-1
-1
0
0
0
1
0
-1
0
0
-1
0
0
0
-1
0
0
1
0
0
0
0
0
0
1
0
0
0
0
1
0
0
0
1
1
0
0
0
0
0
0
1
0
1
0
0
0
1
0
0
0
-1
1
1
0
-1
0
0
0
0
0
0
0
0
0
0
0
1
0
1
0
0
0
0
0
-1
0
1
0
0
-1
0
-1
0
0
-1
0
0
0
0
0
0
0
0
0
0
0
0
0
0
0
0
0
0
0
0
0
0
0
0
0
0
0
0
0
0
0
0
0
-1
0
0
0
0
0
0
0
-1
0
0
0
0
0
0
0
0
0
0
0
0
0
0
0
0
0
0
0
0
0
0
1
-1
0
0
0
0
0
0
0
1
0
0
0
0
0
-1
0
0
0
0
0
0
0
0
0
0
-1
-1
-1
-1
0
-1
0
0
0
0
0
0
-1
-1
0
-1
0
0
0
-1
0
0
0
0
0
0
0
1
0
0
0
0
0
0
0
0
0
0
1
1
0
0
0
0
0
0
0
0
0
0
0
1
0
0
0
0
0
1
1
0
0
0
0
0
-1
0
0
0
0
0
0
1
0
0
1
0
0
0
1
0
0
1
0
1
1
0
0
0
0
0
0
0
0
0
0
1
0
1
1
-1
0
0
0
0
0
0
0
0
0
0
0
1
0
0
1
0
0
0
1
0
0
0
-1
0
0
0
0
0
0
0
0
0
0
1
0
0
0
-1
-1
0
0
0
0
0
0
0
0
0
0
-1
0
1
0
0
0
0
0
0
0
-1
0
1
0
0
0
0
-1
0
-1
-1
0
0
0
0
1
0
0
0
0
0
0
0
0
1
1
0
1
-1
0
0
0
0
0
0
0
0
0
0
0
0
0
0
0
0
0
0
0
0
0
0
0
0
0
0
0
0
-1
1
0
1
0
0
1
0
0
0
0
0
1
-1
0
0
0
0
0
1
0
0
-1
0
0
0
0
1
0
0
1
-1
-1
0
0
0
0
0
0
0
0
0
0
0
-1
0
0
0
1
0
0
0
0
1
0
-1
-1
0
0
0
-1
0
0
0
0
0
-1
0
0
0
0
-1
0
0
0
0
0
0
0
0
0
0
0
0
0
0
-1
0
0
0
0
0
0
0
0
0
1
0
-1
0
0
0
0
0
0
0
0
0
0
0
0
0
0
0
0
0
0
0
-1
0
0
0
0
0
0
0
0
0
0
0
0
0
1
0
0
0
0
0
0
0
1
0
0
0
1
1
0
0
0
-1
1
1
0
0
0
0
0
0
0
1
0
0
0
1
0
0
0
0
0
-1
0
0
0
0
0
0
0
0
0
0
-1
-1
-1
0
0
0
0
-1
0
0
0
0
0
0
0
0
0
1
0
1
0
0
0
0
0
0
1
-1
0
1
-1
0
0
0
0
0
0
0
-1
0
0
0
-1
0
-1
0
0
0
0
0
-1
0
0
0
0
0
0
-1
0
0
0
0
0
0
0
0
-1
-1
0
0
0
0
0
1
0
0
0
0
0
-1
0
0
0
0
0
0
0
0
0
1
0
1
0
0
1
-1
1
0
0
0
-1
-1
0
0
0
-1
0
-1
0
0
0
-1
0
0
0
0
1
0
0
0
0
0
0
1
0
1
0
0
0
0
0
0
1
0
0
0
1
1
0
0
0
0
0
0
0
0
-1
1
0
0
0
0
0
0
0
1
0
0
-1
0
0
0
-1
-1
0
0
1
0
-1
0
0
0
0
0
0
-1
-1
0
0
-1
1
0
1
0
0
0
0
0
0
1
0
0
0
-1
0
0
0
0
0
1
-1
0
0
0
0
0
0
0
0
0
1
0
0
0
0
0
0
-1
0
0
-1
0
0
-1
0
0
0
0
0
0
0
0
1
0
0
-1
1
0
0
-1
-1
0
0
0
1
-1
0
0
0
-1
1
0
0
0
1
-1
0
0
0
0
0
0
0
0
0
0
0
-1
0
0
0
0
0
0
0
0
0
0
1
-1
0
0
-1
1
0
0
0
0
0
0
0
0
0
0
0
0
0
0
-1
0
0
0
0
0
0
0
-1
0
0
0
-1
0
0
-1
-1
0
0
0
0
0
1
1
-1
0
-1
0
0
0
0
0
0
0
0
1
0
0
0
0
-1
1
0
0
1
0
0
0
0
0
1
1
0
0
0
0
0
-1
0
-1
1
0
1
0
0
1
0
0
1
0
0
0
1
-1
-1
1
0
0
0
-1
0
0
1
0
0
0
0
0
0
-1
0
0
0
-1
0
0
1
1
-1
0
0
0
0
0
0
0
0
0
-1
1
0
0
1
0
0
0
0
1
-1
0
0
0
0
-1
1
0
0
-1
0
0
0
0
0
-1
0
-1
1
0
0
1
0
0
0
0
0
0
0
0
-1
0
0
0
1
0
1
0
0
0
0
-1
0
0
1
1
0
0
0
-1
-1
0
0
0
-1
0
0
1
0
1
0
0
1
0
0
1
0
0
0
0
0
0
0
0
0
0
0
-1
1
0
0
0
0
0
0
0
0
0
0
-1
0
-1
0
0
0
0
0
-1
0
0
0
1
0
0
0
0
0
0
0
0
0
-1
1
1
-1
0
0
0
0
0
0
0
0
0
0
0
0
0
-1
0
0
0
0
0
0
0
0
-1
0
0
0
0
-1
0
-1
0
0
0
0
0
-1
0
0
-1
0
0
0
1
0
0
0
0
0
0
1
0
0
0
0
0
1
0
0
0
1
1
0
0
0
0
0
0
0
0
1
1
1
0
0
-1
0
0
0
-1
-1
0
0
0
0
0
0
0
0
0
0
0
0
0
0
0
0
0
0
0
0
0
1
1
1
0
-1
0
0
0
0
0
0
1
-1
-1
0
0
0
0
0
1
0
-1
0
0
0
0
0
0
0
0
-1
0
0
0
0
1
0
0
0
0
0
-1
1
1
0
0
0
0
1
0
0
0
0
0
0
0
0
0
0
0
0
1
0
0
0
0
0
0
1
0
0
0
0
0
0
0
0
0
0
1
0
-1
0
0
0
0
-1
0
0
0
0
0
0
-1
0
0
-1
0
0
0
-1
1
0
0
0
0
0
0
0
0
0
0
0
0
0
-1
0
-1
0
0
0
0
0
0
0
0
0
1
0
0
0
0
0
0
0
0
0
0
0
1
0
0
0
0
0
0
0
0
0
-1
0
0
1
0
0
0
0
0
0
0
1
0
0
0
0
0
0
-1
0
1
0
0
0
0
0
0
0
0
-1
0
0
0
0
0
0
0
0
1
0
-1
0
1
0
0
-1
0
0
0
0
-1
0
0
0
0
1
0
0
0
0
0
0
0
0
-1
0
0
0
0
0
0
0
0
0
1
0
0
0
0
0
1
0
0
1
0
1
-1
0
0
0
0
0
0
0
0
-1
0
-1
-1
0
0
0
0
0
0
0
0
0
0
-1
0
-1
0
0
0
0
0
0
-1
0
0
0
0
0
0
0
0
0
0
0
0
0
0
0
0
0
1
1
0
-1
0
0
0
0
0
0
0
0
0
0
0
0
0
0
0
0
1
0
0
0
0
0
1
0
0
0
0
0
0
0
-1
-1
0
0
0
0
0
-1
-1
0
0
0
-1
1
0
0
-1
0
0
0
0
0
0
0
0
0
0
0
0
0
0
0
0
1
0
0
-1
0
0
0
0
0
0
1
0
0
-1
-1
0
0
0
0
-1
0
0
0
0
0
1
0
0
1
0
1
0
0
0
0
0
0
-1
0
0
0
0
0
0
1
0
0
0
0
0
0
-1
-1
0
-1
0
0
0
0
0
0
0
0
0
0
0
0
0
0
-1
0
0
0
0
1
0
0
0
0
0
0
0
0
0
0
-1
1
-1
0
0
0
0
0
0
0
0
1
0
1
0
0
0
1
-1
0
0
0
0
0
0
0
0
0
0
-1
0
0
0
0
1
1
0
1
0
0
0
0
0
0
0
0
0
0
-1
-1
-1
-1
0
0
0
0
0
-1
0
0
0
0
0
-1
0
-1
0
1
0
0
1
0
0
-1
0
-1
0
0
0
-1
0
1
-1
0
0
0
0
-1
0
1
0
-1
1
1
0
1
-1
0
0
1
0
0
-1
1
0
0
1
0
0
0
0
1
0
0
0
0
1
0
-1
0
-1
0
1
0
1
-1
0
1
0
0
0
0
0
-1
0
0
0
0
0
0
0
0
0
0
-1
0
1
0
1
0
-1
0
0
1
0
0
0
0
0
0
-1
0
-1
0
0
0
0
0
0
0
1
0
1
0
0
0
0
0
-1
0
0
0
0
0
-1
0
0
0
0
0
0
1
0
0
0
0
1
0
0
0
0
0
0
0
0
0
-1
0
1
0
0
0
0
0
0
0
0
0
0
0
0
0
0
0
-1
1
0
0
0
-1
0
0
0
1
0
0
0
-1
0
0
0
0
1
1
0
1
0
0
-1
0
-1
0
0
0
0
0
0
0
0
0
0
0
0
0
1
0
0
0
0
0
0
0
0
0
0
0
0
0
0
0
0
0
0
1
0
0
0
1
0
0
0
0
0
0
0
0
1
1
0
0
1
0
0
0
0
0
1
0
0
-1
1
0
-1
-1
0
0
0
0
0
1
0
1
0
0
0
1
0
-1
0
-1
0
0
-1
0
0
0
-1
0
0
0
0
0
0
0
0
1
-1
0
0
0
0
-1
0
0
0
0
0
1
0
0
0
0
0
0
0
0
1
1
0
0
0
0
0
0
0
0
0
1
0
-1
0
0
0
0
0
0
0
0
0
0
1
0
1
1
1
0
0
0
0
0
0
0
0
0
0
0
0
-1
0
0
0
-1
0
-1
0
0
0
0
0
0
0
-1
1
0
1
0
0
0
0
1
1
0
-1
0
1
-1
0
0
0
0
0
0
0
0
0
0
0
0
0
1
-1
0
0
0
0
0
0
0
-1
0
-1
0
0
0
0
0
-1
0
1
0
0
0
1
0
0
0
0
0
0
0
0
0
0
0
0
0
0
1
0
1
0
-1
-1
-1
0
0
0
0
0
0
0
-1
0
0
1
-1
0
1
0
0
0
0
0
0
0
-1
0
0
0
0
0
0
0
0
0
0
0
0
0
0
0
0
0
0
0
0
0
0
1
0
1
0
0
0
1
0
0
-1
1
0
-1
0
0
-1
0
0
0
0
-1
0
0
0
0
1
0
0
0
1
0
0
1
-1
0
0
0
0
0
0
-1
0
1
0
0
0
1
-1
0
0
0
-1
0
0
0
-1
0
1
0
-1
0
0
-1
-1
0
0
0
0
-1
-1
-1
0
0
0
0
0
0
0
0
0
1
0
-1
0
1
0
1
0
0
0
-1
0
0
0
0
0
0
-1
1
0
0
0
0
1
0
0
0
-1
0
1
0
0
0
0
0
0
0
0
0
0
-1
1
-1
0
1
0
0
0
0
0
0
0
0
0
0
0
0
0
0
0
1
0
0
0
0
-1
1
0
0
0
0
0
0
0
0
0
0
0
0
-1
0
0
0
-1
0
0
1
1
0
0
0
0
-1
0
1
0
-1
0
0
0
0
-1
0
0
0
0
0
-1
-1
0
0
0
0
1
0
0
0
0
-1
0
0
0
0
0
0
0
0
1
0
-1
0
0
-1
0
0
0
0
0
0
0
0
0
0
0
1
0
0
0
0
-1
-1
0
-1
0
0
0
-1
0
0
0
0
1
1
-1
0
0
-1
-1
0
0
-1
0
0
-1
0
0
-1
1
-1
0
0
-1
0
0
0
0
0
0
0
1
0
0
-1
1
1
0
0
0
0
0
0
0
0
0
1
0
0
0
0
0
0
-1
0
0
-1
0
0
1
0
0
1
0
0
0
1
0
0
0
0
0
0
1
-1
0
0
0
1
0
-1
0
0
0
0
0
-1
0
0
0
0
1
0
0
1
0
0
0
1
0
0
0
0
0
1
0
0
0
0
0
0
0
1
0
0
0
0
-1
0
0
-1
-1
0
-1
0
0
0
1
1
0
0
0
-1
1
0
0
0
0
1
0
1
0
0
1
1
0
0
0
0
0
-1
0
0
0
-1
0
0
1
0
0
0
0
1
0
1
0
0
0
0
-1
0
0
0
0
0
-1
0
0
0
1
1
0
0
-1
0
0
1
0
0
-1
1
0
0
0
0
-1
0
0
0
0
0
0
0
0
0
0
0
1
0
0
0
-1
0
1
0
0
1
-1
0
-1
-1
0
0
0
0
0
0
0
0
-1
0
-1
1
0
1
1
0
0
0
0
0
0
0
0
0
0
0
0
0
0
1
0
-1
0
0
0
0
0
0
-1
0
0
-1
0
0
0
0
0
0
0
1
1
0
0
0
0
0
0
0
-1
0
0
0
0
0
0
-1
-1
0
0
0
0
0
1
0
1
-1
0
0
-1
0
0
0
1
0
0
0
0
0
0
0
1
0
1
0
0
0
-1
-1
0
0
0
0
1
0
-1
0
0
0
0
1
0
-1
0
0
0
0
0
1
0
0
0
0
0
0
0
0
0
0
1
0
0
0
0
0
0
0
0
0
0
0
0
0
-1
-1
0
0
0
0
0
0
-1
0
0
-1
0
0
0
0
0
0
0
0
0
0
0
0
0
0
0
0
0
-1
0
0
1
0
0
-1
1
0
0
0
0
0
0
0
0
0
0
-1
1
0
0
-1
0
0
0
1
0
-1
0
0
0
0
0
0
0
1
-1
0
-1
0
-1
-1
0
0
0
1
0
0
0
0
0
1
0
-1
-1
0
0
0
0
0
0
0
-1
0
-1
0
1
0
0
0
0
1
0
0
0
0
0
-1
-1
0
0
0
0
-1
0
1
0
1
0
0
0
0
-1
0
0
0
-1
0
0
0
0
0
0
0
0
-1
0
0
0
1
0
1
0
-1
0
1
0
0
-1
0
0
0
0
0
0
1
0
1
0
0
0
0
0
1
0
1
0
0
0
1
0
0
0
0
0
-1
0
0
0
0
0
0
0
0
0
-1
0
0
0
0
0
0
0
0
0
0
1
0
1
0
0
1
0
0
1
0
0
1
0
0
1
0
0
0
0
0
0
0
0
0
0
0
1
0
0
-1
0
0
-1
0
-1
0
0
1
1
0
0
0
-1
0
0
0
0
0
0
1
0
0
-1
0
0
0
0
-1
0
1
0
0
0
0
0
-1
0
0
0
0
0
0
0
1
0
0
0
0
0
-1
0
0
0
0
0
1
0
0
0
0
0
0
0
1
0
-1
0
-1
1
0
0
0
0
-1
0
-1
0
0
0
0
-1
1
0
0
0
1
0
-1
0
1
1
0
-1
0
0
0
0
0
0
0
0
-1
0
0
0
0
1
-1
0
0
-1
0
0
0
0
0
1
1
0
0
0
-1
-1
0
0
0
1
0
0
0
0
0
0
1
0
0
-1
0
0
1
0
0
0
0
0
1
0
0
-1
0
0
0
0
0
0
0
0
1
0
0
0
0
0
0
0
0
1
0
0
0
0
0
0
-1
0
0
0
0
1
0
0
1
0
0
0
1
-1
0
-1
0
0
0
1
0
0
0
0
0
0
1
0
0
0
0
0
0
0
0
0
-1
0
0
0
1
0
0
0
1
0
0
0
0
0
0
0
0
0
0
1
0
1
0
-1
0
0
-1
0
0
0
-1
0
0
0
-1
0
-1
1
-1
1
0
0
0
0
0
1
0
1
0
0
0
0
0
0
0
0
0
0
0
1
0
0
-1
0
0
0
0
0
0
0
0
0
0
-1
0
0
1
0
0
-1
0
0
0
0
0
0
0
0
-1
0
1
0
0
0
0
1
0
0
0
0
0
-1
0
0
-1
0
0
0
0
0
0
0
0
0
0
0
1
1
1
1
0
0
-1
1
0
0
0
0
0
0
0
0
0
0
0
0
1
0
0
1
0
1
0
0
1
0
0
0
0
1
0
0
-1
0
0
1
1
0
0
-1
0
-1
-1
0
0
0
1
1
0
-1
0
1
0
0
0
0
1
0
1
-1
0
1
0
0
0
-1
0
0
0
1
0
-1
0
-1
-1
0
0
1
0
0
0
1
1
0
0
1
1
-1
0
-1
0
0
0
1
0
0
0
0
-1
0
0
-1
0
0
-1
-1
1
0
0
0
0
-1
0
1
0
0
0
-1
1
0
1
0
1
-1
0
0
0
-1
0
0
0
0
0
0
0
0
0
0
0
0
0
0
0
0
0
1
0
0
0
0
1
0
0
0
0
0
0
0
0
0
0
0
0
0
0
0
0
0
0
0
0
1
0
0
0
0
-1
0
0
1
0
0
0
0
0
-1
0
0
0
0
0
0
-1
0
0
-1
0
0
0
-1
0
0
0
0
-1
0
0
0
0
0
0
0
0
0
0
0
0
0
0
0
-1
0
0
0
-1
0
-1
0
-1
0
0
0
0
1
0
0
0
0
-1
1
0
0
0
0
0
1
0
0
0
0
0
0
1
0
0
0
0
-1
0
-1
0
0
0
0
0
0
0
0
0
0
0
0
0
0
0
0
0
1
0
1
1
0
1
0
0
0
0
0
1
0
1
0
0
0
1
0
0
-1
0
0
1
0
-1
0
0
0
0
-1
-1
1
0
0
1
0
0
1
0
0
0
-1
1
0
0
0
0
0
0
-1
0
0
0
0
0
0
0
0
0
0
0
0
0
0
0
0
0
0
0
0
-1
0
-1
0
-1
0
0
0
0
0
-1
0
-1
1
0
0
0
0
0
-1
0
-1
0
-1
0
0
0
0
-1
0
-1
0
1
0
0
0
0
0
0
1
0
0
0
0
0
0
-1
0
0
0
0
0
0
0
0
1
0
1
1
0
0
0
0
0
0
0
0
0
0
1
0
1
0
0
0
0
0
0
0
1
0
0
0
1
0
1
1
0
0
0
0
-1
0
0
1
0
0
0
0
0
0
0
0
0
0
0
0
0
-1
0
0
0
0
0
0
0
0
0
-1
0
1
0
0
0
0
0
0
0
-1
1
0
0
0
1
0
1
0
0
0
0
0
0
0
-1
0
1
0
0
0
1
0
0
0
0
-1
1
1
0
0
1
0
0
0
0
0
0
0
0
-1
0
0
0
0
1
0
0
0
0
0
0
-1
-1
1
0
0
1
0
0
-1
0
-1
1
0
1
0
0
0
0
1
-1
0
0
0
0
0
0
0
0
0
0
0
0
0
0
-1
0
0
0
0
1
0
0
0
0
0
0
0
0
-1
0
0
0
-1
0
0
1
0
-1
0
0
0
0
1
1
1
0
0
-1
0
0
-1
0
0
0
0
-1
0
0
0
0
0
0
1
0
0
0
0
0
1
0
0
0
0
0
0
0
-1
1
-1
0
-1
0
0
0
0
-1
0
0
0
0
0
0
0
0
0
1
0
0
0
0
0
0
0
0
0
0
0
0
0
0
-1
0
0
0
1
0
0
0
0
-1
0
-1
0
1
0
0
1
0
0
0
0
0
0
0
0
0
0
1
-1
0
-1
0
0
-1
0
0
0
0
-1
0
0
0
0
0
1
0
0
0
0
0
0
0
-1
0
0
0
0
0
0
-1
0
0
0
0
0
0
-1
0
-1
0
0
0
0
1
0
0
0
0
0
0
0
0
0
0
0
0
1
0
0
0
0
1
0
-1
0
1
0
0
0
0
0
0
0
-1
-1
0
0
0
1
0
-1
0
0
-1
0
0
0
-1
0
0
1
0
0
0
0
0
0
1
0
0
0
0
1
0
0
0
1
1
0
0
0
0
0
0
1
0
1
0
0
0
1
0
0
0
-1
1
1
0
-1
0
0
0
0
0
0
0
0
0
0
0
1
0
1
0
0
0
0
0
-1
0
1
0
0
-1
0
-1
0
0
-1
0
0
0
0
0
0
0
0
0
0
0
0
0
0
0
0
0
0
0
0
0
0
0
0
0
0
0
0
0
0
0
0
0
-1
0
0
0
0
0
0
0
-1
0
0
0
0
0
0
0
0
0
0
0
0
0
0
0
0
0
0
0
0
0
0
1
-1
0
0
0
0
0
0
0
1
0
0
0
0
0
-1
0
0
0
0
0
0
0
0
0
0
-1
-1
-1
-1
0
-1
0
0
0
0
0
0
-1
-1
0
-1
0
0
0
-1
0
0
0
0
0
0
0
1
0
0
0
0
0
0
0
0
0
0
1
1
0
0
0
0
0
0
0
0
0
0
0
1
0
0
0
0
0
1
1
0
0
0
0
0
-1
0
0
0
0
0
0
1
0
0
1
0
0
0
1
0
0
1
0
1
1
0
0
0
0
0
0
0
0
0
0
1
0
1
1
-1
0
0
0
0
0
0
0
0
0
0
0
1
0
0
1
0
0
0
1
0
0
0
-1
0
0
0
0
0
0
0
0
0
0
1
0
0
0
-1
-1
0
0
0
0
0
0
0
0
0
0
-1
0
1
0
0
0
0
0
0
0
-1
0
1
0
0
0
0
-1
0
-1
-1
0
0
0
0
1
0
0
0
0
0
0
0
0
1
1
0
1
-1
0
0
0
0
0
0
0
0
0
0
0
0
0
0
0
0
0
0
0
0
0
0
0
0
0
0
0
0
-1
1
0
1
0
0
1
0
0
0
0
0
1
-1
0
0
0
0
0
1
0
0
-1
0
0
0
0
1
0
0
1
-1
-1
0
0
0
0
0
0
0
0
0
0
0
-1
0
0
0
1
0
0
0
0
1
0
-1
-1
0
0
0
-1
0
0
0
0
0
-1
0
0
0
0
-1
0
0
0
0
0
0
0
0
0
0
0
0
0
0
-1
0
0
0
0
0
0
0
0
0
1
0
-1
0
0
0
0
0
0
0
0
0
0
0
0
0
0
0
0
0
0
0
-1
0
0
0
0
0
0
0
0
0
0
0
0
0
1
0
0
0
0
0
0
0
1
0
0
0
1
1
0
0
0
-1
1
1
0
0
0
0
0
0
0
1
0
0
0
1
0
0
0
0
0
-1
0
0
0
0
0
0
0
0
0
0
-1
-1
-1
0
0
0
0
-1
0
0
0
0
0
0
0
0
0
1
0
1
0
0
0
0
0
0
1
-1
0
1
-1
0
0
0
0
0
0
0
-1
0
0
0
-1
0
-1
0
0
0
0
0
-1
0
0
0
0
0
0
-1
0
0
0
0
0
0
0
0
-1
-1
0
0
0
0
0
1
0
0
0
0
0
-1
0
0
0
0
0
0
0
0
0
1
0
1
0
0
1
-1
1
0
0
0
-1
-1
0
0
0
-1
0
-1
0
0
0
-1
0
0
0
0
1
0
0
0
0
0
0
1
0
1
0
0
0
0
0
0
1
0
0
0
1
1
0
0
0
0
0
0
0
0
-1
1
0
0
0
0
0
0
0
1
0
0
-1
0
0
0
-1
-1
0
0
1
0
-1
0
0
0
0
0
0
-1
-1
0
0
-1
1
0
1
0
0
0
0
0
0
1
0
0
0
-1
0
0
0
0
0
1
-1
0
0
0
0
0
0
0
0
0
1
0
0
0
0
0
0
-1
0
0
-1
0
0
-1
0
0
0
0
0
0
0
0
1
0
0
-1
1
0
0
-1
-1
0
0
0
1
-1
0
0
0
-1
1
0
0
0
1
-1
0
0
0
0
0
0
0
0
0
0
0
-1
0
0
0
0
0
0
0
0
0
0
1
-1
0
0
-1
1
0
0
0
0
0
0
0
0
0
0
0
0
0
0
-1
0
0
0
0
0
0
0
-1
0
0
0
-1
0
0
-1
-1
0
0
0
0
0
1
1
-1
0
-1
0
0
0
0
0
0
0
0
1
0
0
0
0
-1
1
0
0
1
0
0
0
0
0
1
1
0
0
0
0
0
-1
0
-1
1
0
1
0
0
1
0
0
1
0
0
0
1
-1
-1
1
0
0
0
-1
0
0
1
0
0
0
0
0
0
-1
0
0
0
-1
0
0
1
1
-1
0
0
0
0
0
0
0
0
0
-1
1
0
0
1
0
0
0
0
1
-1
0
0
0
0
-1
1
0
0
-1
0
0
0
0
0
-1
0
-1
1
0
0
1
0
0
0
0
0
0
0
0
-1
0
0
0
1
0
1
0
0
0
0
-1
0
0
1
1
0
0
0
-1
-1
0
0
0
-1
0
0
1
0
1
0
0
1
0
0
1
0
0
0
0
0
0
0
0
0
0
0
-1
1
0
0
0
0
0
0
0
0
0
0
-1
0
-1
0
0
0
0
0
-1
0
0
0
1
0
0
0
0
0
0
0
0
0
-1
1
1
-1
0
0
0
0
0
0
0
0
0
0
0
0
0
-1
0
0
0
0
0
0
0
0
-1
0
0
0
0
-1
0
-1
0
0
0
0
0
-1
0
0
-1
0
0
0
1
0
0
0
0
0
0
1
0
0
0
0
0
1
0
0
0
1
1
0
0
0
0
0
0
0
0
1
1
1
0
0
-1
0
0
0
-1
-1
0
0
0
0
0
0
0
0
0
0
0
0
0
0
0
0
0
0
0
0
0
1
1
1
0
-1
0
0
0
0
0
0
1
-1
-1
0
0
0
0
0
1
0
-1
0
0
0
0
0
0
0
0
-1
0
0
0
0
1
0
0
0
0
0
-1
1
1
0
0
0
0
1
0
0
0
0
0
0
0
0
0
0
0
0
1
0
0
0
0
0
0
1
0
0
0
0
0
0
0
0
0
0
1
0
-1
0
0
0
0
-1
0
0
0
0
0
0
-1
0
0
-1
0
0
0
-1
1
0
0
0
0
0
0
0
0
0
0
0
0
0
-1
0
-1
0
0
0
0
0
0
0
0
0
1
0
0
0
0
0
0
0
0
0
0
0
1
0
0
0
0
0
0
0
0
0
-1
0
0
1
0
0
0
0
0
0
0
1
0
0
0
0
0
0
-1
0
1
0
0
0
0
0
0
0
0
-1
0
0
0
0
0
0
0
0
1
0
-1
0
1
0
0
-1
0
0
0
0
-1
0
0
0
0
1
0
0
0
0
0
0
0
0
-1
0
0
0
0
0
0
0
0
0
1
0
0
0
0
0
1
0
0
1
0
1
-1
0
0
0
0
0
0
0
0
-1
0
-1
-1
0
0
0
0
0
0
0
0
0
0
-1
0
-1
0
0
0
0
0
0
-1
0
0
0
0
0
0
0
0
0
0
0
0
0
0
0
0
0
1
1
0
-1
0
0
0
0
0
0
0
0
0
0
0
0
0
0
0
0
1
0
0
0
0
0
1
0
0
0
0
0
0
0
-1
-1
0
0
0
0
0
-1
-1
0
0
0
-1
1
0
0
-1
0
0
0
0
0
0
0
0
0
0
0
0
0
0
0
0
1
0
0
-1
0
0
0
0
0
0
1
0
0
-1
-1
0
0
0
0
-1
0
0
0
0
0
1
0
0
1
0
1
0
0
0
0
0
0
0
1
0
0
-1
-1
-1
1
1
1
1
1
1
0
-2
-3
-1
-2
1
2
2
0
-2
-2
-1
2
3
3
2
0
0
1
1
2
1
0
1
3
2
1
0
-1
0
0
1
1
1
0
-2
-2
-4
-2
0
1
1
0
-1
-2
-1
1
0
1
-1
0
0
2
0
1
0
-2
-2
-1
-1
0
1
1
1
0
1
1
1
0
1
2
1
2
-1
-2
-1
0
1
1
0
-2
-3
1
5
9
9
3
1
1
3
3
1
1
6
7
4
-3
-6
-6
0
1
2
-1
-8
-11
-8
-3
-1
-6
-9
-8
0
3
3
2
4
4
-2
-5
-8
-6
2
14
17
-1
-34
-57
-52
-35
-23
-12
8
47
85
93
48
-36
-110
-91
63
292
417
280
-76
-387
-391
-98
189
192
-57
-255
-190
28
122
-11
-185
-154
74
244
165
-56
-120
81
308
242
-132
-467
-420
-37
310
316
53
-160
-139
-13
-28
-202
-286
-105
212
356
205
-84
-254
-229
-94
69
198
261
173
11
-85
-11
206
318
204
-52
-155
-47
101
181
58
-22
31
17
-132
-298
-326
-168
109
199
28
-170
-191
-73
-12
-125
-276
-186
59
264
238
-33
-221
-173
-21
52
47
46
143
254
166
-51
-138
-17
202
331
144
-67
-88
11
217
266
107
-112
-187
-201
-149
52
91
100
113
-44
-276
-340
-165
11
126
39
-178
-235
-76
213
278
-57
-399
-366
-45
369
578
324
-132
-331
-235
-52
189
332
249
84
-80
-219
-142
102
240
250
59
-76
46
182
172
1
-198
-262
30
260
129
45
-67
-188
-148
-36
-40
-97
4
101
111
-29
-220
-290
-315
-132
128
131
38
-20
-110
-192
-109
-36
10
232
281
155
103
-28
-179
-179
-89
43
222
296
155
-77
-198
-175
-87
8
52
92
107
28
3
-47
-174
-144
-10
15
-19
60
129
32
37
0
-143
-151
-193
-123
75
194
206
68
-186
-306
-149
-143
-113
135
284
424
386
22
-421
-489
-160
117
308
375
303
166
-111
-324
-351
-242
-16
161
203
181
95
-89
-229
-236
-152
118
403
308
-31
-200
-201
-139
-23
11
-47
-40
7
-27
-34
2
-43
-81
-48
-40
41
156
22
-55
19
1
128
233
35
-110
39
75
-11
148
201
94
68
-35
-81
38
174
235
168
0
-134
-78
24
-86
-204
-155
51
269
331
284
-3
-250
-239
-220
-59
151
333
475
374
163
-60
-306
-551
-537
-65
387
563
471
31
-395
-471
-375
-264
-88
80
167
148
-43
-268
-429
-475
-357
-288
-251
27
281
151
-120
-329
-474
-421
-247
-187
-147
10
159
155
32
-111
-262
-392
-374
-249
-103
112
309
266
43
-117
-187
-286
-305
-84
192
324
387
336
84
-112
-153
-213
-148
151
451
671
706
404
77
15
132
402
669
688
632
577
391
284
315
326
450
564
445
444
617
594
475
484
531
602
695
682
566
470
423
380
285
147
124
248
302
277
259
125
-51
-67
-22
-7
20
9
-27
-99
-326
-597
-736
-764
-632
-389
-328
-540
-875
-1149
-1245
-1277
-1406
-1578
-1793
-2080
-2277
-2372
-2724
-3295
-3661
-3896
-4136
-4015
-3419
-2562
-1662
-1125
-1032
-897
-490
11
606
1365
2132
2737
3233
3602
3690
3625
3717
3840
3634
3223
3071
3249
3266
2824
2231
1691
1065
383
-183
-492
-582
-727
-1001
-1236
-1539
-1926
-2191
-2367
-2417
-2134
-1813
-1674
-1316
-687
-237
-106
-162
-48
634
1606
2246
2478
2552
2676
2999
3294
3263
3095
2946
2774
2733
2714
2427
2044
1684
1196
650
353
397
360
-51
-571
-1031
-1389
-1642
-1921
-2041
-1935
-1930
-2028
-2013
-1842
-1630
-1567
-1607
-1662
-1810
-1805
-1398
-936
-801
-901
-1221
-2104
-3297
-3950
-4032
-4272
-5010
-6043
-6870
-6807
-5294
-2555
-230
34
-1059
-1496
-579
1036
2470
3400
4154
4667
4766
5070
5863
6566
6554
5477
3836
2810
2983
3777
3984
3130
1912
875
-83
-888
-1164
-942
-939
-1587
-2377
-2642
-2321
-1896
-1919
-2537
-3298
-3464
-2838
-1993
-1419
-1120
-1063
-1466
-2209
-2452
-1789
-750
181
880
1525
2345
2956
3128
3370
3694
3754
3766
3799
3798
4027
4180
3747
3033
2445
2103
1927
1472
737
323
262
24
-568
-1151
-1378
-1407
-1559
-1922
-2383
-2698
-2708
-2609
-2606
-2556
-2266
-1885
-1657
-1581
-1437
-1114
-712
-387
-135
247
690
879
902
989
1032
796
277
-234
-817
-1569
-2059
-2534
-3469
-4506
-5582
-6642
-6994
-5905
-3270
-991
-969
-1927
-1959
-1048
0
610
1200
2091
2569
2672
3274
4492
5609
5755
4761
3360
2485
2661
3364
3479
2986
2645
2358
1674
872
552
699
392
-740
-1763
-1958
-1374
-663
-819
-1737
-2466
-2639
-2422
-2145
-1942
-1612
-1415
-1859
-2586
-2514
-1352
-401
-531
-828
-305
700
1396
1695
2032
2632
2976
2975
3112
3295
3765
4226
3922
3298
2865
2904
3148
2773
1959
1302
913
437
-147
-426
-622
-1140
-1920
-2458
-2496
-2337
-2242
-2343
-2627
-2817
-2597
-2027
-1563
-1467
-1432
-1161
-847
-600
-228
373
789
606
341
650
1195
1341
1002
558
273
-246
-1037
-1655
-2314
-3360
-4464
-5390
-6281
-6664
-5867
-3895
-1977
-1542
-1670
-1248
-669
-129
233
647
1274
1657
2022
2848
4094
5130
5380
4872
3835
2961
2835
3043
2826
2288
1996
1786
1300
792
825
1237
1038
-46
-1173
-1685
-1554
-1203
-1267
-1667
-1990
-2315
-2407
-2043
-1601
-1202
-1159
-1858
-2488
-2202
-1239
-408
-305
-463
-177
525
1226
1500
1646
2047
2273
2311
2513
2871
3438
3747
3364
2975
3164
3613
3612
2840
1957
1563
1361
999
582
276
-93
-774
-1518
-1897
-1895
-1886
-2162
-2598
-2789
-2505
-1933
-1519
-1548
-1764
-1698
-1394
-1168
-966
-551
-50
168
160
252
490
788
919
764
659
631
405
-29
-762
-1601
-2255
-3104
-4156
-4860
-5427
-6075
-6229
-5374
-3701
-2290
-1921
-1682
-746
231
692
768
832
1296
1877
2317
2958
3764
4552
5161
5102
4494
4096
4032
3694
2920
2253
1847
1553
1362
1134
1101
1296
944
52
-671
-1016
-1105
-1426
-2157
-2761
-3032
-3049
-2845
-2653
-2441
-2091
-1944
-2235
-2531
-2249
-1548
-1120
-1054
-821
-127
785
1537
2078
2557
2910
2997
2936
3016
3307
3587
3703
3690
3643
3664
3720
3578
3110
2509
1933
1244
445
-178
-550
-932
-1391
-1704
-1849
-2039
-2302
-2507
-2592
-2565
-2510
-2618
-2881
-2912
-2468
-1872
-1430
-1046
-552
-93
63
58
271
689
984
1010
1044
1293
1562
1693
1589
1296
984
255
-940
-1811
-2452
-3362
-4273
-5114
-5970
-6411
-5898
-4413
-2964
-2403
-2172
-1581
-854
-412
-121
389
870
914
984
1710
2857
3780
4281
4523
4542
4330
4005
3663
3280
2793
2260
1797
1387
1047
984
1161
1133
714
237
-71
-420
-1001
-1717
-2392
-2886
-3059
-2878
-2519
-2228
-2095
-2078
-2132
-2160
-2004
-1730
-1643
-1746
-1607
-1020
-293
377
1182
2148
2846
3063
3201
3633
4052
3986
3597
3409
3529
3653
3659
3652
3565
3222
2622
1953
1309
627
-121
-858
-1438
-1718
-1776
-1848
-2012
-2122
-2104
-2191
-2476
-2614
-2569
-2603
-2601
-2364
-1868
-1242
-762
-434
-45
390
834
1154
1080
866
899
956
902
934
1149
1436
1356
784
170
-488
-1340
-2278
-3331
-4219
-4723
-5255
-5901
-6210
-5775
-4686
-3693
-3173
-2584
-1547
-432
210
422
743
1237
1512
1644
2015
2721
3550
4096
4262
4384
4554
4561
4161
3331
2583
2187
1688
970
463
352
412
289
-42
-213
-101
-95
-568
-1332
-1909
-2215
-2475
-2691
-2588
-2079
-1538
-1329
-1332
-1227
-1018
-930
-982
-934
-628
-141
323
727
1251
1949
2520
2641
2472
2513
2851
3006
2718
2433
2558
2778
2640
2295
2104
2009
1690
1123
627
382
133
-393
-1016
-1347
-1321
-1185
-1173
-1337
-1537
-1625
-1686
-1863
-2038
-2008
-1807
-1605
-1401
-1083
-640
-265
-155
-204
-94
263
620
743
734
834
1043
1174
1162
1128
1090
829
331
-174
-655
-1186
-1855
-2724
-3496
-3943
-4383
-5015
-5559
-5605
-4897
-3841
-3150
-2612
-1648
-543
177
523
879
1406
1740
1702
1703
2103
2768
3215
3330
3497
3703
3689
3456
3031
2587
2261
1845
1290
747
345
202
167
-7
-205
-188
0
48
-166
-416
-596
-862
-1251
-1577
-1691
-1643
-1575
-1560
-1585
-1544
-1294
-964
-838
-848
-701
-354
-108
-166
-105
353
776
1006
1312
1812
2410
2797
2925
3089
3180
2978
2707
2551
2385
2047
1618
1347
1264
1171
944
604
237
-71
-290
-500
-826
-1210
-1520
-1795
-2053
-2081
-1837
-1627
-1651
-1739
-1607
-1232
-852
-628
-513
-398
-273
-121
159
455
631
843
996
909
842
926
977
844
420
-177
-818
-1558
-2244
-2733
-3232
-3834
-4419
-4884
-5130
-5065
-4606
-3873
-3228
-2604
-1670
-662
75
569
1016
1523
1734
1602
1764
2209
2476
2555
2601
2875
3286
3355
3185
3038
2808
2444
1937
1398
1030
790
602
423
231
206
419
581
471
207
16
-121
-411
-764
-941
-1054
-1219
-1353
-1430
-1423
-1380
-1424
-1494
-1525
-1428
-1104
-789
-655
-484
-100
339
581
715
1050
1530
1760
1756
1896
2264
2594
2633
2575
2597
2577
2388
2048
1794
1674
1491
1082
579
242
61
-203
-604
-932
-1103
-1232
-1469
-1687
-1730
-1676
-1694
-1867
-1961
-1818
-1538
-1318
-1164
-895
-590
-275
71
338
554
762
817
698
618
645
713
630
340
92
-125
-536
-1038
-1485
-1952
-2559
-3276
-3807
-4106
-4462
-4760
-4631
-4077
-3362
-2680
-1868
-778
179
689
1053
1444
1683
1747
1793
1977
2233
2337
2405
2590
2727
2693
2633
2610
2573
2440
2204
2008
1722
1258
862
599
413
266
167
154
148
119
132
93
-12
-152
-315
-405
-515
-702
-926
-1181
-1403
-1604
-1759
-1740
-1566
-1350
-1134
-895
-614
-319
-133
46
368
700
953
1117
1254
1550
1869
1945
1931
2083
2376
2529
2377
2180
2121
1986
1641
1215
877
643
387
28
-378
-685
-816
-923
-1175
-1463
-1556
-1472
-1480
-1660
-1761
-1628
-1434
-1348
-1266
-1018
-637
-306
-105
19
153
289
375
418
474
550
566
466
339
324
367
215
-255
-836
-1309
-1751
-2294
-2839
-3164
-3328
-3596
-3877
-3814
-3369
-2817
-2322
-1729
-943
-179
443
1009
1430
1651
1756
1783
1820
1911
1990
2010
1941
1805
1722
1747
1797
1790
1767
1754
1626
1308
952
724
581
370
70
-182
-250
-146
1
79
100
144
220
290
316
233
53
-184
-499
-847
-1118
-1282
-1349
-1357
-1313
-1130
-847
-575
-311
-50
149
270
360
529
799
977
989
972
1053
1261
1464
1554
1625
1724
1789
1803
1760
1665
1475
1135
789
594
467
208
-211
-576
-762
-866
-961
-1038
-1069
-1057
-1059
-1034
-930
-836
-793
-790
-787
-706
-541
-401
-345
-325
-260
-131
61
239
304
322
395
457
390
216
69
-118
-588
-1244
-1746
-2058
-2382
-2763
-3052
-3206
-3354
-3433
-3213
-2718
-2208
-1780
-1219
-443
260
710
1029
1291
1465
1558
1613
1707
1807
1774
1660
1603
1571
1508
1441
1444
1501
1437
1267
1145
1011
863
769
637
403
184
183
377
471
436
466
546
572
505
424
425
401
259
48
-195
-430
-624
-798
-980
-1121
-1148
-1102
-1066
-1012
-890
-695
-475
-288
-47
248
433
515
645
850
1017
1052
1016
1047
1130
1206
1300
1389
1408
1323
1143
972
895
811
620
334
19
-245
-438
-585
-678
-752
-863
-992
-1045
-984
-870
-778
-732
-721
-676
-588
-479
-363
-307
-327
-348
-369
-390
-337
-176
39
200
248
249
275
283
204
-47
-478
-971
-1438
-1871
-2233
-2471
-2583
-2699
-2861
-2825
-2468
-1964
-1469
-1001
-477
70
420
632
939
1237
1311
1180
1096
1187
1256
1176
1116
1172
1247
1247
1242
1316
1403
1404
1313
1184
1075
987
921
818
606
442
459
528
511
452
488
607
588
419
323
312
199
-55
-319
-519
-709
-940
-1172
-1320
-1315
-1220
-1105
-978
-797
-487
-143
-7
-35
19
205
362
383
400
533
624
583
602
775
952
1004
935
866
891
964
1024
1021
914
737
547
369
219
93
-37
-269
-598
-816
-797
-655
-543
-520
-485
-395
-353
-352
-302
-254
-334
-514
-614
-563
-490
-461
-397
-279
-177
-106
-11
102
148
94
-50
-295
-623
-959
-1297
-1687
-2071
-2316
-2444
-2596
-2708
-2549
-2128
-1689
-1317
-843
-209
335
643
870
1136
1359
1409
1294
1180
1101
1002
941
904
866
902
981
1037
1067
1141
1319
1424
1273
1055
977
948
799
577
472
508
515
443
396
458
556
571
507
456
447
402
238
-28
-301
-540
-778
-1059
-1326
-1471
-1480
-1453
-1432
-1346
-1141
-893
-682
-458
-157
151
335
411
513
671
768
755
744
813
904
965
1025
1109
1193
1246
1267
1288
1304
1255
1112
925
706
427
109
-170
-376
-536
-690
-819
-868
-822
-747
-694
-661
-651
-679
-704
-677
-630
-633
-676
-708
-694
-627
-506
-373
-276
-221
-159
-76
-24
-74
-221
-422
-684
-1036
-1381
-1590
-1743
-1996
-2240
-2216
-1903
-1523
-1194
-812
-304
200
556
810
1096
1374
1449
1284
1082
1003
947
768
516
333
273
290
341
418
546
702
829
894
916
946
988
972
820
615
527
545
494
352
314
443
550
525
499
565
596
446
169
-86
-272
-477
-764
-1051
-1218
-1259
-1269
-1283
-1245
-1104
-898
-696
-503
-299
-116
5
83
149
218
306
405
478
531
635
803
969
1108
1244
1364
1429
1447
1428
1339
1183
1013
830
599
333
83
-122
-301
-477
-633
-722
-738
-729
-713
-672
-604
-512
-433
-431
-506
-581
-634
-696
-745
-726
-642
-543
-434
-296
-120
34
118
140
103
-51
-316
-584
-821
-1081
-1357
-1579
-1744
-1876
-1916
-1785
-1523
-1230
-907
-489
-34
315
557
805
1035
1107
1016
891
791
671
506
353
276
255
240
257
374
582
798
955
1047
1108
1152
1147
1052
911
810
735
609
447
350
350
369
353
341
372
399
347
210
42
-108
-264
-469
-726
-971
-1117
-1153
-1140
-1125
-1077
-953
-788
-620
-436
-212
21
188
279
362
493
627
699
726
761
805
840
892
992
1105
1177
1202
1206
1189
1127
1001
809
562
279
-3
-265
-496
-675
-767
-791
-804
-812
-758
-646
-563
-548
-561
-573
-592
-626
-654
-659
-642
-606
-527
-389
-226
-76
57
166
229
235
175
33
-187
-460
-764
-1065
-1322
-1527
-1703
-1828
-1834
-1695
-1457
-1175
-848
-462
-72
251
504
722
877
923
871
784
689
573
434
326
289
307
346
416
521
634
747
872
987
1041
1024
964
870
746
630
539
432
279
141
91
109
129
133
143
137
84
-13
-121
-238
-391
-597
-804
-934
-982
-995
-978
-894
-748
-588
-430
-237
-3
227
417
580
738
869
955
1012
1071
1117
1120
1077
1031
1010
999
970
912
844
782
705
597
473
358
229
59
-144
-348
-518
-647
-749
-835
-879
-867
-830
-796
-740
-648
-570
-547
-555
-544
-509
-461
-409
-359
-318
-280
-231
-171
-118
-96
-127
-209
-332
-480
-643
-814
-1000
-1205
-1396
-1518
-1526
-1439
-1301
-1117
-869
-561
-228
90
380
617
777
866
918
940
911
819
690
570
486
437
414
423
451
479
510
571
644
680
656
583
496
409
333
260
171
79
8
-45
-90
-96
-46
18
37
19
21
39
23
-52
-159
-258
-345
-423
-473
-454
-369
-263
-178
-82
78
281
457
575
674
781
859
883
888
912
929
893
818
760
733
705
655
594
535
467
381
292
215
147
66
-35
-143
-243
-332
-421
-506
-572
-611
-634
-662
-692
-690
-646
-596
-575
-571
-561
-557
-570
-582
-561
-513
-494
-536
-587
-596
-591
-642
-744
-855
-960
-1075
-1189
-1260
-1272
-1250
-1210
-1132
-970
-722
-434
-144
138
415
677
902
1070
1171
1210
1209
1177
1101
981
857
758
652
525
430
405
401
357
288
242
224
190
118
26
-69
-159
-248
-316
-334
-320
-307
-295
-245
-144
-26
70
136
173
174
145
107
84
62
15
-35
-45
10
105
213
332
473
627
762
874
978
1056
1071
1022
948
880
817
743
652
566
501
451
403
353
305
255
180
73
-30
-105
-172
-268
-378
-463
-510
-545
-579
-607
-623
-641
-671
-692
-684
-666
-670
-692
-685
-638
-597
-590
-601
-603
-614
-643
-682
-720
-773
-863
-981
-1088
-1146
-1162
-1184
-1221
-1219
-1136
-1000
-846
-661
-415
-135
116
356
634
943
1196
1350
1450
1541
1595
1575
1499
1412
1319
1193
1031
871
741
625
488
329
184
61
-75
-244
-418
-560
-675
-791
-908
-991
-1005
-966
-900
-819
-703
-552
-398
-259
-135
-10
109
204
263
317
387
465
524
558
604
687
787
864
927
997
1074
1127
1140
1133
1116
1063
948
800
660
540
419
281
145
43
-21
-61
-86
-91
-80
-71
-72
-82
-88
-97
-127
-182
-253
-324
-383
-436
-488
-538
-575
-595
-605
-620
-631
-634
-642
-669
-714
-761
-804
-863
-945
-1045
-1156
-1276
-1407
-1534
-1636
-1708
-1750
-1756
-1702
-1575
-1378
-1130
-843
-524
-186
149
469
770
1051
1298
1490
1632
1741
1828
1878
1883
1854
1815
1761
1673
1559
1445
1331
1192
1012
813
616
412
184
-64
-306
-525
-726
-910
-1065
-1171
-1220
-1229
-1212
-1166
-1082
-967
-850
-746
-636
-504
-365
-241
-118
29
206
386
551
715
889
1056
1188
1278
1343
1386
1387
1338
1261
1182
1095
983
854
738
650
584
515
446
386
332
273
208
149
97
31
-60
-165
-261
-336
-410
-498
-600
-700
-789
-868
-937
-993
-1035
-1070
-1105
-1137
-1151
-1143
-1129
-1127
-1142
-1152
-1149
-1146
-1156
-1169
-1170
-1167
-1172
-1183
-1172
-1128
-1065
-994
-899
-767
-603
-422
-232
-22
200
412
601
771
930
1073
1189
1270
1332
1370
1379
1370
1348
1317
1270
1206
1135
1060
975
880
776
664
536
395
250
115
-15
-143
-259
-354
-425
-477
-512
-518
-497
-466
-439
-409
-361
-295
-226
-162
-96
-15
74
158
238
327
424
508
568
623
691
760
797
804
803
808
805
775
740
713
694
666
629
599
584
558
501
416
323
225
94
-80
-276
-469
-646
-825
-995
-1133
-1226
-1288
-1336
-1358
-1339
-1296
-1263
-1262
-1269
-1266
-1271
-1311
-1377
-1439
-1478
-1510
-1532
-1513
-1419
-1267
-1095
-902
-662
-376
-94
156
375
582
757
878
956
1019
1075
1109
1120
1128
1152
1181
1194
1186
1170
1146
1105
1031
931
817
690
555
414
289
187
104
40
2
-4
20
56
96
133
165
185
189
178
155
119
76
35
3
-15
-13
5
37
76
122
170
218
259
286
295
290
278
256
232
208
191
181
186
210
256
320
390
461
527
572
588
572
522
428
286
110
-84
-279
-478
-667
-823
-936
-1013
-1065
-1089
-1081
-1056
-1048
-1063
-1098
-1149
-1230
-1348
-1482
-1599
-1690
-1764
-1808
-1795
-1709
-1565
-1385
-1168
-905
-616
-337
-88
143
363
544
665
739
807
870
915
940
972
1032
1098
1148
1187
1227
1268
1270
1215
1127
1031
911
756
580
424
297
188
92
34
24
38
51
69
103
140
154
140
114
93
68
34
5
-3
9
26
51
98
163
224
261
286
306
310
296
264
238
221
208
206
230
286
358
431
504
586
666
719
728
698
636
534
387
212
30
-150
-324
-483
-604
-678
-718
-744
-761
-771
-782
-812
-877
-978
-1102
-1241
-1390
-1534
-1649
-1720
-1744
-1732
-1674
-1565
-1412
-1236
-1052
-863
-670
-484
-313
-157
-6
141
275
395
517
639
761
872
965
1048
1117
1166
1192
1201
1191
1157
1099
1021
935
845
749
653
559
480
409
350
299
263
233
198
159
123
85
42
-8
-59
-109
-152
-182
-196
-186
-161
-130
-89
-43
4
41
68
88
102
106
104
103
113
133
161
199
256
329
410
489
560
621
656
657
625
566
480
368
235
97
-31
-141
-237
-307
-342
-352
-346
-335
-322
-317
-337
-388
-468
-571
-694
-835
-976
-1107
-1214
-1297
-1349
-1366
-1348
-1302
-1239
-1166
-1083
-999
-918
-850
-787
-719
-650
-579
-499
-400
-281
-147
-3
151
313
474
620
744
848
927
978
994
988
967
938
900
863
834
816
803
792
783
773
757
729
689
637
575
504
429
348
273
204
145
93
54
26
6
-7
-17
-28
-36
-43
-50
-55
-59
-57
-48
-33
-9
23
66
122
180
242
304
361
409
440
450
440
409
357
285
201
111
24
-60
-133
-189
-226
-246
-253
-252
-248
-247
-259
-288
-337
-400
-476
-559
-644
-724
-789
-835
-858
-862
-848
-812
-763
-709
-654
-601
-553
-513
-483
-459
-439
-418
-396
-370
-335
-287
-231
-169
-101
-28
45
113
169
216
255
279
287
283
275
269
259
254
261
285
320
363
416
480
546
602
647
679
698
698
678
643
600
553
502
451
407
369
338
310
285
264
243
218
190
161
134
104
71
43
23
11
4
1
5
15
25
29
29
23
13
-6
-32
-64
-100
-140
-178
-212
-239
-256
-265
-262
-251
-233
-211
-189
-170
-158
-155
-163
-182
-211
-248
-288
-328
-364
-393
-414
-423
-425
-419
-411
-401
-391
-387
-387
-390
-395
-402
-405
-404
-393
-369
-339
-297
-244
-182
-115
-50
13
74
124
160
185
203
211
208
197
186
183
183
188
201
227
260
298
338
377
411
435
450
451
439
414
379
338
297
256
220
191
175
169
172
179
190
204
217
224
226
224
214
199
180
159
138
122
110
104
105
110
118
129
138
143
142
133
115
88
50
5
-43
-93
-140
-182
-214
-235
-244
-242
-231
-215
-195
-176
-160
-152
-153
-160
-176
-199
-226
-249
-272
-286
-289
-282
-262
-235
-200
-165
-134
-110
-99
-101
-115
-144
-177
-216
-251
-281
-300
-305
-295
-270
-233
-189
-142
-94
-53
-20
3
17
22
20
16
11
9
13
26
47
75
110
146
182
213
237
251
257
254
243
229
212
195
177
165
156
152
151
152
154
155
152
146
137
124
110
94
79
68
60
56
57
63
72
83
93
101
105
105
104
99
92
81
68
54
37
20
4
-13
-29
-41
-52
-61
-67
-70
-68
-65
-59
-53
-48
-43
-40
-40
-44
-49
-58
-68
-78
-88
-96
-100
-102
-99
-95
-87
-80
-74
-72
-73
-77
-85
-96
-107
-118
-129
-136
-138
-136
-129
-117
-104
-89
-75
-63
-52
-48
-45
-47
-52
-60
-68
-75
-79
-79
-74
-63
-50
-34
-17
-2
12
25
36
45
53
60
66
72
80
92
106
125
144
163
180
195
207
213
219
222
222
222
220
218
216
213
208
203
195
184
170
151
126
98
66
32
-3
-38
-70
-97
-119
-137
-151
-162
-171
-178
-185
-192
-201
-210
-221
-232
-241
-247
-248
-241
-229
-207
-178
-143
-106
-69
-36
-6
19
41
57
71
81
87
94
102
110
120
132
145
155
161
161
154
137
114
89
57
25
-9
-37
-62
-80
-92
-94
-91
-82
-69
-56
-45
-38
-36
-39
-47
-58
-71
-84
-96
-103
-106
-102
-94
-82
-67
-51
-35
-19
-7
4
12
19
25
28
32
37
42
51
62
74
88
102
117
130
142
154
161
167
168
166
161
152
141
128
112
98
83
69
55
42
30
20
9
-3
-14
-27
-42
-59
-79
-100
-123
-149
-173
-196
-217
-236
-250
-259
-263
-262
-255
-244
-229
-210
-188
-166
-144
-120
-98
-77
-56
-34
-14
9
33
60
87
115
143
169
194
215
232
246
250
250
243
231
214
194
172
148
125
102
79
61
43
30
19
10
0
-8
-17
-27
-37
-48
-58
-68
-77
-84
-88
-90
-87
-82
-73
-62
-48
-33
-19
-3
10
23
35
43
50
56
59
61
61
61
59
57
54
51
49
46
43
40
36
30
24
15
5
-7
-19
-30
-40
-48
-54
-58
-62
-63
-62
-61
-60
-61
-60
-62
-63
-66
-70
-74
-76
-80
-84
-87
-90
-94
-97
-101
-101
-103
-107
-110
-111
-113
-114
-112
-112
-105
-98
-86
-74
-59
-42
-21
-3
16
34
48
61
72
82
92
99
107
114
121
128
133
137
143
145
147
146
140
133
121
110
99
84
71
58
45
32
20
11
3
-5
-10
-15
-19
-21
-23
-23
-20
-18
-13
-7
-5
-1
1
4
9
14
21
26
34
41
48
55
60
63
65
62
57
48
37
24
9
-5
-20
-31
-44
-52
-59
-61
-62
-61
-60
-59
-58
-59
-62
-66
-71
-77
-81
-86
-89
-90
-88
-82
-73
-64
-52
-40
-30
-22
-19
-18
-20
-24
-30
-36
-41
-44
-46
-44
-37
-27
-17
-6
5
14
21
26
27
27
25
22
18
15
13
13
17
21
30
37
44
51
55
59
60
59
56
50
43
37
29
25
22
21
21
23
25
25
27
26
26
22
20
16
14
10
8
6
6
8
11
16
22
28
33
38
42
44
44
43
40
38
34
31
29
27
25
23
21
17
13
8
3
-4
-11
-19
-26
-35
-42
-47
-52
-57
-61
-64
-68
-71
-73
-75
-77
-77
-77
-78
-77
-73
-71
-65
-58
-51
-42
-33
-28
-22
-19
-13
-11
-9
-6
-1
4
9
15
22
29
34
40
42
43
42
39
33
24
17
9
3
-3
-7
-7
-6
-3
0
6
10
13
14
11
7
2
-5
-10
-18
-20
-20
-17
-11
-3
8
19
29
37
43
47
46
44
40
34
29
26
24
26
32
40
49
60
71
79
84
86
84
79
69
59
46
31
21
13
7
5
7
10
13
16
16
15
10
1
-9
-21
-33
-46
-56
-63
-66
-65
-62
-57
-51
-46
-42
-41
-41
-44
-48
-54
-60
-65
-67
-69
-66
-61
-55
-47
-38
-29
-21
-16
-10
-9
-7
-8
-8
-10
-10
-8
-7
-5
-4
0
3
2
3
2
0
-2
-4
-6
-7
-8
-9
-8
-8
-7
-5
-2
-2
0
1
3
4
6
8
11
12
17
19
24
28
32
36
39
40
43
45
45
45
45
47
46
47
48
49
50
51
52
53
53
52
50
47
42
37
32
26
21
15
9
5
1
0
-3
-5
-6
-8
-11
-13
-17
-18
-20
-21
-25
-25
-25
-27
-26
-25
-23
-20
-17
-15
-15
-14
-15
-16
-17
-19
-21
-23
-25
-26
-28
-29
-30
-29
-28
-28
-28
-28
-29
-30
-31
-33
-35
-37
-39
-39
-41
-40
-37
-33
-30
-26
-22
-17
-15
-13
-10
-7
-7
-4
-3
-1
1
4
9
15
20
26
33
36
40
43
45
45
45
45
42
41
39
37
37
37
37
36
37
37
35
33
31
29
23
20
15
11
6
3
0
-2
-4
-3
-3
-5
-6
-5
-5
-5
-4
-2
-2
-1
-1
-2
-1
-1
1
1
2
4
5
8
10
11
13
13
12
10
9
8
4
3
0
-4
-7
-11
-13
-16
-19
-20
-22
-23
-26
-27
-30
-31
-32
-33
-34
-35
-36
-37
-39
-38
-36
-37
-35
-33
-30
-28
-25
-21
-17
-13
-9
-7
-1
0
3
6
8
9
12
14
16
18
21
24
26
28
31
32
32
31
29
28
24
22
19
17
14
15
14
14
15
16
16
15
13
11
8
6
4
3
1
1
0
-1
-1
1
3
7
10
11
12
13
12
10
10
9
7
6
6
6
6
7
7
9
11
11
10
9
5
2
-1
-4
-6
-9
-10
-12
-14
-14
-15
-16
-15
-15
-16
-17
-19
-21
-23
-25
-26
-28
-31
-30
-29
-30
-27
-25
-23
-21
-19
-17
-17
-16
-15
-14
-13
-11
-10
-10
-7
-6
-5
-2
1
2
6
8
9
10
12
14
14
15
17
17
16
17
18
18
19
21
21
19
19
19
17
18
17
15
15
11
9
8
5
6
5
5
4
4
2
2
3
3
4
3
5
4
3
4
5
6
8
9
10
10
10
11
10
11
11
10
9
8
5
5
3
2
2
1
1
-1
-2
-3
-5
-8
-9
-10
-14
-16
-17
-18
-19
-20
-18
-20
-19
-19
-19
-17
-17
-17
-15
-14
-13
-12
-10
-10
-8
-6
-4
-3
0
0
1
4
4
5
5
7
6
6
5
4
4
4
3
2
2
2
1
1
1
2
1
1
0
0
-1
0
0
-1
0
1
-1
0
0
1
2
4
4
4
5
4
6
6
6
7
7
8
7
8
6
6
7
7
7
7
7
6
6
4
4
4
4
2
2
1
1
-1
-1
0
0
1
-1
0
-2
-3
-3
-3
-4
-4
-5
-6
-7
-8
-9
-7
-6
-6
-4
-4
-5
-4
-5
-4
-3
-1
-2
-2
-3
-1
-1
-1
-1
-1
-2
-1
0
0
0
1
1
1
1
1
0
0
1
0
0
0
-1
0
1
0
1
2
0
1
0
-1
0
0
-1
0
0
0
1
1
1
3
2
5
4
6
6
5
5
5
5
5
4
5
4
4
4
4
3
3
3
3
2
0
1
1
0
0
-1
-1
-2
-2
-2
-3
-3
-3
-3
-3
-3
-3
-3
-1
-1
-2
-2
-1
-1
-1
-1
-1
-2
-1
-1
0
0
0
0
-1
0
0
1
0
0
0
0
-1
0
-2
-2
-2
-3
-2
-3
-2
-1
-2
-3
-2
-2
-2
-2
-2
-1
-1
0
-1
-1
0
-1
-1
1
1
1
1
3
2
1
2
2
3
3
4
3
2
3
3
3
3
3
3
2
2
2
1
1
1
1
1
0
0
1
0
0
0
0
0
0
0
0
0
0
0
0
0
-1
-1
0
0
0
1
1
1
0
1
2
1
1
2
2
1
1
1
1
1
0
0
0
0
-1
-1
-1
-1
-1
-2
-2
-2
-1
-2
-2
-3
-2
-3
-3
-3
-3
-3
-3
-3
-2
-2
-2
-2
0
-1
-1
-2
0
0
0
2
1
-1
1
1
0
1
1
1
1
2
0
1
0
1
0
0
1
1
1
2
0
0
0
0
0
1
0
-1
-1
0
0
0
0
0
0
0
-1
0
-1
0
1
0
0
0
0
2
0
1
1
1
1
0
0
1
2
2
2
1
3
3
3
3
3
2
2
2
1
1
1
1
0
0
0
1
0
0
0
0
0
-1
-1
-1
-1
0
-1
0
-2
-3
-2
-1
-3
-2
-4
-2
-3
-2
-2
-2
-2
-1
-1
0
-1
0
0
-1
0
1
0
2
1
1
1
1
0
0
0
1
2
1
2
2
1
0
0
0
0
0
0
-1
0
0
0
0
0
0
0
0
0
0
1
0
1
0
0
1
0
0
1
0
0
1
0
0
1
0
0
1
1
1
1
1
1
1
1
1
2
1
1
0
1
1
0
2
1
1
1
2
2
1
0
0
-1
0
0
0
0
0
1
2
1
1
-1
-1
-2
-2
-1
-1
0
1
0
-1
-2
-2
-2
-2
0
1
1
1
1
0
0
2
1
1
1
1
1
0
0
0
0
0
0
1
0
0
0
0
0
0
0
1
0
-1
0
-1
1
0
0
0
0
-1
0
-1
0
0
0
0
-1
1
0
0
0
1
0
-1
0
1
1
0
-1
0
0
0
0
0
0
0
0
-1
0
0
0
0
1
-1
0
0
-1
0
0
0
0
0
1
1
0
0
0
-1
-1
0
0
0
1
0
0
0
0
0
0
1
0
0
-1
0
0
1
0
0
0
0
0
1
0
0
-1
0
0
0
0
0
0
0
0
1
0
0
0
0
0
0
0
0
1
0
0
0
0
0
0
-1
0
0
0
0
1
0
0
1
0
0
0
1
-1
0
-1
0
0
0
1
0
0
0
0
0
0
1
0
0
0
0
0
0
0
0
0
-1
0
0
0
1
0
0
0
1
0
0
0
0
0
0
0
0
0
0
1
0
1
0
-1
0
0
-1
0
0
0
-1
0
0
0
-1
0
-1
1
-1
1
0
0
0
0
0
1
0
1
0
0
0
0
0
0
0
0
0
0
0
1
0
0
-1
0
0
0
0
0
0
0
0
0
0
-1
0
0
1
0
0
-1
0
0
0
0
0
0
0
0
-1
0
1
0
0
0
0
1
0
0
0
0
0
-1
0
0
-1
0
0
0
0
0
0
0
0
0
0
0
1
1
1
1
0
0
-1
1
0
0
0
0
0
0
0
0
0
0
0
0
1
0
0
1
0
1
0
0
1
0
0
0
0
1
0
0
-1
0
0
1
1
0
0
-1
0
-1
-1
0
0
0
1
1
0
-1
0
1
0
0
0
0
1
0
1
-1
0
1
0
0
0
-1
0
0
0
1
0
-1
0
-1
-1
0
0
1
0
0
0
1
1
0
0
1
1
-1
0
-1
0
0
0
1
0
0
0
0
-1
0
0
-1
0
0
-1
-1
1
0
0
0
0
-1
0
1
0
0
0
-1
1
0
1
0
1
-1
0
0
0
-1
0
0
0
0
0
0
0
0
0
0
0
0
0
0
0
0
0
1
0
0
0
0
1
0
0
0
0
0
0
0
0
0
0
0
0
0
0
0
0
0
0
0
0
1
0
0
0
0
-1
0
0
1
0
0
0
0
0
-1
0
0
0
0
0
0
-1
0
0
-1
0
0
0
-1
0
0
0
0
-1
0
0
0
0
0
0
0
0
0
0
0
0
0
0
0
-1
0
0
0
-1
0
-1
0
-1
0
0
0
0
1
0
0
0
0
-1
1
0
0
0
0
0
1
0
0
0
0
0
0
1
0
0
0
0
-1
0
-1
0
0
0
0
0
0
0
0
0
0
0
0
0
0
0
0
0
1
0
1
1
0
1
0
0
0
0
0
1
0
1
0
0
0
1
0
0
-1
0
0
1
0
-1
0
0
0
0
-1
-1
1
0
0
1
0
0
1
0
0
0
-1
1
0
0
0
0
0
0
-1
0
0
0
0
0
0
0
0
0
0
0
0
0
0
0
0
0
0
0
0
-1
0
-1
0
-1
0
0
0
0
0
-1
0
-1
1
0
0
0
0
0
-1
0
-1
0
-1
0
0
0
0
-1
0
-1
0
1
0
0
0
0
0
0
1
0
0
0
0
0
0
-1
0
0
0
0
0
0
0
0
1
0
1
1
0
0
0
0
0
0
0
0
0
0
1
0
1
0
0
0
0
0
0
0
1
0
0
0
1
0
1
1
0
0
0
0
-1
0
0
1
0
0
0
0
0
0
0
0
0
0
0
0
0
-1
0
0
0
0
0
0
0
0
0
-1
0
1
0
0
0
0
0
0
0
-1
1
0
0
0
1
0
1
0
0
0
0
0
0
0
-1
0
1
0
0
0
1
0
0
0
0
-1
1
1
0
0
1
0
0
0
0
0
0
0
0
-1
0
0
0
0
1
0
0
0
0
0
0
-1
-1
1
0
0
1
0
0
-1
0
-1
1
0
1
0
0
0
0
1
-1
0
0
0
0
0
0
0
0
0
0
0
0
0
0
-1
0
0
0
0
1
0
0
0
0
0
0
0
0
-1
0
0
0
-1
0
0
1
0
-1
0
0
0
0
1
1
1
0
0
-1
0
0
-1
0
0
0
0
-1
0
0
0
0
0
0
1
0
0
0
0
0
1
0
0
0
0
0
0
0
-1
1
-1
0
-1
0
0
0
0
-1
0
0
0
0
0
0
0
0
0
1
0
0
0
0
0
0
0
0
0
0
0
0
0
0
-1
0
0
0
1
0
0
0
0
-1
0
-1
0
1
0
0
1
0
0
0
0
0
0
0
0
0
0
1
-1
0
-1
0
0
-1
0
0
0
0
-1
0
0
0
0
0
1
0
0
0
0
0
0
0
-1
0
0
0
0
0
0
-1
0
0
0
0
0
0
-1
0
-1
0
0
0
0
1
0
0
0
0
0
0
0
0
0
0
0
0
1
0
0
0
0
1
0
-1
0
1
0
0
0
0
0
0
0
-1
-1
0
0
0
1
0
-1
0
0
-1
0
0
0
-1
0
0
1
0
0
0
0
0
0
1
0
0
0
0
1
0
0
0
1
1
0
0
0
0
0
0
1
0
1
0
0
0
1
0
0
0
-1
1
1
0
-1
0
0
0
0
0
0
0
0
0
0
0
1
0
1
0
0
0
0
0
-1
0
1
0
0
-1
0
-1
0
0
-1
0
0
0
0
0
0
0
0
0
0
0
0
0
0
0
0
0
0
0
0
0
0
0
0
0
0
0
0
0
0
0
0
0
-1
0
0
0
0
0
0
0
-1
0
0
0
0
0
0
0
0
0
0
0
0
0
0
0
0
0
0
0
0
0
0
1
-1
0
0
0
0
0
0
0
1
0
0
0
0
0
-1
0
0
0
0
0
0
0
0
0
0
-1
-1
-1
-1
0
-1
0
0
0
0
0
0
-1
-1
0
-1
0
0
0
-1
0
0
0
0
0
0
0
1
0
0
0
0
0
0
0
0
0
0
1
1
0
0
0
0
0
0
0
0
0
0
0
1
0
0
0
0
0
1
1
0
0
0
0
0
-1
0
0
0
0
0
0
1
0
0
1
0
0
0
1
0
0
1
0
1
1
0
0
0
0
0
0
0
0
0
0
1
0
1
1
-1
0
0
0
0
0
0
0
0
0
0
0
1
0
0
1
0
0
0
1
0
0
0
-1
0
0
0
0
0
0
0
0
0
0
1
0
0
0
-1
-1
0
0
0
0
0
0
0
0
0
0
-1
0
1
0
0
0
0
0
0
0
-1
0
1
0
0
0
0
-1
0
-1
-1
0
0
0
0
1
0
0
0
0
0
0
0
0
1
1
0
1
-1
0
0
0
0
0
0
0
0
0
0
0
0
0
0
0
0
0
0
0
0
0
0
0
0
0
0
0
0
-1
1
0
1
0
0
1
0
0
0
0
0
1
-1
0
0
0
0
0
1
0
0
-1
0
0
0
0
1
0
0
1
-1
-1
0
0
0
0
0
0
0
0
0
0
0
-1
0
0
0
1
0
0
0
0
1
0
-1
-1
0
0
0
-1
0
0
0
0
0
-1
0
0
0
0
-1
0
0
0
0
0
0
0
0
0
0
0
0
0
0
-1
0
0
0
0
0
0
0
0
0
1
0
-1
0
0
0
0
0
0
0
0
0
0
0
0
0
0
0
0
0
0
0
-1
0
0
0
0
0
0
0
0
0
0
0
0
0
1
0
0
0
0
0
0
0
1
0
0
0
1
1
0
0
0
-1
1
1
0
0
0
0
0
0
0
1
0
0
0
1
0
0
0
0
0
-1
0
0
0
0
0
0
0
0
0
0
-1
-1
-1
0
0
0
0
-1
0
0
0
0
0
0
0
0
0
1
0
1
0
0
0
0
0
0
1
-1
0
1
-1
0
0
0
0
0
0
0
-1
0
0
0
-1
0
-1
0
0
0
0
0
-1
0
0
0
0
0
0
-1
0
0
0
0
0
0
0
0
-1
-1
0
0
0
0
0
1
0
0
0
0
0
-1
0
0
0
0
0
0
0
0
0
1
0
1
0
0
1
-1
1
0
0
0
-1
-1
0
0
0
-1
0
-1
0
0
0
-1
0
0
0
0
1
0
0
0
0
0
0
1
0
1
0
0
0
0
0
0
1
0
0
0
1
1
0
0
0
0
0
0
0
0
-1
1
0
0
0
0
0
0
0
1
0
0
-1
0
0
0
-1
-1
0
0
1
0
-1
0
0
0
0
0
0
-1
-1
0
0
-1
1
0
1
0
0
0
0
0
0
1
0
0
0
-1
0
0
0
0
0
1
-1
0
0
0
0
0
0
0
0
0
1
0
0
0
0
0
0
-1
0
0
-1
0
0
-1
0
0
0
0
0
0
0
0
1
0
0
-1
1
0
0
-1
-1
0
0
0
1
-1
0
0
0
-1
1
0
0
0
1
-1
0
0
0
0
0
0
0
0
0
0
0
-1
0
0
0
0
0
0
0
0
0
0
1
-1
0
0
-1
1
0
0
0
0
0
0
0
0
0
0
0
0
0
0
-1
0
0
0
0
0
0
0
-1
0
0
0
-1
0
0
-1
-1
0
0
0
0
0
1
1
-1
0
-1
0
0
0
0
0
0
0
0
1
0
0
0
0
-1
1
0
0
1
0
0
0
0
0
1
1
0
0
0
0
0
-1
0
-1
1
0
1
0
0
1
0
0
1
0
0
0
1
-1
-1
1
0
0
0
-1
0
0
1
0
0
0
0
0
0
-1
0
0
0
-1
0
0
1
1
-1
0
0
0
0
0
0
0
0
0
-1
1
0
0
1
0
0
0
0
1
-1
0
0
0
0
-1
1
0
0
-1
0
0
0
0
0
-1
0
-1
1
0
0
1
0
0
0
0
0
0
0
0
-1
0
0
0
1
0
1
0
0
0
0
-1
0
0
1
1
0
0
0
-1
-1
0
0
0
-1
0
0
1
0
1
0
0
1
0
0
1
0
0
0
0
0
0
0
0
0
0
0
-1
1
0
0
0
0
0
0
0
0
0
0
-1
0
-1
0
0
0
0
0
-1
0
0
0
1
0
0
0
0
0
0
0
0
0
-1
1
1
-1
0
0
0
0
0
0
0
0
0
0
0
0
0
-1
0
0
0
0
0
0
0
0
-1
0
0
0
0
-1
0
-1
0
0
0
0
0
-1
0
0
-1
0
0
0
1
0
0
0
0
0
0
1
0
0
0
0
0
1
0
0
0
1
1
0
0
0
0
0
0
0
0
1
1
1
0
0
-1
0
0
0
-1
-1
0
0
0
0
0
0
0
0
0
0
0
0
0
0
0
0
0
0
0
0
0
1
1
1
0
-1
0
0
0
0
0
0
1
-1
-1
0
0
0
0
0
1
0
-1
0
0
0
0
0
0
0
0
-1
0
0
0
0
1
0
0
0
0
0
-1
1
1
0
0
0
0
1
0
0
0
0
0
0
0
0
0
0
0
0
1
0
0
0
0
0
0
1
0
0
0
0
0
0
0
0
0
0
1
0
-1
0
0
0
0
-1
0
0
0
0
0
0
-1
0
0
-1
0
0
0
-1
1
0
0
0
0
0
0
0
0
0
0
0
0
0
-1
0
-1
0
0
0
0
0
0
0
0
0
1
0
0
0
0
0
0
0
0
0
0
0
1
0
0
0
0
0
0
0
0
0
-1
0
0
1
0
0
0
0
0
0
0
1
0
0
0
0
0
0
-1
0
1
0
0
0
0
0
0
0
0
-1
0
0
0
0
0
0
0
0
1
0
-1
0
1
0
0
-1
0
0
0
0
-1
0
0
0
0
1
0
0
0
0
0
0
0
0
-1
0
0
0
0
0
0
0
0
0
1
0
0
0
0
0
1
0
0
1
0
1
-1
0
0
0
0
0
0
0
0
-1
0
-1
-1
0
0
0
0
0
0
0
0
0
0
-1
0
-1
0
0
0
0
0
0
-1
0
0
0
0
0
0
0
0
0
0
0
0
0
0
0
0
0
1
1
0
-1
0
0
0
0
0
0
0
0
0
0
0
0
0
0
0
0
1
0
0
0
0
0
1
0
0
0
0
0
0
0
-1
-1
0
0
0
0
0
-1
-1
0
0
0
-1
1
0
0
-1
0
0
0
0
0
0
0
0
0
0
0
0
0
0
0
0
1
0
0
-1
0
0
0
0
0
0
1
0
0
-1
-1
0
0
0
0
-1
0
0
0
0
0
1
0
0
1
0
1
0
0
0
0
0
0
-1
0
0
0
0
0
0
1
0
0
0
0
0
0
-1
-1
0
-1
0
0
0
0
0
0
0
0
0
0
0
0
0
0
-1
0
0
0
0
1
0
0
0
0
0
0
0
0
0
0
-1
1
-1
0
0
0
0
0
0
0
0
1
0
1
0
0
0
1
-1
0
0
0
0
0
0
0
0
0
0
-1
0
0
0
0
1
1
0
1
0
0
0
0
0
0
0
0
0
0
-1
-1
-1
-1
0
0
0
0
0
-1
0
0
0
0
0
-1
0
-1
0
1
0
0
1
0
0
-1
0
-1
0
0
0
-1
0
1
-1
0
0
0
0
-1
0
1
0
-1
1
1
0
1
-1
0
0
1
0
0
-1
1
0
0
1
0
0
0
0
1
0
0
0
0
1
0
-1
0
-1
0
1
0
1
-1
0
1
0
0
0
0
0
-1
0
0
0
0
0
0
0
0
0
0
-1
0
1
0
1
0
-1
0
0
1
0
0
0
0
0
0
-1
0
-1
0
0
0
0
0
0
0
1
0
1
0
0
0
0
0
-1
0
0
0
0
0
-1
0
0
0
0
0
0
1
0
0
0
0
1
0
0
0
0
0
0
0
0
0
-1
0
1
0
0
0
0
0
0
0
0
0
0
0
0
0
0
0
-1
1
0
0
0
-1
0
0
0
1
0
0
0
-1
0
0
0
0
1
1
0
1
0
0
-1
0
-1
0
0
0
0
0
0
0
0
0
0
0
0
0
1
0
0
0
0
0
0
0
0
0
0
0
0
0
0
0
0
0
0
1
0
0
0
1
0
0
0
0
0
0
0
0
1
1
0
0
1
0
0
0
0
0
1
0
0
-1
1
0
-1
-1
0
0
0
0
0
1
0
1
0
0
0
1
0
-1
0
-1
0
0
-1
0
0
0
-1
0
0
0
0
0
0
0
0
1
-1
0
0
0
0
-1
0
0
0
0
0
1
0
0
0
0
0
0
0
0
1
1
0
0
0
0
0
0
0
0
0
1
0
-1
0
0
0
0
0
0
0
0
0
0
1
0
1
1
1
0
0
0
0
0
0
0
0
0
0
0
0
-1
0
0
0
-1
0
-1
0
0
0
0
0
0
0
-1
1
0
1
0
0
0
0
1
1
0
-1
0
1
-1
0
0
0
0
0
0
0
0
0
0
0
0
0
1
-1
0
0
0
0
0
0
0
-1
0
-1
0
0
0
0
0
-1
0
1
0
0
0
1
0
0
0
0
0
0
0
0
0
0
0
0
0
0
1
0
1
0
-1
-1
-1
0
0
0
0
0
0
0
-1
0
0
1
-1
0
1
0
0
0
0
0
0
0
-1
0
0
0
0
0
0
0
0
0
0
0
0
0
0
0
0
0
0
0
0
0
0
1
0
1
0
0
0
1
0
0
-1
1
0
-1
0
0
-1
0
0
0
0
-1
0
0
0
0
1
0
0
0
1
0
0
1
-1
0
0
0
0
0
0
-1
0
1
0
0
0
1
-1
0
0
0
-1
0
0
0
-1
0
1
0
-1
0
0
-1
-1
0
0
0
0
-1
-1
-1
0
0
0
0
0
0
0
0
0
1
0
-1
0
1
0
1
0
0
0
-1
0
0
0
0
0
0
-1
1
0
0
0
0
1
0
0
0
-1
0
1
0
0
0
0
0
0
0
0
0
0
-1
1
-1
0
1
0
0
0
0
0
0
0
0
0
0
0
0
0
0
0
1
0
0
0
0
-1
1
0
0
0
0
0
0
0
0
0
0
0
0
-1
0
0
0
-1
0
0
1
1
0
0
0
0
-1
0
1
0
-1
0
0
0
0
-1
0
0
0
0
0
-1
-1
0
0
0
0
1
0
0
0
0
-1
0
0
0
0
0
0
0
0
1
0
-1
0
0
-1
0
0
0
0
0
0
0
0
0
0
0
1
0
0
0
0
-1
-1
0
-1
0
0
0
-1
0
0
0
0
1
1
-1
0
0
-1
-1
0
0
-1
0
0
-1
0
0
-1
1
-1
0
0
-1
0
0
0
0
0
0
0
1
0
0
-1
1
1
0
0
0
0
0
0
0
0
0
1
0
0
0
0
0
0
-1
0
0
-1
0
0
1
0
0
1
0
0
0
1
0
0
0
0
0
0
1
-1
0
0
0
1
0
-1
0
0
0
0
0
-1
0
0
0
0
1
0
0
1
0
0
0
1
0
0
0
0
0
1
0
0
0
0
0
0
0
1
0
0
0
0
-1
0
0
-1
-1
0
-1
0
0
0
1
1
0
0
0
-1
1
0
0
0
0
1
0
1
0
0
1
1
0
0
0
0
0
-1
0
0
0
-1
0
0
1
0
0
0
0
1
0
1
0
0
0
0
-1
0
0
0
0
0
-1
0
0
0
1
1
0
0
-1
0
0
1
0
0
-1
1
0
0
0
0
-1
0
0
0
0
0
0
0
0
0
0
0
1
0
0
0
-1
0
1
0
0
1
-1
0
-1
-1
0
0
0
0
0
0
0
0
-1
0
-1
1
0
1
1
0
0
0
0
0
0
0
0
0
0
0
0
0
0
1
0
-1
0
0
0
0
0
0
-1
0
0
-1
0
0
0
0
0
0
0
1
1
0
0
0
0
0
0
0
-1
0
0
0
0
0
0
-1
-1
0
0
0
0
0
1
0
1
-1
0
0
-1
0
0
0
1
0
0
0
0
0
0
0
1
0
1
0
0
0
-1
-1
0
0
0
0
1
0
-1
0
0
0
0
1
0
-1
0
0
0
0
0
1
0
0
0
0
0
0
0
0
0
0
1
0
0
0
0
0
0
0
0
0
0
0
0
0
-1
-1
0
0
0
0
0
0
-1
0
0
-1
0
0
0
0
0
0
0
0
0
0
0
0
0
0
0
0
0
-1
0
0
1
0
0
-1
1
0
0
0
0
0
0
0
0
0
0
-1
1
0
0
-1
0
0
0
1
0
-1
0
0
0
0
0
0
0
1
-1
0
-1
0
-1
-1
0
0
0
1
0
0
0
0
0
1
0
-1
-1
0
0
0
0
0
0
0
-1
0
-1
0
1
0
0
0
0
1
0
0
0
0
0
-1
-1
0
0
0
0
-1
0
1
0
1
0
0
0
0
-1
0
0
0
-1
0
0
0
0
0
0
0
0
-1
0
0
0
1
0
1
0
-1
0
1
0
0
-1
0
0
0
0
0
0
1
0
1
0
0
0
0
0
1
0
1
0
0
0
1
0
0
0
0
0
-1
0
0
0
0
0
0
0
0
0
-1
0
0
0
0
0
0
0
0
0
0
1
0
1
0
0
1
0
0
1
0
0
1
0
0
1
0
0
0
0
0
0
0
0
0
0
0
1
0
0
-1
0
0
-1
0
-1
0
0
1
1
0
0
0
-1
0
0
0
0
0
0
1
0
0
-1
0
0
0
0
-1
0
1
0
0
0
0
0
-1
0
0
0
0
0
0
0
1
0
0
0
0
0
-1
0
0
0
0
0
1
0
0
0
0
0
0
0
1
0
-1
0
-1
1
0
0
0
0
-1
0
-1
0
0
0
0
-1
1
0
0
0
1
0
-1
0
1
1
0
-1
0
0
0
0
0
0
0
0
-1
0
0
0
0
1
-1
0
0
-1
0
0
0
0
0
1
1
0
0
0
-1
-1
0
0
0
1
0
0
0
0
0
0
1
0
0
-1
0
0
1
0
0
0
0
0
1
0
0
-1
0
0
0
0
0
0
0
0
1
0
0
0
0
0
0
0
0
1
0
0
0
0
0
0
-1
0
0
0
0
1
0
0
1
0
0
0
1
-1
0
-1
0
0
0
1
0
0
0
0
0
0
1
0
0
0
0
0
0
0
0
0
-1
0
0
0
1
0
0
0
1
0
0
0
0
0
0
0
0
0
0
1
0
1
0
-1
0
0
-1
0
0
0
-1
0
0
0
-1
0
-1
1
-1
1
0
0
0
0
0
1
0
1
0
0
0
0
0
0
0
0
0
0
0
1
0
0
-1
0
0
0
0
0
0
0
0
0
0
-1
0
0
1
0
0
-1
0
0
0
0
0
0
0
0
-1
0
1
0
0
0
0
1
0
0
0
0
0
-1
0
0
-1
0
0
0
0
0
0
0
0
0
0
0
1
1
1
1
0
0
-1
1
0
0
0
0
0
0
0
0
0
0
0
0
1
0
0
1
0
1
0
0
1
0
0
0
0
1
0
0
-1
0
0
1
1
0
0
-1
0
-1
-1
0
0
0
1
1
0
-1
0
1
0
0
0
0
1
0
1
-1
0
1
0
0
0
-1
0
0
0
1
0
-1
0
-1
-1
0
0
1
0
0
0
1
1
0
0
1
1
-1
0
-1
0
0
0
1
0
0
0
0
-1
0
0
-1
0
0
-1
-1
1
0
0
0
0
-1
0
1
0
0
0
-1
1
0
1
0
1
-1
0
0
0
-1
0
0
0
0
0
0
0
0
0
0
0
0
0
0
0
0
0
1
0
0
0
0
1
0
0
0
0
0
0
0
0
0
0
0
0
0
0
0
0
0
0
0
0
1
0
0
0
0
-1
0
0
1
0
0
0
0
0
-1
0
0
0
0
0
0
-1
0
0
-1
0
0
0
-1
0
0
0
0
-1
0
0
0
0
0
0
0
0
0
0
0
0
0
0
0
-1
0
0
0
-1
0
-1
0
-1
0
0
0
0
1
0
0
0
0
-1
1
0
0
0
0
0
1
0
0
0
0
0
0
1
0
0
0
0
-1
0
-1
0
0
0
0
0
0
0
0
0
0
0
0
0
0
0
0
0
1
0
1
1
0
1
0
0
0
0
0
1
0
1
0
0
0
1
0
0
-1
0
0
1
0
-1
0
0
0
0
-1
-1
1
0
0
1
0
0
1
0
0
0
-1
1
0
0
0
0
0
0
-1
0
0
0
0
0
0
0
0
0
0
0
0
0
0
0
0
0
0
0
0
-1
0
-1
0
-1
0
0
0
0
0
-1
0
-1
1
0
0
0
0
0
-1
0
-1
0
-1
0
0
0
0
-1
0
-1
0
1
0
0
0
0
0