0
0
0
0
0
0
0
1
0
0
0
0
0
-1
0
0
0
0
0
0
0
0
0
0
-1
-1
-1
-1
0
-1
0
0
0
0
0
0
-1
-1
0
-1
0
0
0
-1
0
0
0
0
0
0
0
1
0
0
0
0
0
0
0
0
0
0
1
1
0
0
0
0
0
0
0
0
0
0
0
1
0
0
0
0
0
1
1
0
0
0
0
0
-1
0
0
0
0
0
0
1
0
0
1
0
0
0
1
0
0
1
0
1
1
0
0
0
0
0
0
0
0
0
0
1
0
1
1
-1
0
0
0
0
0
0
0
0
0
0
0
1
0
0
1
0
0
0
1
0
0
0
-1
0
0
0
0
0
0
0
0
0
0
1
0
0
0
-1
-1
0
0
0
0
0
0
0
0
0
0
-1
0
1
0
0
0
0
0
0
0
-1
0
1
0
0
0
0
-1
0
-1
-1
0
0
0
0
1
0
0
0
0
0
0
0
0
1
1
0
1
-1
0
0
0
0
0
0
0
0
0
0
0
0
0
0
0
0
0
0
0
0
0
0
0
0
0
0
0
0
-1
1
0
1
0
0
1
0
0
0
0
0
1
-1
0
0
0
0
0
1
0
0
-1
0
0
0
0
1
0
0
1
-1
-1
0
0
0
0
0
0
0
0
0
0
0
-1
0
0
0
1
0
0
0
0
1
0
-1
-1
0
0
0
-1
0
0
0
0
0
-1
0
0
0
0
-1
0
0
0
0
0
0
0
0
0
0
0
0
0
0
-1
0
0
0
0
0
0
0
0
0
1
0
-1
0
0
0
0
0
0
0
0
0
0
0
0
0
0
0
0
0
0
0
-1
0
0
0
0
0
0
0
0
0
0
0
0
0
1
0
0
0
0
0
0
0
1
0
0
0
1
1
0
0
0
-1
1
1
0
0
0
0
0
0
0
1
0
0
0
1
0
0
0
0
0
-1
0
0
0
0
0
0
0
0
0
0
-1
-1
-1
0
0
0
0
-1
0
0
0
0
0
0
0
0
0
1
0
1
0
0
0
0
0
0
1
-1
0
1
-1
0
0
0
0
0
0
0
-1
0
0
0
-1
0
-1
0
0
0
0
0
-1
0
0
0
0
0
0
-1
0
0
0
0
0
0
0
0
-1
-1
0
0
0
0
0
1
0
0
0
0
0
-1
0
0
0
0
0
0
0
0
0
1
0
1
0
0
1
-1
1
0
0
0
-1
-1
0
0
0
-1
0
-1
0
0
0
-1
0
0
0
0
1
0
0
0
0
0
0
1
0
1
0
0
0
0
0
0
1
0
0
0
1
1
0
0
0
0
0
0
0
0
-1
1
0
0
0
0
0
0
0
1
0
0
-1
0
0
0
-1
-1
0
0
1
0
-1
0
0
0
0
0
0
-1
-1
0
0
-1
1
0
1
0
0
0
0
0
0
1
0
0
0
-1
0
0
0
0
0
1
-1
0
0
0
0
0
0
0
0
0
1
0
0
0
0
0
0
-1
0
0
-1
0
0
-1
0
0
0
0
0
0
0
0
1
0
0
-1
1
0
0
-1
-1
0
0
0
1
-1
0
0
0
-1
1
0
0
0
1
-1
0
0
0
0
0
0
0
0
0
0
0
-1
0
0
0
0
0
0
0
0
0
0
1
-1
0
0
-1
1
0
0
0
0
0
0
0
0
0
0
0
0
0
0
-1
0
0
0
0
0
0
0
-1
0
0
0
-1
0
0
-1
-1
0
0
0
0
0
1
1
-1
0
-1
0
0
0
0
0
0
0
0
1
0
0
0
0
-1
1
0
0
1
0
0
0
0
0
1
1
0
0
0
0
0
-1
0
-1
1
0
1
0
0
1
0
0
1
0
0
0
1
-1
-1
1
0
0
0
-1
0
0
1
0
0
0
0
0
0
-1
0
0
0
-1
0
0
1
1
-1
0
0
0
0
0
0
0
0
0
-1
1
0
0
1
0
0
0
0
1
-1
0
0
0
0
-1
1
0
0
-1
0
0
0
0
0
-1
0
-1
1
0
0
1
0
0
0
0
0
0
0
0
-1
0
0
0
1
0
1
0
0
0
0
-1
0
0
1
1
0
0
0
-1
-1
0
0
0
-1
0
0
1
0
1
0
0
1
0
0
1
0
0
0
0
0
0
0
0
0
0
0
-1
1
0
0
0
0
0
0
0
0
0
0
-1
0
-1
0
0
0
0
0
-1
0
0
0
1
0
0
0
0
0
0
0
0
0
-1
1
1
-1
0
0
0
0
0
0
0
0
0
0
0
0
0
-1
0
0
0
0
0
0
0
0
-1
0
0
0
0
-1
0
-1
0
0
0
0
0
-1
0
0
-1
0
0
0
1
0
0
0
0
0
0
1
0
0
0
0
0
1
0
0
0
1
1
0
0
0
0
0
0
0
0
1
1
1
0
0
-1
0
0
0
-1
-1
0
0
0
0
0
0
0
0
0
0
0
0
0
0
0
0
0
0
0
0
0
1
1
1
0
-1
0
0
0
0
0
0
1
-1
-1
0
0
0
0
0
1
0
-1
0
0
0
0
0
0
0
0
-1
0
0
0
0
1
0
0
0
0
0
-1
1
1
0
0
0
0
1
0
0
0
0
0
0
0
0
0
0
0
0
1
0
0
0
0
0
0
1
0
0
0
0
0
0
0
0
0
0
1
0
-1
0
0
0
0
-1
0
0
0
0
0
0
-1
0
0
-1
0
0
0
-1
1
0
0
0
0
0
0
0
0
0
0
0
0
0
-1
0
-1
0
0
0
0
0
0
0
0
0
1
0
0
0
0
0
0
0
0
0
0
0
1
0
0
0
0
0
0
0
0
0
-1
0
0
1
0
0
0
0
0
0
0
1
0
0
0
0
0
0
-1
0
1
0
0
0
0
0
0
0
0
-1
0
0
0
0
0
0
0
0
1
0
-1
0
1
0
0
-1
0
0
0
0
-1
0
0
0
0
1
0
0
0
0
0
0
0
0
-1
0
0
0
0
0
0
0
0
0
1
0
0
0
0
0
1
0
0
1
0
1
-1
0
0
0
0
0
0
0
0
-1
0
-1
-1
0
0
0
0
0
0
0
0
0
0
-1
0
-1
0
0
0
0
0
0
-1
0
0
0
0
0
0
0
0
0
0
0
0
0
0
0
0
0
1
1
0
-1
0
0
0
0
0
0
0
0
0
0
0
0
0
0
0
0
1
0
0
0
0
0
1
0
0
0
0
0
0
0
-1
-1
0
0
0
0
0
-1
-1
0
0
0
-1
1
0
0
-1
0
0
0
0
0
0
0
0
0
0
0
0
0
0
0
0
1
0
0
-1
0
0
0
0
0
0
1
0
0
-1
-1
0
0
0
0
-1
0
0
0
0
0
1
0
0
1
0
1
0
0
0
0
0
0
-1
0
0
0
0
0
0
1
0
0
0
0
0
0
-1
-1
0
-1
0
0
0
0
0
0
0
0
0
0
0
0
0
0
-1
0
0
0
0
1
0
0
0
0
0
0
0
0
0
0
-1
1
-1
0
0
0
0
0
0
0
0
1
0
1
0
0
0
1
-1
0
0
0
0
0
0
0
0
0
0
-1
0
0
0
0
1
1
0
1
0
0
0
0
0
0
0
0
0
0
-1
-1
-1
-1
0
0
0
0
0
-1
0
0
0
0
0
-1
0
-1
0
1
0
0
1
0
0
-1
0
-1
0
0
0
-1
0
1
-1
0
0
0
0
-1
0
1
0
-1
1
1
0
1
-1
0
0
1
0
0
-1
1
0
0
1
0
0
0
0
1
0
0
0
0
1
0
-1
0
-1
0
1
0
1
-1
0
1
0
0
0
0
0
-1
0
0
0
0
0
0
0
0
0
0
-1
0
1
0
1
0
-1
0
0
1
0
0
0
0
0
0
-1
0
-1
0
0
0
0
0
0
0
1
0
1
0
0
0
0
0
-1
0
0
0
0
0
-1
0
0
0
0
0
0
1
0
0
0
0
1
0
0
0
0
0
0
0
0
0
-1
0
1
0
0
0
0
0
0
0
0
0
0
0
0
0
0
0
-1
1
0
0
0
-1
0
0
0
1
0
0
0
-1
0
0
0
0
1
1
0
1
0
0
-1
0
-1
0
0
0
0
0
0
0
0
0
0
0
0
0
1
0
0
0
0
1
1
1
1
1
1
1
1
1
1
0
0
0
0
1
0
0
0
1
0
0
0
0
0
0
0
0
1
1
0
0
1
0
0
-1
-1
0
3
1
-1
-2
1
1
1
2
2
-1
-4
-3
1
4
2
-1
-2
0
5
10
5
-11
-27
-24
12
57
63
6
-86
-134
-83
45
155
161
55
-84
-156
-117
-1
105
125
56
-49
-108
-83
-2
70
81
32
-28
-52
-30
12
38
28
-5
-30
-27
1
29
36
17
-11
-24
-17
0
13
18
12
-1
-15
-22
-18
-2
22
38
32
4
-30
-45
-31
0
27
30
13
-13
-24
-13
9
21
14
-4
-18
-15
2
17
17
-2
-22
-25
-7
15
27
22
4
-15
-23
-18
0
12
12
4
-4
-4
0
4
6
1
-2
-2
2
6
5
1
-6
-9
-7
2
9
8
5
-1
-4
-3
-1
1
2
1
1
1
2
1
-1
-2
-3
1
4
3
0
-4
-4
-1
2
5
2
0
-4
-4
-1
0
0
1
2
0
0
-1
0
-1
1
2
1
-1
-3
-3
-1
4
6
5
2
-3
-4
0
3
5
2
-1
-3
-4
-1
0
1
1
1
1
0
-1
0
0
2
1
0
-2
-6
-5
2
8
9
4
-4
-12
-11
-3
7
12
8
3
-3
-5
-3
3
7
5
-2
-4
-1
3
1
-3
-4
-1
7
11
9
-1
-8
-6
4
11
8
-2
-10
-13
-5
5
12
11
-2
-15
-13
-2
10
15
6
-7
-17
-12
2
16
15
4
-11
-17
-10
7
21
15
-1
-16
-20
-13
-1
12
15
10
-4
-14
-13
-2
10
12
9
1
-7
-8
-1
6
8
3
-3
-6
-5
2
8
6
-4
-11
-10
-1
10
16
8
-5
-17
-16
-4
10
17
11
-2
-12
-12
-5
6
9
4
-1
-3
-2
4
4
0
-5
-7
-3
4
7
5
-4
-9
-7
3
9
9
4
-4
-8
-7
-2
5
7
3
-2
-6
-4
-1
3
4
2
0
-1
0
0
-1
0
-2
-1
1
1
1
-1
0
2
3
2
-3
-7
-7
-2
5
8
5
0
-3
-4
-1
2
4
2
3
0
-1
-1
-1
-1
0
2
3
2
0
-2
-3
-3
1
2
2
-1
-1
-2
0
2
3
3
2
1
-1
0
1
0
-1
0
0
0
0
-1
-1
-2
-2
1
4
5
3
0
-5
-6
-3
3
6
5
1
-4
-6
-3
1
4
4
1
-2
-2
-1
1
1
-1
-1
-1
-1
1
0
-1
0
1
2
2
0
-3
-3
-1
4
2
-1
-2
-1
0
0
2
0
-1
-3
-4
-2
3
4
1
-1
-2
-1
-1
3
3
0
-3
-3
-1
0
2
1
-2
-3
-3
-1
3
1
1
1
-1
0
0
1
2
2
2
0
0
-1
0
0
2
1
0
0
0
1
1
0
0
1
0
0
-2
-1
0
2
2
1
-1
-1
-1
-1
1
1
1
-1
-1
1
0
1
1
1
-1
-1
-1
1
1
1
1
-2
-1
0
1
2
1
-1
-1
-1
0
1
1
0
0
-1
-1
0
2
2
1
0
-1
-1
0
2
1
1
-1
0
0
1
-1
0
0
0
2
0
1
-1
1
-1
2
0
-1
-3
-2
-2
0
2
1
1
-1
-2
0
1
1
1
1
-1
0
-2
-1
0
1
3
1
2
0
-1
1
1
1
2
2
2
1
-1
0
0
0
-1
0
0
1
0
0
0
0
1
0
1
0
0
0
0
-1
0
0
0
1
1
0
1
1
1
2
2
1
1
-1
0
0
1
0
0
-1
1
0
0
0
0
-1
0
0
0
0
0
0
0
0
0
0
0
1
0
0
0
-1
0
1
0
0
1
-1
0
-1
-1
0
0
0
0
0
0
0
0
-1
0
-1
1
0
1
1
0
0
0
0
0
0
0
0
0
0
0
0
0
0
1
0
-1
0
0
0
0
0
0
-1
0
0
-1
0
0
0
0
0
0
0
1
1
0
0
0
0
0
0
0
-1
0
0
0
0
0
0
-1
-1
0
0
0
0
0
1
0
1
-1
0
0
-1
0
0
0
1
0
0
0
0
0
0
0
1
0
1
0
0
0
-1
-1
0
0
0
0
1
0
-1
0
0
0
0
1
0
-1
0
0
0
0
0
1
0
0
0
0
0
0
0
0
0
0
1
0
0
0
0
0
0
0
0
0
0
0
0
0
-1
-1
0
0
0
0
0
0
-1
0
0
-1
0
0
0
0
0
0
0
0
0
0
0
0
0
0
0
0
0
-1
0
0
1
0
0
-1
1
0
0
0
0
0
0
0
0
0
0
-1
1
0
0
-1
0
0
0
1
0
-1
0
0
0
0
0
0
0
1
-1
0
-1
0
-1
-1
0
0
0
1
0
0
0
0
0
1
0
-1
-1
0
0
0
0
0
0
0
-1
0
-1
0
1
0
0
0
0
1
0
0
0
0
0
-1
-1
0
0
0
0
-1
0
1
0
1
0
0
0
0
-1
0
0
0
-1
0
0
0
0
0
0
0
0
-1
0
0
0
1
0
1
0
-1
0
1
0
0
-1
0
0
0
0
0
0
1
0
1
0
0
0
0
0
1
0
1
0
0
0
1
0
0
0
0
0
-1
0
0
0
0
0
0
0
0
0
-1
0
0
0
0
0
0
0
0
0
0
1
0
1
0
0
1
0
0
1
0
0
1
0
0
1
0
0
0
0
0
0
0
0
0
0
0
1
0
0
-1
0
0
-1
0
-1
0
0
1
1
0
0
0
-1
0
0
0
0
0
0
1
0
0
-1
0
0
0
0
-1
0
1
0
0
0
0
0
-1
0
0
0
0
0
0
0
1
0
0
0
0
0
-1
0
0
0
0
0
1
0
0
0
0
0
0
0
1
0
-1
0
-1
1
0
0
0
0
-1
0
-1
0
0
0
0
-1
1
0
0
0
1
0
-1
0
1
1
0
-1
0
0
0
0
0
0
0
0
-1
0
0
0
0
1
-1
0
0
-1
0
0
0
0
0
1
1
0
0
0
-1
-1
0
0
0
1
0
0
0
0
0
0
1
0
0
-1
0
0
1
0
0
0
0
0
1
0
0
-1
0
0
0
0
0
0
0
0
1
0
0
0
0
0
0
0
0
1
0
0
0
0
0
0
-1
0
0
0
0
1
0
0
1
0
0
0
1
-1
0
-1
0
0
0
1
0
0
0
0
0
0
1
0
0
0
0
0
0
0
0
0
-1
0
0
0
1
0
0
0
1
0
0
0
0
0
0
0
0
0
0
1
0
1
0
-1
0
0
-1
0
0
0
-1
0
0
0
-1
0
-1
1
-1
1
0
0
0
0
0
1
0
1
0
0
0
0
0
0
0
0
0
0
0
1
0
0
-1
0
0
0
0
0
0
0
0
0
0
-1
0
0
1
0
0
-1
0
0
0
0
0
0
0
0
-1
0
1
0
0
0
0
1
0
0
0
0
0
-1
0
0
-1
0
0
0
0
0
0
0
0
0
0
0
1
1
1
1
0
0
-1
1
0
0
0
0
0
0
0
0
0
0
0
0
1
0
0
1
0
1
0
0
1
0
0
0
0
1
0
0
-1
0
0
1
1
0
0
-1
0
-1
-1
0
0
0
1
1
0
-1
0
1
0
0
0
0
1
0
1
-1
0
1
0
0
0
-1
0
0
0
1
0
-1
0
-1
-1
0
0
1
0
0
0
1
1
0
0
1
1
-1
0
-1
0
0
0
1
0
0
0
0
-1
0
0
-1
0
0
-1
-1
1
0
0
0
0
-1
0
1
0
0
0
-1
1
0
1
0
1
-1
0
0
0
-1
0
0
0
0
0
0
0
0
0
0
0
0
0
0
0
0
0
1
0
0
0
0
1
0
0
0
0
0
0
0
0
0
0
0
0
0
0
0
0
0
0
0
0
1
0
0
0
0
-1
0
0
1
0
0
0
0
0
-1
0
0
0
0
0
0
-1
0
0
-1
0
0
0
-1
0
0
0
0
-1
0
0
0
0
0
0
0
0
0
0
0
0
0
0
0
-1
0
0
0
-1
0
-1
0
-1
0
0
0
0
1
0
0
0
0
-1
1
0
0
0
0
0
1
0
0
0
0
0
0
1
0
0
0
0
-1
0
-1
0
0
0
0
0
0
0
0
0
0
0
0
0
0
0
0
0
1
0
1
1
0
1
0
0
0
0
0
1
0
1
0
0
0
1
0
0
-1
0
0
1
0
-1
0
0
0
0
-1
-1
1
0
0
1
0
0
1
0
0
0
-1
1
0
0
0
0
0
0
-1
0
0
0
0
0
0
0
0
0
0
0
0
0
0
0
0
0
0
0
0
-1
0
-1
0
-1
0
0
0
0
0
-1
0
-1
1
0
0
0
0
0
-1
0
-1
0
-1
0
0
0
0
-1
0
-1
0
1
0
0
0
0
0
0
1
0
0
0
0
0
0
-1
0
0
0
0
0
0
0
0
1
0
1
1
0
0
0
0
0
0
0
0
0
0
1
0
1
0
0
0
0
0
0
0
1
0
0
0
1
0
1
1
0
0
0
0
-1
0
0
1
0
0
0
0
0
0
0
0
0
0
0
0
0
-1
0
0
0
0
0
0
0
0
0
-1
0
1
0
0
0
0
0
0
0
-1
1
0
0
0
1
0
1
0
0
0
0
0
0
0
-1
0
1
0
0
0
1
0
0
0
0
-1
1
1
0
0
1
0
0
0
0
0
0
0
0
-1
0
0
0
0
1
0
0
0
0
0
0
-1
-1
1
0
0
1
0
0
-1
0
-1
1
0
1
0
0
0
0
1
-1
0
0
0
0
0
0
0
0
0
0
0
0
0
0
-1
0
0
0
0
1
0
0
0
0
0
0
0
0
-1
0
0
0
-1
0
0
1
0
-1
0
0
0
0
1
1
1
0
0
-1
0
0
-1
0
0
0
0
-1
0
0
0
0
0
0
1
0
0
0
0
0
1
0
0
0
0
0
0
0
-1
1
-1
0
-1
0
0
0
0
-1
0
0
0
0
0
0
0
0
0
1
0
0
0
0
0
0
0
0
0
0
0
0
0
0
-1
0
0
0
1
0
0
0
0
-1
0
-1
0
1
0
0
1
0
0
0
0
0
0
0
0
0
0
1
-1
0
-1
0
0
-1
0
0
0
0
-1
0
0
0
0
0
1
0
0
0
0
0
0
0
-1
0
0
0
0
0
0
-1
0
0
0
0
0
0
-1
0
-1
0
0
0
0
1
0
0
0
0
0
0
0
0
0
0
0
0
1
0
0
0
0
1
0
-1
0
1
0
0
0
0
0
0
0
-1
-1
0
0
0
1
0
-1
0
0
-1
0
0
0
-1
0
0
1
0
0
0
0
0
0
1
0
0
0
0
1
0
0
0
1
1
0
0
0
0
0
0
1
0
1
0
0
0
1
0
0
0
-1
1
1
0
-1
0
0
0
0
0
0
0
0
0
0
0
1
0
1
0
0
0
0
0
-1
0
1
0
0
-1
0
-1
0
0
-1
0
0
0
0
0
0
0
0
0
0
0
0
0
0
0
0
0
0
0
0
0
0
0
0
0
0
0
0
0
0
0
0
0
-1
0
0
0
0
0
0
0
-1
0
0
0
0
0
0
0
0
0
0
0
0
0
0
0
0
0
0
0
0
0
0
1
-1
0
0
0
0
0
0
0
1
0
0
0
0
0
-1
0
0
0
0
0
0
0
0
0
0
-1
-1
-1
-1
0
-1
0
0
0
0
0
0
-1
-1
0
-1
0
0
0
-1
0
0
0
0
0
0
0
1
0
0
0
0
0
0
0
0
0
0
1
1
0
0
0
0
0
0
0
0
0
0
0
1
0
0
0
0
0
1
1
0
0
0
0
0
-1
0
0
0
0
0
0
1
0
0
1
0
0
0
1
0
0
1
0
1
1
0
0
0
0
0
0
0
0
0
0
1
0
1
1
-1
0
0
0
0
0
0
0
0
0
0
0
1
0
0
1
0
0
0
1
0
0
0
-1
0
0
0
0
0
0
0
0
0
0
1
0
0
0
-1
-1
0
0
0
0
0
0
0
0
0
0
-1
0
1
0
0
0
0
0
0
0
-1
0
1
0
0
0
0
-1
0
-1
-1
0
0
0
0
1
0
0
0
0
0
0
0
0
1
1
0
1
-1
0
0
0
0
0
0
0
0
0
0
0
0
0
0
0
0
0
0
0
0
0
0
0
0
0
0
0
0
-1
1
0
1
0
0
1
0
0
0
0
0
1
-1
0
0
0
0
0
1
0
0
-1
0
0
0
0
1
0
0
1
-1
-1
0
0
0
0
0
0
0
0
0
0
0
-1
0
0
0
1
0
0
0
0
1
0
-1
-1
0
0
0
-1
0
0
0
0
0
-1
0
0
0
0
-1
0
0
0
0
0
0
0
0
0
0
0
0
0
0
-1
0
0
0
0
0
0
0
0
0
1
0
-1
0
0
0
0
0
0
0
0
0
0
0
0
0
0
0
0
0
0
0
-1
0
0
0
0
0
0
0
0
0
0
0
0
0
1
0
0
0
0
0
0
0
1
0
0
0
1
1
0
0
0
-1
1
1
0
0
0
0
0
0
0
1
0
0
0
1
0
0
0
0
0
-1
0
0
0
0
0
0
0
0
0
0
-1
-1
-1
0
0
0
0
-1
0
0
0
0
0
0
0
0
0
1
0
1
0
0
0
0
0
0
1
-1
0
1
-1
0
0
0
0
0
0
0
-1
0
0
0
-1
0
-1
0
0
0
0
0
-1
0
0
0
0
0
0
-1
0
0
0
0
0
0
0
0
-1
-1
0
0
0
0
0
1
0
0
0
0
0
-1
0
0
0
0
0
0
0
0
0
1
0
1
0
0
1
-1
1
0
0
0
-1
-1
0
0
0
-1
0
-1
0
0
0
-1
0
0
0
0
1
0
0
0
0
0
0
1
0
1
0
0
0
0
0
0
1
0
0
0
1
1
0
0
0
0
0
0
0
0
-1
1
0
0
0
0
0
0
0
1
0
0
-1
0
0
0
-1
-1
0
0
1
0
-1
0
0
0
0
0
0
-1
-1
0
0
-1
1
0
1
0
0
0
0
0
0
1
0
0
0
-1
0
0
0
0
0
1
-1
0
0
0
0
0
0
0
0
0
1
0
0
0
0
0
0
-1
0
0
-1
0
0
-1
0
0
0
0
0
0
0
0
1
0
0
-1
1
0
0
-1
-1
0
0
0
1
-1
0
0
0
-1
1
0
0
0
1
-1
0
0
0
0
0
0
0
0
0
0
0
-1
0
0
0
0
0
0
0
0
0
0
1
-1
0
0
-1
1
0
0
0
0
0
0
0
0
0
0
0
0
0
0
-1
0
0
0
0
0
0
0
-1
0
0
0
-1
0
0
-1
-1
0
0
0
0
0
1
1
-1
0
-1
0
0
0
0
0
0
0
0
1
0
0
0
0
-1
1
0
0
1
0
0
0
0
0
1
1
0
0
0
0
0
-1
0
-1
1
0
1
0
0
1
0
0
1
0
0
0
1
-1
-1
1
0
0
0
-1
0
0
1
0
0
0
0
0
0
-1
0
0
0
-1
0
0
1
1
-1
0
0
0
0
0
0
0
0
0
-1
1
0
0
1
0
0
0
0
1
-1
0
0
0
0
-1
1
0
0
-1
0
0
0
0
0
-1
0
-1
1
0
0
1
0
0
0
0
0
0
0
0
-1
0
0
0
1
0
1
0
0
0
0
-1
0
0
1
1
0
0
0
-1
-1
0
0
0
-1
0
0
1
0
1
0
0
1
0
0
1
0
0
0
0
0
0
0
0
0
0
0
-1
1
0
0
0
0
0
0
0
0
0
0
-1
0
-1
0
0
0
0
0
-1
0
0
0
1
0
0
0
0
0
0
0
0
0
-1
1
1
-1
0
0
0
0
0
0
0
0
0
0
0
0
0
-1
0
0
0
0
0
0
0
0
-1
0
0
0
0
-1
0
-1
0
0
0
0
0
-1
0
0
-1
0
0
0
1
0
0
0
0
0
0
1
0
0
0
0
0
1
0
0
0
1
1
0
0
0
0
0
0
0
0
1
1
1
0
0
-1
0
0
0
-1
-1
0
0
0
0
0
0
0
0
0
0
0
0
0
0
0
0
0
0
0
0
0
1
1
1
0
-1
0
0
0
0
0
0
1
-1
-1
0
0
0
0
0
1
0
-1
0
0
0
0
0
0
0
0
-1
0
0
0
-1
0
-1
-1
-2
-1
-1
-2
1
1
0
1
1
1
2
1
1
1
0
1
1
0
0
0
0
0
0
1
1
1
1
0
0
0
1
1
1
2
2
1
1
1
2
3
5
8
11
16
25
33
40
45
46
48
49
49
49
49
47
43
41
36
30
25
19
13
6
1
-7
-15
-23
-31
-38
-44
-48
-49
-50
-48
-46
-43
-40
-36
-28
-22
-13
-5
2
7
11
13
13
13
12
11
7
5
2
0
-2
-4
-6
-6
-6
-5
-3
2
5
11
17
23
29
34
38
42
44
44
42
39
33
24
15
6
-2
-10
-17
-23
-29
-35
-39
-42
-41
-38
-33
-28
-22
-15
-11
-5
-1
4
8
12
14
17
17
19
19
20
21
22
22
21
19
17
11
4
-1
-7
-14
-21
-29
-34
-41
-48
-54
-60
-64
-66
-66
-64
-59
-53
-48
-44
-40
-36
-35
-34
-31
-32
-34
-36
-39
-46
-52
-56
-60
-64
-65
-63
-66
-67
-66
-66
-69
-67
-64
-63
-59
-53
-47
-44
-36
-28
-19
-10
1
12
22
30
36
43
48
53
63
74
84
94
107
119
128
138
151
161
169
181
191
200
206
213
217
218
217
214
211
204
197
189
180
171
161
153
147
142
139
135
133
130
127
124
120
115
108
99
87
74
62
49
33
17
3
-13
-33
-51
-69
-91
-112
-131
-150
-174
-194
-209
-230
-251
-269
-287
-314
-344
-376
-413
-459
-505
-549
-596
-649
-699
-741
-782
-825
-857
-872
-879
-877
-851
-802
-743
-676
-590
-487
-386
-275
-150
-15
113
239
365
476
570
657
735
797
848
895
933
955
964
965
951
925
895
869
837
801
763
722
674
619
566
514
457
401
351
307
261
219
184
151
113
90
79
66
54
58
69
68
69
83
91
85
81
89
84
67
60
60
47
31
28
28
18
8
9
15
14
17
27
41
53
52
37
18
-17
-94
-198
-302
-419
-578
-770
-968
-1182
-1422
-1667
-1887
-2061
-2179
-2248
-2286
-2283
-2216
-2099
-1952
-1746
-1440
-1069
-717
-393
-45
313
595
810
1051
1321
1523
1630
1721
1797
1786
1674
1557
1481
1390
1254
1129
1052
961
803
637
518
405
266
178
176
186
154
135
125
35
-112
-198
-216
-249
-275
-232
-191
-274
-424
-521
-582
-665
-693
-593
-458
-385
-343
-295
-271
-261
-198
-78
61
226
403
521
567
613
673
692
703
789
913
974
992
1024
1023
938
847
820
806
748
702
686
627
506
383
284
177
67
0
-37
-90
-160
-225
-312
-417
-469
-462
-469
-492
-448
-379
-401
-472
-472
-460
-568
-727
-799
-853
-1041
-1289
-1435
-1562
-1822
-2110
-2236
-2251
-2278
-2244
-2030
-1736
-1520
-1345
-1106
-811
-514
-195
194
627
1022
1301
1452
1536
1589
1590
1569
1606
1695
1732
1660
1534
1370
1126
842
644
567
524
485
493
481
350
156
-4
-147
-285
-345
-320
-286
-286
-317
-410
-568
-738
-865
-908
-858
-752
-631
-531
-477
-475
-496
-496
-435
-294
-90
132
327
455
506
512
518
547
600
682
779
865
885
838
786
735
670
653
710
786
796
750
754
743
600
512
578
586
483
413
420
403
256
72
35
21
-74
-139
-203
-262
-247
-248
-372
-414
-279
-152
-153
-350
-325
-2
-37
-272
-164
165
272
-4
-195
-85
-114
-504
-828
-748
-727
-1091
-1499
-1709
-1840
-2041
-2233
-2259
-2050
-1767
-1650
-1619
-1437
-1172
-1009
-855
-539
-69
343
560
729
936
1028
993
1021
1167
1314
1361
1363
1372
1307
1114
880
713
627
579
562
560
519
405
248
88
-52
-151
-187
-167
-132
-120
-155
-237
-336
-419
-450
-404
-308
-225
-182
-160
-176
-235
-293
-302
-232
-89
61
132
157
217
280
236
169
248
384
436
457
550
602
594
593
587
579
632
807
839
787
783
775
771
616
514
552
683
638
436
495
407
201
141
-8
-60
-19
-70
-102
-150
-339
-395
-295
-380
-373
-319
-233
10
-183
-435
-232
-14
-98
-250
-80
168
131
-158
-228
-63
-164
-418
-520
-574
-779
-1029
-1271
-1619
-1913
-1968
-1966
-2088
-2126
-1910
-1645
-1585
-1612
-1427
-1070
-823
-695
-410
53
396
517
617
819
1006
1062
1085
1225
1408
1453
1381
1318
1237
1069
886
782
734
675
589
505
449
364
183
-23
-103
-69
-57
-103
-119
-64
-33
-92
-174
-170
-99
-72
-87
-60
2
-20
-99
-106
-20
41
45
88
167
197
131
83
95
171
190
146
246
267
244
246
263
303
332
509
509
515
629
583
685
531
435
710
641
557
465
442
553
216
65
186
162
113
-93
-133
7
-168
-339
-209
-183
-281
-266
-142
-75
-146
-148
-38
84
-23
-270
-24
298
8
-173
128
333
235
-37
-70
166
-15
-503
-634
-556
-702
-1099
-1507
-1672
-1710
-1993
-2386
-2345
-2022
-1980
-2009
-1728
-1422
-1358
-1338
-1074
-634
-305
-6
471
836
920
1051
1242
1254
1274
1440
1578
1621
1581
1498
1410
1196
886
717
659
571
522
470
303
162
82
-74
-164
-130
-112
-68
-67
-118
-112
-245
-390
-287
-236
-305
-294
-255
-175
-206
-274
-137
-16
39
50
2
63
113
-39
-34
176
298
296
197
412
445
268
349
441
671
567
531
776
734
530
471
637
607
610
587
559
524
404
327
292
250
-130
59
219
-128
-233
-207
130
16
-361
-395
-48
65
-478
-493
-80
119
-81
-388
-179
205
86
-332
-151
336
289
-20
0
163
174
-8
-265
-122
72
-253
-563
-579
-663
-916
-1344
-1673
-1649
-1730
-2083
-2223
-2017
-1811
-1792
-1740
-1460
-1115
-911
-826
-600
-158
161
276
510
870
1063
1094
1180
1279
1280
1265
1277
1219
1142
1050
910
755
618
536
398
301
346
328
167
105
118
56
-156
-373
-132
-126
-345
-296
-269
37
-75
-387
-136
-22
-146
-227
-179
14
158
-69
-74
232
152
54
84
158
309
289
173
265
391
338
171
224
563
550
417
503
738
674
328
552
701
580
506
439
760
608
58
272
675
283
-148
262
463
188
-169
-406
220
272
-620
-570
144
156
-518
-589
-1
240
-196
-514
124
453
-257
-382
260
190
-228
-194
81
109
-255
-216
153
-26
-496
-357
-127
-367
-771
-994
-629
-787
-1513
-1581
-1347
-1519
-2058
-1964
-1428
-1514
-1806
-1517
-914
-742
-865
-654
-120
183
198
347
702
992
1008
931
1042
1267
1275
1081
1020
1131
1100
845
718
775
632
319
203
285
232
-3
-6
73
-160
-273
-186
-218
-233
-333
-360
-66
14
-105
-92
-54
37
-68
-281
-145
12
34
-30
-256
-114
216
26
-227
14
384
238
-20
315
502
217
203
422
625
664
492
684
867
553
459
628
782
710
557
764
588
435
584
204
331
507
-21
69
417
227
-274
-202
305
-109
-493
-78
159
-120
-684
-470
283
-112
-853
-222
492
-48
-513
-268
329
319
-562
-523
275
385
-261
-608
-14
207
-237
-520
-398
27
-188
-755
-711
-471
-643
-1160
-1316
-1090
-1097
-1472
-1698
-1286
-1021
-1408
-1500
-957
-621
-699
-745
-519
-99
68
-9
167
618
884
727
605
899
1139
933
696
813
988
854
670
633
550
446
305
165
207
177
137
129
-170
-247
-27
-205
-440
-318
-280
-192
-61
-193
-231
-178
-137
-250
-251
-112
-107
119
51
-115
-22
109
260
61
19
332
518
487
378
325
525
786
519
317
706
1029
832
446
487
889
906
515
385
561
821
671
197
232
474
214
-30
47
-67
79
44
-397
-152
32
-393
-569
-55
59
-401
-490
-381
112
-103
-865
-272
284
-32
-422
-362
334
188
-442
-125
360
379
-79
-338
102
364
-104
-571
-13
534
-170
-736
-333
3
-330
-865
-948
-575
-459
-1035
-1461
-1110
-876
-1274
-1448
-1210
-1116
-1077
-1031
-972
-717
-446
-436
-389
-118
123
167
265
618
623
583
738
759
801
682
695
768
806
683
394
519
594
314
102
219
189
45
9
-44
-29
-241
-319
-241
-119
-45
-243
-150
13
-43
-197
-262
-43
102
28
-53
106
263
95
-130
-31
565
559
127
471
700
712
617
319
601
1013
841
548
646
859
827
358
231
679
767
519
188
201
593
341
-362
-61
363
-14
-55
-145
-196
58
-198
-429
-277
-91
-202
-352
-245
-175
-66
-365
-460
124
20
-288
-199
34
201
-124
-298
135
365
-17
-128
52
186
91
-185
72
185
46
-43
-272
-172
-140
-405
-575
-464
-293
-645
-945
-751
-664
-828
-1163
-1086
-772
-1037
-1209
-1103
-901
-928
-1230
-850
-464
-510
-441
-241
25
94
39
89
408
625
414
360
702
881
553
419
659
615
446
423
463
454
285
60
17
57
-169
-196
-128
-220
-167
-251
-238
-230
-171
-5
-201
-167
81
187
112
63
280
253
249
365
284
495
568
307
454
620
727
684
595
835
866
844
600
547
664
496
538
507
525
273
261
276
23
126
83
250
105
27
62
-144
-133
-237
-20
-40
-301
-254
3
-120
-335
-231
-306
-141
-223
-118
45
-135
-18
-150
-46
22
-223
-1
215
21
-114
61
24
-58
60
-44
-40
116
220
14
-264
-69
-88
-159
-194
-342
-286
-181
-237
-664
-537
-311
-695
-698
-727
-977
-959
-970
-1103
-1242
-1250
-999
-1004
-1136
-1066
-1000
-661
-542
-620
-287
44
45
-28
188
337
366
529
586
686
771
654
614
562
372
442
540
460
481
359
148
32
-68
-41
-30
-242
-173
18
-162
-242
-240
-92
167
163
-25
96
540
442
190
145
486
792
364
325
640
796
686
294
489
991
629
379
701
530
430
506
214
200
269
305
293
70
420
163
21
95
78
-32
166
244
-39
36
-138
2
-220
-165
165
-377
-161
-157
-299
-98
-1
-53
-113
91
-8
-97
-221
-92
124
55
0
160
121
-47
229
-22
157
179
-81
359
147
-149
-108
173
42
-80
-77
-486
-218
-32
-246
-421
-388
-361
-306
-559
-882
-684
-814
-796
-1210
-1376
-1146
-1520
-1545
-1490
-1259
-1390
-1319
-1042
-1053
-847
-852
-447
-148
221
710
603
512
855
953
596
940
1252
1476
1289
813
740
753
541
143
192
179
298
151
19
-93
-234
-540
-663
-519
-352
-63
-162
-234
-24
-13
-216
-370
204
702
536
367
546
700
596
389
381
741
755
825
1081
544
196
279
199
329
356
437
658
482
205
224
82
-183
124
228
55
360
615
234
-225
-162
-144
23
328
328
125
-124
-29
-248
-606
-290
56
107
55
-77
14
67
-258
-323
-58
137
163
298
682
237
-487
-186
217
415
242
174
601
450
-73
-607
-181
412
100
-30
53
307
-205
-1085
-1025
-346
-298
-984
-854
-531
-808
-1659
-2021
-1414
-1418
-1759
-1467
-918
-953
-1399
-1654
-1530
-1180
-917
-453
10
196
247
51
-77
271
634
752
1041
1388
1373
1085
960
1003
805
614
848
1012
795
567
329
38
-172
-334
-258
-50
-101
-186
-237
-275
-300
-503
-421
-17
155
46
13
277
443
-41
-84
709
805
686
556
457
703
522
426
411
687
948
702
661
590
482
251
28
148
368
620
785
628
80
-149
53
111
183
222
423
673
328
-101
-30
-92
-565
-31
629
404
213
-242
-265
-293
-598
-248
346
485
-79
-391
-296
-144
-320
-217
348
449
238
-219
154
338
-404
-401
112
595
633
-87
-308
237
-356
-900
-603
163
574
-426
-609
-868
-1056
-1188
-1696
-1225
-1405
-1734
-1962
-1924
-2130
-2564
-2335
-2170
-1580
-1267
-675
-399
-762
-709
-627
55
654
1192
1667
1648
1425
1001
875
1146
1609
1929
1870
1602
1376
903
379
360
391
425
435
194
134
-9
-619
-962
-909
-885
-664
-321
-293
-541
-689
-535
-506
-748
-463
200
357
269
457
696
644
234
204
977
1333
1072
1102
1244
908
400
255
457
898
914
742
755
444
222
-16
169
723
291
64
421
801
569
-377
-125
195
491
386
-406
632
915
-252
-735
-508
209
344
37
-122
-104
-1
29
-509
-521
294
20
-139
289
-33
-93
177
-184
-177
426
524
405
237
-229
-212
329
186
-328
-2
358
-262
-861
-627
-506
-1112
-1777
-1940
-1746
-1923
-2941
-3656
-3220
-2925
-3291
-3101
-2331
-1858
-1730
-1661
-1329
-656
-109
224
739
1475
2020
2056
1927
2049
2144
2259
2683
2830
2560
2318
1817
1231
1010
786
643
605
234
-51
-97
-384
-802
-1164
-1302
-1046
-810
-859
-1040
-1174
-1123
-1003
-871
-554
-216
-200
-291
-206
37
160
312
877
1110
730
652
1040
1318
1402
1385
1232
1336
1350
1029
1047
778
538
694
625
928
746
447
535
-88
-361
135
718
711
378
101
-191
-215
-392
-74
767
827
-138
-660
-102
-376
-848
-388
48
226
-397
-606
255
351
-646
-1419
32
1685
691
-235
86
223
-43
-573
-273
1404
2097
355
-604
-71
103
102
-328
157
740
-139
-1195
-2105
-2361
-2083
-2363
-3160
-3143
-3327
-4203
-4754
-5104
-4112
-2675
-1724
-1459
-1987
-2010
-1503
-679
304
1701
2981
3243
2745
2151
2329
2892
3320
3762
4047
3845
3201
2367
1563
1077
958
1111
1197
967
481
-287
-1094
-1508
-1600
-1413
-878
-649
-1110
-1706
-2095
-2242
-2103
-1720
-1044
-387
-430
-1060
-1549
-1508
-993
-364
343
1192
1408
809
568
997
1416
1792
2297
2651
2555
2024
1559
1534
1578
1424
1306
1397
1387
773
59
58
169
-70
1
335
405
10
-514
-596
-408
-107
150
124
-29
-394
-839
-391
141
-225
-98
272
210
-428
-1024
-396
296
611
406
196
587
163
-419
-168
452
743
311
150
651
729
-5
-643
-128
719
473
-223
-896
-1281
-1642
-2464
-2700
-2796
-3650
-4830
-5493
-5353
-4945
-4092
-2876
-2151
-2665
-3740
-3652
-2055
-21
1407
2263
2790
2585
1689
1370
2578
4383
5257
4942
4295
3745
2960
2046
1809
2462
2965
2457
1394
593
76
-541
-1170
-1202
-510
15
-414
-1476
-2279
-2472
-2491
-2366
-1614
-787
-895
-1677
-2362
-2542
-2065
-1456
-1031
-383
37
-288
-673
-700
-339
467
1357
2166
2652
2452
2170
2224
2328
2620
3013
3113
2965
2517
1890
1598
1555
1459
1322
931
329
-77
-258
-299
-360
-619
-700
-580
-842
-1291
-1324
-1017
-718
-571
-517
-474
-436
-319
-164
-130
-76
85
163
322
642
728
688
851
879
766
737
541
404
486
427
481
615
357
58
-131
-354
-458
-689
-1119
-1650
-2477
-3256
-3722
-4379
-5609
-7079
-7561
-6023
-3224
-1316
-1795
-3957
-5805
-5627
-2858
967
3685
4474
3162
670
-581
872
4210
7183
7944
6573
4337
2565
2204
3051
4106
4611
4173
2822
1228
213
-112
-401
-762
-478
325
349
-953
-2629
-3540
-3584
-3107
-1886
-517
-672
-2276
-3532
-3636
-2914
-1939
-1221
-918
-1103
-1680
-1974
-1517
-798
-293
241
767
921
923
1107
1723
2798
3471
3352
3300
3546
3474
3007
2651
2787
3202
3289
2795
1879
808
-48
-280
213
863
840
-37
-1204
-1977
-2024
-1564
-989
-548
-599
-1240
-1867
-1859
-1190
-407
-128
-263
-380
-432
-284
247
731
831
791
891
1266
1649
1590
1177
776
827
1398
1530
832
179
-15
-72
-261
-440
-570
-1346
-2772
-3679
-3885
-4287
-5420
-7121
-8367
-7843
-5159
-1839
-900
-3464
-6649
-7024
-4344
-394
3241
5127
4087
821
-1711
-737
3460
7736
9179
7517
4646
2459
1811
2948
4972
5914
4989
3141
1432
564
559
669
609
668
692
169
-918
-2028
-2760
-2939
-2413
-1482
-840
-1140
-2534
-3998
-4182
-3164
-1997
-1260
-1171
-1910
-2880
-2998
-2224
-1332
-721
-437
-337
-257
-78
409
947
1135
1518
2638
3923
4561
4264
3287
2393
2393
3442
4715
5078
4149
2284
262
-612
368
1956
2367
1240
-722
-2526
-3066
-2031
-461
294
-243
-1513
-2472
-2501
-1749
-704
33
-55
-684
-967
-724
-402
2
544
874
1004
1243
1393
1125
761
896
1475
1879
1702
1062
383
-55
-37
525
1002
721
-510
-2542
-4086
-4031
-3544
-4237
-6127
-8114
-8798
-7233
-3724
-868
-1902
-5952
-8344
-6470
-2098
1760
3975
4354
2119
-1511
-2432
1290
6610
9305
8261
5421
2927
1736
2468
4888
6894
6480
3986
1443
399
690
1344
1763
1783
1424
598
-619
-1646
-2135
-2199
-1854
-1206
-746
-1139
-2550
-3901
-3924
-2864
-1829
-1322
-1475
-2362
-3398
-3643
-2865
-1657
-721
-434
-731
-1199
-1410
-1003
-70
588
823
1352
2078
2506
2603
2428
2434
3069
3988
4677
4745
4014
2807
1706
1398
2076
2928
2988
1908
130
-1367
-1792
-1123
-115
341
-244
-1694
-2870
-2766
-1730
-569
164
2
-858
-1555
-1494
-658
347
699
398
154
260
537
901
1345
1717
1707
1225
745
703
974
1230
1109
508
4
-9
9
-320
-941
-1816
-2757
-3601
-4591
-5810
-7086
-8291
-8561
-6527
-2775
-701
-2937
-7334
-9006
-6189
-1420
2553
4909
4909
1669
-2653
-3129
1874
8055
10600
9048
5596
2182
558
2066
5726
8326
7479
4021
770
-489
117
1622
2888
2955
1661
-215
-1777
-2535
-2296
-1434
-719
-589
-1271
-2573
-3625
-3803
-3125
-2113
-1501
-1603
-2482
-3706
-4033
-3072
-1805
-982
-767
-1063
-1500
-1709
-1309
-225
772
1004
785
716
1088
1982
3035
3577
3476
3373
3743
4188
4208
3933
3608
3194
2698
2275
2043
1857
1330
410
-360
-541
-398
-440
-840
-1425
-1889
-2058
-1956
-1515
-775
-345
-814
-1649
-1760
-1035
-242
269
591
536
32
-288
176
1159
1885
1871
1310
853
885
1192
1469
1550
1251
636
53
-366
-631
-642
-629
-1153
-2284
-3582
-4878
-6249
-7569
-8560
-8510
-6319
-2443
-285
-2816
-7776
-9545
-6144
-905
2965
5222
5440
2139
-2895
-4026
1247
8311
11336
9570
5632
1704
-276
1432
5898
9356
8805
4699
146
-1818
-530
2193
4045
3934
2070
-585
-2617
-2904
-1683
-444
-332
-1081
-1948
-2814
-3674
-3878
-3004
-1845
-1510
-2046
-2887
-3794
-4387
-3849
-2270
-1056
-1087
-1652
-1890
-1823
-1454
-398
1049
1890
1809
1529
1717
2325
3010
3643
4205
4455
4167
3623
3326
3334
3407
3453
3345
2796
1854
992
473
115
-201
-305
-269
-581
-1361
-2004
-2078
-1881
-1712
-1440
-1058
-902
-1069
-1267
-1234
-904
-345
152
246
-23
-232
-52
591
1406
1762
1373
795
630
777
985
1257
1360
863
-154
-1000
-1039
-466
-261
-1025
-2269
-3400
-4605
-5952
-6866
-7214
-7218
-6045
-3110
-883
-2632
-6974
-8732
-5818
-1135
2460
4709
5089
2144
-2525
-3697
1128
7812
10749
8999
5101
1345
-340
1612
6034
9035
7939
3859
-10
-1364
-20
2542
4280
3899
1723
-785
-2314
-2358
-1229
-41
94
-805
-1961
-2940
-3545
-3445
-2746
-2100
-1936
-2283
-3122
-4095
-4370
-3518
-2225
-1533
-1692
-2155
-2441
-2384
-1724
-306
1200
1701
1137
685
1168
2213
3201
3995
4443
4234
3600
3286
3609
4124
4241
3785
3037
2363
1862
1459
1212
1084
662
-228
-967
-1037
-893
-1133
-1519
-1610
-1614
-1757
-1649
-1106
-755
-1092
-1580
-1425
-725
-186
-71
-104
-122
-130
146
878
1495
1391
875
555
513
700
1075
1190
694
-60
-559
-613
-313
-156
-788
-2145
-3536
-4565
-5295
-5861
-6414
-6733
-5884
-3499
-1482
-2520
-6041
-7850
-5388
-990
2036
3457
3831
2012
-1590
-2836
1091
6986
9503
7668
4472
2053
883
1922
5357
8242
7313
3393
143
-438
978
2883
3964
3434
1577
-468
-1635
-1489
-448
345
74
-908
-1891
-2710
-3230
-3023
-2262
-1807
-2070
-2757
-3547
-4162
-4144
-3279
-2103
-1515
-1868
-2644
-3131
-2909
-1740
107
1538
1682
927
298
464
1594
3313
4629
4748
3881
2903
2597
3144
4093
4710
4448
3420
2230
1405
1288
1639
1718
1300
502
-531
-1208
-1178
-874
-806
-1051
-1374
-1572
-1559
-1298
-1075
-1199
-1366
-1204
-922
-791
-656
-335
-97
-207
-264
159
678
772
539
396
480
541
530
612
612
422
187
-195
-738
-1222
-1612
-2031
-2831
-4193
-5621
-6622
-7100
-6572
-4359
-1496
-1031
-4232
-7825
-7618
-3701
468
2822
3612
2747
-80
-2676
-1437
3737
8383
8765
5838
2769
1225
1550
3852
6936
8059
5838
2096
-234
5
1909
3759
4180
2889
701
-1176
-1783
-992
209
572
-133
-1273
-2349
-3151
-3356
-2692
-1584
-1089
-1764
-3008
-4029
-4495
-3979
-2364
-968
-1278
-2835
-3932
-3724
-2504
-829
703
1392
819
-425
-854
426
2630
4243
4529
3744
2720
2419
3151
4262
4904
4728
3855
2744
2100
2202
2478
2275
1636
882
154
-374
-557
-630
-850
-1065
-1070
-1041
-1279
-1654
-1683
-1292
-1030
-1087
-934
-534
-613
-1151
-1155
-373
322
510
603
655
267
-270
-112
808
1573
1423
530
-332
-633
-426
9
247
-233
-1400
-2582
-3546
-4639
-5718
-6327
-6458
-5772
-3627
-1288
-1812
-5604
-8436
-6512
-1546
2064
3118
3050
1717
-1337
-3042
200
6314
9473
7714
4154
1672
864
2175
5519
8373
7801
4089
290
-1044
419
3168
4985
4433
1888
-846
-2079
-1450
131
1289
985
-611
-2222
-3005
-3227
-3006
-2006
-883
-1050
-2524
-3902
-4449
-4445
-3797
-2261
-767
-804
-2415
-4026
-4147
-2523
-11
1964
2244
915
-670
-1044
302
2753
4934
5418
3969
2112
1632
2652
4009
4847
4816
3737
2128
1171
1435
2248
2547
1923
771
-341
-1073
-1148
-653
-375
-768
-1215
-1284
-1403
-1649
-1570
-1272
-1142
-978
-550
-274
-586
-1167
-1180
-291
778
1141
778
164
-342
-386
255
1142
1470
848
-316
-1084
-912
-237
250
227
-503
-1855
-3139
-3884
-4408
-5089
-5935
-6750
-6683
-4710
-1859
-1309
-4313
-7566
-6948
-2820
1091
2936
3517
2754
-71
-2613
-832
4862
9129
8627
5427
2742
1466
1881
4482
7756
8482
5558
1459
-646
159
2526
4381
4358
2460
-55
-1743
-2008
-1104
188
710
-186
-1783
-2961
-3500
-3477
-2643
-1421
-1064
-2092
-3632
-4619
-4688
-3906
-2507
-1157
-876
-2025
-3592
-4076
-2890
-606
1577
2471
1727
214
-754
-278
1803
4540
6017
5084
2901
1664
2138
3424
4493
4777
3950
2327
1024
870
1519
1988
1696
786
-201
-757
-798
-703
-818
-1049
-1110
-1022
-1024
-1077
-1026
-1015
-1198
-1143
-438
327
214
-592
-1012
-533
434
1304
1630
1180
226
-502
-400
506
1535
1710
623
-904
-1637
-1323
-560
135
297
-712
-2740
-4437
-4909
-4911
-5543
-6613
-7012
-6004
-3790
-1804
-2217
-5257
-7534
-5805
-1439
1995
3603
4012
2368
-1117
-2549
1185
7272
10165
8383
4900
2422
1529
2646
5812
8570
7798
3933
416
-449
960
2832
3867
3350
1438
-664
-1962
-1809
-757
-133
-459
-1512
-2420
-2940
-3457
-3534
-2817
-1946
-1782
-2477
-3159
-3560
-3929
-3591
-2448
-1348
-1224
-2014
-2576
-2387
-1356
266
1667
2120
1528
651
518
1677
3623
4954
4707
3514
2688
2595
2884
3369
3816
3616
2600
1539
1130
1193
1204
958
483
-145
-708
-934
-895
-980
-1282
-1424
-1226
-969
-840
-771
-801
-997
-1072
-672
38
461
337
37
-51
120
614
1380
1726
1088
89
-306
-9
628
1250
1182
115
-1116
-1582
-1318
-799
-344
-583
-2026
-3872
-4842
-5006
-5573
-6909
-7882
-7137
-4563
-1739
-1200
-3950
-7257
-7363
-3569
1233
4188
5086
3835
502
-2266
-774
4996
9973
10305
7366
4044
1877
1709
4037
7559
8804
6192
2097
-451
-282
1359
2741
3034
1977
164
-1588
-2467
-2153
-1518
-1496
-1936
-2219
-2548
-3373
-4150
-4012
-3160
-2387
-1975
-2039
-2811
-3902
-4171
-3092
-1464
-514
-738
-1562
-1948
-1372
-69
1435
2505
2559
1764
1129
1496
2709
3830
4090
3696
3384
3248
2968
2768
2886
2836
2273
1690
1482
1274
701
17
-409
-607
-691
-551
-309
-531
-1312
-1812
-1395
-591
-218
-283
-391
-547
-797
-737
-90
628
761
433
246
393
730
1154
1448
1277
722
265
152
271
484
593
334
-267
-861
-1289
-1615
-1727
-1562
-1568
-2246
-3509
-4975
-6459
-7797
-8543
-8082
-5919
-2617
-633
-2423
-6651
-8501
-5389
-121
3550
5302
5703
3477
-788
-2283
2045
8432
11189
9624
6764
4267
2316
2173
4813
7940
7939
4615
1138
-307
-200
412
1126
1516
1026
-359
-1981
-3054
-3373
-3281
-2956
-2319
-1789
-2174
-3469
-4575
-4562
-3604
-2431
-1575
-1484
-2380
-3424
-3243
-1813
-532
-138
-152
-166
-130
157
737
1344
1771
1932
1961
2359
3246
3818
3413
2582
2366
2985
3795
4085
3566
2338
834
-137
117
1261
1966
1323
-184
-1453
-1861
-1315
-223
376
-221
-1339
-1836
-1520
-804
79
754
618
-187
-623
-155
533
671
502
660
1035
1107
909
812
717
372
115
363
719
540
-114
-818
-1301
-1312
-862
-566
-960
-1838
-2773
-3613
-4262
-4713
-5378
-6721
-8450
-9292
-7776
-3908
-372
-607
-4546
-7768
-6530
-1979
2415
5320
6873
5978
2224
-942
718
6271
10585
10961
9027
6603
3960
2139
2891
5574
7085
5678
2785
682
-164
-724
-1399
-1463
-606
27
-729
-2433
-3974
-5016
-5389
-4508
-2608
-1256
-1693
-3428
-4877
-4916
-3621
-1878
-675
-566
-1259
-1903
-1984
-1545
-573
774
1718
1820
1695
1887
2069
1968
1997
2542
3354
3919
3941
3311
2133
1057
1008
2046
3040
2920
1662
-21
-1224
-1266
-315
672
942
375
-848
-2121
-2360
-1194
207
546
1
-489
-704
-787
-373
647
1368
1156
696
728
903
760
612
856
1225
1216
940
939
1032
421
-640
-858
-95
423
163
-366
-870
-1412
-1877
-2083
-1962
-1723
-1887
-2666
-3675
-4653
-5805
-7227
-8643
-9371
-8229
-4623
-404
798
-2443
-6894
-7790
-4004
1487
5689
7862
7787
4950
920
-247
3542
9177
11905
10681
7916
5450
3451
2325
2912
4599
5345
4141
2040
276
-1188
-2683
-3657
-3341
-1930
-583
-595
-2508
-5317
-6967
-6391
-4434
-2406
-983
-765
-2139
-4065
-4631
-3268
-1307
-137
221
404
484
125
-436
-442
416
1734
2947
3615
3449
2476
1170
318
688
2360
4122
4229
2352
123
-739
-134
1002
1899
2030
1102
-354
-1206
-988
-275
258
381
76
-454
-663
-281
163
97
-170
30
600
927
955
1033
981
436
-81
339
1433
1923
1303
386
-111
-315
-383
-17
767
1203
659
-454
-1175
-1127
-732
-451
-416
-571
-768
-965
-1451
-2299
-2839
-2511
-1904
-2015
-2945
-4332
-6166
-8136
-9073
-8069
-5378
-1962
696
592
-2855
-6729
-6728
-1978
3954
7325
7624
6229
3994
1709
1170
3615
7638
10287
10008
7577
4714
2776
2137
2078
1899
1998
2775
3209
1968
-724
-3326
-4476
-3874
-2206
-626
-171
-1277
-3343
-5051
-5501
-4663
-2922
-1130
-378
-789
-1448
-1816
-2135
-2500
-2499
-1657
-14
1608
2204
1477
-21
-1247
-1219
200
2041
3146
3064
2112
1038
439
267
255
627
1480
2118
1961
1390
825
10
-955
-1092
-53
1266
1957
1756
820
-423
-1232
-957
97
1067
1403
961
162
-507
-886
-598
181
426
-78
-620
-676
-330
-128
-262
-488
-802
-990
-569
255
888
1080
805
379
294
589
1088
1596
1644
1162
764
697
552
201
-41
-33
95
120
-208
-824
-1328
-1557
-1646
-1656
-1644
-1779
-2131
-2653
-3263
-3701
-3586
-2889
-2069
-1566
-1418
-1463
-1588
-1600
-1232
-458
443
1184
1566
1488
1196
1174
1539
1970
2255
2364
2164
1665
1266
1264
1484
1633
1623
1372
784
89
-210
35
378
432
313
155
-194
-696
-907
-575
12
387
329
-80
-566
-869
-919
-766
-474
-231
-347
-831
-1237
-1227
-1000
-865
-773
-578
-440
-534
-610
-351
82
288
282
463
894
1216
1276
1227
1201
1169
1082
1104
1340
1489
1288
937
713
630
646
767
868
769
586
512
415
126
-190
-319
-292
-218
-158
-213
-483
-891
-1194
-1154
-676
-62
99
-295
-760
-947
-817
-364
314
831
747
182
-287
-408
-319
-63
366
714
648
198
-299
-611
-656
-423
-52
269
446
384
43
-411
-740
-747
-314
396
846
560
-315
-1159
-1533
-1429
-1076
-702
-487
-648
-1180
-1548
-1374
-989
-750
-561
-359
-263
-265
-199
-12
140
309
713
1149
1194
829
367
153
233
436
706
875
608
-56
-657
-814
-566
-159
172
193
-88
-333
-340
-248
-281
-465
-572
-336
134
380
217
-78
-287
-330
-188
24
323
540
346
119
253
410
526
753
851
893
989
843
696
916
1150
1225
1186
930
680
612
593
610
633
553
517
540
400
-3
-419
-508
-443
-365
-340
-413
-421
-645
-1132
-1440
-1187
-623
-428
-448
-545
-723
-702
-609
-198
193
52
18
116
-1
-36
109
266
605
785
591
592
505
207
59
214
802
1246
1147
763
355
-10
-241
116
798
1280
1323
547
-431
-898
-781
1
699
475
-334
-1100
-1622
-1893
-2035
-2065
-2036
-2047
-1976
-1872
-1858
-1814
-1624
-1363
-1140
-911
-562
-163
157
438
777
1105
1208
1071
987
1149
1409
1484
1281
939
633
440
340
252
58
-291
-688
-925
-903
-722
-585
-611
-750
-896
-1001
-1026
-863
-475
-58
94
-86
-307
-239
46
275
449
768
1213
1542
1639
1613
1664
1851
1879
1572
1254
1179
1334
1638
1861
1750
1309
851
461
-42
-299
-91
136
179
-94
-545
-815
-1260
-1722
-1647
-1250
-729
-712
-1323
-1339
-974
-975
-940
-854
-561
-78
-8
41
184
49
161
591
908
1068
1019
1050
1461
1757
1305
527
325
523
848
1567
1919
1400
930
801
605
232
-417
-829
-337
365
370
100
133
-48
-1087
-2423
-2899
-2526
-2356
-2749
-3194
-3428
-3755
-4526
-5498
-5782
-4680
-2476
-294
810
691
43
-312
52
1068
2332
3439
4270
4771
4799
4442
3983
3433
2696
1999
1638
1602
1691
1585
892
-456
-1950
-2914
-3065
-2701
-2429
-2605
-3028
-3209
-2906
-2339
-1961
-2031
-2325
-2320
-1691
-604
437
1064
1313
1465
1656
1738
1613
1527
1873
2677
3508
3900
3790
3441
2956
2215
1429
1140
1466
1868
1814
1199
285
-450
-708
-764
-1108
-1712
-2056
-1845
-1317
-877
-758
-1000
-1482
-1831
-1627
-918
-209
168
333
414
299
66
88
459
733
565
307
475
980
1332
1311
1022
561
48
-231
-137
81
237
541
1063
1335
966
241
-297
-514
-554
-337
216
685
543
-24
-428
-655
-1085
-1666
-2118
-2546
-3120
-3675
-4200
-5028
-6261
-7368
-7518
-6137
-3304
-29
2010
1819
345
-382
532
2173
3455
4306
5102
5934
6530
6558
5932
4802
3531
2438
1536
975
920
1069
863
-317
-2389
-4127
-4662
-4352
-3928
-3869
-4074
-3987
-3298
-2345
-1809
-1899
-2119
-2000
-1441
-541
484
1498
2529
3472
4014
3929
3267
2363
1732
1678
2002
2440
3015
3557
3478
2480
1085
66
-379
-566
-740
-884
-961
-953
-792
-552
-573
-1095
-1753
-1906
-1435
-705
5
526
699
571
479
585
698
726
656
494
439
535
678
855
844
517
54
-369
-537
-469
-441
-400
-219
-62
-7
-40
-134
-176
-157
-117
59
425
738
850
988
1146
972
540
278
219
51
-307
-644
-807
-970
-1563
-2771
-4225
-5475
-6477
-7356
-8010
-8107
-7097
-4492
-875
1805
2080
864
350
1381
2875
3635
3796
4300
5503
6764
7316
7036
6238
5095
3532
1603
-178
-1020
-741
-316
-946
-2522
-3789
-4040
-3806
-3965
-4718
-5354
-4963
-3552
-2059
-1151
-743
-454
-30
468
783
1046
1691
2624
3344
3761
4081
4257
4076
3391
2249
1082
506
578
721
455
-86
-409
-315
-206
-570
-1369
-2101
-2376
-2210
-1874
-1537
-1113
-495
185
662
862
1010
1309
1625
1670
1460
1364
1645
2100
2265
1945
1377
897
577
195
-413
-1095
-1499
-1456
-1159
-952
-1000
-1231
-1478
-1597
-1476
-1079
-547
-97
135
234
398
753
1256
1748
2068
2156
2056
1859
1655
1441
1133
692
219
-171
-487
-881
-1469
-2239
-3108
-3984
-4743
-5406
-6251
-7452
-8597
-9007
-8340
-6523
-3621
-325
2026
2788
2887
3557
4682
5194
4783
4293
4578
5592
6730
7489
7605
6900
5407
3474
1533
-156
-1459
-2406
-3269
-4181
-4743
-4491
-3726
-3339
-3747
-4421
-4571
-4006
-3143
-2360
-1686
-951
-32
977
1867
2557
3082
3413
3526
3570
3731
3963
3929
3250
1998
824
374
494
452
-168
-1110
-1872
-2183
-2102
-1896
-1885
-2192
-2585
-2655
-2219
-1471
-725
-191
68
201
592
1491
2561
3150
3079
2807
2792
2990
3019
2631
1938
1247
724
370
133
-110
-592
-1384
-2181
-2579
-2481
-2106
-1810
-1885
-2222
-2277
-1674
-650
297
836
948
944
1214
1795
2402
2815
2985
2908
2690
2583
2689
2714
2244
1240
83
-866
-1494
-1859
-2251
-2983
-3897
-4542
-4850
-5126
-5566
-6283
-7354
-8525
-9287
-9221
-7967
-5403
-2097
859
2875
4368
5973
7474
7977
7189
5974
5345
5441
5766
5976
6128
6259
6082
5196
3589
1687
-109
-1820
-3772
-5924
-7431
-7466
-6350
-5147
-4305
-3556
-2800
-2236
-1982
-1934
-1844
-1474
-844
-158
576
1608
2999
4335
5142
5478
5655
5496
4580
3038
1489
306
-459
-856
-1068
-1277
-1445
-1499
-1544
-1739
-2141
-2676
-3142
-3345
-3236
-2800
-2005
-931
156
1010
1621
2132
2572
2814
2809
2693
2583
2430
2201
2013
2008
2111
2075
1711
1013
109
-876
-1839
-2626
-3021
-2908
-2461
-2050
-1868
-1754
-1443
-938
-452
-120
142
442
792
1189
1726
2459
3264
3878
4121
3996
3633
3169
2628
1959
1172
371
-368
-1051
-1746
-2444
-3052
-3571
-4135
-4685
-5065
-5421
-5998
-6622
-6970
-7134
-7384
-7664
-7598
-6713
-4639
-1593
1443
3655
5251
6824
8243
8856
8489
7660
6941
6388
5684
4859
4405
4504
4565
3922
2639
1240
-107
-1721
-3783
-5820
-7110
-7449
-7215
-6758
-6016
-4835
-3377
-2003
-874
96
896
1282
1132
783
798
1409
2304
3071
3697
4469
5376
5928
5623
4483
2938
1302
-384
-2015
-3261
-3827
-3782
-3436
-2960
-2350
-1737
-1466
-1710
-2160
-2307
-2024
-1633
-1390
-1110
-410
796
2175
3310
4018
4336
4327
3981
3337
2560
1882
1373
924
458
67
-139
-249
-529
-1044
-1569
-1882
-2020
-2185
-2472
-2708
-2619
-2166
-1503
-700
204
979
1475
1844
2316
2871
3308
3408
3162
2846
2726
2749
2663
2337
1827
1253
639
-111
-1007
-1911
-2744
-3543
-4260
-4738
-4903
-4866
-4839
-4933
-5030
-5001
-4994
-5292
-5864
-6326
-6286
-5469
-3676
-1140
1356
3251
4863
6743
8625
9615
9291
8104
6745
5487
4273
3179
2482
2173
1816
1225
715
446
22
-988
-2570
-4315
-5705
-6513
-6901
-6993
-6608
-5565
-3978
-2174
-449
1042
2214
2918
3043
2770
2432
2143
1803
1459
1444
2050
3102
4012
4256
3760
2771
1559
260
-1066
-2327
-3410
-4208
-4597
-4420
-3663
-2616
-1693
-1081
-635
-157
287
474
383
311
524
973
1431
1792
2184
2726
3264
3564
3662
3677
3439
2707
1600
450
-527
-1282
-1835
-2202
-2356
-2272
-2019
-1717
-1470
-1306
-1171
-1057
-1046
-1146
-1184
-1014
-641
-48
828
1903
2882
3533
3917
4212
4336
4014
3242
2339
1521
752
23
-535
-840
-1041
-1390
-1940
-2500
-2919
-3258
-3634
-4084
-4574
-4996
-5246
-5305
-5249
-5149
-5014
-4861
-4755
-4642
-4113
-2708
-610
1393
2859
4147
5675
7182
8048
8051
7560
6973
6199
4950
3426
2255
1655
1202
581
37
-195
-385
-975
-2016
-3129
-3962
-4580
-5232
-5797
-5808
-5075
-3914
-2695
-1462
-126
1186
2146
2549
2564
2547
2552
2308
1780
1396
1442
1671
1726
1635
1620
1653
1463
882
6
-915
-1698
-2313
-2774
-3029
-3016
-2802
-2485
-1986
-1104
120
1255
1870
1968
1930
2002
2047
1827
1441
1232
1339
1595
1855
2135
2418
2506
2224
1646
973
256
-614
-1651
-2608
-3172
-3246
-3008
-2693
-2367
-1956
-1415
-833
-344
-17
167
295
470
793
1324
1996
2625
3064
3337
3587
3868
4033
3866
3329
2542
1576
485
-582
-1480
-2146
-2594
-2921
-3224
-3448
-3538
-3637
-3792
-3828
-3767
-3907
-4288
-4614
-4734
-4809
-4906
-4897
-4645
-4053
-2935
-1224
748
2508
4023
5577
7110
8094
8169
7576
6818
6031
4948
3564
2345
1604
1090
503
-46
-367
-553
-865
-1480
-2371
-3294
-4010
-4544
-5033
-5389
-5378
-4923
-4092
-2918
-1458
43
1294
2131
2573
2734
2680
2396
1914
1423
1126
1063
1155
1333
1581
1793
1769
1441
988
594
160
-531
-1422
-2157
-2477
-2461
-2275
-1878
-1149
-188
675
1237
1603
1944
2187
2100
1650
1116
800
728
740
785
938
1173
1283
1129
840
614
388
-70
-792
-1509
-1977
-2246
-2481
-2650
-2531
-2038
-1364
-756
-236
329
951
1466
1726
1793
1835
1906
1961
2025
2192
2498
2798
2873
2626
2198
1762
1307
725
7
-773
-1566
-2318
-2929
-3301
-3422
-3409
-3482
-3710
-3822
-3552
-3120
-2963
-3136
-3375
-3617
-3966
-4315
-4415
-4142
-3439
-2268
-770
827
2511
4380
6219
7522
7958
7644
6999
6256
5259
3913
2556
1544
779
51
-476
-569
-451
-561
-1033
-1660
-2269
-2901
-3667
-4481
-5033
-5099
-4770
-4243
-3516
-2490
-1243
-22
977
1751
2374
2777
2774
2373
1893
1635
1553
1411
1178
1070
1223
1450
1493
1299
996
647
192
-390
-974
-1403
-1669
-1855
-1948
-1793
-1262
-478
286
862
1268
1591
1886
2072
1996
1635
1158
729
407
251
306
477
604
603
494
311
85
-185
-507
-842
-1155
-1487
-1849
-2063
-1952
-1584
-1155
-757
-366
25
422
847
1264
1629
1947
2195
2284
2206
2056
1912
1783
1689
1619
1502
1289
1000
642
195
-325
-883
-1448
-2002
-2525
-2978
-3287
-3384
-3277
-3083
-2954
-2903
-2805
-2628
-2578
-2854
-3372
-3883
-4215
-4258
-3816
-2763
-1300
238
1795
3527
5311
6689
7346
7373
7012
6346
5350
4121
2890
1829
956
286
-145
-420
-713
-1088
-1490
-1865
-2202
-2563
-3080
-3737
-4286
-4501
-4419
-4172
-3729
-2990
-2040
-1057
-121
783
1590
2183
2505
2590
2544
2479
2379
2139
1778
1469
1310
1264
1229
1111
903
661
403
108
-196
-479
-768
-1041
-1198
-1196
-1060
-796
-413
-24
242
395
524
653
765
845
865
793
649
490
361
280
228
192
188
200
156
9
-162
-286
-430
-682
-985
-1175
-1209
-1215
-1250
-1190
-899
-436
26
415
809
1262
1707
2040
2254
2408
2506
2467
2267
2007
1790
1583
1306
954
594
263
-94
-554
-1062
-1504
-1889
-2319
-2766
-3038
-3002
-2772
-2604
-2625
-2705
-2666
-2601
-2800
-3270
-3696
-3921
-4067
-4066
-3580
-2508
-1165
197
1668
3373
5112
6419
6983
6978
6809
6523
5778
4488
3071
1912
981
122
-629
-1165
-1490
-1734
-2016
-2328
-2550
-2710
-3033
-3628
-4236
-4520
-4455
-4233
-3899
-3305
-2377
-1295
-270
671
1601
2433
2951
3147
3248
3380
3362
3060
2608
2214
1911
1618
1293
964
699
512
291
-68
-472
-734
-868
-1058
-1322
-1490
-1450
-1273
-1076
-878
-613
-278
27
228
389
581
758
837
790
665
548
490
489
510
519
482
413
370
324
202
7
-214
-458
-728
-962
-1108
-1170
-1167
-1053
-784
-397
40
502
968
1377
1676
1910
2131
2280
2257
2101
1921
1732
1481
1180
872
554
219
-123
-465
-812
-1156
-1510
-1858
-2139
-2293
-2308
-2237
-2169
-2140
-2145
-2218
-2394
-2618
-2818
-3039
-3313
-3547
-3631
-3530
-3157
-2375
-1220
81
1415
2836
4287
5504
6268
6559
6447
5979
5183
4106
2892
1742
749
-161
-995
-1582
-1843
-1972
-2161
-2387
-2568
-2746
-3003
-3324
-3609
-3765
-3756
-3589
-3255
-2728
-2020
-1196
-271
751
1776
2619
3176
3491
3659
3705
3590
3316
2936
2465
1901
1331
905
670
473
160
-210
-447
-494
-530
-727
-1035
-1275
-1412
-1544
-1679
-1694
-1518
-1229
-918
-579
-174
244
585
844
1082
1301
1409
1361
1201
1022
860
690
494
333
242
143
3
-128
-252
-421
-606
-775
-948
-1076
-1069
-956
-809
-565
-149
348
804
1230
1632
1955
2182
2330
2355
2244
2049
1794
1461
1105
797
516
197
-160
-496
-747
-931
-1129
-1367
-1593
-1793
-1974
-2097
-2154
-2219
-2356
-2519
-2634
-2697
-2772
-2894
-3026
-3095
-3077
-2953
-2643
-2063
-1250
-311
734
1881
3019
4014
4772
5212
5305
5110
4653
3940
3065
2171
1275
343
-545
-1234
-1679
-1959
-2168
-2343
-2471
-2553
-2651
-2823
-2975
-3001
-2919
-2791
-2555
-2120
-1530
-873
-162
613
1391
2083
2625
2990
3215
3358
3395
3240
2893
2451
2003
1564
1129
705
325
46
-136
-314
-542
-754
-908
-1081
-1329
-1589
-1759
-1811
-1741
-1534
-1236
-943
-655
-301
131
563
907
1143
1321
1480
1580
1546
1373
1148
951
782
611
415
173
-86
-297
-432
-509
-556
-575
-599
-665
-739
-735
-600
-373
-137
89
362
732
1129
1443
1654
1790
1841
1765
1588
1381
1155
861
473
67
-227
-363
-435
-559
-714
-829
-919
-1064
-1266
-1465
-1646
-1861
-2125
-2375
-2534
-2589
-2619
-2674
-2697
-2597
-2409
-2243
-2085
-1808
-1363
-809
-190
500
1223
1912
2542
3128
3627
3908
3870
3552
3113
2611
1968
1198
481
-98
-647
-1205
-1646
-1894
-2038
-2171
-2271
-2279
-2204
-2096
-1984
-1831
-1588
-1267
-893
-444
80
601
1061
1505
1967
2356
2570
2609
2552
2463
2361
2193
1891
1480
1073
717
340
-127
-646
-1123
-1511
-1840
-2125
-2277
-2201
-1952
-1678
-1383
-952
-399
105
489
835
1169
1406
1492
1495
1505
1543
1533
1417
1248
1101
941
689
384
107
-165
-465
-740
-918
-1007
-1033
-983
-861
-698
-521
-338
-147
68
315
555
747
898
1036
1163
1256
1299
1293
1257
1199
1083
891
655
438
229
-25
-316
-566
-712
-786
-850
-924
-1002
-1095
-1213
-1320
-1371
-1381
-1410
-1475
-1519
-1482
-1385
-1305
-1297
-1329
-1323
-1277
-1263
-1291
-1263
-1103
-839
-555
-291
-26
283
633
972
1263
1506
1678
1729
1636
1442
1193
893
529
132
-246
-556
-791
-955
-1033
-1017
-931
-802
-633
-427
-213
-25
137
297
462
616
757
909
1064
1162
1188
1202
1225
1217
1147
1040
907
723
483
214
-62
-341
-594
-808
-975
-1085
-1134
-1117
-1027
-868
-662
-417
-138
145
403
634
824
943
1001
1034
1042
992
890
780
685
601
519
422
318
227
141
28
-94
-179
-227
-252
-221
-99
58
166
208
229
249
230
148
45
-13
-27
-40
-58
-43
27
128
224
276
261
204
156
144
134
99
49
1
-48
-111
-195
-285
-349
-383
-445
-569
-701
-754
-724
-689
-711
-782
-865
-941
-1018
-1119
-1248
-1355
-1397
-1379
-1328
-1235
-1081
-881
-673
-470
-279
-102
74
238
366
452
514
554
571
576
558
509
445
368
259
119
-7
-92
-180
-300
-411
-447
-400
-311
-224
-124
30
210
359
473
597
732
835
882
896
919
959
984
945
861
796
778
759
677
542
406
286
144
-53
-281
-497
-663
-775
-824
-790
-683
-560
-454
-334
-179
-29
70
115
139
189
285
415
559
698
807
873
903
903
880
836
766
658
523
396
308
237
151
50
-34
-93
-161
-256
-356
-441
-509
-567
-603
-607
-588
-560
-495
-360
-170
8
138
244
336
413
465
482
436
334
234
167
97
-11
-123
-181
-205
-248
-321
-375
-386
-408
-499
-649
-810
-959
-1100
-1223
-1291
-1281
-1200
-1071
-912
-727
-522
-326
-176
-89
-52
-35
-16
2
10
19
56
127
197
233
255
282
287
220
91
-36
-133
-240
-384
-519
-573
-531
-456
-389
-306
-165
26
213
368
503
639
765
864
940
1000
1030
1024
987
932
877
827
769
689
588
489
406
322
213
91
-29
-151
-292
-431
-531
-587
-624
-648
-618
-509
-346
-173
-8
159
338
515
664
760
802
816
815
787
713
608
514
458
416
359
284
212
145
53
-81
-230
-358
-459
-559
-668
-755
-787
-755
-680
-580
-475
-377
-283
-179
-47
102
236
339
425
511
588
629
624
587
533
452
333
193
67
-31
-111
-180
-230
-254
-268
-294
-333
-383
-459
-574
-704
-801
-847
-859
-842
-777
-653
-508
-389
-300
-208
-112
-53
-56
-83
-84
-71
-85
-136
-177
-187
-196
-229
-279
-320
-352
-382
-396
-389
-376
-379
-398
-406
-392
-366
-338
-308
-263
-197
-117
-24
93
233
376
501
605
713
829
933
995
1015
1003
970
918
854
784
707
622
540
475
412
329
223
120
41
-29
-109
-190
-237
-242
-231
-220
-192
-116
-3
104
178
229
274
301
295
258
213
171
140
115
106
110
119
118
100
65
8
-67
-156
-243
-306
-339
-347
-332
-292
-231
-168
-123
-89
-59
-29
-10
-3
-3
8
31
65
106
154
209
269
316
330
302
247
188
133
71
-9
-92
-150
-178
-206
-257
-320
-376
-419
-465
-516
-555
-577
-592
-596
-575
-513
-420
-312
-199
-92
1
73
129
164
168
130
60
-23
-103
-170
-216
-229
-215
-182
-142
-107
-80
-77
-107
-170
-254
-342
-427
-508
-572
-606
-594
-542
-454
-338
-198
-50
91
214
319
406
464
487
489
489
503
528
558
599
645
680
678
637
567
474
361
238
127
40
-21
-52
-44
3
71
138
195
246
296
343
377
393
390
373
340
297
243
185
127
74
30
-2
-28
-45
-65
-95
-136
-173
-197
-219
-247
-275
-284
-281
-274
-262
-231
-184
-146
-129
-116
-90
-50
-11
17
40
74
122
188
258
323
380
425
450
447
418
371
316
242
146
43
-46
-109
-157
-209
-262
-308
-335
-356
-380
-408
-436
-466
-500
-541
-582
-613
-627
-619
-589
-546
-492
-426
-343
-235
-114
11
132
242
337
410
448
449
419
362
284
185
77
-28
-130
-227
-321
-401
-461
-484
-462
-397
-296
-174
-35
110
240
331
361
337
283
220
143
63
2
-17
-3
26
60
111
180
248
295
321
339
344
322
267
188
106
29
-39
-94
-125
-124
-92
-40
26
106
195
272
330
373
412
447
452
434
402
365
312
239
156
74
-7
-94
-184
-271
-349
-411
-453
-460
-431
-366
-278
-178
-84
-12
23
25
0
-42
-96
-143
-167
-157
-112
-36
64
183
307
420
511
574
603
601
565
504
422
327
219
100
-22
-134
-227
-301
-360
-400
-414
-405
-384
-357
-333
-313
-302
-311
-339
-376
-411
-437
-452
-453
-430
-380
-314
-243
-171
-105
-43
5
43
66
80
82
74
55
28
1
-26
-57
-89
-117
-135
-153
-169
-183
-188
-178
-156
-123
-68
9
100
189
273
349
405
434
429
394
333
250
153
48
-43
-107
-128
-110
-60
19
110
192
241
248
217
158
79
-10
-85
-123
-120
-81
-16
67
160
247
311
347
359
357
341
314
284
255
226
188
144
97
49
-8
-75
-145
-211
-272
-318
-342
-327
-280
-203
-110
-13
79
145
172
158
108
35
-48
-127
-185
-220
-227
-205
-153
-76
13
110
201
280
334
360
348
304
235
146
47
-54
-142
-205
-242
-260
-264
-251
-225
-195
-171
-155
-142
-138
-143
-162
-195
-233
-267
-292
-303
-296
-264
-208
-137
-66
-3
52
94
119
127
129
127
125
115
97
72
41
1
-44
-92
-136
-178
-212
-240
-256
-258
-247
-221
-182
-127
-57
16
85
145
190
217
221
204
174
138
99
60
30
10
3
2
7
22
41
66
94
125
153
177
197
213
223
226
221
210
194
174
149
119
87
58
40
37
49
79
129
190
252
304
338
348
322
264
176
69
-51
-171
-277
-350
-389
-389
-348
-276
-186
-93
-14
46
78
83
67
36
1
-32
-54
-60
-50
-28
2
32
64
94
121
142
153
154
148
133
111
80
43
0
-46
-96
-148
-200
-250
-295
-330
-354
-365
-363
-347
-319
-287
-253
-222
-199
-184
-177
-173
-169
-161
-143
-114
-74
-21
40
108
177
242
294
328
337
323
282
221
145
65
-10
-74
-124
-156
-175
-183
-184
-187
-188
-187
-183
-175
-158
-131
-96
-55
-13
31
69
98
115
119
111
93
69
42
19
2
-6
-1
16
42
73
103
128
145
152
155
151
146
143
144
149
159
168
178
188
195
202
208
216
225
235
246
255
258
255
240
214
175
124
63
-5
-75
-146
-208
-261
-298
-318
-319
-303
-274
-234
-190
-144
-102
-65
-30
1
26
47
61
69
69
60
46
28
11
-4
-10
-9
-2
10
22
31
34
31
19
1
-23
-51
-82
-116
-152
-186
-213
-232
-243
-243
-227
-203
-175
-150
-124
-103
-88
-80
-73
-60
-39
-14
17
52
84
111
130
139
138
127
109
87
63
38
15
-4
-23
-38
-51
-62
-71
-83
-95
-110
-126
-141
-150
-153
-146
-132
-108
-79
-48
-18
9
31
48
59
68
74
78
81
81
75
67
57
46
37
34
37
48
64
84
107
130
152
171
186
196
201
204
204
207
213
221
232
247
260
266
265
250
225
187
140
89
37
-8
-47
-77
-98
-113
-126
-138
-152
-167
-182
-194
-200
-199
-192
-177
-158
-137
-114
-90
-65
-38
-12
13
35
49
56
54
43
25
5
-16
-31
-37
-38
-31
-23
-14
-9
-9
-16
-30
-49
-72
-96
-120
-138
-152
-158
-157
-151
-141
-128
-117
-110
-106
-106
-108
-109
-106
-93
-74
-45
-15
15
42
62
77
87
95
102
109
117
124
126
123
111
93
67
39
9
-18
-42
-61
-75
-87
-93
-96
-96
-91
-81
-68
-54
-40
-28
-19
-13
-11
-10
-9
-7
-3
3
10
17
24
33
43
57
77
99
124
150
171
189
202
211
217
220
223
224
226
228
226
222
214
203
186
167
143
115
85
51
20
-15
-48
-79
-103
-123
-138
-150
-162
-171
-180
-186
-190
-188
-180
-164
-141
-114
-87
-62
-38
-18
-2
11
20
25
28
28
26
20
11
-4
-19
-31
-39
-42
-45
-48
-52
-56
-56
-58
-60
-63
-64
-62
-61
-59
-57
-57
-58
-62
-68
-74
-80
-84
-86
-86
-80
-72
-62
-51
-38
-27
-15
-7
-1
4
7
11
16
23
33
45
55
64
67
63
53
37
18
-1
-17
-27
-33
-33
-30
-26
-23
-21
-19
-18
-17
-14
-8
-1
7
15
22
27
30
30
29
28
26
25
27
29
35
45
59
77
100
124
147
167
182
187
190
185
178
170
165
159
159
159
158
154
147
137
123
105
83
59
33
8
-18
-45
-74
-100
-123
-143
-157
-167
-172
-174
-172
-167
-160
-149
-136
-117
-95
-71
-44
-18
5
25
40
51
57
62
61
60
53
43
29
12
-8
-27
-49
-67
-81
-93
-100
-100
-99
-93
-88
-80
-76
-72
-72
-74
-80
-84
-88
-92
-91
-86
-78
-66
-51
-36
-22
-13
-8
-3
-2
-3
-1
0
4
7
10
9
7
2
-1
-7
-13
-18
-25
-31
-38
-43
-45
-47
-46
-40
-33
-21
-10
3
19
32
47
61
70
80
83
86
86
80
72
63
55
48
43
43
45
50
54
57
58
58
56
56
57
61
70
83
94
108
118
126
131
132
130
123
115
105
94
83
73
62
53
43
35
26
16
7
-3
-14
-26
-36
-49
-59
-69
-75
-78
-78
-75
-72
-65
-59
-52
-45
-36
-29
-20
-13
-6
0
5
10
15
17
19
16
11
2
-11
-25
-40
-54
-68
-77
-84
-87
-87
-85
-79
-74
-70
-66
-63
-61
-59
-59
-59
-60
-61
-62
-63
-63
-62
-60
-56
-53
-45
-40
-34
-29
-26
-22
-20
-21
-22
-28
-34
-41
-49
-54
-60
-64
-68
-69
-71
-73
-71
-70
-66
-60
-48
-36
-18
1
21
42
63
82
98
111
120
125
128
128
127
126
121
117
113
108
102
98
93
88
83
76
68
59
49
41
34
30
28
29
34
39
46
54
62
67
70
71
70
67
62
58
55
53
50
47
43
38
29
19
6
-8
-22
-33
-45
-52
-57
-55
-53
-50
-44
-38
-33
-28
-24
-20
-14
-9
-3
1
6
8
9
6
1
-4
-14
-22
-31
-40
-48
-56
-63
-71
-77
-83
-88
-90
-91
-89
-82
-73
-62
-53
-41
-31
-22
-13
-7
0
4
6
6
6
5
3
2
1
0
-2
-5
-9
-14
-20
-28
-36
-44
-52
-58
-64
-67
-69
-68
-67
-63
-60
-57
-51
-45
-39
-30
-19
-8
6
19
33
47
60
70
81
89
94
97
99
99
97
97
95
94
91
88
85
81
76
69
65
57
49
40
34
25
21
17
15
14
13
12
11
10
12
12
14
15
16
18
20
22
22
21
19
19
17
12
9
4
-2
-7
-13
-20
-26
-32
-36
-39
-40
-39
-37
-33
-31
-25
-20
-15
-12
-8
-5
-4
-5
-4
-7
-8
-9
-11
-13
-16
-20
-25
-31
-39
-47
-54
-57
-63
-64
-64
-62
-59
-54
-47
-41
-34
-27
-20
-14
-8
-3
4
7
12
16
18
21
23
24
23
21
17
13
9
4
-2
-6
-9
-13
-18
-19
-21
-24
-26
-26
-26
-26
-23
-21
-19
-15
-11
-7
-2
4
9
14
19
24
29
34
38
42
46
49
50
51
51
50
49
48
46
46
44
44
41
41
39
39
36
33
29
27
21
15
12
7
2
0
-4
-6
-7
-10
-8
-7
-7
-7
-7
-9
-10
-10
-10
-11
-10
-10
-12
-13
-14
-16
-17
-20
-22
-26
-27
-29
-31
-32
-31
-28
-28
-24
-20
-17
-16
-12
-10
-9
-9
-8
-8
-11
-14
-16
-19
-22
-24
-25
-28
-30
-32
-34
-36
-37
-37
-36
-36
-34
-32
-28
-25
-20
-16
-11
-8
-6
-1
3
5
10
12
16
19
21
25
27
28
28
27
26
22
22
18
16
14
13
13
11
11
10
8
8
8
6
7
7
8
10
12
15
18
20
22
23
25
23
24
25
23
23
23
23
23
23
25
26
27
29
30
30
29
27
25
23
18
16
13
10
7
7
4
3
2
1
0
0
-2
-3
-4
-5
-7
-8
-10
-9
-10
-10
-11
-10
-9
-7
-7
-9
-9
-10
-11
-13
-13
-13
-15
-18
-18
-20
-22
-23
-24
-23
-23
-22
-21
-20
-22
-21
-19
-19
-18
-17
-16
-16
-17
-17
-18
-21
-22
-24
-27
-29
-31
-32
-33
-33
-31
-31
-32
-30
-29
-27
-23
-20
-16
-13
-10
-8
-6
-3
0
3
6
11
12
14
16
19
20
24
28
29
32
32
31
28
28
27
25
22
22
19
15
15
15
13
13
14
14
13
15
16
16
18
19
18
20
18
18
18
18
19
21
22
23
24
24
24
25
25
24
22
23
20
17
15
12
9
6
4
0
-3
-5
-6
-8
-9
-10
-10
-11
-11
-13
-13
-12
-13
-11
-9
-6
-5
-3
-1
-1
0
1
1
0
-1
-1
-2
-2
-3
-3
-6
-6
-8
-10
-10
-14
-16
-16
-17
-18
-19
-20
-22
-22
-23
-23
-23
-22
-22
-22
-21
-23
-23
-23
-23
-25
-26
-26
-26
-24
-22
-21
-19
-17
-15
-13
-11
-7
-4
-4
-2
-1
-1
-2
0
1
1
3
6
7
10
12
13
16
18
18
19
20
19
21
20
19
19
18
17
15
15
13
12
12
12
10
11
11
12
12
13
14
16
16
15
15
14
15
14
14
14
13
15
13
13
11
11
12
13
13
14
13
11
9
6
3
2
0
-1
-1
-3
-5
-6
-7
-6
-5
-4
-4
-2
-2
2
2
3
5
5
5
6
5
5
4
3
2
1
0
-2
-3
-4
-4
-6
-7
-8
-9
-8
-7
-9
-9
-8
-10
-10
-11
-12
-12
-12
-13
-13
-13
-13
-12
-12
-12
-10
-10
-7
-7
-6
-6
-7
-7
-7
-6
-7
-7
-7
-7
-7
-6
-6
-6
-6
-6
-4
-4
-5
-3
-2
-1
-1
0
0
-1
0
0
0
1
2
3
4
5
5
5
6
7
6
7
7
8
8
8
8
7
8
8
7
7
7
6
4
4
5
4
5
5
5
6
6
7
5
6
6
5
5
5
4
5
4
4
3
3
3
4
3
4
3
4
3
2
2
1
0
1
2
2
2
3
2
1
3
2
3
3
4
2
0
1
1
0
-1
-1
-1
-3
-4
-5
-6
-6
-5
-5
-5
-5
-6
-6
-7
-7
-7
-7
-7
-6
-6
-5
-5
-5
-5
-4
-4
-5
-4
-4
-3
-2
-3
-2
-2
-3
-2
-1
-2
0
0
0
0
-1
-1
-2
-2
-1
-1
0
0
1
1
1
0
1
-1
1
1
3
2
2
0
3
2
3
2
3
3
3
3
3
4
3
3
5
4
4
3
4
4
4
5
4
3
4
4
4
4
4
4
3
4
2
3
1
3
2
1
1
1
0
1
0
1
1
1
1
2
0
-1
-1
-1
-1
0
0
0
1
1
0
2
1
1
2
2
1
1
0
1
0
0
0
0
-1
-2
-2
-1
-2
-2
-3
-4
-4
-4
-5
-4
-5
-6
-5
-5
-5
-4
-3
-3
-3
-2
-1
-1
-1
-1
0
0
0
-1
0
0
0
1
0
2
1
-1
0
0
-1
-2
-2
0
0
1
1
1
1
1
0
1
0
0
1
1
1
2
1
2
2
2
2
3
3
2
3
3
3
2
3
2
3
2
1
1
1
1
1
0
1
1
2
2
2
2
2
3
3
2
4
2
4
2
2
3
2
1
2
1
1
1
0
0
1
0
0
0
0
0
0
0
0
0
0
0
1
0
0
-1
1
1
0
1
0
1
0
1
1
0
-1
-1
-3
-2
-2
-2
-2
-2
-3
-2
-3
-3
-4
-3
-3
-2
-2
-3
-2
0
-1
-1
-1
0
0
-1
0
0
0
0
-1
-1
-1
0
-1
-1
-1
-1
-1
-2
-1
-1
-1
0
0
1
0
0
1
1
1
1
1
1
0
-2
-1
-1
2
2
2
2
2
0
2
0
2
2
2
1
1
2
1
1
0
1
1
1
2
3
1
0
0
2
3
3
2
1
2
2
3
2
2
2
2
1
2
0
1
1
0
1
1
1
1
2
3
3
1
1
0
-1
-1
0
1
1
2
1
0
0
0
0
1
1
0
0
-2
-1
0
2
2
2
1
0
-1
0
-2
-1
-1
0
0
0
-1
-1
-1
-1
-1
0
-1
-1
-1
-1
0
-1
0
0
0
-2
-3
-2
-2
-1
0
-1
0
-1
-2
-2
-1
-1
0
2
1
1
1
1
-1
1
0
1
1
1
1
0
0
0
0
0
0
1
0
0
0
1
1
1
1
0
1
0
1
2
1
2
1
0
0
1
0
1
2
3
3
3
2
2
2
2
4
3
3
1
0
0
1
0
2
3
2
1
1
1
0
-1
0
-1
1
-1
1
0
0
0
0
0
1
0
1
0
0
0
0
0
0
0
0
0
0
0
1
0
0
-1
0
0
0
0
0
0
0
0
0
0
-1
0
0
1
0
0
-1
0
0
-1
-1
-1
-1
-1
-1
-2
-1
0
-1
-1
-1
-1
-1
-2
-1
0
0
1
0
1
0
-1
0
-1
0
0
0
0
0
0
0
0
0
1
1
1
1
0
0
-1
1
0
0
0
0
0
0
0
0
0
0
-1
-1
0
0
0
2
2
3
2
2
2
1
1
1
1
2
1
1
0
0
0
1
1
0
0
-1
0
-1
-1
0
0
0
1
1
0
-1
0
1
0
0
0
0
1
0
1
-1
0
1
0
0
0
-1
0
0
0
1
0
-1
0
-1
-1
0
0
1
0
0
0
1
1
0
0
1
1
-1
0
-1
0
0
0
1
0
0
0
0
-1
0
0
-1
0
0
-1
-1
1
0
0
0
0
-1
0
1
0
0
0
-1
1
0
1
0
1
-1
0
0
0
-1
0
0
0
0
0
0
0
0
0
0
0
0
0
0
0
0
0
1
0
0
0
0
1
0
0
0
0
0
0
0
0
0
0
0
0
0
0
0
0
0
0
0
0
1
0
0
0
0
-1
0
0
1
0
0
0
0
0
-1
0
0
0
0
0
0
-1
0
0
-1
0
0
0
-1
0
0
0
0
-1
0
0
0
0
0
0
0
0
0
0
0
0
0
0
0
-1
0
0
0
-1
0
-1
0
-1
0
0
0
0
1
0
0
0
0
-1
1
0
0
0
0
0
1
0
0
0
0
0
0
1
0
0
0
0
-1
0
-1
0
0
0
0
0
0
0
0
0
0
0
0
0
0
0
0
0
1
0
1
1
0
1
0
0
0
0
0
1
0
1
0
0
0
1
0
0
-1
0
0
1
0
-1
0
0
0
0
-1
-1
1
0
0
1
0
0
1
0
0
0
-1
1
0
0
0
0
0
0
-1
0
0
0
0
0
0
0
0
0
0
0
0
0
0
0
0
0
0
0
0
-1
0
-1
0
-1
0
0
0
0
0
-1
0
-1
1
0
0
0
0
0
-1
0
-1
0
-1
0
0
0
0
-1
0
-1
0
1
0
0
0
0
0
0
1
0
0
0
0
0
0
-1
0
0
0
0
0
0
0
0
1
0
1
1
0
0
0
0
0
0
0
0
0
0
1
0
1
0
0
0
0
0
0
0
1
0
0
0
1
0
1
1
0
0
0
0
-1
0
0
1
0
0
0
0
0
0
0
0
0
0
0
0
0
-1
0
0
0
0
0
0
0
0
0
-1
0
1
0
0
0
0
0
0
0
-1
1
0
0
0
1
0
1
0
0
0
0
0
0
0
-1
0
1
0
0
0
1
0
0
0
0
-1
1
1
0
0
1
0
0
0
0
0
0
0
0
-1
0
0
0
0
1
0
0
0
0
0
0
-1
-1
1
0
0
1
0
0
-1
0
-1
1
0
1
0
0
0
0
1
-1
0
0
0
0
0
0
0
0
0
0
0
0
0
0
-1
0
0
0
0
1
0
0
0
0
0
0
0
0
-1
0
0
0
-1
0
0
1
0
-1
0
0
0
0
1
1
1
0
0
-1
0
0
-1
0
0
0
0
-1
0
0
0
0
0
0
1
0
0
0
0
0
1
0
0
0
0
0
0
0
-1
1
-1
0
-1
0
0
0
0
-1
0
0
0
0
0
0
0
0
0
1
0
0
0
0
0
0
0
0
0
0
0
0
0
0
-1
0
0
0
1
0
0
0
0
-1
0
-1
0
1
0
0
1
0
0
0
0
0
0
0
0
0
0
1
-1
0
-1
0
0
-1
0
0
0
0
-1
0
0
0
0
0
1
0
0
0
0
0
0
0
-1
0
0
0
0
0
0
-1
0
0
0
0
0
0
-1
0
-1
0
0
0
0
1
0
0
0
0
0
0
0
0
0
0
0
0
1
0
0
0
0
1
0
-1
0
1
0
0
0
0
0
0
0
-1
-1
0
0
0
1
0
-1
0
0
-1
0
0
0
-1
0
0
1
0
0
0
0
0
0
1
0
0
0
0
1
0
0
0
1
1
0
0
0
0
0
0
1
0
1
0
0
0
1
0
0
0
-1
1
1
0
-1
0
0
0
0
0
0
0
0
0
0
0
1
0
1
0
0
0
0
0
-1
0
1
0
0
-1
0
-1
0
0
-1
0
0
0
0
0
0
0
0
0
0
0
0
0
0
0
0
0
0
0
0
0
0
0
0
0
0
0
0
0
0
0
0
0
-1
0
0
0
0
0
0
0
-1
0
0
0
0
0
0
0
0
0
0
0
0
0
0
0
0
0
0
0
0
0
0
1
-1
0
0
0
0
0
0
0
1
0
0
0
0
0
-1
0
0
0
0
0
0
0
0
0
0
-1
-1
-1
-1
0
-1
0
0
0
0
0
0
-1
-1
0
-1
0
0
0
-1
0
0
0
0
0
0
0
1
0
0
0
0
0
0
0
0
0
0
1
1
0
0
0
0
0
0
0
0
0
0
0
1
0
0
0
0
0
1
1
0
0
0
0
0
-1
0
0
0
0
0
0
1
0
0
1
0
0
0
1
0
0
1
0
1
1
0
0
0
0
0
0
0
0
0
0
1
0
1
1
-1
0
0
0
0
0
0
0
0
0
0
0
1
0
0
1
0
0
0
1
0
0
0
-1
0
0
0
0
0
0
0
0
0
0
1
0
0
0
-1
-1
0
0
0
0
0
0
0
0
0
0
-1
0
1
0
0
0
0
0
0
0
-1
0
1
0
0
0
0
-1
0
-1
-1
0
0
0
0
1
0
0
0
0
0
0
0
-1
0
1
0
1
-2
-1
-1
-2
-2
-1
0
0
1
1
1
0
0
0
0
0
0
0
0
0
-1
0
0
0
0
0
0
0
0
-1
2
1
2
1
1
2
1
1
1
1
1
2
0
1
1
1
1
1
2
1
1
0
1
1
1
1
2
1
1
2
0
-1
0
0
0
0
0
0
0
0
0
0
0
-1
0
0
0
1
0
0
0
0
1
-1
-2
-1
0
0
0
-2
-2
-2
-2
-1
-1
-2
0
0
2
2
0
-2
-3
-2
0
0
-1
0
1
1
3
3
1
3
3
0
12
23
-6
-66
-89
-32
67
130
109
24
-62
-88
-43
35
90
82
10
-75
-114
-75
17
101
127
81
-3
-69
-80
-37
19
49
33
-12
-48
-50
-17
30
61
59
23
-26
-59
-57
-25
10
23
5
-30
-49
-32
14
57
62
17
-47
-88
-75
-25
26
40
18
-20
-44
-38
1
39
49
24
-18
-48
-47
-21
12
30
22
3
-11
-6
10
28
31
18
-5
-23
-21
-1
21
32
23
7
-3
1
12
23
23
12
-3
-12
-12
-1
9
14
14
10
5
3
6
10
10
7
3
3
2
2
0
0
0
-1
-2
-4
-5
-8
-7
-5
-8
-8
-7
-5
-3
-3
0
1
-1
-4
-7
-8
-7
-4
-6
-9
-12
-13
-11
-8
-6
-6
-9
-10
-6
-1
0
-2
-1
1
2
1
3
5
3
-2
-4
1
6
4
1
2
7
14
17
15
10
3
0
0
7
11
8
0
-7
-5
8
20
20
10
-3
-6
-2
7
19
22
18
5
-3
-1
7
15
17
7
-8
-17
-15
-7
0
0
0
-1
1
-2
-7
-11
-9
-11
-14
-16
-17
-15
-14
-11
-5
3
2
-4
-10
-12
-12
-10
-6
-3
-6
-15
-21
-15
-3
10
11
0
-11
-14
-4
10
17
18
11
3
-3
-5
2
13
19
16
4
-5
-8
-2
6
15
18
11
-3
-13
-8
5
14
14
7
3
3
8
16
22
21
14
6
3
7
9
11
7
0
-6
-6
0
5
5
1
-1
-5
-11
-15
-13
-8
-4
-5
-7
-10
-8
-6
-4
-2
-2
-6
-11
-12
-11
-10
-9
-3
4
4
-1
-3
-1
4
3
-2
-6
-12
-18
-15
-7
2
6
4
0
-2
-2
1
3
4
1
-3
-11
-13
-12
-5
4
13
15
11
2
0
3
5
4
8
9
10
10
12
15
22
22
19
19
19
13
1
-1
8
15
10
4
12
19
12
6
18
29
7
-43
-70
-48
-14
-25
-58
-60
-19
10
-14
-42
-19
26
27
-13
-26
8
34
15
-15
-6
23
26
1
-6
13
28
16
-4
-4
10
12
2
-1
11
15
2
-15
-11
9
19
9
-4
-5
-5
-12
-20
-17
-4
-2
-10
-17
-13
-7
-11
-18
-16
-6
-1
-8
-13
-7
3
8
11
13
19
23
18
15
18
23
23
19
15
15
17
16
13
10
6
5
2
4
4
6
3
0
-2
-3
-2
-1
-6
-14
-18
-14
-9
-7
-8
-14
-15
-12
-11
-10
-12
-15
-17
-16
-13
-10
-8
-2
0
2
1
3
8
12
10
8
8
8
10
12
13
12
9
6
6
6
5
1
1
0
2
3
-1
-3
-3
-1
1
0
1
0
-3
-5
-6
-1
1
1
-2
-3
-5
-5
-5
-2
0
0
-5
-5
-4
0
5
5
4
2
0
0
3
4
6
6
6
3
0
4
9
12
10
7
7
5
0
-1
1
5
4
-3
-7
-5
-3
-1
-1
-2
-6
-11
-13
-12
-7
-6
-6
-7
-8
-6
-7
-5
2
5
4
0
-3
-1
0
2
4
9
10
5
-2
1
7
9
6
5
4
2
-2
2
9
9
1
-2
-2
-1
-3
0
5
4
-3
-4
-1
1
0
1
4
3
-3
-4
-1
1
-1
-3
-2
2
-1
-4
-2
1
1
-1
-1
2
4
3
0
-1
1
4
5
3
3
0
-1
-2
0
3
3
2
0
0
-1
-3
-3
-4
-3
-4
-2
-3
-3
-3
-3
-2
0
-1
-3
-1
1
1
1
-1
1
2
1
0
1
1
0
1
2
1
-1
2
3
3
1
1
1
-1
-2
-2
1
0
-2
-2
0
1
-1
-1
1
2
0
-1
1
2
0
-1
0
1
1
1
1
1
0
0
1
2
3
3
1
0
0
0
1
1
1
0
1
2
2
2
0
-3
-2
0
2
0
-3
-4
-1
-2
-2
-1
0
1
1
1
2
2
0
1
2
2
2
2
2
1
0
-1
-1
0
1
1
1
-1
-3
-1
1
1
0
2
3
2
0
0
1
2
0
0
1
1
1
0
-1
0
1
1
0
0
-1
-2
0
1
1
1
0
1
0
1
2
2
1
0
-1
0
1
2
3
2
1
1
0
0
0
-1
0
0
0
0
0
0
0
1
1
-1
-1
-1
-1
-1
2
1
1
1
0
-1
-1
-1
0
1
1
1
0
-1
-3
-1
-2
0
1
1
1
1
0
0
0
0
2
1
1
1
1
1
1
1
1
1
1
1
1
0
0
0
0
0
0
0
0
0
0
1
1
2
1
1
1
1
1
1
1
2
1
1
1
0
0
0
-1
0
1
0
0
0
0
0
0
0
0
-1
0
0
0
0
0
0
0
0
1
0
-1
0
1
0
0
-1
0
0
0
0
-1
0
0
0
0
1
0
0
0
0
0
0
0
0
-1
0
0
0
0
0
0
0
0
0
1
0
0
0
0
0
1
0
0
1
0
1
-1
0
0
0
0
0
0
0
0
-1
0
-1
-1
0
0
1
1
1
1
1
1
1
1
-1
0
-1
0
0
0
0
0
1
0
1
1
1
1
1
1
1
1
0
0
0
0
0
0
0
0
0
1
1
0
-1
0
0
0
0
0
0
0
0
0
0
0
0
0
0
0
0
1
0
0
1
1
1
2
1
1
1
1
1
1
1
-1
-1
-1
-2
-2
-1
0
-1
0
1
1
1
0
2
1
2
0
1
0
0
-1
0
0
1
1
1
1
0
0
0
0
0
0
1
0
0
-1
0
0
0
0
0
0
1
0
0
-1
-1
0
0
0
1
0
0
0
0
0
0
0
0
1
1
-3
-2
-1
1
1
-1
-2
-2
-3
-1
0
1
0
0
1
3
2
2
3
3
4
5
3
1
1
3
5
4
0
-1
0
1
-1
-2
-1
-1
-4
-7
-8
-4
-1
0
-3
-6
-6
-2
0
2
4
4
2
0
0
2
4
6
4
3
-1
-1
1
2
2
1
-1
-3
-3
0
1
3
1
0
-1
-1
-2
0
1
1
0
0
-1
0
1
1
0
-1
0
0
0
-1
0
1
1
2
0
-1
-2
-1
1
1
0
0
-1
-1
-1
0
0
0
1
2
2
2
2
1
2
2
2
2
2
0
1
-1
0
1
0
1
1
0
0
-1
0
-1
-1
-3
-4
-5
-2
1
1
2
0
-2
-3
-4
-1
1
1
0
1
1
-1
1
0
2
4
4
2
1
0
1
1
2
3
2
2
1
0
1
-1
-1
-1
-1
0
-1
-3
-1
-3
-1
0
-1
0
-1
0
1
0
0
0
1
2
1
2
0
0
1
1
2
1
0
0
0
0
1
1
0
1
0
-1
0
0
1
0
0
0
0
0
0
-1
0
-1
0
0
0
0
0
0
0
1
0
1
0
0
0
0
0
-1
0
0
0
0
0
-1
0
0
0
0
0
0
1
0
0
0
0
1
0
0
0
0
0
0
0
0
0
-1
0
1
0
0
0
0
0
0
0
0
0
0
0
0
0
0
0
-1
1
0
0
0
-1
0
0
0
1
0
0
0
-1
0
0
0
0
1
1
0
1
0
0
-1
0
-1
0
0
0
0
0
0
0
0
0
0
0
0
0
1
0
0
0
0
0
0
0
0
0
0
0
0
0
0
0
0
0
0
1
0
0
0
1
0
0
0
0
0
0
0
0
1
1
0
0
1
0
0
0
0
0
1
0
0
-1
1
0
-1
-1
0
0
0
0
0
1
0
1
0
0
0
1
0
-1
0
-1
0
0
-1
0
0
0
-1
0
0
0
0
0
0
0
0
1
-1
0
0
0
0
-1
0
0
0
0
0
1
0
0
0
0
0
0
0
0
1
1
0
0
0
0
0
0
0
0
0
1
0
-1
0
0
0
0
0
0
0
0
0
0
1
0
1
1
1
0
0
0
0
0
0
0
0
0
0
0
0
-1
0
0
0
-1
0
-1
0
0
0
0
0
0
0
-1
1
0
1
0
0
0
0
1
1
0
-1
0
1
-1
0
0
0
0
0
0
0
0
0
0
0
0
0
1
-1
0
0
0
0
0
0
0
-1
0
-1
0
0
0
0
0
-1
0
1
0
0
0
1
0
0
0
0
0
0
0
0
0
0
0
0
0
0
1
0
1
0
-1
-1
-1
0
0
0
0
0
0
0
-1
0
0
1
-1
0
1
0
0
0
0
0
0
0
-1
0
0
0
0
0
0
0
0
0
0
0
0
0
0
0
0
0
0
0
0
0
0
1
0
1
0
0
0
1
0
0
-1
1
0
-1
0
0
-1
0
0
0
0
-1
0
0
0
0
1
0
0
0
1
0
0
1
-1
0
0
0
0
0
0
-1
0
1
0
0
0
1
-1
0
0
0
-1
0
0
0
-1
0
1
0
-1
0
0
-1
-1
0
0
0
0
-1
-1
-1
0
0
0
0
0
0
0
0
0
1
0
-1
0
1
0
1
0
0
0
-1
0
0
0
0
0
0
-1
1
0
0
0
0
1
0
0
0
-1
0
1
0
0
0
0
0
0
0
0
0
0
-1
1
-1
0
1
0
0
0
0
0
0
0
0
0
0
0
0
0
0
0
1
0
0
0
0
-1
1
0
0
0
0
0
0
0
0
0
0
0
0
-1
0
0
0
-1
0
0
1
1
0
0
0
0
-1
0
1
0
-1
0
0
0
0
-1
0
0
0
0
0
-1
-1
0
0
0
0
1
0
0
0
0
-1
0
0
0
0
0
0
0
0
1
0
-1
0
0
-1
0
0
0
0
0
0
0
0
0
0
0
1
0
0
0
0
-1
-1
0
-1
0
0
0
-1
0
0
0
0
1
1
-1
0
0
-1
-1
0
0
-1
0
0
-1
0
0
-1
1
-1
0
0
-1
0
0
0
0
0
0
0
1
0
0
-1
1
1
0
0
0
0
0
0
0
0
0
1
0
0
0
0
0
0
-1
0
0
-1
0
0
1
0
0
1
0
0
0
1
0
0
0
0
0
0
1
-1
0
0
0
1
0
-1
0
0
0
0
0
-1
0
0
0
0
1
0
0
1
0
0
0
1
0
0
0
0
0
1
0
0
0
0
0
0
0
1
0
0
0
0
-1
0
0
-1
-1
0
-1
0
0
0
1
1
0
0
0
-1
1
0
0
0
0
1
0
1
0
0
1
1
0
0
0
0
0
-1
0
0
0
-1
0
0
1
0
0
0
0
1
0
1
0
0
0
0
-1
0
0
0
0
0
-1
0
0
0
1
1
0
0
-1
0
0
1
0
0
-1
1
0
0
0
0
-1
0
0
0
0
0
0
0
0
0
0
0
1
0
0
0
-1
0
1
0
0
1
-1
0
-1
-1
0
0
0
0
0
0
0
0
-1
0
-1
1
0
1
1
0
0
0
0
0
0
0
0
0
0
0
0
0
0
1
0
-1
0
0
0
0
0
0
-1
0
0
-1
0
0
0
0
0
0
0
1
1
0
0
0
0
0
0
0
-1
0
0
0
0
0
0
-1
-1
0
0
0
0
0
1
0
1
-1
0
0
-1
0
0
0
1
0
0
0
0
0
0
0
1
0
1
0
0
0
-1
-1
0
0
0
0
1
0
-1
0
0
0
0
1
0
-1
0
0
0
0
0
1
0
0
0
0
0
0
0
0
0
0
1
0
0
0
0
0
0
0
0
0
0
0
0
0
-1
-1
0
0
0
0
0
0
-1
0
0
-1
0
0
0
0
0
0
0
0
0
0
0
0
0
0
0
0
0
-1
0
0
1
0
0
-1
1
0
0
0
0
0
0
0
0
0
0
-1
1
0
0
-1
0
0
0
1
0
-1
0
0
0
0
0
0
0
1
-1
0
-1
0
-1
-1
0
0
0
1
0
0
0
0
0
1
0
-1
-1
0
0
0
0
0
0
0
-1
0
-1
0
1
0
0
0
0
1
0
0
0
0
0
-1
-1
0
0
0
0
-1
0
1
0
1
0
0
0
0
-1
0
0
0
-1
0
0
0
0
0
0
0
0
-1
0
0
0
1
0
1
0
-1
0
1
0
0
-1
0
0
0
0
0
0
1
0
1
0
0
0
0
0
1
0
1
0
0
0
1
0
0
0
0
0
-1
0
0
0
0
0
0
0
0
0
-1
0
0