40
53
71
87
97
101
106
110
109
102
94
91
97
104
109
109
99
85
69
56
44
30
14
-3
-14
-22
-24
-21
-18
-21
-29
-35
-33
-22
-8
5
14
12
6
-5
-13
-9
5
25
37
31
10
-14
-26
-25
-13
3
13
4
-21
-52
-76
-83
-72
-48
-29
-23
-31
-49
-65
-73
-68
-53
-38
-34
-41
-55
-71
-86
-94
-92
-80
-67
-60
-61
-66
-76
-86
-91
-87
-74
-58
-46
-43
-49
-58
-61
-59
-57
-53
-49
-45
-43
-43
-40
-37
-32
-30
-29
-23
-9
8
25
38
43
47
54
63
73
85
101
116
128
134
138
141
143
140
135
129
122
120
125
127
125
113
97
84
74
67
65
63
54
39
24
16
11
7
4
-1
-11
-24
-34
-37
-37
-34
-30
-30
-30
-30
-28
-23
-19
-12
-6
6
14
18
18
13
10
12
17
24
27
22
18
14
9
4
0
-1
-3
-8
-22
-39
-52
-56
-55
-55
-61
-68
-70
-72
-76
-82
-89
-89
-87
-84
-80
-75
-69
-68
-74
-83
-88
-81
-69
-58
-52
-55
-60
-63
-64
-59
-51
-39
-29
-23
-24
-24
-22
-12
-1
8
13
15
14
15
19
30
46
58
65
63
59
57
57
62
74
87
93
86
71
59
56
61
71
81
83
73
57
40
29
30
38
46
48
38
26
17
7
0
-1
2
5
4
3
5
8
7
5
0
-1
2
7
13
17
18
17
16
10
5
1
1
4
7
10
13
15
14
8
-1
-8
-10
-3
9
16
16
7
-4
-14
-22
-20
-14
-8
-10
-19
-29
-38
-43
-43
-44
-48
-53
-58
-62
-63
-62
-60
-58
-60
-63
-65
-64
-60
-53
-45
-41
-39
-39
-37
-31
-24
-15
-7
-2
2
4
8
13
21
29
34
36
35
34
34
34
38
39
38
35
31
29
27
26
24
21
14
8
1
-2
-3
-3
-6
-10
-14
-18
-15
-10
-7
-2
-1
-1
-2
-1
3
9
14
18
17
16
14
18
23
30
33
31
27
22
19
22
28
34
39
38
34
26
22
19
19
20
20
18
14
9
3
1
0
-1
-1
-2
-3
-4
-8
-12
-13
-14
-13
-13
-11
-11
-12
-14
-17
-19
-20
-20
-18
-15
-13
-10
-12
-13
-15
-18
-15
-14
-11
-8
-8
-8
-8
-8
-7
-8
-6
-6
-2
2
8
12
15
13
9
4
2
-1
-1
1
2
4
2
-1
-6
-8
-11
-12
-12
-15
-18
-20
-20
-21
-20
-19
-18
-18
-19
-20
-19
-16
-13
-10
-8
-7
-8
-5
-4
-1
3
7
11
13
12
11
7
7
7
10
10
8
4
1
1
0
1
1
0
0
-1
-2
-4
-4
-3
-2
1
4
5
4
7
7
9
10
11
11
11
12
13
16
17
19
19
18
18
17
17
19
19
21
19
18
14
12
12
14
18
22
25
26
24
20
16
13
13
13
16
16
17
17
13
11
8
6
7
8
6
3
-1
-4
-6
-6
-7
-9
-12
-17
-19
-23
-26
-28
-30
-31
-33
-36
-36
-37
-33
-28
-25
-26
-26
-28
-27
-22
-16
-12
-7
-5
-5
-6
-6
-3
0
4
7
7
6
3
3
1
1
0
1
2
2
1
-1
-4
-6
-11
-11
-11
-11
-7
-7
-8
-10
-12
-13
-13
-14
-13
-11
-9
-7
-4
-3
-4
-6
-7
-6
-5
-1
4
8
11
10
9
8
6
6
10
14
16
19
21
21
20
19
20
21
22
21
23
24
25
25
27
28
29
29
27
25
24
24
25
27
26
22
20
14
11
11
10
9
7
4
2
1
-1
-4
-7
-10
-12
-13
-16
-18
-23
-23
-26
-24
-23
-23
-24
-28
-31
-31
-31
-28
-25
-22
-23
-23
-20
-19
-17
-15
-15
-12
-13
-11
-11
-7
-2
2
4
4
2
1
1
2
5
8
10
10
7
2
0
0
1
2
3
1
-1
-4
-5
-7
-6
-7
-9
-9
-11
-9
-7
-6
-5
-7
-7
-7
-6
-5
-4
-1
0
1
0
1
1
3
4
7
8
11
12
16
15
16
17
17
18
19
20
21
21
21
21
19
19
18
17
18
17
19
17
17
16
15
13
12
10
8
7
7
7
6
4
1
0
0
-1
-2
-2
-3
-3
-5
-5
-7
-8
-6
-8
-9
-8
-10
-10
-9
-9
-9
-10
-10
-10
-10
-10
-10
-10
-7
-8
-7
-8
-8
-9
-9
-9
-9
-9
-9
-10
-9
-9
-8
-8
-7
-7
-7
-8
-6
-6
-5
-4
-5
-5
-4
-4
-4
-3
-3
-2
-2
-3
0
0
-1
0
1
1
1
1
1
0
0
0
0
1
2
4
3
4
4
5
5
5
6
7
7
7
8
8
8
8
7
8
8
9
9
9
9
9
8
10
9
9
10
10
9
11
10
9
9
9
8
7
8
7
6
6
5
5
6
5
5
4
5
5
3
2
1
1
0
-1
-1
-2
-1
-2
-2
-4
-4
-6
-5
-5
-6
-8
-8
-7
-8
-8
-8
-9
-9
-9
-9
-9
-9
-9
-9
-9
-8
-8
-8
-8
-7
-7
-6
-6
-5
-5
-4
-5
-6
-5
-5
-5
-4
-4
-4
-2
-4
-4
-3
-2
-2
-2
-1
0
-1
-1
0
0
0
0
0
1
1
1
1
2
2
2
3
4
3
3
4
4
4
3
6
6
5
5
5
6
7
6
6
6
6
7
6
6
6
6
6
6
5
7
5
5
5
5
4
4
5
3
4
3
3
2
2
1
1
1
1
2
1
0
1
1
1
1
0
0
0
0
0
0
0
-2
-1
-1
-2
-1
-1
-1
-1
0
0
0
-1
-1
-1
-1
-1
-1
-2
-2
-2
-2
-2
-3
-2
-4
-3
-3
-3
-3
-3
-3
-3
-3
-4
-3
-3
-3
-3
-2
-2
-2
-2
-2
-1
-1
-1
0
-1
-1
-1
0
0
-1
0
0
0
0
1
1
2
1
1
1
1
1
1
1
2
0
0
0
0
1
1
0
1
2
1
2
2
2
3
3
3
3
2
3
3
3
3
3
3
3
3
4
3
2
3
4
2
2
0
1
1
1
2
2
2
2
1
1
1
0
0
0
0
0
0
0
0
-1
1
0
0
0
-1
-1
0
0
0
0
-1
-1
-2
-2
-1
1
1
1
2
1
1
-1
0
0
0
0
0
-1
-2
-1
-1
1
0
1
1
0
-1
-1
0
1
1
2
1
0
-2
-1
-2
-1
0
0
0
-1
-2
-3
-2
-2
-2
-2
-2
-2
-3
-3
-2
-1
0
1
1
1
1
0
0
2
2
1
0
0
0
0
0
1
1
1
0
0
-1
-1
0
1
2
2
2
3
1
0
0
0
0
1
0
0
0
0
0
1
1
0
-1
-1
-1
-1
0
0
0
1
2
2
2
0
2
2
2
0
1
0
0
-1
0
0
1
1
1
1
1
0
0
0
0
0
1
0
0
-1
0
0
0
0
0
0
1
0
0
0
0
0
0
-1
-1
-3
-1
0
0
1
1
2
1
0
1
1
2
1
1
0
0
0
0
0
1
1
0
-1
-1
-1
1
0
2
2
2
2
2
0
0
1
0
1
1
1
1
1
1
1
1
1
0
-1
-1
-2
-1
-1
0
1
1
1
2
1
0
1
1
1
1
1
1
1
0
-1
1
-1
0
0
0
0
0
0
0
0
1
0
1
0
0
0
1
-1
0
0
0
0
0
0
0
0
0
0
-1
0
0
0
0
1
1
0
1
0
0
0
0
0
0
0
0
0
0
-1
-1
-1
-1
0
0
0
0
0
-1
0
0
-1
-1
-1
-1
1
1
2
3
2
1
1
0
0
-1
0
-1
0
0
0
-1
0
1
-1
0
0
0
0
-1
0
1
0
-1
1
1
0
1
-1
0
0
1
0
0
-1
1
0
0
1
0
0
0
0
1
0
0
0
0
1
0
-1
0
-1
0
1
0
1
-1
0
1
0
0
0
0
0
-1
0
0
0
0
0
0
0
0
0
0
-1
0
1
0
1
0
-1
0
0
1
0
0
0
0
0
0
-1
0
-1
0
0
0
0
0
0
0
1
0
1
0
0
0
0
0
-1
0
0
0
0
0
-1
0
0
0
0
0
0
1
0
0
0
0
1
0
0
0
0
0
0
0
0
0
-1
0
1
0
0
0
0
0
0
0
0
0
0
0
0
0
0
0
-1
1
0
0
0
-1
0
0
0
1
0
0
0
-1
0
0
0
0
1
1
0
1
0
0
0
1
-1
0
-1
-1
-1
-1
0
1
1
1
1
0
0
0
1
0
0
0
0
0
0
0
0
0
0
0
0
0
0
0
0
0
0
1
0
0
0
1
0
0
0
0
0
0
0
0
1
1
0
0
1
0
0
0
0
0
1
0
0
-1
1
0
-1
-1
0
0
0
0
0
1
0
1
0
0
0
1
0
-1
0
-1
0
0
-1
0
0
0
-1
0
0
0
0
0
0
0
0
1
-1
0
0
0
0
-1
0
0
0
0
0
1
0
0
0
0
0
0
0
0
1
1
0
0
0
0
0
0
0
0
0
1
0
-1
0
0
0
0
0
0
0
0
0
0
1
0
1
1
1
0
0
0
0
0
0
0
0
0
0
0
0
-1
0
0
0
-1
0
-1
0
0
0
0
0
0
0
-1
1
0
1
0
0
0
0
1
1
0
-1
0
1
-1
0
0
0
0
0
0
0
0
0
0
0
0
0
1
-1
0
0
0
0
0
0
0
-1
0
-1
0
0
0
0
0
-1
0
1
0
0
0
1
0
0
0
0
0
0
0
0
0
0
0
0
0
0
1
0
1
0
-1
-1
-1
0
0
0
0
0
0
0
-1
0
0
1
-1
0
1
0
0
0
0
0
0
0
-1
0
0
0
0
0
0
0
0
0
0
0
0
0
0
0
0
0
0
0
0
0
0
1
0
1
0
0
0
1
0
0
-1
1
0
-1
0
0
-1
0
0
0
0
-1
0
0
0
0
1
0
0
0
1
0
0
1
-1
0
0
0
0
0
0
-1
0
1
0
0
0
1
-1
0
0
0
-1
0
0
0
-1
0
1
0
-1
0
0
-1
-1
0
0
0
0
-1
-1
-1
0
0
0
0
0
0
0
0
0
1
0
-1
0
1
0
1
0
0
0
-1
0
0
0
0
0
0
-1
1
0
0
0
0
1
0
0
0
-1
0
1
0
0
0
0
0
0
0
0
0
0
-1
1
-1
0
1
0
0
0
0
0
0
0
0
0
0
0
0
0
0
0
1
0
0
0
0
-1
1
0
0
0
0
0
0
0
0
0
0
0
0
-1
0
0
0
-1
0
0
1
1
0
0
0
0
-1
0
1
0
-1
0
0
0
0
-1
0
0
0
0
0
-1
-1
0
0
0
0
1
0
0
0
0
-1
0
0
0
0
0
0
0
0
1
0
-1
0
0
-1
0
0
0
0
0
0
0
0
0
0
0
1
0
0
0
0
-1
-1
0
-1
0
0
0
-1
0
0
0
0
1
1
-1
0
0
-1
-1
0
0
-1
0
0
-1
0
0
-1
1
-1
0
0
-1
0
0
0
0
0
0
0
1
0
0
-1
1
1
0
0
0
0
0
0
0
0
0
1
0
0
0
0
0
0
-1
0
0
-1
0
0
1
0
0
1
0
0
0
1
0
0
0
0
0
0
1
-1
0
0
0
1
0
-1
0
0
0
0
0
-1
0
0
0
0
1
0
0
1
0
0
0
1
0
0
0
0
0
1
0
0
0
0
0
0
0
1
0
0
0
0
-1
0
0
-1
-1
0
-1
0
0
0
1
1
0
0
0
-1
1
0
0
0
0
1
0
1
0
0
1
1
0
0
0
0
0
-1
0
0
0
-1
0
0
1
0
0
0
0
1
0
1
0
0
0
0
-1
0
0
0
0
0
-1
0
0
0
1
1
0
0
-1
0
0
1
0
0
-1
1
0
0
0
0
-1
0
0
0
0
0
0
0
0
0
0
0
1
0
0
0
-1
0
1
0
0
1
-1
0
-1
-1
0
0
0
0
0
0
0
0
-1
0
-1
1
0
1
1
0
0
0
0
0
0
0
0
0
0
0
0
0
0
1
0
-1
0
0
0
0
0
0
-1
0
0
-1
0
0
0
0
0
0
0
1
1
0
0
0
0
0
0
0
-1
0
0
0
0
0
0
-1
-1
0
0
0
0
0
1
0
1
-1
0
0
-1
0
0
0
1
0
0
0
0
0
0
0
1
0
1
0
0
0
-1
-1
0
0
0
0
1
0
-1
0
0
0
0
1
0
-1
0
0
0
0
0
1
0
0
0
0
0
0
0
0
0
0
1
0
0
0
0
0
0
0
0
0
0
0
0
0
-1
-1
0
0
0
0
0
0
-1
0
0
-1
0
0
0
0
0
0
0
0
0
0
0
0
0
0
0
0
0
-1
0
0
1
0
0
-1
1
0
0
0
0
0
0
0
0
0
0
-1
1
0
0
-1
0
0
0
1
0
-1
0
0
0
0
0
0
0
1
-1
0
-1
0
-1
-1
0
0
0
1
0
0
0
0
0
1
0
-1
-1
0
0
0
0
0
0
0
-1
0
-1
0
1
0
0
0
0
1
0
0
0
0
0
-1
-1
0
0
0
0
-1
0
1
0
1
0
0
0
0
-1
0
0
0
-1
0
0
0
0
0
0
0
0
-1
0
0
0
1
0
1
0
-1
0
1
0
0
-1
0
0
0
0
0
0
1
0
1
0
0
0
0
0
1
0
1
0
0
0
1
0
0
0
0
0
-1
0
0
0
0
0
0
0
0
0
-1
0
0
0
0
0
0
0
0
0
0
1
0
1
0
0
1
0
0
1
0
0
1
0
0
1
0
0
0
0
0
0
0
0
0
0
0
1
0
0
-1
0
0
-1
0
-1
0
0
1
1
0
0
0
-1
0
0
0
0
0
0
1
0
0
-1
0
0
0
0
-1
0
1
0
0
0
0
0
-1
0
0
0
0
0
0
0
1
0
0
0
0
0
-1
0
0
0
0
0
1
0
0
0
0
0
0
0
1
0
-1
0
-1
1
0
0
0
0
-1
0
-1
0
0
0
0
-1
1
0
0
0
1
0
-1
0
1
1
0
-1
0
0
0
0
0
0
0
0
-1
0
0
0
0
1
-1
0
0
-1
0
0
0
0
0
1
1
0
0
0
-1
-1
0
0
0
1
0
0
0
0
0
0
1
0
0
-1
0
0
1
0
0
0
0
0
1
0
0
-1
0
0
0
0
0
0
0
0
1
0
0
0
0
0
0
0
0
1
0
0
0
0
0
0
-1
0
0
0
0
1
0
0
1
0
0
0
1
-1
0
-1
0
0
0
1
0
0
0
0
0
0
1
0
0
0
0
0
0
0
0
0
-1
0
0
0
1
0
0
0
1
0
0
0
0
0
0
0
0
0
0
1
0
1
0
-1
0
0
-1
0
0
0
-1
0
0
0
-1
0
-1
1
-1
1
0
0
0
0
0
1
0
1
0
0
0
0
0
0
0
0
0
0
0
1
0
0
-1
0
0
0
0
0
0
0
0
0
0
-1
0
0
1
0
0
-1
0
0
0
0
0
0
0
0
-1
0
1
0
0
0
0
1
0
0
0
0
0
-1
0
0
-1
0
0
0
0
0
0
0
0
0
0
0
1
1
1
1
0
0
-1
1
0
0
0
0
0
0
0
0
0
0
0
0
1
0
0
1
0
1
0
0
1
0
0
0
0
1
0
0
-1
0
0
1
1
0
0
-1
0
-1
-1
0
0
0
1
1
0
-1
0
1
0
0
0
0
1
0
1
-1
0
1
0
0
0
-1
0
0
0
1
0
-1
0
-1
-1
0
0
1
0
0
0
1
1
0
0
1
1
-1
0
-1
0
0
0
1
0
0
0
0
-1
0
0
-1
0
0
-1
-1
1
0
0
0
0
-1
0
1
0
0
0
-1
1
0
1
0
1
-1
0
0
0
-1
0
0
0
0
0
0
0
0
0
0
0
0
0
0
0
0
0
1
0
0
0
0
1
0
0
0
0
0
0
0
0
0
0
0
0
0
0
0
0
0
0
0
0
1
0
0
0
0
-1
0
0
1
0
0
0
0
0
-1
0
0
0
0
0
0
-1
0
0
-1
0
0
0
-1
0
0
0
0
-1
0
0
0
0
0
0
0
0
0
0
0
0
0
0
0
-1
0
0
0
-1
0
-1
0
-1
0
0
0
0
1
0
0
0
0
-1
1
0
0
0
0
0
1
0
0
0
0
0
0
1
0
0
0
0
-1
0
-1
0
0
0
0
0
0
0
0
0
0
0
0
0
0
0
0
0
1
0
1
1
0
1
0
0
0
0
0
1
0
1
0
0
0
1
0
0
-1
0
0
1
0
-1
0
0
0
0
-1
-1
1
0
0
1
0
0
1
0
0
0
-1
1
0
0
0
0
0
0
-1
0
0
0
0
0
0
0
0
0
0
0
0
0
0
0
0
0
0
0
0
-1
0
-1
0
-1
0
0
0
0
0
-1
0
-1
1
0
0
0
0
0
-1
0
-1
0
-1
0
0
0
0
-1
0
-1
0
1
0
0
0
0
0
0
1
0
0
0
0
0
0
-1
0
0
0
0
0
0
0
0
1
0
1
1
0
0
0
0
0
0
0
0
0
0
1
0
1
0
0
0
0
0
0
0
1
0
0
0
1
0
1
1
0
0
0
0
-1
0
0
1
0
0
0
0
0
0
0
0
0
0
0
0
0
-1
0
0
0
0
0
0
0
0
0
-1
0
1
0
0
0
0
0
0
0
-1
1
0
0
0
1
0
1
0
0
0
0
0
0
0
-1
0
1
0
0
0
1
0
0
0
0
-1
1
1
0
0
1
0
0
0
0
0
0
0
0
-1
0
0
0
0
1
0
0
0
0
0
0
-1
-1
1
0
0
1
0
0
-1
0
-1
1
0
1
0
0
0
0
1
-1
0
0
0
0
0
0
0
0
0
0
0
0
0
0
-1
0
0
0
0
1
0
0
0
0
0
0
0
0
-1
0
0
0
-1
0
0
1
0
-1
0
0
0
0
1
1
1
0
0
-1
0
0
-1
0
0
0
0
-1
0
0
0
0
0
0
1
0
0
0
0
0
1
0
0
0
0
0
0
0
-1
1
-1
0
-1
0
0
0
0
-1
0
0
0
0
0
0
0
0
0
1
0
0
0
0
0
0
0
0
0
0
0
0
0
0
-1
0
0
0
1
0
0
0
0
-1
0
-1
0
1
0
0
1
0
0
0
0
0
0
0
0
0
0
1
-1
0
-1
0
0
-1
0
0
0
0
-1
0
0
0
0
0
1
0
0
0
0
0
0
0
-1
0
0
0
0
0
0
-1
0
0
0
0
0
0
-1
0
-1
0
0
0
0
1
0
0
0
0
0
0
0
0
0
0
0
0
1
0
0
0
0
1
0
-1
0
1
0
0
0
0
0
0
0
-1
-1
0
0
0
1
0
-1
0
0
-1
0
0
0
-1
0
0
1
0
0
0
0
0
0
1
0
0
0
0
1
0
0
0
1
1
0
0
0
0
0
0
1
0
1
0
0
0
1
0
0
0
-1
1
1
0
-1
0
0
0
0
0
0
0
0
0
0
0
1
0
1
0
0
0
0
0
-1
0
1
0
0
-1
0
-1
0
0
-1
0
0
0
0
0
0
0
0
0
0
0
0
0
0
0
0
0
0
0
0
0
0
0
0
0
0
0
0
0
0
0
0
0
-1
0
0
0
0
0
0
0
-1
0
0
0
0
0
0
0
0
0
0
0
0
0
0
0
0
0
0
0
0
0
0
1
-1
0
0
0
0
0
0
0
1
0
0
0
0
0
-1
0
0
0
0
0
0
0
0
0
0
-1
-1
-1
-1
0
-1
0
0
0
0
0
0
-1
-1
0
-1
0
0
0
-1
0
0
0
0
0
0
0
1
0
0
0
0
0
0
0
0
0
0
1
1
0
0
0
0
0
0
0
0
0
0
0
1
0
0
0
0
0
1
1
0
0
0
0
0
-1
0
0
0
0
0
0
1
0
0
1
0
0
0
1
0
0
1
0
1
1
0
0
0
0
0
0
0
0
0
0
1
0
1
1
-1
0
0
0
0
0
0
0
0
0
0
0
1
0
0
1
0
0
0
1
0
0
0
-1
0
0
0
0
0
0
0
0
0
0
1
0
0
0
-1
-1
0
0
0
0
0
0
0
0
0
0
-1
0
1
0
0
0
0
0
0
0
-1
0
1
0
0
0
0
-1
0
-1
-1
0
0
0
0
1
0
0
0
0
0
0
0
0
1
1
0
1
-1
0
0
0
0
0
0
0
0
0
0
0
0
0
0
0
0
0
0
0
0
0
0
0
0
0
0
0
0
-1
1
0
1
0
0
1
0
0
0
0
0
1
-1
0
0
0
0
0
1
0
0
-1
0
0
0
0
1
0
0
1
-1
-1
0
0
0
0
0
0
0
0
0
0
0
-1
0
0
0
1
0
0
0
0
1
0
-1
-1
0
0
0
-1
0
0
0
0
0
-1
0
0
0
0
-1
0
0
0
0
0
0
0
0
0
0
0
0
0
0
-1
0
0
0
0
0
0
0
0
0
1
0
-1
0
0
0
0
0
0
0
0
0
0
0
0
0
0
0
0
0
0
0
-1
0
0
0
0
0
0
0
0
0
0
0
0
0
1
0
0
0
0
0
0
0
1
0
0
0
1
1
0
0
0
-1
1
1
0
0
0
0
0
0
0
1
0
0
0
1
0
0
0
0
0
-1
0
0
0
0
0
0
0
0
0
0
-1
-1
-1
0
0
0
0
-1
0
0
0
0
0
0
0
0
0
1
0
1
0
0
0
0
0
0
1
-1
0
1
-1
0
0
0
0
0
0
0
-1
0
0
0
-1
0
-1
0
0
0
0
0
-1
0
0
0
0
0
0
-1
0
0
0
0
0
0
0
0
-1
-1
0
0
0
0
0
1
0
0
0
0
0
-1
0
0
0
0
0
0
0
0
0
1
0
1
0
0
1
-1
1
0
0
0
-1
-1
0
0
0
-1
0
-1
0
0
0
-1
0
0
0
0
1
0
0
0
0
0
0
1
0
1
0
0
0
0
0
0
1
0
0
0
1
1
0
0
0
0
0
0
0
0
-1
1
0
0
0
0
0
0
0
1
0
0
-1
0
0
0
-1
-1
0
0
1
0
-1
0
0
0
0
0
0
-1
-1
0
0
-1
1
0
1
0
0
0
0
0
0
1
0
0
0
-1
0
0
0
0
0
1
-1
0
0
0
0
0
0
0
0
0
1
0
0
0
0
0
0
-1
0
0
-1
0
0
-1
0
0
0
0
0
0
0
0
1
0
0
-1
1
0
0
-1
-1
0
0
0
1
-1
0
0
0
-1
1
0
0
0
1
-1
0
0
0
0
0
0
0
0
0
0
0
-1
0
0
0
0
0
0
0
0
0
0
1
-1
0
0
-1
1
0
0
0
0
0
0
0
0
0
0
0
0
0
0
-1
0
0
0
0
0
0
0
-1
0
0
0
-1
0
0
-1
-1
0
0
0
0
0
1
1
-1
0
-1
0
0
0
0
0
0
0
0
1
0
0
0
0
-1
1
0
0
1
0
0
0
0
0
1
1
0
0
0
0
0
-1
0
-1
1
0
1
0
0
1
0
0
1
0
0
0
1
-1
-1
1
0
0
0
-1
0
0
1
0
0
0
0
0
0
-1
0
0
0
-1
0
0
1
1
-1
0
0
0
0
0
0
0
0
0
-1
1
0
0
1
0
0
0
0
1
-1
0
0
0
0
-1
1
0
0
-1
0
0
0
0
0
-1
0
-1
1
0
0
1
0
0
0
0
0
0
0
0
-1
0
0
0
1
0
1
0
0
0
0
-1
0
0
1
1
0
0
0
-1
-1
0
0
0
-1
0
0
1
0
1
0
0
1
0
0
1
0
0
0
0
0
0
0
0
0
0
0
-1
1
0
0
0
0
0
0
0
0
0
0
-1
0
-1
0
0
0
0
0
-1
0
0
0
1
0
0
0
0
0
0
0
0
0
-1
1
1
-1
0
0
0
0
0
0
0
0
0
0
0
0
0
-1
0
0
0
0
0
0
0
0
-1
0
0
0
0
-1
0
-1
0
0
0
0
0
-1
0
0
-1
0
0
0
1
0
0
0
0
0
0
1
0
0
0
0
0
1
0
0
0
1
1
0
0
0
0
0
0
0
0
1
1
1
0
0
-1
0
0
0
-1
-1
0
0
0
0
0
0
0
0
0
0
0
0
0
0
0
0
0
0
0
0
0
1
1
1
0
-1
0
0
0
0
0
0
1
-1
-1
0
0
0
0
0
1
0
-1
0
0
0
0
0
0
0
0
-1
0
0
0
0
1
0
0
0
0
0
-1
1
1
0
0
0
0
1
0
0
0
0
0
0
0
0
0
0
0
0
1
0
0
0
0
0
0
1
0
0
0
0
0
0
0
0
0
0
1
0
-1
0
0
0
0
-1
0
0
0
0
0
0
-1
0
0
-1
0
0
0
-1
1
0
0
0
0
0
0
0
0
0
0
0
0
0
-1
0
-1
0
0
0
0
0
0
0
0
0
1
0
0
0
0
0
0
0
0
0
0
0
1
0
0
0
0
0
0
0
0
0
-1
0
0
1
0
0
0
0
0
0
0
1
0
0
0
0
0
0
-1
0
1
0
0
0
0
0
0
0
0
-1
0
0
0
0
0
0
0
0
1
0
-1
0
1
0
0
-1
0
0
0
0
-1
0
0
0
0
1
0
0
0
0
0
0
0
0
-1
0
0
0
0
0
0
0
0
0
1
0
0
0
0
0
1
0
0
1
0
1
-1
0
0
0
0
0
0
0
0
-1
0
-1
-1
0
0
0
0
0
0
0
0
0
0
-1
0
-1
0
0
0
0
0
0
-1
0
0
0
0
0
0
0
0
0
0
0
0
0
0
0
0
0
1
1
0
-1
0
0
0
0
0
0
0
0
0
0
0
0
0
0
0
0
1
0
0
0
0
0
1
0
0
0
0
0
0
0
-1
-1
0
0
0
0
0
-1
-1
0
0
0
-1
1
0
0
-1
0
0
0
0
0
0
0
0
0
0
0
0
0
0
0
0
1
0
0
-1
0
0
0
0
0
0
1
0
0
-1
-1
0
0
0
0
-1
0
0
0
0
0
1
0
0
1
0
1
0
0
0
0
0
0
-1
0
0
0
0
0
0
1
0
0
0
0
0
0
-1
-1
0
-1
0
0
0
0
0
0
0
0
0
0
0
0
0
0
-1
0
0
0
0
1
0
0
0
0
0
0
0
0
0
0
-1
1
-1
0
0
0
0
0
0
0
0
1
0
1
0
0
0
1
-1
0
0
0
0
0
0
0
0
0
0
-1
0
0
0
0
1
1
0
1
0
0
0
0
0
0
0
0
0
0
-1
-1
-1
-1
0
0
0
0
0
-1
0
0
0
0
0
-1
0
-1
0
1
0
0
1
0
0
-1
0
-1
0
0
0
-1
0
1
-1
0
0
0
0
-1
0
1
0
-1
1
1
0
1
-1
0
0
1
0
0
-1
1
0
0
1
0
0
0
0
1
0
0
0
0
1
0
-1
0
-1
0
1
0
1
-1
0
1
0
0
0
0
0
-1
0
0
0
0
0
0
0
0
0
0
-1
0
1
0
1
0
-1
0
0
1
0
0
0
0
0
0
-1
0
-1
0
0
0
0
0
0
0
1
0
1
0
0
0
0
0
-1
0
0
0
0
0
-1
0
0
0
0
0
0
1
0
0
0
0
1
0
0
0
0
0
0
0
0
0
-1
0
1
0
0
0
0
0
0
0
0
0
0
0
0
0
0
0
-1
1
0
0
0
-1
0
0
0
1
0
0
0
-1
0
0
0
0
1
1
0
1
0
0
-1
0
-1
0
0
0
0
0
0
0
0
0
0
0
0
0
1
0
0
0
0
0
0
0
0
0
0
0
0
0
0
0
0
0
0
1
0
0
0
1
0
0
0
0
0
0
0
0
1
1
0
0
1
0
0
0
0
0
1
0
0
-1
1
0
-1
-1
0
0
0
0
0
1
0
1
0
0
0
1
0
-1
0
-1
0
0
-1
0
0
0
-1
0
0
0
0
0
0
0
0
1
-1
0
0
0
0
-1
0
0
0
0
0
1
0
0
0
0
0
0
0
0
1
1
0
0
0
0
0
0
0
0
0
1
0
-1
0
0
0
0
0
0
0
0
0
0
1
0
1
1
1
0
0
0
0
0
0
0
0
0
0
0
0
-1
0
0
0
-1
0
-1
0
0
0
0
0
0
0
-1
1
0
1
0
0
0
0
1
1
0
-1
0
1
-1
0
0
0
0
0
0
0
0
0
0
0
0
0
1
-1
0
0
0
0
0
0
0
-1
0
-1
0
0
0
0
0
-1
0
1
0
0
0
1
0
0
0
0
0
0
0
0
0
0
0
0
0
0
1
0
1
0
-1
-1
-1
0
0
0
0
0
0
0
-1
0
0
1
-1
0
1
0
0
0
0
0
0
0
-1
0
0
0
0
0
0
0
0
0
0
0
0
0
0
0
0
0
0
0
0
0
0
1
0
1
0
0
0
1
0
0
-1
1
0
-1
0
0
-1
0
0
0
0
-1
0
0
0
0
1
0
0
0
1
0
0
1
-1
0
0
0
0
0
0
-1
0
1
0
0
0
1
-1
0
0
0
-1
0
0
0
-1
0
1
0
-1
0
0
-1
-1
0
0
0
0
-1
-1
-1
0
0
0
0
0
0
0
0
0
1
0
-1
0
1
0
1
0
0
0
-1
0
0
0
0
0
0
-1
1
0
0
0
0
1
0
0
0
-1
0
1
0
0
0
0
0
0
0
0
0
0
-1
1
-1
0
1
0
0
0
0
0
0
0
0
0
0
0
0
0
0
0
1
0
0
0
0
-1
1
0
0
0
0
0
0
0
0
0
0
0
0
-1
0
0
0
-1
0
0
1
1
0
0
0
0
-1
0
1
0
-1
0
0
0
0
-1
0
0
0
0
0
-1
-1
0
0
0
0
1
0
0
0
0
-1
0
0
0
0
0
0
0
0
1
0
-1
0
0
-1
0
0
0
0
0
0
0
0
0
0
0
1
0
0
0
0
-1
-1
0
-1
0
0
0
-1
0
0
0
0
1
1
-1
0
0
-1
-1
0
0
-1
0
0
-1
0
0
-1
1
-1
0
0
-1
0
0
0
0
0
0
0
1
0
0
-1
1
1
0
0
0
0
0
0
0
0
0
1
0
0
0
0
0
0
-1
0
0
-1
0
0
1
0
0
1
0
0
0
1
0
0
0
0
0
0
1
-1
0
0
0
1
0
-1
0
0
0
0
0
-1
0
0
0
0
1
0
0
1
0
0
0
1
0
0
0
0
0
1
0
0
0
0
0
0
0
1
0
0
0
0
-1
0
0
-1
-1
0
-1
0
0
0
1
1
0
0
0
-1
1
0
0
0
0
1
0
1
0
0
1
1
0
0
0
0
0
-1
0
0
0
-1
0
0
1
0
0
0
0
1
0
1
0
0
0
0
-1
0
0
0
0
0
-1
0
0
0
1
1
0
0
-1
0
0
1
0
0
-1
1
0
0
0
0
-1
0
0
0
0
0
0
0
0
0
0
0
1
0
0
0
-1
0
1
0
0
1
-1
0
-1
-1
0
0
0
0
0
0
0
0
-1
0
-1
1
0
1
1
0
0
0
0
0
0
0
0
0
0
0
0
0
0
1
0
-1
0
0
0
0
0
0
-1
0
0
-1
0
0
0
0
0
0
0
1
1
0
0
0
0
0
0
0
-1
0
0
0
0
0
0
-1
-1
0
0
0
0
0
1
0
1
-1
0
0
-1
0
0
0
1
0
0
0
0
0
0
0
1
0
1
0
0
0
-1
-1
0
0
0
0
1
0
-1
0
0
0
0
1
0
-1
0
0
0
0
0
1
0
0
0
0
0
0
0
0
0
0
1
0
0
0
0
0
0
0
0
0
0
0
0
0
-1
-1
0
0
0
0
0
0
-1
0
0
-1
0
0
0
0
0
0
0
0
0
0
0
0
0
0
0
0
0
-1
0
0
1
0
0
-1
1
0
0
0
0
0
0
0
0
0
0
-1
1
0
0
-1
0
0
0
1
0
-1
0
0
0
0
0
0
0
1
-1
0
-1
0
-1
-1
0
0
0
1
0
0
0
0
0
1
0
-1
-1
0
0
0
0
0
0
0
-1
0
-1
0
1
0
0
0
0
1
0
0
0
0
0
-1
-1
0
0
0
0
-1
0
1
0
1
0
0
0
0
-1
0
0
0
-1
0
0
0
0
0
0
0
0
-1
0
0
0
1
0
1
0
-1
0
1
0
0
-1
0
0
0
0
0
0
1
0
1
0
0
0
0
0
1
0
1
0
0
0
1
0
0
0
0
0
-1
0
0
0
0
0
0
0
0
0
-1
0
0
0
0
0
0
0
0
0
0
1
0
1
0
0
1
0
0
1
1
1
2
1
1
2
1
1
1
1
1
1
1
1
1
0
1
2
0
0
0
0
0
-1
0
-1
0
0
1
0
-1
-1
-1
-3
-2
-2
-3
-3
-4
-4
-3
-4
-5
-6
-5
-5
-5
-5
-6
-5
-4
-5
-5
-5
-5
-5
-6
-5
-4
-4
-3
-3
-3
-2
-1
-2
-1
-1
-1
0
-1
0
0
1
0
1
3
2
2
3
3
3
3
3
4
4
3
4
3
4
4
5
6
6
4
5
4
5
7
7
7
5
7
5
6
6
7
6
4
5
6
6
5
4
4
4
4
3
3
2
2
2
0
1
1
0
1
1
-1
-1
-1
-2
-2
-2
-2
-3
-3
-2
-2
-3
-4
-3
-4
-5
-3
-3
-4
-3
-4
-4
-5
-4
-4
-4
-4
-5
-5
-6
-5
-5
-4
-5
-5
-5
-6
-5
-4
-6
-6
-6
-5
-5
-4
-4
-4
-3
-3
-3
-2
-2
-2
-1
-1
-1
-1
0
0
1
1
1
1
2
2
2
2
3
4
4
4
6
6
6
9
8
9
10
12
11
13
13
14
15
16
18
17
17
18
17
18
17
18
16
16
16
15
14
14
13
13
12
10
11
10
9
9
7
7
6
6
4
3
2
0
-1
-3
-4
-6
-7
-8
-8
-9
-8
-9
-11
-9
-10
-11
-11
-14
-16
-21
-24
-29
-33
-38
-40
-43
-41
-43
-39
-39
-38
-37
-35
-35
-34
-35
-34
-35
-35
-35
-34
-32
-31
-29
-26
-23
-20
-17
-13
-11
-8
-5
-1
3
7
12
17
22
26
31
35
39
42
46
49
52
53
53
51
51
49
47
45
42
39
37
36
34
35
38
39
43
46
50
54
56
59
60
61
60
56
53
47
40
35
29
23
17
13
9
6
5
4
2
1
-1
-5
-12
-22
-35
-48
-65
-80
-98
-115
-131
-144
-154
-160
-164
-163
-160
-156
-152
-147
-142
-142
-142
-144
-151
-157
-166
-172
-173
-174
-169
-161
-149
-133
-118
-102
-85
-67
-49
-32
-17
-4
9
20
34
47
62
81
100
121
145
169
193
216
241
262
279
291
300
305
309
308
309
307
309
311
313
317
323
329
337
345
351
356
355
350
340
324
306
285
261
239
215
194
173
156
139
122
105
89
71
49
28
3
-22
-50
-78
-105
-133
-159
-184
-209
-236
-264
-294
-330
-368
-413
-466
-523
-586
-658
-735
-816
-899
-983
-1063
-1137
-1205
-1262
-1306
-1338
-1350
-1348
-1327
-1289
-1229
-1153
-1054
-937
-802
-653
-486
-311
-129
56
238
415
581
735
875
997
1103
1193
1267
1327
1373
1407
1430
1443
1443
1434
1411
1374
1325
1261
1187
1105
1014
920
826
736
653
580
514
457
406
362
319
276
231
183
134
84
36
-5
-41
-65
-76
-74
-60
-33
0
36
67
89
99
91
63
13
-54
-139
-233
-332
-431
-528
-621
-706
-783
-856
-927
-1005
-1094
-1197
-1311
-1438
-1573
-1711
-1841
-1948
-2020
-2046
-2013
-1917
-1751
-1521
-1235
-910
-562
-210
129
436
702
913
1065
1165
1216
1233
1226
1209
1189
1178
1178
1198
1228
1258
1281
1288
1271
1226
1147
1029
876
705
524
350
189
54
-50
-113
-142
-139
-115
-80
-43
-14
1
-9
-44
-101
-176
-258
-334
-399
-443
-461
-449
-406
-338
-253
-161
-71
10
75
120
139
131
104
65
22
-20
-53
-76
-79
-61
-26
24
77
132
183
223
247
251
231
196
144
84
18
-47
-106
-152
-184
-201
-206
-202
-195
-189
-186
-195
-216
-249
-292
-343
-397
-454
-503
-539
-560
-561
-544
-513
-468
-411
-349
-280
-214
-150
-92
-42
1
34
60
82
100
116
133
149
165
184
206
230
256
279
300
319
336
346
348
340
326
310
289
261
224
182
148
120
100
79
59
47
47
53
58
53
47
43
45
47
41
27
15
14
17
22
23
29
41
61
82
96
107
115
126
134
134
128
119
113
113
118
125
131
143
160
181
201
214
216
212
201
189
170
142
105
63
24
-9
-43
-75
-110
-141
-164
-184
-206
-232
-260
-285
-307
-324
-343
-360
-377
-385
-387
-383
-376
-368
-358
-347
-335
-323
-320
-325
-338
-355
-375
-394
-419
-449
-475
-494
-506
-516
-523
-526
-521
-516
-509
-504
-497
-483
-461
-428
-385
-330
-265
-189
-101
-4
96
199
297
394
489
579
653
711
755
794
827
853
869
872
871
869
866
860
849
828
804
791
778
751
716
680
633
581
530
473
402
332
276
228
187
159
144
139
146
163
175
178
179
183
185
186
183
175
162
164
188
217
241
270
294
301
298
286
244
177
99
13
-90
-198
-306
-417
-537
-666
-810
-972
-1154
-1367
-1609
-1872
-2149
-2430
-2690
-2909
-3067
-3148
-3147
-3041
-2809
-2453
-2014
-1509
-972
-433
96
606
1047
1370
1593
1747
1843
1890
1906
1889
1843
1811
1832
1892
1953
1999
2027
2028
2002
1944
1824
1614
1336
1030
717
407
102
-184
-431
-616
-722
-766
-780
-773
-749
-710
-680
-672
-702
-776
-887
-1006
-1119
-1239
-1352
-1426
-1442
-1400
-1298
-1151
-979
-782
-551
-310
-94
84
219
313
379
426
454
456
457
486
557
663
792
930
1075
1231
1397
1545
1640
1670
1661
1620
1547
1440
1306
1149
993
864
760
675
593
515
438
361
273
165
31
-138
-328
-513
-686
-849
-987
-1077
-1113
-1093
-1017
-894
-747
-580
-389
-194
-30
94
185
243
267
262
221
135
21
-86
-193
-330
-510
-724
-954
-1193
-1435
-1695
-1975
-2255
-2485
-2641
-2719
-2721
-2635
-2446
-2147
-1754
-1300
-823
-346
134
605
1008
1302
1504
1637
1717
1747
1735
1671
1574
1501
1478
1475
1464
1448
1437
1430
1421
1382
1279
1103
880
644
395
129
-146
-412
-646
-818
-916
-967
-986
-974
-929
-863
-791
-727
-701
-719
-767
-823
-885
-943
-990
-1015
-995
-910
-753
-533
-278
-10
267
551
834
1092
1296
1429
1497
1526
1536
1523
1476
1401
1325
1285
1291
1329
1376
1408
1427
1444
1461
1449
1378
1244
1070
876
671
455
241
43
-122
-246
-319
-339
-317
-266
-191
-114
-48
-5
15
3
-52
-147
-270
-419
-587
-743
-872
-984
-1093
-1204
-1323
-1467
-1619
-1770
-1957
-2205
-2501
-2818
-3130
-3413
-3629
-3762
-3845
-3838
-3655
-3279
-2750
-2134
-1484
-792
-89
636
1370
1976
2376
2626
2778
2878
2935
2902
2764
2559
2384
2304
2303
2315
2275
2196
2142
2111
2065
1948
1715
1392
1028
676
344
-26
-440
-819
-1114
-1315
-1410
-1438
-1461
-1469
-1408
-1296
-1209
-1170
-1168
-1197
-1237
-1274
-1322
-1398
-1470
-1472
-1391
-1251
-1065
-834
-565
-250
121
502
811
1031
1221
1414
1588
1707
1754
1741
1713
1714
1742
1753
1722
1674
1650
1665
1687
1662
1558
1394
1220
1056
871
642
376
105
-136
-320
-454
-570
-661
-693
-662
-594
-504
-396
-270
-136
-17
59
91
102
106
97
64
-1
-95
-193
-275
-349
-443
-566
-702
-859
-1039
-1241
-1481
-1792
-2166
-2548
-2904
-3238
-3549
-3791
-3932
-3974
-3903
-3676
-3263
-2701
-2058
-1387
-701
8
739
1434
1987
2336
2526
2664
2791
2850
2793
2633
2444
2304
2259
2289
2314
2266
2174
2114
2097
2042
1873
1568
1161
733
351
-6
-410
-861
-1269
-1562
-1740
-1832
-1876
-1892
-1871
-1792
-1668
-1539
-1441
-1392
-1389
-1390
-1362
-1311
-1271
-1234
-1161
-1021
-798
-512
-211
85
413
810
1229
1588
1858
2067
2235
2362
2441
2450
2374
2247
2137
2059
1979
1887
1794
1712
1650
1601
1527
1393
1201
989
775
533
245
-61
-328
-534
-686
-797
-866
-866
-782
-635
-470
-315
-165
-23
98
180
212
184
100
-21
-157
-303
-474
-675
-876
-1042
-1170
-1290
-1421
-1567
-1725
-1881
-2041
-2252
-2550
-2883
-3184
-3462
-3736
-3941
-4022
-4027
-3964
-3718
-3209
-2518
-1764
-983
-182
632
1478
2306
2937
3253
3382
3508
3612
3572
3379
3114
2831
2599
2505
2525
2520
2415
2287
2226
2205
2127
1909
1512
987
485
89
-303
-808
-1367
-1823
-2106
-2252
-2309
-2329
-2332
-2259
-2068
-1821
-1611
-1470
-1390
-1360
-1325
-1259
-1206
-1218
-1255
-1224
-1072
-835
-589
-335
-19
378
832
1302
1710
2022
2284
2507
2625
2625
2562
2455
2294
2115
1963
1836
1725
1621
1524
1457
1404
1304
1132
921
697
442
147
-163
-449
-670
-800
-836
-797
-693
-513
-262
5
229
412
586
724
749
681
606
522
349
101
-136
-360
-606
-847
-1039
-1193
-1342
-1514
-1702
-1892
-2074
-2244
-2452
-2768
-3174
-3530
-3784
-4048
-4375
-4613
-4654
-4566
-4393
-4015
-3347
-2498
-1584
-641
300
1236
2208
3122
3728
3941
3990
4096
4180
4052
3702
3289
2942
2728
2677
2706
2670
2526
2374
2301
2255
2122
1812
1275
578
-71
-570
-1070
-1719
-2415
-2933
-3184
-3249
-3254
-3241
-3134
-2866
-2488
-2093
-1725
-1407
-1168
-1000
-864
-738
-642
-610
-613
-552
-350
-44
272
582
959
1433
1952
2425
2773
2998
3167
3277
3250
3085
2851
2567
2245
1940
1673
1422
1202
1034
899
773
642
492
323
150
-9
-147
-293
-462
-588
-599
-518
-407
-276
-113
109
401
685
890
1034
1121
1082
966
884
785
534
169
-182
-507
-875
-1297
-1700
-2033
-2302
-2501
-2659
-2838
-3039
-3155
-3234
-3464
-3827
-4091
-4264
-4554
-4890
-5022
-4897
-4773
-4648
-4228
-3390
-2268
-1129
-15
1032
2093
3304
4456
5165
5264
5240
5389
5491
5246
4698
4149
3653
3271
3025
2933
2807
2541
2295
2135
2060
1865
1470
776
-130
-884
-1405
-1935
-2731
-3580
-4153
-4390
-4448
-4378
-4171
-3854
-3380
-2813
-2187
-1624
-1161
-771
-503
-283
-99
41
84
23
34
240
591
918
1192
1552
2089
2687
3170
3467
3626
3700
3682
3527
3216
2764
2239
1730
1292
931
632
364
128
-22
-32
50
82
-8
-127
-143
-82
-100
-229
-336
-324
-209
-43
138
306
498
745
1032
1316
1503
1502
1373
1272
1173
913
480
-12
-489
-927
-1322
-1702
-2089
-2467
-2772
-2943
-3050
-3219
-3434
-3626
-3892
-4262
-4541
-4750
-5178
-5771
-6075
-5924
-5670
-5517
-5152
-4250
-2891
-1367
137
1541
2825
4149
5626
6772
7093
6920
6788
6665
6239
5459
4608
3808
3049
2577
2466
2370
2091
1772
1562
1444
1324
1014
250
-904
-2000
-2753
-3326
-4115
-5102
-5782
-5939
-5711
-5238
-4692
-4070
-3257
-2263
-1192
-238
519
1077
1406
1610
1770
1844
1793
1535
1279
1314
1558
1853
2100
2313
2711
3228
3650
3889
3828
3554
3186
2690
2117
1398
552
-192
-756
-1077
-1199
-1294
-1287
-1110
-795
-327
114
428
685
886
1062
1193
1189
1095
1031
1085
1267
1461
1543
1539
1551
1635
1706
1641
1439
1173
861
452
-77
-646
-1233
-1921
-2547
-2886
-3079
-3362
-3777
-4092
-4153
-4163
-4171
-4275
-4718
-5154
-5348
-5647
-6256
-6997
-7153
-6515
-5981
-5679
-4874
-3354
-1274
963
2985
4698
6160
7847
9540
10139
9590
8853
8326
7599
6256
4739
3603
2461
1185
443
447
556
323
-89
-475
-660
-804
-1201
-2294
-3812
-4849
-5399
-5833
-6598
-7266
-7141
-6416
-5417
-4319
-2940
-1407
17
1268
2552
3727
4447
4733
4522
4222
3945
3592
2995
2061
1479
1453
1716
1884
1789
1754
1995
2381
2488
2136
1517
876
236
-440
-1121
-1769
-2314
-2665
-2664
-2241
-1544
-822
-162
563
1457
2377
3031
3281
3265
3255
3293
3172
2797
2344
2043
1897
1820
1739
1566
1308
952
436
-97
-558
-1084
-1770
-2494
-2894
-3054
-3422
-3860
-4123
-4203
-3978
-3695
-3596
-3589
-3645
-3563
-3497
-4064
-4930
-5354
-5611
-6392
-7550
-8042
-7397
-6441
-5723
-4620
-2459
587
3720
6306
8283
9894
11448
12796
12825
11226
9347
7908
6297
4082
1733
12
-1234
-2362
-2872
-2595
-1989
-1578
-1783
-2178
-2194
-2073
-2396
-3712
-5558
-6645
-6713
-6417
-6421
-6572
-5752
-3721
-1378
758
2683
4632
6420
7490
7911
7948
7475
6351
4657
2798
1328
318
-686
-1887
-2612
-2310
-1496
-943
-865
-782
-180
472
526
101
-469
-912
-1213
-1530
-1661
-1414
-805
74
1090
2361
3804
5034
5799
6021
6117
6274
5813
4554
3116
2063
1468
690
-421
-1073
-1126
-1143
-1426
-1836
-2045
-2121
-2318
-2582
-2776
-2808
-2854
-3052
-3026
-2563
-1870
-1237
-1005
-1032
-789
-297
-85
-535
-1479
-2160
-2417
-3208
-4854
-6388
-7151
-7867
-9546
-11190
-10887
-9145
-7648
-6518
-4618
-901
3962
8032
10592
12295
13833
14967
14671
12761
10016
7378
5291
2985
264
-1811
-3035
-3915
-4512
-4417
-3419
-2426
-2318
-2781
-3217
-3273
-3395
-4556
-6485
-7798
-7569
-6117
-4682
-3624
-1917
941
4180
6933
8878
10186
10895
10625
9426
7752
5735
3312
448
-2454
-4354
-4931
-5083
-5559
-5867
-4989
-3181
-1738
-1257
-1300
-1035
-411
-254
-620
-943
-892
-223
837
2016
3469
4971
6225
7357
8367
8999
8865
7808
6175
4497
3070
1600
-391
-2524
-3901
-4322
-4374
-4538
-4600
-4133
-3232
-2438
-2097
-1972
-1714
-1384
-1093
-781
-252
469
979
1294
1712
2171
2350
1799
675
-260
-1027
-2050
-3470
-5160
-6391
-7176
-8346
-9620
-10523
-11630
-13273
-14451
-13635
-11009
-8206
-5807
-2850
2050
8489
13696
16028
16351
16043
15849
15163
12797
8994
5148
2012
-785
-3501
-5555
-6672
-7315
-7514
-6842
-5439
-4201
-3935
-4548
-5066
-4676
-3850
-3830
-4732
-5142
-3835
-1112
1771
4097
6272
8792
11239
12702
12774
11658
9643
6870
3580
324
-2554
-5211
-7745
-9593
-9993
-8989
-7484
-6311
-5391
-3893
-1763
-101
461
388
530
1223
2092
2948
3851
4826
6096
7410
8360
9119
9214
8124
6550
5035
3353
1243
-1387
-3957
-5513
-5846
-5613
-5488
-5353
-4602
-3123
-1555
-549
-91
343
957
1445
1681
1868
2188
2719
3262
3786
4312
4295
3589
2427
954
-525
-2402
-4862
-7018
-8605
-9425
-9487
-9715
-9742
-9261
-8992
-8335
-7280
-7404
-9188
-10814
-9580
-5819
-2340
-69
2584
7933
14613
18059
17868
16517
15059
14092
12262
7956
2534
-2411
-6337
-9266
-11369
-11876
-11041
-10199
-9051
-6746
-3633
-1004
-74
-608
-1173
-681
482
893
349
413
2340
5650
8705
10457
11207
11530
11277
9882
7159
3388
-1031
-5537
-9316
-11680
-12648
-12823
-12427
-10819
-7533
-3388
42
1960
3020
4277
5625
6014
5228
4323
4244
4992
5987
6610
6769
6803
6589
5727
4383
2689
139
-3091
-5608
-6643
-6862
-6974
-6804
-5793
-3681
-877
1682
3255
3855
4039
4237
4227
3604
2497
1579
1344
1676
2271
2808
2891
2480
1950
1472
617
-1206
-3839
-6544
-8438
-9147
-9483
-9983
-9963
-8796
-6519
-4097
-2473
-1472
-1319
-1811
-1869
-2975
-6380
-9031
-8250
-4629
-298
2599
5454
10957
16213
17462
16199
14026
10874
7357
3056
-2394
-7419
-10783
-12465
-12600
-11055
-7873
-4285
-1741
-169
1471
3386
4217
2748
-130
-2150
-1973
-415
937
1971
3869
7055
10291
11856
11164
8776
5336
1192
-3202
-7189
-10357
-12630
-13687
-12795
-9689
-5361
-1438
1381
3703
6075
7767
7537
5409
2962
1661
1461
1449
1370
1821
3135
4754
5884
6163
5475
3714
1097
-1627
-3756
-5256
-6430
-7081
-6446
-4096
-741
2162
3685
4233
4772
5391
5165
3567
1431
59
-191
104
409
719
1038
1217
1320
1407
1142
-45
-2025
-3595
-3861
-3527
-3914
-4950
-5119
-3866
-2376
-1811
-2246
-2649
-2342
-2098
-2383
-2842
-3167
-3328
-4083
-5094
-5102
-5982
-9360
-11809
-9942
-4635
673
3113
4862
9891
15614
17412
15623
11937
8228
6155
3468
-1783
-6994
-9455
-9686
-9191
-7746
-5013
-2416
-1170
-1192
-920
700
1590
259
-2163
-3342
-553
4171
6048
5820
6414
8311
10325
9699
5911
1571
-2163
-5533
-8316
-9990
-10262
-9684
-8555
-6222
-2411
1697
3979
3854
3260
3881
4982
4693
2814
1424
2148
4085
5204
4936
4379
4262
3944
2665
756
-988
-2434
-3824
-4668
-4094
-2401
-1080
-741
-143
1765
3776
3811
1949
481
808
1802
1835
1107
997
1987
3194
3713
3418
2540
1135
-573
-1930
-2550
-2733
-3012
-3412
-3281
-2203
-1001
-930
-2020
-3100
-3593
-3968
-4489
-5215
-5790
-5335
-3992
-2713
-1978
-1763
-2061
-3169
-4579
-6580
-10598
-13934
-12351
-6168
1265
6277
9688
14701
18396
18113
15464
10218
4350
751
-2814
-7296
-10398
-11065
-9661
-7368
-4328
-516
2243
2804
1518
-399
-962
-208
-447
-2003
-1890
1907
7147
10293
10432
9105
7959
6642
3547
-1390
-6406
-9974
-11728
-11750
-10047
-7026
-3854
-1554
242
2562
4930
5438
3521
1324
1256
3002
4249
4040
3868
5053
6605
6567
4542
1809
-564
-2513
-4057
-4622
-3992
-2948
-2156
-1076
1035
3377
4112
2803
1055
420
601
396
-347
-632
301
2121
3742
4379
4068
3250
2218
732
-1305
-3202
-4250
-4199
-3211
-1416
954
2491
2280
1019
-464
-1508
-2556
-4501
-6007
-5959
-4921
-3313
-2305
-1855
-983
-369
-454
-1195
-2586
-4483
-6577
-8508
-9831
-11668
-14306
-13015
-5713
3929
10958
13295
14927
16993
16845
14290
8413
1358
-2799
-4824
-6890
-8856
-8994
-7181
-4518
-1654
625
1389
300
-1435
-2585
-2326
-186
2479
3831
4419
6486
10020
12083
10698
6642
2000
-1423
-4101
-7239
-10138
-11753
-11196
-8267
-4862
-2464
-1101
-585
-50
1031
2146
2902
3207
3482
4584
6511
8164
8251
6558
4247
2375
882
-1001
-3461
-5385
-5496
-3772
-1379
500
1504
1910
2083
2191
2092
1494
439
-382
-192
936
2071
2520
2530
2722
3098
2911
1589
-464
-2071
-2320
-1326
14
876
1108
1051
1002
886
325
-880
-2336
-3274
-3337
-2760
-1993
-1447
-1407
-1667
-1559
-1147
-1465
-2984
-4369
-4337
-3286
-2751
-3167
-3138
-3046
-3968
-5667
-7622
-10511
-14411
-14461
-7580
2787
10674
13171
14511
16710
16945
14070
7306
-524
-5121
-7219
-9007
-10351
-9291
-5902
-2295
675
3322
4692
2921
-614
-2586
-1758
810
3352
5025
6636
9105
11253
10706
6748
1062
-4325
-8126
-9780
-9946
-9867
-9591
-7817
-4248
-730
980
1057
625
485
1145
2469
3548
4182
5318
7258
8828
8872
7192
3953
-109
-3541
-5411
-6040
-6187
-5665
-3558
31
3733
5857
5491
3801
2328
996
-203
-873
-1151
-527
1176
2776
3815
4251
3432
1871
536
-797
-2000
-2625
-2636
-1617
266
1817
2447
2156
1078
-223
-1289
-2086
-2543
-2502
-1996
-988
531
1606
1152
-299
-1642
-2705
-3569
-4239
-4832
-5000
-4018
-2299
-1254
-1281
-1905
-3172
-5228
-7436
-8894
-10495
-13788
-15664
-10378
1223
11158
14247
13958
15236
16403
13346
5854
-2304
-6371
-6317
-6352
-6820
-4766
-791
1717
1583
828
947
550
-1756
-4192
-3269
1599
6759
9022
9214
9321
8858
6283
2073
-2208
-6187
-9549
-10726
-8952
-5794
-3394
-2450
-2311
-1891
-762
114
-241
-938
-222
2243
5252
7478
8155
7341
5787
4111
2271
-19
-2644
-4828
-5459
-4150
-1858
24
1030
1736
2541
2948
2361
1225
600
865
1579
2409
3317
3936
3623
2351
905
-30
-536
-937
-1125
-824
-91
724
1291
1370
908
102
-666
-1178
-1413
-1303
-712
235
1094
1540
1515
1204
701
34
-913
-2163
-3079
-3199
-2778
-2450
-2198
-1837
-1710
-2426
-3710
-4872
-5918
-6077
-5944
-6075
-6123
-6440
-8093
-12497
-14650
-8939
1534
9295
11524
13132
16118
16495
11868
4323
-1978
-4035
-3095
-3617
-5420
-4624
-1248
1094
596
-638
-552
-460
-1914
-3164
-1505
2983
7165
8985
9665
9924
8233
3969
-836
-4004
-5722
-7209
-8158
-7258
-4667
-2283
-1657
-2464
-3254
-3204
-2604
-1947
-1082
708
3498
6330
8246
8711
7597
5048
1691
-878
-1983
-2631
-3258
-3545
-2770
-868
463
1013
1986
2861
3047
2533
1726
2187
3405
3462
2779
2098
1366
838
91
-769
-665
-136
-150
-96
395
710
327
-824
-1705
-1234
-160
294
288
599
1509
2423
2280
837
-902
-1892
-2031
-1482
-526
-41
-283
-400
-248
-838
-2332
-3788
-4469
-4471
-4463
-4471
-4128
-3587
-3452
-3711
-4373
-5697
-7525
-9568
-12241
-15651
-14998
-6747
5029
12851
13846
13764
15098
14066
8031
-602
-4893
-3031
-389
-1009
-2088
-348
1896
1149
-2140
-4294
-4479
-4516
-3890
-649
4499
8403
9628
9656
9498
7468
2535
-2789
-5145
-4562
-3738
-3929
-4234
-3765
-2873
-2640
-3692
-5432
-6534
-6047
-3687
232
4417
7276
8362
8229
7147
5101
2469
-167
-2109
-2431
-1084
244
181
-441
-499
-652
-1414
-1379
361
2340
3241
3874
5040
5819
5290
4001
2714
1301
-425
-1641
-1152
735
2036
1592
396
-546
-1629
-2964
-3485
-2501
-636
1043
2119
2785
3096
2778
1810
291
-1742
-3396
-3298
-1499
696
2493
3395
2826
1049
-1014
-3090
-4887
-5801
-5760
-4812
-3283
-1998
-1709
-2293
-3364
-4385
-5194
-6381
-8178
-9790
-10671
-13202
-15700
-11860
-867
10115
13375
12472
13865
15402
12071
3717
-2862
-2657
1040
1705
-1087
-2569
-1450
-695
-2413
-4326
-4046
-2916
-2107
-1
4371
8598
9850
8525
7013
5772
3268
-704
-3896
-4388
-3173
-2465
-2909
-3723
-4483
-5415
-6148
-5781
-4498
-3441
-2410
160
3957
6202
5779
4636
4331
4327
3618
2407
1833
2491
3378
2583
-130
-2882
-4627
-5529
-5266
-3263
507
4175
5659
6203
7133
6794
4243
1007
-475
544
1763
1687
1561
2067
2258
1277
-538
-2220
-3380
-3841
-3127
-1339
707
2270
3137
3186
2090
253
-1225
-1799
-1939
-1696
-485
1480
2886
2903
2178
1066
-792
-3243
-4625
-3919
-2267
-1451
-1711
-1497
-1295
-2056
-3877
-5343
-5476
-5305
-4288
-3581
-4050
-5514
-6925
-8529
-13357
-16703
-11819
212
10669
12987
12806
14790
15067
9471
43
-5070
-2717
1458
2329
1155
1104
847
-1641
-4777
-6017
-5229
-4145
-2388
1768
7491
11140
10379
6978
4062
2141
-271
-2991
-4082
-2758
-527
441
-513
-2349
-4084
-5546
-6358
-6309
-5975
-4938
-1639
3095
5954
5916
5110
4748
3900
2189
686
289
759
1400
1728
1265
-399
-2648
-3873
-3195
-1285
858
2950
4908
6190
6123
4603
2352
488
-181
302
1149
1608
1581
1360
946
65
-1239
-2417
-2909
-2529
-1445
-65
1063
1653
1838
1695
985
-84
-546
193
1350
1752
1413
1088
750
-158
-1171
-1347
-1062
-1413
-2154
-2003
-736
379
48
-1528
-3063
-3739
-3981
-4439
-4538
-3779
-2773
-2366
-2572
-3560
-5450
-7631
-9668
-11970
-14705
-13591
-5384
6109
13670
14284
13118
12754
10265
3732
-3596
-5298
-1098
4049
5567
3211
262
-1718
-3525
-5707
-6764
-5361
-2097
1775
5780
9158
10067
7661
3446
96
-1288
-1594
-1533
-572
1474
3099
2522
-356
-3987
-6707
-7672
-6969
-5345
-3651
-2199
-653
1115
2366
2323
1302
530
946
2279
3322
3353
3050
3343
3845
3231
998
-1623
-2826
-2345
-1338
-76
2025
4122
4606
3542
1890
-27
-1554
-1527
54
2038
3426
3800
3392
2670
1437
-539
-2390
-2990
-2189
-607
906
1726
1801
1294
437
-37
233
365
-137
-306
325
662
-40
-1127
-1736
-1605
-839
268
1219
1453
932
277
-233
-1038
-2171
-3039
-3380
-3266
-2764
-2321
-2378
-2767
-3269
-3846
-4503
-5724
-7462
-8301
-8475
-10429
-12743
-9564
-151
8491
11619
11813
12049
10848
6447
780
-2780
-2736
485
4858
6554
3090
-2733
-5920
-5678
-4750
-4066
-2263
961
4185
6106
6633
6284
5062
2869
943
885
2204
2995
2682
2151
1714
479
-2392
-6249
-8941
-8775
-6408
-4130
-3293
-3038
-2002
-532
126
86
377
1196
2522
4759
7222
8044
6680
4461
2411
338
-2011
-4067
-4748
-3464
-893
1424
2366
2021
1403
1336
1611
1548
1240
1579
2994
4687
5308
4269
2256
471
-531
-1086
-1626
-1882
-1255
175
1351
1263
49
-1247
-1776
-1499
-815
-66
507
687
362
-174
-467
-385
-231
-93
182
613
923
695
303
293
509
42
-1175
-2508
-3265
-3035
-2338
-1783
-2286
-2908
-3452
-4243
-4939
-6110
-6503
-6273
-6213
-8385
-11836
-10706
-3865
4885
9754
10449
9910
8810
6756
2299
-2397
-3282
1124
6669
7481
3390
-1764
-4899
-5707
-4970
-3508
-1659
396
2218
3871
5604
6880
6485
4463
2463
1814
2207
2424
2067
1779
1797
1052
-1568
-5561
-8792
-9290
-7177
-4452
-2750
-1922
-1182
-557
-419
-315
517
1814
2727
3323
4257
5047
4477
2687
1051
-4
-1210
-2595
-3190
-2505
-918
1128
3132
4140
3595
2340
1696
1859
1997
1796
1940
2832
3620
3098
1166
-1070
-2489
-2764
-2198
-1268
-292
674
1493
1705
1123
376
144
208
-14
-437
-534
-218
130
233
188
216
279
92
-427
-912
-865
-225
468
619
291
-4
-175
-549
-1063
-1241
-1072
-1074
-1452
-2036
-2840
-3871
-4810
-5537
-6244
-6692
-6637
-7009
-8746
-10264
-8354
-2431
4086
7713
8373
7785
6384
3587
-89
-2527
-1588
2570
6547
6458
2300
-2061
-3602
-2886
-1753
-728
483
1810
3072
4343
5546
6261
6041
4793
3009
1471
523
-65
-391
-182
451
550
-953
-3854
-6323
-6468
-4488
-2480
-1989
-2480
-2626
-2207
-1783
-1455
-917
-188
635
1642
2641
3033
2565
1947
1474
941
376
75
370
979
2015
3265
3677
2763
1173
308
499
1133
1651
1665
1297
1015
903
425
-438
-867
-447
324
887
1141
1267
1525
1707
1275
342
-387
-704
-985
-1227
-1044
-507
-290
-760
-1436
-1664
-1501
-1351
-1171
-734
-153
346
814
1416
2095
2485
2227
1449
639
-15
-699
-1363
-1616
-1370
-1104
-1323
-2007
-2667
-2915
-2915
-3129
-3570
-3734
-3509
-3598
-4434
-5248
-4980
-3675
-2135
-734
547
1452
1530
592
-1029
-2327
-2050
44
2509
3476
2771
2102
2695
3663
3580
2590
1798
1651
1930
2379
2693
2665
2466
2237
1661
476
-883
-1616
-1431
-643
326
1153
1479
1084
294
-289
-557
-853
-1316
-1552
-1178
-601
-489
-838
-1123
-953
-633
-638
-744
-775
-911
-773
-18
842
1140
836
450
228
-8
-31
523
1364
1951
2101
1860
1198
269
-397
-501
-345
-274
-163
267
899
1296
1314
1196
1094
900
697
937
1698
2306
2196
1654
1193
810
375
123
279
638
906
1043
1003
579
-165
-698
-699
-537
-687
-1037
-1145
-838
-297
136
135
-377
-1053
-1370
-1212
-1052
-1309
-1689
-1633
-1157
-721
-485
-423
-734
-1446
-2123
-2692
-3700
-5135
-6202
-6683
-6977
-6683
-4914
-2074
256
1117
777
-87
-819
-736
450
1992
2689
2357
2058
2586
3482
3876
3642
3230
2891
2523
2028
1512
1211
1243
1386
1265
735
-38
-698
-827
-225
846
1898
2573
2730
2430
1888
1205
328
-557
-1040
-1067
-991
-920
-623
-187
-93
-480
-958
-1225
-1417
-1673
-1755
-1405
-878
-581
-394
-38
198
4
-236
-120
39
-60
-76
258
609
717
796
977
1046
902
735
769
1036
1287
1242
1003
887
958
1173
1616
2165
2429
2255
1846
1404
981
645
587
907
1287
1327
1110
942
827
723
669
412
-292
-1072
-1441
-1532
-1700
-1896
-1914
-1838
-1938
-2252
-2444
-2126
-1370
-711
-604
-1026
-1621
-2107
-2489
-2888
-3184
-3022
-2451
-2129
-2482
-3088
-3510
-4019
-4668
-4552
-3054
-1151
-290
-643
-1210
-1047
141
1906
3240
3442
2940
2718
3020
3223
2925
2454
2164
1868
1361
924
898
1180
1565
2085
2558
2418
1547
640
334
591
1109
1663
1970
1778
1181
533
33
-378
-781
-1017
-861
-438
-209
-447
-934
-1293
-1453
-1639
-1960
-2266
-2359
-2172
-1669
-891
-153
126
-116
-454
-428
-21
439
786
1148
1509
1574
1196
669
451
701
1097
1220
1065
913
839
800
876
1020
997
833
784
933
1163
1403
1616
1788
1956
2120
2190
2134
2034
1931
1690
1163
504
69
-63
-184
-525
-1024
-1600
-2260
-2821
-2935
-2575
-2161
-2056
-2205
-2242
-1922
-1458
-1244
-1211
-924
-384
-62
-126
-349
-681
-1251
-1964
-2563
-3017
-3452
-3804
-3952
-4085
-4277
-3905
-2439
-597
326
9
-818
-1342
-1056
142
1657
2526
2394
1847
1590
1684
1803
1860
1984
2152
2294
2464
2649
2721
2687
2664
2528
2017
1168
400
117
326
757
1147
1295
1063
577
211
67
-131
-514
-810
-790
-607
-570
-721
-823
-742
-673
-888
-1367
-1728
-1552
-891
-299
-156
-329
-616
-955
-1089
-742
-141
251
438
730
1147
1418
1373
1021
478
-42
-330
-374
-228
187
971
1929
2573
2530
1942
1281
875
831
1178
1717
2059
2102
2071
2040
1871
1517
1047
601
342
248
73
-295
-683
-951
-1169
-1484
-1935
-2370
-2476
-2021
-1133
-280
113
-6
-350
-636
-803
-970
-1204
-1395
-1418
-1361
-1451
-1667
-1688
-1384
-1115
-1238
-1588
-1825
-2103
-2720
-3367
-3563
-3589
-3838
-3740
-2567
-906
-2
-124
-585
-810
-557
292
1443
2193
2266
2198
2501
2965
3062
2643
2002
1476
1246
1371
1739
2037
2130
2163
2106
1684
941
247
-157
-109
534
1428
1830
1498
907
529
342
61
-416
-834
-886
-595
-285
-266
-624
-1169
-1561
-1647
-1610
-1596
-1429
-942
-351
10
43
-167
-470
-645
-576
-413
-321
-191
115
468
613
467
172
9
216
717
1198
1413
1354
1177
1106
1159
1109
944
982
1387
1925
2272
2238
1852
1384
1066
872
712
594
519
486
555
650
562
319
216
299
226
-232
-852
-1283
-1434
-1411
-1296
-1138
-1028
-1083
-1291
-1479
-1495
-1387
-1312
-1335
-1394
-1407
-1326
-1200
-1136
-1172
-1287
-1552
-1927
-2118
-2046
-2068
-2342
-2611
-2868
-3317
-3600
-3044
-1719
-450
165
203
65
92
430
956
1318
1290
1088
1164
1623
2082
2164
1904
1628
1599
1860
2232
2447
2450
2478
2637
2641
2201
1450
724
236
76
236
469
473
247
15
-132
-286
-567
-910
-1033
-774
-345
-80
-110
-351
-587
-661
-738
-1049
-1421
-1485
-1192
-773
-430
-308
-531
-1034
-1461
-1393
-782
-76
343
557
755
812
593
352
398
637
778
758
729
837
1135
1552
1862
1879
1658
1434
1376
1505
1729
1943
2090
2149
2094
1902
1569
1124
645
279
144
195
235
71
-316
-771
-1146
-1444
-1683
-1748
-1599
-1396
-1278
-1247
-1306
-1390
-1385
-1317
-1339
-1402
-1362
-1237
-1084
-828
-521
-439
-632
-853
-1023
-1311
-1652
-1775
-1757
-1946
-2358
-2668
-2806
-3026
-3251
-2924
-1860
-730
-266
-397
-563
-390
195
1033
1732
1983
1914
1919
2174
2479
2547
2362
2173
2209
2434
2567
2304
1654
991
664
614
535
308
134
277
742
1282
1598
1511
1075
592
306
109
-166
-339
-180
113
150
-150
-609
-1064
-1416
-1583
-1559
-1493
-1552
-1686
-1699
-1488
-1130
-789
-618
-603
-566
-419
-280
-201
-73
122
258
287
318
428
613
803
905
863
745
730
935
1299
1621
1754
1744
1720
1718
1731
1775
1788
1682
1508
1377
1237
1006
729
458
214
57
-23
-130
-264
-327
-326
-365
-523
-773
-1007
-1139
-1204
-1245
-1196
-1014
-808
-703
-650
-560
-516
-657
-884
-934
-796
-717
-765
-782
-743
-748
-729
-642
-754
-1243
-1762
-1893
-1797
-1887
-2241
-2687
-3100
-3284
-2933
-2024
-991
-343
-220
-343
-302
62
573
979
1203
1301
1366
1450
1491
1413
1340
1483
1790
2011
2059
2006
1871
1678
1562
1555
1487
1287
1115
1087
1116
1123
1103
975
658
310
118
-7
-255
-533
-651
-674
-784
-975
-1140
-1275
-1397
-1421
-1298
-1122
-1015
-1000
-1000
-927
-746
-527
-361
-247
-140
-46
29
152
363
566
601
427
207
166
329
522
681
908
1180
1329
1304
1187
1065
1040
1132
1219
1245
1295
1385
1417
1396
1347
1172
818
476
354
412
453
394
269
72
-233
-593
-851
-876
-703
-520
-489
-589
-709
-821
-934
-1008
-1030
-1005
-882
-658
-497
-545
-762
-936
-865
-558
-294
-300
-482
-612
-614
-594
-712
-1023
-1367
-1566
-1690
-1933
-2299
-2651
-2900
-2910
-2493
-1737
-1056
-719
-649
-657
-591
-276
313
922
1265
1323
1328
1477
1702
1825
1833
1841
1852
1812
1782
1852
1980
2016
1856
1518
1076
590
195
86
280
516
560
467
389
327
221
71
-120
-359
-538
-533
-428
-419
-529
-637
-719
-811
-883
-926
-977
-968
-788
-537
-459
-644
-940
-1107
-1009
-721
-409
-135
156
470
730
845
769
580
476
562
724
838
969
1213
1490
1628
1544
1286
1000
826
780
811
900
1019
1112
1121
1007
797
626
556
496
403
363
369
293
94
-192
-535
-840
-968
-925
-855
-786
-654
-513
-496
-619
-794
-905
-871
-767
-734
-746
-666
-534
-483
-496
-511
-573
-727
-878
-900
-847
-917
-1161
-1440
-1698
-2041
-2431
-2667
-2679
-2550
-2248
-1673
-964
-476
-390
-511
-511
-210
356
998
1453
1579
1504
1436
1377
1221
1013
905
933
1040
1246
1580
1866
1851
1560
1251
1002
721
502
561
874
1202
1361
1326
1159
941
708
434
94
-282
-573
-631
-482
-380
-531
-838
-1101
-1288
-1467
-1586
-1530
-1280
-928
-605
-422
-437
-605
-784
-790
-561
-216
147
538
899
1045
888
566
301
232
335
458
517
612
837
1091
1207
1171
1111
1105
1115
1131
1198
1283
1264
1116
951
815
600
293
93
135
299
403
409
369
273
64
-252
-565
-789
-950
-1072
-1060
-849
-583
-481
-571
-693
-729
-728
-749
-724
-565
-344
-212
-177
-130
-74
-157
-423
-705
-817
-783
-760
-815
-901
-1021
-1275
-1695
-2145
-2439
-2522
-2432
-2168
-1716
-1204
-860
-787
-829
-759
-473
-27
440
786
946
992
1036
1090
1070
939
813
852
1099
1455
1787
1992
2024
1928
1781
1579
1289
983
776
707
764
901
1007
936
672
310
-71
-437
-725
-865
-863
-771
-637
-514
-488
-635
-894
-1071
-1053
-938
-842
-747
-634
-564
-547
-527
-520
-547
-499
-259
121
463
613
586
509
498
565
652
709
741
840
1076
1373
1545
1501
1304
1094
991
1026
1089
1032
872
749
708
653
542
416
291
148
22
-46
-82
-129
-172
-156
-61
24
-25
-230
-464
-600
-602
-487
-316
-206
-238
-357
-458
-528
-619
-733
-828
-872
-865
-803
-702
-650
-727
-882
-1013
-1097
-1129
-1084
-983
-916
-968
-1166
-1482
-1855
-2208
-2450
-2455
-2133
-1551
-927
-480
-289
-254
-194
3
296
555
722
869
1088
1341
1488
1460
1340
1271
1298
1381
1474
1567
1641
1645
1523
1287
1030
826
696
680
776
860
821
688
550
424
270
45
-263
-568
-722
-668
-502
-396
-461
-683
-968
-1217
-1364
-1358
-1205
-969
-733
-554
-446
-398
-385
-364
-284
-121
96
313
495
624
728
851
974
1021
965
879
856
892
923
929
949
959
875
702
566
535
554
574
633
753
860
871
791
677
559
461
388
322
238
162
132
127
68
-77
-264
-460
-658
-797
-779
-629
-507
-513
-574
-581
-550
-546
-554
-516
-445
-402
-414
-460
-527
-619
-749
-934
-1163
-1373
-1494
-1503
-1452
-1426
-1486
-1614
-1761
-1888
-1960
-1920
-1709
-1341
-923
-606
-443
-373
-283
-81
224
527
720
810
883
973
1038
1041
1009
1015
1103
1245
1368
1431
1433
1404
1376
1352
1287
1154
986
870
840
839
800
703
567
412
265
137
6
-164
-362
-530
-632
-698
-775
-879
-997
-1109
-1171
-1110
-899
-594
-309
-123
-63
-97
-132
-83
52
186
258
293
339
380
395
428
511
590
589
546
566
705
917
1080
1125
1083
1038
1045
1099
1155
1163
1107
999
839
644
453
298
175
58
-93
-239
-280
-199
-111
-92
-107
-108
-104
-120
-159
-221
-319
-472
-641
-736
-734
-716
-758
-853
-958
-1035
-1050
-975
-840
-745
-772
-910
-1048
-1084
-1020
-944
-942
-1049
-1250
-1493
-1670
-1728
-1724
-1729
-1709
-1586
-1352
-1079
-829
-632
-467
-277
-19
252
457
599
749
931
1104
1247
1366
1442
1460
1451
1463
1509
1556
1586
1587
1534
1419
1285
1172
1078
971
878
831
756
535
194
-96
-229
-279
-373
-526
-651
-701
-711
-744
-812
-878
-924
-946
-940
-876
-730
-531
-381
-358
-419
-455
-407
-306
-192
-68
81
252
413
537
616
648
661
711
812
924
1006
1070
1150
1237
1272
1217
1090
945
833
773
759
764
764
734
675
600
526
453
373
305
276
259
203
67
-108
-247
-316
-363
-437
-542
-639
-687
-668
-649
-699
-794
-820
-741
-655
-658
-732
-787
-791
-791
-824
-889
-966
-1048
-1140
-1228
-1306
-1385
-1492
-1622
-1720
-1747
-1739
-1764
-1778
-1653
-1357
-1006
-751
-632
-569
-441
-189
126
387
557
695
860
1030
1139
1165
1169
1206
1302
1444
1586
1678
1709
1690
1613
1459
1277
1135
1042
967
904
858
797
671
490
317
176
48
-68
-135
-145
-158
-220
-343
-497
-627
-689
-681
-655
-674
-720
-705
-572
-407
-332
-357
-376
-310
-160
16
173
304
417
520
598
612
541
428
369
412
517
619
681
713
733
769
836
929
1003
1040
1050
1035
976
861
728
629
562
493
396
293
207
152
107
13
-154
-331
-428
-415
-370
-391
-516
-671
-748
-740
-748
-849
-1021
-1178
-1280
-1321
-1309
-1264
-1245
-1313
-1464
-1635
-1746
-1774
-1758
-1748
-1767
-1806
-1850
-1905
-1949
-1912
-1716
-1388
-1057
-824
-665
-477
-196
148
488
762
951
1074
1181
1319
1484
1640
1744
1788
1802
1831
1885
1912
1860
1753
1650
1572
1471
1318
1150
1035
981
913
781
611
448
300
143
-16
-132
-179
-204
-287
-460
-662
-818
-891
-916
-950
-993
-975
-873
-750
-685
-666
-611
-483
-328
-213
-157
-121
-45
81
218
308
344
361
387
411
437
493
588
689
763
829
915
988
1003
962
923
925
958
995
1015
1010
988
974
938
837
679
539
460
408
324
189
24
-147
-326
-520
-720
-876
-968
-1027
-1111
-1234
-1351
-1415
-1454
-1520
-1613
-1679
-1681
-1661
-1680
-1738
-1778
-1774
-1770
-1827
-1934
-2023
-2057
-2035
-1940
-1737
-1423
-1096
-872
-765
-655
-423
-81
257
515
727
966
1230
1449
1575
1661
1784
1957
2114
2189
2198
2204
2221
2181
2022
1773
1535
1373
1263
1152
1012
859
718
596
476
331
151
-22
-132
-179
-219
-305
-437
-558
-629
-649
-654
-670
-693
-697
-669
-623
-590
-585
-598
-610
-606
-580
-517
-400
-238
-71
58
139
199
273
366
470
572
654
700
719
752
830
933
997
984
921
871
863
882
910
930
915
845
742
665
635
619
571
488
387
267
109
-83
-267
-399
-489
-591
-759
-973
-1154
-1249
-1298
-1381
-1527
-1689
-1819
-1929
-2057
-2196
-2300
-2344
-2356
-2377
-2407
-2402
-2345
-2249
-2110
-1892
-1583
-1254
-1007
-855
-705
-458
-128
182
404
575
787
1053
1305
1487
1623
1759
1889
1969
1996
2026
2095
2160
2146
2049
1936
1854
1775
1648
1480
1335
1245
1157
999
787
601
488
401
267
88
-71
-172
-243
-310
-355
-357
-352
-411
-545
-685
-752
-750
-743
-767
-792
-770
-693
-588
-482
-382
-302
-247
-200
-128
-9
140
272
376
470
576
691
801
894
961
997
998
982
978
993
1013
999
923
786
641
538
484
454
426
383
300
159
-21
-188
-301
-373
-452
-572
-740
-916
-1067
-1176
-1260
-1354
-1474
-1598
-1698
-1781
-1889
-2046
-2198
-2289
-2334
-2424
-2600
-2769
-2766
-2516
-2118
-1763
-1560
-1463
-1330
-1074
-725
-364
-31
279
576
844
1073
1275
1461
1635
1787
1926
2055
2168
2259
2328
2366
2358
2280
2145
1998
1890
1833
1791
1704
1552
1350
1130
915
710
523
376
268
172
54
-91
-242
-378
-501
-626
-753
-846
-866
-823
-778
-784
-822
-832
-789
-721
-663
-609
-519
-378
-213
-78
10
75
147
234
318
394
487
615
754
865
933
977
1014
1036
1033
1023
1032
1071
1105
1082
968
786
598
463
385
315
203
27
-201
-440
-630
-734
-772
-825
-963
-1170
-1378
-1504
-1547
-1560
-1607
-1714
-1865
-2031
-2189
-2311
-2367
-2357
-2318
-2304
-2341
-2396
-2408
-2312
-2085
-1757
-1408
-1119
-906
-718
-484
-194
109
364
559
730
918
1127
1326
1495
1641
1782
1910
1993
2031
2065
2141
2247
2321
2303
2193
2046
1924
1850
1794
1704
1553
1361
1174
1028
913
785
618
434
273
159
72
-31
-174
-346
-518
-664
-773
-841
-857
-826
-781
-764
-780
-787
-738
-628
-494
-387
-320
-267
-187
-64
82
208
298
381
495
640
781
875
927
968
1031
1106
1161
1181
1166
1130
1073
1005
918
802
646
456
254
72
-81
-215
-366
-554
-768
-985
-1189
-1368
-1503
-1583
-1648
-1778
-2022
-2330
-2590
-2713
-2721
-2726
-2821
-2998
-3142
-3129
-2931
-2624
-2325
-2096
-1919
-1734
-1493
-1194
-860
-513
-168
169
491
790
1056
1285
1491
1695
1903
2108
2288
2430
2531
2592
2612
2593
2545
2493
2435
2357
2240
2102
1980
1888
1781
1594
1304
969
692
527
428
308
112
-134
-356
-516
-611
-662
-690
-706
-726
-770
-834
-890
-903
-866
-802
-749
-716
-675
-583
-424
-237
-85
-4
40
106
215
353
485
596
693
783
862
925
981
1027
1064
1076
1063
1044
1022
973
864
689
491
319
204
124
33
-117
-327
-571
-793
-964
-1092
-1211
-1358
-1550
-1765
-1970
-2139
-2272
-2387
-2500
-2624
-2753
-2861
-2908
-2855
-2700
-2492
-2305
-2172
-2063
-1911
-1665
-1336
-985
-671
-412
-175
91
408
749
1060
1305
1485
1639
1809
2019
2258
2487
2648
2707
2677
2615
2571
2557
2538
2481
2374
2237
2094
1949
1794
1637
1479
1301
1077
824
585
394
226
33
-203
-449
-653
-805
-926
-1031
-1105
-1134
-1137
-1146
-1157
-1139
-1077
-990
-902
-815
-707
-573
-434
-311
-192
-56
101
256
392
517
651
802
949
1067
1142
1181
1204
1223
1240
1248
1215
1109
933
738
601
539
485
363
146
-116
-358
-558
-725
-891
-1077
-1290
-1533
-1791
-2037
-2236
-2387
-2527
-2696
-2880
-3030
-3104
-3100
-3035
-2908
-2714
-2476
-2246
-2065
-1907
-1703
-1415
-1077
-748
-452
-163
139
437
698
923
1146
1376
1598
1786
1960
2150
2346
2496
2557
2549
2520
2505
2485
2438
2361
2268
2163
2027
1859
1678
1505
1331
1134
918
726
572
434
273
80
-121
-300
-456
-591
-707
-793
-841
-865
-882
-906
-927
-939
-942
-936
-910
-849
-754
-639
-522
-416
-311
-205
-96
20
154
312
489
654
778
850
885
919
967
1004
980
887
767
699
707
740
728
633
463
260
57
-111
-227
-311
-412
-590
-850
-1134
-1373
-1554
-1716
-1893
-2084
-2247
-2368
-2462
-2552
-2622
-2641
-2592
-2490
-2352
-2182
-1983
-1757
-1524
-1294
-1066
-842
-620
-391
-150
108
371
622
862
1100
1338
1563
1756
1905
2015
2104
2189
2274
2348
2391
2382
2321
2232
2146
2077
2005
1901
1756
1598
1439
1274
1093
908
743
608
478
323
135
-63
-234
-357
-433
-486
-545
-634
-750
-868
-948
-975
-959
-929
-890
-830
-737
-623
-515
-432
-357
-255
-111
62
226
357
441
484
501
519
551
579
581
536
462
409
406
443
457
396
249
70
-75
-160
-213
-287
-413
-586
-791
-1005
-1212
-1395
-1547
-1675
-1793
-1907
-2002
-2061
-2083
-2095
-2129
-2173
-2177
-2097
-1937
-1753
-1592
-1463
-1340
-1189
-993
-757
-507
-277
-87
74
241
441
675
911
1116
1285
1431
1564
1685
1782
1852
1901
1934
1956
1974
1998
2023
2021
1969
1869
1754
1660
1588
1509
1396
1249
1091
936
781
618
447
272
88
-110
-296
-427
-478
-484
-513
-611
-751
-869
-914
-894
-844
-782
-704
-611
-523
-467
-422
-353
-238
-100
17
99
163
230
311
393
460
503
522
509
473
442
453
511
580
601
538
409
258
131
37
-33
-111
-213
-352
-517
-685
-842
-997
-1159
-1334
-1498
-1626
-1710
-1765
-1808
-1839
-1860
-1879
-1903
-1922
-1902
-1807
-1645
-1460
-1297
-1156
-1009
-831
-635
-449
-284
-125
50
244
446
634
804
959
1107
1244
1363
1457
1532
1604
1685
1777
1855
1886
1853
1778
1703
1659
1632
1590
1503
1384
1258
1149
1053
952
835
703
560
415
277
155
53
-31
-108
-191
-286
-388
-483
-554
-591
-604
-611
-614
-601
-557
-496
-443
-412
-392
-357
-297
-233
-188
-166
-137
-78
6
70
87
65
50
72
131
195
241
252
227
173
101
41
2
-31
-82
-162
-262
-365
-464
-553
-635
-717
-808
-904
-996
-1068
-1117
-1152
-1191
-1248
-1299
-1316
-1297
-1264
-1245
-1234
-1207
-1137
-1031
-916
-813
-726
-640
-544
-425
-294
-159
-34
83
199
329
472
621
757
873
968
1044
1107
1173
1257
1348
1416
1443
1440
1434
1440
1439
1407
1335
1246
1169
1115
1067
1001
909
798
673
536
401
288
203
136
73
5
-65
-135
-204
-261
-298
-306
-291
-273
-267
-273
-272
-261
-246
-241
-246
-251
-252
-256
-269
-284
-285
-269
-242
-208
-176
-149
-126
-104
-79
-51
-18
15
41
56
49
29
-9
-57
-102
-136
-161
-196
-248
-309
-366
-414
-454
-492
-537
-588
-639
-673
-683
-676
-665
-666
-684
-709
-719
-705
-666
-614
-563
-521
-487
-449
-395
-325
-255
-197
-152
-104
-38
44
130
205
273
334
398
467
539
611
674
721
748
769
795
831
866
882
867
830
790
759
739
718
685
635
571
500
431
365
296
221
142
75
31
11
-5
-40
-92
-144
-180
-199
-209
-216
-227
-242
-251
-246
-231
-216
-209
-216
-232
-245
-247
-232
-201
-166
-139
-128
-134
-152
-167
-168
-153
-139
-126
-112
-98
-96
-112
-137
-160
-172
-177
-179
-184
-188
-185
-168
-143
-124
-127
-156
-191
-215
-215
-189
-157
-141
-147
-164
-182
-198
-204
-201
-188
-162
-136
-105
-67
-21
30
71
90
86
75
76
101
144
190
227
241
234
210
191
188
197
209
221
236
255
272
279
269
244
209
171
141
128
140
163
181
176
152
126
111
107
105
107
116
137
170
204
222
205
163
114
76
59
59
66
64
49
22
-8
-35
-66
-98
-129
-162
-188
-202
-201
-190
-184
-199
-232
-270
-298
-309
-304
-287
-265
-236
-203
-172
-155
-152
-155
-156
-149
-127
-93
-49
-2
38
63
72
68
58
49
54
78
111
138
150
140
118
99
89
82
78
69
61
59
65
79
97
107
99
74
37
10
9
32
62
72
53
11
-31
-59
-74
-84
-99
-118
-129
-121
-98
-73
-64
-70
-86
-96
-93
-71
-39
-5
19
33
42
50
65
78
85
84
81
87
109
138
161
168
152
117
78
48
37
41
45
45
38
25
12
-5
-26
-50
-74
-96
-108
-118
-122
-122
-126
-139
-162
-193
-220
-232
-223
-199
-170
-143
-122
-105
-92
-81
-72
-58
-39
-14
18
54
89
121
143
152
154
150
148
153
166
186
207
220
219
203
179
153
131
108
92
79
79
82
83
84
79
64
35
0
-26
-32
-19
-5
-6
-26
-51
-66
-74
-93
-125
-159
-177
-172
-155
-142
-142
-148
-147
-137
-127
-119
-111
-90
-53
-13
18
35
46
56
64
68
63
58
69
101
139
161
166
163
165
165
148
113
81
73
90
107
99
61
13
-18
-33
-49
-85
-131
-170
-187
-183
-173
-165
-167
-183
-207
-234
-242
-220
-169
-116
-85
-83
-86
-73
-37
5
31
31
21
24
56
112
165
187
169
132
103
107
145
191
209
191
157
131
127
134
135
116
77
37
10
6
21
36
35
12
-24
-58
-78
-90
-96
-107
-123
-145
-165
-175
-172
-164
-163
-176
-190
-182
-145
-88
-38
-16
-19
-26
-21
-1
20
34
35
28
22
19
23
35
49
57
51
38
35
55
93
131
148
144
133
124
118
107
95
88
87
82
66
41
29
34
43
25
-25
-76
-86
-45
12
38
8
-60
-116
-116
-54
13
16
-61
-143
-143
-52
47
68
5
-61
-60
-4
39
30
-6
-23
-6
10
11
-1
-5
6
23
38
44
29
-1
-18
3
51
95
90
26
-48
-64
-27
0
-16
-51
-53
-9
22
-37
-164
-245
-234
-181
-139
-118
-115
-134
-161
-149
-69
12
-51
-271
-385
-87
547
1021
902
291
-261
-301
81
404
358
119
8
58
36
-166
-389
-433
-310
-168
-91
-22
87
158
65
-168
-344
-314
-139
14
77
96
121
144
124
61
8
-3
1
14
80
211
323
313
185
41
-31
-26
8
58
132
224
275
237
130
24
-36
-52
-54
-53
-49
-38
-29
-30
-56
-130
-252
-367
-384
-280
-118
4
32
-29
-114
-149
-118
-59
8
85
158
196
188
145
86
34
12
11
22
49
96
121
102
56
0
-56
-88
-76
-22
44
76
46
-36
-102
-95
-32
25
40
18
-10
2
54
89
60
0
-39
-46
-47
-60
-96
-131
-118
-63
-22
-40
-91
-127
-123
-81
-23
26
52
50
26
-13
-49
-59
-44
-26
-10
4
9
4
12
28
22
0
-16
-27
-29
-15
0
-3
-13
-10
-18
-49
-85
-101
-84
-32
34
63
46
16
-9
-30
-35
-13
5
12
29
56
72
68
53
36
36
63
101
127
146
167
184
187
170
141
101
74
80
101
97
59
3
-30
-26
-10
-34
-98
-129
-95
-27
16
19
-5
-23
-24
-28
-45
-39
7
55
62
44
31
28
15
-14
-28
-3
46
63
35
0
-4
-1
-23
-70
-93
-62
-19
-13
-42
-59
-45
-40
-82
-134
-128
-47
46
70
12
-76
-138
-147
-101
-36
0
-21
-85
-133
-119
-54
-10
-34
-102
-141
-120
-58
-6
12
0
-32
-78
-111
-103
-40
46
113
131
99
41
-6
-6
50
119
144
100
27
0
50
120
125
47
-50
-76
-24
46
82
80
63
41
9
-15
-2
48
84
65
6
-33
-6
61
101
73
6
-62
-100
-101
-50
53
152
175
91
-42
-128
-119
-46
26
65
75
67
45
18
8
20
35
25
6
12
64
124
135
89
21
-24
-40
-33
-9
28
58
53
9
-38
-45
-10
31
42
27
4
-13
-26
-31
-12
31
60
38
-30
-94
-114
-92
-62
-43
-34
-21
-18
-29
-62
-95
-111
-107
-89
-68
-50
-35
-25
-17
-15
-25
-45
-62
-55
-21
20
42
38
25
19
25
20
-9
-58
-98
-101
-61
1
50
48
-18
-113
-180
-175
-114
-49
-26
-41
-60
-57
-42
-37
-53
-80
-98
-92
-59
-9
46
89
99
71
13
-36
-38
16
97
156
161
124
84
83
114
134
117
76
60
92
149
193
209
203
184
148
104
78
89
124
147
136
107
90
93
78
26
-35
-58
-36
-9
-15
-44
-56
-35
-6
-3
-33
-74
-99
-98
-80
-44
2
40
41
-14
-89
-137
-134
-98
-67
-50
-37
-15
1
-2
-33
-73
-96
-91
-64
-34
-10
2
4
-6
-22
-41
-53
-52
-36
-15
-2
-5
-25
-55
-77
-88
-89
-97
-109
-126
-137
-132
-117
-101
-89
-89
-98
-112
-118
-106
-82
-67
-69
-74
-61
-21
21
32
4
-36
-47
-12
52
100
112
100
99
115
135
141
136
135
145
159
167
172
183
205
214
195
165
148
155
169
162
130
108
110
120
104
57
6
-20
-19
-20
-33
-42
-37
-21
-22
-50
-90
-115
-115
-99
-79
-58
-41
-28
-26
-38
-61
-81
-85
-66
-38
-19
-19
-31
-36
-24
-4
10
14
17
27
35
29
18
18
38
53
39
3
-24
-20
5
21
12
-10
-19
-11
-7
-30
-70
-98
-94
-74
-65
-79
-110
-132
-133
-116
-100
-93
-99
-105
-106
-95
-77
-60
-49
-51
-55
-52
-35
-14
-10
-26
-47
-40
8
76
128
132
98
62
57
83
120
148
157
152
134
106
76
58
59
75
91
96
90
81
75
69
54
26
-2
-11
0
17
15
-9
-42
-59
-60
-56
-60
-64
-53
-31
-18
-29
-48
-54
-40
-24
-30
-52
-62
-46
-13
10
14
12
14
17
20
30
52
76
85
74
54
40
40
41
38
26
14
4
-5
-9
-4
7
11
-3
-27
-47
-53
-51
-48
-48
-49
-52
-56
-54
-43
-34
-33
-47
-59
-57
-39
-17
-9
-20
-34
-44
-53
-64
-68
-53
-19
7
10
-8
-23
-20
4
37
56
57
50
52
67
86
90
81
67
56
57
70
80
82
72
56
43
31
27
30
35
28
6
-21
-35
-30
-14
-4
-12
-36
-58
-64
-54
-36
-26
-25
-31
-38
-39
-34
-29
-33
-44
-50
-41
-17
1
6
-3
-8
-6
0
2
1
5
19
30
29
15
3
3
11
20
22
19
8
-4
-10
0
19
26
7
-27
-45
-37
-10
5
-4
-21
-29
-27
-28
-32
-32
-23
-11
-8
-18
-28
-24
-10
4
4
-6
-18
-19
-6
17
36
40
26
12
10
24
45
57
55
46
41
44
53
60
63
58
45
36
35
47
60
60
39
8
-12
-12
-2
7
7
1
-10
-20
-35
-48
-50
-40
-28
-25
-35
-51
-56
-47
-37
-41
-58
-71
-66
-43
-17
1
2
-14
-35
-45
-35
-7
20
31
21
1
-13
-9
8
21
19
8
-4
-7
2
16
24
20
6
-8
-16
-13
-8
0
5
6
0
-5
-8
-6
-1
4
5
3
-2
-2
8
20
24
17
0
-11
-13
0
15
25
28
26
15
-1
-6
9
29
38
27
12
9
20
31
30
20
12
12
17
22
26
27
27
22
9
-2
-1
8
14
12
1
-7
-8
-10
-10
-12
-13
-17
-18
-20
-16
-12
-10
-16
-24
-28
-23
-11
-4
-7
-15
-21
-23
-21
-14
-1
9
7
-4
-17
-17
-7
8
12
2
-10
-11
-6
0
3
3
3
1
-3
-5
-2
8
16
15
5
-2
-3
5
9
6
1
-2
-2
0
3
7
10
5
-5
-14
-13
-4
5
13
14
7
-4
-12
-11
-5
0
0
-7
-14
-13
-5
6
8
1
-7
-9
-9
-7
-2
5
9
5
-3
-9
-8
-6
0
0
-1
-3
0
7
11
10
4
-4
-9
-8
-2
7
12
12
7
-2
-8
-10
-7
1
8
10
9
5
5
9
15
19
17
9
5
7
15
26
28
23
11
1
-1
8
18
25
23
13
3
-1
-1
6
11
10
0
-10
-15
-10
1
7
4
-10
-21
-25
-18
-8
-2
-3
-11
-20
-23
-21
-12
-4
-2
-6
-16
-22
-23
-17
-8
-4
-5
-11
-14
-13
-7
-1
0
-3
-8
-12
-12
-6
1
4
0
-7
-13
-15
-7
1
8
7
1
-6
-8
-6
-1
1
1
-1
-2
0
5
10
12
9
3
-1
-2
2
10
15
19
16
10
6
6
6
9
12
12
12
12
15
16
17
15
12
10
11
12
12
14
17
16
14
6
1
1
7
9
6
1
1
2
3
2
0
-4
-9
-10
-10
-8
-5
-3
-2
-8
-14
-17
-13
-7
-6
-9
-13
-14
-10
-6
-1
-4
-8
-12
-12
-14
-11
-4
1
4
-3
-10
-12
-8
-3
-1
-1
-4
-7
-7
-4
-1
0
-1
-4
-7
-6
-4
-1
0
2
3
1
-2
-4
-1
6
9
6
0
1
5
9
11
11
7
4
2
4
7
11
14
15
9
2
1
6
12
12
7
1
-2
-1
2
7
8
4
-3
-6
-6
-3
0
3
3
2
-1
-4
-4
-2
1
1
-2
-6
-8
-5
1
4
3
-1
-6
-7
-5
-2
-1
0
2
2
-2
-6
-4
2
4
-1
-7
-7
-1
4
7
4
2
-3
-5
-4
0
4
6
5
0
-2
-1
2
4
2
1
-2
-4
-3
1
6
6
3
-2
-6
-6
-3
1
3
4
0
-2
-3
-2
0
2
1
-3
-5
-3
0
5
7
6
1
-2
-4
-1
3
7
8
5
2
-2
-2
1
2
2
-2
-4
-5
-2
3
5
3
-3
-10
-11
-9
-4
1
2
0
-4
-6
-4
-1
1
1
-2
-5
-6
-2
3
7
6
2
-3
-5
-5
1
6
9
7
5
2
2
2
5
7
6
3
1
2
5
8
10
5
2
-1
-2
2
4
4
3
0
-2
-3
-2
0
3
1
-1
-4
-6
-2
1
2
0
-3
-6
-5
-2
1
3
2
1
-3
-3
-2
0
1
2
1
-1
-3
-1
0
3
2
-1
-3
-4
-2
0
3
4
3
3
0
0
0
1
1
2
0
-1
-1
0
2
3
2
0
-1
-1
1
3
3
2
1
0
0
0
2
2
2
2
-1
-1
1
3
3
3
0
-2
-1
0
2
3
3
1
1
1
2
3
3
2
-1
-2
-2
-1
2
1
3
1
-1
-2
-3
-3
-3
-2
-1
-1
-2
-1
-2
-2
-1
-2
-3
-4
-4
-3
-1
0
0
-1
-3
-3
-3
-1
-2
1
0
1
0
1
3
2
2
1
0
1
3
3
5
5
3
1
0
2
3
4
4
4
3
2
2
5
5
5
5
0
-1
0
3
5
4
2
-1
-2
-2
-1
1
1
0
1
0
-1
0
-1
0
0
0
0
-2
-4
-2
0
-1
-2
-4
-3
-3
-2
0
-1
-2
-2
-2
-1
0
-1
0
0
-1
-2
-1
1
1
0
-1
-2
-2
-1
0
1
0
1
0
0
0
1
2
2
1
0
0
-1
0
3
3
2
1
0
0
1
1
1
1
1
1
1
1
2
2
2
1
0
-1
0
1
2
3
3
2
1
0
-1
-1
0
1
1
2
1
1
1
0
0
0
0
1
1
1
0
0
0
-1
0
0
-1
-1
-2
-3
-2
-1
1
1
0
-1
-1
-1
-1
-1
1
0
0
0
0
0
0
1
1
1
0
1
1
1
1
1
1
0
-1
-1
0
0
1
2
2
3
3
3
2
2
1
2
2
2
3
2
3
2
2
1
1
1
2
3
0
0
0
-1
1
1
1
0
0
1
1
1
1
0
-1
-2
-1
-3
-1
-1
-1
0
1
0
0
-1
-2
-2
-1
1
0
0
-1
-1
-1
0
1
1
0
-3
-3
-1
1
2
2
1
1
-1
-2
-1
-1
0
0
1
1
1
0
0
0
1
1
1
2
1
2
1
2
3
1
2
0
0
0
-1
0
2
2
2
1
2
0
0
1
1
0
1
1
1
1
2
1
1
1
1
1
1
2
0
2
1
0
0
0
0
0
1
0
0
1
2
2
1
0
-2
-3
-3
-2
0
1
-1
0
-1
-1
0
1
1
1
0
0
0
0
-1
0
0
0
-1
-1
0
0
1
0
-1
0
0
0
0
0
0
-1
-1
0
0
-1
1
0
1
0
0
0
0
0
0
1
0
0
0
-1
0
0
0
0
0
1
-1
0
0
0
0
0
0
0
0
0
1
0
0
0
0
0
0
-1
0
0
-1
0
0
-1
0
0
0
0
0
0
0
0
1
0
0
-1
1
0
0
-1
-1
0
0
0
1
-1
0
0
0
-1
1
0
0
0
1
-1
0
0
0
0
0
0
0
0
0
0
0
-1
0
0
0
0
0
0
0
0
0
0
1
-1
0
0
-1
1
0
0
0
0
0
0
0
0
0
0
0
0
0
0
-1
0
0
0
0
0
0
0
-1
0
0
0
-1
0
0
-1
-1
0
0
0
0
0
1
1
-1
0
-1
0
0
0
0
0
0
0
0
1
0
0
0
0
-1
1
0
0
1
0
0
0
0
0
1
1
0
0
0
0
0
-1
0
-1
1
0
1
0
0
1
0
0
1
0
0
0
1
-1
-1
1
0
0
0
-1
0
0
1
0
0
0
0
0
0
-1
0
0
0
-1
0
0
1
1
-1
0
0
0
0
0
0
0
0
0
-1
1
0
0
1
0
0
0
0
1
-1
0
0
0
0
-1
1
0
0
-1
0
0
0
0
0
-1
0
-1
1
0
0
1
0
0
0
0
0
0
0
0
-1
0
0
0
1
0
1
0
0
0
0
-1
0
0
1
1
0
0
0
-1
-1
0
0
0
-1
0
0
1
0
1
0
0
1
0
0
1
0
0
0
0
0
0
0
0
0
0
0
-1
1
0
0
0
0
0
0
0
0
0
0
-1
0
-1
0
0
0
0
0
-1
0
0
0
1
0
0
0
0
0
0
0
0
0
-1
1
1
-1
0
0
0
0
0
0
0
0
0
0
0
0
0
-1
0
0
0
0
0
0
0
0
-1
0
0
0
0
-1
0
-1
0
0
0
0
0
-1
0
0
-1
0
0
0
1
0
0
0
0
0
0
1
0
0
0
0
0
1
0
0
0
1
1
0
0
0
0
0
0
0
0
1
1
1
0
0
-1
0
0
0
-1
-1
0
0
0
0
0
0
0
0
0
0
0
0
0
0
0
0
0
0
0
0
0
1
1
1
0
-1
0
0
0
0
0
0
1
-1
-1
0
0
0
0
0
1
0
-1
0
0
0
0
0
0
0
0
-1
0
0
0
0
1
0
0
0
0
0
-1
1
1
0
0
0
0
1
0
0
0
0
0
0
0
0
0
0
0
0
1
0
0
0
0
0
0
1
0
0
0
0
0
0
0
0
0
0
1
0
-1
0
0
0
0
-1
0
0
0
0
0
0
-1
0
0
-1
0
0
0
-1
1
0
0
0
0
0
0
0
0
0
0
0
0
0
-1
0
-1
0
0
0
0
0
0
0
0
0
1
0
0
0
0
0
0
0
0
0
0
0
1
0
0
0
0
0
0
0
0
0
-1
0
0
1
0
0
0
0
0
0
0
1
0
0
0
0
0
0
-1
0
1
0
0
0
0
0
0
0
0
-1
0
0
0
0
0
0
0
0
1
0
-1
0
1
0
0
-1
0
0
0
0
-1
0
0
0
0
1
0
0
0
0
0
0
0
0
-1
0
0
0
0
0
0
0
0
0
1
0
0
0
0
0
1
0
0
1
0
1
-1
0
0
0
0
0
0
0
0
-1
0
-1
-1
0
0
0
0
0
0
0
0
0
0
-1
0
-1
0
0
0
0
0
0
-1
0
0
0
0
0
0
0
0
0
0
0
0
0
0
0
0
0
1
1
0
-1
0
0
0
0
0
0
0
0
0
0
0
0
0
0
0
0
1
0
0
0
0
0
1
0
0
0
0
0
0
0
-1
-1
0
0
0
0
0
-1
-1
0
0
0
-1
1
0
0
-1
0
0
0
0
0
0
0
0
0
0
0
0
0
0
0
0
1
0
0
-1
0
0
0
0
0
0
1
0
0
-1
-1
0
0
0
0
-1
0
0
0
0
0
1
0
0
1
0
1
0
0
0
0
0
0
-1
0
0
0
0
0
0
1
0
0
0
0
0
0
-1
-1
0
-1
0
0
0
0
0
0
0
0
0
0
0
0
0
0
-1
0
0
0
0
1
0
0
0
0
0
0
0
0
0
0
-1
1
-1
0
0
0
0
0
0
0
0
1
0
1
0
0
0
1
-1
0
0
0
0
0
0
0
0
0
0
-1
0
0
0
0
1
1
0
1
0
0
0
0
0
0
0
0
0
0
-1
-1
-1
-1
0
0
0
0
0
-1
0
0
0
0
0
-1
0
-1
0
1
0
0
1
0
0
-1
0
-1
0
0
0
-1
0
1
-1
0
0
0
0
-1
0
1
0
-1
1
1
0
1
-1
0
0
1
0
0
-1
1
0
0
1
0
0
0
0
1
0
0
0
0
1
0
-1
0
-1
0
1
0
1
-1
0
1
0
0
0
0
0
-1
0
0
0
0
0
0
0
0
0
0
-1
0
1
0
1
0
-1
0
0
1
0
0
0
0
0
0
-1
0
-1
0
0
0
0
0
0
0
1
0
1
0
0
0
0
0
-1
0
0
0
0
0
-1
0
0
0
0
0
0
1
0
0
0
0
1
0
0
0
0
0
0
0
0
0
-1
0
1
0
0
0
0
0
0
0
0
0
0
0
0
0
0
0
-1
1
0
0
0
-1
0
0
0
1
0
0
0
-1
0
0
0
0
1
1
0
1
0
0
-1
0
-1
0
0
0
0
0
0
0
0
0
0
0
0
0
1
0
0
0
0
0
0
0
0
0
0
0
0
0
0
0
0
0
0
1
0
0
0
1
0
0
0
0
0
0
0
0
1
1
0
0
1
0
0
0
0
0
1
0
0
-1
1
0
-1
-1
0
0
0
0
0
1
0
1
0
0
0
1
0
-1
0
-1
0
0
-1
0
0
0
-1
0
0
0
0
0
0
0
0
1
-1
0
0
0
0
-1
0
0
0
0
0
1
0
0
0
0
0
0
0
0
1
1
0
0
0
0
0
0
0
0
0
1
0
-1
0
0
0
0
0
0
0
0
0
0
1
0
1
1
1
0
0
0
0
0
0
0
0
0
0
0
0
-1
0
0
0
-1
0
-1
0
0
0
0
0
0
0
-1
1
0
1
0
0
0
0
1
1
0
-1
0
1
-1
0
0
0
0
0
0
0
0
0
0
0
0
0
1
-1
0
0
0
0
0
0
0
-1
0
-1
0
0
0
0
0
-1
0
1
0
0
0
1
0
0
0
0
0
0
0
0
0
0
0
0
0
0
1
0
1
0
-1
-1
-1
0
0
0
0
0
0
0
-1
0
0
1
-1
0
1
0
0
0
0
0
0
0
-1
0
0
0
0
0
0
0
0
0
0
0
0
0
0
0
0
0
0
0
0
0
0
1
0
1
0
0
0
1
0
0
-1
1
0
-1
0
0
-1
0
0
0
0
-1
0
0
0
0
1
0
0
0
1
0
0
1
-1
0
0
0
0
0
0
-1
0
1
0
0
0
1
-1
0
0
0
-1
0
0
0
-1
0
1
0
-1
0
0
-1
-1
0
0
0
0
-1
-1
-1
0
0
0
0
0
0
0
0
0
1
0
-1
0
1
0
1
0
0
0
-1
0
0
0
0
0
0
-1
1
0
0
0
0
1
0
0
0
-1
0
1
0
0
0
0
0
0
0
0
0
0
-1
1
-1
0
1
0
0
0
0
0
0
0
0
0
0
0
0
0
0
0
1
0
0
0
0
-1
1
0
0
0
0
0
0
0
0
0
0
0
0
-1
0
0
0
-1
0
0
1
1
0
0
0
0
-1
0
1
0
-1
0
0
0
0
-1
0
0
0
0
0
-1
-1
0
0
0
0
1
0
0
0
0
-1
0
0
0
0
0
0
0
0
1
0
-1
0
0
-1
0
0
0
0
0
0
0
0
0
0
0
1
0
0
0
0
-1
-1
0
-1
0
0
0
-1
0
0
0
0
1
1
-1
0
0
-1
-1
0
0
-1
0
0
-1
0
0
-1
1
-1
0
0
-1
0
0
0
0
0
0
0
1
0
0
-1
1
1
0
0
0
0
0
0
0
0
0
1
0
0
0
0
0
0
-1
0
0
-1
0
0
1
0
0
1
0
0
0
1
0
0
0
0
0
0
1
-1
0
0
0
1
0
-1
0
0
0
0
0
-1
0
0
0
0
1
0
0
1
0
0
0
1
0
0
0
0
0
1
0
0
0
0
0
0
0
1
0
0
0
0
-1
0
0
-1
-1
0
-1
0
0
0
1
1
0
0
0
-1
1
0
0
0
0
1
0
1
0
0
1
1
0
0
0
0
0
-1
0
0
0
-1
0
0
1
0
0
0
0
1
0
1
0
0
0
0
-1
0
0
0
0
0
-1
0
0
0
1
1
0
0
-1
0
0
1
0
0
-1
1
0
0
0
0
-1
0
0
0
0
0
0
0
0
0
0
0
1
0
0
0
-1
0
1
0
0
1
-1
0
-1
-1
0
0
0
0
0
0
0
0
-1
0
-1
1
0
1
1
0
0
0
0
0
0
0
0
0
0
0
0
0
0
1
0
-1
0
0
0
0
0
0
-1
0
0
-1
0
0
0
0
0
0
0
1
1
0
0
0
0
0
0
0
-1
0
0
0
0
0
0
-1
-1
0
0
0
0
0
1
0
1
-1
0
0
-1
0
0
0
1
0
0
0
0
0
0
0
1
0
1
0
0
0
-1
-1
0
0
0
0
1
0
-1
0
0
0
0
1
0
-1
0
0
0
0
0
1
0
0
0
0
0
0
0
0
0
0
1
0
0
0
0
0
0
0
0
0
0
0
0
0
-1
-1
0
0
0
0
0
0
-1
0
0
-1
0
0
0
0
0
0
0
0
0
0
0
0
0
0
0
0
0
-1
0
0
1
0
0
-1
1
0
0
0
0
0
0
0
0
0
0
-1
1
0
0
-1
0
0
0
1
0
-1
0
0
0
0
0
0
0
1
-1
0
-1
0
-1
-1
0
0
0
1
0
0
0
0
0
1
0
-1
-1
0
0
0
0
0
0
0
-1
0
-1
0
1
0
0
0
0
1
0
0
0
0
0
-1
-1
0
0
0
0
-1
0
1
0
1
0
0
0
0
-1
0
0
0
-1
0
0
0
0
0
0
0
0
-1
0
0
0
1
0
1
0
-1
0
1
0
0
-1
0
0
0
0
0
0
1
0
1
0
0
0
0
0
1
0
1
0
0
0
1
0
0
0
0
0
-1
0
0
0
0
0
0
0
0
0
-1
0
0
0
0
0
0
0
0
0
0
1
0
1
0
0
1
0
0
1
0
0
1
0
0
1
0
0
0
0
0
0
0
0
0
0
0
1
0
0
-1
0
0
-1
0
-1
0
0
1
1
0
0
0
-1
0
0
0
0
0
0
1
0
0
-1
0
0
0
0
-1
0
1
0
0
0
0
0
-1
0
0
0
0
0
0
0
1
0
0
0
0
0
-1