0
0
0
0
0
0
0
0
0
0
0
0
0
0
0
0
0
0
1
0
1
0
0
0
1
0
0
-1
1
0
-1
0
0
-1
0
0
0
0
-1
0
0
0
0
1
0
0
0
1
0
0
1
-1
0
0
0
0
0
0
-1
0
1
0
0
0
1
-1
0
0
0
-1
0
0
0
-1
0
1
0
-1
0
0
-1
-1
0
0
0
0
-1
-1
-1
0
0
0
0
0
0
0
0
0
1
0
-1
0
1
0
1
0
0
0
-1
0
0
0
0
0
0
-1
1
0
0
0
0
1
0
0
0
-1
0
1
0
0
0
0
0
0
0
0
0
0
-1
1
-1
0
1
0
0
0
0
0
0
0
0
0
0
0
0
0
0
0
1
0
0
0
0
-1
1
0
0
0
0
0
0
0
0
0
0
0
0
-1
0
0
0
-1
0
0
1
1
0
0
0
0
-1
0
1
0
-1
0
0
0
0
-1
0
0
0
0
0
-1
-1
0
0
0
0
1
0
0
0
0
-1
0
0
0
0
0
0
0
0
1
0
-1
0
0
-1
0
0
0
0
0
0
0
0
0
0
0
1
0
0
0
0
-1
-1
0
-1
0
0
0
-1
0
0
0
0
1
1
-1
0
0
-1
-1
0
0
-1
0
0
-1
0
0
-1
1
-1
0
0
-1
0
0
0
0
0
0
0
1
0
0
-1
1
1
0
0
0
0
0
0
0
0
0
1
0
0
0
0
0
0
-1
0
0
-1
0
0
1
0
0
1
0
0
0
1
0
0
0
0
0
0
1
-1
0
0
0
1
0
-1
0
0
0
0
0
-1
0
0
0
0
1
0
0
1
0
0
0
1
0
0
0
0
0
1
0
0
0
0
0
0
0
1
0
0
0
0
-1
0
0
-1
-1
0
-1
0
0
0
1
1
0
0
0
-1
1
0
0
0
0
1
0
1
0
0
1
1
0
0
0
0
0
-1
0
0
0
-1
0
0
1
0
0
0
0
1
0
1
0
0
0
0
-1
0
0
0
0
0
-1
0
0
0
1
1
0
0
0
1
1
2
1
1
0
2
1
1
1
0
-1
-1
-1
-1
-1
0
1
1
1
1
0
0
1
0
0
0
-1
0
1
0
0
1
-1
0
-1
-1
0
0
0
0
0
0
0
0
-1
0
-1
1
0
1
1
0
0
0
0
0
0
0
0
0
0
0
0
1
1
1
0
-2
-1
-1
-1
0
1
1
0
1
0
-2
0
0
1
2
2
2
3
2
1
0
0
-2
-1
0
-1
-1
0
1
-1
0
1
1
0
0
-1
-1
1
3
3
2
2
-1
0
-2
-1
-1
-1
1
1
2
3
1
1
0
0
0
0
1
2
1
2
1
0
-1
-2
-3
-1
0
0
1
2
1
0
1
0
1
1
2
1
0
0
0
0
0
0
1
0
0
0
1
1
2
2
2
1
0
1
0
0
0
1
1
1
1
0
0
0
0
0
0
-1
-1
0
0
0
0
0
0
-1
-1
-1
-1
0
1
1
1
0
-1
-1
-1
0
2
3
4
3
2
0
-2
-3
-4
-3
-1
1
1
3
1
2
0
-1
-3
-4
-3
-2
0
3
4
4
1
0
-5
-7
-9
-6
-2
3
8
9
7
5
2
-1
-3
-4
-2
0
3
4
5
3
2
-2
-6
-8
-8
-6
-1
3
8
11
11
9
5
-2
-7
-10
-8
-4
0
5
7
8
5
0
-3
-7
-8
-5
-3
2
7
10
13
9
3
-4
-10
-13
-14
-9
-1
6
12
14
11
6
-1
-8
-10
-11
-8
-1
7
10
11
8
1
-13
-26
-36
-36
-25
-7
13
30
39
34
22
1
-19
-34
-38
-28
-9
13
34
46
40
23
-3
-26
-42
-44
-30
-5
24
48
59
54
32
2
-28
-48
-53
-39
-15
16
39
48
41
20
-10
-36
-50
-47
-27
2
35
57
63
49
20
-14
-44
-59
-56
-35
-3
29
51
56
42
15
-17
-43
-56
-51
-29
0
31
50
54
43
18
-10
-31
-44
-41
-25
-3
19
37
42
36
21
0
-21
-36
-42
-37
-24
-8
7
16
16
11
-1
-13
-25
-32
-27
-13
9
29
42
45
36
19
-1
-22
-35
-37
-27
-8
16
35
46
43
27
2
-22
-41
-48
-40
-21
6
31
45
45
31
7
-20
-41
-49
-43
-23
4
30
46
48
36
13
-14
-35
-44
-38
-20
6
30
42
39
22
-3
-28
-43
-43
-28
-3
24
43
50
39
16
-10
-35
-45
-44
-28
-3
21
37
41
30
11
-12
-29
-36
-32
-15
2
19
29
30
18
0
-16
-27
-31
-25
-14
3
17
24
24
17
6
-5
-12
-14
-8
1
12
22
26
21
12
-1
-14
-20
-21
-16
-6
7
19
25
22
11
-6
-24
-34
-31
-19
-1
17
28
32
27
15
-1
-17
-25
-25
-15
-1
14
23
27
22
11
-5
-22
-32
-30
-20
-4
12
23
24
17
3
-13
-25
-30
-25
-12
3
17
24
23
15
0
-14
-24
-25
-19
-7
8
20
25
22
12
0
-12
-20
-20
-13
-4
8
18
20
17
9
0
-9
-12
-12
-6
1
7
12
12
9
4
-2
-6
-8
-5
-2
4
9
12
12
9
2
-4
-10
-13
-12
-9
-5
1
4
6
5
3
-2
-5
-6
-4
0
4
8
11
10
7
4
-1
-3
-4
-3
1
5
5
6
3
-3
-9
-12
-11
-8
-3
5
10
14
9
6
-2
-8
-13
-13
-10
-4
2
8
10
10
7
2
-4
-8
-9
-7
-2
4
9
13
10
6
-2
-7
-11
-12
-9
-2
5
12
15
13
8
-1
-8
-14
-14
-12
-6
1
9
12
12
8
2
-4
-9
-11
-9
-3
4
9
12
11
7
3
-4
-9
-11
-11
-7
-4
2
6
6
7
5
2
-3
-6
-8
-7
-4
2
8
11
13
11
5
-2
-10
-13
-14
-9
-3
6
13
16
13
7
-1
-10
-16
-16
-12
-4
6
12
16
14
6
-2
-12
-17
-15
-10
-1
9
18
22
18
10
-1
-9
-14
-15
-10
-3
6
11
15
12
5
-2
-9
-13
-11
-7
-2
4
9
12
9
4
-1
-6
-8
-8
-4
-1
4
9
8
7
4
0
-3
-4
-4
-2
-1
0
3
3
3
3
1
0
-4
-5
-6
-4
-3
-1
2
6
8
5
5
0
-2
-5
-6
-5
-4
-1
2
4
4
3
1
-3
-3
-4
-4
-1
3
5
6
5
3
-1
-3
-3
-5
-3
-1
1
5
5
5
3
3
-1
-2
-3
-3
-3
0
2
4
4
3
1
-1
-3
-4
-3
-1
0
2
3
2
2
1
1
0
1
1
1
2
0
0
0
-1
-1
-1
-1
-1
-1
-1
0
0
0
0
0
0
0
0
0
0
1
0
0
-1
-1
-2
0
1
3
2
2
2
1
0
-1
0
0
0
0
0
-1
-1
0
0
0
1
0
-1
-2
-1
0
1
3
2
2
1
0
-1
-1
0
0
1
1
1
0
0
0
0
1
0
0
0
-1
-2
-1
-2
0
-1
1
2
2
1
2
0
-1
-1
0
0
3
2
2
2
0
-1
-1
-2
-2
0
2
3
4
4
1
-1
-3
-4
-5
-2
0
3
4
4
2
0
-2
-3
-3
-3
-1
0
1
2
2
2
2
1
0
-1
-1
0
1
4
4
4
3
1
-1
-1
-3
-1
-1
1
2
3
3
2
0
0
-2
-1
-2
-2
-1
0
1
1
1
0
1
0
-1
0
0
0
2
1
1
1
-1
1
0
0
0
0
0
0
-1
0
0
1
1
1
0
0
-1
-1
-1
0
1
1
1
1
0
0
0
0
0
-1
0
-1
0
-1
0
0
0
1
0
-2
-1
-2
1
0
1
2
2
1
0
0
-1
1
0
1
1
0
1
0
1
1
2
3
1
0
0
0
1
2
4
3
2
1
0
-1
-1
-1
0
1
1
1
1
0
1
1
3
2
2
1
0
0
0
1
2
2
1
1
-1
-1
0
-1
1
1
1
1
1
1
0
0
0
-1
-1
-1
0
0
1
2
1
1
0
0
-2
-1
-1
1
0
1
1
1
0
0
0
0
0
0
0
0
0
-1
0
0
0
0
0
0
0
0
0
-1
0
1
0
0
0
0
0
0
0
-1
1
0
0
0
1
0
1
0
0
0
0
0
0
0
-1
0
1
0
0
0
1
0
0
0
0
-1
1
1
0
0
1
0
0
0
0
0
0
0
0
-1
0
0
0
0
1
0
0
0
0
0
0
-1
-1
1
0
0
1
0
0
-1
0
-1
1
0
1
0
0
0
0
1
-1
0
0
0
0
0
0
0
0
0
0
0
0
0
0
-1
0
0
0
0
1
0
0
0
0
0
0
0
0
-1
0
0
0
-1
0
0
1
0
-1
0
0
0
0
1
1
1
0
0
-1
0
0
-1
0
0
0
0
-1
0
0
0
0
0
0
1
0
0
0
0
0
1
0
0
0
0
0
0
0
-1
1
-1
0
-1
0
0
0
0
-1
0
0
0
0
0
0
0
0
0
1
0
0
0
0
0
0
0
0
0
0
0
0
0
0
-1
0
0
0
1
0
0
0
0
-1
0
-1
0
1
0
0
1
0
0
0
0
0
0
0
0
0
0
1
-1
0
-1
0
0
-1
0
0
0
0
-1
0
0
0
0
0
1
0
0
0
0
0
0
0
-1
0
0
0
0
0
0
-1
0
0
0
0
0
0
-1
0
-1
0
0
0
0
1
0
0
0
0
0
0
0
0
0
0
0
0
1
0
0
0
0
1
0
-1
0
1
0
0
0
0
0
0
0
-1
-1
0
0
0
1
0
-1
0
0
-1
0
0
0
-1
0
0
2
1
0
0
-1
-1
-1
1
1
1
1
1
1
-1
-2
-1
0
1
1
1
1
1
1
0
2
1
2
1
1
1
2
0
0
0
-1
1
1
0
-1
0
0
0
0
0
0
0
0
0
0
0
1
0
1
0
0
0
0
0
-1
0
1
0
0
-1
0
-1
0
0
-1
0
0
0
0
0
0
0
0
0
0
0
0
0
0
0
0
0
0
0
0
0
0
0
0
0
0
0
0
0
0
0
0
0
-1
0
0
0
0
0
0
0
-1
0
0
0
0
0
0
0
0
0
0
0
0
0
0
0
0
0
0
0
0
0
0
1
-1
0
0
0
0
0
0
0
1
0
0
0
0
0
-1
0
0
0
0
0
0
0
0
0
0
-1
-1
-1
-1
0
-1
0
0
0
0
0
0
-1
-1
0
-1
0
0
0
-1
0
0
0
0
0
0
0
1
0
0
0
0
0
0
0
0
0
0
1
1
0
0
0
0
0
0
0
0
0
0
0
1
0
0
0
0
0
1
1
0
0
0
0
0
-1
0
0
0
0
0
0
1
0
0
1
0
0
0
1
0
0
1
0
1
1
0
0
0
0
0
0
0
0
0
0
1
0
1
1
-1
0
0
0
0
0
0
0
0
0
0
0
1
0
0
1
0
0
0
1
0
0
0
-1
0
0
0
0
0
0
0
0
0
0
1
0
0
0
-1
-1
0
0
0
0
0
0
0
0
0
0
-1
0
1
0
0
0
0
0
0
0
-1
0
1
0
0
0
0
-1
0
-1
-1
0
0
0
0
1
0
0
0
0
0
0
0
0
1
1
0
1
-1
0
0
0
0
0
0
0
0
0
0
0
0
0
0
0
0
0
0
0
0
0
0
0
0
0
0
0
0
-1
1
0
1
0
0
1
0
0
0
0
0
1
-1
0
0
0
0
0
1
0
0
-1
0
0
0
0
1
0
0
1
-1
-1
0
0
0
0
0
0
0
0
0
0
0
-1
0
0
0
1
0
0
0
0
1
0
-1
-1
0
0
0
-1
0
0
0
0
0
-1
0
0
0
0
-1
0
0
0
0
0
0
0
0
0
0
0
0
0
0
-1
0
0
0
0
0
0
0
0
0
1
0
-1
0
0
0
0
0
0
0
0
0
0
0
0
0
0
0
0
0
0
0
-1
0
0
0
0
0
0
0
0
0
0
0
0
0
1
0
0
0
0
0
0
0
1
0
0
0
1
1
0
0
0
-1
1
1
0
0
0
0
0
0
0
1
0
0
0
1
0
0
0
0
0
-1
0
0
0
0
0
0
0
0
0
0
-1
-1
-1
0
0
0
0
-1
0
0
0
0
0
0
0
0
0
1
0
1
0
0
0
0
0
0
1
-1
0
1
-1
0
0
0
0
0
0
0
-1
0
0
0
-1
0
-1
0
0
0
0
0
-1
0
0
0
0
0
0
-1
0
0
0
0
0
0
0
0
-1
-1
0
0
0
0
0
1
0
0
0
0
0
-1
0
0
0
0
0
0
0
0
0
1
0
1
0
0
1
-1
1
0
0
0
-1
-1
0
0
0
-1
0
-1
0
0
0
-1
0
0
0
0
1
0
0
0
0
0
0
1
0
1
0
0
0
0
0
0
1
0
0
0
1
1
0
0
0
0
0
0
0
0
-1
1
0
0
0
0
0
0
0
1
0
0
-1
0
0
0
-1
-1
0
0
1
0
-1
0
0
0
0
0
0
-1
-1
0
0
-1
1
0
1
0
0
0
0
0
0
1
0
0
0
-1
0
0
0
0
0
1
-1
0
0
0
0
0
0
0
0
0
1
0
0
0
0
0
0
-1
0
0
-1
0
0
-1
0
0
0
0
0
0
0
0
1
0
0
-1
1
0
0
-1
-1
0
0
0
1
-1
0
0
0
-1
1
0
0
0
1
-1
0
0
0
0
0
0
0
0
0
0
0
-1
0
0
0
0
0
0
0
0
0
0
1
-1
0
0
-1
1
0
0
0
0
0
0
0
0
0
0
0
0
0
0
-1
0
0
0
0
0
0
0
-1
0
0
0
-1
0
0
-1
-1
0
0
0
0
0
1
1
-1
0
-1
0
0
0
0
0
0
0
0
1
0
0
0
0
-1
1
0
0
1
0
0
0
0
0
1
1
0
0
0
0
0
-1
0
-1
1
0
1
0
0
1
0
0
1
0
0
0
1
-1
-1
1
0
0
0
-1
0
0
1
0
0
0
0
0
0
-1
0
0
0
-1
0
0
1
1
-1
0
0
0
0
0
0
0
0
0
-1
1
0
0
1
0
0
0
0
1
-1
0
0
0
0
-1
1
0
0
-1
0
0
0
0
0
-1
0
-1
1
0
0
1
0
0
0
0
0
0
0
0
-1
0
0
0
1
0
1
0
0
0
0
-1
0
0
1
1
0
0
0
-1
-1
0
0
0
-1
0
0
1
0
1
0
0
1
0
0
1
0
0
0
0
0
0
0
0
0
0
0
-1
1
0
0
0
0
0
0
0
0
0
0
-1
0
-1
0
0
0
0
0
-1
0
0
0
1
0
0
0
0
0
0
0
0
0
-1
1
1
-1
0
0
0
0
0
0
0
0
0
0
0
0
0
-1
0
0
0
0
0
0
0
0
-1
0
0
0
0
-1
0
-1
0
0
0
0
0
-1
0
0
-1
0
0
0
1
0
0
0
0
0
0
1
0
0
0
0
0
1
0
0
0
1
1
0
0
0
0
0
0
0
0
1
1
1
0
0
-1
0
0
0
-1
-1
0
0
0
0
0
0
0
0
0
0
0
0
0
0
0
0
0
0
0
0
0
1
1
1
0
-1
0
0
0
0
0
0
1
-1
-1
0
0
0
0
0
1
0
-1
0
0
0
0
0
0
0
0
-1
0
0
0
0
1
0
0
0
0
0
-1
1
1
0
0
0
0
1
0
0
0
0
0
0
0
0
0
0
0
0
1
0
0
0
0
0
0
1
0
0
0
0
0
0
0
0
0
0
1
0
-1
0
0
0
0
-1
0
0
0
0
0
0
-1
0
0
-1
0
0
0
-1
1
0
0
0
0
0
0
0
0
0
0
0
0
0
-1
0
-1
0
0
0
0
0
0
0
0
0
1
0
0
0
0
0
0
0
0
0
0
0
1
0
0
0
0
0
0
0
0
0
-1
0
0
1
0
0
0
0
0
0
0
1
0
0
0
0
0
0
-1
0
1
0
0
0
0
0
0
0
0
-1
0
0
0
0
0
0
0
0
1
0
-1
0
1
0
0
-1
0
0
0
0
-1
0
0
0
0
1
0
0
0
0
0
0
0
0
-1
0
0
0
0
0
0
0
0
0
1
0
0
0
0
0
1
0
0
1
0
1
-1
0
0
0
0
0
0
0
0
-1
0
-1
-1
0
0
0
0
0
0
0
0
0
0
-1
0
-1
0
0
0
0
0
0
-1
0
0
0
0
0
0
0
0
0
0
0
0
0
0
0
0
0
1
1
0
-1
0
0
0
0
0
0
0
0
0
0
0
0
0
0
0
0
1
0
0
0
0
0
1
0
0
0
0
0
0
0
-1
-1
0
0
0
0
0
-1
-1
0
0
0
-1
1
0
0
-1
0
0
0
0
0
0
0
0
0
0
0
0
0
0
0
0
1
0
0
-1
0
0
0
0
0
0
1
0
0
-1
-1
0
0
0
0
-1
0
0
0
0
0
1
0
0
1
0
1
0
0
0
0
0
0
-1
0
0
0
0
0
0
1
0
0
0
0
0
0
-1
-1
0
-1
0
0
0
0
0
0
0
0
0
0
0
0
0
0
-1
0
0
0
0
1
0
0
0
0
0
0
0
0
0
0
-1
1
-1
0
0
0
0
0
0
0
0
1
0
1
0
0
0
1
-1
0
0
0
0
0
0
0
0
0
0
-1
0
0
0
0
1
1
0
1
0
0
0
0
0
0
0
0
0
0
-1
-1
-1
-1
0
0
0
0
0
-1
0
0
0
0
0
-1
0
-1
0
1
0
0
1
0
0
-1
0
-1
0
0
0
-1
0
1
-1
0
0
0
0
-1
0
1
0
-1
1
1
0
1
-1
0
0
1
0
0
-1
1
0
0
1
0
0
0
0
1
0
0
0
0
1
0
-1
0
-1
0
1
0
1
-1
0
1
0
0
0
0
0
-1
0
0
0
0
0
0
0
0
0
0
-1
0
1
0
1
0
-1
0
0
1
0
0
0
0
0
0
-1
0
-1
0
0
0
0
0
0
0
1
0
1
0
0
0
0
0
-1
0
0
0
0
0
-1
0
0
0
0
0
0
1
0
0
0
0
1
0
0
0
0
0
0
0
0
0
-1
0
1
0
0
0
0
0
0
0
0
0
0
0
0
0
0
0
-1
1
0
0
0
-1
0
0
0
1
0
0
0
-1
0
0
0
0
1
1
0
1
0
0
-1
0
-1
0
0
0
0
0
0
0
0
0
0
0
0
0
1
0
0
0
0
0
0
0
0
0
0
0
0
0
0
0
0
0
0
1
0
0
0
1
0
0
0
0
0
0
0
0
1
1
0
0
1
0
0
0
0
0
1
0
0
-1
1
0
-1
-1
0
0
0
0
0
1
0
1
0
0
0
1
0
-1
0
-1
0
0
-1
0
0
0
-1
0
0
0
0
0
0
0
0
1
-1
0
0
0
0
-1
0
0
0
0
0
1
0
0
0
0
0
0
0
0
1
1
0
0
0
0
0
0
0
0
0
1
0
-1
0
0
0
0
0
0
0
0
0
0
1
0
1
1
1
0
0
0
0
0
0
0
0
0
0
0
0
-1
0
0
0
-1
0
-1
0
0
0
0
0
0
0
-1
1
0
1
0
0
0
0
1
1
0
-1
0
1
-1
0
0
0
0
0
0
0
0
0
0
0
0
0
1
-1
0
0
0
0
0
0
0
-1
0
-1
0
0
0
0
0
-1
0
1
0
0
0
1
0
0
0
0
0
0
0
0
0
0
0
0
0
0
1
0
1
0
-1
-1
-1
0
0
0
0
0
0
0
-1
0
0
1
-1
0
1
0
0
0
0
0
0
0
-1
0
0
0
0
0
0
0
0
0
0
0
0
0
0
0
0
0
0
0
0
0
0
1
0
1
0
0
0
1
0
0
-1
1
0
-1
0
0
-1
0
0
0
0
-1
0
0
0
0
1
0
0
0
1
0
0
1
-1
0
0
0
0
0
0
-1
0
1
0
0
0
1
-1
0
0
0
-1
0
0
0
-1
0
1
0
-1
0
0
-1
-1
0
0
0
0
-1
-1
-1
0
0
0
0
0
0
0
0
0
1
0
-1
0
1
0
1
0
0
0
-1
0
0
0
0
0
0
-1
1
0
0
0
0
1
0
0
0
-1
0
1
0
0
0
0
0
0
0
0
0
0
-1
1
-1
0
1
0
0
0
0
0
0
0
0
0
0
0
0
0
0
0
1
0
0
0
0
-1
1
0
0
0
0
0
0
0
0
0
0
0
0
-1
0
0
0
-1
0
0
1
1
0
0
0
0
-1
0
1
0
-1
0
0
0
0
-1
0
0
0
0
0
-1
-1
0
0
0
0
1
0
0
0
0
-1
0
0
0
0
0
0
0
0
1
0
-1
0
0
-1
0
0
0
0
0
0
0
0
0
0
0
1
0
0
0
0
-1
-1
0
-1
0
0
0
-1
0
0
0
0
1
1
-1
0
0
-1
-1
0
0
-1
0
0
-1
0
0
-1
1
-1
0
0
-1
0
0
0
0
0
0
0
1
0
0
-1
1
1
0
0
0
0
0
0
0
0
0
1
0
0
0
0
0
0
-1
0
0
-1
0
0
1
0
0
1
0
0
0
1
0
0
0
0
0
0
1
-1
0
0
0
1
0
-1
0
0
0
0
0
-1
0
0
0
0
1
0
0
1
0
0
0
1
0
0
0
0
0
1
0
0
0
0
0
0
0
1
0
0
0
0
-1
0
0
-1
-1
0
-1
0
0
0
1
1
0
0
0
-1
1
0
0
0
0
1
0
1
0
0
1
1
0
0
0
0
0
-1
0
0
0
-1
0
0
1
0
0
0
0
1
0
1
0
0
0
0
-1
0
0
0
0
0
-1
0
0
0
1
1
0
0
-1
0
0
1
0
0
-1
1
0
0
0
0
-1
0
0
0
0
0
0
0
0
0
0
0
1
0
0
0
-1
0
1
0
0
1
-1
0
-1
-1
0
0
0
0
0
0
0
0
-1
0
-1
1
0
1
1
0
0
0
0
0
0
0
0
0
0
0
0
0
0
1
0
-1
0
0
0
0
0
0
-1
0
0
-1
0
0
0
0
0
0
0
1
1
0
0
0
0
0
0
0
-1
0
0
0
0
0
0
-1
-1
0
0
0
0
0
1
0
1
-1
0
0
-1
0
0
0
1
0
0
0
0
0
0
0
1
0
1
0
0
0
-1
-1
0
0
0
0
1
0
-1
0
0
0
0
1
0
-1
0
0
0
0
0
1
0
0
0
0
0
0
0
0
0
0
1
0
0
0
0
0
0
0
0
0
0
0
0
0
-1
-1
0
0
0
0
0
0
-1
0
0
-1
0
0
0
0
0
0
0
0
0
0
0
0
0
0
0
0
0
-1
0
0
1
0
0
-1
1
0
0
0
0
0
0
0
0
0
0
-1
1
0
0
-1
0
0
0
1
0
-1
0
0
0
0
0
0
0
1
-1
0
-1
0
-1
-1
0
0
0
1
0
0
0
0
0
1
0
-1
-1
0
0
0
0
0
0
0
-1
0
-1
0
1
0
0
0
0
1
0
0
0
0
0
-1
-1
0
0
0
0
-1
0
1
0
1
0
0
0
0
-1
0
0
0
-1
0
0
0
0
0
0
0
0
-1
0
0
0
1
0
1
0
-1
0
1
0
0
-1
0
0
0
0
0
0
1
0
1
0
0
0
0
0
1
0
1
0
0
0
1
0
0
0
0
0
-1
0
0
0
0
0
0
0
0
0
-1
0
0
0
0
0
0
0
0
0
0
1
0
1
0
0
1
0
0
1
0
0
1
0
0
1
0
0
0
0
0
0
0
0
0
0
0
1
0
0
-1
0
0
-1
0
-1
0
0
1
1
0
0
0
-1
0
0
0
0
0
0
1
0
0
-1
0
0
0
0
-1
0
1
0
0
0
0
0
-1
0
0
0
0
0
0
0
1
0
0
0
0
0
-1
0
0
0
0
0
1
0
0
0
0
0
0
0
1
0
-1
0
-1
1
0
0
0
0
-1
0
-1
0
0
0
0
-1
1
0
0
0
1
0
-1
0
1
1
0
-1
0
0
0
0
0
0
0
0
-1
0
0
0
0
1
-1
0
0
-1
0
0
0
0
0
1
1
0
0
0
-1
-1
0
0
0
1
0
0
0
0
0
0
1
0
0
-1
0
0
1
0
0
0
0
0
1
0
0
-1
0
0
0
0
0
0
0
0
1
0
0
0
0
0
0
0
0
1
0
0
0
0
0
0
-1
0
0
0
0
1
0
0
1
0
0
0
1
-1
0
-1
0
0
0
1
0
0
0
0
0
0
1
0
0
0
0
0
0
0
0
0
-1
0
0
0
1
0
0
0
1
0
0
0
0
0
0
0
0
0
0
1
0
1
0
-1
0
0
-1
0
0
0
-1
0
0
0
-1
0
-1
1
-1
1
0
0
0
0
0
1
0
1
0
0
0
0
0
0
0
0
0
0
0
1
0
0
-1
0
0
0
0
0
0
0
0
0
0
-1
0
0
1
0
0
-1
0
0
0
0
0
0
0
0
-1
0
1
0
0
0
0
1
0
0
0
0
0
-1
0
0
-1
0
0
0
0
0
0
0
0
0
0
0
1
1
1
1
0
0
-1
1
0
0
0
0
0
0
0
0
0
0
0
0
1
0
0
1
0
1
0
0
1
0
0
0
0
1
0
0
-1
0
0
1
1
0
0
-1
0
-1
-1
0
0
0
1
1
0
-1
0
1
0
0
0
0
1
0
1
-1
0
1
0
0
0
-1
0
0
0
1
0
-1
0
-1
-1
0
0
1
0
0
0
1
1
0
0
1
1
-1
0
-1
0
0
0
1
0
0
0
0
-1
0
0
-1
0
0
-1
-1
1
0
0
0
0
-1
0
1
0
0
0
-1
1
0
1
0
1
-1
0
0
0
-1
0
0
0
0
0
0
0
0
0
0
0
0
0
0
0
0
0
1
0
0
0
0
1
0
0
0
1
0
0
0
1
1
0
0
0
1
1
2
2
3
4
3
3
5
5
5
6
6
5
6
4
4
2
3
3
4
3
2
1
0
-1
-1
0
0
0
0
-1
-3
-4
-4
-4
-5
-4
-4
-3
-4
-6
-6
-8
-7
-5
-2
1
1
0
0
-1
0
2
5
7
7
6
8
7
6
4
9
14
23
23
23
24
26
21
19
27
35
31
23
23
26
19
13
16
23
28
29
24
20
20
20
21
23
32
35
31
24
22
21
20
19
27
35
33
28
29
31
24
21
31
41
35
23
22
24
15
-2
-3
6
1
-16
-26
-27
-33
-50
-57
-50
-49
-59
-70
-75
-81
-94
-102
-100
-98
-105
-109
-112
-118
-124
-125
-129
-131
-124
-117
-120
-125
-120
-112
-112
-117
-107
-90
-86
-92
-88
-75
-73
-83
-79
-50
-33
-35
-30
-4
12
2
-4
25
60
63
54
68
89
80
54
58
87
97
83
81
97
105
93
82
95
124
139
131
132
147
149
122
111
135
156
144
132
148
165
143
115
120
146
149
138
145
160
150
117
106
121
137
138
136
139
141
139
127
112
118
143
154
129
107
121
128
87
44
57
90
65
3
-10
7
-28
-101
-125
-100
-115
-187
-221
-208
-234
-290
-310
-303
-297
-313
-340
-341
-334
-354
-378
-385
-374
-363
-382
-407
-400
-397
-414
-415
-393
-373
-374
-374
-347
-320
-314
-293
-255
-226
-185
-148
-124
-81
-44
-17
31
81
114
152
183
208
234
258
288
308
309
326
348
339
328
342
347
333
326
324
316
308
301
293
288
281
273
266
262
256
244
236
230
226
220
220
219
217
207
206
221
210
203
217
240
226
212
214
220
204
180
176
129
182
226
173
100
111
288
186
-38
-1
213
256
-51
-136
92
197
-69
-361
-126
124
-41
-352
-364
-2
0
-471
-655
-194
72
-419
-679
-347
-45
-327
-773
-512
-85
-247
-667
-629
-254
-292
-669
-768
-457
-341
-658
-808
-625
-505
-665
-915
-809
-549
-586
-773
-758
-526
-447
-519
-491
-316
-115
-103
-91
71
228
301
299
395
565
650
644
648
742
804
751
705
761
790
691
582
568
572
495
408
386
382
356
310
270
250
250
235
203
198
211
191
172
166
141
135
146
153
143
134
159
156
124
114
111
155
171
102
213
293
112
85
195
246
281
201
139
314
318
174
154
122
303
326
39
-29
286
358
-187
-291
4
169
17
-499
-308
117
-79
-503
-683
-215
33
-415
-711
-323
60
-437
-744
-445
-174
-236
-659
-424
6
-347
-666
-519
-413
-516
-686
-735
-495
-572
-991
-1002
-871
-937
-1009
-1085
-926
-612
-765
-992
-778
-525
-483
-474
-216
164
213
117
262
500
616
623
688
889
1035
1000
896
869
905
837
679
669
809
777
500
355
429
326
77
90
266
188
33
75
148
122
38
3
34
185
279
229
166
220
288
198
164
97
321
456
150
85
234
431
121
-127
128
448
467
-142
102
636
205
-115
81
440
355
64
194
524
436
-197
33
757
72
-423
327
538
2
-382
-127
288
-48
-591
-266
395
-35
-689
-251
26
-152
-445
-614
-71
-37
-366
-416
-295
-27
-339
-562
-265
60
-168
-480
-167
-100
-371
-730
-673
-180
-450
-1126
-901
-445
-942
-1520
-1377
-945
-874
-1280
-1312
-797
-710
-1055
-983
-487
-55
-47
-183
178
630
537
341
583
981
1016
853
953
1113
957
711
646
709
768
682
505
454
452
262
-3
-37
140
160
4
-61
5
168
90
-231
-95
228
83
11
237
356
320
137
243
557
354
116
431
515
216
305
354
259
335
212
240
286
131
173
155
185
65
19
247
36
9
143
208
140
-33
302
222
120
44
106
560
182
-422
168
899
-180
-801
224
573
-616
-874
15
750
-267
-971
-3
411
-404
-699
-93
75
-162
-70
-331
-219
109
-278
-675
-218
522
-107
-690
-160
45
-499
-1070
-616
-168
-465
-1229
-1285
-726
-1202
-1766
-1692
-1157
-979
-1246
-1303
-1277
-997
-978
-1043
-670
-106
150
54
199
520
680
691
789
961
1103
1223
1225
1111
966
840
690
634
780
802
452
155
278
371
26
-256
-61
153
31
-50
128
255
158
13
13
206
460
449
340
417
426
354
306
389
526
409
129
245
821
456
-342
325
611
-172
-118
482
530
-205
-228
366
58
-462
47
663
27
-307
172
832
318
-795
277
893
67
91
509
433
76
-65
-127
264
206
-291
220
107
-369
-38
-169
-452
-372
-120
-79
-149
-108
-367
-185
-77
-551
-323
249
137
-329
-227
106
15
-177
-274
-21
-37
-304
-108
-393
-727
-611
-975
-1297
-1180
-1042
-1201
-1879
-2045
-1383
-1523
-2049
-1658
-1364
-1525
-1225
-629
-360
-398
-315
172
556
507
772
1389
1446
1149
1246
1483
1427
1216
1074
1016
1001
989
838
557
373
215
-53
-170
1
264
239
-162
-232
161
119
-230
-76
325
357
50
146
665
517
-77
-34
489
660
427
356
507
354
180
201
-52
157
564
366
-46
30
626
175
-598
-244
373
474
60
-68
409
310
-606
-300
537
456
257
218
433
516
149
-125
224
629
358
66
169
305
89
-493
-351
-185
200
-102
-421
-229
-204
-254
-526
-184
-221
-256
-113
-166
-114
-16
203
3
-48
-260
162
319
10
95
74
-5
-282
-556
-370
-509
-724
-1063
-1304
-1221
-1372
-1908
-2348
-2010
-1886
-1860
-1701
-1822
-1554
-1380
-1163
-814
-392
-39
-18
229
667
1077
1157
1216
1473
1524
1397
1386
1612
1609
1227
892
880
912
647
346
233
101
-144
-257
-143
-75
-109
-91
-65
-109
-106
11
105
226
199
203
370
464
374
37
125
518
665
276
135
571
344
111
102
434
584
119
77
86
362
293
-150
107
290
-258
-259
273
328
459
-113
-66
577
313
67
180
576
360
467
275
19
337
200
248
-193
66
436
183
-174
-448
22
-276
-459
-224
-101
-202
-242
255
48
-467
-232
435
-15
-318
393
597
166
-408
43
226
-339
59
656
321
-158
-120
-351
-701
-922
-1119
-1078
-1121
-1230
-1609
-2539
-2986
-2359
-2044
-2386
-2186
-1613
-1529
-1783
-1600
-863
-322
-201
61
656
1277
1549
1421
1380
1637
1793
1733
1827
2081
2014
1555
1182
1125
1064
670
204
96
110
-147
-356
-342
-484
-609
-373
-230
-349
-165
130
-21
-221
107
418
280
226
220
174
330
462
338
290
158
136
449
187
182
575
349
-136
36
514
-145
-163
497
19
-112
233
538
422
-200
-7
645
686
218
670
1068
103
332
899
280
60
556
749
-6
-134
258
-46
-253
-25
191
1
-372
-196
198
-488
-961
10
609
-230
-857
-91
584
-165
-1076
403
1372
-10
-194
565
674
-346
-744
274
720
81
-587
88
12
-948
-1120
-1074
-561
-1088
-1970
-1676
-2203
-2842
-2777
-2976
-2684
-2129
-2233
-2145
-1407
-1199
-1317
-809
-225
148
525
1191
1634
1430
1487
1781
1743
1695
1790
2027
2107
1638
1356
1314
785
326
312
303
139
-253
-497
-291
-416
-947
-802
-225
-207
-408
-289
-58
-5
-186
-142
369
574
242
242
572
536
402
468
360
329
537
370
138
460
528
37
4
265
-18
-114
374
409
22
82
349
420
368
125
231
826
826
310
272
435
473
582
399
425
645
194
-121
173
229
70
321
58
-335
197
127
-174
-15
-93
-206
-651
-528
-147
-366
-248
-364
-127
43
-345
113
308
89
201
435
339
158
254
-34
-165
-8
56
-139
-701
-887
-805
-1259
-1744
-1665
-2039
-2906
-3229
-3168
-3064
-2838
-2593
-2327
-2003
-1855
-1600
-1061
-723
-319
414
899
1315
1914
1935
1673
1924
2186
2163
2319
2633
2576
2011
1446
1215
934
500
375
374
145
-163
-311
-550
-885
-943
-722
-587
-650
-273
-16
-163
-316
-273
203
176
262
616
611
582
383
170
248
580
176
26
664
728
347
-126
172
470
-350
-411
819
403
-610
354
739
89
-144
324
936
501
-113
745
1601
249
-151
1196
843
-205
12
980
1061
7
-326
394
494
-430
-516
201
75
-290
-278
-304
-624
-479
-61
-508
-250
287
-313
-315
-223
-431
451
780
145
210
108
-78
316
235
69
313
170
-93
58
-317
-1268
-1039
-368
-1189
-2032
-1848
-1905
-2549
-3702
-4234
-3085
-2384
-2928
-2483
-1333
-1536
-2463
-2087
-598
208
386
1153
2002
1928
1485
1633
2088
2084
1954
2393
2975
2802
2011
1459
1184
617
127
401
739
256
-301
-333
-583
-1190
-1298
-794
-539
-652
-382
-63
-216
-460
-623
-464
-40
353
924
825
151
441
534
-191
50
768
1008
948
532
620
925
179
-458
255
916
483
-20
487
951
-136
-1184
-413
937
739
-79
303
1268
1030
-389
47
1275
1272
542
118
1492
1378
-223
-517
122
943
91
-480
522
476
-690
-1427
-839
226
-144
-812
-445
-143
-130
-527
-493
-96
283
606
177
34
53
660
425
-757
78
942
337
-544
-83
363
-805
-1682
-1385
-400
-1085
-2980
-3162
-2659
-3725
-4963
-4202
-2896
-2611
-2722
-2137
-1387
-1835
-2371
-1226
507
1273
1842
2650
2757
2066
1668
2090
2645
2924
3248
3565
3359
2579
1773
1242
773
403
446
724
740
314
-511
-1399
-1804
-1708
-1434
-969
-353
-118
-578
-1026
-937
-819
-701
-226
451
1065
1010
414
258
187
-10
486
1345
1845
1762
1028
463
429
88
-292
108
944
1166
566
208
281
-218
-954
-504
542
1108
1062
783
688
221
-364
-351
565
1097
1226
1293
419
280
174
-318
-399
-257
561
824
450
-250
-587
-671
-1062
-585
-90
407
523
-645
-1212
-1045
-530
-32
-426
373
1314
173
-442
16
445
39
-431
612
1300
766
-453
-1237
-914
-525
-549
-1049
-1178
-1382
-2744
-4332
-4772
-4271
-4241
-4304
-3227
-1702
-1507
-2489
-2968
-2648
-1988
-659
1400
2970
3135
2541
2033
1526
1525
2724
3857
3988
3957
4054
3427
1741
606
899
857
560
1291
1658
743
-896
-2428
-2495
-1755
-1409
-835
-301
-483
-1076
-1713
-1701
-1120
-814
-513
247
1109
1371
662
-241
-376
65
569
1222
2087
2405
1377
7
-41
682
802
579
843
1416
1108
-171
-533
217
70
-573
-249
683
1190
630
-89
50
26
-584
173
1413
1419
1001
669
502
170
36
-139
621
1083
-12
198
134
-171
-763
-2010
-764
766
36
-1058
-383
120
-1187
-1940
-595
1208
605
-401
820
1349
-652
-1583
451
1658
345
-173
981
818
-1107
-2205
-1185
-446
-2168
-3270
-2230
-3070
-5899
-6709
-5519
-3978
-2321
-1635
-2107
-2644
-3164
-3235
-1947
538
3096
3889
2885
2473
2876
2510
2129
3206
4749
5031
4497
4220
3429
1654
344
351
1005
1821
2406
1650
-492
-2129
-2328
-2096
-1769
-902
-233
-799
-2059
-2759
-2626
-2255
-2023
-1563
-436
836
1201
418
-806
-1509
-976
752
2662
3514
2869
1370
205
132
950
1942
2458
2226
1557
916
355
-154
-460
-589
-467
272
1225
1171
-15
-1101
-1434
-1147
-78
1366
1696
611
-253
-320
-633
-681
786
2164
1266
-316
92
1105
106
-1380
-640
1119
1099
-75
177
716
-985
-2693
-1401
1135
1469
-303
-922
-293
-1002
-1661
-509
792
1283
737
-298
-124
148
-725
-929
-437
-577
-701
-961
-2407
-4360
-5974
-6887
-6393
-4604
-1869
637
-595
-5103
-6866
-4806
-2611
-161
3384
5410
4024
1081
84
1448
2673
3588
5515
7260
6900
4794
2707
1311
404
707
2506
4071
3848
2117
-392
-2924
-3914
-2604
-655
270
234
-707
-2629
-4409
-4710
-3682
-2170
-906
-283
-209
-636
-1524
-2398
-2198
-631
1429
2749
3003
2426
1189
260
285
1982
3931
4229
3303
1899
1396
1046
630
866
1006
867
200
-41
107
-315
-1024
-1575
-1022
142
243
-376
-544
-625
-766
-686
-516
195
973
772
216
140
458
714
536
590
1381
1171
-106
-168
401
535
-111
-548
891
1625
208
-1447
-1702
-675
-695
-672
683
863
-532
-1637
-993
203
190
-419
-819
-591
-1237
-3527
-4936
-4888
-5761
-7528
-6742
-2544
922
-231
-4387
-6671
-5671
-3841
-1381
3410
7095
5070
328
-1351
472
2835
4527
6221
7391
6694
4892
3470
2377
1428
1238
2139
3596
4567
3909
1078
-2586
-4357
-3136
-643
984
1128
-197
-2888
-5428
-5508
-3134
-913
-566
-1216
-1600
-1870
-2470
-3020
-2948
-2045
-404
1319
2116
1709
768
-58
-197
1250
4184
6289
5382
2642
1060
1259
1844
2607
3641
3337
1130
-603
-398
196
-64
-529
-672
-700
-755
-892
-1101
-1328
-1573
-1470
-643
318
527
-67
-1031
-1616
-938
637
1628
1531
859
-137
-850
-241
1261
2029
1632
971
495
114
-51
42
103
28
-92
-207
-5
550
408
-993
-2051
-1436
-567
-1022
-1835
-1985
-2662
-4691
-6561
-7102
-7160
-6590
-3496
760
1054
-3470
-7088
-6366
-3833
-993
3397
7134
5772
564
-2318
-442
2961
5249
7039
8237
6919
3643
1724
1972
2268
2241
3126
4222
4001
2597
520
-2055
-3614
-2385
647
2565
2000
-390
-3520
-5878
-5523
-2470
320
446
-1124
-2347
-2978
-3456
-3290
-2367
-1691
-1398
-432
852
722
-711
-1395
-418
1578
3912
5451
4811
2574
1067
1421
2904
4439
5029
3892
1558
-163
-152
895
1637
1432
313
-1212
-2066
-1647
-922
-981
-1305
-1139
-920
-1043
-1123
-1156
-1529
-1853
-1277
175
1397
1234
-129
-1167
-841
426
1726
2405
2124
1159
291
85
698
1731
2056
1065
-30
54
478
6
-550
-90
394
-222
-986
-1051
-1414
-2568
-3296
-3204
-3583
-5165
-7354
-9105
-8560
-4178
1290
1832
-3498
-8111
-7421
-4367
-1650
2807
7909
7242
366
-4007
-1071
3907
6068
7171
8391
7015
3140
1064
2131
3275
3156
3385
4196
4195
3092
1049
-1893
-3814
-2321
1206
2969
1836
-697
-3590
-5808
-5324
-1874
1326
1272
-1076
-2929
-3599
-3779
-3239
-2091
-1555
-1531
-813
4
-228
-624
-316
-66
335
2195
4574
4857
2855
1171
1525
2992
4048
4386
3967
2422
623
349
1562
2478
2118
734
-949
-1813
-1398
-680
-442
-479
-852
-1669
-2095
-1593
-1043
-1331
-1945
-1766
-762
-71
-180
-303
-208
-502
-617
557
2103
2235
1240
584
566
803
1350
1962
1788
760
36
338
977
1124
788
148
-619
-908
-641
-869
-2023
-3200
-4068
-5248
-6675
-7847
-8565
-7541
-3412
895
-108
-5908
-9331
-6989
-2982
13
4115
7998
5915
-1306
-4690
-320
5679
8013
8334
8186
5626
1378
-138
2185
4862
5598
4949
3625
2198
1304
300
-1404
-2052
-107
2330
2258
-40
-2448
-4309
-5418
-4240
-519
2325
1064
-2650
-4802
-4375
-3067
-1845
-842
-745
-1670
-2374
-2032
-1064
74
960
927
536
1398
3068
3224
1957
1896
3419
4254
3913
3729
3288
1621
386
1404
3135
3180
1634
-146
-1412
-1676
-725
563
802
-304
-1690
-2442
-2562
-1955
-740
-438
-1779
-2629
-1599
-525
-570
-457
45
-186
-703
-220
972
1583
1111
488
776
1488
1708
1732
1570
624
-48
801
1811
1620
1091
586
-425
-1018
-503
-352
-1363
-2387
-3137
-4525
-6360
-7878
-9062
-8914
-5288
298
1648
-3841
-9968
-10006
-5479
-1106
3126
7689
7692
533
-6098
-3958
3501
8136
9212
9367
7167
2187
-758
1381
5373
7039
5958
3979
2462
1570
810
-212
-938
-15
2232
2866
601
-2062
-3599
-4918
-4761
-1281
2286
1475
-2341
-4923
-5074
-3817
-2000
-621
-655
-1898
-3043
-2900
-1444
308
1239
796
-199
273
2492
3784
2812
1948
2823
3737
3617
3687
3873
2594
750
958
2875
3745
2731
953
-892
-2087
-1532
302
1437
879
-768
-2528
-3492
-2920
-1122
40
-876
-2459
-2351
-1140
-784
-850
-308
-191
-857
-607
892
1840
1319
256
40
1099
2244
2133
1130
348
203
772
1740
2187
1670
420
-1152
-1818
-626
727
4
-1933
-3273
-4554
-6449
-7843
-8241
-8064
-6027
-1401
1456
-2393
-9293
-10693
-6050
-1852
1083
6035
8695
2787
-5806
-6075
1385
7720
9802
9958
8026
3038
-1326
-322
4687
8020
7337
4887
2704
1145
436
262
-53
273
1872
2714
1086
-1318
-2782
-4121
-4857
-2497
1564
2124
-1669
-5019
-5321
-4328
-2926
-757
367
-1032
-2773
-2738
-1956
-1232
236
1611
1279
599
1637
3009
2664
1889
2574
3843
4324
4253
3685
2123
510
558
2227
3793
3723
1833
-673
-2272
-2192
-621
1127
1259
-333
-1994
-2893
-3160
-2279
-536
-34
-1344
-2225
-1620
-1123
-1340
-1045
-244
-40
22
798
1440
1111
512
422
929
1805
2261
1727
825
276
253
951
1945
2080
1097
-276
-1248
-1135
-415
-645
-1710
-2333
-3354
-5923
-8450
-9305
-8479
-5192
10
1852
-3338
-10288
-11272
-6632
-1732
2372
6775
7479
811
-6826
-5918
2033
8043
9364
9119
7264
2458
-1407
358
5582
8451
7342
4783
2669
1296
822
1005
1205
1551
2191
1998
364
-1343
-2324
-3422
-3926
-1767
1528
1376
-2672
-5871
-5560
-3873
-2542
-1015
-96
-1595
-4142
-4400
-2076
217
1116
1196
867
429
876
2349
3344
3155
3042
3664
4062
3913
3690
2939
1580
1243
2528
3558
2953
1330
-450
-1764
-1638
19
1505
1120
-815
-2630
-3366
-3120
-1997
-609
-508
-1933
-2914
-2383
-1470
-878
-290
-146
-780
-1001
32
1264
1517
1112
929
1096
1335
1690
2101
1979
1232
763
1033
1425
1432
1016
138
-733
-837
-526
-740
-1259
-1743
-3211
-5930
-8106
-8797
-8670
-6659
-1562
2218
-1402
-9382
-12066
-7442
-2347
624
4814
7990
3529
-5566
-7841
-503
7335
9618
9213
8138
4151
-1065
-1247
4323
8979
8588
5572
2915
1234
765
1116
1194
1418
2478
2709
875
-1148
-1986
-2894
-3820
-2484
605
1423
-1486
-4765
-5535
-4628
-3396
-1677
-202
-772
-3020
-4349
-3627
-1945
-43
1729
1999
574
-54
1213
2210
2260
3336
5089
5033
3573
2860
2593
1766
1571
2962
4283
3699
1732
-52
-1110
-1448
-720
683
1257
313
-1439
-3226
-4125
-3066
-918
-121
-1059
-1895
-2046
-2336
-2426
-1351
141
440
-241
-269
552
865
582
1026
2033
2065
1296
1284
1913
1851
1326
1400
1671
1323
762
371
-32
2
488
5
-1657
-2714
-2907
-3846
-5599
-7113
-8490
-9025
-6174
-621
1479
-3617
-10296
-10696
-5812
-1648
1606
6164
7305
359
-7612
-6251
2472
8832
9995
9236
6724
1635
-1779
778
6510
9452
7993
4770
2277
1098
829
1113
1774
2474
2646
1857
312
-1228
-2450
-3532
-3616
-1504
1115
665
-2864
-5597
-5557
-4342
-3086
-1458
-487
-1891
-4635
-5632
-3761
-632
1673
1950
485
-741
-126
1594
3000
4119
5054
4820
3501
2918
3525
3598
2747
2741
3818
4003
2688
1107
-280
-1392
-1283
40
1029
840
-343
-2320
-4192
-4453
-2904
-908
-42
-835
-2257
-3108
-3294
-2520
-477
1074
515
-478
-113
536
649
1166
1989
2113
1736
1478
1387
1484
1684
1731
1715
1697
1348
579
-183
-320
168
86
-1211
-2336
-2623
-3734
-6044
-7748
-8512
-8485
-5575
-173
1506
-4146
-10995
-11136
-5758
-1170
1996
6243
7309
24
-8369
-6298
3586
9661
9738
8939
6866
1265
-2837
386
7400
10235
7408
3600
1732
1039
843
1332
2003
2348
2429
1789
168
-1326
-2145
-3175
-3687
-1606
1535
1255
-2672
-5556
-5268
-4068
-2986
-1188
-124
-1884
-4721
-5474
-4041
-1699
1126
2815
1470
-940
-765
1422
2716
3431
5012
5825
4394
2893
3171
3494
2588
2379
3858
4707
3397
1405
-136
-1537
-1907
-175
1727
1279
-729
-2416
-3832
-4749
-3550
-753
446
-1122
-3007
-3327
-2947
-2482
-998
905
1016
-324
-532
552
1209
1514
2077
2119
1678
1880
2398
2183
1565
1275
1336
1628
1948
1763
735
-753
-1638
-1329
-756
-931
-1699
-3324
-6350
-9314
-10355
-9543
-6425
-485
3288
-1636
-11076
-13474
-7337
-1652
1139
5889
9377
3394
-7192
-8467
929
9159
10530
9750
8688
3945
-2280
-2290
4521
10021
9443
5907
2993
1003
-58
134
1025
2122
2990
2423
396
-1259
-2200
-3837
-4975
-2667
1436
1940
-1841
-4969
-5132
-4637
-4065
-1841
311
-679
-3391
-4490
-3877
-2500
-193
1727
1446
400
897
2040
2053
1880
3105
4713
4887
4298
4357
3940
1973
869
2512
4398
4086
2604
856
-1385
-2622
-1338
790
1401
449
-1385
-3767
-5238
-4131
-1496
-249
-1065
-1979
-2239
-2789
-2969
-1328
687
729
-179
136
952
805
598
1452
2444
2619
2607
2810
2358
1051
312
1035
2278
2800
2361
1118
-702
-2161
-2149
-991
-141
-369
-1833
-4746
-7963
-9461
-9569
-9426
-6808
-684
2645
-2554
-10839
-12652
-7739
-2479
1554
6525
9077
3510
-5844
-7434
576
8325
10373
10415
9672
4936
-1365
-1933
3963
9285
9325
6091
3140
1285
-107
-864
-196
1695
2997
2173
78
-1543
-2999
-5095
-5831
-3043
845
1505
-1259
-4315
-5863
-5848
-4202
-1541
283
-46
-1937
-3643
-3750
-2137
24
1301
1484
1743
2487
2430
1432
1665
3701
5053
4752
4778
5266
3822
885
76
2210
4252
4326
3067
897
-1780
-3150
-2067
94
1321
806
-1276
-3854
-5172
-4333
-2295
-621
50
-342
-1934
-3734
-3506
-1115
576
421
661
1904
1714
-23
-173
1923
3414
3178
2889
2899
1916
494
537
1878
2683
2366
1629
641
-714
-1690
-1589
-1049
-964
-1237
-2099
-4540
-7865
-9957
-10683
-10486
-6983
32
3180
-3164
-11921
-12632
-6812
-2180
1580
7584
9938
2572
-6732
-6057
2751
9190
10621
11113
10143
4890
-767
-394
4855
8378
7709
5644
4248
2784
550
-1469
-1705
90
2104
2259
765
-1066
-3594
-6862
-7661
-3745
1109
1763
-1246
-4164
-5716
-6133
-4716
-1805
230
-32
-1640
-3062
-3294
-2093
-514
366
1387
3506
5094
4201
2030
1142
1984
3553
5596
7627
7469
3808
-605
-1643
838
3621
4774
4109
1332
-2624
-4809
-3664
-963
924
1087
-661
-3484
-5071
-4234
-2587
-1631
-841
-74
-420
-1651
-2142
-1487
-562
381
1662
2718
2444
1201
695
1344
2062
2728
3643
3587
1996
761
950
1270
1145
1343
1559
786
-676
-1642
-1681
-1466
-1640
-2103
-3064
-5190
-7780
-9420
-10405
-10642
-7369
-789
2042
-3315
-10238
-10516
-6166
-2780
1098
7485
10139
3970
-3903
-3613
3134
7966
9199
10471
10898
7005
1602
786
4061
6029
5430
4991
5087
3756
681
-2445
-3789
-2560
70
1666
1192
-666
-3665
-7338
-8831
-5740
-631
1531
-347
-3312
-5047
-5553
-5120
-3360
-660
1120
819
-350
-772
-642
-711
-478
1178
4187
6495
5994
3492
1620
1154
1615
3671
6817
7504
3919
-522
-1926
-639
1124
2412
2605
1045
-1467
-3340
-3818
-2727
-708
236
-863
-2353
-2748
-2661
-2859
-2764
-1623
-55
443
-156
-244
299
-13
-581
528
2468
3029
2500
2198
1871
1283
1325
2094
2510
2263
1854
1284
480
-7
127
433
375
-220
-980
-1374
-1789
-2813
-3632
-3821
-4851
-7046
-8682
-9730
-10884
-9358
-3276
1739
-772
-7294
-9242
-5943
-3018
-606
5097
10425
7807
118
-2243
2402
6680
7882
9426
11147
9289
4528
1637
2315
3889
4155
3708
3808
4017
2495
-1297
-4830
-5145
-2865
-999
-437
-213
-1210
-4861
-8586
-7954
-3471
-220
-402
-1394
-1454
-2038
-3698
-4413
-2906
-354
1663
2685
2834
2152
658
-901
-656
2461
6349
7521
5527
2953
1323
455
1040
3566
5548
4208
953
-825
-789
-796
-1019
-545
8
-487
-1596
-2272
-2369
-2197
-2070
-2269
-2225
-1074
183
-250
-1631
-1772
-788
-152
410
1722
2642
1669
-157
-383
1157
2326
2452
2794
3204
2398
1017
468
472
588
1221
1858
1539
703
-15
-963
-1994
-2031
-828
338
65
-1638
-3579
-5092
-6478
-7533
-7868
-8588
-10199
-9473
-3938
1457
-301
-6720
-8831
-5245
-2276
-736
4316
10606
9653
2090
-1725
2037
6520
7502
8470
10883
10576
6176
2165
1578
2376
2342
2223
3017
3793
2811
-666
-4982
-6826
-5083
-2461
-1214
-548
-473
-3177
-7643
-8790
-5071
-1092
-194
-311
495
375
-1909
-3943
-3371
-940
1589
3451
4261
3721
2070
34
-968
668
4307
6736
6112
4006
2235
767
-221
338
2018
2767
1893
742
50
-949
-2327
-2819
-2007
-945
-403
-310
-647
-1371
-2074
-2491
-2448
-1392
491
1512
634
-770
-1089
-664
-157
984
2586
2943
1617
437
519
913
972
1457
2523
2972
2232
1181
535
95
-176
78
755
1369
1496
665
-981
-2122
-1801
-850
-506
-880
-1716
-3103
-4765
-5921
-6347
-7043
-9084
-11286
-10191
-4599
1081
1525
-2446
-5807
-6619
-5878
-2444
4684
10953
10827
6137
2914
2415
2343
3574
7898
11987
11258
7221
4381
2938
681
-1369
-856
1379
2899
2900
1370
-1852
-5672
-7884
-7318
-4478
-877
1222
165
-2990
-5499
-6167
-5528
-3604
-339
2522
2950
1383
-371
-1678
-2480
-1871
626
3650
5309
4999
3335
1342
31
-59
1001
2849
4651
5026
3426
1055
-659
-1524
-1648
-691
1013
2063
1476
-306
-2105
-3059
-3005
-2270
-1211
39
1167
1333
39
-1702
-2400
-2041
-1425
-308
1559
2689
1762
-43
-851
-672
-271
600
2103
3101
2636
1335
394
188
423
784
1219
1750
2130
2066
1605
909
18
-835
-1152
-548
834
1928
1322
-786
-2567
-3245
-3662
-3733
-2679
-1921
-3839
-7577
-10193
-11149
-11241
-8738
-2314
3598
2849
-3506
-8251
-7414
-3179
1579
6013
8953
8827
6366
4147
3409
3594
4527
6557
8673
9114
7887
6278
4285
1281
-1639
-2610
-1233
1496
3833
3583
-12
-4779
-7538
-7124
-4758
-2147
-272
251
-1005
-3294
-4845
-4894
-4149
-2902
-784
1527
2396
1222
-883
-2349
-2499
-1592
60
2230
4092
4558
3458
1649
148
-291
569
2151
3411
3734
3271
2365
994
-750
-1951
-1669
-238
1232
2053
1729
-131
-2626
-3869
-3196
-1702
-347
822
1420
548
-1473
-2805
-2368
-1081
-197
374
1171
1673
1258
486
-15
-427
-743
-273
1193
2728
3382
2957
1434
-508
-1272
-219
1720
3395
3927
2971
1430
443
-46
-268
258
1248
1460
646
-232
-686
-1157
-2085
-3148
-3563
-3278
-3189
-3674
-4266
-5262
-7415
-9653
-9511
-6300
-2040
705
757
-1457
-4485
-6073
-4115
902
5573
7163
5962
3916
2678
2876
4102
5245
5448
5001
4734
4887
5153
4897
3274
376
-1963
-1836
271
2036
2147
1067
-711
-2941
-4337
-3554
-1556
-571
-1022
-1675
-1891
-1833
-1540
-998
-549
-615
-1156
-1559
-1409
-1040
-760
-268
427
678
233
-388
-583
-205
387
751
899
915
579
117
183
674
871
647
371
303
599
1084
1134
554
0
-38
169
184
71
196
569
739
453
-5
-324
-452
-315
167
756
1058
926
506
28
-272
-101
652
1405
1318
536
67
346
844
1203
1550
1657
1229
587
179
160
483
887
1061
791
304
77
-157
-870
-1415
-1114
-640
-696
-868
-858
-1249
-2197
-2762
-2304
-1617
-1801
-2547
-2829
-2896
-3595
-4504
-4930
-5173
-4915
-2959
272
2473
2050
-413
-2939
-3601
-1567
2135
5189
6054
4975
3178
1937
1892
2679
3341
3236
2796
3005
3826
3949
2633
665
-984
-1959
-1810
-349
1160
1033
-548
-1892
-2172
-1984
-1919
-2000
-2123
-2072
-1464
-336
543
305
-985
-2207
-2307
-1339
-149
513
336
-464
-1027
-551
636
1282
678
-535
-1188
-700
629
1917
2206
1258
6
-317
380
990
750
168
52
502
1197
1764
1700
843
-144
-451
76
1024
1787
1893
1402
799
440
395
522
481
110
-236
-121
333
650
566
100
-600
-1173
-1049
-94
880
890
37
-627
-481
101
486
507
324
55
-185
-84
503
979
566
-495
-1042
-514
298
425
101
156
242
-659
-1933
-1883
-764
-548
-1675
-2770
-3275
-3814
-4623
-5534
-6456
-6529
-4428
-591
2478
2780
454
-2831
-4681
-3179
1083
5087
6588
6050
4952
3901
3108
2975
3247
3026
2421
2647
3785
4274
3212
1388
-328
-1871
-3034
-3183
-2240
-1012
-353
-491
-1228
-2363
-3633
-4492
-4390
-3342
-1911
-662
172
522
296
-411
-1160
-1447
-1189
-742
-302
388
1483
2506
2834
2274
1051
-224
-670
137
1679
2975
3297
2557
1472
890
781
507
-18
-224
242
1127
1904
2145
1621
476
-594
-872
-469
31
559
1282
1846
1809
1170
74
-1103
-1564
-970
-77
308
204
-151
-761
-1330
-1359
-1059
-1147
-1575
-1467
-487
609
1072
1028
883
530
-167
-556
137
1541
2427
2246
1594
1206
1107
827
161
-572
-965
-884
-356
239
-29
-1741
-4016
-5360
-5514
-5493
-6019
-7002
-8181
-8842
-7381
-3053
1941
4071
2344
-867
-2621
-1756
1032
4221
6610
7956
8500
8250
7091
5259
3377
2147
1945
2591
3482
3953
3544
2130
-161
-2947
-5363
-6244
-5144
-3070
-1630
-1499
-2122
-2722
-3106
-3476
-3940
-4301
-4142
-3090
-1235
709
1826
1928
1702
1550
950
-404
-1575
-1331
505
3025
4969
5338
3972
1822
209
-319
-104
435
1237
2152
2709
2567
1783
565
-765
-1588
-1410
-457
573
1343
1913
2137
1703
777
-54
-520
-752
-654
68
1160
1834
1694
1028
103
-1099
-2243
-2588
-1996
-1217
-809
-484
51
345
-99
-1006
-1751
-2023
-1632
-389
1325
2480
2465
1765
1154
701
168
-154
192
1045
1813
2077
1694
794
-317
-1438
-2466
-3207
-3544
-3525
-3391
-3732
-4995
-6854
-8836
-10524
-10360
-6594
-545
3805
4309
2392
356
-613
-7
2162
4824
6670
7617
8343
8688
7918
6421
5274
4235
2194
-343
-1374
-284
1282
1636
405
-2074
-4891
-6453
-6017
-4901
-4648
-4828
-4087
-2386
-821
-68
-208
-1181
-2519
-3250
-2630
-699
1870
4285
5776
5558
3452
679
-993
-1037
-205
679
1207
1460
1911
2529
2360
831
-1183
-2269
-1899
-738
287
942
1420
1621
1384
896
335
-114
27
856
1709
2148
2452
2757
2683
2068
1242
523
-19
-324
-348
-286
-374
-489
-402
-356
-849
-1819
-2567
-2664
-2365
-1927
-1322
-714
-354
-32
435
671
451
192
319
840
1532
2077
2289
2224
1870
1227
631
329
84
-363
-978
-1632
-2175
-2580
-3000
-3505
-4270
-5738
-7765
-9455
-10458
-10739
-9110
-4534
1128
4420
4343
2956
2158
2017
2208
2984
4366
5979
7812
9707
10521
9419
7218
5009
2644
-52
-2021
-2238
-1164
-118
-72
-1330
-3417
-5167
-5747
-5692
-6004
-6474
-5953
-4132
-1940
-174
1013
1445
912
-31
-409
4
759
1814
3382
4887
5341
4685
3686
2605
1086
-732
-1996
-2233
-1692
-662
512
972
160
-1188
-2011
-2349
-2681
-2701
-1931
-765
195
1058
2003
2607
2465
1842
1373
1484
2114
2799
3146
3186
3080
2873
2574
2100
1328
312
-736
-1594
-2002
-1941
-1793
-1722
-1491
-1262
-1532
-2134
-2346
-2066
-1824
-1716
-1244
-161
1059
1830
2082
2073
1995
2018
2287
2574
2302
1329
361
181
675
1092
1010
379
-865
-2431
-3537
-4040
-4604
-5240
-5397
-5563
-6614
-8014
-8853
-9511
-9943
-8233
-3473
1771
4410
4742
4952
5432
5248
4755
4986
5753
6538
7658
8937
9243
8381
7316
6052
3481
-201
-3044
-3790
-3337
-3251
-3973
-4913
-5365
-5044
-4396
-4400
-5346
-6128
-5599
-4126
-2676
-1194
721
2395
3013
2915
2719
2476
2446
3076
4011
4516
4464
4013
3141
1940
709
-285
-1058
-1768
-2271
-2231
-1863
-1740
-1905
-2100
-2403
-2750
-2704
-2180
-1536
-934
-342
127
533
1255
2479
3820
4675
4750
4137
3133
2185
1849
2327
2969
2838
1954
1120
559
-198
-1086
-1615
-2025
-2775
-3390
-3164
-2341
-1639
-1300
-1185
-1171
-1106
-798
-275
119
248
476
1126
2041
2922
3550
3607
2922
1893
1184
985
910
538
-147
-921
-1616
-2133
-2384
-2637
-3463
-4905
-6266
-7116
-7631
-7833
-7718
-8022
-9106
-9262
-6355
-1233
2872
4523
5189
6135
6811
6673
6244
6029
6100
6635
7532
8028
7806
7506
7215
5729
2489
-1049
-3158
-3948
-4617
-5563
-6236
-6182
-5457
-4474
-3918
-4196
-4756
-4649
-3838
-3004
-2249
-1044
617
2149
3270
4025
4403
4527
4656
4694
4329
3735
3313
2885
1963
667
-301
-708
-1081
-1825
-2681
-3202
-3351
-3324
-3228
-3116
-2998
-2665
-2020
-1450
-1220
-865
-30
923
1723
2613
3586
4234
4481
4561
4524
4259
3752
3066
2280
1528
999
784
704
415
-202
-992
-1859
-2813
-3650
-3936
-3487
-2674
-2089
-1899
-1726
-1219
-504
103
563
1031
1449
1664
1838
2284
2972
3522
3657
3338
2585
1501
529
153
112
-429
-1571
-2496
-2795
-2902
-3125
-3465
-4171
-5319
-6262
-6450
-6265
-6306
-6595
-7050
-7691
-7669
-5545
-1413
2533
4658
5597
6491
7319
7760
7953
7763
6924
5960
5541
5384
5077
5048
5316
4544
2089
-448
-1540
-2133
-3789
-6065
-7587
-8012
-7507
-6058
-4282
-3210
-2856
-2381
-1607
-940
-327
445
1026
1128
1290
2180
3620
4846
5304
4997
4410
4105
4011
3295
1492
-683
-2185
-2889
-3355
-3685
-3482
-2782
-2242
-2174
-2215
-2177
-2335
-2706
-2891
-2596
-1699
-207
1342
2312
2926
3829
4880
5413
5263
4777
4125
3263
2326
1648
1395
1383
1347
1080
407
-621
-1554
-2029
-2373
-3085
-3868
-3992
-3464
-2902
-2473
-1873
-1051
-303
83
278
760
1489
1837
1796
2079
2770
3309
3550
3583
3235
2543
1849
1277
706
18
-892
-1858
-2480
-2666
-2764
-3084
-3682
-4405
-5060
-5531
-5751
-5739
-5811
-6334
-7255
-8082
-7922
-5823
-2032
1622
3755
5037
6701
8543
9461
9051
7885
6710
5803
4995
4163
3688
3916
4278
3728
2213
778
-60
-1097
-3144
-5767
-7789
-8547
-8154
-7038
-5656
-4310
-2967
-1535
-296
449
824
1012
960
800
919
1476
2294
3090
3665
4134
4794
5462
5343
3939
1691
-488
-2104
-3260
-4116
-4518
-4292
-3656
-3005
-2396
-1662
-893
-477
-607
-1051
-1302
-968
-215
396
796
1623
3216
4942
6022
6358
6159
5399
4073
2534
1232
404
-19
-332
-736
-1084
-1118
-919
-930
-1501
-2492
-3319
-3549
-3402
-3373
-3468
-3217
-2396
-1252
-29
1225
2339
2890
2631
1990
1750
2203
2853
3096
2908
2625
2468
2404
2204
1662
839
-87
-1156
-2334
-3237
-3671
-3941
-4237
-4353
-4327
-4519
-4802
-4755
-4634
-4987
-5561
-5831
-6030
-6273
-5565
-3165
-46
2458
4541
6945
9089
9831
9279
8290
7120
5803
4621
3530
2475
2053
2431
2563
1792
833
241
-566
-2171
-4200
-5870
-6871
-7360
-7387
-6835
-5781
-4389
-2696
-944
538
1798
2770
2935
2215
1349
928
940
1219
1654
2268
3162
4090
4487
4019
2793
1238
-224
-1646
-3215
-4434
-4711
-4361
-3849
-2990
-1707
-445
426
756
584
372
519
745
705
646
1079
2179
3631
4825
5408
5517
5304
4623
3436
2136
1081
120
-1037
-2147
-2631
-2342
-1853
-1795
-2107
-2341
-2444
-2608
-2762
-2806
-2814
-2667
-2220
-1665
-1019
2
1173
1859
2135
2610
3368
3955
4082
3853
3476
2992
2340
1660
1159
762
315
-126
-548
-1117
-1942
-2909
-3830
-4528
-4867
-4824
-4622
-4632
-4909
-5028
-4736
-4408
-4495
-4955
-5342
-5065
-3679
-1404
961
2971
4863
6746
8172
8778
8705
8184
7222
5818
4234
2922
2209
1926
1508
702
-102
-511
-732
-1220
-2144
-3411
-4796
-5934
-6523
-6551
-6123
-5317
-4268
-3132
-1776
-47
1651
2595
2610
2224
1940
1830
1770
1707
1708
1893
2277
2674
2803
2552
2020
1349
528
-484
-1527
-2357
-2940
-3294
-3271
-2779
-1965
-993
33
895
1433
1754
1968
1989
1892
2012
2380
2629
2676
2857
3202
3274
2914
2480
2178
1767
1011
56
-827
-1531
-2065
-2506
-2933
-3226
-3159
-2841
-2627
-2487
-2100
-1534
-1177
-1053
-840
-457
-100
190
636
1380
2308
3197
3886
4238
4174
3797
3349
2902
2296
1452
499
-399
-1170
-1757
-2174
-2522
-2865
-3202
-3525
-3718
-3736
-3845
-4281
-4731
-4805
-4779
-5054
-5404
-5522
-5526
-5126
-3555
-1028
1266
3003
4865
6867
8234
8702
8557
7860
6626
5180
3855
2800
2183
1944
1560
701
-197
-585
-654
-1033
-1978
-3250
-4511
-5564
-6239
-6343
-5907
-5216
-4364
-3185
-1692
-201
989
1811
2360
2706
2771
2548
2182
1771
1452
1459
1698
1846
1995
2249
2169
1560
921
416
-320
-1340
-2333
-3038
-3169
-2686
-2059
-1648
-1278
-703
74
958
1848
2641
3230
3435
3163
2660
2298
2197
2199
2102
1879
1650
1469
1269
1022
740
321
-375
-1360
-2426
-3166
-3347
-3236
-3175
-3065
-2679
-2140
-1611
-1001
-318
157
325
430
676
1062
1575
2142
2549
2682
2736
2934
3227
3440
3431
3082
2388
1513
524
-633
-1792
-2623
-3128
-3524
-3728
-3565
-3266
-3155
-3204
-3263
-3345
-3457
-3597
-3934
-4521
-5072
-5361
-5387
-4839
-3266
-1004
1018
2669
4568
6610
7948
8260
7838
6918
5759
4638
3513
2391
1568
1009
395
-132
-253
-207
-435
-1036
-1915
-2897
-3708
-4260
-4721
-5143
-5316
-5055
-4429
-3479
-2134
-560
793
1764
2556
3139
3262
2939
2361
1637
1051
927
1123
1297
1423
1498
1367
1120
1025
938
460
-361
-1058
-1410
-1559
-1646
-1643
-1454
-1013
-356
394
1156
1812
2156
2142
2033
2032
2013
1795
1412
1007
756
825
1084
1157
963
739
454
-95
-778
-1315
-1728
-2133
-2462
-2642
-2746
-2775
-2575
-2071
-1442
-882
-315
362
949
1224
1348
1586
1868
1988
1998
2124
2399
2611
2667
2702
2723
2504
1980
1340
629
-257
-1204
-1945
-2451
-2808
-2927
-2786
-2707
-2891
-3030
-2812
-2504
-2555
-2921
-3228
-3334
-3389
-3501
-3675
-3843
-3777
-3187
-2047
-661
721
2118
3544
4735
5426
5727
5902
5912
5509
4609
3408
2297
1548
991
331
-248
-390
-291
-436
-855
-1252
-1590
-2091
-2771
-3379
-3720
-3837
-3868
-3775
-3315
-2366
-1139
-12
801
1303
1575
1716
1782
1735
1519
1188
914
825
914
1083
1244
1339
1322
1242
1177
1075
835
495
168
-106
-332
-521
-624
-496
-102
308
507
620
850
1084
1115
1035
1023
981
699
256
-56
-96
6
47
-60
-257
-428
-529
-616
-735
-854
-941
-1040
-1224
-1464
-1571
-1369
-925
-491
-191
83
430
809
1144
1382
1447
1416
1528
1841
2080
2072
1991
1999
1967
1713
1249
768
399
55
-408
-926
-1343
-1637
-1856
-2007
-2162
-2393
-2598
-2668
-2690
-2805
-3014
-3239
-3376
-3341
-3222
-3294
-3630
-3837
-3497
-2657
-1620
-450
926
2429
3852
5019
5786
6117
6102
5752
4979
3941
3021
2339
1635
777
31
-314
-313
-249
-358
-721
-1276
-1902
-2501
-3021
-3449
-3770
-3933
-3870
-3538
-2947
-2157
-1267
-372
454
1099
1437
1494
1458
1482
1550
1599
1623
1638
1634
1591
1555
1609
1775
1894
1730
1316
915
633
364
61
-239
-514
-681
-698
-641
-566
-414
-193
10
185
375
503
448
224
-33
-159
-98
19
36
-3
37
123
113
0
-136
-297
-484
-612
-648
-661
-675
-631
-557
-498
-374
-123
158
368
546
762
1009
1247
1450
1598
1725
1851
1923
1877
1710
1424
1035
631
323
99
-150
-436
-718
-1046
-1474
-1891
-2190
-2425
-2593
-2576
-2459
-2480
-2602
-2600
-2483
-2428
-2481
-2645
-2942
-3214
-3244
-3053
-2713
-2054
-959
364
1682
2983
4198
5080
5512
5558
5283
4777
4195
3526
2625
1622
870
417
30
-338
-570
-718
-926
-1241
-1655
-2151
-2639
-3033
-3347
-3541
-3487
-3177
-2750
-2264
-1662
-946
-199
499
1059
1402
1586
1759
1927
1996
2014
2072
2082
1959
1840
1872
1959
1937
1781
1480
996
435
5
-297
-611
-940
-1186
-1319
-1331
-1188
-911
-628
-436
-320
-208
-52
112
231
314
382
421
436
461
457
362
241
232
324
378
323
191
15
-192
-355
-439
-504
-568
-557
-455
-344
-258
-107
162
496
781
969
1124
1295
1425
1459
1442
1404
1310
1156
966
735
474
223
-24
-279
-537
-841
-1232
-1625
-1873
-1941
-1942
-1990
-2118
-2285
-2425
-2488
-2484
-2485
-2566
-2744
-2995
-3187
-3103
-2680
-2122
-1571
-915
-49
958
2024
3064
3939
4539
4854
4846
4514
4021
3507
2901
2161
1460
894
383
-91
-461
-782
-1147
-1517
-1835
-2089
-2271
-2423
-2643
-2869
-2886
-2666
-2358
-1996
-1528
-1015
-494
107
718
1165
1470
1741
1980
2199
2429
2519
2374
2183
2054
1868
1598
1355
1120
812
473
117
-290
-627
-759
-823
-1010
-1187
-1163
-1034
-958
-853
-612
-323
-95
91
292
533
780
900
815
649
557
527
471
389
292
184
91
8
-94
-154
-124
-89
-140
-212
-234
-236
-252
-230
-136
-37
-6
16
147
368
570
747
973
1211
1331
1304
1208
1079
898
678
426
144
-115
-282
-378
-489
-680
-949
-1247
-1522
-1769
-1959
-2054
-2075
-2050
-1960
-1838
-1783
-1770
-1679
-1611
-1776
-2063
-2137
-1992
-1829
-1605
-1188
-633
36
860
1686
2357
2960
3494
3716
3580
3294
2936
2418
1798
1220
699
196
-261
-631
-851
-858
-758
-772
-951
-1178
-1413
-1664
-1833
-1825
-1695
-1519
-1313
-1069
-718
-189
395
807
1039
1276
1547
1719
1750
1696
1600
1484
1340
1140
952
852
770
595
391
248
78
-200
-469
-580
-591
-651
-767
-818
-749
-622
-488
-296
-20
245
374
375
380
467
569
561
415
255
190
181
128
33
-49
-104
-145
-150
-70
83
205
213
150
112
130
180
216
195
139
125
205
399
668
864
844
660
472
342
261
218
170
79
-44
-163
-269
-364
-447
-572
-795
-1062
-1269
-1390
-1455
-1462
-1389
-1285
-1233
-1255
-1288
-1247
-1115
-985
-972
-1087
-1214
-1246
-1191
-1096
-952
-715
-358
105
621
1100
1488
1792
2002
2054
1913
1652
1328
937
493
88
-200
-361
-431
-450
-465
-485
-489
-477
-466
-435
-366
-324
-326
-262
-104
34
148
350
618
825
955
1015
973
891
865
824
651
400
168
-43
-212
-246
-150
-49
-5
48
153
277
358
351
276
207
170
147
133
117
61
-13
-35
27
148
255
275
210
138
88
4
-131
-254
-338
-397
-413
-365
-294
-232
-150
-39
57
137
236
353
426
441
473
577
702
733
645
523
436
352
224
62
-88
-193
-241
-230
-172
-86
-10
-22
-158
-325
-404
-426
-500
-644
-776
-828
-774
-627
-469
-388
-349
-245
-96
-17
-35
-86
-147
-243
-355
-449
-519
-576
-605
-601
-581
-543
-476
-384
-302
-262
-269
-264
-180
-70
-54
-97
-73
5
79
162
220
187
114
57
-8
-43
0
41
33
74
200
313
356
342
287
263
328
404
401
353
311
261
240
326
429
389
251
176
189
224
224
186
184
265
342
352
389
506
586
554
494
469
442
355
187
-28
-200
-270
-304
-330
-267
-112
-24
-88
-215
-325
-418
-482
-494
-481
-445
-371
-284
-204
-88
111
358
587
752
834
859
876
887
866
773
588
356
178
89
6
-98
-164
-195
-247
-307
-326
-327
-358
-462
-655
-858
-931
-850
-750
-708
-669
-592
-468
-265
-4
233
403
499
510
497
533
554
459
302
192
145
141
135
65
-75
-209
-283
-328
-380
-463
-595
-748
-835
-824
-767
-711
-667
-621
-561
-500
-459
-391
-263
-188
-255
-344
-316
-196
-64
35
74
93
159
227
214
157
122
76
-16
-104
-123
-87
-49
-40
-40
1
103
215
287
357
471
602
695
746
790
837
875
882
869
869
881
851
750
611
480
353
184
-44
-254
-372
-417
-468
-557
-645
-686
-675
-633
-576
-530
-514
-509
-473
-393
-310
-241
-161
-34
140
329
511
692
867
1002
1076
1089
1040
928
770
583
396
221
42
-156
-329
-424
-471
-523
-593
-663
-728
-755
-705
-598
-499
-436
-403
-379
-345
-271
-161
-38
68
127
136
159
256
395
477
492
514
579
631
610
505
366
250
164
59
-98
-269
-406
-529
-656
-750
-776
-738
-628
-475
-349
-259
-159
-61
-14
1
16
13
-1
-6
-42
-133
-210
-239
-247
-263
-285
-314
-332
-296
-202
-104
-34
18
41
4
-81
-191
-293
-368
-417
-468
-506
-466
-339
-184
-38
113
278
446
616
783
928
1039
1102
1093
1029
966
909
806
630
418
217
52
-54
-118
-192
-297
-399
-449
-451
-429
-410
-402
-373
-307
-230
-162
-92
-4
80
129
143
165
235
328
378
356
297
262
265
269
241
182
120
90
107
137
111
28
-68
-157
-269
-391
-471
-481
-444
-410
-395
-348
-233
-83
53
181
322
468
578
617
580
513
440
328
167
13
-77
-117
-133
-109
-41
56
166
254
274
221
121
-16
-180
-334
-459
-564
-630
-628
-572
-502
-425
-337
-238
-120
30
188
299
326
277
193
130
111
87
10
-96
-179
-218
-221
-186
-113
-37
-24
-86
-163
-203
-237
-319
-459
-606
-694
-705
-680
-652
-607
-518
-386
-211
36
324
569
704
712
615
481
377
285
169
46
-57
-123
-109
-16
84
158
233
309
340
322
264
170
67
10
-9
-24
-18
20
62
102
162
225
277
357
450
496
494
490
487
477
463
413
323
226
125
-15
-187
-337
-443
-513
-565
-638
-728
-773
-714
-596
-486
-404
-348
-312
-260
-174
-83
-14
46
101
163
266
409
537
620
668
696
703
690
654
590
506
418
327
257
240
261
268
237
182
128
74
5
-109
-259
-396
-501
-593
-674
-708
-678
-611
-537
-474
-437
-418
-396
-383
-376
-367
-364
-385
-410
-422
-419
-384
-294
-165
-18
137
282
393
468
497
468
401
313
203
77
-45
-143
-209
-231
-209
-155
-83
-4
73
142
188
196
169
122
66
2
-60
-92
-88
-65
-58
-77
-102
-115
-126
-139
-157
-166
-162
-141
-96
-25
51
105
125
132
153
187
227
276
335
393
438
474
519
571
613
628
621
588
509
372
203
51
-68
-173
-282
-377
-426
-439
-437
-431
-414
-387
-368
-358
-325
-258
-189
-152
-150
-151
-130
-95
-65
-48
-39
-33
-29
-18
18
98
213
333
442
543
645
731
776
776
739
671
547
360
138
-63
-215
-333
-439
-527
-572
-558
-495
-406
-310
-227
-171
-141
-122
-95
-69
-65
-97
-155
-222
-293
-370
-436
-475
-486
-468
-414
-312
-176
-36
95
215
320
386
398
346
233
72
-105
-248
-333
-368
-375
-353
-294
-194
-66
79
229
360
438
433
348
221
92
-24
-131
-234
-322
-371
-379
-344
-267
-154
-23
96
177
233
285
343
379
364
304
226
167
133
120
111
98
80
65
73
122
203
286
336
339
305
255
211
183
164
139
102
55
13
-15
-37
-68
-108
-158
-211
-253
-275
-268
-240
-203
-159
-105
-32
51
130
190
229
239
215
170
127
96
74
48
20
5
15
56
121
206
292
356
377
363
321
259
172
62
-60
-186
-314
-433
-528
-586
-615
-620
-590
-518
-410
-297
-206
-142
-99
-68
-56
-69
-105
-155
-205
-243
-257
-244
-208
-156
-93
-22
54
126
192
252
300
321
300
239
156
58
-57
-173
-270
-331
-362
-369
-352
-299
-219
-125
-36
39
98
139
160
163
150
121
78
38
16
17
30
45
62
89
127
171
215
249
264
255
221
177
139
125
137
169
203
222
227
228
231
227
205
159
98
29
-32
-73
-76
-40
8
48
80
113
148
165
145
88
17
-52
-112
-165
-196
-198
-166
-120
-68
-10
57
125
181
206
206
186
160
133
106
69
21
-31
-69
-76
-50
-2
59
118
166
194
200
185
152
98
23
-70
-164
-245
-306
-349
-378
-387
-375
-345
-311
-282
-264
-257
-260
-265
-264
-252
-231
-203
-168
-130
-90
-51
-12
31
67
82
74
49
28
14
7
4
1
-5
-20
-41
-53
-58
-61
-73
-90
-100
-97
-84
-71
-59
-43
-25
-9
6
21
29
19
-5
-22
-24
-8
12
28
42
55
70
90
118
151
179
190
181
154
121
89
58
35
22
29
54
90
130
167
196
216
224
225
218
205
192
186
185
184
187
193
207
218
221
209
181
138
88
34
-15
-58
-98
-137
-174
-195
-194
-171
-134
-96
-65
-48
-38
-33
-32
-30
-31
-33
-29
-21
-8
13
37
64
94
115
129
133
126
112
89
60
21
-23
-73
-120
-160
-191
-215
-236
-250
-263
-269
-268
-259
-243
-227
-209
-193
-175
-154
-128
-99
-72
-47
-28
-13
0
13
20
25
27
23
11
-3
-21
-40
-55
-65
-71
-70
-68
-63
-59
-56
-57
-55
-53
-48
-42
-32
-25
-21
-18
-12
-1
13
28
39
44
48
54
63
74
83
86
82
76
68
62
57
50
45
42
47
57
69
80
91
106
123
143
158
164
160
149
136
127
124
125
127
124
119
115
115
123
134
141
137
123
100
73
42
10
-22
-53
-78
-97
-103
-101
-94
-84
-72
-57
-43
-28
-17
-13
-15
-21
-28
-32
-27
-19
-6
8
19
32
41
49
53
54
50
42
30
14
-6
-30
-58
-84
-110
-133
-156
-176
-194
-207
-211
-203
-188
-166
-145
-124
-108
-97
-89
-80
-73
-65
-57
-51
-47
-41
-36
-30
-24
-22
-23
-27
-33
-38
-43
-50
-57
-61
-59
-51
-37
-24
-14
-8
1
12
29
44
53
53
46
37
31
29
30
32
34
37
43
50
57
59
56
50
40
32
23
14
9
4
7
17
34
57
81
101
120
136
154
172
189
197
198
189
178
165
154
141
125
110
92
78
71
70
76
84
86
84
78
67
54
39
18
-7
-35
-64
-86
-105
-114
-118
-116
-109
-100
-88
-74
-62
-53
-48
-44
-39
-32
-24
-16
-13
-16
-23
-33
-43
-53
-64
-73
-81
-84
-81
-76
-68
-64
-63
-67
-72
-77
-82
-85
-88
-91
-91
-90
-83
-78
-74
-73
-75
-79
-81
-78
-72
-64
-60
-56
-55
-51
-43
-35
-23
-16
-9
-6
-6
-5
-5
-5
-6
-7
-5
-2
5
16
28
40
50
56
61
60
54
44
31
19
11
8
11
14
20
24
26
29
32
33
31
26
20
16
17
22
34
48
67
85
106
126
145
158
165
166
165
160
157
153
151
144
140
134
126
116
103
87
69
56
46
39
31
26
21
18
17
15
12
7
0
-11
-22
-32
-41
-47
-52
-58
-65
-70
-72
-69
-65
-60
-56
-52
-45
-38
-35
-33
-34
-36
-39
-42
-45
-51
-54
-63
-71
-79
-85
-90
-92
-94
-95
-93
-89
-83
-77
-72
-73
-75
-80
-90
-98
-104
-108
-113
-116
-118
-117
-116
-109
-103
-95
-85
-71
-58
-43
-28
-15
-4
4
10
16
18
23
24
26
28
31
33
36
39
39
37
33
26
22
20
18
17
17
16
17
19
25
30
38
42
48
51
54
59
65
72
78
86
92
96
98
98
97
93
89
84
79
76
76
80
86
91
101
109
118
124
127
124
119
115
111
108
104
98
92
86
83
78
72
61
49
36
23
9
-5
-15
-24
-34
-42
-50
-58
-67
-74
-79
-85
-87
-89
-91
-90
-90
-88
-86
-85
-81
-78
-73
-67
-61
-53
-44
-38
-32
-29
-28
-31
-33
-38
-44
-50
-56
-63
-70
-75
-80
-79
-83
-85
-89
-92
-96
-98
-100
-103
-102
-100
-96
-91
-84
-76
-67
-56
-45
-34
-26
-18
-11
-5
3
11
20
30
40
49
56
60
63
63
58
53
45
36
28
21
16
15
16
19
25
29
34
38
39
40
42
42
43
44
46
48
49
51
51
49
48
47
44
43
41
42
46
49
55
61
66
71
74
78
78
75
72
70
70
70
71
73
74
76
77
78
76
74
68
60
49
36
25
14
6
-5
-17
-31
-43
-52
-60
-66
-73
-78
-81
-80
-78
-74
-72
-69
-66
-63
-59
-56
-53
-53
-52
-52
-50
-46
-39
-32
-26
-20
-16
-13
-14
-17
-21
-28
-39
-49
-58
-65
-71
-76
-83
-88
-90
-87
-85
-82
-79
-78
-73
-62
-50
-37
-24
-12
0
10
20
28
35
40
43
45
45
45
46
48
48
48
47
44
39
30
22
13
7
1
-5
-8
-8
-6
-2
3
9
13
19
24
29
31
32
30
30
33
34
37
37
35
33
36
38
39
39
38
38
37
37
37
37
37
36
32
28
21
16
12
10
10
11
15
20
23
27
29
33
31
31
27
21
16
9
2
-4
-10
-14
-18
-21
-24
-27
-30
-34
-39
-43
-46
-48
-48
-46
-42
-37
-30
-23
-15
-9
-4
-1
1
2
1
-1
-2
-4
-6
-10
-12
-16
-21
-27
-33
-39
-44
-50
-51
-53
-53
-52
-49
-46
-42
-37
-32
-26
-21
-15
-9
-4
1
7
12
18
23
28
33
36
39
37
38
36
35
32
30
28
25
24
20
17
14
11
8
4
3
0
-2
-3
-5
-5
-6
-5
-4
-2
0
4
8
12
16
18
22
25
27
29
30
30
26
23
20
15
13
9
7
5
5
4
4
6
7
10
13
18
20
22
24
25
26
26
25
23
20
17
14
10
6
3
-1
-5
-8
-12
-15
-18
-20
-20
-21
-19
-19
-18
-17
-17
-16
-15
-15
-17
-17
-18
-18
-19
-20
-18
-18
-16
-14
-12
-10
-6
-5
-4
-3
-6
-8
-11
-14
-19
-22
-24
-26
-26
-26
-26
-26
-25
-24
-23
-22
-22
-21
-19
-17
-14
-11
-7
-3
-1
3
6
9
11
13
14
14
14
14
13
13
15
14
15
16
15
14
13
12
9
7
5
2
1
0
0
0
0
0
1
3
4
5
8
7
9
11
13
15
17
19
20
21
22
21
20
18
16
14
12
11
13
12
13
15
16
19
20
20
18
18
18
16
14
12
9
7
6
3
2
1
1
1
0
1
-1
-2
-3
-5
-6
-7
-8
-10
-9
-10
-11
-11
-14
-13
-13
-13
-12
-10
-8
-6
-4
-2
-1
0
1
1
1
1
0
-2
-5
-7
-11
-14
-16
-18
-20
-22
-23
-25
-26
-28
-27
-29
-28
-29
-28
-26
-25
-21
-18
-14
-10
-6
-4
0
2
5
8
9
11
10
9
7
6
5
3
3
3
2
2
3
1
1
2
2
1
0
-1
-3
-3
-3
-4
-3
-3
-4
-2
-2
0
4
5
8
11
12
15
14
13
13
15
15
16
15
16
17
18
19
21
21
23
22
22
21
20
20
20
20
19
18
17
16
15
14
15
14
14
13
12
9
9
8
6
5
3
1
-1
-3
-5
-5
-7
-8
-6
-5
-4
-3
-2
-1
-1
-1
-2
-2
-4
-4
-5
-6
-6
-6
-6
-6
-6
-7
-6
-7
-9
-10
-12
-14
-17
-18
-21
-23
-24
-26
-26
-26
-27
-26
-25
-23
-21
-20
-18
-16
-16
-15
-13
-10
-7
-6
-4
-2
-1
2
3
2
2
3
3
3
3
2
3
1
0
0
0
-2
-2
-3
-3
-3
-4
-4
-3
-3
-3
-3
-2
-2
0
1
3
3
4
6
9
11
13
14
13
14
14
15
14
15
15
15
16
16
17
15
15
14
14
13
12
11
10
10
7
7
8
5
6
6
6
6
7
7
7
6
7
7
6
5
4
1
0
-1
-2
-3
-4
-5
-4
-3
-2
-2
-1
0
-1
0
1
0
-1
-1
-3
-3
-4
-6
-7
-6
-6
-6
-5
-6
-6
-7
-7
-7
-7
-7
-9
-9
-11
-12
-13
-14
-13
-12
-12
-11
-9
-10
-7
-7
-5
-3
-4
-2
-3
-3
-3
-3
-2
-1
0
0
-2
-1
-2
-2
-1
-2
-3
-3
-5
-6
-5
-4
-4
-3
-1
0
0
1
2
2
5
6
6
7
6
5
4
4
3
4
4
5
5
5
5
7
8
9
10
10
9
8
9
7
7
7
7
6
5
4
5
4
5
5
7
7
7
7
7
8
8
10
8
6
5
4
3
2
2
2
1
0
0
-1
-2
0
0
0
0
-1
-2
-2
-2
-2
-1
-1
0
0
-2
-2
-2
-3
-3
-2
-2
-5
-5
-5
-6
-5
-5
-4
-4
-4
-4
-3
-5
-5
-5
-4
-4
-4
-6
-5
-6
-7
-4
-4
-4
-3
-2
-3
-3
-2
-2
-2
-1
0
-1
0
-1
1
0
0
0
0
0
1
1
1
0
0
0
1
0
2
0
1
1
2
0
2
2
2
2
3
4
4
4
4
4
3
2
3
3
3
3
3
2
3
2
2
3
4
2
3
4
3
5
4
4
5
6
4
3
3
4
4
2
1
2
3
1
0
1
2
2
1
1
0
0
-2
0
-1
-1
-2
-1
-2
-4
-4
-3
-3
-2
-1
0
1
2
0
1
-1
0
0
1
0
0
-1
-1
-2
-2
-3
-3
-4
-4
-5
-3
-4
-4
-3
-4
-4
-4
-4
-4
-3
-2
-4
-3
-3
-2
-2
-2
-1
-1
1
0
2
0
1
2
1
1
2
1
1
1
1
-1
-1
1
0
0
0
-1
0
0
1
1
0
1
1
1
1
0
1
1
2
0
2
2
3
2
1
2
3
2
3
3
4
3
4
4
3
5
4
4
5
4
4
3
3
4
1
2
2
2
1
0
2
1
0
-1
0
0
0
0
0
-1
-1
-2
-1
-2
-1
1
0
1
1
1
1
0
0
0
-1
0
0
0
1
0
0
-1
-1
-1
-1
-1
-1
-1
1
0
-1
-1
-1
-2
-3
-1
-2
-2
-3
-2
-2
-1
-2
-1
-1
-2
-1
-1
-1
0
-1
-1
-1
-1
-1
0
0
0
0
0
1
0
2
1
1
1
0
0
0
0
0
0
0
-1
0
-1
0
1
1
1
1
0
1
1
0
2
1
1
1
1
1
1
1
1
2
1
3
3
2
2
2
2
2
2
2
2
2
1
1
1
1
1
0
1
2
1
1
2
2
1
1
0
1
1
0
0
-1
0
-1
0
0
0
0
0
-1
0
0
-1
0
0
0
2
1
0
0
0
-1
-1
1
0
1
1
1
1
1
0
-1
-1
0
0
-1
-1
-1
-1
-1
-1
-1
-1
0
0
0
-1
-1
-3
-1
-1
-1
-2
-2
-1
0
0
0
0
0
-1
-1
-1
-1
0
0
1
1
1
0
0
0
0
0
0
1
1
1
0
-1
0
0
0
0
0
0
1
-1
-1
0
0
0
0
0
1
0
0
1
1
1
1
1
1
1
1
0
1
1
1
1
2
1
1
1
1
1
0
2
2
1
2
2
2
2
0
0
0
0
0
1
1
1
1
0
0
0
1
0
0
0
0
0
0
1
0
0
0
0
0
0
0
0
0
0
1
0
-1
0
0
0
0
-1
0
0
0
0
0
0
-1
0
0
-1
0
0
0
-1
1
0
0
0
0
-1
-1
-1
-1
-1
-1
-1
-1
-1
-2
0
-1
0
0
0
0
0
0
0
0
0
1
0
0
0
0
0
0
0
0
0
0
0
1
0
0
0
0
0
0
0
0
0
-1
0
0
1
0
0
0
0
0
0
0
1
0
0
0
0
0
0
-1
0
1
0
0
0
0
0
0
0
0
-1
0
0
0
0
0
0
0
0
1
0
-1
0
1
0
0
-1
0
0
0
0
-1
0
0
0
0
1
0
0
0
0
0
0
0
0
-1
0
0
0
0
0
0
0
0
0
1
0
0
0
0
0
1
0
0
1
0
1
-1
0
0
0
0
0
0
0
0
-1
0
-1
-1
0
0
0
0
0
0
0
0
0
0
-1
0
-1
0
0
0
0
0
0
-1
0
0
0
0
0
0
0
0
0
0
0
0
0
0
0
0
0
1
1
0
-1
0
0
0
0
0
0
0
0
0
0
0
0
0
0
0
0
1
0
0
0
0
0
1
0
0
0
0
0
0
0
-1
-1
0
0
0
0
0
-1
-1
0
0
0
-1
1
0
0
-1
0
0
0
0
0
0
0
0
0
0
0
0
0
0
0
0
1
0
0
-1
0
0
0
0
0
0
1
0
0
-1
-1
0
0
0
0
-1
0
0
0
0
0
1
0
0
1
0
1
0
0
0
0
0
0
-1
0
0
0
0
0
0
1
0
0
0
0
0
0
-1
-1
0
-1
0
0
0
0
0
0
0
0
0
0
0
0
0
0
-1
0
0
0
0
1
0
0
0
0
0
0
0
0
0
0
-1
1
-1
0
0
0
0
0
0
0
0
1
0
1
0
0
0
1
-1
0
0
0
0
0
0
0
0
0
0
-1
0
0
0
0
1
1
0
1
0
0
0
0
0
0
0
0
0
0
-1
-1
-1
-1
0
0
0
0
0
-1
0
0
0
0
0
-1
0
-1
0
1
0
0
1
0
0
-1
0
-1
0
0
0
-1
0
1
-1
0
0
0
0
-1
0
1
0
-1
1
1
0
1
-1
0
0
1
0
0
-1
1
0
0
1
0
0
0
0
1
0
0
0
0
1
0
-1
0
-1
0
1
0
1
-1
0
1
0
0
0
0
0
-1
0
0
0
0
0
0
0
0
0
0
-1
0
1
0
1
0
-1
0
0
1
0
0
0
0
0
0
-1
0
-1
0
0
0
0
0
0
0
1
0
1
0
0
0
0
0
-1
0
0
0
0
0
-1
0
0
0
0
0
0
1
0
0
0
0
1
0
0
0
0
0
0
0
0
0
-1
0
1
0
0
0
0
0
0
0
0
0
0
0
0
0
0
0
-1
1
0
0
0
-1
0
0
0
1
0
0
0
-1
0
0
0
0
1
1
0
1
0
0
-1
0
-1
0
0
0
0
0
0
0
0
0
0
0
0
0
1
0
0
0
0
0
0
0
0
0
0
0
0
0
0
0
0
0
0
1
0
0
0
1
0
0
0
0
0
0
0
0
1
1
0
0
1
0
0
0
0
0
1
0
0
-1
1
0
-1
-1
0
0
0
0
0
1
0
1
0
0
0
1
0
-1
0
-1
0
0
-1
0
0
0
-1
0
0
0
0
0
0
0
0
1
-1
0
0
0
0
-1
0
0
0
0
0
1
0
0
0
0
0
0
0
0
1
1
0
0
0
0
0
0
0
0
0
1
0
-1
0
0
0
0
0
0
0
0
0
0
1
0
1
1
1
0
0
0
0
0
0
0
0
0
0
0
0
-1
0
0
0
-1
0
-1
0
0
0
0
0
0
0
-1
1
0
1
0
0
0
0
1
1
0
-1
0
1
-1
0
0
0
0
0
0
0
0
0
0
0
0
0
1
-1
0
0
0
0
0
0
0
-1
0
-1
0
0
0
0
0
-1
0
1
0
0
0
1
0
0
0
0
0
0
0
0
0
0
0
0
0
0
1
0
1
0
-1
-1
-1
0
0
0
0
0
0
0
-1
0
0
1
-1
0
1
0
0
0
0
0
0
0
-1
0
0
0
0
0
0
0
0
0
0
0
0
0
0
0
0
0
0
0
0
0
0
1
0
1
0
0
0
1
0
0
-1
1
0
-1
0
0
-1
0
0
0
0
-1
0
0
0
0
1
0
0
0
1
0
0
1
-1
0
0
0
0
0
0
-1
0
1
0
0
0
1
-1
0
0
0
-1
0
0
0
-1
0
1
0
-1
0
0
-1
-1
0
0
0
0
-1
-1
-1
0
0
0
0
0
0
0
0
0
1
0
-1
0
1
0
1
0
0
0
-1
0
0
0
0
0
0
-1
1
0
0
0
0
1
0
0
0
-1
0
1
0
0
0
0
0
0
0
0
0
0
-1
1
-1
0
1
0
0
0
0
0
0
0
0
0
0
0
0
0
0
0
1
0
0
0
0
-1
1
0
0
0
0
0
0
0
0
0
0
0
0
-1
0
0
0
-1
0
0
1
1
0
0
0
0
-1
0
1
0
-1
0
0
0
0
-1
0
0
0
0
0
-1
-1
0
0
0
0
1
0
0
0
0
-1
0
0
0
0
0
0
0
0
1
0
-1
0
0
-1
0
0
0
0
0
0
0
0
0
0
0
1
0
0
0
0
-1
-1
0
-1
0
0
0
-1
0
0
0
0
1
1
-1
0
0
-1
-1
0
0
-1
0
0
-1
0
0
-1
1
-1
0
0
-1
0
0
0
0
0
0
0
1
0
0
-1
1
1
0
0
0
0
0
0
0
0
0
1
0
0
0
0
0
0
-1
0
0
-1
0
0
1
0
0
1
0
0
0
1
0
0
0
0
0
0
1
-1
0
0
0
1
0
-1
0
0
0
0
0
-1
0
0
0
0
1
0
0
1
0
0
0
1
0
0
0
0
0
1
0
0
0
0
0
0
0
1
0
0
0
0
-1
0
0
-1
-1
0
-1
0
0
0
1
1
0
0
0
-1
1
0
0
0
0
1
0
1
0
0
1
1
0
0
0
0
0
-1
0
0
0
-1
0
0
1
0
0
0
0
1
0
1
0
0
0
0
-1
0
0
0
0
0
-1
0
0
0
1
1
0
0
-1
0
0
1
0
0
-1
1
0
0
0
0
-1
0
0
0
0
0
0
0
0
0
0
0
1
0
0
0
-1
0
1
0
0
1
-1
0
-1
-1
0
0
0
0
0
0
0
0
-1
0
-1
1
0
1
1
0
0
0
0
0
0
0
0
0
0
0
0
0
0
1
0
-1
0
0
0
0
0
0
-1
0
0
-1
0
0
0
0
0
0
0
1
1
0
0
0
0
0
0
0
-1
0
0
0
0
0
0
-1
-1
0
0
0
0
0
1
0
1
-1
0
0
-1
0
0
0
1
0
0
0
0
0
0
0
1
0
1
0
0
0
-1
-1
0
0
0
0
1
0
-1
0
0
0
0
1
0
-1
0
0
0
0
0
1
0
0
0
0
0
0
0
0
0
0
1
0
0
0
0
0
0
0
0
0
0
0
0
0
-1
-1
0
0
0
0
0
0
-1
0
0
-1
0
0
0
0
0
0
0
0
0
0
0
0
0
0
0
0
0
-1
0
0
1
0
0
-1
1
0
0
0
0
0
0
0
0
0
0
-1
1
0
0
-1
0
0
0
1
0
-1
0
0
0
0
0
0
0
1
-1
0
-1
0
-1
-1
0
0
0
1
0
0
0
0
0
1
0
-1
-1
0
0
0
0
0
0
0
-1
0
-1
0
1
0
0
0
0
1
0
0
0
0
0
-1
-1
0
0
0
0
-1
0
1
0
1
0
0
0
0
-1
0
0
0
-1
0
0
0
0
0
0
0
0
-1
0
0
0
1
0
1
0
-1
0
1
0
0
-1
0
0
0
0
0
0
1
0
1
0
0
0
0
0
1
0
1
0
0
0
1
0
0
0
0
0
-1
0
0
0
0
0
0
0
0
0
-1
0
0
0
0
0
0
0
0
0
0
1
0
1
0
0
1
0
0
1
0
0
1
0
0
1
0
0
0
0
0
0
0
0
0
0
0
1
0
0
-1
0
0
-1
0
-1
0
0
1
1
0
0
0
-1
0
0
0
0
0
0
1
0
0
-1
0
0
0
0
-1
0
1
0
0
0
0
0
-1
0
0
0
0
0
0
0
1
0
0
0
0
0
-1
0
0
0
0
0
1
0
0
0
0
0
0
0
1
0
-1
0
-1
1
0
0
0
0
-1
0
-1
0
0
0
0
-1
1
0
0
0
1
0
-1
0
1
1
0
-1
0
0
0
0
0
0
0
0
-1
0
0
0
0
1
-1
0
0
-1
0
0
0
0
0
1
1
0
0
0
-1
-1
0
0
0
1
0
0
0
0
0
0
1
0
0
-1
0
0
1
0
0
0
0
0
1
0
0
-1
0
0
0
0
0
0
0
0
1
0
0
0
0
0
0
0
0
1
0
0
0
0
0
0
-1
0
0
0
0
1
0
0
1
0
0
0
1
-1
0
-1
0
0
0
1
0
0
0
0
0
0
1
0
0
0
0
0
0
0
0
0
-1
0
0
0
1
0
0
0
1
0
0
0
0
0
0
0
0
0
0
1
0
1
0
-1
0
0
-1
0
0
0
-1
0
0
0
-1
0
-1
1
-1
1
0
0
0
0
0
1
0
1
0
0
0
0
0
0
0
0
0
0
0
1
0
0
-1
0
0
0
0
0
0
0
0
0
0
-1
0
0
1
0
0
-1
0
0
0
0
0
0
0
0
-1
0
1
0
0
0
0
1
0
0
0
0
0
-1
0
0
-1
0
0
0
0
0
0
0
0
0
0
0
1
1
1
1
0
0
-1
1
0
0
0
0
0
0
0
0
0
0
0
0
1
0
0
1
0
1
0
0
1
0
0
0
0
1
0
0
-1
0
0
1
1
0
0
-1
0
-1
-1
0
0
0
1
1
0
-1
0
1
0
0
0
0
1
0
1
-1
0
1
0
0
0
-1
0
0
0
1
0
-1
0
-1
-1
0
0
1
0
0
0
1
1
0
0
1
1
-1
0
-1
0
0
0
1
0
0
0
0
-1
0
0
-1
0
0
-1
-1
1
0
0
0
0
-1
0
1
0
0
0
-1
1
0
1
0
1
-1
0
0
0
-1
0
0
0
0
0
0
0
0
0
0
0
0
0
0
0
0
0
1
0
0
0
0
1
0
0
0
0
0
0
0
0
0
0
0
0
0
0
0
0
0
0
0
0
1
0
0
0
0
-1
0
0
1
0
0
0
0
0
-1
0
0
0
0
0
0
-1
0
0
-1
0
0
0
-1
0
0
0
0
-1
0
0
0
0
0
0
0
0
0
0
0
0
0
0
0
-1
0
0
0
-1
0
-1
0
-1
0
0
0
0
1
0
0
0
0
-1
1
0
0
0
0
0
1
0
0
0
0
0
0
1
0
0
0
0
-1
0
-1
0
0
0
0
0
0
0
0
0
0
0
0
0
0
0
0
0
1
0
1
1
0
1
0
0
0
0
0
1
0
1
0
0
0
1
0
0
-1
0
0
1
0
-1
0
0
0
0
-1
-1
1
0
0
1
0
0
1
0
0
0
-1
1
0
0
0
0
0
0
-1
0
0
0
0
0
0
0
0
0
0
0
0
0
0
0
0
0
0
0
0
-1
0
-1
0
-1
0
0
0
0
0
-1
0
-1
1
0
0
0
0
0
-1
0
-1
0
-1
0
0
0
0
-1
0
-1
0
1
0
0
0
0
0
0
1
0
0
0
0
0
0
-1
0
0
0
0
0
0
0
0
1
0
1
1
0
0
0
0
0
0
0
0
0
0
1
0
1
0
0
0
0
0
0
0
1
0
0
0
1
0
1
1
0
0
0
0
-1
0
0
1
0
0
0
0
0
0
0
0
0
0
0
0
0
-1
0
0
0
0
0
0
0
0
0
-1
0
1
0
0
0
0
0
0
0
-1
1
0
0
0
1
0
1
0
0
0
0
0
0
0
-1
0
1
0
0
0
1
0
0
0
0
-1
1
1
0
0
1
0
0
0
0
0
0
0
0
-1
0
0
0
0
1
0
0
0
0
0
0
-1
-1
1
0
0
1
0
0
-1
0
-1
1
0
1
0
0
0
0
1
-1
0
0
0
0
0
0
0
0
0
0
0
0
0
0
-1
0
0
0
0
1
0
0
0
0
0
0
0
0
-1
0
0
0
-1
0
0
1
0
-1
0
0
0
0
1
1
1
0
0
-1
0
0
-1
0
0
0
0
-1
0
0
0
0
0
0
1
0
0
0
0
0
1
0
0
0
0
0
0
0
-1
1
-1
0
-1
0
0
0
0
-1
0
0
0
0
0
0
0
0
0
1
0
0
0
0
0
0
0
0
0
0
0
0
0
0
-1
0
0
0
1
0
0
0
0
-1
0
-1
0
1
0
0
1
0
0
0
0
0
0
0
0
0
0
1
-1
0
-1
0
0
-1
0
0
0
0
-1
0
0
0
0
0
1
0
0
0
0
0
0
0
-1
0
0
0
0
0
0
-1
0
0
0
0
0
0
-1
0
-1
0
0
0
0
1
0
0
0
0
0
0
0
0
0
0
0
0
1
0
0
0
0
1
0
-1
0
1
0
0
0
0
0
0
0
-1
-1
0
0
0
1
0
-1
0
0
-1
0
0
0
-1
0
0
1
0
0
0
0
0
0
1
0
0
0
0
1
0
0
0
2
2
0
0
-1
-1
-2
-1
1
0
2
1
1
1
1
0
0
0
0
2
2
1
0
1
2
2
2
1
0
0
0
0
0
1
2
1
2
0
0
0
0
0
-1
0
1
0
0
-1
0
-1
0
0
-1
0
0
0
0
0
0
0
0
0
0
0
0
0
0
0
0
-1
0
0
0
0
0
0
-1
-1
0
0
1
3
3
2
1
0
-2
-1
-1
0
0
1
1
1
0
0
0
0
-1
-1
-1
-1
-1
0
2
3
3
2
1
0
-1
-1
0
0
1
1
1
1
-1
0
0
0
0
0
0
0
1
0
1
1
1
0
-1
-1
-1
-1
0
1
1
1
1
0
0
-1
-1
-1
-1
0
-1
0
0
0
0
0
0
-1
-1
0
-1
0
0
0
-1
0
0
0
0
0
0
0
1
0
0
0
0
0
0
0
0
0
0
1
1
0
0
1
0
0
-1
-1
-1
0
0
0
2
1
1
1
0
-2
-2
-1
-1
1
2
5
8
6
4
2
0
-2
-4
-6
-4
-2
0
2
2
3
3
3
1
-1
-1
-2
-1
1
1
2
3
3
3
2
1
0
-1
-1
0
-1
0
1
-1
0
0
0
-1
-1
0
0
0
1
2
2
3
3
3
3
1
0
-1
-1
-2
-1
1
2
2
2
1
0
-1
-2
-1
-1
0
1
2
1
1
0
-1
-2
-1
-1
-1
-1
0
0
1
1
1
0
-1
-1
0
0
1
2
2
2
2
1
-1
0
1
0
0
0
0
-1
0
-1
0
1
1
0
-1
0
-2
-1
0
0
1
1
1
1
2
2
2
3
0
1
0
-1
-1
-1
0
0
1
1
1
1
1
1
2
2
1
1
0
-1
-1
-1
0
0
1
1
1
1
1
-1
2
1
2
1
1
2
1
0
0
0
0
1
-1
0
0
0
0
0
1
0
0
-1
0
0
0
0
1
0
0
1
-2
-1
0
0
0
0
0
1
1
1
2
2
1
0
1
0
0
0
-1
-1
-1
-1
0
0
-1
0
2
2
2
0
0
0
0
0
0
0
1
1
1
0
-1
0
0
0
0
0
0
0
0
0
-1
0
1
0
-1
-2
1
1
0
0
0
1
-1
-2
-2
0
0
-1
1
1
1
1
0
0
1
1
1
1
1
0
1
1
2
2
1
0
-1
-3
-2
-2
0
1
2
2
2
1
0
-1
-1
-1
-1
1
0
1
1
1
0
0
-1
0
-2
-2
-1
1
2
2
2
1
-1
0
-1
-2
-2
-1
1
3
3
4
4
2
0
-1
-1
-3
-3
-2
0
2
2
4
4
2
1
-1
-2
-2
-1
0
1
1
0
0
0
0
-1
-1
-2
-1
-1
0
0
1
2
3
2
0
0
-3
-3
-3
-1
0
2
3
3
3
0
0
0
-2
-1
0
0
1
2
2
2
1
1
-1
-2
-4
-3
-2
1
3
4
4
3
1
0
-2
-2
-2
-1
0
0
2
2
2
2
0
-1
-2
-2
-4
-3
0
2
4
3
3
2
-1
-3
-4
-3
-1
0
3
5
5
4
2
-1
-4
-6
-6
-4
-2
2
4
6
7
5
5
1
-2
-3
-5
-4
-1
2
3
3
4
1
0
-2
-3
-5
-3
-1
1
2
5
5
4
2
1
-1
-3
-2
-2
0
2
4
4
4
2
0
-2
-4
-4
-3
-1
1
2
4
5
4
2
-1
-4
-5
-6
-2
-1
2
6
7
7
3
1
0
-4
-7
-7
-3
1
3
4
5
6
4
1
-3
-7
-7
-7
-5
-1
3
6
6
5
3
-1
-5
-4
-5
-2
0
3
5
5
5
3
2
-2
-3
-5
-6
-3
0
3
5
6
7
3
1
-2
-4
-5
-4
-1
2
3
5
5
3
1
-2
-4
-5
-4
-3
0
3
4
6
5
2
1
-2
-4
-5
-4
-2
1
4
6
4
4
0
0
-3
-5
-5
-4
-1
2
4
5
3
3
0
-2
-5
-4
-4
-2
1
5
5
6
5
2
0
-3
-4
-4
-2
-1
1
3
2
3
2
1
-1
-2
-3
-3
-2
0
1
4
1
2
1
-2
-1
-2
-2
-2
-1
0
2
2
3
3
2
1
0
-1
-1
-3
-1
0
2
3
3
2
1
-2
-3
-3