19
27
12
-13
-36
-39
-10
36
73
102
113
83
31
30
86
135
138
103
45
-24
-75
-86
-70
-55
-64
-102
-146
-171
-173
-172
-155
-108
-50
-23
-21
-7
25
49
77
126
175
183
150
116
115
133
137
112
80
65
69
58
16
-41
-77
-84
-72
-66
-81
-108
-112
-84
-63
-74
-93
-90
-70
-43
-12
11
2
-25
-23
12
36
33
32
55
79
83
72
49
12
-13
1
42
59
45
29
21
-10
-63
-88
-55
3
22
-20
-90
-150
-156
-95
-9
40
37
16
16
34
51
62
70
75
80
80
65
37
3
-25
-30
9
61
70
25
-25
-53
-60
-45
-16
-1
-19
-46
-48
-23
-1
-3
-10
-15
-15
-2
24
35
11
-32
-64
-71
-53
-22
6
26
28
19
0
-14
-1
28
56
67
42
-10
-50
-45
-22
-14
-19
-18
-15
-11
-9
-23
-53
-68
-36
22
54
41
18
19
47
76
86
85
88
88
76
53
36
34
28
13
-4
-10
-14
-30
-47
-53
-51
-64
-89
-101
-87
-61
-47
-50
-61
-63
-52
-31
-9
1
5
14
20
18
16
24
36
40
33
31
40
48
46
43
43
38
29
25
31
35
33
25
14
1
-14
-33
-46
-47
-40
-32
-25
-26
-42
-66
-73
-52
-18
5
13
11
3
-5
-5
2
19
42
61
69
62
44
25
13
13
25
38
52
52
28
-7
-35
-36
-19
2
12
1
-28
-55
-65
-59
-51
-51
-49
-42
-34
-37
-45
-51
-40
-22
-4
4
6
9
15
25
30
31
31
37
50
66
73
68
59
48
39
31
26
26
28
19
-5
-35
-55
-53
-38
-21
-14
-14
-17
-18
-21
-15
3
22
25
12
-7
-16
-9
9
24
22
6
-16
-27
-25
-18
-16
-18
-25
-33
-34
-26
-14
2
21
40
53
44
19
-1
-3
9
18
15
5
-10
-25
-38
-40
-29
-9
-1
-7
-19
-21
-11
0
3
-2
1
17
39
54
54
40
18
6
12
31
49
54
37
3
-26
-31
-20
-8
-4
-4
-11
-28
-45
-58
-58
-40
-10
15
19
1
-26
-43
-33
-6
17
27
28
20
5
-2
0
5
17
37
50
39
16
0
-4
0
5
7
3
-1
-1
-14
-34
-49
-46
-34
-27
-27
-27
-28
-26
-23
-19
-15
-7
6
27
43
53
46
24
8
15
39
56
54
43
29
12
-6
-9
0
5
-1
-10
-12
-12
-17
-26
-30
-22
-7
9
24
27
15
-7
-21
-18
-7
-1
-2
-13
-26
-33
-36
-38
-39
-35
-24
-7
9
14
7
0
0
10
23
32
39
42
39
26
9
-2
1
13
27
27
12
-8
-23
-27
-22
-11
1
13
19
12
-4
-17
-22
-18
-4
10
10
-11
-38
-42
-23
1
10
11
9
8
3
0
1
4
9
17
24
20
11
9
11
12
7
5
6
6
-2
-15
-26
-35
-35
-24
-9
0
-2
-6
-8
-8
-6
-2
12
26
34
29
15
0
-8
-2
18
35
36
15
-15
-35
-35
-26
-17
-16
-16
-18
-21
-25
-23
-12
3
10
11
9
12
14
9
0
-6
-4
6
17
21
12
1
-1
7
17
21
17
10
7
7
12
10
-1
-8
-6
1
1
-6
-9
-4
-2
-7
-10
-7
-6
-7
-7
-6
-7
-8
-5
0
2
-3
-5
1
5
10
13
12
5
-6
-9
-5
-4
-5
-6
-2
3
3
0
1
1
4
6
8
7
5
5
6
4
2
1
6
11
12
5
-4
-13
-21
-26
-25
-14
-2
0
-5
-10
-9
-2
8
18
24
25
20
12
6
1
-3
-4
-1
4
5
3
-3
-5
-5
-3
0
-1
-2
-1
-2
-4
-6
-12
-10
0
9
12
5
-2
-5
-1
5
10
13
11
5
-1
-4
-4
-3
0
2
0
-4
-8
-10
-10
-7
-5
-6
-10
-13
-13
-8
-2
0
3
8
12
14
10
7
5
8
12
14
14
9
5
2
0
2
5
8
9
5
0
-5
-9
-10
-8
-5
-2
1
-2
-5
-8
-10
-10
-6
0
3
2
-3
-8
-10
-8
-2
5
8
7
4
1
1
0
0
2
3
5
4
1
-2
-4
-4
0
3
5
4
-1
-5
-8
-5
-5
-3
-3
-2
-3
-2
-1
0
-1
-1
1
5
9
10
10
9
8
9
9
7
7
4
1
-2
-2
-4
-1
1
2
4
2
-1
-3
-5
-6
-7
-9
-10
-10
-11
-11
-11
-10
-6
1
5
7
3
0
-2
-1
3
4
4
1
0
1
4
3
2
2
5
8
9
5
3
1
3
5
6
6
4
1
-2
-4
-2
-2
-1
-2
-4
-8
-9
-8
-5
0
1
0
-1
-1
0
2
3
4
2
0
0
2
2
3
5
5
5
5
4
0
0
0
0
-1
-3
-3
-5
-5
-4
-3
-2
-1
1
1
0
-2
-2
-2
0
1
1
0
-1
0
1
1
2
2
3
3
5
5
4
3
2
1
1
0
-2
-2
-2
1
1
3
1
-1
-1
-1
-1
-1
-1
-2
-4
-3
-3
-1
-1
1
2
4
1
2
1
0
1
1
1
2
0
1
0
0
1
2
2
2
2
1
0
0
0
2
0
0
-1
-1
-1
0
0
1
1
1
0
-1
-1
-2
-1
0
1
0
0
-1
1
3
4
5
5
4
2
0
-2
-1
0
-1
0
0
0
1
0
0
2
2
2
0
1
0
-2
-1
0
0
1
1
1
1
2
2
1
0
1
1
1
0
-3
-6
-7
-2
1
3
3
2
2
2
2
2
1
0
0
0
1
0
0
1
1
2
2
2
2
0
0
-1
-1
0
-1
0
-1
0
0
1
1
0
0
0
1
-1
-1
-1
-1
-1
0
2
1
1
2
2
1
1
1
1
1
-2
-1
-3
-1
1
-1
-1
-1
-1
1
1
1
1
-1
-3
-2
-3
-2
0
1
2
1
1
1
3
3
3
3
3
2
-1
-1
-1
0
1
1
2
1
1
1
1
1
2
2
0
0
-1
-2
-1
2
1
2
1
0
-1
-1
1
1
2
3
1
2
0
0
0
1
0
2
1
0
-2
-1
-1
0
1
2
1
0
-1
-2
-1
-1
0
1
1
1
0
0
1
1
1
2
1
2
0
0
0
1
2
2
2
1
1
1
0
0
0
0
0
1
1
0
0
0
2
3
3
2
1
-2
-1
0
1
0
0
0
1
1
0
1
0
1
1
2
2
0
0
-1
-1
1
1
0
-1
-1
0
0
0
-1
0
0
0
0
0
0
0
0
0
0
0
0
0
0
0
-1
0
0
1
0
0
-1
0
0
1
1
2
2
2
0
0
-1
-1
-2
0
0
0
1
0
0
1
0
0
0
0
1
1
1
0
-1
-1
-1
-2
0
0
1
1
0
0
0
0
0
0
0
0
-1
-1
-1
0
1
2
2
3
2
2
1
0
1
1
0
0
-1
-1
0
-1
1
1
1
1
2
1
0
-1
0
0
1
0
-1
0
0
0
0
-1
-1
1
0
0
1
0
0
1
0
0
0
-1
1
0
0
0
0
0
0
-1
0
0
0
0
0
0
0
0
0
0
0
0
0
0
0
0
0
0
0
0
-1
0
-1
0
-1
0
1
1
0
0
-2
-1
-2
0
0
1
1
1
1
-1
0
-1
0
-1
0
0
0
0
-1
0
-1
0
1
0
0
0
0
0
0
1
0
0
0
0
0
0
-1
0
0
0
0
0
0
0
0
1
0
1
1
0
0
0
0
0
0
0
0
0
0
1
0
1
0
0
0
0
0
0
0
1
0
0
0
1
0
1
1
0
0
0
0
-1
0
0
1
0
0
0
0
0
0
0
0
0
0
0
0
0
-1
0
0
0
0
0
0
0
0
0
-1
0
1
0
0
0
0
0
0
0
-1
1
0
0
0
1
0
1
0
0
0
0
0
0
0
-1
0
1
0
0
0
1
0
0
0
0
-1
1
1
0
0
1
0
0
0
0
0
0
0
0
-1
0
0
0
0
1
0
0
0
0
0
0
-1
-1
1
0
0
1
0
0
-1
0
-1
1
0
1
0
0
0
0
1
-1
0
0
0
0
0
0
0
0
0
0
0
0
0
0
-1
0
0
0
0
1
0
0
0
0
0
0
0
0
-1
0
0
0
-1
0
0
1
0
-1
0
0
0
0
1
1
1
0
0
-1
0
0
-1
0
0
0
0
-1
0
0
0
0
0
0
1
0
0
0
0
0
1
0
0
0
0
0
0
0
-1
1
-1
0
-1
0
0
0
0
-1
0
0
0
0
0
0
0
0
0
1
0
0
0
0
0
0
0
0
0
0
0
0
0
0
-1
0
0
0
1
0
0
0
0
-1
0
-1
0
1
0
0
1
0
0
0
0
0
0
0
0
0
0
1
-1
0
-1
0
0
-1
0
0
-1
-1
-2
0
1
2
2
2
3
1
0
0
0
0
0
0
-1
0
0
0
0
0
0
-1
0
0
0
0
0
0
-1
0
-1
0
0
0
0
1
0
0
0
0
0
0
0
0
0
0
0
0
1
0
0
0
0
1
0
-1
0
1
0
0
0
0
0
0
0
-1
-1
0
0
0
1
0
-1
0
0
-1
0
0
0
-1
0
0
1
0
0
0
0
0
0
1
0
0
0
0
1
0
0
0
1
1
0
0
0
0
0
0
1
0
1
0
0
0
1
0
0
0
-1
1
1
0
-1
0
0
0
0
0
0
0
0
0
0
0
1
0
1
0
0
0
0
0
-1
0
1
0
0
-1
0
-1
0
0
-1
0
0
0
0
0
0
0
0
0
0
0
0
0
0
0
0
0
0
0
0
0
0
0
0
0
0
0
0
0
0
0
0
0
-1
0
0
0
0
0
0
0
-1
0
0
0
0
0
0
0
0
0
0
0
0
0
0
0
0
0
0
0
0
0
0
1
-1
0
0
0
0
0
0
0
1
0
0
0
0
0
-1
0
0
0
0
0
0
0
0
0
0
-1
-1
-1
-1
0
-1
0
0
0
0
0
0
-1
-1
0
-1
0
0
0
-1
0
0
0
0
0
0
0
1
0
0
0
0
0
0
0
0
0
0
1
1
0
0
0
0
0
0
0
0
0
0
0
1
0
0
0
0
0
1
1
0
0
0
0
0
-1
0
0
0
0
0
0
1
0
0
1
0
0
0
1
0
0
1
0
1
1
0
0
0
0
0
0
0
0
0
0
1
0
1
1
-1
0
0
0
0
0
0
0
0
0
0
0
1
0
0
1
0
0
0
1
0
0
0
-1
0
0
0
0
0
0
0
0
0
0
1
0
0
0
-1
-1
0
0
0
0
0
0
0
0
0
0
-1
0
1
0
0
0
0
0
0
0
-1
0
1
0
0
0
0
-1
0
-1
-1
0
0
0
0
1
0
0
0
0
0
0
0
0
1
1
0
1
-1
0
0
0
0
0
0
0
0
0
0
0
0
0
0
0
0
0
0
0
0
0
0
0
0
0
0
0
0
-1
1
0
1
0
0
1
0
0
0
0
0
1
-1
0
0
0
0
0
1
0
0
-1
0
0
0
0
1
0
0
1
-1
-1
0
0
0
0
0
0
0
0
0
0
0
-1
0
0
0
1
0
0
0
0
1
0
-1
-1
0
0
0
-1
0
0
0
0
0
-1
0
0
0
0
-1
0
0
0
0
0
0
0
0
0
0
0
0
0
0
-1
0
0
0
0
0
0
0
0
0
1
0
-1
0
0
0
0
0
0
0
0
0
0
0
0
0
0
0
0
0
0
0
-1
0
0
0
0
0
0
0
0
0
0
0
0
0
1
0
0
0
0
0
0
0
1
0
0
0
1
1
0
0
0
-1
1
1
0
0
0
0
0
0
0
1
0
0
0
1
0
0
0
0
0
-1
0
0
0
0
0
0
0
0
0
0
-1
-1
-1
0
0
0
0
-1
0
0
0
0
0
0
0
0
0
1
0
1
0
0
0
0
0
0
1
-1
0
1
-1
0
0
0
0
0
0
0
-1
0
0
0
-1
0
-1
0
0
0
0
0
-1
0
0
0
0
0
0
-1
0
0
0
0
0
0
0
0
-1
-1
0
0
0
0
0
1
0
0
0
0
0
-1
0
0
0
0
0
0
0
0
0
1
0
1
0
0
1
-1
1
0
0
0
-1
-1
0
0
0
-1
0
-1
0
0
0
-1
0
0
0
0
1
0
0
0
0
0
0
1
0
1
0
0
0
0
0
0
1
0
0
0
1
1
0
0
0
0
0
0
0
0
-1
1
0
0
0
0
0
0
0
1
0
0
-1
0
0
0
-1
-1
0
0
1
0
-1
0
0
0
0
0
0
-1
-1
0
0
-1
1
0
1
0
0
0
0
0
0
1
0
0
0
-1
0
0
0
0
0
1
-1
0
0
0
0
0
0
0
0
0
1
0
0
0
0
0
0
-1
0
0
-1
0
0
-1
0
0
0
0
0
0
0
0
1
0
0
-1
1
0
0
-1
-1
0
0
0
1
-1
0
0
0
-1
1
0
0
0
1
-1
0
0
0
0
0
0
0
0
0
0
0
-1
0
0
0
0
0
0
0
0
0
0
1
-1
0
0
-1
1
0
0
0
0
0
0
0
0
0
0
0
0
0
0
-1
0
0
0
0
0
0
0
-1
0
0
0
-1
0
0
-1
-1
0
0
0
0
0
1
1
-1
0
-1
0
0
0
0
0
0
0
0
1
0
0
0
0
-1
1
0
0
1
0
0
0
0
0
1
1
0
0
0
0
0
-1
0
-1
1
0
1
0
0
1
0
0
1
0
0
0
1
-1
-1
1
0
0
0
-1
0
0
1
0
0
0
0
0
0
-1
0
0
0
-1
0
0
1
1
-1
0
0
0
0
0
0
0
0
0
-1
1
0
0
1
0
0
0
0
1
-1
0
0
0
0
-1
1
0
0
-1
0
0
0
0
0
-1
0
-1
1
0
0
1
0
0
0
0
0
0
0
0
-1
0
0
0
1
0
1
0
0
0
0
-1
0
0
1
1
0
0
0
-1
-1
0
0
0
-1
0
0
1
0
1
0
0
1
0
0
1
0
0
0
0
0
0
0
0
0
0
0
-1
1
0
0
0
0
0
0
0
0
0
0
-1
0
-1
0
0
0
0
0
-1
0
0
0
1
0
0
0
0
0
0
0
0
0
-1
1
1
-1
0
0
0
0
0
0
0
0
0
0
0
0
0
-1
0
0
0
0
0
0
0
0
-1
0
0
0
0
-1
0
-1
0
0
0
0
0
-1
0
0
-1
0
0
0
1
0
0
0
0
0
0
1
0
0
0
0
0
1
0
0
0
1
1
0
0
0
0
0
0
0
0
1
1
1
0
0
-1
0
0
0
-1
-1
0
0
0
0
0
0
0
0
0
0
0
0
0
0
0
0
0
0
0
0
0
1
1
1
0
-1
0
0
0
0
0
0
1
-1
-1
0
0
0
0
0
1
0
-1
0
0
0
0
0
0
0
0
-1
0
0
0
0
1
0
0
0
0
0
-1
1
1
0
0
0
0
1
0
0
0
0
0
0
0
0
0
0
0
0
1
0
0
0
0
0
0
1
0
0
0
0
0
0
0
0
0
0
1
0
-1
0
0
0
0
-1
0
0
0
0
0
0
-1
0
0
-1
0
0
0
-1
1
0
0
0
0
0
0
0
0
0
0
0
0
0
-1
0
-1
0
0
0
0
0
0
0
0
0
1
0
0
0
0
0
0
0
0
0
0
0
1
0
0
0
0
0
0
0
0
0
-1
0
0
1
0
0
0
0
0
0
0
1
0
0
0
0
0
0
-1
0
1
0
0
0
0
0
0
0
0
-1
0
0
0
0
0
0
0
0
1
0
-1
0
1
0
0
-1
0
0
0
0
-1
0
0
0
0
1
0
0
0
0
0
0
0
0
-1
0
0
0
0
0
0
0
0
0
1
0
0
0
0
0
1
0
0
1
0
1
-1
0
0
0
0
0
0
0
0
-1
0
-1
-1
0
0
0
0
0
0
0
0
0
0
-1
0
-1
0
0
0
0
0
0
-1
0
0
0
0
0
0
0
0
0
0
0
0
0
0
0
0
0
1
1
0
-1
0
0
0
0
0
0
0
0
0
0
0
0
0
0
0
0
1
0
0
0
0
0
1
0
0
0
0
0
0
0
-1
-1
0
0
0
0
0
-1
-1
0
0
0
-1
1
0
0
-1
0
0
0
0
0
0
0
0
0
0
0
0
0
0
0
0
1
0
0
-1
0
0
0
0
0
0
1
0
0
-1
-1
0
0
0
0
-1
0
0
0
0
0
1
0
0
1
0
1
0
0
0
0
0
0
-1
0
0
0
0
0
0
1
0
0
0
0
0
0
-1
-1
0
-1
0
0
0
0
0
0
0
0
0
0
0
0
0
0
-1
0
0
0
0
1
0
0
0
0
0
0
0
0
0
0
-1
1
-1
0
0
0
0
0
0
0
0
1
0
1
0
0
0
1
-1
0
0
0
0
0
0
0
0
0
0
-1
0
0
0
0
1
1
0
1
0
0
0
0
0
0
0
0
0
0
-1
-1
-1
-1
0
0
0
0
0
-1
0
0
0
0
0
-1
0
-1
0
1
0
0
1
0
0
-1
0
-1
0
0
0
-1
0
1
-1
0
0
0
0
-1
0
1
0
-1
1
1
0
1
-1
0
0
1
0
0
-1
1
0
0
1
0
0
0
0
1
0
0
0
0
1
0
-1
0
-1
0
1
0
1
-1
0
1
0
0
0
0
0
-1
0
0
0
0
0
0
0
0
0
0
-1
0
1
0
1
0
-1
0
0
1
0
0
0
0
0
0
-1
0
-1
0
0
0
0
0
0
0
1
0
1
0
0
0
0
0
-1
0
0
0
0
0
-1
0
0
0
0
0
0
1
0
0
0
0
1
0
0
0
0
0
0
0
0
0
-1
0
1
0
0
0
0
0
0
0
0
0
0
0
0
0
0
0
-1
1
0
0
0
-1
0
0
0
1
0
0
0
-1
0
0
0
0
1
1
0
1
0
0
-1
0
-1
0
0
0
0
0
0
0
0
0
0
0
0
0
1
0
0
0
0
0
0
0
0
0
0
0
0
0
0
0
0
0
0
1
0
0
0
1
0
0
0
0
0
0
0
0
1
1
0
0
1
0
0
0
0
0
1
0
0
-1
1
0
-1
-1
0
0
0
0
0
1
0
1
0
0
0
1
0
-1
0
-1
0
0
-1
0
0
0
-1
0
0
0
0
0
0
0
0
1
-1
0
0
0
0
-1
0
0
0
0
0
1
0
0
0
0
0
0
0
0
1
1
0
0
0
0
0
0
0
0
0
1
0
-1
0
0
0
0
0
0
0
0
0
0
1
0
1
1
1
0
0
0
0
0
0
0
0
0
0
0
0
-1
0
0
0
-1
0
-1
0
0
0
0
0
0
0
-1
1
0
1
0
0
0
0
1
1
0
-1
0
1
-1
0
0
0
0
0
0
0
0
0
0
0
0
0
1
-1
0
0
0
0
0
0
0
-1
0
-1
0
0
0
0
0
-1
0
1
0
0
0
1
0
0
0
0
0
0
0
0
0
0
0
0
0
0
1
0
1
0
-1
-1
-1
0
0
0
0
0
0
0
-1
0
0
1
-1
0
1
0
0
0
0
0
0
0
-1
0
0
0
0
0
0
0
0
0
0
0
0
0
0
0
0
0
0
0
0
0
0
1
0
1
0
0
0
1
0
0
-1
1
0
-1
0
0
-1
0
0
0
0
-1
0
0
0
0
1
0
0
0
1
0
0
1
-1
0
0
0
0
0
0
-1
0
1
0
0
0
1
-1
0
0
0
-1
0
0
0
-1
0
1
0
-1
0
0
-1
-1
0
0
0
0
-1
-1
-1
0
0
0
0
0
0
0
0
0
1
0
-1
0
1
0
1
0
0
0
-1
0
0
0
0
0
0
-1
1
0
0
0
0
1
0
0
0
-1
0
1
0
0
0
0
0
0
0
0
0
0
-1
1
-1
0
1
0
0
0
0
0
0
0
0
0
0
0
0
0
0
0
1
0
0
0
0
-1
1
0
0
0
0
0
0
0
0
0
0
0
0
-1
0
0
0
-1
0
0
1
1
0
0
0
0
-1
0
1
0
-1
0
0
0
0
-1
0
0
0
0
0
-1
-1
0
0
0
0
1
0
0
0
0
-1
0
0
0
0
0
0
0
0
1
0
-1
0
0
-1
0
0
0
0
0
0
0
0
0
0
0
1
0
0
0
0
-1
-1
0
-1
0
0
0
-1
0
0
0
0
1
1
-1
0
0
-1
-1
0
0
-1
0
0
-1
0
0
-1
1
-1
0
0
-1
0
0
0
0
0
0
0
1
0
0
-1
1
1
0
0
0
0
0
0
0
0
0
1
0
0
0
0
0
0
-1
0
0
-1
0
0
1
0
0
1
0
0
0
1
0
0
0
0
0
0
1
-1
0
0
0
1
0
-1
0
0
0
0
0
-1
0
0
0
0
1
0
0
1
0
0
0
1
0
0
0
0
0
1
0
0
0
0
0
0
0
1
0
0
0
0
-1
0
0
-1
-1
0
-1
0
0
0
1
1
0
0
0
-1
1
0
0
0
0
1
0
1
0
0
1
1
0
0
0
0
0
-1
0
0
0
-1
0
0
1
0
0
0
0
1
0
1
0
0
0
0
-1
0
0
-1
0
0
-1
1
2
2
3
2
1
0
-1
-1
-1
1
0
0
0
2
0
1
2
2
0
0
0
1
1
-1
-1
0
1
0
0
0
2
2
2
1
0
1
1
0
0
1
0
1
0
0
0
0
0
0
0
0
0
0
-1
0
-1
1
0
1
1
0
0
0
0
0
0
0
0
0
0
0
0
0
0
1
0
-1
0
0
0
0
0
0
-1
0
0
-1
0
0
0
0
0
0
0
1
1
0
0
0
0
0
0
0
-1
0
0
0
0
0
0
-1
-1
0
0
0
0
0
1
0
1
-1
0
0
-1
0
0
0
1
0
0
0
0
0
0
0
1
0
1
0
0
0
-1
-1
0
0
0
0
1
0
-1
0
0
0
0
1
0
-1
0
0
0
0
0
1
0
0
0
0
0
0
0
0
0
0
1
0
0
0
0
0
0
0
0
0
0
0
0
0
-1
-1
0
0
0
0
0
0
-1
0
0
-1
0
0
0
0
0
0
0
0
0
0
0
0
0
0
0
0
0
-1
0
0
1
0
0
-1
1
0
0
0
0
0
0
0
0
0
0
-1
1
0
0
-1
0
0
0
1
0
-1
0
0
0
0
0
0
0
1
-1
0
-1
0
-1
-1
0
0
0
1
0
0
0
0
0
1
0
-1
-1
0
0
0
0
0
0
0
-1
0
-1
0
1
0
0
0
0
1
0
0
0
0
0
-1
-1
0
0
0
0
-1
0
1
0
1
0
0
0
0
-1
0
0
0
-1
0
0
0
0
0
0
0
0
-1
0
0
0
1
0
1
0
-1
0
1
0
0
-1
0
0
0
0
0
0
1
0
1
0
0
0
0
0
1
0
1
0
0
0
1
0
0
0
0
0
-1
0
0
0
0
0
0
0
0
0
-1
0
0
0
0
0
0
0
0
0
0
1
0
1
0
0
1
0
0
1
0
0
1
0
0
1
0
0
0
0
0
0
0
0
0
0
0
1
0
0
-1
0
0
-1
0
-1
0
0
1
1
0
0
0
-1
0
0
0
0
0
0
1
0
0
-1
0
0
0
0
-1
0
1
0
0
0
0
0
-1
0
0
0
0
0
0
0
1
0
0
0
0
0
-1
0
0
0
0
0
1
0
0
0
0
0
0
0
1
0
-1
0
-1
1
0
0
0
0
-1
0
-1
0
0
0
0
-1
1
0
0
0
1
0
-1
0
1
1
0
-1
0
0
0
0
0
0
0
0
-1
0
0
0
0
1
-1
0
0
-1
0
0
0
0
0
1
1
0
0
0
-1
-1
0
0
0
1
0
0
0
0
0
0
1
0
0
-1
0
0
1
0
0
0
0
0
1
0
0
-1
0
0
0
0
0
0
0
0
1
0
0
0
0
0
0
0
0
1
0
0
0
0
0
0
-1
0
0
0
0
1
0
0
1
0
0
0
1
-1
0
-1
0
0
0
1
0
0
0
0
0
0
1
0
0
0
0
0
0
0
0
0
-1
0
0
0
1
0
0
0
1
0
0
0
0
0
0
0
0
0
0
1
0
1
0
-1
0
0
-1
0
0
0
-1
0
0
0
-1
0
-1
1
-1
1
0
0
0
0
0
1
0
1
0
0
0
0
0
0
0
0
0
0
0
1
0
0
-1
0
0
0
0
0
0
0
0
0
0
-1
0
0
1
0
0
-1
0
0
0
0
0
0
0
0
-1
0
1
0
0
0
0
1
0
0
0
0
0
-1
0
0
-1
0
0
0
0
0
0
0
0
0
0
0
1
1
1
1
0
0
-1
1
0
0
0
0
0
0
0
0
0
0
0
0
1
0
0
1
0
1
0
0
1
0
0
0
0
1
0
0
-1
0
0
1
1
0
0
-1
0
-1
-1
0
0
0
1
1
0
-1
0
1
0
0
0
0
1
0
1
-1
0
1
0
0
0
-1
0
0
0
1
0
-1
0
-1
-1
0
0
1
0
0
0
1
1
0
0
1
1
-1
0
-1
0
0
0
1
0
0
0
0
-1
0
0
-1
0
0
-1
-1
1
0
0
0
0
-1
0
1
0
0
0
-1
1
0
1
0
1
-1
0
0
0
-1
0
0
0
0
0
0
0
0
0
0
0
0
0
0
0
0
0
1
0
0
0
0
1
0
0
0
0
0
0
0
0
0
0
0
0
0
0
0
0
0
0
0
0
1
0
0
0
0
-1
0
0
1
0
0
0
0
0
-1
0
0
0
0
0
0
-1
0
0
-1
0
0
0
-1
0
0
0
0
-1
0
0
0
0
0
0
0
0
0
0
0
0
0
0
0
-1
0
0
0
-1
0
-1
0
-1
0
0
0
0
1
0
0
0
0
-1
1
0
0
0
0
0
1
0
0
0
0
0
0
1
0
0
0
0
-1
0
-1
0
0
0
0
0
0
0
0
0
0
0
0
0
0
0
0
0
1
0
1
1
0
1
0
0
0
0
0
1
0
1
0
0
0
1
0
0
-1
0
0
1
0
-1
0
0
0
0
-1
-1
1
0
0
1
0
0
1
0
0
0
-1
1
0
0
0
0
0
0
-1
0
0
0
0
0
0
0
0
0
0
0
0
0
0
0
0
0
0
0
0
-1
0
-1
0
-1
0
0
0
0
0
-1
0
-1
1
0
0
0
0
0
-1
0
-1
0
-1
0
0
0
0
-1
0
-1
0
1
0
0
0
0
0
0
1
0
0
0
0
0
0
-1
0
0
0
0
0
0
0
0
1
0
1
1
0
0
0
0
0
0
0
0
0
0
1
0
1
0
0
0
0
0
0
0
1
0
0
0
1
0
1
1
0
0
0
0
-1
0
0
1
0
0
0
0
0
0
0
0
0
0
0
0
0
-1
0
0
0
0
0
0
0
0
0
-1
0
1
0
0
0
0
0
0
0
-1
1
0
0
0
1
0
1
0
0
0
0
0
0
0
-1
0
1
0
0
0
1
0
0
0
0
-1
1
1
0
0
1
0
0
0
0
0
0
0
0
-1
0
0
0
0
1
0
0
0
0
0
0
-1
-1
1
0
0
1
0
0
-1
0
-1
1
0
1
0
0
0
0
1
-1
0
0
0
0
0
0
0
0
0
0
0
0
0
0
-1
0
0
0
0
1
0
0
0
0
0
0
0
0
-1
0
0
0
-1
0
0
1
0
-1
0
0
0
0
1
1
1
0
0
-1
0
0
-1
0
0
0
0
-1
0
0
0
0
0
0
1
0
0
0
0
0
1
0
0
0
0
0
0
0
-1
1
-1
0
-1
0
0
0
0
-1
0
0
0
0
0
0
0
0
0
1
0
0
0
0
0
0
0
0
0
0
0
0
0
0
-1
0
0
0
1
0
0
0
0
-1
0
-1
0
1
0
0
1
0
0
0
0
0
0
0
0
0
0
1
-1
0
-1
0
0
-1
0
0
0
0
-1
0
0
0
0
0
1
0
0
0
0
0
0
0
-1
0
0
0
0
0
0
-1
0
0
0
0
0
0
-1
0
-1
0
0
0
0
1
0
0
0
0
0
0
0
0
0
0
0
0
1
0
0
0
0
1
0
-1
0
1
0
0
0
0
0
0
0
-1
-1
0
0
0
1
0
-1
0
0
-1
0
0
0
-1
0
0
1
0
0
0
0
0
0
1
0
0
0
0
1
0
0
0
1
1
0
0
0
0
0
0
1
0
1
0
0
0
1
0
0
0
-1
1
1
0
-1
0
0
0
0
0
0
0
0
0
0
0
1
0
1
0
0
0
0
0
-1
0
1
0
0
-1
0
-1
0
0
-1
0
0
0
0
0
0
0
0
0
0
0
0
0
0
0
0
0
0
0
0
0
0
0
0
0
0
0
0
0
0
0
0
0
-1
0
0
0
0
0
0
0
-1
0
0
0
0
0
0
0
0
0
0
0
0
0
0
0
0
0
0
0
0
0
0
1
-1
0
0
0
0
0
0
0
1
0
0
0
0
0
-1
0
0
0
0
0
0
0
0
0
0
-1
-1
-1
-1
0
-1
0
0
0
0
0
0
-1
-1
0
-1
0
0
0
-1
0
0
0
0
0
0
0
1
0
0
0
0
0
0
0
0
0
0
1
1
0
0
0
0
0
0
0
0
0
0
0
1
0
0
0
0
0
1
1
0
0
0
0
0
-1
0
0
0
0
0
0
1
0
0
1
0
0
0
1
0
0
1
0
1
1
0
0
0
0
0
0
0
0
0
0
1
0
1
1
-1
0
0
0
0
0
0
0
0
0
0
0
1
0
0
1
0
0
0
1
0
0
0
-1
0
0
0
0
0
0
0
0
0
0
1
0
0
0
-1
-1
0
0
0
0
0
0
0
0
0
0
-1
0
1
0
0
0
0
0
0
0
-1
0
1
0
0
0
0
-1
0
-1
-1
0
0
0
0
1
0
0
0
0
0
0
0
0
1
1
0
1
-1
0
0
0
0
0
0
0
0
0
0
0
0
0
0
0
0
0
0
0
0
0
0
0
0
0
0
0
0
-1
1
0
1
0
0
1
0
0
0
0
0
1
-1
0
0
0
0
0
1
0
0
-1
0
0
0
0
1
0
0
1
-1
-1
0
0
0
0
0
0
0
0
0
0
0
-1
0
0
0
1
0
0
0
0
1
0
-1
-1
0
0
0
-1
0
0
0
0
0
-1
0
0
0
0
-1
0
0
0
0
0
0
0
0
0
0
0
0
0
0
-1
0
0
0
0
0
0
0
0
0
1
0
-1
0
0
0
0
0
0
0
0
0
0
0
0
0
0
0
0
0
0
0
-1
0
0
0
0
0
0
0
0
0
0
0
0
0
1
0
0
0
0
0
0
0
1
0
0
0
1
1
0
0
0
-1
1
1
0
0
0
0
0
0
0
1
0
0
0
1
0
0
0
0
0
-1
0
0
0
-1
-1
-1
0
1
2
2
1
0
0
0
0
0
0
0
0
0
-1
-1
0
0
1
2
2
3
2
3
0
-1
0
0
-1
-2
0
-1
1
1
-1
2
3
2
1
1
1
1
-1
-1
-1
-2
-2
-1
-1
1
2
2
2
2
0
0
0
0
1
0
0
-2
-1
-1
-1
0
1
1
1
1
-1
-1
0
0
0
0
0
0
-1
-1
0
1
2
1
2
1
1
0
0
0
0
0
0
0
-1
0
0
1
3
1
3
2
1
0
-1
-1
0
0
0
-1
0
-1
0
0
0
-1
0
0
0
0
1
0
0
0
0
-1
-1
0
0
2
2
2
2
2
1
0
1
0
0
0
1
1
0
0
0
0
0
0
0
0
-1
1
0
0
0
0
0
-1
-1
0
0
1
1
2
2
2
0
-1
0
-1
0
0
-1
0
0
1
1
2
2
1
0
0
-1
-2
0
0
1
1
1
1
1
1
0
2
1
1
1
0
1
0
0
0
0
1
-1
0
0
0
0
1
1
1
0
-1
-1
-2
-1
0
0
1
1
0
1
1
0
2
2
0
1
0
-1
-1
-1
-1
1
2
2
0
0
1
3
1
1
1
1
0
-1
-1
0
-1
1
2
1
-1
1
2
2
1
1
1
2
0
-1
-1
0
0
0
1
1
1
1
0
0
1
1
1
1
1
1
1
0
0
1
-1
0
0
-1
1
0
0
0
0
0
0
0
0
0
0
0
0
0
0
-1
0
0
0
0
0
0
0
-1
0
0
0
-1
0
0
-1
-1
0
0
0
0
0
1
1
-1
0
-1
0
0
0
0
0
0
0
0
1
0
0
0
0
-1
1
0
0
1
0
0
0
0
0
1
1
0
0
0
0
0
-1
0
-1
1
0
1
0
0
1
0
0
1
0
0
0
1
-1
-1
1
0
0
0
-1
0
0
1
0
0
0
0
0
0
-1
0
0
0
-1
0
0
1
1
-1
0
0
0
0
0
0
0
0
0
-1
1
0
0
1
0
0
0
0
1
-1
0
0
0
0
-1
1
0
0
-1
0
0
0
0
0
-1
0
-1
1
0
0
1
0
0
0
0
0
0
0
0
-1
0
0
0
1
0
1
0
0
0
0
-1
0
0
1
1
0
0
0
-1
-1
0
0
0
-1
0
0
1
0
1
0
0
1
0
0
1
0
0
0
0
0
0
0
0
0
0
0
-1
1
0
0
0
0
0
0
0
0
0
0
-1
0
-1
0
0
0
0
0
-1
0
0
0
1
0
0
0
0
0
0
0
0
0
-1
1
1
-1
0
0
0
0
0
0
0
0
0
0
0
0
0
-1
0
0
0
0
0
0
0
0
-1
0
0
0
0
-1
0
-1
0
0
0
0
0
-1
0
0
-1
0
0
0
1
0
0
0
0
0
0
1
0
0
0
0
0
1
0
0
0
1
1
0
0
0
0
0
0
0
0
1
1
1
0
0
-1
0
0
0
-1
-1
0
0
0
0
0
0
0
0
0
0
0
0
0
0
0
0
0
0
0
0
0
1
1
1
0
-1
0
0
0
0
0
0
1
-1
-1
0
0
0
0
0
1
0
-1
0
0
0
0
0
0
0
0
-1
0
0
0
0
1
0
0
0
0
0
-1
1
1
0
0
0
0
1
0
0
0
0
0
0
0
0
0
0
0
0
1
0
0
0
0
0
0
1
0
0
0
0
0
0
0
0
0
0
1
0
-1
0
0
0
0
-1
0
0
0
0
0
0
-1
0
0
-1
0
0
0
-1
1
0
0
0
0
0
0
0
0
0
0
0
0
0
-1
0
-1
0
0
0
0
0
0
0
0
0
1
0
0
0
0
0
0
0
0
0
0
0
1
0
0
0
0
0
0
0
0
0
-1
0
0
1
0
0
0
0
0
0
0
1
0
0
0
0
0
0
-1
0
1
0
0
0
0
0
0
0
0
-1
0
0
0
0
0
0
0
0
1
0
-1
0
1
0
0
-1
0
0
0
0
-1
0
0
0
0
1
0
0
0
0
0
0
0
0
-1
0
0
0
0
0
0
0
0
0
1
0
0
0
0
0
1
0
0
1
0
1
-1
0
0
0
0
0
0
0
0
-1
0
-1
-1
0
0
0
0
0
0
0
0
0
0
-1
0
-1
0
0
0
0
0
0
-1
0
0
0
0
0
0
0
0
0
0
0
0
0
0
0
0
0
1
1
0
-1
0
0
0
0
0
0
0
0
0
0
0
0
0
0
0
0
1
0
0
0
0
0
1
0
0
0
0
0
0
0
-1
-1
0
0
0
0
0
-1
-1
0
0
0
-1
1
0
0
-1
0
0
0
0
0
0
0
0
0
0
0
0
0
0
0
0
1
0
0
-1
0
0
0
0
0
0
1
0
0
-1
-1
0
0
0
0
-1
0
0
0
0
0
1
0
0
1
0
1
0
0
0
0
0
0
-1
0
0
0
0
0
0
1
0
0
0
0
0
0
-1
-1
0
-1
0
0
0
0
0
0
0
0
0
0
0
0
0
0
-1
0
0
0
0
1
0
0
0
0
0
0
0
0
0
0
-1
1
-1
0
0
0
0
0
0
0
0
1
0
1
0
0
0
1
-1
0
0
0
0
0
0
0
0
0
0
-1
0
0
0
0
1
1
0
1
0
0
0
0
0
0
0
0
0
0
-1
-1
-1
-1
0
0
0
0
0
-1
0
0
0
0
0
-1
0
-1
0
1
0
0
1
0
0
-1
0
-1
0
0
0
-1
0
1
-1
0
0
0
0
-1
0
1
0
-1
1
1
0
1
-1
0
0
1
0
0
-1
1
0
0
1
0
0
0
0
1
0
0
0
0
1
0
-1
0
-1
0
1
0
1
-1
0
1
0
0
0
0
0
-1
0
0
0
0
0
0
0
0
0
0
-1
0
1
0
1
0
-1
0
0
1
0
0
0
0
0
0
-1
0
-1
0
0
0
0
0
0
0
1
0
1
0
0
0
0
0
-1
0
0
0
0
0
-1
0
0
0
0
0
0
1
0
0
0
0
1
0
0
0
0
0
0
0
0
0
-1
0
1
0
0
0
0
0
0
0
0
0
0
0
0
0
0
0
-1
1
0
0
0
-1
0
0
0
1
0
0
0
-1
0
0
0
0
1
1
0
1
0
0
-1
0
-1
0
0
0
0
0
0
0
0
0
0
0
0
0
1
0
0
0
0
0
0
0
0
0
0
0
0
0
0
0
0
0
0
1
0
0
0
1
0
0
0
0
0
0
0
0
1
1
0
0
1
0
0
0
0
0
1
0
0
-1
1
0
-1
-1
0
0
0
0
0
1
0
1
0
0
0
1
0
-1
0
-1
0
0
-1
0
0
0
-1
0
0
0
0
0
0
0
0
1
-1
0
0
0
0
-1
0
0
0
0
0
1
0
0
0
0
0
0
0
0
1
1
0
0
0
0
0
0
0
0
0
1
0
-1
0
0
0
0
0
0
0
0
0
0
1
0
1
1
1
0
0
0
0
0
0
0
0
0
0
0
0
-1
0
0
0
-1
0
-1
0
0
0
0
0
0
0
-1
1
0
1
0
0
0
0
1
1
0
-1
0
1
-1
0
0
0
0
0
0
0
0
0
0
0
0
0
1
-1
0
0
0
0
0
0
0
-1
0
-1
0
0
0
0
0
-1
0
1
0
0
0
1
0
0
0
0
0
0
0
0
0
0
0
0
0
0
1
0
1
0
-1
-1
-1
0
0
0
0
0
0
0
-1
0
0
1
-1
0
1
0
0
0
0
0
0
0
-1
0
0
0
0
0
0
0
0
0
0
0
0
0
0
0
0
0
0
0
0
0
0
1
0
1
0
0
0
1
0
0
-1
1
0
-1
0
0
-1
0
0
0
0
-1
0
0
0
0
1
0
0
0
1
0
0
1
-1
0
0
0
0
0
0
-1
0
1
0
0
0
1
-1
0
0
0
-1
0
0
0
-1
0
1
0
-1
0
0
-1
-1
0
0
0
0
-1
-1
-1
0
0
0
0
0
0
0
0
0
1
0
-1
0
1
0
1
0
0
0
-1
0
0
0
0
0
0
-1
1
0
0
0
0
1
0
0
0
-1
0
1
0
0
0
0
0
0
0
0
0
0
-1
1
-1
0
1
0
0
0
0
0
0
0
0
0
0
0
0
0
0
0
1
0
0
0
0
-1
1
0
0
0
0
0
0
0
0
0
0
0
0
-1
0
0
0
-1
0
0
1
1
0
0
0
0
-1
0
1
0
-1
0
0
0
0
-1
0
0
0
0
0
-1
-1
0
0
0
0
1
0
0
0
0
-1
0
0
0
0
0
0
0
0
1
0
-1
0
0
-1
0
0
0
0
0
0
0
0
0
0
0
1
0
0
0
0
-1
-1
0
-1
0
0
0
-1
0
0
0
0
1
1
-1
0
0
-1
-1
0
0
-1
0
0
-1
0
0
-1
1
-1
0
0
-1
0
0
0
0
0
0
0
1
0
0
-1
1
1
0
0
0
0
0
0
0
0
0
1
0
0
0
0
0
0
-1
0
0
-1
0
0
1
0
0
1
0
0
0
1
0
0
0
0
0
0
1
-1
0
0
0
1
0
-1
0
0
0
0
0
-1
0
0
0
0
1
0
0
1
0
0
0
1
0
0
0
0
0
1
0
0
0
0
0
0
0
1
0
0
0
0
-1
0
0
-1
-1
0
-1
0
0
0
1
1
0
0
0
-1
1
0
0
0
0
1
0
1
0
0
1
1
0
0
0
0
0
-1
0
0
0
-1
0
0
1
0
0
0
0
1
0
1
0
0
0
0
-1
0
0
0
0
0
-1
0
0
0
1
1
0
0
-1
0
0
1
0
0
-1
1
0
0
0
0
-1
0
0
0
0
0
0
0
0
0
0
0
1
0
0
0
-1
0
1
0
0
1
-1
0
-1
-1
0
0
0
0
0
0
0
0
-1
0
-1
1
0
1
1
0
0
0
0
0
0
0
0
0
0
0
0
0
0
1
0
-1
0
0
0
0
0
0
-1
0
0
-1
0
0
0
0
0
0
0
1
1
0
0
0
0
0
0
0
-1
0
0
0
0
0
0
-1
-1
0
0
0
0
0
1
0
1
-1
0
0
-1
0
0
0
1
0
0
0
0
0
0
0
1
0
1
0
0
0
-1
-1
0
0
0
0
1
0
-1
0
0
0
0
1
0
-1
0
0
0
0
0
1
0
0
0
0
0
0
0
0
0
0
1
0
0
0
0
0
0
0
0
0
0
0
0
0
-1
-1
0
0
0
0
0
0
-1
0
0
-1
0
0
0
0
0
0
0
0
0
0
0
0
0
0
0
0
0
-1
0
0
1
0
0
-1
1
0
0
0
0
0
0
0
0
0
0
-1
1
0
0
-1
0
0
0
1
0
-1
0
0
0
0
0
0
0
1
-1
0
-1
0
-1
-1
0
0
0
1
0
0
0
0
0
1
0
-1
-1
0
0
0
0
0
0
0
-1
0
-1
0
1
0
0
0
0
1
0
0
0
0
0
-1
-1
0
0
0
0
-1
0
1
0
1
0
0
0
0
-1
0
0
0
-1
0
0
0
0
0
0
0
0
-1
0
0
0
1
0
1
0
-1
0
1
0
0
-1
0
0
0
0
0
0
1
0
1
0
0
0
0
0
1
0
1
0
0
0
1
0
0
0
0
0
-1
0
0
0
0
0
0
0
0
0
-1
0
0
0
0
0
0
0
0
0
0
1
0
1
0
0
1
0
0
1
0
0
1
0
0
1
0
0
0
0
0
0
0
0
0
0
0
1
0
0
-1
0
0
-1
0
-1
0
0
1
1
0
0
0
-1
0
0
0
0
0
0
1
0
0
-1
0
0
0
0
-1
0
1
0
0
0
0
0
0
1
0
0
-1
-1
-2
-1
1
1
0
0
1
-1
-3
1
1
0
1
2
2
1
3
3
3
4
5
5
7
6
4
4
1
1
-3
-3
-4
-10
-14
-12
-13
-12
-6
0
0
-2
0
-1
2
7
9
4
2
4
3
4
10
13
11
16
31
34
21
9
4
-5
-15
-15
-15
-17
-15
-10
-14
-14
-7
-4
2
12
12
-8
-21
-7
1
-18
-31
-19
-7
-7
-3
2
1
6
16
18
9
1
-4
-11
-26
-46
-47
-34
-26
-21
3
27
19
-1
-8
-12
-20
-24
-23
-18
0
8
-23
-58
-54
-36
-36
-25
12
20
-3
-1
28
33
12
2
3
1
0
-1
-8
-9
-2
-5
-5
26
43
9
-26
-16
-2
-15
-23
-18
-23
-36
-36
-32
-21
-2
21
22
1
-10
5
25
44
79
108
97
77
70
44
3
7
50
71
80
95
80
46
61
93
64
19
36
65
36
5
18
34
37
52
52
14
-18
-28
-39
-41
-21
-10
-14
-16
-16
-22
-33
-38
-33
-29
-38
-50
-37
-8
13
19
29
37
32
0
-35
-55
-54
-51
-50
-47
-49
-63
-74
-73
-56
-38
-46
-62
-57
-60
-95
-112
-83
-37
5
17
-15
-34
-11
-22
-51
-10
31
-8
-33
-18
-68
-138
-111
-54
-59
-69
-60
-80
-116
-109
-84
-81
-84
-64
-46
-89
-160
-162
-107
-89
-83
-19
36
20
-6
-10
-36
-78
-89
-76
-85
-128
-187
-233
-254
-239
-172
-138
-247
-468
-752
-912
-480
518
1163
775
-295
-1202
-1149
196
1954
2482
1460
193
-221
373
1590
2417
2127
1333
873
727
751
963
1223
1356
1189
725
306
128
102
348
930
1470
1667
1493
880
129
-89
141
-56
-886
-1931
-3382
-5491
-7850
-10277
-11958
-9863
-2950
3072
1828
-4751
-9552
-8613
-1914
7787
13935
11331
3483
-1476
-247
5243
11724
14690
11080
4223
-32
-874
-362
1201
2401
260
-3828
-5706
-6180
-8350
-10082
-8116
-4714
-2966
-2246
-2580
-5075
-6906
-4478
460
4427
6591
5995
2219
-591
1635
6424
9104
9060
7253
3553
-188
-361
2672
4531
3307
997
-1141
-3251
-4247
-3423
-2447
-2460
-2580
-2744
-3701
-4467
-3913
-2941
-2078
-448
1179
760
-999
-1471
-284
1317
3129
4615
4042
1592
-87
256
1434
2530
3171
2436
384
-1221
-1552
-1469
-1232
-580
-496
-1684
-2809
-2854
-2754
-2889
-2182
-767
-185
-672
-1109
-1114
-777
368
2179
3281
2974
2094
1446
1228
1837
3150
3705
2648
1127
253
-254
-498
-103
231
-537
-1906
-2749
-2998
-2917
-2324
-1527
-1346
-1772
-2059
-1958
-1631
-925
113
852
1024
1091
1233
1228
1295
1790
2328
2419
2238
1949
1392
826
746
914
763
301
-240
-875
-1421
-1487
-1195
-1059
-1164
-1304
-1554
-1941
-2020
-1483
-717
-210
41
213
252
138
214
834
1771
2380
2322
1811
1287
1105
1299
1504
1382
932
301
-265
-388
-29
220
-208
-1178
-2025
-2211
-1733
-1101
-834
-1023
-1430
-1727
-1554
-830
-92
63
-133
-26
427
766
877
935
927
851
942
1179
1135
698
316
296
427
400
75
-519
-1123
-1368
-1137
-708
-600
-1079
-1755
-1995
-1599
-744
183
507
-47
-788
-976
-566
285
1291
1770
1371
608
93
41
470
1103
1420
1183
615
67
-217
-218
-109
-28
17
-18
-214
-576
-970
-1168
-976
-478
-9
111
-148
-513
-635
-348
219
741
961
854
622
513
596
768
927
1083
1257
1390
1338
1052
730
715
1198
1923
2234
1706
663
-53
113
890
1528
1548
1057
455
94
123
403
637
592
139
-850
-2573
-5209
-8628
-11925
-13070
-9892
-3135
2115
966
-5471
-11048
-10449
-2904
7212
12764
10024
2705
-2145
-745
5768
12959
15595
11851
5325
960
383
2371
4939
5617
2905
-1563
-4790
-6278
-7207
-7392
-6209
-4741
-4435
-5225
-6608
-7988
-7788
-5033
-1247
1484
2280
892
-1399
-1584
1984
6847
9258
8495
5683
2697
1781
3719
6900
8166
6157
2439
-739
-1813
-768
702
943
-520
-2739
-4558
-5482
-4914
-3551
-2891
-3055
-3394
-3714
-4313
-4549
-3529
-1783
-296
515
615
146
-282
124
1541
3269
4314
4112
2895
1727
1645
2560
3408
3417
2532
1011
-456
-929
-440
-107
-546
-1298
-1888
-2313
-2635
-2828
-2764
-2184
-1180
-488
-631
-1171
-1305
-715
465
1843
2675
2339
1282
715
1183
2178
3034
3270
2485
952
-225
-315
324
962
1100
482
-698
-1777
-2209
-1973
-1421
-1003
-1019
-1481
-2106
-2424
-2102
-1325
-578
-144
-53
-216
-405
-356
53
775
1461
1606
1206
786
665
770
1043
1353
1350
941
509
311
201
48
-108
-279
-429
-409
-292
-355
-664
-1083
-1436
-1383
-686
152
276
-374
-959
-809
-75
547
514
-87
-675
-757
-211
755
1494
1177
-152
-1208
-883
356
1242
1235
616
-251
-936
-901
-130
609
576
-121
-766
-822
-419
-100
-174
-464
-665
-658
-462
-206
-119
-213
-159
235
681
803
604
380
470
1003
1625
1713
1114
338
-1
349
1232
2000
1850
778
-160
-142
604
1432
2013
2159
1754
1076
685
882
1491
2084
2272
1920
1234
641
425
630
1015
1074
516
-457
-1588
-2848
-4611
-7376
-10710
-12825
-11652
-6853
-1340
199
-4261
-10630
-11756
-5360
3894
10043
9878
4126
-1869
-1966
4315
11680
15102
13184
7441
1834
559
3439
6427
6930
4998
972
-3714
-6055
-5380
-4251
-3897
-3452
-3612
-5614
-7796
-7880
-6346
-4366
-2155
-916
-1804
-3205
-3089
-1757
455
3848
6444
5666
2913
1657
2581
4359
6436
7973
7124
3891
1054
718
2229
3924
4505
3083
167
-2220
-2940
-2606
-1805
-956
-1302
-3276
-5132
-5417
-4822
-4129
-3099
-2158
-2346
-3333
-3736
-3133
-2040
-797
326
855
857
965
1370
1897
2742
3826
4197
3463
2584
2217
2081
2294
3041
3259
2034
358
-450
-545
-509
-378
-400
-1036
-2005
-2635
-2819
-2728
-2245
-1497
-1157
-1426
-1650
-1526
-1371
-988
-43
726
631
317
422
643
929
1534
2013
1913
1559
1241
935
850
1053
1156
937
539
82
-313
-526
-629
-768
-973
-1229
-1462
-1552
-1519
-1505
-1562
-1606
-1536
-1319
-1078
-970
-979
-895
-535
70
658
957
913
728
673
858
1155
1345
1322
1136
907
728
655
686
765
825
831
696
296
-316
-809
-893
-674
-518
-657
-1080
-1657
-2088
-1918
-1038
-94
25
-766
-1586
-1536
-560
662
1370
1245
559
51
339
1334
2267
2427
1848
1228
1175
1667
2218
2375
2055
1540
1244
1398
1875
2172
1899
1281
831
652
555
456
319
175
123
45
-175
-408
-699
-1011
-941
-645
-994
-2515
-5298
-8665
-10655
-10062
-7618
-3818
182
182
-5524
-10605
-8386
-887
5933
9144
7313
1051
-3285
7
7377
12107
12854
9963
3656
-861
1353
6032
7103
5700
3410
-1402
-5886
-5049
-1803
-1766
-3267
-3355
-4451
-7032
-7063
-4643
-3545
-3260
-2168
-2672
-4816
-4344
-1332
172
731
2604
3115
725
-95
2688
5041
5277
5673
5677
3636
2189
3562
5143
5016
4599
3789
1391
-501
248
1404
737
-256
-695
-2204
-4287
-4373
-3037
-2893
-3660
-3805
-4065
-4956
-4874
-3482
-2494
-2235
-1758
-1491
-1814
-1322
383
1563
1775
2244
2616
1978
1779
3182
4338
3946
3399
3259
2517
1790
2309
2938
2266
1149
426
-467
-1263
-1012
-536
-1225
-2341
-2618
-2658
-3049
-2853
-2009
-1950
-2542
-2287
-1583
-1658
-1667
-675
186
237
319
480
296
589
1771
2649
2579
2194
1780
1334
1480
2419
3042
2358
890
-170
-439
-210
267
499
-172
-1468
-2401
-2614
-2313
-1683
-1371
-2026
-2965
-3056
-2470
-1903
-1313
-787
-899
-1333
-1098
-285
256
550
1034
1446
1530
1580
1602
1388
1369
1875
2300
2189
1937
1728
1342
1119
1381
1461
817
35
-333
-499
-481
-127
50
-397
-1019
-1431
-1777
-1733
-917
-149
-317
-721
-422
69
143
330
990
1579
1775
1810
1759
1660
1817
2243
2553
2621
2454
1866
1196
1273
1980
2282
1841
1070
165
-614
-867
-954
-1904
-4214
-7213
-9511
-10111
-8795
-5777
-2637
-2745
-7214
-11450
-10052
-3774
2282
4752
3087
-1159
-3513
-188
6291
10406
10762
8615
4818
2535
5035
9358
10287
8157
5581
2270
-655
259
3151
2730
-336
-2355
-3859
-5645
-5300
-3112
-2984
-5072
-6231
-6673
-7405
-6248
-3250
-2219
-3448
-3558
-2706
-2958
-2293
866
3034
2345
1627
2064
2243
2807
4892
6541
6055
5095
4759
4116
3922
5427
6665
5454
3237
1999
1095
106
300
1086
83
-2413
-4069
-4692
-5163
-4862
-3860
-3981
-5360
-6216
-6191
-5841
-4605
-2774
-2225
-2988
-2979
-1893
-1002
32
1792
2812
2350
2158
3085
3891
4215
4726
5003
4542
4094
4082
3970
3699
3542
3059
1995
1033
657
408
-143
-697
-1164
-2077
-3236
-3719
-3534
-3465
-3769
-4180
-4635
-5021
-4729
-3763
-3018
-2649
-2372
-2428
-2413
-1389
317
1486
1797
1825
1822
1916
2612
3728
4259
3944
3414
2965
2670
2878
3375
3207
2190
1108
295
-347
-514
-251
-435
-1375
-2371
-3059
-3622
-3773
-3264
-2776
-2862
-3089
-3099
-3087
-2845
-2031
-1160
-757
-497
-232
-136
329
1593
2741
2959
2791
2836
2911
2852
2880
3306
4068
4406
3699
2549
2047
2431
3082
3186
2425
1442
1004
928
758
622
504
-23
-667
-736
-640
-1168
-1818
-1728
-1285
-1238
-1448
-1743
-2699
-4617
-6513
-6934
-5886
-5235
-6142
-6756
-4939
-2778
-3896
-6594
-5981
-2123
1059
2486
2637
817
-953
1169
5834
8472
8354
6656
3454
1503
4292
8590
8694
5723
3384
982
-1215
440
4269
3892
-436
-3110
-3433
-3530
-2350
-226
-760
-3681
-5135
-5110
-5065
-3288
-473
-1175
-4473
-4720
-2526
-1970
-1773
145
599
-1672
-2371
-436
1181
1856
2732
2915
1789
1579
2850
3873
4492
5474
5605
3740
2252
3106
3993
3459
3292
3146
1337
-830
-1030
58
80
-674
-1662
-3578
-5076
-4710
-3749
-3681
-3962
-4129
-4958
-5823
-5161
-3700
-3024
-2889
-2423
-2020
-2180
-1500
419
1499
1447
1699
2235
2552
3096
4201
4949
4771
4830
5103
4580
4210
4692
4924
4051
3018
2628
1875
835
669
840
81
-1330
-2375
-3055
-3473
-3308
-3057
-3618
-4654
-5294
-5476
-5214
-4315
-3351
-3217
-3564
-3307
-2406
-1515
-685
179
643
690
971
1610
2198
2718
3147
3074
2762
2937
3317
3240
3016
2968
2651
2041
1739
1739
1507
899
179
-427
-857
-1237
-1660
-1974
-2169
-2537
-3090
-3484
-3491
-3274
-3141
-2978
-2609
-2243
-2069
-1973
-1548
-678
-8
202
398
810
1493
2277
2891
3364
3504
3253
3236
3806
4574
4698
3790
2893
3081
3811
3979
3272
2221
1627
1587
1692
1863
1674
423
-1106
-1413
-727
-411
-871
-1661
-2513
-3167
-3197
-2769
-2809
-3889
-5578
-6723
-6308
-4885
-4277
-5432
-7326
-7443
-4561
-1542
-1610
-3187
-3250
-2008
-275
2354
4338
3452
1680
2524
5142
6810
7313
6743
4593
3046
4533
6756
6494
4796
3218
1036
-439
1184
3310
1925
-1142
-2453
-2990
-3689
-2644
-787
-1628
-4168
-5084
-4930
-4670
-3048
-1360
-2281
-4130
-3814
-2532
-2243
-1310
479
65
-1733
-1174
744
1283
1654
2816
2779
1579
1767
3154
3618
3597
4166
4033
2874
2738
3652
3497
2503
2239
1993
814
39
381
313
-676
-1357
-1731
-2545
-3035
-2564
-2303
-2959
-3598
-3777
-3886
-3561
-2616
-2237
-2848
-3091
-2476
-1983
-1550
-440
452
127
-240
553
1646
2177
2599
2922
2630
2383
2986
3678
3716
3642
3593
2960
2240
2356
2647
2186
1543
1215
560
-455
-950
-921
-1096
-1528
-1981
-2611
-3210
-3198
-2797
-2729
-2924
-2959
-2980
-3015
-2548
-1700
-1307
-1417
-1315
-944
-671
-326
221
520
485
622
990
1247
1509
1862
1834
1356
1133
1378
1535
1455
1410
1227
726
362
440
552
377
51
-362
-826
-1017
-854
-699
-712
-815
-1133
-1622
-1677
-1077
-552
-567
-830
-1060
-1107
-776
-59
571
592
193
-131
-48
683
1483
1612
1511
1669
1850
1880
1946
2344
2731
2573
2242
2114
2046
2142
2354
2360
2095
1589
983
692
838
1041
837
209
-372
-654
-842
-945
-1026
-1596
-2720
-3762
-4258
-4110
-3692
-3683
-4220
-5273
-6658
-6957
-5015
-2287
-1542
-3301
-4908
-4344
-2310
318
2607
2613
430
-906
627
3805
6245
6574
4609
1980
1625
3993
6331
6873
5854
3403
602
441
3372
5321
3801
1121
-552
-1481
-1366
339
1538
14
-2659
-4053
-4142
-3192
-1566
-1231
-2979
-4705
-4827
-4113
-3145
-1753
-1232
-2637
-3868
-2909
-1141
-211
359
799
475
160
1102
2504
3149
3473
3786
3461
2916
3211
3873
3882
3572
3374
2751
1819
1577
1850
1493
547
-123
-543
-1027
-1267
-1390
-2061
-2981
-3282
-3123
-3121
-3093
-2924
-3190
-3695
-3455
-2627
-2146
-1951
-1529
-1145
-1116
-883
-42
775
1203
1586
1776
1576
1611
2230
2812
2954
2961
2811
2291
2002
2362
2643
2316
1826
1450
947
577
756
816
99
-745
-1130
-1324
-1350
-1125
-1167
-1775
-2340
-2358
-2183
-2107
-1942
-1909
-2360
-2726
-2361
-1727
-1445
-1279
-1011
-961
-1044
-700
-95
182
332
676
852
731
822
1244
1438
1246
1098
952
688
813
1186
995
483
488
749
579
348
501
437
26
-27
217
214
47
-66
-298
-656
-555
146
693
741
501
94
-24
656
1731
2255
1882
1154
738
1072
2189
3225
3183
2186
1230
1077
1520
2001
2208
1729
506
-634
-903
-479
-368
-1206
-2605
-3836
-4277
-3903
-3493
-3532
-4025
-4987
-5834
-5712
-4717
-3594
-2693
-2215
-2619
-3351
-2741
-665
1145
1815
1698
1041
603
1712
3890
4992
4530
3692
2957
2591
3330
4751
5096
3802
2350
1673
1401
1768
2601
2232
444
-779
-689
-391
-256
-2
-457
-1966
-2891
-2410
-1814
-1728
-1705
-2124
-3140
-3472
-2583
-1672
-1400
-1384
-1643
-2107
-1847
-620
358
379
214
386
505
701
1536
2397
2289
1747
1698
1816
1843
2328
2885
2468
1519
1173
1275
1298
1427
1448
711
-387
-837
-656
-555
-679
-879
-1342
-2008
-2222
-1808
-1518
-1721
-1938
-2019
-2177
-2054
-1453
-1084
-1234
-1248
-963
-779
-512
77
493
504
591
879
1047
1196
1559
1847
1820
1750
1782
1717
1622
1730
1759
1378
969
916
849
518
311
237
-174
-756
-989
-1027
-1157
-1167
-1069
-1287
-1704
-1834
-1740
-1682
-1523
-1265
-1276
-1524
-1560
-1303
-984
-633
-350
-418
-687
-623
-184
222
444
535
422
197
194
534
920
1042
913
754
755
960
1281
1554
1625
1449
1177
1098
1387
1842
2045
1837
1463
1223
1236
1443
1651
1681
1526
1270
1028
937
974
891
591
258
-24
-301
-443
-377
-418
-926
-1803
-2554
-2830
-2749
-2643
-2733
-3198
-4053
-4892
-5245
-4949
-3873
-2322
-1715
-3023
-4637
-4116
-1599
756
1763
1472
169
-860
244
3116
5058
4638
2970
1524
1196
2661
5013
5671
3768
1458
623
1223
2804
4339
3795
1058
-1003
-667
626
1451
1714
850
-1337
-2905
-2178
-422
283
-265
-1369
-2603
-3098
-2136
-745
-486
-1310
-2232
-2753
-2488
-1258
-109
-262
-1192
-1510
-1028
-282
630
1339
1054
112
-144
566
1381
1904
2085
1575
687
511
1152
1656
1696
1525
992
197
-45
420
719
437
31
-335
-853
-1197
-964
-572
-634
-1020
-1359
-1612
-1684
-1381
-975
-905
-1092
-1239
-1311
-1212
-775
-274
-172
-388
-530
-491
-231
368
1030
1211
923
690
740
969
1339
1683
1626
1209
943
1005
1106
1143
1195
1067
642
314
383
518
403
190
-6
-300
-593
-628
-512
-648
-1061
-1366
-1407
-1338
-1256
-1237
-1449
-1858
-2023
-1727
-1358
-1167
-1059
-1128
-1292
-1117
-581
-105
131
207
157
143
480
1088
1529
1610
1442
1288
1458
1896
2253
2372
2340
2203
2000
1913
2065
2312
2360
1966
1305
923
1082
1463
1556
1155
519
12
-167
-52
75
-90
-572
-1129
-1453
-1435
-1255
-1255
-1723
-2553
-3113
-3035
-2734
-2648
-2781
-3099
-3521
-3679
-3329
-2784
-2526
-2591
-2623
-2243
-1407
-730
-723
-805
-242
656
1315
1694
1787
1605
1644
2309
3089
3226
2808
2351
2077
2152
2617
2938
2588
1811
1240
1130
1350
1676
1721
1129
266
-93
172
503
517
210
-347
-948
-1159
-872
-563
-657
-1049
-1476
-1753
-1711
-1383
-1143
-1276
-1588
-1760
-1704
-1468
-1127
-817
-695
-703
-639
-430
-92
324
664
855
954
1039
1191
1408
1652
1854
1851
1608
1357
1269
1249
1161
1035
891
645
341
69
-218
-472
-546
-572
-775
-1031
-1179
-1346
-1535
-1548
-1444
-1419
-1456
-1468
-1451
-1380
-1195
-919
-658
-464
-391
-426
-333
17
404
622
666
665
731
865
1089
1365
1480
1363
1223
1234
1273
1191
1081
979
748
441
247
107
-120
-318
-364
-459
-727
-945
-1044
-1168
-1225
-1122
-1119
-1361
-1578
-1499
-1176
-930
-938
-1065
-1122
-998
-614
-97
234
201
9
53
458
987
1252
1072
752
694
932
1299
1592
1593
1300
978
888
1061
1366
1609
1502
998
572
670
1112
1359
1160
637
101
-10
461
984
924
375
-92
-161
112
482
576
242
-185
-381
-419
-423
-460
-792
-1470
-1969
-1940
-1844
-2184
-2750
-3074
-2912
-2194
-1362
-1438
-2671
-3633
-2930
-1087
363
569
-483
-1928
-2015
-60
2101
2360
960
-441
-754
254
1894
2612
1595
-7
-547
189
1270
1850
1544
563
-124
331
1470
2069
1681
891
368
409
973
1564
1533
840
151
65
541
1057
1092
556
-107
-372
-145
246
439
238
-287
-763
-813
-522
-290
-293
-404
-511
-538
-378
-133
-100
-294
-352
-163
-62
-191
-292
-240
-208
-179
-21
34
-254
-572
-521
-216
1
-2
-188
-429
-556
-529
-423
-347
-406
-591
-678
-548
-352
-244
-198
-195
-246
-256
-138
14
60
17
-17
25
183
404
475
298
118
209
517
792
901
838
648
478
505
686
754
596
364
199
147
251
439
449
196
-85
-197
-183
-107
-7
-4
-155
-328
-423
-484
-539
-536
-501
-507
-536
-549
-540
-487
-395
-343
-350
-391
-445
-441
-301
-153
-140
-185
-187
-169
-87
110
261
183
-27
-101
83
384
536
434
223
76
63
209
472
650
568
332
202
285
482
624
547
240
-65
-139
-1
204
346
297
18
-254
-235
26
262
305
162
-69
-213
-147
36
153
112
-68
-263
-286
-116
59
116
111
90
41
10
27
20
-42
-75
-61
-99
-209
-300
-346
-375
-335
-206
-155
-295
-472
-478
-334
-199
-158
-198
-272
-325
-329
-262
-136
-37
-34
-27
127
326
349
213
130
173
255
316
310
190
37
-8
22
-6
-90
-159
-233
-306
-309
-274
-307
-364
-340
-270
-261
-304
-364
-418
-384
-208
2
110
112
66
19
48
211
419
498
410
278
249
352
476
493
395
276
204
186
189
166
140
192
253
171
-5
-77
-37
-22
-26
46
117
81
32
112
260
363
454
546
535
495
638
899
1022
992
969
942
865
848
908
863
660
479
415
373
244
-10
-355
-646
-762
-769
-828
-987
-1222
-1466
-1559
-1441
-1309
-1352
-1497
-1591
-1610
-1555
-1402
-1232
-1150
-1120
-1060
-1037
-1090
-1062
-838
-548
-358
-288
-317
-393
-324
-16
325
468
456
422
435
592
935
1258
1314
1152
1006
1011
1169
1386
1467
1316
1102
1015
1039
1062
1018
864
647
495
439
391
324
259
178
64
-15
-14
18
-3
-86
-141
-78
79
206
187
29
-142
-207
-138
12
133
114
-35
-184
-229
-177
-100
-72
-145
-289
-438
-525
-511
-429
-401
-506
-653
-731
-764
-780
-706
-544
-464
-538
-633
-628
-577
-531
-466
-409
-439
-505
-468
-313
-152
-50
-4
-2
-4
68
235
417
520
525
483
463
516
613
663
618
532
487
503
572
675
711
574
358
259
302
351
314
200
71
-7
-24
-15
-18
-63
-158
-236
-236
-190
-147
-117
-112
-172
-256
-276
-232
-204
-228
-255
-236
-183
-130
-102
-115
-133
-112
-86
-121
-182
-172
-90
-11
40
57
14
-84
-139
-105
-48
7
83
134
87
-12
-68
-60
-10
50
68
31
0
8
25
48
78
84
48
4
-22
-26
-12
32
99
160
186
153
65
-5
24
121
184
206
219
183
97
82
167
206
142
80
68
46
29
55
71
34
-13
-70
-183
-290
-282
-210
-183
-182
-192
-292
-419
-368
-170
-111
-260
-381
-334
-195
-34
88
76
-61
-151
-86
84
258
333
241
94
103
261
383
398
336
202
81
132
319
428
367
221
81
16
56
118
94
-7
-98
-151
-173
-145
-71
-50
-142
-274
-348
-349
-293
-195
-140
-202
-316
-359
-328
-286
-252
-231
-255
-294
-255
-146
-69
-72
-105
-139
-172
-165
-81
34
107
117
99
112
180
286
342
309
239
213
267
385
497
506
391
260
213
244
307
372
358
243
129
107
164
245
268
129
-111
-231
-148
-2
85
74
-54
-239
-310
-198
-39
11
-42
-112
-143
-95
14
93
65
-39
-114
-110
-56
-17
-17
-24
-11
-10
-74
-175
-236
-214
-159
-157
-243
-356
-408
-385
-332
-301
-347
-457
-513
-437
-302
-199
-153
-165
-213
-223
-145
-20
69
78
53
67
143
240
311
322
287
260
280
313
325
326
312
272
243
256
273
241
178
125
98
115
172
206
173
123
104
96
89
98
109
103
100
115
132
129
109
106
120
109
58
15
26
70
115
132
98
31
-11
-6
11
11
-20
-85
-152
-161
-126
-125
-184
-248
-294
-327
-319
-253
-188
-194
-247
-302
-329
-325
-295
-276
-292
-333
-363
-341
-250
-139
-108
-180
-239
-187
-60
64
144
160
130
128
190
257
287
281
249
227
285
383
417
370
304
239
186
172
184
165
106
52
24
16
6
-27
-83
-119
-107
-79
-69
-74
-77
-63
-30
-5
-17
-69
-107
-86
-13
78
130
109
48
23
63
126
157
125
50
-16
-7
69
125
94
-4
-96
-119
-69
-6
1
-46
-88
-91
-69
-53
-75
-142
-208
-209
-152
-100
-96
-126
-158
-163
-134
-84
-49
-45
-63
-82
-68
-20
30
48
37
17
-2
-13
-7
17
51
84
100
95
78
68
70
86
106
95
60
53
93
140
169
174
137
77
53
72
94
94
93
82
53
20
-8
-34
-60
-74
-72
-76
-96
-111
-114
-112
-112
-121
-154
-208
-244
-238
-204
-159
-116
-96
-100
-108
-104
-88
-58
-12
38
88
134
156
142
123
127
146
170
197
204
190
190
225
259
256
209
130
57
32
53
74
63
14
-59
-119
-131
-111
-114
-149
-188
-205
-177
-102
-43
-68
-158
-227
-221
-142
-32
34
14
-35
-32
37
122
190
203
145
76
89
181
266
285
230
136
60
54
101
137
119
58
-3
-20
14
48
21
-62
-148
-185
-168
-125
-115
-156
-216
-243
-224
-187
-168
-183
-207
-210
-179
-126
-88
-82
-110
-133
-123
-83
-38
-15
-27
-53
-53
-11
39
68
62
20
-33
-49
-13
35
67
66
31
-10
-4
52
106
116
97
69
56
82
141
189
196
167
117
71
75
131
177
170
131
99
98
132
178
171
100
38
35
80
126
131
86
21
-16
-11
2
1
-12
-32
-42
-36
-27
-34
-62
-93
-112
-123
-127
-125
-119
-111
-92
-64
-41
-46
-77
-109
-111
-69
4
62
58
3
-53
-67
-39
-1
11
-26
-82
-113
-95
-48
-17
-37
-104
-178
-203
-170
-114
-79
-76
-99
-125
-134
-110
-78
-52
-31
-10
5
21
49
95
136
160
164
155
145
157
193
240
275
275
237
180
147
148
164
171
152
106
55
25
19
17
-1
-41
-88
-119
-122
-104
-80
-73
-88
-116
-131
-126
-109
-99
-101
-102
-86
-58
-32
-21
-34
-54
-64
-58
-35
-6
14
15
-1
-24
-36
-32
-21
-17
-30
-53
-62
-47
-11
20
26
10
-12
-17
-3
25
54
77
92
98
95
94
92
93
97
99
97
95
91
87
78
64
41
15
-10
-32
-45
-47
-41
-29
-24
-36
-64
-92
-100
-85
-59
-39
-35
-40
-43
-32
-17
-7
-12
-24
-29
-18
4
28
47
54
46
28
8
3
14
35
55
64
59
52
49
53
55
44
31
23
27
33
29
9
-14
-32
-40
-51
-72
-98
-114
-105
-83
-67
-75
-99
-122
-125
-106
-85
-74
-75
-73
-53
-21
6
11
-5
-23
-18
15
54
76
69
49
38
51
73
86
76
52
37
45
76
108
119
102
67
38
35
52
68
65
42
15
6
18
32
29
1
-39
-59
-46
-5
30
34
2
-39
-61
-47
-15
8
2
-25
-44
-32
5
41
48
22
-18
-41
-29
8
41
48
26
-9
-35
-35
-17
-2
-7
-28
-47
-43
-19
2
1
-29
-67
-85
-74
-49
-30
-35
-54
-70
-69
-59
-51
-55
-69
-76
-65
-38
-14
-2
-8
-18
-21
-15
-5
2
12
27
48
63
63
51
38
38
53
68
72
62
52
52
64
76
75
54
26
15
27
58
84
87
65
38
29
43
65
76
66
46
40
55
82
91
77
44
17
17
37
48
38
11
-15
-29
-25
-24
-40
-74
-105
-121
-116
-107
-106
-127
-154
-178
-183
-165
-154
-158
-158
-166
-160
-133
-110
-90
-84
-85
-77
-57
-30
8
40
49
55
64
80
92
107
126
114
102
135
121
135
124
115
108
68
93
66
50
57
34
43
22
7
-1
-25
-32
-27
-40
-34
-48
-39
-33
-28
-8
-14
-23
-16
0
33
58
70
67
56
59
79
94
94
80
57
46
53
68
72
49
10
-26
-44
-41
-33
-42
-68
-102
-122
-127
-121
-120
-133
-152
-166
-160
-135
-105
-83
-79
-85
-84
-68
-38
-4
14
19
16
22
44
66
78
71
55
46
52
71
88
92
77
56
41
39
46
48
41
25
13
13
20
26
26
16
4
-3
0
10
20
28
29
23
18
13
14
16
20
20
15
13
15
18
22
17
6
-5
-13
-13
-6
-6
-12
-23
-31
-30
-27
-25
-31
-40
-45
-39
-26
-13
-13
-27
-40
-45
-34
-21
-14
-19
-30
-33
-24
-7
2
-2
-17
-29
-26
-9
7
14
8
-6
-16
-14
-3
7
9
2
-8
-8
4
19
31
23
9
-5
-7
1
18
25
15
-1
-6
-5
2
9
10
4
-2
0
11
21
25
24
20
18
18
22
30
37
38
38
36
35
35
34
33
31
29
25
23
23
22
19
12
3
-5
-10
-11
-9
-7
-9
-12
-18
-23
-26
-28
-28
-27
-25
-26
-27
-31
-33
-31
-24
-19
-21
-26
-29
-29
-26
-21
-18
-25
-37
-45
-43
-39
-36
-34
-40
-49
-52
-41
-29
-25
-24
-29
-34
-32
-15
5
14
19
21
18
17
25
35
43
53
62
62
62
76
86
81
70
66
60
58
62
67
66
62
49
30
21
26
31
33
30
22
5
-3
-5
-8
-11
-9
-11
-17
-24
-25
-22
-27
-38
-49
-46
-36
-35
-46
-57
-67
-61
-42
-22
-17
-29
-41
-51
-49
-34
-38
-48
-38
-33
-22
1
-7
-28
-54
-61
-27
-14
-7
-5
-17
-17
-12
-17
-28
-24
-12
18
50
64
62
60
68
70
61
55
51
49
50
58
76
104
116
82
40
47
58
45
34
18
6
5
8
4
-10
-46
-73
-61
-46
-32
-46
-49
-28
-41
-40
-32
-53
-73
-78
-51
4
53
60
35
0
-26
-33
-22
5
31
30
23
39
38
-6
-46
-33
-4
-3
-11
-10
-32
-67
-85
-82
-69
-38
-4
15
19
27
28
24
26
29
32
31
29
23
21
21
23
26
29
32
32
35
40
46
57
63
63
61
54
45
33
24
15
4
-12
-37
-70
-97
-103
-71
-36
-42
-80
-120
-150
-149
-108
-28
45
80
92
72
-28
-230
-345
-192
75
140
10
-128
-158
7
64
-29
-92
-49
100
68
38
98
114
123
-76
-332
-121
1099
2425
1549
-960
-2125
-1367
122
1209
993
4
-664
-634
-255
-158
-23
406
347
-185
-289
129
258
-192
-740
-1134
-616
1340
2944
2217
-218
-2179
-2248
-859
814
1458
622
-310
-1075
-1676
-998
269
931
685
-65
-296
-102
37
93
-297
-715
-452
120
729
909
106
-814
-975
-587
-38
445
649
442
-128
-328
128
612
920
683
47
267
1684
2593
1937
668
-659
-1325
-948
4
788
303
-687
-1375
-2180
-2285
-1622
-1115
-417
61
-210
-702
-1153
-1081
-865
-326
997
1734
1534
1004
344
-90
-21
373
864
1429
1676
1321
416
-510
-767
-484
14
743
1161
734
-79
-774
-1109
-914
-491
-198
-32
7
-170
-634
-1201
-1467
-1325
-698
236
527
-12
-542
-803
-745
-298
153
521
934
1153
1032
717
489
503
735
1235
1765
1766
1222
658
304
22
-47
291
589
329
-312
-998
-1600
-1805
-1464
-1044
-870
-704
-572
-788
-1138
-1167
-882
-426
189
656
624
293
41
-86
-75
228
731
1084
1121
878
411
13
4
253
467
640
750
472
-252
-784
-710
-362
-41
142
47
-207
-387
-551
-712
-685
-417
-98
139
299
254
-124
-543
-610
-310
235
844
1111
818
228
-253
-342
17
534
824
766
442
30
-235
-330
-405
-382
-175
30
138
116
-164
-586
-803
-620
-162
343
691
568
-39
-576
-692
-492
-79
392
635
488
77
-264
-376
-357
-293
-173
108
503
656
335
-198
-595
-671
-355
203
615
562
155
-219
-408
-417
-99
445
759
683
390
30
-228
-263
-141
70
280
334
201
-22
-271
-410
-242
94
310
291
125
-28
-242
-430
-429
-349
-154
102
150
22
-118
-185
-163
-174
-136
13
141
244
244
93
-96
-149
-86
0
80
62
65
65
4
-26
-17
47
34
-54
-43
57
88
19
-83
-157
-111
6
139
227
125
-75
-137
-79
-26
23
112
207
218
157
65
-48
-84
-5
113
175
148
61
-72
-188
-191
-140
-67
55
87
10
-78
-161
-200
-189
-179
-131
15
108
43
-93
-155
-41
133
273
308
187
17
-120
-121
-38
30
70
79
44
-39
-101
-108
-105
-136
-150
-80
43
115
83
-18
-138
-190
-88
97
164
99
52
53
24
-7
45
145
190
173
127
73
58
89
127
146
118
75
45
-17
-97
-179
-210
-128
-61
-82
-112
-164
-222
-199
-156
-148
-134
-43
104
145
61
-2
-36
-55
16
131
173
146
96
38
43
104
98
34
-5
-14
19
56
53
36
-24
-116
-142
-81
32
79
9
-28
-10
-53
-104
-76
1
59
51
0
-54
-58
-8
17
11
21
34
8
-51
-63
-22
-2
51
110
75
2
-31
0
64
42
-22
2
56
84
99
78
42
14
-2
17
79
134
129
57
-43
-107
-83
-25
-22
-73
-157
-236
-196
-67
1
-13
-51
-101
-100
0
92
90
22
-68
-128
-108
-2
120
165
117
56
43
83
150
169
128
72
51
74
66
-4
-60
-102
-144
-137
-92
-45
-37
-81
-111
-126
-156
-132
-60
-23
-35
-55
-43
-2
45
72
51
9
13
64
122
187
248
264
212
112
38
53
91
38
-63
-105
-90
-73
-92
-142
-172
-150
-103
-45
22
75
73
8
-46
-44
-29
-36
-43
-48
-44
-16
19
39
35
18
42
100
122
94
63
46
31
4
-11
34
78
65
24
-44
-97
-95
-108
-129
-82
9
75
43
-69
-154
-199
-199
-125
-22
60
82
29
-24
-15
41
123
180
178
169
174
155
101
23
-46
-66
-47
-22
-25
-81
-152
-186
-154
-43
72
107
59
-20
-57
-16
35
31
-3
-22
-10
-5
-27
-35
-47
-88
-88
-36
19
60
71
56
39
23
25
25
3
15
58
79
64
28
-9
-35
-43
-22
16
47
69
76
38
-39
-116
-147
-140
-115
-66
-24
-17
-15
1
11
14
40
104
176
186
123
54
16
5
9
22
35
23
-28
-97
-152
-158
-103
-12
63
84
41
-30
-93
-139
-141
-74
34
97
66
-19
-84
-97
-52
30
109
157
156
140
123
94
57
14
-24
-29
13
39
23
-10
-56
-77
-86
-68
-13
-5
-51
-103
-103
-62
-35
-20
-7
-16
-59
-99
-97
-54
11
63
90
86
77
91
109
105
77
30
2
27
65
72
42
-10
-47
-52
-43
-28
-20
-32
-56
-65
-37
8
17
-12
-49
-80
-72
-26
4
11
2
-12
-6
16
34
47
41
23
14
28
65
97
93
47
-10
-36
-27
-4
10
13
11
6
-8
-31
-50
-60
-61
-48
-23
-4
-5
-29
-60
-68
-43
-9
15
30
26
6
1
17
37
59
87
92
67
40
22
-5
-27
-17
19
45
44
19
-22
-64
-75
-41
3
13
-7
-25
-36
-41
-35
-32
-35
-35
-28
-15
-1
-1
-12
-11
13
35
39
36
27
11
-1
2
17
36
43
24
-1
-13
-7
7
24
36
36
26
7
-14
-31
-39
-36
-27
-17
-14
-14
-21
-32
-37
-27
-3
22
31
23
10
-1
2
12
25
31
22
4
-10
-10
-11
-7
3
19
34
29
6
-15
-27
-32
-27
-5
24
32
13
-15
-29
-30
-19
1
24
36
29
11
-3
-10
-7
-1
1
-10
-27
-36
-36
-29
-18
-1
17
26
20
5
-4
0
12
26
32
29
17
3
-6
-12
-15
-15
-10
3
18
28
28
17
-2
-21
-27
-13
11
25
24
11
-2
-14
-23
-19
-11
-2
3
6
8
5
-7
-19
-24
-20
-13
-4
-2
-8
-20
-26
-19
-2
15
25
23
19
13
8
7
11
17
15
6
-11
-27
-36
-32
-15
7
22
28
32
34
32
24
14
7
0
-2
4
9
1
-18
-35
-38
-35
-31
-23
-11
0
5
6
7
4
2
2
10
18
18
9
2
6
13
15
7
-2
-3
-5
-9
-9
-2
1
-4
-11
-11
-7
-6
-9
-15
-10
2
14
14
6
-2
-1
4
3
-2
-6
-7
-4
1
10
18
16
3
-15
-23
-16
2
22
33
29
18
10
4
-4
-17
-23
-20
-14
-12
-12
-9
-2
-5
-19
-28
-21
-3
12
16
17
22
30
33
27
14
1
-9
-7
3
16
25
31
24
0
-28
-41
-34
-18
-11
-6
1
11
14
11
-2
-15
-25
-28
-24
-8
8
16
14
10
9
8
-1
-15
-19
-7
10
19
12
-2
-11
-14
-14
-14
-9
5
23
44
54
53
36
12
-3
-8
-5
-4
-10
-21
-26
-21
-12
-9
-15
-22
-23
-17
-5
7
18
24
23
16
3
-11
-22
-27
-22
-10
7
19
23
14
-3
-20
-28
-26
-14
4
21
29
22
3
-11
-17
-11
-1
7
12
17
23
26
23
16
7
2
0
1
2
2
-8
-15
-9
2
8
0
-14
-22
-19
-13
-9
-2
6
12
9
0
-11
-23
-30
-28
-12
11
29
32
21
10
2
-2
0
2
3
1
1
2
-1
-5
-6
-1
9
16
16
10
6
6
8
8
2
-9
-17
-20
-18
-17
-15
-14
-8
-1
1
-1
-5
-4
1
7
13
16
19
19
14
7
-6
-13
-9
-1
6
9
9
8
0
-8
-14
-17
-17
-17
-10
-3
3
4
3
-3
-8
-9
-4
4
11
10
10
8
11
13
12
8
1
-5
-5
0
5
9
11
14
11
5
-1
-7
-8
-9
-6
0
3
-2
-10
-16
-15
-10
-5
0
2
1
-1
-3
-5
-2
0
2
3
3
1
1
4
9
13
12
10
9
6
1
-4
-3
-1
2
4
2
-2
-6
-7
-6
0
2
2
0
-1
-2
-2
-3
-4
-4
-2
0
4
4
5
4
4
4
6
5
6
4
2
3
2
3
3
1
-2
-5
-7
-7
-5
-5
-3
-3
-6
-5
-4
-5
-5
-6
-5
-3
0
2
3
4
4
4
3
3
4
5
6
8
8
7
5
1
0
-2
-1
-1
-1
0
-1
-1
-2
-4
-6
-6
-6
-3
-1
-1
-1
-2
-3
-1
0
1
1
0
-1
1
4
5
7
7
4
1
3
3
4
2
2
2
1
0
-2
-2
-3
-3
-4
-3
-1
1
1
-1
-2
-4
-3
-2
0
-1
-1
0
1
1
1
0
0
0
0
1
3
5
5
6
4
3
1
0
0
0
1
1
2
1
0
-3
-5
-4
-5
-4
-3
-2
-2
-1
-2
-1
1
1
0
-1
0
2
4
5
6
4
3
1
0
0
0
0
0
1
1
-1
-2
-1
-3
-2
-1
0
0
-1
0
0
-1
-1
-1
0
1
-1
0
0
0
2
2
1
1
0
-1
0
1
4
4
5
4
3
0
-1
-1
-1
1
1
2
2
1
0
-1
-2
-3
-2
-2
-2
0
0
0
0
0
2
2
1
0
0
1
1
3
3
1
0
-1
-1
-3
0
-1
0
0
0
0
-1
-1
0
0
0
0
0
0
-2
0
-1
0
0
0
0
0
0
1
1
1
2
1
0
0
0
0
1
2
2
2
2
2
2
0
0
0
0
0
1
0
0
-1
-3
-3
-3
-1
-1
0
1
2
2
2
1
1
-1
-1
0
0
1
1
0
1
2
0
0
0
0
0
0
0
0
-1
0
0
0
0
0
0
0
0
1
0
0
1
1
0
-1
-3
-1
-1
0
1
1
1
0
0
-1
1
0
1
2
2
2
1
0
0
-1
0
0
0
0
0
0
0
0
1
2
0
0
0
-1
0
2
2
2
3
2
2
-1
0
0
0
0
0
0
0
0
-1
0
-1
-1
0
0
1
1
1
1
1
1
1
1
0
1
-1
0
0
0
0
0
0
-1
0
0
0
0
0
0
1
1
1
1
1
1
1
1
1
1
0
1
1
0
-1
0
0
0
0
0
0
0
0
0
0
0
0
0
0
0
0
1
0
0
0
0
0
1
0
0
0
0
0
0
0
-1
-1
0
0
0
0
0
-1
-1
0
0
0
-1
1
0
0
-1
0
0
0
0
0
0
0
0
0
0
0
0
0
0
0
0
1
0
0
-1
0
0
0
0
0
0
1
0
0
-1
-1
0
0
0
0
-1
0
0
0
0
0
1
0
0
1
0
1
0
0
0
0
0
0
-1
0
0
0
0
0
0
1
0
0
0
0
0
0
-1
-1
0
-1
0
0
0
0
0
0
0
0
0
0
0
0
0
0
-1
0
0
0
0
1
0
0
0
0
0
0
0
0
0
0
-1
1
-1
0
0
0
0
0
0
0
0
1
0
1
0
0
0
1
-1
0
0
0
0
0
0
0
0
0
0
-1
0
0
0
0
1
1
0
1
0
0
0
0
0
0
0
0
0
0
-1
-1
-1
-1
0
0
0
0
0
-1
0
0
0
0
0
-1
0
-1
0
1
0
0
1
0
0
-1
0
-1
0
0
0
-1
0
1
-1
0
0
0
0
-1
0
1
0
-1
1
1
0
1
-1
0
0
1
0
0
-1
1
0
0
1
0
0
0
0
1
0
0
0
0
1
0
-1
0
-1
0
1
0
1
-1
0
1
0
0
0
0
0
-1
0
0
0
0
0
0
0
0
0
0
-1
0
1
0
1
0
-1
0
0
1
0
0
0
0
0
0
-1
0
-1
0
0
0
0
0
0
0
1
0
1
0
0
0
0
0
-1
0
0
0
0
0
-1
0
0
0
0
0
0
1
0
0
0
0
1
0
0
0
0
0
0
0
0
0
-1
0
1
0
0
0
0
0
0
0
0
0
0
0
0
0
0
0
-1
1
0
0
0
-1
0
0
0
1
0
0
0
-1
0
0
0
0
1
1
0
1
0
0
-1
0
-1
0
0
0
0
0
0
0
0
0
0
0
0
0
1
0
0
0
0
0
0
0
0
0
0
0
0
0
0
0
0
0
0
1
0
0
0
1
0
0
0
0
0
0
0
0
1
1
0
0
1
0
0
0
0
0
1
0
0
-1
1
0
-1
-1
0
0
0
0
0
1
0
1
0
0
0
1
0
-1
0
-1
0
0
-1
0
0
0
-1
0
0
0
0
0
0
0
0
1
-1
0
0
0
0
-1
0
0
0
0
0
1
0
0
0
0
0
0
0
0
1
1
0
0
0
0
0
0
0
0
0
1
0
-1
0
0
0
0
0
0
0
0
0
0
1
0
1
1
1
0
0
0
0
0
0
0
0
0
0
0
0
-1
0
0
0
-1
0
-1
0
0
0
0
0
0
0
-1
1
0
1
0
0
0
0
1
1
0
-1
0
1
-1
0
0
0
0
0
0
0
0
0
0
0
0
0
1
-1
0
0
0
0
0
0
0
-1
0
-1
0
0
0
0
0
-1
0
1
0
0
0
1
0
0
0
0
0
0
0
0
0
0
0
0
0
0
1
0
1
0
-1
-1
-1
0
0
0
0
0
0
0
-1
0
0
1
-1
0
1
0
0
0
0
0
0
0
-1
0
0
0
0
0
0
0
0
0
0
0
0
0
0
0
0
0
0
0
0
0
0
1
0
1
0
0
0
1
0
0
-1
1
0
-1
0
0
-1
0
0
0
0
-1
0
0
0
0
1
0
0
0
1
0
0
1
-1
0
0
0
0
0
0
-1
0
1
0
0
0
1
-1
0
0
0
-1
0
0
0
-1
0
1
0
-1
0
0
-1
-1
0
0
0
0
-1
-1
-1
0
0
0
0
0
0
0
0
0
1
0
-1
0
1
0
1
0
0
0
-1
0
0
0
0
0
0
-1
1
0
0
0
0
1
0
0
0
-1
0
1
0
0
0
0
0
0
0
0
0
0
-1
1
-1
0
1
0
0
0
0
0
0
0
0
0
0
0
0
0
0
0
1
0
0
0
0
-1
1
0
0
0
0
0
0
0
0
0
0
0
0
-1
0
0
0
-1
0
0
1
1
0
0
0
0
-1
0
1
0
-1
0
0
0
0
-1
0
0
0
0
0
-1
-1
0
0
0
0
1
0
0
0
0
-1
0
0
0
0
0
0
0
0
1
0
-1
0
0
-1
0
0
0
0
0
0
0
0
0
0
0
1
0
0
0
0
-1
-1
0
-1
0
0
0
-1
0
0
0
0
1
1
-1
0
0
-1
-1
0
0
-1
0
0
-1
0
0
-1
1
-1
0
0
-1
0
0
0
0
0
0
0
1
0
0
-1
1
1
0
0
0
0
0
0
0
0
0
1
0
0
0
0
0
0
-1
0
0
-1
0
0
1
0
0
1
0
0
0
1
0
0
0
0
0
0
1
-1
0
0
0
1
0
-1
0
0
0
0
0
-1
0
0
0
0
1
0
0
1
0
0
0
1
0
0
0
0
0
1
0
0
0
0
0
0
0
1
0
0
0
0
-1
0
0
-1
-1
0
-1
0
0
0
1
1
0
0
0
-1
1
0
0
0
0
1
0
1
0
0
1
1
0
0
0
0
0
-1
0
0
0
-1
0
0
1
0
0
0
0
1
0
1
0
0
0
0
-1
0
0
0
0
0
-1
0
0
0
1
1
0
0
-1
0
0
1
0
0
-1
1
0
0
0
0
-1
0
0
0
0
0
0
0
0
0
0
0
1
0
0
0
-1
0
1
0
0
1
-1
0
-1
-1
0
0
0
0
0
0
0
0
-1
0
-1
1
0
1
1
0
0
0
0
0
0
0
0
0
0
0
0
0
0
1
0
-1
0
0
0
0
0
0
-1
0
0
-1
0
0
0
0
0
0
0
1
1
0
0
0
0
0
0
0
-1
0
0
0
0
0
0
-1
-1
0
0
0
0
0
1
0
1
-1
0
0
-1
0
0
0
1
0
0
0
0
0
0
0
1
0
1
0
0
0
-1
-1
0
0
0
0
1
0
-1
0
0
0
0
1
0
-1
0
0
0
0
0
1
0
0
0
0
0
0
0
0
0
0
1
0
0
0
0
0
0
0
0
0
0
0
0
0
-1
-1
0
0
0
0
0
0
-1
0
0
-1
0
0
0
0
0
0
0
0
0
0
0
0
0
0
0
0
0
-1
0
0
1
0
0
-1
1
0
0
0
0
0
0
0
0
0
0
-1
1
0
0
-1
0
0
0
1
0
-1
0
0
0
0
0
0
0
1
-1
0
-1
0
-1
-1
0
0
0
1
0
0
0
0
0
1
0
-1
-1
0
0
0
0
0
0
0
-1
0
-1
0
1
0
0
0
0
1
0
0
0
0
0
-1
-1
0
0
0
0
-1
0
1
0
1
0
0
0
0
-1
0
0
0
-1
0
0
0
0
0
0
0
0
-1
0
0
0
1
0
1
0
-1
0
1
0
0
-1
0
0
0
0
0
0
1
0
1
0
0
0
0
0
1
0
1
0
0
0
1
0
0
0
0
0
-1
0
0
0
0
0
0
0
0
0
-1
0
0
0
0
0
0
0
0
0
0
1
0
1
0
0
1
0
0
1
0
0
1
0
0
1
0
0
0
0
0
0
0
0
0
0
0
1
0
0
-1
0
0
-1
0
-1
0
0
1
1
0
0
0
-1
0
0
0
0
0
0
1
0
0
-1
0
0
0
0
-1
0
1
0
0
0
0
0
-1
0
0
0
0
0
0
0
1
0
0
0
0
0
-1
0
0
0
0
0
1
0
0
0
0
0
0
0
1
0
-1
0
-1
1
0
0
0
0
-1
0
-1
0
0
0
0
-1
1
0
0
0
1
0
-1
0
1
1
0
-1
0
0
0
0
0
0
0
0
-1
0
0
0
0
1
-1
0
0
-1
0
0
0
0
0
1
1
0
0
0
-1
-1
0
0
0
1
0
0
0
0
0
0
1
0
0
-1
0
0
1
0
0
0
0
0
1
0
0
-1
0
0
0
0
0
0
0
0
1
0
0
0
0
0
0
0
0
1
0
0
0
0
0
0
-1
0
0
0
0
1
0
0
1
0
0
0
1
-1
0
-1
0
0
0
1
0
0
0
0
0
0
1
0
0
0
0
0
0
0
0
0
-1
0
0
0
1
0
0
0
1
0
0
0
0
0
0
0
0
0
0
1
0
1
0
-1
0
0
-1
0
0
0
-1
0
0
0
-1
0
-1
1
-1
1
0
0
0
0
0
1
0
1
0
0
0
0
0
0
0
0
0
0
0
1
0
0
-1
0
0
0
0
0
0
0
0
0
0
-1
0
0
1
0
0
-1
0
0
0
0
0
0
0
0
-1
0
1
0
0
0
0
1
0
0
0
0
0
-1
0
0
-1
0
0
0
0
0
0
0
0
0
0
0
1
1
1
1
0
0
-1
1
0
0
0
0
0
0
0
0
0
0
0
0
1
0
0
1
0
1
0
0
1
0
0
0
0
1
0
0
-1
0
0
1
1
0
0
-1
0
-1
-1
0
0
0
1
1
0
-1
0
1
0
0
0
0
1
0
1
-1
0
1
0
0
0
-1
0
0
0
1
0
-1
0
-1
-1
0
0
1
0
0
0
1
1
0
0
1
1
-1
0
-1
0
0
0
1
0
0
0
0
-1
0
0
-1
0
0
-1
-1
1
0
0
0
0
-1
0
1
0
0
0
-1
1
0
1
0
1
-1
0
0
0
-1
0
0
0
0
0
0
0
0
0
0
0
0
0
0
0
0
0
1
0
0
0
0
1
0
0
0
0
0
0
0
0
0
0
0
0
0
0
0
0
0
0
0
0
1
0
0
0
0
-1
0
0
1
0
0
0
0
0
-1
0
0
0
0
0
0
-1
0
0
-1
0
0
0
-1
0
0
0
0
-1
0
0
0
0
0
0
0
0
0
0
0
0
0
0
0
-1
0
0
0
-1
0
-1
0
-1
0
0
0
0
1
0
0
0
0
-1
1
0
0
0
0
0
1
0
0
0
0
0
0
1
0
0
0
0
-1
0
-1
0
0
0
0
0
0
0
0
0
0
0
0
0
0
0
0
0
1
0
1
1
0
1
0
0
0
0
0
1
0
1
0
0
0
1
0
0
-1
0
0
1
0
-1
0
0
0
0
-1
-1
1
0
0
1
0
0
1
0
0
0
-1
1
0
0
0
0
0
0
-1
0
0
0
0
0
0
0
0
0
0
0
0
0
0
0
0
0
0
0
0
-1
0
-1
0
-1
0
0
0
0
0
-1
0
-1
1
0
0
0
0
0
-1
0
-1
0
-1
0
0
0
0
-1
0
-1
0
1
0
0
0
0
0
0
1
0
0
0
0
0
0
-1
0
0
0
0
0
0
0
0
1
0
1
1
0
0
0
0
0
0
0
0
0
0
1
0
1
0
0
0
0
0
0
0
1
0
0
0
1
0
1
1
0
0
0
0
-1
0
0
1
0
0
0
0
0
0
0
0
0
0
0
0
0
-1
0
0
0
0
0
0
0
0
0
-1
0
1
0
0
0
0
0
0
0
-1
1
0
0
0
1
0
1
0
0
0
0
0
0
0
-1
0
1
0
0
0
1
0
0
0
0
-1
1
1
0
0
1
0
0
0
0
0
0
0
0
-1
0
0
0
0
1
0
0
0
0
0
0
-1
-1
1
0
0
1
0
0
-1
0
-1
1
0
1
0
0
0
0
1
-1
0
0
0
0
0
0
0
0
0
0
0
0
0
0
-1
0
0
0
0
1
0
0
0
0
0
0
0
0
-1
0
0
0
-1
0
0
1
0
-1
0
0
0
0
1
1
1
0
0
-1
0
0
-1
0
0
0
0
-1
0
0
0
0
0
0
1
0
0
0
0
0
1
0
0
0
0
0
0
0
-1
1
-1
0
-1
0
0
0
0
-1
0
0
0
0
0
0
0
0
0
1
0
0
0
0
0
0
0
0
0
0
0
0
0
0
-1
0
0
0
1
0
0
0
0
-1
0
-1
0
1
0
0
1
0
0
0
0
0
0
0
0
0
0
1
-1
0
-1
0
0
-1
0
0
0
0
-1
0
0
0
0
0
1
0
0
0
0
0
0
0
-1
0
0
0
0
0
0
-1
0
0
0
0
0
0
-1
0
-1
0
0
0
0
1
0
0
0
0
0
0
0
0
0
0
0
0
1
0
0
0
0
1
0
-1
0
1
0
0
0
0
0
0
0
-1
-1
0
0
0
1
0
-1
0
0
-1
0
0
0
-1
0
0
1
0
0
0
0
0
0
1
0
0
0
0
1
0
0
0
1
1
0
0
0
0
0
0
1
0
1
0
0
0
1
0
0
0
-1
1
1
0
-1
0
0
0
0
0
0
0
0
0
0
0
1
0
1
0
0
0
0
0
-1
0
1
0
0
-1
0
-1
0
0
-1
0
0
0
0
0
0
0
0
0
0
0
0
0
0
0
0
0
0
0
0
0
0
0
0
0
0
0
0
0
0
0
0
0
-1
0
0
0
0
0
0
0
-1
0
0
0
0
0
0
0
0
0
0
0
0
0
0
0
0
0
0
0
0
0
0
1
-1
0
0
0
0
0
0
0
1
0
0
0
0
0
-1
0
0
0
0
0
0
0
0
0
0
-1
-1
-1
-1
0
-1
0
0
0
0
0
0
-1
-1
0
-1
0
0
0
-1
0
0
0
0
0
0
0
1
0
0
0
0
0
0
0
0
0
0
1
1
0
0
0
0
0
0
0
0
0
0
0
1
0
0
0
0
0
1
1
0
0
0
0
0
-1
0
0
0
0
0
0
1
0
0
1
0
0
0
1
0
0
1
0
1
1
0
0
0
0
0
0
0
0
0
0
1
0
1
1
-1
0
0
0
0
0
0
0
0
0
0
0
1
0
0
1
0
0
0
1
0
0
0
-1
0
0
0
0
0
0
0
0
0
0
1
0
0
0
-1
-1
0
0
0
0
0
0
0
0
0
0
-1
0
1
0
0
0
0
0
0
0
-1
0
1
0
0
0
0
-1
0
-1
-1
0
0
0
0
1
0
0
0
0
0
0
0
0
1
1
0
1
-1
0
0
0
0
0
0
0
0
0
0
0
0
0
0
0
0
0
0
0
0
0
0
0
0
0
0
0
0
-1
1
0
1
0
0
1
0
0
0
0
0
1
-1
0
0
0
0
0
1
0
0
-1
0
0
0
0
1
0
0
1
-1
-1
0
0
0
0
0
0
0
0
0
0
0
-1
0
0
0
1
0
0
0
0
1
0
-1
-1
0
0
0
-1
0
0
0
0
0
-1
0
0
0
0
-1
0
0
0
0
0
0
0
0
0
0
0
0
0
0
-1
0
0
0
0
0
0
0
0
0
1
0
-1
0
0
0
0
0
0
0
0
0
0
0
0
0
0
0
0
0
0
0
-1
0
0
0
0
0
0
0
0
0
0
0
0
0
1
0
0
0
0
0
0
0
1
0
0
0
1
1
0
0
0
-1
1
1
0
0
0
0
0
0
0
1
0
0
0
1
0
0
0
0
0
-1
0
0
0
0
0
0
0
0
0
0
-1
-1
-1
0
0
0
0
-1
0
0
0
0
0
0
0
0
0
1
0
1
0
0
0
0
0
0
1
-1
0
1
-1
0
0
0
0
0
0
0
-1
0
0
0
-1
0
-1
0
0
0
0
0
-1
0
0
0
0
0
0
-1
0
0
0
0
0
0
0
0
-1
-1
0
0
0
0
0
1
0
0
0
0
0
-1
0
0
0
0
0
0
0
0
0
1
0
1
0
0
1
-1
1
0
0
0
-1
-1
0
0
0
-1
0
-1
0
0
0
-1
0
0
0
0
1
0
0
0
0
0
0
1
0
1
0
0
0
0
0
0
1
0
0
0
1
1
0
0
0
0
0
0
0
0
-1
1
0
0
0
0
0
0
0
1
0
0
-1
0
0
0
-1
-1
0
0
1
0
-1
0
0
0
0
0
0
-1
-1
0
0
-1
1
0
1
0
0
0
0
0
0
1
0
0
0
-1
0
0
0
0
0
1
-1
0
0
0
0
0
0
0
0
0
1
0
0
0
0
0
0
-1
0
0
-1
0
0
-1
0
0
0
0
0
0
0
0
1
0
0
-1
1
0
0
-1
-1
0
0
0
1
-1
0
0
0
-1
1
0
0
0
1
-1
0
0
0
0
0
0
0
0
0
0
0
-1
0
0
0
0
0
0
0
0
0
0
1
-1
0
0
-1
1
0
0
0
0
0
0
0
0
0
0
0
0
0
0
-1
0
0
0
0
0
0
0
-1
0
0
0
-1
0
0
-1
-1
0
0
0
0
0
1
1
-1
0
-1
0
0
0
0
0
0
0
0
1
0
0
0
0
-1
1
0
0
1
0
0
0
0
0
1
1
0
0
0
0
0
-1
0
-1
1
0
1
0
0
1
0
0
1
0
0
0
1
-1
-1
1
0
0
0
-1
0
0
1
0
0
0
0
0
0
-1
0
0
0
-1
0
0
1
1
-1
0
0
0
0
0
0
0
0
0
-1
1
0
0
1
0
0
0
0
1
-1
0
0
0
0
-1
1
0
0
-1
0
0
0
0
0
-1
0
-1
1
0
0