-48
-68
-87
-100
-109
-115
-122
-134
-147
-158
-162
-161
-156
-145
-135
-131
-130
-122
-108
-92
-77
-58
-36
-18
-3
9
24
40
53
66
80
94
101
105
109
117
126
131
132
136
139
137
135
137
142
144
140
138
138
135
131
125
120
113
100
87
76
71
63
50
30
13
-5
-24
-40
-50
-61
-75
-89
-98
-107
-121
-135
-144
-148
-149
-151
-147
-134
-126
-126
-127
-120
-109
-95
-80
-58
-38
-22
-10
2
14
20
27
38
56
74
84
88
90
90
85
78
75
75
73
66
59
54
44
33
18
4
-8
-21
-35
-43
-48
-54
-61
-70
-78
-85
-88
-88
-83
-76
-72
-72
-69
-63
-55
-47
-37
-26
-22
-18
-15
-6
4
14
27
36
41
37
30
26
23
23
24
30
35
34
29
23
17
14
17
24
33
42
50
57
59
57
52
49
50
58
68
76
81
81
75
66
57
49
48
49
50
48
42
31
17
3
-9
-21
-30
-37
-39
-36
-37
-43
-51
-59
-63
-63
-59
-54
-50
-48
-46
-43
-41
-38
-35
-31
-27
-26
-28
-26
-20
-11
-5
-2
-1
-3
-9
-19
-22
-20
-16
-11
-7
-7
-13
-23
-34
-35
-28
-22
-19
-18
-11
-7
-8
-11
-9
-7
-8
-8
-2
10
14
13
13
13
10
2
4
14
23
22
16
11
6
-1
-6
-9
-5
-5
-7
-8
-4
-3
-9
-14
-13
-10
-14
-17
-13
0
9
10
9
13
16
17
25
39
52
54
50
51
57
62
62
62
64
63
60
59
66
72
67
55
46
43
41
41
44
47
41
26
12
7
5
2
-3
-5
-8
-17
-28
-34
-37
-37
-40
-44
-44
-43
-45
-50
-49
-46
-48
-52
-53
-52
-51
-53
-54
-51
-49
-51
-55
-53
-48
-45
-48
-47
-43
-41
-40
-41
-38
-34
-36
-38
-37
-31
-30
-31
-28
-22
-23
-27
-26
-19
-13
-11
-9
-5
1
2
1
6
14
20
23
26
33
40
43
46
50
56
56
59
66
74
76
75
74
75
76
73
72
74
75
70
62
57
56
51
42
37
35
30
20
12
9
6
1
-6
-9
-9
-13
-19
-21
-15
-16
-21
-20
-14
-12
-16
-17
-14
-11
-14
-15
-12
-9
-10
-14
-12
-9
-10
-11
-13
-8
-5
-6
-9
-9
-9
-11
-15
-17
-15
-13
-14
-15
-15
-15
-18
-23
-25
-26
-29
-33
-36
-36
-37
-43
-47
-47
-47
-52
-54
-56
-52
-53
-55
-54
-52
-52
-55
-54
-46
-36
-34
-31
-27
-21
-15
-9
0
6
10
14
21
30
38
45
51
56
61
65
66
70
76
80
81
81
82
81
78
75
72
70
66
60
55
48
41
34
25
18
9
1
-5
-13
-19
-24
-26
-30
-33
-37
-39
-41
-42
-41
-39
-38
-35
-34
-33
-31
-31
-27
-22
-17
-13
-8
-4
0
2
5
7
10
13
16
19
21
24
25
24
25
25
25
26
26
25
24
22
18
16
12
8
4
3
-1
-4
-9
-15
-20
-24
-27
-30
-35
-38
-42
-45
-47
-49
-51
-50
-51
-50
-49
-47
-46
-44
-42
-38
-34
-29
-25
-19
-14
-10
-6
-1
4
9
14
18
24
28
31
35
39
42
44
46
48
48
51
51
50
50
48
46
44
41
37
35
30
27
22
19
13
9
4
0
-3
-8
-10
-12
-15
-18
-22
-24
-27
-28
-29
-29
-30
-29
-28
-26
-24
-23
-20
-20
-16
-14
-12
-9
-7
-5
-2
1
3
7
8
11
12
14
15
16
17
18
19
17
18
18
15
15
13
11
8
6
4
2
-1
-2
-5
-8
-13
-14
-18
-19
-22
-23
-25
-26
-28
-29
-28
-28
-28
-28
-27
-27
-25
-23
-22
-18
-15
-12
-9
-6
-5
-2
2
5
8
11
14
18
20
22
24
27
29
29
32
33
34
34
34
35
34
34
33
33
30
30
27
24
23
19
18
15
12
9
6
2
1
-2
-4
-7
-8
-11
-13
-14
-16
-18
-18
-18
-20
-20
-19
-20
-20
-19
-19
-18
-17
-16
-16
-14
-14
-13
-13
-12
-11
-11
-10
-10
-9
-9
-7
-7
-8
-8
-7
-7
-7
-7
-7
-8
-9
-7
-8
-8
-8
-8
-8
-9
-8
-7
-7
-6
-5
-2
-1
0
0
0
2
4
7
8
8
11
13
15
16
18
19
20
20
22
22
21
24
24
26
25
25
24
23
22
21
21
19
18
17
15
14
12
11
9
8
7
3
3
1
-1
-2
-4
-5
-6
-7
-8
-8
-9
-10
-10
-11
-11
-11
-13
-11
-11
-12
-10
-10
-11
-9
-9
-8
-8
-7
-7
-6
-6
-5
-6
-6
-8
-6
-7
-7
-9
-9
-8
-8
-8
-7
-10
-8
-9
-10
-12
-10
-12
-13
-13
-12
-15
-13
-13
-12
-12
-11
-10
-9
-9
-8
-7
-6
-6
-4
-4
-2
-1
1
3
4
6
8
10
12
11
14
16
16
19
19
20
21
21
22
22
22
22
21
21
20
19
18
17
15
15
14
13
11
9
8
6
2
2
0
0
-2
-2
-2
-4
-6
-6
-6
-7
-7
-7
-7
-7
-9
-7
-8
-7
-6
-6
-5
-4
-3
-2
-1
1
1
1
1
1
1
3
2
2
4
2
2
1
0
0
1
2
1
1
0
-1
-3
-5
-5
-7
-5
-8
-7
-9
-10
-10
-12
-12
-12
-13
-14
-14
-13
-15
-16
-13
-13
-13
-13
-13
-11
-10
-9
-8
-7
-6
-5
-4
-4
-3
-1
0
1
1
4
5
7
9
8
11
12
12
13
14
14
15
15
15
14
16
15
15
16
14
14
14
12
13
11
12
10
10
9
8
9
7
6
4
4
4
3
2
1
-1
0
0
1
-1
-1
0
-1
0
0
-2
-3
-3
-3
-1
-1
0
0
1
1
0
1
-1
-1
0
0
-2
-1
-1
-1
-1
-2
-2
-3
-4
-4
-4
-4
-5
-6
-6
-6
-6
-8
-7
-9
-9
-8
-10
-10
-9
-10
-10
-10
-10
-10
-9
-9
-9
-8
-8
-7
-8
-5
-6
-5
-5
-4
-3
-2
-1
0
1
1
0
1
1
3
4
6
6
7
6
8
8
8
10
9
9
9
9
9
9
10
10
11
10
12
12
9
9
9
9
8
8
8
8
7
7
7
7
6
6
4
5
4
4
3
3
3
2
2
1
2
1
1
1
-1
0
-1
0
0
-1
-1
-1
-3
-2
-2
-3
-3
-3
-3
-2
-4
-4
-4
-4
-5
-5
-4
-5
-5
-6
-6
-6
-5
-6
-6
-6
-5
-5
-6
-6
-6
-6
-6
-6
-6
-6
-5
-4
-4
-5
-5
-6
-4
-4
-4
-4
-5
-3
-2
-3
-3
-2
-2
-2
-1
-1
-1
0
0
0
0
0
0
1
1
1
2
2
3
4
4
4
3
4
4
4
4
4
4
5
3
3
4
5
5
5
6
7
6
5
6
6
6
6
6
6
5
6
4
5
5
5
4
5
4
3
4
3
3
2
3
3
2
1
1
1
2
1
0
0
0
0
0
0
0
-1
-1
-1
-1
0
-2
-2
-2
-2
-2
-1
-1
-1
-2
-2
-2
-2
-2
-2
-2
-3
-3
-2
-3
-4
-3
-3
-3
-3
-4
-3
-3
-3
-3
-3
-3
-3
-3
-3
-3
-2
-2
-1
-2
-1
-1
-2
-1
-1
-2
-2
-1
-2
-2
-1
-1
-1
-1
-2
0
0
0
1
1
0
0
0
0
0
0
1
0
1
1
1
1
2
2
2
3
3
3
4
3
4
3
4
4
4
4
4
5
4
4
4
5
4
4
4
4
3
3
3
3
2
2
1
1
1
1
0
1
2
1
1
1
1
1
0
0
0
-1
0
0
-1
-1
-1
-1
-1
-1
0
-1
-2
-1
0
-1
-1
-2
-1
-1
-1
-1
-2
-1
-1
-1
-1
0
-1
-1
-1
-1
-1
-1
-1
-1
-2
-1
-1
-1
-1
-1
-1
-1
-1
-1
0
-1
-1
-1
-1
-1
0
-1
-1
0
-1
0
-2
-1
-1
-1
-1
-1
-1
-1
-1
-2
-1
-2
-1
0
0
0
0
0
1
1
1
1
0
-1
0
-1
0
0
0
1
1
1
1
2
3
3
3
3
3
3
2
2
2
2
2
2
2
2
2
3
3
4
3
1
2
2
2
2
2
2
1
1
1
1
1
1
0
0
0
0
1
0
0
0
0
0
1
0
0
0
0
0
0
0
-1
-1
0
0
0
0
0
-1
-1
0
0
0
-1
1
0
0
-1
0
0
0
0
0
0
0
0
-1
-2
-2
-2
-2
-1
0
0
1
0
-1
-2
-1
-2
-1
-1
-1
-1
-1
-1
-1
-2
-2
-1
-1
-2
-2
-3
-1
-1
0
1
1
2
1
0
1
0
1
1
1
0
1
1
0
0
1
1
1
1
2
1
3
2
2
2
2
1
2
1
1
2
1
2
1
0
0
0
0
1
2
2
2
2
2
1
1
0
1
1
1
1
2
1
0
0
0
0
0
0
0
0
0
-1
1
-1
0
0
0
0
0
0
0
0
1
0
1
0
0
0
1
-1
0
0
0
0
0
0
0
0
0
0
-1
0
0
1
1
1
1
-1
0
-1
-1
0
1
1
1
1
0
0
-1
-2
-2
-1
-1
0
1
1
1
1
0
1
1
1
1
1
-1
0
-1
0
1
0
0
1
0
0
-1
0
-1
0
0
0
-1
0
1
-1
0
0
0
0
-1
1
2
1
0
2
2
1
2
0
1
1
2
1
1
0
1
0
0
1
0
0
0
0
1
0
0
0
0
1
0
-1
0
-1
0
1
0
1
-1
0
1
0
0
0
0
0
-1
0
0
0
0
0
0
0
0
0
0
-1
0
1
0
1
0
-1
0
0
1
0
0
0
0
0
0
-1
0
-1
0
0
0
0
0
0
0
1
0
1
0
0
0
0
0
-1
0
0
0
0
0
-1
0
0
0
0
0
0
1
0
0
0
0
1
0
0
0
0
0
0
0
0
0
-1
0
1
0
0
0
0
0
0
0
0
0
0
0
0
0
0
0
-1
1
0
0
0
-1
0
0
0
1
0
0
0
-1
0
0
0
0
1
1
0
1
0
0
-1
0
-1
0
0
0
0
0
0
0
0
0
0
0
0
0
1
0
0
0
0
0
0
0
0
0
0
0
0
0
0
0
0
0
0
1
0
0
0
1
0
0
0
0
0
0
0
0
1
1
0
0
1
0
0
0
0
0
1
0
0
-1
1
0
-1
-1
0
0
0
0
0
1
0
1
0
0
0
1
0
-1
0
-1
0
0
-1
0
0
0
-1
0
0
0
0
0
0
0
0
1
-1
0
0
0
0
-1
0
0
0
0
0
1
0
0
0
0
0
0
0
0
1
1
0
0
0
0
0
0
0
0
0
1
0
-1
0
0
0
0
0
0
0
0
0
0
1
0
1
1
1
0
0
0
0
0
0
0
0
0
0
0
0
-1
0
0
0
-1
0
-1
0
0
0
0
0
0
0
-1
1
0
1
0
0
0
0
1
1
0
-1
0
1
-1
0
0
0
0
0
0
0
0
0
0
0
0
0
1
-1
0
0
0
0
0
0
0
-1
0
-1
0
0
0
0
0
-1
0
1
0
0
0
1
0
0
0
0
0
0
0
0
0
0
0
0
0
0
1
0
1
0
-1
-1
-1
0
0
0
0
0
0
0
-1
0
0
1
-1
0
1
0
0
0
0
0
0
0
-1
0
0
0
0
0
0
0
0
0
0
0
0
0
0
0
0
0
0
0
0
0
0
1
0
1
0
0
0
1
0
0
-1
1
0
-1
0
0
-1
0
0
0
0
-1
0
0
0
0
1
0
0
0
1
0
0
1
-1
0
0
0
0
0
0
-1
0
1
0
0
0
1
-1
0
0
0
-1
0
0
0
-1
0
1
0
-1
0
0
-1
-1
0
0
0
0
-1
-1
-1
0
0
0
0
0
0
0
0
0
1
0
-1
0
1
0
1
0
0
0
-1
0
0
0
0
0
0
-1
1
0
0
0
0
1
0
0
0
-1
0
1
0
0
0
0
0
0
0
0
0
0
-1
1
-1
0
1
0
0
0
0
0
0
0
0
0
0
0
0
0
0
0
1
0
0
0
0
-1
1
0
0
0
0
0
0
0
0
0
0
0
0
-1
0
0
0
-1
0
0
1
1
0
0
0
0
-1
0
1
0
-1
0
0
0
0
-1
0
0
0
0
0
-1
-1
0
0
0
0
1
0
0
0
0
-1
0
0
0
0
0
0
0
0
1
0
-1
0
0
-1
0
0
0
0
0
0
0
0
0
0
0
1
0
0
0
0
-1
-1
0
-1
0
0
0
-1
0
0
0
0
1
1
-1
0
0
-1
-1
0
0
-1
0
0
-1
0
0
-1
1
-1
0
0
-1
0
0
0
0
0
0
0
1
0
0
-1
1
1
0
0
0
0
0
0
0
0
0
1
0
0
0
0
0
0
-1
0
0
-1
0
0
1
0
0
1
0
0
0
1
0
0
0
0
0
0
1
-1
0
0
0
1
0
-1
0
0
0
0
0
-1
0
0
0
0
1
0
0
1
0
0
0
1
0
0
0
0
0
1
0
0
0
0
0
0
0
1
0
0
0
0
-1
0
0
-1
-1
0
-1
0
0
0
1
1
0
0
0
-1
1
0
0
0
0
1
0
1
0
0
1
1
0
0
0
0
0
-1
0
0
0
-1
0
0
1
0
0
0
0
1
0
1
0
0
0
0
-1
0
0
0
0
0
-1
0
0
0
1
1
0
0
-1
0
0
1
0
0
-1
1
0
0
0
0
-1
0
0
0
0
0
0
0
0
0
0
0
1
0
0
0
-1
0
1
0
0
1
-1
0
-1
-1
0
0
0
0
0
0
0
0
-1
0
-1
1
0
1
1
0
0
0
0
0
0
0
0
0
0
0
0
0
0
1
0
-1
0
0
0
0
0
0
-1
0
0
-1
0
0
0
0
0
0
0
1
1
0
0
0
0
0
0
0
-1
0
0
0
0
0
0
-1
-1
0
0
0
0
0
1
0
1
-1
0
0
-1
0
0
0
1
0
0
0
0
0
0
0
1
0
1
0
0
0
-1
-1
0
0
0
0
1
0
-1
0
0
0
0
1
0
-1
0
0
0
0
0
1
0
0
0
0
0
0
0
0
0
0
1
0
0
0
0
0
0
0
0
0
0
0
0
0
-1
-1
0
0
0
0
0
0
-1
0
0
-1
0
0
0
0
0
0
0
0
0
0
0
0
0
0
0
0
0
-1
0
0
1
0
0
-1
1
0
0
0
0
0
0
0
0
0
0
-1
1
0
0
-1
0
0
0
1
0
-1
0
0
0
0
0
0
0
1
-1
0
-1
0
-1
-1
0
0
0
1
0
0
0
0
0
1
0
-1
-1
0
0
0
0
0
0
0
-1
0
-1
0
1
0
0
0
0
1
0
0
0
0
0
-1
-1
0
0
0
0
-1
0
1
0
1
0
0
0
0
-1
0
0
0
-1
0
0
0
0
0
0
0
0
-1
0
0
0
1
0
1
0
-1
0
1
0
0
-1
0
0
0
0
0
0
1
0
1
0
0
0
0
0
1
0
1
0
0
0
1
0
0
0
0
0
-1
0
0
0
0
0
0
0
0
0
-1
0
0
0
0
0
0
0
0
0
0
1
0
1
0
0
1
0
0
1
0
0
1
0
0
1
0
0
0
0
0
0
0
0
0
0
0
1
0
0
-1
0
0
-1
0
-1
0
0
1
1
0
0
0
-1
0
0
0
0
0
0
1
0
0
-1
0
0
0
0
-1
0
1
0
0
0
0
0
-1
0
0
0
0
0
0
0
1
0
0
0
0
0
-1
0
0
0
0
0
1
0
0
0
0
0
0
0
1
0
-1
0
-1
1
0
0
0
0
-1
0
-1
0
0
0
0
-1
1
0
0
0
1
0
-1
0
1
1
0
-1
0
0
0
0
0
0
0
0
-1
0
0
0
0
1
-1
0
0
-1
0
0
0
0
0
1
1
0
0
0
-1
-1
0
0
0
1
0
0
0
0
0
0
1
0
0
-1
0
0
1
0
0
0
0
0
1
0
0
-1
0
0
0
0
0
0
0
0
1
0
0
0
0
0
0
0
0
1
0
0
0
0
0
0
-1
0
0
0
0
1
0
0
1
0
0
0
1
-1
0
-1
0
0
0
1
0
0
0
0
0
0
1
0
0
0
0
0
0
0
0
0
-1
0
0
0
1
0
0
0
1
0
0
0
0
0
0
0
0
0
0
1
0
1
0
-1
0
0
-1
0
0
0
-1
0
0
0
-1
0
-1
1
-1
1
0
0
0
0
0
1
0
1
0
0
0
0
0
0
0
0
0
0
0
1
0
0
-1
0
0
0
0
0
0
0
0
0
0
-1
0
0
1
0
0
-1
0
0
0
0
0
0
0
0
-1
0
1
0
0
0
0
1
0
0
0
0
0
-1
0
0
-1
0
0
0
0
0
0
0
0
0
0
0
1
1
1
1
0
0
-1
1
0
0
0
0
0
0
0
0
0
0
0
0
1
0
0
1
0
1
0
0
1
0
0
0
0
1
0
0
-1
0
0
1
1
0
0
-1
0
-1
-1
0
0
0
1
1
0
-1
0
1
0
0
0
0
1
0
1
-1
0
1
0
0
0
-1
0
0
0
1
0
-1
0
-1
-1
0
0
1
0
0
0
1
1
0
0
1
1
-1
0
-1
0
0
0
1
0
0
0
0
-1
0
0
-1
0
0
-1
-1
1
0
0
0
0
-1
0
1
0
0
0
-1
1
0
1
0
1
-1
0
0
0
-1
0
0
0
0
0
0
0
0
0
0
0
0
0
0
0
0
0
1
0
0
0
0
1
0
0
0
0
0
0
0
0
0
0
0
0
0
0
0
0
0
0
0
0
1
0
0
0
0
-1
0
0
1
0
0
0
0
0
-1
0
0
0
0
0
0
-1
0
0
-1
0
0
0
-1
0
0
0
0
-1
0
0
0
0
0
0
0
0
0
0
0
0
0
0
0
-1
0
0
0
-1
0
-1
0
-1
0
0
0
0
1
0
0
0
0
-1
1
0
0
0
0
0
1
0
0
0
0
0
0
1
0
0
0
0
-1
0
-1
0
0
0
0
0
0
0
0
0
0
0
0
0
0
0
0
0
1
0
1
1
0
1
0
0
0
0
0
1
0
1
0
0
0
1
0
0
-1
0
0
1
0
-1
0
0
0
0
-1
-1
1
0
0
1
0
0
1
0
0
0
-1
1
0
0
0
0
0
0
-1
0
0
0
0
0
0
0
0
0
0
0
0
0
0
0
0
0
0
0
0
-1
0
-1
0
-1
0
0
0
0
0
-1
0
-1
1
0
0
0
0
0
-1
0
-1
0
-1
0
0
0
0
-1
0
-1
0
1
0
0
0
0
0
0
1
0
0
0
0
0
0
-1
0
0
0
0
0
0
0
0
1
0
1
1
0
0
0
0
0
0
0
0
0
0
1
0
1
0
0
0
0
0
0
0
1
0
0
0
1
0
1
1
0
0
0
0
-1
0
0
1
0
0
0
0
0
0
0
0
0
0
0
0
0
-1
0
0
0
0
0
0
0
0
0
-1
0
1
0
0
0
0
0
0
0
-1
1
0
0
0
1
0
1
0
0
0
0
0
0
0
-1
0
1
0
0
0
1
0
0
0
0
-1
1
1
0
0
1
0
0
0
0
0
0
0
0
-1
0
0
0
0
1
0
0
0
0
0
0
-1
-1
1
0
0
1
0
0
-1
0
-1
1
0
1
0
0
0
0
1
-1
0
0
0
0
0
0
0
0
0
0
0
0
0
0
-1
0
0
0
0
1
0
0
0
0
0
0
0
0
-1
0
0
0
-1
0
0
1
0
-1
0
0
0
0
1
1
1
0
0
-1
0
0
-1
0
0
0
0
-1
0
0
0
0
0
0
1
0
0
0
0
0
1
0
0
0
0
0
0
0
-1
1
-1
0
-1
0
0
0
0
-1
0
0
0
0
0
0
0
0
0
1
0
0
0
0
0
0
0
0
0
0
0
0
0
0
-1
0
0
0
1
0
0
0
0
-1
0
-1
0
1
0
0
1
0
0
0
0
0
0
0
0
0
0
1
-1
0
-1
0
0
-1
0
0
0
0
-1
0
0
0
0
0
1
0
0
0
0
0
0
0
-1
0
0
0
0
0
0
-1
0
0
0
0
0
0
-1
0
-1
0
0
0
0
1
0
0
0
0
0
0
0
0
0
0
0
0
1
0
0
0
0
1
0
-1
0
1
0
0
0
0
0
0
0
-1
-1
0
0
0
1
0
-1
0
0
-1
0
0
0
-1
0
0
1
0
0
0
0
0
0
1
0
0
0
0
1
0
0
0
1
1
0
0
0
0
0
0
1
0
1
0
0
0
1
0
0
0
-1
1
1
0
-1
0
0
0
0
0
0
0
0
0
0
0
1
0
1
0
0
0
0
0
-1
0
1
0
0
-1
0
-1
0
0
-1
0
0
0
0
0
0
0
0
0
0
0
0
0
0
0
0
0
0
0
0
0
0
0
0
0
0
0
0
0
0
0
0
0
-1
0
0
0
0
0
0
0
-1
0
0
0
0
0
0
0
0
0
0
0
0
0
0
0
0
0
0
0
0
0
0
1
-1
0
0
0
0
0
0
0
1
0
0
0
0
0
-1
0
0
0
0
0
0
0
0
0
0
-1
-1
-1
-1
0
-1
0
0
0
0
0
0
-1
-1
0
-1
0
0
0
-1
0
0
0
0
0
0
0
1
0
0
0
0
0
0
0
0
0
0
1
1
0
0
0
0
0
0
0
0
0
0
0
1
0
0
0
0
0
1
1
0
0
0
0
0
-1
0
0
0
0
0
0
1
0
0
1
0
0
0
1
0
0
1
0
1
1
0
0
0
0
0
0
0
0
0
0
1
0
1
1
-1
0
0
0
0
0
0
0
0
0
0
0
1
0
0
1
0
0
0
1
0
0
0
-1
0
0
0
0
0
0
0
0
0
0
1
0
0
0
-1
-1
0
0
0
0
0
0
0
0
0
0
-1
0
1
0
0
0
0
0
0
0
-1
0
1
0
0
0
0
-1
0
-1
-1
0
0
0
0
1
0
0
0
0
0
0
0
0
1
1
0
1
-1
0
0
0
0
0
0
0
0
0
0
0
0
0
0
0
0
0
0
0
0
0
0
0
0
0
0
0
0
-1
1
0
1
0
0
1
0
0
0
0
0
1
-1
0
0
0
0
0
1
0
0
-1
0
0
0
0
1
0
0
1
-1
-1
0
0
0
0
0
0
0
0
0
0
0
-1
0
0
0
1
0
0
0
0
1
0
-1
-1
0
0
0
-1
0
0
0
0
0
-1
0
0
0
0
-1
0
0
0
0
0
0
0
0
0
0
0
0
0
0
-1
0
0
0
0
0
0
0
0
0
1
0
-1
0
0
0
0
0
0
0
0
0
0
0
0
0
0
0
0
0
0
0
-1
0
0
0
0
0
0
0
0
0
0
0
0
0
1
0
0
0
0
0
0
0
1
0
0
0
1
1
0
0
0
-1
1
1
0
0
0
0
0
0
0
1
0
0
0
1
0
0
0
0
0
-1
0
0
0
0
0
0
0
0
0
0
-1
-1
-1
0
0
0
0
-1
0
0
0
0
0
0
0
0
0
1
0
1
0
0
0
0
0
0
1
-1
0
1
-1
0
0
0
0
0
0
0
-1
0
0
0
-1
0
-1
0
0
0
0
0
-1
0
0
0
0
0
0
-1
0
0
0
0
0
0
0
0
-1
-1
0
0
0
0
0
1
0
0
0
0
0
-1
0
0
0
0
0
0
0
0
0
1
0
1
0
0
1
-1
1
0
0
0
-1
-1
0
0
0
-1
0
-1
0
0
0
-1
0
0
0
0
1
0
0
0
0
0
0
1
0
1
0
0
0
0
0
0
1
0
0
0
1
1
0
0
0
0
0
0
0
0
-1
1
0
0
0
0
0
0
0
1
0
0
-1
0
0
0
-1
-1
0
0
1
0
-1
0
0
0
0
0
0
-1
-1
0
0
-1
1
0
1
0
0
0
0
0
0
1
0
0
0
-1
0
0
0
0
0
1
-1
0
0
0
0
0
0
0
0
0
1
0
0
0
0
0
0
-1
0
0
-1
0
0
-1
0
0
0
0
0
0
0
0
1
0
0
-1
1
0
0
-1
-1
0
0
0
1
-1
0
0
0
-1
1
0
0
0
1
-1
0
0
0
0
0
0
0
0
0
0
0
-1
0
0
0
0
0
0
0
0
0
0
1
-1
0
0
-1
1
0
0
0
0
0
0
0
0
0
0
0
0
0
0
-1
0
0
0
0
0
0
0
-1
0
0
0
-1
0
0
-1
-1
0
0
0
0
0
1
1
-1
0
-1
0
0
0
0
0
0
0
0
1
0
0
0
0
-1
1
0
0
1
0
0
0
0
0
1
1
0
0
0
0
0
-1
0
-1
1
0
1
0
0
1
0
0
1
0
0
0
1
-1
-1
1
0
0
0
-1
0
0
1
0
0
0
0
0
0
-1
0
0
0
-1
0
0
1
1
-1
0
0
0
0
0
0
0
0
0
-1
1
0
0
1
0
0
0
0
1
-1
0
0
0
0
-1
1
0
0
-1
0
0
0
0
0
-1
0
-1
1
0
0
1
0
0
0
0
0
0
0
0
-1
0
0
0
1
0
1
0
0
0
0
-1
0
0
1
1
0
0
0
-1
-1
0
0
0
-1
0
0
1
0
1
0
0
1
0
0
1
0
0
0
0
0
0
0
0
0
0
0
-1
1
0
0
0
0
0
0
0
0
0
0
-1
0
-1
0
0
0
0
0
-1
0
0
0
1
0
0
0
0
0
0
0
0
0
-1
1
1
-1
0
0
0
0
0
0
0
0
0
0
0
0
0
-1
0
0
0
0
0
0
0
0
-1
0
0
0
0
-1
0
-1
0
0
0
0
0
-1
0
0
-1
0
0
0
1
0
0
0
0
0
0
1
0
0
0
0
0
1
0
0
0
1
1
0
0
0
0
0
0
0
0
1
1
1
0
0
-1
0
0
0
-1
-1
0
0
0
0
0
0
0
0
0
0
0
0
0
0
0
0
0
0
0
0
0
1
1
1
0
-1
0
0
0
0
0
0
1
-1
-1
0
0
0
0
0
1
0
-1
0
0
0
0
0
0
0
0
-1
0
0
0
0
1
0
0
0
0
0
-1
1
1
0
0
0
0
1
0
0
0
0
0
0
0
0
0
0
0
0
1
0
0
0
0
0
0
1
0
0
0
0
0
0
0
0
0
0
1
0
-1
0
0
0
0
-1
0
0
0
0
0
0
-1
0
0
-1
0
0
0
-1
1
0
0
0
0
0
0
0
0
0
0
0
0
0
-1
0
-1
0
0
0
0
0
0
0
0
0
1
0
0
0
0
0
0
0
0
0
0
0
1
0
0
0
0
0
0
0
0
0
-1
0
0
1
0
0
0
0
0
0
0
1
0
0
0
0
0
0
-1
0
1
0
0
0
0
0
0
0
0
-1
0
0
0
0
0
0
0
0
1
0
-1
0
1
0
0
-1
0
0
0
0
-1
0
0
0
0
1
0
0
0
0
0
0
0
0
-1
0
0
0
0
0
0
0
0
0
1
0
0
0
0
0
1
0
0
1
0
1
-1
0
0
0
0
0
0
0
0
-1
0
-1
-1
0
0
0
0
0
0
0
0
0
0
-1
0
-1
0
0
0
0
0
0
-1
0
0
0
0
0
0
0
0
0
0
0
0
0
0
0
0
0
1
1
0
-1
0
0
0
0
0
0
0
0
0
0
0
0
0
0
0
0
1
0
0
0
0
0
1
0
0
0
0
0
0
0
-1
-1
0
0
0
0
0
-1
-1
0
0
0
-1
1
0
0
-1
0
0
0
0
0
0
0
0
0
0
0
0
0
0
0
0
1
0
0
-1
0
0
0
0
0
0
1
0
0
-1
-1
0
0
0
0
-1
0
0
0
0
0
1
0
0
1
0
1
0
0
0
0
0
0
-1
0
0
0
0
0
0
1
0
0
0
0
0
0
-1
-1
0
-1
0
0
0
0
0
0
0
0
0
0
0
0
0
0
-1
0
0
0
0
1
0
0
0
0
0
0
0
0
0
0
-1
1
-1
0
0
0
0
0
0
0
0
1
0
1
0
0
0
1
-1
0
0
0
0
0
0
0
0
0
0
-1
0
0
0
0
1
1
0
1
0
0
0
0
0
0
0
0
0
0
-1
-1
-1
-1
0
0
0
0
0
-1
0
0
0
0
0
-1
0
-1
0
1
0
0
1
0
0
-1
0
-1
0
0
0
-1
0
1
-1
0
0
0
0
-1
0
1
0
-1
1
1
0
1
-1
0
0
1
0
0
-1
1
0
0
1
0
0
0
0
1
0
0
0
0
1
0
-1
0
-1
0
1
0
1
-1
0
1
0
0
0
0
0
-1
0
0
0
0
0
0
0
0
0
0
-1
0
1
0
1
0
-1
0
0
1
0
0
0
0
0
0
-1
0
-1
0
0
0
0
0
0
0
1
0
1
0
0
0
0
0
-1
0
0
0
0
0
-1
0
0
0
0
0
0
1
0
0
0
0
1
0
0
0
0
0
0
0
0
0
-1
0
1
0
0
0
0
0
0
0
0
0
0
0
0
0
0
0
-1
1
0
0
0
-1
0
0
0
1
0
0
0
-1
0
0
0
0
1
1
0
1
0
0
-1
0
-1
0
0
0
0
0
0
0
0
0
0
0
0
0
1
0
0
0
0
0
0
0
0
0
0
0
0
0
0
0
0
0
0
1
0
0
0
1
0
0
0
0
0
0
0
0
1
1
0
0
1
0
0
0
0
0
1
0
0
-1
1
0
-1
-1
0
0
0
0
0
1
0
1
0
0
0
1
0
-1
0
-1
0
0
-1
0
0
0
-1
0
0
0
0
0
0
0
0
1
-1
0
0
0
0
-1
0
0
0
0
0
1
0
0
0
0
0
0
0
0
1
1
0
0
0
0
0
0
1
0
0
1
0
-1
0
-1
-1
-1
-1
-2
-1
-1
-1
-1
1
0
1
1
1
0
0
0
0
0
0
0
0
0
1
1
2
2
3
4
5
5
8
7
9
10
11
12
12
12
12
10
12
11
11
9
9
9
8
9
8
6
5
5
6
3
2
2
1
0
-1
-2
-4
-5
-7
-8
-9
-10
-10
-9
-10
-9
-9
-9
-9
-8
-8
-8
-8
-7
-9
-8
-8
-9
-9
-9
-10
-8
-7
-7
-7
-6
-5
-6
-5
-4
-4
-3
-3
-2
-1
-1
-1
-1
-1
-1
-1
0
0
1
1
1
2
3
6
7
8
8
10
9
9
8
10
10
12
11
12
13
12
12
13
16
19
22
24
24
26
25
25
25
24
24
21
19
16
12
9
7
5
3
1
-2
-5
-8
-10
-12
-13
-14
-15
-19
-22
-26
-31
-35
-37
-40
-43
-46
-46
-48
-49
-47
-44
-43
-39
-37
-35
-34
-34
-31
-29
-27
-26
-25
-27
-27
-27
-23
-21
-17
-12
-11
-5
-1
5
11
18
25
30
35
39
40
42
44
48
48
50
50
49
48
49
52
55
58
63
67
68
68
69
71
70
70
70
67
63
58
52
47
41
37
32
26
20
13
7
2
-4
-10
-15
-23
-31
-37
-44
-52
-58
-65
-72
-78
-84
-89
-92
-95
-96
-98
-98
-100
-98
-100
-100
-100
-101
-100
-101
-102
-101
-102
-99
-94
-90
-83
-74
-64
-53
-41
-29
-17
-5
7
16
28
34
43
52
57
63
68
74
81
87
93
100
107
114
122
128
135
142
147
153
154
156
156
154
149
146
140
133
127
120
112
102
92
82
71
62
53
44
35
27
16
5
-8
-18
-27
-37
-48
-62
-77
-94
-111
-128
-143
-155
-168
-181
-192
-203
-211
-215
-218
-218
-216
-215
-214
-213
-214
-214
-211
-208
-201
-194
-184
-175
-163
-148
-130
-108
-83
-60
-38
-18
0
18
35
55
75
92
107
124
140
156
177
198
219
239
256
269
278
284
288
293
297
301
299
294
286
276
265
257
251
242
233
220
205
187
172
159
149
141
135
125
109
94
79
63
49
35
18
-4
-29
-58
-88
-115
-140
-164
-185
-211
-238
-266
-296
-323
-349
-373
-397
-423
-453
-486
-517
-549
-573
-593
-604
-612
-616
-613
-603
-581
-547
-501
-447
-386
-322
-256
-190
-122
-52
19
90
158
220
276
324
367
410
449
488
521
549
570
582
590
593
597
597
594
585
570
551
530
510
490
475
458
438
415
385
352
319
286
254
223
192
157
123
90
63
44
34
30
28
26
19
8
-6
-22
-44
-71
-103
-142
-188
-238
-291
-344
-396
-447
-500
-556
-618
-685
-757
-826
-889
-940
-977
-994
-989
-959
-899
-807
-688
-544
-387
-228
-76
61
177
269
341
393
431
454
470
481
489
500
512
529
543
553
553
538
509
468
418
365
311
262
221
187
163
149
145
148
159
170
177
174
158
130
91
48
0
-47
-93
-135
-173
-203
-226
-241
-248
-247
-241
-229
-219
-209
-197
-184
-168
-146
-122
-94
-68
-42
-20
4
26
52
75
94
109
117
120
120
118
115
110
104
94
81
67
53
39
28
18
7
-4
-19
-36
-54
-71
-89
-104
-117
-132
-144
-156
-164
-166
-166
-160
-151
-138
-124
-112
-100
-91
-79
-68
-55
-44
-31
-20
-10
3
18
35
54
73
91
107
119
130
138
145
150
150
150
146
139
132
125
117
110
104
97
89
80
68
54
42
31
19
8
-3
-15
-26
-35
-43
-50
-54
-57
-58
-60
-64
-70
-77
-80
-82
-82
-81
-80
-80
-79
-77
-70
-62
-53
-46
-42
-37
-34
-28
-24
-18
-12
-7
1
8
15
23
28
34
40
44
47
48
48
49
45
45
42
40
39
37
34
32
28
22
16
11
3
-5
-10
-16
-22
-27
-29
-32
-34
-33
-33
-32
-32
-32
-30
-29
-28
-25
-22
-19
-15
-9
-5
0
4
10
14
18
23
27
30
32
34
35
36
36
37
36
36
33
31
30
28
26
25
22
20
16
13
10
5
3
0
-2
-5
-9
-12
-16
-18
-19
-19
-20
-21
-23
-26
-28
-30
-31
-32
-31
-30
-29
-30
-29
-28
-23
-20
-16
-14
-13
-12
-12
-12
-10
-7
-4
-2
3
4
6
8
12
16
19
22
22
20
20
20
20
21
23
24
24
24
20
20
17
17
15
13
10
6
2
0
-4
-5
-5
-7
-9
-10
-13
-15
-15
-14
-13
-12
-12
-12
-11
-10
-8
-3
-1
2
3
1
0
0
0
2
4
5
6
5
5
4
4
4
3
3
5
5
6
4
2
3
5
7
8
6
3
3
4
4
3
5
6
7
6
4
0
-1
0
0
2
0
-2
-3
-5
-5
-6
-8
-9
-8
-9
-9
-10
-9
-9
-9
-9
-9
-10
-8
-10
-8
-8
-6
-4
-2
-1
2
1
0
-3
-3
-2
1
0
-1
-3
-2
-1
0
2
1
0
-1
-1
0
0
0
1
1
3
3
3
2
2
2
2
2
3
3
5
4
6
6
7
10
11
12
14
13
12
13
11
9
10
8
7
7
7
8
8
9
10
11
10
11
10
8
6
3
2
1
-1
-1
-3
-3
-3
-3
-4
-5
-6
-7
-8
-8
-8
-9
-10
-11
-11
-11
-13
-14
-17
-17
-17
-17
-15
-15
-13
-10
-10
-10
-10
-10
-10
-11
-10
-9
-8
-7
-5
-4
-3
-1
-2
-2
-2
-2
-2
-4
-3
-3
-2
-1
1
5
5
8
10
11
11
12
11
12
11
10
11
11
14
15
17
20
22
23
25
24
24
23
22
21
19
21
19
19
19
20
20
20
20
20
18
16
13
13
14
15
16
16
14
12
9
5
4
2
-1
-3
-6
-11
-14
-16
-18
-16
-16
-16
-17
-20
-21
-24
-28
-31
-33
-37
-40
-44
-47
-50
-51
-54
-57
-60
-64
-68
-70
-70
-70
-67
-61
-51
-40
-28
-19
-9
-1
7
15
22
25
28
29
31
32
35
40
46
51
55
58
59
57
54
51
46
41
35
29
23
19
15
14
15
16
17
16
14
13
11
9
9
10
9
8
7
4
2
1
2
1
4
5
7
8
10
14
18
23
27
29
30
28
26
22
21
21
23
24
25
26
27
30
31
34
34
29
22
11
-1
-13
-24
-33
-39
-44
-49
-53
-57
-66
-77
-88
-103
-126
-154
-178
-204
-230
-244
-243
-233
-213
-182
-137
-93
-55
-17
25
57
76
89
100
94
82
76
82
89
96
113
139
158
171
185
199
198
185
170
154
126
87
53
29
8
-5
-4
4
6
8
18
28
27
19
11
-1
-22
-48
-75
-104
-126
-136
-134
-135
-136
-130
-113
-101
-90
-71
-51
-41
-40
-38
-35
-40
-54
-65
-65
-61
-56
-43
-27
-9
9
37
70
92
109
129
145
149
143
142
144
140
132
132
133
129
121
126
144
155
152
143
127
103
73
42
0
-44
-80
-105
-127
-144
-149
-143
-132
-110
-79
-47
-25
-9
4
11
8
7
7
3
1
8
22
29
38
66
100
122
134
147
148
129
105
91
74
38
3
-23
-47
-75
-93
-99
-111
-128
-132
-128
-136
-152
-163
-172
-188
-197
-192
-197
-218
-243
-256
-273
-297
-311
-321
-339
-353
-349
-339
-339
-333
-298
-255
-231
-207
-166
-129
-106
-78
-35
-12
-1
32
76
108
146
207
269
327
386
438
465
481
497
511
521
521
507
488
471
455
442
427
403
379
354
319
278
241
195
151
129
115
99
91
76
35
0
0
-7
-42
-79
-79
-56
-38
-38
-18
24
47
58
106
157
151
136
155
151
93
42
41
39
6
-12
19
18
-74
-145
-132
-202
-456
-731
-927
-1184
-1513
-1730
-1831
-1983
-2117
-1976
-1576
-1192
-908
-567
-165
153
428
760
964
834
591
575
716
728
609
549
567
609
742
980
1125
1048
917
939
1006
887
593
307
75
-152
-291
-281
-302
-460
-512
-275
5
70
55
141
222
176
105
56
-110
-394
-555
-520
-535
-695
-787
-712
-612
-518
-344
-178
-154
-163
-44
101
87
-62
-199
-265
-307
-353
-407
-458
-479
-409
-223
38
274
442
604
814
1019
1141
1170
1143
1084
1027
984
939
850
738
692
743
802
804
785
781
759
693
589
436
236
22
-176
-351
-500
-640
-752
-788
-738
-653
-570
-493
-407
-297
-162
-39
51
122
184
250
328
390
395
375
395
454
475
438
395
364
288
156
48
-62
-324
-749
-1172
-1570
-2051
-2571
-2968
-3257
-3532
-3699
-3586
-3227
-2758
-2204
-1566
-956
-429
133
744
1173
1276
1238
1285
1405
1474
1489
1501
1505
1531
1687
1968
2178
2169
2024
1910
1824
1650
1344
923
420
-44
-320
-427
-555
-781
-931
-844
-630
-497
-446
-399
-393
-448
-456
-423
-503
-706
-856
-876
-839
-793
-730
-665
-584
-429
-173
78
190
203
280
455
597
618
588
576
575
565
564
582
598
619
698
865
1055
1220
1365
1519
1681
1821
1880
1833
1748
1675
1599
1512
1411
1261
1087
989
973
918
815
745
691
561
365
167
-50
-344
-650
-877
-1070
-1300
-1503
-1622
-1722
-1821
-1871
-1961
-2162
-2314
-2344
-2532
-3034
-3556
-3900
-4255
-4690
-4958
-5026
-5100
-5030
-4417
-3359
-2347
-1479
-509
526
1407
2205
3017
3517
3424
3160
3275
3574
3523
3175
2929
2838
2784
2840
2996
2992
2711
2366
2181
2058
1719
1110
449
-122
-580
-836
-952
-1200
-1575
-1704
-1453
-1100
-892
-807
-740
-629
-506
-468
-559
-737
-942
-1129
-1265
-1355
-1409
-1425
-1382
-1234
-937
-560
-253
-67
99
365
679
876
893
833
806
821
833
827
807
810
920
1179
1504
1765
1943
2120
2312
2446
2480
2412
2219
1921
1653
1526
1428
1192
875
691
669
633
477
312
238
177
19
-219
-485
-753
-1004
-1223
-1427
-1590
-1661
-1649
-1614
-1562
-1470
-1377
-1312
-1259
-1254
-1320
-1367
-1452
-1846
-2510
-3016
-3303
-3816
-4547
-4929
-4864
-4831
-4798
-4199
-3032
-1901
-970
94
1211
2013
2659
3440
3906
3594
3095
3188
3513
3311
2773
2548
2619
2599
2586
2797
2915
2553
2023
1848
1850
1490
770
42
-630
-1247
-1583
-1659
-1880
-2313
-2428
-1999
-1512
-1386
-1397
-1230
-977
-832
-771
-748
-869
-1146
-1382
-1426
-1379
-1394
-1458
-1421
-1159
-657
-72
363
615
892
1291
1655
1826
1827
1735
1601
1513
1515
1506
1425
1367
1425
1570
1762
1978
2152
2235
2277
2327
2342
2231
1966
1645
1387
1204
1000
758
578
528
520
437
314
286
316
222
-52
-373
-628
-810
-963
-1127
-1315
-1460
-1526
-1562
-1610
-1647
-1675
-1722
-1785
-1869
-1963
-1977
-1977
-2322
-3101
-3780
-4015
-4312
-5089
-5817
-5952
-5840
-5771
-5211
-3868
-2414
-1316
-171
1246
2509
3496
4472
5119
4864
4193
4148
4594
4476
3684
3142
3139
3119
2967
3078
3261
2954
2291
1904
1852
1628
988
108
-801
-1536
-1884
-1948
-2204
-2768
-3063
-2683
-2049
-1737
-1657
-1417
-1011
-679
-486
-374
-386
-554
-771
-898
-899
-869
-924
-1050
-1036
-690
-109
357
518
592
921
1474
1834
1782
1564
1453
1382
1198
974
876
871
818
791
1002
1411
1745
1897
1999
2125
2232
2295
2237
1995
1698
1516
1372
1100
816
769
893
850
583
377
355
301
66
-239
-480
-672
-906
-1226
-1528
-1653
-1652
-1714
-1815
-1806
-1728
-1677
-1632
-1637
-1766
-1844
-1766
-1909
-2598
-3383
-3724
-4001
-4840
-5816
-6093
-5886
-5895
-5782
-4741
-3016
-1455
-168
1156
2412
3514
4712
5725
5728
4839
4301
4583
4674
3891
2983
2693
2618
2307
2162
2431
2499
1967
1384
1283
1322
941
137
-797
-1702
-2301
-2370
-2402
-3014
-3647
-3316
-2358
-1862
-1829
-1494
-802
-286
-122
-19
177
214
-106
-475
-564
-552
-685
-884
-1047
-993
-484
208
515
543
877
1537
2019
2082
1913
1788
1772
1676
1398
1118
993
958
963
1121
1506
1954
2206
2237
2283
2477
2612
2427
1994
1629
1453
1279
938
547
326
286
248
115
21
33
7
-177
-410
-575
-683
-810
-1045
-1325
-1415
-1334
-1389
-1581
-1612
-1461
-1348
-1408
-1688
-2006
-2022
-1914
-2389
-3494
-4382
-4711
-5181
-6174
-7022
-7168
-7009
-6926
-6410
-4942
-2926
-1087
459
1965
3454
4934
6437
7350
6889
5711
5361
5762
5368
3917
2786
2564
2458
2058
1898
2179
2258
1732
1117
972
995
521
-558
-1808
-2711
-3012
-2958
-3167
-3741
-3942
-3190
-2023
-1359
-1161
-656
289
1001
1142
1144
1284
1199
637
12
-189
-163
-423
-998
-1349
-1064
-359
184
291
293
668
1356
1795
1675
1337
1229
1269
1093
719
519
621
773
847
1061
1565
2124
2438
2558
2743
2998
3019
2653
2156
1841
1681
1386
829
298
136
255
255
12
-252
-357
-387
-564
-912
-1149
-1192
-1396
-1819
-2018
-1826
-1602
-1591
-1687
-1750
-1610
-1338
-1371
-1764
-1939
-1792
-1974
-2881
-4039
-4584
-4850
-5688
-7020
-7898
-7610
-7064
-6754
-5757
-3687
-1116
1088
2894
4635
6192
7896
9457
9399
7702
6204
6015
5936
4422
2473
1587
1303
859
392
480
951
809
93
-346
-289
-173
-875
-2388
-3790
-4484
-4179
-3793
-4228
-4630
-3841
-2052
-721
-218
473
1676
2746
3138
3090
3014
2737
1894
748
-63
-415
-737
-1363
-2032
-2171
-1550
-668
-244
-307
-172
558
1378
1592
1267
1033
1110
1131
921
792
977
1257
1434
1739
2445
3321
3819
3777
3589
3637
3760
3482
2692
1814
1234
846
322
-309
-679
-622
-486
-629
-944
-1074
-983
-975
-1218
-1492
-1526
-1417
-1458
-1568
-1363
-910
-736
-997
-1257
-1192
-1046
-1230
-1739
-2158
-2277
-2623
-3750
-5131
-5909
-6380
-7484
-9039
-9729
-9228
-8406
-7382
-5552
-2788
451
3496
5996
7875
9462
11443
12863
11935
9343
7353
6682
5854
3610
1130
-180
-796
-1434
-1874
-1436
-512
-598
-1631
-2176
-1836
-1511
-2356
-4195
-5618
-5773
-4811
-3980
-4122
-3934
-2206
322
2245
3166
4089
5416
6172
5903
5035
4114
3125
1458
-611
-2034
-2660
-3144
-3978
-4763
-4530
-3207
-1852
-1278
-1154
-562
642
1641
1854
1620
1604
1888
2078
2147
2488
3193
3794
3967
4109
4759
5654
5920
5247
4339
3867
3486
2398
645
-819
-1411
-1644
-2241
-3036
-3288
-2789
-2160
-1941
-1925
-1636
-1095
-697
-604
-538
-270
-1
10
-65
159
536
491
-131
-877
-1299
-1617
-2399
-3502
-4349
-5078
-6245
-7757
-8982
-9884
-11048
-12152
-12248
-11261
-9586
-7349
-4403
-402
4408
8924
12193
14011
14945
15599
15408
13239
9639
6676
4942
2922
-96
-2806
-4155
-4718
-5172
-5107
-4103
-2999
-2859
-3337
-3427
-3020
-2738
-3214
-4371
-5176
-4606
-2863
-1343
-627
590
3104
5891
7748
8427
8635
8721
7883
5938
3744
1606
-781
-3556
-6056
-7389
-7740
-7809
-7784
-7376
-6010
-3619
-1262
31
643
1706
3300
4410
4551
4284
4310
4737
5160
5349
5586
6015
6153
5635
4990
4730
4246
2753
722
-815
-1729
-2637
-3792
-4819
-5175
-4621
-3660
-3061
-2765
-1935
-430
891
1534
1890
2358
2836
3080
3099
3091
3045
2634
1752
867
265
-426
-1666
-3324
-4756
-5649
-6425
-7418
-8472
-9464
-10312
-10729
-10732
-11119
-12335
-13087
-11862
-9165
-6364
-3580
154
5496
11356
15363
16575
16136
15533
15442
14667
11388
6470
2377
-353
-2914
-5898
-8180
-8833
-8875
-8902
-7888
-5565
-3278
-2236
-2059
-1508
-208
907
665
-519
-948
82
1964
3574
4259
4995
6600
8183
8761
8166
6798
4958
2218
-1240
-4282
-6635
-8949
-11290
-12571
-11886
-9855
-7685
-5710
-3415
-325
3099
5576
6472
6670
7332
8260
8405
7620
6686
6057
5524
4831
4058
3403
2688
1411
-342
-1629
-2140
-2928
-4538
-5839
-5717
-4524
-3274
-2415
-1515
136
2358
4012
4559
4613
4735
4710
4243
3529
2918
2334
1424
387
-171
-226
-547
-1639
-3066
-4073
-4516
-5111
-6502
-8059
-8714
-8421
-7877
-7661
-7657
-7308
-6427
-5410
-5298
-6514
-7353
-6187
-3605
-1053
979
3699
8267
13180
15990
16202
14997
13882
12983
10583
5559
-507
-5068
-7832
-10202
-12208
-12510
-10982
-9036
-7243
-4489
-323
3485
5000
4662
4517
5360
5817
4456
1923
357
879
2433
3361
3452
3738
4638
5147
4222
2200
-105
-2831
-6361
-9858
-11877
-12365
-12388
-12021
-10170
-6228
-1317
2740
5501
7759
10147
12040
11924
9619
6604
4462
3561
2642
1611
1468
1488
1533
2122
2491
2533
1415
-1478
-3550
-3977
-4477
-5186
-5805
-5333
-2610
909
3567
5567
7418
9006
9619
8832
6773
3934
1143
-1190
-3109
-4362
-4815
-4727
-4347
-3593
-2261
-889
-490
-1269
-2372
-3055
-3704
-5016
-6592
-7400
-7096
-6225
-5227
-4052
-2947
-2264
-1846
-1810
-3070
-6174
-9421
-10012
-7928
-5481
-3541
-514
5492
12739
16860
16938
15423
14196
13241
10125
3628
-3250
-7630
-10008
-11920
-12966
-11456
-7892
-4624
-1997
1488
5822
8590
7886
5194
3550
3544
2957
285
-2832
-3605
-1486
1428
3123
3830
4810
5799
5145
2319
-1362
-4718
-8076
-11813
-14459
-14178
-11615
-8879
-6314
-2420
3142
8380
11202
11520
10984
10884
10095
6878
2360
-905
-1973
-1734
-1647
-1517
151
2703
4084
4014
3171
2279
1389
-970
-4132
-5151
-4280
-3361
-2321
-690
2223
5908
7758
7433
6939
6636
5562
2906
-834
-3436
-3955
-4105
-4760
-4664
-3133
-958
563
730
663
1065
431
-1471
-3402
-4764
-5159
-5409
-6118
-5855
-4342
-2660
-1488
-1325
-1496
-1654
-2921
-5316
-8616
-12614
-15009
-14108
-10545
-5537
-606
4720
11887
17711
18861
17073
14063
10718
8037
4148
-2113
-8214
-11544
-11844
-10982
-9742
-6725
-2508
721
2690
4477
6347
6708
4251
660
-1234
-902
-238
-625
-882
904
4495
7532
8085
6590
4536
2234
-1053
-5386
-9567
-12411
-13771
-13788
-12020
-8195
-3305
1028
4300
7331
10486
12413
11540
8416
5399
3780
2478
204
-2214
-2852
-1459
254
1003
1217
1646
1891
1217
-87
-1135
-1764
-2473
-3128
-2753
-910
1404
2895
3529
4239
5233
5473
4135
1922
230
-535
-1112
-1932
-2441
-2054
-1114
-328
176
628
851
387
-700
-1705
-2262
-2826
-3740
-4418
-4037
-2817
-1869
-1709
-1727
-1264
-713
-1109
-2227
-3197
-4177
-5396
-6752
-8146
-9820
-11660
-12209
-9559
-3953
2005
6177
9791
14777
17792
17271
14390
9310
5413
3118
-501
-5903
-10377
-11159
-9390
-7341
-5583
-3031
-140
1703
2552
3168
4356
4769
2768
-48
-363
2195
4444
4546
4145
5100
6597
6522
3913
-194
-3912
-6552
-9049
-11797
-13263
-12386
-10273
-7852
-4326
441
4554
6640
7585
8640
9453
8733
6176
3223
1619
1437
1292
390
-539
-494
312
707
171
-569
-883
-1142
-1694
-1853
-915
566
1577
2220
3330
4679
4924
3631
2107
1561
1434
470
-1209
-2139
-1493
-127
697
801
892
1253
1306
558
-601
-1368
-1652
-1960
-2395
-2440
-1830
-1266
-1385
-1787
-1762
-1547
-1816
-2536
-3293
-3914
-4497
-4870
-4940
-4687
-4660
-5005
-5476
-6952
-9442
-11594
-10553
-5374
904
5065
8333
13805
17895
17944
15053
9405
4359
1814
-1206
-6745
-11970
-13364
-11094
-7780
-5269
-2365
1328
3904
4499
4312
4851
5461
3935
762
-230
2417
5421
5580
4064
3784
4838
4859
2039
-2817
-6997
-9018
-10072
-11364
-11771
-9842
-6387
-3079
135
4147
7968
9271
7924
6405
6011
5414
3438
864
-663
-200
1373
1850
514
-745
-484
68
-684
-2074
-2364
-1334
-231
427
1457
3161
4396
4339
3714
3374
2833
1266
-841
-2031
-1685
-705
-229
-226
275
1627
2814
2549
988
-466
-1087
-1673
-2949
-3979
-3418
-1652
-218
423
944
1451
1224
27
-1557
-2917
-3842
-4631
-5364
-5461
-4778
-3871
-3096
-2366
-1885
-2298
-3478
-5441
-9107
-13066
-13699
-9271
-1996
3822
7908
13278
18164
19005
16206
10559
3608
-1311
-4171
-7521
-11300
-12938
-10689
-5915
-1506
1613
4058
5426
4999
3645
3010
3200
2452
223
-938
1258
5304
7585
6640
4400
3125
2302
-203
-4851
-9538
-11727
-11067
-9437
-8148
-6152
-2459
1459
3964
5719
7438
7738
5569
2635
1197
1210
1142
363
-160
857
3092
4166
2365
-832
-2682
-2722
-2559
-2965
-2964
-1448
1290
3860
5308
5735
5413
4212
2234
191
-1230
-1965
-2301
-2168
-1091
904
2765
3365
2798
2082
1546
384
-1831
-3884
-4179
-2840
-1406
-679
0
1197
2335
2376
1264
-162
-1290
-2230
-3261
-4078
-4335
-3844
-2927
-2030
-1346
-790
-818
-1975
-3358
-4844
-6219
-7516
-9241
-11574
-13432
-10603
-3000
4870
9575
12256
15719
17706
16247
11219
3607
-2668
-5456
-6640
-8454
-10016
-8859
-4807
-426
2585
4155
4387
3472
1594
94
438
1576
1610
1296
2961
6510
9088
8465
5106
1087
-2064
-4352
-6625
-9309
-11393
-10862
-7331
-3165
-530
908
2158
3221
3965
4315
3577
1555
-116
298
2288
3769
3629
2703
2345
2593
2048
-225
-3314
-5383
-5381
-3535
-932
1218
2723
4381
6251
7003
5733
3228
786
-944
-1717
-1600
-1151
-647
337
1885
3173
3419
2478
714
-1036
-1944
-2108
-2209
-2322
-1865
-561
1062
2026
1811
896
91
-493
-1225
-2067
-2511
-2261
-1585
-983
-705
-787
-1260
-2072
-3062
-4120
-5047
-5431
-5188
-4697
-4146
-3551
-3484
-4868
-7574
-9443
-7809
-2783
2535
6137
9096
12440
14854
14229
9861
3379
-2159
-5260
-7115
-8619
-8648
-6440
-2997
615
3952
6072
5816
3398
673
-316
823
2336
2639
2805
4664
7183
7744
5826
2642
-942
-4172
-6375
-7734
-8452
-8089
-6557
-4215
-1328
1252
2141
1182
-241
-830
-463
110
371
859
2416
4657
6060
5576
3641
1608
354
-463
-1694
-3417
-4688
-4370
-2117
1359
4754
6858
7164
6104
4595
3082
1278
-823
-2199
-1799
4
1701
2304
2147
1938
1754
1260
342
-852
-2037
-2673
-2255
-928
566
1475
1601
1237
666
-203
-1407
-2501
-2903
-2168
-350
1474
1896
1051
87
-833
-2092
-3560
-4935
-6102
-6535
-5841
-4376
-3060
-2171
-1657
-2233
-3503
-5122
-7707
-12268
-17212
-16754
-8901
2289
10256
12758
14990
17829
17331
11810
2311
-5436
-7972
-8006
-7570
-6033
-2745
898
3207
4080
4690
4499
1330
-3475
-5787
-3362
1482
4566
5407
6626
8874
9627
6863
1644
-3577
-7531
-9708
-9447
-7001
-4152
-2567
-1692
-22
1995
2020
-868
-4255
-4904
-2425
772
2829
4253
6125
7806
7634
5256
1997
-869
-3076
-4472
-4523
-3235
-1640
-443
1059
3558
5878
5959
3643
1069
31
174
311
315
849
1911
2739
2842
2347
1380
-136
-1858
-2832
-2417
-1122
-39
443
857
1541
1900
1123
-600
-2149
-2601
-1999
-1011
-180
372
825
1360
1786
1517
222
-1637
-3196
-3916
-3947
-3697
-3191
-2397
-1609
-1219
-1349
-1883
-2763
-3952
-5429
-6886
-7756
-8949
-11894
-14295
-11167
-1638
8164
12122
12156
13308
14986
13132
6223
-2160
-6207
-5221
-3428
-2806
-1708
1003
3210
2383
58
-731
-612
-2300
-5127
-4517
1351
7929
10551
10150
9639
8641
5254
244
-3914
-6326
-7664
-7948
-6304
-3130
-770
-936
-2729
-4075
-4216
-4058
-4426
-4477
-2533
1472
5625
8159
8854
8190
6347
3469
524
-1030
-1149
-1458
-2397
-2190
-239
1198
507
-713
-312
1306
2249
2092
2126
3020
3808
3642
3056
2608
1752
142
-1135
-942
173
802
552
164
237
445
8
-1183
-2302
-2611
-2164
-1307
-272
768
1661
2136
1751
530
-705
-1278
-1372
-1369
-1175
-611
52
286
-220
-1256
-2283
-3030
-3591
-3889
-3747
-3510
-3596
-3605
-3195
-3311
-4747
-6601
-8357
-11377
-15033
-14473
-6727
3849
10627
12586
13466
14972
14193
8247
-275
-5265
-4537
-1855
-807
-494
1218
3286
2747
-648
-3742
-4467
-4242
-4231
-2464
2533
8132
10776
10577
9674
7934
3718
-2073
-5895
-5892
-4003
-2999
-3030
-2620
-1889
-2408
-4440
-6611
-7833
-7844
-6510
-3769
149
4454
7595
8512
7945
7213
6034
3306
-208
-1964
-834
1260
1900
953
-339
-1539
-2635
-2787
-1403
446
1477
2203
3751
5456
5607
4159
2703
2018
1468
781
663
1374
2058
1856
753
-836
-2542
-4038
-4994
-5081
-3984
-1815
545
2093
2772
3129
3052
1827
-409
-2267
-2591
-1578
-106
1357
2667
3406
3006
1393
-820
-2781
-4001
-4481
-4343
-3592
-2394
-1320
-1089
-1880
-3033
-3855
-4708
-6288
-7943
-8531
-9255
-12276
-15267
-12026
-1520
8738
12338
11890
12885
14459
11604
3948
-2653
-3413
-243
1745
1157
573
1093
606
-2069
-4786
-5253
-4107
-2827
-584
4018
9184
11252
9481
6719
5071
3499
468
-2935
-4257
-3153
-1737
-1639
-2595
-3928
-5487
-6827
-7206
-6722
-6080
-5144
-3003
447
4112
6637
7297
6424
5090
3979
2970
2022
1535
1629
1765
1219
-251
-2096
-3469
-3907
-3304
-1719
421
2627
4715
6200
6199
4716
3052
2187
1829
1404
987
857
825
423
-516
-1844
-3302
-4394
-4467
-3362
-1688
-140
1087
1923
2124
1789
1383
838
-293
-1495
-1493
-97
1435
2140
2423
2909
2967
1463
-1202
-3159
-3403
-2638
-1810
-1218
-978
-1208
-1742
-2245
-2739
-3685
-4941
-5455
-4991
-4834
-5466
-6136
-7654
-11561
-15121
-12454
-2829
7163
12010
13209
14289
14335
10197
2609
-3519
-4517
-1559
1570
2773
2611
1976
687
-1563
-4061
-5503
-5314
-3706
-454
4646
9565
10998
8429
4753
2434
1135
-627
-2860
-3786
-2299
135
1181
172
-2141
-4816
-6858
-7670
-7536
-6780
-5157
-2517
638
3381
4831
4763
3865
3106
2907
2873
2432
1834
1831
2223
1957
753
-717
-1950
-2574
-1929
115
2515
4033
4420
4263
3787
2603
871
-329
-379
161
614
837
800
446
-174
-987
-1815
-2332
-2314
-1684
-448
1004
1905
1918
1440
925
409
-200
-702
-731
-186
570
1004
914
531
140
-185
-504
-838
-1065
-905
-268
330
217
-593
-1522
-2201
-2665
-3007
-3315
-3589
-3571
-3302
-3596
-4992
-6914
-9081
-12195
-15206
-14036
-6304
4242
11452
13686
13622
12532
8877
2568
-3038
-4409
-1324
3352
6277
6005
3435
227
-2689
-4959
-6171
-5985
-4321
-1135
3292
7625
9651
7977
3693
-212
-1635
-1091
-209
586
1831
3205
3384
1543
-1916
-5806
-8676
-9482
-8349
-6317
-4145
-1899
297
1840
2227
1753
1139
948
1559
3067
4808
5747
5547
4644
3403
1860
119
-1469
-2344
-1968
-338
1697
2984
2960
1995
819
-195
-931
-1127
-588
477
1705
2779
3236
2729
1608
559
-355
-1455
-2407
-2377
-1183
416
1448
1458
776
106
-335
-821
-1336
-1453
-993
-340
-31
-160
-253
95
682
1111
1290
1294
1132
815
330
-398
-1357
-2417
-3354
-3814
-3595
-3103
-3003
-3413
-4089
-5062
-6182
-7108
-8580
-11496
-13771
-11308
-3417
5638
11237
12538
11702
10198
7206
2314
-1958
-2312
1575
6395
7835
4629
-123
-3146
-4623
-5627
-5492
-3871
-1689
864
4145
7130
7821
5252
834
-2257
-2067
179
2242
3549
4500
4800
3686
904
-2951
-6530
-8326
-7764
-5795
-4092
-3514
-3480
-2882
-1589
-612
-609
-941
-471
1411
4370
6912
7567
6568
5078
3346
1327
-297
-1165
-1500
-934
713
2065
1618
-134
-1358
-1316
-876
-659
-212
747
1784
2718
3600
3704
2609
1403
824
385
-171
-490
-223
214
242
-10
-768
-1936
-2563
-2620
-2055
-659
302
323
258
418
893
1218
731
89
72
438
586
222
-277
-454
-393
-545
-1236
-2042
-2172
-1596
-1103
-1314
-2036
-2791
-3605
-4629
-5498
-5938
-6562
-8001
-9130
-7689
-3237
1973
5610
7280
7499
6290
3607
242
-2128
-1603
2245
6784
8056
5199
1386
-495
-946
-1680
-2667
-2852
-2054
-772
843
2512
3247
2573
1485
989
777
416
439
1276
2435
3273
3438
2539
419
-2163
-3838
-4008
-3562
-3634
-3910
-3204
-1373
401
1103
689
-196
-757
-555
173
913
1522
2191
2796
2806
1913
457
-836
-1298
-744
256
835
809
809
1130
1158
471
-236
-104
625
1167
1434
1824
2230
2165
1591
879
156
-656
-1200
-881
129
972
1276
1400
1528
1575
1506
1172
386
-570
-1201
-1430
-1496
-1516
-1409
-1078
-714
-787
-1395
-1932
-1844
-1296
-708
-230
151
428
611
734
816
853
701
207
-212
-127
-254
-1325
-2483
-2653
-2495
-3235
-4382
-4944
-5519
-6367
-5804
-2874
549
1736
447
-1091
-1500
-1044
92
1430
1643
500
-386
40
824
883
666
1045
1840
2314
2426
2538
2459
2139
2469
3678
4344
3487
2091
1434
1455
1545
1545
1469
1211
796
429
87
-508
-1181
-1181
-356
369
228
-394
-784
-845
-695
-212
425
548
-68
-819
-1291
-1839
-2606
-2857
-2009
-760
-244
-436
-414
91
570
771
762
473
113
235
906
1509
1512
902
85
-416
-395
-75
329
851
1473
1990
2187
1954
1345
693
469
769
1086
870
218
-194
52
611
887
766
481
157
-139
-313
-506
-863
-1050
-711
-175
37
-76
-263
-481
-688
-751
-791
-1098
-1586
-1995
-2507
-3298
-3752
-3304
-2674
-2840
-3471
-3895
-4528
-5453
-5005
-2188
896
1524
-41
-1644
-2303
-2133
-1003
737
1706
1217
413
563
1296
1523
1262
1367
2020
2648
3030
3362
3540
3513
3867
4787
5130
3967
2235
1389
1439
1597
1628
1538
1063
270
-360
-703
-1112
-1591
-1578
-852
-122
-193
-928
-1552
-1717
-1583
-1238
-852
-945
-1574
-1936
-1576
-1124
-1095
-1128
-881
-580
-438
-409
-372
-193
198
616
727
443
120
314
1186
2129
2325
1663
846
576
821
1070
1112
1155
1288
1363
1345
1294
1094
683
441
755
1315
1414
954
536
504
585
547
432
161
-318
-643
-532
-363
-597
-1028
-1072
-640
-294
-486
-928
-1111
-1132
-1318
-1495
-1457
-1558
-1950
-2026
-1528
-1226
-1557
-1913
-2029
-2575
-3650
-4398
-4589
-4774
-4542
-2771
-5
1467
550
-1387
-2635
-2811
-2038
-491
873
1024
596
1168
2791
3891
3632
2836
2471
2600
2948
3385
3662
3621
3693
4293
4743
3939
2059
509
105
377
669
881
967
703
193
-190
-511
-1194
-2201
-2836
-2641
-1946
-1288
-797
-427
-270
-358
-633
-1181
-1915
-2227
-1687
-788
-269
-136
3
165
157
5
-194
-448
-644
-524
-20
650
1241
1634
1798
1650
1091
337
-99
94
751
1554
2219
2396
1924
1209
874
1063
1358
1411
1304
1206
1061
778
374
-108
-543
-646
-371
-100
-113
-216
-132
12
-157
-703
-1242
-1413
-1232
-836
-282
163
113
-325
-571
-421
-415
-1027
-1808
-1950
-1642
-1833
-2580
-3042
-3087
-3323
-3679
-3638
-3537
-3998
-4430
-3605
-1723
-501
-964
-2209
-2779
-2121
-428
1681
3077
2987
2145
1928
2563
3062
2735
1974
1588
1896
2703
3612
4112
3947
3586
3620
3674
2922
1475
322
96
594
1198
1302
667
-335
-989
-1007
-937
-1411
-2126
-2165
-1273
-178
356
150
-615
-1587
-2223
-2207
-1857
-1655
-1450
-742
287
800
409
-333
-747
-748
-565
-313
-76
100
416
1029
1529
1374
687
91
-106
3
383
1071
1862
2418
2590
2437
2029
1433
829
542
754
1191
1369
1222
1092
1072
865
364
-153
-448
-517
-394
-166
-114
-382
-642
-500
-151
-107
-366
-403
22
531
705
485
-66
-824
-1441
-1583
-1368
-1221
-1384
-1691
-1835
-1839
-2135
-2845
-3360
-3216
-2950
-3176
-3569
-3790
-4278
-4888
-4270
-2012
257
933
142
-1025
-1526
-806
713
1876
1952
1339
1063
1671
2637
3119
3029
2806
2695
2779
3085
3347
3260
2991
2887
2812
2232
1073
25
-284
23
571
1189
1522
1268
829
671
510
-26
-759
-1289
-1295
-824
-499
-764
-1321
-1857
-2295
-2394
-2175
-2035
-1876
-1300
-547
-66
111
-37
-474
-789
-739
-528
-279
98
642
1189
1431
1305
1148
1028
681
367
525
828
871
920
1167
1373
1450
1415
1199
982
1002
1092
979
657
250
-52
-67
89
177
221
368
565
643
532
335
240
300
366
281
43
-230
-373
-313
-188
-271
-644
-1049
-1195
-1188
-1324
-1593
-1800
-2023
-2363
-2474
-2121
-1816
-2035
-2336
-2216
-2124
-2588
-3178
-3434
-3735
-4126
-3659
-1959
-282
38
-744
-1418
-1255
-236
1304
2594
2769
2012
1587
2127
2793
2699
2094
1646
1607
2007
2749
3270
2996
2184
1657
1598
1377
737
318
654
1468
2223
2596
2346
1442
356
-344
-632
-905
-1325
-1546
-1252
-735
-567
-881
-1366
-1744
-1881
-1760
-1562
-1439
-1241
-794
-282
-55
-185
-452
-630
-657
-517
-195
236
614
843
898
726
323
-76
-128
247
769
1115
1240
1316
1471
1667
1743
1598
1267
908
717
765
921
1006
969
874
797
775
761
643
420
273
302
378
363
248
68
-142
-297
-363
-442
-631
-861
-984
-974
-980
-1188
-1550
-1844
-1984
-1987
-1746
-1285
-984
-981
-874
-582
-744
-1608
-2423
-2584
-2481
-2624
-2891
-3156
-3633
-4080
-3640
-2112
-506
139
-159
-711
-897
-332
928
2065
2193
1488
1000
1247
1812
2170
2263
2282
2411
2705
3015
3060
2730
2291
2103
2100
1871
1349
943
898
1047
1195
1242
1027
510
-4
-189
-159
-348
-860
-1252
-1146
-749
-538
-646
-846
-925
-845
-699
-680
-908
-1225
-1358
-1250
-1028
-761
-507
-387
-415
-421
-326
-240
-172
85
593
1038
1078
790
569
676
1009
1246
1161
924
919
1193
1369
1188
844
620
567
647
867
1150
1296
1228
1105
1029
871
549
285
310
513
584
379
19
-291
-454
-583
-844
-1206
-1462
-1492
-1339
-1087
-861
-834
-1009
-1172
-1177
-1102
-1053
-1072
-1178
-1271
-1170
-1003
-1127
-1473
-1549
-1376
-1592
-2358
-3108
-3630
-4213
-4528
-3686
-1811
-266
20
-521
-1042
-1091
-483
661
1677
1939
1673
1656
2146
2639
2646
2265
1896
1753
1873
2261
2721
2891
2747
2598
2440
1915
1052
390
253
503
909
1302
1434
1127
547
33
-335
-710
-1061
-1100
-743
-316
-176
-337
-646
-1022
-1353
-1505
-1525
-1572
-1622
-1531
-1286
-991
-694
-459
-345
-260
-53
193
294
301
462
826
1149
1167
870
549
524
798
1093
1213
1211
1217
1240
1189
1012
771
618
680
953
1310
1567
1544
1217
741
315
21
-160
-228
-105
216
505
463
131
-172
-346
-578
-895
-1116
-1180
-1111
-859
-523
-469
-840
-1276
-1421
-1317
-1122
-910
-822
-945
-1035
-908
-912
-1487
-2343
-2762
-2646
-2533
-2673
-2898
-3260
-3822
-3936
-2901
-1256
-331
-570
-1204
-1399
-862
324
1669
2324
1973
1362
1397
2041
2535
2458
2092
1926
2143
2622
3092
3238
2986
2610
2309
1961
1462
1013
836
953
1222
1378
1159
624
126
-97
-144
-244
-478
-698
-694
-452
-283
-523
-1186
-1939
-2341
-2159
-1615
-1177
-1000
-840
-611
-564
-783
-964
-855
-520
-137
190
407
566
781
1036
1180
1120
872
536
313
423
844
1262
1360
1121
825
715
755
767
694
621
662
827
975
953
798
688
682
670
579
478
466
531
543
360
-21
-418
-678
-797
-815
-742
-652
-634
-612
-469
-370
-578
-1006
-1308
-1331
-1180
-1014
-988
-1197
-1508
-1644
-1511
-1370
-1499
-1795
-1943
-1963
-2162
-2551
-2879
-3208
-3713
-3944
-3200
-1681
-426
-32
-172
-338
-267
218
1056
1706
1705
1364
1418
2037
2694
2939
2829
2597
2400
2375
2538
2617
2386
2037
1866
1795
1582
1240
976
893
992
1203
1302
1028
440
-105
-396
-579
-857
-1141
-1188
-1041
-992
-1165
-1435
-1669
-1704
-1423
-989
-731
-707
-729
-636
-417
-184
-67
-53
5
138
278
396
497
585
706
834
796
484
102
-33
107
270
317
335
408
579
902
1286
1481
1426
1314
1251
1185
1106
1004
802
545
418
464
527
507
463
424
319
92
-162
-325
-392
-443
-499
-533
-588
-695
-731
-576
-388
-450
-771
-1102
-1276
-1286
-1146
-962
-975
-1277
-1609
-1713
-1762
-2003
-2245
-2242
-2251
-2537
-2898
-3180
-3611
-4061
-3773
-2396
-712
193
95
-361
-505
-62
912
1943
2308
1826
1264
1380
2014
2502
2572
2400
2194
2095
2239
2576
2810
2736
2458
2128
1723
1235
862
778
920
1081
1053
737
262
-115
-278
-374
-602
-957
-1208
-1158
-888
-718
-861
-1195
-1388
-1225
-819
-478
-410
-542
-649
-575
-359
-156
-70
-71
-73
-41
-40
-115
-181
-79
228
558
657
482
270
296
577
844
873
716
590
628
787
973
1118
1179
1160
1131
1148
1118
916
615
436
457
527
454
239
90
170
337
341
141
-147
-428
-598
-599
-553
-621
-769
-842
-779
-690
-731
-925
-1143
-1262
-1263
-1261
-1433
-1788
-2050
-2029
-1920
-1983
-2160
-2324
-2535
-2780
-2888
-2926
-3148
-3318
-2766
-1425
-193
134
-283
-703
-575
217
1350
2129
2061
1512
1335
1806
2422
2678
2551
2251
1985
1955
2195
2470
2567
2528
2427
2168
1689
1147
798
770
978
1167
1062
650
215
32
53
-34
-433
-956
-1200
-1028
-736
-686
-899
-1143
-1229
-1115
-870
-666
-667
-819
-870
-688
-460
-432
-540
-507
-258
5
126
195
326
490
564
493
324
174
130
230
459
713
847
829
814
954
1164
1226
1092
931
863
840
813
812
836
845
824
777
654
436
207
129
265
407
288
-55
-312
-328
-242
-233
-351
-555
-760
-871
-901
-962
-1118
-1319
-1461
-1490
-1455
-1480
-1616
-1743
-1745
-1709
-1797
-1991
-2165
-2303
-2454
-2570
-2620
-2732
-2929
-2842
-2110
-987
-169
-38
-366
-624
-381
424
1388
1967
1970
1692
1566
1758
2077
2216
2097
1937
1965
2170
2392
2536
2600
2541
2277
1801
1262
887
842
1115
1494
1646
1348
698
26
-401
-552
-563
-559
-557
-533
-538
-641
-817
-979
-1091
-1127
-1064
-954
-861
-748
-521
-225
-43
-116
-366
-588
-646
-503
-205
118
298
277
161
73
77
194
399
603
717
727
703
731
812
861
803
678
576
536
596
780
984
1007
800
546
402
343
266
183
188
290
383
412
385
253
-40
-388
-630
-752
-808
-775
-646
-547
-628
-877
-1164
-1388
-1509
-1510
-1452
-1461
-1551
-1589
-1532
-1526
-1676
-1878
-2009
-2103
-2238
-2414
-2625
-2904
-3086
-2785
-1875
-814
-221
-248
-541
-638
-260
546
1386
1782
1647
1350
1285
1514
1848
2098
2228
2326
2476
2654
2745
2699
2568
2419
2224
1910
1505
1162
1036
1151
1340
1349
1015
427
-143
-457
-477
-348
-261
-299
-408
-539
-724
-927
-1026
-986
-927
-903
-835
-706
-594
-527
-509
-599
-811
-1021
-1048
-830
-452
-36
329
586
660
535
322
190
263
538
880
1104
1128
1017
876
754
665
623
616
587
545
578
706
789
714
548
407
316
274
277
273
219
148
110
74
-27
-202
-375
-458
-440
-402
-415
-468
-542
-687
-923
-1153
-1292
-1376
-1440
-1402
-1275
-1272
-1533
-1884
-2106
-2225
-2362
-2500
-2592
-2708
-2857
-2867
-2564
-1982
-1312
-764
-487
-488
-576
-454
11
629
1108
1364
1523
1665
1763
1834
1933
2070
2213
2358
2489
2534
2456
2332
2257
2192
2040
1814
1612
1500
1475
1476
1382
1108
724
390
201
132
79
-44
-231
-380
-426
-400
-385
-438
-563
-721
-858
-954
-1041
-1136
-1174
-1106
-988
-917
-899
-845
-694
-455
-189
40
174
230
258
299
342
377
401
429
510
652
778
818
782
717
637
558
515
528
589
671
723
698
593
468
383
341
316
280
218
118
-37
-231
-398
-465
-438
-419
-490
-616
-735
-831
-908
-963
-1032
-1154
-1318
-1490
-1676
-1869
-2000
-2035
-2031
-2086
-2248
-2504
-2799
-3038
-3092
-2860
-2374
-1814
-1377
-1111
-897
-600
-196
259
684
1001
1176
1266
1381
1583
1844
2083
2247
2360
2470
2568
2613
2618
2607
2549
2416
2226
1989
1705
1438
1287
1254
1238
1170
1052
878
646
413
244
99
-75
-213
-238
-215
-276
-444
-648
-823
-938
-985
-984
-987
-1020
-1051
-1060
-1075
-1109
-1108
-1008
-840
-682
-521
-304
-63
117
222
287
312
303
319
379
469
597
769
933
1008
974
879
788
748
772
828
870
876
842
750
597
429
297
211
141
88
56
14
-74
-210
-388
-604
-838
-1047
-1190
-1254
-1239
-1186
-1171
-1248
-1410
-1619
-1838
-2011
-2093
-2119
-2176
-2296
-2447
-2602
-2724
-2706
-2445
-2004
-1559
-1235
-1003
-773
-474
-93
315
658
873
1007
1191
1459
1721
1885
1961
1984
1974
1995
2108
2258
2348
2374
2372
2309
2164
1993
1862
1761
1668
1578
1455
1241
958
691
483
317
189
108
51
-6
-81
-192
-350
-520
-661
-781
-903
-1018
-1082
-1065
-974
-866
-817
-840
-868
-862
-847
-847
-818
-715
-552
-373
-229
-152
-117
-48
115
325
474
518
542
630
787
944
1031
1036
982
934
931
962
991
986
928
830
735
686
639
498
243
-14
-184
-281
-358
-453
-634
-930
-1232
-1384
-1402
-1442
-1569
-1722
-1855
-1972
-2042
-2052
-2064
-2152
-2291
-2423
-2559
-2724
-2829
-2717
-2353
-1885
-1508
-1298
-1171
-959
-546
25
601
1002
1135
1101
1147
1404
1781
2103
2287
2332
2285
2236
2262
2334
2374
2346
2280
2185
2042
1870
1741
1673
1606
1508
1389
1260
1112
950
785
595
369
156
-8
-146
-299
-465
-625
-760
-884
-1004
-1112
-1155
-1096
-979
-896
-890
-939
-998
-1008
-936
-801
-651
-510
-352
-179
-69
-67
-119
-126
-53
80
247
427
580
686
765
843
917
969
1018
1073
1115
1128
1127
1107
1040
920
785
637
442
221
60
-3
-32
-140
-385
-731
-1037
-1185
-1189
-1189
-1296
-1521
-1799
-2053
-2207
-2265
-2311
-2429
-2598
-2753
-2884
-3014
-3073
-2945
-2613
-2200
-1861
-1677
-1588
-1438
-1074
-491
150
646
928
1072
1199
1393
1661
1954
2203
2366
2460
2538
2637
2747
2831
2830
2697
2460
2224
2078
2033
2036
2021
1908
1664
1332
1013
791
675
615
531
388
202
-28
-315
-618
-866
-1036
-1142
-1177
-1148
-1120
-1146
-1204
-1252
-1282
-1317
-1327
-1268
-1144
-988
-809
-634
-498
-409
-308
-174
-41
67
169
292
440
591
713
782
805
827
899
1019
1164
1289
1358
1353
1294
1228
1173
1082
908
685
503
402
345
248
39
-285
-623
-850
-937
-961
-1032
-1214
-1497
-1811
-2078
-2255
-2343
-2382
-2427
-2536
-2718
-2918
-3050
-3038
-2852
-2525
-2177
-1944
-1866
-1839
-1695
-1355
-857
-308
169
500
713
920
1209
1593
2032
2431
2686
2754
2687
2602
2578
2624
2684
2694
2620
2479
2339
2274
2285
2304
2234
2039
1749
1440
1169
951
771
602
427
240
38
-173
-382
-576
-754
-920
-1069
-1192
-1270
-1306
-1336
-1394
-1495
-1615
-1698
-1694
-1566
-1346
-1113
-943
-847
-790
-735
-638
-474
-248
2
249
475
648
757
821
865
911
961
1016
1069
1113
1151
1168
1142
1055
914
758
631
567
567
596
581
451
193
-136
-472
-736
-897
-989
-1091
-1256
-1487
-1740
-1957
-2095
-2185
-2310
-2501
-2697
-2831
-2866
-2785
-2602
-2368
-2156
-1997
-1874
-1735
-1533
-1225
-826
-406
-56
188
364
547
773
1037
1310
1560
1773
1961
2148
2346
2536
2679
2738
2693
2581
2473
2433
2463
2500
2464
2325
2101
1838
1576
1344
1147
980
816
647
462
258
38
-190
-430
-674
-900
-1081
-1194
-1225
-1190
-1152
-1179
-1272
-1375
-1431
-1410
-1315
-1192
-1093
-1031
-983
-913
-809
-676
-527
-370
-209
-51
113
305
521
727
882
962
985
997
1028
1064
1087
1070
993
896
863
910
963
917
724
417
100
-93
-117
-58
-84
-302
-673
-1063
-1364
-1548
-1655
-1762
-1917
-2121
-2328
-2471
-2514
-2457
-2343
-2230
-2160
-2132
-2088
-1948
-1673
-1317
-995
-799
-708
-624
-449
-162
185
515
777
973
1136
1304
1497
1721
1966
2197
2372
2449
2446
2430
2467
2546
2588
2529
2374
2182
2012
1889
1795
1687
1525
1307
1056
792
530
293
107
-42
-202
-406
-641
-854
-1003
-1092
-1162
-1238
-1304
-1341
-1340
-1304
-1260
-1237
-1234
-1200
-1110
-994
-885
-786
-686
-570
-447
-323
-196
-72
61
208
343
439
506
577
668
754
799
775
707
670
720
824
878
808
624
413
258
183
149
93
-20
-183
-364
-550
-735
-918
-1081
-1223
-1356
-1512
-1693
-1866
-1985
-2038
-2057
-2081
-2109
-2090
-1981
-1792
-1587
-1424
-1316
-1214
-1059
-824
-533
-235
34
269
475
653
805
951
1119
1315
1506
1659
1761
1833
1899
1984
2077
2136
2122
2045
1952
1887
1858
1854
1849
1804
1683
1488
1265
1060
899
780
674
544
356
126
-108
-298
-445
-575
-716
-866
-1003
-1108
-1171
-1194
-1190
-1173
-1162
-1169
-1186
-1192
-1154
-1046
-875
-685
-526
-410
-303
-162
14
191
325
405
455
512
590
670
709
696
662
657
697
748
750
676
550
420
325
261
201
113
-19
-194
-391
-593
-777
-929
-1047
-1150
-1262
-1387
-1494
-1545
-1539
-1520
-1534
-1582
-1616
-1571
-1430
-1230
-1037
-905
-839
-789
-698
-543
-344
-135
51
197
302
398
519
682
860
1011
1105
1147
1170
1219
1310
1407
1456
1431
1366
1321
1323
1353
1363
1318
1227
1116
1021
938
855
759
654
546
439
328
212
103
11
-72
-159
-259
-354
-430
-477
-508
-546
-603
-671
-728
-760
-773
-784
-792
-785
-747
-678
-594
-516
-444
-367
-278
-173
-68
32
114
179
235
288
335
365
370
360
362
398
478
577
640
623
528
394
281
222
214
221
192
90
-80
-286
-471
-593
-652
-684
-734
-821
-924
-1002
-1035
-1032
-1031
-1054
-1089
-1103
-1068
-986
-882
-784
-711
-665
-633
-589
-501
-362
-193
-37
76
151
223
318
438
553
630
663
684
732
821
925
1006
1036
1011
956
899
863
853
857
864
861
842
805
755
693
624
545
463
384
312
246
179
108
29
-60
-147
-216
-256
-271
-273
-280
-301
-337
-379
-416
-446
-466
-471
-454
-417
-371
-328
-294
-260
-212
-147
-78
-20
21
56
103
166
236
294
335
360
379
386
379
362
352
359
370
359
307
223
144
102
106
123
106
30
-91
-218
-311
-367
-399
-436
-492
-558
-620
-660
-676
-678
-675
-685
-706
-738
-767
-784
-780
-753
-705
-650
-602
-565
-526
-467
-377
-269
-167
-93
-52
-21
28
105
200
294
367
423
471
522
584
648
700
726
723
701
680
675
693
714
710
665
593
519
462
421
383
328
254
168
90
31
-4
-22
-34
-55
-89
-128
-157
-180
-198
-226
-263
-295
-305
-288
-257
-234
-230
-238
-237
-218
-182
-144
-111
-85
-51
-8
40
83
112
129
144
165
197
235
270
293
290
268
248
249
275
310
339
338
306
253
201
162
133
102
56
-14
-101
-191
-259
-298
-315
-331
-363
-417
-481
-535
-568
-579
-587
-599
-611
-619
-616
-600
-575
-538
-493
-451
-416
-384
-353
-307
-245
-169
-95
-27
30
83
141
205
268
318
355
381
409
443
476
503
518
520
521
529
539
547
551
538
513
473
423
368
322
285
259
225
185
137
85
37
-6
-48
-94
-146
-198
-242
-274
-296
-316
-337
-354
-367
-369
-361
-348
-324
-296
-258
-222
-192
-170
-147
-115
-67
-9
52
104
143
172
196
221
247
274
297
317
331
341
345
337
321
293
260
230
206
190
175
157
131
92
47
2
-38
-66
-91
-114
-143
-179
-222
-269
-316
-357
-390
-413
-427
-436
-442
-444
-441
-433
-426
-416
-404
-386
-360
-329
-298
-266
-234
-196
-149
-96
-43
7
47
84
118
154
193
231
265
291
310
323
333
342
348
349
344
337
330
325
324
321
312
292
260
221
181
143
109
74
38
-3
-46
-86
-123
-147
-166
-177
-185
-195
-203
-209
-210
-204
-195
-180
-163
-146
-127
-111
-93
-71
-37
6
55
102
134
150
152
155
164
184
201
207
196
177
164
163
168
169
160
139
113
86
63
44
28
14
-6
-32
-63
-87
-101
-103
-103
-110
-123
-135
-143
-143
-146
-157
-175
-196
-212
-213
-203
-186
-174
-172
-180
-193
-200
-191
-169
-140
-113
-98
-93
-92
-84
-68
-42
-13
15
40
64
85
108
126
144
152
157
168
185
206
225
233
229
212
187
165
148
139
134
128
114
96
75
49
23
-5
-31
-51
-66
-75
-83
-91
-104
-120
-134
-141
-137
-125
-110
-96
-90
-82
-74
-64
-52
-41
-30
-19
-3
21
49
78
100
112
116
116
118
124
134
146
157
160
156
148
136
124
112
102
92
83
70
58
43
28
12
-10
-40
-71
-100
-121
-130
-134
-137
-142
-151
-162
-170
-173
-169
-162
-155
-150
-149
-151
-154
-157
-156
-154
-149
-140
-127
-110
-87
-65
-46
-34
-22
-12
3
20
38
58
79
100
119
133
144
149
157
166
177
184
185
180
168
153
135
118
99
75
51
27
4
-12
-23
-30
-39
-53
-73
-91
-104
-110
-109
-106
-108
-112
-119
-125
-126
-119
-103
-81
-55
-26
-3
15
27
34
41
48
52
53
51
46
46
54
68
80
91
93
90
87
90
100
114
124
123
112
98
89
90
95
95
90
75
58
46
36
27
13
-7
-32
-60
-86
-109
-126
-135
-145
-154
-166
-167
-157
-138
-112
-89
-72
-62
-55
-52
-51
-48
-47
-45
-41
-34
-24
-10
6
22
33
41
46
54
66
82
95
100
94
80
63
49
40
35
30
27
21
17
14
10
1
-11
-25
-34
-41
-49
-58
-69
-78
-83
-88
-92
-87
-73
-53
-39
-33
-32
-31
-34
-38
-46
-52
-54
-50
-46
-50
-50
-42
-25
-6
14
33
51
61
62
59
60
65
70
67
64
59
58
58
64
73
85
100
113
116
110
103
98
91
82
75
75
78
79
75
71
70
71
68
59
49
40
29
13
-10
-40
-71
-98
-114
-116
-103
-88
-81
-80
-88
-95
-96
-87
-69
-51
-44
-51
-69
-88
-102
-97
-77
-47
-18
4
24
34
38
35
34
37
44
51
60
63
51
28
4
-9
-8
7
27
42
44
26
5
-8
-11
-6
-9
-27
-58
-93
-117
-125
-120
-109
-104
-113
-132
-137
-113
-69
-47
-64
-102
-124
-112
-77
-46
-21
-5
-6
-25
-28
34
177
338
414
360
240
156
159
203
226
206
158
86
-12
-118
-179
-154
-72
-13
-29
-90
-129
-111
-64
-40
-54
-75
-72
-47
-21
-5
9
25
34
29
24
39
75
109
116
89
49
23
20
34
50
59
60
57
56
64
79
96
107
102
81
53
28
4
-15
-26
-37
-51
-74
-102
-130
-149
-156
-151
-137
-122
-107
-94
-82
-70
-56
-39
-16
11
33
50
57
56
49
41
32
23
14
8
1
-12
-25
-41
-56
-65
-69
-70
-64
-49
-37
-31
-28
-25
-17
-2
7
12
11
6
4
3
7
11
13
11
2
-8
-17
-15
-8
1
3
-1
-4
-4
4
17
26
22
12
8
16
24
27
25
22
19
16
14
22
35
40
30
5
-17
-23
-11
5
5
-1
-2
10
24
36
46
57
60
51
36
24
31
47
55
47
24
5
4
14
26
34
35
29
17
4
-6
-7
1
6
1
-13
-29
-35
-28
-15
-7
-5
-7
-10
-14
-17
-17
-10
-1
1
-8
-24
-35
-37
-37
-42
-54
-67
-75
-74
-74
-75
-71
-62
-54
-47
-43
-34
-15
4
10
1
-15
-26
-21
-11
0
10
20
24
12
-4
-15
-12
-1
6
6
5
4
3
4
11
27
43
53
53
53
57
65
69
63
55
51
51
47
39
31
28
23
10
-8
-19
-22
-18
-16
-20
-28
-31
-30
-26
-22
-19
-15
-10
-9
-9
-8
-2
3
8
12
20
24
26
28
33
39
47
48
44
39
36
37
40
45
50
54
55
53
45
42
45
46
42
26
3
-15
-25
-34
-41
-51
-58
-63
-72
-82
-87
-82
-73
-71
-77
-85
-82
-75
-67
-70
-73
-73
-69
-64
-63
-59
-49
-35
-28
-28
-27
-16
1
10
8
3
7
16
21
20
16
18
25
32
35
37
45
55
58
54
49
51
60
62
54
46
46
51
52
49
45
46
46
40
29
21
22
24
16
-2
-15
-14
-6
-6
-15
-23
-24
-24
-32
-41
-44
-37
-31
-32
-40
-45
-34
-15
-1
7
11
20
31
33
27
23
24
28
25
21
21
30
40
40
35
31
31
34
32
27
19
12
7
-4
-13
-15
-11
-7
-8
-11
-16
-20
-23
-27
-30
-34
-35
-38
-46
-55
-59
-53
-40
-30
-28
-28
-27
-22
-19
-17
-13
-6
1
3
-1
-4
-3
3
9
6
2
-2
-4
-6
-8
-6
-2
0
0
-3
-6
-5
-2
2
2
1
0
0
3
6
10
15
19
19
17
18
23
24
17
8
1
2
4
5
2
1
0
2
2
1
0
1
0
-7
-17
-23
-21
-14
-13
-14
-16
-12
-8
-3
1
3
6
9
8
5
5
10
16
17
16
15
22
28
34
33
32
34
33
31
28
26
27
26
20
11
5
3
3
1
-1
-2
0
1
-1
-5
-11
-17
-19
-23
-23
-23
-24
-23
-23
-27
-27
-25
-18
-12
-7
-3
-1
-1
-3
-5
-4
-1
0
3
4
2
-1
-7
-7
-5
-2
-1
1
0
-1
-1
0
-1
-4
-5
-5
-3
-1
0
-1
-1
-1
0
2
3
6
6
6
4
2
-2
-4
-4
-1
0
0
0
-1
0
3
4
8
7
7
5
3
2
1
-1
0
0
0
1
1
0
-1
-1
1
0
0
3
5
6
4
4
6
5
4
2
1
1
-1
-5
-8
-11
-12
-14
-15
-15
-17
-17
-19
-19
-20
-18
-13
-11
-8
-6
-6
-6
-7
-9
-10
-8
-6
-4
-2
0
3
6
9
11
11
12
14
19
19
20
16
14
13
13
16
17
19
18
18
16
12
11
10
7
6
3
-1
-5
-9
-10
-10
-11
-11
-13
-11
-9
-7
-6
-7
-6
-5
-6
-4
-3
-2
-2
-4
-4
-4
-4
-3
-2
0
1
3
4
5
7
9
10
9
10
9
10
12
13
14
12
10
8
7
6
5
3
2
-2
-5
-6
-8
-6
-8
-8
-7
-7
-7
-5
-6
-4
-4
-5
-5
-6
-5
-6
-7
-7
-7
-9
-10
-9
-9
-9
-9
-8
-4
-1
0
0
-1
-1
0
1
2
4
3
4
4
6
5
8
7
6
7
6
5
5
5
6
6
5
4
4
3
4
6
7
7
7
4
2
1
0
-1
-1
0
-2
-3
-6
-6
-7
-5
-6
-5
-5
-5
-6
-5
-5
-6
-6
-4
-2
0
1
1
1
2
4
7
7
7
6
6
6
7
7
7
8
7
7
7
7
6
5
4
6
6
6
6
4
1
0
1
0
0
-2
-2
-5
-5
-6
-5
-5
-6
-6
-7
-7
-7
-6
-6
-7
-7
-9
-8
-8
-7
-6
-5
-4
-4
-3
-4
-2
-1
0
2
1
1
1
2
1
2
3
4
4
4
4
4
3
3
3
2
4
4
3
3
1
0
1
2
3
1
1
1
1
0
0
-1
1
0
2
-1
-2
-3
-2
0
1
-1
0
-1
-1
0
1
1
1
1
2
1
2
1
3
2
2
1
2
2
2
2
2
1
1
1
0
0
-1
0
0
1
0
-1
-2
-1
0
0
1
1
0
-1
-2
-4
-4
-4
-4
-5
-4
-3
-2
-3
-2
-2
-1
-1
-2
-1
-2
-3
-1
-2
-2
-2
-2
-2
-1
-1
0
0
0
2
2
2
2
1
0
0
2
1
1
1
1
1
1
1
1
1
1
1
1
2
0
0
1
0
1
0
0
1
0
0
0
0
1
0
0
-1
0
1
1
2
1
1
0
1
1
1
2
2
2
3
3
2
1
2
3
2
1
1
0
1
0
2
0
1
2
1
0
0
-1
0
0
0
0
-2
-3
-2
-3
-2
0
1
1
-1
-2
-2
-1
0
0
1
2
2
0
0
-1
0
0
1
2
1
1
1
1
0
1
1
0
1
1
0
-1
1
0
0
0
0
-1
0
1
0
1
0
-1
1
0
1
0
0
-2
-1
-1
-1
-2
-1
-1
-1
-1
-1
-1
-1
-1
-1
-1
-1
-1
0
0
-1
0
0
2
1
1
1
1
1
0
0
0
0
1
2
2
1
1
1
1
1
1
2
1
0
0
0
0
1
3
2
2
2
1
-1
0
0
1
0
0
0
0
0
-1
0
0
0
0
0
0
-1
0
0
-1
0
0
0
-1
0
0
0
0
-1
0
0
0
0
0
0
0
0
0
0
0
0
0
0
0
-1
0
0
0
-1
0
-1
0
-1
0
0
0
0
1
0
0
0
0
-1
1
0
0
0
0
0
1
0
0
0
0
0
0
1
0
0
0
0
-1
0
-1
0
0
0
0
0
0
0
0
0
0
0
0
0
0
0
0
0
1
0
1
1
0
1
0
0
0
0
0
1
0
1
0
0
0
1
0
0
-1
0
0
1
0
-1
0
0
0
0
-1
-1
1
0
0
1
0
0
1
0
0
0
-1
1
0
0
0
0
0
0
-1
0
0
0
0
0
0
0
0
0
0
0
0
0
0
0
0
0
0
0
0
-1
0
-1
0
-1
0
0
0
0
0
-1
0
-1
1
0
0
0
0
0
-1
0
-1
0
-1
0
0
0
0
-1
0
-1
0
1
0
0
0
0
0
0
1
0
0
0
0
0
0
-1
0
0
0
0
0
0
0
0
1
0
1
1
0
0
0
0
0
0
0
0
0
0
1
0
1
0
0
0
0
0
0
0
1
0
0
0
1
0
1
1
0
0
0
0
-1
0
0
1
0
0
0
0
0
0
0
0
0
0
0
0
0
-1
0
0
0
0
0
0
0
0
0
-1
0
1
0
0
0
0
0
0
0
-1
1
0
0
0
1
0
1
0
0
0
0
0
0
0
-1
0
1
0
0
0
1
0
0
0
0
-1
1
1
0
0
1
0
0
0
0
0
0
0
0
-1
0
0
0
0
1
0
0
0
0
0
0
-1
-1
1
0
0
1
0
0
-1
0
-1
1
0
1
0
0
0
0
1
-1
0
0
0
0
0
0
0
0
0
0
0
0
0
0
-1
0
0
0
0
1
0
0
0
0
0
0
0
0
-1
0
0
0
-1
0
0
1
0
-1
0
0
0
0
1
1
1
0
0
-1
0
0
-1
0
0
0
0
-1
0
0
0
0
0
0
1
0
0
0
0
0
1
0
1
1
0
0
-1
-1
-3
0
-1
0
0
1
1
1
1
-1
1
1
1
1
1
1
1
0
0
1
0
0
0
0
0
0
0
0
0
0
0
0
0
0
-1
0
0
0
1
0
0
0
0
-1
0
-1
0
1
0
0
1
0
0
0
0
0
0
0
0
0
0
1
-1
0
-1
0
0
-1
0
0
0
1
0
1
1
1
1
1
2
1
1
0
0
0
0
0
-1
0
0
0
0
0
0
-1
0
0
0
0
0
0
-1
0
-1
0
0
0
0
1
0
0
0
0
0
0
0
0
0
0
0
0
1
0
0
0
0
1
0
-1
0
1
0
0
0
0
0
0
0
-1
-1
0
0
0
1
0
-1
0
0
-1
0
0
0
-1
0
0
1
0
0
0
0
0
0
1
1
1
0
0
0
-1
-1
0
2
2
1
1
0
-1
-1
-1
0
-1
1
1
2
2
2
0
0
0
1
3
2
0
-1
0
0
0
0
0
0
0
0
0
1
1
2
1
2
1
1
1
1
1
0
0
0
-1
-1
-2
0
0
1
1
0
0
0
0
0
0
0
0
-1
-1
-1
-1
0
1
1
1
1
0
0
0
0
0
0
0
0
0
-1
0
0
0
0
0
0
1
-1
1
1
1
1
1
1
1
-1
0
1
1
-1
0
1
-1
-1
1
2
0
1
1
-1
-2
-1
-1
-1
0
1
1
1
2
0
1
1
1
1
1
0
0
0
0
0
1
1
1
0
0
0
0
0
0
0
0
0
0
0
-1
-1
-1
-1
0
-1
0
0
0
0
0
0
-1
-1
0
-1
0
0
0
-1
0
0
0
0
0
0
0
1
0
0
0
0
0
0
0
0
0
0
1
1
0
0
0
0
0
0
0
0
0
0
0
1
0
0
0
0
0
1
1
0
0
0
0
0
-1
0
0
0
0
0
0
1
0
0
1
0
0
0
1
0
0
1
0
1
1
0
0
0
0
0
0
0
0
0
0
1
0
1
1
-1
0
0
0
0
0
0
0
0
0
0
0
1
0
0
1
0
0
0
1
0
0
0
-1
0
0
0
0
0
0
0
0
0
0
1
0
0
0
0
0
0
0
-1
-1
-1
-1
0
1
1
1
0
0
1
0
0
0
0
0
0
0
-1
0
1
0
0
0
0
-1
0
-1
-1
0
0
0
0
1
0
0
1
1
0
0
-1
-1
0
0
0
2
0
1
1
0
0
0
0
0
0
0
0
0
0
0
0
0
0
0
0
0
0
0
0
0
0
0
0
0
0
-1
1
0
1
0
0
1
0
0
0
0
0
1
-1
0
0
0
0
0
1
0
0
-1
0
0
0
0
1
0
0
1
-1
-1
0
0
0
0
0
0
0
0
0
0
0
-1
0
0
0
1
0
0
0
0
1
0
-1
-1
0
0
0
-1
0
0
0
0
0
-1
0
0
0
0
-1
0
0
0
0
0
0
0
0
0
0
0
0
0
0
-1
0
0
0
0
0
0
0
0
0
1
0
-1
0
0
0
0
0
0
0
0
0
0
0
0
0
0
0
0
0
0
0
-1
0
0
0
0
0
0
0
0
0
0
0
0
0
1
0
0
0
0
0
0
0
1
0
0
0
1
1
0
0
0
-1
1
1
0
0
0
0
0
0
0
1
0
0
0
1
0
0
0
0
0
-1
0
0
0
0
0
0
0
0
0
0
-1
-1
-1
0
0
0
0
-1
0
0
0
0
0
0
0
0
0
1
0
1
0
0
0
0
0
0
1
-1
0
1
-1
0
0
0
0
0
0
0
-1
0
0
0
-1
0
-1
0
0
0
0
0
-1
0
0
0
0
0
0
-1
0
0
0
1
1
1
1
1
0
0
1
1
1
1
1
2
1
1
1
2
2
1
1
0
0
0
0
0
1
1
1
2
0
1
0
0
1
-1
1
0
0
0
-1
-1
0
0
0
-1
0
-1
0
0
0
-1
0
0
0
0
1
0
0
0
0
0
0
1
0
1
0
0
0
0
0
0
1
0
0
0
1
1
0
0
0
0
0
0
0
0
-1
1
0
0
0
0
0
0
-1
1
0
0
-1
0
0
-1
-2
-1
0
1
3
3
1
1
0
-1
-1
-1
0
0
0
1
1
0
1
0
0
-1
-1
-1
0
0
0
1
0
0
0
-1
0
0
0
0
0
1
-1
0
0
0
0
1
1
0
0
-1
0
-2
-1
-1
-1
0
1
1
2
2
0
1
0
-1
0
0
0
1
1
1
1
1
1
-1
-1
-2
0
0
1
0
0
1
0
0
1
-1
0
0
0
-1
0
-1
-1
-1
1
0
1
2
2
1
0
0
-1
-1
-1
-1
0
-1
0
0
0
0
0
0
0
0
0
0
1
-1
0
0
-1
1
0
1
1
0
0
-1
-1
-1
-1
0
1
1
1
1
-1
0
0
0
0
0
0
0
-1
0
0
0
-1
0
0
-1
-1
0
0
0
0
0
1
1
-1
0
-1
0
0
0
0
0
0
0
0
1
0
0
0
0
-1
1
0
0
1
0
0
0
0
0
1
1
0
0
0
0
0
-1
0
-1
1
0
1
0
0
1
0
0
1
0
0
0
1
-1
-1
1
0
0
0
-1
0
0
1
0
0
0
0
0
0
-1
0
0
0
-1
0
0
1
1
-1
0
0
0
0
0
0
0
0
0
-1
1
0
0
1
0
0
0
0
1
-1
0
0
0
0
-1
1
0
0
-1
0
0
0
0
0
-1
0
-1
1
0
0
1
0
0
0
0
0
0
0
0
-1
0
0
0
1
0
1
0
0
0
0
-1
0
0
1
1
0
0
0
-1
-1
0
0
0
-1
0
0
1
0
1
0
0
1
0
0
1
0
0
0
0
0
0
0
0
0
0
0
-1
1
0
0
0
0
0
0
0
0
0
0
-1
0
-1
0
0
0
0
0
-1
0
0
0
1
0
0
0
0
0
0
0
0
0
-1
1
1
-1
0
0
0
0
0
0
0
0
0
0
0
0
0
-1
0
0
0
0
0
0
0
0
-1
0
0
0
0
-1
0
-1
0
0
0
0
0
-1
0
0
-1
0
0
0
1
0
0
0
0
0
0
1
0
0
0
0
0
1
0
0
0
1
1
0
0
0
0
0
0
0
0
1
1
1
0
0
-1
0
0
0
-1
-1
0
0
0
0
0
0
0
0
0
0
0
0
0
0
0
0
0
0
0
0
0
1
1
1
0
-1
0
0
0
0
0
0
1
-1
-1
0
0
0
0
0
1
0
-1
0
0
0
0
0
0
0
0
-1
0
0
0
0
1
0
0
0
0
0
-1
1
1
0
0
0
0
1
0
0
0
0
0
0
0
0
0
0
0
0
1
0
0
0
0
0
0
1
0
0
0
0
0
0
0
0
0
0
1
0
-1
0
0
0
0
-1
0
0
0
0
0
0
-1
0
0
-1
0
0
0
-1
1
0
0
0
0
0
0
0
0
0
0
0
0
0
-1
0
-1
0
0
0
0
0
0
0
0
0
1
0
0
0
0
0
0
0
0
0
0
0
1
0
0
0
0
0
0
0
0
0
-1
0
0
1
0
0
0
0
0
0
0
1
0
0
0
0
0
0
-1
0
1
0
0
0
0
0
0
0
0
-1
0
0
0
0
0
0
0
0
1
0
-1
0
1
0
0
-1
0
0
0
0
-1
0
0
0
0
1
0
0
0
0
0
0
0
0
-1
0
0
0
0
0
0
0
0
0
1
0
0
0
0
0
1
0
0
1
0
1
-1
0
0
0
0
0
0
0
0
-1
0
-1
-1
0
0
0
0
0
0
0
0
0
0
-1
0
-1
0
0
0
0
0
0
-1
0
0
0
0
0
0
0
0
0
0
0
0
0
0
0
0
0
1
1
0
-1
0
0
0
0
0
0
0
0
0
0
0
0
0
0
0
0
1
0
0
0
0
0
1
0
0
0
0
0
0
0
-1
-1
0
0
0
0
0
-1
-1
0
0
0
-1
1
0
0
-1
0
0
0
0
0
0
0
0
0
0
0
0
0
0
0
0
1
0
0
-1
0
0
0
0
0
0
1
0
0
-1
-1
0
0
0
0
-1
0
0
0
0
0
1
0
0
1
0
1
0
0
0
0
0
0
-1
0
0
0
0
0
0
1
0
0
0
0
0
0
-1
-1
0
-1
0
0
0
0
0
0
0
0
0
0
0
0
0
0
-1
0
0
0
0
1
0
0
0
0
0
0
0
0
0
0
-1
1
-1
0
0
0
0
0
0
0
0
1
0
1
0
0
0
1
-1
0
0
0
0
0
0
0
0
0
0
-1
0
0
0
0
1
1
0
1
0
0
0
0
0
0
0
0
0
0
-1
-1
-1
-1
0
0
0
0
0
-1
0
0
0
0
0
-1
0
-1
0
1
0
0
1
0
0
-1
0
-1
0
0
0
-1
0
1
-1
0
0
0
0
-1
0
1
0
-1
1
1
0
1
-1
0
0
1
0
0
-1
1
0
0
1
0
0
0
0
1
0
0
0
0
1
0
-1
0
-1
0
1
0
1
-1
0
1
0
0
0
0
0
-1
0
0
0
0
0
0
0
0
0
0
-1
0
1
0
1
0
-1
0
0
1
0
0
0
0
0
0
-1
0
-1
0
0
0
0
0
0
0
1
0
1
0
0
0
0
0
-1
0
0
0
0
0
-1
0
0
0
0
0
0
1
0
0
0
0
1
0
0
0
0
0
0
0
0
0
-1
0
1
0
0
0
0
0
0
0
0
0
0
0
0
0
0
0
-1
1
0
0
0
-1
0
0
0
1
0
0
0
-1
0
0
0
0
1
1
0
1
0
0
-1
0
-1
0
0
0
0
0
0
0
0
0
0
0
0
0
1
0
0
0
0
0
0
0
0
0
0
0
0
0
0
0
0
0
0
1
0
0
0
1
0
0
0
0
0
0
0
0
1
1
0
0
1
0
0
0
0
0
1
0
0
-1
1
0
-1
-1
0
0
0
0
0
1
0
1
0
0
0
1
0
-1
0
-1
0
0
-1
0
0
0
-1
0
0
0
0
0
0
0
0
1
-1
0
0
0
0
-1
0
0
0
0
0
1
0
0
0
0
0
0
0
0
1
1
0
0
0
0
0
0
0
0
0
1
0
-1
0
0
0
0
0
0
0
0
0
0
1
0
1
1
1
0
0
0
0
0
0
0
0
0
0
0
0
-1
0
0
0
-1
0
-1
0
0
0
0
0
0
0
-1
1
0
1
0
0
0
0
1
1
0
-1
0
1
-1
0
0
0
0
0
0
0
0
0
0
0
0
0
1
-1
0
0
0
0
0
0
0
-1
0
-1
0
0
0
0
0
-1
0
1
0
0
0
1
0
0
0
0
0
0
0
0
0
0
0
0
0
0
1
0
1
0
-1
-1
-1
0
0
0
0
0
0
0
-1
0
0
1
-1
0
1
0
0
0
0
0
0
0
-1
0
0
0
0
0
0
0
0
0
0
0
0
0
0
0
0
0
0
0
0
0
0
1
0
1
0
0
0
1
0
0
-1
1
0
-1
0
0
-1
0
0
0
0
-1
0
0
0
0
1
0
0
0
1
0
0
1
-1
0
0
0
0
0
0
-1
0
1
0
0
0
1
-1
0
0
0
-1
0
0
0
-1
0
1
0
-1
0
0
-1
-1
0
0
0
0
-1
-1
-1
0
0
0
0
0
0
0
0
0
1
0
-1
0
1
0
1
0
0
0
-1
0
0
0
0
0
0
-1
1
0
0
0
0
1
0
0
0
-1
0
1
0
0
0
0
0
0
0
0
0
0
-1
1
-1
0
1
0
0
0
0
0
0
0
0
0
0
0
0
0
0
0
1
0
0
0
0
-1
1
0
0
0
0
0
0
0
0
0
0
0
0
-1
0
0
0
-1
0
0
1
1
0
0
0
0
-1
0
1
0
-1
0
0
0
0
-1
0
0
0
0
0
-1
-1
0
0
0
0
1
0
0
0
0
-1
0
0
0
0
0
0
0
0
1
0
-1
0
0
-1
0
0
0
0
0
0
0
0
0
0
0
1
0
0
0
0
-1
-1
0
-1
0
0
0
-1
0
0
0
0
1
1
-1
0
0
-1
-1
0
0
-1
0
0
-1
0
0
-1
1
-1
0
0
-1
0
0
0
0
0
0
0
1
0
0
-1
1
1
0
0
0
0
0
0
0
0
0
1
0
0
0
0
0
0
-1
0
0
-1
0
0
1
0
0
1
0
0
0
1
0
0
0
0
0
0
1
-1
0
0
0
1
0
-1
0
0
0
0
0
-1
0
0
0
0
1
0
0
1
0
0
0
1
0
0
0
0
0
1
0
0
0
0
0
0
0
1
0
0
0
0
-1
0
0
-1
-1
0
-1
0
0
0
1
1
0
0
0
-1
1
0
0
0
0
1
0
1
0
0
1
1
0
0
0
0
0
-1
0
0
0
-1
0
0
1
0
0
0
0
1
0
1
0
0
0
0
-1
0
0
0
0
0
-1
0
0
0
1
1
0
0
-1
0
0
1
0
0
-1
1
0
0
0
0
-1
0
0
0
0
0
0
0
0
0
0
0
1
0
0
0
-1
0
1
0
0
1
-1
0
-1
-1
0
0
0
0
0
0
0
0
-1
0
-1
1
0
1
1
0
0
0
0
0
0
0
0
0
0
0
0
0
0
1
0
-1
0
0
0
0
0
0
-1
0
0
-1
0
0
0
0
0
0
0
1
1
0
0
0
0
0
0
0
-1
0
0
0
0
0
0
-1
-1
0
0
0
0
0
1
0
1
-1
0
0
-1
0
0
0
1
0
0
0
0
0
0
0
1
0
1
0
0
0
-1
-1
0
0
0
0
1
0
-1
0
0
0
0
1
0
-1
0
0
0
0
0
1
0
0
0
0
0