25
53
68
62
40
18
8
5
-2
-13
-21
-10
21
47
39
-5
-61
-93
-81
-36
12
33
23
-5
-37
-58
-57
-34
-7
3
-7
-18
-16
-9
-10
-23
-38
-36
-4
34
47
31
-3
-34
-45
-24
11
33
38
13
-48
-105
-99
-36
40
90
97
55
-11
-51
-47
-16
31
84
102
60
-10
-70
-101
-87
-29
31
62
68
51
10
-23
-24
-10
5
24
37
28
14
0
-18
-33
-30
-14
-2
0
4
13
29
43
43
24
-6
-31
-41
-24
20
67
74
32
-33
-81
-80
-29
36
64
55
29
-3
-31
-34
-12
7
11
10
6
-4
-8
-3
-7
-19
-26
-26
-24
-14
9
31
35
26
9
-9
-14
1
19
15
5
6
15
8
-14
-40
-56
-43
0
37
40
24
10
-3
-18
-19
-5
9
11
9
-3
-18
-21
-15
-17
-31
-37
-24
5
33
47
35
3
-29
-44
-35
-6
24
36
29
8
-20
-39
-42
-29
-3
28
44
35
15
1
-4
-8
-6
0
10
20
28
23
1
-24
-37
-38
-24
0
20
25
13
-6
-19
-24
-22
-8
14
34
40
27
-2
-28
-36
-24
-9
0
13
25
21
-1
-24
-37
-36
-14
19
43
52
51
36
16
4
4
11
20
28
28
18
5
-7
-14
-13
-10
-7
-2
5
13
18
13
0
-17
-29
-29
-20
-9
-5
-11
-21
-28
-28
-21
-14
-10
-8
-2
5
14
15
4
-9
-21
-20
-12
1
10
12
8
0
-7
-9
-1
8
17
22
19
11
0
-12
-20
-21
-13
1
11
7
-4
-17
-15
1
23
37
37
27
14
7
5
5
6
7
5
-1
-7
-10
-9
-2
5
6
3
-2
-3
-2
0
-3
-8
-13
-11
-9
-5
-4
-6
-9
-10
-6
3
14
21
17
6
-6
-10
-4
7
10
5
-6
-12
-8
1
4
0
-8
-13
-11
-2
8
13
12
5
-7
-17
-17
-4
13
23
20
11
7
9
13
7
0
-4
-1
2
4
4
0
-8
-14
-16
-11
-3
5
7
3
-4
-11
-15
-15
-13
-4
3
4
-4
-13
-14
-7
0
5
3
3
2
1
0
-1
1
7
9
7
0
-6
-7
-2
9
17
21
19
8
-2
-8
-6
1
8
11
6
-6
-18
-23
-16
0
17
24
19
6
-3
-5
-1
9
19
21
12
-5
-22
-23
-15
-4
3
3
-2
-10
-14
-14
-9
-3
4
8
7
1
-2
-7
-12
-14
-9
-1
8
13
9
1
-6
-8
-3
6
15
18
18
11
5
-3
-10
-14
-14
-9
0
8
11
5
-5
-16
-17
-7
10
21
25
18
6
-4
-8
-5
1
7
11
13
10
7
2
-1
-2
-1
2
4
9
10
8
3
-5
-13
-17
-15
-8
1
5
2
-6
-15
-19
-16
-11
-6
-2
-1
-2
0
1
1
1
1
0
3
4
8
12
11
9
5
0
-1
0
2
3
4
5
5
1
-3
-9
-17
-16
-10
-1
7
9
7
1
-7
-13
-9
0
12
25
27
20
5
-8
-15
-12
-2
12
18
17
8
-7
-18
-20
-15
-4
4
9
9
6
2
-5
-9
-8
-5
3
9
10
8
-1
-6
-10
-14
-13
-8
-3
4
9
11
8
3
-4
-7
-6
1
10
17
17
7
-6
-18
-24
-20
-11
-1
6
7
4
-4
-9
-11
-9
-3
4
8
11
7
2
-5
-8
-8
-2
6
12
15
12
8
2
-3
-3
0
4
7
8
6
0
-5
-9
-11
-8
-4
-1
0
0
-2
-1
-1
2
7
11
15
14
11
8
4
0
-1
0
1
2
1
-1
-5
-11
-12
-8
-1
6
9
7
0
-7
-10
-8
-1
6
9
5
-3
-9
-14
-12
-6
1
7
10
9
7
2
0
-1
1
6
9
9
6
0
-6
-11
-9
-7
-2
-1
1
-2
-5
-8
-9
-7
-3
2
5
5
3
-1
-3
-3
2
7
10
10
5
0
-4
-4
2
10
16
17
12
3
-5
-8
-6
-1
2
4
3
-2
-6
-9
-9
-9
-5
0
5
8
9
7
3
0
-3
-5
-4
0
1
1
-1
-3
-6
-7
-7
-4
-1
5
6
5
2
1
-2
-3
-4
-3
-2
-3
-2
-2
-3
-3
-4
-5
-6
-2
2
8
12
11
10
5
3
1
3
5
6
5
2
-1
-4
-5
-1
-1
2
2
2
0
-1
0
0
0
1
1
2
-1
-3
-3
-2
1
3
3
3
3
2
2
4
5
6
5
2
-1
-4
-4
-2
0
0
0
-2
-6
-8
-8
-6
-3
0
2
1
1
-2
-2
0
2
4
5
4
1
-2
-4
-4
-1
3
6
6
4
-1
-3
-4
-3
0
4
5
5
2
0
-2
-2
0
2
2
3
1
1
-1
-2
-3
-4
-2
1
2
3
4
4
0
-2
-3
-2
0
4
6
6
3
-1
-4
-5
-4
-1
3
3
4
2
-1
-5
-7
-6
-3
0
4
3
2
0
-3
-3
-2
0
3
6
6
4
2
0
-3
-3
-2
0
1
0
0
0
0
0
0
0
0
1
2
2
4
2
0
-1
-2
-1
-1
-1
-1
0
0
0
-1
-1
-1
0
-1
0
2
3
3
3
2
2
1
0
0
1
2
2
1
0
-2
-2
-2
-2
-1
0
0
1
0
0
1
3
3
3
2
1
0
0
0
1
1
1
1
1
-2
-2
-3
0
0
0
1
1
0
-1
-1
-2
-2
-2
0
1
1
1
2
0
-1
-1
1
1
2
3
0
0
0
-1
0
0
1
1
2
3
2
2
1
3
2
4
4
2
-1
-2
-2
-1
0
2
4
3
1
0
-1
-2
-1
4
6
7
5
1
-3
-6
-5
-3
0
3
5
3
0
-4
-8
-7
-5
-1
4
7
4
1
-5
-9
-9
-6
0
6
7
4
-3
-8
-12
-8
-3
4
10
11
9
3
-2
-5
-5
0
5
8
9
6
3
-1
-2
-1
1
2
2
0
2
0
-1
-3
-8
-9
-8
-4
0
3
5
4
1
-3
-6
-7
-4
2
8
14
14
10
3
-4
-9
-8
-5
0
6
8
7
2
-5
-11
-13
-11
-6
0
3
5
2
-2
-7
-7
-5
2
9
13
16
14
9
2
-1
-1
1
3
7
6
4
1
-3
-4
-4
-2
0
3
5
5
5
3
1
0
0
-1
0
1
1
-1
-2
-7
-11
-14
-11
-6
1
5
7
2
-3
-5
-4
-1
5
9
10
6
0
-5
-9
-9
-6
0
4
5
-1
-8
-13
-13
-9
0
11
14
12
5
-5
-12
-10
-2
10
23
31
28
15
1
-12
-17
-12
0
9
13
11
2
-9
-15
-16
-12
-1
6
11
9
0
-7
-12
-10
-6
0
3
2
-2
-9
-13
-13
-7
0
3
4
2
-3
-6
-6
-2
3
8
11
10
6
1
-3
-5
-5
-5
-2
0
-1
1
3
7
9
11
11
8
4
1
1
2
6
10
13
13
11
9
3
1
-1
0
2
2
2
1
-2
-7
-10
-11
-11
-7
-4
-2
-3
-4
-6
-4
0
4
6
6
4
-2
-6
-7
-5
-1
4
6
4
0
-5
-9
-9
-5
2
6
8
6
-1
-9
-13
-14
-10
-4
5
7
8
4
-1
-4
-4
-1
6
12
13
14
9
4
0
0
4
7
12
11
8
3
-3
-8
-9
-8
-5
-3
-3
-3
-5
-6
-8
-6
-4
-2
-1
-1
-1
-2
-1
-2
1
2
4
4
4
1
0
0
1
4
5
3
2
0
-1
-1
0
2
3
3
3
0
-2
-6
-8
-6
1
5
8
8
4
-2
-5
-5
-1
4
9
11
8
3
-3
-6
-5
-1
4
8
9
6
1
-3
-8
-10
-7
-6
-2
-1
-1
-2
-5
-7
-5
-3
1
3
3
1
0
-1
1
1
2
3
2
2
1
0
-2
-1
0
2
2
1
1
-1
-1
1
3
3
2
4
3
2
2
0
-1
-3
-2
-2
-2
-1
0
0
1
2
3
3
4
3
1
0
0
0
0
0
1
-1
-2
-2
-3
-3
-3
-1
-1
-1
0
0
-1
-1
-2
0
0
1
0
3
3
1
0
-1
0
1
-1
0
1
2
0
-1
-2
1
0
1
1
1
1
-1
-1
-1
-2
-2
-1
1
1
1
2
1
1
0
1
0
0
2
2
1
1
0
0
-1
-1
-1
0
0
1
0
0
0
0
1
0
0
1
1
0
0
-1
-2
-1
-1
0
1
2
0
-1
0
-1
0
1
2
2
1
1
0
-2
-1
0
1
2
1
1
0
-1
-1
0
1
2
2
3
2
1
1
-1
-1
-1
0
-1
0
-1
1
0
1
0
0
0
0
0
0
0
0
-1
1
0
0
-1
0
0
0
1
0
-1
0
0
0
0
0
0
0
1
-1
0
-1
0
-1
-1
0
-1
-1
0
0
1
2
2
2
3
1
-1
-1
0
0
0
0
0
0
0
-1
0
-1
0
1
0
0
0
0
1
0
0
0
0
0
-1
-1
0
0
0
0
-1
0
1
0
1
0
0
0
0
-1
0
0
0
-1
0
0
0
0
0
0
0
0
-1
0
0
0
1
0
1
0
-1
0
1
0
0
-1
0
0
0
0
0
0
1
0
1
0
0
0
0
0
1
0
1
0
0
0
1
0
0
0
0
0
-1
0
0
0
0
0
0
0
0
0
-1
0
0
0
0
0
0
0
0
0
0
1
0
1
0
0
1
0
0
1
0
0
1
0
0
1
0
0
0
0
0
0
0
0
0
0
0
1
0
0
-1
0
0
-1
0
-1
0
0
1
1
0
0
0
-1
0
0
0
0
0
0
1
0
0
-1
0
0
0
0
-1
0
1
0
0
0
0
0
-1
0
0
0
0
0
0
0
1
0
0
0
0
0
-1
0
0
0
0
0
1
0
0
0
0
0
0
0
1
0
-1
0
-1
1
0
0
0
0
-1
0
-1
0
0
0
0
-1
1
0
0
0
1
0
-1
0
1
1
0
-1
0
0
0
0
0
0
0
0
-1
0
0
0
0
1
-1
0
0
-1
0
0
0
0
0
1
1
0
0
0
-1
-1
0
0
0
1
0
0
0
0
0
0
1
0
0
-1
0
0
1
0
0
0
0
0
1
0
0
-1
0
0
0
0
0
0
0
0
1
0
0
0
0
0
0
0
0
1
0
0
0
0
0
0
-1
0
0
0
0
1
0
0
1
0
0
0
1
-1
0
-1
0
0
0
1
0
0
0
0
0
0
1
0
0
0
0
0
0
0
0
0
-1
0
0
0
1
0
0
0
1
0
0
0
0
0
0
0
0
0
0
1
0
1
0
-1
0
0
-1
0
0
0
-1
0
0
0
-1
0
-1
1
-1
1
0
0
0
0
0
1
0
1
0
0
0
0
0
0
0
0
0
0
0
1
0
0
-1
0
0
0
0
0
0
0
0
0
0
-1
0
0
1
0
0
-1
0
0
0
0
0
0
0
0
-1
0
1
0
0
0
0
1
0
0
0
0
0
-1
0
0
-1
0
0
0
0
0
0
0
0
0
0
0
1
1
1
1
0
0
-1
1
0
0
0
0
0
0
0
0
0
0
0
0
1
0
0
1
0
1
0
0
1
0
0
0
0
1
0
0
-1
0
0
1
1
0
0
-1
0
-1
-1
0
0
0
1
1
0
-1
0
1
0
0
0
0
1
0
1
-1
0
1
0
0
0
-1
0
0
0
1
0
-1
0
-1
-1
0
0
1
0
0
0
1
1
0
0
1
1
-1
0
-1
0
0
0
1
0
0
0
0
-1
0
0
-1
0
0
-1
-1
1
0
0
0
0
-1
0
1
0
0
0
-1
1
0
1
0
1
-1
0
0
0
-1
0
0
0
0
0
0
0
0
0
0
0
0
0
0
0
0
0
1
0
0
0
0
1
0
0
0
0
0
0
0
0
0
0
0
0
0
0
0
0
0
0
0
0
1
0
0
0
0
-1
0
0
1
0
0
0
0
0
-1
0
0
0
0
0
0
-1
0
0
-1
0
0
0
-1
0
0
0
0
-1
0
0
0
0
0
0
0
0
0
0
0
0
0
0
0
-1
0
0
0
-1
0
-1
0
-1
0
0
0
0
1
0
0
0
0
-1
1
0
0
0
0
0
1
0
0
0
0
0
0
1
0
0
0
0
-1
0
-1
0
0
0
0
0
0
0
0
0
0
0
0
0
0
0
0
0
1
0
1
1
0
1
0
0
0
0
0
1
0
1
0
0
0
1
0
0
-1
0
0
1
0
-1
0
0
0
0
-1
-1
1
0
0
1
0
0
1
0
0
0
-1
1
0
0
0
0
0
0
-1
0
0
0
0
0
0
0
0
0
0
0
0
0
0
0
0
0
0
0
0
-1
0
-1
0
-1
0
0
0
0
0
-1
0
-1
1
0
0
0
0
0
-1
0
-1
0
-1
0
0
0
0
-1
0
-1
0
1
0
0
0
0
0
0
1
0
0
0
0
0
0
-1
0
0
0
0
0
0
0
0
1
0
1
1
0
0
0
0
0
0
0
0
0
0
1
0
1
0
0
0
0
0
0
0
1
0
0
0
1
0
1
1
0
0
0
0
-1
0
0
1
0
0
0
0
0
0
0
0
0
0
0
0
0
-1
0
0
0
0
0
0
0
0
0
-1
0
1
0
0
0
0
0
0
0
-1
1
0
0
0
1
0
1
0
0
0
0
0
0
0
-1
0
1
0
0
0
1
0
0
0
0
-1
1
1
0
0
1
0
0
0
0
0
0
0
0
-1
0
0
0
0
1
0
0
0
0
0
0
-1
-1
1
0
0
1
0
0
-1
0
-1
1
0
1
0
0
0
0
1
-1
0
0
0
0
0
0
0
0
0
0
0
0
0
0
-1
0
0
0
0
1
0
0
0
0
0
0
0
0
-1
0
0
0
-1
0
0
1
0
-1
0
0
0
0
1
1
1
0
0
-1
0
0
-1
0
0
0
0
-1
0
0
0
0
0
0
1
0
0
0
0
0
1
0
0
0
0
0
0
0
-1
1
-1
0
-1
0
0
0
0
-1
0
0
0
0
0
0
0
0
0
1
0
0
0
0
0
0
0
0
0
0
0
0
0
0
-1
0
0
0
1
0
0
0
0
-1
0
-1
0
1
0
0
1
0
0
0
0
0
0
0
0
0
0
1
-1
0
-1
0
0
-1
0
0
0
0
-1
0
0
0
0
0
1
0
0
0
0
0
0
0
-1
0
0
0
0
0
0
-1
0
0
0
0
0
0
-1
0
-1
0
0
0
0
1
0
0
0
0
0
0
0
0
0
0
0
0
1
0
0
0
0
1
0
-1
0
1
0
0
0
0
0
0
0
-1
-1
0
0
0
1
0
-1
0
0
-1
0
0
0
-1
0
0
1
0
0
0
0
0
0
1
0
0
0
0
1
0
0
0
1
1
0
0
0
0
0
0
1
0
1
0
0
0
1
0
0
0
-1
1
1
0
-1
0
0
0
0
0
0
0
0
0
0
0
1
0
1
0
0
0
0
0
-1
0
1
0
0
-1
0
-1
0
0
-1
0
0
0
0
0
0
0
0
0
0
0
0
0
0
0
0
0
0
0
0
0
0
0
0
0
0
0
0
0
0
0
0
0
-1
0
0
0
0
0
0
0
-1
0
0
0
0
0
0
0
0
0
0
0
0
0
0
0
0
0
0
0
0
0
0
1
-1
0
0
0
0
0
0
0
1
0
0
0
0
0
-1
0
0
0
0
0
0
0
0
0
0
-1
-1
-1
-1
0
-1
0
0
0
0
0
0
-1
-1
0
-1
0
0
0
-1
0
0
0
0
0
0
0
1
0
0
0
0
0
0
0
0
0
0
1
1
0
0
0
0
0
0
0
0
0
0
0
1
0
0
0
0
0
1
1
0
0
0
0
0
-1
0
0
0
0
0
0
1
0
0
1
0
0
0
1
0
0
1
0
1
1
0
0
0
0
0
0
0
0
0
0
1
0
1
1
-1
0
0
0
0
0
0
0
0
0
0
0
1
0
0
1
0
0
0
1
0
0
0
-1
0
0
0
0
0
0
0
0
0
0
1
0
0
0
-1
-1
0
0
0
0
0
0
0
0
0
0
-1
0
1
0
0
0
0
0
0
0
-1
0
1
0
0
0
0
-1
0
-1
-1
0
0
0
0
1
0
0
0
0
0
0
0
0
1
1
0
1
-1
0
0
0
0
0
0
0
0
0
0
0
0
0
0
0
0
0
0
0
0
0
0
0
0
0
0
0
0
-1
1
0
1
0
0
1
0
0
0
0
0
1
-1
0
0
0
0
0
1
0
0
-1
0
0
0
0
1
0
0
1
-1
-1
0
0
0
0
0
0
0
0
0
0
0
-1
0
0
0
1
0
0
0
0
1
0
-1
-1
0
0
0
-1
0
0
0
0
0
-1
0
0
0
0
-1
0
0
0
0
0
0
0
0
0
0
0
0
0
0
-1
0
0
0
0
0
0
0
0
0
1
0
-1
0
0
0
0
0
0
0
0
0
0
0
0
0
0
0
0
0
0
0
-1
0
0
0
0
0
0
0
0
0
0
0
0
0
1
0
0
0
0
0
0
0
1
0
0
0
1
1
0
0
0
-1
1
1
0
0
0
0
0
0
0
1
0
0
0
1
0
0
0
0
0
-1
0
0
0
0
0
0
0
0
0
0
-1
-1
-1
0
0
0
0
-1
0
0
0
0
0
0
0
0
0
1
0
1
0
0
0
0
0
0
1
-1
0
1
-1
0
0
0
0
0
0
0
-1
0
0
0
-1
0
-1
0
0
0
0
0
-1
0
0
0
0
0
0
-1
0
0
0
0
0
0
0
0
-1
-1
0
0
0
0
0
1
0
0
0
0
0
-1
0
0
0
0
0
0
0
0
0
1
0
1
0
0
1
-1
1
0
0
0
-1
-1
0
0
0
-1
0
-1
0
0
0
-1
0
0
0
0
1
0
0
0
0
0
0
1
0
1
0
0
0
0
0
0
1
0
0
0
1
1
0
0
0
0
0
0
0
0
-1
1
0
0
0
0
0
0
0
1
0
0
-1
0
0
0
-1
-1
0
0
1
0
-1
0
0
0
0
0
0
-1
-1
0
0
-1
1
0
1
0
0
0
0
0
0
1
0
0
0
-1
0
0
0
0
0
1
-1
0
0
0
0
0
0
0
0
0
1
0
0
0
0
0
0
-1
0
0
-1
0
0
-1
0
0
0
0
0
0
0
0
1
0
0
-1
1
0
0
-1
-1
0
0
0
1
-1
0
0
0
-1
1
0
0
0
1
-1
0
0
0
0
0
0
0
0
0
0
0
-1
0
0
0
0
0
0
0
0
0
0
1
-1
0
0
-1
1
0
0
0
0
0
0
0
0
0
0
0
0
0
0
-1
0
0
0
0
0
0
0
-1
0
0
0
-1
0
0
-1
-1
0
0
0
0
0
1
1
-1
0
-1
0
0
0
0
0
0
0
0
1
0
0
0
0
-1
1
0
0
1
0
0
0
0
0
1
1
0
0
0
0
0
-1
0
-1
1
0
1
0
0
1
0
0
1
0
0
0
1
-1
-1
1
0
0
0
-1
0
0
1
0
0
0
0
0
0
-1
0
0
0
-1
0
0
1
1
-1
0
0
0
0
0
0
0
0
0
-1
1
0
0
1
0
0
0
0
1
-1
0
0
0
0
-1
1
0
0
-1
0
0
0
0
0
-1
0
-1
1
0
0
1
0
0
0
0
0
0
0
0
-1
0
0
0
1
0
1
0
0
0
0
-1
0
0
1
1
0
0
0
-1
-1
0
0
0
-1
0
0
1
0
1
0
0
1
0
0
1
0
0
0
0
0
0
0
0
0
0
0
-1
1
0
0
0
0
0
0
0
0
0
0
-1
0
-1
0
0
0
0
0
-1
0
0
0
1
0
0
0
0
0
0
0
0
0
-1
1
1
-1
0
0
0
0
0
0
0
0
0
0
0
0
0
-1
0
0
0
0
0
0
0
0
-1
0
0
0
0
-1
0
-1
0
0
0
0
0
-1
0
0
-1
0
0
0
1
0
0
0
0
0
0
1
0
0
0
0
0
1
0
0
0
1
1
0
0
0
0
0
0
0
0
1
1
1
0
0
-1
0
0
0
-1
-1
0
0
0
0
0
0
0
0
0
0
0
0
0
0
0
0
0
0
0
0
0
1
1
1
0
-1
0
0
0
0
0
0
1
-1
-1
0
0
0
0
0
1
0
-1
0
0
0
0
0
0
0
0
-1
0
0
0
0
1
0
0
0
0
0
-1
1
1
0
0
0
0
1
0
0
0
0
0
0
0
0
0
0
0
0
1
0
0
0
0
0
0
1
0
0
0
0
0
0
0
0
0
0
1
0
-1
0
0
0
0
-1
0
0
0
0
0
0
-1
0
0
-1
0
0
0
-1
1
0
0
0
0
0
0
0
0
0
0
0
0
0
-1
0
-1
0
0
0
0
0
0
0
0
0
1
0
0
0
0
0
0
0
0
0
0
0
1
0
0
0
0
0
0
0
0
0
-1
0
0
1
0
0
0
0
0
0
0
1
0
0
0
0
0
0
-1
0
1
0
0
0
0
0
0
0
0
-1
0
0
0
0
0
0
0
0
1
0
-1
0
1
0
0
-1
0
0
0
0
-1
0
0
0
0
1
0
0
0
0
0
0
0
0
-1
0
0
0
0
0
0
0
0
0
1
0
0
0
0
0
1
0
0
1
0
1
-1
0
0
0
0
0
0
0
0
-1
0
-1
-1
0
0
0
0
0
0
0
0
0
0
-1
0
-1
0
0
0
0
0
0
-1
0
0
0
0
0
0
0
0
0
0
0
0
0
0
0
0
0
1
1
0
-1
0
0
0
0
0
0
0
0
0
0
0
0
0
0
0
0
1
0
0
0
0
0
1
0
0
0
0
0
0
0
-1
-1
0
0
0
0
0
-1
-1
0
0
0
-1
1
0
0
-1
0
0
0
0
0
0
0
0
0
0
0
0
0
0
0
0
1
0
0
-1
0
0
0
0
0
0
1
0
0
-1
-1
0
0
0
0
-1
0
0
0
0
0
1
0
0
1
0
1
0
0
0
0
0
0
-1
0
0
0
0
0
0
1
0
0
0
0
0
0
-1
0
1
0
1
1
1
1
1
1
1
1
0
0
-1
-1
-1
-1
-1
1
1
1
1
1
0
0
0
1
0
0
-1
-1
-1
-1
-1
2
0
1
1
0
0
0
0
1
0
1
-1
-1
-2
-1
0
1
0
1
1
1
1
1
2
2
1
1
0
-2
-1
-1
0
0
2
2
1
2
1
1
2
2
2
1
0
-1
-1
-1
-1
-1
0
0
1
1
1
1
2
1
2
1
0
-1
-2
-3
-1
-2
0
1
0
0
2
0
2
1
2
0
0
-1
-2
-2
-3
1
-2
1
-1
1
0
0
2
3
2
0
1
0
-2
-1
-3
-2
-1
1
1
1
0
2
1
1
1
0
-1
-1
-1
1
0
1
1
1
2
1
0
1
1
2
2
1
1
-2
-1
0
0
0
1
1
1
0
1
1
2
2
2
1
0
-1
-1
-1
-2
0
1
1
3
2
1
2
2
2
0
0
-1
-1
-1
0
-1
0
-1
1
2
2
1
0
0
1
3
2
2
-1
-2
-1
0
1
0
1
1
1
1
0
0
1
1
1
1
1
1
1
0
0
0
0
1
0
0
0
0
0
0
0
0
0
-1
0
1
0
0
0
0
0
0
0
0
0
0
0
0
0
0
0
-1
1
0
0
0
-1
0
0
0
1
0
0
0
-2
0
0
0
0
2
1
0
1
0
0
0
2
1
2
1
0
-1
-1
-1
-1
-1
-1
-1
-1
-1
0
2
2
2
2
2
1
0
0
-1
-1
0
0
0
0
1
1
2
2
2
2
0
-1
-1
0
0
0
1
1
1
1
1
0
2
2
1
1
2
1
0
0
0
0
1
0
0
0
2
1
0
0
1
1
1
1
1
1
0
1
0
0
0
1
0
-1
0
-1
0
0
-1
0
0
0
-1
0
0
0
0
0
0
0
0
1
-1
0
0
0
0
-1
0
0
0
0
0
1
0
0
0
0
0
0
0
0
1
1
0
0
0
0
0
0
0
0
0
1
0
-1
0
0
0
0
0
0
0
0
0
0
1
0
1
1
1
0
0
0
0
0
0
0
0
0
0
0
0
-1
0
0
0
-1
0
-1
0
0
1
1
1
0
0
-2
0
-1
0
0
0
1
1
2
2
1
0
0
1
-2
-2
-2
-2
-1
0
1
2
3
3
3
3
1
0
1
-2
-3
-5
-4
-2
-1
-1
1
2
5
3
2
1
1
0
-2
-3
-3
-2
-3
-2
0
2
2
3
3
2
1
1
0
-1
-2
-2
-2
-3
-1
0
1
1
4
4
1
-1
-2
-1
-1
-2
-2
0
1
0
-2
0
1
3
1
1
2
0
-1
-1
-1
0
0
1
0
1
1
0
1
1
2
2
1
0
0
0
0
0
1
1
1
1
0
0
-1
-1
-1
1
0
1
1
1
1
2
1
1
0
2
0
-1
0
0
-1
0
0
0
0
0
1
2
2
2
2
0
-1
-1
0
0
0
2
0
1
1
1
1
2
2
1
1
1
-1
-1
-1
1
-1
1
1
1
0
1
1
2
1
2
2
0
-2
-1
-1
-2
-1
0
1
2
2
1
1
1
1
1
0
0
-1
-1
0
0
0
2
1
0
2
2
1
1
0
-1
-1
-3
-2
-2
-1
0
1
1
0
2
1
1
0
1
2
1
1
1
-1
0
1
0
0
0
0
0
0
0
0
1
1
0
2
0
1
2
1
2
2
2
1
0
0
-1
0
0
1
1
1
1
0
1
0
0
0
0
-1
1
-1
-1
0
1
2
2
2
2
1
0
0
0
-1
0
0
0
-1
0
0
2
2
1
0
0
-1
-2
-1
1
0
0
1
1
0
0
-1
0
0
0
0
-1
-2
-2
-1
0
1
1
3
3
3
2
2
1
1
0
0
0
-1
-1
0
0
1
1
0
1
2
0
1
0
0
-1
-1
-2
-2
-2
-1
0
1
2
1
1
1
0
-1
0
1
0
1
0
0
-1
0
1
2
2
3
3
0
0
0
-1
-1
0
0
-1
0
0
-1
0
0
-1
1
-1
0
0
-1
0
0
0
0
0
0
-1
1
0
0
-1
1
1
0
1
1
2
2
2
1
0
-1
0
-1
0
0
1
1
1
0
1
1
1
2
2
2
0
-1
0
-1
0
0
2
1
1
1
1
1
2
3
1
1
0
0
0
-1
-2
1
2
1
0
0
1
2
1
1
2
3
0
-1
0
0
0
0
2
1
1
1
1
0
2
1
1
1
1
1
1
0
1
0
0
0
0
-1
0
0
-1
-1
0
-1
0
0
0
1
2
1
1
0
-2
0
-1
-1
0
1
2
1
1
0
0
1
1
0
0
0
-1
-1
-2
0
1
2
1
2
2
2
0
0
0
0
1
0
1
0
0
0
0
-1
0
0
0
0
0
-1
0
0
0
1
1
0
0
-1
0
0
1
0
0
-1
1
0
0
0
0
-1
0
0
0
0
0
0
0
0
0
0
0
1
0
0
0
-1
0
1
0
0
1
-1
0
-1
-1
0
0
0
0
0
0
0
0
-1
0
-1
1
0
1
1
0
0
0
0
0
0
0
0
0
0
0
0
0
0
1
0
-1
0
0
0
0
0
0
-1
0
0
-1
0
0
0
0
0
0
0
1
1
0
0
0
0
0
0
0
-1
0
0
0
0
0
0
-1
-1
0
0
0
0
0
1
0
1
-1
0
0
-1
0
0
0
1
0
0
0
0
0
0
0
1
0
1
0
0
0
-1
-1
0
0
0
0
1
0
-1
0
0
0
0
1
0
-1
0
0
0
0
0
1
0
0
0
0
0
0
0
0
0
0
1
0
0
0
0
0
0
0
0
0
0
0
0
0
-1
-1
0
0
0
0
0
0
-1
0
0
-1
0
0
0
0
0
0
0
0
0
0
0
0
0
0
0
0
0
-1
0
0
1
0
0
-1
1
0
0
0
0
0
0
0
0
0
0
-1
1
0
0
-1
0
0
0
1
0
-1
0
0
0
0
0
0
0
1
-1
0
-1
0
-1
-1
0
0
0
1
0
0
0
0
0
1
0
-1
-1
0
0
0
0
0
0
0
-1
0
-1
0
1
0
0
0
0
1
0
0
0
0
0
-1
-1
0
0
0
0
-1
0
1
0
1
0
0
0
0
-1
0
0
0
-1
0
0
0
0
0
0
0
0
-1
0
0
0
1
0
1
0
-1
0
1
0
0
-1
0
0
0
0
0
0
1
0
1
0
0
0
0
0
1
0
1
0
0
0
1
0
0
0
0
0
-1
0
0
0
0
0
0
0
0
0
-1
0
0
0
0
0
0
0
0
0
0
1
0
1
0
0
1
0
0
1
0
0
1
0
0
1
0
0
0
0
0
0
0
0
0
0
0
1
0
0
-1
0
0
-1
0
-1
0
0
1
1
0
0
0
-1
0
0
0
0
0
0
1
0
0
-1
0
0
0
0
-1
0
1
0
0
0
0
0
-1
0
0
0
0
0
0
0
1
0
0
0
0
0
-1
0
0
0
0
0
1
0
0
0
0
0
0
0
1
0
-1
0
-1
1
0
0
0
0
-1
0
-1
0
0
0
0
-1
1
0
0
0
1
0
-1
0
1
1
0
-1
0
0
0
0
0
0
0
0
-1
0
0
0
0
1
-1
0
0
-1
0
0
0
0
0
1
1
0
0
0
-1
-1
0
0
0
1
0
1
1
1
1
1
2
1
1
-1
0
0
1
0
0
0
0
1
1
0
2
1
0
1
2
0
-1
1
0
-1
1
1
0
0
1
1
2
2
0
2
2
0
-1
1
1
-1
-1
1
0
0
1
2
1
1
2
1
1
1
2
-1
0
-1
0
0
0
1
0
0
0
0
0
0
1
0
0
0
0
0
0
0
0
0
-1
0
0
0
1
0
0
0
1
0
0
0
0
0
0
0
0
0
0
1
0
1
0
-1
0
0
-1
0
0
0
-1
0
0
0
-1
0
-1
1
-1
1
0
0
0
0
0
1
0
1
0
0
0
0
0
0
0
0
0
0
0
1
0
0
-1
0
0
0
0
0
0
0
0
0
0
-1
0
0
1
0
0
-1
0
0
0
0
0
0
0
0
-1
0
1
0
0
0
0
1
0
0
0
0
0
-1
0
0
-1
0
0
0
0
0
0
0
0
0
0
0
1
1
1
1
0
0
-1
1
0
0
0
0
0
0
0
0
0
0
0
0
1
0
0
1
0
1
0
0
1
0
0
0
0
1
0
0
-1
0
0
1
1
0
0
-1
0
-1
-1
0
0
0
1
1
0
-1
0
1
0
0
0
0
1
0
1
-1
0
1
0
0
0
-1
0
0
0
1
0
-1
0
-1
-1
0
0
1
0
0
0
1
1
0
0
1
1
-1
0
-1
0
0
0
1
0
0
0
0
-1
0
0
-1
0
0
-1
-1
1
0
0
0
0
-1
0
1
0
0
0
-1
1
0
1
0
1
-1
0
0
0
-1
0
0
0
0
0
0
0
0
0
0
0
0
0
0
0
0
0
1
0
0
0
0
1
0
0
0
0
0
0
0
0
0
0
0
0
0
0
0
0
0
0
0
1
2
0
0
-1
-1
-2
-1
0
2
1
1
1
0
0
-1
0
0
0
0
0
0
-1
0
0
-1
0
0
0
-1
0
0
0
0
-1
0
0
0
0
0
0
0
0
0
0
0
0
0
0
0
-1
0
0
0
-1
0
0
0
-2
0
1
0
-1
1
1
-1
-1
1
0
-1
-1
1
0
-2
0
2
0
0
1
1
1
1
2
1
1
1
1
-1
0
-1
0
0
0
0
0
0
0
0
0
0
0
0
0
0
0
0
0
1
0
1
1
0
1
0
0
0
0
0
1
0
1
0
0
0
1
0
0
-1
0
0
1
0
-1
0
0
0
0
-1
-1
1
0
0
1
0
0
1
0
0
0
-1
1
0
0
0
0
0
0
-1
0
0
0
0
0
0
0
0
0
0
0
0
0
0
0
0
0
0
0
0
-1
0
-1
0
-1
0
0
0
0
0
-1
0
-1
1
0
0
0
0
0
-1
0
-1
0
-1
0
0
0
0
-1
0
0
1
1
0
-1
-1
-1
-1
0
2
1
1
1
0
0
0
-1
0
0
0
0
0
0
0
0
1
0
1
1
0
0
0
1
1
0
0
-1
-1
-1
0
0
2
1
1
1
0
0
0
0
1
0
0
0
1
0
1
1
0
0
0
0
-1
0
0
1
0
0
0
0
0
0
0
0
0
0
0
0
0
-1
0
0
0
0
0
0
0
0
0
-1
0
1
0
0
0
0
0
0
0
-1
1
0
0
0
1
0
1
0
0
0
0
0
0
0
-1
0
1
0
0
0
1
0
0
0
0
-1
1
1
0
0
1
0
0
0
0
0
0
0
0
-1
0
0
0
0
1
0
0
0
0
0
0
-1
-1
1
0
0
1
0
0
-1
0
-1
1
0
1
0
0
0
0
1
-1
0
0
0
0
0
0
0
0
0
0
0
0
0
0
-1
0
0
0
0
1
0
0
0
0
0
0
0
0
-1
0
0
0
-1
0
0
1
0
-1
0
0
0
0
1
1
1
0
0
-1
0
0
-1
0
0
0
0
-1
0
0
0
0
0
0
1
0
0
0
0
0
1
0
0
0
0
0
0
0
-1
1
-1
0
-1
0
0
0
0
-1
0
0
0
0
0
0
0
0
0
1
0
0
0
0
0
0
0
0
0
0
0
0
0
0
-1
0
0
0
1
0
0
0
0
-1
0
-1
0
1
0
0
1
0
0
0
0
0
0
0
0
0
0
1
-1
0
-1
0
0
-1
0
0
0
0
-1
0
0
0
0
0
1
0
0
0
0
0
0
0
-1
0
0
0
0
0
0
-1
0
1
1
1
1
1
0
1
0
1
1
0
0
1
0
0
0
0
0
0
1
1
1
0
0
-2
0
0
0
0
1
2
1
0
0
0
0
2
0
-2
0
1
-2
-4
-1
2
1
-1
2
2
-1
-2
1
2
-1
-2
1
0
-3
-3
3
2
-1
0
3
2
-2
0
3
1
-3
0
4
-2
-4
0
3
1
-1
2
2
0
-1
0
2
0
-1
0
2
0
-1
0
1
0
-2
1
2
0
-2
0
1
-1
-1
1
1
-1
-1
0
1
0
-1
1
3
-2
-1
2
1
-3
-1
2
1
-2
1
0
0
-1
0
0
-1
0
-1
0
0
-1
-1
0
1
1
0
0
2
2
0
1
3
0
-2
1
4
-1
-4
1
5
-1
-5
0
5
0
-5
0
4
0
-5
1
4
-1
-4
0
4
0
-6
-1
4
1
-6
-2
5
1
-6
-2
5
2
-6
-2
6
3
-5
-2
8
5
-7
-3
10
7
-10
-6
10
6
-11
-7
12
8
-10
-6
13
6
-15
-7
13
6
-13
-3
15
6
-12
-3
13
4
-11
-5
9
2
-9
-4
6
5
-4
-4
5
6
-1
-5
0
5
-1
-5
-1
4
-1
-5
-1
6
2
-4
0
7
4
-3
1
5
2
-3
0
4
1
-1
3
5
3
3
5
4
2
5
7
3
1
6
7
1
2
7
7
2
2
8
8
3
4
9
8
3
6
11
8
3
8
17
11
0
10
23
15
0
7
28
22
1
4
30
30
-1
-4
28
33
-5
-15
21
32
-8
-21
16
30
-6
-21
10
29
-1
-25
2
22
-3
-25
-10
8
-6
-27
-19
-2
-8
-23
-24
-10
-10
-37
-40
-17
-23
-52
-48
-21
-21
-47
-46
-10
-7
-41
-43
-9
-5
-38
-48
-14
0
-32
-41
-4
16
-9
-27
5
33
-2
-36
-1
29
-7
-41
-5
36
2
-32
16
46
2
-22
21
40
-11
-34
17
36
-16
-32
22
49
10
-20
27
72
33
-9
29
75
49
4
30
85
64
21
54
94
68
39
67
91
51
25
61
65
9
3
44
32
-17
-15
24
5
-52
-34
4
-38
-72
-43
-27
-53
-74
-45
-28
-59
-50
-15
-28
-42
-17
3
-17
-39
2
25
-17
-24
17
31
7
-8
7
23
11
-3
-17
-19
-4
-8
-46
-66
-37
-25
-72
-106
-67
-41
-85
-124
-91
-61
-96
-124
-102
-74
-73
-94
-87
-50
-41
-47
-41
-21
8
9
0
27
46
45
52
63
71
70
81
108
94
69
107
139
109
74
103
145
110
58
100
141
90
59
108
124
76
61
103
102
44
55
90
40
13
60
68
13
0
75
77
-24
-4
85
43
-42
-18
61
25
-67
-17
54
-6
-48
-13
18
-12
-72
-55
-26
-77
-115
-113
-108
-119
-157
-174
-152
-139
-170
-204
-171
-126
-185
-238
-166
-126
-206
-260
-173
-110
-222
-273
-149
-97
-217
-269
-136
-74
-204
-257
-117
-64
-182
-205
-63
-8
-103
-107
31
84
16
30
147
184
127
136
229
253
195
199
279
302
253
252
315
332
286
281
317
318
291
300
334
320
296
339
370
347
338
355
372
334
274
302
318
246
199
215
247
229
163
170
209
188
162
138
135
151
112
68
77
84
70
48
42
61
36
-29
-65
-87
-151
-265
-362
-406
-465
-582
-686
-735
-774
-833
-918
-987
-1018
-1067
-1133
-1178
-1232
-1270
-1266
-1269
-1295
-1272
-1176
-1087
-1048
-957
-765
-608
-554
-441
-200
-17
20
118
388
575
571
645
882
1057
1050
1037
1193
1326
1251
1191
1263
1309
1232
1126
1139
1167
1054
952
950
927
828
712
703
719
594
505
556
567
463
403
479
495
368
309
362
310
189
145
127
103
54
35
67
19
10
72
70
42
9
16
20
-81
-169
-199
-233
-336
-455
-492
-513
-614
-728
-777
-833
-971
-1138
-1236
-1321
-1503
-1725
-1854
-1933
-2087
-2238
-2298
-2271
-2240
-2174
-1994
-1792
-1529
-1190
-842
-531
-225
164
502
718
925
1146
1314
1409
1490
1559
1607
1646
1670
1658
1655
1686
1678
1600
1531
1505
1439
1277
1117
1030
915
713
555
476
356
223
153
145
84
0
26
37
-40
-120
-156
-187
-341
-482
-513
-602
-764
-854
-818
-805
-927
-934
-736
-635
-686
-673
-452
-277
-361
-406
-238
-111
-211
-309
-184
-76
-163
-206
-49
74
59
113
294
419
418
472
614
622
520
515
541
449
277
178
187
115
-57
-114
-73
-88
-180
-229
-177
-190
-330
-420
-454
-531
-687
-855
-909
-922
-1008
-1059
-1023
-943
-844
-757
-662
-495
-316
-217
-155
-18
125
128
104
222
317
268
273
405
490
471
504
692
806
739
795
979
1024
935
889
999
1019
866
806
818
766
673
613
605
563
515
534
550
501
461
488
451
340
284
281
201
43
-43
-49
-123
-250
-285
-264
-262
-280
-249
-134
-96
-96
-6
118
157
79
98
216
201
110
61
83
82
0
-63
-122
-199
-250
-313
-455
-656
-792
-906
-1162
-1496
-1710
-1876
-2175
-2507
-2655
-2704
-2853
-2967
-2832
-2576
-2394
-2165
-1729
-1233
-852
-459
56
503
798
1080
1424
1646
1654
1746
1943
1973
1828
1798
1951
1933
1707
1654
1760
1687
1414
1254
1292
1165
792
562
543
444
126
-115
-78
-76
-264
-385
-294
-209
-308
-371
-277
-227
-310
-339
-270
-277
-370
-371
-295
-312
-364
-300
-168
-85
-47
67
225
333
438
522
611
666
669
692
675
620
587
577
605
626
646
740
857
963
1049
1122
1260
1341
1315
1295
1300
1270
1106
943
866
725
482
299
213
57
-223
-441
-552
-777
-1126
-1387
-1529
-1775
-2207
-2564
-2784
-3066
-3503
-3902
-4047
-4164
-4382
-4452
-4310
-4079
-3819
-3435
-2824
-2141
-1512
-839
-129
557
1180
1695
2125
2416
2572
2721
2851
2913
2897
2820
2799
2808
2793
2766
2668
2533
2379
2129
1879
1634
1293
925
580
321
119
-119
-350
-517
-601
-619
-638
-721
-797
-803
-849
-969
-1068
-1099
-1134
-1223
-1293
-1227
-1136
-1140
-1104
-951
-707
-511
-405
-247
-61
126
267
360
524
678
767
831
903
1013
1064
1060
1100
1210
1326
1388
1467
1632
1790
1829
1865
2021
2153
2066
1865
1805
1807
1607
1249
1017
905
667
321
135
110
-22
-274
-390
-376
-502
-797
-1023
-1164
-1425
-1798
-2064
-2200
-2414
-2719
-2916
-2939
-2978
-3193
-3457
-3564
-3603
-3814
-4106
-4170
-4040
-4007
-4028
-3688
-2989
-2320
-1734
-968
-18
795
1479
2219
2879
3262
3358
3410
3545
3598
3531
3389
3179
2988
2892
2876
2773
2490
2265
2120
1842
1518
1273
1002
591
153
-44
-144
-457
-810
-970
-1038
-1164
-1325
-1367
-1385
-1519
-1572
-1470
-1414
-1473
-1508
-1382
-1223
-1189
-1137
-1004
-871
-749
-628
-421
-186
-30
147
414
711
945
1120
1308
1510
1603
1573
1610
1709
1679
1557
1556
1677
1730
1712
1820
2042
2160
2180
2246
2289
2158
1950
1804
1597
1197
777
559
375
91
-161
-252
-279
-404
-494
-539
-673
-894
-1108
-1233
-1429
-1759
-2061
-2224
-2369
-2674
-2987
-3093
-3176
-3528
-3954
-4127
-4236
-4601
-4996
-5036
-4869
-4781
-4580
-4028
-3246
-2376
-1453
-571
242
1101
2072
2907
3315
3492
3722
3951
4093
4131
4048
3822
3512
3348
3321
3160
2849
2515
2171
1801
1474
1261
949
383
-72
-203
-298
-563
-900
-1108
-1203
-1305
-1391
-1519
-1716
-1813
-1707
-1512
-1481
-1606
-1525
-1234
-1046
-952
-751
-513
-484
-551
-308
137
323
281
398
783
1150
1330
1530
1808
1942
1937
2014
2120
2018
1773
1713
1822
1773
1570
1567
1801
1942
1912
1984
2175
2155
1883
1709
1704
1493
958
478
277
88
-222
-437
-492
-545
-634
-672
-635
-656
-802
-948
-1102
-1373
-1665
-1860
-2063
-2432
-2860
-3057
-3072
-3323
-3912
-4403
-4536
-4685
-5194
-5688
-5708
-5520
-5556
-5525
-4882
-3762
-2710
-1823
-861
208
1306
2468
3555
4195
4338
4445
4816
5185
5192
4881
4521
4216
3927
3657
3415
3117
2699
2205
1764
1470
1258
914
297
-283
-481
-555
-884
-1432
-1784
-1828
-1871
-2026
-2215
-2314
-2247
-2106
-1971
-1844
-1676
-1414
-1226
-1133
-869
-458
-233
-293
-239
188
614
782
893
1104
1329
1560
1918
2250
2336
2289
2309
2333
2217
2062
1886
1665
1465
1328
1250
1193
1263
1404
1442
1459
1571
1689
1617
1451
1363
1225
838
382
117
-82
-319
-550
-664
-674
-660
-583
-532
-580
-685
-844
-987
-1146
-1399
-1715
-2080
-2477
-2856
-3087
-3222
-3586
-4226
-4750
-4958
-5165
-5611
-6008
-6096
-6091
-6144
-5906
-5092
-3927
-2725
-1530
-391
622
1800
3423
4928
5446
5213
5323
6000
6392
6117
5670
5265
4623
3912
3603
3498
2997
2177
1562
1183
754
336
42
-403
-1120
-1616
-1559
-1473
-1921
-2513
-2582
-2293
-2284
-2576
-2686
-2447
-2133
-1956
-1812
-1512
-1084
-710
-423
-112
267
634
852
847
850
1131
1455
1391
1109
1168
1598
1932
1986
2019
2185
2321
2255
2066
1909
1784
1615
1420
1278
1212
1251
1439
1657
1724
1739
1929
2166
2161
2012
1962
1865
1475
890
402
84
-162
-432
-731
-974
-1031
-939
-917
-1130
-1430
-1536
-1501
-1688
-2165
-2546
-2653
-2858
-3352
-3656
-3506
-3591
-4439
-5259
-5240
-5050
-5602
-6382
-6547
-6440
-6570
-6405
-5366
-3845
-2429
-1122
184
1432
2837
4684
6428
7017
6533
6288
6864
7338
6938
6075
5298
4494
3608
3029
2789
2320
1427
625
224
-70
-397
-631
-1012
-1746
-2234
-2003
-1769
-2300
-3010
-2983
-2485
-2340
-2577
-2690
-2483
-2083
-1610
-1181
-829
-438
-5
341
646
1071
1486
1568
1346
1261
1505
1702
1447
949
767
982
1149
1067
1025
1189
1333
1322
1300
1372
1464
1447
1297
1249
1493
1770
1794
1810
2070
2350
2501
2706
2918
2882
2699
2611
2443
1920
1267
827
452
-167
-886
-1264
-1244
-1294
-1723
-2175
-2317
-2411
-2701
-2885
-2881
-3174
-3759
-4075
-4097
-4185
-4175
-3929
-3894
-4366
-4858
-4651
-4388
-4902
-5750
-6116
-5927
-6040
-6082
-5065
-3395
-1624
0
1425
2827
4308
6211
8148
8869
8443
7840
7677
7749
6985
5573
4289
2968
1640
774
451
110
-603
-1370
-1695
-1634
-1438
-1282
-1657
-2296
-2413
-2089
-1904
-2124
-2436
-2424
-2251
-2109
-1861
-1562
-1298
-905
-254
503
1059
1432
1825
2132
2258
2399
2595
2428
1683
897
649
608
74
-811
-1193
-859
-468
-322
-85
309
602
843
1188
1541
1784
1864
1752
1677
1944
2441
2829
3040
3233
3499
3770
3863
3723
3475
3147
2665
2012
1204
374
-228
-738
-1441
-2067
-2244
-2287
-2551
-2780
-2825
-2899
-2944
-2881
-2949
-3209
-3406
-3375
-3289
-3385
-3509
-3436
-3083
-2772
-3036
-3605
-3962
-4191
-4709
-5531
-6213
-6398
-6421
-6706
-6225
-4286
-1791
423
2222
4104
6030
7745
9732
11272
11029
9508
8256
7923
7243
5129
2908
1410
-181
-1808
-2723
-2722
-2670
-3351
-3756
-3152
-2318
-1703
-1517
-1790
-1949
-1700
-1080
-792
-1330
-1740
-1549
-1186
-722
-428
-243
309
1035
1796
2395
2752
3194
3281
2863
2502
2235
1593
318
-976
-1631
-1990
-2735
-3575
-3948
-3708
-2861
-1801
-752
245
1137
2199
3286
3936
4309
4665
4855
4727
4497
4574
4803
4620
4134
3864
3806
3572
3014
2323
1640
1032
353
-701
-1992
-2892
-3120
-3271
-3556
-3607
-3261
-2744
-2508
-2302
-1783
-1144
-890
-1247
-1573
-1652
-1609
-1566
-1879
-2192
-2414
-2523
-2600
-3581
-4795
-5270
-5700
-6826
-8711
-10056
-9999
-9608
-9009
-7453
-5023
-1742
1875
5028
7680
10048
12647
14829
14889
13034
10860
9338
8101
5693
2218
-607
-2621
-4666
-6291
-6497
-5617
-4959
-4842
-4474
-3285
-1598
-328
-15
-249
-261
162
382
-131
-772
-669
-87
254
501
1145
2130
3157
3989
4405
4501
4486
4022
2779
1265
18
-1291
-3181
-5303
-6736
-7050
-6735
-6384
-5802
-4419
-2253
105
2185
3949
5545
6934
7805
8033
7870
7538
7011
6209
5166
4186
3576
3095
2286
1394
907
598
12
-805
-1654
-2372
-2770
-3079
-3687
-4187
-3909
-3120
-2497
-1957
-1017
178
1029
1374
1609
1963
2075
1594
794
96
-497
-1163
-1934
-2784
-3758
-4611
-5059
-5652
-6904
-8050
-8506
-9198
-10935
-12796
-13261
-12352
-11102
-9329
-6061
-1429
3759
8973
13272
15552
16155
16307
16194
14950
12073
8357
5098
2275
-1095
-4718
-7424
-9198
-10436
-10662
-9431
-7206
-5142
-3745
-2146
47
2099
3397
3694
3378
3183
3178
3012
2321
1437
1251
1631
2076
2670
3251
3679
3820
3465
2860
1976
531
-1489
-3865
-5838
-7127
-8283
-9310
-9815
-9257
-7374
-4880
-2273
538
3540
6669
9394
10994
11512
11350
10729
9603
7800
5567
3305
1125
-934
-2618
-3521
-3747
-3937
-4141
-3800
-2961
-2261
-1847
-1373
-757
-92
582
1087
1354
1711
2436
3301
3799
3787
3651
3516
2884
1653
609
5
-1028
-2785
-4269
-4975
-5500
-6219
-6765
-6816
-6627
-6445
-6359
-6672
-7262
-7594
-7661
-8140
-9499
-10424
-9261
-6710
-4003
-1064
2899
8416
13664
16290
16750
16246
15428
14393
11719
6881
1402
-3290
-6799
-9901
-12770
-14133
-13755
-12492
-10367
-6869
-2195
2248
5083
6639
8119
9615
9969
8479
6017
3904
2435
1093
-410
-1558
-1644
-1037
-553
-10
817
1368
1082
-98
-1499
-2693
-4267
-6374
-8247
-9315
-9285
-8320
-6888
-4894
-1922
1926
5839
8970
11167
12574
13053
12452
10832
8375
5299
1894
-1419
-4216
-6135
-7084
-7345
-7194
-6444
-4729
-2306
-81
1519
2982
4593
5736
5851
5321
4819
4439
3939
3269
2424
1465
643
66
-566
-1453
-2276
-2804
-3214
-3554
-3643
-3452
-3266
-3436
-3669
-3466
-3083
-3013
-3171
-3077
-2828
-2934
-3098
-3272
-3941
-4511
-4701
-5183
-6371
-8198
-9048
-7785
-5605
-3056
-67
3514
8471
13204
15300
15244
14203
12742
10754
6955
1170
-4807
-8977
-11001
-12157
-12594
-11376
-8890
-6013
-2553
1950
6792
10062
10666
9668
8644
7563
5276
1659
-1816
-3719
-3996
-3504
-2954
-2180
-600
1338
2570
2843
2512
1700
-138
-3016
-5505
-7072
-8509
-9727
-9945
-8298
-4809
-1093
1960
4969
8379
11658
13271
12512
10539
8213
5445
2168
-1458
-4691
-6666
-7338
-7215
-6415
-4515
-1612
1247
3344
5000
6573
7437
6814
5338
4284
3663
2610
1074
-169
-642
-540
-363
-509
-822
-873
-745
-983
-1615
-2047
-2016
-1877
-1887
-1793
-1410
-943
-808
-1150
-1493
-1595
-1943
-2823
-3733
-4112
-4293
-4790
-5254
-5554
-5937
-6327
-6915
-8057
-10089
-12085
-11573
-8475
-4834
-1037
3691
9939
15843
18049
17209
15529
13244
10701
7090
1320
-5184
-10374
-13123
-14031
-13996
-12092
-8489
-4712
-886
3389
7989
11319
11359
9199
7294
5866
3690
415
-2551
-3840
-3509
-2137
-484
798
1904
3028
3482
2526
445
-1976
-4675
-7664
-9874
-10293
-9373
-8073
-6196
-2829
1863
6419
9509
11012
11649
11699
10527
7616
3634
-158
-3119
-5316
-6784
-7249
-6526
-4740
-2232
589
3211
5053
5829
5832
5588
5221
4363
2838
1160
113
-66
159
258
224
418
909
1265
1018
183
-740
-1335
-1697
-2008
-2036
-1581
-978
-607
-349
-86
-56
-547
-1460
-2280
-2745
-3243
-4090
-4820
-4916
-4526
-4100
-3875
-3906
-4334
-5100
-5965
-7601
-10741
-13685
-13778
-10410
-5128
54
5451
12208
17760
19104
17358
14526
11262
7731
3305
-2489
-8563
-13000
-14701
-14036
-11807
-8318
-3844
698
4355
7415
10394
11978
10430
6455
2674
659
-434
-1959
-3367
-3056
-1047
1133
2621
3323
3148
2324
947
-1438
-4504
-7145
-9264
-10888
-10631
-7788
-3965
-672
2351
5660
8878
10943
10845
8733
5962
3537
1270
-1315
-3955
-5743
-6004
-4990
-3414
-1549
601
2696
4249
5191
5568
5113
3631
1734
541
431
655
465
120
355
1216
1958
1977
1445
937
687
422
-167
-931
-1424
-1464
-1273
-1009
-472
288
663
257
-444
-776
-1028
-1835
-2960
-3457
-3223
-3045
-3181
-3154
-2668
-2213
-2174
-2626
-3520
-5042
-6680
-7944
-9826
-12287
-13553
-11036
-5398
623
6204
11609
16830
18775
17203
14269
9883
5331
962
-4083
-9509
-13562
-14855
-13492
-10047
-5590
-842
3270
5932
7414
8361
8745
7722
4869
1351
-759
-959
-557
-611
-530
758
2818
4001
3304
1282
-1055
-3453
-5966
-8121
-9243
-9242
-8355
-6313
-2705
1789
5482
7374
8028
8329
8035
6302
3278
292
-1571
-2434
-2939
-3161
-2693
-1525
-261
631
1266
1837
2112
1824
1300
1173
1521
1822
1833
1998
2657
3313
3201
2354
1512
1020
464
-459
-1319
-1544
-1191
-733
-296
284
933
1270
1063
495
-22
-367
-874
-1715
-2393
-2255
-1503
-1051
-1232
-1234
-457
319
-74
-1264
-2041
-2282
-2692
-3751
-4968
-5612
-5669
-5877
-6462
-7094
-7822
-9220
-10643
-8719
-3209
2902
7415
10972
15365
17822
16759
12995
7488
2427
-1867
-6060
-10347
-13625
-14403
-12117
-7811
-3230
1446
5571
7932
8414
8154
8189
7469
4394
332
-1401
-264
1087
934
392
899
2069
2316
460
-2837
-5780
-7629
-8836
-9360
-8510
-6310
-3527
-583
2665
5966
8203
8268
6492
4446
3064
1752
-234
-2231
-2759
-1542
-49
376
121
296
869
809
-126
-952
-839
-47
876
2033
3667
5244
5879
5416
4473
3436
1992
-102
-2245
-3396
-3173
-2154
-976
353
1955
3411
3862
3041
1644
267
-1224
-2823
-3796
-3611
-2822
-2125
-1458
-549
594
1166
411
-809
-1368
-1563
-2470
-4204
-5158
-4788
-4397
-4115
-3796
-4058
-4666
-5732
-7845
-10744
-13355
-13031
-8049
-812
5747
11271
15813
18326
18002
14978
9621
3180
-2509
-7116
-10910
-13427
-13989
-11747
-6975
-1559
3166
6742
8672
8640
7056
5260
4049
2637
572
-976
-513
1793
3864
3974
2568
1219
329
-1294
-4429
-7855
-9710
-9579
-8245
-6077
-2964
520
3347
5265
6558
6930
5749
3253
636
-1094
-1707
-1474
-814
42
1194
2593
3379
2667
758
-1204
-2595
-3482
-3750
-3067
-1437
747
3171
5603
7458
7901
6703
4560
2228
-109
-2296
-3751
-3911
-2699
-572
1631
3123
3690
3460
2465
770
-1173
-2790
-3768
-3926
-3138
-1565
235
1724
2677
2973
2507
1395
-60
-1543
-2839
-3723
-3909
-3494
-2924
-2337
-1586
-943
-1193
-2424
-3772
-4952
-6329
-7769
-8816
-9505
-10611
-11579
-9272
-2427
5561
11053
13803
15532
16660
15301
10254
3132
-3306
-7473
-9617
-10479
-10106
-8346
-5222
-993
3389
6440
7105
5503
2957
1247
1252
2099
2367
2158
2848
4833
6687
6730
4533
859
-2963
-5794
-7400
-8386
-9056
-8783
-6830
-3432
270
2962
3931
3544
2924
2658
2111
695
-824
-1102
15
1511
2565
3092
3218
2942
2224
940
-1030
-3328
-4928
-4814
-2916
-158
2376
4261
5717
6865
7202
6097
3784
1299
-535
-1527
-1693
-1107
-104
917
1783
2370
2368
1513
58
-1324
-2093
-2176
-1831
-1353
-794
138
1614
3020
3239
1899
-76
-1557
-2389
-3030
-3484
-3330
-2523
-1469
-560
-122
-466
-1577
-3047
-4489
-5708
-6415
-6506
-6492
-6781
-6946
-7154
-8700
-10887
-9752
-3148
5343
10843
13070
14761
16185
14582
8832
1709
-3693
-7162
-9362
-9575
-7580
-5000
-2966
-699
2453
5308
5941
3822
740
-524
1022
3615
5152
5661
6308
7156
7159
5525
2237
-2107
-6367
-9251
-10018
-9010
-7377
-5846
-4005
-1378
1354
2879
2543
969
-414
-691
-80
954
2304
3629
4376
4583
4508
3729
1739
-864
-2802
-3590
-3832
-3967
-3512
-1931
432
2770
4576
5558
5530
4693
3600
2614
1774
1213
1288
2046
2944
3412
3261
2397
824
-905
-2078
-2685
-3053
-3034
-2364
-1214
59
1170
1780
1763
1443
1167
883
462
-32
-475
-711
-528
-90
-45
-803
-2022
-2993
-3249
-3101
-3272
-3728
-3754
-3361
-3224
-3334
-3293
-3435
-4324
-5863
-7804
-10421
-13650
-15385
-12029
-2779
7694
13789
15362
15998
16225
13043
5932
-1344
-5694
-7560
-8031
-6724
-3869
-1318
-73
876
2223
2825
1468
-1129
-2822
-2032
1091
5132
8659
10815
11170
9601
6388
2030
-2852
-7193
-9666
-9825
-8386
-6139
-3473
-933
707
978
56
-1324
-2408
-2947
-2809
-1616
536
2937
5116
6757
7032
5430
2763
380
-1119
-2086
-3067
-3909
-3729
-2134
84
1856
2831
3159
2946
2341
1661
1245
1325
1938
2848
3768
4457
4529
3722
2361
920
-549
-1848
-2408
-2186
-1686
-1056
-232
467
705
594
371
249
358
548
486
225
234
602
832
660
394
84
-754
-2122
-3195
-3485
-3355
-3036
-2243
-1205
-859
-1443
-2199
-2828
-3810
-5237
-6583
-7498
-8061
-8931
-11110
-13930
-13687
-7253
2946
10794
13648
14441
15439
14150
8364
947
-3772
-5300
-5725
-5247
-3006
-472
477
369
459
626
-240
-2049
-3022
-1896
1452
6065
9788
11380
11245
9678
6414
1705
-2989
-6249
-7829
-7564
-5841
-4361
-3877
-3369
-2222
-1302
-1679
-3229
-4880
-5439
-3965
-617
3050
5500
6621
7071
6788
5134
2267
-764
-3026
-4123
-3883
-2450
-661
471
904
1426
2212
2379
1393
82
-221
935
2856
4517
5467
5801
5512
4534
3253
2050
676
-916
-1910
-1767
-1201
-1113
-1410
-1474
-1112
-629
-376
-368
-249
371
1331
1930
1650
723
-77
-268
-74
35
-144
-671
-1415
-1787
-1454
-1158
-1570
-1988
-1691
-1320
-1734
-2611
-3156
-3370
-3665
-4035
-4630
-5764
-7329
-9392
-12254
-15062
-14871
-8784
1501
10072
13786
14919
15306
12843
6557
368
-2221
-2883
-4033
-4387
-2383
140
800
162
-174
-434
-1651
-3419
-3914
-1671
2872
7636
10689
11490
10335
7632
4010
263
-3128
-5839
-7198
-6595
-4555
-2706
-2195
-2653
-3201
-3671
-4314
-4954
-5028
-4021
-1761
1473
5004
7742
8477
6839
3726
523
-1709
-2558
-2562
-2432
-1914
-627
658
1160
1272
1319
871
-22
-614
-622
-168
992
2981
4931
5716
5296
4570
3949
3099
2068
1325
648
-528
-1797
-2196
-1760
-1408
-1468
-1399
-997
-706
-489
265
1322
1610
1029
470
215
25
87
525
963
1308
1652
1557
686
-405
-1091
-1448
-1701
-1803
-1746
-1572
-1270
-1087
-1396
-1990
-2402
-2860
-3909
-5416
-6868
-8106
-9288
-10792
-12927
-14412
-11987
-3890
6586
13737
15651
14742
12458
7774
1423
-3100
-3917
-2397
-349
1270
1569
411
-965
-1632
-2140
-3074
-3835
-3609
-2245
409
4520
8826
10907
9815
6889
3615
498
-2061
-3672
-4378
-4051
-2414
-136
1195
654
-1306
-3621
-5544
-6680
-6711
-5562
-3608
-1208
1464
3797
4866
4455
3126
1545
335
-90
99
453
770
963
1058
1196
1247
937
539
550
806
854
761
778
930
1420
2511
3604
3559
2312
1043
577
695
988
1203
908
-36
-872
-809
-168
243
528
1276
2037
1644
164
-1026
-1228
-1129
-1233
-1160
-777
-562
-466
215
1443
2198
1945
1146
286
-450
-800
-726
-637
-790
-1047
-1341
-1789
-2544
-3743
-5109
-5877
-5867
-5935
-6521
-6948
-7110
-8244
-10640
-11863
-8805
-1258
7495
13631
15712
14299
10043
3881
-1665
-3893
-2545
517
3253
3977
1956
-1200
-2854
-2734
-2706
-3406
-3784
-3261
-1737
1288
5402
8628
9403
7759
4540
1138
-751
-578
537
1374
1701
1498
295
-2053
-4735
-6751
-7765
-7730
-6586
-4703
-2782
-1073
588
1943
2351
1663
500
-220
196
1743
3557
4651
4703
3766
1999
105
-1053
-1414
-1335
-752
276
1147
1435
1161
374
-644
-1173
-821
-5
688
1232
2063
3316
4364
4412
3386
1891
618
-20
37
549
1104
1246
878
343
-254
-1293
-2716
-3669
-3550
-2705
-1760
-855
304
1673
2468
2170
1416
932
533
-7
-85
571
1081
665
-346
-1062
-1225
-1593
-2498
-3140
-3201
-3226
-3337
-3194
-2820
-2779
-3168
-3379
-3663
-4930
-6468
-6374
-4143
-874
2566
5708
7282
6034
2703
-608
-2489
-2455
-515
2167
3405
2246
331
-450
-202
278
688
629
-70
-778
-510
1031
2854
3997
4555
4478
3180
893
-1048
-1726
-1561
-1035
86
1412
1730
782
-359
-878
-951
-937
-956
-1192
-1612
-1625
-911
29
667
1078
1397
1370
750
-404
-1952
-3267
-3320
-2211
-1101
-572
-513
-630
-566
-168
565
1299
1574
1574
1760
2080
2164
1844
1179
170
-1025
-1729
-1534
-933
-513
-126
761
2086
2961
2784
2236
2362
2830
2438
1218
485
828
1579
2133
2469
2442
1744
568
-491
-1101
-1353
-1521
-1770
-1860
-1356
-390
303
371
246
286
292
66
-222
-362
-285
-15
286
365
149
-154
-289
-259
-437
-1131
-2035
-2581
-2895
-3540
-4436
-5142
-5874
-6787
-6746
-4666
-1668
-10
-355
-1667
-2968
-3630
-2920
-914
1019
1776
1755
1834
2142
2460
2887
3436
3658
3340
3054
3253
3360
2706
1785
1450
1398
663
-738
-1719
-1467
-70
1803
3338
3962
3668
2809
1780
1007
742
685
383
-46
-155
-4
-101
-611
-1181
-1649
-2328
-3194
-3552
-3064
-2329
-1834
-1274
-485
-16
-275
-845
-1036
-679
-180
-12
-283
-661
-711
-430
-265
-441
-656
-661
-514
-147
597
1458
2042
2362
2567
2564
2416
2379
2286
1792
1312
1519
2081
2134
1703
1473
1534
1374
831
396
541
1073
1459
1642
1911
2007
1356
240
-450
-570
-666
-810
-740
-685
-974
-1368
-1493
-1387
-1313
-1504
-1823
-1712
-994
-255
81
106
-321
-1335
-2384
-3054
-3832
-4988
-5933
-6464
-7049
-7259
-5832
-2980
-724
-343
-1067
-1656
-1646
-892
661
2396
3322
3266
3028
3194
3467
3299
2573
1541
698
570
1184
2012
2709
3412
4046
4048
3139
1774
499
-514
-985
-376
1163
2488
2698
2024
1121
292
-397
-949
-1383
-1565
-1378
-917
-390
-68
-183
-590
-989
-1468
-2156
-2751
-2975
-2825
-2177
-1064
-126
20
-506
-1201
-1662
-1628
-1115
-472
55
604
1279
1823
1942
1594
901
125
-344
-332
-94
34
54
269
857
1591
2106
2267
2101
1716
1442
1600
2086
2616
3117
3496
3485
3058
2524
2042
1498
920
544
375
69
-576
-1324
-1770
-1778
-1509
-1235
-1149
-1246
-1299
-1041
-479
71
348
406
295
-246
-1325
-2399
-2802
-2576
-2252
-2129
-2140
-2169
-2269
-2598
-3144
-3614
-3874
-4265
-4950
-5217
-4152
-1969
-52
436
-361
-1323
-1397
-266
1555
3031
3332
2611
1854
1707
1834
1692
1329
1053
993
1312
2122
2921
2960
2373
2005
2051
1842
1052
158
-316
-213
458
1410
1954
1618
815
359
470
716
693
377
-51
-378
-539
-744
-1184
-1640
-1730
-1431
-1021
-730
-691
-956
-1311
-1386
-1071
-660
-562
-880
-1234
-1121
-635
-401
-595
-751
-688
-720
-852
-779
-581
-480
-198
528
1242
1401
1232
1243
1453
1625
1752
1827
1694
1547
1923
2840
3502
3307
2631
2108
1731
1284
1015
1160
1420
1472
1431
1346
920
127
-586
-942
-1106
-1142
-917
-564
-420
-470
-445
-424
-737
-1338
-1833
-2034
-1999
-1710
-1195
-751
-564
-458
-367
-556
-1054
-1531
-1825
-2018
-2077
-1984
-1952
-2195
-2729
-3447
-4017
-3843
-2653
-1115
-347
-743
-1685
-2321
-2102
-838
934
2006
1782
1043
780
973
1171
1330
1513
1513
1353
1492
2074
2578
2590
2396
2376
2325
1846
1039
393
278
689
1287
1665
1696
1501
1235
994
843
695
366
-161
-607
-727
-678
-799
-1061
-1164
-1158
-1324
-1511
-1378
-1172
-1354
-1684
-1572
-1083
-725
-641
-710
-933
-1200
-1231
-1013
-761
-510
-220
30
165
180
27
-259
-425
-234
257
825
1411
2099
2759
3057
2983
2827
2662
2421
2254
2250
2089
1535
922
746
999
1260
1298
1216
1045
635
38
-474
-785
-994
-1125
-1038
-606
47
475
334
-134
-443
-523
-639
-898
-1178
-1377
-1465
-1384
-1079
-662
-407
-420
-481
-424
-391
-538
-829
-1149
-1370
-1429
-1506
-1939
-2811
-3823
-4645
-5120
-4998
-3921
-2047
-338
259
-277
-1239
-1863
-1577
-320
1094
1662
1403
1184
1420
1814
2151
2386
2195
1478
960
1293
1989
2227
2112
2189
2323
2039
1402
777
285
85
507
1366
1873
1612
991
525
311
304
448
514
337
112
17
-143
-543
-974
-1208
-1321
-1418
-1471
-1532
-1673
-1721
-1501
-1212
-1143
-1244
-1368
-1531
-1641
-1427
-912
-489
-337
-185
227
752
1058
1014
715
343
156
360
854
1317
1622
1859
1977
1784
1281
739
451
484
723
1029
1237
1221
1156
1363
1742
1892
1738
1486
1138
649
170
-225
-619
-880
-743
-322
-22
12
22
199
410
397
108
-263
-516
-626
-644
-527
-314
-293
-628
-981
-980
-826
-886
-1049
-970
-634
-229
104
150
-280
-1011
-1636
-2025
-2336
-2736
-3372
-4262
-4905
-4509
-2961
-1164
-178
-291
-1034
-1663
-1518
-449
894
1568
1352
904
783
853
874
981
1287
1574
1747
2013
2365
2383
1969
1669
1829
1949
1436
593
223
591
1303
1963
2336
2175
1414
413
-280
-486
-351
-182
-236
-375
-326
-43
191
181
8
-351
-856
-1366
-1721
-1773
-1498
-906
-304
-42
-138
-456
-811
-1184
-1428
-1350
-1108
-1004
-1090
-1037
-660
-249
-127
-90
197
637
966
1200
1521
1613
1213
739
623
746
663
460
506
809
1215
1550
1732
1694
1478
1318
1252
1236
1245
1253
1176
907
607
475
408
71
-487
-809
-641
-323
-311
-488
-532
-299
28
292
522
610
480
198
-77
-341
-701
-1090
-1344
-1348
-1030
-494
-48
96
-12
-164
-408
-870
-1346
-1644
-1786
-2065
-2638
-3334
-3988
-4252
-3747
-2592
-1386
-811
-1053
-1714
-2173
-1795
-536
809
1449
1292
946
964
1230
1488
1641
1667
1699
1815
1963
1913
1588
1363
1404
1473
1293
866
420
169
373
1138
2050
2436
2048
1254
502
11
-95
165
487
599
588
565
452
98
-414
-980
-1625
-2211
-2519
-2338
-1837
-1271
-658
-4
462
287
-334
-784
-846
-780
-700
-308
182
195
-209
-398
-217
-177
-395
-434
-97
311
502
533
527
599
670
654
649
651
618
586
768
1153
1351
1255
1079
1058
1132
1182
1235
1209
926
531
442
718
915
674
212
-194
-520
-738
-687
-301
31
49
-67
-47
66
-20
-195
-114
186
286
58
-98
21
213
329
351
154
-330
-845
-1018
-812
-611
-737
-1042
-1237
-1463
-1980
-2604
-3034
-3381
-3774
-3880
-3297
-2180
-1206
-797
-906
-1272
-1556
-1450
-739
193
723
758
724
978
1257
1297
1268
1351
1488
1521
1630
1927
2091
1925
1656
1613
1595
1198
556
131
166
497
885
1108
984
515
35
-124
11
277
510
692
783
790
778
570
49
-589
-955
-968
-881
-759
-482
-133
30
-76
-332
-641
-1051
-1386
-1340
-822
-116
197
-19
-437
-712
-742
-685
-527
-255
17
228
290
250
175
37
-48
40
314
546
557
569
788
1175
1508
1572
1395
1085
882
1016
1322
1476
1392
1288
1220
962
635
445
242
-124
-408
-270
47
103
-114
-325
-391
-396
-459
-493
-291
95
346
272
169
222
189
4
-132
-69
-62
-241
-393
-430
-410
-526
-830
-1269
-1726
-2065
-2298
-2476
-2641
-2953
-3485
-3858
-3522
-2461
-1322
-627
-486
-827
-1157
-889
-22
764
858
473
123
124
473
887
1213
1371
1390
1421
1489
1493
1333
1161
1201
1366
1351
993
484
277
674
1444
2018
1989
1517
928
435
239
295
399
295
66
5
106
169
-4
-291
-461
-533
-663
-856
-878
-625
-313
-183
-178
-144
-204
-518
-855
-821
-536
-457
-618
-685
-678
-873
-1107
-986
-610
-343
-191
25
238
385
607
880
932
732
600
702
890
1040
1186
1330
1404
1417
1423
1361
1154
910
799
773
610
289
61
54
112
130
177
199
15
-304
-435
-288
-81
33
87
112
156
301
548
774
723
393
18
-172
-173
-196
-254
-345
-399
-382
-481
-783
-1124
-1285
-1387
-1613
-1871
-1998
-2124
-2425
-2718
-2837
-2861
-2979
-2883
-2151
-1156
-634
-809
-1158
-1261
-1144
-805
-211
392
624
546
644
1103
1547
1613
1487
1540
1710
1632
1341
1187
1166
1099
1055
1190
1259
987
678
635
739
710
608
621
576
401
325
437
468
291
219
354
407
279
178
142
22
-111
-123
-191
-508
-781
-654
-320
-167
-236
-288
-412
-773
-1094
-1063
-743
-550
-534
-415
-217
-141
-234
-262
-122
31
151
280
392
430
478
634
845
966
911
737
594
604
696
727
731
797
851
796
771
903
1033
946
748
689
720
711
624
501
349
98
-101
-166
-166
-181
-244
-262
-303
-399
-478
-501
-479
-437
-337
-185
-36
59
54
-61
-183
-240
-351
-606
-842
-899
-966
-1259
-1612
-1745
-1742
-1884
-2197
-2524
-2849
-3143
-3101
-2478
-1557
-892
-706
-822
-976
-945
-586
21
602
899
886
802
867
1034
1118
1111
1141
1228
1261
1176
1078
1073
1185
1256
1222
1094
817
509
401
670
1076
1241
1159
986
803
553
304
218
201
83
-118
-252
-279
-216
-41
209
376
337
95
-279
-595
-633
-389
-141
-123
-300
-494
-603
-619
-579
-558
-615
-685
-621
-404
-205
-180
-280
-332
-258
-95
155
511
864
1020
975
925
975
1013
967
948
1057
1175
1128
947
808
748
647
470
337
292
216
79
23
114
212
212
199
213
112
-125
-272
-214
-122
-145
-221
-300
-406
-462
-355
-153
-30
-41
-118
-187
-227
-266
-344
-441
-467
-427
-453
-599
-759
-885
-1068
-1321
-1522
-1687
-1956
-2249
-2309
-2148
-2037
-2015
-1826
-1452
-1210
-1252
-1348
-1269
-1026
-705
-333
32
261
339
451
739
1108
1379
1484
1441
1361
1402
1563
1618
1438
1167
1001
959
935
848
737
683
705
787
884
884
700
417
199
96
70
94
162
239
267
219
124
1
-187
-396
-469
-362
-235
-198
-144
45
251
224
-78
-395
-489
-386
-204
36
260
277
67
-115
-90
17
41
13
15
54
135
295
496
619
568
391
259
281
403
543
693
812
784
561
281
120
101
135
202
350
515
560
481
384
277
93
-114
-230
-271
-316
-305
-148
55
101
-36
-201
-299
-369
-427
-393
-255
-160
-192
-231
-151
-57
-85
-183
-218
-252
-477
-900
-1263
-1433
-1590
-1862
-2077
-2132
-2208
-2384
-2424
-2185
-1862
-1642
-1457
-1232
-1056
-943
-699
-239
240
523
681
890
1094
1103
974
928
988
1023
1061
1215
1406
1461
1361
1210
1054
872
692
622
700
834
918
926
859
695
497
384
354
289
146
18
-31
-64
-103
-101
-75
-110
-187
-200
-136
-85
-43
86
258
275
80
-136
-202
-138
-30
111
265
347
335
302
276
212
95
-50
-202
-316
-313
-172
31
204
326
380
338
237
216
347
530
637
697
782
818
715
587
582
597
443
207
80
8
-184
-409
-444
-325
-268
-305
-298
-236
-233
-261
-217
-156
-205
-339
-449
-473
-397
-249
-144
-151
-182
-150
-132
-206
-277
-283
-338
-506
-646
-668
-693
-825
-966
-1021
-1096
-1297
-1529
-1666
-1741
-1782
-1668
-1341
-974
-743
-647
-619
-640
-654
-571
-406
-260
-157
-30
139
325
514
691
825
930
1032
1107
1105
1074
1123
1253
1338
1296
1173
1048
905
730
622
672
731
576
283
128
171
219
212
273
382
356
168
42
130
299
342
267
195
132
22
-64
2
152
183
67
-23
-36
-67
-91
37
287
431
393
334
351
354
285
236
284
366
404
410
416
393
293
162
109
153
220
269
344
425
401
267
161
154
166
146
148
164
85
-89
-211
-225
-258
-397
-537
-558
-506
-491
-521
-551
-579
-646
-750
-838
-899
-952
-969
-887
-731
-620
-621
-670
-717
-780
-859
-884
-837
-803
-856
-949
-1002
-1008
-1040
-1144
-1229
-1167
-961
-766
-698
-709
-710
-657
-488
-154
233
470
500
481
532
614
688
805
957
1045
1030
1010
1030
997
889
844
952
1077
1051
923
866
900
893
798
697
641
593
529
487
477
435
286
44
-184
-327
-413
-460
-401
-248
-185
-335
-528
-541
-393
-227
-35
211
359
308
238
350
541
601
567
608
710
770
809
862
852
750
672
660
634
591
643
760
776
621
401
202
30
-64
-6
139
218
185
116
53
-13
-46
-16
-4
-121
-316
-466
-562
-660
-737
-757
-803
-973
-1210
-1369
-1402
-1368
-1321
-1275
-1256
-1292
-1341
-1324
-1228
-1109
-1030
-1025
-1088
-1166
-1197
-1165
-1105
-1046
-992
-943
-892
-785
-574
-321
-153
-91
-4
174
356
471
583
734
861
929
1021
1166
1262
1240
1172
1149
1186
1256
1325
1327
1186
934
693
546
509
592
754
857
791
605
417
261
125
59
76
74
-41
-218
-354
-434
-482
-494
-477
-486
-558
-616
-577
-463
-375
-350
-324
-277
-230
-170
-61
67
126
95
48
77
201
369
546
724
875
939
905
843
844
934
1041
1075
1027
963
922
895
881
888
848
687
478
359
337
316
276
251
199
42
-174
-327
-402
-500
-641
-738
-780
-855
-976
-1067
-1108
-1171
-1292
-1399
-1406
-1317
-1211
-1135
-1083
-1079
-1154
-1262
-1304
-1279
-1248
-1212
-1118
-997
-930
-925
-940
-980
-1032
-1003
-810
-508
-203
58
263
368
353
290
313
484
743
972
1124
1236
1340
1384
1308
1155
1030
987
1015
1096
1197
1244
1194
1082
940
755
523
332
269
316
379
373
267
76
-154
-341
-419
-390
-357
-409
-483
-461
-379
-373
-432
-432
-378
-398
-482
-481
-371
-292
-303
-313
-266
-211
-167
-84
32
103
100
70
66
129
279
482
629
653
610
575
564
578
634
705
719
680
670
709
731
712
718
734
664
523
449
475
479
419
382
364
238
18
-98
-51
-35
-190
-413
-564
-656
-730
-745
-702
-710
-831
-984
-1068
-1072
-1040
-996
-954
-945
-1006
-1109
-1184
-1176
-1104
-1000
-902
-837
-814
-815
-821
-778
-646
-451
-286
-193
-120
-29
19
-8
-30
38
158
250
336
462
567
571
524
545
661
799
902
959
967
941
904
875
853
823
762
670
576
503
465
487
553
582
503
340
166
29
-64
-104
-94
-75
-111
-203
-271
-256
-213
-237
-314
-346
-312
-271
-237
-177
-116
-125
-196
-246
-217
-131
-32
60
103
53
-29
-24
65
141
165
179
200
185
123
86
136
226
245
200
191
215
180
93
76
182
319
377
336
265
190
103
32
33
114
225
338
434
419
217
-76
-255
-259
-215
-216
-207
-159
-187
-370
-604
-728
-738
-703
-641
-539
-446
-434
-486
-516
-466
-378
-339
-362
-364
-309
-250
-226
-207
-205
-271
-366
-370
-287
-223
-175
-59
56
32
-96
-140
-52
45
101
182
270
263
183
178
274
332
286
236
241
246
254
369
556
628
514
349
255
206
193
293
483
574
477
353
329
297
181
102
112
88
-11
-64
-24
-1
-63
-150
-204
-253
-313
-327
-273
-226
-231
-247
-225
-179
-124
-70
-34
-32
-66
-118
-152
-147
-113
-72
-38
-27
-57
-129
-189
-174
-62
78
132
63
-46
-84
-18
133
322
446
403
213
18
-55
15
152
251
245
153
45
2
54
157
231
248
219
142
19
-93
-117
-74
-88
-195
-256
-173
-47
-9
-72
-212
-395
-467
-260
191
586
646
346
-107
-445
-517
-336
-12
290
367
119
-285
-545
-532
-361
-162
-3
36
-70
-204
-242
-205
-174
-178
-219
-277
-267
-168
-63
-10
28
55
22
-24
24
132
167
128
104
119
147
201
269
282
248
227
212
180
210
346
469
478
423
359
236
76
-11
-7
11
21
27
-35
-183
-300
-308
-279
-285
-279
-222
-168
-176
-221
-255
-277
-303
-328
-316
-246
-140
-55
-14
-6
-42
-127
-170
-74
100
197
171
92
19
-14
39
163
253
238
164
126
144
170
184
218
278
296
249
210
220
220
164
101
72
48
18
48
154
234
188
32
-115
-160
-82
54
158
179
132
46
-46
-105
-110
-89
-82
-68
-27
6
-10
-33
-35
-65
-160
-239
-202
-72
61
140
159
84
-86
-252
-272
-136
17
63
1
-104
-195
-205
-94
61
131
87
-21
-159
-272
-262
-115
29
66
19
-77
-231
-366
-368
-269
-202
-163
-66
56
79
14
-29
-60
-141
-192
-85
111
210
168
80
-17
-124
-170
-88
51
133
156
177
185
141
119
193
277
241
110
18
4
8
-2
-9
-21
-75
-132
-128
-61
10
58
66
6
-80
-76
37
128
112
62
38
-6
-92
-136
-97
-50
-66
-119
-135
-74
51
175
222
173
64
-48
-123
-121
-22
142
298
339
210
2
-101
-40
59
109
155
220
219
131
62
73
85
31
-60
-131
-152
-97
18
108
126
98
52
-5
-22
49
156
204
185
134
63
-31
-95
-96
-98
-162
-224
-196
-107
-54
-44
-27
-20
-69
-125
-100
-10
46
37
-16
-105
-201
-235
-187
-131
-136
-179
-210
-229
-238
-197
-98
-17
4
-3
-13
-27
-18
31
64
49
33
41
61
78
98
112
97
40
-11
12
90
143
147
135
99
15
-79
-97
-22
66
74
2
-80
-127
-134
-99
-21
42
16
-80
-145
-123
-49
23
74
61
-37
-142
-145
-52
19
21
6
-3
-36
-65
-21
82
151
147
108
59
-4
-48
-35
14
44
63
102
159
189
172
111
40
-2
24
117
237
338
371
299
148
14
-14
51
143
212
246
239
187
117
75
89
132
157
147
105
40
-17
-39
-48
-88
-136
-153
-143
-140
-130
-94
-74
-118
-206
-291
-328
-292
-194
-105
-97
-159
-226
-277
-317
-316
-255
-192
-178
-179
-147
-96
-56
-41
-37
-55
-106
-153
-149
-94
-31
12
44
57
45
21
6
6
17
42
84
131
173
221
254
222
123
31
11
41
84
140
183
163
84
8
-22
-15
14
53
78
69
55
71
105
117
90
39
-19
-63
-63
-32
-10
-13
-20
-23
-42
-76
-81
-42
5
30
46
64
60
21
-25
-66
-107
-131
-109
-59
-28
-31
-42
-67
-104
-112
-46
76
185
213
145
29
-57
-67
-15
68
153
191
156
84
41
41
61
90
111
99
72
89
151
183
140
66
5
-49
-93
-79
4
98
129
81
-2
-77
-114
-96
-38
19
54
59
24
-42
-96
-106
-89
-88
-106
-122
-120
-114
-126
-157
-191
-204
-192
-165
-134
-98
-65
-63
-95
-142
-176
-182
-159
-118
-87
-77
-68
-61
-79
-116
-117
-49
42
104
150
198
227
208
156
103
70
74
112
155
169
155
136
114
72
26
9
28
54
64
68
81
96
76
19
-37
-54
-43
-31
-23
-12
-4
-12
-29
-34
-12
25
35
-5
-69
-123
-149
-137
-93
-40
-4
7
-7
-55
-102
-110
-87
-69
-56
-26
28
74
94
91
72
47
24
13
11
34
89
142
151
136
140
159
155
135
123
135
154
148
111
73
78
118
149
140
108
74
21
-65
-140
-151
-97
-27
12
10
-20
-59
-96
-130
-160
-162
-124
-74
-60
-76
-66
-19
4
-23
-59
-78
-98
-121
-123
-95
-61
-37
-35
-55
-106
-179
-228
-208
-140
-79
-45
-22
-12
-22
-41
-51
-64
-85
-95
-78
-42
15
99
175
175
100
33
36
75
101
128
186
233
201
113
53
59
85
80
45
11
1
20
50
58
24
-34
-77
-93
-93
-69
4
68
37
-78
-157
-146
-93
-36
29
89
99
39
-54
-113
-105
-59
-25
-25
-27
-4
16
-9
-59
-90
-87
-58
0
78
152
185
164
91
5
-40
-19
24
42
47
78
125
134
94
59
66
88
93
93
131
209
273
263
169
42
-41
-51
-26
-12
-5
14
23
-23
-91
-106
-40
23
23
-20
-52
-58
-60
-89
-126
-132
-98
-77
-93
-99
-51
19
21
-97
-258
-321
-233
-82
41
104
120
83
-16
-160
-280
-311
-260
-196
-141
-46
110
242
238
103
-77
-221
-307
-310
-217
-50
125
232
233
159
83
36
-28
-153
-285
-301
-155
76
288
411
408
270
59
-108
-156
-90
31
149
229
248
210
136
58
-3
-34
-35
-20
-3
29
89
146
151
93
21
-19
-33
-36
-26
5
24
6
-25
-41
-50
-70
-88
-91
-89
-95
-96
-61
16
94
126
101
25
-69
-123
-94
-9
73
138
207
258
259
221
182
121
8
-122
-181
-133
-33
63
154
234
241
131
-30
-149
-200
-210
-199
-167
-97
9
114
157
114
6
-125
-236
-304
-303
-224
-92
31
92
95
75
37
-36
-126
-182
-177
-131
-68
15
94
128
118
91
49
-20
-80
-95
-83
-80
-87
-87
-81
-56
-3
53
47
-23
-95
-132
-152
-164
-127
-20
104
165
156
130
120
101
43
-36
-79
-42
53
150
202
193
137
60
-32
-128
-180
-149
-84
-47
-38
1
83
162
178
128
49
-31
-111
-174
-173
-86
36
118
134
116
94
65
9
-67
-127
-139
-93
1
120
219
266
240
155
61
-11
-37
-27
34
103
145
136
99
70
48
52
36
19
-8
-4
-9
-20
-26
-13
13
-11
-49
-81
-61
-7
22
24
-31
-55
-58
-47
-60
-61
-33
-22
-56
-128
-145
-121
-68
-20
23
73
77
79
46
-12
-92
-131
-98
-37
24
86
129
135
52
-73
-182
-239
-236
-177
-79
4
51
67
43
-32
-126
-167
-161
-125
-95
-70
-38
-14
5
-7
-35
-23
15
41
23
-2
-9
-25
-36
-39
7
65
126
143
103
29
-47
-50
-48
-18
17
79
114
103
84
58
50
18
7
-5
-5
-7
-21
-9
6
42
89
122
149
119
94
48
9
-14
7
94
144
154
117
110
91
39
-7
-27
9
42
64
53
25
15
10
-19
-68
-72
-14
33
16
-46
-43
4
48
28
-22
-49
-58
-44
-51
-47
-14
31
42
-13
-64
-60
-17
-12
-59
-93
-74
-9
41
37
6
-20
-29
-43
-57
-43
3
22
-25
-98
-123
-77
-43
-47
-72
-78
-42
-23
-9
-5
24
40
-10
-78
-120
-61
16
48
14
-27
-16
-6
5
-4
2
1
-38
-102
-160
-114
-3
108
125
91
43
-32
-137
-243
-249
-163
0
146
236
264
237
183
37
-146
-288
-295
-170
-19
143
270
357
342
192
7
-137
-172
-132
-72
-11
62
199
321
317
212
86
-1
-94
-191
-213
-121
54
178
190
147
120
142
126
15
-143
-241
-242
-209
-159
-35
162
316
336
213
48
-71
-167
-229
-260
-203
-53
106
229
253
232
183
43
-136
-293
-295
-185
-70
31
77
151
188
167
83
-35
-101
-170
-223
-258
-178
3
174
248
172
72
-65
-198
-290
-289
-159
-37
49
68
54
62
88
105
50
-42
-113
-129
-108
-71
8
72
108
79
17
-8
-33
-28
-53
-92
-113
-117
-45
26
82
82
38
-5
-67
-89
-90
-57
-27
-47
-66
-75
0
107
170
181
101
-2
-112
-184
-154
-67
69
184
224
193
120
65
17
-30
-64
-56
-8
47
127
187
225
185
54
-76
-161
-108
-14
67
118
107
76
-12
-64
-63
1
57
61
41
9
34
47
36
-4
-49
-65
-69
-43
6
95
138
98
-6
-106
-120
-86
-46
-49
-45
-20
0
17
19
32
20
-17
-86
-142
-121
-50
15
45
35
22
39
19
11
3
-5
-6
-66
-106
-140
-92
-28
11
52
58
104
99
91
41
-29
-91
-170
-184
-164
-42
74
147
139
70
15
-83
-130
-181
-156
-72
-10
48
63
95
108
85
11
-59
-89
-85
-35
3
54
75
51
20
-21
-6
23
38
25
-14
-58
-102
-87
-30
22
67
65
44
28
-4
-17
-28
-41
-55
-50
-16
23
103
143
115
30
-67
-89
-86
-43
-4
62
132
155
159
108
93
62
20
-35
-82
-32
30
118
146
132
99
32
-16
-75
-76
-4
62
67
16
-21
-3
10
5
3
-7
-5
-19
-38
-44
-42
-9
4
-25
-64
-76
-48
-19
-5
4
14
6
-29
-69
-70
-29
5
3
-26
-42
-29
-12
-7
-13
-8
4
-10
-37
-44
-21
9
-4
-37
-68
-75
-39
-8
37
36
20
-24
-107
-108
-76
10
79
111
108
46
-12
-80
-98
-95
-54
-7
38
99
118
126
52
-30
-95
-130
-96
-58
27
97
130
107
37
-12
-44
-52
-84
-113
-100
-55
21
49
70
82
52
4
-64
-67
-48
18
57
30
29
17
50
51
38
42
19
35
17
23
61
87
110
65
23
6
9
50
49
65
64
53
37
-5
-24
-25
7
3
13
-8
10
20
21
9
-4
0
-1
-3
-16
1
-3
4
-29
-63
-47
-43
3
-3
6
-3
8
1
-18
-28
-28
-31
-43
-38
-35
-20
11
16
-8
-40
-39
-33
-27
-43
-48
-40
-33
-27
-32
-17
14
44
2
-8
-39
-20
-12
-22
-19
-49
-3
25
47
50
48
30
-6
-46
-70
-38
-4
49
46
35
16
-1
-22
-57
-59
-38
-26
0
10
28
33
25
11
-30
-40
-39
-37
-18
0
22
25
25
13
-8
-26
-36
-40
-33
-18
1
23
43
74
78
85
47
28
-26
-35
-52
-28
22
43
80
61
63
32
7
0
-12
-10
4
12
28
40
62
66
32
11
-11
-13
-2
-2
25
34
49
47
9
-7
-11
-5
-9
-24
-15
4
3
12
3
-3
16
8
-4
-31
-30
-3
-6
5
5
11
26
18
1
-32
-37
-33
-42
-44
-48
-25
-4
8
6
-9
-3
-10
-13
-25
-26
-13
-5
3
-4
2
13
17
11
-17
-27
-35
-33
-21
-33
0
-8
20
-2
-14
-19
-22
-9
-18
-20
-21
-3
-4
-1
-21
-2
4
8
1
-27
-17
-21
-14
-4
0
39
36
20
-3
-28
-10
-8
-1
15
24
53
40
21
14
-1
20
7
4
17
32
65
34
17
-2
-26
-32
-48
-20
8
41
47
37
32
24
18
-16
-22
-32
-16
9
28
59
71
56
29
-21
-44
-48
-52
-29
-25
18
43
56
51
24
9
-25
-47
-64
-40
-4
31
40
36
33
28
14
-18
-28
-34
-18
-16
-12
17
28
52
19
-13
-29
-40
-30
-34
-33
4
23
49
40
18
6
-24
-49
-64
-67
-32
-2
17
17
9
3
-11
-27
-53
-45
-47
-29
-26
-9
15
23
24
14
4
0
-19
-22
-27
-20
-15
-11
1
9
21
18
13
3
-8
-10
-20
-24
-19
-9
12
19
26
41
33
21
-14
-39
-31
-25
-7
9
27
52
37
20
-9
-33
-17
-26
-10
15
33
79
75
57
36
-1
-10
-37
-40
-23
22
51
69
53
34
24
-4
-28
-52
-52
-42
-10
8
41
57
59
26
-29
-67
-87
-60
-26
20
52
63
64
34
1
-34
-57
-58
-54
-22
4
45
59
57
38
4
-1
-21
-12
-16
-8
7
14
24
27
19
25
2
-15
-32
-48
-40
-37
-25
-34
-13
-13
-13
-2
-26
-24
-35
-29
-22
-28
-1
2
3
-3
-12
-1
-8
-3
2
-4
0
3
10
16
18
11
5
-7
-9
3
7
24
28
22
18
0
-3
-15
-22
-13
-21
-7
-8
6
1
2
-2
-4
-10
-11
-7
-6
4
2
13
3
12
20
19
21
13
21
21
21
17
19
19
19
17
7
22
14
23
2
1
-1
-9
-2
-13
-3
-3
1
4
1
1
8
-2
-6
-18
-18
-5
-5
-5
-12
-17
-6
-7
4
15
16
37
18
28
11
8
20
7
26
10
28
25
21
11
-12
-21
-30
-34
-36
-30
-22
-10
-7
-8
-12
-23
-26
-33
-30
-24
-9
1
5
0
-3
1
3
9
-3
1
-13
-6
-7
-3
7
1
13
-3
2
-3
7
11
6
-9
-17
-18
-7
4
2
6
-8
-8
-15
-12
-1
3
9
-4
-19
-27
-31
-19
-16
-15
-3
5
27
30
31
32
19
16
-9
-15
-13
-6
11
8
13
15
16
16
4
-5
-4
-11
-6
-16
-14
-3
7
19
22
27
31
28
14
4
-5
-2
-2
-10
-8
-1
7
17
13
14
8
5
1
-5
-4
5
10
12
8
2
9
3
14
5
14
10
12
12
0
7
-8
-4
-20
-25
-26
-32
-25
-31
-23
-15
-1
9
19
15
10
0
-13
-19
-28
-18
-9
14
26
40
37
27
14
-17
-22
-42
-27
-20
-8
10
10
26
14
1
-17
-39
-37
-34
-22
-3
9
27
23
12
2
-16
-17
-31
-34
-27
-17
6
18
28
33
25
17
-3
-17
-21
-20
-9
1
13
34
38
42
32
4
-11
-38
-45
-37
-28
6
20
32
36
18
6
-17
-33
-35
-37
-17
1
22
37
38
33
13
-5
-17
-24
-20
-10
8
23
28
36
29
26
12
-11
-14
-32
-17
-19
-3
14
26
38
29
22
6
-6
-26
-33
-33
-18
6
16
34
32
23
6
-19
-27
-31
-20
-4
10
27
28
32
21
10
-5
-23
-28
-34
-17
-5
13
24
24
24
12
4
-8
-17
-29
-36
-36
-32
-17
-3
18
24
30
24
13
4
-13
-19
-28
-25
-16
-10
11
20
31
32
20
12
-4
-15
-17
-21
-17
-15
-13
-8
-6
-2
3
2
2
-4
-14
-18
-21
-16
-2
7
19
23
17
14
2
-4
-9
-9
0
9
23
32
31
25
5
-16
-31
-39
-31
-13
11
30
34
32
17
-3
-17
-31
-36
-28
-19
6
24
40
48
37
26
0
-22
-32
-43
-32
-27
-14
4
12
27
25
22
17
1
-3
-13
-17
-12
-15
-4
4
10
20
20
23
20
8
3
-9
-11
-12
-14
-6
-9
-7
-8
-9
-2
-2
5
10
5
4
-8
-17
-25
-29
-21
-6
11
35
48
52
48
23
2
-28
-45
-46
-42
-13
9
38
53
53
46
19
-9
-33
-53
-54
-48
-31
-9
10
22
26
17
6
-12
-26
-29
-29
-16
-3
11
23
25
25
17
6
2
-6
-4
3
7
21
21
26
21
7
3
-18
-18
-21
-19
-3
1
18
15
14
2
-16
-26
-42
-39
-36
-20
0
15
30
29
27
13
-1
-10
-19
-15
-10
2
14
21
25
21
15
5
-1
-7
0
4
12
16
17
13
7
1
-6
-11
-12
-10
-3
4
14
15
13
1
-9
-24
-27
-30
-22
-17
-5
1
9
12
10
8
0
-2
-7
-5
-3
1
8
12
18
19
19
13
12
7
6
3
-2
-6
-10
-12
-12
-9
-5
-2
2
4
5
2
-3
-13
-19
-25
-21
-16
-5
2
9
8
9
5
3
-1
-2
-3
-5
-1
1
9
11
17
16
15
13
8
5
-4
-4
-12
-10
-12
-8
-4
1
6
5
5
-1
-4
-11
-12
-12
-9
-3
0
6
3
5
-1
-1
-2
2
3
9
9
12
10
4
-2
-5
-8
-7
-3
3
10
14
14
14
8
1
-7
-13
-15
-13
-9
-3
5
10
12
11
9
2
-2
-6
-7
-6
-5
0
1
2
2
2
1
2
2
4
7
9
9
7
2
-4
-9
-12
-10
-5
5
13
19
20
16
8
-2
-11
-19
-21
-18
-13
-5
4
11
14
13
9
4
-5
-13
-16
-18
-17
-12
-7
3
10
16
19
19
16
10
4
-2
-8
-11
-12
-11
-10
-5
-1
3
6
8
8
7
4
0
-6
-11
-15
-17
-14
-10
-1
7
15
18
15
9
1
-7
-12
-13
-10
-3
1
6
8
8
7
4
2
2
4
5
7
9
6
3
-2
-5
-7
-6
-3
2
6
8
9
7
3
-3
-7
-10
-9
-7
-4
-1
2
1
0
-1
0
2
2
3
4
4
1
0
-1
-1
0
1
2
3
2
3
4
4
4
5
5
5
4
3
0
-2
-2
0
0
2
3
5
4
2
-1
-6
-8
-9
-9
-7
-3
-2
0
2
2
2
0
-1
-1
-3
-1
0
1
2
3
3
4
4
4
4
1
-2
-4
-4
-4
-2
0
2
3
2
2
-2
-3
-5
-6
-6
-4
-2
0
2
1
3
0
-1
-2
-4
-6
-7
-6
-5
-3
0
2
5
4
5
3
3
1
-1
-2
-2
-1
1
5
9
11
11
9
6
2
-1
-3
-4
-4
-3
-4
-4
-4
-3
-2
1
2
2
1
2
0
-1
-3
-3
-3
0
2
5
6
8
7
6
3
0
-3
-4
-5
-4
0
3
6
8
7
4
0
-3
-5
-5
-3
-2
2
6
6
6
4
0
-6
-9
-11
-11
-8
-5
3
8
11
10
8
2
-4
-9
-13
-12
-8
-3
3
8
12
13
11
6
1
-5
-9
-12
-13
-12
-7
-3
2
5
7
7
6
3
0
-3
-6
-6
-6
-4
-3
-1
3
5
7
7
7
6
2
-1
-3
-6
-6
-7
-5
-4
0
2
4
5
6
4
2
0
-2
-3
0
1
4
6
7
7
5
1
-1
-2
-4
-2
0
2
4
4
3
1
-1
-3
-4
-4
-2
0
2
3
5
5
4
1
0
-3
-5
-7
-6
-5
-4
-1
2
5
5
4
5
-1
-6
-13
-13
-8
-2
3
10
17
21
15
7
0
-6
-10
-10
-10
-3
3
7
10
9
6
2
-1
-4
-5
-5
-1
1
4
4
3
1
-3
-3
-4
-3
-1
3
5
5
2
-2
-7
-12
-16
-16
-12
-6
2
8
12
11
7
0
-6
-10
-12
-10
-4
5
14
19
21
18
8
-1
-8
-14
-15
-13
-7
-2
4
6
7
4
2
-1
-7
-9
-10
-10
-8
-6
-1
4
5
4
5
3
-1
-2
-4
-2
1
6
10
13
13
13
9
5
3
0
0
2
4
8
9
8
6
4
1
-3
-5
-4
-4
-2
0
-2
-3
-7
-7
-7
-6
-3
0
2
3
1
2
1
0
-1
-2
-2
-2
0
1
3
4
7
8
6
5
1
-2
-3
-4
-2
-3
-1
1
3
5
5
3
2
-2
-4
-8
-10
-10
-9
-5
0
5
7
7
4
-1
-7
-13
-17
-17
-11
-2
6
11
14
13
13
9
4
-3
-8
-11
-8
-4
1
6
10
12
11
9
4
0
-4
-7
-8
-8
-8
-7
-2
1
2
3
3
2
0
-1
-3
-4
-4
-4
-3
-2
-1
0
1
1
4
4
5
6
5
5
3
1
0
-2
-1
0
2
6
8
10
9
7
3
-3
-5
-8
-7
-6
-2
-1
2
1
0
-1
-2
-2
-1
-1
0
-1
-2
-3
-3
-2
-2
0
2
4
5
6
5
4
1
-1
-4
-4
-4
-2
1
4
7
8
9
6
3
-1
-3
-7
-7
-7
-5
-3
1
3
5
6
3
0
-3
-5
-6
-5
-3
0
3
5
4
3
0
0
-2
-2
-1
1
2
2
1
0
0
-2
-1
-1
0
1
3
2
1
1
-2
-2
-4
-5
-3
-2
0
1
4
5
5
4
3
1
-1
-3
-2
-4
-1
0
2
3
4
5
5
4
2
0
1
-1
0
0
1
0
0
-1
-1
0
1
2
4
4
4
3
0
-1
-2
-3
-1
0
0
2
3
4
4
4
3
2
1
0
-1
0
-1
1
1
1
1
1
1
0
-1
-2
-3
-3
-2
-1
0
1
0
0
-1
-2
-2
0
-1
0
0
0
0
0
1
0
-1
0
-2
1
2
2
4
4
2
0
-1
-3
-3
0
0
1
0
-1
0
0
1
3
1
-1
-3
-4
-3
-2
1
0
1
0
0
-1
-1
0
0
0
1
0
1
1
1
1
2
1
1
1
0
0
0
2
2
2
2
2
2
1
0
-1
0
0
0
0
1
1
1
-2
-2
0
1
1
0
0
0
0
0
0
0
-2
-4
-3
-1
1
1
3
4
3
2
1
0
0
0
0
0
1
1
1
0
0
-1
-1
-2
-2
-1
0
1
2
3
3
2
1
-1
-2
-3
-2
-2
0
0
2
1
1
1
2
0
0
-1
1
0
-1
1
1
0
1
0
-1
-1
-2
0
1
3
3
3
1
0
-1
0
0
0
2
0
1
1
0
1
1
2
1
1
2
0
0
0
2
1
2
1
0
-2
-1
-1
-1
-2
0
2
2
1
1
0
-2
-1
1
2
1
1
-1
0
0
1
0
0
0
0
-1
-2
-2
-1
2
2
1
1
1
-1
1
1
2
2
-1
-1
-1
-1
1
2
2
1
2
0
0
0
-1
2
1
2
2
1
1
1
0
0
-1
-3
-3
-4
-2
1
4
5
4
3
-1
-2
-2
-3
-3
-3
-2
-1
1
3
4
3
2
0
-1
-2
-2
-1
1
2
3
3
4
2
3
0
-1
-2
-3
-2
0
1
1
2
4
4
1
-1
0
0
-1
-3
-1
1
2
2
1
1
1
1
0
1
2
1
0
1
1
1
1
-1
0
0
0
0
0
-1
-1
0
0
-1
-1
1
1
1
1
0
-2
-1
0
1
1
0
-1
-2
-2
0
1
1
3
2
-1
-1
-2
-2
-1
0
0
0
0
0
1
1
1
-1
-2
-2
-1
0
1
2
1
1
0
-2
-4
-3
-2
-1
0
3
3
2
2
1
0
-2
-1
-2
-3
-2
-1
-1
1
2
2
4
1
1
0
-2
-2
-2
-1
0
1
2
2
4
2
1
-1
1
2
1
0
-1
-2
-2
0
1
3
3
3
1
0
-1
-1
-1
0
-1
-1
-2
-2
1
4
6
5
2
1
-1
-1
0
1
0
-2
-2
-2
1
3
5
4
4
1
-1
-2
-4
-4
-1
0
1
1
1
0
1
2
1
0
-2
-4
-4
0
0
2
2
3
1
0
0
-1
-1
0
0
1
2
2
2
2
2
3
1
0
0
0
-1
0
1
0
1
2
0
1
0
-1
0
-1
-2
-2
-1
-2
1
0
1
1
1
1
-1
-1
-2
-2
1
2
2
3
3
2
1
-1
0
0
0
0
2
3
3
1
0
-1
0
1
1
2
0
-2
-2
-2
-1
2
2
1
0
0
-1
0
0
-1
0
-1
-1
-1
-1
2
4
5
3
1
-2
0
0
0
1
1
1
2
3
3
1
0
-2
-3
-3
-2
-1
-1
0
-1
1
3
2
2
2
-1
-4
-7
-8
-3
1
3
5
3
1
-1
-2
-2
-1
0
-1
0
0
4
3
5
3
0
-1
-2
0
3
5
5
3
0
-3
-3
-3
-1
0
1
0
-2
-1
0
1
1
1
0
-3
-3
-3
-2
1
2
3
2
2
1
1
1
1
0
1
2
2
1
1
0
-1
1
2
2
2
2
1
-1
-1
0
0
0
0
0
1
1
1
-1
-1
-1
-1
1
1
0
0
-2
-2
0
1
1
2
1
2
0
1
1
2
2
1
-1
-2
-2
-1
2
4
2
-1
-1
-2
-1
-1
1
1
0
0
0
0
0
3
5
3
1
-1
-3
-2
-2
-1
0
0
0
1
0
0
1
1
1
1
1
0
0
0
0
0
0
-1
-1
0
1
1
2
2
2
0
0
0
-2
0
0
1
1
1
0
0
0
0
0
1
0
0
0
-1
-1
1
1
2
3
2
-1
-2
-4
-2
-3
-1
-1
1
1
1
1
1
1
1
-1
1
-1
-1
-2
0
1
2
3
2
1
2
1
1
2
2
1
1
1
-1
0
-1
0
0
0
1
1
1
1
0
0
0
0
0
1
0
-1
-1
0
0
0
0
1
1
0
-2
-1
0
2
4
2
1
0
0
1
-1
-2
-2
-2
-1
-1
0
2
3
3
2
0
-1
-1
-2
-1
-1
0
0
0
-1
0
0
1
0
1
1
1
1
1
0
0
0
-2
0
1
1
2
0
1
1
1
3
4
2
0
-2
-2
-2
-1
1
2
2
2
1
2
1
1
1
0
-1
0
0
2
2
2
1
1
0
-1
0
0
1
1
2
2
1
0
0
0
0
0
0
-1
0
0
0
0
0
0
0
0
0
0
1
0
1
0
0
1
0
0
1
0
0
1
0
0
1
0
0
0
-1
-1
0
1
1
0
0
0
1
1
1
-1
-2
-2
-2
0
0
1
1
2
1
0
0
0
-1
0
0
0
-1
-1
-1
1
1
1
0
1
0
0
0
-2
0
1
0
0
0
0
0
-1
0
0
0
0
0
0
0
0
-1
-1
0
0
1
0
0
0
1
1
-1
-2
-3
0
1
1
2
4
4
3
0
-2
-1
-3
0
0
0
0
1
2
2
-1
-1
0
-1
-5
-6
-2
-1
0
1
6
6
4
2
1
-1
-4
-5
-4
-2
1
3
5
5
4
1
-2
-1
-2
-1
-1
0
-2
0
2
2
3
2
1
0
0
2
2
2
1
0
-2
-2
-1
-1
-1
0
-1
-1
-1
0
0
1
2
0
0
-2
-1
-1
1
-1
0
1
2
2
2
0
-1
-2
0
1
1
0
-2
-2
-2
-2
1
2
3
3
1
0
0
0
0
0
-2
-2
-2
0
1
3
2
3
2
1
0
0
-2
-2
0
0
1
1
2
1
2
1
1
0
0
0
0
0
1
2
2
1
1
-1
-1
-1
0
0
1
1
1
0
-1
0
0
0
1
0
0
0
1
0
0
0
0
0
0
0
0
0
0
1
0
1
0
-2
-1
0
-1
0
0
0
-1
0
1
1
2
3
1
2
-1
0
-2
-2
-1
1
1
3
2
3
1
0
0
0
-1
-1
-2
-2
-1
0
1
2
2
1
-1
0
-1
0
0
1
2
2
2
1
0
-1
0
0
1
0
0
-1
0
0
0
0
0
0
0
0
-1
0
1
0
0
0
0
1
0
0
0
0
0
-1
0
0
-2
0
0
0
0
0
0
0
1
1
2
2
2
2
1
0
-1
-1
-1
1
1
1
1
1
1
0
1
1
1
1
1
1
2
0
0
1
0
1
0
0
1
0
0
0
0
1
0
0
-1
0
0
1
1
0
0
-1
0
-1
0
1
0
0
0
0
-1
-2
0
2
1
1
1
0
1
-1
0
-2
0
1
0
1
1
0
1
1
1
2
1
0
1
-1
-1
0
0
1
0
0
0
1
1
0
0
1
1
-1
-1
-1
0
0
0
1
0
1
0
0
1
2
0
0
2
0
-2
0
1
-1
0
1
0
-1
1
2
2
2
2
0
1
0
0
0
1
0
1
1
1
-1
0
0
0
0
0
0
0
0
0
0
0
0
0
0
0
1
1
1
1
0
1
1
2
1
2
1
0
0
-1
-1
-1
0
0
1
2
2
2
2
2
2
0
-2
-3
-2
-2
0
0
1
0
0
1
2
2
2
1
0
-2
-4
-3
-1
1
1
0
0
-2
0
1
1
2
1
0
-2
-1
-1
-1
-1
-1
1
2
2
2
2
1
1
0
0
0
-1
-1
0
1
1
0
1
1
0
-1
0
-1
0
-1
0
0
0
0
1
0
0
0
0
-1
1
0
0
0
0
0
1
0
0
0
0
0
0
1
0
0
0
0
-1
0
-1
0
0
0
0
0
0
0
0
0
0
0
0
0
0
0
0
0
1
0
1
1
0
1
0
0
0
0
0
1
0
1
0
0
0
1
0
-1
-1
0
0
1
0
-1
0
1
1
2
1
1
2
0
0
1
0
0
2
1
1
1
-1
1
0
0
0
0
0
0
-1
0
0
0
0
0
0
0
0
0
0
0
0
0
0
0
0
0
0
0
0
-1
0
-1
0
-1
0
0
0
0
0
-1
0
-1
1
0
0
0
0
0
-1
0
-1
0
-1
0
0
0
0
-1
0
-1
0
1
0
0
0
0
0
0
1
0
0
0
0
0
0
-1
0
0
0
0
0
0
0
0
1
0
1
1
0
0
0
0
0
0
0
0
0
0
1
0
1
0
0
0
0
0
0
0
1
0
0
0
1
0
1
1
0
0
0
0
-2
0
0
1
0
0
0
-1
-1
0
0
1
3
3
2
1
0
-2
-1
-1
-1
0
1
2
2
2
2
1
1
2
0
-1
-1
-1
0
0
1
0
2
1
1
1
1
1
2
1
1
1
0
1
0
1
0
1
1
0
0
-1
1
0
1
2
2
1
3
2
0
0
1
-1
-1
-1
-1
0
1
2
3
2
2
1
0
-1
0
-1
-1
0
1
2
2
1
1
3
1
1
1
-1
-1
-2
0
-1
2
1
2
1
1
1
1
2
0
1
1
1
0
0
0
0
0
0
0
0
1
1
1
1
2
2
1
0
0
-1
-1
0
0
1
1
1
1
0
1
2
2
1
1
0
1
-1
-1
0
1
1
1
2
1
1
0
0
-1
0
0
-1
0
0
0
0
-1
0
0
0
0
0
0
1
0
0
0
0
0
1
0
0
0
0
0
0
0
-1
1
-1
0
-1
0
0
0
0
-1
0
0
0
0
0
0
0
0
0
1
0
0