36
-119
-208
-90
153
368
511
291
-671
-1559
-1339
-132
1136
1648
1398
517
-704
-1443
-1245
-462
407
1012
968
327
-360
-640
-474
-119
218
437
416
145
-175
-376
-363
-138
141
279
191
10
-54
30
113
99
14
-100
-188
-150
29
146
54
-137
-243
-189
40
349
522
384
-12
-392
-546
-440
-152
122
294
340
222
37
-85
-148
-162
-155
-109
25
146
171
138
50
-66
-123
-76
30
103
121
103
41
-39
-92
-123
-122
-73
-2
50
69
64
22
-35
-43
8
47
36
18
25
32
18
-3
-23
-49
-54
-14
36
49
-3
-72
-84
-19
120
235
157
-81
-301
-360
-203
38
149
81
-68
-152
-89
40
125
119
38
-37
-36
41
112
98
20
-39
-38
-5
12
-2
-19
-14
16
42
47
34
8
-6
17
45
34
-1
-22
-13
24
70
77
21
-65
-116
-92
-21
25
17
-32
-75
-75
-21
42
69
59
38
11
-22
-42
-71
-105
-58
42
87
73
62
38
-16
-59
-37
29
59
27
8
42
64
35
-5
-22
-36
-40
-18
11
19
12
-11
-58
-87
-33
79
139
83
-41
-120
-94
-16
34
48
55
51
21
6
15
-27
-129
-187
-144
-39
68
109
77
27
5
-14
-50
-53
10
88
126
84
-22
-105
-83
3
49
49
62
52
-14
-68
-61
-1
61
72
33
-23
-53
-55
-57
-29
39
74
56
15
-32
-61
-38
6
12
-23
-26
20
61
50
11
-10
-16
-42
-72
-63
-17
21
19
-9
-34
-26
10
35
24
9
16
27
18
12
13
11
6
10
16
9
-5
-6
1
9
12
17
17
1
-21
-29
-17
-3
6
2
-2
3
12
12
7
5
-7
-23
-32
-29
-18
1
21
28
17
-3
-18
-17
-9
-4
0
9
9
2
-5
-2
1
3
5
8
5
0
-2
5
10
9
6
-1
-6
-5
2
8
6
1
0
1
0
0
-5
-9
-10
-7
-3
-1
0
5
6
3
2
5
2
-4
-4
1
1
-6
-4
3
4
0
3
3
-4
-8
-1
9
10
10
10
4
-7
-11
-6
-1
0
4
7
6
2
-3
-8
-8
5
22
23
11
-7
-22
-26
-17
1
14
18
19
12
-6
-26
-25
-6
8
12
16
18
13
-5
-22
-21
-4
6
5
6
7
2
-1
-1
-5
-12
-9
2
7
1
-2
4
5
-1
-4
2
8
3
-7
-11
-4
7
13
9
2
-7
-10
-3
10
13
6
-4
-13
-16
-7
6
10
7
-1
-7
-8
-4
-1
-7
-11
-3
14
17
11
0
-11
-16
-7
8
9
4
1
5
9
9
6
1
-8
-11
-2
10
10
1
-10
-19
-14
7
24
22
11
1
-8
-15
-10
1
0
-8
-6
6
14
10
3
-7
-15
-18
-10
-1
5
11
11
4
-5
-12
-11
4
20
24
20
13
-2
-12
-3
5
4
4
-2
-21
-29
-2
26
21
5
4
-2
-19
-23
-11
-6
-7
0
9
7
3
3
0
-6
-3
7
1
-7
-7
5
13
13
8
-4
-15
-17
-1
21
32
22
0
-18
-23
-17
-6
7
17
18
6
-9
-14
-6
2
4
2
-1
-9
-12
-5
1
-2
0
5
3
-1
1
-1
-7
-2
2
1
-1
-1
0
4
4
1
0
1
4
6
4
-1
0
5
5
-2
-1
-3
-4
6
20
18
3
-9
-16
-21
-15
-3
12
21
13
-7
-19
-13
-1
6
8
5
2
7
15
11
-2
-12
-13
-7
4
14
9
-2
-5
-5
-3
-1
2
-3
-4
3
11
9
2
-5
-8
-10
-7
3
11
8
1
0
-1
-7
-8
2
5
-1
-4
4
11
5
-6
-10
-11
-5
8
16
9
-2
-4
-7
-13
-9
6
11
7
2
-4
-7
1
7
2
-7
-8
2
7
4
-5
-7
-4
2
3
5
8
5
-6
-12
-6
2
4
4
2
2
3
1
-3
0
5
0
-7
-7
-1
2
2
7
7
0
-6
-4
1
3
3
-1
0
1
2
-2
-4
-5
-1
2
6
6
1
-3
-3
-3
-4
-1
0
2
3
8
7
3
-1
-3
-2
1
1
3
3
2
-3
-4
0
2
1
-5
-7
-3
2
3
2
-1
-4
-5
-3
-1
2
4
7
5
-4
-14
-13
-2
7
11
10
7
0
-8
-8
-2
5
6
7
6
1
-8
-8
-3
2
4
4
5
4
-2
-6
-6
-3
1
3
4
3
0
-3
-3
1
3
1
-3
-3
0
1
2
3
4
3
0
-1
-4
-3
-1
6
11
7
-2
-6
-2
0
-2
-4
-3
-1
1
4
5
2
-2
-3
-2
-2
-2
3
7
5
0
-2
-1
0
-4
-3
2
4
2
3
7
4
-3
-7
-7
-3
3
7
7
3
-1
-4
-4
-3
-3
-3
2
4
4
1
-2
-4
-6
-3
0
2
1
3
4
3
0
-1
-1
-1
0
2
5
7
6
1
-2
-3
-2
0
0
1
4
5
2
0
-2
0
0
-2
-2
-1
2
4
3
0
-1
-3
-2
1
3
2
0
1
1
0
0
-1
2
0
-2
-2
2
2
0
-2
-2
-1
1
1
3
3
2
2
0
0
-1
0
2
1
1
-1
-3
1
3
-1
-1
1
1
-1
0
3
-1
-1
-1
0
-1
-1
0
1
2
1
0
-1
-2
-2
0
1
2
1
0
0
-1
0
1
3
4
2
-2
-2
-2
-4
-2
2
1
-1
0
-1
0
1
4
3
0
-2
0
1
1
1
3
3
1
-1
0
-1
-1
1
1
0
-2
-1
0
0
0
0
2
2
0
-2
-1
1
1
2
1
1
0
-2
-2
-1
1
2
3
3
2
0
-1
-1
0
1
1
1
0
-1
-2
-1
1
2
1
1
1
-2
-3
-1
2
0
2
2
0
-1
-1
0
0
1
2
2
-1
-1
-2
-1
-1
0
2
1
1
0
1
1
1
1
2
1
1
2
-2
-3
0
1
1
2
2
-1
-2
0
1
0
1
0
-1
-2
-1
1
0
1
2
1
1
-1
-2
-2
0
0
1
0
1
0
0
0
0
-1
0
0
0
0
-1
0
-1
0
1
0
-1
-1
1
1
0
0
0
1
-1
-3
-2
0
0
0
1
1
1
0
0
1
0
-1
0
0
0
0
0
0
0
0
0
0
0
0
0
0
0
0
0
0
0
-1
0
0
0
0
0
0
0
0
0
0
0
0
0
1
-1
0
0
0
0
0
0
1
1
1
0
0
0
1
3
3
1
2
1
0
0
0
0
0
0
0
1
0
0
0
1
0
0
0
0
0
-1
0
0
0
0
0
0
0
0
0
0
-1
-1
-1
0
0
0
0
-1
0
0
0
0
0
0
0
0
0
1
0
1
0
0
0
0
0
0
1
-1
0
1
-1
0
0
0
0
0
0
0
-1
0
0
0
-1
0
-1
0
0
0
0
0
-1
0
0
0
0
0
0
-1
0
0
0
0
0
0
0
0
-1
-1
0
0
0
0
0
1
0
0
0
0
0
-1
0
0
0
0
0
0
0
0
0
1
0
1
0
0
1
-1
1
0
0
0
-1
-1
0
0
0
-1
0
-1
0
0
0
-1
0
0
0
0
1
0
0
0
0
0
0
1
0
1
0
0
0
0
0
0
1
0
0
0
1
1
0
0
0
0
0
0
0
0
-1
1
0
0
0
0
0
0
0
1
0
0
-1
0
0
0
-1
-1
0
0
1
0
-1
0
0
0
0
0
0
-1
-1
0
0
-1
1
0
1
0
0
0
0
0
0
1
0
0
0
-1
0
0
0
0
0
1
-1
0
0
0
0
0
0
0
0
0
1
0
0
0
0
0
0
-1
0
0
-1
0
0
-1
0
0
0
0
0
0
0
0
1
0
0
-1
1
0
0
-1
-1
0
0
0
1
-1
0
0
0
-1
1
0
0
0
1
-1
0
0
0
0
0
0
0
0
0
0
0
-1
0
0
0
0
0
0
0
0
0
0
1
-1
0
0
-1
1
0
0
0
0
0
0
0
0
0
0
0
0
0
0
-1
0
0
1
1
0
0
-1
-2
-1
-1
0
0
1
1
0
-1
0
0
0
0
0
1
1
-1
0
-1
0
0
0
0
0
0
0
0
1
0
0
0
0
-1
1
1
1
1
0
0
0
0
-2
-1
-1
0
2
2
1
1
-1
0
0
2
1
2
1
0
1
0
0
1
0
0
0
2
0
0
2
1
1
1
0
1
1
1
0
0
0
0
0
0
-1
0
0
0
-1
0
0
1
1
-1
0
0
0
0
0
0
0
0
0
-2
2
0
-2
2
0
-1
1
0
1
0
-1
-1
0
0
0
4
2
2
0
0
-1
-1
0
0
0
1
0
1
0
0
1
0
0
0
0
0
0
0
0
-1
0
0
0
1
0
1
0
0
0
0
-1
0
0
1
1
0
0
0
-1
-1
0
0
0
-1
0
0
1
0
1
0
0
1
0
0
1
0
0
0
1
1
1
1
1
1
1
1
0
2
1
1
1
1
1
0
0
0
0
0
-1
0
-1
0
0
0
0
0
-1
0
0
0
1
0
0
0
0
0
0
0
0
0
-1
1
1
-1
0
0
0
0
0
0
0
0
0
0
0
0
0
-1
0
0
0
0
0
0
0
0
-1
0
0
0
0
-1
0
-1
0
0
0
0
0
-1
0
0
-1
0
0
0
1
0
0
0
0
0
0
1
0
0
0
0
0
1
0
0
0
1
1
0
0
0
0
0
0
0
0
1
1
1
0
0
-1
0
0
0
-1
-1
0
0
1
1
0
0
-1
-1
-2
-1
0
0
1
1
1
1
1
0
1
1
1
2
2
2
1
-1
0
0
-1
0
1
1
1
-1
-2
-1
0
1
1
0
0
-1
-1
2
3
3
1
0
-1
-1
1
0
2
1
0
-1
0
-1
-1
0
1
1
0
2
1
0
0
0
0
1
0
0
-1
0
0
0
0
0
0
1
1
1
2
1
1
1
1
1
1
1
0
0
0
0
0
0
0
0
1
1
2
0
-1
-1
-1
-1
0
0
1
1
1
0
0
0
-1
0
0
-1
0
0
0
-1
1
0
0
0
0
0
0
0
0
0
0
0
0
0
-1
0
-1
0
0
0
0
0
0
0
0
0
1
0
0
0
0
0
0
0
0
0
0
0
1
0
0
0
0
0
0
0
0
0
-1
0
0
1
0
0
0
0
0
0
0
1
0
0
0
0
0
0
-1
0
1
0
0
0
0
0
0
0
0
-1
0
0
0
0
0
0
0
0
1
0
-1
0
1
0
0
-1
0
0
0
0
-1
0
0
0
0
1
0
0
0
0
0
0
0
0
-1
0
0
0
0
0
0
0
0
0
1
0
0
0
0
0
1
0
0
1
0
1
-2
0
0
0
0
0
0
1
1
0
2
1
0
1
0
0
0
0
0
0
0
1
2
1
0
-2
-1
-1
1
1
1
0
-2
0
0
0
0
0
0
0
0
0
0
0
0
0
0
0
0
0
1
1
0
-1
0
0
0
0
0
0
0
0
0
0
0
0
0
0
0
0
1
0
0
0
0
0
1
0
0
0
0
0
0
0
-1
-1
0
0
0
0
0
-1
-1
0
0
0
-1
2
1
2
0
1
0
0
0
1
1
3
3
2
1
0
-1
-1
0
1
1
2
1
0
-1
0
0
0
0
0
0
1
0
0
-1
-1
0
0
0
0
-1
0
0
0
0
0
1
1
1
2
1
2
1
1
1
1
1
0
-1
0
0
0
0
0
0
1
0
0
0
0
0
0
-1
-1
0
-1
0
0
0
0
0
0
0
0
0
0
0
0
0
0
-1
0
0
0
0
1
0
0
0
0
0
0
0
0
0
0
-1
1
-1
0
0
0
0
0
0
0
0
1
0
1
0
0
0
1
-1
0
0
0
0
0
0
0
0
0
0
-1
0
0
0
0
1
1
0
1
0
0
0
0
0
0
0
0
0
0
-1
-1
-1
-1
0
0
0
0
0
-1
0
0
0
0
0
-1
0
-1
0
1
0
0
1
0
0
-1
0
-1
0
0
0
-1
0
1
-1
0
0
0
0
-1
0
1
0
-1
1
1
0
1
-1
0
0
1
0
0
-1
1
0
0
1
0
0
0
0
1
0
0
0
0
1
0
-1
0
-1
0
1
0
1
-1
0
1
0
0
0
0
0
-1
1
1
1
0
0
0
0
0
-1
-1
-3
0
1
2
4
1
0
-1
0
2
1
3
0
1
0
0
0
0
0
0
0
0
0
0
0
0
1
0
1
0
0
0
0
0
-1
0
0
0
0
0
-1
0
0
0
0
0
0
1
0
0
0
0
1
0
0
0
0
0
0
0
0
0
-1
0
1
0
0
0
0
0
0
0
0
0
0
0
0
0
0
0
-1
1
0
0
0
-1
0
0
0
1
0
0
0
-1
0
0
0
0
1
1
0
1
0
0
-1
0
-1
0
0
0
0
0
0
0
0
0
0
0
0
0
2
1
0
0
0
-1
-1
-1
0
1
1
1
1
1
0
0
0
-1
-1
1
1
1
0
0
-1
0
1
1
1
0
-1
0
1
1
0
0
1
0
0
0
0
0
1
0
0
-1
1
0
-1
-1
0
0
0
0
0
1
0
1
0
0
0
1
0
-1
0
-1
0
0
-1
0
0
0
-1
0
0
0
0
0
0
0
0
1
-1
0
0
0
0
-1
0
0
0
0
0
1
0
0
0
0
0
0
0
0
1
1
0
0
0
0
0
0
0
0
0
1
0
-1
0
0
0
0
0
0
0
0
0
0
1
0
1
1
1
0
0
0
0
0
0
0
0
0
0
0
0
-1
0
0
0
-1
0
-1
0
0
0
0
0
0
0
-1
1
0
1
0
0
0
0
1
1
0
-1
0
1
-1
0
0
0
0
0
0
0
0
0
0
0
0
0
1
-1
0
0
0
0
0
0
0
-1
0
-1
0
0
0
0
0
-1
0
1
0
0
0
1
0
0
0
0
0
0
0
0
0
0
0
0
0
0
1
0
1
0
-1
-1
-1
0
0
0
0
0
0
0
-1
0
0
1
-1
0
1
0
0
0
0
0
0
0
-1
0
0
0
0
0
0
0
0
0
0
0
0
0
0
0
0
0
0
0
0
0
0
1
0
1
0
0
0
1
0
0
-1
1
0
-1
0
0
-1
0
0
0
0
-1
0
0
0
0
1
0
0
0
1
0
0
1
-1
0
0
0
0
0
0
-1
0
1
0
0
0
1
-1
0
0
0
-1
0
0
0
-1
0
1
0
-1
0
0
-1
-1
0
0
0
0
-1
-1
-1
0
0
0
0
0
0
0
0
0
1
0
-1
0
1
0
1
0
0
0
-1
0
0
0
0
0
0
-1
1
0
1
0
0
0
-1
0
1
0
0
0
-2
-2
0
1
1
1
1
0
0
0
0
3
1
1
1
0
0
1
1
1
0
-2
-2
-1
0
1
2
1
0
0
0
0
0
1
2
1
3
1
0
0
0
0
0
0
0
0
0
0
0
-1
0
0
0
-1
0
0
1
1
0
0
0
0
-1
0
1
0
-1
0
0
0
0
-1
0
0
0
0
0
-1
-1
0
0
0
0
1
0
0
0
0
-1
0
0
0
0
0
0
0
0
1
0
-1
0
0
-1
0
0
0
0
0
0
0
0
0
0
0
1
0
0
0
0
-1
-1
0
-1
0
0
0
-1
0
0
0
0
1
1
-1
0
0
-1
-1
0
0
-1
0
0
-1
0
0
-1
1
-1
0
0
-1
0
0
0
0
0
0
0
1
0
0
-1
1
1
0
0
0
0
0
0
0
0
0
1
0
0
0
0
0
0
-1
0
0
-1
0
0
1
0
0
1
0
0
0
1
0
0
0
0
0
0
1
-1
0
0
0
1
0
-1
0
0
0
0
0
-1
0
0
0
0
1
0
0
1
0
0
0
1
0
0
0
0
0
1
0
0
0
0
0
0
0
1
0
0
0
0
-1
0
0
-1
-1
0
-1
0
0
0
1
1
0
0
0
-1
1
0
0
0
0
1
0
1
0
0
1
1
0
0
0
0
0
-1
0
0
0
-1
0
0
1
0
0
0
0
1
0
1
0
0
0
0
-1
0
0
0
0
0
-1
0
0
0
1
1
0
0
-1
0
0
1
0
0
-1
1
0
0
0
0
-1
0
0
0
0
0
0
0
0
0
0
0
1
0
0
0
-1
0
1
0
0
1
-1
0
-1
-1
0
0
0
0
0
0
0
0
-1
0
-1
1
0
1
1
0
0
0
0
0
0
0
0
0
0
0
0
0
0
1
0
-1
0
0
0
0
0
0
-1
0
0
-1
0
0
0
0
0
0
0
1
1
0
0
0
0
0
0
0
-1
0
0
0
0
0
0
-1
-1
0
0
0
0
0
1
0
1
-1
0
0
-1
0
0
0
1
0
0
0
0
0
0
0
1
0
1
0
0
0
-1
-1
0
0
0
0
1
0
-1
0
0
0
0
1
0
-1
0
0
0
0
0
1
0
0
0
0
0
0
0
0
0
0
1
0
0
0
0
0
0
0
0
0
0
0
0
0
-1
-1
0
0
0
0
0
0
-1
0
0
-1
0
0
0
0
0
0
0
0
0
0
0
0
0
0
0
0
0
-1
0
0
1
0
0
-1
1
0
0
0
0
0
0
0
0
0
0
-1
1
0
0
-1
0
0
0
1
0
-1
0
0
0
0
0
0
0
1
-1
0
-1
0
-1
-1
0
0
0
1
0
0
0
0
0
1
0
-1
-1
0
0
0
0
0
0
0
-1
0
-1
0
1
0
0
0
0
1
0
0
0
0
0
-1
-1
0
0
0
0
-1
0
1
0
1
0
0
0
0
-1
0
0
0
-1
0
0
0
0
0
0
0
0
-1
0
0
0
1
0
1
0
-1
0
1
0
0
-1
0
0
0
0
0
0
1
0
1
0
0
0
0
0
1
0
1
0
0
0
1
0
0
0
0
0
-1
0
0
0
0
0
0
0
0
0
-1
0
0
0
0
0
0
0
0
0
0
1
0
1
0
0
1
0
0
1
0
0
1
0
0
1
0
0
0
0
0
0
0
0
0
0
0
1
0
0
-1
0
0
-1
0
-1
0
0
1
1
0
0
0
-1
0
0
0
0
0
0
1
0
0
-1
0
0
0
0
-1
0
1
0
0
0
0
0
-1
0
0
0
0
0
0
0
1
0
0
0
0
0
-1
0
0
0
0
0
1
0
0
0
0
0
0
0
1
0
-1
0
-1
1
0
0
0
0
-1
0
-1
0
0
0
0
-1
1
0
0
0
1
0
-1
0
1
1
0
-1
0
0
0
0
0
0
0
0
-1
0
0
0
0
1
-1
0
0
-1
0
0
0
0
0
1
1
0
0
0
-1
-1
0
0
0
1
0
0
0
0
0
0
1
0
0
-1
0
0
1
0
0
0
0
0
1
0
0
-1
0
0
0
0
0
0
0
0
1
0
0
0
0
0
0
0
0
1
0
0
0
0
0
0
-1
0
0
0
0
1
0
0
1
0
0
0
1
-1
0
-1
0
0
0
1
0
0
0
0
0
0
1
0
0
0
0
0
0
0
0
0
-1
0
0
0
1
0
0
0
1
0
0
0
0
0
0
0
0
0
0
1
0
1
0
-1
0
0
-1
0
0
0
-1
0
0
0
-1
0
-1
1
-1
1
0
0
0
0
0
1
0
1
0
0
0
0
0
0
0
0
0
0
0
1
0
0
-1
0
0
0
0
0
0
0
0
0
0
-1
0
0
1
0
0
-1
0
0
0
0
0
0
0
0
-1
0
1
0
0
0
0
1
0
0
0
0
0
-1
0
0
-1
0
0
0
0
0
0
0
0
0
0
0
1
1
1
1
0
0
-1
1
0
0
0
0
0
0
0
0
0
0
0
0
1
0
0
1
0
1
0
0
1
0
0
0
0
1
0
0
-1
0
0
1
1
0
0
-1
0
-1
-1
0
0
0
1
1
0
-1
0
1
0
0
0
0
1
0
1
-1
0
1
0
0
0
-1
0
0
0
1
0
-1
0
-1
-1
0
0
1
0
0
0
1
1
0
0
1
1
-1
0
-1
0
0
0
1
0
0
0
0
-1
0
0
-1
0
0
-1
-1
1
0
0
0
0
-1
0
1
0
0
0
-1
1
0
1
0
1
-1
0
0
0
-1
0
0
0
0
0
0
0
0
0
0
0
0
0
0
0
0
0
1
0
0
0
0
1
0
0
0
0
0
0
0
0
0
0
0
0
0
0
0
0
0
0
0
0
1
0
0
0
0
-1
0
0
1
0
0
0
0
0
-1
0
0
0
0
0
0
-1
0
0
-1
0
0
0
-1
0
0
0
0
-1
0
0
0
0
0
0
0
0
0
0
0
0
0
0
0
-1
0
0
0
-1
0
-1
0
-1
0
0
0
0
1
0
0
0
0
-1
1
0
0
0
0
0
1
0
0
0
0
0
0
1
0
0
0
0
-1
0
-1
0
0
0
0
0
0
0
0
0
0
0
0
0
0
0
0
0
1
0
1
1
0
1
0
0
0
0
0
1
0
1
0
0
0
1
0
0
-1
0
0
1
0
-1
0
0
0
0
-1
-1
1
0
0
1
0
0
1
0
0
0
-1
1
0
0
0
0
0
0
-1
0
0
0
0
0
0
0
0
0
0
0
0
0
0
0
0
0
0
0
0
-1
0
-1
0
-1
0
0
0
0
0
-1
0
-1
1
0
0
0
0
0
-1
0
-1
0
-1
0
0
0
0
-1
0
-1
0
1
0
0
0
0
0
0
1
0
0
0
0
0
0
-1
0
0
0
0
0
0
0
0
1
0
1
1
0
0
0
0
0
0
0
0
0
0
1
0
1
0
0
0
0
0
0
0
1
0
0
0
1
0
1
1
0
0
0
0
-1
0
0
1
0
0
0
0
0
0
0
0
0
0
0
0
0
-1
0
0
0
0
0
0
0
0
0
-1
0
1
0
0
0
0
0
0
0
-1
1
0
0
0
1
0
1
0
0
0
0
0
0
0
-1
0
1
0
0
0
1
0
0
0
0
-1
1
1
0
0
1
0
0
0
0
0
0
0
0
-1
0
0
0
0
1
0
0
0
0
0
0
-1
-1
1
0
0
1
0
0
-1
0
-1
1
0
1
0
0
0
0
1
-1
0
0
0
0
0
0
0
0
0
0
0
0
0
0
-1
0
0
0
0
1
0
0
0
0
0
0
0
0
-1
0
0
0
-1
0
0
1
0
-1
0
0
0
0
1
1
1
0
0
-1
0
0
-1
0
0
0
0
-1
0
0
0
0
0
0
1
0
0
0
0
0
1
0
0
0
0
0
0
0
-1
1
-1
0
-1
0
0
0
0
-1
0
0
0
0
0
0
0
0
0
1
0
0
0
0
0
0
0
0
0
0
0
0
0
0
-1
0
0
0
1
0
0
0
0
-1
0
-1
0
1
0
0
1
0
0
0
0
0
0
0
0
0
0
1
-1
0
-1
0
0
-1
0
0
0
0
-1
0
0
0
0
0
1
0
0
0
0
0
0
0
-1
0
0
0
0
0
0
-1
0
0
0
0
0
0
-1
0
-1
0
0
0
0
1
0
0
0
0
0
0
0
0
0
0
0
0
1
0
0
0
0
1
0
-1
0
1
0
0
0
0
0
0
0
-1
-1
0
0
0
1
0
-1
0
0
-1
0
0
0
-1
0
0
1
0
0
0
0
0
0
1
0
0
0
0
1
0
0
0
1
1
0
0
0
0
0
0
1
0
1
0
0
0
1
0
0
0
-1
1
1
0
-1
0
0
0
0
0
0
0
0
0
0
0
1
0
1
0
0
0
0
0
-1
0
1
0
0
-1
0
-1
0
0
-1
0
0
0
0
0
0
0
0
0
0
0
0
0
0
0
0
0
0
0
0
0
0
0
0
0
0
0
0
0
0
0
0
0
-1
0
0
0
0
0
0
0
-1
0
0
0
0
0
0
0
0
0
0
0
0
0
0
0
0
0
0
0
0
0
0
1
-1
0
0
0
0
0
0
0
1
0
0
0
0
0
-1
0
0
0
0
0
0
0
0
0
0
-1
-1
-1
-1
0
-1
0
0
0
0
0
0
-1
-1
0
-1
0
0
0
-1
0
0
0
0
0
0
0
1
0
0
0
0
0
0
0
0
0
0
1
1
0
0
0
0
0
0
0
0
0
0
0
1
0
0
0
0
0
1
1
0
0
0
0
0
-1
0
0
0
0
0
0
1
0
0
1
0
0
0
1
0
0
1
0
1
1
0
0
0
0
0
0
0
0
0
0
1
0
1
1
-1
0
0
0
0
0
0
0
0
0
0
0
1
0
0
1
0
0
0
1
0
0
0
-1
0
0
0
0
0
0
0
0
0
0
1
0
0
0
-1
-1
0
0
0
0
0
0
0
0
0
0
-1
0
1
0
0
0
0
0
0
0
-1
0
1
0
0
0
0
-1
0
-1
-1
0
0
0
0
1
0
0
0
0
0
0
0
0
1
1
0
1
-1
0
0
0
0
0
0
0
0
0
0
0
0
0
0
0
0
0
0
0
0
0
0
0
0
0
0
0
0
-1
1
0
1
0
0
1
0
0
0
0
0
1
-1
0
0
0
0
0
1
0
0
-1
0
0
0
0
1
0
0
1
-1
-1
0
0
0
0
0
0
0
0
0
0
0
-1
0
0
0
1
0
0
0
0
1
0
-1
-1
0
0
0
-1
0
0
0
0
0
-1
0
0
0
0
-1
0
0
0
0
0
0
0
0
0
0
0
0
0
0
-1
0
0
0
0
0
0
0
0
0
1
0
-1
0
0
0
0
0
0
0
0
0
0
0
0
0
0
0
0
0
0
0
-1
0
0
0
0
0
0
0
0
0
0
0
0
0
1
0
0
0
0
0
0
0
1
0
0
0
1
1
0
0
0
-1
1
1
0
0
0
0
0
0
0
1
0
0
0
1
0
0
0
0
0
-1
0
0
0
0
0
0
0
0
0
0
-1
-1
-1
0
0
0
0
-1
0
0
0
0
0
0
0
0
0
1
0
1
0
0
0
0
0
0
1
-1
0
1
-1
0
0
0
0
0
0
0
-1
0
0
0
-1
0
-1
0
0
0
0
0
-1
0
0
0
0
0
0
-1
0
0
0
0
0
0
0
0
-1
-1
0
0
0
0
0
1
0
0
0
0
0
-1
0
0
0
0
0
0
0
0
0
1
0
1
0
0
1
-1
1
0
0
0
-1
-1
0
0
0
-1
0
-1
0
0
0
-1
0
0
0
0
1
0
0
0
0
0
0
1
0
1
0
0
0
0
0
0
1
0
0
0
1
1
0
0
0
0
0
0
0
0
-1
1
0
0
0
0
0
0
0
1
0
0
-1
0
0
0
-1
-1
0
0
1
0
-1
0
0
0
0
0
0
-1
-1
0
0
-1
1
0
1
0
0
0
0
0
0
1
0
0
0
-1
0
0
0
0
0
1
-1
0
0
0
0
0
0
0
0
0
1
0
0
0
0
0
0
-1
0
0
-1
0
0
-1
0
0
0
0
0
0
0
0
1
0
0
-1
1
0
0
-1
-1
0
0
0
1
-1
0
0
0
-1
1
0
0
0
1
-1
0
0
0
0
0
0
0
0
0
0
0
-1
0
0
0
0
0
0
0
0
0
0
1
-1
0
0
-1
1
0
0
0
0
0
0
0
0
0
0
0
0
0
0
-1
0
0
0
0
0
0
0
-1
0
0
0
-1
0
0
-1
-1
0
0
0
0
0
1
1
-1
0
-1
0
0
0
0
0
0
0
0
1
0
0
0
0
-1
1
0
0
1
0
0
0
0
0
1
1
0
0
0
0
0
-1
0
-1
1
0
1
0
0
1
0
0
1
0
0
0
1
-1
-1
1
0
0
0
-1
0
0
1
0
0
0
0
0
0
-1
0
0
0
-1
0
0
1
1
-1
0
0
0
0
0
0
0
0
0
-1
1
0
0
1
0
0
0
0
1
-1
0
0
0
0
-1
1
0
0
-1
0
0
0
0
0
-1
0
-1
1
0
0
1
0
0
0
0
0
0
0
0
-1
0
0
0
1
0
1
0
0
0
0
-1
0
0
1
1
0
0
0
-1
-1
0
0
0
-1
0
0
1
0
1
0
0
1
0
0
1
0
0
0
0
0
0
0
0
0
0
0
-1
1
0
0
0
0
0
0
0
0
0
0
-1
0
-1
0
0
0
0
0
-1
0
0
0
1
0
0
0
0
0
0
0
0
0
-1
1
1
-1
0
0
0
0
0
0
0
0
0
0
0
0
0
-1
0
0
0
0
0
0
0
0
-1
0
0
0
0
-1
0
-1
0
0
0
0
0
-1
0
0
-1
0
0
0
1
0
0
0
0
0
0
1
0
0
0
0
0
1
0
0
0
1
1
0
0
0
0
0
0
0
0
1
1
1
0
0
-1
0
0
0
-1
-1
0
0
0
0
0
0
0
0
0
0
0
0
0
0
0
0
0
0
0
0
0
1
1
1
0
-1
0
0
0
0
0
0
1
-1
-1
0
0
0
0
0
1
0
-1
0
0
0
0
0
0
0
0
-1
0
0
0
0
1
0
0
0
0
0
-1
1
1
0
0
0
0
1
0
0
0
0
0
0
0
0
0
0
0
0
1
0
0
0
0
0
0
1
0
0
0
0
0
0
0
0
0
0
1
0
-1
0
0
0
1
0
1
1
0
1
0
0
-1
0
1
0
1
1
2
1
4
3
3
3
3
3
2
3
2
2
2
2
2
3
1
2
1
2
2
2
2
2
2
1
0
0
1
0
1
1
0
-1
-3
-4
-5
-5
-5
-5
-5
-7
-8
-10
-10
-9
-8
-7
-6
-6
-7
-6
-5
-4
-4
-2
-1
1
1
1
1
3
4
7
8
9
9
8
6
7
10
11
14
15
14
11
8
6
7
9
14
15
15
14
11
9
9
13
20
25
28
29
26
21
19
19
23
27
27
24
17
11
5
2
3
4
5
4
0
-6
-13
-19
-23
-22
-21
-18
-19
-24
-33
-44
-53
-60
-63
-65
-67
-73
-80
-88
-96
-103
-105
-106
-103
-96
-93
-90
-93
-94
-95
-92
-87
-81
-77
-75
-75
-78
-80
-84
-85
-84
-80
-76
-72
-71
-70
-69
-65
-55
-40
-22
-1
17
35
50
65
80
96
113
131
150
164
171
174
174
173
174
177
180
183
182
176
167
157
151
149
152
158
161
161
159
157
154
153
154
155
154
149
139
128
117
109
108
111
115
119
121
123
124
130
137
147
154
159
157
154
149
144
141
136
125
108
85
57
27
1
-24
-46
-71
-98
-132
-171
-211
-251
-284
-316
-347
-385
-429
-482
-538
-591
-635
-673
-705
-738
-779
-824
-872
-913
-941
-953
-947
-927
-897
-861
-818
-764
-691
-598
-484
-357
-224
-95
28
142
253
367
484
603
713
807
879
928
958
974
982
987
987
978
953
912
858
793
730
673
624
580
534
482
422
357
295
240
197
164
135
107
79
47
18
-4
-16
-14
-1
13
27
39
40
42
50
67
91
120
149
168
177
181
184
187
197
207
209
198
179
149
117
93
78
63
53
37
8
-32
-74
-115
-157
-199
-246
-322
-431
-572
-732
-909
-1092
-1269
-1442
-1618
-1793
-1955
-2088
-2172
-2183
-2116
-1971
-1768
-1535
-1285
-1014
-730
-429
-99
252
595
906
1175
1383
1524
1621
1704
1766
1809
1834
1826
1758
1638
1491
1330
1170
1036
933
839
732
610
474
323
172
46
-45
-118
-187
-251
-329
-438
-551
-639
-710
-765
-786
-783
-795
-816
-821
-818
-824
-797
-724
-644
-569
-485
-402
-342
-299
-234
-151
-69
17
124
225
298
361
432
497
554
635
730
798
844
881
887
856
822
800
769
729
689
645
565
457
356
272
187
130
111
81
26
-25
-66
-116
-145
-129
-109
-84
-41
-29
-48
-56
-71
-77
-38
19
46
45
48
40
3
-22
-17
-28
-57
-87
-154
-276
-406
-519
-662
-834
-952
-1065
-1252
-1432
-1547
-1649
-1721
-1696
-1606
-1523
-1415
-1240
-1064
-914
-712
-437
-187
24
259
491
639
733
851
972
1039
1089
1150
1172
1122
1048
984
901
800
719
659
578
483
393
297
190
99
31
-29
-88
-145
-199
-255
-297
-316
-319
-331
-349
-347
-335
-345
-344
-304
-263
-245
-207
-131
-72
-33
40
144
232
311
398
460
480
491
507
518
529
545
552
548
548
541
521
515
531
545
550
559
556
531
499
451
404
393
387
333
287
303
276
156
102
141
86
-50
-57
16
-70
-225
-201
-99
-163
-283
-222
-110
-160
-266
-220
-111
-119
-197
-189
-117
-132
-266
-397
-471
-570
-757
-963
-1120
-1278
-1488
-1716
-1889
-1965
-1963
-1950
-1912
-1757
-1526
-1379
-1270
-1022
-694
-460
-236
118
458
620
730
918
1068
1126
1222
1371
1438
1423
1410
1359
1225
1095
1030
969
876
800
734
611
429
263
136
16
-92
-165
-226
-309
-377
-405
-439
-493
-485
-400
-344
-355
-333
-242
-202
-240
-256
-195
-112
-61
-49
-9
120
226
237
223
341
510
500
437
490
603
553
397
436
584
587
488
495
541
503
427
386
372
389
460
365
193
204
215
63
-74
-16
59
-45
-139
-48
-74
-321
-314
-62
-67
-267
-168
147
74
-223
-120
195
203
-39
-3
353
405
84
-46
280
582
284
-46
292
581
124
-360
-209
-30
-442
-958
-954
-894
-1335
-1820
-1922
-1916
-2039
-2154
-2107
-1961
-1805
-1701
-1650
-1471
-1118
-861
-716
-384
60
279
358
565
794
875
997
1199
1335
1385
1405
1417
1346
1228
1152
1125
1088
967
882
828
663
435
285
196
58
-78
-112
-116
-191
-286
-305
-265
-266
-311
-313
-296
-297
-308
-347
-373
-361
-324
-300
-325
-276
-118
-68
-75
69
251
281
235
330
516
533
446
508
694
779
643
565
760
830
634
537
644
722
570
411
424
476
472
315
125
159
344
290
-141
-288
164
200
-404
-499
-27
93
-272
-486
-247
-61
-227
-369
-312
-153
-16
-78
-220
-164
68
119
-99
-78
241
315
67
23
224
167
-83
-126
-61
-209
-428
-611
-812
-973
-1235
-1511
-1660
-1760
-1904
-1948
-1871
-1901
-1844
-1579
-1354
-1310
-1102
-657
-410
-274
1
409
661
710
843
1087
1252
1243
1263
1390
1419
1298
1208
1188
1070
923
857
765
606
497
443
324
161
69
33
-23
-57
-104
-202
-209
-153
-184
-220
-198
-173
-174
-263
-312
-164
-132
-329
-322
-122
-130
-260
-218
-69
-16
-37
53
130
105
228
325
201
268
506
538
446
445
640
795
621
513
726
783
524
430
618
566
293
296
355
222
146
109
81
88
-46
-136
-16
-39
-235
-273
-149
-31
-98
-292
-198
76
31
-195
-127
245
325
-114
-230
267
396
-118
-287
284
485
-165
-295
337
291
-363
-428
32
81
-476
-731
-420
-498
-1064
-1262
-1148
-1321
-1668
-1761
-1710
-1753
-1781
-1735
-1651
-1476
-1272
-1084
-804
-514
-352
-116
282
551
612
754
1051
1176
1098
1194
1373
1316
1202
1151
1072
981
841
698
609
492
372
272
178
100
7
-53
-92
-173
-197
-165
-134
-185
-309
-250
-138
-271
-400
-307
-95
-73
-307
-205
155
-6
-244
64
261
70
77
312
298
142
210
362
330
260
398
447
434
598
594
418
352
657
825
310
143
664
837
287
-139
396
760
74
-237
404
603
-65
-297
184
258
-227
-432
61
287
-338
-561
-86
76
-299
-703
-531
194
216
-472
-236
309
261
59
-148
249
665
248
2
340
455
85
-130
73
78
-96
-23
-139
-343
-219
-361
-793
-923
-832
-874
-1158
-1439
-1398
-1294
-1510
-1730
-1580
-1293
-1253
-1334
-1099
-702
-615
-596
-319
-7
237
378
392
651
1034
924
664
938
1228
936
721
985
1053
739
569
607
569
388
240
284
308
52
-142
11
-20
-378
-334
-16
-193
-462
-289
-164
-326
-430
-337
-243
-269
-214
-63
-83
-154
-65
86
204
185
131
309
549
506
323
337
497
640
648
438
528
900
756
535
619
517
654
801
374
449
878
631
301
300
426
421
94
110
485
121
-342
-34
135
-235
-614
-316
185
-31
-674
-546
193
-161
-742
-480
73
346
-290
-556
228
427
-266
-330
299
461
71
-147
355
502
-213
-239
406
329
-310
-285
520
352
-835
-589
396
-108
-978
-788
-154
-323
-1286
-1415
-731
-920
-1684
-1647
-1040
-1051
-1556
-1448
-1004
-1005
-1045
-735
-384
-258
-208
14
261
370
394
412
628
858
771
736
901
826
684
729
629
525
628
540
257
197
201
100
-70
-236
-166
-135
-286
-256
-73
-158
-424
-207
-35
-269
-138
-17
-114
10
140
215
126
93
450
580
324
372
721
797
538
325
636
1014
738
517
658
740
808
687
366
362
661
713
195
-110
511
722
-52
-395
305
637
-232
-425
242
154
-274
-334
-280
-157
-95
-394
-497
-289
-116
33
-422
-875
-14
638
-361
-753
441
808
-221
-575
338
835
53
-513
306
772
36
-255
168
468
146
-318
76
504
-74
-569
-10
143
-584
-557
-238
-318
-606
-971
-669
-531
-1128
-1503
-1145
-892
-1611
-1910
-1177
-1050
-1805
-1703
-861
-866
-1112
-717
-170
3
-134
-16
515
712
440
596
1080
1042
806
1003
1115
804
702
871
736
457
471
392
62
24
2
-332
-283
-73
-385
-492
-209
-321
-508
-291
-144
-238
-177
37
85
100
252
321
321
409
522
629
686
639
716
936
883
663
806
1045
773
489
661
856
749
446
270
411
693
361
10
442
399
96
85
-69
99
0
-282
-128
-259
-282
-1
-86
-367
-258
118
205
-187
-530
116
531
-336
-802
65
653
-316
-849
-13
519
56
-708
-120
802
-1
-633
194
774
221
-266
307
867
409
-257
58
558
0
-504
73
325
-572
-785
4
-123
-828
-790
-380
-473
-1177
-1357
-813
-1099
-1792
-1630
-1382
-1534
-1714
-1586
-1204
-1354
-1562
-827
-340
-709
-529
166
268
143
416
785
965
846
682
1079
1427
986
626
818
921
678
300
355
692
271
-278
-50
127
-181
-392
-282
-123
-92
-338
-313
96
-5
-319
-161
308
334
105
410
518
408
459
480
726
631
608
965
602
542
1018
670
320
599
729
610
576
470
474
526
162
329
593
130
-64
385
369
-391
-55
198
-462
-342
52
-190
-318
318
-113
-705
-53
338
-8
-385
36
171
-17
-173
-307
50
191
-117
-287
420
427
-399
-153
220
-27
-128
206
-67
-400
346
227
-282
166
231
142
329
391
191
210
241
-139
-283
-187
43
-299
-651
-416
-687
-1108
-1341
-1334
-1365
-1882
-2209
-1916
-1838
-2330
-2254
-1617
-1477
-1610
-1128
-438
-471
-616
-110
363
435
678
880
919
1199
1274
1083
1244
1314
1085
1159
1144
917
1107
922
124
157
548
-29
-445
83
135
-545
-584
26
55
-626
-648
260
95
-930
-267
775
-33
-696
147
1116
780
-409
200
1838
929
-480
907
1968
551
-209
943
1396
226
-148
803
1290
436
-257
806
1229
-161
-680
419
700
-286
-377
68
222
254
-352
-509
335
484
-256
-404
-8
66
-170
-623
-313
375
-19
-391
-119
153
115
99
138
33
303
387
9
68
463
30
-687
-311
387
295
-656
-806
481
693
-618
-993
553
1084
-593
-610
942
884
-501
-762
352
349
-356
-645
-784
-897
-1421
-1693
-1661
-2220
-2771
-2342
-2357
-3142
-2673
-1684
-1880
-2281
-1565
-608
-395
-269
171
628
1078
1325
1362
1771
2174
1923
1726
2128
2422
2147
1756
1542
1421
1157
572
332
580
89
-749
-574
-276
-803
-1233
-1012
-872
-1118
-892
-367
-612
-883
-466
-265
-312
-100
203
399
227
107
710
1090
544
437
1325
1646
855
453
1092
1429
628
74
982
1702
559
-458
481
1159
50
-602
321
992
436
-276
29
825
430
-559
24
1016
414
-299
-2
176
-133
-415
-213
88
-135
-117
-81
-821
-761
101
-91
-458
-240
-248
12
193
-593
-522
862
924
10
286
861
926
616
-307
66
1545
671
-850
109
905
-176
-887
-341
102
-343
-863
-969
-1022
-1201
-1880
-2516
-2187
-2169
-3091
-3459
-3317
-3398
-3110
-2595
-2340
-1834
-1382
-1516
-1111
-62
272
421
1311
1999
2037
2030
2192
2353
2357
2427
2739
2921
2764
2206
1524
1373
1283
730
558
714
288
-260
-529
-903
-1128
-1172
-1327
-1373
-1293
-1256
-1203
-1246
-1302
-1191
-907
-364
-151
-137
129
23
-161
103
467
793
1079
951
787
1292
1508
1124
1164
1531
1653
1430
1306
1390
1050
497
517
831
598
250
354
468
13
-485
231
705
-20
-97
472
287
-420
-393
239
337
-562
-749
479
320
-839
-484
151
-266
-696
-418
-128
-215
-263
-294
-167
287
325
6
506
961
616
773
869
588
837
891
359
238
678
372
-294
-591
-858
-381
22
-719
-1247
-1536
-2351
-2724
-2467
-2671
-3402
-4038
-4468
-4764
-4536
-3275
-1900
-1890
-2503
-2264
-1264
-409
58
979
2174
2572
2238
2319
3039
3111
2780
3141
3722
3761
3483
3334
2719
1530
793
933
1237
973
388
-100
-657
-1368
-1669
-1334
-1049
-1278
-1646
-1777
-1849
-2043
-2197
-2170
-1977
-1536
-961
-640
-647
-916
-1352
-1375
-533
615
1081
955
939
792
705
1455
2297
2460
2322
2193
2354
2470
2189
2175
2060
1374
1231
1627
1429
817
460
203
-272
-405
244
567
-201
-927
-817
-492
-448
-395
-81
76
-301
-667
-508
-53
201
-205
-647
-135
277
-295
-465
88
277
208
223
310
693
819
215
-139
425
1179
1224
386
-186
515
1028
338
131
799
885
178
-634
-831
-691
-1577
-2875
-2909
-2452
-3079
-4681
-6115
-6813
-6935
-5816
-3064
-1007
-1899
-4121
-4712
-3411
-1662
380
2927
4372
3590
2180
1879
2732
3919
4743
5492
6046
5550
4598
3623
2192
1259
1451
2002
2529
2630
1672
-361
-2432
-2863
-1603
-405
-216
-782
-1795
-3047
-3873
-3468
-2257
-1568
-1602
-1489
-1160
-1337
-1962
-2385
-2437
-1959
-761
377
504
-58
-496
-649
-432
565
2245
3565
3554
2606
2088
2508
3142
3503
3741
3748
3255
2443
1712
1280
1085
785
392
388
504
-115
-1221
-1662
-1242
-927
-935
-654
-461
-976
-1642
-1532
-672
-38
64
49
-66
-118
-299
-385
655
1267
401
397
1088
917
831
1154
1524
1553
758
379
835
755
198
36
366
571
143
-179
-6
-236
-1126
-1964
-2377
-2611
-2815
-2959
-3499
-4809
-6665
-8570
-9193
-6819
-2402
-53
-1939
-5062
-5870
-4722
-2800
800
5360
6964
4324
1341
1227
2875
4444
5937
7405
7840
6660
4815
3547
2760
1972
1885
2890
3648
3080
1449
-989
-3415
-3868
-1988
20
460
-624
-2745
-4860
-5413
-4111
-2299
-1310
-1392
-1915
-2220
-2366
-2680
-2923
-2616
-1678
-388
724
930
-83
-1588
-2238
-1220
984
2968
3548
2616
1182
617
1543
3258
4432
4366
3436
2537
2303
2753
3274
3060
1947
760
406
761
934
411
-470
-1108
-1275
-1116
-945
-1130
-1786
-2344
-1997
-948
-165
-116
-661
-1391
-1693
-1157
92
1330
1600
612
-371
110
1312
2023
2562
2444
1268
917
1755
1876
1353
1259
1331
1287
1039
607
336
-336
-1611
-1957
-1139
-960
-1843
-2636
-3275
-4710
-6406
-7227
-8298
-10168
-9601
-4844
-319
-1160
-5817
-8348
-6819
-4103
-1036
3890
8026
6464
916
-1640
984
5028
7850
9550
9699
7580
4597
3146
3554
4221
4317
4246
4048
3384
2207
176
-2522
-3746
-2004
555
1107
-149
-2062
-4682
-6837
-5953
-2507
-316
-1023
-2456
-3079
-3632
-4144
-3438
-1810
-863
-788
-505
-45
-419
-1517
-1984
-1032
823
2514
3105
2210
629
-12
1116
3149
4618
4761
3595
1916
1244
2338
4002
4600
3864
2370
773
33
563
1287
1106
374
-279
-925
-1388
-1302
-1232
-1756
-2039
-1307
-457
-497
-1105
-1716
-2091
-1725
-413
1015
1524
843
-523
-1526
-1255
182
1879
2994
2959
1797
620
655
1564
2144
2174
2175
2088
1611
905
244
-169
-256
-324
-590
-885
-1576
-3118
-4547
-4801
-4784
-5626
-7022
-8943
-11274
-11068
-5807
254
32
-5650
-9014
-7162
-4026
-810
4765
9638
7586
796
-1867
1978
6775
9176
10309
10075
7411
4312
3544
4430
4833
4526
4087
3434
2738
2025
169
-2809
-4130
-2162
526
915
-657
-2864
-5615
-7628
-6275
-2190
298
-891
-3284
-4467
-4680
-4303
-3001
-1531
-1114
-1381
-1319
-1089
-1216
-1365
-1088
-449
669
2363
3420
2442
494
-29
1166
2867
4716
5879
4625
1777
650
2192
4171
4966
4626
3319
1349
-209
-308
736
1349
688
-315
-822
-1293
-1926
-2091
-1786
-1522
-1189
-733
-746
-1354
-1902
-2025
-1660
-477
1176
1777
603
-1011
-1515
-713
942
2757
3535
2682
1221
588
1053
1882
2485
2791
2578
1525
340
219
786
600
-346
-917
-1044
-1614
-2760
-3719
-4268
-5208
-6804
-8339
-10060
-11860
-10204
-3410
1641
-1872
-8696
-9654
-5894
-3104
240
6589
10013
5160
-1862
-2034
3494
7866
9662
10863
10031
5979
2541
2966
5016
5710
5273
4395
2933
1548
727
-554
-2450
-2869
-870
975
174
-2077
-3848
-5641
-7027
-5217
-1051
413
-1949
-4225
-4774
-4824
-4027
-1949
-494
-858
-1769
-1965
-1509
-887
-355
50
409
1002
1962
2410
1540
651
1278
2487
3196
4145
4964
3863
1706
1427
3303
4914
4868
3704
2255
913
115
462
1738
2418
1291
-832
-2165
-2101
-1440
-1067
-1088
-1195
-1346
-1641
-1808
-1595
-1396
-1585
-1577
-583
846
1252
271
-877
-1057
-260
1047
2373
2951
2245
898
280
848
1799
2454
2827
2620
1406
64
-92
534
560
-94
-515
-703
-1678
-3518
-4636
-4355
-4422
-5954
-7948
-10161
-12109
-9947
-2606
2219
-1663
-8256
-9155
-6031
-3541
474
7537
10810
5218
-2348
-2571
3248
8188
10626
11871
10222
5270
1655
2602
5398
6488
5762
4389
2832
1526
587
-705
-2290
-2466
-669
733
-138
-2063
-4008
-6554
-7902
-4993
-280
483
-2571
-4666
-4879
-5261
-4834
-2131
110
-903
-2979
-2995
-1883
-1534
-1017
461
1279
944
1216
2094
1664
426
809
2766
4225
4637
4444
3265
1624
1680
3844
5631
5300
3629
1769
305
82
1391
2864
2779
896
-1449
-2636
-2210
-1121
-473
-578
-1212
-1999
-2473
-2345
-1808
-1443
-1496
-1423
-629
357
450
-391
-1117
-869
348
1829
2752
2672
1622
317
90
1347
2757
3213
3002
2235
775
-275
101
900
743
-161
-984
-1512
-1959
-2595
-3580
-4960
-6534
-7958
-9517
-10973
-9446
-3479
1042
-2350
-9169
-10133
-5697
-2403
85
5400
9434
5733
-1814
-3315
2395
7901
9912
10848
10198
5879
1502
1844
5060
6901
6879
5645
3027
491
-313
-543
-1296
-988
830
1271
-1088
-3530
-4258
-5089
-6155
-4329
-344
307
-3343
-6026
-5498
-4551
-4015
-2278
-545
-1330
-3480
-3965
-2690
-1608
-1031
-19
969
913
519
886
1430
1550
2077
3336
4278
4299
3702
2850
2481
3510
5486
6637
5789
3431
1124
253
1081
2745
3888
3323
878
-2025
-3375
-2484
-609
373
-315
-1924
-3158
-3345
-2664
-1693
-1034
-1026
-1437
-1665
-1337
-698
-344
-446
-486
-24
794
1556
1885
1554
940
803
1425
2443
3140
2766
1497
508
358
649
1033
955
-68
-1174
-1515
-1820
-2549
-3286
-4521
-6458
-7991
-9281
-10634
-8940
-2783
1467
-2303
-9425
-10891
-6405
-2129
974
5982
9469
5062
-2992
-3940
2671
8326
10258
11206
10021
5043
774
1750
5620
7953
7869
5992
2762
104
-283
166
-236
-159
1243
1493
-888
-3389
-4020
-4357
-5139
-3868
-504
177
-3501
-6513
-5779
-4273
-3640
-2132
-754
-2089
-4441
-4538
-2825
-1463
-839
-479
-400
-485
-138
715
1217
1128
1602
2972
3828
3646
3395
3158
2648
3054
4967
6470
5863
3875
1975
1029
1679
3509
4521
3355
958
-1138
-2373
-2224
-358
1397
469
-2367
-3905
-3362
-2437
-1678
-777
-637
-1730
-2700
-2353
-1033
120
183
-485
-514
321
1058
1495
1908
1976
1650
1429
1586
2116
2553
2155
1348
1209
1297
709
158
212
-186
-1403
-2213
-2271
-2779
-4204
-5542
-6417
-8101
-10833
-11299
-6251
713
1330
-5511
-10985
-9426
-5097
-1498
4040
9942
8399
-572
-6039
-1833
6082
10797
12244
11392
6918
980
-396
3992
8519
9058
6758
3611
622
-672
48
718
501
848
1403
9
-2619
-3792
-3934
-4848
-4805
-1927
376
-1768
-5801
-6890
-5242
-3727
-2455
-891
-1029
-3714
-5746
-4604
-2093
-625
-135
-260
-1181
-1625
-126
1935
2363
1860
2285
3302
3765
3963
4233
3962
3427
3930
5408
6262
5554
3774
2032
1390
2155
3474
3974
2765
97
-2448
-2999
-1354
583
726
-1122
-3299
-4142
-3411
-1961
-786
-566
-1398
-2537
-2845
-1913
-507
258
91
-360
-352
245
1077
1823
2248
2056
1406
1233
2074
2953
2572
1298
611
855
1037
784
649
272
-1337
-3246
-3391
-2392
-2982
-5498
-8123
-10578
-12262
-9303
-1143
3653
-1871
-10974
-12819
-7994
-2944
2523
9427
10875
2510
-6659
-5743
3019
10231
12743
12238
8321
1975
-982
2423
7573
9728
8868
5760
1324
-1078
131
1540
966
915
2251
1696
-1564
-3842
-3669
-3646
-4084
-2281
437
-710
-5176
-7433
-6101
-4233
-2553
-577
-644
-3885
-6645
-5922
-3351
-1223
208
434
-1203
-2889
-2133
222
1570
1696
1971
2328
2138
2184
3164
4027
3819
3459
4045
5032
5333
4676
3311
2021
2055
3421
4285
3466
1752
-47
-1721
-2089
-231
1733
897
-1953
-3802
-3838
-2906
-1295
121
-230
-2034
-3248
-2869
-1462
-43
552
207
-541
-1101
-742
804
2368
2646
1936
1167
863
1387
2325
2467
1783
1526
1765
1219
-162
-884
-523
-395
-1050
-1451
-1728
-3637
-6865
-8807
-9359
-10451
-9923
-4125
2223
-85
-9038
-12822
-8388
-3464
-190
5699
10428
5759
-4067
-6416
591
8090
11625
12779
10689
4436
-734
509
5740
9424
9802
7329
2712
-1080
-1097
909
1604
1691
2618
1898
-1874
-4714
-3963
-2889
-3574
-2912
-233
-308
-4394
-7144
-5847
-3841
-2974
-1749
-1046
-3069
-5907
-6156
-4111
-1909
-423
-121
-1212
-2373
-1997
-275
1294
2071
2717
3334
3271
3221
4187
4855
4084
3764
5139
6277
5855
4758
3576
2533
2312
2812
3198
2952
1587
-761
-2455
-2190
-675
410
-104
-1971
-3620
-3989
-3351
-1964
-397
-391
-2276
-3527
-2588
-1081
-429
15
403
-112
-861
-329
1120
2096
2298
1844
868
432
1329
2522
2636
1738
815
452
327
-8
-136
32
-730
-2574
-3576
-3337
-3928
-5898
-7906
-9766
-10487
-6754
-17
1400
-5063
-10537
-8989
-5141
-2200
3273
9304
7638
-888
-5255
-974
5451
9145
11277
11284
6750
1001
323
4393
7842
8498
7242
4267
918
-59
981
1383
1313
2177
2208
-323
-2895
-3088
-2880
-3914
-3607
-845
160
-2978
-6150
-6030
-4798
-4156
-2743
-1296
-2346
-4876
-5770
-4593
-2785
-1231
-549
-892
-1321
-1082
-414
477
1678
2741
3091
3130
3701
4426
4249
3588
3920
5130
5632
5090
4468
3682
2139
1049
1873
3235
2854
1173
-148
-1142
-2096
-2013
-763
-29
-838
-2379
-3416
-3297
-2055
-656
-299
-983
-1751
-2098
-2024
-1227
258
1297
900
-202
-474
315
1178
1698
2123
2087
1056
-59
187
1328
1628
946
523
403
-190
-857
-1108
-1608
-2419
-2799
-3273
-4723
-6710
-9011
-10984
-9157
-2294
2733
-810
-8309
-10551
-7157
-3349
719
6529
9148
4043
-3104
-3611
2027
7430
10093
10734
8746
4571
1806
2667
5259
7075
7217
5316
2440
1188
1505
615
-962
-34
2188
1698
-849
-2342
-3422
-5389
-5648
-2420
667
-385
-3920
-5886
-5786
-5089
-3384
-972
-751
-3100
-4525
-3863
-3127
-2406
-822
40
-732
-967
456
1656
1348
717
1217
2701
4155
4989
4873
3586
2114
2157
3744
5281
5778
4855
2305
-259
-148
2259
3577
2517
825
-718
-2381
-2707
-787
898
179
-1515
-2338
-2413
-2084
-1302
-503
-154
-335
-881
-1141
-673
-153
-160
-27
658
1041
619
85
-58
124
737
1644
2039
1433
118
-1161
-1281
-24
945
540
-282
-1238
-3024
-4364
-3813
-3301
-4984
-7763
-9986
-10577
-7268
-751
1932
-3252
-9412
-9071
-4800
-1150
3443
8478
7575
432
-3646
196
6287
9331
10193
9577
6467
3146
3246
5731
6936
6164
4872
3518
2316
2011
1934
395
-1688
-1474
513
856
-762
-2202
-3908
-6243
-5935
-2100
368
-1355
-4185
-5350
-5198
-4015
-2016
-959
-1907
-3374
-3519
-2379
-1140
-634
-811
-939
-399
636
1675
2435
2542
1806
1224
2158
4155
5205
4332
2600
1547
1718
2761
4007
4501
3278
539
-1708
-1325
1316
3356
2666
131
-1981
-2674
-2258
-966
765
1415
-124
-2292
-2456
-771
335
159
90
586
755
256
-232
-4
712
897
591
1113
2128
1466
-642
-1291
141
1231
993
682
401
-901
-2381
-2002
-190
515
-681
-2220
-3138
-3990
-5055
-5728
-5969
-7009
-9303
-10045
-5989
119
1075
-4246
-8537
-7198
-3590
-353
4314
8691
7164
971
-1770
1627
6376
9422
10990
10029
6368
3497
3781
5359
6075
5812
4606
2666
1494
1563
799
-1594
-2806
-1327
-63
-1015
-2159
-2711
-4699
-7082
-6062
-2453
-957
-2389
-3722
-4082
-4329
-3661
-1855
-1004
-1546
-1439
-633
-752
-1045
-24
1124
1193
1544
2978
3803
2991
1939
1910
2416
3080
4259
4854
3133
515
-53
1007
1625
2158
2923
2004
-830
-2818
-2375
-597
845
1010
150
-749
-1426
-1968
-1638
-288
710
619
307
409
532
337
169
528
1294
1775
1665
1319
987
625
466
881
1684
1957
979
-546
-1095
-518
-69
-257
-624
-1057
-1473
-1468
-1249
-1394
-1965
-2786
-3555
-3766
-3747
-4436
-6024
-8540
-11582
-11922
-6384
1516
3921
-1135
-7431
-9056
-6231
-1427
4893
10840
11031
4378
-1518
-373
4847
8915
11095
11499
9226
5792
3895
3456
3267
3563
4187
3938
3114
2670
1161
-2798
-6196
-5140
-1148
1191
574
-1604
-4914
-8395
-8930
-5309
-954
363
-1207
-3261
-4301
-3914
-2321
-668
-142
-497
-520
268
1159
1356
836
325
669
2047
3681
4481
3836
2029
371
445
2352
4226
4196
2197
-289
-1520
-870
619
1555
1510
449
-1497
-2941
-2217
-31
1072
188
-1037
-1128
-514
-55
383
844
517
-474
-359
1485
2951
2171
268
-542
106
1207
2130
2660
2443
1379
20
-523
399
1529
935
-701
-971
34
168
-862
-1685
-2009
-2194
-1757
-459
319
-1088
-4056
-5989
-5764
-4841
-4513
-4960
-6863
-9879
-10393
-5650
756
2330
-1904
-6578
-7096
-3757
996
5433
7920
7036
3783
1349
1775
4498
7868
10044
9393
6553
4799
5656
6169
3655
498
458
2877
4391
3763
1672
-1503
-4639
-5378
-3193
-520
480
-265
-2376
-5326
-7112
-5799
-2547
-541
-859
-1803
-2115
-2225
-2315
-1908
-1298
-999
-444
738
1611
1584
1274
925
213
-121
1231
3693
4873
3593
1338
41
-13
564
1307
1570
927
100
-70
73
-34
-291
-839
-1849
-2156
-549
1677
2091
590
-986
-1799
-1944
-777
1798
3574
2444
-338
-1705
-780
639
902
296
129
760
1110
488
-197
-128
-53
-513
-427
857
1867
1199
-71
-108
642
639
239
578
987
535
8
8
-91
-203
85
-118
-1180
-1715
-1228
-1107
-2130
-3460
-4500
-5488
-6155
-5960
-5042
-3732
-2471
-1984
-2612
-3890
-4635
-3827
-1636
1000
2900
3073
1995
1352
1942
3022
3765
4240
4696
4997
5082
5062
4783
3932
2602
1479
1284
2020
2792
2584
1294
-215
-1170
-1502
-1407
-928
-354
-315
-979
-1662
-1737
-1485
-1557
-1879
-1790
-1137
-610
-737
-1241
-1538
-1382
-864
-294
-124
-495
-938
-874
-303
116
-114
-663
-852
-568
-217
141
751
1165
782
137
213
954
1409
1297
1332
1639
1590
1157
795
793
1135
1368
1285
1135
792
215
-35
155
375
456
305
12
-61
18
-97
-293
-220
32
-36
-439
-583
-338
-92
75
213
194
40
-107
-233
-391
-342
289
951
674
-172
-633
-697
-636
-350
221
570
42
-1006
-1535
-1349
-1043
-1034
-1271
-1570
-1940
-2377
-2671
-2694
-2664
-2996
-3657
-3872
-2975
-1357
-69
280
-262
-1297
-1972
-1206
1054
3373
4230
3521
2320
1711
2075
2959
3544
3523
3294
3164
2939
2522
2038
1237
-117
-1215
-912
428
1091
230
-1310
-2367
-2510
-1840
-794
-170
-558
-1542
-2030
-1486
-460
120
-68
-574
-765
-429
176
674
764
301
-429
-728
-231
504
632
51
-587
-714
-340
178
478
329
-170
-446
39
989
1463
992
106
-246
365
1467
2165
2049
1409
647
105
262
1196
1973
1670
705
138
94
63
100
445
604
65
-633
-671
-205
-7
-337
-817
-980
-703
-308
-185
-337
-621
-988
-1166
-777
-61
242
-79
-534
-712
-620
-356
-19
100
-254
-800
-872
-274
392
442
-214
-1139
-1720
-1502
-619
96
-201
-1477
-2826
-3402
-3107
-2395
-1696
-1191
-885
-725
-635
-563
-514
-437
-117
650
1708
2524
2740
2571
2424
2341
2125
1866
1847
2036
2112
1968
1778
1511
894
-85
-987
-1417
-1313
-773
-20
435
55
-1122
-2322
-2658
-1963
-884
-174
-103
-472
-856
-929
-706
-392
-143
-23
114
464
736
495
59
-18
93
131
342
696
760
533
361
391
594
787
733
626
887
1412
1647
1378
944
745
848
1113
1559
2174
2351
1517
281
-145
463
1119
1145
779
216
-276
-235
-127
-463
-721
-742
-1072
-1513
-1251
-526
-590
-1537
-2123
-1877
-1299
-800
-439
-333
-669
-1095
-1029
-356
532
799
344
43
26
79
465
906
910
422
-220
-317
160
359
-240
-1393
-2319
-2488
-2316
-2490
-3097
-3723
-4117
-4363
-4214
-3023
-878
857
798
-698
-1726
-934
1198
3194
4079
3940
3524
3536
4021
4325
3873
2931
2345
2493
2847
2770
2234
1426
307
-1028
-2081
-2362
-1845
-1044
-745
-1323
-2291
-2883
-2880
-2577
-2293
-2183
-2187
-1972
-1221
-194
285
-168
-818
-675
250
1171
1563
1433
1041
765
830
1048
1133
1178
1343
1393
1008
407
127
325
705
1021
1155
991
677
614
822
962
996
1147
1375
1562
1765
1851
1546
1070
914
975
732
286
260
668
803
358
-254
-770
-1322
-1736
-1654
-1297
-1184
-1364
-1573
-1808
-2103
-2095
-1588
-1025
-846
-946
-815
-215
492
973
1118
855
455
130
-87
10
361
753
1067
885
-78
-1550
-2941
-3700
-3847
-3788
-4046
-5051
-6490
-7464
-6805
-3709
403
2500
1355
-1189
-2303
-894
1903
4376
5648
5944
5979
5978
5727
5172
4435
3647
2898
2325
2223
2661
2906
1926
-366
-2941
-4653
-4805
-3523
-2155
-2199
-3383
-3934
-3074
-1959
-1887
-2815
-3823
-3976
-2694
-350
1625
2234
2045
2031
2140
1939
1677
1804
2199
2470
2479
2391
2449
2609
2444
1576
225
-844
-998
-410
110
30
-350
-519
-441
-504
-1034
-1702
-1624
-421
1302
2516
2769
2542
2269
1826
1247
1077
1798
2822
3025
2472
1878
1411
1196
1199
704
-687
-2237
-2748
-1876
-615
-287
-1259
-2701
-3608
-3777
-3458
-2696
-1558
-519
-153
-543
-1158
-1248
-612
94
175
-187
-377
-153
303
540
61
-990
-1918
-2599
-3657
-5279
-6828
-7806
-8178
-7449
-4671
-303
3027
3124
948
-648
-161
1733
3662
4793
5242
5855
7048
8000
7730
6433
4877
3216
1413
133
107
1056
1811
1241
-922
-3668
-5318
-5167
-4272
-4012
-4287
-3993
-2755
-1428
-965
-1159
-1286
-1260
-1200
-887
-145
844
1977
3550
5115
5466
4564
3326
2140
1237
935
1113
1432
1697
1804
1532
626
-740
-1879
-2336
-2447
-2680
-2670
-1850
-680
-126
-276
-514
-593
-597
-304
478
1502
2528
3477
4039
3850
3095
2356
2032
2065
2115
1895
1368
788
484
379
52
-613
-1255
-1753
-2443
-3114
-3120
-2577
-2085
-1847
-1622
-1114
-599
-501
-582
-690
-1038
-1246
-707
362
1014
740
270
411
741
520
-297
-1531
-2847
-3652
-3900
-4286
-5236
-6658
-8192
-9076
-8159
-4687
72
3123
3209
2169
1904
2474
3199
3628
3659
3805
4928
6957
8452
8333
7021
5185
2850
382
-1053
-908
-256
-563
-1997
-3447
-3835
-3089
-2224
-2606
-4439
-6034
-5586
-3372
-1140
108
530
527
507
832
1422
1912
2214
2529
2895
3311
3956
4711
4818
3694
1973
846
461
41
-687
-1277
-1417
-1335
-1159
-872
-1010
-1883
-2710
-2876
-2579
-2050
-1251
-200
550
572
572
1346
2478
3067
2877
2435
2321
2643
3128
3322
2976
2314
1622
871
32
-569
-763
-978
-1474
-1794
-1639
-1354
-1245
-1341
-1735
-2232
-2173
-1397
-585
-244
-140
195
862
1501
1743
1563
988
23
-871
-1047
-535
73
304
-111
-1179
-2492
-3516
-4101
-4627
-5674
-7261
-8701
-9577
-9933
-9042
-5693
-697
2918
3499
2760
3019
4303
5186
4963
4151
3890
4954
6782
7977
8026
7525
6657
4837
2144
-211
-1395
-1936
-2776
-4008
-4948
-4836
-3511
-2025
-1997
-3528
-4753
-4313
-2983
-2029
-1433
-606
465
1513
2550
3549
4186
4219
3733
3023
2625
3113
4113
4233
2875
1274
748
943
684
-415
-1891
-3063
-3409
-3036
-2678
-2699
-2515
-1726
-1032
-1103
-1376
-956
-75
396
441
862
1957
3100
3665
3673
3468
3314
3258
3022
2279
1204
351
-90
-307
-408
-509
-890
-1668
-2565
-3175
-3163
-2428
-1435
-1005
-1319
-1513
-888
-15
233
144
607
1606
2371
2568
2421
2130
1821
1633
1480
1057
347
-388
-1062
-1796
-2400
-2537
-2518
-3187
-4686
-6182
-7033
-7458
-7993
-8924
-9900
-9664
-7060
-2795
889
2773
3759
5024
6359
6900
6447
5540
4928
5097
5826
6432
6782
7197
7184
5686
3020
852
-199
-1320
-3476
-6008
-7527
-7228
-5419
-3444
-2629
-2900
-3121
-2812
-2399
-1988
-1227
-293
256
553
1368
2940
4563
5480
5526
4901
4045
3569
3433
2759
1423
629
919
1134
334
-873
-1678
-2160
-2570
-2894
-3219
-3526
-3404
-2761
-2056
-1318
-136
1106
1433
931
755
1386
2248
2882
3338
3593
3557
3375
3102
2573
1890
1351
797
-213
-1497
-2325
-2458
-2375
-2464
-2638
-2696
-2565
-2274
-1986
-1759
-1247
-347
304
216
26
542
1547
2338
2722
2954
3131
3030
2533
1932
1499
1076
425
-446
-1422
-2242
-2626
-2748
-3074
-3746
-4608
-5522
-6350
-7171
-8250
-9437
-10156
-9942
-8386
-5307
-1564
1369
3127
4605
6335
7755
8127
7436
6330
5576
5498
5804
6024
6153
6391
6280
5062
3067
1370
-4
-2021
-4744
-6955
-7715
-7162
-5974
-4754
-3751
-2838
-1885
-1099
-735
-666
-589
-363
94
934
2121
3289
4093
4510
4738
5010
5345
5288
4236
2326
587
-210
-356
-581
-1080
-1628
-2113
-2500
-2734
-2860
-2954
-3010
-3055
-2999
-2451
-1267
-24
634
769
1039
1900
3054
3768
3804
3560
3374
3243
3039
2648
2135
1690
1150
202
-881
-1542
-1827
-2159
-2645
-3123
-3344
-3118
-2604
-2191
-1916
-1448
-606
353
972
1132
1213
1462
1711
1907
2277
2836
3263
3323
3023
2597
2309
2018
1197
-228
-1562
-2265
-2675
-3241
-3795
-4073
-4383
-5118
-6094
-6884
-7414
-7958
-8734
-9524
-9471
-7702
-4492
-1195
1323
3452
5781
8001
9260
9184
8260
7289
6588
5943
5172
4574
4613
5095
5093
4077
2598
1257
-297
-2535
-4968
-6652
-7286
-7331
-7217
-6738
-5441
-3499
-1719
-567
190
839
1284
1364
1252
1309
1654
2119
2596
3218
4117
5160
5864
5671
4554
3139
2002
1090
-76
-1690
-3299
-4127
-3953
-3381
-2995
-2748
-2461
-2227
-2035
-1639
-1073
-752
-865
-942
-318
1073
2611
3649
4043
4120
4261
4448
4230
3404
2280
1173
123
-694
-969
-882
-1104
-1873
-2642
-2819
-2431
-2032
-2149
-2726
-3022
-2419
-1182
-61
619
1038
1374
1640
1956
2482
3070
3314
3124
2849
2737
2721
2674
2414
1717
668
-349
-1133
-1812
-2576
-3541
-4599
-5440
-5914
-6204
-6461
-6698
-7071
-7702
-8397
-8845
-8760
-7668
-5307
-2357
218
2515
5259
8213
10206
10613
9871
8788
7894
7133
6120
4867
3930
3477
3037
2466
2103
1738
639
-1336
-3565
-5492
-6874
-7619
-7878
-7845
-7347
-6039
-4021
-1874
-42
1389
2370
2831
2897
2857
2811
2672
2494
2539
3002
3786
4565
4981
4907
4548
4043
3096
1398
-775
-2779
-4240
-5078
-5307
-5032
-4419
-3678
-3015
-2439
-1726
-907
-387
-312
-326
-102
383
1079
1980
2972
3846
4476
4794
4720
4264
3608
2847
1843
576
-670
-1637
-2289
-2644
-2745
-2685
-2509
-2242
-2006
-1822
-1504
-1045
-720
-613
-435
44
729
1430
2056
2607
3060
3393
3594
3621
3431
3021
2411
1658
944
412
-70
-757
-1703
-2738
-3606
-4128
-4388
-4745
-5431
-6261
-6853
-7075
-7129
-7231
-7419
-7602
-7578
-6842
-4867
-1931
939
3204
5321
7704
9834
10862
10596
9581
8431
7317
6121
4863
3790
2999
2288
1514
836
283
-513
-1874
-3595
-5179
-6296
-6919
-7230
-7410
-7348
-6651
-5153
-3234
-1335
464
2101
3261
3790
3972
4071
3989
3604
3105
2888
3180
3742
4029
3835
3485
3176
2611
1506
56
-1327
-2534
-3703
-4761
-5398
-5506
-5261
-4753
-3961
-2933
-1761
-614
253
775
1216
1752
2223
2442
2539
2844
3440
3991
4211
4220
4172
3883
3170
2088
800
-446
-1430
-2248
-2963
-3280
-3062
-2699
-2505
-2266
-1685
-815
-20
366
368
321
484
821
1171
1527
1975
2448
2742
2901
3178
3469
3353
2721
1860
964
51
-865
-1860
-2974
-3919
-4380
-4497
-4642
-4890
-5082
-5228
-5437
-5648
-5767
-5930
-6229
-6463
-6356
-5718
-4269
-1981
528
2602
4421
6507
8662
10055
10218
9439
8326
7256
6129
4664
2977
1571
681
45
-534
-923
-1119
-1495
-2310
-3383
-4371
-5127
-5717
-6239
-6541
-6229
-5175
-3707
-2119
-386
1449
3064
4196
4850
5120
5044
4564
3704
2759
2164
2007
1938
1684
1399
1364
1520
1455
868
-169
-1359
-2481
-3527
-4533
-5346
-5640
-5260
-4374
-3229
-1959
-666
469
1332
1997
2551
2982
3237
3269
3098
2964
3165
3591
3770
3478
3009
2666
2316
1616
509
-712
-1702
-2358
-2822
-3204
-3402
-3240
-2748
-2101
-1364
-536
197
575
651
757
1077
1487
1752
1797
1711
1682
1880
2315
2732
2794
2474
2022
1544
934
127
-823
-1853
-2856
-3653
-4154
-4420
-4566
-4647
-4670
-4623
-4566
-4576
-4604
-4567
-4583
-4800
-5045
-4938
-4271
-3052
-1374
523
2430
4428
6559
8388
9323
9298
8666
7698
6483
5033
3378
1744
496
-257
-725
-978
-945
-877
-1193
-1852
-2477
-2954
-3509
-4308
-5194
-5781
-5712
-4925
-3616
-2028
-316
1390
2902
4016
4577
4586
4137
3346
2356
1420
798
520
433
442
567
841
1175
1318
1009
225
-818
-1904
-2918
-3749
-4262
-4393
-4157
-3524
-2431
-1013
389
1517
2392
3082
3517
3665
3602
3395
3067
2737
2543
2459
2340
2140
1924
1715
1429
1008
446
-252
-1072
-1956
-2781
-3351
-3487
-3226
-2770
-2206
-1469
-591
250
903
1367
1680
1817
1702
1366
1035
923
1045
1303
1613
1890
2047
2068
1977
1725
1246
551
-301
-1269
-2258
-3128
-3788
-4216
-4459
-4610
-4691
-4626
-4435
-4275
-4248
-4353
-4550
-4736
-4817
-4725
-4282
-3238
-1647
129
1937
3942
6091
7892
8903
9103
8684
7794
6509
4896
3124
1540
462
-152
-556
-847
-982
-1038
-1157
-1373
-1728
-2337
-3235
-4259
-5127
-5540
-5383
-4782
-3902
-2749
-1272
443
2126
3434
4124
4209
3874
3290
2575
1869
1266
732
311
239
606
1115
1365
1249
923
512
9
-656
-1515
-2475
-3298
-3710
-3620
-3123
-2345
-1363
-256
886
1980
2919
3568
3875
3887
3659
3241
2736
2264
1850
1485
1207
1074
1020
915
675
275
-271
-901
-1544
-2139
-2634
-2948
-3019
-2849
-2479
-1932
-1236
-479
220
748
1053
1187
1316
1509
1617
1502
1288
1189
1242
1393
1631
1897
2012
1906
1616
1099
260
-793
-1810
-2674
-3441
-4111
-4616
-4905
-4977
-4887
-4730
-4534
-4276
-4075
-4111
-4287
-4296
-4011
-3474
-2610
-1312
347
2236
4237
6128
7612
8516
8839
8591
7828
6672
5210
3524
1842
452
-495
-1037
-1292
-1412
-1541
-1733
-1976
-2290
-2771
-3469
-4279
-4945
-5235
-5083
-4550
-3722
-2672
-1442
-71
1356
2618
3475
3828
3760
3431
2966
2408
1791
1232
846
636
604
738
900
906
698
297
-252
-851
-1462
-2118
-2726
-3027
-2910
-2516
-1971
-1242
-290
785
1854
2814
3584
4056
4123
3806
3321
2913
2590
2182
1616
1001
520
274
180
58
-192
-538
-957
-1438
-1896
-2245
-2521
-2786
-2967
-2925
-2596
-2028
-1312
-568
104
711
1301
1806
2113
2223
2209
2096
1962
1932
1997
1971
1761
1469
1226
1012
688
170
-514
-1326
-2267
-3236
-3979
-4343
-4469
-4625
-4840
-4871
-4549
-4022
-3612
-3441
-3349
-3136
-2774
-2325
-1770
-1020
-2
1269
2670
4032
5232
6178
6772
6958
6735
6133
5249
4176
2935
1613
436
-447
-1083
-1536
-1813
-1948
-2030
-2163
-2393
-2645
-2875
-3163
-3519
-3738
-3614
-3155
-2474
-1673
-820
66
994
1903
2654
3077
3072
2695
2189
1802
1579
1375
1082
756
488
301
204
148
-18
-373
-774
-1061
-1259
-1432
-1538
-1530
-1385
-1072
-594
-24
604
1267
1896
2451
2958
3356
3485
3298
2927
2480
1953
1373
835
371
-79
-511
-825
-972
-1037
-1157
-1366
-1572
-1716
-1874
-2115
-2314
-2289
-2048
-1712
-1306
-782
-197
394
1016
1647
2128
2356
2408
2410
2388
2267
1987
1604
1259
972
625
195
-180
-447
-735
-1176
-1764
-2388
-2896
-3200
-3374
-3565
-3780
-3850
-3650
-3251
-2831
-2479
-2186
-1938
-1763
-1641
-1445
-1078
-649
-295
108
824
1823
2802
3569
4183
4686
4944
4795
4233
3475
2762
2121
1428
664
-46
-606
-1029
-1334
-1520
-1640
-1776
-1946
-2083
-2138
-2117
-2044
-1936
-1778
-1515
-1141
-760
-462
-150
309
792
1065
1180
1371
1598
1631
1431
1158
929
744
529
249
19
-62
-99
-238
-364
-293
-92
22
-15
-88
-96
-17
142
387
705
1041
1318
1533
1771
2042
2219
2187
1969
1652
1294
924
527
75
-364
-671
-879
-1103
-1307
-1360
-1292
-1245
-1255
-1254
-1215
-1157
-1087
-996
-879
-709
-442
-50
422
868
1214
1446
1575
1628
1615
1502
1275
987
717
505
343
172
-27
-202
-306
-427
-672
-1014
-1379
-1735
-2036
-2205
-2259
-2281
-2267
-2189
-2078
-1925
-1692
-1449
-1316
-1262
-1189
-1110
-1035
-881
-625
-367
-133
135
464
868
1330
1701
1863
1965
2183
2414
2464
2313
2031
1643
1187
716
274
-88
-349
-579
-819
-995
-1002
-869
-736
-704
-741
-763
-739
-698
-645
-557
-472
-419
-346
-210
-64
75
272
498
637
650
595
517
417
281
119
6
21
113
149
109
132
342
672
920
946
835
800
906
1014
1041
1051
1090
1109
1097
1110
1159
1143
961
627
286
45
-164
-468
-843
-1124
-1231
-1237
-1208
-1128
-990
-843
-719
-579
-399
-227
-130
-86
-1
152
315
432
532
646
739
750
681
595
536
484
375
216
88
42
34
-7
-91
-173
-221
-259
-333
-462
-626
-780
-897
-966
-974
-953
-956
-961
-852
-602
-371
-324
-432
-526
-525
-494
-520
-641
-845
-1084
-1261
-1313
-1265
-1140
-951
-735
-512
-255
35
320
576
764
821
781
760
800
829
778
643
493
421
455
515
521
462
346
183
32
-50
-100
-192
-316
-398
-375
-228
-22
109
107
45
16
27
18
-39
-88
-65
21
114
205
334
498
640
727
784
847
922
973
965
908
848
813
777
705
608
514
423
319
210
125
56
-24
-136
-260
-353
-409
-463
-527
-559
-529
-451
-368
-328
-329
-308
-215
-93
-25
-33
-59
-25
97
246
334
344
312
262
182
82
8
-21
-39
-68
-74
-42
-4
42
114
163
113
-15
-110
-114
-86
-135
-283
-428
-463
-404
-339
-301
-262
-205
-142
-69
26
104
109
34
-86
-226
-382
-552
-725
-889
-1020
-1087
-1083
-1024
-927
-803
-673
-565
-488
-424
-335
-206
-88
-46
-41
31
190
340
390
339
271
262
280
244
129
-2
-89
-101
-46
17
7
-64
-110
-84
-17
28
38
46
98
188
263
300
334
408
517
617
704
813
970
1146
1288
1375
1410
1383
1280
1115
919
695
445
198
17
-74
-125
-191
-265
-312
-339
-392
-486
-576
-612
-600
-600
-633
-636
-555
-407
-260
-155
-86
-9
92
178
228
259
278
269
249
251
278
302
305
291
278
259
215
145
65
-23
-129
-258
-390
-483
-515
-492
-446
-392
-327
-230
-101
29
110
113
57
-18
-92
-153
-182
-161
-113
-62
13
143
314
464
538
531
479
393
272
126
-30
-204
-404
-590
-721
-788
-807
-786
-726
-649
-573
-499
-415
-325
-272
-273
-304
-304
-245
-168
-124
-124
-137
-136
-122
-133
-214
-359
-507
-591
-589
-528
-452
-376
-281
-169
-70
11
92
171
229
274
334
434
587
761
913
1026
1148
1297
1410
1415
1306
1145
982
827
659
483
327
220
153
104
67
28
-32
-125
-226
-308
-374
-452
-544
-620
-651
-655
-653
-626
-548
-433
-333
-273
-214
-105
47
174
234
246
264
301
328
320
293
274
263
251
239
235
234
212
158
82
-7
-100
-187
-257
-304
-344
-381
-399
-372
-305
-215
-120
-14
105
213
284
313
318
306
274
231
207
208
213
192
145
89
26
-54
-156
-263
-361
-439
-494
-518
-501
-447
-380
-331
-306
-287
-249
-190
-134
-95
-71
-45
-4
52
105
128
102
31
-72
-189
-309
-425
-519
-577
-604
-612
-589
-501
-352
-203
-119
-90
-57
1
50
53
29
12
14
30
68
136
220
284
321
363
439
528
597
636
668
691
677
617
550
514
490
430
336
248
204
186
157
111
72
46
4
-75
-173
-247
-282
-300
-322
-335
-315
-260
-184
-107
-49
-33
-56
-86
-95
-93
-103
-115
-100
-56
-17
5
34
84
126
124
75
9
-36
-52
-44
-29
-19
-4
39
117
204
266
284
279
267
247
203
136
74
36
17
-1
-15
-20
-17
-10
-15
-31
-51
-69
-89
-120
-159
-184
-183
-167
-155
-147
-137
-116
-96
-79
-53
-19
4
6
-1
2
10
-8
-58
-119
-159
-193
-244
-308
-350
-354
-337
-317
-285
-214
-113
-25
25
56
100
165
216
221
186
146
126
108
80
55
64
107
151
171
183
216
266
301
283
225
153
96
51
-1
-54
-92
-100
-92
-87
-78
-55
-31
-33
-67
-107
-138
-160
-181
-188
-166
-117
-70
-43
-30
-15
5
27
45
62
77
86
88
87
94
98
87
56
20
0
5
19
12
-10
-21
7
63
122
169
210
247
273
278
267
250
219
166
90
24
-11
-24
-42
-81
-129
-165
-189
-212
-249
-297
-348
-391
-421
-434
-428
-399
-339
-259
-167
-72
27
139
263
387
485
529
531
522
516
493
432
341
259
189
110
16
-69
-119
-149
-188
-246
-300
-337
-357
-369
-384
-398
-399
-378
-337
-289
-227
-149
-50
58
149
208
242
270
301
323
311
272
225
191
165
132
79
13
-56
-120
-170
-206
-231
-247
-254
-236
-187
-119
-59
-19
9
39
70
95
106
119
129
130
100
48
-4
-40
-62
-80
-93
-77
-29
37
93
135
155
156
123
55
-39
-137
-235
-326
-397
-424
-388
-300
-188
-67
68
214
343
428
454
439
396
329
246
166
102
49
-2
-47
-66
-44
-7
15
15
1
-9
-18
-38
-80
-140
-207
-271
-317
-339
-338
-331
-325
-313
-280
-218
-136
-39
73
195
321
446
561
651
681
637
526
382
223
62
-88
-210
-291
-329
-333
-311
-268
-219
-185
-176
-190
-204
-211
-211
-207
-189
-144
-72
12
92
158
210
243
253
245
236
224
210
192
174
167
167
161
137
96
43
-25
-109
-207
-303
-378
-429
-458
-460
-423
-350
-249
-133
-9
109
196
248
271
271
248
200
141
82
39
12
-8
-17
-16
-8
0
0
-9
-28
-46
-61
-68
-61
-41
-14
19
51
79
97
99
81
47
3
-40
-67
-74
-64
-40
1
66
149
235
305
345
353
321
258
165
42
-99
-240
-358
-435
-468
-454
-397
-299
-182
-70
20
76
102
99
74
34
-1
-15
-5
20
59
105
157
195
211
206
185
165
149
137
129
125
122
111
85
45
-15
-90
-171
-251
-317
-361
-374
-355
-306
-236
-149
-62
18
85
133
159
160
140
117
96
81
72
72
77
80
80
81
82
72
50
19
-10
-31
-38
-43
-48
-58
-70
-78
-84
-98
-124
-158
-189
-213
-226
-219
-193
-148
-96
-43
6
51
87
107
106
89
62
32
0
-29
-57
-78
-93
-103
-109
-110
-108
-100
-80
-45
9
79
152
219
271
304
314
300
261
206
139
77
37
25
41
78
126
174
206
214
194
148
83
10
-65
-133
-183
-212
-220
-217
-215
-221
-234
-245
-254
-252
-240
-212
-161
-92
-9
71
142
196
231
243
234
210
179
146
116
92
74
65
72
90
114
130
137
140
144
150
148
138
122
101
76
50
13
-32
-82
-128
-169
-201
-217
-212
-191
-162
-129
-95
-62
-37
-29
-36
-52
-69
-83
-91
-95
-96
-94
-84
-70
-64
-68
-78
-90
-101
-113
-123
-128
-122
-105
-76
-39
4
50
90
118
125
114
91
60
22
-21
-58
-81
-86
-71
-50
-29
-16
-12
-19
-35
-62
-90
-110
-113
-97
-66
-28
16
60
95
116
116
100
77
53
31
19
31
69
130
200
267
326
370
388
371
317
228
117
1
-100
-182
-239
-262
-248
-203
-140
-78
-24
14
32
28
4
-36
-79
-119
-147
-162
-161
-140
-101
-52
-3
39
74
102
121
129
132
137
144
152
163
176
193
210
221
226
220
206
188
163
135
107
77
49
19
-9
-32
-49
-62
-72
-75
-79
-86
-95
-113
-141
-180
-221
-261
-288
-302
-303
-290
-260
-215
-160
-102
-47
-3
30
49
51
41
19
-5
-33
-60
-82
-89
-77
-49
-13
24
57
78
87
79
56
23
-14
-46
-70
-81
-79
-66
-45
-23
-5
1
-4
-20
-43
-71
-99
-121
-132
-123
-98
-59
-14
32
68
92
100
94
80
61
43
32
38
66
116
178
240
288
312
306
276
224
156
78
-2
-70
-118
-140
-135
-115
-85
-56
-30
-9
4
10
7
-5
-21
-32
-34
-28
-14
3
20
37
55
71
81
80
65
40
11
-12
-27
-30
-21
-1
29
67
110
150
180
196
193
172
139
99
54
9
-32
-64
-82
-88
-82
-69
-55
-42
-29
-22
-23
-34
-59
-90
-125
-154
-176
-191
-197
-195
-183
-161
-131
-98
-64
-34
-7
19
40
53
57
53
40
22
-1
-26
-52
-77
-95
-106
-106
-100
-90
-75
-53
-28
-5
18
36
44
41
25
-1
-32
-64
-90
-107
-113
-107
-90
-62
-29
3
31
54
68
74
76
77
73
69
68
71
80
93
106
117
124
128
127
119
103
82
58
36
16
5
1
6
17
31
43
52
56
56
51
44
35
23
14
8
1
-2
-2
1
7
17
31
45
59
69
77
75
66
48
27
1
-23
-41
-51
-50
-37
-16
10
38
62
79
86
82
67
45
17
-14
-42
-64
-79
-89
-93
-95
-96
-97
-99
-103
-107
-111
-115
-117
-120
-121
-121
-121
-115
-110
-102
-91
-78
-63
-48
-32
-14
0
15
24
30
32
31
27
21
13
7
0
-8
-16
-24
-35
-45
-60
-74
-88
-99
-107
-108
-103
-91
-73
-55
-34
-16
-2
7
11
13
11
10
11
14
21
34
50
69
88
107
122
131
134
133
125
116
105
93
82
73
66
60
57
56
55
57
56
59
62
67
74
83
93
102
109
114
111
105
92
76
57
38
18
4
-6
-8
-5
4
18
32
44
51
51
42
26
3
-24
-50
-71
-86
-91
-83
-66
-41
-12
16
38
52
54
45
26
1
-28
-56
-81
-100
-111
-117
-115
-110
-101
-93
-86
-83
-84
-88
-94
-103
-109
-117
-120
-121
-118
-110
-95
-77
-54
-32
-9
8
20
24
22
13
3
-10
-25
-34
-39
-39
-34
-28
-19
-12
-10
-13
-17
-26
-35
-39
-43
-40
-33
-22
-13
-4
0
2
-3
-12
-20
-29
-32
-31
-21
-5
12
31
47
57
60
53
40
24
7
-8
-16
-20
-14
-4
16
41
65
90
112
132
147
159
170
179
186
193
199
203
205
205
202
196
185
172
154
131
107
79
52
28
6
-11
-27
-38
-45
-49
-50
-47
-45
-40
-38
-35
-35
-36
-40
-44
-48
-53
-55
-59
-58
-54
-47
-38
-25
-13
-4
3
3
-3
-15
-32
-54
-74
-94
-110
-120
-123
-119
-108
-96
-81
-67
-55
-44
-40
-36
-36
-37
-39
-41
-44
-48
-53
-58
-63
-65
-68
-66
-62
-53
-41
-28
-16
-6
-1
-1
-5
-14
-25
-36
-44
-50
-50
-48
-41
-32
-23
-13
-5
1
5
6
5
4
3
4
5
6
9
12
12
11
11
9
9
8
10
10
14
18
22
26
31
36
41
46
51
56
63
71
79
90
98
106
113
117
119
118
117
115
111
110
108
107
107
106
103
98
90
78
66
50
34
20
9
0
-5
-7
-7
-7
-6
-6
-7
-10
-15
-23
-30
-35
-41
-43
-44
-43
-38
-32
-28
-22
-19
-13
-12
-14
-16
-19
-24
-30
-37
-44
-49
-56
-61
-66
-68
-68
-65
-61
-56
-48
-42
-36
-32
-30
-28
-28
-28
-28
-27
-26
-25
-25
-26
-27
-30
-35
-39
-48
-54
-60
-64
-64
-62
-54
-45
-35
-26
-19
-12
-10
-9
-8
-9
-10
-11
-11
-11
-9
-6
-4
-1
2
3
3
4
4
6
8
11
12
14
17
18
17
17
16
14
11
10
10
13
19
26
37
47
58
66
72
77
78
77
75
71
67
63
61
60
61
62
66
68
70
69
68
62
57
49
39
28
17
6
-4
-14
-20
-26
-28
-30
-29
-27
-23
-18
-13
-10
-8
-5
-5
-11
-15
-20
-27
-34
-39
-44
-48
-51
-54
-56
-57
-58
-58
-57
-57
-53
-48
-43
-36
-29
-21
-15
-12
-10
-12
-14
-18
-22
-25
-28
-30
-28
-25
-22
-19
-15
-12
-13
-14
-16
-19
-22
-24
-24
-22
-19
-13
-7
0
6
11
15
16
18
16
14
12
10
10
8
7
6
5
5
3
0
0
-3
-4
-6
-6
-4
-3
1
6
11
17
22
26
28
30
31
30
30
30
30
30
30
31
33
36
40
45
51
55
60
63
65
65
63
59
54
48
39
33
24
20
17
17
17
18
17
18
16
12
9
4
-3
-8
-14
-20
-25
-28
-27
-26
-24
-23
-22
-25
-29
-33
-36
-40
-43
-43
-44
-42
-40
-37
-36
-34
-34
-36
-37
-39
-42
-46
-47
-47
-48
-46
-43
-41
-39
-35
-33
-32
-33
-32
-31
-32
-32
-30
-29
-28
-27
-24
-22
-21
-18
-16
-12
-7
1
9
18
28
37
45
52
55
57
58
55
51
49
46
42
40
36
34
32
28
25
20
15
10
4
-2
-8
-11
-15
-17
-19
-19
-17
-15
-13
-9
-7
-2
4
8
14
21
28
35
43
50
55
59
61
61
62
59
58
56
53
51
49
46
43
40
37
34
30
27
24
21
18
15
12
11
8
7
4
2
-3
-5
-12
-17
-22
-27
-31
-35
-37
-39
-41
-42
-42
-42
-43
-41
-41
-41
-42
-41
-40
-38
-38
-38
-38
-38
-38
-38
-35
-32
-30
-28
-24
-22
-20
-20
-22
-23
-26
-29
-33
-35
-37
-37
-33
-30
-26
-22
-18
-17
-16
-16
-16
-16
-14
-12
-9
-5
0
6
11
16
20
21
21
21
20
17
17
16
16
16
17
17
18
17
16
14
12
10
6
4
2
1
0
2
4
6
11
14
18
20
24
27
30
33
37
40
40
42
43
42
41
40
38
35
34
33
30
30
29
27
29
27
27
26
25
26
25
24
23
21
19
17
16
14
12
9
9
7
5
3
2
0
-2
-5
-8
-12
-16
-18
-22
-25
-28
-31
-34
-36
-39
-38
-36
-35
-31
-27
-24
-23
-22
-21
-23
-23
-23
-22
-24
-23
-21
-19
-15
-11
-6
-5
-3
-4
-6
-8
-13
-18
-20
-22
-23
-23
-23
-23
-21
-21
-21
-22
-22
-24
-24
-22
-22
-20
-17
-11
-8
-3
0
4
6
10
10
11
11
12
13
15
17
20
20
20
18
14
9
5
1
-2
-4
-3
-2
1
5
8
14
17
19
21
21
20
22
21
23
26
28
31
32
34
31
29
27
23
18
14
10
7
6
4
6
7
9
9
10
11
12
11
11
11
12
13
12
13
11
9
7
4
1
-1
-3
-5
-7
-8
-10
-11
-12
-15
-17
-19
-23
-25
-26
-24
-22
-18
-16
-12
-10
-5
-3
-2
-1
-1
-2
-1
-1
0
0
1
2
2
1
-2
-4
-9
-12
-18
-21
-24
-26
-26
-23
-22
-19
-15
-15
-12
-13
-15
-16
-18
-20
-22
-23
-22
-18
-14
-10
-3
3
10
14
18
20
19
18
16
15
14
12
12
11
10
9
8
7
5
3
2
0
-2
-2
-2
-2
-1
0
2
2
4
4
5
7
7
8
9
9
9
10
12
13
13
14
14
15
15
14
14
12
13
12
11
10
9
9
6
5
5
6
6
6
6
7
6
7
5
5
3
-1
-3
-6
-9
-10
-13
-14
-15
-15
-15
-15
-14
-12
-13
-11
-11
-10
-8
-8
-7
-4
-1
0
2
4
3
1
2
2
0
0
1
-1
-2
-1
-2
-3
-6
-8
-9
-13
-16
-18
-20
-20
-20
-18
-16
-14
-11
-8
-6
-4
-2
-1
0
1
2
4
6
7
10
12
14
13
13
13
13
13
12
12
12
10
10
8
6
7
6
5
5
4
4
3
3
3
4
4
4
4
4
3
3
4
3
4
5
6
5
5
4
6
5
5
4
5
5
5
6
7
9
10
10
11
8
5
3
2
1
0
1
-1
-2
-1
0
0
1
1
2
0
-1
-5
-6
-9
-8
-10
-9
-8
-7
-7
-6
-7
-8
-8
-9
-10
-9
-10
-10
-8
-6
-5
-4
-2
-2
-2
-2
-4
-3
-4
-4
-3
-5
-5
-6
-4
-3
-4
-4
-5
-5
-6
-8
-7
-6
-6
-7
-6
-8
-6
-5
-5
-2
-1
1
2
3
3
5
5
7
7
8
7
6
5
4
5
5
4
4
4
3
1
2
0
2
1
0
1
2
2
2
2
4
5
6
7
6
6
6
4
6
5
5
6
6
6
8
7
9
8
8
8
9
7
6
6
6
5
4
5
4
4
4
4
4
4
3
2
1
0
0
-1
0
-1
-1
-1
-2
-3
-4
-3
-4
-4
-5
-5
-3
-4
-4
-3
-4
-3
-2
-3
-3
-2
-2
-2
-2
-2
-2
-2
-3
-3
-3
-3
-3
-2
-3
-3
-5
-4
-3
-3
-2
-2
-1
-1
-1
-2
-4
-5
-4
-4
-3
-3
-3
-4
-4
-3
-2
-3
-2
-2
-1
0
0
1
1
2
4
3
3
3
2
2
1
2
2
2
1
2
2
2
3
2
2
1
0
0
-2
-1
0
1
1
2
3
2
1
2
3
3
3
4
5
4
3
4
3
5
4
4
4
4
3
4
3
4
4
3
3
2
4
3
3
3
4
2
0
0
1
1
0
0
1
1
0
-1
-1
-2
-2
-2
-3
-2
-2
-3
-2
-2
-3
-3
-2
-3
-2
-2
-1
-1
-1
0
1
0
0
0
-1
-1
0
0
0
1
0
0
0
1
1
1
1
0
0
-2
-1
-2
0
-2
-2
-2
-2
-2
-1
-1
-2
-2
-1
-1
-1
-1
-1
-1
-1
-1
1
0
-1
0
0
0
0
0
0
2
1
1
1
2
2
2
1
2
2
2
2
2
2
2
2
1
1
1
2
-1
0
-1
0
0
0
1
0
0
0
0
0
0
1
0
0
0
0
0
0
0
0
0
-1
0
0
0
1
0
0
0
1
0
0
0
0
0
0
0
0
0
0
1
0
1
0
-1
0
0
-1
0
0
0
-1
0
0
0
-1
0
-1
1
-1
1
0
0
0
0
0
1
0
1
0
0
1
1
0
0
0
-1
-1
0
0
2
1
1
0
0
-1
-1
-2
-1
-1
-1
-1
-1
-1
-2
0
0
1
0
0
-1
0
0
1
1
1
1
1
1
0
1
2
1
1
1
1
2
1
0
0
0
0
-1
0
0
-1
0
0
0
0
0
0
0
0
0
0
0
1
1
1
1
0
0
-1
1
0
0
0
0
0
0
0
0
0
0
0
0
1
0
0
1
0
1
0
0
1
0
0
0
0
1
0
0
-1
0
1
2
1
0
-1
-2
-1
-1
0
1
1
1
1
0
-2
-2
-1
1
1
1
1
1
2
0
2
0
1
2
1
1
1
-1
0
0
0
1
0
-1
0
-1
-1
0
0
1
0
0
0
1
1
0
0
1
1
-1
0
-1
0
0
0
1
0
0
0
0
-1
0
0
-1
0
0
-1
-1
1
0
0
0
0
-1
0
1
0
0
0
-1
1
0
1
0
1
-1
0
0
0
-1
0
0
0
0
0
0
0
0
0
0
0
0
0
0
0
0
0
1
0
0
0
0
1
0
0
0
0
0
0
0
0
0
0
0
0
0
0
0
0
0
0
1
1
2
1
0
-1
-2
-3
-2
-1
0
0
0
0
0
0
-1
1
1
1
1
0
0
-1
0
1
2
3
2
1
-1
-1
-1
0
1
0
1
1
0
0
0
0
1
1
0
0
-1
-1
-1
0
1
0
1
1
0
-1
0
-1
0
-1
0
0
0
0
1
0
0
0
0
-1
1
0
0
0
0
0
1
0
0
0
0
0
0
1
0
0
0
0
-1
0
-1
0
0
0
0
0
0
0
0
0
0
0
0
0
0
0
0
0
1
0
1
1
0
1
0
0
0
0
0
1
0
1
0
0
0
1
0
0
-1
0
0
1
0
-1
0
0
0
0
-1
-1
1
0
0
1
0
0
1
0
0
0
-1
1
0
0
0
0
0
0
-1
0
0
0
0
0
0
0
0
0
0
0
0
0
0
0
0
0
0
0
0
-1
0
-1
0
-1
0
0
0
0
0
-1
0
-1
1
0
0
0
0
0
-1
0
-1
0
-1
0
0
0
0
-1
0
-1
0
1
0
0
0
0
0
0
1
0
0
0
0
0
0
-1
0
0
0
0
0
0
0
0
1
0
1
1
0
0
0
0
0
0
0
0
0
0
1
0
1
0
0
0
0
0
0
0
1
0
0
0
1
0
1
1
0
0
0
0
-1
0
0
1
0
0
0
0
0
0
0
0
0
0
0
0
0
-1
0
0
0
0
0
0
0
0
0
-1
0
1
0
0
0
0
0
0
0
-1
1
0
0
0
1
0
1
0
0
0
0
0
0
0
-1
0
1
0
0
0
1
0
0
0
0
-1
1
1
0
0
1
0
0
0
0
0
0
0
0
-1
0
0
0
0
1
0
0
0
0
0
0
-1
-1
1
0
0
1
0
0
-1
0
-1
1
0
1
0
0
0
0
1
-1
0
0
0
0
0
0
0
0
0
0
0
0
0
0
-1
0
0
0
0
1
0
0
0
0
0
0
0
0
-1
0
0
0
-1
0
0
1
0
-1
0
0
0
0
1
1
1
0
0
-1
0
0
-1
0
0
0
0
-1
0
0
0
0
0
0
1
0
0
0
0
0
1
0
0
0
0
0
0
0
-1
1
-1
0
-1
0
0
0
0
-1
0
0
0
0
0
0
0
0
0
1
0
0
0
0
0
0
0
0
0
0
0
0
0
0
-1
0
0
0
1
0
0
0
0
-1
0
-1
0
1
0
0
1
0
0
0
0
0
0
0
0
0
0
1
-1
0
-1
0
0
-1
0
0
0
0
-1
0
0
0
0
0
1
0
0
0
0
0
0
0
-1
0
0
0
0
0
0
-1
0
0
0
0
0
0
-1
0
-1
0
0
0
0
1
0
0
0
0
0
0
0
0
0
0
0
0
1
0
0
0
0
1
0
-1
0
1
0
0
0
0
0
0
0
-1
-1
0
0
0
1
0
-1
0
0
-1
0
0
0
-1
0
0
1
0
0
0
0
0
0
1
0
0
0
0
1
0
0
0
1
1
0
0
0
0
0
0
1
0
1
0
0
0
1
0
0
0
-1
1
1
0
-1
0
0
0
0
0
0
0
0
0
0
0
1
0
1
0
0
0
0
0
-1
0
1
0
0
-1
0
-1
0
0
-1
0
0
0
0
0
0
0
0
0
0
0
0
0
0
0
0
0
0
0
0
0
0
0
0
0
0
0
0
0
0
0
0
0
-1
0
0
0
0
0
0
0
-1
0
0
0
0
0
0
0
0
0
0
0
0
0
0
0
0
0
0
0
0
0
0
1
-1
0
0
0
0
0
0
0
1
0
0
0
0
0
-1
0
0
0
0
0
0
0
0
0
0
-1
-1
-1
-1
0
-1
0
0
0
0
0
0
-1
-1
0
-1
0
0
0
-1
0
0
0
0
0
0
0
1
0
0
0
0
0
0
0
0
0
0
1
1
0
0
0
0
0
0
0
0
0
0
0
1
0
0
0
0
0
1
1
0
0
0
0
0
-1
0
0
0
0
0
0
1
0
0
1
0
0
0
1
0
0
1
0
1
1
0
0
0
0
0
0
0
0
0
0
1
0
1
1
-1
0
0
0
0
0
0
0
0
0
0
0
1
0
0
1
0
0
0
1
0
0
0
-1
0
0
0
0
0
0
0
0
0
0
1
0
0
0
-1
-1
0
0
0
0
0
0
0
0
0
0
-1
0
1
0
0
0
0
0
0
0
-1
0
1
0
0
0
0
-1
0
-1
-1
0
0
0
0
1
0
0
0
0
0
0
0
0
1
1
0
1
-1
0
0
0
0
0
0
0
0
0
0
0
0
0
0
0
0
0
0
0
0
0
0
0
0
0
0
0
0
-1
1
0
1
0
0
1
0
0
0
0
0
1
-1
0
0
0
0
0
1
0
0
-1
0
0
0
0
1
0
0
1
-1
-1
0
0
0
0
0
0
0
0
0
0
0
-1
0
0
0
1
0
0
0
0
1
0
-1
-1
0
0
0
-1
0
0
0
0
0
-1
0
0
0
0
-1
0
0
0
0
0
0
0
0
0
0
0
0
0
0
-1
0
0
0
0
0
0
0
0
0
1
0
-1
0
0
0
0
0
0
0
0
0
0
0
0
0
0
0
0
0
0
0
-1
0
0
0
0
0
0
0
0
0
0
0
0
0
1
0
0
0
0
0
0
0
1
0
0
0
1
1
0
0
0
-1
1
1
0
0
0
0
0
0
0
1
0
0
0
1
0
0
0
0
0
-1
0
0
0
0
0
0
0
0
0
0
-1
-1
-1
0
0
0
0
-1
0
0
0
0
0
0
0
0
0
1
0
1
0
0
0
0
0
0
1
-1
0
1
-1
0
0
0
0
0
0
0
-1
0
0
0
-1
0
-1
0
0
0
0
0
-1
0
0
0
0
0
0
-1
0
0
0
0
0
0
0
0
-1
-1
0
0
0
0
0
1
0
0
0
0
0
-1
0
0
0
0
0
0
0
0
0
1
0
1
0
0
1
-1
1
0
0
0
-1
-1
0
0
0
-1
0
-1
0
0
0
-1
0
0
0
0
1
0
0
0
0
0
0
1
0
1
0
0
0
0
0
0
1
0
0
0
1
1
0
0
0
0
0
0
0
0
-1
1
0
0
0
0
0
0
0
1
0
0
-1
0
0
0
-1
-1
0
0
1
0
-1
0
0
0
0
0
0
-1
-1
0
0
-1
1
0
1
0
0
0
0
0
0
1
0
0
0
-1
0
0
0
0
0
1
-1
0
0
0
0
0
0
0
0
0
1
0
0
0
0
0
0
-1
0
0
-1
0
0
-1
0
0
0
0
0
0
0
0
1
0
0
-1
1
0
0
-1
-1
0
0
0
1
-1
0
0
0
-1
1
0
0
0
1
-1
0
0
0
0
0
0
0
0
0
0
0
-1
0
0
0
0
0
0
0
0
0
0
1
-1
0
0
-1
1
0
0
0
0
0
0
0
0
0
0
0
0
0
0
-1
0
0
0
0
0
0
0
-1
0
0
0
-1
0
0
-1
-1
0
0
0
0
0
1
1
-1
0
-1
0
0
0
0
0
0
0
0
1
0
0
0
0
-1
1
0
0
1
0
0
0
0
0
1
1
0
0
0
0
0
-1
0
-1
1
0
1
0
0
1
0
0
1
0
0
0
1
-1
-1
1
0
0
0
-1
0
0
1
0
0
0
0
0
0
-1
0
0
0
-1
0
0
1
1
-1
0
0
0
0
0
0
0
0
0
-1
1
0
0
1
0
0
0
0
1
-1
0
0
0
0
-1
1
0
0
-1
0
0
0
0
0
-1
0
-1
1
0
0
1
0
0
0
0
0
0
0
0
-1
0
0
0
1
0
1
0
0
0
0
-1
0
0
1
1
0
0
0
-1
-1
0
0
0
-1
0
0
1
0
1
0
0
1
0
0
1
0
0
0
0
0
0
0
0
0
0
0
-1
1
0
0
0
0
0
0
0
0
0
0
-1
0
-1
0
0
0
0
0
-1
0
0
0
1
0
0
0
0
0
0
0
0
0
-1
1
1
-1
0
0
0
0
0
0
0
0
0
0
0
0
0
-1
0
0
0
0
0
0
0
0
-1
0
0
0
0
-1
0
-1
0
0
0
0
0
-1
0
0
-1
0
0
0
1
0
0
0
0
0
0
1
0
0
0
0
0
1
0
0
0
1
1
0
0
0
0
0
0
0
0
1
1
1
0
0
-1
0
0
0
-1
-1
0
0
0
0
0
0
0
0
0
0
0
0
0
0
0
0
0
0
0
0
0
1
1
1
0
-1
0
0
0
0
0
0
1
-1
-1
0
0
0
0
0
1
0
-1
0
0
0
0
0
0
0
0
-1
0
0
0
0
1
0
0
0
0
0
-1
1
1
0
0
0
0
1
0
0
0
0
0
0
0
0
0
0
0
0
1
0
0
0
0
0
0
1
0
0
0
0
0
0
0
0
0
0
1
0
-1
0
0
0
0
-1
0
0
0
0
0
0
-1
0
0
-1
0
0
0
-1
1
0
0
0
0
0
0
0
0
0
0
0
0
0
-1
0
-1
0
0
0
0
0
0
0
0
0
1
0
0
0
0
0
0
0
0
0
0
0
1
0
0
0
0
0
0
0
0
0
-1
0
0
1
0
0
0
0
0
0
0
1
0
0
0
0
0
0
-1
0
1
0
0
0
0
0
0
0
0
-1
0
0
0
0
0
0
0
0
1
0
-1
0
1
0
0
-1
0
0
0
0
-1
0
0
0
0
1
0
0
0
0
0
0
0
0
-1
0
0
0
0
0
0
0
0
0
1
0
0
0
0
0
1
0
0
1
0
1
-1
0
0
0
0
0
0
0
0
-1
0
-1
-1
0
0
0
0
0
0
0
0
0
0
-1
0
-1
0
0
0
0
0
0
-1
0
0
0
0
0
0
0
0
0
0
0
0
0
0
0
0
0
1
1
0
-1
0
0
0
0
0
0
0
0
0
0
0
0
0
0
0
0
1
0
0
0
0
0
1
0
0
0
0
0
0
0
-1
-1
0
0
0
0
0
-1
-1
0
0
0
-1
1
0
0
-1
0
0
0
0
0
0
0
0
0
0
0
0
0
0
0
0
1
0
0
-1
0
0
0
0
0
0
1
0
0
-1
-1
0
0
0
0
-1
0
0
0
0
0
1
0
0
1
0
1
0
0
0
0
0
0
-1
0
0
0
0
0
0
1
0
0
0
0
0
0
-1
-1
0
-1
0
0
0
0
0
0
0
0
0
0
0
0
0
0
-1
0
0
0
0
1
0
0
0
0
0
0
0
0
0
0
-1
1
-1
0
0
0
0
0
0
0
0
1
0
1
0
0
0
1
-1
0
0
0
0
0
0
0
0
0
0
-1
0
0
0
0
1
1
0
1
0
0
0
0
0
0
0
0
0
0
-1
-1
-1
-1
0
0
0
0
0
-1
0
0
0
0
0
-1
0
-1
0
1
0
0
1
0
0
-1
0
-1
0
0
0
-1
0
1
-1
0
0
0
0
-1
0
1
0
-1
1
1
0
1
-1
0
0
1
0
0
-1
1
0
0
1
0
0
0
0
1
0
0
0
0
1
0
-1
0
-1
0
1
0
1
-1
0
1
0
0
0
0
0
-1
0
0
0
0
0
0
0
0
0
0
-1
0
1
0
1
0
-1
0
0
1
0
0
0
0
0
0
-1
0
-1
0
0
0
0
0
0
0
1
0
1
0
0
0
0
0
-1
0
0
0
0
0
-1
0
0
0
0
0
0
1
0
0
0
0
1
0
0
0
0
0
0
0
0
0
-1
0
1
0
0
0
0
0
0
0
0
0
0
0
0
0
0
0
-1
1
0
0
0
-1
0
0
0
1
0
0
0
-1
0
0
0
0
1
1
0
1
0
0
-1
0
-1
0
0
0
0
0
0
0
0
0
0
0
0
0
1
0
0
0
0
0
0
0
0
0
0
0
0
0
0
0
0
0
0
1
0
0
0
1
0
0
0
0
0
0
0
0
1
1
0
0
1
0
0
0
0
0
1
0
0
-1
1
0
-1
-1
0
0
0
0
0
1
0
1
0
0
0
1
0
-1
0
-1
0
0
-1
0
0
0
-1
0
0
0
0
0
0
0
0
1
-1
0
0
0
0
-1
0
0
0
0
0
1
0
0
0
0
0
0
0
0
1
1
0
0
0
0
0
0
0
0
0
1
0
-1
0
0
0
0
0
0
0
0
0
0
1
0
1
1
1
0
0
0
0
0
0
0
0
0
0
0
0
-1
0
0
0
-1
0
-1
0
0
0
0
0
0
0
-1
1
0
1
0
0
0
0
1
1
0
-1
0
1
-1
0
0
0
0
0
0
0
0
0
0
0
0
0
1
-1
0
0
0
0
0
0
0
-1
0
-1
0
0
0
0
0
-1
0
1
0
0
0
1
0
0
0
0
0
0
0
0
0
0
0
0
0
0
1
0
1