-41
-34
-26
-20
-13
-7
0
6
12
17
21
27
31
34
37
39
39
41
41
42
41
40
39
38
35
33
30
27
25
22
19
15
12
8
5
2
0
-3
-6
-7
-8
-10
-12
-12
-12
-12
-12
-11
-10
-9
-7
-6
-4
-2
0
3
4
9
11
14
17
19
23
26
29
33
34
36
39
40
42
44
45
46
48
48
47
48
46
45
43
42
40
39
37
34
31
29
26
23
19
14
10
5
0
-4
-7
-12
-16
-21
-25
-30
-35
-39
-44
-47
-51
-54
-56
-59
-61
-63
-64
-64
-64
-63
-63
-61
-59
-55
-53
-49
-46
-41
-37
-32
-27
-21
-15
-10
-6
-2
4
7
11
15
19
23
27
29
31
31
33
32
31
30
30
29
27
24
21
20
16
14
10
8
5
4
0
-4
-4
-7
-8
-8
-10
-10
-10
-10
-11
-9
-8
-7
-6
-4
-2
-1
1
3
3
6
7
9
9
9
11
12
12
12
12
13
12
12
11
10
10
10
10
9
10
10
9
8
9
9
10
10
11
12
13
15
15
15
17
19
20
21
22
22
22
23
23
22
22
20
19
17
15
11
8
4
1
-3
-7
-11
-15
-19
-22
-26
-30
-33
-36
-38
-40
-42
-41
-43
-42
-41
-40
-39
-37
-34
-31
-29
-24
-21
-16
-13
-9
-5
-1
4
7
10
11
15
18
18
20
21
21
21
21
20
19
18
17
15
13
12
10
10
6
4
2
0
-1
-2
-2
-2
-3
-2
-3
-2
-2
-2
-2
0
0
2
4
4
5
6
8
8
8
8
9
8
7
7
6
5
4
3
2
0
-1
-1
-4
-3
-6
-7
-8
-8
-8
-8
-8
-7
-6
-5
-4
-4
-1
2
5
5
8
11
12
14
16
18
19
20
21
20
21
21
20
19
18
16
15
12
9
7
4
1
-2
-5
-9
-12
-15
-18
-21
-24
-26
-27
-28
-30
-30
-30
-30
-30
-27
-27
-25
-24
-20
-19
-17
-13
-10
-8
-5
-2
1
3
4
7
9
10
11
13
12
13
13
14
13
12
13
10
10
9
8
7
6
5
3
3
4
2
1
1
2
0
1
1
1
0
2
2
3
2
3
5
4
4
4
4
3
3
4
3
2
2
0
-1
-2
-1
-2
-4
-5
-5
-6
-6
-6
-6
-6
-8
-10
-9
-7
-8
-5
-4
-3
-2
-1
0
1
2
4
5
7
7
10
9
10
11
11
12
11
11
11
9
10
11
8
7
7
6
4
3
3
1
0
0
-3
-1
-4
-4
-4
-4
-5
-5
-6
-5
-5
-5
-5
-5
-5
-4
-4
-3
-3
-3
-2
-2
-2
-1
-1
-2
1
0
0
0
1
1
1
1
1
0
0
0
-1
-1
-1
-1
-1
-3
-1
-2
0
-1
-2
-2
-2
-2
-3
-2
-1
-2
-2
-1
-1
0
0
-1
1
1
1
1
1
0
0
0
0
0
0
1
0
0
0
0
-1
0
0
0
0
0
0
0
1
2
1
0
0
1
-1
0
1
0
0
0
1
1
1
1
1
2
3
3
3
4
4
3
3
4
4
5
6
5
4
6
6
5
5
6
5
3
3
3
1
1
1
1
0
0
0
-1
0
-1
-2
0
-2
-2
-2
-3
-3
-3
-3
-3
-3
-3
-2
-2
-2
-2
-3
-1
-1
-2
-2
-2
-2
-2
-2
-1
-1
-1
0
0
0
0
0
0
-1
-2
-1
-1
-1
0
1
2
1
0
1
0
0
0
1
0
0
0
0
0
0
1
-1
0
0
0
1
0
-1
0
0
0
0
0
-1
0
0
0
0
1
0
0
1
0
0
0
1
0
0
0
0
0
2
1
1
1
0
1
0
0
2
1
0
1
1
0
1
2
1
2
3
2
3
3
3
4
4
3
3
3
2
4
3
2
2
2
3
1
2
1
1
1
1
0
-1
0
0
0
-1
0
0
0
-1
-1
-1
-1
-2
-2
-2
-2
-1
-2
-1
-2
-1
-1
0
-1
0
0
-1
-1
-1
-2
0
0
1
2
2
0
0
-1
0
0
1
0
0
-1
1
0
0
0
0
-1
0
0
0
0
0
0
0
0
0
0
0
1
0
0
0
-1
0
1
0
0
1
-1
0
-1
-1
0
0
0
0
0
0
0
0
-1
0
-1
1
0
1
1
0
0
0
0
1
1
1
1
0
1
1
1
2
2
2
1
-1
0
0
0
1
2
2
1
2
1
-1
0
0
0
0
0
0
0
1
1
0
1
0
0
0
0
0
-1
-1
-1
-1
-1
-1
-1
-2
-2
-1
-1
-1
-1
-1
0
-1
0
-2
-1
0
-1
0
0
0
2
1
1
1
1
1
1
1
1
0
1
0
0
0
-1
-1
0
0
0
0
1
0
-1
0
0
0
0
1
0
-1
0
0
0
0
0
1
0
0
0
0
0
0
0
0
0
0
1
0
0
0
0
0
0
0
0
0
0
0
0
0
-1
-1
0
0
0
0
0
0
-1
0
0
-1
0
0
0
0
0
0
0
0
0
0
0
0
0
0
0
0
0
-1
0
0
1
0
0
-1
1
0
0
0
0
0
0
0
0
0
0
-1
1
0
0
-1
0
0
0
1
0
-1
0
0
0
0
0
0
0
1
-1
0
-1
0
-1
-1
0
0
0
1
0
0
0
0
0
1
0
-1
-1
0
0
0
0
0
0
0
-1
0
-1
0
1
0
0
0
0
1
0
0
0
0
0
-1
-1
0
0
0
0
-1
0
1
0
1
0
0
0
0
-1
0
0
0
-1
0
0
0
0
0
0
0
0
-1
0
0
0
1
0
1
0
-1
0
1
0
0
-1
0
0
0
0
0
0
1
0
1
0
0
0
0
0
1
0
1
0
0
0
1
0
0
0
0
0
-1
0
0
0
0
0
0
0
0
0
-1
0
0
0
0
0
0
0
0
0
0
1
0
1
0
0
1
0
0
1
0
0
1
0
0
1
0
0
0
0
0
0
0
0
0
0
0
1
0
0
-1
0
0
-1
0
-1
0
0
1
1
0
0
0
-1
0
0
0
0
0
0
1
0
0
-1
0
0
0
0
-1
0
1
0
0
0
0
0
-1
0
0
0
0
0
0
0
1
0
0
0
0
0
-1
0
0
0
0
0
1
0
0
0
0
0
0
0
1
0
-1
0
-1
1
0
0
0
0
-1
0
-1
0
0
0
0
-1
1
0
0
0
1
0
-1
0
1
1
0
-1
0
0
0
0
0
0
0
0
-1
0
0
0
0
1
-1
0
0
-1
0
0
0
0
0
1
1
0
0
0
-1
-1
0
0
0
1
0
0
0
0
0
0
1
0
0
-1
0
0
1
0
0
0
0
0
1
0
0
-1
0
0
0
0
0
0
0
0
1
0
0
0
0
0
0
0
0
1
0
0
0
0
0
0
-1
0
0
0
0
1
0
0
1
0
0
0
1
-1
0
-1
0
0
0
1
0
0
0
0
0
0
1
0
0
0
0
0
0
0
0
0
-1
0
0
0
1
0
0
0
1
0
0
0
0
0
0
0
0
0
0
1
0
1
0
-1
0
0
-1
0
0
0
-1
0
0
0
-1
0
-1
1
-1
1
0
0
0
0
0
1
0
1
0
0
0
0
0
0
0
0
0
0
0
1
0
0
-1
0
0
0
0
0
0
0
0
0
0
-1
0
0
1
0
0
-1
0
0
0
0
0
0
0
0
-1
0
1
0
0
0
0
1
0
0
0
0
0
-1
0
0
-1
0
0
0
0
0
0
0
0
0
0
0
1
1
1
1
0
0
-1
1
0
0
0
0
0
0
0
0
0
0
0
0
1
0
0
1
0
1
0
0
1
0
0
0
0
1
0
0
-1
0
0
1
1
0
0
-1
0
-1
-1
0
0
0
1
1
0
-1
0
1
0
0
0
0
1
0
1
-1
0
1
0
0
0
-1
0
0
0
1
0
-1
0
-1
-1
0
0
1
0
0
0
1
1
0
0
1
1
-1
0
-1
0
0
0
1
0
0
0
0
-1
0
0
-1
0
0
-1
-1
1
0
0
0
0
-1
0
1
0
0
0
-1
1
0
1
0
1
-1
0
0
0
-1
0
0
0
0
0
0
0
0
0
0
0
0
0
0
0
0
0
1
0
0
0
0
1
0
0
0
0
0
0
0
0
0
0
0
0
0
0
0
0
0
0
0
0
1
0
0
0
0
-1
0
0
1
0
0
0
0
0
-1
0
0
0
0
0
0
-1
0
0
-1
0
0
0
-1
0
0
0
0
-1
0
0
0
0
0
0
0
0
0
0
0
0
0
0
0
-1
0
0
0
-1
0
-1
0
-1
0
0
0
0
1
0
0
0
0
-1
1
0
0
0
0
0
1
0
0
0
0
0
0
1
0
0
0
0
-1
0
-1
0
0
0
0
0
0
0
0
0
0
0
0
0
0
0
0
0
1
0
1
1
0
1
0
0
0
0
0
1
0
1
0
0
0
1
0
0
-1
0
0
1
0
-1
0
0
0
0
-1
-1
1
0
0
1
0
0
1
0
0
0
-1
1
0
0
0
0
0
0
-1
0
0
0
0
0
0
0
0
0
0
0
0
0
0
0
0
0
0
0
0
-1
0
-1
0
-1
0
0
0
0
0
-1
0
-1
1
0
0
0
0
0
-1
0
-1
0
-1
0
0
0
0
-1
0
-1
0
1
0
0
0
0
0
0
1
0
0
0
0
0
0
-1
0
0
0
0
0
0
0
0
1
0
1
1
0
0
0
0
0
0
0
0
0
0
1
0
1
0
0
0
0
0
0
0
1
0
0
0
1
0
1
1
0
0
0
0
-1
0
0
1
0
0
0
0
0
0
0
0
0
0
0
0
0
-1
0
0
0
0
0
0
0
0
0
-1
0
1
0
0
0
0
0
0
0
-1
1
0
0
0
1
0
1
0
0
0
0
0
0
0
-1
0
1
0
0
0
1
0
0
0
0
-1
1
1
0
0
1
0
0
0
0
0
0
0
0
-1
0
0
0
0
1
0
0
0
0
0
0
-1
-1
1
0
0
1
0
0
-1
0
-1
1
0
1
0
0
0
0
1
-1
0
0
0
0
0
0
0
0
0
0
0
0
0
0
-1
0
0
0
0
1
0
0
0
0
0
0
0
0
-1
0
0
0
-1
0
0
1
0
-1
0
0
0
0
1
1
1
0
0
-1
0
0
-1
0
0
0
0
-1
0
0
0
0
0
0
1
0
0
0
0
0
1
0
0
0
0
0
0
0
-1
1
-1
0
-1
0
0
0
0
-1
0
0
0
0
0
0
0
0
0
1
0
0
0
0
0
0
0
0
0
0
0
0
0
0
-1
0
0
0
1
0
0
0
0
-1
0
-1
0
1
0
0
1
0
0
0
0
0
0
0
0
0
0
1
-1
0
-1
0
0
-1
0
0
0
0
-1
0
0
0
0
0
1
0
0
0
0
0
0
0
-1
0
0
0
0
0
0
-1
0
0
0
0
0
0
-1
0
-1
0
0
0
0
1
0
0
0
0
0
0
0
0
0
0
0
0
1
0
0
0
0
1
0
-1
0
1
0
0
0
0
0
0
0
-1
-1
0
0
0
1
0
-1
0
0
-1
0
0
0
-1
0
0
1
0
0
0
0
0
0
1
0
0
0
0
1
0
0
0
1
1
0
0
0
0
0
0
1
0
1
0
0
0
1
0
0
0
-1
1
1
0
-1
0
0
0
0
0
0
0
0
0
0
0
1
0
1
0
0
0
0
0
-1
0
1
0
0
-1
0
-1
0
0
-1
0
0
0
0
0
0
0
0
0
0
0
0
0
0
0
0
0
0
0
1
1
1
0
0
-1
-1
-1
-1
0
1
1
1
1
0
0
0
0
-1
-1
-2
-1
-2
1
2
3
3
2
1
0
-1
-1
0
0
1
1
0
0
0
0
0
1
1
0
0
0
-2
-1
-1
1
2
1
0
0
2
0
-1
-1
0
1
-1
-1
0
0
0
0
0
0
0
0
0
-1
-1
-1
-1
0
-1
0
0
0
0
0
0
-1
-1
0
-1
0
0
0
-1
0
0
0
0
0
0
0
1
0
0
0
0
0
0
0
0
0
0
1
1
0
0
0
0
0
0
0
0
0
0
0
1
0
0
0
0
0
1
1
0
0
0
0
0
-1
0
0
0
0
0
0
1
0
0
1
0
0
0
1
0
0
1
0
1
1
-1
-1
0
0
0
0
0
0
-1
0
1
0
1
3
2
2
1
0
1
1
-1
-1
0
1
0
-1
1
1
1
2
0
0
0
0
-1
0
0
-1
1
1
1
0
0
-1
0
0
-1
0
2
-1
-1
1
0
-1
1
1
0
-2
-1
0
0
0
1
1
0
0
0
-1
-1
-1
0
0
0
0
-1
1
3
2
2
1
0
-1
-1
-2
0
1
0
1
2
1
-1
0
0
-1
0
1
0
-1
1
2
0
2
0
0
0
-1
-1
-1
0
0
1
1
1
0
0
0
0
0
0
0
0
0
0
0
0
0
0
0
0
0
0
-1
1
0
1
0
0
1
0
0
0
0
0
1
-1
0
0
0
0
0
1
0
0
-1
0
0
0
0
1
0
0
1
-1
-1
0
0
0
0
0
0
0
0
0
0
0
-1
0
0
0
1
0
0
0
0
1
0
-1
-1
1
1
1
0
0
-1
-1
-1
0
-1
2
3
3
3
1
0
-2
-4
-5
-5
-3
0
3
6
8
8
5
1
-3
-8
-9
-8
-5
-1
3
7
8
7
4
1
-4
-8
-8
-7
-5
0
4
8
11
9
6
0
-6
-12
-13
-11
-6
1
7
12
13
9
5
-1
-7
-10
-11
-9
-4
1
6
9
9
7
2
-2
-8
-10
-8
-4
2
8
13
15
12
7
1
-4
-8
-11
-8
-4
1
8
12
12
10
5
-1
-7
-11
-12
-10
-6
1
6
11
11
9
5
0
-5
-9
-9
-8
-4
1
5
8
9
7
3
-2
-7
-10
-10
-7
-2
4
8
9
9
6
1
-3
-6
-7
-5
-3
1
5
6
7
4
2
-1
-4
-6
-6
-4
-3
1
6
5
6
4
1
-3
-6
-6
-4
-2
2
5
6
6
5
1
-1
-4
-6
-7
-7
-5
0
3
6
7
6
3
-1
-3
-5
-4
-1
2
5
7
6
2
-1
-4
-6
-7
-6
-3
1
4
6
7
7
4
0
-3
-6
-6
-5
-2
2
5
7
6
5
1
-2
-5
-6
-4
-4
0
1
2
3
1
0
-2
-3
-4
-5
-2
0
3
5
6
4
3
0
-3
-5
-4
-3
1
5
7
8
6
4
-2
-6
-10
-10
-8
-4
2
7
12
12
10
4
-1
-8
-13
-12
-7
1
10
18
22
21
14
6
-7
-18
-23
-23
-17
-6
7
19
25
26
19
9
-5
-17
-26
-27
-22
-11
3
13
20
23
19
8
-3
-14
-21
-22
-18
-8
3
11
19
19
15
5
-6
-14
-18
-17
-11
-1
8
16
19
16
10
1
-8
-14
-17
-13
-10
-1
6
11
12
10
5
-1
-7
-10
-10
-9
-5
0
4
6
6
3
0
-3
-7
-6
-3
0
6
11
13
13
10
5
-1
-6
-7
-8
-4
1
10
15
17
14
8
1
-7
-13
-12
-11
-3
5
11
11
11
5
-3
-9
-12
-14
-9
-2
6
12
16
14
7
-2
-12
-19
-21
-18
-8
3
13
18
17
10
-2
-13
-21
-24
-19
-12
0
10
17
19
14
3
-9
-20
-26
-25
-15
0
18
32
40
38
25
5
-17
-32
-41
-37
-22
-1
22
40
45
40
24
-1
-26
-43
-50
-43
-23
5
31
50
55
46
24
-4
-32
-47
-51
-36
-12
16
40
53
51
35
9
-20
-45
-59
-56
-40
-14
18
41
54
54
37
12
-15
-38
-51
-48
-34
-11
15
35
46
46
32
13
-10
-26
-37
-36
-26
-9
12
26
35
34
22
5
-14
-27
-36
-32
-17
-2
16
28
31
27
16
0
-16
-27
-31
-27
-17
-4
9
20
23
20
12
2
-8
-14
-15
-13
-4
5
13
19
19
16
8
-1
-9
-15
-14
-12
-7
1
7
11
13
11
8
1
-3
-6
-7
-5
-3
4
8
11
11
10
6
1
-4
-9
-12
-12
-11
-6
-3
-1
2
1
0
-2
-4
-5
-5
-4
-2
-1
2
3
4
5
4
5
3
4
3
2
0
-1
-1
0
0
1
1
2
2
1
2
1
1
-1
0
-1
0
0
2
2
4
6
4
2
1
-2
-4
-4
-3
-2
0
3
5
5
4
3
0
1
0
0
2
3
4
5
5
4
2
0
-2
-2
-3
-1
0
1
1
1
-2
-2
-4
-5
-4
-3
-1
2
4
6
6
4
2
-1
-5
-5
-6
-8
-5
-3
0
1
1
0
-2
-3
-5
-5
-4
-3
-1
1
4
5
5
4
3
2
1
0
-1
0
1
3
4
3
4
2
1
-1
-3
-4
-5
-5
-3
-1
-1
2
3
4
5
4
3
1
0
-1
0
2
2
4
5
5
3
2
-1
-3
-4
-2
0
0
3
4
5
4
2
-1
-4
-5
-5
-5
-3
0
2
6
7
6
3
-1
-2
-4
-5
-3
-2
1
3
5
5
3
1
-2
-4
-6
-6
-5
-2
0
2
3
3
3
0
-2
-4
-6
-4
-2
1
3
5
5
6
3
1
0
-2
-3
-3
-2
0
1
1
4
3
2
0
-1
-2
-3
-3
-3
-2
-1
0
0
1
1
1
0
0
0
-1
2
2
1
3
3
3
4
3
1
1
0
0
0
0
-1
-2
-2
-2
-1
1
0
1
0
0
-1
-2
-2
-3
-2
0
1
1
2
4
4
1
0
2
0
-3
-3
-2
0
1
1
1
1
0
-1
-2
-3
-4
-2
-1
0
3
3
4
3
3
1
-1
-2
-2
-2
-1
0
2
3
3
2
1
-1
-3
-2
-3
-2
-1
0
2
2
3
3
2
2
2
-1
-2
-2
-2
0
2
4
5
4
3
1
-1
-3
-4
-2
0
1
2
4
5
5
1
0
0
0
-2
-2
-1
0
1
1
1
1
-1
-2
-2
-1
-1
0
0
1
2
0
0
0
0
0
1
1
1
0
1
1
2
2
2
1
1
0
1
0
-1
0
2
1
1
0
1
-1
-1
-2
-3
-1
0
1
2
4
3
2
1
0
-1
-2
-1
-1
0
2
2
2
1
0
-2
-2
-1
-1
1
1
1
1
1
0
1
0
0
0
-2
-1
-3
0
1
2
3
3
2
2
1
-2
-1
-1
0
1
0
1
3
3
1
0
1
0
-2
-4
-3
-2
0
0
1
1
0
-1
-2
-2
-2
-2
-1
0
1
1
2
2
3
2
2
1
1
1
0
0
1
2
1
0
1
1
1
0
-1
-2
-2
-2
-2
-1
0
0
1
1
1
0
1
0
0
0
0
1
2
2
2
1
1
0
0
-1
-3
-3
-3
-3
-2
-1
1
0
1
1
0
0
-2
1
-1
0
-1
2
3
3
2
1
0
1
1
1
0
-1
0
1
2
2
2
2
1
0
-3
-3
-3
-2
0
1
0
0
-1
-1
0
0
2
1
0
0
-1
0
1
2
2
2
3
1
0
1
0
1
0
0
0
0
0
0
-1
0
0
0
0
0
0
1
1
1
1
1
1
1
0
0
2
1
2
1
0
0
0
1
1
2
2
1
0
-1
-2
-2
-3
-1
0
0
0
1
-1
-1
0
0
1
1
1
1
1
1
1
3
1
1
0
-1
-1
0
1
2
2
2
0
0
-2
-1
-1
1
0
1
1
0
0
0
1
1
2
1
0
-1
0
0
1
3
4
3
1
1
-1
-1
0
1
1
1
1
0
0
0
-1
-1
-1
-1
0
0
0
0
0
-1
0
0
0
0
0
-1
1
0
1
2
1
1
2
1
1
0
1
0
1
1
1
-1
0
1
-1
0
0
0
0
-1
0
1
0
-1
1
1
0
1
-1
0
0
1
0
0
-1
1
0
0
1
0
0
0
0
1
0
0
0
0
1
0
-1
0
-1
0
1
0
1
-1
0
1
0
0
0
0
0
-1
0
0
0
0
0
0
0
0
0
0
-1
0
1
0
1
0
-1
0
0
1
0
0
0
0
0
0
-1
0
-1
0
0
0
0
0
0
0
1
0
1
0
0
0
0
0
-1
0
0
0
0
0
-1
0
0
0
0
0
0
1
0
0
0
0
1
0
0
0
0
0
0
0
0
0
-1
0
1
0
0
0
0
0
0
0
0
0
0
0
0
0
0
0
-1
1
0
0
0
-1
0
0
0
1
0
0
0
-1
0
0
0
0
1
1
0
1
0
0
-1
0
-1
0
0
0
0
0
0
0
0
0
0
0
0
0
1
0
0
0
0
0
0
0
0
0
0
0
0
0
0
0
0
0
0
1
0
0
0
1
0
0
0
0
0
0
0
0
1
1
0
0
1
0
0
0
0
0
1
0
0
-1
1
0
-1
-1
0
0
0
0
0
1
0
1
0
0
0
1
0
-1
0
-1
0
0
-1
0
0
0
-1
0
0
0
0
0
0
0
0
1
-1
0
0
0
0
-1
0
0
0
0
0
1
0
0
0
0
0
0
0
0
1
1
0
0
0
0
0
0
0
0
0
1
0
-1
0
0
0
0
0
0
0
0
0
0
1
0
1
1
1
0
0
0
0
0
0
0
0
0
0
0
0
-1
0
0
0
-1
0
-1
0
0
0
0
0
0
0
-1
1
0
1
0
0
0
0
1
1
0
-1
0
1
-1
0
0
0
0
0
0
0
0
0
0
0
0
0
1
-1
0
0
0
0
0
0
0
-1
0
-1
0
0
0
0
0
-1
0
1
0
0
0
1
0
0
0
0
0
0
0
0
0
0
0
0
0
0
1
0
1
0
-1
-1
-1
0
0
0
0
0
0
0
-1
0
0
2
0
0
1
-1
-1
-2
-1
0
0
1
0
1
1
0
0
0
1
1
1
1
1
1
1
2
2
2
1
0
0
0
0
1
2
3
1
1
-1
-2
-1
0
0
1
0
2
1
0
0
1
0
1
1
1
1
0
0
0
0
0
1
0
0
0
1
0
0
1
-1
0
0
0
0
0
0
-1
0
1
0
0
0
1
-1
0
0
0
-1
0
0
0
-1
0
1
0
-1
0
0
-1
-1
0
0
0
1
0
0
0
1
1
1
1
1
1
0
0
0
1
0
-1
0
1
0
2
1
1
0
-2
-1
-2
-1
0
0
1
0
2
1
1
0
1
2
1
1
1
-1
0
1
0
0
0
0
0
0
1
1
2
2
1
2
-1
0
1
0
0
1
1
1
1
0
0
0
0
0
0
0
0
0
1
0
0
1
1
-1
0
-1
1
1
0
1
2
3
2
0
0
0
0
-1
0
0
0
-1
0
0
1
1
0
0
0
0
-1
0
1
0
-1
0
0
0
0
-1
0
0
0
0
0
-1
-1
0
0
0
0
1
0
0
0
0
-1
0
0
0
0
0
0
0
0
1
0
-1
-1
-1
-2
0
1
2
2
2
2
1
1
0
0
0
1
0
0
-1
-1
-1
-1
0
-1
-1
-1
-2
-3
-1
0
0
1
2
2
-1
0
0
-1
-1
1
1
0
1
1
0
2
2
1
2
-1
0
0
-1
0
1
1
1
1
1
0
1
0
0
-1
1
1
0
0
0
0
0
0
0
0
1
2
1
1
1
1
1
1
0
1
0
-1
0
0
1
0
0
1
0
0
0
1
0
0
0
0
0
1
2
-1
0
0
-1
0
-1
-1
0
1
1
1
1
0
-1
-1
-2
-2
-1
-1
0
2
2
3
2
3
0
-1
-1
-1
0
2
3
5
5
5
4
2
0
-1
-2
-2
-1
0
0
2
2
1
0
-1
-3
-3
-4
-4
-1
1
1
3
3
1
2
0
-2
-2
-1
0
1
3
3
4
4
4
2
1
-1
-2
-2
-3
-1
1
2
1
1
0
0
-2
-2
-2
-1
1
1
2
1
1
0
0
-1
-1
-1
-2
-2
-1
-1
1
1
2
2
1
0
-1
-1
0
1
3
2
1
0
1
0
1
1
1
0
1
1
1
1
2
2
2
1
1
0
0
1
0
1
1
0
1
1
0
0
0
-2
0
-1
-1
0
0
1
2
2
2
1
0
-1
0
-1
2
2
3
3
2
1
1
0
0
0
0
0
0
-1
-1
0
0
0
1
-1
-2
-2
-2
-1
0
0
1
0
1
1
-1
0
0
0
1
1
1
1
2
2
1
1
1
1
1
1
1
-1
0
0
0
0
0
0
-1
-1
0
0
0
0
0
1
0
1
-1
0
0
-1
0
0
0
1
0
0
0
0
0
0
0
1
0
1
0
0
0
-1
-1
0
0
0
0
1
0
-1
0
0
0
0
1
0
-1
0
0
0
0
0
1
0
0
0
0
0
0
0
0
0
0
1
0
0
0
0
0
0
0
0
0
0
0
0
0
-1
-1
0
0
0
0
0
0
-1
0
0
-1
0
0
0
0
0
0
0
0
0
0
0
0
0
0
0
0
0
-1
0
0
1
0
0
-1
1
0
0
0
0
0
0
0
0
0
0
-1
1
0
0
-1
0
0
0
1
0
-1
0
0
0
0
0
0
0
1
-1
0
-1
0
-1
-1
0
0
0
1
0
0
0
0
0
1
0
-1
-1
0
0
0
0
0
0
0
-1
0
-1
0
1
0
0
0
0
1
0
0
0
0
0
-1
-1
0
0
0
0
-1
0
1
0
1
0
0
0
0
-1
0
0
0
-1
0
0
0
0
0
0
0
0
-1
0
0
0
1
0
1
0
-1
0
1
0
0
-1
0
0
0
0
0
0
1
0
1
0
0
0
0
0
1
0
1
0
0
0
1
0
0
0
0
0
-1
0
0
0
0
0
0
0
0
0
-1
0
0
0
0
0
0
0
0
0
0
1
0
1
0
0
1
0
0
1
0
0
1
0
0
1
0
0
0
0
0
0
0
0
0
0
0
1
0
0
-1
0
0
-1
0
-1
0
0
1
1
0
0
0
-1
0
0
0
0
0
0
1
0
0
-1
0
0
0
0
-1
0
1
0
0
0
0
0
-1
0
0
0
0
0
0
0
1
0
0
0
0
0
-1
0
0
0
0
0
1
0
0
0
0
0
0
0
1
0
-1
0
-1
1
0
0
0
0
-1
0
-1
0
0
0
0
-1
1
0
0
0
1
0
-1
0
1
1
0
-1
0
0
0
0
0
0
0
0
-1
0
0
0
0
1
-1
0
0
-1
0
0
0
0
0
1
1
0
0
0
-1
-1
0
0
0
1
0
0
0
0
0
0
1
0
0
-1
0
0
1
0
0
0
0
0
1
0
0
-1
0
0
0
0
0
0
0
0
1
0
0
0
0
0
0
0
0
1
0
0
0
0
0
0
-1
0
0
0
0
1
0
0
1
0
0
0
1
-1
0
-1
0
0
0
1
0
0
0
0
0
0
1
0
0
0
0
0
0
0
0
0
-1
0
0
0
1
0
0
0
1
0
0
0
0
0
0
0
0
0
0
1
0
1
0
-1
0
0
-1
0
0
0
-1
0
0
0
-1
0
-1
1
-1
1
0
0
0
0
0
1
0
1
0
0
0
0
0
0
0
0
0
0
0
1
0
0
-1
0
0
0
0
0
0
0
0
0
0
-1
0
0
1
0
0
-1
0
0
0
0
0
0
0
0
-1
0
1
0
0
0
0
1
0
0
0
0
0
-1
0
0
-1
0
0
0
0
0
0
0
0
0
0
0
1
1
1
1
0
0
-1
1
0
0
0
0
0
0
0
0
0
0
0
0
1
0
0
1
0
1
0
0
1
0
0
0
0
1
0
0
-1
0
0
1
1
0
0
-1
0
-1
-1
0
0
0
1
1
0
-1
0
1
0
0
0
0
1
0
1
-1
0
1
0
0
0
-1
0
0
0
1
0
-1
0
-1
-1
0
0
1
0
0
0
1
1
0
0
1
1
-1
0
-1
0
0
0
1
0
0
0
0
-1
0
0
-1
0
0
-1
-1
1
0
0
0
0
-1
0
1
0
0
0
-1
1
0
1
0
1
-1
0
0
0
-1
0
0
0
0
0
0
0
0
0
0
0
0
0
0
0
0
0
1
0
0
0
0
1
0
0
0
0
0
0
0
0
0
0
0
0
0
0
0
0
0
0
0
0
1
0
0
0
0
-1
0
0
1
0
0
0
0
0
-1
0
0
0
0
0
0
-1
0
0
-1
0
0
0
-1
0
0
0
0
-1
0
0
0
0
0
0
0
0
0
0
0
0
0
0
0
-1
0
0
0
-1
0
-1
0
-1
0
0
0
0
1
0
0
0
0
-1
1
0
0
0
0
0
1
0
0
0
0
0
0
1
0
0
0
0
-1
0
-1
0
0
0
0
0
0
0
0
0
0
0
0
0
0
0
0
0
1
0
1
1
0
1
0
0
0
0
0
1
0
1
0
0
0
1
0
0
-1
0
0
1
0
-1
0
0
0
0
-1
-1
1
0
0
1
0
0
1
0
0
0
-1
1
0
0
0
0
0
0
-1
0
0
0
0
0
0
0
0
0
0
0
0
0
0
0
0
0
0
0
0
-1
0
-1
0
-1
0
0
0
0
0
-1
0
-1
1
0
0
0
0
0
-1
0
-1
0
-1
0
0
0
0
-1
0
-1
0
1
0
0
0
0
0
0
1
0
0
0
0
0
0
-1
0
0
0
0
0
0
0
0
1
0
1
1
0
0
0
0
0
0
0
0
0
0
1
0
1
0
0
0
0
0
0
0
1
0
0
0
1
0
1
1
0
0
0
0
-1
0
0
1
0
0
0
0
0
0
0
0
0
0
0
0
0
-1
0
0
0
0
0
0
0
0
0
-1
0
1
0
0
0
0
0
0
0
-1
1
0
0
0
1
0
1
0
0
0
0
0
0
0
-1
0
1
0
0
0
1
0
0
0
0
-1
1
1
0
0
1
0
0
0
0
0
0
0
0
-1
0
0
0
0
1
0
0
0
0
0
0
-1
-1
1
0
0
1
0
0
-1
0
-1
1
0
1
0
0
0
0
1
-1
0
0
0
0
0
0
0
0
0
0
0
0
0
0
-1
0
0
0
0
1
0
0
0
0
0
0
0
0
-1
0
0
0
-1
0
0
1
0
-1
0
0
0
0
1
1
1
0
0
-1
0
0
-1
0
0
0
0
-1
0
0
0
0
0
0
1
0
0
0
0
0
1
0
0
0
0
0
0
0
-1
1
-1
0
-1
0
0
0
0
-1
0
0
0
0
0
0
0
0
0
1
0
0
0
0
0
0
0
0
0
0
0
0
0
0
-1
0
0
0
1
0
0
0
0
-1
0
-1
0
1
0
0
1
0
0
0
0
0
0
0
0
0
0
1
-1
0
-1
0
0
-1
0
0
0
0
-1
0
0
0
0
0
1
0
0
0
0
0
0
0
-1
0
0
0
0
0
0
-1
0
0
0
0
0
0
-1
0
-1
0
0
0
0
1
0
0
0
0
0
0
0
0
0
0
0
0
1
0
0
0
0
1
0
-1
0
1
0
0
0
0
0
0
0
-1
-1
0
0
0
1
0
-1
0
0
-1
0
0
0
-1
0
0
1
0
0
0
0
0
0
1
0
0
0
0
1
0
0
0
1
1
0
0
0
0
0
0
1
0
1
0
0
0
1
0
0
0
-1
1
1
0
-1
0
0
0
0
0
0
0
0
0
0
0
1
0
1
0
0
0
0
0
-1
0
1
0
0
-1
0
-1
0
0
-1
0
0
0
0
0
0
0
0
0
0
0
0
0
0
0
0
0
0
0
0
0
0
0
0
0
0
0
0
0
0
0
0
0
-1
0
0
0
0
0
0
0
-1
0
0
0
0
0
0
0
0
0
0
0
0
0
0
0
0
0
0
0
0
0
0
1
-1
0
0
0
0
0
0
0
1
0
0
0
0
0
-1
0
0
0
0
0
0
0
0
0
0
-1
-1
-1
-1
0
-1
0
0
0
0
0
0
-1
-1
0
-1
0
0
0
-1
0
0
0
0
0
0
0
1
0
0
0
0
0
0
0
0
0
0
1
1
0
0
0
0
0
0
0
0
0
0
0
1
0
0
0
0
0
1
1
0
0
0
0
0
-1
0
0
0
0
0
0
1
0
0
1
0
0
0
1
0
0
1
0
1
1
0
0
0
0
0
0
0
0
0
0
1
0
1
1
-1
0
0
0
0
0
0
0
0
0
0
0
1
0
0
1
0
0
0
1
0
0
0
-1
0
0
0
0
0
0
0
0
0
0
1
0
0
0
-1
-1
0
0
0
0
0
0
0
0
0
0
-1
0
1
0
0
0
0
0
0
0
-1
0
1
0
0
0
0
-1
0
-1
-1
0
0
0
0
1
0
0
0
0
0
0
0
0
1
1
0
1
-1
0
0
0
0
0
0
0
0
0
0
0
0
0
0
0
0
0
0
0
0
0
0
0
0
0
0
0
0
-1
1
0
1
0
0
1
0
0
0
0
0
1
-1
0
0
0
0
0
1
0
0
-1
0
0
0
0
1
0
0
1
-1
-1
0
0
0
0
0
0
0
0
0
0
0
-1
0
0
0
1
0
0
0
0
1
0
-1
-1
0
0
0
-1
0
0
0
0
0
-1
0
0
0
0
-1
0
0
0
0
0
0
0
0
0
0
0
0
0
0
-1
0
0
0
0
0
0
0
0
0
1
0
-1
0
0
0
0
0
0
0
0
0
0
0
0
0
0
0
0
0
0
0
-1
0
0
0
0
0
0
0
0
0
0
0
0
0
1
0
0
0
0
0
0
0
1
0
0
0
1
1
0
0
0
-1
1
1
0
0
0
0
0
0
0
1
0
0
0
1
0
0
0
0
0
-1
0
0
0
0
0
0
0
0
0
0
-1
-1
-1
0
0
0
0
-1
0
0
0
0
0
0
0
0
0
1
0
1
0
0
0
0
0
0
1
-1
0
1
-1
0
0
0
0
0
0
0
-1
0
0
0
-1
0
-1
0
0
0
0
0
-1
0
0
0
0
0
0
-1
0
0
0
0
0
0
0
0
-1
-1
0
0
0
0
0
1
0
0
0
0
0
-1
0
0
0
0
0
0
0
0
0
1
0
1
0
0
1
-1
1
0
0
0
-1
-1
0
0
0
-1
0
-1
0
0
0
-1
0
0
0
0
1
0
0
0
0
0
0
1
0
1
0
0
0
0
0
0
1
0
0
0
1
1
0
0
0
0
0
0
0
0
-1
1
0
0
0
0
0
0
0
1
0
0
-1
0
0
0
-1
-1
0
0
1
0
-1
0
0
0
0
0
0
-1
-1
0
0
-1
1
0
1
0
0
0
0
0
0
1
0
0
0
-1
0
0
0
0
0
1
-1
0
0
0
0
0
0
0
0
0
1
0
0
0
0
0
0
-1
0
0
-1
0
0
-1
0
0
0
0
0
0
0
0
1
0
0
-1
1
0
0
-1
-1
0
0
0
1
-1
0
0
0
-1
1
0
0
0
1
-1
0
0
0
0
0
0
0
0
0
0
0
-1
0
0
0
0
0
0
0
0
0
0
1
-1
0
0
-1
1
0
0
0
0
0
0
0
0
0
0
0
0
0
0
-1
0
0
0
0
0
0
0
-1
0
0
0
-1
0
0
-1
-1
0
0
0
0
0
1
1
-1
0
-1
0
0
0
0
0
0
0
0
1
0
0
0
0
-1
1
0
0
1
0
0
0
0
0
1
1
0
0
0
0
0
-1
0
-1
1
0
1
0
0
1
0
0
1
0
0
0
1
-1
-1
1
0
0
0
-1
0
0
1
0
0
0
0
0
0
-1
0
0
0
-1
0
0
1
1
-1
0
0
0
0
0
0
0
0
0
-1
1
0
0
1
0
0
0
0
1
-1
0
0
0
0
-1
1
0
0
-1
0
0
0
0
0
-1
0
-1
1
0
0
1
0
0
0
0
0
0
0
0
-1
0
0
0
1
0
1
0
0
0
0
-1
0
0
1
1
0
0
0
-1
-1
0
0
0
-1
0
0
1
0
1
0
0
1
0
0
1
0
0
0
0
0
0
0
0
0
0
0
-1
1
0
0
0
0
0
0
0
0
0
0
-1
0
-1
0
0
0
0
0
-1
0
0
0
1
0
0
0
0
0
0
0
0
0
-1
1
1
-1
0
0
0
0
0
0
0
0
0
0
0
0
0
-1
0
0
0
0
0
0
0
0
-1
0
0
0
0
-1
0
-1
0
0
0
0
0
-1
0
0
-1
0
0
0
1
0
0
0
0
0
0
1
0
0
0
0
0
1
0
0
0
1
1
0
0
0
0
0
0
0
0
1
1
1
0
0
-1
0
0
0
-1
-1
0
0
0
0
0
0
0
0
0
0
0
0
0
0
0
0
0
0
0
0
0
1
1
1
0
-1
0
0
0
0
0
0
1
-1
-1
0
0
0
0
0
1
0
-1
0
0
0
0
0
0
0
0
-1
0
0
0
0
1
0
0
0
0
0
-1
1
1
0
0
0
0
1
0
0
0
0
0
0
0
0
0
0
0
0
1
0
0
0
0
0
0
1
0
0
0
0
0
0
0
0
0
0
1
0
-1
0
0
0
0
-1
0
0
0
0
0
0
-1
0
0
-1
0
0
0
-1
1
0
0
0
0
0
0
0
0
0
0
0
0
0
-1
0
-1
0
0
0
0
0
0
0
0
0
1
0
0
0
0
0
0
0
0
0
0
0
1
0
0
0
0
0
0
0
0
0
-1
0
0
1
0
0
0
0
0
0
0
1
0
0
0
0
0
0
-1
0
1
0
0
0
0
0
0
0
0
-1
0
0
0
0
0
0
0
0
1
0
-1
0
1
0
0
-1
0
0
0
0
-1
0
0
0
0
1
0
0
0
0
0
0
0
0
-1
0
0
0
0
0
0
0
0
0
1
0
0
0
0
0
1
0
0
1
0
1
-1
0
0
0
0
0
0
0
0
-1
0
-1
-1
0
0
0
0
0
0
0
0
0
0
-1
0
-1
0
0
0
0
0
0
-1
0
0
0
0
0
0
0
0
0
0
0
0
0
0
0
0
0
1
1
0
-1
0
0
0
0
0
0
0
0
0
0
0
0
0
0
0
0
1
0
0
0
0
0
1
0
0
0
0
0
0
0
-1
-1
0
0
0
0
0
-1
-1
0
0
0
-1
1
0
0
-1
0
0
0
0
0
0
0
0
0
0
0
0
0
0
0
0
1
0
0
-1
0
0
0
0
0
0
1
0
0
-1
-1
0
0
0
0
-1
0
0
0
0
0
1
0
0
1
0
1
0
0
0
0
0
0
-1
0
0
0
0
0
0
1
0
0
0
0
0
0
-1
-1
0
-1
0
0
0
0
0
0
0
0
0
0
0
0
0
0
-1
0
0
0
0
1
0
0
0
0
0
0
0
0
0
0
-1
1
-1
0
0
0
0
0
0
0
0
1
0
1
0
0
0
1
-1
0
0
0
0
0
0
0
0
0
0
-1
0
0
0
0
1
1
0
1
0
0
0
0
0
0
0
0
0
0
-1
-1
-1
-1
0
0
0
0
0
-1
0
0
0
0
0
-1
0
-1
0
1
0
0
1
0
0
-1
0
-1
0
0
0
-1
0
1
-1
0
0
0
0
-1
0
1
0
-1
1
1
0
1
-1
0
0
1
0
0
-1
1
0
0
1
0
0
0
0
1
0
0
0
0
1
0
-1
0
-1
0
1
0
1
-1
0
1
0
0
0
0
0
-1
0
0
0
0
0
0
0
0
0
0
-1
0
1
0
1
0
-1
0
0
1
0
0
0
0
0
0
-1
0
-1
0
0
0
0
0
0
0
1
0
1
0
0
0
0
0
-1
0
0
0
0
0
-1
0
0
0
0
0
0
1
0
0
0
0
1
0
0
0
0
0
0
0
0
0
-1
0
1
0
0
0
0
0
0
0
0
0
0
0
0
0
0
0
-1
1
0
0
0
-1
0
0
0
1
0
0
0
-1
0
0
0
0
1
1
0
1
0
0
-1
0
-1
0
0
0
0
0
0
0
0
0
0
0
0
0
1
0
0
0
0
0
0
0
0
0
0
0
0
0
0
0
0
0
0
1
0
0
0
1
0
0
0
0
0
0
0
0
1
1
0
0
1
0
0
0
0
0
1
0
0
-1
1
0
-1
-1
0
0
0
0
0
1
0
1
0
0
0
1
0
-1
0
-1
0
0
-1
0
0
0
-1
0
0
0
0
0
0
0
0
1
-1
0
0
0
0
-1
0
0
0
0
0
1
0
0
0
0
0
0
0
0
1
1
0
0
0
0
0
0
0
0
0
1
0
-1
0
0
0
0
0
0
0
0
0
0
1
0
1
1
1
0
0
0
0
0
0
0
0
0
0
0
0
-1
0
0
0
-1
0
-1
0
0
0
0
0
0
0
-1
1
0
1
0
0
0
0
1
1
0
-1
0
1
-1
0
0
0
0
0
0
0
0
0
0
0
0
0
1
-1
0
0
0
0
0
0
0
-1
0
-1
0
0
0
0
0
-1
0
1
0
0
0
1
0
0
0
0
0
0
0
0
0
0
0
0
0
0
1
0
1
0
-1
-1
-1
0
0
0
0
0
0
0
-1
0
0
1
-1
0
1
0
0
0
0
0
0
0
-1
0
0
0
0
0
0
0
0
0
0
0
0
0
0
0
0
0
0
0
0
0
0
1
0
1
0
0
0
1
0
0
-1
1
0
-1
0
0
-1
0
0
0
0
-1
0
0
0
0
1
0
0
0
1
0
0
1
-1
0
0
0
0
0
0
-1
0
1
0
0
0
1
-1
0
0
0
-1
0
0
0
-1
0
1
0
-1
0
0
-1
-1
0
0
0
0
-1
-1
-1
0
0
0
0
0
0
0
0
0
1
0
-1
0
1
0
1
0
0
0
-1
0
0
0
0
0
0
-1
1
0
0
0
0
1
0
0
0
-1
0
1
0
0
0
0
0
0
0
0
0
0
-1
1
-1
0
1
0
0
0
0
0
0
0
0
0
0
0
0
0
0
0
1
0
0
0
0
-1
1
0
0
0
0
0
0
0
0
0
0
0
0
-1
0
0
0
-1
0
0
1
1
0
0
0
0
-1
0
1
0
-1
0
0
0
0
-1
0
0
0
0
0
-1
-1
0
0
0
0
1
0
0
0
0
-1
0
0
0
0
0
0
0
0
1
0
-1
0
0
-1
0
0
0
0
0
0
0
0
0
0
0
1
0
0
0
0
-1
-1
0
-1
0
0
0
-1
0
0
0
0
1
1
-1
0
0
-1
-1
0
0
-1
0
0
-1
0
0
-1
1
-1
0
0
-1
0
0
0
0
0
0
0
1
0
0
-1
1
1
0
0
0
0
0
0
0
0
0
1
0
0
0
0
0
0
-1
0
0
-1
0
0
1
0
0
1
0
0
0
1
0
0
0
0
0
0
1
-1
0
0
0
1
0
-1
0
0
0
0
0
-1
1
1
1
1
1
-1
-1
0
-1
-1
0
1
0
0
-1
0
-1
1
0
-1
-2
-3
-4
-3
-3
-2
-4
-3
-2
-1
-2
-3
-6
-9
-10
-8
-5
-2
-3
-7
-9
-7
-4
-3
-4
-6
-2
0
1
1
1
5
7
8
5
4
7
8
6
4
3
3
2
-1
-1
0
1
0
1
0
1
2
7
12
13
10
6
6
6
8
8
3
-5
-10
-15
-17
-17
-18
-19
-13
-10
-14
-17
-16
-15
-14
-13
-10
-15
-27
-41
-47
-46
-41
-41
-38
-24
-3
13
20
17
18
27
35
33
31
41
57
66
67
65
59
49
37
23
11
14
29
30
8
-10
5
21
14
-1
-5
3
16
29
47
65
66
44
32
42
48
30
13
7
-1
-8
-6
-1
-6
-21
-27
-13
9
21
8
-26
-54
-48
-17
-3
-4
4
18
25
18
0
-20
-30
-28
-25
-19
2
24
30
21
12
9
2
-15
-35
-37
-13
16
25
9
-17
-32
-34
-29
-28
-28
-28
-27
-27
-32
-37
-40
-40
-34
-26
-20
-16
-17
-19
-27
-29
-24
-14
-5
-11
-37
-71
-100
-106
-81
-29
34
83
91
52
-24
-103
-161
-185
-178
-147
-97
-26
49
95
79
-14
-166
-317
-378
-304
-159
-60
-75
-137
-69
270
812
1265
1272
714
-104
-727
-990
-1033
-1000
-995
-1045
-955
-453
484
1527
2110
1755
530
-1012
-2109
-1888
-40
2233
3052
1912
42
-1130
-1220
-964
-1218
-1759
-1553
-140
1905
3518
3754
2500
742
-359
-499
-205
-177
-509
-451
511
1567
1329
-480
-2439
-2679
-953
894
1151
188
-509
-289
236
49
-1060
-2051
-1872
-755
318
814
841
735
598
205
-418
-783
-715
-549
-394
-52
424
712
544
-22
-519
-543
-290
-132
-126
-181
-231
-203
-212
-404
-533
-303
73
214
93
-69
-149
-251
-494
-701
-590
-282
-90
-12
135
312
325
64
-371
-730
-852
-793
-635
-403
-135
158
476
715
800
803
718
399
-74
-331
-170
203
520
750
983
1154
1109
868
594
371
221
206
324
454
562
745
1001
1160
1123
956
719
417
116
-71
-109
-46
128
418
723
863
759
497
209
-70
-300
-373
-239
23
300
505
613
692
745
645
313
-157
-639
-1034
-1232
-1185
-951
-619
-274
16
190
148
-157
-639
-1185
-1732
-2124
-2205
-2094
-2020
-1976
-1895
-1936
-2307
-2895
-3417
-3783
-4040
-3993
-3421
-2565
-1864
-1219
-281
755
1403
1730
2123
2485
2425
2050
1934
2304
2801
3141
3462
3865
4163
4190
3890
3102
1802
416
-549
-980
-1066
-1000
-912
-870
-850
-849
-992
-1426
-2034
-2514
-2748
-2807
-2624
-2049
-1191
-292
618
1584
2386
2723
2627
2430
2350
2307
2137
1922
1942
2340
2970
3529
3716
3410
2769
2087
1506
953
346
-266
-739
-873
-573
-51
241
74
-341
-732
-1033
-1275
-1474
-1672
-1826
-1725
-1328
-963
-878
-886
-773
-648
-677
-778
-868
-1028
-1262
-1391
-1421
-1656
-2221
-2785
-3081
-3344
-3855
-4490
-5114
-5785
-6121
-5373
-3751
-2542
-2130
-1257
684
2379
2850
3034
3731
4082
3469
2888
3328
4292
4747
4607
4544
4721
4560
3883
3214
2684
1861
703
-393
-1189
-1589
-1640
-1636
-1752
-1869
-1937
-1984
-1933
-1840
-1948
-2298
-2710
-3025
-3101
-2881
-2469
-2020
-1566
-1077
-523
99
705
1190
1550
1870
2269
2801
3401
3927
4286
4482
4582
4635
4592
4339
3839
3154
2355
1538
823
276
-84
-271
-371
-448
-520
-683
-957
-1199
-1493
-2062
-2695
-3009
-3087
-3053
-2705
-2080
-1577
-1256
-864
-396
-37
165
230
125
-132
-356
-314
-65
105
166
221
-23
-783
-1560
-1937
-2465
-3669
-5023
-5983
-6838
-7396
-6565
-4492
-3006
-2549
-1295
1247
2913
2714
2580
3525
3693
2158
1091
2033
3363
3491
3441
4347
5268
5144
4629
4565
4381
3152
1235
-223
-860
-1187
-1403
-1314
-1061
-874
-584
-161
-14
-327
-949
-1797
-2722
-3315
-3414
-3294
-3193
-3061
-2833
-2550
-2198
-1683
-1034
-488
-285
-250
137
977
1735
2204
2800
3662
4516
5275
5890
6135
6015
5624
4849
3924
3348
2936
2168
1299
893
771
417
-129
-442
-494
-706
-1257
-1809
-2166
-2587
-3213
-3695
-3773
-3670
-3590
-3352
-2830
-2139
-1340
-504
56
205
235
358
433
317
76
-112
-356
-1043
-2030
-2510
-2447
-2825
-3772
-4444
-4972
-5936
-6379
-5175
-3503
-3045
-2829
-920
1840
3096
3100
3870
4975
4362
2649
2290
3234
3450
2722
2574
3318
3836
3623
3352
3494
3465
2584
1158
-27
-746
-1238
-1709
-2222
-2623
-2611
-2215
-1791
-1408
-895
-469
-539
-959
-1205
-1236
-1460
-1928
-2284
-2485
-2761
-2937
-2635
-1954
-1252
-643
-86
467
1117
1820
2375
2775
3127
3352
3490
3864
4528
5057
5123
4913
4851
4911
4575
3708
2838
2180
1344
335
-314
-502
-690
-1077
-1420
-1568
-1717
-2026
-2298
-2323
-2363
-2726
-3105
-3055
-2747
-2556
-2373
-1915
-1295
-769
-331
139
602
883
879
648
344
-48
-750
-1689
-2387
-2751
-3323
-4256
-4989
-5414
-5989
-6365
-5664
-4364
-3730
-3358
-1715
908
2585
2901
3352
4366
4541
3488
2866
3524
4002
3210
2385
2866
3872
4013
3486
3308
3413
2974
1994
1254
885
227
-890
-1817
-2163
-2255
-2363
-2288
-1878
-1346
-965
-807
-798
-792
-729
-814
-1267
-1901
-2350
-2633
-2943
-3098
-2836
-2430
-2203
-1879
-1092
-113
582
1026
1492
1954
2315
2682
3102
3474
3838
4315
4848
5275
5528
5593
5444
5065
4496
3825
3051
2092
1066
204
-529
-1249
-1765
-1966
-2094
-2278
-2380
-2391
-2452
-2602
-2771
-2832
-2691
-2478
-2449
-2503
-2298
-1848
-1445
-1112
-704
-288
72
441
778
1043
1236
1003
61
-984
-1494
-2022
-3195
-4395
-4985
-5536
-6355
-6432
-5278
-4092
-3608
-2612
-256
2043
2858
3073
3930
4632
4042
3061
3011
3214
2522
1667
1834
2487
2568
2347
2532
2925
2974
2650
2158
1520
713
-100
-750
-1292
-1794
-2107
-2133
-1989
-1693
-1226
-848
-771
-800
-680
-477
-430
-657
-1071
-1533
-2060
-2594
-2881
-2924
-3027
-3084
-2706
-1972
-1187
-347
483
1059
1479
2040
2668
3140
3542
4045
4514
4724
4837
5185
5572
5474
4987
4582
4170
3456
2708
2160
1515
563
-449
-1219
-1652
-1917
-2278
-2699
-2881
-2772
-2579
-2483
-2512
-2565
-2516
-2463
-2493
-2389
-2086
-1981
-2144
-1964
-1186
-378
85
526
1109
1516
1633
1609
1225
308
-621
-1189
-1934
-3141
-4137
-4671
-5371
-6068
-5770
-4696
-4058
-3706
-2355
-138
1386
1801
2305
3346
3847
3336
2902
3139
3056
2091
1326
1575
1972
1624
1160
1496
2221
2395
2112
2092
2288
2067
1397
810
413
-121
-807
-1284
-1430
-1520
-1716
-1837
-1775
-1670
-1529
-1249
-1029
-1088
-1214
-1248
-1428
-1759
-1912
-1967
-2268
-2611
-2563
-2173
-1764
-1378
-842
-106
715
1605
2667
3793
4631
5067
5380
5750
5988
5879
5479
4962
4396
3792
3186
2590
1953
1241
531
-45
-439
-747
-1090
-1533
-2035
-2448
-2648
-2763
-3016
-3344
-3515
-3505
-3365
-3015
-2513
-2211
-2155
-1893
-1224
-485
84
589
1041
1384
1744
2157
2382
2256
1799
981
-41
-831
-1387
-2228
-3368
-4190
-4633
-5173
-5595
-5327
-4729
-4441
-3992
-2680
-1104
-217
326
1329
2388
2631
2435
2747
3276
3068
2347
2085
2281
2152
1654
1477
1804
2112
2093
2049
2239
2379
2101
1585
1251
1045
588
-130
-725
-1093
-1513
-2057
-2435
-2485
-2341
-2095
-1737
-1378
-1137
-959
-791
-696
-700
-790
-1032
-1384
-1640
-1687
-1607
-1464
-1234
-843
-263
418
1099
1833
2663
3411
3887
4208
4592
4984
5126
4936
4568
4121
3564
2951
2396
1833
1093
256
-378
-720
-984
-1325
-1622
-1724
-1690
-1654
-1639
-1646
-1731
-1914
-2096
-2193
-2185
-2113
-2023
-1907
-1643
-1171
-615
-130
318
820
1314
1691
1892
1900
1773
1632
1383
756
-148
-941
-1654
-2601
-3558
-4056
-4348
-4991
-5658
-5601
-5035
-4729
-4455
-3347
-1662
-551
-103
703
2029
2859
2820
2704
2950
2999
2524
2096
2164
2281
1957
1511
1481
1765
1924
1855
1724
1603
1435
1187
908
635
310
-152
-654
-1029
-1225
-1344
-1511
-1713
-1756
-1564
-1325
-1108
-766
-381
-253
-296
-156
70
-18
-380
-608
-620
-702
-924
-1019
-846
-582
-374
-102
391
1070
1742
2275
2749
3289
3779
4006
4031
4037
3898
3395
2713
2228
1908
1424
734
153
-167
-406
-696
-919
-1008
-1122
-1354
-1518
-1449
-1308
-1335
-1476
-1497
-1363
-1248
-1246
-1271
-1234
-1173
-1137
-1045
-745
-236
259
586
904
1382
1809
1892
1718
1505
1098
276
-708
-1483
-2209
-3175
-4096
-4561
-4830
-5316
-5704
-5501
-4922
-4382
-3640
-2424
-1198
-433
228
1234
2229
2693
2812
2991
3099
2876
2564
2493
2439
2021
1444
1202
1284
1268
1067
949
940
873
824
929
1003
830
561
406
292
64
-195
-401
-671
-1018
-1164
-965
-703
-662
-705
-578
-350
-216
-144
-29
24
-134
-406
-544
-502
-472
-606
-821
-919
-802
-552
-294
-13
354
782
1223
1746
2393
2980
3314
3482
3654
3755
3618
3264
2789
2198
1551
981
498
18
-418
-711
-883
-1004
-1060
-1020
-968
-1001
-1069
-1026
-919
-953
-1137
-1267
-1275
-1278
-1283
-1160
-921
-694
-493
-205
171
533
829
1041
1107
1051
943
649
-1
-799
-1417
-2010
-2834
-3599
-3975
-4321
-4979
-5458
-5262
-4821
-4602
-4122
-2923
-1614
-870
-244
926
2213
2817
2913
3200
3633
3666
3345
3153
3032
2516
1721
1260
1228
1119
746
456
457
567
658
810
1007
1119
1110
1027
908
796
666
371
-131
-575
-747
-835
-1073
-1294
-1241
-1072
-1064
-1081
-852
-500
-368
-452
-484
-423
-462
-656
-857
-998
-1140
-1240
-1163
-891
-541
-158
336
989
1728
2443
3036
3443
3717
3941
4046
3890
3520
3101
2660
2118
1515
990
576
165
-313
-750
-1008
-1149
-1362
-1612
-1694
-1618
-1606
-1669
-1595
-1395
-1273
-1232
-1123
-961
-850
-772
-655
-482
-270
-63
119
333
590
760
749
672
614
384
-186
-852
-1325
-1769
-2430
-3068
-3430
-3785
-4328
-4686
-4634
-4511
-4377
-3728
-2548
-1571
-1041
-280
1005
2109
2578
2932
3587
4073
3974
3671
3549
3291
2577
1762
1302
1044
613
118
-60
68
184
230
404
680
827
843
944
1117
1114
872
551
247
-53
-350
-647
-949
-1191
-1331
-1448
-1568
-1557
-1379
-1205
-1141
-1085
-950
-795
-691
-636
-616
-624
-592
-443
-192
73
286
488
769
1162
1607
2021
2362
2641
2897
3161
3417
3584
3569
3354
3007
2623
2214
1720
1117
465
-159
-717
-1185
-1556
-1851
-2071
-2210
-2260
-2214
-2051
-1799
-1508
-1191
-850
-548
-329
-170
-56
10
44
71
37
-61
-79
75
251
297
291
326
250
-117
-653
-1088
-1463
-2030
-2684
-3067
-3252
-3611
-4024
-4062
-3825
-3694
-3522
-2907
-2042
-1405
-894
-68
963
1697
2129
2659
3246
3503
3427
3349
3261
2898
2293
1744
1355
987
572
205
-5
-82
-97
-63
50
208
364
541
755
916
941
882
809
675
455
225
16
-253
-587
-867
-1044
-1163
-1249
-1275
-1231
-1143
-1052
-960
-781
-517
-373
-406
-341
-58
145
132
218
574
875
925
1026
1368
1660
1693
1729
1969
2193
2211
2174
2208
2188
2032
1838
1649
1372
985
578
204
-166
-547
-924
-1287
-1626
-1887
-2006
-1997
-1937
-1845
-1639
-1292
-899
-547
-228
44
223
323
385
375
276
177
116
13
-133
-219
-229
-261
-334
-421
-623
-987
-1345
-1593
-1882
-2274
-2567
-2707
-2928
-3252
-3354
-3144
-2907
-2722
-2322
-1701
-1170
-741
-92
770
1468
1889
2280
2713
2997
3053
3021
2929
2624
2118
1646
1307
948
495
97
-133
-249
-282
-171
55
242
338
463
716
1021
1236
1312
1273
1181
1108
1043
866
509
78
-294
-591
-872
-1118
-1280
-1382
-1474
-1516
-1412
-1172
-943
-818
-706
-545
-431
-409
-329
-105
96
163
247
494
783
975
1132
1356
1591
1750
1857
1966
2056
2053
1934
1767
1610
1433
1165
828
503
214
-105
-479
-840
-1115
-1323
-1512
-1660
-1712
-1651
-1505
-1285
-1007
-715
-435
-170
61
251
419
562
625
584
496
408
314
218
148
49
-125
-286
-365
-494
-793
-1109
-1298
-1519
-1891
-2198
-2288
-2394
-2696
-2937
-2877
-2694
-2585
-2376
-1899
-1378
-1003
-569
95
757
1179
1490
1849
2132
2209
2180
2134
1989
1725
1481
1310
1111
865
673
521
341
226
301
454
516
548
703
937
1147
1342
1522
1563
1406
1219
1132
1009
690
272
-112
-506
-920
-1219
-1386
-1555
-1727
-1759
-1622
-1421
-1211
-997
-808
-634
-439
-257
-134
-49
35
87
90
104
178
294
427
558
709
919
1171
1383
1515
1600
1646
1629
1580
1541
1443
1213
914
662
426
118
-231
-522
-758
-1008
-1218
-1268
-1185
-1112
-1057
-901
-626
-361
-174
-24
108
195
240
264
257
211
151
83
26
14
30
9
-53
-93
-108
-162
-305
-500
-683
-863
-1114
-1412
-1650
-1856
-2165
-2526
-2738
-2797
-2833
-2786
-2513
-2080
-1688
-1303
-743
-61
502
921
1359
1805
2096
2230
2309
2298
2086
1740
1430
1214
1025
822
640
521
480
539
700
897
1096
1316
1527
1649
1713
1775
1744
1523
1223
995
784
456
72
-237
-492
-768
-1018
-1153
-1225
-1345
-1495
-1552
-1493
-1443
-1470
-1498
-1464
-1425
-1420
-1367
-1215
-1057
-979
-908
-754
-533
-295
-32
285
628
970
1299
1617
1913
2140
2250
2266
2251
2230
2145
1943
1663
1375
1077
727
369
79
-172
-449
-690
-802
-853
-934
-986
-937
-837
-744
-635
-534
-479
-413
-304
-240
-238
-188
-81
-22
10
136
306
372
364
409
473
424
273
104
-104
-406
-747
-1061
-1369
-1702
-2020
-2304
-2591
-2842
-2937
-2868
-2717
-2472
-2079
-1617
-1187
-734
-172
389
787
1032
1260
1500
1667
1721
1726
1702
1580
1370
1216
1194
1174
1045
904
883
940
1010
1103
1237
1356
1441
1528
1622
1691
1688
1547
1267
979
760
501
132
-241
-533
-804
-1070
-1239
-1329
-1460
-1653
-1809
-1891
-1961
-2045
-2104
-2126
-2137
-2111
-1996
-1793
-1552
-1307
-1058
-769
-408
3
409
793
1179
1571
1935
2242
2490
2679
2789
2786
2694
2571
2402
2149
1846
1550
1240
902
573
282
4
-279
-552
-799
-1018
-1201
-1345
-1447
-1504
-1480
-1361
-1187
-1028
-856
-629
-381
-181
6
227
430
551
638
762
888
942
948
951
913
785
603
375
48
-351
-734
-1112
-1528
-1904
-2162
-2393
-2686
-2936
-2998
-2913
-2796
-2600
-2245
-1824
-1478
-1150
-709
-220
150
407
687
1021
1305
1483
1611
1731
1795
1763
1699
1688
1705
1654
1537
1458
1448
1456
1462
1483
1503
1508
1512
1510
1480
1416
1299
1095
837
599
376
100
-244
-595
-926
-1261
-1612
-1939
-2204
-2414
-2597
-2735
-2781
-2720
-2612
-2489
-2304
-2017
-1660
-1271
-871
-474
-88
276
613
923
1218
1500
1737
1924
2100
2279
2404
2439
2432
2424
2376
2235
2036
1814
1545
1199
829
508
213
-125
-484
-783
-998
-1176
-1319
-1387
-1380
-1328
-1234
-1056
-790
-503
-240
12
283
542
751
918
1057
1136
1147
1123
1078
994
884
772
637
443
219
5
-239
-556
-912
-1245
-1573
-1932
-2283
-2554
-2770
-3000
-3224
-3315
-3251
-3134
-2981
-2702
-2293
-1868
-1448
-929
-323
227
660
1068
1508
1893
2136
2260
2324
2309
2198
2042
1904
1780
1625
1430
1291
1259
1275
1258
1243
1274
1291
1254
1217
1181
1060
840
601
376
127
-152
-442
-748
-1060
-1335
-1544
-1730
-1914
-2038
-2080
-2098
-2072
-1938
-1764
-1656
-1573
-1398
-1162
-964
-791
-574
-337
-127
86
367
689
985
1237
1495
1768
2009
2173
2253
2270
2243
2154
2012
1850
1679
1454
1161
857
584
324
57
-198
-424
-602
-727
-808
-862
-886
-864
-811
-734
-601
-401
-192
-32
103
252
402
505
571
655
756
803
802
820
849
812
702
578
443
247
-10
-289
-589
-938
-1318
-1683
-2034
-2378
-2671
-2875
-3038
-3192
-3263
-3205
-3066
-2858
-2524
-2078
-1610
-1142
-633
-94
382
756
1075
1366
1587
1734
1852
1932
1933
1873
1823
1792
1738
1674
1621
1560
1466
1382
1343
1302
1224
1148
1102
1049
961
864
769
627
423
209
14
-189
-420
-658
-881
-1097
-1300
-1484
-1640
-1771
-1878
-1962
-2006
-1997
-1943
-1862
-1744
-1568
-1334
-1068
-776
-465
-155
144
440
731
1000
1240
1452
1632
1790
1928
2020
2044
2027
1995
1921
1792
1641
1489
1305
1077
850
652
453
236
36
-135
-294
-447
-577
-677
-740
-757
-728
-658
-526
-337
-126
81
295
503
668
788
885
948
946
887
792
661
490
305
118
-94
-340
-594
-844
-1112
-1407
-1698
-1962
-2213
-2449
-2623
-2721
-2798
-2883
-2922
-2877
-2776
-2653
-2467
-2176
-1810
-1429
-1014
-516
20
502
906
1285
1643
1910
2066
2158
2203
2180
2088
1970
1866
1772
1651
1496
1362
1287
1224
1122
1023
982
963
909
853
844
834
750
615
510
412
239
-4
-251
-495
-774
-1076
-1342
-1556
-1760
-1949
-2065
-2081
-2045
-1990
-1891
-1714
-1500
-1279
-1026
-727
-434
-181
73
347
601
815
1012
1199
1350
1475
1586
1682
1740
1760
1761
1756
1738
1692
1605
1482
1333
1165
978
775
567
349
119
-109
-301
-452
-583
-685
-723
-695
-627
-533
-405
-252
-105
26
160
297
410
473
497
496
461
383
272
143
-4
-170
-344
-523
-715
-916
-1111
-1308
-1512
-1699
-1846
-1989
-2146
-2275
-2354
-2433
-2528
-2564
-2507
-2408
-2284
-2074
-1746
-1361
-981
-572
-100
370
771
1133
1485
1782
1977
2099
2190
2231
2193
2092
1969
1843
1702
1546
1402
1288
1195
1121
1070
1045
1054
1068
1046
1002
968
921
805
632
446
237
-28
-333
-628
-903
-1190
-1485
-1737
-1921
-2063
-2176
-2229
-2199
-2118
-2010
-1855
-1646
-1410
-1170
-915
-640
-356
-67
221
491
739
977
1190
1364
1520
1677
1811
1907
1978
2033
2058
2036
1983
1900
1774
1607
1411
1192
949
690
422
156
-101
-331
-514
-654
-757
-819
-824
-777
-692
-575
-422
-247
-77
80
218
330
393
399
360
294
201
80
-47
-168
-288
-408
-515
-617
-735
-867
-997
-1141
-1313
-1490
-1660
-1841
-2032
-2191
-2304
-2400
-2478
-2490
-2426
-2311
-2143
-1889
-1559
-1198
-815
-377
99
546
939
1309
1648
1904
2072
2191
2257
2238
2145
2029
1911
1774
1614
1469
1363
1284
1211
1168
1161
1156
1134
1108
1082
1033
943
810
643
444
213
-53
-345
-640
-932
-1230
-1510
-1739
-1912
-2052
-2147
-2173
-2135
-2062
-1960
-1804
-1602
-1384
-1162
-910
-629
-351
-89
182
468
742
989
1219
1436
1618
1755
1852
1920
1962
1968
1928
1857
1774
1670
1518
1333
1151
954
713
450
210
-6
-226
-437
-592
-680
-733
-760
-722
-620
-507
-393
-255
-92
58
170
244
292
313
292
224
145
59
-55
-187
-297
-383
-468
-562
-651
-732
-819
-928
-1061
-1211
-1379
-1569
-1777
-1973
-2137
-2274
-2390
-2455
-2436
-2337
-2177
-1952
-1649
-1287
-895
-480
-39
398
799
1154
1469
1727
1920
2054
2126
2131
2074
1980
1864
1722
1568
1427
1311
1202
1112
1050
1015
989
962
934
906
867
798
693
568
422
245
29
-200
-433
-677
-939
-1189
-1402
-1586
-1745
-1859
-1907
-1903
-1864
-1782
-1643
-1462
-1258
-1034
-787
-529
-275
-24
221
458
677
873
1049
1206
1345
1464
1558
1629
1681
1710
1712
1686
1638
1557
1439
1289
1117
922
705
472
243
29
-170
-347
-482
-570
-621
-640
-617
-546
-445
-334
-210
-80
39
127
190
231
237
202
144
79
-2
-102
-213
-320
-426
-535
-636
-720
-800
-890
-983
-1079
-1185
-1310
-1450
-1594
-1748
-1905
-2048
-2157
-2222
-2233
-2179
-2046
-1834
-1559
-1228
-849
-444
-36
360
740
1088
1388
1639
1839
1986
2077
2108
2091
2027
1918
1777
1617
1456
1302
1164
1056
983
946
937
938
945
946
921
855
750
609
427
203
-49
-305
-561
-814
-1053
-1261
-1433
-1584
-1710
-1791
-1824
-1820
-1785
-1705
-1573
-1402
-1204
-980
-729
-467
-217
22
255
482
683
856
1019
1171
1298
1393
1476
1544
1585
1590
1573
1541
1479
1379
1251
1108
944
755
546
339
138
-57
-237
-386
-494
-561
-596
-588
-537
-453
-348
-229
-101
19
115
184
224
231
202
142
63
-21
-108
-196
-271
-330
-375
-416
-458
-502
-558
-640
-752
-892
-1056
-1242
-1445
-1647
-1835
-1998
-2128
-2209
-2230
-2192
-2091
-1926
-1696
-1413
-1088
-729
-346
47
434
799
1130
1416
1648
1816
1918
1962
1949
1892
1798
1685
1558
1434
1318
1215
1130
1061
1005
958
916
872
820
755
674
574
450
299
127
-62
-265
-478
-691
-888
-1063
-1213
-1330
-1405
-1436
-1426
-1381
-1301
-1187
-1049
-898
-736
-566
-388
-209
-33
140
314
482
635
775
906
1021
1112
1182
1232
1258
1253
1220
1164
1089
986
863
730
596
453
309
174
60
-43
-136
-211
-263
-297
-318
-324
-308
-268
-215
-150
-77
4
81
141
176
190
180
137
73
-4
-84
-163
-239
-301
-350
-393
-443
-505
-581
-681
-811
-967
-1141
-1321
-1503
-1670
-1809
-1909
-1962
-1967
-1917
-1812
-1657
-1458
-1222
-951
-658
-349
-35
279
581
859
1103
1307
1466
1571
1618
1617
1574
1497
1395
1282
1173
1074
988
922
874
843
824
808
791
767
729
676
600
501
383
250
102
-62
-230
-394
-554
-708
-845
-957
-1040
-1095
-1118
-1100
-1046
-967
-865
-739
-596
-450
-304
-156
-6
136
271
404
540
669
784
883
966
1029
1060
1056
1028
976
904
809
703
595
489
381
272
170
74
-17
-106
-188
-253
-303
-336
-347
-334
-300
-254
-198
-138
-79
-31
1
21
28
17
-7
-39
-72
-103
-138
-170
-193
-212
-232
-261
-292
-334
-396
-483
-589
-713
-859
-1022
-1188
-1344
-1486
-1604
-1683
-1709
-1682
-1603
-1473
-1294
-1074
-827
-563
-291
-22
232
461
659
822
942
1023
1066
1075
1057
1021
976
928
885
852
833
828
834
847
865
880
887
879
860
825
770
702
620
526
419
301
174
39
-99
-235
-364
-478
-570
-635
-669
-669
-635
-570
-475
-361
-234
-104
20
135
237
323
393
445
484
510
525
527
521
505
483
454
420
378
331
280
230
177
126
80
37
-3
-39
-73
-106
-137
-168
-195
-223
-250
-275
-298
-319
-336
-347
-352
-354
-350
-340
-329
-313
-295
-277
-257
-239
-225
-218
-215
-223
-246
-285
-337
-404
-489
-584
-684
-783
-874
-949
-1005
-1032
-1031
-998
-937
-852
-746
-620
-484
-343
-201
-59
77
207
330
439
534
612
672
708
722
712
684
641
588
533
480
437
403
382
376
381
389
401
407
406
395
373
346
315
283
253
227
207
190
179
167
156
145
136
132
129
131
143
170
215
271
331
397
464
521
562
582
580
555
507
439
358
274
181
92
6
-73
-141
-197
-238
-263
-273
-266
-247
-217
-180
-141
-106
-79
-66
-69
-91
-136
-198
-276
-362
-451
-533
-606
-661
-694
-703
-689
-655
-604
-539
-465
-388
-314
-247
-197
-163
-152
-164
-199
-250
-317
-392
-472
-547
-610
-653
-671
-661
-619
-550
-460
-354
-236
-118
-4
101
192
267
323
360
377
377
360
331
296
254
212
174
146
128
125
138
166
204
251
296
335
363
377
376
362
337
307
275
250
239
242
262
303
358
423
495
569
640
705
762
807
843
866
875
867
843
801
741
663
571
467
353
240
131
31
-55
-120
-169
-203
-224
-237
-248
-262
-277
-298
-326
-359
-397
-439
-483
-522
-559
-592
-617
-634
-643
-642
-636
-620
-597
-572
-544
-520
-503
-495
-499
-515
-541
-578
-622
-669
-717
-758
-793
-819
-830
-825
-804
-765
-709
-637
-550
-450
-339
-223
-100
24
149
269
384
489
586
672
745
808
860
902
930
947
952
941
915
877
828
767
700
627
550
471
387
302
209
114
16
-85
-182
-274
-357
-424
-475
-505
-514
-502
-472
-421
-355
-276
-189
-93
6
111
219
325
432
532
624
702
765
812
842
855
857
844
822
794
760
721
678
631
578
518
452
380
301
215
124
28
-74
-179
-284
-393
-498
-600
-693
-774
-842
-891
-919
-927
-917
-887
-849
-801
-749
-695
-643
-593
-545
-500
-457
-415
-378
-349
-327
-315
-316
-329
-354
-383
-417
-446
-469
-477
-471
-449
-415
-371
-324
-276
-228
-185
-144
-108
-72
-31
17
72
136
201
267
331
395
453
508
554
593
628
658
685
711
735
758
773
779
769
744
700
642
566
480
386
294
205
127
57
-1
-50
-86
-113
-134
-154
-175
-193
-206
-212
-208
-194
-167
-128
-76
-14
53
122
191
253
311
357
397
431
459
483
500
510
513
506
485
445
389
316
237
150
63
-22
-103
-175
-236
-288
-335
-380
-426
-475
-527
-582
-635
-684
-723
-749
-758
-754
-738
-710
-680
-649
-621
-595
-569
-543
-509
-467
-416
-354
-287
-215
-146
-85
-36
-2
15
15
0
-22
-47
-70
-87
-98
-102
-102
-99
-99
-102
-111
-121
-131
-136
-128
-106
-67
-13
55
133
218
302
384
455
519
572
616
653
684
712
737
757
772
777
772
753
722
679
626
562
496
427
364
305
249
200
157
119
87
55
22
-16
-55
-91
-122
-145
-159
-161
-152
-131
-99
-63
-26
7
32
47
50
44
32
16
2
-9
-17
-19
-19
-19
-24
-38
-61
-94
-135
-182
-229
-274
-311
-339
-358
-371
-377
-384
-394
-408
-427
-452
-479
-505
-525
-537
-538
-526
-504
-475
-438
-400
-362
-323
-285
-245
-201
-153
-100
-44
13
68
116
153
179
191
190
178
160
137
114
93
75
61
54
44
35
22
8
-10
-27
-40
-49
-50
-41
-25
2
32
66
102
140
179
216
254
290
325
362
398
431
461
485
503
513
516
511
503
492
481
467
452
438
420
399
376
347
313
275
232
187
142
96
52
11
-25
-61
-96
-131
-167
-202
-237
-268
-292
-311
-320
-321
-315
-301
-282
-261
-240
-225
-215
-212
-216
-223
-234
-245
-251
-256
-256
-254
-249
-242
-235
-232
-229
-228
-227
-226
-222
-216
-204
-191
-176
-163
-149
-142
-140
-144
-152
-162
-171
-174
-170
-155
-129
-95
-52
-10
32
66
92
111
123
126
128
129
134
140
148
156
162
163
160
148
129
105
82
60
43
29
21
16
18
23
28
28
24
15
7
3
4
13
31
61
98
140
185
227
264
294
316
331
339
347
353
361
369
380
388
392
389
379
358
330
292
251
205
161
121
84
53
29
5
-17
-41
-70
-102
-137
-174
-210
-242
-269
-290
-303
-310
-309
-305
-296
-286
-275
-266
-257
-249
-240
-231
-223
-211
-204
-195
-189
-186
-185
-188
-190
-191
-192
-187
-181
-170
-157
-142
-127
-113
-102
-94
-90
-87
-86
-85
-83
-79
-69
-58
-45
-30
-13
3
18
30
43
53
61
69
77
86
94
103
110
116
120
123
124
125
127
128
129
129
128
124
115
102
85
64
42
20
1
-12
-21
-21
-11
5
29
55
81
106
129
145
159
167
174
179
184
188
191
197
197
195
189
180
165
146
127
107
86
67
50
38
28
21
16
11
7
2
-4
-13
-21
-31
-40
-50
-57
-64
-67
-70
-73
-73
-73
-73
-73
-74
-75
-79
-84
-90
-96
-105
-112
-119
-128
-138
-148
-160
-172
-184
-195
-203
-210
-211
-209
-202
-191
-173
-153
-132
-115
-100
-89
-83
-80
-79
-80
-79
-74
-64
-51
-34
-15
4
22
37
48
56
58
59
58
58
60
65
72
82
93
103
112
121
127
129
130
129
127
123
119
115
112
107
103
100
93
88
84
80
76
77
77
80
84
89
96
102
109
114
117
116
110
101
85
68
47
26
4
-17
-36
-54
-69
-84
-95
-106
-116
-125
-133
-138
-138
-133
-125
-108
-89
-66
-42
-20
0
14
24
30
32
31
33
34
38
48
61
74
88
98
103
100
92
76
54
29
3
-25
-49
-75
-96
-118
-138
-159
-177
-196
-210
-223
-227
-227
-219
-203
-183
-159
-134
-112
-92
-76
-66
-59
-54
-52
-50
-46
-38
-28
-15
-1
14
29
42
53
62
69
74
80
85
91
94
98
99
102
101
98
95
89
82
76
70
65
65
66
68
72
78
84
91
95
100
104
107
108
107
106
104
101
101
99
99
98
98
96
92
86
78
67
53
38
20
0
-19
-39
-58
-77
-93
-110
-126
-140
-153
-163
-168
-170
-166
-158
-145
-129
-110
-89
-70
-51
-32
-18
-4
6
18
29
40
53
66
78
90
97
102
101
98
89
79
65
48
32
13
-4
-24
-43
-62
-83
-103
-120
-137
-151
-162
-166
-165
-162
-154
-144
-131
-117
-104
-89
-80
-67
-57
-48
-38
-28
-18
-6
4
13
19
22
24
27
29
33
40
47
56
64
72
80
87
92
94
94
94
92
88
89
89
92
97
101
107
110
113
115
116
115
114
112
108
106
102
97
93
90
83
75
66
55
42
32
21
10
1
-7
-16
-21
-29
-35
-42
-48
-57
-64
-73
-81
-90
-96
-101
-105
-108
-109
-110
-110
-110
-109
-108
-105
-102
-97
-91
-83
-74
-63
-50
-39
-28
-18
-11
-3
0
5
9
13
16
20
23
24
25
25
24
21
17
13
7
0
-7
-13
-20
-25
-29
-34
-38
-41
-42
-43
-40
-36
-30
-27
-20
-14
-8
-1
4
11
16
20
23
24
25
24
25
25
24
24
23
22
20
20
19
20
21
20
22
23
23
24
24
25
25
27
29
33
37
43
50
57
65
70
77
81
83
83
84
81
79
75
70
64
58
50
42
32
22
12
2
-9
-15
-23
-27
-30
-31
-30
-29
-29
-29
-29
-30
-32
-35
-39
-44
-49
-55
-61
-68
-73
-81
-88
-96
-104
-111
-117
-121
-124
-124
-125
-123
-120
-117
-111
-105
-96
-84
-71
-54
-38
-18
1
20
41
60
79
97
115
131
147
159
170
176
180
180
178
169
159
146
132
115
97
76
55
36
17
-1
-18
-36
-52
-68
-87
-102
-114
-125
-131
-133
-134
-131
-126
-120
-110
-101
-90
-78
-65
-51
-36
-21
-3
14
33
51
67
81
93
103
109
115
118
120
121
121
120
117
114
109
101
92
79
66
50
35
18
3
-11
-24
-35
-46
-57
-64
-72
-77
-83
-87
-89
-90
-89
-87
-80
-74
-64
-57
-46
-38
-31
-25
-21
-18
-19
-19
-21
-28
-34
-43
-50
-59
-68
-75
-85
-94
-102
-109
-115
-119
-120
-117
-111
-103
-92
-78
-62
-45
-28
-9
9
29
48
67
88
109
129
150
168
185
199
210
217
221
219
214
204
191
175
157
137
117
96
75
51
28
5
-16
-38
-56
-72
-87
-98
-106
-110
-113
-111
-107
-100
-94
-86
-77
-67
-56
-44
-31
-16
-1
13
26
38
48
55
63
69
72
73
71
68
63
57
51
43
36
27
16
4
-8
-19
-30
-39
-48
-55
-58
-63
-67
-69
-69
-71
-71
-72
-72
-72
-71
-69
-67
-64
-61
-56
-52
-50
-47
-47
-45
-47
-47
-49
-50
-52
-51
-52
-55
-57
-58
-63
-66
-69
-71
-71
-70
-67
-62
-56
-48
-39
-29
-18
-5
7
21
36
51
67
82
97
114
132
146
160
172
181
189
194
200
201
204
201
197
189
178
166
151
136
115
96
74
51
28
7
-14
-33
-50
-67
-82
-97
-110
-121
-130
-136
-137
-137
-134
-129
-121
-112
-101
-89
-76
-62
-49
-36
-22
-10
4
17
29
39
50
58
65
69
69
71
69
64
57
50
42
33
21
11
-2
-11
-19
-28
-37
-49
-60
-69
-75
-78
-81
-84
-85
-85
-83
-80
-78
-76
-75
-72
-69
-65
-63
-58
-54
-50
-46
-43
-40
-38
-33
-33
-30
-30
-28
-27
-25
-23
-22
-18
-15
-12
-9
-6
-4
-1
2
7
12
18
24
31
39
48
58
68
78
88
97
105
113
121
128
134
142
147
151
154
153
152
149
145
137
131
120
110
99
85
73
61
47
32
17
2
-14
-29
-43
-56
-68
-79
-87
-97
-104
-110
-112
-114
-115
-113
-110
-105
-100
-94
-85
-76
-68
-58
-48
-38
-29
-20
-12
-4
2
7
12
13
16
17
16
14
12
8
2
-2
-8
-13
-20
-26
-33
-39
-44
-50
-54
-57
-60
-62
-62
-62
-61
-58
-55
-51
-46
-42
-39
-35
-32
-28
-24
-20
-15
-10
-6
-1
4
6
8
11
14
14
15
15
15
14
13
13
13
14
17
18
20
22
21
22
26
29
34
40
47
53
59
67
74
83
89
96
102
108
112
116
120
121
122
122
121
120
116
112
106
100
91
80
69
58
46
35
24
13
1
-9
-21
-32
-44
-54
-65
-75
-83
-91
-94
-98
-103
-105
-106
-106
-105
-104
-102
-100
-96
-93
-90
-86
-81
-76
-73
-67
-63
-59
-56
-52
-51
-49
-47
-45
-44
-42
-40
-36
-34
-30
-27
-25
-21
-19
-15
-13
-9
-6
-4
-1
2
6
9
13
17
19
21
21
21
20
19
18
17
17
16
14
13
11
9
7
6
4
3
2
1
0
1
1
3
4
7
10
15
18
24
29
34
38
44
49
54
61
67
74
80
85
89
92
94
95
95
94
92
90
87
84
81
74
70
65
58
50
42
33
25
18
10
4
-1
-6
-12
-19
-24
-28
-33
-37
-41
-44
-48
-51
-53
-55
-57
-56
-56
-56
-55
-57
-58
-60
-61
-61
-61
-61
-63
-63
-63
-64
-63
-63
-63
-64
-63
-63
-62
-61
-59
-57
-54
-49
-46
-42
-37
-31
-25
-19
-12
-7
-2
2
8
12
16
22
26
30
33
34
34
33
32
32
31
30
27
25
22
19
16
14
11
8
5
3
1
0
-2
-1
-1
-1
0
2
4
7
9
12
17
19
23
27
32
36
39
44
46
49
50
50
50
51
51
51
50
48
46
43
39
36
32
30
26
21
18
15
12
9
8
6
4
3
2
1
1
1
0
0
1
0
-1
-2
-2
-4
-4
-5
-7
-7
-9
-12
-15
-19
-22
-25
-28
-31
-36
-39
-44
-47
-50
-54
-55
-56
-58
-59
-61
-61
-61
-60
-57
-55
-52
-49
-44
-38
-33
-27
-22
-17
-12
-8
-3
1
7
13
16
20
23
26
25
28
28
29
30
29
27
25
23
21
19
17
16
13
11
7
4
3
2
0
1
-1
0
1
1
2
3
5
8
10
13
15
17
20
23
26
29
31
34
35
35
35
35
34
33
32
30
27
25
22
17
17
13
10
6
3
1
-2
-4
-6
-7
-9
-9
-13
-13
-13
-13
-12
-10
-8
-8
-7
-8
-6
-5
-4
-3
-1
-1
-1
0
-2
-2
-1
-1
-2
-4
-6
-7
-9
-10
-12
-13
-15
-17
-19
-21
-23
-23
-25
-25
-26
-27
-26
-27
-28
-26
-23
-21
-19
-17
-14
-13
-11
-9
-7
-6
-2
0
2
3
4
6
7
8
9
10
10
10
10
10
10
10
9
9
8
7
7
7
6
5
6
5
5
5
5
6
6
6
7
6
6
6
6
7
8
9
9
10
9
9
9
8
8
8
8
7
7
5
5
5
4
4
3
1
-1
-2
-2
-3
-3
-3
-3
-2
-3
-4
-3
-3
-2
-2
-1
0
-1
-2
-1
1
2
2
4
4
3
4
4
3
3
4
3
3
3
3
4
3
3
2
2
0
-1
-2
-4
-4
-5
-4
-4
-4
-5
-5
-5
-6
-6
-7
-7
-9
-9
-9
-7
-7
-6
-5
-5
-4
-4
-4
-4
-3
-3
-3
-2
-1
0
0
1
1
1
2
2
1
1
2
-1
0
2
1
3
2
2
2
1
1
2
1
2
2
2
0
1
1
3
3
4
4
4
2
2
2
1
2
2
2
1
3
2
3
3
4
3
2
1
-1
-1
0
0
1
1
1
2
1
1
1
1
2
1
1
0
0
0
0
0
1
2
2
3
2
2
1
1
3
1
3
2
2
2
1
1
2
2
1
0
0
-1
0
1
1
0
1
1
0
0
1
0
0
0
-1
-1
-2
-1
-2
-1
-1
0
-1
-1
-2
-2
-2
-2
-2
-2
-1
-1
-2
-1
-1
-1
0
0
-1
-2
-4
-2
-2
-2
-1
0
0
0
-1
0
-1
-1
-2
0
0
0
-1
-1
0
0
1
0
-1
0
0
0
0
0
0
-1
-1
0
0
-1
1
1
1
1
1
1
1
1
1
2
2
2
2
1
2
2
3
3
3
4
1
1
1
0
1
1
2
2
2
1
2
1
1
1
1
1
1
-1
0
0
-1
1
2
2
3
3
2
2
2
3
4
3
4
3
2
1
4
4
4
4
3
4
3
2
2
0
1
0
0
-1
1
0
1
1
2
0
0
-1
-2
-2
-2
-2
-1
-1
-1
-1
-2
-3
-2
-2
-2
-2
-2
-3
-3
-3
-3
-1
0
-1
0
0
-2
0
-2
-2
-1
-2
-1
-1
-1
-1
0
-1
0
0
-1
-2
-3
-2
-2
-1
-1
0
0
0
-2
-1
-1
-1
-2
0
0
-1
-1
0
0
1
1
1
2
1
0
1
-1
1
0
1
1
1
2
1
2
3
2
2
2
2
1
2
1
1
2
1
1
1
1
1
2
3
2
2
2
2
3
1
2
1
3
2
3
2
2
3
2
2
3
1
1
1
2
0
-1
1
0
0
0
-1
0
0
1
0
0
0
0
0
0
-1
0
0
0
-1
0
0
1
1
-1
0
0
0
0
0
-1
0
0
0
-1
1
-1
-2
-1
-2
-1
-1
0
1
-1
-1
-1
-2
-3
-3
-2
-3
-2
-3
-2
-2
-1
-1
-1
-1
0
-1
1
0
0
2
1
1
1
1
1
1
0
0
-1
0
0
0
1
0
1
0
0
0
0
-1
0
0
1
1
0
0
0
-1
-1
0
0
0
-1
0
0
1
0
1
0
1
2
1
1
1
1
1
1
2
2
2
1
0
0
0
0
0
3
2
2
2
1
0
0
0
0
0
0
-1
0
-1
0
0
0
0
0
-1
0
0
0
1
0
0
0
0
0
0
0
1
1
-1
1
0
-2
-1
-1
0
1
1
1
1
0
0
0
0
0
0
-1
0
0
0
0
0
0
0
0
-1
0
0
0
0
-1
0
-1
0
0
0
0
0
-1
0
0
-1
0
0
0
1
0
0
0
0
0
0
1
0
0
0
0
0
1
0
0
0
1
1
0
0
0
0
0
0
0
0
1
1
1
0
0
-1
0
0
0
-1
-1
0
0
0
0
0
0
0
0
0
0
0
0
0
0
0
0
0
0
0
0
0
1
1
1
0
-1
0
0
0
0
0
0
1
-1
-1
0
0
0
0
0
1
0
-1
0
0
0
0
0
0
0
0
-1
0
0
0
0
1
0
0
0
0
0
-1
1
1
0
0
0
0
1
0
0
0
0
0
0
0
0
0
0
0
0
1
0
0
0
0
0
0
1
0
0
0
0
0
0
0
0
0
0
1
0
-1
0
0
0
0
-1
0
0
0
0
0
0
-1
0
0
-1
0
0
0
-1
1
0
0
0
0
0
0
0
0
0
0
0
0
0
-1
0
-1
0
0
0
0
0
0
0
0
0
1
0
0
0
0
0
0
0
0
0
0
0
1
0
0
0
0
0
0
0
0
0
-1
0
0
1
0
0
0
0
0
0
0
1
0
0
0
0
0
0
-1
0
1
0
0
0
0
0
0
0
0
-1
0
0
0
0
0
0
0
0
1
0
-1
0
1
0
0
-1
0
0
0
0
-1
0
0
0
0
1
0
0
0
0
0
0
0
0
-1
0
0
0
0
0
0
0
0
0
1
0
0
0
0
0
1
0
0
1
0
1
-1
0
0
0
0
0
0
0
0
-1
0
-1
-1
0
0
0
0
0
0
0
0
0
0
-1
0
-1
0
0
0
0
0
0
-1
0
0
0
0
0
0
0
0
0
0
0
0
0
0
0
0
0
1
1
0
-1
0
0
0
0
0
0
0
0
0
0
0
0
0
0
0
0
1
0
0
0
0
0
1
0
0
0
0
0
0
0
-1
-1
0
0
0
0
0
-1
-1
0
0
0
-1
1
0
0
-1
0
0
0
0
0
0
0
0
0
0
0
0
0
0
0
0
1
0
0
-1
0
0
0
0
0
0
1
0
0
-1
-1
0
0
0
0
-1
0
0
0
0
0
1
0
0
1
0
1
0
0
0
0
0
0
-1
0
0
0
0
0
0
1
0
0
0
0
0
0
-1
-1
0
-1
0
0
0
0
0
0
0
0
0
0
0
0
0
0
-1
0
0
0
0
1
0
0
0
0
0
0
0
0
0
0
-1
1
-1
0
0
0
0
0
0
0
0
1
0
1
0
0
0
1
-1
0
0
0
0
0
0
0
0
0
0
-1
0
0
0
0
1
1
0
1
0
0
0
0
0
0
0
0
0
0
-1
-1
-1
-1
0
0
0
0
0
-1
0
0
0
0
0
-1
0
-1
0
1
0
0
1
0
0
-1
0
-1
0
0
0
-1
0
1
-1
0
0
0
0
-1
0
1
0
-1
1
1
0
1
-1
0
0
1
0
0
-1
1
0
0
1
0
0
0
0
1
0
0
0
0
1
0
-1
0
-1
0
1
0
1
-1
0
1
0
0
0
0
0
-1
0
0
0
0
0
0
0
0
0
0
-1
0
1
0
1
0
-1
0
0
1
0
0
0
0
0
0
-1
0
-1
0
0
0
0
0
0
0
1
0
1
0
0
0
0
0
-1
0
0
0
0
0
-1
0
0
0
0
0
0
1
0
0
0
0
1
0
0
0
0
0
0
0
0
0
-1
0
1
0
0
0
0
0
0
0
0
0
0
0
0
0
0
0
-1
1
0
0
0
-1
0
0
0
1
0
0
0
-1
0
0
0
0
1
1
0
1
0
0
-1
0
-1
0
0
0
0
0
0
0
0
0
0
0
0
0
1
0
0
0
0
0
0
0
0
0
0
0
0
0
0
0
0
0
0
1
0
0
0
1
0
0
0
0
0
0
0
0
1
1
0
0
1
0
0
0
0
0
1
0
0
-1
1
0
-1
-1
0
0
0
0
0
1
0
1
0
0
0
1
0
-1
0
-1
0
0
-1
0
0
0
-1
0
0
0
0
0
0
0
0
1
-1
0
0
0
0
-1
0
0
0
0
0
1
0
0
0
0
0
0
0
0
1
1
0
0
0
0
0
0
0
0
0
1
0
-1
0
0
0
0
0
0
0
0
0
0
1
0
1
1
1
0
0
0
0
0
0
0
0
0
0
0
0
-1
0
0
0
-1
0
-1
0
0
0
0
0
0
0
-1
1
0
1
0
0
0
0
1
1
0
-1
0
1
-1
0
0
0
0
0
0
0
0
0
0
0
0
0
1
-1
0
0
0
0
0
0
0
-1
0
-1
0
0
0
0
0
-1
0
1
0
0
0
1
0
0
0
0
0
0
0
0
0
0
0
0
0
0
1
0
1
0
-1
-1
-1
0
0
0
0
0
0
0
-1
0
0
1
-1
0
1
0
0
0
0
0
0
0
-1
0
0
0
0
0
0
0
0
0
0
0
0
0
0
0
0
0
0
0
0
0
0
1
0
1
0
0
0
1
0
0
-1
1
0
-1
0
0
-1
0
0
0
0
-1
0
0
0
0
1
0
0
0
1
0
0
1
-1
0
0
0
0
0
0
-1
0
1
0
0
0
1
-1
0
0
0
-1
0
0
0
-1
0
1
0
-1
0
0
-1
-1
0
0
0
0
-1
-1
-1
0
0
0
0
0
0
0
0
0
1
0
-1
0
1
0
1
0
0
0
-1
0
0
0
0
0
0
-1
1
0
0
0
0
1
0
0
0
-1
0
1
0
0
0
0
0
0
0
0
0
0
-1
1
-1
0
1
0
0
0
0
0
0
0
0
0
0
0
0
0
0
0
1
0
0
0
0
-1
1
0
0
0
0
0
0
0
0
0
0
0
0
-1
0
0
0
-1
0
0
1
1
0
0
0
0
-1
0
1
0
-1
0
0
0
0
-1
0
0
0
0
0
-1
-1
0
0
0
0
1
0
0
0
0
-1
0
0
0
0
0
0
0
0
1
0
-1
0
0
-1
0
0
0
0
0
0
0
0
0
0
0
1
0
0
0
0
-1
-1
0
-1
0
0
0
-1
0
0
0
0
1
1
-1
0
0
-1
-1
0
0
-1
0
0
-1
0
0
-1
1
-1
0
0
-1
0
0
0
0
0
0
0
1
0
0
-1
1
1
0
0
0
0
0
0
0
0
0
1
0
0
0
0
0
0
-1
0
0
-1
0
0
1
0
0
1
0
0
0
1
0
0
0
0
0
0
1
-1
0
0
0
1
0
-1
0
0
0
0
0
-1
0
0
0
0
1
0
0
1
0
0
0
1
0
0
0
0
0
1
0
0
0
0
0
0
0
1
0
0
0
0
-1
0
0
-1
-1
0
-1
0
0
0
1
1
0
0
0
-1
1
0
0
0
0
1
0
1
0
0
1
1
0
0
0
0
0
-1
0
0
0
-1
0
0
1
0
0
0
0
1
0
1
0
0
0
0
-1
0
0
0
0
0
-1
0
0
0
1
1
0
0
-1
0
0
1
0
0
-1
1
0
0
0
0
-1
0
0
0
0
0
0
0
0
0
0
0
1
0
0
0
-1
0
1
0
0
1
-1
0
-1
-1
0
0
0
0
0
0
0
0
-1
0
-1
1
0
1
1
0
0
0
0
0
0
0
0
0
0
0
0
0
0
1
0
-1
0
0
0
0
0
0
-1
0
0
-1
0
0
0
0
0
0
0
1
1
0
0
0
0
0
0
0
-1
0
0
0
0
0
0
-1
-1
0
0
0
0
0
1
0
1
-1
0
0
-1
0
0
0
1
0
0
0
0
0
0
0
1
0
1
0
0
0
-1
-1
0
0
0
0
1
0
-1
0
0
0
0
1
0
-1
0
0
0
0
0
1
0
0
0
0
0
0
0
0
0
0
1
0
0
0
0
0
0
0
0
0
0
0
0
0
-1
-1
0
0
0
0
0
0
-1
0
0
-1
0
0
0
0
0
0
0
0
0
0
0
0
0
0
0
0
0
-1
0
0
1
0
0
-1
1
0
0
0
0
0
0
0
0
0
0
-1
1
0
0
-1
0
0
0
1
0
-1
0
0
0
0
0
0
0
1
-1
0
-1
0
-1
-1
0
0
0
1
0
0
0
0
0
1
0
-1
-1
0
0
0
0
0
0
0
-1
0
-1
0
1
0
0
0
0
1
0
0
0
0
0
-1
-1
0
0
0
0
-1
0
1
0
1
0
0
0
0
-1
0
0
0
-1
0
0
0
0
0
0
0
0
-1
0
0
0
1
0
1
0
-1
0
1
0
0
-1
0
0
0
0
0
0
1
0
1
0
0
0
0
0
1
0
1
0
0
0
1
0
0
0
0
0
-1
0
0
0
0
0
0
0
0
0
-1
0
0
0
0
0
0
0
0
0
0
1
0
1
0
0
1
0
0
1
0
0
1
0
0
1
0
0
0
0
0
0
0
0
0
0
0
1
0
0
-1
0
0
-1
0
-1
0
0
1
1
0
0
0
-1
0
0
0
0
0
0
1
0
0
-1
0
0
0
0
-1
0
1
0
0
0
0
0
-1
0
0
0
0
0
0
0
1
0
0
0
0
0
-1
0
0
0
0
0
1
0
0
0
0
0
0
0
1
0
-1
0
-1
1
0
0
0
0
-1
0
-1
0
0
0
0
-1
1
0
0
0
1
0
-1
0
1
1
0
-1
0
0
0
0
0
0
0
0
-1
0
0
0
0
1
-1
0
0
-1
0
0
0
0
0
1
1
0
0
0
-1
-1
0
0
0
1
0
0
0
0
0
0
1
0
0
-1
0
0
1
0
0
0
0
0
1
0
0
-1
0
0
0
0
0
0
0
0
1
0
0
0
0
0
0
0
0
1
0
0
0
0
0
0
-1
0
0
0
0
1
0
0
1
0
0
0
1
-1
0
-1
0
0
0
1
0
0
0
0
0
0
1
0
0
0
0
0
0
0
0
0
-1
0
0
0
1
0
0
0
1
0
0
0
0
0
0
0
0
0
0
1
0
1
0
-1
0
0
-1
0
0
0
-1
0
0
0
-1
0
-1
1
-1
1
0
0
0
0
0
1
0
1
0
0
0
0
0
0
0
0
0
0
0
1
0
0
-1
0
0
0
0
0
0
0
0
0
0
-1
0
0
1
0
0
-1
0
0
0
0
0
0
0
0
-1
0
1
0
0
0
0
1
0
0
0
0
0
-1
0
0
-1
0
0
0
0
0
0
0
0
0
0
0
1
1
1
1
0
0
-1
1
0
0
0
0
0
0
0
0
0
0
0
0
1
0
0
1
0
1
0
0
1
0
0
0
0
1
0
0
-1
0
0
1
1
0
0
-1
0
-1
-1
0
0
0
1
1
0
-1
0
1
0
0
0
0
1
0
1
-1
0
1
0
0
0
-1
0
0
0
1
0
-1
0
-1
-1
0
0
1
0
0
0
1
1
0
0
1
1
-1
0
-1
0
0
0
1
0
0
0
0
-1
0
0
-1
0
0
-1
-1
1
0
0
0
0
-1
0
1
0
0
0
-1
1
0
1
0
1
-1
0
0
0
-1
0
0
0
0
0
0
0
0
0
0
0
0
0
0
0
0
0
1
0
0
0
0
1
0
0
0
0
0
0
0
0
0
0
0
0
0
0
0
0
0
0
0
0
1
0
0
0
0
-1
0
0
1
0
0
0
0
0
-1
0
0
0
0
0
0
-1
0
0
-1
0
0
0
-1
0
0
0
0
-1
0
0
0
0
0
0
0
0
0
0
0
0
0
0
0
-1
0
0
0
-1
0
-1
0
-1
0
0
0
0
1
0
0
0
0
-1
1
0
0
0
0
0
1
0
0
0
0
0
0
1
0
0
0
0
-1
0
-1
0
0
0
0
0
0
0
0
0
0
0
0
0
0
0
0
0
1
0
1
1
0
1
0
0
0
0
0
1
0
1
0
0
0
1
0
0
-1
0
0
1
0
-1
0
0
0
0
-1
-1
1
0
0
1
0
0
1
0
0
0
-1
1
0
0
0
0
0
0
-1
0
0
0
0
0
0
0
0
0
0
0
0
0
0
0
0
0
0
0
0
-1
0
-1
0
-1
0
0
0
0
0
-1
0
-1
1
0
0
0
0
0
-1
0
-1
0
-1
0
0
0
0
-1
0
-1
0
1
0
0
0
0
0
0
1
0
0
0
0
0
0
-1
0
0
0
0
0
0
0
0
1
0
1
1
0
0
0
0
0
0
0
0
0
0
1
0
1
0
0
0
0
0
0
0
1
0
0
0
1
0
1
1
0
0
0
0
-1
0
0
1
0
0
0
0
0
0
0
0
0
0
0
0
0
-1
0
0
0
0
0
0
0
0
0
-1
0
1
0
0
0
0
0
0
0
-1
1
0
0
0
1
0
1
0
0
0
0
0
0
0
-1
0
1
0
0
0
1
0
0
0
0
-1
1
1
0
0
1
0
0
0
0
0
0
0
0
-1
0
0
0
0
1
0
0
0
0
0
0
-1
-1
1
0
0
1
0
0
-1
0
-1
1
0
1
0
0
0
0
1
-1
0
0
0
0
0
0
0
0
0
0
0
0
0
0
-1
0
0
0
0
1
0
0
0
0
0
0
0
0
-1
0
0
0
-1
0
0
1
0
-1
0
0
0
0
1
1
1
0
0
-1
0
0
-1
0
0
0
0
-1
0
0
0
0
0
0
1
0
0
0
0
0
1
0
0
0
0
0
0
0
-1
1
-1
0
-1
0
0
0
0
-1
0
0
0
0
0
0
0
0
0
1
0
0
0
0
0
0
0
0
0
0
0
0
0
0
-1
0
0
0
1
0
0
0
0
-1
0
-1
0
1
0
0
1
0
0
0
0
0
0
0
0
0
0
1
-1
0
-1
0
0
-1
0
0
0
0
-1
0
0
0
0
0
1
0
0
0
0
0
0
0
-1
0
0
0
0
0
0
-1
0
0
0
0
0
0
-1
0
-1
0
0
0
0
1
0
0
0
0
0
0
0
0
0
0
0
0
1
0
0
0
0
1
0
-1
0
1
0
0
0
0
0
0
0
-1
-1
0
0
0
1
0
-1
0
0
-1
0
0
0
-1
0
0
1
0
0
0
0
0
0
1
0
0
0
0
1
0
0
0
1
1
0
0
0
0
0
0
1
0
1
0
0
0
1
0
0
0
-1
1
1
0
-1
0
0
0
0
0
0
0
0
0
0
0
1
0
1
0
0
0
0
0
-1
0
1
0
0
-1
0
-1
0
0
-1
0
0
0
0
0
0
0
0
0
0
0
0
0
0
0
0
0
0
0
0
0
0
0
0
0
0
0
0
0
0
0
0
0
-1
0
0
0
0
0
0
0
-1
0
0
0
0
0
0
0
0
0
0
0
0
0
0
0
0
0
0
0
0
0
0
1
-1
0
0
0
0
0
0
0
1
0
0
0
0
0
-1
0
0
0
0
0
0
0
0
0
0
-1
-1
-1
-1
0
-1
0
0
0
0
0
0
-1
-1
0
-1
0
0
0
-1
0
0
0
0
0
0
0
1
0
0
0
0
0
0
0
0
0
0
1
1
0
0
0
0
0
0
0
0
0
0
0
1
0
0
0
0
0
1
1
0
0
0
0
0
-1
0
0
0
0
0
0
1
0
0
1
0
0
0
1
0
0
1
0
1
1
0
0
0
0
0
0
0
0
0
0
1
0
1
1
-1
0
0
0
0
0
0
0
0
0
0
0
1
0
0
1
0
0
0
1
0
0
0
-1
0
0
0
0
0
0
0
0
0
0
1
0
0
0
-1
-1
0
0
0
0
0
0
0
0
0
0
-1
0
1
0
0
0
0
0
0
0
-1
0
1
0
0
0
0
-1
0
-1
-1
0
0
0
0
1
0
0
0
0
0
0
0
0
1
1
0
1
-1
0
0
0
0
0
0
0
0
0
0
0
0
0
0
0
0
0
0
0
0
0
0
0
0
0
0
0
0
-1
1
0
1
0
0
1
0
0
0
0
0
1
-1
0
0
0
0
0
1
0
0
-1
0
0
0
0
1
0
0
1
-1
-1
0
0
0
0
0
0
0
0
0
0
0
-1
0
0
0
1
0
0
0
0
1
0
-1
-1
0
0
0
-1
0
0
0
0
0
-1
0
0
0
0
-1
0
0
0
0
0
0
0
0
0
0
0
0
0
0
-1
0
0
0
0
0
0
0
0
0
1
0
-1
0
0
0
0
0
0
0
0
0
0
0
0
0
0
0
0
0
0
0
-1
0
0
0
0
0
0
0
0
0
0
0
0
0
1
0
0
0
0