-6
-11
-10
-8
-9
-14
-23
-28
-26
-19
-17
-18
-22
-26
-24
-14
-5
0
-2
-5
-5
3
15
22
21
17
13
16
23
28
27
22
14
11
12
12
13
7
-2
-9
-11
-9
-8
-9
-15
-22
-22
-20
-14
-9
-10
-12
-14
-10
-2
3
8
9
9
10
13
21
24
26
23
23
22
23
24
24
20
17
12
11
9
8
5
0
-5
-8
-10
-11
-12
-14
-17
-19
-18
-17
-16
-14
-14
-13
-13
-11
-8
-6
-6
-4
-3
-1
1
1
1
2
2
2
3
3
1
-1
-1
-2
-1
-3
-4
-7
-10
-9
-10
-9
-8
-9
-10
-10
-9
-7
-5
-2
-1
0
2
4
6
11
11
14
15
18
19
19
20
19
19
20
18
18
15
13
10
7
6
4
1
-2
-5
-8
-10
-12
-13
-14
-16
-17
-19
-18
-17
-14
-14
-12
-12
-11
-6
-2
0
0
0
2
6
10
11
9
7
6
9
11
13
10
5
1
1
3
4
2
-3
-7
-9
-7
-4
-5
-6
-10
-11
-8
-5
-2
-1
-3
-2
-1
2
8
11
10
10
9
12
15
19
18
16
14
11
12
13
12
9
5
0
-2
-3
-3
-6
-11
-14
-16
-16
-17
-18
-19
-20
-18
-16
-14
-14
-13
-14
-11
-8
-4
-2
0
2
3
5
8
11
12
12
12
13
13
13
13
12
11
10
8
7
6
4
2
1
1
0
-1
-3
-4
-4
-3
-4
-4
-3
-2
-1
-2
-1
1
2
3
5
6
8
6
6
8
9
8
6
4
2
1
1
0
0
-2
-4
-6
-6
-7
-8
-10
-12
-12
-12
-9
-9
-11
-12
-11
-9
-6
-5
-4
-4
-3
0
2
4
5
5
5
6
8
10
10
11
11
9
9
8
8
6
6
6
5
3
0
-3
-4
-3
-1
1
-2
-7
-9
-11
-9
-7
-6
-4
-3
0
2
1
0
-2
-2
-2
-2
2
8
9
4
0
-1
5
10
9
5
2
2
5
9
8
0
-8
-9
-7
-3
-3
0
1
-4
-10
-9
-2
1
-3
-6
-2
3
8
11
9
2
-2
0
7
10
12
15
16
7
-1
5
17
15
0
-8
-6
-3
-4
-1
-1
-6
-15
-15
-7
-1
0
-4
-13
-23
-26
-13
1
4
-1
-1
3
9
14
16
11
-1
-11
-6
13
29
28
11
0
-2
-1
1
4
3
-4
-10
-10
-12
-14
-10
-9
-18
-25
-19
-5
2
1
-2
-4
2
9
10
3
-6
-12
-1
17
25
15
1
-2
7
17
23
16
-1
-10
-7
-3
-1
4
5
-3
-13
-11
-5
-4
-9
-11
-4
10
11
-3
-12
-15
-11
4
31
43
29
6
-12
-29
-36
-21
-2
5
8
13
11
3
2
8
14
19
22
21
16
12
8
8
7
6
3
1
-2
-7
-8
-10
-11
-12
-14
-15
-16
-17
-17
-17
-17
-17
-18
-19
-19
-19
-17
-13
-7
-2
4
11
18
24
31
35
35
29
18
3
-12
-25
-37
-41
-40
-40
-51
-62
-59
-38
-12
8
11
-1
-26
-52
-71
-68
-23
38
60
23
-44
-46
41
92
53
-30
-74
-12
93
163
154
76
-80
-430
-547
113
1013
1256
447
-939
-1348
-379
516
566
160
-194
-216
-139
-187
-194
-10
251
98
-305
-334
-87
81
-18
-150
-13
300
278
-145
-412
-421
-279
663
2464
2203
-944
-3032
-2166
288
1918
1150
-271
-332
-91
-756
-1186
-228
1156
1203
92
-632
-639
-276
439
1152
1295
680
-121
-93
576
971
775
-206
-1025
-511
-118
-1010
-1408
-272
892
788
-70
-801
-1287
-1478
-1156
-235
820
867
-135
-757
-517
-238
-347
-400
-31
428
746
975
696
-249
-1064
-973
-73
929
1500
1602
1335
816
264
-201
-470
-236
540
1193
1100
488
-211
-935
-1456
-1297
-576
-12
58
-163
-567
-1100
-1409
-1225
-781
-315
213
679
743
451
140
-85
-153
234
1002
1494
1386
1035
608
-50
-570
-316
441
800
564
228
-53
-465
-856
-931
-741
-387
113
432
161
-491
-904
-941
-793
-400
118
361
294
144
-41
-327
-599
-555
-112
464
860
835
415
-20
-178
-102
86
334
569
616
412
107
-215
-475
-405
-72
198
359
337
40
-278
-437
-450
-291
-65
196
457
373
-43
-317
-304
-116
147
259
175
84
15
-70
-231
-444
-446
-164
106
206
137
-76
-317
-415
-292
-48
170
311
371
382
316
85
-236
-375
-126
331
611
569
253
-188
-505
-628
-530
-163
238
353
122
-249
-488
-552
-478
-198
194
416
362
236
188
53
-225
-334
-57
405
673
673
565
315
-29
-221
-210
-27
214
312
240
70
-107
-178
-319
-593
-570
-180
85
110
24
-272
-602
-572
-242
27
132
222
362
377
125
-179
-201
96
433
534
386
198
61
-59
-77
5
5
-56
-63
-97
-167
-172
-161
-196
-266
-374
-403
-221
68
265
223
-65
-345
-357
-145
99
303
479
512
284
-3
-75
-19
-17
55
296
438
295
66
-123
-318
-353
-115
134
168
89
-33
-210
-337
-358
-327
-227
-59
90
184
157
-45
-248
-248
-134
-17
172
382
423
279
77
-131
-228
-76
206
319
219
109
42
-71
-171
-138
-35
40
111
191
178
42
-85
-87
12
140
263
334
242
24
-121
-178
-227
-176
-59
-48
-95
-115
-152
-204
-251
-289
-251
-145
-20
80
78
53
140
181
55
-24
78
232
320
338
267
73
-135
-181
-67
74
151
139
-2
-248
-436
-411
-239
-80
-9
-32
-141
-261
-282
-219
-173
-134
-7
134
100
-95
-216
-137
48
232
369
394
276
146
162
260
276
246
291
289
94
-104
-65
90
112
-11
-133
-208
-232
-203
-186
-223
-278
-267
-151
-42
-13
4
-18
-94
-53
90
126
70
36
63
145
180
110
45
9
-10
76
218
236
114
17
32
51
-7
-53
-15
69
139
123
18
-84
-133
-149
-126
-42
67
134
111
-11
-142
-177
-141
-86
14
125
120
20
-6
54
47
-41
-71
-20
40
82
89
20
-77
-133
-114
-21
62
22
-79
-85
-39
-85
-160
-126
-9
56
15
-59
-67
-6
17
-43
-99
-85
-41
-19
7
44
51
28
24
45
50
23
9
65
148
147
58
17
55
75
35
-9
-22
-8
-1
-37
-90
-83
-42
-46
-85
-81
-26
27
29
-14
-61
-77
-35
44
88
39
-47
-76
-45
-2
29
41
42
66
102
87
21
-16
19
94
138
134
120
116
92
43
-5
-50
-84
-81
-58
-66
-94
-107
-104
-96
-83
-94
-129
-128
-69
8
61
81
75
61
60
73
98
133
153
127
66
18
9
32
73
102
72
-5
-65
-83
-78
-66
-43
-13
-8
-41
-76
-85
-63
-43
-53
-67
-65
-60
-43
-42
-83
-113
-76
-14
18
34
51
45
26
17
15
33
75
120
143
106
35
10
23
22
7
2
2
-17
-54
-86
-91
-67
-37
-14
-9
-30
-64
-75
-44
-1
26
27
29
31
20
-5
-15
6
47
77
84
60
12
-29
-27
31
106
132
80
-3
-43
-34
-15
5
22
26
8
-25
-37
-29
-44
-53
-31
-18
-18
-25
-47
-65
-58
-33
-4
13
27
33
15
2
17
31
25
21
16
14
36
65
72
55
15
-24
-36
-20
17
47
30
-28
-82
-91
-47
-2
6
5
-11
-50
-57
-23
-22
-41
-24
22
48
44
16
-12
-9
8
28
44
30
7
-3
-6
10
23
1
-35
-60
-58
-26
13
36
15
-29
-56
-58
-26
17
25
12
0
-17
-20
-8
6
26
47
49
21
-21
-39
-19
25
67
62
15
-10
-3
-5
-9
23
74
79
30
-12
-42
-56
-15
39
47
21
-15
-31
-30
-37
-19
15
1
-34
-40
-31
-18
1
25
38
4
-31
-9
3
-9
14
28
18
32
37
6
-18
-9
19
22
-2
-2
23
17
-12
-27
-17
4
-5
-36
-36
-16
-18
-34
-31
-3
-1
-37
-48
-22
-16
-27
-4
32
39
25
24
16
-10
-4
53
93
84
55
35
24
3
-3
3
-5
2
-3
-18
-7
-40
-58
-13
-46
-67
-21
-58
-88
-44
-7
34
19
-38
-33
-21
-25
19
61
52
19
-2
-6
4
45
89
89
71
44
8
-8
10
33
38
12
-17
-14
-5
3
-22
-43
-26
-15
-78
-78
21
-10
3
38
-32
-27
34
-20
-31
124
33
21
79
-71
17
47
-33
41
56
-40
-19
9
-9
26
-34
-27
-38
-13
3
-89
37
71
-18
-36
-60
-55
2
20
18
47
-9
-39
-77
-60
32
18
26
43
18
-19
-37
-31
15
45
13
19
0
-8
-15
-16
-4
31
31
-7
-13
-24
-7
24
36
7
-10
1
6
-9
8
21
4
5
8
-5
-2
-10
-18
-13
-7
3
-6
-1
28
21
-16
-32
-24
-5
15
-4
-21
-7
2
9
18
18
15
3
-8
7
16
5
-5
-1
6
2
-4
0
2
-12
-28
-22
12
39
36
11
-17
-26
-9
28
41
18
-1
4
4
0
-5
8
14
-13
-13
12
-5
-28
-21
-14
-6
1
3
-1
-12
-16
-8
-6
-3
17
29
12
-12
-7
2
-2
-5
0
7
13
14
7
-8
-24
-35
-34
-25
-6
15
25
11
-14
-24
-18
-16
-11
6
10
2
5
2
-21
-39
-25
10
40
44
28
12
6
5
1
6
30
49
36
13
10
8
-3
-9
-12
-2
16
10
-9
-21
-34
-36
-20
3
19
11
-15
-20
-5
2
-1
-6
3
17
0
-11
8
12
-2
-10
-10
-1
1
2
9
8
-6
-16
-8
12
19
9
-3
-5
5
17
10
-7
-17
-16
-8
4
5
3
-1
-16
-26
-10
11
11
-2
2
18
17
2
-7
-6
-5
2
10
14
5
-15
-20
-2
15
20
14
3
-4
0
3
-1
2
8
9
0
-10
-9
-4
-11
-12
0
-2
-11
-15
-20
-19
-10
-7
2
10
-1
-7
0
3
3
8
13
13
10
8
9
13
10
4
5
9
6
0
3
11
1
-11
-10
-7
-1
7
-2
-5
-3
-8
-6
0
-8
-10
-10
-4
6
5
-2
3
9
7
-1
-1
8
21
22
15
10
10
4
-1
4
1
6
-4
-15
-12
-10
-4
4
2
-13
-17
-25
-21
-5
-9
-7
0
-3
-12
-4
-10
-7
12
15
7
0
2
16
35
21
0
-9
-1
13
17
14
8
-1
-7
8
-9
-10
2
-1
-2
2
-8
-27
-8
-7
-6
-10
-1
-3
-1
-6
-12
2
15
13
1
-5
-9
5
19
17
19
15
-4
-9
-6
1
21
23
2
-9
-21
-20
3
10
2
-1
-14
-21
-6
-4
-8
4
0
-8
5
3
-9
2
1
0
9
6
7
15
9
0
0
6
9
1
1
5
3
11
6
3
14
7
-2
4
-10
-13
0
-10
-6
8
-6
-8
4
-9
-10
6
4
0
1
-10
-10
-7
-6
11
14
-5
5
5
-17
4
4
-7
22
3
-8
24
-11
-25
5
4
4
-1
51
-21
-63
66
-26
-53
35
-16
-23
23
6
-32
15
-1
-13
3
-12
29
2
-7
17
-6
-36
1
6
4
37
23
25
-8
-2
-13
-3
1
9
11
1
-8
-5
-14
3
5
6
7
-2
-13
1
8
-7
-4
-1
-7
3
4
0
10
3
-7
2
-7
-2
13
3
-3
13
-4
-6
25
2
-2
8
-9
-1
12
2
-6
5
0
-5
-4
-9
4
-7
1
15
-16
-1
3
-24
-2
16
-10
0
22
-21
-1
19
-28
16
24
-21
10
8
-9
18
6
-16
3
2
-1
7
3
3
10
-2
-21
-11
-10
-2
14
-5
-4
-1
-24
-13
-7
-9
8
4
-3
13
4
-22
-7
6
5
11
8
5
1
1
0
-2
5
13
5
-4
13
12
-16
-3
3
6
5
-7
-1
-2
3
4
-5
-13
5
-6
-4
11
-1
5
-7
-9
-4
3
0
8
8
5
4
-3
3
2
7
7
5
14
9
0
-1
-5
-8
-1
-3
3
8
-10
-12
-1
-10
0
4
-16
-3
7
-5
8
5
-14
-3
-2
-1
8
7
5
1
-2
3
1
2
0
2
11
2
-3
5
-4
-8
4
-1
-3
3
-5
-5
2
-1
-9
-4
-2
-5
0
2
2
-6
-3
-3
-5
3
2
5
1
0
5
6
-4
4
12
-8
6
4
2
1
5
-6
-3
-4
-3
6
6
0
1
0
-8
-1
2
-5
0
3
-1
-3
5
-3
0
6
-3
3
2
-2
2
-1
1
1
1
2
-1
3
4
-1
5
4
-2
6
4
-5
2
4
-4
1
2
-3
-2
-1
-3
0
-1
-4
-1
0
-2
-5
2
1
-5
2
0
-1
2
-1
2
0
-1
3
-1
0
3
-2
-2
4
-2
-1
2
-1
0
-1
0
0
0
0
2
2
-1
3
1
-2
4
0
0
1
2
-1
-1
3
-2
-2
3
-1
0
2
1
2
0
1
4
-1
1
4
0
-1
1
0
0
0
1
-1
0
1
0
0
0
1
0
0
-1
-2
-2
2
1
0
3
-2
-2
0
1
-1
2
-1
-2
7
-3
2
-2
-2
3
-2
-2
2
-2
1
-1
2
2
-2
-3
0
0
1
1
-3
2
0
-5
1
-1
2
4
-4
5
3
-7
1
-2
0
1
1
3
-1
-1
-2
0
0
0
2
0
0
0
-3
-2
1
0
2
1
0
1
-1
1
1
-3
2
0
-2
3
1
-3
4
-1
-3
3
0
-3
2
-1
-1
1
0
-1
0
1
0
0
1
-1
-2
0
2
1
-1
1
-1
-3
1
2
1
1
-1
-1
1
-1
2
3
0
1
1
0
2
1
1
2
0
1
2
0
2
2
1
1
1
1
-1
2
0
2
1
1
-3
1
-2
-2
1
0
1
2
0
0
0
-1
0
0
2
0
-3
-2
-1
0
1
0
0
3
0
-2
-1
-1
0
1
1
1
0
-1
-1
-1
0
1
0
1
0
-1
-2
-1
-1
0
0
1
1
0
0
1
0
0
0
0
-1
1
0
0
0
0
0
1
0
0
0
0
0
0
1
0
0
0
0
-1
0
-1
0
0
0
0
0
0
0
0
0
0
0
0
0
0
0
0
0
1
0
1
1
0
1
0
0
0
0
0
1
0
1
0
0
0
1
0
0
-1
1
1
1
0
-2
-1
-1
0
1
0
1
2
0
-1
0
-1
0
1
1
1
1
-1
1
0
0
0
0
0
0
-1
0
0
0
0
0
0
0
0
0
0
0
0
0
0
0
0
0
0
0
0
-1
0
-1
0
-1
0
0
0
0
0
-1
0
-1
1
0
0
0
0
0
-1
0
-1
0
-1
0
0
0
0
-1
0
-1
0
1
0
0
0
0
0
0
1
0
0
0
0
0
0
-1
0
0
0
0
0
0
0
0
1
0
1
1
0
0
0
0
0
0
0
0
0
0
1
0
1
0
0
0
0
0
0
0
1
0
0
0
1
0
1
1
0
0
0
0
-1
0
0
1
0
0
0
0
0
0
0
0
0
0
0
0
0
-1
0
0
0
0
0
0
0
0
0
-1
0
1
0
0
0
0
0
0
0
-1
1
0
0
0
1
0
1
0
0
0
0
0
0
0
-1
0
1
0
0
0
1
0
0
0
0
-1
1
1
0
0
1
0
0
0
0
0
0
0
0
-1
0
0
0
0
1
0
0
0
0
0
0
-1
-1
1
0
0
1
0
0
-1
0
-1
1
0
1
0
0
0
0
1
-1
0
0
0
0
0
0
0
0
0
0
0
0
0
0
-1
0
0
0
0
1
0
0
0
0
0
0
0
0
-1
0
0
0
-1
0
0
1
0
-1
0
0
0
0
1
1
1
0
0
-1
0
0
-1
0
0
0
0
-1
0
0
0
0
0
0
1
0
0
0
0
0
1
0
0
0
0
0
0
0
-1
1
-1
0
-1
0
0
0
0
-1
0
0
0
0
0
0
0
0
0
1
0
0
0
0
0
0
0
0
0
0
0
0
0
0
-1
0
0
0
1
0
0
0
0
-1
0
-1
0
1
0
0
1
0
0
0
0
0
0
0
0
0
0
1
-1
0
-1
0
0
-1
0
0
0
0
-1
0
0
0
0
0
1
0
0
0
0
0
0
0
-1
0
0
0
0
0
0
-1
0
0
0
0
0
0
-1
0
-1
0
0
0
0
1
0
0
0
0
0
0
0
0
0
0
0
0
1
0
0
0
0
1
0
-1
0
1
0
0
0
0
0
0
0
-1
-1
0
0
0
1
0
-1
0
0
-1
0
0
0
-1
0
0
1
0
0
0
0
0
0
1
0
0
0
0
1
0
0
0
1
1
0
0
0
0
0
0
1
0
1
0
0
0
1
0
0
0
-1
1
1
0
-1
0
0
0
0
0
0
0
0
0
0
0
1
0
1
0
0
0
0
0
-1
0
1
0
0
-1
0
-1
0
0
-1
0
0
0
0
0
0
0
0
0
0
0
0
0
0
0
0
0
0
0
0
0
0
0
0
0
0
0
0
0
0
0
0
0
-1
0
0
0
0
0
0
0
-1
0
0
0
0
0
0
0
0
0
0
0
0
0
0
0
0
0
0
0
0
0
0
1
-1
0
0
0
0
0
0
0
1
0
0
0
0
0
-1
0
0
0
0
0
0
0
0
0
0
-1
-1
-1
-1
0
-1
0
0
0
0
0
0
-1
-1
0
-1
0
0
0
-1
0
0
0
0
0
0
0
1
0
0
0
0
0
0
0
0
0
0
1
1
0
0
0
0
0
0
0
0
0
0
0
1
0
0
0
0
0
1
1
0
0
0
0
0
-1
0
0
0
0
0
0
1
0
0
1
0
0
0
1
0
0
1
0
1
1
0
0
0
0
0
0
0
0
0
0
1
0
1
1
-1
0
0
0
0
0
0
0
0
0
0
0
1
0
0
1
0
0
0
1
0
0
0
-1
0
0
0
0
0
0
0
0
0
0
1
0
0
0
-1
-1
0
0
0
0
0
0
0
0
0
0
-1
0
1
0
0
0
0
0
0
0
-1
0
1
0
0
0
0
-1
0
-1
-1
0
0
0
0
1
0
0
0
0
0
0
0
0
1
1
0
1
-1
0
0
0
0
0
0
0
0
0
0
0
0
0
0
0
0
0
0
0
0
0
0
0
0
0
0
0
0
-1
1
0
1
0
0
1
0
0
0
0
0
1
-1
0
0
0
0
0
1
0
0
-1
0
0
0
0
1
0
0
1
-1
-1
0
0
0
0
0
0
0
0
0
0
0
-1
0
0
0
1
0
0
0
0
1
0
-1
-1
0
0
0
-1
0
0
0
0
0
-1
0
0
0
0
-1
0
0
0
0
0
0
0
0
0
0
0
0
0
0
-1
0
0
0
0
0
0
0
0
0
1
0
-1
0
0
0
0
0
0
0
0
0
0
0
0
0
0
0
0
0
0
0
-1
0
0
0
0
0
0
0
0
0
0
0
0
0
1
0
0
0
0
0
0
0
1
0
0
0
1
1
0
0
0
-1
1
1
0
0
0
0
0
0
0
1
0
0
0
1
0
0
0
0
0
-1
0
0
0
0
0
0
0
0
0
0
-1
-1
-1
0
0
0
0
-1
0
0
0
0
0
0
0
0
0
1
0
1
0
0
0
0
0
0
1
-1
0
1
-1
0
0
0
0
0
0
0
-1
0
0
0
-1
0
-1
0
0
0
0
0
-1
0
0
0
0
0
0
-1
0
0
0
0
0
0
0
0
-1
-1
0
0
0
0
0
1
0
0
0
0
0
-1
0
0
0
0
0
0
0
0
0
1
0
1
0
0
1
-1
1
0
0
0
-1
-1
0
0
0
-1
0
-1
0
0
0
-1
0
0
0
0
1
0
0
0
0
0
0
1
0
1
0
0
0
0
0
0
1
0
0
0
1
1
0
0
0
0
0
0
0
0
-1
1
0
0
0
0
0
0
0
1
0
0
-1
0
0
0
-1
-1
0
0
1
0
-1
0
0
0
0
0
0
-1
-1
0
0
-1
1
0
1
0
0
0
0
0
0
1
0
0
0
-1
0
0
0
0
0
1
-1
0
0
0
0
0
0
0
0
0
1
0
0
0
0
0
0
-1
0
0
-1
0
0
-1
0
0
0
0
0
0
0
0
1
0
0
-1
1
0
0
-1
-1
0
0
0
1
-1
0
0
0
-1
1
0
0
0
1
-1
0
0
0
0
0
0
0
0
0
0
0
-1
0
0
0
0
0
0
0
0
0
0
1
-1
0
0
-1
1
0
0
0
0
0
0
0
0
0
0
0
0
0
0
-1
0
0
0
0
0
0
0
-1
0
0
0
-1
0
0
-1
-1
0
0
0
0
0
1
1
-1
0
-1
0
0
0
0
0
0
0
0
1
0
0
0
0
-1
1
0
0
1
0
0
0
0
0
1
1
0
0
0
0
0
-1
0
-1
1
0
1
0
0
1
0
0
1
0
0
0
1
-1
-1
1
0
0
0
-1
0
0
1
0
0
0
0
0
0
-1
0
0
0
-1
0
0
1
1
-1
0
0
0
0
0
0
0
0
0
-1
1
0
0
1
0
0
0
0
1
-1
0
0
0
0
-1
1
0
0
-1
0
0
0
0
0
-1
0
-1
1
0
0
1
0
0
0
0
0
0
0
0
-1
0
0
0
1
0
1
0
0
0
0
-1
0
0
1
1
0
0
0
-1
-1
0
0
0
-1
0
0
1
0
1
0
0
1
0
0
1
0
0
0
0
0
0
0
0
0
0
0
-1
1
0
0
0
0
0
0
0
0
0
0
-1
0
-1
0
0
0
0
0
-1
0
0
0
1
0
0
0
0
0
0
0
0
0
-1
1
1
-1
0
0
0
0
0
0
0
0
0
0
0
0
0
-1
0
0
0
0
0
0
0
0
-1
0
0
0
0
-1
0
-1
0
0
0
0
0
-1
0
0
-1
0
0
0
1
0
0
0
0
0
0
1
0
0
0
0
0
1
0
0
0
1
1
0
0
0
0
0
0
0
0
1
1
1
0
0
-1
0
0
0
-1
-1
0
0
0
0
0
0
0
0
0
0
0
0
0
0
0
0
0
0
0
0
0
1
1
1
0
-1
0
0
0
0
0
0
1
-1
-1
0
0
0
0
0
1
0
-1
0
0
0
0
0
0
0
0
-1
0
0
0
0
1
0
0
0
0
0
-1
1
1
0
0
0
0
1
0
0
0
0
0
0
0
0
0
0
0
0
1
0
0
0
0
0
0
1
0
0
0
0
0
0
0
0
0
0
1
0
-1
0
0
0
0
-1
0
0
0
0
0
0
-1
0
0
-1
0
0
0
-1
1
0
0
0
0
0
0
0
0
0
0
0
0
0
-1
0
-1
0
0
0
0
0
0
0
0
0
1
0
0
0
0
0
0
0
0
0
0
0
1
0
0
0
0
0
0
0
0
0
-1
0
0
1
0
0
0
0
0
0
0
1
0
0
0
0
0
0
-1
0
1
0
0
0
0
0
0
0
0
-1
0
0
0
0
0
0
0
0
1
0
-1
0
1
0
0
-1
0
0
0
0
-1
0
0
0
0
1
0
0
0
0
0
0
0
0
-1
0
0
0
0
0
0
0
0
0
1
0
0
0
0
0
1
0
0
1
0
1
-1
0
0
0
0
0
0
0
0
-1
0
-1
-1
0
0
0
0
0
0
0
0
0
0
-1
0
-1
0
0
0
0
0
0
-1
0
0
0
0
0
0
0
0
0
0
0
0
0
0
0
0
0
1
1
0
-1
0
0
0
0
0
0
0
0
0
0
0
0
0
0
0
0
1
0
0
0
0
0
1
0
0
0
0
0
0
0
-1
-1
0
0
0
0
0
-1
-1
0
0
0
-1
1
0
0
-1
0
0
0
0
0
0
0
0
0
0
0
0
0
0
0
0
1
0
0
-1
0
0
0
0
0
0
1
0
0
-1
-1
0
0
0
0
-1
0
0
0
0
0
1
0
0
1
0
1
0
0
0
0
0
0
-1
0
0
0
0
0
0
1
0
0
0
0
0
0
-1
-1
0
-1
0
0
0
0
0
0
0
0
0
0
0
0
0
0
-1
0
0
0
0
1
0
0
0
0
0
0
0
0
0
0
-1
1
-1
0
0
0
0
0
0
0
0
1
0
1
0
0
0
1
-1
0
0
0
0
0
0
0
0
0
0
-1
0
0
0
0
1
1
0
1
0
0
0
0
0
0
0
0
0
0
-1
-1
-1
-1
0
0
0
0
0
-1
0
0
0
0
0
-1
0
-1
0
1
0
0
1
0
0
-1
0
-1
0
0
0
-1
0
1
-1
0
0
0
0
-1
0
1
0
-1
1
1
0
1
-1
0
0
1
0
0
-1
1
0
0
1
0
0
0
0
1
0
0
0
0
1
0
-1
0
-1
0
1
0
1
-1
0
1
0
0
0
0
0
-1
0
0
0
0
0
0
0
0
0
0
-1
0
1
0
1
0
-1
0
0
1
0
0
0
0
0
0
-1
0
-1
0
0
0
0
0
0
0
1
0
1
0
0
0
0
0
-1
0
0
0
0
0
-1
0
0
0
0
0
0
1
0
0
0
0
1
0
0
0
0
0
0
0
0
0
-1
0
1
0
0
0
0
0
0
0
0
0
0
0
0
0
0
0
-1
1
0
0
0
-1
0
0
0
1
0
0
0
-1
0
0
0
0
1
1
0
1
0
0
-1
0
-1
0
0
0
0
0
0
0
0
0
0
0
0
0
1
0
0
0
0
0
0
0
0
0
0
0
0
0
0
0
0
0
0
1
0
0
0
1
0
0
0
0
0
0
0
0
1
1
0
0
1
0
0
0
0
0
1
0
0
-1
1
0
-1
-1
0
0
0
0
0
1
0
1
0
0
0
1
0
-1
0
-1
0
0
-1
0
0
0
-1
0
0
0
0
0
0
0
0
1
-1
0
0
0
0
-1
0
0
0
0
0
1
0
0
0
0
0
0
0
0
1
1
0
0
0
0
0
0
0
0
0
1
0
-1
0
0
0
0
0
0
0
0
0
0
1
0
1
1
1
0
0
0
0
0
0
0
0
0
0
0
0
-1
0
0
0
-1
0
-1
0
0
0
0
0
0
0
-1
1
0
1
0
0
0
0
1
1
0
-1
0
1
-1
0
0
0
0
0
0
0
0
0
0
0
0
0
1
-1
0
0
0
0
0
0
0
-1
0
-1
0
0
0
0
0
-1
0
1
0
0
0
1
0
0
0
0
0
0
0
0
0
0
0
0
0
0
1
0
1
0
-1
-1
-1
0
0
0
0
0
0
0
-1
0
0
1
-1
0
1
0
0
0
0
0
0
0
-1
0
0
0
0
0
0
0
0
0
0
0
0
0
0
0
0
0
0
0
0
0
0
1
0
1
0
0
0
1
0
0
-1
1
0
-1
0
0
-1
0
0
0
0
-1
0
0
0
0
1
0
0
0
1
0
0
1
-1
0
0
0
0
0
0
-1
0
1
0
0
0
1
-1
0
0
0
-1
0
0
0
-1
0
1
0
-1
0
0
-1
-1
0
0
0
0
-1
-1
-1
0
0
0
0
0
0
0
0
0
1
0
-1
0
1
0
1
0
0
0
-1
0
0
0
0
0
0
-1
1
0
0
0
0
1
0
0
0
-1
0
1
0
0
0
0
0
0
0
0
0
0
-1
1
-1
0
1
0
0
0
0
0
0
0
0
0
0
0
0
0
0
0
1
0
0
0
0
-1
1
0
0
0
0
0
0
0
0
0
0
0
0
-1
0
0
0
-1
0
0
1
1
0
0
0
0
-1
0
1
0
-1
0
0
0
0
-1
0
0
0
0
0
-1
-1
0
0
0
0
1
0
0
0
0
-1
0
0
0
0
0
0
0
0
1
0
-1
0
0
-1
0
0
0
0
0
0
0
0
0
0
0
1
0
0
0
0
-1
-1
0
-1
0
0
0
-1
0
0
0
0
1
1
-1
0
0
-1
-1
0
0
-1
0
0
-1
0
0
-1
1
-1
0
0
-1
0
0
0
0
0
0
0
1
0
0
-1
1
1
0
0
0
0
0
0
0
0
0
1
0
0
0
0
0
0
-1
0
0
-1
0
0
1
0
0
1
0
0
0
1
0
0
0
0
0
0
1
-1
0
0
0
1
0
-1
0
0
0
0
0
-1
0
0
0
0
1
0
0
1
0
0
0
1
0
0
0
0
0
1
0
0
0
0
0
0
0
1
0
0
0
0
-1
0
0
-1
-1
0
-1
0
0
0
1
1
0
0
0
-1
1
0
0
0
0
1
0
1
0
0
1
1
0
0
0
0
0
-1
0
0
0
-1
0
0
1
0
0
0
0
1
0
1
0
0
0
0
-1
0
0
0
0
0
-1
0
0
0
1
1
0
0
-1
0
0
1
0
0
-1
1
0
0
0
0
-1
0
0
0
0
0
0
0
0
0
0
0
1
0
0
0
-1
0
1
0
0
1
-1
0
-1
-1
0
0
0
0
0
0
0
0
-1
0
-1
1
0
1
1
0
0
0
0
0
0
0
0
0
0
0
0
0
0
1
0
-1
0
0
0
0
0
0
-1
0
0
-1
0
0
0
0
0
0
0
1
1
0
0
0
0
0
0
0
-1
0
0
0
0
0
0
-1
-1
0
0
0
0
0
1
0
1
-1
0
0
-1
0
0
0
1
0
0
0
0
0
0
0
1
0
1
0
0
0
-1
-1
0
0
0
0
1
0
-1
0
0
0
0
1
0
-1
0
0
0
0
0
1
0
0
0
0
0
0
0
0
0
0
1
0
0
0
0
0
0
0
0
0
0
0
0
0
-1
-1
0
0
0
0
0
0
-1
0
0
-1
0
0
0
0
0
0
0
0
0
0
0
0
0
0
0
0
0
-1
0
0
1
0
0
-1
1
0
0
0
0
0
0
0
0
0
0
-1
1
0
0
-1
0
0
0
1
0
-1
0
0
0
0
0
0
0
1
-1
0
-1
0
-1
-1
0
0
0
1
0
0
0
0
0
1
0
-1
-1
0
0
0
0
0
0
0
-1
0
-1
0
1
0
0
0
0
1
0
0
0
0
0
-1
-1
0
0
0
0
-1
0
1
0
1
0
0
0
0
-1
0
0
0
-1
0
0
0
0
0
0
0
0
-1
0
0
0
1
0
1
0
-1
0
1
0
0
-1
0
0
0
0
0
0
1
0
1
0
0
0
0
0
1
0
1
0
0
0
1
0
0
0
0
0
-1
0
0
0
0
0
0
0
0
0
-1
0
0
0
0
0
0
0
0
0
0
1
0
1
0
0
1
0
0
1
0
0
1
0
0
1
0
0
0
0
0
0
0
0
0
0
0
1
0
0
-1
0
0
-1
0
-1
0
0
1
1
0
0
0
-1
0
0
0
0
0
0
1
0
0
-1
0
0
0
0
-1
0
1
0
0
0
0
0
-1
0
0
0
0
0
0
0
1
0
0
0
0
0
-1
0
0
0
0
0
1
0
0
0
0
0
0
0
1
0
-1
0
-1
1
0
0
0
0
-1
0
-1
0
0
0
0
-1
1
0
0
0
1
0
-1
0
1
1
0
-1
0
0
0
0
0
0
0
0
-1
0
0
0
0
1
-1
0
0
-1
0
0
0
0
0
1
1
0
0
0
-1
-1
0
0
0
1
0
0
0
0
0
0
1
0
0
-1
0
0
1
0
0
0
0
0
1
0
0
-1
0
0
0
0
0
0
0
0
1
0
0
0
0
0
0
0
0
1
0
0
0
0
0
0
-1
0
0
0
0
1
0
0
1
0
0
0
1
-1
0
-1
0
0
0
1
0
0
0
0
0
0
1
0
0
0
0
0
0
0
0
0
-1
0
0
0
1
0
0
0
1
0
0
0
0
0
0
0
0
0
0
1
0
1
0
-1
0
0
-1
0
0
0
-1
0
0
0
-1
0
-1
1
-1
1
0
0
0
0
0
1
0
1
0
0
0
0
0
0
0
0
0
0
0
1
0
0
-1
0
0
0
0
0
0
0
0
0
0
-1
0
0
1
0
0
-1
0
0
0
0
0
0
0
0
-1
0
1
0
0
0
0
1
0
0
0
0
0
-1
0
0
-1
0
0
0
0
0
0
0
0
0
0
0
1
1
1
1
0
0
-1
1
0
0
0
0
0
0
0
0
0
0
0
0
1
0
0
1
0
1
0
0
1
0
0
0
0
1
0
0
-1
0
0
1
1
0
0
-1
0
-1
-1
0
0
0
1
1
0
-1
0
1
0
0
0
0
1
0
1
-1
0
1
0
0
0
-1
0
0
0
1
0
-1
0
-1
-1
0
0
1
0
0
0
1
1
0
0
1
1
-1
0
-1
0
0
0
1
0
0
0
0
-1
0
0
-1
0
0
-1
-1
1
0
0
0
0
-1
0
1
0
0
0
-1
1
0
1
0
1
-1
0
0
0
-1
0
0
0
0
0
0
0
0
0
0
0
0
0
0
0
0
0
1
0
0
0
0
1
0
0
0
0
0
0
0
0
0
0
0
0
0
0
0
0
0
0
0
0
1
0
0
0
0
-1
0
0
1
0
0
0
0
0
-1
0
0
0
0
0
0
-1
0
0
-1
0
0
0
-1
0
0
0
0
-1
0
0
0
0
0
0
0
0
0
0
0
0
0
0
0
-1
0
0
0
-1
0
-1
0
-1
0
0
0
0
1
0
0
0
0
-1
1
0
0
0
0
0
1
0
0
0
0
0
0
1
0
0
0
0
-1
0
-1
0
0
0
0
0
0
0
0
0
0
0
0
0
0
0
0
0
1
0
1
1
0
1
0
0
0
0
0
1
0
1
0
0
0
1
0
0
-1
0
0
1
0
-1
0
0
0
0
-1
-1
1
0
0
1
0
0
1
0
0
0
-1
1
0
0
0
0
0
0
-1
0
0
0
0
0
0
0
0
0
0
0
0
0
0
0
0
0
0
0
0
-1
0
-1
0
-1
0
0
0
0
0
-1
0
-1
1
0
0
0
0
0
-1
0
-1
0
-1
0
0
0
0
-1
0
-1
0
1
0
0
0
0
0
0
1
0
0
0
0
0
0
-1
0
0
0
0
0
0
0
0
1
0
1
1
0
0
0
0
0
0
0
0
0
0
1
0
1
0
0
0
0
0
0
0
1
0
0
0
1
0
1
1
0
0
0
0
-1
0
0
1
0
0
0
0
0
0
0
0
0
0
0
0
0
-1
0
0
0
0
0
0
0
0
0
-1
0
1
0
0
0
0
0
0
0
-1
1
0
0
0
1
0
1
0
0
0
0
0
0
0
-1
0
1
0
0
0
1
0
0
0
0
-1
1
1
0
0
1
0
0
0
0
0
0
0
0
-1
0
0
0
0
1
0
0
0
0
0
0
-1
-1
1
0
0
1
0
0
-1
0
-1
1
0
1
0
0
0
0
1
-1
0
0
0
0
0
0
0
0
0
0
0
0
0
0
-1
0
0
0
0
1
0
0
0
0
0
0
0
0
-1
0
0
0
-1
0
0
1
0
-1
0
0
0
0
1
1
1
0
0
-1
0
0
-1
0
0
0
0
-1
0
0
0
0
0
0
1
0
0
0
0
0
1
0
0
0
0
0
0
0
-1
1
-1
0
-1
0
0
0
0
-1
0
0
0
0
0
0
0
0
0
1
0
0
0
0
0
0
0
0
0
0
0
0
0
0
-1
0
0
0
1
0
0
0
0
-1
0
-1
0
1
0
0
1
0
0
0
0
0
0
0
0
0
0
1
-1
0
-1
0
0
-1
0
0
0
0
-1
0
0
0
0
0
1
0
0
0
0
0
0
0
-1
0
0
0
0
0
0
-1
0
0
0
0
0
0
-1
0
-1
0
0
0
0
1
0
0
0
0
0
0
0
0
0
0
0
0
1
0
0
0
0
1
0
-1
0
1
0
0
0
0
0
0
0
-1
-1
0
0
0
1
0
-1
0
0
-1
0
0
0
-1
0
0
1
0
0
0
0
0
0
1
0
0
0
0
1
0
0
0
1
1
0
0
0
0
0
0
1
0
1
0
0
0
1
0
0
0
-1
1
1
0
-1
0
0
0
0
0
0
0
0
0
0
0
1
0
1
0
0
0
0
0
-1
0
1
0
0
-1
0
-1
0
0
-1
0
0
0
0
0
0
0
0
0
0
0
0
0
0
0
0
0
0
0
0
0
0
0
0
0
0
0
0
0
0
0
0
0
-1
0
0
0
0
0
0
0
-1
0
0
0
0
0
0
0
0
0
0
0
0
0
0
0
0
0
0
0
0
0
0
1
-1
0
0
0
0
0
0
0
1
0
0
0
0
0
-1
0
0
0
0
0
0
0
0
0
0
-1
-1
-1
-1
0
-1
0
0
0
0
0
0
-1
-1
0
-1
0
0
0
-1
0
0
0
0
0
0
0
1
0
0
0
0
0
0
0
0
0
0
1
1
0
0
0
0
0
0
0
0
0
0
0
1
0
0
0
0
0
1
1
0
0
0
0
0
-1
0
0
0
0
0
0
1
0
0
1
0
0
0
1
0
0
1
0
1
1
0
0
0
0
0
0
0
0
0
0
1
0
1
1
-1
0
0
0
0
0
0
0
0
0
0
0
1
0
0
1
0
0
0
1
0
0
0
-1
0
0
0
0
0
0
0
0
0
0
1
0
0
0
-1
-1
0
0
0
0
0
0
0
0
0
0
-1
0
1
0
0
0
0
0
0
0
-1
0
1
0
0
0
0
-1
0
-1
-1
0
0
0
0
1
0
0
0
0
0
0
0
0
1
1
0
1
-1
0
0
0
0
0
0
0
0
0
0
0
0
0
0
0
0
0
0
0
0
0
0
0
0
0
0
0
0
-1
1
0
1
0
0
1
0
0
0
0
0
1
-1
0
0
0
0
0
1
0
0
-1
0
0
0
0
1
0
0
1
-1
-1
0
0
0
0
0
0
0
0
0
0
0
-1
0
0
0
1
0
0
0
0
1
0
-1
-1
0
0
0
-1
0
0
0
0
0
-1
0
0
0
0
-1
0
0
0
0
0
0
0
0
0
0
0
0
0
0
-1
0
0
0
0
0
0
0
0
0
1
0
-1
0
0
0
0
0
0
0
0
0
0
0
0
0
0
0
0
0
0
0
-1
0
0
0
0
0
0
0
0
0
0
0
0
0
1
0
0
0
0
0
0
0
1
0
0
0
1
1
0
0
0
-1
1
1
0
0
0
0
0
0
0
1
0
0
0
1
0
0
0
0
0
-1
0
0
0
0
0
0
0
0
0
0
-1
-1
-1
0
0
0
0
-1
0
0
0
0
0
0
0
0
0
1
0
1
0
0
0
0
0
0
1
-1
0
1
-1
0
0
0
0
0
0
0
-1
0
0
0
-1
0
-1
0
0
0
0
0
-1
0
0
0
0
0
0
-1
0
0
0
0
0
0
0
0
-1
-1
0
0
0
0
0
1
0
0
0
0
0
-1
0
0
0
0
0
0
0
0
0
1
0
1
0
0
1
-1
1
0
0
0
-1
-1
0
0
0
-1
0
-1
0
0
0
-1
0
0
0
0
1
0
0
0
0
0
0
1
0
1
0
0
0
0
0
0
1
0
0
0
1
1
0
0
0
0
0
0
0
0
-1
1
0
0
0
0
0
0
0
1
0
0
-1
0
0
0
-1
-1
0
0
1
0
-1
0
0
0
0
0
0
-1
-1
0
0
-1
1
0
1
0
0
0
0
0
0
1
0
0
0
-1
0
0
0
0
0
1
-1
0
0
0
0
0
0
0
0
0
1
0
0
0
0
0
0
-1
0
0
-1
0
0
-1
0
0
0
0
0
0
0
0
1
0
0
-1
1
0
0
-1
-1
0
0
0
1
-1
0
0
0
-1
1
0
0
0
1
-1
0
0
0
0
0
0
0
0
0
0
0
-1
0
0
0
0
0
0
0
0
0
0
1
-1
0
0
-1
1
0
0
0
0
0
0
0
0
0
0
0
0
0
0
-1
0
0
0
0
0
0
0
-1
0
0
0
-1
0
0
-1
-1
0
0
0
0
0
1
1
-1
0
-1
0
0
0
0
0
0
0
0
1
0
0
0
0
-1
1
0
0
1
0
0
0
0
0
1
1
0
0
0
0
0
-1
0
-1
1
0
1
0
0
1
0
0
1
0
0
0
1
-1
-1
1
0
0
0
-1
0
0
1
0
0
0
0
0
0
-1
0
0
0
-1
0
0
1
1
-1
0
0
0
0
0
0
0
0
0
-1
1
0
0
1
0
0
0
0
1
-1
0
0
0
0
-1
1
0
0
-1
0
0
0
0
0
-1
0
-1
1
0
0
1
0
0
0
0
0
0
0
0
-1
0
0
0
1
0
1
0
0
0
0
-1
0
0
1
1
0
0
0
-1
-1
0
0
0
-1
0
0
1
0
1
0
0
1
0
0
1
0
0
0
0
0
0
0
0
0
0
0
-1
1
0
0
0
0
0
0
0
0
0
0
-1
0
-1
0
0
0
0
0
-1
0
0
0
1
0
0
0
0
0
0
0
0
0
-1
1
1
-1
0
0
0
0
0
0
0
0
0
0
0
0
0
-1
0
0
0
0
0
0
0
0
-1
0
0
0
0
-1
0
-1
0
0
0
0
0
-1
0
0
-1
0
0
0
1
0
0
0
0
-1
0
1
0
0
0
0
-1
0
-1
0
1
3
4
2
1
0
-1
-1
0
0
1
2
2
1
0
0
-1
0
0
0
-1
-1
0
0
0
1
1
0
-1
-1
-1
0
1
2
3
2
1
0
-1
0
1
1
1
2
1
0
-2
-2
-1
0
1
1
1
1
2
-1
0
1
1
1
1
1
2
0
-1
0
0
0
0
0
0
0
0
-1
0
0
0
0
1
0
0
0
0
0
-1
1
1
0
0
0
0
1
0
0
0
0
0
0
0
0
0
0
0
0
1
0
0
0
0
0
0
1
0
0
0
0
0
0
0
0
0
0
1
0
-1
0
0
0
0
-1
0
0
0
0
0
0
-1
0
0
-1
0
0
0
-1
1
0
0
0
0
0
0
0
0
0
0
0
0
0
-1
0
-1
0
0
0
0
0
0
0
0
0
1
0
0
0
0
0
0
0
0
0
0
0
1
0
0
0
0
0
0
0
0
0
-1
0
0
1
0
0
0
0
0
0
0
1
0
0
0
0
0
0
-1
0
1
0
0
0
0
0
0
0
0
-1
0
0
0
0
0
0
0
0
1
0
-1
0
1
0
0
-1
0
0
0
0
-1
0
0
0
0
1
0
0
0
0
0
0
0
0
-1
0
0
0
0
0
0
0
0
0
1
0
0
0
0
0
1
0
0
1
0
1
-1
0
0
0
0
0
0
0
0
-1
0
-1
-1
0
0
0
0
0
0
0
0
0
0
-1
0
-1
0
0
0
0
0
0
-1
0
0
0
0
0
0
0
0
0
0
0
0
0
0
0
0
0
1
1
0
-1
0
0
0
0
0
0
0
0
0
0
0
0
0
0
0
0
1
0
0
0
0
0
1
0
0
0
0
0
0
0
-1
-1
0
0
0
0
0
-1
-1
0
0
0
-1
1
0
0
-1
0
0
0
0
0
0
0
0
0
0
0
0
0
0
0
0
1
0
0
-1
0
0
0
0
0
0
1
0
0
-1
-1
0
0
0
0
-1
0
0
0
0
0
1
0
0
1
0
1
0
0
0
0
0
0
-1
0
0
0
0
0
0
1
0
0
0
0
0
0
-1
-1
0
-1
0
0
0
0
0
0
0
0
0
0
0
0
0
0
-1
0
0
0
0
1
0
0
0
0
0
0
0
0
0
0
-1
1
-1
0
0
0
0
0
0
0
0
1
0
1
0
0
0
1
-1
0
0
0
0
0
0
0
0
0
0
-1
0
0
0
0
1
1
0
1
0
0
0
0
0
0
0
0
0
0
-1
-1
-1
-1
0
0
0
0
0
-1
0
0
0
0
0
-1
0
-1
0
1
0
0
1
0
0
-1
0
-1
0
0
0
-1
0
1
-1
0
0
0
0
-1
0
1
0
-1
1
1
0
1
-1
0
0
1
0
0
-1
1
0
0
1
0
0
0
0
1
0
0
0
0
1
0
-1
0
-1
0
1
0
1
-1
0
1
0
0
0
0
0
-1
0
0
0
0
0
0
0
0
0
0
-1
0
1
0
1
0
-1
0
0
1
0
0
0
0
0
0
-1
0
-1
0
0
0
0
0
0
0
1
0
1
0
0
0
0
0
-1
0
0
0
0
0
-1
0
0
0
0
0
0
1
0
0
0
0
1
0
0
0
0
0
0
0
0
0
-1
0
1
0
0
0
0
0
0
0
0
0
0
0
0
0
0
0
-1
1
0
0
0
-1
0
0
0
1
0
0
0
-1
0
0
0
0
1
1
0
1
0
0
-1
0
-1
0
0
0
0
0
0
0
0
0
0
0
0
0
1
0
0
0
0
0
0
0
0
0
0
0
0
0
0
0
0
0
0
1
0
0
0
1
0
0
0
0
0
0
0
0
1
1
0
0
1
0
0
0
0
0
1
0
0
-1
1
0
-1
-1
0
0
0
0
0
1
0
1
0
0
0
1
0
0
1
0
1
0
-2
-1
-1
0
1
1
0
0
0
-3
-4
-2
-2
-1
-3
-3
-3
-1
-6
-11
-7
-4
-4
-2
2
1
-4
-1
2
4
9
11
6
1
2
1
-1
1
3
0
-2
0
4
5
4
1
2
6
9
9
11
18
24
27
27
21
21
27
24
12
11
22
30
20
10
5
-12
-15
1
-6
-19
-6
-1
-16
-19
-15
-14
-10
-2
-2
-2
5
15
10
3
14
22
12
8
14
15
5
-6
-27
-45
-32
-3
0
-27
-55
-68
-61
-52
-59
-50
-11
13
-12
-33
-17
3
6
15
26
22
16
20
21
-1
-17
-4
13
-3
-26
-6
29
35
30
24
3
-21
-4
35
40
8
-14
-3
5
-14
-30
-26
-43
-77
-67
-21
-10
-43
-54
-26
12
14
-19
-15
47
86
79
83
100
89
62
43
16
-11
-8
-3
-16
2
24
-7
-43
-40
-40
-38
2
53
56
15
-32
-58
-32
8
-14
-64
-73
-45
-11
22
32
14
11
34
31
15
24
34
48
73
69
40
27
26
11
-16
-33
-43
-39
-9
-5
-45
-70
-49
-21
-7
14
50
63
50
25
-9
-30
-29
-45
-37
0
25
23
12
22
17
-5
-18
-14
9
21
27
29
7
-17
0
44
57
39
12
-9
1
9
-21
-35
4
35
30
13
-7
-25
-23
-17
-15
-27
-45
-50
-30
-29
-56
-53
1
53
75
89
104
91
51
10
-25
-38
-6
20
-4
-21
-17
-50
-93
-92
-73
-57
-39
-46
-76
-86
-59
-25
-12
-15
-36
-86
-118
-107
-108
-160
-243
-293
-286
-238
-182
-160
-188
-198
-90
57
7
-284
-497
-337
-34
-120
-675
-1098
-884
-411
-472
-1081
-1315
-608
358
578
159
94
777
1497
1490
1045
1063
1792
2575
2771
2490
2343
2558
2812
2840
2627
2328
2166
2292
2384
1654
292
-570
-721
-729
-1189
-2068
-2699
-3442
-4480
-5014
-5955
-8385
-11792
-14684
-12710
-3260
6568
6416
-3079
-10683
-9342
-1222
9165
16057
14716
7523
635
-860
4794
12073
13418
9160
4761
1990
-327
-1412
-1210
-2115
-3850
-4179
-4028
-5534
-8589
-11162
-10579
-6219
-894
1758
-291
-5586
-8727
-5797
946
6532
8388
6555
2336
-667
1370
6313
8899
8605
7032
4216
1822
1842
2487
1385
25
289
625
-228
-1400
-3055
-5405
-6391
-4404
-1272
-273
-2019
-4358
-5558
-5085
-2779
474
2250
1170
-703
-938
-21
1215
2938
3887
2971
1975
2278
2444
1707
1302
1359
945
529
704
302
-1482
-3233
-3454
-2536
-1504
-796
-899
-2150
-3580
-3640
-2094
-104
1206
1448
845
160
396
1687
2957
3285
2979
2656
2312
1908
1684
1493
1019
598
589
432
-394
-1375
-2002
-2466
-2612
-2055
-1445
-1663
-2362
-2768
-2661
-1958
-834
13
187
-44
-258
-14
834
1690
2003
1953
1745
1372
1161
1307
1369
1085
802
696
488
32
-605
-1325
-1829
-1762
-1332
-1142
-1338
-1652
-2028
-2388
-2228
-1401
-628
-411
-388
-256
-98
228
805
1187
1248
1530
2049
2197
2009
2006
1991
1462
789
695
947
764
110
-318
-273
-142
-102
-89
-401
-1154
-1611
-1084
-46
582
638
461
253
351
1343
3025
3940
3204
2065
2124
3003
3365
2871
1902
766
-123
-447
-328
-318
-1210
-3204
-5138
-5931
-6222
-7364
-10000
-13432
-14464
-9205
447
5647
923
-7862
-10705
-4929
4609
12362
14808
10760
3433
-448
3029
10499
14871
12896
7516
2925
437
-65
1093
1866
123
-2891
-4660
-5680
-7619
-9477
-9132
-6580
-3356
-1119
-1853
-6077
-9988
-8518
-2062
4068
6371
4937
904
-2713
-1480
4522
9797
10744
8509
4949
1708
1280
3820
5777
5054
3430
2263
579
-1537
-2445
-2305
-2621
-2959
-2231
-1854
-3560
-5978
-6740
-5751
-4017
-2005
-765
-1723
-3920
-4569
-2890
-381
1937
3273
2427
380
47
1758
3265
3918
4236
3573
2047
1444
1924
1714
563
-123
-59
-87
-412
-843
-1767
-3136
-3632
-2462
-890
-526
-1246
-2060
-2472
-2123
-775
744
1139
462
-12
332
981
1411
1545
1435
1273
1278
1304
1135
957
907
681
229
57
321
506
286
-143
-565
-753
-434
165
465
348
11
-406
-505
111
962
1191
816
560
776
1284
1753
1920
1801
1751
1995
2361
2588
2339
1333
160
-67
467
532
-66
-775
-1674
-2660
-3086
-3056
-3301
-4051
-5218
-6978
-9795
-12861
-12201
-4820
4093
5410
-1504
-8293
-8383
-1901
6918
12750
12494
7313
1188
-1116
3018
10228
13790
11526
6762
2451
-478
-983
945
2682
1744
-1180
-3946
-6068
-7977
-8713
-6958
-3530
-946
-1119
-4100
-7819
-9012
-5919
-265
4136
4621
1605
-1895
-2615
347
4989
8374
8798
6492
3374
1875
2754
4468
5378
5116
3790
1908
552
-45
-654
-1243
-1244
-1191
-1889
-3141
-4467
-5475
-5502
-4407
-3193
-2884
-3555
-4534
-4908
-4106
-2334
-372
903
1026
374
-38
542
1994
3582
4486
4173
2867
1613
1352
2003
2787
2931
2068
552
-821
-1580
-1628
-1130
-857
-1483
-2481
-3069
-3302
-3205
-2517
-1741
-1460
-1174
-457
-18
-265
-376
391
1669
2625
2821
2372
1815
1773
2397
3136
3316
2755
1764
820
429
681
1082
1158
910
448
-180
-585
-318
282
433
138
107
542
971
1134
1150
1095
965
804
610
336
-1
-454
-1148
-2000
-2765
-3610
-5266
-8229
-11573
-12333
-7615
607
4905
431
-8173
-11755
-6737
2640
9753
10812
6379
304
-2462
1008
8396
13277
11896
6914
2863
1296
1817
3606
4646
3060
-152
-2504
-3471
-4148
-4690
-4357
-3070
-1554
-1071
-2959
-6640
-8815
-6869
-2235
1342
1707
-693
-3852
-5093
-2598
2486
6488
6761
4001
909
-113
1714
4947
6977
6514
4294
1740
328
931
2551
3147
2109
421
-997
-1859
-2325
-2756
-2936
-2386
-1765
-2366
-4038
-5345
-5537
-4796
-3245
-1302
-307
-1165
-2825
-3314
-1881
597
2701
3383
2436
779
-15
901
2749
4042
4075
3021
1414
168
12
637
1248
1430
900
-368
-1586
-2012
-1930
-1794
-1478
-991
-768
-1012
-1593
-2277
-2449
-1439
303
1330
959
-82
-792
-691
318
1762
2592
2177
1119
583
928
1570
2036
2348
2406
1959
1427
1521
1957
1832
1206
966
1280
1576
1643
1471
878
217
175
538
645
547
439
48
-632
-1252
-1682
-1914
-1995
-2201
-2760
-3769
-5289
-7228
-9485
-11303
-10179
-4479
2070
2979
-2714
-8717
-8631
-1986
6416
11047
9737
4641
57
-348
4319
10831
13735
10805
5245
1184
-251
545
2835
4218
2446
-1271
-4154
-5582
-6177
-5707
-4152
-2576
-1911
-2497
-4526
-7109
-7735
-4812
-263
2368
1753
-690
-2861
-2922
-2
4295
6771
5920
3096
690
422
2501
5297
6571
5499
3067
910
297
1404
2935
3155
1697
-306
-1751
-2394
-2400
-2069
-1921
-2338
-3169
-4006
-4603
-4863
-4561
-3637
-2714
-2488
-2695
-2678
-2443
-2077
-1127
382
1558
1844
1543
1294
1663
2684
3564
3617
3100
2571
2218
2115
2272
2348
1988
1331
680
93
-386
-594
-639
-850
-1290
-1679
-1795
-1719
-1740
-1957
-2063
-1781
-1353
-1149
-1131
-1050
-813
-429
-4
299
592
1197
1946
2269
2136
2029
2095
2226
2611
3246
3592
3309
2694
2147
1822
1705
1671
1569
1437
1255
740
-85
-690
-883
-1033
-1262
-1451
-1779
-2336
-2860
-3406
-4256
-5361
-6809
-8965
-11056
-10702
-6353
-177
2683
-649
-6631
-8556
-3820
3982
9559
10284
6908
2406
467
3203
8931
13001
12190
7706
3114
841
1350
3542
4959
3461
-433
-4205
-6092
-6039
-4757
-3165
-2336
-2882
-4403
-6164
-7419
-7023
-4529
-1210
724
-97
-2597
-4140
-3147
109
3908
6042
5393
2732
365
435
3059
6301
7581
5976
3002
755
561
2358
4270
4262
2118
-644
-2341
-2568
-1879
-1055
-960
-1935
-3641
-5177
-5575
-4876
-3737
-2727
-2446
-2933
-3589
-3790
-3192
-1967
-470
867
1362
933
313
227
919
2124
3440
4197
3756
2610
1635
1132
1536
2873
3919
3438
1563
-462
-1441
-930
479
1332
723
-845
-2311
-3006
-2839
-1976
-971
-802
-1560
-2343
-2704
-2587
-1884
-841
21
257
-90
-365
-18
962
2140
2935
3120
2984
2922
3075
3438
4015
4570
4564
3809
2783
2094
1910
2037
2268
2330
1733
302
-1344
-2434
-2741
-2319
-1629
-1845
-3595
-5886
-7513
-8518
-9556
-10717
-10887
-8304
-3329
-44
-2023
-6998
-8910
-4883
2372
8177
9685
6950
2664
728
3507
9543
14277
13881
8993
3931
2112
3627
6506
8048
5978
748
-4243
-6121
-5064
-3126
-2142
-2728
-4328
-6116
-7729
-8804
-8499
-6347
-3435
-1867
-2726
-4885
-6162
-5126
-1804
2367
5073
4756
2210
139
869
4317
8033
9358
7658
4605
2586
2930
5168
7361
7441
4855
1115
-1495
-1825
-602
405
-88
-2061
-4585
-6603
-7289
-6501
-5187
-4638
-5219
-6249
-6806
-6333
-5020
-3569
-2343
-1284
-530
-298
-304
113
1417
3363
4943
5276
4532
3588
3186
3624
4625
5393
5336
4495
3186
1798
948
973
1418
1438
645
-727
-2124
-3034
-3300
-3118
-2723
-2414
-2678
-3614
-4454
-4386
-3470
-2262
-1216
-797
-1184
-1625
-1135
190
1453
2247
2733
3008
3123
3302
3692
4255
4928
5461
5382
4655
3852
3452
3401
3403
3180
2510
1371
42
-1088
-1756
-1925
-1947
-2480
-3792
-5331
-6410
-7102
-8112
-9987
-12208
-12713
-9448
-3731
-526
-3166
-8630
-10394
-5575
2523
8433
9238
5738
1352
250
4420
11346
15646
14121
8691
4007
3194
6002
9560
10307
6745
989
-3211
-4057
-2614
-1011
-806
-2370
-4875
-7073
-8318
-8592
-7845
-6144
-4453
-4233
-5752
-7496
-7673
-5565
-1803
1740
2925
1428
-689
-965
1421
5368
8502
8771
6364
3693
3067
4889
7830
9719
8847
5573
2197
665
989
2022
2535
1543
-1070
-4102
-6004
-6195
-5226
-4256
-4376
-5708
-7212
-7882
-7547
-6386
-4676
-3235
-2830
-3162
-3253
-2561
-1139
681
2330
3205
3175
2802
2898
3752
4922
5842
6221
5886
4911
3892
3493
3749
4044
3671
2413
816
-248
-505
-487
-761
-1413
-2335
-3354
-4121
-4371
-4178
-3793
-3582
-3847
-4305
-4313
-3774
-3022
-2159
-1321
-914
-818
-278
870
1914
2481
2921
3424
3818
4143
4592
5017
5142
5065
5042
5003
4657
4016
3504
3327
3054
2319
1420
737
122
-649
-1422
-1968
-2374
-2939
-3742
-4485
-4967
-5512
-6645
-8564
-10881
-12243
-10601
-5588
-658
-567
-5600
-10131
-8569
-1482
5723
8619
6666
2267
-702
1003
7060
13110
14493
10500
4832
1993
3481
7269
9956
8999
4449
-654
-2977
-2228
-617
157
-288
-1934
-4298
-6246
-7055
-6828
-5747
-4230
-3467
-4327
-6049
-7021
-6273
-3890
-1044
486
-59
-1548
-2236
-1233
1354
4406
5963
4890
2487
1336
2713
5613
7844
7712
5363
2692
1644
2608
4387
5247
4186
1691
-706
-1761
-1377
-466
-292
-1579
-3757
-5321
-5343
-4370
-3656
-3878
-4704
-5366
-5419
-4852
-3761
-2514
-1870
-2072
-2326
-1847
-758
399
1309
1885
2181
2336
2468
2750
3338
4053
4502
4507
4096
3397
2850
2956
3480
3512
2605
1236
86
-515
-518
-255
-466
-1525
-2901
-3839
-4111
-3861
-3334
-2978
-3176
-3784
-4277
-4159
-3275
-2101
-1367
-1163
-1101
-1064
-919
-169
1181
2343
2787
2721
2537
2485
2805
3537
4265
4390
3921
3459
3311
3241
3211
3419
3613
3285
2478
1693
1314
1402
1600
1299
422
-358
-600
-642
-873
-1335
-2048
-2878
-3403
-3672
-4462
-6330
-9041
-11317
-10701
-5937
-513
-403
-6454
-12179
-11152
-4055
3216
5974
3729
-871
-3894
-2125
4358
11238
13179
9028
3057
563
3178
8441
12161
11134
5780
267
-1442
614
3561
4951
3770
336
-3275
-4554
-3410
-2081
-2010
-2806
-4047
-5696
-6966
-6877
-5712
-4563
-3992
-4030
-4623
-5285
-5098
-3644
-1449
548
1409
790
-217
173
2376
5098
6940
7307
6308
4960
4725
5994
7694
8459
7651
5611
3487
2398
2491
2897
2525
946
-1252
-3015
-3758
-3748
-3767
-4440
-5715
-6897
-7303
-6863
-6121
-5707
-5822
-6116
-6010
-5209
-3952
-2793
-2092
-1690
-1161
-286
814
1879
2678
3160
3483
3906
4521
5098
5280
5059
4834
4881
4972
4716
4060
3360
2950
2619
1914
915
156
-319
-914
-1656
-2314
-2978
-3692
-4140
-4240
-4350
-4593
-4743
-4808
-4887
-4693
-4017
-3239
-2790
-2560
-2215
-1575
-618
449
1279
1694
1788
1849
2294
3331
4547
5166
4882
4241
4082
4661
5393
5508
4886
4063
3548
3376
3320
3101
2529
1722
1020
609
360
-36
-836
-1854
-2406
-2159
-1724
-1918
-2855
-3962
-4540
-4321
-3805
-3896
-5107
-7125
-9044
-9739
-8119
-4124
-317
-683
-5528
-9368
-6943
186
5860
6402
3091
-549
-1539
1402
7065
11631
11211
5997
956
854
5130
9269
9848
6539
1312
-2502
-2185
1314
3813
2853
-243
-3374
-5112
-4478
-2214
-899
-2165
-4353
-5157
-5085
-4988
-4062
-2458
-1635
-2158
-3088
-3337
-2811
-1480
432
1644
1664
1088
301
120
1566
4246
6236
6053
4394
2718
1991
3042
5451
7048
6105
3376
1193
624
1301
2521
2765
1109
-1407
-3309
-3830
-3217
-2455
-2338
-3321
-4974
-6045
-5904
-4921
-3942
-3676
-4073
-4573
-4497
-3685
-2711
-1924
-1364
-1036
-649
-75
641
1536
2291
2582
2616
2747
3156
3716
4142
4295
4140
3711
3179
2780
2676
2748
2676
2238
1427
431
-430
-857
-839
-715
-918
-1640
-2621
-3223
-3093
-2554
-2145
-2133
-2514
-2976
-2949
-2306
-1722
-1685
-1799
-1620
-1181
-648
-124
167
62
4
446
969
1258
1472
1570
1534
1408
1567
2626
3937
4052
2580
857
906
2680
4118
4065
2809
1340
532
623
1769
3052
2703
817
-801
-873
264
1240
1283
322
-1107
-1731
-1197
-424
-393
-1589
-3461
-5071
-5918
-5717
-5061
-5145
-5846
-5598
-4215
-4115
-5956
-6590
-4312
-1222
256
-87
-828
-1133
-749
1156
4282
6419
5755
3155
1822
3333
5899
7486
7337
5292
2344
812
2196
4863
5769
4258
1860
-181
-1150
-504
1082
1463
-405
-2822
-3851
-3629
-2996
-2264
-2139
-3209
-4450
-4583
-3958
-3265
-2461
-2003
-2475
-2959
-2321
-1191
-502
137
954
1201
986
1470
2686
3528
3820
4134
4253
3771
3297
3467
3949
4231
4081
3194
1743
713
607
803
699
163
-951
-2441
-3491
-3626
-3210
-2851
-2999
-3820
-4907
-5458
-5069
-4068
-3164
-2921
-3300
-3655
-3358
-2358
-1081
-81
272
196
352
1014
1877
2722
3406
3592
3356
3289
3552
3834
4086
4270
4048
3421
2800
2370
2081
1907
1696
1216
442
-449
-1200
-1600
-1698
-1765
-2049
-2646
-3430
-4026
-4098
-3684
-3136
-2814
-2887
-3224
-3429
-3116
-2260
-1323
-820
-690
-531
-182
375
1291
2451
3280
3365
2979
2827
3377
4340
4950
4895
4465
3876
3331
3385
4119
4515
3695
2184
1125
919
1173
1359
1004
-105
-1498
-2323
-2285
-1929
-1972
-2710
-4036
-5545
-6581
-6681
-6212
-5982
-5945
-5268
-4186
-4337
-5936
-6409
-3869
-355
906
-59
-852
-559
155
1498
3944
5924
5229
2587
1276
2885
5533
6677
5844
3987
2039
1077
2028
3983
4528
2821
607
-402
-174
696
1477
977
-1026
-2730
-2637
-1580
-992
-1059
-1683
-2863
-3611
-2917
-1603
-1128
-1474
-1886
-2171
-2066
-1186
-170
-13
-342
-160
364
626
913
1419
1537
1288
1568
2304
2460
2014
1832
1888
1656
1434
1614
1697
1260
709
408
174
-81
-203
-277
-546
-934
-1236
-1493
-1732
-1756
-1607
-1644
-1913
-2106
-2180
-2262
-2161
-1762
-1472
-1614
-1851
-1765
-1413
-1053
-742
-434
-208
-145
-104
158
638
1089
1295
1277
1267
1503
1927
2203
2155
1985
1932
1963
1952
1893
1781
1500
1044
640
425
232
-13
-85
-19
-319
-1139
-1845
-1838
-1330
-969
-1069
-1426
-1698
-1774
-1703
-1397
-785
-217
-196
-541
-509
56
650
1068
1418
1624
1602
1575
1803
2169
2428
2565
2566
2400
2268
2341
2385
2093
1665
1471
1329
950
516
76
-631
-1548
-2258
-2547
-2544
-2476
-2699
-3507
-4481
-4773
-4209
-3428
-3029
-3072
-3390
-3690
-3377
-2132
-639
-8
-443
-988
-757
240
1512
2439
2498
1834
1243
1440
2401
3386
3637
2994
2037
1613
2032
2836
3174
2564
1511
833
772
1067
1283
1081
327
-747
-1389
-1149
-546
-407
-995
-1835
-2317
-2293
-1905
-1492
-1406
-1624
-1903
-1969
-1634
-988
-358
-147
-349
-423
-107
386
870
1228
1334
1149
930
994
1187
1242
1279
1384
1337
935
404
236
440
615
541
208
-324
-858
-1046
-737
-402
-565
-1023
-1372
-1591
-1657
-1396
-980
-877
-1166
-1459
-1435
-1081
-610
-304
-273
-370
-326
-5
460
803
927
984
1117
1329
1569
1780
1923
2027
2169
2372
2565
2636
2602
2604
2682
2713
2613
2465
2368
2273
1993
1521
1170
1111
1020
554
-98
-586
-986
-1499
-2057
-2709
-3845
-5500
-6809
-6630
-4725
-2590
-2646
-5460
-8207
-7668
-4175
-842
201
-973
-3177
-4569
-3243
737
4388
4499
1357
-1433
-1007
2055
5196
6416
5051
1959
-387
379
3761
6459
5948
3075
568
146
1771
4171
5236
3560
385
-1401
-573
1424
2539
1877
-171
-2287
-3021
-2074
-596
-50
-998
-2802
-4069
-3836
-2601
-1641
-1518
-1919
-2475
-2837
-2491
-1434
-489
-294
-507
-479
-179
147
608
1254
1609
1421
1163
1236
1498
1812
2109
2105
1727
1367
1248
1218
1210
1193
937
368
-118
-211
-102
-103
-312
-717
-1281
-1727
-1657
-1199
-963
-1179
-1638
-2116
-2246
-1732
-923
-565
-877
-1347
-1451
-1111
-467
183
430
202
-65
72
559
1019
1278
1360
1248
1050
1066
1331
1529
1409
1051
813
965
1267
1142
531
154
350
489
163
-183
-181
-137
-402
-728
-656
-303
-153
-324
-479
-428
-393
-386
-22
612
840
525
328
653
1136
1327
1392
1643
1837
1704
1531
1645
1874
1866
1590
1197
742
357
62
-420
-1065
-1491
-1617
-1805
-2297
-2798
-3064
-3255
-3312
-3083
-2858
-2915
-3083
-2985
-2524
-2008
-1664
-1462
-1254
-888
-455
-83
302
606
671
692
1008
1591
2039
2061
1801
1592
1656
2017
2470
2603
2177
1497
1142
1259
1498
1508
1229
727
139
-260
-245
-19
-81
-637
-1328
-1684
-1636
-1462
-1398
-1455
-1543
-1613
-1618
-1477
-1177
-853
-679
-649
-579
-336
30
371
603
720
792
926
1126
1267
1244
1150
1156
1264
1335
1309
1225
1064
767
446
321
416
463
236
-216
-637
-819
-755
-601
-538
-688
-1040
-1345
-1312
-977
-650
-555
-650
-644
-312
170
568
954
1322
1499
1688
2147
2594
2787
2907
2933
2762
2651
2661
2484
2106
1649
919
-96
-1108
-2141
-3326
-4276
-4384
-3579
-2710
-3186
-5375
-7394
-6867
-4008
-1553
-1453
-2991
-4335
-4378
-2727
227
2596
2291
-118
-1599
-306
2536
4640
4881
3469
1475
570
1897
4516
5906
4728
2385
1182
1796
3270
4374
4175
2436
322
-314
902
2274
2131
605
-1077
-2097
-2143
-1244
-326
-720
-2359
-3670
-3672
-2917
-2292
-2151
-2473
-2959
-3081
-2572
-1742
-1109
-878
-864
-794
-500
78
790
1277
1371
1287
1269
1360
1577
1898
2102
1988
1639
1271
1011
885
884
875
622
65
-533
-809
-761
-749
-1028
-1461
-1842
-2120
-2189
-1935
-1617
-1622
-1885
-2048
-1993
-1738
-1232
-629
-322
-469
-752
-716
-208
552
1196
1392
1070
649
735
1391
2063
2309
2123
1711
1351
1322
1637
2020
2139
1828
1266
888
950
1245
1367
1103
568
119
89
429
707
550
70
-285
-239
36
189
89
-130
-289
-287
-138
38
71
-117
-373
-416
-177
71
6
-355
-704
-816
-723
-602
-679
-1157
-1956
-2558
-2459
-1794
-1326
-1648
-2526
-3152
-2940
-1993
-949
-538
-981
-1682
-1789
-1051
81
962
1122
561
-100
-52
886
2019
2460
2028
1317
981
1223
1829
2324
2238
1592
991
922
1285
1676
1761
1413
842
489
534
710
709
525
282
60
-72
-135
-264
-469
-615
-672
-750
-896
-1096
-1331
-1476
-1378
-1139
-1083
-1265
-1404
-1317
-1101
-870
-663
-607
-770
-890
-661
-215
35
-51
-231
-246
-24
342
607
557
321
234
433
785
1056
1017
686
443
567
840
931
836
695
532
398
407
510
498
282
4
-131
-52
134
249
211
71
-31
101
536
964
1000
735
593
734
995
1221
1340
1272
1032
813
776
816
720
451
41
-545
-1201
-1711
-2107
-2484
-2610
-2337
-1997
-1895
-2023
-2453
-3076
-3080
-1875
-295
253
-461
-1512
-2000
-1486
-24
1455
1659
438
-870
-984
31
1144
1473
898
2
-478
-256
377
882
915
650
604
934
1182
1008
710
733
1112
1624
1975
1793
979
152
201
1177
2087
1970
895
-263
-709
-252
685
1272
856
-323
-1236
-1149
-294
587
901
430
-497
-1105
-848
18
675
522
-264
-932
-960
-501
-25
104
-217
-764
-1076
-878
-399
-155
-380
-763
-885
-739
-582
-489
-429
-500
-669
-625
-310
-139
-348
-553
-377
-34
107
65
12
-56
-93
98
449
599
422
210
207
352
511
620
597
404
195
181
341
442
345
150
-1
-113
-192
-149
-33
-94
-330
-410
-262
-178
-233
-245
-223
-251
-215
-61
27
-50
-158
-146
-29
86
112
39
-82
-128
-22
127
127
-12
-160
-266
-279
-122
79
97
-53
-168
-126
33
204
305
342
365
401
486
658
841
904
871
888
981
1060
1084
1081
1049
985
932
914
890
795
607
395
257
147
-42
-233
-274
-261
-430
-769
-1025
-1094
-1095
-1114
-1107
-1071
-1109
-1239
-1296
-1172
-1006
-987
-1056
-1046
-981
-966
-938
-820
-720
-737
-806
-839
-818
-700
-483
-316
-323
-384
-311
-135
-6
75
189
258
211
214
426
679
729
593
479
520
674
833
943
967
836
618
573
829
1116
1123
890
663
577
640
806
947
923
733
524
444
526
656
675
569
450
345
213
119
107
79
-14
-73
-76
-173
-373
-465
-355
-229
-247
-325
-348
-351
-367
-334
-264
-255
-309
-313
-233
-158
-161
-226
-299
-343
-319
-210
-110
-172
-377
-511
-440
-257
-126
-153
-366
-629
-698
-531
-362
-357
-460
-622
-829
-922
-775
-533
-416
-479
-662
-842
-818
-533
-211
-102
-209
-349
-333
-89
286
582
636
469
295
342
633
946
1047
909
691
538
512
618
752
738
535
336
287
316
295
245
232
234
186
83
11
33
96
100
42
-13
-37
-34
13
105
177
173
133
160
278
400
451
467
510
547
543
574
650
638
521
503
654
764
695
545
398
232
80
62
163
168
-59
-381
-620
-795
-968
-1071
-1107
-1203
-1368
-1478
-1509
-1523
-1514
-1461
-1415
-1391
-1307
-1136
-982
-885
-767
-619
-563
-596
-542
-336
-129
-39
-20
-2
73
220
359
380
309
284
391
620
859
947
811
612
606
849
1116
1185
1054
863
731
741
892
1043
1007
747
424
249
318
525
643
527
216
-78
-147
42
277
320
178
47
37
106
205
317
347
219
33
-21
72
160
130
11
-145
-309
-419
-423
-385
-416
-534
-684
-827
-930
-946
-901
-862
-856
-888
-966
-1043
-1000
-830
-664
-605
-631
-672
-659
-530
-309
-123
-65
-101
-116
-23
167
344
393
328
269
314
452
602
669
620
528
515
615
749
805
737
596
471
446
534
644
652
512
319
211
251
380
483
461
286
60
-50
15
137
189
148
16
-164
-257
-193
-96
-118
-237
-350
-412
-431
-393
-326
-311
-388
-466
-465
-411
-368
-338
-311
-318
-354
-353
-276
-171
-136
-178
-187
-96
28
84
70
37
10
19
95
197
258
232
144
80
105
211
317
339
262
152
101
134
212
274
258
154
35
-27
-41
-41
-33
-29
-49
-99
-155
-205
-238
-224
-155
-79
-68
-133
-209
-227
-174
-70
29
75
44
-14
-28
33
122
170
163
142
146
160
166
155
120
80
88
162
213
142
-17
-114
-56
89
172
120
-26
-160
-188
-85
73
153
73
-103
-209
-162
-33
55
56
-6
-77
-102
-59
21
80
84
36
-22
-39
-9
38
72
69
15
-60
-96
-67
-7
37
27
-55
-172
-235
-192
-112
-83
-133
-229
-315
-348
-303
-217
-170
-181
-210
-215
-195
-163
-97
10
110
148
138
139
173
231
308
390
430
403
336
304
337
380
369
328
291
237
167
142
170
169
102
19
-19
-27
-44
-82
-126
-166
-202
-223
-223
-213
-221
-273
-346
-363
-291
-205
-190
-223
-248
-259
-263
-201
-62
51
61
22
19
52
110
206
310
340
278
213
223
283
321
308
270
222
166
120
114
124
99
31
-34
-72
-98
-126
-155
-188
-217
-236
-248
-250
-254
-269
-287
-280
-251
-217
-186
-170
-167
-163
-140
-94
-47
-17
-5
19
51
53
32
50
112
152
141
127
144
166
155
144
174
205
174
111
88
97
78
44
36
34
-15
-92
-134
-140
-147
-156
-146
-140
-167
-205
-209
-170
-119
-72
-30
-5
3
25
78
130
161
183
210
236
258
278
285
268
239
212
183
151
129
114
76
-2
-93
-153
-161
-139
-131
-174
-260
-341
-363
-318
-245
-201
-211
-266
-312
-293
-202
-103
-58
-79
-116
-109
-44
45
105
108
72
53
101
185
246
260
243
216
199
221
275
313
299
254
229
234
252
266
273
266
234
189
160
160
171
161
125
89
60
14
-54
-99
-94
-83
-106
-152
-201
-255
-300
-294
-259
-262
-322
-390
-414
-388
-343
-316
-326
-374
-413
-389
-293
-189
-144
-168
-207
-200
-122
-5
90
126
112
93
106
155
222
286
320
313
273
229
215
242
302
347
328
248
161
123
150
201
222
184
114
54
36
54
69
52
12
-18
-13
-3
-33
-110
-170
-162
-107
-64
-74
-142
-226
-256
-199
-99
-33
-51
-133
-210
-218
-151
-58
-5
-27
-107
-187
-208
-146
-48
7
-29
-120
-186
-175
-102
-22
4
-35
-93
-107
-58
12
44
35
13
6
34
93
155
186
181
175
198
244
290
321
347
360
347
331
334
351
352
333
308
277
237
195
161
132
95
47
-11
-73
-136
-186
-219
-246
-282
-324
-368
-404
-432
-441
-422
-380
-347
-342
-354
-350
-304
-222
-138
-88
-78
-82
-56
11
94
148
154
142
151
194
247
279
277
254
239
248
275
293
272
223
183
173
182
184
163
118
63
24
17
32
27
-9
-63
-113
-144
-152
-136
-122
-136
-173
-206
-219
-209
-190
-171
-165
-176
-191
-186
-158
-125
-107
-100
-103
-101
-88
-63
-29
-9
-16
-33
-34
-7
35
66
69
49
26
24
59
114
147
123
64
26
47
111
166
166
116
59
43
86
150
178
151
99
67
77
115
144
137
89
35
13
30
52
45
2
-53
-88
-93
-80
-81
-114
-165
-198
-194
-169
-158
-178
-214
-238
-225
-186
-151
-148
-166
-171
-140
-84
-36
-15
-15
-12
14
65
114
135
128
122
140
182
223
240
232
217
218
238
264
277
266
236
210
207
215
215
196
165
131
95
64
42
25
2
-27
-61
-90
-117
-140
-155
-161
-171
-189
-204
-214
-221
-227
-227
-219
-201
-180
-164
-161
-170
-167
-140
-93
-50
-38
-61
-86
-79
-34
20
51
36
-1
-17
2
53
93
95
69
44
45
72
100
106
87
61
50
62
79
82
65
47
44
54
62
58
44
29
25
34
42
30
2
-26
-39
-35
-31
-44
-74
-111
-136
-137
-127
-124
-140
-166
-185
-188
-171
-145
-127
-128
-138
-134
-104
-56
-10
19
29
43
69
114
163
198
209
205
196
201
221
244
250
231
191
154
136
141
148
136
98
46
5
-7
6
17
4
-34
-81
-107
-100
-79
-67
-84
-118
-142
-136
-109
-83
-82
-102
-120
-116
-91
-63
-58
-78
-102
-105
-79
-38
-14
-20
-44
-61
-48
-8
33
48
35
8
-2
17
54
82
85
67
45
38
50
69
84
92
93
86
72
56
50
59
75
80
63
27
-4
-11
11
39
45
19
-24
-50
-42
-7
24
24
-9
-44
-54
-30
4
20
5
-24
-45
-43
-21
0
4
-10
-33
-45
-43
-28
-19
-22
-42
-63
-79
-79
-67
-58
-61
-74
-91
-96
-81
-54
-30
-26
-40
-56
-54
-31
4
24
21
5
-6
8
42
73
81
65
37
30
46
77
96
89
65
47
49
67
80
73
48
24
14
23
34
34
15
-10
-25
-22
-10
-7
-22
-49
-72
-78
-67
-56
-60
-80
-103
-111
-98
-69
-44
-39
-54
-70
-66
-35
8
39
40
21
13
36
86
133
150
135
108
102
124
158
177
162
123
89
81
94
103
89
49
6
-17
-19
-19
-34
-62
-87
-99
-99
-100
-111
-127
-138
-132
-119
-106
-107
-118
-121
-104
-70
-35
-20
-23
-30
-22
7
43
67
70
59
53
62
85
106
115
109
95
80
75
77
80
74
59
39
17
-1
-11
-15
-19
-26
-38
-57
-75
-86
-82
-65
-48
-44
-55
-70
-70
-46
-11
13
11
-7
-17
-6
26
56
63
49
28
22
37
59
67
53
26
7
6
17
21
7
-16
-34
-37
-34
-40
-55
-72
-81
-78
-72
-73
-81
-87
-83
-69
-55
-49
-50
-52
-43
-22
2
18
22
20
25
43
66
80
80
75
72
78
84
86
79
69
61
54
49
43
34
24
15
9
2
-6
-16
-21
-23
-23
-21
-23
-28
-30
-28
-22
-14
-10
-11
-12
-9
-4
7
13
13
8
6
10
17
22
22
18
15
16
19
21
21
18
17
19
22
22
17
10
7
10
13
10
1
-12
-18
-15
-9
-8
-17
-33
-43
-44
-37
-31
-35
-46
-55
-55
-46
-34
-27
-26
-29
-29
-22
-14
-3
0
1
1
2
7
12
15
15
13
13
14
14
14
11
6
1
-1
0
5
6
2
-5
-12
-11
-6
0
4
2
-3
-4
1
12
19
21
16
11
11
20
27
32
29
24
21
22
24
23
18
14
8
4
-1
-5
-7
-7
-8
-12
-18
-26
-29
-27
-19
-12
-16
-25
-27
-16
1
12
13
6
0
3
17
34
40
33
19
12
18
29
37
32
18
3
-6
-5
1
-3
-14
-30
-44
-49
-45
-43
-45
-53
-61
-64
-58
-50
-42
-37
-35
-31
-24
-15
-4
5
12
19
25
33
38
44
49
55
58
59
57
51
44
42
41
40
35
24
11
3
-1
-1
-4
-12
-24
-32
-34
-30
-22
-18
-23
-28
-30
-24
-14
-5
0
1
3
10
19
29
36
42
42
42
41
42
45
45
44
36
25
15
10
10
8
1
-14
-31
-45
-49
-46
-44
-52
-68
-80
-83
-72
-59
-52
-56
-64
-67
-58
-40
-20
-9
-6
-6
-2
12
27
41
49
50
46
45
53
63
68
63
55
51
45
42
40
37
31
21
10
1
-1
-2
-4
-10
-16
-25
-27
-24
-20
-16
-19
-22
-24
-21
-13
-5
-3
-4
-7
-7
-1
7
10
7
4
1
1
5
10
11
7
0
-6
-6
-5
-6
-11
-14
-16
-15
-15
-16
-17
-18
-21
-21
-18
-13
-12
-16
-20
-22
-23
-19
-12
-4
-2
-2
2
9
13
16
21
25
21
11
10
15
20
22
24
24
23
24
33
42
38
23
14
17
17
14
13
11
0
-9
-8
0
0
-10
-13
-6
0
-1
-6
-13
-23
-33
-37
-31
-24
-19
-15
-9
-4
-6
-14
-16
-9
-2
-1
7
13
8
-6
-8
4
13
13
16
24
25
17
13
16
12
0
-6
1
7
9
14
15
3
-9
-4
16
26
19
5
2
6
4
-7
1
18
26
13
6
7
-3
-16
-20
-24
-37
-42
-28
-21
-31
-40
-46
-54
-57
-58
-63
-59
-33
-19
-31
-43
-26
-4
8
17
33
41
29
18
29
63
91
89
69
71
93
104
95
88
71
32
0
2
7
-5
-16
-20
-36
-60
-66
-59
-70
-98
-103
-75
-49
-55
-73
-70
-52
-34
-15
11
25
9
-15
-13
16
55
82
83
67
48
32
34
67
101
94
64
54
48
25
4
10
9
-19
-46
-61
-80
-92
-71
-36
-29
-59
-86
-67
-6
22
-13
-44
-55
-84
-114
-77
10
55
46
44
57
57
55
81
99
74
35
31
46
38
28
42
64
65
52
57
74
70
35
-12
-41
-47
-48
-43
-27
-11
-32
-97
-137
-109
-55
-46
-56
-34
-10
-28
-51
-34
-4
-2
-17
-12
0
-8
-15
12
57
81
72
63
66
72
69
58
45
24
0
0
38
62
39
4
3
17
13
8
1
-37
-88
-98
-83
-89
-91
-45
23
50
35
5
-26
-56
-72
-61
-20
32
69
80
53
-18
-90
-110
-54
38
140
230
260
187
65
-36
-127
-219
-225
-97
36
41
-28
-2
116
104
-64
-127
-35
3
-12
25
-33
-298
-599
-780
-613
251
1433
1884
1132
-326
-1426
-1253
-46
782
320
-622
-1004
-873
-442
121
239
-554
-1559
-368
3530
5215
1129
-3891
-4033
-774
1346
938
-52
-214
-686
-966
898
2972
2522
247
-1692
-1241
873
1624
773
-328
-1484
-2057
-824
2255
4578
3466
584
-1025
-1542
-1937
-1511
-346
-351
-1776
-2273
-1173
-400
-765
-1184
-930
-313
391
1105
1105
-341
-2254
-2680
-1242
862
2404
2325
493
-903
51
1730
1655
484
157
396
445
467
640
343
-917
-1319
321
1997
1521
76
73
384
-654
-1394
-456
364
1
-103
223
-355
-1534
-1607
-618
-28
109
384
410
-174
-891
-1086
-689
-11
918
1693
1459
370
-599
-756
-57
856
1329
1259
883
565
152
-749
-1306
-713
134
611
969
526
-912
-1818
-1413
-532
89
439
620
409
-288
-878
-882
-581
-165
500
970
601
-230
-613
-523
-434
-223
253
555
514
369
29
-523
-788
-420
319
897
969
561
-73
-548
-557
-151
368
615
424
155
81
-57
-331
-443
-209
274
533
211
-251
-385
-318
-155
71
268
500
533
11
-625
-644
-208
25
59
282
428
68
-528
-748
-428
-48
84
194
338
345
108
-366
-665
-454
37
523
777
571
126
-166
-265
-255
-7
499
722
259
-360
-403
-105
-149
-440
-311
258
562
364
75
-109
-314
-498
-427
-18
437
581
342
-127
-474
-383
-36
242
422
473
287
-29
-242
-291
-288
-261
-96
181
372
342
66
-327
-565
-480
-96
344
435
131
-142
-160
-145
-255
-321
-126
225
401
279
76
-89
-301
-356
-35
313
341
215
139
-11
-277
-340
-66
145
56
-32
100
214
57
-160
-195
-165
-141
31
321
419
183
-87
-198
-293
-218
214
580
457
64
-160
-128
-45
-6
24
43
65
117
138
15
-232
-358
-226
20
190
183
7
-213
-341
-252
1
78
-83
-120
-25
13
75
117
4
-147
-143
104
362
313
90
-100
-210
-143
48
184
191
106
-4
-105
-165
-146
-107
-73
-12
69
110
45
-59
-62
14
88
80
-2
24
135
68
-109
-159
-87
78
265
272
76
-176
-293
-140
66
110
141
132
-81
-218
-58
97
51
-19
51
124
33
-74
-64
-92
-128
6
183
200
64
-51
-70
-50
-5
2
-48
-31
1
-26
-12
-47
-144
-43
130
8
-211
-122
123
107
-119
-167
-4
55
32
161
224
11
-117
35
145
60
-17
26
57
-36
-82
27
28
-137
-136
48
95
-23
-123
-137
-96
-20
68
86
-14
-114
-80
13
55
87
124
64
-58
-39
109
149
55
0
22
35
-1
-18
38
59
-45
-127
-64
32
41
-6
-21
-4
4
-25
-82
-110
-53
22
42
59
75
13
-91
-102
6
89
47
-41
-26
73
106
22
-58
-52
-8
24
61
101
84
-34
-153
-130
-22
31
41
60
39
-49
-109
-53
31
27
-21
-35
-30
7
58
37
-34
-53
-34
-21
17
98
123
16
-97
-62
30
43
29
41
29
-16
-23
12
30
2
-17
16
32
6
7
-5
-56
-66
-29
0
15
19
23
6
-40
-44
-13
-6
15
45
22
-29
-63
-73
-61
-23
45
90
35
-51
-50
3
20
-1
1
35
35
1
23
63
34
-26
-39
20
99
89
-11
-87
-107
-72
15
89
95
24
-91
-135
-68
28
77
51
7
-13
-38
-40
8
37
27
21
25
13
-14
-15
17
27
-16
-50
-23
26
36
4
-37
-54
-45
-13
27
42
16
-15
-27
-5
15
-8
-14
17
25
7
-4
-12
-34
-51
-3
76
65
-2
-17
-3
-9
-22
-23
-3
22
34
28
11
-11
-19
-14
-1
12
13
-2
-29
-36
-10
16
4
-23
-16
17
25
11
17
10
-37
-41
29
69
43
7
-5
-15
-29
-26
-1
8
4
25
33
0
-19
-22
-47
-64
-10
62
50
-17
-33
-11
-25
-41
5
57
37
6
27
25
-47
-78
-17
45
59
46
14
-22
-28
-11
1
-2
-2
15
14
-6
1
16
-4
-24
-19
-3
7
16
18
6
-25
-44
-25
11
34
40
19
-32
-70
-37
42
66
16
-25
-26
-24
-11
24
40
19
-24
-46
-6
41
18
-40
-48
3
36
6
-31
-22
8
20
21
24
19
-10
-35
-21
13
29
13
-16
-32
-12
27
29
-3
-16
-4
3
3
9
5
-12
-19
-1
16
15
4
-11
-26
-23
14
47
27
-10
-25
-29
-31
-8
31
22
-43
-57
5
47
42
21
-4
-26
-31
-6
41
45
1
-24
-10
9
20
29
25
0
-24
-22
7
30
23
-2
-43
-66
-20
34
26
9
12
-16
-61
-46
22
45
0
-22
5
7
-25
-26
16
34
4
-18
3
23
13
-3
-5
5
0
-8
7
22
15
-1
-16
-18
5
24
13
-11
-22
-13
-8
-14
-6
12
10
-14
-24
-2
25
23
7
0
-17
-26
0
18
11
6
7
1
-11
-15
5
13
-17
-31
-1
17
4
0
10
-5
-38
-33
11
38
41
38
18
-26
-59
-24
38
38
9
12
16
-17
-47
-18
28
23
-1
-1
12
9
-23
-43
-20
10
23
28
27
6
-24
-30
-9
7
7
6
7
10
13
3
-15
-17
2
4
-3
13
31
12
-26
-34
-16
-6
2
26
37
2
-42
-35
6
16
-6
-8
15
19
-6
-19
-14
-22
-30
-5
34
39
12
-8
-11
-17
-20
-4
16
18
14
9
-11
-27
-9
10
-3
-6
29
35
-14
-36
10
30
-3
-18
17
36
20
10
1
-21
-25
3
16
3
-4
14
20
-1
-18
-14
-11
-18
-3
27
33
5
-18
-23
-23
-13
12
31
20
-2
-10
-15
-19
-3
23
16
-19
-28
2
24
18
0
-10
-17
-13
16
37
19
-18
-33
-23
-12
2
22
24
-1
-15
-4
1
-17
-20
1
17
12
1
-6
-12
-13
-8
3
17
26
23
9
-12
-27
-22
4
28
32
26
11
-10
-22
-6
9
1
0
20
18
-15
-31
-13
2
-2
-2
15
17
-7
-23
-15
3
9
1
-13
-17
1
25
15
-24
-35
2
30
12
-6
1
1
-19
-21
6
24
13
0
1
5
-1
-8
-6
-2
1
2
5
5
1
-8
-18
-19
0
24
28
8
-12
-18
-15
-5
19
31
15
-12
-15
1
11
5
1
4
4
3
8
6
-10
-15
2
12
1
-6
5
7
-6
-14
-9
-2
3
2
-2
-5
-4
-3
-4
-3
0
3
3
2
2
0
-1
0
1
7
15
11
-7
-15
-1
16
14
6
2
-6
-10
-7
1
-1
-2
-2
-4
-1
-4
-11
-17
-9
5
11
7
3
-4
-15
-17
0
15
14
3
1
6
6
-1
1
7
7
1
0
7
7
-4
-14
-6
10
14
8
4
1
-9
-15
-8
2
6
2
-2
1
3
-2
-12
-8
5
8
2
-2
-2
-4
-4
2
7
5
0
3
2
-2
-6
0
6
2
-2
-5
-2
1
1
-2
-5
-6
-1
4
7
1
-6
-12
-11
-2
8
9
2
-6
-5
-1
0
2
4
7
7
2
-5
-3
1
6
6
5
3
0
-2
-1
4
6
2
-1
1
6
4
-3
-7
-5
1
3
2
3
-2
-6
-5
-2
0
-1
-1
3
2
-2
-5
-3
1
3
3
5
6
3
0
-2
-1
4
6
6
4
-1
-5
-6
0
6
5
-1
-2
-3
0
-1
-2
-3
-4
-3
1
3
-1
-5
-6
-4
1
4
5
5
-1
-5
-5
2
6
5
4
4
3
0
-2
1
5
4
2
0
1
1
1
-2
-3
-2
0
5
3
-3
-5
-4
-2
0
0
2
2
0
1
0
-2
-3
3
3
2
-1
0
1
0
0
2
1
2
3
3
-1
-1
-1
0
-1
0
1
2
-3
-5
-1
0
-1
0
1
0
-3
-3
-2
0
-1
-2
-1
2
2
0
-1
0
1
2
3
5
1
-2
2
1
0
1
3
3
2
1
0
0
0
0
1
0
-1
-2
2
1
-1
-2
0
1
0
-1
0
0
0
0
3
3
1
0
1
0
-1
-1
2
5
4
1
0
0
0
-1
0
1
1
0
-1
-3
-2
-1
1
2
1
-2
-2
-3
-1
1
2
2
1
0
-1
-1
0
1
2
2
2
3
2
1
-2
-1
0
4
3
2
1
-2
-3
0
2
2
0
1
0
0
0
-2
0
0
-2
0
0
2
1
0
1
1
1
2
2
1
0
-1
1
3
2
1
0
-1
0
0
1
0
0
0
1
2
1
-1
0
-2
-1
1
1
1
1
0
1
-1
0
0
-1
0
-1
0
0
0
-2
1
1
0
3
1
0
2
-1
0
0
-1
2
3
2
1
-1
-2
-1
0
2
1
1
0
-1
0
-1
0
0
1
1
1
-1
-1
-1
0
2
2
3
2
0
0
-1
1
0
2
2
3
0
0
1
0
-1
1
2
2
1
-2
-2
0
1
1
1
1
0
-1
-1
-1
-2
1
1
1
1
1
0
0
0
0
1
1
0
2
1
1
1
1
1
1
0
1
2
0
0
-2
1
2
1
-1
-1
0
1
0
-1
1
1
-1
0
0
-1
-1
-1
0
1
1
1
0
0
0
2
1
1
1
1
1
2
2
1
1
0
1
1
0
0
-1
0
-1
0
0
0
0
0
-1
0
0
-1
0
0
0
1
0
0
0
0
0
0
1
0
0
0
0
0
1
0
0
0
1
1
0
0
0
0
0
0
0
0
1
1
1
0
0
-1
0
0
0
-1
-1
0
0
1
1
0
0
-1
-2
-1
-1
0
1
1
1
0
-1
-1
0
1
2
2
3
2
1
0
-1
1
2
3
2
1
0
0
-1
-1
1
2
1
1
-1
0
-1
-1
0
1
1
1
0
0
0
0
-1
0
0
0
0
1
0
0
0
0
0
-1
1
1
0
0
0
0
1
0
0
0
0
0
0
0
0
0
0
0
0
1
0
0
0
0
0
0
1
0
0
0
0
0
0
0
0
0
0
1
0
-1
0
0
0
0
-1
0
0
0
0
0
0
-1
0
0
-1
0
0
0
-1
1
0
0
0
0
0
0
0
0
0
0
0
0
0
-1
0
-1
0
0
0
0
0
0
0
0
0
1
0
0
0
0
0
0
0
0
0
0
0
1
0
0
0
0
0
0
0
0
0
-1
0
0
1
0
0
0
0
0
0
0
1
0
0
0
0
0
0
-1
0
1
0
0
0
0
0
0
0
0
-1
0
0
0
0
0
0
0
0
1
0
-1
0
1
0
0
-1
0
0
0
0
-1
0
0
0
0
1
0
0
0
0
0
0
0
0
-1
0
0
0
0
0
0
0
0
0
1
0
0
0
0
0
1
0
0
1
0
1
-1
0
0
0
0
0
0
0
0
-1
0
-1
-1
0
0
0
0
0
0
0
0
0
0
-1
0
-1
0
0
0
0
0
0
-1
0
0
0
0
0
0
0
0
0
0
0
0
0
0
0
0
0
1
1
0
-1
0
0
0
0
0
0
0
0
0
0
0
0
0
0
0
0
1
0
0
0
0
0
1
0
0
0
0
0
0
0
-1
-1
0
0
0
0
0
-1
-1
0
0
0
-1
1
0
0
-1
0
0
0
0
0
0
0
0
0
0
0
0
0
0
0
0
1
0
0
-1
0
0
0
0
0
0
1
0
0
-1
-1
0
0
0
0
-1
0
0
0
0
0
1
0
0
1
0
1
0
0
0
0
0
0
-1
0
0
0
0
0
0
1
0
0
0
0
0
0
-1
-1
0
-1
0
0
0
0
0
0
0
0
0
0
0
0
0
0
-1
0
0
0
0
1
0
0
0
0
0
0
0
0
0
0
-1
1
-1
0
0
0
0
0
0
0
0
1
0
1
0
0
0
1
-1
0
0
0
0
0
0
0
0
0
0
-1
0
0
0
0
1
1
0
1
0
0
0
0
0
0
0
0
0
0
-1
-1
-1
-1
0
0
0
0
0
-1
0
0
0
0
0
-1
0
-1
0
1
0
0
1
0
0
-1
0
-1
0
0
0
-1
0
1
-1
0
0
0
0
-1
0
1
0
-1
1
1
0
1
-1
0
0
1
0
0
-1
1
0
0
1
0
0
0
0
1
0
0
0
0
1
0
-1
0
-1
0
1
0
1
-1
0
1
0
0
0
0
0
-1
0
0
0
0
0
0
0
0
0
0
-1
0
1
0
1
0
-1
0
0
1
0
0
0
0
0
0
-1
0
-1
0
0
0
0
0
0
0
1
0
1
0
0
0
0
0
-1
0
0
0
0
0
-1
0
0
0
0
0
0
1
0
0
0
0
1
0
0
0
0
0
0
0
0
0
-1
0
1
0
0
0
0
0
0
0
0
0
0
0
0
0
0
0
-1
1
0
0
0
-1
0
0
0
1
0
0
0
-1
0
0
0
0
1
1
0
1
0
0
-1
0
-1
0
0
0
0
0
0
0
0
0
0
0
0
0
1
0
0
0
0
0
0
0
0
0
0
0
0
0
0
0
0
0
0
1
0
0
0
1
0
0
0
0
0
0
0
0
1
1
0
0
1
0
0
0
0
0
1
0
0
-1
1
0
-1
-1
0
0
0
0
0
1
0
1
0
0
0
1
0
-1
0
-1
0
0
-1
0
0
0
-1
0
0
0
0
0
0
0
0
1
-1
0
0
0
0
-1
0
0
0
0
0
1
0
0
0
0
0
0
0
0
1
1
0
0
0
0
0
0
0
0
0
1
0
-1
0
0
0
0
0
0
0
0
0
0
1
0
1
1
1
0
0
0
0
0
0
0
0
0
0
0
0
-1
0
0
0
-1
0
-1
0
0
0
0
0
0
0
-1
1
0
1
0
0
0
0
1
1
0
-1
0
1
-1
0
0
0
0
0
0
0
0
0
0
0
0
0
1
-1
0
0
0
0
0
0
0
-1
0
-1
0
0
0
0
0
-1
0
1
0
0
0
1
0
0
0
0
0
0
0
0
0
0
0
0
0
0
1
0
1
0
-1
-1
-1
0
0
0
0
0
0
0
-1
0
0
1
-1
0
1
0
0
0
0
0
0
0
-1
0
0
0
0
0
0
0
0
0
0
0
0
0
0
0
0
0
0
0
0
0
0
1
0
1
0
0
0
1
0
0
-1
1
0
-1
0
0
-1
0
0
0
0
-1
0
0
0
0
1
0
0
0
1
0
0
1
-1
0
0
0
0
0
0
-1
0
1
0
0
0
1
-1
0
0
0
-1
0
0
0
-1
0
1
0
-1
0
0
-1
-1
0
0
0
0
-1
-1
-1
0
0
0
0
0
0
0
0
0
1
0
-1
0
1
0
1
0
0
0
-1
0
0
0
0
0
0
-1
1
0
0
0
0
1
0
0
0
-1
0
1
0
0
0
0
0
0
0
0
0
0
-1
1
-1
0
1
0
0
0
0
0
0
0
0
0
0
0
0
0
0
0
1
0
0
0
0
-1
1
0
0
0
0
0
0
0
0
0
0
0
0
-1
0
0
0
-1
0
0
1
1
0
0
0
0
-1
0
1
0
-1
0
0
0
0
-1
0
0
0
0
0
-1
-1
0
0
0
0
1
0
0
0
0
-1
0
0
0
0
0
0
0
0
1
0
-1
0
0
-1
0
0
0
0
0
0
0
0
0
0
0
1
0
0
0
0
-1
-1
0
-1
0
0
0
-1
0
0
0
0
1
1
-1
0
0
-1
-1
0
0
-1
0
0
-1
0
0
-1
1
-1
0
0
-1
0
0
0
0
0
0
0
1
0
0
-1
1
1
0
0
0
0
0
0
0
0
0
1
0
0
0
0
0
0
-1
0
0
-1
0
0
1
0
0
1
0
0
0
1
0
0
0
0
0
0
1
-1
0
0
0
1
0
-1
0
0
0
0
0
-1
0
0
0
0
1
0
0
1
0
0
0
1
0
0
0
0
0
1
0
0
0
0
0
0
0
1
0
0
0
0
-1
0
0
-1
-1
0
-1
0
0
0
1
1
0
0
0
-1
1
0
0
0
0
1
0
1
0
0
1
1
0
0
0
0
0
-1
0
0
0
-1
0
0
1
0
0
0
0
1
0
1
0
0
0
0
-1
0
0
0
0
0
-1
0
0
0
1
1
0
0
-1
0
0
1
0
0
-1
1
0
0
0
0
-1
0
0
0
0
0
0
0
0
0
0
0
1
0
0
0
-1
0
1
0
0
1
-1
0
-1
-1
0
0
0
0
0
0
0
0
-1
0
-1
1
0
1
1
0
0
0
0
0
0
0
0
0
0
0
0
0
0
1
0
-1
0
0
0
0
0
0
-1
0
0
-1
0
0
0
0
0
0
0
1
1
0
0
0
0
0
0
0
-1
0
0
0
0
0
0
-1
-1
0
0
0
0
0
1
0
1
-1
0
0
-1
0
0
0
1
0
0
0
0
0
0
0
1
0
1
0
0
0
-1
-1
0
0
0
0
1
0
-1
0
0
0
0
1
0
-1
0
0
0
0
0
1
0
0
0
0
0
0
0
0
0
0
1
0
0
0
0
0
0
0
0
0
0
0
0
0
-1
-1
0
0
0
0
0
0
-1
0
0
-1
0
0
0
0
0
0
0
0
0
0
0
0
0
0
0
0
0
-1
0
0
1
0
0
-1
1
0
0
0
0
0
0
0
0
0
0
-1
1
0
0
-1
0
0
0
1
0
-1
0
0
0
0
0
0
0
1
-1
0
-1
0
-1
-1
0
0
0
1
0
0
0
0
0
1
0
-1
-1
0
0
0
0
0
0
0
-1
0
-1
0
1
0
0
0
0
1
0
0
0
0
0
-1
-1
0
0
0
0
-1
0
1
0
1
0
0
0
0
-1
0
0
0
-1
0
0
0
0
0
0
0
0
-1
0
0
0
1
0
1
0
-1
0
1
0
0
-1
0
0
0
0
0
0
1
0
1
0
0
0
0
0
1
0
1
0
0
0
1
0
0
0
0
0
-1
0
0
0
0
0
0
0
0
0
-1
0
0
0
0
0
0
0
0
0
0
1
0
1
0
0
1
0
0
1
0
0
1
0
0
1
0
0
0
0
0
0
0
0
0
0
0
1
0
0
-1
0
0
-1
0
-1
0
0
1
1
0
0
0
-1
0
0
0
0
0
0
1
0
0
-1
0
0
0
0
-1
0
1
0
0
0
0
0
-1
0
0
0
0
0
0
0
1
0
0
0
0
0
-1
0
0
0
0
0
1
0
0
0
0
0
0
0
1
0
-1
0
-1
1
0
0
0
0
-1
0
-1
0
0
0
0
-1
1
0
0
0
1
0
-1
0
1
1
0
-1
0
0
0
0
0
0
0
0
-1
0
0
0
0
1
-1
0
0
-1
0
0
0
0
0
1
1
0
0
0
-1
-1
0
0
0
1
0
0
0
0
0
0
1
0
0
-1
0
0
1
0
0
0
0
0
1
0
0
-1
0
0
0
0
0
0
0
0
1
0
0
0
0
0
0
0
0
1
0
0
0
0
0
0
-1
0
0
0
0
1
0
0
1
0
0
0
1
-1
0
-1
0
0
0
1
0
0
0
0
0
0
1
0
0
0
0
0
0
0
0
0
-1
0
0
0
1
0
0
0
1
0
0
0
0
0
0
0
0
0
0
1
0
1
0
-1
0
0
-1
0
0
0
-1
0
0
0
-1
0
-1
1
-1
1
0
0
0
0
0
1
0
1
0
0
0
0
0
0
0
0
0
0
0
1
0
0
-1
0
0
0
0
0
0
0
0
0
0
-1
0
0
1
0
0
-1
0
0
0
0
0
0
0
0
-1
0
1
0
0
0
0
1
0
0
0
0
0
-1
0
0
-1
0
0
0
0
0
0
0
0
0
0
0
1
1
1
1
0
0
-1
1
0
0
0
0
0
0
0
0
0
0
0
0
1
0
0
1
0
1
0
0
1
0
0
0
0
1
0
0
-1
0
0
1
1
0
0
-1
0
-1
-1
0
0
0
1
1
0
-1
0
1
0
0
0
0
1
0
1
-1
0
1
0
0
0
-1
0
0
0
1
0
-1
0
-1
-1
0
0
1
0
0
0
1
1
0
0
1
1
-1
0
-1
0
0
0
1
0
0
0
0
-1
0
0
-1
0
0
-1
-1
1
0
0
0
0
-1
0
1
0
0
0
-1
1
0
1
0
1
-1
0
0
0
-1
0
0
0
0
0
0
0
0
0
0
0
0
0
0
0
0
0
1
0
0
0
0
1
0
0
0
0
0
0
0
0
0
0
0
0
0
0
0
0
0
0
0
0
1
0
0
0
0
-1
0
0
1
0
0
0
0
0
-1
0
0
0
0
0
0
-1
0
0
-1
0
0
0
-1
0
0
0
0
-1
0
0
0
0
0
0
0
0
0
0
0
0
0
0
0
-1
0
0
0
-1
0
-1
0
-1
0
0
0
0
1
0
0
0
0
-1
1
0
0
0
0
0
1
0
0
0
0
0
0
1
0
0
0
0
-1
0
-1
0
0
0
0
0
0
0
0
0
0
0
0
0
0
0
0
0
1
0
1
1
0
1
0
0
0
0
0
1
0
1
0
0
0
1
0
0
-1
0
0
1
0
-1
0
0
0
0
-1
-1
1
0
0
1
0
0
1
0
0
0
-1
1
0
0
0
0
0
0
-1
0
0
0
0
0
0
0
0
0
0
0
0
0
0
0
0
0
0
0
0
-1
0
-1
0
-1
0
0
0
0
0
-1
0
-1
1
0
0
0
0
0
-1
0
-1
0
-1
0
0
0
0
-1
0
-1
0
1
0
0
0
0
0
0
1
0
0
0
0
0
0
-1
0
0
0
0
0
0
0
0
1
0
1
1
0
0
0
0
0
0
0