29
25
22
18
21
27
30
29
20
9
-1
-7
-5
-3
-4
-12
-24
-34
-38
-35
-26
-19
-16
-16
-19
-23
-21
-18
-11
-1
6
12
13
13
12
14
18
24
29
31
25
17
7
1
1
6
11
13
11
2
-4
-8
-7
-4
-2
-6
-14
-22
-27
-26
-19
-10
-4
-1
-2
-6
-8
-9
-6
1
6
11
12
10
9
9
13
21
29
30
26
16
5
-1
-1
5
11
10
4
-7
-15
-19
-16
-10
-6
-6
-12
-19
-25
-26
-21
-12
-6
0
-1
-2
-3
-2
4
11
16
20
18
16
13
10
12
13
16
18
17
12
5
0
-5
-6
-5
-2
-4
-7
-14
-19
-21
-18
-11
-4
-1
-2
-8
-12
-12
-8
1
8
12
10
5
1
1
5
10
13
11
5
-2
-7
-8
-4
1
5
6
4
-1
-5
-5
-3
0
3
4
2
-1
-4
-4
-2
5
10
11
10
6
0
-1
1
5
8
9
5
1
-4
-4
-4
-4
-3
-2
-4
-7
-9
-10
-9
-8
-4
-2
0
0
1
0
0
3
4
6
8
8
8
7
5
3
4
5
5
4
2
-1
-4
-6
-6
-8
-6
-5
-5
-5
-6
-5
-4
-3
-1
0
2
0
-1
-2
-2
-1
1
2
3
5
4
4
4
4
5
4
4
2
0
-1
0
0
0
1
1
0
0
1
2
3
2
1
0
1
0
3
4
4
2
1
0
0
0
0
1
1
1
1
1
0
-1
-1
-1
0
-2
-2
-3
-1
-2
-3
-3
0
2
1
-2
-1
-1
-1
-2
0
1
0
1
0
-1
0
3
6
3
2
1
0
1
2
3
3
2
1
-1
-1
-1
0
2
0
0
-1
-2
-2
-2
-1
0
-1
0
-1
-2
-2
-2
-1
0
0
1
2
1
0
0
1
0
1
1
1
1
1
1
1
0
0
1
2
3
2
1
0
1
1
1
1
1
1
0
-1
-1
0
1
2
0
-1
-1
0
-1
1
2
1
0
-1
0
0
0
0
-1
0
0
0
0
0
0
0
0
0
0
0
0
0
0
0
0
0
0
0
0
0
0
1
0
1
0
0
0
1
0
0
-1
1
0
-1
0
1
0
1
1
1
1
0
1
1
1
1
2
1
1
1
2
2
1
2
0
1
1
1
0
0
0
-1
0
1
0
0
0
1
-1
0
0
0
-1
0
0
0
-1
0
1
0
0
1
1
0
0
1
1
1
1
0
-1
-1
0
0
0
0
0
0
0
0
0
1
0
-1
0
1
0
1
0
0
0
-1
0
1
1
2
2
2
0
1
0
0
0
0
2
1
1
1
-1
0
1
0
0
0
0
0
0
0
0
0
0
-1
1
-1
0
1
0
0
0
0
0
0
0
0
0
0
0
0
0
0
0
1
0
0
0
0
-1
1
0
0
0
0
0
0
0
0
0
0
0
0
-1
0
0
0
-1
0
0
1
1
0
0
0
0
-1
0
1
0
-1
0
0
0
0
-1
0
0
0
0
0
-1
-1
0
0
0
0
1
0
0
0
0
-1
0
0
0
0
0
0
0
0
1
0
-1
0
0
-1
0
0
0
0
0
0
0
0
0
0
0
1
0
0
0
0
-1
-1
0
-1
0
0
0
-1
0
0
0
0
1
1
-1
0
0
-1
-1
0
0
-1
0
0
-1
0
0
-1
1
-1
0
0
-1
0
0
0
0
0
0
0
1
0
0
-1
1
1
0
0
0
0
0
0
0
0
0
1
0
0
0
0
0
0
-1
0
0
-1
0
0
1
0
0
1
0
0
0
1
0
0
0
0
0
0
1
-1
0
0
0
1
0
-1
0
0
0
0
0
-1
0
0
0
0
1
0
0
1
0
0
0
1
0
0
0
0
0
1
0
0
0
0
0
0
0
1
0
0
0
0
-1
0
0
-1
-1
0
-1
0
0
0
1
1
0
0
0
-1
1
0
0
0
0
1
0
1
0
0
1
1
0
0
0
0
0
-1
0
0
0
-1
0
0
1
0
0
0
0
1
0
1
0
0
0
0
-1
0
0
0
0
0
-1
0
0
0
1
1
0
0
-1
0
0
1
0
0
-1
1
0
0
0
0
-1
0
0
0
0
0
0
0
0
0
0
0
1
0
0
0
-1
0
1
0
0
1
-1
0
-1
-1
0
0
0
0
0
0
0
0
-1
0
-1
1
0
1
1
0
0
0
0
0
0
0
0
0
0
0
0
0
0
1
0
-1
0
0
0
0
0
0
-1
0
0
-1
0
0
0
0
0
0
0
1
1
0
0
0
0
0
0
0
-1
0
0
0
0
0
0
-1
-1
0
0
0
0
0
1
0
1
-1
0
0
-1
0
0
0
1
0
0
0
0
0
0
0
1
0
1
0
0
0
-1
-1
0
0
0
0
1
0
-1
0
0
0
0
1
0
-1
0
0
0
0
0
1
0
0
0
0
0
0
0
0
0
0
1
0
0
0
0
0
0
0
0
0
0
0
0
0
-1
-1
0
0
0
0
0
0
-1
0
0
-1
0
0
0
0
0
0
0
0
0
0
0
0
0
0
0
0
0
-1
0
0
1
0
0
-1
1
0
0
0
0
0
0
0
0
0
0
-1
1
0
0
-1
0
0
0
1
0
-1
0
0
0
0
0
0
0
1
-1
0
-1
0
-1
-1
0
0
0
1
0
0
0
0
0
1
0
-1
-1
0
0
0
0
0
0
0
-1
0
-1
0
1
0
0
0
0
1
0
0
0
0
0
-1
-1
0
0
0
0
-1
0
1
0
1
0
0
0
0
-1
0
0
0
-1
0
0
0
0
0
0
0
0
-1
0
0
0
1
0
1
0
-1
0
1
0
0
-1
0
0
0
0
0
0
1
0
1
0
0
0
0
0
1
0
1
0
0
0
1
0
0
0
0
0
-1
0
0
0
0
0
0
0
0
0
-1
0
0
0
0
0
0
0
0
0
0
1
0
1
0
0
1
0
0
1
0
0
1
0
0
1
0
0
0
0
0
0
0
0
0
0
0
1
0
0
-1
0
0
-1
0
-1
0
0
1
1
0
0
0
-1
0
0
0
0
0
0
1
0
0
-1
0
0
0
0
-1
0
1
0
0
0
0
0
-1
0
0
0
0
0
0
0
1
0
0
0
0
0
-1
0
0
0
0
0
1
0
0
0
0
0
0
0
1
0
-1
0
-1
1
0
0
0
0
-1
0
-1
0
0
0
0
-1
1
0
0
0
1
0
-1
0
1
1
0
-1
0
0
0
0
0
0
0
0
-1
0
0
0
0
1
-1
0
0
-1
0
0
0
0
0
1
1
0
0
0
-1
-1
0
0
0
1
0
0
0
0
0
0
1
0
0
-1
0
0
1
0
0
0
0
0
1
0
0
-1
0
0
0
0
0
0
0
0
1
0
0
0
0
0
0
0
0
1
0
0
0
0
0
0
-1
0
0
0
0
1
0
0
1
0
0
0
1
-1
0
-1
0
0
0
1
0
0
0
0
0
0
1
0
0
0
0
0
0
0
0
0
-1
0
0
0
1
0
0
0
1
0
0
0
0
0
0
0
0
0
0
1
0
1
0
-1
0
0
-1
0
0
0
-1
0
0
0
-1
0
-1
1
-1
1
0
0
0
0
0
1
0
1
0
0
0
0
0
0
0
0
0
0
0
1
0
0
-1
0
0
0
0
0
0
0
0
0
0
-1
0
0
1
0
0
-1
0
0
0
0
0
0
0
0
-1
0
1
0
0
0
0
1
0
0
0
0
0
-1
0
0
-1
0
0
0
0
0
0
0
0
0
0
0
1
1
1
1
0
0
-1
1
0
0
0
0
0
0
0
0
0
0
0
0
1
0
0
1
0
1
0
0
1
0
0
0
0
1
0
0
-1
0
0
1
1
0
0
-1
0
-1
-1
0
0
0
1
1
0
-1
0
1
0
0
0
0
1
0
1
-1
0
1
0
0
0
-1
0
0
0
1
0
-1
0
-1
-1
0
0
1
0
0
0
1
1
0
0
1
1
-1
0
-1
0
0
0
1
0
0
0
0
-1
0
0
-1
0
0
-1
-1
1
0
0
0
0
-1
0
1
0
0
0
-1
1
0
1
0
1
-1
0
0
0
-1
0
0
0
0
0
0
0
0
0
0
0
0
0
0
0
0
0
1
0
0
0
0
1
0
0
0
0
0
0
0
0
0
0
0
0
0
0
0
0
0
0
0
0
1
0
0
0
0
-1
0
0
1
0
0
0
0
0
-1
0
0
0
0
0
0
-1
0
0
-1
0
0
0
-1
0
0
0
0
-1
0
0
0
0
0
0
0
0
0
0
0
0
0
0
0
-1
0
0
0
-1
0
-1
0
-1
0
0
0
0
1
0
0
0
0
-1
1
0
0
0
0
0
1
0
0
0
0
0
0
1
0
0
0
0
-1
0
-1
0
0
0
0
0
0
0
0
0
0
0
0
0
0
0
0
0
1
0
1
1
0
1
0
0
0
0
0
1
0
1
0
0
0
1
0
0
-1
0
0
1
0
-1
0
0
0
0
-1
-1
1
0
0
1
0
0
1
0
0
0
-1
1
0
0
0
0
0
0
-1
0
0
0
0
0
0
0
0
0
0
0
0
0
0
0
0
0
0
0
0
-1
0
-1
0
-1
0
0
0
0
0
-1
0
-1
1
0
0
0
0
0
-1
0
-1
0
-1
0
0
0
0
-1
0
-1
0
1
0
0
0
0
0
0
1
0
0
0
0
0
0
-1
0
0
0
0
0
0
0
0
1
0
1
1
0
0
0
0
0
0
0
0
0
0
1
0
1
0
0
0
0
0
0
0
1
0
0
0
1
0
1
1
0
0
0
0
-1
0
0
1
0
0
0
0
0
0
0
0
0
0
0
0
0
-1
0
0
0
0
0
0
0
0
0
-1
0
1
0
0
0
0
0
0
0
-1
1
0
0
0
1
0
1
0
0
0
0
0
0
0
-1
0
1
0
0
0
1
0
0
0
0
-1
1
1
0
0
1
0
0
0
0
0
0
0
0
-1
0
0
0
0
1
0
0
0
0
0
0
-1
-1
1
0
0
1
0
0
-1
0
-1
1
0
1
0
0
0
0
1
-1
0
0
0
0
0
0
0
0
0
0
0
0
0
0
-1
0
0
0
0
1
0
0
0
0
0
0
0
0
-1
0
0
0
-1
0
0
1
0
-1
0
0
0
0
1
1
1
0
0
-1
0
0
-1
0
0
0
0
-1
0
0
0
0
0
0
1
0
0
0
0
0
1
0
0
0
0
0
0
0
-1
1
-1
0
-1
0
0
0
0
-1
0
0
0
0
0
0
0
0
0
1
0
0
0
0
0
0
0
0
0
0
0
0
0
0
-1
0
0
0
1
0
0
0
0
-1
0
-1
0
1
0
0
1
0
0
0
0
0
0
0
0
0
0
1
-1
0
-1
0
0
-1
0
0
0
0
-1
0
0
0
0
0
1
0
0
0
0
0
0
0
-1
0
0
0
0
0
0
-1
0
0
0
0
0
0
-1
0
-1
0
0
0
0
1
0
0
0
0
0
0
0
0
0
0
0
0
1
0
0
0
0
1
0
-1
0
1
0
0
0
0
0
0
0
-1
-1
0
0
0
1
0
-1
0
0
-1
0
0
0
-1
0
0
1
0
0
0
0
0
0
1
0
0
0
0
1
0
0
0
1
1
0
0
0
0
0
0
1
0
1
0
0
0
1
0
0
0
-1
1
1
0
-1
0
0
0
0
0
0
0
0
0
0
0
1
0
1
0
0
0
0
0
-1
0
1
0
0
-1
0
-1
0
0
-1
0
0
0
0
0
0
0
0
0
0
0
0
0
0
0
0
0
0
0
0
0
0
0
0
0
0
0
0
0
0
0
0
0
-1
0
0
0
0
0
0
0
-1
0
0
0
0
0
0
0
0
0
0
0
0
0
0
0
0
0
0
0
0
0
0
1
-1
0
0
0
0
0
0
0
1
0
0
0
0
0
-1
0
0
0
0
0
0
0
0
0
0
-1
-1
-1
-1
0
-1
0
0
0
0
0
0
-1
-1
0
-1
0
0
0
-1
0
0
0
0
0
0
0
1
0
0
0
0
0
0
0
0
0
0
1
1
0
0
0
0
0
0
0
0
0
0
0
1
0
0
0
0
0
1
1
0
0
0
0
0
-1
0
0
0
0
0
0
1
0
0
1
0
0
0
1
0
0
1
0
1
1
0
0
0
0
0
0
0
0
0
0
1
0
1
1
-1
0
0
0
0
0
0
0
0
0
0
0
1
0
0
1
0
0
0
1
0
0
0
-1
0
0
0
0
0
0
0
0
0
0
1
0
0
0
-1
-1
0
0
0
0
0
0
0
0
0
0
-1
0
1
0
0
0
0
0
0
0
-1
0
1
0
0
0
0
-1
0
-1
-1
0
0
0
0
1
0
0
0
0
0
0
0
0
1
1
0
1
-1
0
0
0
0
0
0
0
0
0
0
0
0
0
0
0
0
0
0
0
0
0
0
0
0
0
0
0
0
-1
1
0
1
0
0
1
0
0
0
0
0
1
-1
0
0
0
0
0
1
0
0
-1
0
0
0
0
1
0
0
1
-1
-1
0
0
0
0
0
0
0
0
0
0
0
-1
0
0
0
1
0
0
0
0
1
0
-1
-1
0
0
0
-1
0
0
0
0
0
-1
0
0
0
0
-1
0
0
0
0
0
0
0
0
0
0
0
0
0
0
-1
0
0
0
0
0
0
0
0
0
1
0
-1
0
0
0
0
0
0
0
0
0
0
0
0
0
0
0
0
0
0
0
-1
0
0
0
0
0
0
0
0
0
0
0
0
0
1
0
0
0
0
0
0
0
1
0
0
0
1
1
0
0
0
-1
1
1
0
0
0
0
0
0
0
1
0
0
0
1
0
0
0
0
0
-1
0
0
0
0
0
0
0
0
0
0
-1
-1
-1
0
0
0
0
-1
0
0
0
0
0
0
0
0
0
1
0
1
0
0
0
0
0
0
1
-1
0
1
-1
0
0
0
0
0
0
0
-1
0
0
0
-1
0
-1
0
0
0
0
0
-1
0
0
0
0
0
0
-1
0
0
0
0
0
0
0
0
-1
-1
0
0
0
0
0
1
0
0
0
0
0
-1
0
0
0
0
0
0
0
0
0
1
0
1
0
0
1
-1
1
0
0
0
-1
-1
0
0
0
-1
0
-1
0
0
0
-1
0
0
0
0
1
0
0
0
0
0
0
1
0
1
0
0
0
0
0
0
1
0
0
0
1
1
0
0
0
0
0
0
0
0
-1
1
0
0
0
0
0
0
0
1
0
0
-1
0
0
0
-1
-1
0
0
1
0
-1
0
0
0
0
0
0
-1
-1
0
0
-1
1
0
1
0
0
0
0
0
0
1
0
0
0
-1
0
0
0
0
0
1
-1
0
0
0
0
0
0
0
0
0
1
0
0
0
0
0
0
-1
0
0
-1
0
0
-1
0
0
0
0
0
0
0
0
1
0
0
-1
1
0
0
-1
-1
0
0
0
1
-1
0
0
0
-1
1
0
0
0
1
-1
0
0
0
0
0
0
0
0
0
0
0
-1
0
0
0
0
0
0
0
0
0
0
1
-1
0
0
-1
1
0
0
0
0
0
0
0
0
0
0
0
0
0
0
-1
0
0
0
0
0
0
0
-1
0
0
0
-1
0
0
-1
-1
0
0
0
0
0
1
1
-1
0
-1
0
0
0
0
0
0
0
0
1
0
0
0
0
-1
1
0
0
1
0
0
0
0
0
1
1
0
0
0
0
0
-1
0
-1
1
0
1
0
0
1
0
0
1
0
0
0
1
-1
-1
1
0
0
0
-1
0
0
1
0
0
0
0
0
0
-1
0
0
0
-1
0
0
1
1
-1
0
0
0
0
0
0
0
0
0
-1
1
0
0
1
0
0
0
0
1
-1
0
0
0
0
-1
1
0
0
-1
0
0
0
0
0
-1
0
-1
1
0
0
1
0
0
0
0
0
0
0
0
-1
0
0
0
1
0
1
0
0
0
0
-1
0
0
1
1
0
0
0
-1
-1
0
0
0
-1
0
0
1
0
1
0
0
1
0
0
1
0
0
0
0
0
0
0
0
0
0
0
-1
1
0
0
0
0
0
0
0
0
0
0
-1
0
-1
0
0
0
0
0
-1
0
0
0
1
0
0
0
0
0
0
0
0
0
-1
1
1
-1
0
0
0
0
0
0
0
0
0
0
0
0
0
-1
0
0
0
0
0
0
0
0
-1
0
0
0
0
-1
0
-1
0
0
0
0
0
-1
0
0
-1
0
0
0
1
0
0
0
0
0
0
1
0
0
0
0
0
1
0
0
0
1
1
0
0
0
0
0
0
0
0
1
1
1
0
0
-1
0
0
0
-1
-1
0
0
0
0
0
0
0
0
0
0
0
0
0
0
0
0
0
0
0
0
0
1
1
1
0
-1
0
0
0
0
0
0
1
-1
-1
0
0
0
0
0
1
0
-1
0
0
0
0
0
0
0
0
-1
0
0
0
0
1
0
0
0
0
0
-1
1
1
0
0
0
0
1
0
0
0
0
0
0
0
0
0
0
0
0
1
0
0
0
0
0
0
1
0
0
0
0
0
0
0
0
0
0
1
0
-1
0
0
0
0
-1
0
0
0
0
0
0
-1
0
0
-1
0
0
0
-1
1
0
0
0
0
0
0
0
0
0
0
0
0
0
-1
0
-1
0
0
0
0
0
0
0
0
0
1
0
0
0
0
0
0
0
0
0
0
0
1
0
0
0
0
0
0
0
0
0
-1
0
0
1
0
0
0
0
0
0
0
1
0
0
0
0
0
0
-1
0
1
0
0
0
0
0
0
0
0
-1
0
0
0
0
0
0
0
0
1
0
-1
0
1
0
0
-1
0
0
0
0
-1
0
0
0
0
1
0
0
0
0
0
0
0
0
-1
0
0
0
0
0
0
0
0
0
1
0
0
0
0
0
1
0
0
1
0
1
-1
0
0
0
0
0
0
0
0
-1
0
-1
-1
0
0
0
0
0
0
0
0
0
0
-1
0
-1
0
0
0
0
0
0
-1
0
0
0
0
0
0
0
0
0
0
0
0
0
0
0
0
0
1
1
0
-1
0
0
0
0
0
0
0
0
0
0
0
0
0
0
0
0
1
0
0
0
0
0
1
0
0
0
0
0
0
0
-1
-1
0
0
0
0
0
-1
-1
0
0
0
-1
1
0
0
-1
0
0
0
0
0
0
0
0
0
0
0
0
0
0
0
0
1
0
0
-1
0
0
0
0
0
0
1
0
0
-1
-1
0
0
0
0
-1
0
0
0
0
0
1
0
0
1
0
1
0
0
0
0
0
0
-1
0
0
0
0
0
0
1
0
0
0
0
0
0
-1
-1
0
-1
0
0
0
0
0
0
0
0
0
0
0
0
0
0
-1
0
0
0
0
1
0
0
0
0
0
0
0
0
0
0
-1
1
-1
0
0
0
0
0
0
0
0
1
0
1
0
0
0
1
-1
0
0
0
0
0
0
0
0
0
0
-1
0
0
0
0
1
1
0
1
0
0
0
0
0
0
0
0
0
0
-1
-1
-1
-1
0
0
0
0
0
-1
0
0
0
0
0
-1
0
-1
0
1
0
0
1
0
0
-1
0
-1
0
0
0
-1
0
1
-1
0
0
0
0
-1
0
1
0
-1
1
1
0
1
-1
0
0
1
0
0
-1
1
0
0
1
0
0
0
0
1
0
0
0
0
1
0
-1
0
-1
0
1
0
1
-1
0
1
0
0
0
0
0
-1
0
0
0
0
0
0
0
0
0
0
-1
0
1
0
1
0
-1
0
0
1
0
0
0
0
0
0
-1
0
-1
0
0
0
0
0
0
0
1
0
1
0
0
0
0
0
-1
0
0
0
0
0
-1
0
0
0
0
0
0
1
0
0
0
0
1
0
0
0
0
0
0
0
0
0
-1
0
1
0
0
0
0
0
0
0
0
0
0
0
0
0
0
0
-1
1
0
0
0
-1
0
0
0
1
0
0
0
-1
0
0
0
0
1
1
0
1
0
0
-1
0
-1
0
0
0
0
0
0
0
0
0
0
0
0
0
1
0
0
0
0
0
0
0
0
0
0
0
0
0
0
0
0
0
0
1
0
0
0
1
0
0
0
0
0
0
0
0
1
1
0
0
1
0
0
0
0
0
1
0
0
-1
1
0
-1
-1
0
0
0
0
0
1
0
1
0
0
0
1
0
-1
1
0
0
0
-2
-1
-1
-1
-1
1
1
1
0
0
0
0
0
1
-1
0
-1
-1
-1
-1
1
2
2
2
2
2
0
0
0
0
0
0
0
0
1
1
0
1
1
0
0
0
-1
0
1
3
2
1
2
1
0
0
0
0
0
0
0
0
1
0
1
1
1
0
0
0
0
1
1
1
1
0
-1
-2
-2
-3
-1
-1
0
-1
0
-1
-1
-1
0
0
1
1
1
0
2
1
3
2
2
1
0
1
0
0
-1
1
3
1
2
3
2
2
3
2
2
1
0
-1
-3
-4
-4
-2
-3
0
2
3
3
3
3
2
0
0
-1
-1
0
1
0
-1
-4
-7
-9
-13
-13
-11
-6
-3
1
5
8
10
12
16
20
21
17
12
8
3
-4
-11
-19
-22
-25
-24
-21
-18
-16
-14
-9
-3
4
9
10
9
11
11
12
7
6
6
7
11
15
17
16
14
10
7
5
2
-2
-4
-4
-3
-3
-4
-8
-12
-13
-9
-1
8
16
20
19
17
11
4
-3
-9
-10
-7
1
8
11
6
-3
-17
-30
-41
-45
-47
-42
-30
-18
-9
-6
-9
-14
-15
-8
8
25
38
43
41
32
26
21
22
26
39
61
81
88
67
15
-55
-123
-170
-190
-180
-147
-101
-44
13
59
81
82
68
58
64
94
135
170
185
176
143
91
31
-28
-79
-115
-125
-113
-96
-91
-110
-150
-191
-212
-198
-149
-77
4
85
153
200
218
201
159
106
67
55
62
66
53
8
-57
-129
-193
-238
-269
-283
-281
-262
-232
-207
-195
-197
-181
-105
56
290
548
773
919
964
906
748
501
198
-107
-354
-501
-544
-520
-480
-460
-470
-490
-492
-466
-400
-294
-144
53
276
486
637
701
682
612
524
434
329
190
9
-202
-414
-602
-752
-852
-887
-839
-696
-469
-209
32
210
316
368
395
416
436
448
451
446
429
385
300
161
-19
-208
-362
-459
-495
-491
-468
-430
-374
-294
-197
-91
11
111
221
344
458
533
545
494
405
305
212
129
55
-11
-62
-95
-118
-144
-182
-229
-274
-294
-277
-225
-150
-63
24
104
177
231
262
264
241
203
157
101
47
-24
-94
-165
-222
-258
-284
-287
-288
-267
-237
-200
-150
-108
-50
-1
57
111
153
195
213
234
213
188
132
76
22
-28
-61
-103
-120
-136
-124
-106
-77
-46
-29
0
21
59
82
107
111
111
114
114
121
107
87
45
13
-20
-40
-50
-66
-67
-73
-61
-54
-51
-62
-88
-113
-122
-113
-77
-33
22
72
107
141
131
121
66
23
-20
-50
-43
-55
-37
-51
-43
-43
-32
-18
-2
26
60
102
131
148
121
88
29
-1
-31
-42
-42
-58
-37
-48
-17
-34
-42
-60
-77
-39
-20
41
61
81
90
81
93
64
61
29
23
25
27
28
-6
-43
-86
-113
-109
-104
-90
-75
-62
-15
15
56
60
32
15
-29
-19
-31
-23
-30
-49
-39
-45
-34
-63
-109
-163
-203
-207
-186
-162
-131
-95
-43
27
86
131
148
157
169
196
228
247
247
219
179
125
76
19
-31
-66
-79
-57
-24
17
31
26
7
-15
-16
-10
16
48
82
112
116
100
45
-26
-104
-162
-184
-178
-139
-99
-54
-27
-12
-12
-22
-26
-21
4
39
86
112
130
108
80
38
7
-2
-12
-4
-26
-41
-84
-120
-161
-198
-209
-215
-178
-133
-63
-11
24
29
17
8
9
25
44
63
82
96
103
90
53
-1
-52
-79
-68
-26
17
49
59
62
70
82
86
76
60
59
86
127
148
137
96
57
29
22
13
-13
-44
-75
-73
-65
-51
-60
-76
-86
-86
-60
-49
-17
-25
0
13
49
96
102
113
80
73
61
53
42
14
-19
-58
-86
-114
-107
-141
-123
-140
-83
-32
9
58
12
12
-53
-54
-64
-66
-34
-9
70
118
150
116
28
-84
-205
-264
-303
-273
-230
-140
-35
63
134
158
155
117
97
80
103
124
131
133
95
88
40
20
-29
-69
-79
-86
-51
-63
-60
-81
-79
-41
-29
36
57
134
195
232
257
192
135
56
12
-14
-35
-47
-50
-39
-26
-6
-30
-34
-69
-61
-32
8
77
94
116
87
56
15
-41
-74
-112
-93
-60
12
57
71
30
-36
-98
-143
-147
-152
-110
-70
-1
44
49
28
-46
-70
-101
-58
-23
32
77
83
91
33
-8
-86
-116
-113
-69
-4
28
29
-6
-57
-88
-109
-109
-78
-34
50
128
165
153
67
-9
-57
-48
14
62
113
126
130
114
52
-33
-128
-168
-122
-21
87
134
121
69
3
-47
-85
-100
-79
-23
73
158
201
172
73
-21
-82
-63
-5
61
111
116
105
55
-15
-109
-205
-251
-225
-109
37
152
191
161
111
76
65
60
51
48
69
117
155
147
66
-60
-168
-209
-181
-123
-90
-97
-130
-155
-157
-154
-158
-169
-154
-90
14
114
159
127
30
-57
-99
-82
-57
-39
-37
-9
34
85
98
57
-29
-105
-128
-90
-30
5
28
32
57
86
92
83
18
-31
-65
-52
6
39
61
41
30
39
57
80
57
31
0
9
56
81
96
38
-14
-39
-35
36
51
83
64
65
99
109
117
54
-4
-39
-19
52
111
130
98
29
-29
-75
-115
-147
-195
-197
-171
-102
-12
23
48
-2
-20
-13
10
68
64
56
32
13
33
21
1
-42
-86
-78
-51
-15
-6
-57
-83
-110
-67
4
56
109
94
83
44
-10
-56
-136
-169
-204
-179
-140
-96
-77
-84
-113
-128
-122
-97
-29
16
102
139
182
190
164
155
99
93
61
70
70
68
49
10
-31
-62
-66
-42
-1
49
91
120
144
149
146
120
84
54
35
37
41
32
14
-17
-20
-18
2
4
-21
-54
-100
-108
-109
-76
-48
-5
33
67
88
80
45
-18
-81
-121
-130
-90
-48
4
26
34
34
13
-6
-56
-108
-135
-142
-95
-60
-32
-33
-57
-50
-50
-21
-14
-29
-49
-83
-78
-77
-67
-71
-71
-41
13
89
136
154
125
109
90
106
113
114
113
98
115
96
90
38
-17
-63
-93
-79
-66
-38
-31
-26
-22
-9
12
32
56
75
116
146
189
183
147
81
4
-41
-75
-82
-103
-107
-105
-82
-57
-61
-69
-108
-100
-85
-40
5
25
50
58
74
77
54
21
-25
-41
-37
-7
17
13
-8
-54
-84
-117
-137
-148
-149
-109
-56
19
75
97
88
56
26
4
-2
-10
-1
9
43
70
87
71
23
-26
-71
-80
-77
-51
-30
-1
19
37
37
28
10
-3
1
21
57
86
106
110
94
72
34
-1
-30
-37
-24
1
22
32
26
12
-15
-49
-76
-89
-63
-20
23
41
32
16
0
-4
-8
-15
-13
-1
30
55
58
37
-21
-53
-80
-61
-44
-25
-19
-24
-13
-10
-3
-24
-48
-60
-42
8
48
81
61
46
13
12
9
3
-11
-35
-28
-19
12
14
-1
-31
-55
-43
-37
-16
-28
-32
-35
-12
21
52
65
60
56
49
55
41
24
-6
-29
-25
-9
20
29
23
3
-10
-9
-5
0
-11
-17
-21
-5
10
16
9
-6
-11
0
18
27
21
-2
-16
-22
-14
-8
-7
-5
-2
16
31
42
31
8
-15
-29
-21
-15
-6
-8
-7
-1
4
3
-6
-25
-32
-29
-17
-6
-4
-6
-11
-13
-14
-15
-17
-15
-12
-2
7
12
12
4
-4
-7
-7
-3
0
3
9
11
13
10
5
-1
-2
0
5
11
15
19
21
23
27
28
27
25
21
17
14
12
9
3
-3
-8
-9
-9
-12
-16
-23
-25
-23
-21
-17
-14
-10
-2
6
13
17
14
11
13
17
23
28
26
21
12
5
-1
-6
-11
-16
-14
-8
-3
-6
-13
-24
-28
-26
-19
-12
-10
-9
-8
-7
-8
-10
-15
-18
-13
-4
9
21
30
31
31
29
27
21
14
7
0
-3
-4
-7
-8
-11
-11
-10
-6
-7
-8
-14
-18
-20
-15
-6
4
15
23
27
27
24
18
12
6
2
0
-1
-2
-4
-5
-5
-7
-10
-11
-13
-14
-17
-19
-19
-17
-12
-3
7
17
26
33
36
34
29
23
19
17
17
18
18
14
8
-2
-14
-24
-32
-36
-36
-37
-37
-38
-37
-34
-32
-28
-24
-14
-3
7
14
16
15
14
16
21
24
30
33
33
31
27
18
7
-3
-10
-12
-12
-12
-12
-13
-13
-11
-8
-6
-4
-1
4
9
14
16
15
13
9
6
2
3
3
7
7
8
6
3
1
1
-2
-2
-3
-3
-4
-2
-4
-6
-11
-14
-14
-11
-10
-8
-8
-8
-8
-6
-2
-1
0
2
6
10
16
15
14
10
6
4
1
-1
-3
-4
-4
-3
-4
-6
-10
-13
-14
-11
-7
-3
-2
1
3
6
10
11
12
11
11
9
8
5
5
2
2
1
2
0
-2
-3
-3
-4
-4
-5
-5
-4
-2
0
3
6
10
14
15
16
18
17
15
12
6
1
-3
-6
-7
-9
-12
-14
-15
-16
-16
-17
-15
-11
-6
-1
4
7
9
11
12
11
10
8
8
8
8
5
0
-6
-10
-10
-10
-7
-6
-4
-3
0
2
4
3
0
-3
-2
-2
1
-1
-4
-6
-7
-7
-9
-10
-12
-11
-9
-4
-1
0
-1
-2
2
3
7
10
10
11
12
12
11
11
11
9
8
6
4
1
0
-3
-4
-5
-6
-6
-6
-4
-2
0
3
3
3
3
1
0
1
1
2
2
2
0
-2
-3
-4
-6
-4
-5
-4
-3
-2
-2
0
1
2
3
5
6
8
8
8
7
4
3
1
0
-2
-1
-1
0
-2
-2
-3
-3
-4
-4
-3
-3
-3
-2
-2
-2
-2
-2
-1
1
2
3
3
3
1
1
0
0
1
4
3
3
3
2
1
0
0
-2
0
-1
-1
-1
1
0
1
0
-1
-1
-1
-1
0
0
2
3
3
0
-1
0
1
-2
-1
1
2
0
1
0
0
1
1
1
1
1
1
1
1
2
2
1
1
0
0
-1
1
0
1
1
1
1
0
-1
-1
1
0
0
1
0
0
-1
0
0
2
1
1
-1
-1
-2
-1
1
-1
1
1
1
1
1
0
1
1
1
1
1
1
1
0
-1
0
0
0
0
1
-1
0
0
0
0
0
0
0
0
1
2
2
1
1
0
1
-1
-1
0
1
1
1
1
1
1
0
0
-1
0
0
-2
-1
-1
0
0
0
2
2
2
2
1
1
2
1
1
1
1
1
2
0
0
0
0
0
0
0
-1
1
-1
0
-1
0
0
0
0
-1
0
0
0
0
0
0
0
0
0
1
0
0
0
0
0
0
0
0
0
0
0
0
0
0
-1
0
0
0
1
0
0
0
0
-1
0
-1
0
1
0
0
1
0
0
0
0
0
0
0
0
0
0
1
-1
0
-1
0
0
-1
0
0
0
0
-1
0
0
0
0
0
1
0
0
0
0
0
0
0
-1
0
0
0
0
0
0
-1
0
0
0
0
0
0
-1
0
-1
0
0
0
0
1
0
0
0
0
0
0
0
0
0
0
0
0
1
0
0
0
0
1
0
-1
0
1
0
0
0
0
0
0
0
-1
-1
0
0
0
1
0
-1
0
0
-1
0
0
0
-1
0
0
1
0
0
0
0
0
0
1
0
0
0
0
1
0
0
0
1
1
0
0
0
0
0
0
1
0
1
0
0
0
1
0
0
0
-1
1
1
0
-1
0
0
0
0
0
0
0
0
0
0
0
1
0
1
0
0
0
0
0
-1
0
1
0
0
-1
0
-1
0
0
-1
0
0
0
0
0
0
0
0
0
0
0
0
0
0
0
0
0
0
0
0
0
0
0
0
0
0
0
0
0
0
0
0
0
-1
0
0
0
0
0
0
0
-1
0
0
0
0
0
0
0
0
0
0
0
0
0
0
0
0
0
0
0
0
0
0
1
-1
0
0
0
0
0
0
0
1
0
0
0
0
0
-1
0
0
0
0
0
0
0
0
0
0
-1
-1
-1
-1
0
-1
0
0
0
0
0
0
-1
-1
0
-1
0
0
0
-1
0
0
0
0
0
0
0
1
0
0
0
0
0
0
0
0
0
0
1
1
0
0
0
0
0
0
0
0
0
0
0
1
0
0
0
0
0
1
1
0
0
0
0
0
-1
0
0
0
0
0
0
1
0
0
1
0
0
0
1
0
0
1
0
1
1
0
0
0
0
0
0
0
0
0
0
1
0
1
1
-1
0
0
0
0
0
0
0
0
0
0
0
1
0
0
1
0
0
0
1
0
0
0
-1
0
0
0
0
0
0
0
0
0
0
1
0
0
0
-1
-1
0
0
0
0
0
0
0
0
0
0
-1
0
1
0
0
0
0
0
0
0
-1
0
1
0
0
0
0
-1
0
-1
-1
0
0
0
0
1
0
0
0
0
0
0
0
0
1
1
0
1
-1
0
0
0
0
0
0
0
0
0
0
0
0
0
0
0
0
0
0
0
0
0
0
0
0
0
0
0
0
-1
1
0
1
0
0
1
0
0
0
0
0
1
-1
0
0
0
0
0
1
0
0
-1
0
0
0
0
1
0
0
1
-1
-1
0
0
0
0
0
0
0
0
0
0
0
-1
0
0
0
1
0
0
0
0
1
0
-1
-1
0
0
0
-1
0
0
0
0
0
-1
0
0
0
0
-1
0
0
0
0
0
0
0
0
0
0
0
0
0
0
-1
0
0
0
0
0
0
0
0
0
1
0
-1
0
0
0
0
0
0
0
0
0
0
0
0
0
0
0
0
0
0
0
-1
0
0
0
0
0
0
0
0
0
0
0
0
0
1
0
0
0
0
0
0
0
1
0
0
0
1
1
0
0
0
-1
1
1
0
0
0
0
0
0
0
1
0
0
0
1
0
0
0
0
0
-1
0
0
0
0
0
0
0
0
0
0
-1
-1
-1
0
0
0
0
-1
0
0
0
0
0
0
0
0
0
1
0
1
0
0
0
0
0
0
1
-1
0
1
-1
0
0
0
0
0
0
0
-1
0
0
0
-1
0
-1
0
0
0
0
0
-1
0
0
0
0
0
0
-1
0
0
0
0
0
0
0
0
-1
-1
0
0
0
0
0
1
0
0
0
0
0
-1
0
0
0
0
0
0
0
0
0
1
0
1
0
0
1
-1
1
0
0
0
-1
-1
0
0
0
-1
0
-1
0
0
0
-1
0
0
0
0
1
0
0
0
0
0
0
1
0
1
0
0
0
0
0
0
1
0
0
0
1
1
0
0
0
0
0
0
0
0
-1
1
0
0
0
0
0
0
0
1
0
0
-1
0
0
0
-1
-1
0
0
1
0
-1
0
0
0
0
0
0
-1
-1
0
0
-1
1
0
1
0
0
0
0
0
0
1
0
0
0
-1
0
0
0
0
0
1
-1
0
0
0
0
0
0
0
0
0
1
0
0
0
0
0
0
-1
0
0
-1
0
0
-1
0
0
0
0
0
0
0
0
1
0
0
-1
1
0
0
-1
-1
0
0
0
1
-1
0
0
0
-1
1
0
0
0
1
-1
0
0
0
0
0
0
0
0
0
0
0
-1
0
0
0
0
0
0
0
0
0
0
1
-1
0
0
-1
1
0
0
0
0
0
0
0
0
0
0
0
0
0
0
-1
0
0
0
0
0
0
0
-1
0
0
0
-1
0
0
-1
-1
0
0
0
0
0
1
1
-1
0
-1
0
0
0
0
0
0
0
0
1
0
0
0
0
-1
1
0
0
1
0
0
0
0
0
1
1
0
0
0
0
0
-1
0
-1
1
0
1
0
0
1
0
0
1
0
0
0
1
-1
-1
1
0
0
0
-1
0
0
1
0
0
0
0
0
0
-1
0
0
0
-1
0
0
1
1
-1
0
0
0
0
0
0
0
0
0
-1
1
0
0
1
0
0
0
0
1
-1
0
0
0
0
-1
1
0
0
-1
0
0
0
0
0
-1
0
-1
1
0
0
1
0
0
0
0
0
0
0
0
-1
0
0
0
1
0
1
0
0
0
0
-1
0
0
1
1
0
0
0
-1
-1
0
0
0
-1
0
0
1
0
1
0
0
1
0
0
1
0
0
0
0
0
0
0
0
0
0
0
-1
1
0
0
0
0
0
0
0
0
0
0
-1
0
-1
0
0
0
0
0
-1
0
0
0
1
0
0
0
0
0
0
0
0
0
-1
1
1
-1
0
0
0
0
0
0
0
0
0
0
0
0
0
-1
0
0
0
0
0
0
0
0
-1
0
0
0
0
-1
0
-1
0
0
0
0
0
-1
0
0
-1
0
0
0
1
0
0
0
0
0
0
1
0
0
0
0
0
1
0
0
0
1
1
0
0
0
0
0
0
0
0
1
1
1
0
0
-1
0
0
0
-1
-1
0
0
0
0
0
0
0
0
0
0
0
0
0
0
0
0
0
0
0
0
0
1
1
1
0
-1
0
0
0
0
0
0
1
-1
-1
0
0
0
0
0
1
0
-1
0
0
0
0
0
0
0
0
-1
0
0
0
0
1
0
0
0
0
0
-1
1
1
0
0
0
0
1
0
0
0
0
0
0
0
0
0
0
0
0
1
0
0
0
0
0
0
1
0
0
0
0
0
0
0
0
0
0
1
0
-1
0
0
0
0
-1
0
0
0
0
0
0
-1
0
0
-1
0
0
0
-1
1
0
0
0
0
0
0
0
0
0
0
0
0
0
-1
0
-1
0
0
0
0
0
0
0
0
0
1
0
0
0
0
0
0
0
0
0
0
0
1
0
0
0
0
0
0
0
0
0
-1
0
0
1
0
0
0
0
0
0
0
1
0
0
0
0
0
0
-1
0
1
0
0
0
0
0
0
0
0
-1
0
0
0
0
0
0
0
0
1
0
-1
0
1
0
0
-1
0
0
0
0
-1
0
0
0
0
1
0
0
0
0
0
0
0
0
-1
0
0
0
0
0
0
0
0
0
1
0
0
0
0
0
1
0
0
1
0
1
-1
0
0
0
0
0
0
0
0
-1
0
-1
-1
0
0
0
0
0
0
0
0
0
0
-1
0
-1
0
0
0
0
0
0
-1
0
0
0
0
0
0
0
0
0
0
0
0
0
0
0
0
0
1
1
0
-1
0
0
0
0
0
0
0
0
0
0
-1
0
1
0
0
0
1
0
0
0
3
0
0
2
-1
-3
-2
0
-2
1
-1
0
1
2
-2
1
3
-1
-2
3
1
-2
-1
2
-1
0
1
-1
-1
1
-2
-1
4
0
0
5
1
-1
1
1
-1
1
1
0
0
0
-4
0
2
-2
0
3
0
0
0
0
-2
-2
0
0
0
2
-1
0
3
0
1
2
1
0
1
1
0
1
0
0
0
0
0
0
-1
0
0
0
0
0
0
1
0
0
0
0
0
0
-1
-1
0
-1
0
0
0
0
0
0
0
0
0
0
0
0
0
0
-1
0
0
0
0
1
0
0
0
0
0
0
0
0
0
0
-1
1
-1
0
0
0
0
0
0
0
0
1
0
1
0
0
0
1
-1
0
0
0
0
0
0
0
0
0
0
-1
0
0
0
0
1
1
0
1
0
0
0
0
0
0
0
0
0
0
-1
-1
-1
-1
0
0
0
0
0
-1
0
0
0
0
0
-1
0
-1
0
1
0
0
1
0
0
-1
0
-1
0
0
0
-1
0
1
-1
0
0
0
0
-1
0
1
0
-1
1
1
0
1
-1
0
0
1
0
0
-1
1
0
0
1
0
0
0
0
1
0
0
0
0
1
0
-1
0
-1
0
1
0
1
-1
0
1
0
0
0
0
0
-1
0
0
0
0
0
0
0
0
0
0
-1
0
1
0
1
0
-1
0
0
1
0
0
0
0
0
0
-1
0
-1
0
0
0
0
0
0
0
1
0
1
0
0
0
0
0
-1
0
0
0
0
0
-1
0
0
0
0
0
0
1
0
0
0
0
1
0
0
0
0
0
0
0
0
0
-1
0
1
0
0
0
0
0
0
0
0
0
0
0
0
0
0
0
-1
1
0
0
0
-1
0
0
0
1
0
0
0
-1
0
0
0
0
1
1
0
1
0
0
-1
0
-1
0
0
0
0
0
0
0
0
0
0
0
0
0
1
0
0
0
0
0
0
0
0
0
0
0
0
0
0
0
0
0
0
1
0
0
0
1
0
0
0
0
0
0
0
0
1
1
0
0
1
0
0
0
0
0
1
0
0
-1
1
0
-1
-1
0
0
0
0
-1
1
0
1
0
0
0
1
0
-1
1
0
2
3
3
4
3
1
0
1
2
2
1
-1
-1
-1
1
1
-1
0
0
-1
-1
-1
0
1
0
0
-1
0
-3
-7
-9
-6
-6
-14
-21
-21
-18
-16
-13
-11
-14
-15
-7
3
2
-4
-3
4
5
2
5
8
5
1
3
7
6
5
7
9
9
4
1
5
10
7
5
10
14
10
3
0
3
10
17
17
15
12
9
9
18
27
24
10
9
13
6
2
12
19
16
9
6
6
19
24
16
9
8
0
-7
-1
-2
-16
-25
-23
-22
-27
-30
-31
-32
-26
-21
-22
-16
-7
-17
-29
-12
14
9
-5
-11
-18
-23
-6
14
12
-11
-25
-18
5
9
-2
-2
5
-4
-14
-8
1
6
13
21
16
5
3
18
36
36
17
1
2
8
6
-2
-10
-13
-11
-13
-13
-16
-23
-22
-12
-8
-21
-26
-11
0
-17
-35
-21
1
-15
-47
-41
-11
-24
-54
-41
-10
-15
-43
-48
-16
21
35
37
57
69
34
4
47
102
64
-9
-9
9
-66
-147
-133
-95
-35
44
28
-61
-168
-234
-5
477
642
247
-124
-41
137
243
527
630
249
-129
-231
-198
-35
86
-32
-146
-157
-442
-758
-412
79
-72
-273
-81
-80
-254
-118
112
156
207
294
287
251
109
-110
-13
327
392
236
86
-208
-444
-265
-9
4
18
-43
-356
-422
-133
-55
-98
69
124
-14
-7
71
47
59
144
196
226
241
162
30
-7
45
99
198
262
86
-182
-259
-176
-12
173
169
-61
-244
-190
28
195
187
109
90
59
26
110
158
8
-77
96
224
96
-101
-210
-209
-126
-50
-34
-96
-304
-444
-153
355
505
257
-69
-334
-326
66
458
534
244
-357
-773
-570
-57
240
188
-71
-410
-655
-530
-151
151
183
-302
-780
-248
736
918
475
-96
-623
-319
886
1524
888
-209
-1004
-1083
-209
786
722
56
-135
-33
165
639
791
542
655
863
710
704
743
324
79
400
542
410
399
30
-727
-940
-604
-349
-115
-196
-973
-1517
-1230
-714
-242
11
-325
-791
-740
-447
-461
-672
-797
-845
-626
-334
-606
-1071
-1045
-767
-535
-415
-483
-636
-728
-586
-203
148
267
105
-74
76
345
540
846
1044
812
495
515
730
930
1093
1051
737
457
453
651
856
881
690
435
247
155
158
261
418
548
576
476
347
380
650
1020
1248
1169
881
631
676
1018
1416
1696
1716
1431
1117
941
855
841
772
603
378
45
-292
-602
-865
-816
-757
-1147
-1624
-2052
-2699
-3247
-3497
-3999
-5101
-6727
-8487
-9069
-7435
-4617
-2023
61
720
-841
-2221
-254
4239
7933
9169
8151
5763
3710
3612
5447
7552
7790
5366
1860
-723
-1995
-2305
-1922
-1751
-2689
-4405
-6028
-6877
-6425
-4937
-3157
-1307
21
-215
-1469
-1987
-1002
1159
3721
5300
4814
2897
1327
1263
2547
4113
4720
3858
2053
300
-615
-581
-210
-246
-695
-1106
-1655
-2581
-3293
-3306
-2753
-1845
-1108
-1156
-1724
-2099
-2099
-1610
-301
1411
2404
2152
1102
201
361
1539
2702
3058
2482
1122
-331
-838
-268
491
833
644
-132
-1191
-1862
-1710
-790
248
568
154
-281
-425
-285
379
1458
2304
2541
2273
1766
1426
1459
1707
2061
2360
2084
1183
361
19
-20
-57
-281
-635
-1056
-1514
-1734
-1553
-1261
-1219
-1460
-1661
-1716
-2044
-2852
-3652
-3925
-3732
-3643
-4443
-6476
-8415
-7499
-2796
2499
4033
1223
-2395
-3094
111
5287
8906
8541
5182
2141
1698
3551
5716
6210
4552
1938
-222
-1353
-1592
-1482
-1669
-2273
-2939
-3497
-4044
-4455
-4283
-3133
-1092
1063
2085
1155
-1048
-2437
-1309
1851
4668
5033
2876
-7
-1383
-125
2801
4786
3916
957
-1489
-1568
247
1854
1758
529
-496
-931
-871
-262
439
541
253
278
624
612
-244
-1313
-1248
141
1337
1205
136
-1037
-1648
-1195
33
1013
1012
71
-1113
-1462
-461
1130
2083
1914
965
-80
-489
145
1461
2513
2477
1313
56
-61
797
1345
1020
183
-910
-1927
-2466
-3008
-4204
-5690
-7261
-9114
-9524
-6036
-454
1781
-1185
-5224
-5891
-2452
3292
8196
8973
5408
1071
-266
2438
7036
9584
8042
4194
755
-1000
-708
820
1671
818
-1568
-4631
-6402
-5782
-4323
-3247
-1986
-979
-1278
-2351
-3537
-4280
-2929
437
3071
3560
2298
-212
-1881
-210
3564
6082
5954
3463
446
-43
2092
3927
4163
3262
1450
-455
-886
255
1077
570
-527
-1614
-1881
-921
-517
-1627
-2578
-2453
-1767
-800
-156
-371
-772
-815
-644
85
1296
1711
994
371
401
870
1733
2129
1395
508
-27
-193
502
1306
1204
536
-154
-268
338
964
1102
568
-41
111
723
1398
1673
1013
326
316
290
-101
-993
-2427
-3520
-3930
-4635
-6073
-7977
-10088
-10152
-5490
746
1982
-2168
-6139
-6152
-2012
4431
9271
9112
4783
428
-49
4025
9000
10504
8065
4048
572
-781
369
2192
2532
702
-2558
-5189
-5536
-4437
-3466
-2821
-2387
-2254
-2284
-2807
-3940
-4206
-2557
-203
1541
2049
773
-1114
-1492
292
3597
6167
5512
2648
846
1618
3915
5564
5327
3737
1948
867
865
1582
2026
1314
-303
-1676
-2090
-1834
-1694
-2034
-2516
-2728
-2707
-2674
-2609
-2338
-1932
-1636
-1429
-974
-184
494
738
895
1378
1910
2024
1879
1991
2288
2266
1965
1884
1986
1801
1403
1305
1494
1472
1112
714
434
183
20
1
-154
-761
-1822
-3024
-3614
-3290
-3282
-4671
-6742
-8842
-10814
-10293
-4991
1376
2377
-2251
-6905
-6856
-1491
6014
10823
9745
4236
-312
182
5146
10499
11812
8471
3532
-268
-1127
1307
4108
3977
793
-3490
-6589
-6719
-4613
-3068
-2889
-3027
-3651
-4574
-4766
-4553
-4161
-2898
-1072
268
627
-99
-1590
-2260
-56
3624
5097
3887
2087
1300
2326
4589
5763
5110
3885
2758
1916
2168
3373
3283
2195
1007
-303
-900
-958
-483
-731
-1796
-2860
-3893
-3731
-2915
-2231
-2043
-2551
-3150
-3277
-2348
-642
867
1255
653
168
734
2113
3168
3257
2485
1647
1524
2209
3093
3358
2735
1772
1295
1444
1700
1548
1018
514
575
908
506
-511
-1160
-1165
-1235
-1771
-2633
-3364
-3987
-5019
-6325
-7394
-7951
-9335
-9917
-6590
-1314
1066
-1957
-5687
-5532
-1548
4571
9166
9593
5837
1764
1567
5269
9983
11810
9162
4294
859
341
1975
3861
3827
1107
-3041
-6106
-6279
-4134
-2329
-2461
-3578
-4562
-5226
-5262
-4678
-4133
-3528
-2490
-1659
-1497
-1453
-1302
-1066
80
2460
4475
4457
2931
2022
3100
5319
6525
5684
3973
3034
3088
3520
4020
4121
3046
1025
-525
-710
-117
-4
-1058
-2808
-4177
-4595
-4232
-3438
-2726
-2709
-3378
-3935
-3655
-2538
-1121
21
489
297
-4
275
1392
2814
3637
3474
2715
2183
2406
3175
3931
4043
3350
2478
1806
1449
1607
1825
1675
1248
419
-595
-1331
-1680
-1489
-1172
-1578
-2711
-3983
-4791
-4892
-4947
-5636
-6747
-8214
-10005
-9832
-5283
459
1307
-2963
-6622
-5397
121
6450
9814
8253
3517
74
1223
6530
11843
12355
7720
2279
-243
816
4049
6454
5359
900
-4336
-7012
-5478
-1837
18
-1554
-4736
-6675
-6493
-5228
-3825
-2761
-2561
-3194
-3635
-3009
-1846
-1145
-597
761
2493
3032
2074
1169
1847
3996
5988
6158
4568
2985
2799
3758
4825
5254
4604
2776
537
-656
-89
1116
1029
-854
-3168
-4401
-4262
-3323
-2314
-1949
-2656
-3955
-4602
-3807
-2053
-526
4
-331
-800
-695
236
1646
2852
3349
3120
2509
2113
2511
3516
4021
3334
2080
1385
1669
2345
2315
1315
265
-131
-65
220
437
119
-602
-1239
-1745
-2009
-1996
-2368
-3298
-4136
-5019
-6304
-7351
-8054
-8559
-7081
-2969
-236
-2312
-6231
-6848
-3294
1728
5514
6357
3934
428
-372
3342
8951
11622
9179
4163
854
1172
3952
6750
7099
3692
-1878
-5601
-4770
-881
1763
459
-3263
-5905
-5848
-3920
-1768
-1000
-2211
-4016
-4420
-3086
-1297
-489
-961
-1488
-740
879
1873
1797
1533
1854
2661
3363
3640
3664
3600
3441
3322
3504
3796
3550
2554
1436
928
1052
1025
213
-977
-1821
-2060
-1849
-1650
-1815
-2429
-3292
-3630
-2953
-1832
-1033
-986
-1632
-2089
-1515
-226
839
1357
1571
1413
826
640
1521
2711
3119
2573
1618
1117
1465
2141
2486
2244
1472
603
174
360
934
1349
1096
221
-684
-1157
-1238
-1310
-1739
-2538
-3620
-5134
-6698
-7292
-6600
-5176
-3635
-2996
-4177
-5897
-5457
-2560
449
1967
2020
1115
244
760
3154
6123
7404
6059
3537
2169
2931
4706
5698
5169
3222
408
-1647
-1388
501
1689
818
-1268
-2943
-3430
-2672
-1427
-1118
-2065
-3363
-4021
-3476
-2290
-1578
-1705
-2020
-1723
-873
-64
526
771
893
1366
1686
1977
2478
2921
3234
2920
2803
3393
3790
3611
2804
2133
1886
1537
1503
1560
956
-129
-1261
-1752
-1374
-890
-966
-1855
-2734
-2845
-2653
-1953
-1158
-1285
-1866
-2327
-1837
-548
321
396
-312
-685
-118
679
1438
1907
1756
1232
1007
1444
2212
2619
2446
1926
1431
1313
1429
1569
1686
1514
906
230
-169
-431
-729
-1054
-1614
-2733
-4182
-5235
-5424
-4987
-4645
-4870
-5332
-5298
-4636
-3798
-3021
-2258
-1595
-1032
-327
579
1594
2635
3333
3420
3306
3534
4167
4879
5129
4506
3276
2359
2270
2442
2213
1538
602
-166
-382
-461
-811
-1113
-1404
-2018
-2505
-2352
-1943
-1830
-2029
-2295
-2392
-2058
-1321
-767
-693
-768
-856
-835
-313
653
1349
1477
1380
1454
1783
2266
2739
2994
3079
2756
2196
1949
2079
2401
2278
1696
927
213
-64
11
205
66
-648
-1663
-2249
-2078
-1472
-1060
-1340
-1829
-2062
-1743
-1127
-940
-949
-899
-820
-584
-186
313
624
609
734
1080
1524
1930
1840
1596
1563
1639
1662
1436
1225
1088
881
602
305
68
-299
-906
-1453
-1757
-2127
-2756
-3316
-3590
-3809
-4069
-4013
-3617
-3303
-3211
-3103
-2791
-2185
-1388
-722
-259
203
618
918
1381
2055
2598
2907
3065
2948
2613
2436
2483
2460
2276
2056
1800
1426
991
670
496
293
-19
-311
-563
-837
-991
-949
-1059
-1551
-1963
-1810
-1352
-1064
-948
-932
-1152
-1387
-1078
-243
422
481
184
38
317
906
1448
1755
1965
2076
1904
1648
1755
2153
2347
2140
1768
1360
945
685
590
569
415
-188
-928
-1243
-1053
-733
-779
-1064
-1379
-1578
-1409
-1115
-785
-535
-626
-875
-1008
-702
3
529
524
175
4
336
919
1407
1555
1123
510
281
583
1088
1219
810
73
-491
-546
-339
-187
-228
-637
-1457
-2195
-2180
-1532
-1147
-1389
-1949
-2479
-2621
-2263
-1490
-801
-857
-1511
-2154
-1990
-853
236
539
56
-551
-506
86
897
1508
1482
1033
505
326
872
1667
2069
1761
989
547
530
803
1265
1359
837
11
-420
-86
460
567
115
-532
-701
-208
365
437
-85
-630
-601
-171
393
865
834
266
-255
-3
810
1346
1296
777
222
105
462
954
1177
912
290
-209
-169
327
800
768
158
-564
-792
-403
216
603
381
-370
-926
-676
113
596
377
-103
-416
-618
-537
-103
388
587
251
-238
-272
188
649
859
556
-15
-31
86
13
83
164
-186
-769
-874
-841
-884
-925
-1380
-1983
-2161
-1988
-1694
-1630
-2061
-2335
-2050
-1431
-1004
-925
-857
-912
-886
-587
19
659
783
611
493
657
934
1120
1426
1751
1631
1022
677
949
1234
1060
773
761
858
834
676
473
230
-34
-147
16
195
-24
-599
-1057
-1085
-815
-553
-499
-664
-841
-834
-712
-548
-261
3
-27
-225
-130
298
660
895
1101
1171
1123
1037
1120
1553
1852
1674
1320
1077
1071
1119
1125
1267
1142
516
-83
-290
-21
346
255
-222
-873
-1323
-1202
-835
-464
-282
-669
-1211
-1277
-918
-540
-424
-354
-215
-227
-225
5
331
543
526
569
836
1024
961
757
644
699
673
495
328
131
-124
-364
-597
-843
-1103
-1344
-1558
-1747
-1828
-1802
-1808
-1878
-1904
-1837
-1724
-1545
-1239
-927
-837
-923
-883
-571
-213
-58
-40
15
124
269
526
854
1004
850
647
713
1054
1409
1527
1368
1106
936
903
969
1059
955
561
204
156
229
117
-194
-441
-411
-254
-192
-190
-252
-437
-577
-495
-192
163
262
43
-149
-23
366
742
892
778
514
459
786
1119
1190
1075
872
691
672
881
1085
842
238
-143
-81
158
237
-30
-489
-816
-920
-905
-734
-432
-357
-670
-940
-827
-552
-400
-318
-172
-3
73
116
259
439
549
646
847
1103
1119
821
570
617
885
1101
933
400
-187
-516
-383
-46
-98
-741
-1538
-1941
-1975
-1897
-1743
-1785
-2282
-2814
-2785
-2155
-1495
-1299
-1442
-1586
-1504
-1108
-508
102
409
283
108
306
941
1592
1701
1373
1050
988
1316
1789
2013
1805
1186
650
681
1108
1374
1036
338
-71
-81
30
40
-209
-619
-937
-936
-622
-318
-271
-513
-808
-807
-548
-231
14
-15
-211
-263
-103
171
413
607
707
533
332
485
814
1065
1226
1256
1061
740
636
805
930
870
699
454
110
-202
-184
119
168
-315
-914
-1036
-657
-305
-309
-561
-835
-951
-817
-382
146
260
-139
-468
-241
343
763
824
647
371
181
274
687
1130
1078
479
-27
-5
305
534
510
161
-432
-980
-1128
-771
-267
-297
-1186
-2212
-2289
-1525
-964
-1033
-1356
-1602
-1658
-1361
-687
-118
-145
-511
-539
22
727
1014
903
703
528
482
681
998
1055
593
-109
-504
-369
-25
8
-347
-787
-1109
-1147
-781
-260
-77
-438
-893
-822
-250
333
575
508
353
288
464
900
1329
1468
1234
837
710
968
1268
1329
1144
859
638
672
973
1196
1057
648
218
60
289
575
465
-89
-672
-805
-506
-239
-252
-448
-781
-1193
-1341
-950
-333
-118
-436
-861
-973
-644
-63
432
569
296
-23
79
555
984
1119
964
685
578
842
1247
1346
1101
817
650
594
611
605
450
134
-246
-650
-931
-871
-691
-942
-1731
-2506
-2698
-2411
-2133
-2123
-2463
-3003
-3209
-2685
-1771
-1246
-1357
-1596
-1462
-851
-13
631
878
831
813
1159
1771
2269
2441
2289
2006
1824
1933
2305
2424
1958
1319
1006
1051
1179
1162
890
334
-232
-380
-122
122
-52
-645
-1135
-1097
-712
-424
-474
-730
-871
-775
-586
-399
-232
-172
-267
-337
-158
131
222
140
95
151
262
295
183
83
129
238
262
188
110
24
-113
-176
-53
99
40
-201
-369
-355
-298
-277
-220
-143
-184
-334
-356
-138
128
187
67
5
90
241
352
446
466
381
348
374
416
433
503
579
446
204
76
165
344
435
344
34
-306
-352
-50
209
63
-353
-637
-640
-524
-350
-149
-158
-498
-785
-621
-211
-3
-65
-195
-297
-363
-335
-151
133
301
132
-264
-430
-109
358
446
95
-329
-515
-423
-190
-26
-146
-575
-976
-887
-352
23
-153
-583
-795
-635
-201
243
332
-45
-518
-608
-205
280
419
86
-446
-686
-476
66
575
697
415
-19
-93
426
1151
1511
1251
711
504
800
1309
1563
1323
825
379
321
691
1037
941
415
-76
-159
132
498
565
222
-219
-335
-72
295
467
339
0
-278
-223
145
482
457
107
-275
-361
-122
203
356
146
-250
-496
-382
-66
56
-125
-510
-857
-1050
-1201
-1323
-1444
-1643
-1940
-2149
-2088
-2004
-2065
-1972
-1558
-1112
-1029
-1110
-844
-268
273
591
758
852
850
946
1269
1623
1719
1527
1278
1123
1083
1145
1214
1112
828
575
495
483
402
286
183
44
-119
-189
-162
-208
-381
-511
-494
-436
-408
-364
-332
-414
-540
-509
-310
-180
-257
-369
-314
-168
-81
-4
162
297
236
90
97
287
467
477
355
228
172
176
191
181
150
87
-49
-204
-247
-176
-161
-245
-282
-206
-152
-199
-219
-70
136
143
-22
-52
135
333
444
514
507
458
542
750
850
772
674
642
627
637
769
948
902
584
385
580
893
899
582
235
72
175
457
599
348
-117
-403
-409
-317
-301
-483
-951
-1560
-1991
-2211
-2488
-2886
-3173
-3174
-2841
-2301
-2051
-2554
-3330
-3198
-1754
-55
577
-63
-1028
-1223
-226
1447
2641
2449
1198
280
673
1926
2851
2826
2050
1055
468
777
1751
2440
2153
1205
492
568
1226
1798
1741
1067
348
209
718
1271
1200
522
-130
-260
15
249
142
-265
-649
-712
-533
-483
-743
-1116
-1272
-1098
-803
-711
-927
-1205
-1264
-1044
-689
-453
-542
-868
-1047
-825
-386
-87
-108
-378
-653
-662
-369
-14
139
28
-197
-295
-159
89
267
298
205
96
121
262
345
314
296
333
326
267
271
341
353
302
294
352
399
396
376
356
338
337
375
421
427
399
385
376
350
349
401
434
389
335
360
411
395
353
377
401
288
103
49
147
190
71
-87
-169
-218
-308
-406
-455
-474
-518
-594
-676
-746
-800
-837
-851
-827
-764
-705
-693
-684
-601
-457
-346
-282
-200
-84
32
125
184
193
210
324
482
526
408
275
274
388
479
464
361
221
86
1
-5
13
-46
-210
-405
-533
-573
-567
-545
-531
-562
-627
-651
-598
-510
-430
-349
-267
-222
-217
-176
-29
195
395
496
483
424
450
651
928
1064
971
787
712
827
1035
1159
1083
860
653
609
716
814
747
532
338
308
399
469
451
376
278
198
203
285
316
229
114
84
112
116
84
46
5
-88
-284
-546
-759
-878
-1026
-1290
-1559
-1685
-1694
-1715
-1764
-1773
-1727
-1652
-1528
-1340
-1151
-1036
-984
-912
-754
-551
-400
-338
-301
-237
-156
-64
29
67
20
-35
7
137
274
349
362
390
538
793
1002
1060
1045
1096
1246
1431
1579
1632
1588
1499
1444
1459
1499
1493
1405
1248
1052
860
727
640
505
288
88
-38
-145
-277
-400
-471
-497
-503
-521
-561
-610
-648
-663
-622
-524
-461
-517
-628
-648
-517
-351
-280
-319
-369
-364
-322
-283
-253
-242
-279
-366
-430
-423
-403
-441
-500
-516
-530
-604
-675
-652
-551
-487
-512
-566
-573
-532
-453
-323
-186
-126
-124
-80
26
136
250
384
494
520
494
529
670
832
903
858
754
667
656
725
799
783
652
480
365
330
342
353
321
221
54
-101
-141
-84
-62
-154
-281
-367
-434
-494
-491
-419
-367
-398
-464
-492
-445
-340
-206
-96
-50
-56
-69
-33
83
233
305
262
190
177
213
262
300
280
171
37
-17
17
50
17
-71
-174
-252
-274
-225
-154
-143
-205
-263
-253
-189
-125
-92
-68
-46
-41
-57
-24
81
177
182
142
156
224
282
321
351
345
290
250
277
335
346
280
162
53
27
80
111
21
-154
-295
-330
-286
-236
-243
-330
-471
-571
-540
-397
-289
-319
-437
-499
-432
-276
-145
-118
-170
-199
-111
59
188
203
154
134
180
278
367
382
308
214
169
185
233
255
194
70
-18
-6
60
93
60
-6
-55
-58
-13
52
92
66
-6
-36
29
134
204
220
189
128
104
187
343
430
374
253
188
199
254
333
379
300
126
12
19
66
77
35
-62
-204
-314
-342
-321
-312
-336
-406
-518
-598
-581
-496
-434
-433
-465
-478
-445
-371
-267
-169
-126
-145
-163
-119
-10
110
160
106
15
-5
71
181
235
195
101
41
73
160
208
148
20
-66
-54
11
38
-14
-111
-184
-183
-117
-47
-32
-74
-119
-108
-32
64
130
144
131
140
204
314
416
464
453
432
438
460
464
450
426
386
338
291
249
208
145
63
8
1
-8
-66
-150
-215
-252
-259
-225
-182
-200
-293
-371
-345
-250
-174
-155
-184
-248
-299
-260
-137
-22
12
-26
-77
-79
-22
60
111
103
58
30
49
97
124
105
66
48
66
84
63
-2
-64
-81
-68
-69
-115
-194
-270
-304
-273
-207
-174
-209
-279
-313
-268
-160
-48
-4
-43
-80
-33
89
211
275
276
240
216
247
328
408
419
349
260
209
203
220
249
245
168
38
-59
-68
-24
-11
-80
-202
-309
-348
-310
-245
-232
-297
-375
-374
-281
-156
-78
-81
-125
-131
-46
101
226
255
206
167
212
329
434
461
410
333
289
312
369
368
269
153
116
137
114
17
-90
-152
-181
-207
-246
-295
-351
-399
-420
-403
-365
-347
-364
-385
-373
-327
-275
-230
-197
-174
-154
-121
-71
-16
33
67
81
83
92
120
152
158
137
104
81
67
61
58
51
33
7
-15
-23
-15
6
36
52
32
8
19
77
137
157
140
119
139
211
300
350
345
314
309
353
419
460
449
404
368
364
384
380
326
247
180
137
102
53
-32
-144
-242
-295
-324
-372
-452
-531
-584
-612
-613
-599
-582
-586
-601
-592
-547
-484
-423
-370
-323
-280
-240
-192
-131
-69
-12
34
55
53
62
106
159
178
162
142
143
165
183
182
167
140
113
115
148
164
137
97
83
107
152
189
191
166
143
154
210
277
308
290
254
239
264
315
357
353
300
233
198
211
236
213
129
30
-23
-24
-20
-55
-127
-199
-241
-246
-243
-257
-303
-357
-385
-369
-334
-316
-331
-364
-380
-349
-280
-214
-183
-180
-176
-144
-82
-3
66
103
100
84
97
149
215
249
236
184
130
110
142
199
216
151
37
-48
-53
2
41
12
-75
-164
-204
-184
-135
-107
-129
-188
-233
-231
-189
-145
-125
-119
-109
-93
-73
-49
-4
57
109
130
129
131
156
198
239
261
256
231
202
193
206
213
197
157
118
91
71
58
54
53
42
15
-13
-23
-12
7
24
29
24
12
4
11
35
61
74
70
56
52
63
85
105
104
76
41
22
25
27
9
-34
-87
-132
-157
-162
-172
-209
-266
-311
-324
-311
-297
-304
-326
-346
-342
-310
-267
-232
-213
-196
-176
-140
-94
-42
6
38
60
85
122
171
214
243
253
258
270
293
307
307
292
279
278
276
258
221
180
151
137
122
94
49
0
-35
-54
-66
-81
-100
-125
-149
-170
-179
-171
-151
-134
-133
-147
-158
-148
-110
-65
-37
-41
-63
-72
-47
-1
30
28
1
-19
-16
8
32
39
22
-3
-16
-7
17
29
14
-14
-31
-23
0
24
30
15
-8
-9
23
67
94
80
51
44
75
129
165
155
116
87
93
128
159
146
102
50
26
32
51
50
16
-42
-92
-111
-107
-97
-106
-141
-190
-228
-230
-203
-173
-170
-198
-227
-228
-192
-136
-90
-71
-66
-55
-19
35
88
132
162
181
196
213
233
254
272
285
282
257
221
195
189
191
174
127
60
0
-25
-25
-29
-60
-122
-180
-207
-197
-173
-164
-182
-213
-230
-212
-174
-135
-120
-124
-128
-114
-82
-48
-25
-20
-18
-17
-9
0
7
14
18
23
23
17
8
3
10
27
37
26
0
-18
-12
13
31
30
8
-17
-18
11
53
77
68
42
33
61
111
154
160
141
122
132
171
207
211
180
138
118
124
137
129
91
37
-6
-28
-35
-51
-85
-135
-174
-191
-192
-192
-205
-226
-241
-239
-219
-195
-181
-174
-165
-143
-109
-74
-49
-33
-14
11
39
58
70
80
100
123
135
129
115
108
117
132
135
118
86
60
54
65
72
62
32
1
-14
-8
5
5
-12
-35
-45
-38
-26
-21
-27
-36
-36
-27
-14
-11
-15
-18
-8
11
29
31
20
11
21
48
71
71
46
20
19
42
62
58
28
-7
-23
-14
1
3
-17
-46
-72
-79
-68
-53
-50
-63
-78
-83
-70
-47
-23
-10
-5
-2
7
23
45
68
82
89
89
89
95
105
114
111
98
78
59
46
37
27
10
-16
-44
-69
-82
-90
-102
-121
-142
-156
-162
-162
-162
-161
-160
-160
-156
-146
-132
-115
-98
-83
-68
-50
-30
-10
11
30
48
65
83
99
114
125
139
151
157
158
152
149
149
149
142
127
110
98
93
89
74
53
33
23
20
16
4
-12
-24
-24
-17
-14
-22
-33
-38
-30
-18
-11
-17
-30
-38
-31
-20
-12
-18
-33
-43
-40
-31
-26
-34
-47
-63
-69
-65
-56
-55
-63
-76
-84
-82
-71
-60
-57
-64
-69
-66
-54
-37
-23
-18
-19
-18
-9
9
29
41
42
40
39
50
65
77
80
73
64
63
67
72
68
60
51
45
42
40
36
30
24
17
14
11
10
6
7
11
12
9
1
-4
-1
10
16
12
2
-4
1
13
20
20
10
1
2
12
25
24
12
0
-4
0
4
0
-10
-25
-37
-47
-49
-49
-55
-66
-81
-92
-98
-99
-95
-96
-98
-103
-105
-99
-86
-70
-58
-52
-48
-41
-26
-7
10
20
24
30
40
54
67
73
71
67
69
73
79
75
65
53
47
46
46
37
24
9
1
2
5
2
-6
-18
-21
-13
0
8
6
3
8
24
39
53
60
63
63
69
81
90
94
89
82
76
73
69
61
49
32
15
1
-13
-26
-45
-61
-77
-91
-105
-117
-126
-130
-129
-127
-127
-131
-133
-125
-111
-93
-78
-68
-62
-51
-31
-9
10
18
20
26
41
62
77
78
69
61
63
74
80
75
61
45
33
32
33
31
19
2
-10
-14
-11
-8
-11
-19
-28
-27
-21
-10
-4
-4
-6
-5
4
16
25
30
29
28
33
42
49
49
43
36
34
36
39
34
24
8
1
1
-1
-5
-18
-32
-41
-41
-38
-38
-45
-55
-61
-57
-48
-40
-39
-41
-44
-39
-26
-13
-6
-3
-4
0
10
23
29
29
27
26
31
36
38
33
24
18
16
16
12
5
-6
-14
-16
-17
-18
-24
-32
-37
-35
-29
-25
-27
-28
-29
-23
-14
-7
-2
-2
-2
3
12
20
22
21
19
21
27
34
34
30
25
24
25
29
28
24
18
15
17
19
18
14
6
3
6
7
4
0
-4
-5
-3
1
1
-3
-10
-11
-8
-6
-5
-9
-12
-12
-10
-9
-3
-2
-9
-12
-10
-8
-10
-8
-7
-6
-5
-3
-2
-5
-7
-14
-15
-11
-11
-13
-12
-9
-13
-14
-2
3
-2
4
13
13
4
6
17
21
21
24
29
33
33
34
37
42
41
42
45
45
34
23
23
26
19
4
0
4
-2
-13
-18
-21
-25
-37
-47
-50
-61
-62
-53
-63
-73
-65
-53
-41
-42
-59
-65
-53
-32
-29
-29
-11
4
7
9
6
13
35
38
34
34
16
3
19
30
21
10
14
26
31
21
20
20
1
0
18
17
4
-13
-35
-26
-12
-13
-6
-1
-7
-18
-26
7
45
41
36
53
60
58
63
76
73
71
87
90
68
43
22
13
11
9
-6
-25
-18
-11
-17
-1
-1
-46
-46
-2
1
-28
-21
-7
-46
-73
-29
10
-22
-48
-30
-23
-31
-14
-3
-28
-46
-18
16
1
-23
-3
21
11
-2
-5
-3
-13
-46
-48
0
39
42
34
21
12
-9
-53
-93
-116
-129
-136
-149
-154
-143
-125
-92
-47
8
58
80
71
6
-89
-156
-191
-193
-164
-127
-58
6
75
131
76
-16
-41
18
57
-50
-50
53
52
195
244
141
457
917
1285
1427
990
817
665
-476
-953
-148
18
-200
334
248
-1085
-1285
262
817
-57
-414
-278
-597
-1353
-1526
-549
-502
-1587
-452
949
-1135
-1918
1023
1484
-629
-505
-102
-1664
-1946
592
2769
2321
566
-913
-712
1599
3603
4551
4471
1289
-2132
-1450
72
-395
13
1692
1347
-1228
-2995
-3130
-2422
-645
1072
988
-701
-3212
-4756
-3162
-3
1394
1389
1517
578
-1330
-1631
-373
909
2081
2510
1594
-402
-2540
-2250
860
3118
2679
1117
11
-172
-24
411
1267
989
177
1337
2236
252
-1635
-1358
-277
842
1087
83
-1056
-2215
-2702
-1511
-705
-1140
-912
-479
-656
-715
-1135
-1466
-490
619
1084
1274
584
-342
41
1047
1339
1081
944
1055
1054
758
390
144
285
789
917
531
78
-517
-620
293
714
136
-172
-406
-724
-326
-58
-574
-881
-881
-903
-726
-802
-1251
-1209
-621
-190
-75
-117
-232
-266
-110
264
651
749
795
967
949
804
625
417
596
895
820
613
215
-234
-215
-138
-228
-209
-400
-610
-438
-400
-530
-493
-473
-261
60
-135
-465
-526
-460
-42
381
285
73
-70
-92
197
239
-83
-75
131
136
236
419
258
23
145
357
383
252
47
-51
-41
-65
-133
-232
-251
-161
-150
-176
-152
-244
-303
-164
-67
-7
140
173
31
-164
-225
93
472
476
374
313
130
31
124
198
208
140
-24
-184
-304
-363
-305
-213
-144
-58
29
15
-207
-400
-177
208
255
65
-64
-105
-77
48
175
173
148
239
292
195
89
65
73
53
22
1
3
50
60
18
36
-9
-206
-304
-198
-35
13
-187
-395
-272
-138
-289
-309
-17
204
211
92
-195
-469
-323
199
515
379
170
54
-87
-51
193
332
329
238
82
44
4
-89
19
211
273
266
91
-264
-374
-147
92
165
7
-241
-417
-385
-230
-147
-99
-110
-125
-30
-39
-260
-272
-63
25
123
182
84
16
73
198
304
367
346
252
231
304
309
198
85
76
130
212
221
-6
-176
-144
-143
-124
-110
-256
-409
-327
-179
-216
-285
-330
-417
-301
0
65
-147
-326
-290
-101
44
131
188
179
205
260
263
224
175
265
455
345
46
26
119
128
237
253
23
-124
-98
-38
5
-120
-350
-364
-209
-189
-282
-303
-329
-364
-192
17
-59
-231
-219
-87
60
140
98
60
93
199
366
437
270
138
271
433
469
330
121
6
-2
131
272
229
35
-133
-236
-266
-162
-131
-198
-135
-136
-320
-410
-437
-390
-95
93
-53
-238
-302
-284
-165
1
166
215
96
99
157
97
179
333
343
314
239
33
-123
11
203
248
231
95
-68
-64
24
29
3
-53
-108
-127
-230
-258
-212
-206
-68
57
-71
-240
-257
-203
-17
202
143
-85
-175
-91
5
105
215
232
206
192
90
-24
24
153
241
250
119
-55
-110
-91
-51
72
135
15
-115
-167
-168
-114
-86
-78
-62
-131
-189
-142
-127
-116
-41
-9
-6
36
65
46
0
-44
-36
50
160
217
213
163
75
34
81
104
77
70
49
37
70
26
-99
-157
-106
2
68
24
-71
-142
-156
-81
0
-8
-68
-77
-35
2
10
-15
-5
59
83
88
119
101
70
95
88
47
43
61
61
23
-15
-8
-9
-61
-100
-94
-117
-175
-179
-113
-52
-69
-162
-205
-147
-80
5
115
125
46
28
47
24
27
106
149
111
75
57
42
40
42
74
102
51
-27
-69
-100
-81
-13
50
77
48
-15
-36
-32
-30
11
54
8
-69
-84
-64
-49
-11
33
15
-19
1
7
-34
-40
5
37
33
-2
-35
-11
50
69
60
49
-26
-78
16
97
36
-6
1
-57
-112
-56
40
79
70
53
-2
-104
-120
-15
61
66
49
-25
-121
-129
-48
53
129
111
17
-41
-75
-97
-20
70
55
28
33
-10
-60
-44
8
50
62
55
35
-10
-49
-59
-48
4
73
71
36
0
-56
-69
-10
35
37
46
51
0
-67
-70
-33
11
66
67
-1
-58
-78
-88
-60
-8
-10
-50
-71
-87
-83
-30
14
1
-17
-6
27
49
55
71
73
50
35
35
52
92
120
103
45
1
7
17
12
29
23
-38
-78
-70
-50
-7
18
-17
-62
-83
-81
-55
-37
-44
-56
-69
-81
-73
-38
0
16
11
5
8
20
29
52
86
90
69
68
85
86
98
122
109
60
35
46
50
44
28
1
-29
-48
-66
-72
-58
-53
-75
-104
-124
-149
-151
-104
-62
-78
-110
-95
-44
3
26
19
-19
-43
15
106
155
146
103
59
49
65
96
123
145
156
133
76
7
-42
-32
21
58
47
-19
-96
-135
-134
-107
-74
-62
-82
-127
-164
-173
-157
-111
-55
-16
-3
-22
-48
-33
17
75
121
121
88
71
96
138
154
132
107
86
57
37
35
30
40
51
16
-41
-70
-75
-55
-26
-25
-45
-69
-93
-90
-58
-39
-41
-53
-64
-46
-14
0
-6
-16
-16
11
45
46
40
56
64
55
57
71
84
93
88
53
4
-20
-6
17
29
17
-25
-74
-102
-99
-72
-38
-29
-49
-73
-80
-84
-72
-35
4
25
32
18
-14
-32
2
60
94
89
65
33
9
15
37
40
33
41
48
28
-6
-25
-28
-22
-9
6
0
-17
-26
-26
-39
-50
-36
-7
7
1
-13
-28
-39
-39
-24
6
36
41
18
-8
-10
10
41
56
48
32
17
13
22
33
27
3
-21
-28
-21
-8
1
-4
-24
-44
-53
-46
-34
-19
-4
4
-4
-21
-21
-3
8
13
28
34
17
2
7
12
7
11
32
43
37
20
-11
-34
-25
9
35
35
16
-5
-20
-26
-33
-32
-8
19
14
-11
-30
-45
-48
-24
5
24
26
8
-5
-6
-8
2
21
30
36
30
10
-1
4
14
26
25
1
-17
-4
5
-8
-19
-17
-18
-24
-13
2
2
-14
-20
-13
-10
-11
0
15
9
-5
-9
-8
-5
6
24
22
0
-17
-12
6
14
13
18
13
-7
-13
-6
5
14
15
8
-8
-20
-12
1
12
15
-2
-21
-23
-14
-3
2
2
1
0
-1
-1
-3
1
8
18
22
7
-11
-13
1
21
29
24
8
-7
-11
-2
12
19
11
1
-7
-18
-18
-9
-1
6
4
-8
-22
-29
-22
-8
-2
-5
-13
-15
-10
-4
0
4
9
8
6
7
15
21
23
20
15
10
7
9
18
24
17
0
-18
-23
-13
6
11
0
-19
-27
-24
-13
-8
-3
1
3
-4
-15
-20
-13
4
17
14
0
-15
-13
0
16
20
11
-3
-7
-3
8
14
12
4
3
7
6
-3
-10
-7
4
8
3
-11
-19
-15
-1
6
3
-6
-10
-5
2
1
-4
-3
4
14
14
2
-6
-3
12
20
19
3
-6
-4
7
15
12
5
-1
1
4
3
2
1
2
5
6
4
-3
-9
-9
-4
0
-3
-5
-4
-1
-4
-11
-18
-13
-2
3
-1
-6
-9
-11
-11
-1
4
4
0
-2
-6
-8
-8
-7
-1
3
1
-5
-10
-13
-9
0
7
3
-1
1
4
4
4
8
12
13
17
20
16
6
6
17
23
19
17
14
5
-2
0
3
5
3
-1
-4
-10
-18
-19
-9
-9
-11
-14
-12
-15
-18
-15
-9
-3
1
4
5
3
-1
1
8
15
19
19
19
14
7
5
7
9
9
8
2
-9
-16
-17
-15
-15
-14
-16
-19
-21
-26
-29
-28
-22
-13
-4
-4
-8
-10
-8
0
10
16
20
21
22
21
22
24
31
39
43
39
27
19
16
20
25
27
22
8
-5
-11
-10
-7
-8
-12
-19
-27
-36
-40
-35
-26
-22
-22
-27
-31
-29
-16
-4
0
-1
-1
1
3
10
17
22
25
24
17
10
16
21
20
15
11
3
-2
-2
-2
-8
-13
-15
-19
-23
-23
-22
-24
-25
-22
-18
-19
-21
-19
-9
2
5
4
5
10
18
28
34
32
29
30
37
40
39
35
31
27
24
18
13
10
5
-3
-9
-16
-20
-23
-24
-25
-28
-32
-34
-33
-31
-28
-27
-25
-23
-16
-9
-4
-2
-3
-2
2
9
14
16
18
17
14
12
12
15
15
15
11
5
-1
-4
-6
-6
-6
-11
-13
-14
-13
-12
-12
-17
-16
-10
0
5
3
-1
-1
6
14
21
24
27
28
30
27
23
23
26
30
28
20
9
3
3
5
8
1
-11
-19
-22
-23
-22
-20
-20
-23
-30
-35
-34
-27
-20
-16
-16
-18
-18
-13
-7
-1
3
6
8
5
3
6
13
19
21
17
12
7
6
9
12
12
7
1
-2
-2
-4
-5
-6
-4
-4
-5
-7
-8
-6
-3
1
1
1
3
7
10
11
12
14
16
18
19
19
17
14
15
13
13
10
7
5
2
-2
-5
-5
-7
-8
-10
-13
-17
-21
-21
-20
-18
-18
-19
-20
-20
-18
-16
-12
-10
-8
-7
-5
-3
-2
1
4
6
8
8
7
7
9
12
11
12
11
9
8
9
9
8
7
4
3
2
3
2
2
2
2
0
1
1
2
3
3
3
3
2
2
4
6
7
7
6
4
3
4
4
6
3
1
-1
-2
-2
-1
-1
-3
-5
-7
-9
-11
-13
-11
-10
-10
-10
-12
-12
-11
-9
-7
-6
-5
-5
-3
-1
0
0
1
0
3
5
6
7
7
7
7
7
9
9
10
9
9
6
7
6
4
6
5
4
1
0
0
2
3
2
1
0
2
2
3
4
2
1
2
3
2
2
1
-1
0
0
0
-1
-1
-1
-2
-4
-5
-5
-4
-5
-6
-7
-10
-10
-8
-7
-6
-6
-6
-6
-6
-5
-3
-1
-1
0
1
-1
0
2
3
4
4
4
3
4
6
5
5
5
5
3
4
3
2
2
2
2
3
4
2
0
0
1
2
2
2
2
3
3
2
3
1
3
4
4
2
1
0
1
2
2
1
0
-1
-1
-1
-1
-2
-3
-3
-4
-5
-4
-4
-4
-5
-5
-6
-6
-5
-6
-2
-2
0
-1
0
1
-1
0
0
0
1
2
0
2
2
2
2
3
4
3
3
2
2
3
2
2
3
2
2
3
1
0
1
2
2
1
0
0
2
1
1
0
1
0
0
-2
-1
1
1
1
1
1
2
1
-1
-1
-1
-1
-1
-2
-2
-2
-2
-2
-2
-4
-2
-2
-2
-1
-2
-1
0
0
1
1
1
1
2
1
1
0
0
1
2
1
1
0
-1
0
1
1
0
0
-1
1
0
0
0
0
0
0
0
0
0
0
0
0
-1
-1
-1
0
1
2
3
2
1
0
0
0
0
2
2
2
2
1
1
0
0
0
0
1
0
-1
-1
-1
-1
0
0
0
-1
-2
-2
0
1
1
2
2
0
2
2
0
1
1
1
1
0
0
1
1
2
3
4
2
1
0
-1
-1
-1
1
1
1
1
0
0
0
0
0
0
-1
-1
-1
0
0
0
0
-1
0
0
0
0
0
0
0
0
0
1
0
1
0
0
0
0
0
0
1
-1
0
1
-1
0
0
0
0
0
0
0
-1
0
0
0
-1
0
-1
0
0
0
0
0
-1
0
0
0
0
0
0
-1
0
0
0
0
0
0
0
0
-1
-1
0
0
0
0
0
1
0
0
0
0
0
-1
0
0
0
0
0
0
0
0
0
1
0
1
0
0
1
-1
1
0
0
0
-1
-1
0
0
0
-1
0
-1
0
0
0
-1
0
0
0
0
1
0
0
0
0
0
0
1
0
1
0
0
0
0
0
0
1
0
0
0
1
1
0
0
0
0
0
0
0
0
-1
1
0
0
0
0
0
0
0
1
0
0
-1
0
0
0
-1
-1
0
0
1
0
-1
0
0
0
0
0
0
-1
-1
0
0
-1
1
0
1
0
0
0
0
0
0
1
0
0
0
-1
0
0
0
0
0
1
-1
0
0
0
0
0
0
0
0
0
1
0
0
0
0
0
0
-1
0
0
-1
0
0
-1
0
0
0
0
0
0
0
0
1
0
0
-1
1
0
0
-1
-1
0
0
0
1
-1
0
0
0
-1
1
0
0
0
1
-1
0
0
0
0
0
0
0
0
0
0
0
-1
0
0
0
0
0
0
0
0
0
0
1
-1
0
0
-1
1
0
0
0
0
0
0
0
0
0
0
0
0
0
0
-1
0
0
0
0
0
0
0
-1
0
0
0
-1
0
0
-1
-1
0
0
0
0
0
1
1
-1
0
-1
0
0
0
0
0
0
0
0
1
0
0
0
0
-1
1
0
0
1
0
0
0
0
0
1
1
0
0
0
0
0
-1
0
-1
1
0
1
0
0
1
0
0
1
0
0
0
1
-1
-1
1
0
0
0
-1
0
0
1
0
0
0
0
0
0
-1
0
0
0
-1
0
0
1
1
-1
0
0
0
0
0
0
0
0
0
-1
1
0
0
1
0
0
0
0
1
-1
0
0
0
0
-1
1
0
0
-1
0
0
0
0
0
-1
0
-1
1
0
0
1
0
0
0
0
0
0
0
0
-1
0
0
0
1
0
1
0
0
0
0
-1
0
0
1
1
0
0
0
-1
-1
0
0
0
-1
0
0
1
0
1
0
0
1
0
0
1
0
0
0
0
0
0
0
0
0
0
0
-1
1
0
0
0
0
0
0
0
0
0
0
-1
0
-1
0
0
0
0
0
-1
0
0
0
1
0
0
0
0
0
0
0
0
0
-1
1
1
-1
0
0
0
0
0
0
0
0
0
0
0
0
0
-1
0
0
0
0
0
0
0
0
-1
0
0
0
0
-1
0
-1
0
0
0
0
0
-1
0
0
-1
0
0
0
1
0
0
0
0
0
0
1
0
0
0
0
0
1
0
0
0
1
1
0
0
0
0
0
0
0
0
1
1
1
0
0
-1
0
0
0
-1
-1
0
0
0
0
0
0
0
0
0
0
0
0
0
0
0
0
0
0
0
0
0
1
1
1
0
-1
0
0
0
0
0
0
1
-1
-1
0
0
0
0
0
1
0
-1
0
0
0
0
0
0
0
0
-1
0
0
0
0
1
0
0
0
0
0
-1
1
1
0
0
0
0
1
0
0
0
0
0
0
0
0
0
0
0
0
1
0
0
0
0
0
0
1
0
0
0
0
0
0
0
0
0
0
1
0
-1
0
0
0
0
-1
0
0
0
0
0
0
-1
0
0
-1
0
0
0
-1
1
0
0
0
0
0
0
0
0
0
0
0
0
0
-1
0
-1
0
0
0
0
0
0
0
0
0
1
0
0
0
0
0
0
0
0
0
0
0
1
0
0
0
0
0
0
0
0
0
-1
0
0
1
0
0
0
0
0
0
0
1
0
0
0
0
0
0
-1
0
1
0
0
0
0
0
0
0
0
-1
0
0
0
0
0
0
0
0
1
0
-1
0
1
0
0
-1
0
0
0
0
-1
0
0
0
0
1
0
0
0
0
0
0
0
0
-1
0
0
0
0
0
0
0
0
0
1
0
0
0
0
0
1
0
0
1
0
1
-1
0
0
0
0
0
0
0
0
-1
0
-1
-1
0
0
0
0
0
0
0
0
0
0
-1
0
-1
0
0
0
0
0
0
-1
0
0
0
0
0
0
0
0
0
0
0
0
0
0
0
0
0
1
1
0
-1
0
0
0
0
0
0
0
0
0
0
0
0
0
0
0
0
1
0
0
0
0
0
1
0
0
0
0
0
0
0
-1
-1
0
0
0
0
0
-1
-1
0
0
0
-1
1
0
0
-1
0
0
0
0
0
0
0
0
0
0
0
0
0
0
0
0
1
0
0
-1
0
0
0
0
0
0
1
0
0
-1
-1
0
0
0
0
-1
0
0
0
0
0
1
0
0
1
0
1
0
0
0
0
0
0
-1
0
0
0
0
0
0
1
0
0
0
0
0
0
-1
-1
0
-1
0
0
0
0
0
0
0
0
0
0
0
0
0
0
-1
0
0
0
0
1
0
0
0
0
0
0
0
0
0
0
-1
1
-1
0
0
0
0
0
0
0
0
1
0
1
0
0
0
1
-1
0
0
0
0
0
0
0
0
0
0
-1
0
0
0
0
1
1
0
1
0
0
0
0
0
0
0
0
0
0
-1
-1
-1
-1
0
0
0
0
0
-1
0
0
0
0
0
-1
0
-1
0
1
0
0
1
0
0
-1
0
-1
0
0
0
-1
0
1
-1
0
0
0
0
-1
0
1
0
-1
1
1
0
1
-1
0
0
1
0
0
-1
1
0
0
1
0
0
0
0
1
0
0
0
0
1
0
-1
0
-1
0
1
0
1
-1
0
1
0
0
0
0
0
-1
0
0
0
0
0
0
0
0
0
0
-1
0
1
0
1
0
-1
0
0
1
0
0
0
0
0
0
-1
0
-1
0
0
0
0
0
0
0
1
0
1
0
0
0
0
0
-1
0
0
0
0
0
-1
0
0
0
0
0
0
1
0
0
0
0
1
0
0
0
0
0
0
0
0
0
-1
0
1
0
0
0
0
0
0
0
0
0
0
0
0
0
0
0
-1
1
0
0
0
-1
0
0
0
1
0
0
0
-1
0
0
0
0
1
1
0
1
0
0
-1
0
-1
0
0
0
0
0
0
0
0
0
0
0
0
0
1
0
0
0
0
0
0
0
0
0
0
0
0
0
0
0
0
0
0
1
0
0
0
1
0
0
0
0
0
0
0
0
1
1
0
0
1
0
0
0
0
0
1
0
0
-1
1
0
-1
-1
0
0
0
0
0
1
0
1
0
0
0
1
0
-1
0
-1
0
0
-1
0
0
0
-1
0
0
0
0
0
0
0
0
1
-1
0
0
0
0
-1
0
0
0
0
0
1
0
0
0
0
0
0
0
0
1
1
0
0
0
0
0
0
0
0
0
1
0
-1
0
0
0
0
0
0
0
0
0
0
1
0
1
1
1
0
0
0
0
0
0
0
0
0
0
0
0
-1
0
0
0
-1
0
-1
0
0
0
0
0
0
0
-1
1
0
1
0
0
0
0
1
1
0
-1
0
1
-1
0
0
0
0
0
0
0
0
0
0
0
0
0
1
-1
0
0
0
0
0
0
0
-1
0
-1
0
0
0
0
0
-1
0
1
0
0
0
1
0
0
0
0
0
0
0
0
0
0
0
0
0
0
1
0
1
0
-1
-1
-1
0
0
0
0
0
0
0
-1
0
0
1
-1
0
1
0
0
0
0
0
0
0
-1
0
0
0
0
0
0
0
0
0
0
0
0
0
0
0
0
0
0
0
0
0
0
1
0
1
0
0
0
1
0
0
-1
1
0
-1
0
0
-1
0
0
0
0
-1
0
0
0
0
1
0
0
0
1
0
0
1
-1
0
0
0
0
0
0
-1
0
1
0
0
0
1
-1
0
0
0
-1
0
0
0
-1
0
1
0
-1
0
0
-1
-1
0
0
0
0
-1
-1
-1
0
0
0
0
0
0
0
0
0
1
0
-1
0
1
0
1
0
0
0
-1
0
0
0
0
0
0
-1
1
0
0
0
0
1
0
0
0
-1
0
1
0
0
0
0
0
0
0
0
0
0
-1
1
-1
0
1
0
0
0
0
0
0
0
0
0
0
0
0
0
0
0
1
0
0
0
0
-1
1
0
0
0
0
0
0
0
0
0
0
0
0
-1
0
0
0
-1
0
0
1
1
0
0
0
0
-1
0
1
0
-1
0
0
0
0
-1
0
0
0
0
0
-1
-1
0
0
0
0
1
0
0
0
0
-1
0
0
0
0
0
0
0
0
1
0
-1
0
0
-1
0
0
0
0
0
0
0
0
0
0
0
1
0
0
0
0
-1
-1
0
-1
0
0
0
-1
0
0
0
0
1
1
-1
0
0
-1
-1
0
0
-1
0
0
-1
0
0
-1
1
-1
0
0
-1
0
0
0
0
0
0
0
1
0
0
-1
1
1
0
0
0
0
0
0
0
0
0
1
0
0
0
0
0
0
-1
0
0
-1
0
0
1
0
0
1
0
0
0
1
0
0
0
0
0
0
1
-1
0
0
0
1
0
-1
0
0
0
0
0
-1
0
0
0
0
1
0
0
1
0
0
0
1
0
0
0
0
0
1
0
0
0
0
0
0
0
1
0
0
0
0
-1
0
0
-1
-1
0
-1
0
0
0
1
1
0
0
0
-1
1
0
0
0
0
1
0
1
0
0
1
1
0
0
0
0
0
-1
0
0
0
-1
0
0
1
0
0
0
0
1
0
1
0
0
0
0
-1
0
0
0
0
0
-1
0
0
0
1
1
0
0
-1
0
0
1
0
0
-1
1
0
0
0
0
-1
0
0
0
0
0
0
0
0
0
0
0
1
0
0
0
-1
0
1
0
0
1
-1
0
-1
-1
0
0
0
0
0
0
0
0
-1
0
-1
1
0
1
1
0
0
0
0
0
0
0
0
0
0
0
0
0
0
1
0
-1
0
0
0
0
0
0
-1
0
0
-1
0
0
0
0
0
0
0
1
1
0
0
0
0
0
0
0
-1
0
0
0
0
0
0
-1
-1
0
0
0
0
0
1
0
1
-1
0
0
-1
0
0
0
1
0
0
0
0
0
0
0
1
0
1
0
0
0
-1
-1
0
0
0
0
1
0
-1
0
0
0
0
1
0
-1
0
0
0
0
0
1
0
0
0
0
0
0
0
0
0
0
1
0
0
0
0
0
0
0
0
0
0
0
0
0
-1
-1
0
0
0
0
0
0
-1
0
0
-1
0
0
0
0
0
0
0
0
0
0
0
0
0
0
0
0
0
-1
0
0
1
0
0
-1
1
0
0
0
0
0
0
0
0
0
0
-1
1
0
0
-1
0
0
0
1
0
-1
0
0
0
0
0
0
0
1
-1
0
-1
0
-1
-1
0
0
0
1
0
0
0
0
0
1
0
-1
-1
0
0
0
0
0
0
0
-1
0
-1
0
1
0
0
0
0
1
0
0
0
0
0
-1
-1
0
0
0
0
-1
0
1
0
1
0
0
0
0
-1
0
0
0
-1
0
0
0
0
0
0
0
0
-1
0
0
0
1
0
1
0
-1
0
1
0
0
-1
0
0
0
0
0
0
1
0
1
0
0
0
0
0
1
0
1
0
0
0
1
0
0
0
0
0
-1
0
0
0
0
0
0
0
0
0
-1
0
0
0
0
0
0
0
0
0
0
1
0
1
0
0
1
0
0
1
0
0
1
0
0
1
0
0
0
0
0
0
0
0
0
0
0
1
0
0
-1
0
0
-1
0
-1
0
0
1
1
0
0
0
-1
0
0
0
0
0
0
1
0
0
-1
0
0
0
0
-1
0
1
0
0
0
0
0
-1
0
0
0
0
0
0
0
1
0
0
0
0
0
-1
0
0
0
0
0
1
0
0
0
0
0
0
0
1
0
-1
0
-1
1
0
0
0
0
-1
0
-1
0
0
0
0
-1
1
0
0
0
1
0
-1
0
1
1
0
-1
0
0
0
0
0
0
0
0
-1
0
0
0
0
1
-1
0
0
-1
0
0
0
0
0
1
1
0
0
0
-1
-1
0
0
0
1
0
0
0
0
0
0
1
0
0
-1
0
0
1
0
0
0
0
0
1
0
0
-1
0
0
0
0
0
0
0
0
1
0
0
0
0
0
0
0
0
1
0
0
0
0
0
0
-1
0
0
0
0
1
0
0
1
0
0
0
1
-1
0
-1
0
0
0
1
0
0
0
0
0
0
1
0
0
0
0
0
0
0
0
0
-1
0
0
0
1
0
0
0
1
0
0
0
0
0
0
0
0
0
0
1
0
1
0
-1
0
0
-1
0
0
0
-1
0
0
0
-1
0
-1
1
-1
1
0
0
0
0
0
1
0
1
0
0
0
0
0
0
0
0
0
0
0
1
0
0
-1
0
0
0
0
0
0
0
0
0
0
-1
0
0
1
0
0
-1
0
0
0
0
0
0
0
0
-1
0
1
0
0
0
0
1
0
0
0
0
0
-1
0
0
-1
0
0
0
0
0
0
0
0
0
0
0
1
1
1
1
0
0
-1
1
0
0
0
0
0
0
0
0
0
0
0
0
1
0
0
1
0
1
0
0
1
0
0
0
0
1
0
0
-1
0
0
1
1
0
0
-1
0
-1
-1
0
0
0
1
1
0
-1
0
1
0
0
0
0
1
0
1
-1
0
1
0
0
0
-1
0
0
0
1
0
-1
0
-1
-1
0
0
1
0
0
0
1
1
0
0
1
1
-1
0
-1
0
0
0
1
0
0
0
0
-1
0
0
-1
0
0
-1
-1
1
0
0
0
0
-1
0
1
0
0
0
-1
1
0
1
0
1
-1
0
0
0
-1
0
0
0
0
0
0
0
0
0
0
0
0
0
0
0
0
0
1
0
0
0
0
1
0
0
0
0
0
0
0
0
0
0
0
0
0
0
0
0
0
0
0
0
1
0
0
0
0
-1
0
0
1
0
0
0
0
0
-1
0
0
0
0
0
0
-1
0
0
-1
0
0
0
-1
0
0
0
0
-1
0
0
0
0
0
0
0
0
0
0
0
0
0
0
0
-1
0
0
0
-1
0
-1
0
-1
0
0
0
0
1
0
0
0
0
-1
1
0
0
0
0
0
1
0
0
0
0
0
0
1
0
0
0
0
-1
0
-1
0
0
0
0
0
0
0
0
0
0
0
0
0
0
0
0
0
1
0
1
1
0
1
0
0
0
0
0
1
0
1
0
0
0
1
0
0
-1
0
0
1
0
-1
0
0
0
0
-1
-1
1
0
0
1
0
0
1
0
0
0
-1
1
0
0
0
0
0
0
-1
0
0
0
0
0
0
0
0
0
0
0
0
0
0
0
0
0
0
0
0
-1
0
-1
0
-1
0
0
0
0
0
-1
0
-1
1
0
0
0
0
0
-1
0
-1
0
-1
0
0
0
0
-1
0
-1
0
1
0
0
0
0
0
0
1
0
0
0
0
0
0
-1
0
0
0
0
0
0
0
0
1
0
1
1
0
0
0
0
0
0
0
0
0
0
1
0
1
0
0
0
0
0
0
0
1
0
0
0
1
0
1
1
0
0
0
0
-1
0
0
1
0
0
0
0
0
0
0
0
0
0
0
0
0
-1
0
0
0
0
0
0
0
0
0
-1
0
1
0
0
0
0
0
0
0
-1
1
0
0
0
1
0
1
0
0
0
0
0
0
0
-1
0
1
0
0
0
1
0
0
0
0
-1
1
1
0
0
1
0
0
0
0
0
0
0
0
-1
0
0
0
0
1
0
0
0
0
0
0
-1
-1
1
0
0
1
0
0
-1
0
-1
1
0
1
0
0
0
0
1
-1
0
0
0
0
0
0
0
0
0
0
0
0
0
0
-1
0
0
0
0
1
0
0
0
0
0
0
0
0
-1
0
0
0
-1
0
0
1
0
-1
0
0
0
0
1
1
1
0
0
-1
0
0
-1
0
0
0
0
-1
0
0
0
0
0
0
1
0
0
0
0
0
1
0
0
0
0
0
0
0
-1
1
-1
0
-1
0
0
0
0
-1
0
0
0
0
0
0
0
0
0
1
0
0
0
0
0
0
0
0
0
0
0
0
0
0
-1
0
0
0
1
0
0
0
0
-1
0
-1
0
1
0
0
1
0
0
0
0
0
0
0
0
0
0
1
-1
0
-1
0
0
-1
0
0
0
0
-1
0
0
0
0
0
1
0
0
0
0
0
0
0
-1
0
0
0
0
0
0
-1
0
0
0
0
0
0
-1
0
-1
0
0
0
0
1
0
0
0
0
0
0
0
0
0
0
0
0
1
0
0
0
0
1
0
-1
0
1
0
0
0
0
0
0
0
-1
-1
0
0
0
1
0
-1
0
0
-1
0
0
0
-1
0
0
1
0
0
0
0
0
0
1
0
0
0
0
1
0
0
0
1
1
0
0
0
0
0
0
1
0
1
0
0
0
1
0
0
0
-1
1
1
0
-1
0
0
0
0
0
0
0
0
0
0
0
1
0
1
0
0
0
0
0
-1
0
1
0
0
-1
0
-1
0
0
-1
0
0
0
0
0
0
0
0
0
0
0
0
0
0
0
0
0
0
0
0
0
0
0
0
0
0
0
0
0
0
0
0
0
-1
0
0
0
0
0
0
0
-1
0
0
0
0
0
0
0
0
0
0
0
0
0
0
0
0
0
0
0
0
0
0
1
-1
0
0
0
0
0
0
0
1
0
0
0
0
0
-1
0
0
0
0
0
0
0
0
0
0
-1
-1
-1
-1
0
-1
0
0
0
0
0
0
-1
-1
0
-1
0
0
0
-1
0
0
0
0
0
0
0
1
0
0
0
0
0
0
0
0
0
0
1
1
0
0
0
0
0
0
0
0
0
0
0
1
0
0
0
0
0
1
1
0
0
0
0
0
-1
0
0
0
0
0
0
1
0
0
1
0
0
0
1
0
0
1
0
1
1
0
0
0
0
0
0
0
0
0
0
1
0
1
1
-1
0
0
0
0
0
0
0
0
0
0
0
1
0
0
1
0
0
0
1
0
0
0
-1
0
0
0
0
0
0
0
0
0
0
1
0
0
0
-1
-1
0
0
0
0
0
0
0
0
0
0
-1
0
1
0
0
0
0
0
0
0
-1
0
1
0
0
0
0
-1
0
-1
-1
0
0
0
0
1
0
0
0
0
0
0
0
0
1
1
0
1
-1
0
0
0
0
0
0
0
0
0
0
0
0
0
0
0
0
0
0
0
0
0
0
0
0
0
0
0
0
-1
1
0
1
0
0
1
0
0
0
0
0
1
-1
0
0
0
0
0
1
0
0
-1
0
0
0
0
1
0
0
1
-1
-1
0
0
0
0
0
0
0
0
0
0
0
-1
0
0
0
1
0
0
0
0
1
0
-1
-1
0
0
0
-1
0
0
0
0
0
-1
0
0
0
0
-1
0
0
0
0
0
0
0
0
0
0
0
0
0
0
-1
0
0
0
0