50
48
47
46
46
45
44
41
39
35
32
30
29
28
27
27
27
26
25
23
24
21
20
16
10
6
2
-2
-6
-8
-11
-13
-16
-19
-22
-27
-31
-34
-39
-42
-45
-48
-49
-51
-52
-53
-52
-53
-54
-54
-54
-53
-52
-51
-50
-49
-47
-46
-45
-43
-41
-39
-37
-35
-34
-32
-30
-28
-25
-23
-21
-18
-16
-13
-11
-8
-6
-5
-4
-4
-4
-4
-5
-5
-3
-2
-1
1
2
5
5
8
9
11
14
16
19
21
24
25
28
30
32
35
37
41
44
47
51
53
55
55
55
55
55
53
53
52
51
51
48
48
46
44
43
42
40
36
34
31
26
24
21
18
14
12
8
5
2
-1
-4
-6
-7
-11
-13
-16
-20
-22
-25
-28
-30
-32
-33
-33
-34
-35
-36
-36
-37
-37
-37
-36
-36
-36
-35
-35
-34
-34
-34
-33
-33
-32
-31
-29
-30
-28
-26
-25
-24
-23
-20
-19
-18
-18
-17
-17
-15
-16
-15
-13
-13
-12
-11
-9
-8
-7
-4
-3
-2
-2
-4
-6
-7
-7
-8
-7
-7
-5
-4
-2
1
2
5
7
7
9
11
13
14
16
18
19
21
23
25
28
32
34
38
43
44
45
45
45
43
43
43
42
42
42
40
39
38
38
38
37
37
35
34
30
26
24
19
17
15
13
11
10
9
8
7
7
6
5
2
2
2
-1
-2
-3
-6
-9
-12
-15
-18
-19
-18
-19
-20
-21
-23
-27
-29
-34
-37
-40
-43
-45
-47
-47
-49
-50
-50
-49
-49
-48
-47
-46
-44
-42
-42
-38
-38
-34
-30
-27
-25
-22
-20
-17
-15
-11
-8
-4
0
3
5
6
7
8
8
7
7
6
5
5
4
5
5
5
6
5
7
6
7
7
7
8
8
8
7
8
9
11
11
15
18
21
24
27
30
30
32
32
35
37
38
39
40
39
38
37
33
31
30
28
26
24
22
20
18
16
15
13
10
7
6
4
2
1
-1
-3
-4
-4
-4
-5
-6
-6
-5
-6
-6
-6
-4
-5
-7
-7
-6
-7
-7
-9
-8
-9
-11
-12
-13
-14
-15
-18
-20
-22
-24
-25
-26
-27
-27
-27
-27
-27
-25
-24
-22
-21
-20
-20
-19
-19
-18
-15
-15
-13
-10
-8
-6
-4
-2
0
1
2
3
4
4
5
6
7
8
8
7
6
4
1
1
0
0
-1
0
-1
-1
-1
-2
-2
-2
-1
-1
1
1
1
2
3
5
6
8
11
13
14
16
19
20
21
22
22
20
23
22
20
19
18
17
16
15
14
13
11
10
8
7
4
2
0
-1
-3
-4
-5
-6
-7
-8
-8
-9
-8
-7
-5
-5
-6
-6
-7
-6
-6
-5
-5
-5
-3
-2
-3
-4
-5
-5
-6
-6
-6
-6
-7
-5
-5
-5
-7
-8
-8
-9
-8
-13
-13
-10
-10
-8
-11
-11
-10
-7
-7
-8
-9
-4
-1
0
-2
-1
1
5
6
5
5
7
7
8
8
8
8
7
7
6
5
4
4
6
6
5
3
3
2
1
0
0
0
0
0
1
-1
0
0
1
2
1
3
3
3
4
5
6
8
8
9
9
8
8
6
6
7
6
8
7
7
7
6
5
6
6
4
2
2
0
0
-2
-2
-3
-3
-3
-3
-3
-2
-3
-3
-3
-3
-4
-4
-3
-5
-4
-4
-5
-4
-4
-3
-2
-1
-1
-1
-1
0
-1
-2
-3
-2
-3
-2
-1
-1
-2
-3
-1
-2
-2
-3
-3
-2
-1
-2
-1
-3
-3
-4
-2
-2
-2
-4
-4
-2
-1
1
0
-2
-1
-1
-1
1
2
3
3
3
3
2
0
3
2
4
4
4
4
3
3
3
3
3
3
3
1
2
2
1
1
1
2
-1
0
-1
-1
-1
-2
-2
-1
-1
-1
1
0
1
1
1
2
2
1
2
2
1
2
3
2
3
3
3
3
4
4
4
4
4
3
3
1
3
1
1
0
-1
0
0
0
1
-1
0
-1
-1
-2
0
-1
-1
-1
1
-2
-1
-1
-2
-1
-1
0
1
1
1
1
0
-1
-1
-1
-1
-1
-1
-1
-1
-1
0
-1
1
-2
-1
-2
-3
-1
-2
-1
-2
-2
-2
-3
-3
-3
-2
-1
0
1
1
1
0
0
0
0
0
1
1
1
0
1
1
1
0
1
1
0
0
1
0
0
0
0
1
1
-1
0
-1
1
1
0
0
-1
-1
-1
0
1
1
1
1
0
-2
0
-1
0
2
2
2
2
2
1
3
3
2
2
2
2
2
0
1
-1
1
0
1
0
0
1
0
0
1
0
0
0
1
-1
-1
1
0
0
0
-1
0
0
1
0
0
0
0
0
0
-1
0
0
0
-1
0
0
1
1
-1
0
0
0
0
0
0
0
0
0
-1
1
0
0
1
0
0
0
0
1
-1
0
0
0
0
-1
1
0
0
-1
0
0
0
0
0
-1
0
-1
1
0
0
1
0
0
0
0
0
0
0
0
-1
0
0
0
1
0
1
0
0
0
0
-1
0
0
1
1
0
0
0
-1
-1
0
0
0
-1
0
0
1
0
1
0
0
1
0
0
1
0
0
0
0
0
0
0
0
0
0
0
-1
1
0
0
0
0
0
0
0
0
0
0
-1
0
-1
0
0
0
0
0
-1
0
0
0
1
0
0
0
0
0
0
0
0
0
-1
1
1
-1
0
0
0
0
0
0
0
0
0
0
0
0
0
-1
0
0
0
0
0
0
0
0
-1
0
0
0
0
-1
0
-1
0
0
0
0
0
-1
0
0
-1
0
0
0
1
0
0
0
0
0
0
1
0
0
0
0
0
1
0
0
0
1
1
0
0
0
0
0
0
0
0
1
1
1
0
0
-1
0
0
0
-1
-1
0
0
0
0
0
0
0
0
0
0
0
0
0
0
0
0
0
0
0
0
0
1
1
1
0
-1
0
0
0
0
0
0
1
-1
-1
0
0
0
0
0
1
0
-1
0
0
0
0
0
0
0
0
-1
0
0
0
0
1
0
0
0
0
0
-1
1
1
0
0
0
0
1
0
0
0
0
0
0
0
0
0
0
0
0
1
0
0
0
0
0
0
1
0
0
0
0
0
0
0
0
0
0
1
0
-1
0
0
0
0
-1
0
0
0
0
0
0
-1
0
0
-1
0
0
0
-1
1
0
0
0
0
0
0
0
0
0
0
0
0
0
-1
0
-1
0
0
0
0
0
0
0
0
0
1
0
0
0
0
0
0
0
0
0
0
0
1
0
0
0
0
0
0
0
0
0
-1
0
0
1
0
0
0
0
0
0
0
1
0
0
0
0
0
0
-1
0
1
0
0
0
0
0
0
0
0
-1
0
0
0
0
0
0
0
0
1
0
-1
0
1
0
0
-1
0
0
0
0
-1
0
0
0
0
1
0
0
0
0
0
0
0
0
-1
0
0
0
0
0
0
0
0
0
1
0
0
0
0
0
1
0
0
1
0
1
-1
0
0
0
0
0
0
0
0
-1
0
-1
-1
0
0
0
0
0
0
0
0
0
0
-1
0
-1
0
0
0
0
0
0
-1
0
0
0
0
0
0
0
0
0
0
0
0
0
0
0
0
0
1
1
0
-1
0
0
0
0
0
0
0
0
0
0
0
0
0
0
0
0
1
0
0
0
0
0
1
0
0
0
0
0
0
0
-1
-1
0
0
0
0
0
-1
-1
0
0
0
-1
1
0
0
-1
0
0
0
0
0
0
0
0
0
0
0
0
0
0
0
0
1
0
0
-1
0
0
0
0
0
0
1
0
0
-1
-1
0
0
0
0
-1
0
0
0
0
0
1
0
0
1
0
1
0
0
0
0
0
0
-1
0
0
0
0
0
0
1
0
0
0
0
0
0
-1
-1
0
-1
0
0
0
0
0
0
0
0
0
0
0
0
0
0
-1
0
0
0
0
1
0
0
0
0
0
0
0
0
0
0
-1
1
-1
0
0
0
0
0
0
0
0
1
0
1
0
0
0
1
-1
0
0
0
0
0
0
0
0
0
0
-1
0
0
0
0
1
1
0
1
0
0
0
0
0
0
0
0
0
0
-1
-1
-1
-1
0
0
0
0
0
-1
0
0
0
0
0
-1
0
-1
0
1
0
0
1
0
0
-1
0
-1
0
0
0
-1
0
1
-1
0
0
0
0
-1
0
1
0
-1
1
1
0
1
-1
0
0
1
0
0
-1
1
0
0
1
0
0
0
0
1
0
0
0
0
1
0
-1
0
-1
0
1
0
1
-1
0
1
0
0
0
0
0
-1
0
0
0
0
0
0
0
0
0
0
-1
0
1
0
1
0
-1
0
0
1
0
0
0
0
0
0
-1
0
-1
0
0
0
0
0
0
0
1
0
1
0
0
0
0
0
-1
0
0
0
0
0
-1
0
0
0
0
0
0
1
0
0
0
0
1
0
0
0
0
0
0
0
0
0
-1
0
1
0
0
0
0
0
0
0
0
0
0
0
0
0
0
0
-1
1
0
0
0
-1
0
0
0
1
0
0
0
-1
0
0
0
0
1
1
0
1
0
0
-1
0
-1
0
0
0
0
0
0
0
0
0
0
0
0
0
1
0
0
0
0
0
0
0
0
0
0
0
0
0
0
0
0
0
0
1
0
0
0
1
0
0
0
0
0
0
0
0
1
1
0
0
1
0
0
0
0
0
1
0
0
-1
1
0
-1
-1
0
0
0
0
0
1
0
1
0
0
0
1
0
-1
0
-1
0
0
-1
0
0
0
-1
0
0
0
0
0
0
0
0
1
-1
0
0
0
0
-1
0
0
0
0
0
1
0
0
0
0
0
0
0
0
1
1
0
0
0
0
0
0
0
0
0
1
0
-1
0
0
0
0
0
0
0
0
0
0
1
0
1
1
1
0
0
0
0
0
0
0
0
0
0
0
0
-1
0
0
0
-1
0
-1
0
0
0
0
0
0
0
-1
1
0
1
0
0
0
0
1
1
0
-1
0
1
-1
0
0
0
0
0
0
0
0
0
0
0
0
0
1
-1
0
0
0
0
0
0
0
-1
0
-1
0
0
0
0
0
-1
0
1
0
0
0
1
0
0
0
0
0
0
0
0
0
0
0
0
0
0
1
0
1
0
-1
-1
-1
0
0
0
0
0
0
0
-1
0
0
1
-1
0
1
0
0
0
0
0
0
0
-1
0
0
0
0
0
0
0
0
0
0
0
0
0
0
0
0
0
0
0
0
0
0
1
0
1
0
0
0
1
0
0
-1
1
0
-1
0
0
-1
0
0
0
0
-1
0
0
0
0
1
0
0
0
1
0
0
1
-1
0
0
0
0
0
0
-1
0
1
0
0
0
1
-1
0
0
0
-1
0
0
0
-1
0
1
0
-1
0
0
-1
-1
0
0
0
0
-1
-1
-1
0
0
0
0
0
0
0
0
0
1
0
-1
0
1
0
1
0
0
0
-1
0
0
0
0
0
0
-1
1
0
0
0
0
1
0
0
0
-1
0
1
0
0
0
0
0
0
0
0
0
0
-1
1
-1
0
1
0
0
0
0
0
0
0
0
0
0
0
0
0
0
0
1
0
0
0
0
-1
1
0
0
0
0
0
0
0
0
0
0
0
0
-1
0
0
0
-1
0
0
1
1
0
0
0
0
-1
0
1
0
-1
0
0
0
0
-1
0
0
0
0
0
-1
-1
0
0
0
0
1
0
0
0
0
-1
0
0
0
0
0
0
0
0
1
0
-1
0
0
-1
0
0
0
0
0
0
0
0
0
0
0
1
0
0
0
0
-1
-1
0
-1
0
0
0
-1
0
0
0
0
1
1
-1
0
0
-1
-1
0
0
-1
0
0
-1
0
0
-1
1
-1
0
0
-1
0
0
0
0
0
0
0
1
0
0
-1
1
1
0
0
0
0
0
0
0
0
0
1
0
0
0
0
0
0
-1
0
0
-1
0
0
1
0
0
1
0
0
0
1
0
0
0
0
0
0
1
-1
0
0
0
1
0
-1
0
0
0
0
0
-1
0
0
0
0
1
0
0
1
0
0
0
1
0
0
0
0
0
1
0
0
0
0
0
0
0
1
0
0
0
0
-1
0
0
-1
-1
0
-1
0
0
0
1
1
0
0
0
-1
1
0
0
0
0
1
0
1
0
0
1
1
0
0
0
0
0
-1
0
0
0
-1
0
0
1
0
0
0
0
1
0
1
0
0
0
0
-1
0
0
0
0
0
-1
0
0
0
1
1
0
0
-1
0
0
1
0
0
-1
1
0
0
0
0
-1
0
0
0
0
0
0
0
0
0
0
0
1
0
0
0
-1
0
1
0
0
1
-1
0
-1
-1
0
0
0
0
0
0
0
0
-1
0
-1
1
0
1
1
0
0
0
0
0
0
0
0
0
0
0
0
0
0
1
0
-1
0
0
0
0
0
0
-1
0
0
-1
0
0
0
0
0
0
0
1
1
0
0
0
0
0
0
0
-1
0
0
0
0
0
0
-1
-1
0
0
0
0
0
1
0
1
-1
0
0
-1
0
0
0
1
0
0
0
0
0
0
0
1
0
1
0
0
0
-1
-1
0
0
0
0
1
0
-1
0
0
0
0
1
0
-1
0
0
0
0
0
1
0
0
0
0
0
0
0
0
0
0
1
0
0
0
0
0
0
0
0
0
0
0
0
0
-1
-1
0
0
0
0
0
0
-1
0
0
-1
0
0
0
0
0
0
0
0
0
0
0
0
0
0
0
0
0
-1
0
0
1
0
0
-1
1
0
0
0
0
0
0
0
0
0
0
-1
1
0
0
-1
0
0
0
1
0
-1
0
0
0
0
0
0
0
1
-1
0
-1
0
-1
-1
0
0
0
1
0
0
0
0
0
1
0
-1
-1
0
0
0
0
0
0
0
-1
0
-1
0
1
0
0
0
0
1
0
0
0
0
0
-1
-1
0
0
0
0
-1
0
1
0
1
0
0
0
0
-1
0
0
0
-1
0
0
0
0
0
0
0
0
-1
0
0
0
1
0
1
0
-1
0
1
0
0
-1
0
0
0
0
0
0
1
0
1
0
0
0
0
0
1
0
1
0
0
0
1
0
0
0
0
0
-1
0
0
0
0
0
0
0
0
0
-1
0
0
0
0
0
0
0
0
0
0
1
0
1
0
0
1
0
0
1
0
0
1
0
0
1
0
0
0
0
0
0
0
0
0
0
0
1
0
0
-1
0
0
-1
0
-1
0
0
1
1
0
0
0
-1
0
0
0
0
0
0
1
0
0
-1
0
0
0
0
-1
0
1
0
0
0
0
0
-1
0
0
0
0
0
0
0
1
0
0
0
0
0
-1
0
0
0
0
0
1
0
0
0
0
0
0
0
1
0
-1
0
-1
1
0
0
0
0
-1
0
-1
0
0
0
0
-1
1
0
0
0
1
0
-1
0
1
1
0
-1
0
0
0
0
0
0
0
0
-1
0
0
0
0
1
-1
0
0
-1
0
0
0
0
0
1
1
0
0
0
-1
-1
0
0
0
1
0
0
0
0
0
0
1
0
0
-1
0
0
1
0
0
0
0
0
1
0
0
-1
0
0
0
0
0
0
0
0
1
0
0
0
0
0
0
0
0
1
0
0
0
0
0
0
-1
0
0
0
0
1
0
0
1
0
0
0
1
-1
0
-1
0
0
0
1
0
0
0
0
0
0
1
0
0
0
0
0
0
0
0
0
-1
0
0
0
1
0
0
0
1
0
0
0
0
0
0
0
0
0
0
1
0
1
0
-1
0
0
-1
0
0
0
-1
0
0
0
-1
0
-1
1
-1
1
0
0
0
0
0
1
0
1
0
0
0
0
0
0
0
0
0
0
0
1
0
0
-1
0
0
0
0
0
0
0
0
0
0
-1
0
0
1
0
0
-1
0
0
0
0
0
0
0
0
-1
0
1
0
0
0
0
1
0
0
0
0
0
-1
0
0
-1
0
0
0
0
0
0
0
0
0
0
0
1
1
1
1
0
0
-1
1
0
0
0
0
0
0
0
0
0
0
0
0
1
0
0
1
0
1
0
0
1
0
0
0
0
1
0
0
-1
0
0
1
1
0
0
-1
0
-1
-1
0
0
0
1
1
0
-1
0
1
0
0
0
0
1
0
1
-1
0
1
0
0
0
-1
0
0
0
1
0
-1
0
-1
-1
0
0
1
0
0
0
1
1
0
0
1
1
-1
0
-1
0
0
0
1
0
0
0
0
-1
0
0
-1
0
0
-1
-1
1
0
0
0
0
-1
0
1
0
0
0
-1
1
0
1
0
1
-1
0
0
0
-1
0
0
0
0
0
0
0
0
0
0
0
0
0
0
0
0
0
1
0
0
0
0
1
0
0
0
0
0
0
0
0
0
0
0
0
0
0
0
0
0
0
0
0
1
0
0
0
0
-1
0
0
1
0
0
0
0
0
-1
0
0
0
0
0
0
-1
0
0
-1
0
0
0
-1
0
0
0
0
-1
0
0
0
0
0
0
0
0
0
0
0
0
0
0
0
-1
0
0
0
-1
0
-1
0
-1
0
0
0
0
1
0
0
0
0
-1
1
0
0
0
0
0
1
0
0
0
0
0
0
1
0
0
0
0
-1
0
-1
0
0
0
0
0
0
0
0
0
0
0
0
0
0
0
0
0
1
0
1
1
0
1
0
0
0
0
0
1
0
1
0
0
0
1
0
0
-1
0
0
1
0
-1
0
0
0
0
-1
-1
1
0
0
1
0
0
1
0
0
0
-1
1
0
0
0
0
0
0
-1
0
0
0
0
0
0
0
0
0
0
0
0
0
0
0
0
0
0
0
0
-1
0
-1
0
-1
0
0
0
0
0
-1
0
-1
1
0
0
0
0
0
-1
0
-1
0
-1
0
0
0
0
-1
0
-1
0
1
0
0
0
0
0
0
1
0
0
0
0
0
0
-1
0
0
0
0
0
0
0
0
1
0
1
1
0
0
0
0
0
0
0
0
0
0
1
0
1
0
0
0
0
0
0
0
1
0
0
0
1
0
1
1
0
0
0
0
-1
0
0
1
0
0
0
0
0
0
0
0
0
0
0
0
0
-1
0
0
0
0
0
0
0
0
0
-1
0
1
0
0
0
0
0
0
0
-1
1
0
0
0
1
0
1
0
0
0
0
0
0
0
-1
0
1
0
0
0
1
0
0
0
0
-1
1
1
0
0
1
0
0
0
0
0
0
0
0
-1
0
0
0
0
1
0
0
0
0
0
0
-1
-1
1
0
0
1
0
0
-1
0
-1
1
0
1
0
0
0
0
1
-1
0
0
0
0
0
0
0
0
0
0
0
0
0
0
-1
0
0
0
0
1
0
0
0
0
0
0
0
0
-1
0
0
0
-1
0
0
1
0
-1
0
0
0
0
1
1
1
0
0
-1
0
0
-1
0
0
0
0
-1
0
0
0
0
0
0
1
0
0
0
0
0
1
0
0
0
0
0
0
0
-1
1
-1
0
-1
0
0
0
0
-1
0
0
0
0
0
0
0
0
0
1
0
0
0
0
0
0
0
0
0
0
0
0
0
0
-1
0
0
0
1
0
0
0
0
-1
0
-1
0
1
0
0
1
0
0
0
0
0
0
0
0
0
0
1
-1
0
-1
0
0
-1
0
0
0
0
-1
0
0
0
0
0
1
0
0
0
0
0
0
0
-1
0
0
0
0
0
0
-1
0
0
0
0
0
0
-1
0
-1
0
0
0
0
1
0
0
0
0
0
0
0
0
0
0
0
0
1
0
0
0
0
1
0
-1
0
1
0
0
0
0
0
0
0
-1
-1
0
0
0
1
0
-1
0
0
-1
0
0
0
-1
0
0
1
0
0
0
0
0
0
1
0
0
0
0
1
0
0
0
1
1
0
0
0
0
0
0
1
0
1
0
0
0
1
0
0
0
-1
1
1
0
-1
0
0
0
0
0
0
0
0
0
0
0
1
0
1
0
0
0
0
0
-1
0
1
0
0
-1
0
-1
0
0
-1
0
0
0
0
0
0
0
0
0
0
0
0
0
0
0
0
0
0
0
0
0
0
0
0
0
0
0
0
0
0
0
0
0
-1
0
0
0
0
0
0
0
-1
0
0
0
0
0
0
0
0
0
0
0
0
0
0
0
0
0
0
0
0
0
0
1
-1
0
0
0
0
0
0
0
1
0
0
0
0
0
-1
0
0
0
0
0
0
0
0
0
0
-1
-1
-1
-1
0
-1
0
0
0
0
0
0
-1
-1
0
-1
0
0
0
-1
0
0
0
0
0
0
0
1
0
0
0
0
0
0
0
0
0
0
1
1
0
0
0
0
0
0
0
0
0
0
0
1
0
0
0
0
0
1
1
0
0
0
0
0
-1
0
0
0
0
0
0
1
0
0
1
0
0
0
1
0
0
1
0
1
1
0
0
0
0
0
0
0
0
0
0
1
0
1
1
-1
0
0
0
0
0
0
0
0
0
0
0
1
0
0
1
0
0
0
1
0
0
0
-1
0
0
0
0
0
0
0
0
0
0
1
0
0
0
-1
-1
0
0
0
0
0
0
0
0
0
0
-1
0
1
0
0
0
0
0
0
0
-1
0
1
0
0
0
0
-1
0
-1
-1
0
0
0
0
1
0
0
0
0
0
0
0
0
1
1
0
1
-1
0
0
0
0
0
0
0
0
0
0
0
0
0
0
0
0
0
0
0
0
0
0
0
0
0
0
0
0
-1
1
0
1
0
0
1
0
0
0
0
0
1
-1
0
0
0
0
0
1
0
0
-1
0
0
0
0
1
0
0
1
-1
-1
0
0
0
0
0
0
0
0
0
0
0
-1
0
0
0
1
0
0
0
0
1
0
-1
-1
0
0
0
-1
0
0
0
0
0
-1
0
0
0
0
-1
0
0
0
0
0
0
0
0
0
0
0
0
0
0
-1
0
0
0
0
0
0
0
0
0
1
0
-1
0
0
0
0
0
0
0
0
0
0
0
0
0
0
0
0
0
0
0
-1
0
0
0
0
0
0
0
0
0
0
0
0
0
1
0
0
0
0
0
0
0
1
0
0
0
1
1
0
0
0
-1
1
1
0
0
0
0
0
0
0
1
0
0
0
1
0
0
0
0
0
-1
0
0
0
0
0
0
0
0
0
0
-1
-1
-1
0
0
0
0
-1
0
0
0
0
0
0
0
0
0
1
0
1
0
0
0
0
0
0
1
-1
0
1
-1
0
0
0
0
0
0
0
-1
0
0
0
-1
0
-1
0
0
0
0
0
-1
0
0
0
0
0
0
-1
0
0
0
0
0
0
0
0
-1
-1
0
0
0
0
0
1
0
0
0
0
0
-1
0
0
0
0
0
0
0
0
0
1
0
1
0
0
1
-1
1
0
0
0
-1
-1
0
0
0
-1
0
-1
0
0
0
-1
0
0
0
0
1
0
0
0
0
0
0
1
0
1
0
0
0
0
0
0
1
0
0
0
1
1
0
0
0
0
0
0
0
0
-1
1
0
0
0
0
0
0
0
1
0
0
-1
0
0
0
-1
-1
0
0
1
0
-1
0
0
0
0
0
0
-1
-1
0
0
-1
1
0
1
0
0
0
0
0
0
1
0
0
0
-1
0
0
0
0
0
1
-1
0
0
0
0
0
0
0
0
0
1
0
0
0
0
0
0
-1
0
0
-1
0
0
-1
0
0
0
0
0
0
0
0
1
0
0
-1
1
0
0
-1
-1
0
0
0
1
-1
0
0
0
-1
1
0
0
0
1
-1
0
0
0
0
0
0
0
0
0
0
0
-1
0
0
0
0
0
0
0
0
0
0
1
-1
0
0
-1
1
0
0
0
0
0
0
0
0
0
0
0
0
0
0
-1
0
0
0
0
0
0
0
-1
0
0
0
-1
0
0
-1
-1
0
0
0
0
0
1
1
-1
0
-1
0
0
0
0
0
0
0
0
1
0
0
0
0
-1
1
0
0
1
0
0
0
0
0
1
1
0
0
0
0
0
-1
0
-1
1
0
1
0
0
1
0
0
1
0
0
0
1
-1
-1
1
0
0
0
-1
0
0
1
0
0
0
0
0
0
-1
0
0
0
-1
0
0
1
1
-1
0
0
0
0
0
0
0
0
0
-1
1
0
0
1
0
0
0
0
1
-1
0
0
0
0
-1
1
0
0
-1
0
0
0
0
0
-1
0
-1
1
0
0
1
0
0
0
0
0
0
0
0
-1
0
0
0
1
0
1
0
0
0
0
-1
0
0
1
1
0
0
0
-1
-1
0
0
0
-1
0
0
1
0
1
0
0
1
0
0
1
0
0
0
0
0
0
0
0
0
0
0
-1
1
0
0
0
0
0
0
0
0
0
0
-1
0
-1
0
0
0
0
0
-1
0
0
0
1
0
0
0
0
0
0
0
0
0
-1
1
1
-1
0
0
0
0
0
0
0
0
0
0
0
0
0
-1
0
0
0
0
0
0
0
0
-1
0
0
0
0
-1
0
-1
0
0
0
0
0
-1
0
0
-1
0
0
0
1
0
0
0
0
0
0
1
0
0
0
0
0
1
0
0
0
1
1
0
0
0
0
0
0
0
0
1
1
1
0
0
-1
0
0
0
-1
-1
0
0
0
0
0
0
0
0
0
0
0
0
0
0
0
0
0
0
0
0
0
1
1
1
0
-1
0
0
0
0
0
0
1
-1
-1
0
0
0
0
0
1
0
-1
0
0
0
0
0
0
0
0
-1
0
0
0
0
1
0
0
0
0
0
-1
1
1
0
0
0
0
1
0
0
0
0
0
0
0
0
0
0
0
0
1
0
0
0
0
0
0
1
0
0
0
0
0
0
0
0
0
0
1
0
-1
0
0
0
0
-1
0
0
0
0
0
0
-1
0
0
-1
0
0
0
-1
1
0
0
0
0
0
0
0
0
0
0
0
0
0
-1
0
-1
0
0
0
0
0
0
0
0
0
1
0
0
0
0
0
0
0
0
0
0
0
1
0
0
0
0
0
0
0
0
0
-1
0
0
1
0
0
0
0
0
0
0
1
0
0
0
0
0
0
-1
0
1
0
0
0
0
0
0
0
0
-1
0
0
0
0
0
0
0
0
1
0
-1
0
1
0
0
-1
0
0
0
0
-1
0
0
0
0
1
0
0
0
0
0
0
0
0
-1
0
0
0
0
0
0
0
0
0
1
0
0
0
0
0
1
0
0
1
0
1
-1
0
0
0
0
0
0
0
0
-1
0
-1
-1
0
0
0
0
0
0
0
0
0
0
-1
0
-1
0
0
0
0
0
0
-1
0
0
0
0
0
0
0
0
0
0
0
0
0
0
0
0
0
1
1
0
-1
0
0
0
0
0
0
0
0
0
0
0
0
0
0
0
0
1
0
0
0
0
0
1
0
0
0
0
0
0
0
-1
-1
0
0
0
0
0
-1
-1
0
0
0
-1
1
0
0
-1
0
0
0
0
0
0
0
0
0
0
0
0
0
0
0
0
1
0
0
-1
0
0
0
0
0
0
1
0
0
-1
-1
0
0
0
0
-1
0
0
0
0
0
1
0
0
1
0
1
0
0
0
0
0
0
-1
0
0
0
0
0
0
1
0
0
0
0
0
0
-1
-1
0
-1
0
0
0
0
0
0
0
0
0
0
0
0
0
0
-1
0
0
0
0
1
0
0
0
0
0
0
0
0
0
0
-1
1
-1
0
0
0
0
0
0
0
0
1
0
1
0
0
0
1
-1
0
0
0
0
0
0
0
0
0
0
-1
0
0
0
0
1
1
0
1
0
0
0
0
0
0
0
0
0
0
-1
-1
-1
-1
0
0
0
0
0
-1
0
0
0
0
0
-1
0
-1
0
1
0
0
1
0
0
-1
0
-1
0
0
0
-1
0
1
-1
0
0
0
0
-1
0
1
0
-1
1
1
0
1
-1
0
0
1
0
0
-1
1
0
0
1
0
0
0
0
1
0
0
0
0
1
0
-1
0
-1
0
1
0
1
-1
0
1
0
0
0
0
0
-1
0
0
0
0
0
0
0
0
0
0
-1
0
1
0
1
0
-1
0
0
1
0
0
0
0
0
0
-1
0
-1
0
0
0
0
0
0
0
1
0
1
0
0
0
0
0
-1
0
0
0
0
0
-1
0
0
0
0
0
0
1
0
0
0
0
1
0
0
0
0
0
0
0
0
0
-1
0
1
0
0
0
0
0
0
0
0
0
0
0
0
0
0
0
-1
1
0
0
0
-1
0
0
0
1
0
0
0
-1
0
0
0
0
1
1
0
1
0
0
-1
0
-1
0
0
0
0
0
0
0
0
0
0
0
0
0
1
0
0
0
0
0
0
0
0
0
0
0
0
0
0
0
0
0
0
1
0
0
0
1
0
0
0
0
0
0
0
0
1
1
0
0
1
0
0
0
0
0
1
0
0
-1
1
0
-1
-1
0
0
0
0
0
1
0
1
0
0
0
1
0
-1
0
-1
0
0
-1
0
0
0
-1
0
0
0
0
0
0
0
0
1
-1
0
0
0
0
-1
0
0
0
0
0
1
0
0
0
0
0
0
0
0
1
1
0
0
0
0
0
0
0
0
0
1
0
-1
0
0
0
0
0
0
0
0
0
0
1
0
1
1
1
0
0
0
0
0
0
0
0
0
0
0
0
-1
0
0
0
-1
0
-1
0
0
0
0
0
0
0
-1
1
0
1
0
0
0
0
1
1
0
-1
0
1
-1
0
0
0
0
0
0
0
0
0
0
0
0
0
1
-1
0
0
0
0
0
0
0
-1
0
-1
0
0
0
0
0
-1
0
1
0
0
0
1
0
0
0
0
0
0
0
0
0
0
0
0
0
0
1
0
1
0
-1
-1
-1
0
0
0
0
0
0
0
-1
0
0
1
-1
0
1
0
0
0
0
0
0
0
-1
0
0
0
0
0
0
0
0
0
0
0
0
0
0
0
0
0
0
0
0
0
0
1
0
1
0
0
0
1
0
0
-1
1
0
-1
0
0
-1
0
0
0
0
-1
0
0
0
0
1
0
0
0
1
0
0
1
-1
0
0
0
0
0
0
-1
0
1
0
0
0
1
-1
0
0
0
-1
0
0
0
-1
0
1
0
-1
0
0
-1
-1
0
0
0
0
-1
-1
-1
0
0
0
0
0
0
0
0
0
1
0
-1
0
1
0
1
0
0
0
-1
0
0
0
0
0
0
-1
1
0
0
0
0
1
0
0
0
-1
0
1
0
0
0
0
0
0
0
0
0
0
-1
1
-1
0
1
0
0
0
0
0
0
0
0
0
0
0
0
0
0
0
1
0
0
0
0
-1
1
0
0
0
0
0
0
0
0
0
0
0
0
-1
0
0
0
-1
0
0
1
1
0
0
0
0
-1
0
1
0
-1
0
0
0
0
-1
0
0
0
0
0
-1
-1
0
0
0
0
1
0
0
0
0
-1
0
0
0
0
0
0
0
0
1
0
-1
0
0
-1
0
0
0
0
0
0
0
0
0
0
0
1
0
0
0
0
-1
-1
0
-1
0
0
0
-1
0
0
0
0
1
1
-1
0
0
-1
-1
0
0
-1
0
0
-1
0
0
-1
1
-1
0
0
-1
0
0
0
0
0
0
0
1
0
0
-1
1
1
0
0
0
0
0
0
0
0
0
1
0
0
0
0
0
0
-1
0
0
-1
0
0
1
0
0
1
0
0
0
1
0
0
0
0
0
0
1
-1
0
0
0
1
0
-1
0
0
0
0
0
-1
0
0
0
0
1
0
0
1
0
0
0
1
0
0
0
0
0
1
0
0
0
0
0
0
0
1
0
0
0
0
-1
0
0
-1
-1
0
-1
0
0
0
1
1
0
0
0
-1
1
0
0
0
0
1
0
1
0
0
1
1
0
0
0
0
0
-1
0
0
0
-1
0
0
1
0
0
0
0
1
0
1
0
0
0
0
-1
0
0
0
0
0
-1
0
0
0
1
1
0
0
-1
0
0
1
0
0
-1
1
0
0
0
0
-1
0
0
0
0
0
0
0
0
0
0
0
1
0
0
0
-1
0
1
0
0
1
-1
0
-1
-1
0
0
0
0
0
0
0
0
-1
0
-1
1
0
1
1
0
0
0
0
0
0
0
0
0
0
0
0
0
0
1
0
-1
0
0
0
0
0
0
-1
0
0
-1
0
0
0
0
0
0
0
1
1
0
0
0
0
0
0
0
-1
0
0
0
0
0
0
-1
-1
0
0
0
0
0
1
0
1
-1
0
0
-1
0
0
0
1
0
0
0
0
0
0
0
1
0
1
0
0
0
-1
-1
0
0
0
0
1
0
-1
0
0
0
0
1
0
-1
0
0
0
0
0
1
0
0
0
0
0
0
0
0
0
0
1
0
0
0
0
0
0
0
0
0
0
0
0
0
-1
-1
0
0
0
0
0
0
-1
0
0
-1
0
0
0
0
0
0
0
0
0
0
0
0
0
0
0
0
0
-1
0
0
1
0
0
-1
1
0
0
0
0
0
0
0
0
0
0
-1
1
0
0
-1
0
0
0
1
0
-1
0
0
0
0
0
0
0
1
-1
0
-1
0
-1
-1
0
0
0
1
0
0
0
0
0
1
0
-1
-1
0
0
0
0
0
0
0
-1
0
-1
0
1
0
0
0
0
1
0
0
0
0
0
-1
-1
0
0
0
0
-1
0
1
0
1
0
0
0
0
-1
0
0
0
-1
0
0
0
0
0
0
0
0
-1
0
0
0
1
0
1
0
-1
0
1
0
0
-1
0
0
0
0
0
0
1
0
1
0
0
0
0
0
1
0
1
0
0
0
1
0
0
0
0
0
-1
0
0
0
0
0
0
0
0
0
-1
0
0
0
0
0
0
0
0
0
0
1
0
1
0
0
1
0
0
1
0
0
1
0
0
1
0
0
0
0
0
0
0
0
0
0
0
1
0
0
-1
0
0
-1
0
-1
0
0
1
1
0
0
0
-1
0
0
0
0
0
0
1
0
0
-1
0
0
0
0
-1
0
1
0
0
0
0
0
-1
0
0
0
0
0
0
0
1
0
0
0
0
0
-1
0
0
0
0
0
1
0
0
0
0
0
0
0
1
0
-1
0
-1
1
0
0
0
0
-1
0
0
1
1
1
0
0
2
1
2
2
2
1
-1
0
1
1
1
1
2
2
2
1
0
0
0
0
-1
0
0
0
0
1
-1
1
0
-1
0
0
0
0
-1
0
0
-1
-1
-1
-2
-2
-1
-1
-1
0
-1
-1
-1
-1
-1
-1
1
0
0
0
1
1
2
1
1
1
1
0
1
0
0
-1
0
0
0
0
0
0
1
1
2
1
1
1
1
0
1
1
1
2
1
1
1
1
1
2
1
2
2
3
2
4
2
3
3
2
2
2
2
0
1
0
0
0
0
1
1
0
1
1
0
0
2
0
0
0
-1
0
-1
-1
-1
-2
-2
-2
-2
-2
-1
-2
-2
-2
-1
-2
-2
-2
-1
-1
-1
-1
-1
0
0
1
1
2
0
0
1
0
0
1
1
1
0
1
1
1
0
1
0
2
0
2
1
1
1
1
1
2
1
2
1
1
2
2
2
1
0
0
0
0
0
2
1
1
0
0
0
0
0
1
1
0
0
-1
-1
-1
0
1
2
1
1
-1
0
-1
-1
-1
-1
-1
-1
-1
-2
-1
0
0
-1
-1
-2
-1
-2
-1
-1
0
1
0
1
1
-1
0
1
1
1
1
1
1
1
0
0
0
1
1
1
1
0
0
-1
1
0
0
0
0
0
0
0
0
0
0
0
0
1
0
0
1
0
1
0
0
1
0
0
0
0
1
0
0
-1
0
0
1
1
0
0
-1
0
-1
-1
0
0
0
1
1
0
-1
0
1
0
0
0
0
1
0
1
-1
0
1
0
0
0
-1
0
0
0
1
0
-1
0
-1
-1
0
0
1
0
0
0
1
1
0
0
1
1
-1
0
-1
0
0
0
1
0
0
0
0
-1
0
0
-1
0
0
-1
-1
1
0
0
0
0
-1
0
1
0
0
0
-1
1
0
1
0
1
-1
0
0
0
-1
0
0
0
0
0
0
0
0
0
0
0
0
0
0
0
0
0
1
0
0
0
0
1
0
0
0
0
0
0
0
0
0
0
0
0
0
0
0
0
0
0
0
0
1
0
0
0
0
-1
0
0
1
0
0
0
0
0
-1
0
0
0
0
0
0
-1
0
0
-1
0
0
0
-1
0
0
0
0
-1
0
0
0
0
0
0
0
0
0
0
0
0
0
0
0
-1
0
0
0
-1
0
-1
0
-1
0
0
0
0
1
0
0
0
0
-1
1
0
0
0
0
0
1
0
0
0
0
0
0
1
0
0
0
0
-1
0
-1
0
0
0
0
0
0
0
0
0
0
0
0
0
0
0
0
0
1
0
1
1
0
1
0
0
0
0
0
1
0
1
0
0
0
1
0
0
-1
0
0
1
0
-1
0
0
0
0
-1
-1
1
0
0
1
0
0
1
0
0
0
-1
1
0
0
0
0
0
0
-1
0
0
0
0
0
0
0
0
0
0
0
0
0
0
0
0
0
0
0
0
-1
0
-1
0
-1
0
0
0
0
0
-1
0
-1
1
0
0
0
0
0
-1
0
-1
0
-1
0
0
0
0
-1
0
-1
0
1
0
0
0
0
0
0
1
0
0
0
0
0
0
-1
0
0
0
0
0
0
0
0
1
0
1
1
0
0
0
0
0
0
0
0
0
0
1
0
1
0
0
0
0
0
0
0
1
0
0
0
1
0
1
1
0
0
0
0
-1
0
0
1
0
0
0
0
0
0
0
0
0
0
0
0
0
-1
0
0
0
0
0
0
0
0
0
-1
0
1
0
0
0
0
0
0
0
-1
1
0
0
0
1
0
1
0
0
0
0
0
0
0
-1
0
1
0
0
0
1
0
0
0
0
-1
1
1
0
0
1
0
0
0
0
0
0
0
0
-1
0
0
0
0
1
0
0
0
0
0
0
-1
-1
1
0
0
1
0
0
-1
0
-1
1
0
1
0
0
0
0
1
-1
0
0
0
0
0
0
0
0
0
0
0
0
0
0
-1
0
0
0
0
1
0
0
0
0
0
0
0
0
-1
0
0
0
-1
0
0
1
0
-1
0
0
0
0
1
1
1
0
0
-1
0
0
-1
0
0
0
0
-1
0
0
0
0
0
0
1
0
0
0
0
0
1
0
0
0
0
0
0
0
-1
1
-1
0
-1
0
0
0
0
-1
0
0
0
0
0
0
0
0
0
1
0
0
0
0
0
0
0
0
0
0
0
0
0
0
-1
0
0
0
1
0
0
0
0
-1
0
-1
0
1
0
0
1
0
0
0
0
0
0
0
0
0
0
1
-1
0
-1
0
0
-1
0
0
0
0
-1
0
0
0
0
0
1
0
0
0
0
0
0
0
-1
0
0
0
0
0
0
-1
0
0
0
0
0
0
-1
0
-1
0
0
0
0
1
0
0
0
0
0
0
0
0
0
0
0
0
1
0
0
0
0
1
0
-1
0
1
0
0
0
0
0
0
0
-1
-1
0
0
0
1
0
-1
0
0
-1
0
0
0
-1
0
0
1
0
0
0
0
0
0
1
0
0
0
0
1
0
0
0
1
1
0
0
0
0
0
0
1
0
1
0
0
0
1
0
0
0
-1
1
1
0
-1
0
0
0
0
0
0
0
0
0
0
0
1
0
1
0
0
0
0
0
-1
0
1
0
0
-1
0
-1
0
0
-1
0
0
0
0
0
0
0
0
0
0
0
0
0
0
0
0
0
0
0
0
0
0
0
0
0
0
0
0
0
0
0
0
0
-1
0
0
0
0
0
0
0
-1
0
0
0
0
0
0
0
0
0
0
0
0
0
0
0
0
0
0
0
0
0
0
1
-1
0
0
0
0
0
0
0
1
0
0
0
0
0
-1
0
0
0
0
0
0
0
0
0
0
-1
-1
-1
-1
0
-1
0
0
0
0
0
0
-1
-1
0
-1
0
0
0
-1
0
0
0
0
0
0
0
1
0
0
0
0
0
0
0
0
0
0
1
1
0
0
0
0
0
0
0
0
0
0
0
1
0
0
0
0
0
1
1
0
0
0
0
0
-1
0
0
0
0
0
0
1
0
0
1
0
0
0
1
0
0
1
0
1
1
0
0
0
0
0
0
0
0
0
0
1
0
1
1
-1
0
0
0
0
0
0
0
0
0
0
0
1
0
0
1
0
0
0
1
0
0
0
-1
0
0
0
0
0
0
0
0
0
0
1
0
0
0
-1
-1
0
0
0
0
0
0
0
0
0
0
-1
0
1
0
0
0
0
0
0
0
-1
0
1
0
0
0
0
-1
0
-1
-1
0
0
0
0
1
0
0
0
0
0
0
0
0
1
1
0
1
-1
0
0
0
0
0
0
0
0
0
0
0
0
0
0
0
0
0
0
0
0
0
0
0
0
0
0
0
0
-1
1
0
1
0
0
1
0
0
0
0
0
1
-1
0
0
0
0
0
1
0
0
-1
0
0
0
0
1
0
0
1
-1
-1
0
0
0
0
0
0
0
0
0
0
0
-1
0
0
0
1
0
0
0
0
1
0
-1
-1
0
0
0
-1
0
0
0
0
0
-1
0
0
0
0
-1
0
0
0
0
0
0
0
0
0
0
0
0
0
0
-1
0
0
0
0
0
0
0
0
0
1
0
-1
0
0
0
0
0
0
0
0
0
0
0
0
0
0
0
0
0
0
0
-1
0
0
0
0
0
0
0
0
0
0
0
0
0
1
0
0
0
0
0
0
0
1
0
0
0
1
1
0
0
0
-1
1
1
0
0
0
0
0
0
0
1
0
0
0
1
0
0
0
0
0
-1
0
0
0
0
0
0
0
0
0
0
-1
-1
-1
0
0
0
0
-1
0
0
0
0
0
0
0
0
0
1
0
1
0
0
0
0
0
0
1
-1
0
1
-1
0
0
0
0
0
0
0
-1
0
0
0
-1
0
-1
0
0
0
0
0
-1
0
0
0
0
0
0
-1
0
0
0
0
0
0
0
0
-1
-1
0
0
0
0
0
1
0
0
0
0
0
-1
0
0
0
0
0
0
0
0
0
1
0
1
0
0
1
-1
1
0
0
0
-1
-1
0
0
0
-1
0
-1
0
0
0
-1
0
0
0
0
1
0
0
0
0
0
0
1
0
1
0
0
0
0
0
0
1
0
0
0
1
1
0
0
0
0
0
0
0
0
-1
1
0
0
0
0
0
0
0
1
0
0
-1
0
0
0
-1
-1
0
0
1
0
-1
0
0
0
0
0
0
-1
-1
0
0
-1
1
0
1
0
0
0
0
0
0
1
0
0
0
-1
0
0
0
0
0
1
-1
0
0
0
0
0
0
0
0
0
1
0
0
0
0
0
0
-1
0
0
-1
0
0
-1
0
0
-1
0
0
0
0
1
1
0
0
-1
1
1
2
1
1
2
1
0
1
-2
0
-1
-1
-3
-1
-2
-1
0
1
0
1
1
1
1
0
1
1
1
1
1
1
-1
0
0
0
0
0
0
0
0
0
0
1
-1
0
0
-1
1
0
0
0
0
0
0
0
0
1
1
1
2
1
1
0
0
0
0
1
1
1
1
0
1
0
-1
-3
-2
-2
-1
-1
1
0
1
2
4
7
7
4
3
0
-2
-3
-3
-3
-3
-3
-3
-3
-2
-2
-1
1
3
1
2
-1
-2
-2
-2
-1
1
4
6
6
3
-2
-1
6
13
15
7
0
-7
-4
-3
-1
-2
-2
2
2
-4
-13
-23
-22
-11
4
11
11
6
0
0
6
10
12
6
-1
-10
-11
-9
-3
3
9
12
14
12
8
0
-6
-9
-5
1
-2
-9
-17
-18
-13
-4
5
13
17
16
12
8
1
-1
4
10
13
12
11
13
11
8
1
-5
-10
-12
-10
-13
-16
-17
-7
6
11
7
0
-5
-2
1
7
7
3
-5
-13
-19
-25
-28
-24
-15
-5
1
2
3
0
-2
0
4
6
0
-7
-9
-5
-3
-3
-8
-11
-12
-14
-20
-28
-33
-27
-12
1
6
6
9
12
13
6
-5
-16
-20
-16
-9
1
13
19
23
27
32
35
31
18
6
4
12
20
17
7
-7
-12
-9
-5
-1
0
-7
-19
-29
-28
-14
6
14
10
-3
-13
-17
-18
-19
-17
-12
-2
11
18
15
4
-7
-7
11
38
58
55
27
-8
-38
-53
-46
-33
-24
-19
-12
5
27
46
53
47
33
18
5
-9
-17
-18
-10
8
28
43
48
42
27
9
-9
-22
-27
-25
-17
-9
1
8
14
18
18
13
7
-3
-18
-33
-51
-69
-82
-88
-83
-70
-54
-39
-32
-32
-32
-20
0
16
22
15
-13
-59
-105
-129
-126
-96
-43
24
85
105
62
-41
-169
-271
-303
-252
-148
-48
-1
-4
-30
-40
-33
-42
-107
-212
-266
-203
-91
-110
-285
-292
345
1683
3031
3384
2335
534
-894
-1383
-1313
-1341
-1503
-1177
42
1606
2353
1655
105
-1010
-940
-147
250
-350
-1423
-1867
-1119
300
1338
1461
1093
985
1249
1251
448
-863
-1740
-1565
-692
-65
-197
-661
-665
-6
683
636
-200
-1130
-1465
-1179
-763
-553
-383
87
835
1376
1230
463
-353
-711
-621
-434
-356
-257
62
532
816
685
265
-140
-399
-626
-921
-1158
-1100
-701
-224
11
-64
-263
-379
-385
-387
-452
-527
-509
-362
-139
73
223
312
363
365
298
180
87
112
270
472
603
631
627
674
756
778
679
506
365
309
315
328
343
403
514
620
648
576
413
195
-9
-110
-56
126
357
562
693
729
686
604
521
448
388
347
344
403
543
736
894
923
777
476
93
-275
-545
-654
-595
-433
-271
-177
-142
-138
-196
-395
-777
-1247
-1620
-1754
-1669
-1502
-1387
-1377
-1456
-1588
-1773
-2035
-2369
-2721
-3012
-3162
-3102
-2795
-2267
-1637
-1035
-478
72
536
808
939
1057
1189
1342
1609
2061
2624
3144
3505
3622
3446
3010
2438
1854
1312
852
547
394
312
249
167
-16
-347
-775
-1233
-1689
-2087
-2336
-2323
-1985
-1395
-729
-100
473
980
1356
1506
1421
1243
1161
1245
1494
1897
2347
2654
2733
2670
2570
2441
2222
1863
1380
876
514
381
393
376
263
104
-66
-333
-756
-1247
-1668
-1927
-1961
-1770
-1497
-1332
-1304
-1281
-1181
-1109
-1256
-1678
-2210
-2676
-3101
-3589
-4140
-4663
-5063
-5352
-5715
-6222
-6504
-5943
-4390
-2522
-1182
-372
610
2020
3366
4264
4757
4827
4461
4123
4392
5269
6230
6755
6635
6018
5267
4602
3880
2795
1337
-164
-1440
-2422
-2944
-2828
-2399
-2350
-2898
-3498
-3641
-3498
-3558
-3918
-4261
-4307
-3943
-3104
-1909
-699
248
867
1183
1357
1657
2079
2367
2483
2688
3174
3908
4743
5463
5839
5732
5164
4345
3586
2983
2327
1439
497
-128
-283
-186
-171
-393
-820
-1325
-1753
-1984
-2047
-2091
-2181
-2208
-2070
-1773
-1385
-1030
-861
-869
-882
-788
-649
-527
-424
-315
-181
-32
91
157
91
-338
-1251
-2366
-3331
-4197
-5140
-6034
-6749
-7359
-7551
-6559
-4360
-2131
-827
-31
1065
2338
3173
3535
3714
3565
2887
2266
2600
3916
5313
6057
6095
5666
5075
4641
4227
3258
1625
-102
-1479
-2437
-2759
-2210
-1249
-814
-1227
-1754
-1662
-1330
-1613
-2501
-3285
-3643
-3714
-3496
-2817
-1719
-582
149
441
707
1176
1542
1472
1113
891
1019
1456
2096
2881
3677
4252
4479
4464
4343
4075
3490
2556
1526
760
399
309
335
415
490
434
187
-149
-435
-725
-1168
-1736
-2187
-2377
-2383
-2326
-2242
-2089
-1827
-1551
-1362
-1218
-1079
-1072
-1219
-1282
-1136
-918
-786
-873
-1339
-2127
-2889
-3483
-4146
-4987
-5872
-6768
-7428
-7023
-5127
-2772
-1291
-451
949
2964
4523
5224
5534
5430
4483
3231
2899
3673
4570
4943
5000
5006
5025
5132
5143
4500
3031
1260
-355
-1780
-2806
-3064
-2798
-2768
-3148
-3216
-2429
-1313
-854
-1297
-2091
-2793
-3366
-3672
-3460
-2846
-2244
-1799
-1265
-393
741
1748
2261
2281
2119
2117
2305
2530
2784
3131
3393
3462
3649
4194
4720
4706
4157
3418
2726
2128
1564
1007
511
75
-356
-711
-854
-853
-905
-1112
-1386
-1631
-1848
-2071
-2273
-2428
-2551
-2676
-2733
-2565
-2193
-1857
-1674
-1461
-1032
-506
-150
-42
-97
-400
-1154
-2154
-2936
-3606
-4633
-5780
-6450
-6738
-6868
-6236
-4477
-2561
-1390
-369
1322
3156
4217
4695
5114
5091
4239
3349
3364
3928
4133
3916
3797
3925
4158
4417
4464
3914
2748
1416
258
-796
-1792
-2561
-3078
-3519
-3783
-3487
-2604
-1703
-1334
-1484
-1728
-1798
-1859
-2121
-2425
-2505
-2417
-2313
-2050
-1376
-410
427
910
1282
1861
2547
3007
3174
3260
3352
3353
3292
3382
3682
3925
3849
3540
3240
2986
2697
2368
1970
1444
839
235
-327
-754
-999
-1192
-1449
-1679
-1769
-1719
-1600
-1496
-1507
-1654
-1838
-1951
-2010
-2090
-2142
-2021
-1754
-1495
-1210
-747
-183
227
319
-30
-867
-1917
-2818
-3639
-4650
-5700
-6465
-7050
-7472
-7048
-5422
-3529
-2305
-1196
726
2974
4433
5072
5507
5638
5032
4056
3484
3450
3495
3409
3391
3639
4102
4551
4761
4626
4148
3330
2177
824
-456
-1474
-2322
-3201
-3967
-4133
-3506
-2614
-2091
-1870
-1508
-1043
-939
-1248
-1535
-1633
-1863
-2350
-2684
-2486
-1939
-1468
-1085
-405
683
1781
2532
3061
3635
4130
4216
3959
3759
3731
3557
3046
2503
2323
2459
2527
2398
2306
2293
2042
1484
940
495
-75
-746
-1343
-1873
-2318
-2544
-2572
-2551
-2499
-2359
-2120
-1819
-1529
-1344
-1264
-1253
-1295
-1351
-1337
-1179
-919
-720
-656
-583
-527
-808
-1426
-1995
-2526
-3400
-4518
-5418
-6086
-6700
-6853
-6078
-4840
-3873
-2821
-883
1549
3310
4274
5122
5742
5533
4798
4336
4140
3684
2998
2579
2658
3024
3406
3674
3773
3674
3395
2982
2413
1606
580
-531
-1641
-2717
-3585
-3972
-3869
-3625
-3444
-3127
-2542
-1911
-1434
-1070
-822
-796
-992
-1303
-1619
-1835
-1945
-2016
-1968
-1565
-775
184
1162
2193
3293
4297
4960
5238
5270
5124
4735
4124
3443
2837
2313
1823
1397
1186
1225
1320
1309
1262
1231
1054
622
37
-618
-1366
-2155
-2810
-3261
-3547
-3628
-3408
-2953
-2449
-1970
-1461
-881
-293
108
169
48
49
114
-38
-330
-536
-864
-1573
-2345
-2741
-2918
-3311
-3934
-4514
-4988
-5336
-5205
-4440
-3572
-2969
-2118
-643
831
1744
2557
3675
4540
4642
4445
4517
4615
4298
3782
3494
3318
2928
2421
2117
2071
2121
2091
1856
1440
990
561
56
-601
-1334
-1957
-2383
-2762
-3171
-3337
-3122
-2838
-2682
-2398
-1816
-1187
-751
-511
-440
-555
-789
-1021
-1176
-1219
-1102
-832
-413
200
1039
1948
2687
3233
3723
4145
4359
4328
4130
3799
3348
2835
2326
1875
1549
1360
1211
1038
903
838
747
554
265
-126
-618
-1116
-1541
-1937
-2337
-2616
-2708
-2721
-2678
-2425
-1911
-1363
-964
-649
-345
-122
-10
-2
-175
-530
-858
-1107
-1561
-2328
-3021
-3386
-3714
-4213
-4571
-4625
-4716
-4952
-4839
-4155
-3371
-2733
-1781
-290
1168
2160
3049
4138
5019
5303
5269
5265
5106
4606
4024
3588
3122
2494
1932
1629
1493
1406
1353
1258
1032
729
439
73
-521
-1260
-1867
-2228
-2530
-2911
-3198
-3146
-2817
-2440
-2043
-1516
-934
-522
-339
-248
-156
-132
-273
-552
-818
-919
-818
-569
-197
318
928
1488
1948
2460
3091
3604
3810
3831
3811
3694
3428
3089
2725
2320
1899
1522
1228
1009
850
714
510
175
-175
-380
-556
-892
-1282
-1525
-1679
-1841
-1938
-1896
-1799
-1724
-1643
-1506
-1318
-1124
-974
-858
-730
-585
-519
-563
-659
-849
-1262
-1840
-2366
-2833
-3400
-3965
-4263
-4423
-4778
-5139
-4960
-4254
-3512
-2739
-1487
126
1434
2315
3272
4360
5022
5044
4854
4733
4479
3948
3318
2784
2317
1832
1408
1239
1339
1485
1511
1439
1341
1245
1123
844
308
-344
-877
-1297
-1771
-2256
-2544
-2625
-2689
-2728
-2497
-1971
-1481
-1229
-1070
-883
-744
-740
-857
-1064
-1288
-1402
-1344
-1156
-840
-364
175
668
1190
1895
2737
3508
4083
4489
4760
4883
4844
4650
4286
3721
3019
2334
1749
1243
804
428
62
-304
-580
-701
-776
-955
-1212
-1422
-1632
-1943
-2228
-2303
-2304
-2498
-2760
-2750
-2481
-2236
-2068
-1815
-1480
-1156
-833
-484
-163
50
-1
-408
-924
-1288
-1695
-2400
-3155
-3672
-4088
-4526
-4724
-4515
-4107
-3570
-2606
-1142
359
1523
2529
3606
4506
4955
5073
5021
4730
4188
3567
2930
2181
1383
819
647
676
724
853
1113
1336
1414
1448
1455
1266
801
229
-221
-547
-1002
-1698
-2344
-2666
-2817
-2996
-3031
-2740
-2325
-2041
-1813
-1435
-962
-657
-590
-585
-527
-468
-436
-354
-218
-96
36
309
789
1392
2011
2615
3187
3651
4040
4473
4883
5049
4907
4573
4146
3652
3078
2380
1593
810
49
-678
-1240
-1564
-1740
-1868
-1975
-2039
-1971
-1759
-1569
-1523
-1552
-1589
-1712
-1950
-2156
-2206
-2176
-2191
-2187
-1975
-1526
-1038
-675
-381
-145
-124
-340
-599
-904
-1437
-2126
-2744
-3353
-4016
-4447
-4421
-4182
-3936
-3384
-2246
-870
251
1256
2497
3687
4279
4429
4647
4883
4749
4236
3601
2904
2124
1399
856
474
216
98
111
230
478
859
1190
1260
1106
959
871
638
126
-520
-1131
-1748
-2393
-2909
-3158
-3260
-3377
-3417
-3154
-2612
-2048
-1595
-1170
-745
-402
-148
103
328
437
428
391
440
661
1027
1474
1997
2616
3298
4017
4736
5354
5716
5771
5588
5246
4743
4043
3171
2199
1181
163
-770
-1531
-2081
-2435
-2646
-2756
-2726
-2518
-2188
-1887
-1735
-1722
-1757
-1818
-1942
-2085
-2193
-2295
-2395
-2364
-2127
-1783
-1437
-1089
-723
-351
-57
35
-76
-261
-544
-1007
-1534
-1953
-2406
-3082
-3757
-4060
-4016
-3846
-3437
-2549
-1399
-394
555
1778
3091
3987
4402
4667
4880
4832
4451
3903
3292
2521
1583
732
180
-146
-378
-496
-446
-249
96
533
887
1057
1136
1177
1060
687
131
-497
-1181
-1900
-2564
-3072
-3402
-3583
-3633
-3497
-3109
-2510
-1832
-1157
-491
154
700
1086
1347
1554
1699
1691
1544
1411
1415
1514
1636
1850
2250
2754
3201
3568
3958
4338
4532
4471
4249
3913
3392
2660
1820
964
73
-863
-1742
-2449
-2968
-3335
-3540
-3565
-3416
-3114
-2715
-2277
-1824
-1406
-1085
-852
-673
-588
-617
-696
-782
-885
-966
-978
-928
-788
-542
-315
-309
-470
-524
-500
-677
-1076
-1514
-1947
-2497
-3122
-3485
-3522
-3516
-3444
-3022
-2184
-1191
-256
751
1833
2713
3363
3919
4370
4599
4520
4201
3666
2939
2245
1648
993
327
-158
-378
-441
-444
-279
54
325
438
518
675
809
708
320
-190
-683
-1189
-1760
-2312
-2745
-3046
-3216
-3234
-3070
-2684
-2145
-1625
-1161
-606
61
644
1042
1357
1667
1895
1972
1999
2081
2163
2134
2051
2090
2325
2639
2895
3107
3358
3575
3607
3511
3420
3198
2625
1838
1109
408
-454
-1381
-2128
-2668
-3101
-3389
-3433
-3251
-2953
-2627
-2278
-1860
-1385
-959
-660
-443
-264
-157
-143
-165
-175
-175
-179
-211
-278
-306
-294
-410
-734
-1065
-1214
-1325
-1599
-1925
-2161
-2439
-2870
-3231
-3282
-3151
-3019
-2743
-2165
-1444
-753
33
986
1854
2432
2868
3322
3684
3800
3709
3471
3076
2556
2008
1476
987
598
319
95
-94
-155
-21
207
341
369
455
632
688
478
127
-238
-691
-1286
-1849
-2213
-2435
-2646
-2802
-2768
-2523
-2165
-1762
-1324
-841
-343
129
541
889
1171
1366
1467
1515
1564
1671
1856
2073
2264
2452
2687
2947
3158
3294
3370
3354
3204
2937
2610
2221
1712
1100
476
-120
-706
-1268
-1734
-2068
-2288
-2441
-2523
-2486
-2323
-2103
-1850
-1535
-1168
-833
-554
-316
-148
-67
-38
-55
-139
-244
-304
-338
-390
-418
-405
-466
-674
-922
-1127
-1362
-1681
-2010
-2328
-2729
-3189
-3513
-3604
-3558
-3393
-2973
-2284
-1508
-730
169
1165
2005
2562
3011
3472
3792
3812
3594
3263
2852
2360
1837
1333
888
541
307
157
103
179
332
404
337
278
350
420
276
-66
-397
-670
-1015
-1432
-1757
-1921
-2035
-2182
-2284
-2230
-2002
-1694
-1388
-1073
-681
-220
207
555
885
1233
1520
1668
1725
1812
1952
2028
1998
1985
2082
2213
2298
2392
2545
2662
2642
2533
2417
2264
1968
1519
1029
569
85
-465
-996
-1399
-1699
-1961
-2138
-2149
-2017
-1823
-1597
-1326
-1028
-756
-539
-361
-210
-103
-36
0
-1
-41
-90
-138
-219
-335
-446
-589
-851
-1199
-1519
-1799
-2114
-2450
-2728
-2965
-3232
-3477
-3559
-3474
-3326
-3076
-2568
-1835
-1101
-435
328
1205
1953
2456
2878
3303
3563
3578
3482
3340
3054
2620
2176
1778
1390
1023
719
450
215
81
63
65
31
1
-3
-25
-81
-152
-253
-440
-708
-1005
-1276
-1482
-1640
-1803
-1945
-1959
-1825
-1656
-1501
-1279
-964
-647
-354
-26
327
636
888
1109
1301
1465
1625
1770
1883
2017
2220
2452
2633
2745
2817
2864
2848
2715
2479
2207
1926
1573
1157
773
442
58
-408
-813
-1058
-1219
-1403
-1568
-1618
-1580
-1546
-1512
-1413
-1256
-1107
-977
-835
-677
-539
-466
-454
-432
-376
-335
-292
-226
-206
-273
-364
-510
-818
-1217
-1546
-1849
-2238
-2604
-2783
-2888
-3088
-3253
-3177
-2935
-2684
-2320
-1699
-967
-349
219
883
1542
2014
2346
2683
2986
3107
3048
2882
2634
2278
1860
1451
1081
747
457
231
104
82
135
196
233
278
382
528
606
515
271
-44
-369
-679
-970
-1261
-1544
-1756
-1848
-1822
-1678
-1436
-1183
-986
-779
-473
-117
180
382
555
739
932
1109
1256
1371
1452
1490
1521
1629
1818
1975
2032
2058
2119
2180
2191
2147
2042
1868
1662
1455
1221
936
618
275
-101
-471
-772
-1009
-1232
-1423
-1540
-1584
-1583
-1529
-1405
-1221
-995
-733
-476
-286
-183
-129
-100
-108
-168
-247
-326
-402
-483
-560
-642
-772
-968
-1196
-1441
-1725
-2019
-2262
-2492
-2812
-3168
-3378
-3395
-3327
-3185
-2836
-2279
-1675
-1069
-362
442
1163
1679
2095
2525
2907
3101
3110
3010
2806
2495
2154
1863
1594
1318
1070
890
769
701
696
714
665
552
486
493
439
230
-44
-271
-478
-723
-971
-1153
-1282
-1407
-1514
-1553
-1513
-1429
-1347
-1257
-1104
-859
-575
-325
-102
164
466
745
975
1166
1349
1533
1686
1777
1856
1989
2119
2154
2128
2147
2190
2159
2033
1898
1797
1657
1434
1170
900
608
281
-57
-372
-638
-868
-1094
-1295
-1419
-1481
-1535
-1574
-1538
-1416
-1246
-1066
-883
-684
-483
-305
-145
-15
60
76
69
23
-81
-243
-473
-810
-1220
-1606
-1947
-2300
-2659
-2963
-3218
-3464
-3628
-3600
-3412
-3164
-2816
-2279
-1622
-986
-366
315
1000
1567
2001
2370
2688
2917
3036
3027
2906
2730
2527
2259
1940
1662
1447
1216
952
754
678
634
520
362
260
234
198
89
-84
-262
-423
-597
-805
-998
-1128
-1233
-1365
-1471
-1470
-1386
-1317
-1296
-1246
-1100
-868
-627
-402
-144
167
481
746
984
1221
1433
1589
1713
1849
2000
2131
2207
2233
2264
2315
2339
2293
2196
2087
1945
1739
1476
1177
836
455
84
-234
-518
-806
-1092
-1339
-1508
-1599
-1635
-1637
-1583
-1479
-1350
-1191
-970
-729
-564
-488
-401
-269
-174
-169
-199
-232
-297
-414
-550
-708
-951
-1288
-1630
-1932
-2236
-2542
-2794
-2996
-3203
-3345
-3296
-3090
-2850
-2548
-2066
-1427
-782
-165
501
1182
1732
2118
2469
2841
3114
3184
3107
2976
2787
2498
2144
1786
1452
1126
818
557
377
279
223
169
120
123
191
257
247
155
27
-116
-297
-526
-766
-972
-1156
-1344
-1513
-1598
-1595
-1555
-1504
-1404
-1202
-911
-614
-350
-77
234
542
788
993
1220
1451
1611
1721
1858
2020
2136
2192
2261
2348
2397
2388
2344
2256
2113
1941
1761
1529
1222
890
574
233
-166
-555
-878
-1180
-1495
-1738
-1849
-1896
-1949
-1953
-1843
-1648
-1433
-1194
-911
-622
-395
-220
-69
34
49
1
-62
-135
-243
-369
-509
-697
-947
-1213
-1455
-1699
-1962
-2214
-2427
-2645
-2878
-3058
-3095
-3011
-2865
-2615
-2186
-1617
-1017
-400
284
995
1616
2096
2496
2862
3117
3173
3055
2863
2613
2265
1864
1520
1257
1008
756
567
484
467
460
454
462
487
505
493
426
287
80
-166
-437
-717
-970
-1189
-1405
-1595
-1683
-1660
-1589
-1481
-1307
-1072
-799
-500
-192
88
333
557
751
897
1013
1127
1217
1254
1286
1381
1511
1611
1700
1835
2001
2132
2219
2281
2296
2232
2087
1880
1617
1290
898
457
22
-370
-737
-1105
-1429
-1647
-1769
-1841
-1855
-1780
-1650
-1528
-1403
-1212
-975
-769
-613
-470
-325
-200
-98
-12
39
52
47
31
-27
-124
-236
-402
-685
-1033
-1347
-1627
-1953
-2320
-2635
-2871
-3077
-3247
-3276
-3123
-2873
-2567
-2137
-1552
-896
-245
401
1046
1627
2095
2468
2775
2995
3083
3026
2852
2597
2297
1991
1689
1376
1076
838
668
535
440
390
357
305
271
289
309
252
108
-77
-269
-466
-675
-880
-1057
-1207
-1312
-1345
-1304
-1223
-1118
-1004
-872
-697
-472
-244
-68
77
223
378
524
659
795
932
1063
1203
1373
1563
1731
1861
1974
2082
2175
2225
2217
2140
1987
1774
1538
1293
1017
701
365
35
-278
-577
-857
-1111
-1337
-1537
-1690
-1769
-1769
-1733
-1687
-1607
-1451
-1239
-1019
-806
-581
-358
-175
-28
110
230
278
249
198
141
39
-130
-347
-604
-922
-1271
-1588
-1877
-2179
-2468
-2680
-2820
-2931
-2954
-2820
-2582
-2308
-1937
-1422
-853
-312
246
844
1385
1792
2107
2396
2608
2691
2660
2567
2416
2193
1933
1685
1446
1186
926
711
547
436
379
349
308
276
279
294
281
224
135
30
-97
-256
-423
-577
-742
-919
-1041
-1072
-1058
-1034
-978
-887
-781
-657
-491
-313
-157
-13
155
333
491
632
773
903
1012
1112
1243
1406
1547
1628
1687
1761
1816
1812
1767
1719
1637
1488
1290
1082
852
558
219
-108
-417
-726
-1028
-1284
-1491
-1668
-1795
-1846
-1820
-1739
-1601
-1399
-1160
-908
-647
-376
-119
101
274
398
474
499
471
397
288
136
-59
-262
-453
-665
-933
-1225
-1503
-1772
-2038
-2276
-2462
-2612
-2743
-2809
-2747
-2566
-2315
-1994
-1579
-1083
-535
56
655
1207
1679
2066
2377
2620
2764
2780
2684
2515
2286
2004
1706
1425
1155
896
691
568
499
449
420
430
452
456
457
465
429
324
183
23
-175
-419
-658
-867
-1054
-1224
-1341
-1390
-1399
-1381
-1310
-1172
-995
-803
-596
-365
-120
118
334
529
714
887
1035
1155
1262
1374
1480
1551
1596
1653
1730
1770
1760
1738
1720
1650
1503
1300
1062
786
453
84
-288
-645
-986
-1305
-1585
-1799
-1927
-1980
-1976
-1899
-1723
-1472
-1201
-930
-646
-355
-80
159
349
491
588
621
580
502
425
328
183
-1
-162
-307
-491
-731
-988
-1239
-1522
-1831
-2102
-2314
-2513
-2713
-2841
-2831
-2699
-2479
-2158
-1719
-1195
-629
-24
608
1203
1703
2101
2412
2630
2740
2732
2603
2368
2063
1737
1423
1128
865
661
521
430
404
451
524
573
601
630
652
626
532
381
195
-23
-275
-529
-742
-909
-1058
-1185
-1249
-1229
-1165
-1091
-988
-823
-636
-467
-303
-122
49
172
273
382
498
607
715
832
961
1098
1245
1398
1542
1661
1747
1791
1793
1748
1654
1505
1297
1039
742
422
92
-240
-563
-866
-1142
-1374
-1539
-1642
-1693
-1686
-1610
-1479
-1303
-1089
-849
-603
-359
-127
91
283
444
568
645
671
660
631
573
466
328
185
18
-190
-419
-650
-901
-1191
-1494
-1781
-2055
-2312
-2533
-2708
-2828
-2860
-2778
-2589
-2318
-1963
-1514
-990
-433
131
694
1228
1679
2033
2312
2515
2610
2586
2466
2280
2046
1777
1488
1205
951
740
573
459
411
415
429
437
463
511
538
506
428
323
185
3
-199
-396
-592
-787
-961
-1084
-1149
-1174
-1165
-1111
-1003
-852
-687
-518
-340
-160
4
157
306
448
574
681
783
891
997
1094
1180
1254
1315
1361
1385
1379
1338
1271
1180
1050
879
681
476
249
-3
-257
-491
-708
-916
-1098
-1229
-1306
-1341
-1335
-1273
-1158
-1002
-815
-606
-382
-152
72
273
437
559
639
667
639
573
483
367
224
67
-101
-273
-447
-626
-823
-1037
-1246
-1445
-1652
-1864
-2052
-2201
-2326
-2416
-2425
-2334
-2161
-1919
-1597
-1196
-732
-238
265
759
1217
1612
1930
2164
2301
2343
2293
2154
1944
1700
1448
1187
932
715
550
437
365
339
362
416
473
527
579
616
620
576
480
345
187
9
-194
-404
-597
-770
-927
-1052
-1119
-1134
-1122
-1087
-1008
-880
-734
-592
-442
-287
-133
-1
116
233
357
472
565
655
768
894
1002
1095
1187
1283
1360
1397
1399
1371
1298
1158
976
771
547
295
31
-227
-460
-655
-820
-952
-1036
-1058
-1027
-960
-858
-717
-554
-394
-249
-108
36
158
239
287
321
339
322
276
217
157
89
7
-77
-160
-256
-380
-530
-699
-880
-1081
-1301
-1528
-1740
-1929
-2090
-2213
-2282
-2284
-2206
-2034
-1778
-1446
-1045
-596
-126
347
806
1224
1571
1823
1983
2061
2053
1949
1769
1544
1304
1061
832
643
505
412
359
357
404
480
560
627
679
713
715
673
581
448
281
91
-111
-313
-503
-677
-829
-948
-1019
-1039
-1021
-977
-899
-786
-645
-496
-347
-199
-59
64
169
266
353
419
468
515
567
623
677
734
799
863
922
975
1016
1035
1021
976
903
802
670
508
325
135
-57
-245
-418
-568
-689
-777
-831
-842
-810
-746
-657
-550
-422
-283
-147
-30
67
146
203
230
230
211
174
116
44
-28
-95
-164
-240
-315
-385
-463
-556
-664
-788
-928
-1086
-1248
-1409
-1563
-1703
-1810
-1870
-1876
-1824
-1710
-1528
-1281
-973
-620
-235
162
547
901
1208
1456
1633
1739
1765
1714
1607
1456
1276
1080
889
720
588
501
464
471
516
583
664
747
819
862
860
809
708
561
375
154
-87
-334
-574
-789
-966
-1087
-1157
-1178
-1147
-1063
-937
-782
-614
-441
-270
-111
31
157
259
333
383
419
453
481
509
545
591
646
706
774
846
913
967
1006
1025
1018
977
899
791
650
484
298
101
-92
-279
-446
-582
-681
-738
-753
-732
-674
-588
-482
-369
-255
-154
-70
-15
12
5
-32
-95
-172
-259
-344
-424
-491
-544
-582
-605
-618
-626
-642
-666
-707
-768
-852
-956
-1070
-1189
-1299
-1388
-1442
-1447
-1396
-1285
-1111
-878
-596
-279
56
393
713
1003
1240
1417
1522
1555
1518
1421
1275
1098
902
705
522
368
253
183
158
180
239
324
425
529
623
695
730
721
667
570
432
262
67
-139
-346
-539
-702
-833
-920
-963
-959
-909
-818
-695
-548
-386
-224
-68
71
188
280
348
394
423
439
450
460
480
511
558
619
692
772
851
922
978
1013
1015
981
909
798
652
478
284
81
-123
-317
-487
-627
-730
-789
-805
-782
-725
-641
-543
-440
-342
-255
-191
-148
-132
-136
-162
-203
-255
-310
-361
-406
-441
-465
-484
-494
-502
-513
-531
-559
-606
-665
-734
-811
-895
-977
-1052
-1108
-1136
-1127
-1077
-981
-840
-656
-432
-181
83
349
598
819
1003
1139
1221
1243
1211
1128
1008
865
708
556
420
312
246
220
237
292
377
478
586
684
761
804
802
748
644
491
299
80
-151
-381
-594
-773
-907
-988
-1012
-983
-902
-778
-615
-430
-233
-42
131
281
405
496
553
579
579
563
540
517
506
506
527
566
621
690
761
826
875
900
898
860
785
670
519
338
142
-63
-262
-444
-603
-723
-800
-831
-817
-759
-671
-559
-435
-313
-205
-121
-70
-52
-71
-118
-192
-280
-375
-462
-535
-588
-615
-615
-596
-558
-511
-463
-429
-411
-416
-453
-516
-605
-713
-825
-935
-1026
-1089
-1111
-1083
-1003
-869
-685
-461
-206
62
328
576
792
963
1082
1143
1144
1096
1002
875
730
580
441
324
240
194
192
232
300
393
502
609
700
760
784
766
695
578
417
226
17
-203
-411
-596
-742
-844
-893
-892
-839
-738
-599
-433
-254
-76
95
247
376
480
553
599
623
630
627
621
618
622
636
661
695
733
772
803
823
822
798
746
663
549
410
246
69
-117
-300
-470
-618
-736
-818
-858
-859
-824
-760
-671
-570
-465
-369
-285
-225
-189
-179
-197
-234
-286
-347
-407
-459
-499
-523
-531
-524
-508
-487
-466
-453
-455
-473
-513
-570
-641
-721
-800
-866
-910
-924
-903
-839
-733
-583
-402
-192
34
263
482
679
841
964
1037
1060
1036
968
866
744
610
474
350
246
170
128
117
136
174
224
284
341
386
411
410
380
324
243
145
37
-71
-171
-254
-313
-340
-334
-293
-221
-121
-3
125
253
371
475
557
614
647
652
638
604
560
510
460
418
385
363
356
359
368
380
388
387
373
339
286
212
120
15
-99
-211
-318
-409
-477
-519
-531
-514
-475
-416
-345
-270
-203
-149
-113
-102
-119
-159
-223
-302
-392
-484
-571
-644
-700
-734
-747
-739
-715
-678
-637
-596
-564
-548
-550
-570
-607
-658
-713
-764
-800
-814
-800
-751
-662
-530
-362
-166
48
268
485
686
859
992
1074
1106
1087
1021
916
777
617
448
282
130
0
-105
-179
-218
-228
-211
-174
-122
-61
0
59
110
153
185
206
222
232
243
256
275
304
343
391
447
509
570
629
680
718
740
742
726
689
634
567
490
407
322
238
163
100
49
10
-18
-38
-50
-54
-53
-46
-36
-23
-11
3
19
35
52
67
80
85
86
80
66
40
5
-41
-96
-161
-233
-309
-390
-472
-550
-627
-700
-769
-834
-893
-948
-999
-1047
-1092
-1135
-1176
-1214
-1248
-1279
-1298
-1306
-1297
-1267
-1208
-1121
-1002
-851
-668
-455
-217
37
300
560
811
1040
1241
1405
1528
1610
1643
1635
1582
1492
1370
1223
1058
883
705
529
361
201
55
-78
-197
-303
-397
-480
-552
-614
-664
-701
-721
-724
-707
-665
-599
-508
-394
-258
-105
60
231
402
564
711
835
934
1002
1039
1048
1028
985
925
850
767
683
599
520
447
380
324
275
229
185
145
107
67
23
-21
-64
-107
-146
-181
-208
-226
-234
-233
-223
-207
-186
-168
-153
-144
-146
-162
-191
-231
-278
-333
-391
-447
-501
-545
-581
-605
-620
-628
-632
-630
-631
-638
-653
-675
-707
-751
-803
-851
-893
-930
-959
-971
-955
-913
-845
-752
-633
-495
-339
-172
4
181
351
510
653
775
871
943
987
1008
1006
982
939
883
815
739
657
571
484
394
305
216
128
39
-47
-128
-204
-272
-331
-378
-411
-429
-426
-405
-362
-302
-222
-124
-14
103
223
344
463
568
659
733
789
824
839
835
817
784
740
691
639
585
529
478
431
383
334
285
239
192
140
88
36
-15
-66
-116
-161
-199
-228
-250
-266
-275
-279
-275
-267
-264
-264
-269
-279
-293
-310
-335
-364
-393
-420
-441
-456
-466
-470
-467
-459
-450
-441
-436
-436
-443
-457
-478
-508
-544
-584
-622
-662
-696
-724
-740
-743
-731
-701
-652
-586
-504
-408
-303
-191
-76
40
152
254
347
425
492
543
583
608
623
625
617
603
581
554
520
478
433
384
334
286
235
181
125
69
19
-26
-62
-91
-112
-124
-127
-117
-94
-64
-23
22
71
122
173
223
272
316
358
395
426
451
471
486
497
502
502
498
490
477
461
439
415
390
360
329
297
265
235
207
183
163
144
127
110
91
70
45
14
-21
-61
-105
-153
-202
-250
-297
-338
-374
-402
-422
-434
-439
-436
-429
-417
-405
-390
-384
-379
-381
-390
-405
-426
-452
-480
-509
-535
-560
-576
-586
-587
-578
-560
-536
-503
-467
-429
-389
-352
-316
-284
-254
-226
-198
-170
-139
-106
-70
-28
17
65
115
169
221
272
317
356
387
408
418
415
398
372
338
302
264
226
189
159
137
127
127
136
156
180
209
239
268
292
311
320
323
317
303
287
271
256
248
244
250
263
284
307
333
358
382
399
402
398
384
359
326
285
244
203
164
128
102
82
67
61
57
58
58
56
49
37
17
-7
-40
-77
-118
-160
-201
-237
-265
-285
-298
-301
-298
-288
-273
-260
-248
-239
-237
-238
-248
-271
-300
-333
-366
-402
-442
-473
-496
-511
-522
-525
-518
-503
-486
-466
-444
-421
-398
-376
-356
-335
-316
-294
-270
-244
-211
-176
-135
-86
-35
20
74
126
173
216
248
270
281
281
270
250
223
193
163
136
115
101
98
102
116
138
166
199
232
265
293
317
332
339
336
326
307
284
257
229
201
177
157
145
138
139
145
156
171
186
201
215
225
233
236
236
232
226
216
208
200
191
184
178
173
168
164
157
148
137
120
100
75
49
18
-13
-46
-74
-103
-129
-150
-166
-175
-179
-178
-172
-166
-157
-149
-142
-136
-134
-137
-143
-153
-168
-187
-207
-231
-254
-276
-296
-314
-329
-343
-353
-361
-366
-369
-370
-369
-368
-364
-359
-351
-340
-326
-309
-288
-262
-233
-199
-161
-120
-76
-31
15
59
101
140
173
201
221
234
239
238
229
217
201
186
168
152
139
127
117
110
104
100
97
94
90
87
86
83
83
84
87
90
96
99
103
107
112
113
113
113
112
110
107
104
101
102
103
109
117
129
145
163
183
202
221
235
247
251
248
239
222
199
170
140
107
74
42
14
-10
-30
-45
-53
-59
-59
-57
-53
-49
-48
-45
-45
-49
-54
-61
-68
-78
-87
-96
-104
-113
-121
-128
-136
-144
-153
-165
-177
-190
-206
-221
-238
-253
-267
-278
-286
-291
-292
-287
-277
-263
-244
-221
-195
-166
-137
-108
-79
-51
-27
-2
19
37
52
67
79
91
103
113
123
131
136
139
138
134
126
116
101
84
64
45
25
9
-6
-18
-25
-28
-27
-21
-13
1
14
29
42
55
65
72
77
77
74
68
63
56
47
42
38
37
38
42
50
58
69
79
89
97
102
105
105
100
95
87
78
69
61
53
46
40
36
32
32
32
33
35
37
37
38
38
36
33
30
29
26
23
20
17
15
11
7
3
-3
-11
-20
-30
-43
-55
-66
-80
-90
-103
-113
-121
-127
-129
-129
-128
-124
-119
-112
-104
-96
-85
-74
-62
-53
-41
-31
-22
-15
-7
0
7
13
19
24
30
35
39
42
43
43
41
37
31
24
15
7
-3
-13
-22
-32
-41
-47
-51
-52
-52
-49
-43
-39
-32
-26
-19
-11
-3
2
7
10
15
16
16
18
18
16
16
14
11
8
4
3
1
0
-1
-1
-3
-3
-2
0
0
2
4
3
4
3
3
2
1
0
-2
-1
1
2
5
10
17
22
30
37
44
48
54
57
59
56
55
51
42
33
24
12
0
-12
-23
-34
-43
-52
-57
-61
-62
-60
-58
-55
-52
-49
-45
-41
-37
-33
-28
-24
-20
-13
-5
3
14
24
35
46
56
67
76
84
90
93
94
91
88
80
71
60
49
39
27
18
9
0
-6
-11
-17
-21
-26
-31
-35
-40
-44
-47
-50
-51
-52
-49
-48
-42
-35
-27
-18
-8
3
12
21
28
33
37
38
37
33
27
18
9
-1
-13
-24
-33
-43
-52
-57
-63
-66
-68
-69
-69
-67
-66
-64
-62
-59
-56
-52
-49
-42
-37
-30
-24
-16
-8
1
9
15
22
27
32
34
37
37
35
30
26
19
14
8
2
0
-3
-4
-5
-6
-7
-7
-5
-5
-5
-5
-4
-6
-7
-7
-6
-5
-1
3
8
15
22
30
39
48
59
65
70
75
77
77
77
75
71
66
60
53
46
39
33
28
24
22
17
14
12
9
5
2
1
-2
-3
-4
-4
-5
-1
2
7
13
21
29
34
43
48
52
55
55
54
49
44
37
27
19
9
-3
-12
-26
-36
-47
-59
-68
-78
-87
-97
-108
-117
-126
-135
-143
-149
-154
-154
-153
-149
-142
-131
-118
-101
-83
-63
-42
-20
2
23
41
58
73
84
92
97
102
103
101
100
97
93
86
80
73
63
54
44
34
21
8
-7
-21
-38
-53
-68
-83
-94
-104
-109
-111
-111
-107
-98
-88
-74
-59
-42
-25
-7
11
28
44
60
72
83
94
100
105
109
112
111
110
107
104
99
93
83
73
62
50
37
24
11
1
-10
-18
-24
-27
-29
-26
-22
-18
-11
-3
4
12
19
27
34
41
44
47
49
48
48
44
39
35
28
21
10
0
-13
-27
-41
-55
-72
-86
-100
-112
-123
-132
-135
-138
-138
-136
-130
-122
-112
-101
-87
-72
-56
-40
-26
-11
2
14
26
37
46
54
60
65
69
72
72
75
74
72
69
63
55
46
37
28
18
8
-4
-16
-29
-36
-46
-54
-60
-63
-67
-67
-66
-63
-57
-49
-41
-30
-21
-11
-1
10
21
31
42
53
63
73
83
90
95
100
101
102
99
96
92
85
76
66
53
40
25
10
-5
-18
-31
-40
-49
-55
-57
-59
-57
-53
-47
-39
-30
-20
-10
1
12
22
33
42
50
58
61
63
65
64
61
54
47
37
25
13
-2
-17
-32
-48
-63
-78
-92
-105
-116
-123
-130
-137
-139
-140
-138
-133
-126
-115
-104
-89
-73
-57
-41
-25
-9
5
19
34
46
56
65
72
78
81
86
86
88
87
83
80
73
67
60
51
43
34
25
15
6
-2
-8
-15
-20
-26
-30
-34
-36
-36
-33
-29
-24
-17
-9
-4
2
9
15
20
25
30
33
34
36
38
37
37
36
36
33
32
30
27
23
19
14
10
5
0
-3
-9
-14
-18
-21
-22
-22
-21
-19
-15
-11
-6
-1
5
10
17
23
29
34
37
39
40
37
36
31
25
21
14
6
-1
-9
-17
-24
-32
-39
-46
-52
-58
-64
-69
-73
-75
-76
-77
-74
-72
-68
-66
-61
-56
-46
-38
-28
-18
-9
0
8
15
21
26
30
33
37
38
39
38
38
37
36
35
33
31
30
28
27
25
23
20
17
16
10
9
5
4
1
-1
-2
-3
-3
-3
-5
-5
-4
-4
-3
-1
-1
-1
0
2
3
4
4
5
5
5
4
6
5
6
6
5
5
5
5
6
5
4
3
1
1
-1
-1
0
1
1
1
0
1
3
2
5
5
7
9
11
12
14
15
16
15
16
15
13
11
9
6
2
-1
-6
-11
-16
-20
-24
-29
-31
-34
-37
-38
-39
-40
-41
-41
-39
-37
-35
-33
-30
-27
-22
-19
-14
-10
-6
-1
4
8
13
16
22
25
29
32
35
36
36
36
35
34
31
29
27
24
21
19
17
16
14
13
10
10
9
8
7
5
4
3
1
0
-2
-2
-5
-5
-6
-6
-4
-4
-2
1
2
4
6
7
7
9
8
8
7
6
4
2
1
-1
-2
-3
-4
-3
-4
-5
-7
-6
-6
-8
-7
-9
-9
-9
-9
-10
-11
-12
-12
-13
-12
-12
-10
-8
-6
-3
0
1
2
1
2
2
1
0
-2
-3
-5
-9
-13
-16
-19
-20
-22
-22
-22
-21
-21
-22
-22
-22
-19
-19
-18
-16
-15
-13
-12
-9
-7
-5
-1
2
6
10
15
19
23
26
29
30
31
31
29
29
27
27
25
23
20
18
15
14
12
13
13
13
12
12
14
12
11
10
9
7
5
5
5
4
2
0
0
0
1
2
2
3
4
4
3
3
2
1
0
1
-2
-1
0
-2
-1
-2
-3
-3
-3
-2
-1
-1
0
1
1
1
2
1
0
1
-1
-1
-1
-2
-2
-4
-4
-7
-9
-11
-11
-11
-11
-12
-13
-14
-16
-18
-18
-19
-20
-21
-20
-20
-21
-21
-22
-22
-22
-22
-19
-19
-17
-15
-14
-13
-12
-11
-10
-9
-9
-8
-6
-5
-3
-2
-3
-2
-1
0
1
4
5
7
10
10
11
12
14
13
15
16
18
20
20
21
20
18
18
17
17
17
19
18
18
18
17
16
15
13
12
11
10
10
10
9
8
4
2
1
1
0
1
2
2
3
3
3
2
2
3
4
4
5
5
4
5
4
3
3
2
2
1
3
3
3
2
2
0
2
-1
0
-2
-2
-3
-5
-6
-6
-8
-8
-10
-10
-10
-10
-9
-9
-9
-9
-10
-10
-10
-9
-9
-9
-10
-9
-9
-10
-10
-11
-11
-12
-12
-11
-11
-11
-9
-9
-8
-9
-8
-9
-7
-5
-3
-2
-1
-1
-2
-2
-3
-2
0
1
2
4
5
6
5
6
6
7
8
7
8
8
7
8
7
6
6
5
4
5
5
6
7
8
9
9
8
7
6
5
5
7
6
6
6
5
4
3
3
3
3
4
4
5
6
5
4
5
3
4
2
3
4
3
3
2
2
2
0
-1
-2
0
0
1
1
0
-1
-4
-3
-5
-4
-2
-2
-2
-1
-2
-2
-4
-3
-2
-2
-2
-2
-1
0
-1
-1
-3
-3
-2
-3
-3
-2
-2
-1
-1
-2
-1
-3
-5
-3
-4
-3
-2
-1
0
-2
-2
-3
-1
0
0
1
2
2
-1
-1
-2
-1
-1
0
1
-1
0
0
0
0
0
1
0
1
1
0
0
3
2
2
1
1
-1
0
3
3
3
4
3
4
2
3
3
4
3
5
5
5
3
3
3
3
3
3
3
2
2
2
1
1
1
1
1
0
0
0
1
0
0
0
-1
-1
-2
-2
-1
0
1
1
0
-1
-2
-2
-3
-2
-1
0
0
0
-1
-1
-1
-1
1
0
0
0
0
-1
0
1
2
1
0
-1
-1
-1
-1
1
2
2
1
0
-1
-2
-1
-1
-1
1
0
-1
-3
-3
-3
-2
-1
-1
0
0
0
-1
-1
0
0
1
1
1
1
1
0
1
1
0
1
0
1
0
1
1
2
1
1
0
0
0
1
1
2
3
2
0
1
-1
0
0
1
2
3
2
2
1
0
1
1
2
1
1
1
1
0
1
0
1
1
1
1
1
0
0
0
0
0
0
0
0
0
0
0
0
1
0
1
1
0
1
0
0
0
0
0
1
0
1
0
0
0
1
0
0
-1
1
1
1
0
-2
-1
-1
-1
0
0
0
2
1
0
1
0
0
1
0
0
0
-1
1
0
0
0
0
0
0
0
1
1
1
1
1
1
1
1
1
0
0
0
0
0
0
0
0
0
0
0
-1
0
-1
0
-1
0
0
0
0
0
-1
0
-1
1
0
0
0
0
0
-1
0
-1
0
-1
0
0
0
0
-1
0
-1
0
1
0
0
0
0
0
0
1
0
0
0
0
0
0
-1
0
0
0
0
0
0
0
0
1
0
1
1
0
0
0
0
0
0
0
0
0
0
1
0
1
0
0
0
0
0
0
0
1
0
0
0
1
0
1
1
0
0
0
0
-1
0
0
1
0
0
0
0
0
0
0
0
0
0
0
0
0
-1
0
0
0
0
0
0
0
0
0
-1
0
1
0
0
0
0
0
0
0
-1
1
0
0
0
1
0
1
0
0
0
0
0
0
0
-1
0
1
0
0
0
1
0
0
0
0
-1
1
1
0
0
1
0
0
0
0
0
0
0
0
-1
0
0
0
0
1
0
0
0
0
0
0
-1
-1
1
0
0
1
0
0
-1
0
-1
1
0
1
0
0
0
0
1
-1
0
0
0
0
0
0
0
0
0
0
0
0
0
0
-1
0
0
0
0
1
0
0
0
0
0
0
0
0
-1
0
0
0
-1
0
0
1
0
-1
0
0
0
0
1
1
1
0
0
-1
0
0
-1
0
0
0
0
-1
0
0
0
0
0
0
1
0
0
0
0
0
1
0
0
0
0
0
0
0
-1
1
-1
0
-1
0
0
0
0
-1
0
0
0
0
0
0
0
0
0
1
0
0
0
0
0
0
0
0
0
0
0
0
0
0
-1
0
0
0
1
0
0
0
0
-1
0
-1
0
1
0
0
1
0
0
0
0
0
0
0
0
0
0
1
-1
0
-1
0
0
-1
0
0
0
0
-1
0
0
0
0
0
1
0
0
0
0
0
0
0
-1
0
0
0
0
0
0
-1
0
0
0
0
0
0
-1
0
-1
0
0
0
0
1
0
0
0
0
0
0
0
0
0
0
0
0
1
0
0
0
0
1
0
-1
0
1
0
0
0
0
0
0
0
-1
-1
0
0
0
1
0
-1
0
0
-1
0
0
0
-1
0
0
1
0
0
0
0
0
0
1
0
0
0
0
1
0
0
0
1
1
0
0
0
0
0
0
1
0
1
0
0
0
1
0
0
0
-1
1
1
0
-1
0
0
0
0
0
0
0
0
0
0
0
1
0
1
0
0
0
0
0
-1
0
1
0
0
-1
0
-1
0
0
-1
0
0
0
0
0
0
0
0
0
0
0
0
0
0
0
0
0
0
0
0
0
0
0
0
0
0
0
0
0
0
0
0
0
-1
0
0
0
0
0
0
0
-1
0
0
0
0
0
0
0
0
0
0
0
0
0
0
0
0
0
0
0
0
0
0
1
-1
0
0
0
0
0
0
0
1
0
0
0
0
0
-1
0
0
0
0
0
0
0
0
0
0
-1
-1
-1
-1
0
-1
0
0
0
0
0
0
-1
-1
0
-1
0
0
0
-1
0
0
0
0
0
0
0
1
0
0
0
0
0
0
0
0
0
0
1
1
0
0
0
0
0
0
0
0
0
0
0
1
0
0
0
0
0
1
1
0
0
0
0
0
-1
0
0
0
0
0
0
1
0
0
1
0
0
0
1
0
0
1
0
1
1
0
0
0
0
0
0
0
0
0
0
1
0
1
1
-1
0
0
0
0
0
0
0
0
0
0
0
1
0
0
1
0
0
0
1
0
0
0
-1
0
0
0
0
0
0
0
0
0
0
1
0
0
0
-1
-1
0
0
0
0
0
0
0
0
0
0
-1
0
1
0
0
0
0
0
0
0
-1
0
1
0
0
0
0
-1
0
-1
-1
0
0
0
0
1
0
0
0
0
0
0
0
0
1
1
0
1
-1
0
0
0
0
0
0
0
0
0
0
0
0
0
0
0
0
0
0
0
0
0
0
0
0
0
0
0
0
-1
1
0
1
0
0
1
0
0
0
0
0
1
-1
0
0
0
0
0
1
0
0
-1
0
0
0
0
1
0
0
1
-1
-1
0
0
0
0
0
0
0
0
0
0
0
-1
0
0
0
1
0
0
0
0
1
0
-1
-1
0
0
0
-1
0
0
0
0
0
-1
0
0
0
0
-1
0
0
0
0
0
0
0
0
0
0
0
0
0
0
-1
0
0
0
0
0
0
0
0
0
1
0
-1
0
0
0
0
0
0
0
0
0
0
0
0
0
0
0
0
0
0
0
-1
0
0
0
0
0
0
0
0
0
0
0
0
0
1
0
0
0
0
0
0
0
1
0
0
0
1
1
0
0
0
-1
1
1
0
0
0
0
0
0
0
1
0
0
0
1
0
0
0
0
0
-1
0
0
0
0
0
0
0
0
0
0
-1
-1
-1
0
0
0
0
-1
0
0
0
0
0
0
0
0
0
1
0
1
0
0
0
0
0
0
1
-1
0
1
-1
0
0
0
0
0
0
0
-1
0
0
0
-1
0
-1
0
0
0
0
0
-1
0
0
0
0
0
0
-1
0
0
0
0
0
0
0
0
-1
-1
0
0
0
0
0
1
0
0
0
0
0
-1
0
0
0
0
0
0
0
0
0
1
0
1
0
0
1
-1
1
0
0
0
-1
-1
0
0
0
-1
0
-1
0
0
0
-1
0
0
0
0
1
0
0
0
0
0
0
1
0
1
0
0
0
0
0
0
1
0
0
0
1
1
0
0
0
0
0
0
0
0
-1
1
0
0
0
0
0
0
0
1
0
0
-1
0
0
0
-1
-1
0
0
1
0
-1
0
0
0
0
0
0
-1
-1
0
0
-1
1
0
1
0
0
0
0
0
0
1
0
0
0
-1
0
0
0
0
0
1
-1
0
0
0
0
0
0
0
0
0
1
0
0
0
0
0
0
-1
0
0
-1
0
0
-1
0
0
0
0
0
0
0
0
1
0
0
-1
1
0
0
-1
-1
0
0
0
1
-1
0
0
0
-1
1
0
0
0
1
-1
0
0
0
0
0
0
0
0
0
0
0
-1
0
0
0
0
0
0
0
0
0
0
1
-1
0
0
-1
1
0
0
0
0
0
0
0
0
0
0
0
0
0
0
-1
0
0
0
0
0
0
0
-1
0
0
0
-1
0
0
-1
-1
0
0
0
0
0
1
1
-1
0
-1
0
0
0
0
0
0
0
0
1
0
0
0
0
-1
1
0
0
1
0
0
0
0
0
1
1
0
0
0
0
0
-1
0
-1
1
0
1
0
0
1
0
0
1
0
0
0
1
-1
-1
1
0
0
0
-1
0
0
1
0
0
0
0
0
0
-1
0
0
0
-1
0
0
1
1
-1
0
0
0
0
0
0
0
0
0
-1
1
0
0
1
0
0
0
0
1
-1
0
0
0
0
-1
1
0
0
-1
0
0
0
0
0
-1
0
-1
1
0
0
1
0
0
0
0
0
0
0
0
-1
0
0
0
1
0
1
0
0
0
0
-1
0
0
1
1
0
0
0
-1
-1
0
0
0
-1
0
0
1
0
1
0
0
1
0
0
1
0
0
0
0
0
0
0
0
0
0
0
-1
1
0
0
0
0
0
0
0
0
0
0
-1
0
-1
0
0
0
0
0
-1
0
0
0
1
0
0
0
0
0
0
0
0
0
-1
1
1
-1
0
0
0
0
0
0
0
0
0
0
0
0
0
-1
0
0
0
0
0
0
0
0
-1
0
0
0
0
-1
0
-1
0
0
0
0
0
-1
0
0
-1
0
0
0
1
0
0
0
0
0
0
1
0
0
0
0
0
1
0
0
0
1
1
0
0
0
0
0
0
0
0
1
1
1
0
0
-1
0
0
0
-1
-1
0
0
0
0
0
0
0
0
0
0
0
0
0
0
0
0
0
0
0
0
0
1
1
1
0
-1
0
0
0
0
0
0
1
-1
-1
0
0
0
0
0
1
0
-1
0
0
0
0
0
0
0
0
-1
0
0
0
0
1
0
0
0
0
0
-1
1
1
0
0
0
0
1
0
0
0
0
0
0
0
0
0
0
0
0
1
0
0
0
0
0
0
1
0
0
0
0
0
0
0
0
0
0
1
0
-1
0
0
0
0
-1
0
0
0
0
0
0
-1
0
0
-1
0
0
0
-1
1
0
0
0
0
0
0
0
0
0
0
0
0
0
-1
0
-1
0
0
0
0
0
0
0
0
0
1
0
0
0
0
0
0
0
0
0
0
0
1
0
0
0
0
0
0
0
0
0
-1
0
0
1
0
0
0
0
0
0
0
1
0
0
0
0
0
0
-1
0
1
0
0
0
0
0
0
0
0
-1
0
0
0
0
0
0
0
0
1
0
-1
0
1
0
0
-1
0
0
0
0
-1
0
0
0
0
1
0
0
0
0
0
0
0
0
-1
0
0
0
0
0
0
0
0
0
1
0
0
0
0
0
1
0
0
1
0
1
-1
0
0
0
0
0
0
0
0
-1
0
-1
-1
0
0
0
0
0
0
0
0
0
0
-1
0
-1
0
0
0
0
0
0
-1
0
0
0
0
0
0
0
0
0
0
0
0
0
0
0
0
0
1
1
0
-1
0
0
0
0
0
0
0
0
0
0
0
0
0
0
0
0
1
0
0
0
0
0
1
0
0
0
0
0
0
0
-1
-1
0
0
0
0
0
-1
-1
0
0
0
-1
1
0
0
-1
0
0
0
0
0
0
0
0
0
0
0
0
0
0
0
0
1
0
0
-1
0
0
0
0
0
0
1
0
0
-1
-1
0
0
0
0
-1
0
0
0
0
0
1
0
0
1
0
1
0
0
0
0
0
0
-1
0
0
0
0
0
0
1
0
0
0
0
0
0
-1
-1
0
-1
0
0
0
0
0
0
0
0
0
0
0
0
0
0
-1
0
0
0
0
1
0
0
0
0
0
0
0
0
0
0
-1
1
-1
0
0
0
0
0
0
0
0
1
0
1
0
0
0
1
-1
0
0
0
0
0
0
0
0
0
0
-1
0
0
0
0
1
1
0
1
0
0
0
0
0
0
0
0
0
0
-1
-1
-1
-1
0
0
0
0
0
-1
0
0
0
0
0
-1
0
-1
0
1
0
0
1
0
0
-1
0
-1
0
0
0
-1
0
1
-1
0
0
0
0
-1
0
1
0
-1
1
1
0
1
-1
0
0
1
0
0
-1
1
0
0
1
0
0
0
0
1
0
0
0
0
1
0
-1
0
-1
0
1
0
1
-1
0
1
0
0
0
0
0
-1
0
0
0
0
0
0
0
0
0
0
-1
0
1
0
1
0
-1
0
0
1
0
0
0
0
0
0
-1
0
-1
0
0
0
0
0
0
0
1
0
1
0
0
0
0
0
-1
0
0
0
0
0
-1
0
0
0
0
0
0
1
0
0
0
0
1
0
0
0
0
0
0
0
0
0
-1
0
1
0
0
0
0
0
0
0
0
0
0
0
0
0
0
0
-1
1
0
0
0
-1
0
0
0
1
0
0
0
-1
0
0
0
0
1
1
0
1
0
0
-1
0
-1
0
0
0
0
0
0
0
0
0
0
0
0
0
1
0
0
0
0
0
0
0
0
0
0
0
0
0
0
0
0
0
0
1
0
0
0
1
0
0
0
0
0
0
0
0
1
1
0
0
1
0
0
0
0
0
1
0
0
-1
1
0
-1
-1
0
0
0
0
0
1
0
1
0
0
0
1
0
-1
0
-1
0
0
-1
0
0
0
-1
0
0
0
0
0
0
0
0
1
-1
0
0
0
0
-1
0
0
0
0
0
1
0
0
0
0
0
0
0
0
1
1
0
0
0
0
0
0
0
0
0
1
0
-1
0
0
0
0
0
0
0
0
0
0
1
0
1
1
1
0
0
0
0
0
0
0
0
0
0
0
0
-1
0
0
0
-1
0
-1
0
0
0
0
0
0
0
-1
1
0
1
0
0
0
0
1
1
0
-1
0
1
-1
0
0
0
0
0
0
0
0
0
0
0
0
0
1
-1
0
0
0
0
0
0
0
-1
0
-1
0
0
0
0
0
-1
0
1
0
0
0
1
0
0
0
0
0
0
0
0
0
0
0
0
0
0
1
0
1
0
-1
-1
-1
0
0
0
0
0
0
0
-1
0
0
1
-1
0
1
0
0
0
0
0
0
0
-1
0
0
0
0
0
0
0
0
0
0
0
0
0
0
0
0
0
0
0
0
0
0
1
0
1
0
0
0
1
0
0
-1
1
0
-1
0
0
-1
0
0
0
0
-1
0
0
0
0
1
0
0
0
1
0
0
1
-1
0
0
0
0
0
0
-1
0
1
0
0
0
1
-1
0
0
0
-1
0
0
0
-1
0
1
0
-1
0
0
-1
-1
0
0
0
0
-1
-1
-1
0
0
0
0
0
0
0
0
0
1
0
-1
0
1
0
1
0
0
0
-1
0
0
0
0
0
0
-1
1
0
0
0
0
1
0
0
0
-1
0
1
0
0
0
0
0
0
0
0
0
0
-1
1
-1
0
1
0
0
0
0
0
0
0
0
0
0
0
0
0
0
0
1
0
0
0
0
-1
1
0
0
0
0
0
0
0
0
0
0
0
0
-1
0
0
0
-1
0
0
1
1
0
0
0
0
-1
0
1
0
-1
0
0
0
0
-1
0
0
0
0
0
-1
-1
0
0
0
0
1
0
0
0
0
-1
0
0
0
0
0
0
0
0
1
0
-1
0
0
-1
0
0
0
0
0
0
0
0
0
0
0
1
0
0
0
0
-1
-1
0
-1
0
0
0
-1
0
0
0
0
1
1
-1
0
0
-1
-1
0
0
-1
0
0
-1
0
0
-1
1
-1
0
0
-1
0
0
0
0
0
0
0
1
0
0
-1
1
1
0
0
0
0
0
0
0
0
0
1
0
0
0
0
0
0
-1
0
0
-1
0
0
1
0
0
1
0
0
0
1
0
0
0
0
0
0
1
-1
0
0
0
1
0
-1
0
0
0
0
0
-1
0
0
0
0
1
0
0
1
0
0
0
1
0
0
0
0
0
1
0
0
0
0
0
0
0
1
0
0
0
0
-1
0
0
-1
-1
0
-1
0
0
0
1
1
0
0
0
-1
1
0
0
0
0
1
0
1
0
0
1
1
0
0
0
0
0
-1
0
0
0
-1
0
0
1
0
0
0
0
1
0
1
0
0
0
0
-1
0
0
0
0
0
-1
0
0
0
1
1
0
0
-1
0
0
1
0
0
-1
1
0
0
0
0
-1
0
0
0
0
0
0
0
0
0
0
0
1
0
0
0
-1
0
1
0
0
1
-1
0
-1
-1
0
0
0
0
0
0
0
0
-1
0
-1
1
0
1
1
0
0
0
0
0
0
0
0
0
0
0
0
0
0
1
0
-1
0
0
0
0
0
0
-1
0
0
-1
0
0
0
0
0
0
0
1
1
0
0
0
0
0
0
0
-1
0
0
0
0
0
0
-1
-1
0
0
0
0
0
1
0
1
-1
0
0
-1
0
0
0
1
0
0
0
0
0
0
0
1
0
1
0
0
0
-1
-1
0
0
0
0
1
0
-1
0
0
0
0
1
0
-1
0
0
0
0
0
1
0
0
0
0
0
0
0
0
0
0
1
0
0
0
0
0
0
0
0
0
0
0
0
0
-1
-1
0
0
0
0
0
0
-1
0
0
-1
0
0
0
0
0
0
0
0
0
0
0
0
0
0
0
0
0
-1
0
0
1
0
0
-1
1
0
0
0
0
0
0
0
0
0
0
-1
1
0
0
-1
0
0
0
1
0
-1
0
0
0
0
0
0
0
1
-1
0
-1
0
-1
-1
0
0
0
1
0
0
0
0
0
1
0
-1
-1
0
0
0
0
0
0
0
-1
0
-1
0
1