25
351
423
306
213
309
572
816
856
724
660
803
1069
1296
1372
1291
1223
1314
1552
1767
1785
1612
1430
1360
1338
1237
1067
917
671
324
-68
-383
-453
-553
-876
-1384
-1871
-2099
-2207
-2295
-2496
-2935
-3349
-3542
-3565
-3564
-3716
-3788
-3607
-3482
-3559
-3629
-3180
-2351
-1895
-1895
-1862
-1377
-631
-23
409
687
805
918
1284
1916
2446
2485
2211
2078
2365
2874
3063
2852
2454
2200
2259
2414
2471
2172
1597
1194
1118
1285
1302
936
404
21
30
246
267
-14
-377
-510
-413
-320
-351
-435
-510
-584
-640
-611
-529
-508
-558
-604
-590
-528
-472
-434
-339
-208
-165
-186
-77
143
268
270
310
452
618
734
816
930
1094
1213
1259
1335
1485
1584
1583
1609
1680
1636
1406
1151
1050
1079
1044
729
160
-321
-461
-429
-575
-1034
-1624
-2052
-2232
-2234
-2284
-2595
-3096
-3544
-3664
-3562
-3498
-3472
-3536
-3727
-3873
-3659
-3004
-2384
-2211
-2263
-2111
-1534
-736
-81
311
422
488
817
1429
2073
2355
2241
2071
2171
2562
2921
2950
2676
2374
2278
2413
2604
2566
2151
1598
1338
1470
1655
1546
1138
691
455
486
670
770
550
66
-250
-108
221
273
-13
-343
-487
-427
-268
-160
-234
-473
-679
-646
-390
-163
-199
-440
-584
-416
-43
200
142
-47
-91
124
488
770
807
652
569
761
1136
1396
1392
1223
1029
904
996
1308
1466
1096
395
-22
137
492
449
-178
-1017
-1479
-1410
-1167
-1268
-1905
-2662
-3078
-3069
-2906
-2895
-3071
-3412
-3757
-3795
-3445
-2926
-2656
-2742
-2818
-2563
-1960
-1317
-895
-687
-546
-291
145
691
1171
1392
1383
1438
1708
2091
2355
2416
2384
2275
2244
2438
2691
2699
2311
1922
1910
2133
2242
1952
1436
1101
1113
1310
1310
981
537
276
331
508
518
262
-99
-314
-285
-155
-129
-298
-581
-786
-772
-599
-495
-626
-871
-961
-794
-557
-463
-518
-562
-475
-261
-18
148
204
218
310
510
741
887
857
677
542
681
1009
1104
744
281
207
484
625
374
-44
-365
-550
-648
-698
-865
-1289
-1804
-2085
-2107
-2146
-2366
-2642
-2791
-2827
-2843
-2808
-2662
-2488
-2382
-2275
-2062
-1773
-1481
-1191
-886
-606
-381
-157
161
536
812
963
1137
1362
1543
1684
1871
2054
2095
2013
2014
2190
2348
2257
2013
1897
1969
2027
1941
1771
1599
1460
1393
1396
1359
1179
924
778
775
768
646
440
250
149
110
37
-94
-233
-356
-482
-579
-608
-618
-679
-769
-826
-821
-774
-718
-658
-561
-478
-476
-502
-403
-179
-9
29
36
65
62
85
274
552
615
359
94
155
458
643
508
175
-100
-155
-36
18
-194
-595
-935
-1081
-1070
-1096
-1353
-1747
-2035
-1977
-1794
-1866
-2106
-2271
-2130
-1843
-1688
-1596
-1564
-1469
-1248
-978
-648
-472
-436
-337
-115
226
473
557
590
693
929
1168
1297
1320
1292
1310
1437
1593
1641
1555
1416
1333
1373
1486
1509
1348
1110
982
1029
1119
1080
904
735
659
625
596
561
477
317
160
113
154
133
-11
-173
-225
-175
-135
-174
-277
-366
-363
-250
-124
-105
-169
-193
-134
-37
43
83
85
70
45
-22
-85
-38
88
107
-66
-291
-324
-132
39
8
-205
-390
-404
-318
-209
-238
-464
-748
-915
-838
-727
-850
-1125
-1337
-1357
-1280
-1255
-1255
-1303
-1399
-1414
-1296
-1082
-927
-948
-991
-928
-737
-483
-324
-260
-247
-203
-35
197
417
508
473
482
629
855
998
990
931
945
1051
1184
1208
1154
1109
1095
1138
1156
1151
1105
1001
965
978
1006
972
834
740
722
724
688
569
450
365
302
276
230
137
34
-48
-71
-54
-68
-94
-136
-141
-92
-53
-26
-5
27
62
66
61
74
120
173
148
12
-130
-128
20
91
-83
-361
-472
-320
-155
-227
-475
-677
-689
-588
-531
-607
-824
-1043
-1087
-968
-869
-968
-1196
-1331
-1287
-1146
-1065
-1106
-1194
-1252
-1204
-1045
-861
-779
-851
-890
-720
-455
-313
-349
-334
-173
-13
66
115
217
328
367
414
529
631
652
639
722
863
890
829
796
842
920
916
849
797
769
776
771
762
754
717
685
667
671
694
682
632
570
535
518
488
446
411
356
273
216
240
300
282
170
76
108
231
298
247
154
108
152
232
253
213
149
71
1
-44
-38
-3
-53
-228
-410
-452
-356
-272
-329
-517
-689
-707
-581
-480
-552
-756
-903
-883
-768
-706
-780
-934
-1039
-1002
-861
-789
-863
-955
-938
-826
-734
-727
-715
-650
-571
-502
-462
-432
-350
-240
-133
-64
-50
-21
55
188
344
391
328
306
422
604
650
555
514
574
650
685
686
688
659
641
728
814
759
617
587
740
834
704
527
503
610
658
556
443
407
406
402
364
323
299
274
280
280
233
191
194
262
316
248
138
113
182
241
199
121
81
30
-22
-24
24
32
-116
-292
-285
-147
-108
-265
-468
-504
-413
-374
-470
-630
-741
-768
-744
-730
-790
-925
-1049
-1056
-939
-868
-916
-1003
-1048
-967
-817
-748
-753
-756
-697
-568
-477
-446
-385
-279
-160
-123
-110
-21
41
120
222
297
309
206
184
369
551
526
325
233
381
541
566
467
328
319
424
550
623
515
336
331
534
743
707
489
375
464
644
687
576
488
443
405
404
454
533
482
282
153
210
364
427
300
156
102
146
251
286
257
181
102
110
160
210
189
88
6
2
52
47
-47
-138
-146
-114
-126
-191
-242
-260
-283
-318
-330
-331
-377
-479
-561
-553
-498
-495
-587
-689
-719
-675
-617
-593
-614
-663
-705
-677
-568
-483
-498
-527
-489
-423
-382
-335
-240
-135
-115
-175
-171
-34
127
192
139
37
28
165
335
401
293
107
59
236
477
527
314
69
61
295
527
524
308
84
56
278
550
585
336
61
77
370
587
492
231
95
185
342
394
322
220
151
140
189
255
265
193
118
145
248
288
200
98
126
251
297
187
47
35
136
191
109
-16
-71
-40
12
0
-95
-197
-229
-187
-157
-232
-365
-433
-403
-368
-424
-532
-563
-505
-472
-518
-573
-581
-535
-449
-374
-396
-504
-550
-435
-216
-82
-184
-397
-434
-207
109
227
32
-223
-200
117
402
368
123
-15
88
276
336
263
184
137
132
169
180
138
102
129
189
166
36
-35
104
314
319
117
-22
50
255
397
351
198
94
117
281
460
442
225
49
97
299
414
300
72
-31
56
168
172
91
1
-37
-10
36
54
48
21
5
21
11
-23
3
90
101
-17
-133
-117
1
90
46
-100
-231
-254
-124
66
70
-190
-457
-428
-143
73
-36
-362
-546
-417
-168
-53
-137
-333
-476
-436
-251
-84
-80
-236
-372
-308
-119
-8
-9
-39
-64
-86
-46
96
235
224
72
-20
94
291
345
246
129
99
173
260
282
226
108
13
38
153
199
79
-80
-122
-29
71
57
-33
-120
-133
-64
50
116
23
-122
-115
50
188
132
16
-19
27
84
130
185
159
30
-51
44
214
224
54
-71
-12
105
110
36
0
-5
-35
-55
-13
43
10
-101
-153
-60
58
20
-131
-186
-77
32
-22
-161
-187
-80
-19
-77
-135
-125
-117
-141
-126
-60
-38
-115
-193
-156
-51
-15
-56
-72
-45
-42
-62
-24
69
108
31
-61
-28
97
153
84
19
52
107
87
40
76
162
164
70
18
82
158
153
97
68
84
98
88
71
72
84
89
71
25
-8
28
107
123
39
-48
-35
54
98
44
-32
-49
-35
-32
-29
-23
-57
-111
-118
-70
-43
-88
-148
-129
-61
-47
-102
-128
-87
-36
-26
-37
-46
-60
-65
-26
36
44
-19
-72
-42
26
56
31
-13
-52
-59
-18
38
31
-42
-96
-82
-41
-25
-28
-35
-57
-91
-93
-38
15
6
-35
-36
-3
5
4
45
97
83
14
-6
55
113
103
71
68
78
52
30
80
160
154
64
8
48
128
142
99
62
56
70
52
44
71
89
80
23
-16
2
28
42
17
-23
-16
-2
-17
-44
-57
-4
37
6
-79
-148
-109
-10
39
-10
-119
-189
-172
-86
0
7
-84
-196
-224
-143
-27
28
-18
-137
-230
-190
-32
87
45
-103
-177
-104
25
80
50
-1
-27
-22
14
60
80
66
56
56
35
2
25
115
157
81
-30
-31
61
120
93
43
24
10
-6
22
103
139
49
-74
-63
77
164
87
-41
-58
25
72
37
3
24
36
-9
-50
-15
56
64
-9
-71
-58
2
37
20
-24
-49
-27
17
29
0
-22
2
39
36
-6
-22
15
57
48
5
-12
3
8
-9
-10
17
14
-51
-117
-101
-30
3
-37
-105
-154
-164
-118
-36
0
-78
-202
-222
-98
36
37
-75
-159
-126
-16
70
71
10
-41
-22
53
113
108
63
43
66
92
95
89
94
92
76
76
100
110
84
63
85
113
98
58
57
86
88
58
54
81
78
28
3
43
83
54
-4
-11
21
24
-6
-17
8
11
-33
-82
-77
-28
5
-23
-88
-134
-126
-74
-28
-37
-92
-139
-137
-101
-68
-51
-50
-82
-132
-142
-84
-20
-14
-56
-94
-112
-112
-76
0
47
-18
-142
-179
-74
66
93
-4
-124
-156
-80
49
127
80
-65
-167
-103
70
180
120
-30
-109
-55
70
163
167
84
-25
-60
35
189
250
154
3
-46
51
196
258
190
62
-15
25
147
241
217
91
-29
-35
78
198
198
62
-86
-100
17
127
110
-12
-119
-133
-67
9
30
-31
-131
-178
-125
-39
-13
-58
-124
-156
-135
-73
-15
-17
-83
-146
-128
-40
31
18
-48
-96
-80
-15
49
56
1
-61
-61
2
63
66
21
-20
-31
-8
29
58
41
-8
-37
-19
13
17
-2
-20
-26
-27
-30
-37
-43
-40
-28
-13
-23
-65
-91
-54
17
41
-5
-59
-58
-14
25
44
48
29
-19
-49
-8
78
123
76
-19
-68
-17
82
135
90
-3
-51
-15
56
100
93
51
4
-18
13
83
128
100
29
-14
10
63
105
116
87
16
-43
-8
108
162
70
-72
-97
9
98
65
-30
-70
-50
-31
-22
8
23
-39
-129
-123
-10
70
13
-105
-137
-53
33
34
-23
-65
-63
-34
5
30
21
-27
-65
-39
27
50
4
-52
-54
-16
8
-1
-20
-32
-44
-52
-44
-24
-18
-36
-67
-87
-76
-43
-24
-46
-89
-99
-61
-30
-46
-78
-72
-39
-31
-54
-61
-37
-12
-7
-11
-7
-6
-11
0
37
65
55
23
20
49
83
100
102
87
57
48
83
135
146
106
59
49
80
116
131
109
63
28
37
83
112
93
44
9
11
40
69
58
15
-19
-11
14
21
6
-9
-7
-11
-29
-43
-28
-4
-5
-36
-60
-55
-35
-27
-32
-43
-57
-69
-67
-43
-23
-29
-59
-77
-63
-37
-25
-34
-45
-44
-42
-44
-43
-30
-17
-19
-31
-42
-42
-32
-16
-7
-13
-35
-54
-52
-25
2
0
-35
-67
-65
-30
0
-3
-32
-55
-54
-30
-5
5
-7
-28
-32
-10
21
29
13
4
19
43
45
30
32
61
82
68
43
48
77
92
79
64
68
79
75
65
67
78
75
55
40
45
59
57
40
24
22
25
23
17
11
8
-1
-8
-6
2
-1
-19
-32
-24
-6
-2
-21
-39
-39
-22
-12
-16
-25
-33
-38
-35
-22
-11
-17
-41
-55
-41
-17
-12
-33
-49
-48
-38
-31
-29
-31
-42
-52
-47
-32
-21
-28
-40
-42
-31
-21
-17
-16
-17
-19
-19
-10
3
10
4
-6
-5
8
20
22
17
11
7
9
18
33
36
18
-4
-2
24
44
34
7
-7
5
20
30
29
17
-2
-9
8
33
35
10
-12
-6
16
27
17
6
1
3
4
12
17
14
1
-7
4
18
15
0
0
13
15
5
1
10
20
17
8
7
12
15
16
22
28
23
10
8
21
33
31
16
7
9
14
16
17
15
5
-9
-13
-2
5
1
-10
-24
-29
-25
-13
-7
-16
-36
-47
-37
-21
-15
-24
-38
-46
-42
-31
-20
-20
-30
-43
-42
-27
-14
-16
-28
-36
-30
-19
-12
-13
-18
-24
-25
-16
-5
0
-9
-20
-17
-2
8
4
-6
-11
-8
-1
8
15
14
2
-4
8
29
31
13
1
8
25
35
36
31
24
20
26
41
51
45
31
29
39
48
46
33
30
36
43
41
32
25
27
34
37
30
18
12
18
28
26
11
-2
-2
7
13
8
-3
-11
-13
-9
-5
-5
-10
-18
-22
-25
-20
-17
-17
-20
-27
-33
-36
-33
-26
-21
-29
-40
-47
-42
-31
-26
-33
-44
-47
-45
-39
-37
-35
-33
-38
-50
-53
-36
-17
-15
-31
-44
-39
-19
-3
0
-10
-22
-23
-5
16
22
11
2
7
24
33
37
36
34
34
35
40
47
51
48
43
40
43
47
51
50
44
34
33
40
45
40
28
24
26
27
21
16
14
14
9
3
0
-2
-7
-7
-2
-1
-9
-24
-25
-10
2
-7
-26
-32
-23
-12
-12
-16
-17
-22
-28
-24
-9
0
-7
-21
-24
-14
-3
-1
-3
-7
-11
-14
-11
-1
7
1
-12
-22
-14
1
6
-4
-18
-22
-17
-10
-7
-8
-14
-22
-25
-14
-2
-1
-13
-22
-16
-2
3
-2
-7
-6
-2
0
5
12
13
10
8
15
27
29
19
14
20
28
28
23
24
28
28
22
22
28
28
18
6
7
18
23
14
1
-4
1
7
5
-3
-11
-15
-17
-12
-9
-14
-26
-33
-27
-16
-15
-26
-33
-29
-22
-21
-24
-21
-17
-15
-22
-23
-12
-1
-1
-9
-10
-5
5
10
11
13
8
5
11
25
31
22
11
14
26
34
30
25
22
23
24
25
27
26
21
15
14
16
15
12
9
8
6
0
-3
-1
3
0
-10
-15
-13
-8
-9
-14
-18
-17
-16
-15
-16
-13
-14
-18
-20
-18
-12
-10
-11
-11
-12
-12
-13
-11
-10
-8
-12
-11
-12
-11
-9
-8
-5
-7
-11
-15
-16
-14
-11
-11
-14
-16
-14
-12
-10
-9
-10
-11
-9
-5
0
1
0
-1
4
10
12
13
16
20
19
21
26
33
33
30
30
36
41
38
36
36
39
39
37
39
38
34
29
28
31
32
27
22
17
15
15
14
11
6
-1
-5
-9
-7
-8
-12
-23
-31
-30
-26
-25
-32
-38
-42
-42
-39
-36
-36
-39
-43
-42
-38
-35
-34
-34
-35
-33
-34
-28
-19
-12
-13
-18
-18
-14
-6
-1
1
-1
-4
-1
7
17
20
16
11
10
19
27
28
23
17
17
20
24
25
24
19
18
19
20
20
17
13
12
13
12
9
4
2
5
8
8
2
-3
-3
3
9
9
2
-2
-1
6
10
11
5
-1
-1
5
11
12
2
-2
-1
4
6
5
-1
-4
-3
2
3
4
1
-6
-10
-10
-8
-6
-8
-12
-16
-16
-14
-11
-12
-14
-18
-19
-17
-15
-14
-17
-19
-16
-15
-14
-15
-16
-12
-12
-11
-7
-2
0
-3
-5
-3
2
3
1
1
4
8
10
13
12
11
11
14
17
18
15
12
11
13
15
17
14
10
12
16
15
13
13
14
14
11
8
9
8
6
3
2
0
-1
0
0
-4
-8
-10
-7
-5
-9
-14
-12
-11
-10
-10
-14
-14
-13
-11
-10
-10
-12
-14
-12
-6
-2
-3
-7
-7
-3
3
5
6
4
2
3
4
8
10
7
5
4
7
9
10
10
6
4
5
7
9
7
4
1
1
4
6
4
2
-2
-2
-1
2
0
-1
-4
-4
-3
-4
-3
-6
-8
-8
-6
-4
-3
-5
-6
-8
-5
-5
-5
-5
-7
-6
-4
-1
1
0
1
0
0
0
-1
2
0
0
-2
0
1
2
3
4
4
6
5
7
5
2
2
0
1
3
4
3
1
-1
-1
-1
2
3
1
0
-2
0
0
1
1
0
-1
0
1
2
2
0
0
0
1
2
4
2
0
-2
0
2
4
2
2
-2
-3
0
0
2
2
0
-2
-1
-1
0
-1
-3
-4
-4
-2
0
-2
-2
-5
-5
-4
-1
-1
-2
-4
-5
-3
-1
0
0
-2
-2
-2
0
2
3
1
1
0
1
3
4
3
3
2
2
3
4
4
3
2
4
4
3
4
4
3
3
2
3
3
3
1
0
-1
0
0
-1
-2
-2
-3
-3
-4
-3
-4
-4
-5
-4
-4
-4
-3
-4
-3
-3
-2
-2
-2
-2
-1
-1
0
0
0
1
1
1
3
2
2
3
3
3
3
4
3
2
2
2
3
4
1
1
0
1
2
2
1
0
-1
0
1
1
1
0
-2
-2
-3
-2
-3
-1
-2
-2
-2
-2
0
-1
-1
-2
-1
0
1
1
-1
-1
-2
-1
0
1
0
0
-1
-1
1
2
2
2
1
1
1
1
2
2
1
0
0
1
2
0
-1
0
0
0
0
0
1
0
-1
0
0
0
0
0
0
0
0
-1
0
0
0
0
1
0
1
1
1
1
-1
2
2
0
1
0
1
2
1
2
2
2
2
3
2
2
2
2
1
2
2
1
0
0
1
0
-1
0
-1
1
2
2
2
0
-1
-1
-1
0
1
-1
-3
-2
-2
-2
-1
-1
0
0
0
-1
-2
-2
-3
-2
-2
-2
-1
-1
-1
-1
2
1
1
1
1
1
1
1
1
1
2
3
3
3
1
0
-2
0
1
2
2
2
1
0
1
1
3
2
1
0
0
0
1
1
1
0
0
-1
0
-1
0
1
1
1
1
0
0
0
-2
-1
-1
1
1
1
1
0
0
1
2
3
1
0
-1
0
1
2
1
2
3
2
1
1
1
1
1
1
1
0
1
1
1
1
1
0
0
-1
0
0
-1
1
2
1
1
-1
0
-1
-2
-1
-2
-1
-1
-1
-1
0
0
0
0
0
0
0
0
0
0
1
1
1
1
1
1
1
1
1
2
1
1
1
1
1
3
2
2
2
0
1
-1
0
0
1
1
1
1
0
0
-1
0
-1
-1
0
0
0
0
0
0
0
0
0
0
-1
0
-1
0
0
0
0
0
0
-1
0
0
0
0
0
0
0
0
0
0
0
0
0
-1
0
1
1
2
2
1
0
1
1
0
-1
-1
1
3
3
2
1
0
1
2
2
2
1
1
0
0
0
0
1
2
1
1
1
1
1
0
0
-1
-1
1
1
0
-1
-1
-1
0
0
-1
-2
-3
-1
0
0
0
0
-1
-1
-2
-3
-4
-4
-4
-3
-3
-3
-2
-2
-1
-1
0
1
0
0
-1
0
0
0
0
0
1
2
1
0
-1
0
2
3
2
2
1
2
3
4
3
3
4
3
2
3
3
3
2
1
1
0
0
0
0
1
1
1
2
1
1
1
0
0
0
0
0
0
-1
-1
-1
-3
-2
-1
0
0
-1
-1
-2
-2
0
1
1
1
0
-1
-2
0
2
2
1
2
1
1
2
2
1
1
1
1
0
0
-2
1
-2
-1
0
0
0
1
0
-1
-1
0
0
1
-2
-3
-4
-2
-3
-2
-3
-4
-4
-4
-3
-3
-2
-2
-2
-2
-1
-1
0
-1
1
1
1
3
1
0
0
0
1
1
1
1
0
-1
-1
1
3
3
3
3
2
2
3
2
3
2
1
1
0
-1
1
0
2
2
1
1
1
0
0
-1
0
-1
0
0
0
-1
0
1
-1
0
0
0
0
-1
0
1
0
-1
1
1
0
1
-1
0
0
1
0
0
-1
1
1
1
2
1
1
2
2
2
2
2
1
1
2
0
-1
0
-2
-2
-1
-1
1
0
0
0
-1
0
1
1
1
-2
-1
-1
-1
-1
-1
-1
-1
-1
-1
0
-1
0
1
0
1
0
-1
0
0
1
0
0
0
0
0
0
0
1
0
1
0
1
1
1
2
2
2
1
1
0
0
1
2
3
2
2
1
0
-1
-1
-1
1
1
1
1
0
0
1
0
0
0
0
1
0
0
0
0
0
1
0
0
0
-2
0
2
2
2
2
2
1
0
0
-1
-1
0
0
0
0
1
1
1
3
2
1
0
-1
-1
0
0
2
1
1
1
0
1
1
1
1
2
1
-1
0
-2
-2
-3
-1
-2
-1
-1
-2
-2
-2
-2
-2
-1
-1
-1
-1
-1
0
1
0
0
0
-1
-1
-1
-1
0
1
1
2
2
2
1
2
1
2
2
3
1
1
1
2
1
1
1
1
2
2
2
2
3
4
2
2
3
2
1
1
1
0
1
0
0
-1
2
1
0
0
1
0
-1
-1
-2
-1
-1
1
0
0
0
0
-1
-2
-1
-2
0
0
-1
0
0
0
0
1
2
1
0
0
0
0
1
3
1
2
2
1
0
-1
0
0
0
0
0
1
0
0
0
0
0
0
0
0
1
1
0
0
0
0
0
0
0
0
-1
0
-1
-2
-1
-2
-2
-1
-2
-2
-1
-1
-1
-1
1
0
2
2
2
1
0
0
-1
-1
0
1
2
2
1
1
1
0
2
2
2
1
2
1
2
2
3
4
5
3
1
-1
1
0
-1
-1
0
1
0
0
0
0
-1
0
1
-1
0
0
0
0
0
-1
0
0
0
0
0
1
2
3
0
1
0
0
0
0
1
2
1
2
1
2
1
0
1
1
0
1
2
1
2
1
3
2
1
1
0
-1
-1
-2
-2
-2
-1
-1
0
-1
-1
-1
-3
-2
-4
-5
-5
-5
-3
-3
-2
-2
-2
-2
-3
-4
-3
-2
0
-1
1
2
1
1
1
1
2
2
2
2
3
3
2
3
2
2
2
2
2
2
2
1
2
3
3
1
0
0
1
1
1
1
3
3
3
1
0
0
1
0
0
-1
1
0
-1
0
0
-1
1
0
-1
-1
-2
-1
0
1
2
3
2
2
1
2
1
2
3
1
2
2
2
2
2
1
0
1
3
2
1
1
1
0
2
1
0
-2
-2
-1
0
0
1
1
0
-2
-1
-2
-3
-3
-2
-2
-2
-3
-3
-3
-2
-1
-1
-1
-2
-2
-2
-1
0
1
3
2
0
1
1
0
1
0
0
1
0
2
2
2
2
3
2
1
3
1
1
1
1
2
1
0
0
-1
0
1
1
2
2
2
2
1
0
0
0
0
-1
1
-1
0
1
0
0
0
0
0
0
0
0
0
0
0
0
0
0
0
1
0
0
0
0
-1
1
0
0
0
1
1
1
1
1
1
1
1
1
0
1
1
1
0
1
0
1
1
0
0
0
0
-1
0
1
0
-1
0
0
0
0
-1
0
0
0
0
0
-1
-1
0
0
0
0
1
0
0
0
0
-1
0
0
0
0
0
0
0
0
1
0
-1
0
0
-1
0
0
0
0
0
0
0
0
0
0
0
1
0
0
0
0
-1
0
1
0
1
1
1
0
1
2
2
1
2
1
-2
-1
0
0
0
2
1
-1
-1
-1
-2
0
1
1
3
1
2
1
0
2
2
2
1
0
-1
-1
0
0
1
0
1
0
-1
-1
-1
0
0
1
0
-1
-2
-2
-3
-3
-2
-1
-1
-1
-2
-1
-1
-1
0
0
1
-1
-1
-1
-1
-1
0
2
1
1
0
0
0
0
1
0
1
0
1
2
1
0
1
1
1
1
0
-1
0
1
1
2
4
3
3
4
2
2
2
3
1
0
1
3
3
4
3
4
4
3
1
0
0
0
-1
-1
-1
-1
-2
0
0
-1
-1
0
-1
0
0
0
1
1
0
0
0
-1
1
0
1
1
1
2
1
2
1
1
1
2
1
-1
0
1
-1
-3
0
0
-1
-2
0
-2
-2
-2
-1
-1
0
2
1
2
1
0
0
1
0
1
1
1
1
1
-1
0
0
0
1
1
0
0
-1
0
0
1
0
0
-1
1
0
1
1
0
-1
-1
-1
-2
-1
0
0
1
1
0
0
0
1
1
1
1
0
0
1
0
0
2
1
2
1
1
1
0
0
0
0
0
0
0
-1
0
-1
2
1
2
2
1
1
1
1
1
1
1
1
1
1
1
1
2
2
3
1
-1
0
0
0
0
1
1
0
1
0
-1
0
0
0
0
0
0
0
1
1
1
1
1
0
-1
-1
-2
-2
0
0
1
1
0
0
-1
-1
1
1
1
1
0
1
0
1
0
2
2
1
2
1
0
1
0
0
0
0
0
0
0
1
0
1
0
0
0
-1
-1
0
0
0
0
1
0
-1
0
0
0
0
1
0
-1
0
0
0
0
0
1
0
0
0
0
0
0
0
0
0
0
1
0
0
0
0
0
0
-1
-1
-1
0
0
1
2
1
1
2
1
1
1
1
1
0
1
1
0
0
0
0
0
0
0
0
0
0
0
0
0
0
0
0
0
0
-1
0
0
1
0
0
-1
1
0
0
0
0
0
0
0
0
0
0
-1
1
0
0
-1
0
0
0
1
0
-1
0
0
0
0
0
0
0
1
-1
0
-1
0
-1
-1
0
0
0
1
0
0
0
0
0
1
0
-1
-1
0
0
0
0
0
0
0
-1
0
-1
0
1
0
0
0
0
1
0
0
0
0
0
-1
-1
0
0
0
0
-1
0
1
0
1
0
0
0
0
-1
0
0
0
-1
0
0
0
0
0
0
0
0
-1
0
0
0
1
0
1
0
-1
0
1
0
0
-1
0
0
0
0
0
0
1
0
1
0
0
0
0
0
1
0
1
0
0
0
1
0
0
0
0
0
-1
0
0
0
0
0
0
0
0
0
-1
0
0
0
0
0
0
0
0
0
0
1
0
1
0
0
1
0
0
1
0
0
1
0
0
1
0
0
0
0
0
0
0
0
0
1
2
3
1
1
-1
0
0
0
1
2
3
2
2
1
-1
0
0
0
1
1
1
0
0
-1
0
0
-1
-2
-1
-2
-2
-1
-2
0
2
1
1
1
1
0
0
1
1
1
1
1
0
0
1
0
0
0
0
0
-1
0
0
0
0
0
1
0
0
0
0
0
0
0
1
0
-1
0
0
2
1
1
1
1
0
1
1
2
2
1
0
-1
0
0
0
1
2
1
0
0
1
1
0
0
0
0
-1
-1
-1
0
1
2
1
1
0
-1
-2
0
-2
0
1
0
1
1
1
1
2
3
3
1
0
-1
-2
-2
0
1
1
2
0
0
0
0
1
1
3
1
0
-1
0
1
3
3
3
2
1
0
0
-1
0
0
1
1
1
1
1
0
0
1
3
0
-1
-2
-1
-1
-2
-2
0
2
0
-1
-1
0
0
0
-1
0
0
-1
-1
0
0
0
2
1
1
0
1
-1
0
-1
0
0
0
1
0
0
0
0
0
0
0
0
0
0
0
0
1
1
1
2
1
2
3
3
4
3
3
3
3
2
2
2
1
1
1
1
1
0
1
2
0
1
0
-1
0
0
0
1
1
0
-1
-1
-1
0
-1
1
0
2
0
1
-1
-1
-2
-1
-1
0
-1
0
-1
0
1
1
1
0
-1
-1
-2
-1
-1
1
1
1
0
1
1
0
1
1
1
1
1
0
0
-1
0
0
1
0
0
0
1
1
1
1
1
1
1
1
-1
0
1
0
0
0
0
2
1
1
1
1
1
0
1
1
0
0
0
0
0
0
0
0
0
0
0
0
1
1
1
2
1
1
0
2
1
1
1
1
1
0
0
0
0
0
0
0
1
0
0
1
0
1
0
0
1
0
0
0
0
1
0
0
-1
0
0
1
1
0
0
-1
0
-1
-1
0
0
0
1
1
0
-1
0
1
0
0
0
0
1
0
1
-1
0
1
0
0
0
-1
0
0
0
1
0
-1
0
-1
-1
0
0
1
0
0
0
1
1
0
0
1
1
-1
0
-1
0
0
0
1
0
0
0
0
0
1
1
-1
-1
-1
-2
-2
2
1
0
1
2
-2
-1
1
1
-1
0
0
0
-1
0
0
1
0
2
2
2
1
1
1
0
0
0
1
2
2
1
0
0
1
2
2
2
1
1
2
2
2
1
1
2
1
1
0
0
0
0
0
0
0
0
0
0
0
0
0
0
0
0
0
0
1
0
0
0
0
-1
0
0
1
0
0
0
0
0
-1
0
0
0
0
0
-1
-2
-1
-1
-3
-1
-1
-1
-1
0
0
1
1
0
1
1
1
1
0
1
1
1
1
1
1
1
1
2
2
1
1
0
0
-1
0
-1
1
0
1
1
0
0
1
0
0
0
0
-1
1
0
0
0
0
0
1
0
0
0
1
1
1
2
0
-1
-2
-2
-2
0
-1
0
0
-1
-2
-2
-2
0
1
0
1
1
-1
-2
0
0
0
2
4
1
1
2
0
1
0
2
1
0
1
2
1
1
4
1
1
1
2
-1
-1
2
3
2
2
2
1
-1
0
1
-2
-2
2
1
-1
1
2
1
1
3
2
-1
-2
2
0
-1
2
3
1
1
2
1
0
1
3
0
0
2
1
0
1
3
1
0
1
0
-3
-3
1
-2
-1
0
1
-2
-2
0
-2
-1
2
1
2
0
3
0
0
1
-1
-3
-2
-1
-4
-3
-1
0
-2
0
2
1
1
1
0
-2
0
1
-1
-3
-2
0
0
1
2
1
2
1
-2
-3
0
-2
-3
0
1
-2
-2
0
-1
-4
2
0
0
1
1
3
0
3
4
0
2
2
1
-1
1
2
0
-1
1
1
-2
0
2
2
3
4
4
1
2
2
1
0
1
3
1
1
3
2
1
1
2
-3
-1
1
1
-2
0
0
-1
1
2
1
-1
-1
1
2
2
2
1
1
0
-1
0
-1
1
2
1
1
0
0
-1
1
-2
-4
4
0
1
2
1
-1
1
3
2
0
1
0
-1
0
0
-1
0
0
0
-1
2
3
1
2
2
0
0
1
1
0
3
2
2
2
2
1
0
2
1
-1
0
0
-2
-3
0
-1
-1
0
1
0
-1
-1
0
1
1
1
1
-1
-2
-3
-2
-2
0
-1
1
0
-1
-2
0
1
-2
0
2
1
1
2
2
1
3
4
2
0
0
1
1
-1
1
2
3
2
2
0
0
2
1
0
1
2
1
-1
2
3
1
-1
2
2
0
0
1
1
0
1
1
0
-1
0
0
0
-1
1
1
0
0
0
0
0
-1
0
0
0
-1
-1
-1
1
1
1
1
1
0
0
-1
-1
-1
0
0
0
0
0
2
1
2
1
1
0
-1
-1
-2
0
0
1
1
1
1
0
0
1
2
1
1
1
1
1
1
2
2
1
1
1
-1
-1
0
0
0
1
3
3
1
2
2
0
-1
2
1
3
6
4
1
2
2
0
0
2
0
-2
0
1
0
0
1
-2
-3
-2
-1
0
-1
1
1
1
1
-2
0
-2
0
-1
1
0
1
0
1
1
1
1
1
0
0
0
1
1
1
0
-1
-1
-1
-1
0
1
2
0
1
1
-1
-2
0
0
0
0
2
1
0
1
1
0
1
0
0
0
-2
0
-2
-1
0
-1
2
-1
-1
-1
0
1
0
0
0
-1
-1
-2
-2
-1
1
0
1
3
-1
-1
0
1
-1
0
3
0
-1
1
0
1
0
0
0
0
0
-1
0
1
0
-1
0
2
0
-1
1
3
1
0
2
2
-1
0
4
2
1
3
2
0
-1
3
-1
1
3
-1
2
1
-1
-4
-3
1
-2
0
2
1
0
0
4
1
2
2
4
2
1
0
-1
-1
2
3
4
3
2
1
1
-1
0
0
3
0
2
0
1
1
0
-2
-1
-1
-3
-3
0
1
0
1
2
0
-1
0
0
0
0
0
0
-1
-1
-1
-1
1
1
0
1
2
-1
-3
0
0
-2
-1
0
-1
-3
-3
-1
-2
1
1
1
2
0
2
0
1
1
0
2
0
1
1
0
1
0
0
0
0
1
-1
0
0
0
0
0
0
0
1
0
0
0
0
0
-2
-1
-1
0
1
2
3
2
1
0
-1
-1
-1
0
1
2
1
2
1
1
1
1
1
0
0
1
0
0
0
0
-1
0
0
0
0
0
1
1
2
0
0
-1
-1
-1
0
0
1
1
1
2
0
0
-2
1
-1
1
-1
1
-1
0
0
0
1
0
0
0
0
0
2
2
1
1
1
1
1
0
1
1
1
1
1
1
2
1
1
2
1
0
0
0
-1
-1
2
1
1
2
2
0
-1
1
0
-1
-1
1
0
-2
2
0
1
2
-1
1
-1
0
-1
0
1
1
2
2
2
1
1
0
0
1
-1
0
1
0
-1
0
0
-1
1
1
-1
-2
0
1
-1
0
2
3
3
1
0
1
1
0
0
1
2
0
0
1
1
-1
0
1
-1
-1
1
0
0
0
0
0
0
0
-1
0
1
0
0
0
0
-1
0
-1
-1
0
0
0
0
1
0
0
1
0
-1
0
1
-1
0
2
1
1
-1
1
-1
-2
-1
-1
-1
0
1
1
1
1
1
0
1
1
1
1
1
1
1
0
0
0
0
0
0
0
0
-1
1
0
1
0
0
1
0
0
0
0
0
1
-1
0
0
0
0
0
1
0
0
-1
0
0
0
0
1
0
0
1
-1
-1
0
0
0
0
0
0
0
0
0
-1
-1
-1
1
2
0
1
0
1
1
1
1
-2
-5
-2
-1
-1
0
0
-1
-1
-1
-1
-2
-2
0
0
0
0
-1
1
1
1
1
1
1
1
1
0
0
0
0
0
0
-1
0
0
1
1
0
0
-1
-2
-1
0
0
0
1
1
0
0
-1
0
0
1
0
2
4
1
1
0
0
0
1
4
1
-1
0
0
1
0
1
0
0
0
0
0
0
0
0
1
0
0
0
1
2
2
2
2
0
1
0
1
2
2
1
2
2
2
0
1
0
-1
0
1
0
-1
1
0
-1
-1
2
0
-1
2
2
0
-1
2
2
0
0
1
1
0
1
-1
-1
0
0
-2
-2
0
1
-1
-1
1
0
0
1
2
0
0
3
1
0
3
2
-1
1
2
-2
0
1
-1
-2
-2
2
-1
-3
1
-1
-2
-2
0
1
-1
2
3
1
-1
0
-1
-1
-1
0
0
0
0
0
0
1
2
1
1
0
0
1
3
3
0
1
3
1
-3
-2
1
0
-1
2
2
-1
-1
2
0
-2
-1
0
0
1
0
0
1
2
1
1
1
2
1
2
0
1
1
-2
1
1
0
-1
-1
0
0
0
1
-1
-2
-1
2
0
-2
-1
2
0
-2
0
2
0
0
0
0
0
0
1
0
1
0
0
0
0
0
0
1
0
0
-2
0
1
-3
-3
-1
-1
-3
-1
0
-1
-1
1
1
1
2
1
2
2
2
1
2
1
-1
2
2
0
-2
2
4
0
1
3
1
-1
1
1
-1
-1
2
-1
-3
1
2
-1
1
3
3
0
1
2
0
-1
0
2
-1
-1
0
0
0
0
2
3
1
1
1
3
-1
-2
0
0
-2
1
5
2
-2
0
2
-1
-2
3
2
-4
-1
3
-2
-5
1
2
-4
-4
4
1
-6
2
5
-2
-3
4
2
-10
1
6
-2
-6
3
6
-6
-3
7
-1
-5
3
4
-6
-1
4
0
-2
4
1
-1
3
3
-2
-1
1
-1
-1
3
1
-3
-3
3
1
0
6
3
-3
2
0
-5
-2
0
-2
-1
-1
1
2
-2
1
3
0
-3
2
4
-4
1
9
-1
-2
8
5
-3
0
2
-3
-5
3
2
-6
-2
2
-2
1
-1
0
2
-1
-2
-1
0
2
1
0
4
2
-2
0
-1
-3
-2
2
-1
-4
0
1
-1
1
2
2
1
4
1
-2
0
3
-1
-2
1
1
-1
-3
2
4
-4
0
5
-3
-2
2
0
-3
3
2
0
-2
0
1
0
1
1
2
4
2
0
0
0
0
-1
1
0
-3
1
1
-1
0
2
0
-2
2
2
-3
-1
4
1
-3
1
3
-2
-3
2
2
-4
2
3
-2
1
1
-1
1
-2
2
2
-3
-1
2
0
-1
0
1
2
1
-1
-1
-1
-3
0
3
2
-2
1
1
-3
-2
2
0
-2
0
4
-1
-2
4
1
-2
1
4
1
-2
3
3
-4
-3
2
0
-2
0
5
0
-1
3
2
-1
1
2
1
2
2
0
0
1
1
0
2
4
0
1
2
2
-1
0
1
-2
-2
-1
-1
-2
-3
0
0
-3
-1
2
-1
-2
3
3
-1
0
7
0
-2
4
3
-3
0
5
0
-5
2
4
-2
-4
3
2
-4
-1
5
-2
-5
3
6
-3
-8
1
2
-5
-3
3
1
-2
2
2
-1
1
3
1
-1
2
2
-1
1
2
0
0
3
0
-1
3
0
-1
3
4
-1
1
5
-1
-4
1
1
-7
-1
6
-1
-3
5
7
-2
-1
5
1
-7
-1
4
-4
-4
3
3
-2
0
4
-1
-3
2
2
-2
0
3
-1
-2
2
3
-2
1
3
0
0
2
-1
-4
-1
1
-4
-5
3
-2
-7
3
2
-5
0
5
-1
-2
-2
-1
-5
-4
2
1
-2
3
5
2
1
4
6
2
1
4
2
-1
-1
2
3
1
3
6
4
0
0
0
-1
-2
2
2
-1
0
3
0
-2
1
2
0
-1
0
2
-1
-3
-1
0
-2
-2
1
1
-2
-1
1
1
-3
0
3
0
-3
2
3
-4
-1
3
1
-4
2
3
-3
-3
5
1
-4
0
3
-1
-3
0
2
-1
-2
2
2
-1
0
4
1
-3
2
5
1
-2
4
3
-1
1
2
0
0
2
0
0
1
0
-1
-1
1
2
-1
-1
1
2
-2
-3
0
-1
-2
2
2
-1
-2
2
1
0
-1
2
2
0
0
1
0
2
2
0
-1
1
-1
-3
0
1
0
0
2
1
-2
-1
0
-1
-2
0
0
-1
-3
-2
-1
-1
0
1
1
1
1
1
-1
1
1
-1
1
3
0
-1
2
1
-1
1
4
0
0
2
2
1
1
2
2
1
1
1
1
0
0
0
0
0
0
0
-2
-1
1
-2
-2
1
-1
-3
-1
2
0
-2
1
2
-2
0
1
0
-2
0
2
0
-4
0
3
-1
-1
2
1
-4
-2
2
-2
-4
2
3
-2
-1
4
0
-3
1
4
-2
-1
5
1
-4
1
3
-2
-2
2
1
-3
0
3
3
-1
2
4
-1
-1
-1
1
-1
0
3
2
1
2
3
0
1
2
1
1
2
2
0
0
0
-1
-1
-1
0
-2
-1
-1
0
0
0
0
0
0
-2
-1
1
0
-2
0
2
0
-1
2
3
-1
0
3
2
-1
1
3
1
0
1
0
-1
-1
0
-2
-2
0
-2
-2
0
0
-2
1
2
0
1
2
2
0
1
1
0
0
2
1
1
2
2
2
2
3
1
1
3
2
1
1
1
0
-1
0
0
1
-1
0
1
1
-5
-1
3
-4
-4
2
-1
-5
0
1
-3
-3
1
1
-3
0
3
1
0
3
3
1
1
4
3
0
1
4
0
-3
0
0
-4
-2
3
0
-5
1
4
-2
-2
3
2
-4
-2
4
1
-3
1
2
-5
-5
-1
2
-4
1
8
2
0
5
5
-1
0
6
1
-2
4
4
-2
-1
3
-1
0
1
1
0
0
-1
-1
0
-2
-1
1
-1
-3
1
-1
-4
-2
2
1
1
1
3
0
-2
2
0
-2
3
0
0
4
2
-2
3
1
0
0
2
1
-2
1
2
-2
2
-1
-2
1
-1
-3
1
-2
-2
0
-2
-1
0
-1
0
0
0
0
1
3
3
2
4
5
3
1
3
4
0
1
4
3
0
3
5
1
-1
3
1
-1
1
2
-2
-2
0
-2
-4
-1
0
-4
-4
0
-4
-4
0
0
-4
-1
1
-1
-4
0
0
-2
-1
1
-1
0
2
0
0
1
2
1
0
3
3
1
0
2
0
-2
1
-1
-1
0
2
0
-2
-2
1
-2
-2
1
-2
-2
0
-1
0
0
0
1
-1
0
2
-2
0
4
0
1
6
4
1
3
1
0
1
0
0
0
-2
-4
-2
0
-1
-1
2
0
-3
-1
3
-2
-3
3
4
1
-2
3
3
-1
3
5
1
-1
3
4
-1
-1
4
1
-3
0
2
-2
-4
1
2
-1
-1
4
0
-4
-1
2
-3
-6
2
1
-5
-2
3
-3
-5
1
3
-2
-1
5
2
-2
4
4
0
2
1
2
1
0
1
0
-1
2
0
-3
1
3
0
-1
1
1
-2
-1
1
-2
-3
0
0
-2
-1
1
-1
-2
2
0
-1
0
-1
-1
0
0
0
1
0
-1
0
2
0
2
3
1
0
2
2
-2
0
1
0
-3
0
0
-3
-5
-1
1
0
0
4
4
-2
-2
3
0
-5
2
2
-3
1
1
-2
1
0
0
2
-1
0
1
-1
0
0
0
1
-1
-1
1
0
-2
0
0
-1
0
2
1
0
3
5
1
0
4
3
-1
0
3
1
-1
2
5
-1
1
5
3
-1
2
5
2
-2
2
3
-2
-1
1
-1
-2
1
1
-2
-2
3
-1
-2
2
0
0
-2
1
1
-4
3
0
-1
0
3
2
0
1
3
-1
-1
2
-2
-3
0
0
-2
-2
2
0
-1
1
2
-1
-1
0
-1
-2
0
2
1
-1
2
2
-2
-2
1
1
0
2
3
1
0
1
1
-1
0
2
1
0
1
3
1
1
3
3
0
0
2
1
0
1
2
0
-1
0
0
-2
-2
2
2
-1
0
3
-1
-2
0
1
-2
-1
1
-2
-6
1
2
-1
-3
4
3
-2
1
4
-1
-3
2
2
-4
-1
2
-1
-4
0
1
-3
-2
1
-2
-3
1
1
-1
0
2
0
0
3
1
1
3
1
0
1
3
-1
1
3
1
-2
2
4
-1
1
4
3
0
3
3
-2
-2
2
1
-3
0
2
1
0
1
0
1
1
2
0
-2
-1
-1
-2
-1
0
1
1
1
1
-1
-1
-1
2
-1
0
1
0
0
-3
1
2
1
1
1
5
0
-1
3
2
-1
0
3
1
-1
0
2
1
0
0
1
1
-2
-1
2
-1
-2
2
0
-2
-2
0
-3
-2
1
0
-3
1
1
-3
-2
1
-1
-2
0
1
0
-2
0
1
-1
-1
2
1
-2
-2
2
0
-2
1
0
0
0
1
1
1
1
-1
1
3
0
-1
1
2
-2
0
1
0
-2
0
0
0
-1
0
1
0
-1
0
0
-1
-1
0
0
0
0
-1
-1
-1
0
-1
0
1
0
0
1
1
-1
-1
-1
-3
-3
0
0
0
-1
2
1
-1
2
2
0
0
1
-1
-3
1
0
-3
-1
2
2
-1
3
4
-1
1
6
0
-6
1
3
-4
-3
3
0
-4
-1
1
0
-1
6
6
-1
-1
3
1
-2
3
6
-1
-2
3
0
-3
-2
4
3
-4
1
9
-3
-4
7
2
-10
-4
2
-5
-7
2
5
-3
2
9
3
-1
5
7
0
2
5
2
-3
0
0
-6
-5
-1
-1
-3
-1
1
-2
-4
-2
-1
1
1
-1
-1
-3
-5
-2
2
2
0
1
-1
-3
-2
5
6
5
5
4
0
-1
0
3
2
2
1
-2
-4
-2
-1
1
4
5
3
3
3
2
2
2
3
0
-4
-4
-2
-2
0
4
3
-3
-2
0
-3
-4
-1
0
-4
-1
1
-2
-4
2
1
-2
2
4
1
-1
2
0
-5
-2
5
3
-2
0
2
-5
-4
7
4
-3
1
4
-4
-6
5
5
-4
1
4
-6
-8
2
2
-2
1
1
-7
-9
-2
1
-1
2
4
-1
-3
-2
0
-1
1
4
2
-4
-2
-1
-3
0
4
5
0
-1
1
0
2
7
10
7
5
4
4
4
5
9
6
3
2
2
2
0
3
5
1
0
2
-1
-4
2
5
2
-1
4
2
-3
-2
-1
-5
-6
-1
0
-5
-6
-3
-4
-5
-1
3
1
0
2
0
-4
-2
1
1
-1
0
-3
-8
-9
-5
-2
-1
2
4
-1
-5
-1
2
0
3
5
0
-5
-7
-3
1
3
7
5
1
-6
-5
1
3
3
6
4
0
0
1
2
2
3
0
-1
-1
1
0
2
5
5
4
3
4
1
-1
-1
0
-4
-3
-1
0
-1
1
3
3
1
1
3
2
2
4
2
1
0
0
-1
1
2
6
4
3
-1
-3
-4
-1
1
2
1
-3
-6
-7
-4
1
5
4
1
-2
-4
-4
0
6
5
0
1
0
-5
0
6
6
1
-1
-2
-6
-3
4
5
1
0
1
-3
0
5
5
2
2
1
-4
-5
-1
-1
-3
-1
0
-4
-2
3
4
1
1
1
-3
-2
2
3
2
1
0
-3
-2
0
0
1
0
-3
-5
-7
-6
-4
0
2
1
-1
-3
-4
-3
0
3
3
1
-3
-5
-4
-1
5
6
3
1
0
0
1
5
8
4
3
-1
-2
-2
3
8
5
1
0
-4
-4
3
7
5
4
1
-1
-2
4
6
6
5
1
-5
-6
-3
0
3
6
4
-3
-5
-3
-1
1
4
4
-1
-4
-2
0
0
2
5
0
-3
0
0
-2
0
4
1
-2
0
1
-3
0
3
0
-2
1
2
0
0
0
-1
-2
0
2
1
1
0
-1
-2
-1
-1
-1
0
-2
-5
-3
-3
-4
-1
2
1
1
0
-1
-2
-1
0
1
2
1
1
0
-3
-3
-1
2
3
6
3
1
0
2
2
4
9
6
0
-1
0
-2
0
11
11
4
0
0
-6
-5
4
6
0
-1
-3
-9
-9
-1
3
2
2
-1
-6
-10
-6
-3
0
3
4
1
-3
-7
-3
1
3
5
7
-1
-6
-4
-1
-1
3
7
4
-1
-2
-1
-1
0
8
9
2
0
0
-3
-1
5
8
2
-2
-2
-6
-8
0
5
1
-2
-2
-4
-6
-2
4
1
-1
2
1
-5
-2
3
0
-4
-1
0
-2
1
5
5
2
2
1
0
0
3
3
-1
-1
-3
-5
-4
0
-1
-1
-1
1
-1
-3
-3
1
2
3
4
6
1
-2
1
4
6
9
10
7
-3
-7
-4
-1
-1
3
2
-7
-13
-12
-9
-7
0
4
-1
-6
-7
-7
-7
0
9
6
2
3
2
-1
5
13
11
5
7
4
1
3
10
10
5
5
4
-1
-2
2
1
-2
-4
-6
-7
-7
-3
1
-1
-4
-3
-4
-3
3
8
3
1
0
-3
-1
6
10
7
9
6
1
2
6
4
0
-3
-10
-19
-17
-7
-4
-3
-3
-14
-24
-23
-9
-1
1
3
0
-6
-2
10
17
15
13
9
-4
-6
6
16
18
17
6
-11
-17
-9
3
12
17
7
-12
-20
-17
-7
7
18
16
-3
-19
-21
-15
0
19
27
17
-1
-14
-12
-1
21
36
33
16
-3
-16
-15
0
20
31
24
7
-13
-22
-21
-6
10
15
2
-18
-35
-43
-31
-9
8
11
0
-17
-31
-29
-7
18
27
20
6
-13
-23
-10
17
31
30
15
-8
-25
-21
4
28
36
26
1
-24
-32
-17
9
26
24
3
-25
-44
-40
-14
11
21
16
-6
-29
-34
-17
7
29
40
28
1
-15
-15
-3
18
35
31
14
-5
-18
-16
2
18
23
18
1
-21
-28
-20
-3
11
15
8
-8
-21
-21
-5
11
19
16
5
-8
-15
-8
8
18
19
11
1
-7
-5
3
10
13
5
-4
-9
-7
-3
5
9
3
-7
-12
-9
-2
3
4
-3
-15
-23
-19
-7
1
5
1
-11
-21
-15
-1
14
23
24
12
-6
-10
0
12
20
26
15
-7
-15
-8
0
9
22
20
0
-16
-17
-19
-15
2
11
2
-8
-13
-17
-19
-8
6
12
10
10
4
-6
-11
1
8
14
23
23
6
-6
-5
-3
1
17
27
15
-1
-9
-17
-23
-11
10
13
5
-4
-16
-32
-27
-8
7
12
11
1
-16
-24
-14
2
14
25
22
5
-12
-16
-11
3
21
27
18
-2
-15
-21
-19
-1
15
23
14
0
-13
-23
-15
-3
11
17
10
-2
-15
-14
-9
3
17
19
15
5
0
-3
0
13
18
17
11
3
-5
-11
-5
1
3
6
8
-1
-12
-13
-12
-11
-4
2
1
-11
-14
-13
-17
-4
6
14
8
-2
-3
-16
-12
2
10
10
6
2
-6
-9
2
11
13
13
11
-2
-10
-3
3
6
10
10
2
-9
-6
1
0
3
4
0
-7
-12
-5
-6
-5
3
3
3
-2
1
3
-1
3
3
2
2
2
2
1
3
2
4
2
1
2
-3
1
7
5
4
3
-1
0
-1
6
19
11
-2
0
-1
-7
-1
17
14
-5
-6
-6
-17
-13
11
16
-2
-6
-10
-20
-26
10
21
7
-1
-11
-19
-42
2
17
15
1
4
-21
-33
-13
26
14
11
8
-5
-33
-18
23
15
28
29
1
-11
-17
-3
4
33
16
4
7
-16
-11
-11
19
8
-8
10
-1
-25
-25
24
-6
-13
9
10
-29
-31
29
-7
-13
13
43
-30
-17
22
1
-17
14
58
-9
-33
16
6
-27
4
46
16
-40
0
8
-36
-13
41
21
-26
-5
10
-28
-14
34
20
-16
-13
-9
-11
-11
13
39
15
-13
-3
5
-22
-6
32
15
-20
-21
14
-24
-20
40
23
-4
-12
10
-3
-24
14
25
-1
-18
-5
-5
-19
-4
21
19
-14
-2
15
-17
-19
18
7
-18
4
10
-10
0
5
10
7
7
5
2
7
-5
5
10
7
-5
-8
16
-25
-29
27
-2
-34
19
14
-46
-12
14
-5
-6
9
13
-20
-7
2
2
25
4
-3
12
-25
-25
19
14
14
-5
36
-18
-34
21
19
1
-21
56
-32
-50
14
17
-25
-10
67
-25
-37
28
18
-31
7
51
-15
-55
25
8
-29
2
50
3
-42
31
23
-31
-13
34
18
-68
7
47
-30
-35
59
30
-90
21
48
-23
-43
54
37
-75
2
61
-14
-49
36
49
-59
-34
62
-3
-49
19
58
-46
-21
31
1
-38
-9
52
-27
-30
28
7
-30
-3
28
-2
-19
10
4
-14
-15
17
-4
2
9
10
-10
8
-1
-9
13
6
6
-14
4
7
-19
14
27
-10
-17
15
-5
-30
24
13
-9
-2
12
-3
-20
19
4
-1
0
7
-8
-7
13
-10
24
0
3
0
9
-2
-10
9
4
-3
-15
13
-17
-6
-4
3
-5
9
-1
5
14
-9
-3
-2
7
-17
14
13
-9
-5
-5
14
-12
0
24
10
-34
7
29
-33
-18
37
16
-35
-2
30
-18
-35
22
29
-23
-13
24
4
-37
-2
24
7
-34
24
21
-20
-25
21
23
-29
19
41
-26
-32
10
8
-17
17
31
-15
-16
-3
-16
-8
10
3
2
-8
-21
-1
-4
6
16
5
18
-12
-6
14
-16
-3
18
15
-22
1
19
-23
1
14
-1
4
10
-5
-6
11
-4
-7
9
16
-14
-10
14
-7
-16
10
16
-18
2
23
-17
-17
32
1
-11
12
7
-18
-1
22
-1
3
7
-6
-11
1
11
2
8
24
-32
-15
14
0
0
18
25
-26
-32
9
-1
-3
9
31
-3
-41
2
8
-19
12
43
-1
-29
-2
-5
-11
6
24
17
-18
-2
-6
0
-8
3
31
-2
-11
-2
14
-13
-12
16
24
-26
-7
15
-10
-27
12
33
-25
-14
33
-7
-38
13
21
-17
0
30
-7
-22
13
9
-11
4
2
4
-6
-17
4
4
-1
-7
11
2
-21
-3
7
6
-15
7
22
-19
-6
23
2
-10
15
21
-4
-15
16
8
-17
7
12
1
-16
2
11
-16
3
5
-2
-9
-10
1
-7
-9
4
10
0
-3
-4
-1
2
5
9
0
2
-1
-8
4
10
3
4
12
-10
-15
5
9
3
-8
8
-6
-27
9
8
-7
11
5
-7
-13
-2
1
2
11
-1
-7
-5
-4
0
9
15
7
-2
2
0
-8
5
14
5
-6
3
-3
-18
8
21
6
-4
13
12
-23
-3
18
-1
-6
4
3
-7
-10
-3
10
4
-11
5
3
-13
-4
10
3
-13
12
6
-18
2
13
-4
-12
14
4
-22
1
9
-8
-12
7
4
-17
-1
14
-1
-7
3
5
-8
-3
11
6
-5
0
4
-13
-10
12
1
-3
7
3
-5
-3
11
4
-4
8
0
-10
-1
4
1
2
11
4
-12
0
4
-10
-1
12
4
-13
-2
10
-10
-7
11
6
-12
-5
13
-1
-8
6
8
-9
-3
8
3
-1
5
11
-6
-4
5
0
-4
2
5
-6
-6
3
4
-3
5
13
0
-3
-4
5
-3
-3
11
3
-5
-4
5
0
-6
6
7
-3
-5
3
-1
-8
5
9
0
-1
5
1
-8
2
11
-3
-2
7
0
-8
-1
7
0
-1
8
3
-5
-3
3
3
-1
0
4
3
-1
1
5
1
0
3
6
2
0
5
0
-4
-3
0
-1
-4
1
-1
-8
-6
0
0
-2
1
3
-5
-4
1
1
-3
1
4
-3
-3
0
1
-1
3
5
1
-3
1
2
0
4
0
0
2
-3
2
-2
2
4
-3
2
1
0
-1
3
2
-2
-1
-1
-1
-1
0
4
1
-2
0
2
1
1
2
-1
-3
0
3
0
0
2
0
-1
2
3
0
0
2
2
0
0
2
0
-1
1
1
-1
-1
0
1
-1
0
1
1
0
0
2
2
0
0
2
2
1
1
-1
-1
-1
1
1
0
0
0
-1
1
1
-2
0
3
2
-1
2
3
-1
2
5
1
-3
0
1
0
0
2
2
0
-2
2
0
-4
0
1
-3
-2
1
0
-1
0
2
0
-2
1
2
-2
-4
0
1
-2
1
5
1
-3
1
2
-2
0
5
2
-4
-1
3
1
0
4
4
0
-1
1
1
-2
1
3
1
1
1
1
-1
2
5
1
2
5
1
0
2
2
0
0
2
3
-1
-1
4
2
-2
2
3
-1
-5
-1
0
-1
-1
-1
-2
-2
0
-1
0
-1
-1
1
0
-1
-1
2
2
1
2
0
-1
-1
3
1
-1
0
1
-1
-1
2
2
-1
2
2
-2
0
2
2
5
1
-1
2
-4
-5
2
1
-2
0
-1
-1
-4
1
3
0
3
4
0
-3
-2
0
2
-1
-1
-3
-2
0
0
2
2
2
0
0
0
-2
-1
2
1
0
0
-3
-4
-3
1
3
1
0
2
0
-2
2
4
-1
-1
3
-1
-3
3
4
-1
1
5
2
-2
0
0
-1
1
3
1
2
2
1
0
1
-1
0
1
1
-1
-1
1
-1
-2
1
4
2
-1
0
-1
-3
-3
0
0
-1
-1
1
-2
-3
0
0
0
1
-2
-2
-2
-4
0
1
-1
1
0
-5
-4
-1
0
-3
-2
1
-3
-4
2
3
-2
0
4
2
0
5
6
2
2
6
4
2
3
5
1
0
3
3
1
3
6
4
2
5
5
1
2
4
1
-1
3
3
-2
-2
0
-4
-3
0
-1
-2
-2
-1
-3
-4
-4
-3
-3
-1
0
1
1
0
0
-2
-2
-3
-2
-3
-1
0
-2
-3
0
0
-2
0
0
-1
-2
0
0
0
0
0
0
0
1
1
1
2
2
1
1
1
-1
0
0
1
2
5
4
2
4
2
0
2
1
0
0
2
1
-1
0
2
-1
-1
1
1
-2
0
1
1
0
2
2
1
-1
1
1
0
0
0
0
-1
0
0
1
0
0
0
-1
-1
-3
-4
-3
-3
-2
-2
-1
0
0
0
0
-1
-2
-4
-2
-1
-1
-2
-3
-2
-1
0
2
3
1
2
1
0
1
0
1
-1
0
2
0
0
3
3
3
4
6
2
1
3
2
-1
1
1
-4
-5
1
1
-1
1
3
1
-1
2
0
0
-1
1
1
1
2
2
3
2
1
0
0
-1
-3
-2
-1
-1
0
0
2
3
3
2
-1
-1
-1
-3
0
1
-3
-2
1
1
-3
-1
2
1
-1
1
3
1
3
2
1
2
1
0
0
1
0
-3
-2
1
-2
-4
2
1
0
0
3
1
-2
0
0
-1
-1
0
-2
-3
-1
-2
-2
1
1
1
1
4
0
-1
3
2
-1
2
4
1
2
5
2
1
4
3
1
1
2
0
-1
-1
-2
-3
-1
0
1
1
0
1
2
2
3
1
0
-2
1
1
1
0
0
1
1
-1
0
-1
-1
-2
-1
0
-1
-2
1
1
-2
-3
1
-2
-3
0
-1
-3
-2
1
-1
-3
-1
0
0
-1
0
1
1
1
1
0
1
2
2
-1
1
1
0
2
1
1
1
1
1
0
1
1
1
2
1
1
1
1
0
1
0
1
3
4
3
2
1
3
2
1
0
1
2
0
-1
0
0
0
-1
-1
0
1
-2
0
-1
0
0
0
-1
-1
-2
-2
-2
-2
-3
-2
-1
0
-1
0
-3
-4
-2
-2
-2
-2
-2
-2
0
0
0
0
0
0
0
-1
0
0
1
1
1
0
0
2
0
0
1
0
1
2
4
2
1
2
4
5
4
1
1
2
2
0
-1
0
1
0
0
0
1
2
1
0
1
1
1
1
-1
0
0
0
0
0
1
1
2
3
2
3
1
0
0
-2
-2
-2
-2
0
-2
-1
-1
-1
-1
0
2
-1
0
0
-2
-3
0
0
-1
-1
2
-1
1
0
0
2
2
1
1
1
-1
-2
1
1
-1
2
3
1
2
1
2
1
2
2
1
0
0
-1
1
1
1
1
1
0
-1
-1
-1
0
-1
-1
0
2
0
0
2
2
1
1
2
2
0
1
1
0
0
0
0
0
0
0
0
0
2
1
0
-1
-2
-2
-1
0
0
1
1
0
1
-1
0
1
1
1
1
-1
0
0
0
2
2
2
2
2
2
1
0
-1
0
1
4
4
1
0
0
0
1
1
1
0
-2
-2
-2
-1
0
1
0
2
2
2
1
1
0
0
0
-1
0
1
1
1
0
0
-1
0
0
0
0
0
-1
0
0
-1
0
0
0
1
0
0
0
0
0
0
1
0
0
0
0
0
1
0
0
0
1
1
0
0
0
0
0
0
0
0
1
1
1
0
0
-1
0
0
0
-1
-1
0
0
0
0
0
0
0
0
0
0
0
1
2
1
-1
0
2
2
1
1
1
3
1
0
-1
0
1
2
2
2
2
2
2
0
0
1
1
1
1
1
2
1
0
1
1
0
0
-1
-1
-1
0
0
1
1
1
0
1
0
0
0
0
0
-1
1
1
0
0
0
0
1
0
0
0
0
0
0
0
0
0
0
0
0
2
1
0
0
-1
-1
-1
0
0
1
1
1
1
0
0
-1
-1
-1
1
0
-1
0
0
0
1
0
1
1
1
1
1
1
0
1
1
0
1
1
1
0
2
1
1
1
1
1
1
0
0
0
0
0
0
0
-1
0
-1
0
0
0
0
0
0
0
0
0
1
0
0
0
0
0
0
0
0
0
0
0
1
0
0
0
0
0
0
0
0
0
0
1
1
2
1
1
1
1
1
1
1
2
1
1
1
0
0
0
-1
0
1
0
0
0
0
0
0
0
0
0
0
0
0
1
0
0
0
-1
0
0
-1
-3
-1
1
0
-4
-2
1
1
-1
-1
1
-1
-1
0
1
0
1
2
2
2
1
0
0
-1
0
0
0
0
0
0
0
0
0
1
0
0
0
0
1
2
2
2
2
0
1
-1
0
1
2
2
2
2
1
0
-1
0
-1
-1
0
0
0
0
0
0
0
0
0
0
-1
0
-1
1
1
0
0
-1
-1
-2
-1
0
1
1
1
1
0
0
0
0
0
0
0
0
0
-1
0
1
1
0
-1
0
1
1
1
1
1
1
1
1
0
0
0
0
0
0
0
1
1
1
1
1
1
2
1
1
0
1
0
1
1
-1
-1
-1
-1
-1
0
1
1
1
2
2
1
-1
1
0
0
-1
0
0
0
0
0
0
0
0
0
0
0
0
0
0
0
0
1
0
0
-1
0
0
0
0
0
0
1
0
0
-1
-1
0
0
0
0
-1
0
0
0
0
0
1
0
0
1
0
1
0
0
0
0
0
0
-1
0
0
0
0
0
0
1
0
0
0
0
0
0
-1
-1
0
-1
0
0
0
0
0
0
0
0
0
0
0
0
0
0
-1
0
0
0
0
1
0
0
0
0
0
0
0
0
0
0
-1
1
-1
0
-1
-1
-1
0
1
2
2
3
2
2
0
0
0
1
-1
0
0
0
0
0
0
0
0
0
0
-1
0
0
0
0
1
1
0
1
0
0
0
0
0
0
0
0
0
0
-1
-1
-1
-1
0
0
0
0
0
-1
0
0
0
0
0
-1
0
-1
0
1
0
0
1
0
0
-1
0
-1
0
0
0
-1
0
1
-1
0
0
0
0
-1
0
1
0
-1
1
1
0
1
-1
0
0
1
0
0
-1
1
0
0
1
0
0
0
0
1
0
0
0
0
1
0
-1
0
-1
0
1
0
1
-1
0
1
0
0
0
0
0
-1
0
0
0
0
0
0
0
0
0
0
-1
0
1
0
1
0
-1
0
0
1
0
0
0
0
0
0
-1
0
-1
0
0
0
0
0
0
0
1
0
1
0
0
0
0
0
-1
0
0
0
0
0
-1
0
0
0
0
0
0
1
0
0
0
0
1
0
0
0
0
0
0
0
0
0
-1
0
1
0
0
0
0
0
0
0
0
0
0
0
0
0
0
0
-1
1
0
0
0
-1
0
0
0
1
0
0
0
-1
0
0
0
0
1
1
0
1
0
0
-1
0
-1
0
0
0
0
0
0
0
0
0
0
0
0
0
1
0
0
0
0
0
0
0
0
0
0
0
0
0
0
0
0
0
0
1
0
0
0
1
0
0
0
0
0
0
0
0
1
1
0
0
1
0
0
0
0
0
1
0
0
-1
1
0
-1
-1
0
0
0
0
0
1
0
1
0
0
0
1
0
-1
0
-1
0
0
-1
0
0
0
-1
0
0
0
0
0
0
0
0
1
-1
0
0
0
0
-1
0
0
0
0
0
1
0
0
0
0
0
0
0
0
1
1
0
0
0
0
0
0
0
0
0
1
0
-1
0
0
0
0
0
0
0
0
0
0
1
0
1
1
1
0
0
0
0
0
0
0
0
0
0
0
0
-1
0
0
0
-1
0
-1
0
0
0
0
0
0
0
-1
1
0
1
0
0
0
0
1
1
0
-1
0
1
-1
0
0
0
0
0
0
0
0
0
0
0
0
0
1
-1
0
0
0
0
0
0
0
-1
0
-1
0
0
0
0
0
-1
0
1
0
0
0
1
0
0
0
0
0
0
0
0
0
0
0
0
0
0
1
0
1
0
-1
-1
-1
0
0
0
0
0
0
0
-1
0
0
1
-1
0
1
0
0
0
0
0
0
0
-1
0
0
0
0
0
0
0
0
0
0
0
0
0
0
0
0
0
0
0
0
0
0
1
0
1
0
0
0
1
0
0
-1
1
0
-1
0
0
-1
0
0
0
0
-1
0
0
0
0
1
0
0
0
1
0
0
1
-1
0
0
0
0
0
0
-1
0
1
0
0
0
1
-1
0
0
0
-1
0
0
0
-1
0
1
0
-1
0
0
-1
-1
0
0
0
0
-1
-1
-1
0
0
0
0
0
0
0
0
0
1
0
-1
0
1
0
1
0
0
0
-1
0
0
0
0
0
0
-1
1
0
0
0
0
1
0
0
0
-1
0
1
0
0
0
0
0
0
0
0
0
0
-1
1
-1
0
1
0
0
0
0
0
0
0
0
0
0
0
0
0
0
0
1
0
0
0
0
-1
1
0
0
0
0
0
0
0
0
0
0
0
0
-1
0
0
0
-1
0
0
1
1
0
0
0
0
-1
0
1
0
-1
0
0
0
0
-1
0
0
0
0
0
-1
-1
0
0
0
0
1
0
0
0
0
-1
0
0
0
0
0
0
0
0
1
0
-1
0
0
-1
0
0
0
0
0
0
0
0
0
0
0
1
0
0
0
0
-1
-1
0
-1
0
0
0
-1
0
0
0
0
1
1
-1
0
0
-1
-1
0
0
-1
0
0
-1
0
0
-1
1
-1
0
0
-1
1
1
0
0
0
-1
-1
1
0
1
0
2
2
0
-1
-1
-2
-2
-1
-1
-1
-1
0
0
1
1
1
1
1
0
1
1
0
1
1
2
1
1
2
1
1
1
2
1
1
1
1
1
2
3
0
1
1
0
1
0
-1
0
0
0
0
1
0
1
2
2
2
2
0
0
0
0
0
1
2
1
1
0
0
0
1
1
1
0
0
-1
-1
-1
1
1
1
1
1
-1
-1
-1
-2
-2
0
-1
0
0
0
2
3
2
2
1
-1
1
0
0
0
2
3
2
3
1
1
2
3
2
2
1
0
0
-1
0
1
2
1
1
1
0
-1
-1
0
0
2
1
2
0
0
0
0
-1
0
0
0
0
0
-1
0
0
0
1
1
0
0
-1
0
0
1
0
0
-1
1
0
1
1
0
-1
-1
-1
-1
-1
0
1
1
1
1
0
0
1
0
0
0
-1
0
1
0
0
1
-1
0
-1
-1
0
0
0
1
1
0
0
-1
-2
-2
-2
1
0
2
2
1
1
0
0
1
0
1
1
0
1
1
1
1
1
2
1
0
1
1
1
2
3
3
2
3
2
0
0
0
0
0
0
0
0
1
1
1
1
0
0
0
-1
-1
-1
-1
-1
-1
-1
-2
-2
-2
-1
0
2
2
2
2
2
1
2
0
1
1
-1
-1
-2
-2
-1
-1
0
0
0
0
-1
-1
0
-1
1
0
0
0
-2
-2
0
1
1
3
4
3
2
2
2
2
3
3
2
1
1
1
0
0
0
0
-1
-1
-1
-1
0
0
0
0
-1
-1
-1
-2
-1
-1
0
1
1
0
0
0
0
1
1
1
0
0
1
1
1
1
3
3
1
1
0
-2
-2
-2
-2
-2
-2
-2
-2
-2
-1
-1
-1
0
0
0
0
0
1
0
1
1
3
2
2
1
4
3
3
3
2
1
1
0
1
1
2
0
2
1
0
-2
-1
-1
-1
0
-1
-2
-1
-1
0
0
0
1
0
0
-2
-1
-1
0
0
1
2
2
2
2
1
1
1
1
1
2
1
0
0
1
1
0
0
0
0
0
-2
-1
-2
-1
0
-1
-1
-1
0
1
0
0
0
0
0
-1
-1
1
1
1
1
0
1
2
1
2
1
1
1
1
0
1
0
0
-1
0
0
0
0
0
0
0
0
-1
0
0
0
1
0
1
0
-1
0
0
-1
-1
-1
0
2
2
2
2
2
2
0
1
0
0
0
0
0
0
-1
-1
-2
-1
-1
0
0
0
0
0
0
-2
-1
-2
-1
-1
0
1
2
2
2
0
1
0
0
1
1
1
1
1
1
1
2
2
3
2
1
1
0
0
1
1
2
3
1
0
0
-2
-1
-1
0
1
1
1
0
0
0
1
2
2
1
-1
0
0
-1
1
2
3
2
2
1
-1
-1
0
0
1
1
1
0
0
0
1
0
0
-1
0
0
0
0
-1
0
2
0
0
-1
-1
0
0
2
2
2
2
1
0
0
1
0
0
0
0
0
-1
0
0
0
0
0
1
0
0
0
0
0
0
0
1
0
-1
0
-1
1
0
0
0
0
-1
0
-1
0
0
0
0
-1
1
0
0
0
1
0
-1
0
1
1
1
0
0
0
-1
-1
-1
-1
0
1
0
1
1
0
0
1
-1
0
0
-1
0
0
0
0
0
1
1
0
0
0
-1
-1
0
0
0
1
0
0
0
0
0
0
1
0
0
-1
0
0
1
0
0
0
0
0
1
0
0
-1
0
0
0
0
0
0
0
0
1
0
0
0
0
0
0
0
0
1
0
0
0
0
0
0
-1
0
0
0
0
1
0
0
1
0
0
1
2
0
1
0
1
1
1
2
1
0
0
0
0
0
-1
0
0
0
0
-1
0
0
0
0
0
0
0
0
0
0
0
0
0
0
-1
0
0
0
0
-1
-1
-2
-2
-3
-2
-2
-3
-2
-2
-1
0
1
3
4
6
8
9
10
10
11
12
12
13
13
14
14
13
13
13
14
13
14
13
13
13
13
13
13
12
12
13
12
11
10
9
9
10
10
11
9
6
5
5
4
3
2
1
0
1
1
0
-2
-3
-4
-4
-4
-5
-6
-9
-10
-10
-8
-9
-10
-11
-11
-11
-11
-9
-9
-9
-8
-8
-7
-6
-6
-6
-6
-7
-8
-9
-8
-8
-8
-9
-10
-9
-8
-8
-7
-6
-6
-5
-5
-6
-6
-7
-6
-7
-7
-6
-5
-5
-5
-3
-5
-3
-2
-3
-1
0
1
2
3
4
5
5
7
6
6
5
6
5
8
8
8
9
9
7
8
8
8
9
9
9
8
9
9
9
9
9
9
10
10
9
9
11
11
11
11
10
11
9
8
8
8
7
5
5
4
3
2
1
1
1
1
0
0
-2
-2
-4
-4
-3
-6
-4
-6
-7
-7
-7
-7
-5
-5
-5
-6
-6
-7
-7
-8
-7
-10
-10
-12
-13
-14
-14
-15
-14
-14
-13
-13
-12
-10
-11
-9
-9
-8
-8
-7
-6
-5
-2
-1
1
3
4
4
4
4
4
5
5
6
5
5
3
5
4
5
5
6
5
4
3
3
1
1
0
1
1
1
0
0
2
2
4
3
3
5
5
6
6
7
7
6
6
6
6
5
7
6
7
6
6
6
5
4
4
5
4
4
3
1
1
0
1
1
2
3
1
1
1
1
1
1
1
1
1
0
0
-1
0
0
1
1
1
-1
0
-1
-3
-2
-2
-4
-3
-4
-4
-5
-5
-6
-7
-7
-6
-6
-6
-8
-7
-8
-7
-7
-6
-6
-6
-7
-5
-6
-5
-4
-4
-5
-2
-3
-3
-2
0
-2
0
0
1
1
2
2
2
3
3
4
4
3
4
4
4
5
5
5
5
4
5
5
5
4
5
5
4
5
4
3
4
3
3
2
1
1
1
0
0
0
-1
-1
-2
-1
0
0
0
0
0
0
-1
0
0
1
-1
1
1
0
0
1
2
2
2
2
3
3
1
2
1
3
3
2
1
0
0
0
0
1
1
1
1
1
-1
0
-1
-2
-1
-2
-2
-2
-3
-3
-2
-2
-4
-5
-5
-5
-6
-7
-6
-7
-5
-6
-6
-7
-7
-6
-6
-6
-3
-3
-2
-1
0
-2
-1
1
1
2
3
2
3
4
5
4
4
5
6
6
6
6
6
7
7
6
6
6
7
6
4
4
4
3
3
3
2
2
2
1
-1
0
0
0
1
-1
-2
-2
-2
0
-2
-1
-2
-2
-2
-3
-1
-1
-1
-2
-1
-1
0
0
0
0
1
0
2
1
1
2
1
1
1
1
1
1
1
1
0
0
0
0
1
0
1
-1
-1
-1
-1
-1
-1
-1
1
0
-1
-1
-1
-2
-3
-1
-2
-2
-3
-2
-2
-1
-3
-1
-2
-2
-1
-1
-1
-1
-1
-1
0
1
1
1
1
0
0
0
0
0
2
3
3
3
2
2
1
1
2
2
2
1
2
1
2
2
2
3
2
1
2
2
2
3
2
2
1
1
1
1
1
1
1
-1
1
2
-1
0
0
0
0
0
-1
-1
-2
-2
-2
-2
-2
-2
-3
-2
-2
-2
-1
-1
-1
0
0
-1
0
0
1
2
1
1
0
0
0
0
0
0
0
1
1
0
0
-1
-1
0
-1
-1
-1
-1
-1
-1
0
0
0
0
0
0
1
0
0
1
2
2
1
1
1
1
1
1
1
1
2
2
2
1
1
1
1
1
1
0
-1
1
0
1
1
1
0
0
0
0
0
1
2
2
2
2
1
0
0
0
0
0
1
1
1
0
-1
0
1
0
0
0
0
1
-1
-2
-1
-1
-1
-1
-1
0
-1
-2
-1
-1
-1
-1
-1
-1
0
0
-1
0
0
0
0
1
0
0
0
0
0
-1
1
1
0
0
0
0
1
0
0
0
0
0
0
0
0
0
-1
-1
-1
0
-2
-1
-1
-1
0
0
1
1
1
1
1
1
1
1
0
0
0
1
0
-1
0
0
0
0
-1
0
0
0
0
0
0
-1
0
0
-1
0
0
0
-1
1
0
0
0
0
0
0
0
0
0
0
0
0
0
-1
0
-1
0
0
0
0
0
0
0
0
0
1
0
0
0
0
0
0
0
0
0
0
0
1
0
0
0
0
0
0
0
0
0
-1
0
0
1
0
0
0
0
0
0
0
1
0
0
0
0
0
0
-1
0
1
0
0
0
0
0
0
0
0
-1
0
0
0
0
0
0
0
0
1
0
-1
0
1
0
0
-1
0
0
0
0
-1
0
0
0
0
1
0
0
0
0
0
0
0
0
-1
0
0
0
0
0
0
0
0
0
1
0
0
0
0
0
1
0
0
1
0
1
-1
0
0
0
0
0
0
0
0
-1
0
-1
-1
0
0
0
0
0
0
0
0
0
0
-1
0
-1
0
0
0
0
0
0
-1
0
0
0
0
0
0
0
0
0
0
0
0
0
0
0
0
0
1
1
0
-1
0
0
0
0
0
0
0
0
0
0
0
0
0
0
0
0
1
0
0
0
0
0
1
0
0
0
0
0
0
0
-1
-1
0
0
0
0
0
-1
-1
0
0
0
-1
1
0
0
-1
0
0
0
0
0
0
0
0
0
0
0
0
0
0
0
0
1
0
0
-1
0
0
0
0
0
0
1
0
0
-1
-1
0
0
0
0
-1
0
0
0
0
0
1
0
0
1
0
1
0
0
0
0
0
0
-1
0
0
0
0
0
0
1
0
0
0
0
0
0
-1
-1
0
-1
0
0
0
0
0
0
0
0
0
0
0
0
0
0
-1
0
0
0
0
1
0
0
0
0
0
0
0
0
0
0
-1
1
-1
0
0
0
0
0
0
0
0
1
0
1
0
0
0
1
-1
0
0
0
0
0
0
0
0
0
0
-1
0
0
0
0
1
1
0
1
0
0
0
0
0
0
0
0
0
0
-1
-1
-1
-1
0
0
0
0
0
-1
0
0
0
0
0
-1
0
-1
0
1
0
0
1
0
0
-1
0
-1
0
0
0
-1
0
1
-1
0
0
0
0
-1
0
1
0
-1
1
1
0
1
-1
0
0
1
0
0
-1
1
0
0
1
0
0
0
0
1
0
0
0
0
1
0
-1
0
-1
0
1
0
1
-1
0
1
0
0
0
0
0
-1
0
0
0
0
0
0
0
0
0
0
-1
0
1
0
1
0
-1
0
0
1
0
0
0
0
0
0
-1
0
-1
0
0
0
0
0
0
0
1
0
1
0
0
0
0
0
-1
0
0
0
0
0
-1
0
0
0
0
0
0
1
0
0
0
0
1
0
0
0
0
0
0
0
0
0
-1
0
1
0
0
0
0
0
0
0
0
0
0
0
0
0
0
0
-1
1
0
0
0
-1
0
0
0
1
0
0
0
-1
0
0
0
0
1
1
0
1
0
0
-1
0
-1
0
0
0
0
0
0
0
0
0
0
0
0
0
1
0
0
0
0
0
0
0
0
0
0
0
0
0
0
0
0
0
0
1
0
0
0
1
0
0
0
0
0
0
0
0
1
1
0
0
1
0
0
0
0
0
1
0
0
-1
1
0
-1
-1
0
0
0
0
0
1
0
1
0
0
0
1
0
-1
0
-1
0
0
-1
0
0
0
-1
0
0
0
0
0
0
0
0
1
-1
0
0
0
0
-1
0
0
0
0
0
1
0
0
0
0
0
0
0
0
1
1
0
0
0
0
0
0
0
0
0
1
0
-1
0
0
0
0
0
0
0
0
0
0
1
0
1
1
1
0
0
0
0
0
0
0
0
0
0
0
0
-1
0
0
0
-1
0
-1
0
0
0
0
0
0
0
-1
1
0
1
0
0
0
0
1
1
0
-1
0
1
-1
0
0
0
0
0
0
0
0
0
0
0
0
0
1
-1
0
0
0
0
0
0
0
-1
0
-1
0
0
0
0
0
-1
0
1
0
0
0
1
0
0
0
0
0
0
0
0
0
0
0
0
0
0
1
0
1
0
-1
-1
-1
0
0
0
0
0
0
0
-1
0
0
1
-1
0
1
0
0
0
0
0
0
0
-1
0
0
0
0
0
0
0
0
0
0
0
0
0
0
0
0
0
0
0
0
0
0
1
0
1
0
0
0
1
0
0
-1
1
0
-1
0
0
-1
0
0
0
0
-1
0
0
0
0
1
0
0
0
1
0
0
1
-1
0
0
0
0
0
0
-1
0
1
0
0
0
1
-1
0
0
0
-1
0
0
0
-1
0
1
0
-1
0
0
-1
-1
0
0
0
0
-1
-1
-1
0
0
0
0
0
0
0
0
0
1
0
-1
0
1
0
1
0
0
0
-1
0
0
0
0
0
0
-1
1
0
0
0
0
1
0
0
0
-1
0
1
0
0
0
0
0
0
0
0
0
0
-1
1
-1
0
1
0
0
0
0
0
0
0
0
0
0
0
0
0
0
0
1
0
0
0
0
-1
1
0
0
0
0
0
0
0
0
0
0
0
0
-1
0
0
0
-1
0
0
1
1
0
0
0
0
-1
0
1
0
-1
0
0
0
0
-1
0
0
0
0
0
-1
-1
0
0
0
0
1
0
0
0
0
-1
0
0
0
0
0
0
0
0
1
0
-1
0
0
-1
0
0
0
0
0
0
0
0
0
0
0
1
0
0
0
0
-1
-1
0
-1
0
0
0
-1
0
0
0
0
1
1
-1
0
0
-1
-1
0
0
-1
0
0
-1
0
0
-1
1
-1
0
0
-1
0
0
0
0
0
0
0
1
0
0
-1
1
1
0
0
0
0
0
0
0
0
0
1
0
0
0
0
0
0
-1
0
0
-1
0
0
1
0
0
1
0
0
0
1
0
0
0
0
0
0
1
-1
0
0
0
1
0
-1
0
0
0
0
0
-1
0
0
0
0
1
0
0
1
0
0
0
1
0
0
0
0
0
1
0
0
0
0
0
0
0
1
0
0
0
0
-1
0
0
-1
-1
0
-1
0
0
0
1
1
0
0
0
-1
1
0
0
0
0
1
0
1
0
0
1
1
0
0
0
0
0
-1
0
0
0
-1
0
0
1
0
0
0
0
1
0
1
0
0
0
0
-1
0
0
0
0
0
-1
0
0
0
1
1
0
0
-1
0
0
1
0
0
-1
1
0
0
0
0
-1
0
0
0
0
0
0
0
0
0
0
0
1
0
0
0
-1
0
1
0
0
1
-1
0
-1
-1
0
0
0
0
0
0
0
0
-1
0
-1
1
0
1
1
0
0
0
0
0
0
0
0
0
0
0
0
0
0
1
0
-1
0
0
0
0
0
0
-1
0
0
-1
0
0
0
0
0
0
0
1
1
0
0
0
0
0
0
0
-1
0
0
0
0
0
0
-1
-1
0
0
0
0
0
1
0
1
-1
0
0
-1
0
0
0
1
0
0
0
0
0
0
0
1
0
1
0
0
0
-1
-1
0
0
0
0
1
0
-1
0
0
0
0
1
0
-1
0
0
0
0
0
1
0
0
0
0
0
0
0
0
0
0
1
0
0
0
0
0
0
0
0
0
0
0
0
0
-1
-1
0
0
0
0
0
0
-1
0
0
-1
0
0
0
0
0
0
0
0
0
0
0
0
0
0
0
0
0
-1
0
0
1
0
0
-1
1
0
0
0
0
0
0
0
0
0
0
-1
1
0
0
-1
0
0
0
1
0
-1
0
0
0
0
0
0
0
1
-1
0
-1
0
-1
-1
0
0
0
1
0
0
0
0
0
1
0
-1
-1
0
0
0
0
0
0
0
-1
0
-1
0
1
0
0
0
0
1
0
0
0
0
0
-1
-1
0
0
0
0
-1
0
1
0
1
0
0
0
0
-1
0
0
0
-1
0
0
0
0
0
0
0
0
-1
0
0
0
1
0
1
0
-1
0
1
0
0
-1
0
0
0
0
0
0
1
0
1
0
0
0
0
0
1
0
1
0
0
0
1
0
0
0
0
0
-1
0
0
0
0
0
0
0
0
0
-1
0
0
0
0
0
0
0
0
0
0
1
0
1
0
0
1
0
0
1
0
0
1
0
0
1
0
0
0
0
0
0
0
0
0
0
0
1
0
0
-1
0
0
-1
0
-1
0
0
1
1
0
0
0
-1
0
0
0
0
0
0
1
0
0
-1
0
0
0
0
-1
0
1
0
0
0
0
0
-1
0
0
0
0
0
0
0
1
0
0
0
0
0
-1
0
0
0
0
0
1
0
0
0
0
0
0
0
1
0
-1
0
-1
1
0
0
0
0
-1
0
-1
0
0
0
0
-1
1
0
0
0
1
0
-1
0
1
1
0
-1
0
0
0
0
0
0
0
0
-1
0
0
0
0
1
-1
0
0
-1
0
0
0
0
0
1
1
0
0
0
-1
-1
0
0
0
1
0
0
0
0
0
0
1
0
0
-1
0
0
1
0
0
0
0
0
1
0
0
-1
0
0
0
0
0
0
0
0
1
0
0
0
0
0
0
0
0
1
0
0
0
0
0
0
-1
0
0
0
0
1
0
0
1
0
0
0
1
-1
0
-1
0
0
0
1
0
0
0
0
0
0
1
0
0
0
0
0
0
0
0
0
-1
0
0
0
1
0
0
0
1
0
0
0
0
0
0
0
0
0
0
1
0
1
0
-1
0
0
-1
0
0
0
-1
0
0
0
-1
0
-1
1
-1
1
0
0
0
0
0
1
0
1
0
0
0
0
0
0
0
0
0
0
0
1
0
0
-1
0
0
0
0
0
0
0
0
0
0
-1
0
0
1
0
0
-1
0
0
0
0
0
0
0
0
-1
0
1
0
0
0
0
1
0
0
0
0
0
-1
0
0
-1
0
0
0
0
0
0
0
0
0
0
0
1
1
1
1
0
0
-1
1
0
0
0
0
0
0
0
0
0
0
0
0
1
0
0
1
0
1
0
0
1
0
0
0
0
1
0
0
-1
0
0
1
1
0
0
-1
0
-1
-1
0
0
0
1
1
0
-1
0
1
0
0
0
0
1
0
1
-1
0
1
0
0
0
-1
0
0
0
1
0
-1
0
-1
-1
0
0
1
0
0
0
1
1
0
0
1
1
-1
0
-1
0
0
0
1
0
0
0
0
-1
0
0
-1
0
0
-1
-1
1
0
0
0
0
-1
0
1
0
0
0
-1
1
0
1
0
1
-1
0
0
0
-1
0
0
0
0
0
0
0
0
0
0
0
0
0
0
0
0
0
1
0
0
0
0
1
0
0
0
0
0
0
0
0
0
0
0
0
0
0
0
0
0
0
0
0
1
0
0
0
0
-1
0
0
1
0
0
0
0
0
-1
0
0
0
0
0
0
-1
0
0
-1
0
0
0
-1
0
0
0
0
-1
0
0
0
0
0
0
0
0
0
0
0
0
0
0
0
-1
0
0
0
-1
0
-1
0
-1
0
0
0
0
1
0
0
0
0
-1
1
0
0
0
0
0
1
0
0
0
0
0
0
1
0
0
0
0
-1
0
-1
0
0
0
0
0
0
0
0
0
0
0
0
0
0
0
0
0
1
0
1
1
0
1
0
0
0
0
0
1
0
1
0
0
0
1
0
0
-1
0
0
1
0
-1
0
0
0
0
-1
-1
1
0
0
1
0
0
1
0
0
0
-1
1
0
0
0
0
0
0
-1
0
0
0
0
0
0
0
0
0
0
0
0
0
0
0
0
0
0
0
0
-1
0
-1
0
-1
0
0
0
0
0
-1
0
-1
1
0
0
0
0
0
-1
0
-1
0
-1
0
0
0
0
-1
0
-1
0
1
0
0
0
0
0
0
1
0
0
0
0
0
0
-1
0
0
0
0
0
0
0
0
1
0
1
1
0
0
0
0
0
0
0
0
0
0
1
0
1
0
0
0
0
0
0
0
1
0
0
0
1
0
1
1
0
0
0
0
-1
0
0
1
0
0
0
0
0
0
0
0
0
0
0
0
0
-1
0
0
0
0
0
0
0
0
0
-1
0
1
0
0
0
0
0
0
0
-1
1
0
0
0
1
0
1
0
0
0
0
0
0
0
-1
0
1
0
0
0
1
0
0
0
0
-1
1
1
0
0
1
0
0
0
0
0
0
0
0
-1
0
0
0
0
1
0
0
0
0
0
0
-1
-1
1
0
0
1
0
0
-1
0
-1
1
0
1
0
0
0
0
1
-1
0
0
0
0
0
0
0
0
0
0
0
0
0
0
-1
0
0
0
0
1
0
0
0
0
0
0
0
0
-1
0
0
0
-1
0
0
1
0
-1
0
0
0
0
1
1
1
0
0
-1
0
0
-1
0
0
0
0
-1
0
0
0
0
0
0
1
0
0
0
0
0
1
0
0
0
0
0
0
0
-1
1
-1
0
-1
0
0
0
0
-1
0
0
0
0
0
0
0
0
0
1
0
0
0
0
0
0
0
0
0
0
0
0
0
0
-1
0
0
0
1
0
0
0
0
-1
0
-1
0
1
0
0
1
0
0
0
0
0
0
0
0
0
0
1
-1
0
-1
0
0
-1
0
0
0
0
-1
0
0
0
0
0
1
0
0
0
0
0
0
0
-1
0
0
0
0
0
0
-1
0
0
0
0
0
0
-1
0
-1
0
0
0
0
1
0
0
0
0
0
0
0
0
0
0
0
0
1
0
0
0
0
1
0
-1
0
1
0
0
0
0
0
0
0
-1
-1
0
0
0
1
0
-1
0
0
-1
0
0
0
-1
0
0
1
0
0
0
0
0
0
1
0
0
0
0
1
0
0
0
1
1
0
0
0
0
0
0
1
0
1
0
0
0
1
0
0
0
-1
1
1
0
-1
0
0
0
0
0
0
0
0
0
0
0
1
0
1
0
0
0
0
0
-1
0
1
0
0
-1
0
-1
0
0
-1
0
0
0
0
0
0
0
0
0
0
0
0
0
0
0
0
0
0
0
0
0
0
0
0
0
0
0
0
0
0
0
0
0
-1
0
0
0
0
0
0
0
-1
0
0
0
0
0
0
0
0
0
0
0
0
0
0
0
0
0
0
0
0
0
0
1
-1
0
0
0
0
0
0
0
1
0
0
0
0
0
-1
0
0
0
0
0
0
0
0
0
0
-1
-1
-1
-1
0
-1
0
0
0
0
0
0
-1
-1
0
-1
0
0
0
-1
0
0
0
0
0
0
0
1
0
0
0
0
0
0
0
0
0
0
1
1
0
0
0
0
0
0
0
0
0
0
0
1
0
0
0
0
0
1
1
0
0
0
0
0
-1
0
0
0
0
0
0
1
0
0
1
0
0
0
1
0
0
1
0
1
1
0
0
0
0
0
0
0
0
0
0
1
0
1
1
-1
0
0
0
0
0
0
0
0
0
0
0
1
0
0
1
0
0
0
1
0
0
0
-1
0
0
0
0
0
0
0
0
0
0
1
0
0
0
-1
-1
0
0
0
0
0
0
0
0
0
0
-1
0
1
0
0
0
0
0
0
0
-1
0
1
0
0
0
0
-1
0
-1
-1
0
0
0
0
1
0
0
0
0
0
0
0
0
1
1
0
1
-1
0
0
0
0
0
0
0
0
0
0
0
0
0
0
0
0
0
0
0
0
0
0
0
0
0
0
0
0
-1
1
0
1
0
0
1
0
0
0
0
0
1
-1
0
0
0
0
0
1
0
0
-1
0
0
0
0
1
0
0
1
-1
-1
0
0
0
0
0
0
0
0
0
0
0
-1
0
0
0
1
0
0
0
0
1
0
-1
-1
0
0
0
-1
0
0
0
0
0
-1
0
0
0
0
-1
0
0
0
0
0
0
0
0
0
0
0
0
0
0
-1
0
0
0
0
0
0
0
0
0
1
0
-1
0
0
0
0
0
0
0
0
0
0
0
0
0
0
0
0
0
0
0
-1
0
0
0
0
0
0
0
0
0
0
0
0
0
1
0
0
0
0
0
0
0
1
0
0
0
1
1
0
0
0
-1
1
1
0
0
0
0
0
0
0
1
0
0
0
1
0
0
0
0
0
-1
0
0
0
0
0
0
0
0
0
0
-1
-1
-1
0
0
0
0
-1
0
0
0
0
0
0
0
0
0
1
0
1
0
0
0
0
0
0
1
-1
0
1
-1
0
0
0
0
0
0
0
-1
0
0
0
-1
0
-1
0
0
0
0
0
-1
0
0
0
0
0
0
-1
0
0
0
0
0
0
0
0
-1
-1
0
0
0
0
0
1
0
0
0
0
0
-1
0
0
0
0
0
0
0
0
0
1
0
1
0
0
1
-1
1
0
0
0
-1
-1
0
0
0
-1
0
-1
0
0
0
-1
0
0
0
0
1
0
0
0
0
0
0
1
0
1
0
0
0
0
0
0
1
0
0
0
1
1
0
0
0
0
0
0
0
0
-1
1
0
0
0
0
0
0
0
1
0
0
-1
0
0
0
-1
-1
0
0
1
0
-1
0
0
0
0
0
0
-1
-1
0
0
-1
1
0
1
0
0
0
0
0
0
1
0
0
0
-1
0
0
0
0
0
1
-1
0
0
0
0
0
0
0
0
0
1
0
0
0
0
0
0
-1
0
0
-1
0
0
-1
0
0
0
0
0
0
0
0
1
0
0
-1
1
0
0
-1
-1
0
0
0
1
-1
0
0
0
-1
1
0
0
0
1
-1
0
0
0
0
0
0
0
0
0
0
0
-1
0
0
0
0
0
0
0
0
0
0
1
-1
0
0
-1
1
0
0
0
0
0
0
0
0
0
0
0
0
0
0
-1
0
0
0
0
0
0
0
-1
0
0
0
-1
0
0
-1
-1
0
0
0
0
0
1
1
-1
0
-1
0
0
0
0
0
0
0
0
1
0
0
0
0
-1
1
0
0
1
0
0
0
0
0
1
1
0
0
0
0
0
-1
0
-1
1
0
1
0
0
1
0
0
1
0
0
0
1
-1
-1
1
0
0
0
-1
0
0
1
0
0
0
0
0
0
-1
0
0
0
-1
0
0
1
1
-1
0
0
0
0
0
0
0
0
0
-1
1
0
0
1
0
0
0
0
1
-1
0
0
0
0
-1
1
0
0
-1
0
0
0
0
0
-1
0
-1
1
0
0
1
0
0
0
0
0
0
0
0
-1
0
0
0
1
0
1
0
0
0
0
-1
0
0
1
1
0
0
0
-1
-1
0
0
0
-1
0
0
1
0
1
0
0
1
0
0
1
0
0
0
0
0
0
0
0
0
0
0
-1
1
0
0
0
0
0
0
0
0
0
0
-1
0
-1
0
0
0
0
0
-1
0
0
0
1
0
0
0
0
0
0
0
0
0
-1
1
1
-1
0
0
0
0
0
0
0
0
0
0
0
0
0
-1
0
0
0
0
0
0
0
0
-1
0
0
0
0
-1
0
-1
0
0
0
0
0
-1
0
0
-1
0
0
0
1
0
0
0
0
0
0
1
0
0
0
0
0
1
0
0
0
1
1
0
0
0
0
0
0
0
0
1
1
1
0
0
-1
0
0
0
-1
-1
0
0
0
0
0
0
0
0
0
0
0
0
0
0
0
0
0
0
0
0
0
1
1
1
0
-1
0
0
0
0
0
0
1
-1
-1
0
0
0
0
0
1
0
-1
0
0
0
0
0
0
0
0
-1
0
0
0
0
1
0
0
0
0
0
-1
1
1
0
0
0
0
1
0
0
0
0
0
0
0
0
0
0
0
0
1
0
0
0
0
0
0
1
0
0
0
0
0
0
0
0
0
0
1
0
-1
0
0
0
0
-1
0
0
0
0
0
0
-1
0
0
-1
0
0
0
-1
1
0
0
0
0
0
0
0
0
0
0
0
0
0
-1
0
-1
0
0
0
0
0
0
0
0
0
1
0
0
0
0
0
0
0
0
0
0
0
1
0
0
0
0
0
0
0
0
0
-1
0
0
1
0
0
0
0
0
0
0
1
0
0
0
0
0
0
-1
0
1
0
0
0
0
0
0
0
0
-1
0
0
0
0
0
0
0
0
1
0
-1
0
1
0
0
-1
0
0
0
0
-1
0
0
0
0
1
0
0
0
0
0
0
0
0
-1
0
0
0
0
0
0
0
0
0
1
0
0
0
0
0
1
0
0
1
0
1
-1
0
0
0
0
0
0
0
0
-1
0
-1
-1
0
0
0
0
0
0
0
0
0
0
-1
0
-1
0
0
0
0
0
0
-1
0
0
0
0
0
0
0
0
0
0
0
0
0
0
0
0
0
1
1
0
-1
0
0
0
0
0
0
0
0
0
0
0
0
0
0
0
0
1
0
0
0
0
0
1
0
0
0
0
0
0
0
-1
-1
0
0
0
0
0
-1
-1
0
0
0
-1
1
0
0
-1
0
0
0
0
0
0
0
0
0
0
0
0
0
0
0
0
1
0
0
-1
0
0
0
0
0
0
1
0
0
-1
-1
0
0
0
0
-1
0
0
0
0
0
1
0
0
1
0
1
0
0
0
0
0
0
-1
0
0
0
0
0
0
1
0
0
0
0
0
0
-1
-1
0
-1
0
0
0
0
0
0
0
0
0
0
0
0
0
0
-1
0
0
0
0
1
0
0
0
0
0
0
0
0
0
0
-1
1
-1
0
0
0
0
0
0
0
0
1
0
1
0
0
0
1
-1
0
0
0
0
0
0
0
0
0
0
-1
0
0
0
0
1
1
0
1
0
0
0
0
0
0
0
0
0
0
-1
-1
-1
-1
0
0
0
0
0
-1
0
0
0
0
0
-1
0
-1
0
1
0
0
1
0
0
-1
0
-1
0
0
0
-1
0
1
-1
0
0
0
0
-1
0
1
0
-1
1
1
0
1
-1
0
0
1
0
0
-1
1
0
0
1
0
0
0
0
1
0
0
0
0
1
0
-1
0
-1
0
1
0
1
-1
0
1
0
0
0
0
0
-1
0
0
0
0
0
0
0
0
0
0
-1
0
1
0
1
0
-1
0
0
1
0
0
0
0
0
0
-1
0
-1
0
0
0
0
0
0
0
1
0
1
0
0
0
0
0
-1
0
0
0
0
0
-1
0
0
0
0
0
0
1
0
0
0
0
1
0
0
0
0
0
0
0
0
0
-1
0
1
0
0
0
0
0
0
0
0
0
0
0
0
0
0
0
-1
1
0
0
0
-1
0
0
0
1
0
0
0
-1
0
0
0
0
1
1
0
1
0
0
-1
0
-1
0
0
0
0
0
0
0
0
0
0
0
0
0
1
0
0
0
0
0
0
0
0
0
0
0
0
0
0
0
0
0
0
1
0
0
0
1
0
0
0
0
0
0
0
0
1
1
0
0
1
0
0
0
0
0
1
0
0
-1
1
0
-1
-1
0
0
0
0
0
1
0
1
0
0
0
1
0
-1
0
-1
0
0
-1
0
0
0
-1
0
0
0
0
0
0
0
0
1
-1
0
0
0
0
-1
0
0
0
0
0
1
0
0
0
0
0
0
0
0
1
1
0
0
0
0
0
0
0
0
0
1
0
-1
0
0
0
0
0
0
0
0
0
0
1
0
1
1
1
0
0
0
0
0
0
0
0
0
0
0
0
-1
0
0
0
-1
0
-1
0
0
0
0
0
0
0
-1
1
0
1
0
0
0
0
1
1
0
-1
0
1
-1
0
0
0
0
0
0
0
0
0
0
0
0
0
1
-1
0
0
0
0
0
0
0
-1
0
-1
0
0
0
0
0
-1
0
1
0
0
0
1
0
0
0
0
0
0
0
0
0
0
0
0
0
0
1
0
1
0
-1
-1
-1
0
0
0
0
0
0
0
-1
0
0
1
-1
0
1
0
0
0
0
0
0
0
-1
0
0
0
0
0
0
0
0
0
0
0
0
0
0
0
0
0
0
0
0
0
0
1
0
1
0
0
0
1
0
0
-1
1
0
-1
0
0
-1
0
0
0
0
-1
0
0
0
0
1
0
0
0
1
0
0
1
-1
0
0
0
0
0
0
-1
0
1
0
0
0
1
-1
0
0
0
-1
0
0
0
-1
0
1
0
-1
0
0
-1
-1
0
0
0
0
-1
-1
-1
0
0
0
0
0
0
0
0
0
1
0
-1
0
1
0
1
0
0
0
-1
0
0
0
0
0
0
-1
1
0
0
0
0
1
0
0
0
-1
0
1
0
0
0
0
0