Transition Matrix:
5.9280593306e-001 4.0719406694e-001 0.0000000000e+000 0.0000000000e+000 0.0000000000e+000 
0.0000000000e+000 5.8237182499e-001 4.1762817501e-001 0.0000000000e+000 0.0000000000e+000 
0.0000000000e+000 0.0000000000e+000 9.4129611837e-001 5.8703881633e-002 0.0000000000e+000 
0.0000000000e+000 0.0000000000e+000 0.0000000000e+000 8.9047353436e-001 1.0952646564e-001 
0.0000000000e+000 0.0000000000e+000 0.0000000000e+000 0.0000000000e+000 1.0000000000e+000 

Emission Matrix:
1.0000000000e-015 1.0000000000e-015 8.3333333333e-003 2.5000000000e-002 2.5588089105e-002 1.0000000000e-015 4.1074262415e-002 2.1439597480e-001 1.0000000000e-015 1.0000000000e-015 1.0000000000e-015 1.0000000000e-015 1.0000000000e-015 1.0000000000e-015 1.0000000000e-015 1.0000000000e-015 1.0000000000e-015 1.0000000000e-015 1.0000000000e-015 1.0000000000e-015 1.9827600094e-001 6.4896983413e-002 8.6133102730e-002 7.2802843130e-002 1.0000000000e-015 1.0000000000e-015 1.0000000000e-015 3.3333333333e-002 1.0000000000e-015 1.0000000000e-015 1.0000000000e-015 2.3016607680e-001 
1.0000000000e-015 1.0000000000e-015 1.0000000000e-015 1.0000000000e-015 1.0000000000e-015 1.0000000000e-015 5.5499755706e-002 5.7460954929e-002 1.0000000000e-015 1.0000000000e-015 1.0000000000e-015 4.0880499029e-002 1.0000000000e-015 1.0000000000e-015 1.3797121846e-002 1.0000000000e-015 1.0000000000e-015 1.3206498427e-002 3.0032270257e-002 1.0000000000e-015 9.9532739511e-002 5.5736839445e-001 5.1485785489e-002 7.7720759413e-002 1.0000000000e-015 1.0000000000e-015 1.0000000000e-015 1.0000000000e-015 1.0000000000e-015 1.0000000000e-015 1.0000000000e-015 3.0152209411e-003 
1.0000000000e-015 1.0000000000e-015 1.0000000000e-015 4.6747784562e-003 1.0000000000e-015 1.0000000000e-015 2.6376438925e-003 1.7225949277e-001 1.0000000000e-015 1.0000000000e-015 1.0000000000e-015 1.8270702997e-003 1.0000000000e-015 1.0000000000e-015 1.0000000000e-015 4.6747784360e-003 4.6747784562e-003 9.9594410726e-003 1.0000000000e-015 1.0000000000e-015 2.3910557610e-001 1.5084215774e-001 6.7493997826e-002 8.7415355852e-002 1.0000000000e-015 1.0000000000e-015 6.6666666650e-003 1.0000000000e-015 1.0000000000e-015 1.0000000000e-015 2.4336756349e-002 2.2343150607e-001 
1.0000000000e-015 1.0324770826e-015 1.0000000000e-015 2.4943937803e-002 1.0000000000e-015 1.0000000000e-015 3.2701737596e-003 1.3888888889e-003 1.0000000000e-015 2.4023224635e-003 1.0000000000e-015 1.9536498980e-002 4.5506928195e-002 1.1244542162e-001 1.4306018721e-001 1.0837812815e-001 1.4373256959e-003 4.7225203902e-003 2.3484001835e-002 6.0566488820e-002 1.0000000000e-015 8.4143842246e-003 1.2187537524e-002 1.1595049515e-001 5.0000000000e-003 1.7543860084e-003 1.5910232389e-002 1.5831839031e-002 1.3391600649e-001 6.4659115217e-002 6.9970022265e-002 5.2631578947e-003 
4.5428347246e-002 6.0872754397e-002 8.1718570085e-002 1.0838958233e-001 4.3281193860e-002 8.4560591225e-003 5.8588707923e-002 8.4054744342e-002 1.0000000000e-015 1.0416666667e-003 7.4131274131e-003 1.3260641849e-002 1.0416666667e-003 2.0022026325e-003 1.3348017550e-003 3.4915253918e-003 1.1828810533e-002 3.2286155198e-003 3.2295437351e-002 1.3602105737e-003 1.0731530098e-001 8.3380967006e-002 4.3588727168e-002 5.8902583021e-002 1.0000000000e-015 1.0000000000e-015 1.0000000000e-015 9.1605778301e-003 2.0833333333e-003 1.0000000000e-015 8.8659813002e-003 1.1761386370e-001 

Initial Probabilities:
1.0000000000e+000 0.0000000000e+000 0.0000000000e+000 0.0000000000e+000 0.0000000000e+000 
