Transition Matrix:
5.2387477357e-001 4.7612522643e-001 0.0000000000e+000 0.0000000000e+000 0.0000000000e+000 
0.0000000000e+000 7.3089994389e-001 2.6910005611e-001 0.0000000000e+000 0.0000000000e+000 
0.0000000000e+000 0.0000000000e+000 9.4347820277e-001 5.6521797233e-002 0.0000000000e+000 
0.0000000000e+000 0.0000000000e+000 0.0000000000e+000 9.4339865819e-001 5.6601341806e-002 
0.0000000000e+000 0.0000000000e+000 0.0000000000e+000 0.0000000000e+000 1.0000000000e+000 

Emission Matrix:
1.0000000000e-015 6.6666666667e-002 2.3376349541e-002 1.1218879682e-001 1.0000000000e-015 1.0000000000e-015 3.3333333333e-002 7.2222222222e-002 1.0000000000e-015 1.0000000000e-015 1.0000000000e-015 9.5238096076e-003 1.0000000000e-015 1.0000000000e-015 1.0000000000e-015 1.7730230007e-001 5.0000034340e-002 1.3803461043e-002 7.8692331895e-002 4.4964124371e-002 1.9563385512e-002 5.0000000661e-002 2.1883030655e-002 9.2290379467e-002 1.0000000000e-015 1.0000000000e-015 1.0000000000e-015 2.5759685315e-002 1.2500000000e-002 1.0000000000e-015 8.2041163821e-002 1.3888924654e-002 
3.8834244758e-002 3.0783205000e-003 1.9962755820e-002 9.1719378844e-003 2.5793216510e-002 1.0000000000e-015 9.5313801328e-003 6.8078540198e-002 1.0000000000e-015 1.0000000000e-015 1.0000000000e-015 4.6777392490e-003 1.0000000000e-015 4.6777392490e-003 8.4799442936e-003 4.5682529280e-002 1.0000000000e-015 7.5287073563e-003 1.0830096399e-001 1.0692263893e-001 8.4130752738e-002 8.4684802091e-002 5.3988148477e-002 1.0123198065e-001 1.0000000000e-015 1.0000000000e-015 1.0000000000e-015 1.4831153444e-002 1.3675140179e-002 4.2486750259e-002 8.6745099063e-002 5.7505514947e-002 
1.0000000000e-015 1.0000000000e-015 3.3333333333e-002 1.0000000000e-015 1.0000000000e-015 1.0000000000e-015 1.0000000000e-015 1.5433989766e-001 1.0000000000e-015 1.0000000000e-015 1.0000000000e-015 1.3516017030e-002 1.0000000000e-015 1.0000000000e-015 1.0000000000e-015 1.8088109629e-015 1.0000000000e-015 1.0000000000e-015 1.0000000000e-015 1.0000000000e-015 2.5428413579e-001 1.6064250515e-001 8.8247003493e-002 8.9120031339e-002 1.0000000000e-015 1.0000000000e-015 3.2533152898e-003 1.6165193388e-002 1.0000000000e-015 1.2424500677e-003 8.7081143565e-003 1.7714800311e-001 
6.1163274714e-002 3.6832341263e-001 1.0587389122e-001 2.2227118197e-001 9.9676486465e-004 1.0000000000e-015 3.3068166298e-002 1.7363331832e-002 1.0000000000e-015 1.0000000000e-015 5.1728225261e-003 7.4279176217e-003 1.0000000000e-015 1.0000000000e-015 1.0000000000e-015 3.1366997272e-002 5.3366557568e-002 7.5471318172e-003 5.8935583327e-002 2.8693528694e-003 7.0425420503e-014 1.0000000000e-015 1.0000000000e-015 1.0015045797e-003 1.0000000000e-015 1.0000000000e-015 1.0000000000e-015 1.5774480060e-002 1.0000000000e-015 1.0000000000e-015 1.0000000000e-015 7.4776288325e-003 
1.2445829778e-002 1.1422539985e-002 1.9067291519e-002 1.8346825369e-002 7.6173499703e-003 7.5776082910e-004 1.3840482196e-002 1.2175751975e-001 1.0000000000e-015 1.0000000000e-015 2.2222222222e-003 4.7171208499e-003 1.0000000000e-015 2.7836816110e-003 8.5614593887e-003 6.2900079645e-002 3.4100596760e-003 1.7149061203e-002 3.9635674128e-002 5.2312866863e-002 1.7031098137e-001 9.3359320709e-002 6.5729536834e-002 8.0766277729e-002 1.0000000000e-015 1.0000000000e-015 4.3370210037e-003 1.3773009291e-002 5.5196655910e-003 1.3514818943e-002 5.7933967195e-002 9.5807576348e-002 

Initial Probabilities:
1.0000000000e+000 0.0000000000e+000 0.0000000000e+000 0.0000000000e+000 0.0000000000e+000 
