Transition Matrix:
6.3589108839e-001 3.6410891161e-001 0.0000000000e+000 0.0000000000e+000 0.0000000000e+000 
0.0000000000e+000 9.3861773164e-001 6.1382268357e-002 0.0000000000e+000 0.0000000000e+000 
0.0000000000e+000 0.0000000000e+000 7.1550615950e-001 2.8449384050e-001 0.0000000000e+000 
0.0000000000e+000 0.0000000000e+000 0.0000000000e+000 8.3215199354e-001 1.6784800646e-001 
0.0000000000e+000 0.0000000000e+000 0.0000000000e+000 0.0000000000e+000 1.0000000000e+000 

Emission Matrix:
1.0000000000e-015 1.0000000000e-015 1.0000000000e-015 1.0000000000e-015 9.5238095238e-003 9.5238095238e-003 4.7619047619e-003 1.0973680575e-001 1.0000000000e-015 1.0000000000e-015 1.0000000000e-015 1.0000000000e-015 1.0000000000e-015 1.0000000000e-015 1.0000000000e-015 1.0000000000e-015 1.0000000000e-015 1.0000000000e-015 1.0000000000e-015 1.0000000000e-015 2.8482554900e-001 1.5011776184e-001 1.0620901552e-001 1.7187600440e-001 1.0000000000e-015 1.0000000000e-015 1.0000000000e-015 1.0000000000e-015 1.5841731913e-002 1.0000000000e-015 7.3691490412e-003 1.3021445873e-001 
1.0000000000e-015 1.0000000000e-015 1.0000000000e-015 1.0000000000e-015 1.0000000000e-015 1.0000000000e-015 1.7450944995e-003 1.6184694709e-001 1.0000000000e-015 1.5411011727e-003 1.0000000000e-015 1.8601737330e-003 1.0000000000e-015 1.0000000000e-015 3.3153605165e-003 1.0000000000e-015 1.0000000000e-015 1.0000000000e-015 1.0000000000e-015 1.0000000000e-015 2.3168437974e-001 2.2510275575e-001 8.6895993763e-002 6.3671749198e-002 1.0000000000e-015 1.0000000000e-015 1.0000000000e-015 1.0000000000e-015 1.0000000000e-015 1.6576802583e-003 4.9423760783e-003 2.1573638820e-001 
1.0000000000e-015 1.0000000000e-015 1.0000000000e-015 1.0000000000e-015 1.0000000000e-015 1.0000000000e-015 1.0000000000e-015 4.5341610340e-002 1.0000000000e-015 1.1939846490e-001 1.0000000000e-015 1.0000000000e-015 3.3338749844e-003 1.0000000000e-015 1.0000000000e-015 1.0000000000e-015 1.0000000000e-015 1.0000000000e-015 6.7001207316e-003 1.0000000000e-015 9.7253776140e-003 5.1219810199e-002 3.0278855950e-002 1.1532064455e-001 1.3299686827e-001 1.5683166401e-001 1.5253305913e-001 1.0000000000e-015 4.0033454065e-002 1.0000000000e-015 1.2555333993e-002 1.2373086126e-001 
1.0000000000e-015 3.7037037037e-003 1.0000000000e-015 1.0000000000e-015 1.0000000000e-015 1.0000000000e-015 9.9420592560e-003 1.0000000000e-015 1.0000000000e-015 3.5757134385e-003 1.0000000000e-015 2.1035402165e-002 1.0000000000e-015 1.0000000000e-015 2.7777777778e-003 1.0903069360e-001 1.0000000000e-015 1.0301301709e-002 3.5964644634e-002 1.1406929116e-002 3.3333369925e-002 1.0000000000e-015 4.5223152726e-004 4.5887445887e-002 2.4635016913e-002 4.1272693764e-003 2.6101252694e-001 8.1300835119e-003 1.0000000000e-015 3.9215686275e-003 4.1075684714e-001 5.4147512439e-006 
1.0000000000e-015 2.0011947431e-003 7.9183444460e-002 5.8308243880e-003 1.3672306541e-001 1.8769052133e-001 8.2817273408e-002 5.2543945386e-002 1.0000000000e-015 1.0517700226e-002 9.0090090090e-004 3.7067322364e-002 1.0000000000e-015 9.0595227261e-004 1.0000000000e-015 7.4704998450e-002 8.1749082652e-004 8.8997697299e-003 2.4687185987e-002 3.2955172378e-002 6.6238582744e-002 8.0181376234e-002 2.0745394248e-002 2.8919750811e-002 1.0000000000e-015 1.0000000000e-015 8.2707197850e-004 1.0000000000e-015 7.3689368866e-004 1.0000000000e-015 1.4750015934e-002 4.9354152101e-002 

Initial Probabilities:
1.0000000000e+000 0.0000000000e+000 0.0000000000e+000 0.0000000000e+000 0.0000000000e+000 
