Transition Matrix:
6.4884206611e-001 3.5115793389e-001 0.0000000000e+000 0.0000000000e+000 0.0000000000e+000 
0.0000000000e+000 5.7177644549e-001 4.2822355451e-001 0.0000000000e+000 0.0000000000e+000 
0.0000000000e+000 0.0000000000e+000 9.3843739220e-001 6.1562607796e-002 0.0000000000e+000 
0.0000000000e+000 0.0000000000e+000 0.0000000000e+000 9.2009679201e-001 7.9903207995e-002 
0.0000000000e+000 0.0000000000e+000 0.0000000000e+000 0.0000000000e+000 1.0000000000e+000 

Emission Matrix:
5.5555555556e-003 1.0000000000e-015 2.2222222222e-002 1.0000000000e-015 1.0000000000e-015 1.0000000000e-015 1.6666666667e-002 2.4742857774e-001 1.0000000000e-015 1.0000000000e-015 1.0000000000e-015 4.7619047619e-003 1.6666666667e-002 1.0000000000e-015 1.0000000000e-015 1.0000000000e-015 1.0000000000e-015 1.6666666667e-002 5.5555555556e-003 1.0000000000e-015 1.6368062078e-001 5.5492408837e-002 7.8863505690e-002 8.8117723185e-002 1.0000000000e-015 1.0000000000e-015 4.0000000000e-002 3.3333333333e-002 1.0000000000e-015 1.0000000000e-015 3.3333333333e-002 1.7165525900e-001 
1.0000000000e-015 1.0000000000e-015 1.0000000000e-015 4.1666666667e-003 1.0000000000e-015 1.3333333333e-002 1.0000000000e-015 1.0265073253e-001 1.0000000000e-015 1.0000000000e-015 1.0000000000e-015 1.0000000000e-015 1.0000000000e-015 1.0000000000e-015 1.0276884355e-002 1.0000000000e-015 1.0000000000e-015 1.0000000000e-015 6.3676385903e-002 9.7957713239e-002 6.5050548397e-002 2.4443691170e-001 7.6168849938e-002 5.6390279113e-002 1.0000000000e-015 1.0000000000e-015 2.9615275006e-002 2.4196180817e-002 1.0000000000e-015 2.0553768709e-002 5.5058997803e-002 1.3646747249e-001 
1.0000000000e-015 1.0000000000e-015 1.0000000000e-015 1.0000000000e-015 1.0000000000e-015 1.0000000000e-015 1.9445093773e-003 1.6165790482e-001 1.0000000000e-015 1.0000000000e-015 1.0000000000e-015 1.0000000000e-015 1.0000000000e-015 1.0000000000e-015 1.0000000000e-015 1.0000000000e-015 1.0000000000e-015 1.9618014973e-003 3.2328447981e-003 6.1751283279e-004 2.8100172793e-001 1.3846692666e-001 8.6881622347e-002 9.1733938713e-002 1.0000000000e-015 1.0000000000e-015 1.0000000000e-015 1.0000000000e-015 1.0000000000e-015 3.2714473877e-002 5.6655052010e-003 1.9412123194e-001 
1.0000000000e-015 1.1490853786e-003 3.3103625511e-002 2.3811014571e-002 1.3747819304e-001 4.1710371400e-002 6.5209563671e-002 1.3360303701e-003 1.0000000000e-015 1.0000000000e-015 3.9604833375e-003 2.5490239588e-002 1.0000000000e-015 4.3478260870e-003 1.0579710145e-002 8.5032887027e-002 1.0000000000e-015 1.7219738525e-002 9.9086950275e-002 2.2414769431e-001 4.2739196008e-003 1.2190516850e-002 3.1873402604e-002 1.9971312034e-002 7.8450373691e-002 1.0000000000e-015 1.0000000000e-015 1.0000000000e-015 3.6500146278e-002 7.8965051973e-003 3.5180410517e-002 1.0000000000e-015 
8.9181286550e-003 2.9797203635e-002 1.4062891126e-001 1.7093791629e-001 4.5610502535e-002 5.3224862718e-002 3.7745673110e-002 4.9052979598e-002 1.0000000000e-015 6.4564564565e-003 9.8039215686e-004 1.5996108145e-002 1.0000000000e-015 1.0000000000e-015 1.0000000000e-015 9.4266812874e-004 5.5569855570e-003 9.2009420276e-004 2.5082177684e-002 3.8095238095e-003 9.9397851177e-002 5.6093859965e-002 2.9456795621e-002 4.6628487568e-002 1.0000000000e-015 9.2009420276e-004 2.6315789474e-003 7.2918114930e-002 1.0000000000e-015 6.3659147870e-003 2.1567181100e-002 6.8359537763e-002 

Initial Probabilities:
1.0000000000e+000 0.0000000000e+000 0.0000000000e+000 0.0000000000e+000 0.0000000000e+000 
