Transition Matrix:
6.7858245458e-001 3.2141754542e-001 0.0000000000e+000 0.0000000000e+000 0.0000000000e+000 
0.0000000000e+000 9.2613430449e-001 7.3865695508e-002 0.0000000000e+000 0.0000000000e+000 
0.0000000000e+000 0.0000000000e+000 5.6656480048e-001 4.3343519952e-001 0.0000000000e+000 
0.0000000000e+000 0.0000000000e+000 0.0000000000e+000 8.7006546390e-001 1.2993453610e-001 
0.0000000000e+000 0.0000000000e+000 0.0000000000e+000 0.0000000000e+000 1.0000000000e+000 

Emission Matrix:
1.0000000000e-015 1.0000000000e-015 1.0000000000e-015 1.6666666659e-002 1.0000000000e-015 1.0000000000e-015 1.0000000000e-015 4.7859046016e-002 1.0000000000e-015 1.0000000000e-015 1.0000000000e-015 3.3750728524e-002 1.0256410256e-002 1.0256410256e-002 1.0000000000e-015 1.0000000000e-015 1.0000000000e-015 1.0000000000e-015 1.0000000000e-015 3.3333333333e-003 2.1090248430e-001 2.0524597193e-001 1.0022280830e-001 1.0340765198e-001 2.3890318815e-002 1.0000000000e-015 1.0000000000e-015 1.0000000000e-015 3.7516224205e-002 1.0000000000e-015 5.3116890412e-002 1.4357505500e-001 
1.0000000000e-015 1.0000000000e-015 1.0000000000e-015 1.0000000000e-015 1.0000000000e-015 1.0000000000e-015 1.0000000000e-015 2.0940552530e-001 1.0000000000e-015 1.0000000000e-015 1.0000000000e-015 1.0000000000e-015 1.0000000000e-015 1.0000000000e-015 3.5341732993e-003 1.0000000000e-015 1.0000000000e-015 1.0000000000e-015 1.5242992695e-002 1.0000000000e-015 2.4267919200e-001 1.9406009094e-001 5.5933377168e-002 6.4057236791e-002 1.5315619553e-003 1.0000000000e-015 1.0000000000e-015 2.7777777788e-003 6.2632737700e-003 5.5596408572e-003 3.7722694308e-002 1.6123246313e-001 
1.0370277995e-002 3.7037037041e-003 1.0000000000e-015 6.6666897530e-003 2.5453617985e-001 1.6048236603e-001 8.1897569554e-002 7.6570933551e-002 8.6937957136e-003 3.7037024515e-002 7.1265938342e-002 8.7301540445e-002 1.0000000000e-015 1.0000000000e-015 1.0000000000e-015 1.0000000000e-015 1.0000000000e-015 1.0000000000e-015 1.0000000000e-015 1.0000000000e-015 7.6319451381e-002 1.5584451261e-002 2.0296872257e-002 1.2758069609e-002 1.0000000000e-015 1.0000000000e-015 9.0909090909e-003 8.3333332577e-003 3.3333333333e-002 3.0303030303e-003 2.2727257330e-002 1.0000000000e-015 
4.3922334139e-002 1.1868828517e-002 1.0000000000e-015 7.3167431924e-002 5.5555124170e-003 2.6458590371e-003 1.3674363555e-002 3.3333333333e-003 2.6461043507e-002 4.8753854088e-001 2.7777777778e-003 1.3017630428e-012 1.0570562583e-015 1.0000000000e-015 1.0000000000e-015 1.0000000000e-015 8.3338881983e-003 2.1426592287e-001 1.5562442802e-002 1.7090303480e-002 3.3333333333e-002 1.0000000000e-015 1.0000000000e-015 1.0000000000e-015 6.8006907119e-003 1.7001726780e-002 1.0000000000e-015 1.6666666734e-002 1.0000000000e-015 1.0000000000e-015 1.0000000000e-015 1.0000000000e-015 
1.0000000000e-015 4.4048930671e-003 2.3506539413e-003 2.1224836401e-002 4.4067571074e-003 2.2137429193e-003 1.6845816561e-002 5.4935648616e-002 1.5755948088e-002 2.3550578080e-002 1.0398880188e-002 9.7694448198e-002 6.6042177600e-002 1.9856272549e-001 7.9311433863e-003 2.6214017831e-002 1.6848865614e-001 7.9505675672e-003 5.2797065553e-003 8.8863039989e-003 8.3707108660e-002 5.4108501196e-002 4.0817210635e-002 1.9652732016e-002 7.0921985816e-004 1.3733977865e-003 7.0921985816e-004 1.0000000000e-015 7.6285771208e-003 1.0000000000e-015 1.3568529992e-002 3.4588001136e-002 

Initial Probabilities:
1.0000000000e+000 0.0000000000e+000 0.0000000000e+000 0.0000000000e+000 0.0000000000e+000 
