Transition Matrix:
5.2462640891e-001 4.7537359109e-001 0.0000000000e+000 0.0000000000e+000 0.0000000000e+000 
0.0000000000e+000 6.7157333922e-001 3.2842666078e-001 0.0000000000e+000 0.0000000000e+000 
0.0000000000e+000 0.0000000000e+000 9.4382173440e-001 5.6178265605e-002 0.0000000000e+000 
0.0000000000e+000 0.0000000000e+000 0.0000000000e+000 8.9934373333e-001 1.0065626667e-001 
0.0000000000e+000 0.0000000000e+000 0.0000000000e+000 0.0000000000e+000 1.0000000000e+000 

Emission Matrix:
1.0000000000e-015 1.0000000000e-015 1.0000000000e-015 1.0000000000e-015 1.2163826936e-001 8.3333333329e-002 1.4985801346e-002 1.2576930851e-001 1.0000000000e-015 1.0000000000e-015 3.9583333333e-002 1.0000000000e-015 1.0000000000e-015 1.0000000000e-015 1.0000000000e-015 1.0000000000e-015 1.0000000000e-015 1.0000000000e-015 2.3859019949e-002 4.1286339983e-002 3.6130321720e-002 1.8909457052e-001 1.2113799818e-001 5.4603207226e-002 1.0000000000e-015 1.0000000000e-015 1.0000000000e-015 1.0000000000e-015 1.0000000000e-015 4.0469606234e-002 1.0000000000e-015 1.0810889030e-001 
1.0000000000e-015 1.0000000000e-015 1.0000000000e-015 1.0000000000e-015 1.5483948293e-012 5.8304057454e-003 1.6939002541e-001 8.1736073217e-002 1.0000000000e-015 1.0000000000e-015 1.0000000000e-015 1.0000000000e-015 1.0000000000e-015 1.0000000000e-015 8.1605667843e-003 1.0000000000e-015 1.0000000000e-015 1.0000000000e-015 1.0000000000e-015 1.0000000000e-015 1.4284934857e-001 1.1685871286e-001 5.8336309329e-002 6.4171940003e-002 1.0000000000e-015 1.0000000000e-015 1.0000000000e-015 1.0000000000e-015 1.0000000000e-015 1.0334690977e-001 1.7566153170e-002 2.3175355515e-001 
1.0000000000e-015 1.0000000000e-015 1.0000000000e-015 1.0000000000e-015 1.0000000000e-015 1.0000000000e-015 1.0000000000e-015 1.6088734614e-001 1.0000000000e-015 1.0000000000e-015 1.0000000000e-015 8.5533883616e-003 1.0000000000e-015 3.3442417303e-003 1.0000000000e-015 1.0000000000e-015 1.0000000000e-015 1.0000000000e-015 1.0000000000e-015 4.5439655383e-003 2.1625602782e-001 1.6750580132e-001 8.7329174266e-002 1.1683459792e-001 1.0000000000e-015 1.0000000000e-015 1.0000000000e-015 1.0000000000e-015 1.0000000000e-015 1.0000000000e-015 1.1244235202e-002 2.2350122170e-001 
1.0000000000e-015 1.8518518518e-003 1.0000000000e-015 1.9607843137e-003 1.4308498519e-002 1.0000000000e-015 6.5390749601e-003 3.7155649289e-003 6.8365238660e-001 1.5873015873e-003 5.8303225265e-002 3.3609737963e-002 1.3539961068e-002 7.3218901743e-002 7.0084943873e-003 1.2784077056e-002 1.0000000000e-015 1.0000000000e-015 1.9607843137e-003 6.8203349260e-002 1.7543859649e-003 1.0000000000e-015 1.0000000000e-015 4.7846889963e-003 1.0000000000e-015 1.0000000000e-015 1.0000000000e-015 1.0000000000e-015 1.0000000000e-015 1.5873015873e-003 7.4074074074e-003 2.2222222268e-003 
1.0000000000e-015 1.0000000000e-015 3.8461538462e-003 1.0000000000e-015 1.0941115738e-001 2.4458886261e-002 3.2056686503e-002 7.9306346956e-002 1.3333333333e-003 1.0000000000e-015 2.4051110342e-001 1.9401324407e-002 3.3333333333e-003 1.3333333333e-003 4.3903538427e-003 1.0000000000e-015 1.0000000000e-015 1.0000000000e-015 3.8461538462e-003 1.2820512821e-003 1.2002615023e-001 9.7666500063e-002 4.3184750854e-002 5.8643798243e-002 1.0000000000e-015 1.0000000000e-015 1.0000000000e-015 1.0000000000e-015 6.0000000000e-003 4.2473470829e-002 1.5660087213e-002 9.1835024823e-002 

Initial Probabilities:
1.0000000000e+000 0.0000000000e+000 0.0000000000e+000 0.0000000000e+000 0.0000000000e+000 
