Transition Matrix:
8.2800222799e-001 1.7199777201e-001 0.0000000000e+000 0.0000000000e+000 0.0000000000e+000 
0.0000000000e+000 8.3839071708e-001 1.6160928292e-001 0.0000000000e+000 0.0000000000e+000 
0.0000000000e+000 0.0000000000e+000 3.7807991819e-001 6.2192008181e-001 0.0000000000e+000 
0.0000000000e+000 0.0000000000e+000 0.0000000000e+000 8.8115257447e-001 1.1884742553e-001 
0.0000000000e+000 0.0000000000e+000 0.0000000000e+000 0.0000000000e+000 1.0000000000e+000 

Emission Matrix:
1.0000000000e-015 1.0000000000e-015 1.0000000000e-015 1.0000000000e-015 1.0000000000e-015 1.0000000000e-015 1.0000000000e-015 2.4216176547e-001 1.0000000000e-015 1.0000000000e-015 1.0000000000e-015 1.0000000000e-015 1.0000000000e-015 1.0000000000e-015 1.0000000000e-015 1.0000000000e-015 1.0000000000e-015 1.0000000000e-015 1.0000000000e-015 1.0000000000e-015 1.9295052362e-001 2.0287380322e-001 8.2216659699e-002 9.1425591569e-002 1.0000000000e-015 1.0000000000e-015 2.2682949333e-003 1.0000000000e-015 1.0000000000e-015 1.0000000000e-015 1.0000000000e-015 1.8610336149e-001 
1.0000000000e-015 1.0000000000e-015 1.0000000000e-015 1.0000000000e-015 1.0000000000e-015 1.0000000000e-015 1.0000000000e-015 9.7889537310e-002 1.0000000000e-015 1.0000000000e-015 1.0000000000e-015 1.0000000000e-015 1.0000000000e-015 1.0000000000e-015 1.0000000000e-015 1.0000000000e-015 1.0000000000e-015 1.0000000000e-015 1.0000000000e-015 1.0000000000e-015 1.4040879510e-001 1.2713031033e-001 8.5217928477e-002 1.4176587607e-001 1.0000000000e-015 1.0000000000e-015 1.0000000000e-015 1.0000000000e-015 3.0868188072e-002 5.4117328524e-003 3.5553006508e-002 3.3575462529e-001 
1.0000000000e-015 1.0000000000e-015 1.0000000000e-015 1.0000000000e-015 1.0000000000e-015 1.0000000000e-015 1.0000000000e-015 1.4846856925e-001 1.0000000000e-015 1.5833333333e-001 1.0000000000e-015 1.0000000000e-015 1.0000000000e-015 1.0000000000e-015 1.0000000000e-015 1.0000000000e-015 1.0000000000e-015 1.0000000000e-015 1.0000000000e-015 1.0000000000e-015 1.0079333806e-001 1.1998865702e-001 1.0602904094e-001 2.3809523810e-003 1.7887948579e-001 1.0000000000e-015 4.2183512087e-011 1.0000000000e-015 1.0000000000e-015 3.3333333333e-002 3.8888890010e-002 1.1290439984e-001 
1.0000000000e-015 5.1632234311e-003 1.0000000000e-015 3.7037037037e-003 1.0000000000e-015 1.0000000000e-015 1.0000000000e-015 1.0000000000e-015 1.0000000000e-015 2.7777777778e-003 1.0000000000e-015 1.0000000000e-015 1.0000000000e-015 1.0000000000e-015 1.0000000000e-015 1.0000000000e-015 1.0000000000e-015 1.0000000000e-015 1.0000000000e-015 1.0000000000e-015 1.0000000000e-015 1.0000000000e-015 1.0000000000e-015 1.0000000000e-015 1.7530317430e-001 6.4182433327e-001 1.7122778751e-001 1.0000000000e-015 1.0000000000e-015 1.0000000000e-015 1.0000000000e-015 1.0000000000e-015 
1.0000000000e-015 1.1895431601e-003 2.3952215516e-003 2.3843481330e-003 1.0000000000e-015 3.8923307346e-003 1.0000000000e-015 5.6174018069e-002 1.0000000000e-015 7.8955648075e-003 1.0000000000e-015 1.0000000000e-015 1.0000000000e-015 1.0000000000e-015 7.8728075598e-004 4.8827883069e-003 1.3556012847e-002 2.2610444733e-001 4.8382047291e-003 1.0000000000e-015 5.5061908326e-002 6.1030893714e-002 2.5465014579e-002 3.9419841969e-002 2.0904688349e-001 1.1841851504e-001 1.7051995727e-002 1.0000000000e-015 3.0664393369e-003 3.5603935590e-002 1.5680737401e-002 9.6054074402e-002 

Initial Probabilities:
1.0000000000e+000 0.0000000000e+000 0.0000000000e+000 0.0000000000e+000 0.0000000000e+000 
